index_chain,old_nt_resnum,nt_position,nt_name,nt_code,nt_align_code,is_A,is_C,is_G,is_U,is_other,dbn,paired,nb_interact,pair_type_LW,pair_type_DSSR,alpha,beta,gamma,delta,epsilon,zeta,epsilon_zeta,chi,bb_type,glyco_bond,form,ssZp,Dp,eta,theta,eta_prime,theta_prime,eta_base,theta_base,v0,v1,v2,v3,v4,amplitude,phase_angle,puckering
1,1,0.01,U,U,U,0,0,0,1,0,(,119,1,cWW,cW-W,,3.05,0.85,1.47,3.73,4.90,5.11,3.38,BI,anti,A,4.53,4.61,,3.68,,3.72,,4.11,0.05,5.84,0.65,5.65,0.36,38.09,0.24,C3'-endo
2,2,0.02,G,G,G,0,0,1,0,0,(,118,1,cWW,cW-W,5.22,3.05,0.85,1.47,3.73,4.90,5.11,3.38,BI,anti,A,4.53,4.62,2.96,3.68,3.15,3.72,3.76,4.17,0.06,5.83,0.65,5.66,0.36,38.06,0.24,C3'-endo
3,3,0.03,C,C,C,0,1,0,0,0,(,117,1,cWW,cW-W,5.23,3.05,0.85,1.47,3.73,4.90,5.11,3.38,BI,anti,A,4.54,4.61,2.96,3.68,3.15,3.72,3.82,4.13,0.06,5.83,0.65,5.65,0.36,38.14,0.24,C3'-endo
4,4,0.03,C,C,C,0,1,0,0,0,(,116,1,cWW,cW-W,5.22,3.05,0.86,1.47,3.73,4.90,5.11,3.38,BI,anti,A,4.53,4.62,2.96,3.68,3.15,3.72,3.77,4.10,0.06,5.84,0.64,5.66,0.36,37.90,0.24,C3'-endo
5,5,0.04,U,U,U,0,0,0,1,0,(,115,1,cWW,cW-W,5.23,3.05,0.85,1.47,3.73,4.89,5.12,3.37,BI,anti,A,4.53,4.62,2.96,3.68,3.15,3.72,3.74,4.12,0.05,5.84,0.65,5.65,0.37,38.13,0.25,C3'-endo
6,6,0.05,G,G,G,0,0,1,0,0,(,114,1,cWW,cW-W,5.23,3.05,0.85,1.47,3.73,4.90,5.12,3.37,BI,anti,A,4.53,4.62,2.96,3.68,3.15,3.72,3.76,4.13,0.05,5.84,0.64,5.66,0.36,37.96,0.24,C3'-endo
7,7,0.06,G,G,G,0,0,1,0,0,(,113,1,cWW,cW-W,5.22,3.05,0.86,1.47,3.73,4.90,5.11,3.37,BI,anti,A,4.53,4.62,2.96,3.68,3.15,3.72,3.78,4.17,0.05,5.84,0.64,5.66,0.36,37.95,0.24,C3'-endo
8,8,0.07,C,C,C,0,1,0,0,0,(,112,1,cWW,cW-W,5.22,3.05,0.85,1.47,3.73,4.90,5.11,3.38,BI,anti,A,4.53,4.62,2.96,3.68,3.15,3.72,3.82,4.09,0.06,5.83,0.64,5.66,0.36,37.88,0.23,C3'-endo
9,9,0.07,G,G,G,0,0,1,0,0,.,111,1,cWW,cW-W,5.22,3.05,0.86,1.47,3.73,4.90,5.11,3.38,BI,anti,A,4.53,4.62,2.96,3.68,3.15,3.72,3.74,4.13,0.06,5.84,0.65,5.66,0.36,38.06,0.24,C3'-endo
10,10,0.08,G,G,G,0,0,1,0,0,(,110,1,cWW,cW-W,5.22,3.05,0.85,1.47,5.89,2.14,3.75,3.37,..,anti,.,3.61,4.07,3.60,2.80,3.66,2.23,4.09,1.78,0.06,5.84,0.64,5.66,0.36,37.98,0.24,C3'-endo
11,11,0.09,C,C,C,0,1,0,0,0,.,,0,,,2.12,1.98,4.74,5.95,4.78,2.36,2.42,3.52,BII,anti,.,4.03,4.85,3.12,5.49,2.57,5.69,2.36,5.85,0.05,5.84,0.64,5.66,0.36,37.98,0.24,C3'-endo
12,12,0.10,C,C,C,0,1,0,0,0,.,,0,,,3.77,1.62,3.78,0.21,0.91,2.78,4.40,3.41,..,anti,.,2.73,3.11,4.27,2.88,3.65,3.02,3.68,3.41,0.05,5.84,0.64,5.65,0.36,38.06,0.24,C3'-endo
13,13,0.11,G,G,G,0,0,1,0,0,.,,0,,,4.82,1.32,1.09,0.61,5.69,5.18,0.51,3.52,..,anti,.,3.61,4.51,1.82,5.71,2.42,5.41,2.91,4.63,0.06,5.84,0.64,5.66,0.36,37.79,0.24,C3'-endo
14,14,0.12,U,U,U,0,0,0,1,0,.,,0,,,2.27,3.05,0.49,1.15,3.05,3.25,6.09,2.81,..,anti,.,3.68,4.44,5.06,1.60,5.75,3.04,0.38,3.59,0.05,5.84,0.64,5.66,0.36,38.03,0.24,C3'-endo
15,15,0.12,A,A,A,1,0,0,0,0,.,,0,,,3.49,5.64,2.08,0.09,3.50,1.28,2.22,3.28,..,anti,.,3.69,4.35,4.52,5.68,2.81,5.68,1.98,4.67,0.06,5.84,0.65,5.65,0.36,38.13,0.24,C3'-endo
16,16,0.13,G,G,G,0,0,1,0,0,(,68,1,cWW,cW-W,0.23,3.05,0.85,1.47,3.73,4.90,5.12,3.38,BI,anti,A,4.53,4.62,4.65,3.68,5.32,3.72,0.39,4.17,0.05,5.84,0.64,5.66,0.36,37.99,0.24,C3'-endo
17,17,0.14,C,C,C,0,1,0,0,0,(,"66,67",2,"tWW,cWW","tW-W,cW-W",5.23,3.05,0.85,1.47,4.20,4.80,5.68,3.38,..,anti,A,4.27,4.61,2.93,3.78,3.08,3.92,3.73,4.55,0.06,5.84,0.65,5.66,0.36,38.07,0.24,C3'-endo
18,18,0.15,G,G,G,0,0,1,0,0,.,65,1,cWW,cW-W,5.64,3.05,0.86,1.47,3.73,4.90,5.11,3.38,BI,anti,A,4.53,4.61,3.08,3.68,3.32,3.72,4.14,4.17,0.06,5.84,0.64,5.66,0.36,37.96,0.24,C3'-endo
19,19,0.16,C,C,C,0,1,0,0,0,(,64,1,cWW,cW-W,5.23,3.05,0.85,1.47,3.73,4.90,5.11,3.38,BI,anti,A,4.53,4.62,2.96,3.68,3.15,3.72,3.82,4.09,0.05,5.84,0.64,5.65,0.36,38.06,0.24,C3'-endo
20,20,0.17,G,G,G,0,0,1,0,0,(,63,1,cWW,cW-W,5.22,3.05,0.85,1.47,3.73,4.90,5.11,3.37,BI,anti,A,4.53,4.61,2.96,3.68,3.15,3.72,3.74,4.13,0.06,5.84,0.64,5.66,0.36,37.95,0.24,C3'-endo
21,21,0.17,G,G,G,0,0,1,0,0,(,62,1,cWW,cW-W,5.23,3.05,0.85,1.47,3.73,4.90,5.12,3.37,BI,anti,A,4.53,4.61,2.96,3.68,3.15,3.72,3.78,4.14,0.06,5.83,0.65,5.65,0.36,38.12,0.24,C3'-endo
22,22,0.18,U,U,U,0,0,0,1,0,.,61,1,cWW,cW-W,5.22,3.05,0.86,1.47,3.73,4.90,5.12,3.38,BI,anti,A,4.53,4.62,2.96,3.68,3.15,3.72,3.79,4.12,0.06,5.84,0.64,5.66,0.36,37.88,0.24,C3'-endo
23,23,0.19,G,G,G,0,0,1,0,0,(,60,1,cWW,cW-W,5.22,3.05,0.85,1.47,2.98,0.72,2.27,3.38,..,anti,.,4.34,4.34,2.83,5.42,3.13,5.18,3.84,4.79,0.06,5.84,0.64,5.66,0.36,37.94,0.24,C3'-endo
24,24,0.20,G,G,G,0,0,1,0,0,.,"31,51",2,"cWS,tWS","cW-m,tW+m",3.69,3.81,4.33,6.12,2.73,5.06,3.96,2.84,BI,anti,.,3.37,4.48,5.80,1.58,5.84,2.44,0.17,2.82,0.05,5.84,0.65,5.66,0.36,38.07,0.24,C3'-endo
25,25,0.21,U,U,U,0,0,0,1,0,.,,0,,,2.06,5.91,1.95,1.35,5.78,2.67,3.12,3.17,BII,anti,.,4.14,4.30,4.25,2.22,4.54,1.88,4.61,1.84,0.05,5.84,0.64,5.66,0.36,37.90,0.24,C3'-endo
26,26,0.22,C,C,C,0,1,0,0,0,.,,0,,,4.14,4.73,4.17,0.93,4.53,3.13,1.40,3.69,BII,anti,.,3.62,4.99,1.91,1.23,1.66,1.39,1.33,1.51,0.06,5.83,0.65,5.65,0.37,38.14,0.24,C3'-endo
27,27,0.23,C,C,C,0,1,0,0,0,.,,0,,,1.85,4.07,2.64,1.16,2.25,4.26,4.27,2.96,..,anti,.,2.94,3.87,3.19,1.60,2.93,1.95,2.90,2.25,0.06,5.83,0.64,5.66,0.36,37.92,0.24,C3'-endo
28,28,0.23,C,C,C,0,1,0,0,0,.,,0,,,3.75,4.75,3.94,0.63,2.57,0.04,2.53,3.71,..,anti,.,4.20,4.31,0.17,2.80,5.36,3.75,4.46,3.98,0.06,5.83,0.65,5.66,0.36,38.04,0.24,C3'-endo
29,29,0.24,A,A,A,1,0,0,0,0,.,,0,,,2.65,4.56,2.59,1.64,6.07,4.12,1.95,3.14,..,anti,.,3.16,3.83,4.51,5.28,5.03,5.70,5.64,5.31,0.06,5.83,0.65,5.66,0.36,38.16,0.24,C3'-endo
30,30,0.25,C,C,C,0,1,0,0,0,.,,0,,,0.42,1.21,2.33,1.37,3.95,4.53,5.71,3.57,..,anti,.,3.80,4.69,4.81,2.58,5.28,2.86,5.89,3.13,0.06,5.83,0.65,5.65,0.36,38.09,0.24,C3'-endo
31,31,0.26,C,C,C,0,1,0,0,0,(,"24,51",2,"cSW,cWW","cm-W,cW-W",6.28,3.05,0.85,1.47,3.73,4.89,5.12,3.38,BI,anti,A,4.53,4.62,4.22,3.68,4.44,3.72,4.45,4.10,0.05,5.84,0.65,5.65,0.37,38.20,0.24,C3'-endo
32,32,0.27,U,U,U,0,0,0,1,0,(,50,1,cWW,cW-W,5.23,3.05,0.85,1.47,3.73,4.90,5.11,3.38,BI,anti,A,4.53,4.62,2.96,3.68,3.15,3.72,3.74,4.11,0.06,5.83,0.65,5.66,0.36,38.06,0.24,C3'-endo
33,33,0.28,G,G,G,0,0,1,0,0,(,49,1,cWW,cW-W,5.23,3.05,0.85,1.47,3.73,4.90,5.12,3.38,BI,anti,A,4.53,4.62,2.96,3.68,3.15,3.72,3.76,4.14,0.05,5.84,0.64,5.66,0.36,37.96,0.24,C3'-endo
34,34,0.28,A,A,A,1,0,0,0,0,(,48,1,cWW,cW-W,5.23,3.05,0.85,1.47,4.94,3.08,1.86,3.38,BII,anti,.,3.98,4.71,3.36,2.64,3.42,2.52,3.88,2.06,0.05,5.84,0.64,5.65,0.36,38.06,0.24,C3'-endo
35,35,0.29,C,C,C,0,1,0,0,0,.,,0,,,3.33,2.93,0.16,1.03,0.54,3.36,3.46,3.44,..,anti,.,2.73,3.26,2.01,1.21,1.84,2.16,1.74,2.60,0.05,5.84,0.65,5.65,0.37,38.16,0.25,C3'-endo
36,36,0.30,C,C,C,0,1,0,0,0,.,,0,,,3.02,0.18,2.02,1.25,4.07,4.46,5.89,3.23,..,anti,.,4.94,4.98,3.03,4.28,2.60,3.90,2.51,4.50,0.05,5.84,0.64,5.66,0.37,38.02,0.24,C3'-endo
37,37,0.31,C,C,C,0,1,0,0,0,.,,0,,,3.63,3.93,2.13,1.09,3.47,4.22,5.53,4.41,BI,anti,.,2.15,4.75,2.64,3.36,3.07,3.51,4.21,3.84,0.05,5.84,0.64,5.66,0.36,37.91,0.24,C3'-endo
38,38,0.32,C,C,C,0,1,0,0,0,.,,0,,,3.31,5.44,2.13,1.23,3.93,4.21,6.01,3.07,..,anti,.,4.82,4.92,4.12,2.86,4.08,2.45,4.03,3.65,0.05,5.84,0.65,5.65,0.36,38.09,0.24,C3'-endo
39,39,0.33,A,A,A,1,0,0,0,0,.,,0,,,3.76,0.02,3.89,0.36,2.77,4.85,4.20,3.22,BI,anti,.,3.72,4.36,2.52,0.15,1.55,0.33,6.10,6.19,0.05,5.84,0.64,5.66,0.36,37.84,0.25,C3'-endo
40,40,0.33,U,U,U,0,0,0,1,0,.,,0,,,6.18,5.86,2.42,0.31,4.51,3.65,0.86,3.24,..,anti,.,4.79,5.03,1.04,2.76,0.61,2.92,0.82,3.61,0.06,5.84,0.64,5.66,0.36,37.82,0.24,C3'-endo
41,41,0.34,G,G,G,0,0,1,0,0,.,,0,,,1.65,2.52,0.30,0.73,3.42,4.65,5.06,3.64,BI,anti,.,4.32,4.66,4.67,2.54,4.46,2.60,3.99,2.68,0.06,5.83,0.65,5.66,0.36,38.04,0.24,C3'-endo
42,42,0.35,C,C,C,0,1,0,0,0,.,,0,,,5.24,3.20,1.49,1.23,0.78,0.22,0.56,3.70,..,anti,.,1.99,2.33,4.40,2.66,3.98,2.85,3.46,3.38,0.06,5.83,0.65,5.66,0.36,38.02,0.23,C3'-endo
43,43,0.36,C,C,C,0,1,0,0,0,.,,0,,,2.28,5.11,1.48,0.99,1.19,5.92,1.55,3.38,..,anti,.,2.70,2.82,4.05,2.70,4.26,2.25,4.83,1.99,0.06,5.84,0.65,5.65,0.36,38.12,0.24,C3'-endo
44,44,0.37,G,G,G,0,0,1,0,0,.,,0,,,5.14,2.68,0.62,0.50,4.13,4.52,5.89,3.30,..,anti,.,4.62,4.97,2.50,2.15,2.14,1.77,2.21,1.45,0.05,5.84,0.64,5.66,0.36,37.90,0.24,C3'-endo
45,45,0.38,A,A,A,1,0,0,0,0,.,,0,,,5.69,5.06,2.83,0.90,4.98,2.30,2.68,3.17,BII,anti,.,4.84,4.85,0.60,1.65,0.56,1.03,0.73,0.51,0.06,5.83,0.64,5.66,0.36,37.92,0.23,C3'-endo
46,46,0.38,A,A,A,1,0,0,0,0,.,,0,,,5.59,5.65,2.29,0.96,4.38,5.21,5.45,3.94,..,anti,.,2.83,5.00,1.71,4.28,1.81,3.86,2.13,3.44,0.06,5.84,0.64,5.66,0.36,37.99,0.24,C3'-endo
47,47,0.39,C,C,C,0,1,0,0,0,.,"51,57",2,"cWH,tWH","cW+M,tW-M",3.49,0.64,1.60,0.12,1.60,5.39,2.50,3.35,..,anti,.,2.07,2.35,5.96,2.03,6.08,1.50,6.02,0.77,0.06,5.83,0.65,5.66,0.36,38.02,0.23,C3'-endo
48,48,0.40,U,U,U,0,0,0,1,0,),34,1,cWW,cW-W,3.45,3.05,0.86,1.47,3.73,4.90,5.12,3.38,BI,anti,A,4.53,4.62,1.38,3.68,1.07,3.72,1.02,4.15,0.06,5.84,0.64,5.66,0.36,37.89,0.24,C3'-endo
49,49,0.41,C,C,C,0,1,0,0,0,),33,1,cWW,cW-W,5.23,3.05,0.85,1.47,3.73,4.90,5.11,3.38,BI,anti,A,4.53,4.62,2.96,3.68,3.15,3.72,3.80,4.09,0.05,5.84,0.64,5.66,0.36,37.93,0.24,C3'-endo
50,50,0.42,A,A,A,1,0,0,0,0,),32,1,cWW,cW-W,5.23,3.05,0.85,1.47,3.73,4.90,5.11,3.38,BI,anti,A,4.53,4.62,2.96,3.68,3.15,3.72,3.74,4.12,0.06,5.84,0.65,5.65,0.36,38.10,0.24,C3'-endo
51,51,0.42,G,G,G,0,0,1,0,0,),"24,31,47",3,"tSW,cWW,cHW","tm+W,cW-W,cM+W",5.23,3.05,0.85,1.47,3.59,2.28,1.31,3.37,..,anti,.,4.73,4.78,2.92,1.00,3.11,6.23,3.74,4.74,0.06,5.84,0.64,5.66,0.36,38.01,0.24,C3'-endo
52,52,0.43,A,A,A,1,0,0,0,0,.,,0,,,2.70,3.02,5.73,0.77,1.56,4.85,2.99,3.21,..,anti,.,3.85,3.38,0.13,0.88,0.93,0.70,2.58,5.07,0.06,5.83,0.64,5.66,0.36,37.95,0.23,C3'-endo
53,53,0.44,A,A,A,1,0,0,0,0,.,,0,,,3.88,0.19,2.01,1.33,3.64,4.23,5.69,2.75,BI,anti,.,3.64,4.86,5.47,3.74,6.14,3.51,2.39,3.55,0.06,5.84,0.64,5.66,0.36,37.91,0.24,C3'-endo
54,54,0.45,G,G,G,0,0,1,0,0,.,,0,,,3.92,4.33,2.23,1.04,4.30,0.29,4.01,2.92,..,anti,.,4.79,4.99,3.78,5.38,3.64,4.57,3.66,4.48,0.05,5.84,0.64,5.66,0.36,37.94,0.24,C3'-endo
55,55,0.46,U,U,U,0,0,0,1,0,.,,0,,,3.95,6.10,3.54,0.78,1.38,3.71,3.96,2.39,..,anti,.,2.11,3.64,1.98,4.63,2.01,4.93,2.51,3.67,0.05,5.84,0.64,5.66,0.36,38.01,0.24,C3'-endo
56,56,0.47,G,G,G,0,0,1,0,0,.,,0,,,6.09,3.52,2.25,5.98,2.44,2.83,5.90,3.12,..,anti,.,4.69,4.78,4.77,0.89,5.54,0.93,0.85,3.29,0.05,5.84,0.64,5.65,0.37,38.12,0.25,C3'-endo
57,57,0.47,A,A,A,1,0,0,0,0,.,47,1,tHW,tM-W,3.53,4.29,4.94,6.17,3.24,5.91,3.62,0.73,..,syn,.,-2.93,4.36,4.47,2.39,3.61,2.49,1.07,2.76,0.06,5.84,0.64,5.66,0.36,38.01,0.24,C3'-endo
58,58,0.48,A,A,A,1,0,0,0,0,.,,0,,,2.54,1.03,4.31,1.16,5.48,4.30,1.19,3.20,..,anti,.,4.04,4.67,2.04,2.88,2.30,2.99,1.67,2.81,0.06,5.83,0.65,5.66,0.36,38.03,0.23,C3'-endo
59,59,0.49,A,A,A,1,0,0,0,0,.,,0,,,4.80,1.45,4.13,0.02,4.48,3.23,1.25,3.03,..,anti,.,4.66,4.90,4.25,6.05,3.96,0.87,3.53,1.46,0.06,5.83,0.65,5.65,0.36,38.15,0.24,C3'-endo
60,60,0.50,C,C,C,0,1,0,0,0,),23,1,cWW,cW-W,3.87,3.05,0.85,1.47,3.73,4.90,5.11,3.38,BI,anti,A,4.53,4.62,2.65,3.68,2.13,3.72,1.46,4.09,0.05,5.84,0.64,5.66,0.36,38.02,0.24,C3'-endo
61,61,0.51,G,G,G,0,0,1,0,0,.,22,1,cWW,cW-W,5.23,3.05,0.85,1.47,3.73,4.90,5.12,3.38,BI,anti,A,4.53,4.62,2.96,3.68,3.15,3.72,3.74,4.17,0.06,5.84,0.64,5.66,0.36,37.88,0.24,C3'-endo
62,62,0.52,C,C,C,0,1,0,0,0,),21,1,cWW,cW-W,5.22,3.05,0.85,1.47,3.73,4.90,5.11,3.37,BI,anti,A,4.53,4.62,2.96,3.68,3.15,3.72,3.82,4.12,0.05,5.84,0.64,5.65,0.37,38.07,0.25,C3'-endo
63,63,0.53,C,C,C,0,1,0,0,0,),20,1,cWW,cW-W,5.23,3.05,0.85,1.47,3.73,4.90,5.11,3.37,BI,anti,A,4.53,4.62,2.96,3.68,3.15,3.72,3.77,4.09,0.05,5.84,0.64,5.66,0.36,37.99,0.24,C3'-endo
64,64,0.53,G,G,G,0,0,1,0,0,),19,1,cWW,cW-W,5.22,3.05,0.86,1.47,3.73,4.90,5.12,3.38,BI,anti,A,4.53,4.62,2.96,3.68,3.15,3.72,3.74,4.14,0.06,5.84,0.64,5.66,0.36,37.94,0.24,C3'-endo
65,65,0.54,U,U,U,0,0,0,1,0,.,18,1,cWW,cW-W,5.22,3.05,0.85,1.47,5.45,5.19,0.25,3.38,..,anti,.,3.53,4.34,3.58,4.90,3.62,4.79,4.04,4.97,0.05,5.84,0.64,5.66,0.36,37.89,0.24,C3'-endo
66,66,0.55,A,A,A,1,0,0,0,0,.,17,1,tWW,tW-W,5.14,1.20,3.89,0.95,1.34,1.52,6.10,4.17,..,anti,.,1.72,3.38,4.53,2.77,4.60,2.74,4.94,2.50,0.06,5.83,0.65,5.66,0.36,38.03,0.24,C3'-endo
67,67,0.56,G,G,G,0,0,1,0,0,),17,1,cWW,cW-W,2.60,3.05,0.85,1.47,3.73,4.89,5.12,3.38,BI,anti,A,4.53,4.62,1.31,3.68,1.82,3.72,1.90,4.17,0.06,5.83,0.65,5.65,0.36,38.13,0.24,C3'-endo
68,68,0.57,C,C,C,0,1,0,0,0,),16,1,cWW,cW-W,5.23,3.06,0.85,1.47,0.56,4.43,2.41,3.37,..,anti,.,2.49,2.72,3.73,0.15,3.83,6.11,4.32,6.11,0.05,5.84,0.65,5.65,0.36,38.11,0.24,C3'-endo
69,69,0.57,G,G,G,0,0,1,0,0,.,,0,,,0.96,3.64,4.93,1.18,1.25,5.46,2.07,4.68,..,anti,.,1.26,2.90,3.18,0.81,3.32,0.86,3.71,1.68,0.05,5.84,0.65,5.66,0.36,38.09,0.24,C3'-endo
70,70,0.58,C,C,C,0,1,0,0,0,(,106,1,cWW,cW-W,4.92,2.68,1.32,1.42,3.54,5.12,4.71,3.35,BI,anti,A,4.52,4.62,2.70,3.79,2.83,3.71,3.80,4.12,0.11,5.76,0.72,5.61,0.35,41.66,0.17,C3'-endo
71,71,0.59,C,C,C,0,1,0,0,0,(,105,1,cWW,cW-W,5.13,3.31,0.87,1.55,3.93,5.17,5.04,3.52,BI,anti,.,4.18,4.58,3.14,4.17,3.31,4.24,3.94,5.27,0.10,5.85,0.58,5.74,0.28,33.86,0.17,C3'-endo
72,72,0.60,G,G,G,0,0,1,0,0,.,104,1,tSH,tm-M,4.99,2.76,1.07,1.44,3.14,4.58,4.84,3.46,BI,anti,.,4.42,4.44,2.54,2.73,3.17,2.43,4.67,2.41,0.14,5.75,0.70,5.65,0.31,40.28,0.12,C3'-endo
73,73,0.61,A,A,A,1,0,0,0,0,.,103,1,tHW,tM-W,4.56,1.90,2.55,1.56,4.23,5.46,5.05,2.91,..,anti,.,4.72,4.80,3.62,3.93,3.31,4.06,3.08,4.95,0.30,5.68,0.66,5.77,0.14,38.37,6.16,C2'-exo
74,74,0.62,U,U,U,0,0,0,1,0,.,102,1,tHW,tM-W,5.13,3.22,0.66,1.38,3.58,5.02,4.85,3.38,BI,anti,.,4.68,4.71,2.49,3.76,3.04,3.69,4.41,4.24,6.21,5.91,0.64,5.58,0.49,40.45,0.42,C3'-endo
75,75,0.62,G,G,G,0,0,1,0,0,.,,0,,,5.21,2.65,1.45,0.55,4.36,5.30,5.35,2.28,..,...,.,4.58,5.68,2.93,4.14,3.01,4.44,3.97,5.43,6.24,5.91,0.63,5.60,0.46,39.33,0.39,C3'-endo
76,76,0.63,G,G,G,0,0,1,0,0,.,100,1,tWH,tW-M,4.78,2.44,1.77,1.46,3.54,5.21,4.61,3.02,BI,anti,A,4.38,4.50,2.91,3.82,3.71,3.72,5.28,4.33,0.02,5.87,0.62,5.65,0.39,37.45,0.30,C3'-endo
77,77,0.64,U,U,U,0,0,0,1,0,.,99,1,tWH,tW-M,4.63,3.42,1.17,1.51,3.65,5.19,4.75,3.46,BI,anti,A,4.41,4.56,2.93,3.94,3.22,3.90,4.15,4.28,0.07,5.84,0.62,5.69,0.33,36.28,0.21,C3'-endo
78,78,0.65,A,A,A,1,0,0,0,0,.,98,1,tHS,tM-m,4.62,2.75,1.65,1.39,3.76,5.42,4.62,3.09,BI,anti,.,4.52,4.53,2.91,4.13,3.26,4.09,4.02,5.09,6.18,5.96,0.61,5.60,0.50,39.31,0.48,C3'-endo
79,79,0.66,G,G,G,0,0,1,0,0,(,97,1,cWW,cW-W,4.87,3.17,0.91,1.44,3.92,4.83,5.37,3.36,BI,anti,.,4.48,4.64,2.74,3.74,3.19,3.81,4.62,4.54,0.02,5.87,0.63,5.64,0.39,37.96,0.30,C3'-endo
80,80,0.67,U,U,U,0,0,0,1,0,(,96,1,cWW,cW-W,4.96,2.70,1.24,1.51,3.41,5.07,4.63,3.38,BI,anti,.,4.49,4.52,2.75,3.75,3.15,3.60,4.19,3.60,0.15,5.77,0.65,5.70,0.27,37.54,0.09,C3'-endo
81,81,0.68,G,G,G,0,0,1,0,0,(,95,1,cWW,cW-W,5.07,2.94,1.31,1.41,3.71,5.00,4.99,3.28,BI,anti,.,4.20,4.45,3.19,3.77,3.43,3.77,3.75,4.51,6.20,5.95,0.60,5.61,0.48,38.38,0.45,C3'-endo
82,82,0.68,U,U,U,0,0,0,1,0,(,94,1,cWW,cW-W,5.13,2.80,1.13,1.49,3.67,4.93,5.02,3.38,BI,anti,A,4.31,4.47,2.94,3.74,3.30,3.67,4.35,3.97,6.22,5.97,0.55,5.69,0.41,34.35,0.42,C3'-endo
83,83,0.69,G,G,G,0,0,1,0,0,(,93,1,cWW,cW-W,5.01,2.74,1.31,1.39,3.74,5.00,5.03,3.28,BI,anti,A,4.42,4.55,2.97,3.75,3.24,3.70,3.84,4.31,6.19,5.94,0.63,5.58,0.50,40.16,0.46,C3'-endo
84,84,0.70,G,G,G,0,0,1,0,0,(,92,1,cWW,cW-W,4.99,2.72,1.32,1.42,3.54,5.09,4.74,3.28,BI,anti,A,4.43,4.47,2.88,3.76,3.25,3.69,4.22,4.05,6.21,5.93,0.61,5.61,0.47,38.60,0.43,C3'-endo
85,85,0.71,G,G,G,0,0,1,0,0,(,91,1,cWW,cW-W,5.11,2.84,1.32,1.44,3.66,5.50,4.44,3.14,BI,anti,.,4.18,4.32,3.13,4.25,3.46,4.19,4.16,5.21,6.10,6.05,0.53,5.63,0.53,37.08,0.60,C3'-endo
86,86,0.72,G,G,G,0,0,1,0,0,(,90,1,cWW,cW-W,4.80,3.31,0.76,1.46,3.61,4.94,4.96,3.73,BI,anti,.,3.92,4.44,2.61,3.86,3.07,3.23,4.49,2.52,6.21,5.96,0.57,5.66,0.44,36.00,0.44,C3'-endo
87,87,0.72,U,U,U,0,0,0,1,0,.,,0,,,2.94,2.69,1.23,1.52,3.53,5.13,4.68,4.29,BI,anti,.,2.24,3.77,0.72,3.94,1.03,3.78,0.67,3.79,5.86,0.05,0.32,5.71,0.63,36.12,1.04,C4'-exo
88,88,0.73,C,C,C,0,1,0,0,0,.,,0,,,4.61,3.66,0.28,2.57,4.87,3.21,1.66,3.55,BII,anti,.,0.85,0.92,2.66,3.24,2.97,2.82,3.13,2.37,6.07,0.51,5.69,0.49,6.11,33.99,3.11,C2'-endo
89,89,0.74,U,U,U,0,0,0,1,0,.,,0,,,5.84,3.66,3.99,1.48,3.22,1.52,1.70,4.12,..,anti,.,3.04,4.20,2.05,5.28,1.76,5.59,1.65,6.26,6.13,6.04,0.52,5.66,0.49,35.19,0.58,C3'-endo
90,90,0.75,C,C,C,0,1,0,0,0,),86,1,cWW,cW-W,4.62,2.83,0.63,1.64,3.35,4.98,4.65,3.80,BI,anti,.,3.86,4.46,2.53,3.70,3.42,3.58,3.99,3.51,0.29,5.73,0.60,5.83,0.11,34.60,6.13,C2'-exo
91,91,0.76,C,C,C,0,1,0,0,0,),85,1,cWW,cW-W,4.83,3.01,1.31,1.40,3.49,4.96,4.81,3.42,BI,anti,A,4.39,4.51,2.96,3.56,3.15,3.51,3.36,3.87,6.25,5.89,0.65,5.60,0.45,39.79,0.37,C3'-endo
92,92,0.77,C,C,C,0,1,0,0,0,),84,1,cWW,cW-W,4.99,2.87,1.32,1.42,3.65,4.86,5.08,3.35,BI,anti,.,4.52,4.64,3.04,3.65,3.28,3.63,3.90,3.99,0.07,5.81,0.69,5.62,0.38,40.37,0.23,C3'-endo
93,93,0.78,C,C,C,0,1,0,0,0,),83,1,cWW,cW-W,5.33,2.71,1.22,1.47,3.81,4.99,5.10,3.30,BI,anti,A,4.54,4.58,3.20,3.94,3.48,3.87,4.10,4.40,0.04,5.86,0.62,5.67,0.36,36.84,0.27,C3'-endo
94,94,0.78,A,A,A,1,0,0,0,0,),82,1,cWW,cW-W,5.28,2.72,1.01,1.41,3.54,5.00,4.82,3.39,BI,anti,A,4.24,4.36,2.87,3.67,3.24,3.61,4.17,4.23,6.11,6.02,0.57,5.60,0.53,38.59,0.57,C3'-endo
95,95,0.79,U,U,U,0,0,0,1,0,),81,1,cWW,cW-W,4.97,2.89,1.11,1.39,3.49,4.90,4.88,3.61,BI,anti,.,4.20,4.55,2.81,3.55,3.08,3.52,4.01,3.77,6.27,5.87,0.66,5.60,0.44,40.14,0.34,C3'-endo
96,96,0.80,G,G,G,0,0,1,0,0,),80,1,cWW,cW-W,5.29,2.70,1.32,1.39,3.94,5.01,5.22,3.21,BI,anti,.,4.49,4.62,3.28,3.90,3.50,3.85,3.94,4.75,6.26,5.88,0.66,5.60,0.45,40.09,0.36,C3'-endo
97,97,0.81,C,C,C,0,1,0,0,0,),79,1,cWW,cW-W,4.99,2.68,1.20,1.42,3.93,5.29,4.92,3.28,BI,anti,.,4.51,4.65,2.78,4.25,3.14,4.23,4.42,5.25,6.28,5.87,0.65,5.61,0.43,39.55,0.33,C3'-endo
98,98,0.82,G,G,G,0,0,1,0,0,.,78,1,tSH,tm-M,5.13,2.98,0.77,1.39,3.58,4.79,5.08,3.49,BI,anti,.,4.50,4.66,2.61,2.80,3.11,2.50,4.65,2.45,0.11,5.75,0.73,5.60,0.36,42.35,0.17,C3'-endo
99,99,0.82,A,A,A,1,0,0,0,0,.,77,1,tHW,tM-W,4.60,1.00,3.04,1.74,4.63,5.30,5.62,2.97,..,anti,.,4.65,4.70,3.68,3.47,3.13,3.72,2.77,4.60,0.36,5.71,0.55,5.92,0.00,33.39,5.96,C2'-exo
100,100,0.83,G,G,G,0,0,1,0,0,.,76,1,tHW,tM-W,4.61,2.23,1.88,1.37,3.94,5.17,5.05,3.03,BI,anti,.,4.67,4.64,2.51,3.89,3.16,3.87,4.42,4.99,6.21,5.91,0.65,5.57,0.49,40.94,0.43,C3'-endo
101,101,0.84,A,A,A,1,0,0,0,0,.,,0,,,4.94,3.09,0.95,1.55,3.81,5.17,4.93,3.42,BI,anti,A,4.58,4.71,2.74,4.03,3.17,3.96,4.71,4.28,0.25,5.71,0.66,5.75,0.18,37.79,6.23,C2'-exo
102,102,0.85,G,G,G,0,0,1,0,0,.,74,1,tWH,tW-M,4.62,2.57,1.68,1.38,3.61,5.28,4.62,3.09,BI,anti,A,4.66,4.65,2.75,3.86,3.19,3.78,4.03,4.44,0.07,5.79,0.72,5.59,0.39,42.18,0.23,C3'-endo
103,103,0.86,U,U,U,0,0,0,1,0,.,73,1,tWH,tW-M,4.91,3.55,0.76,1.47,3.81,5.02,5.08,3.37,BI,anti,A,4.66,4.73,2.93,3.89,3.14,4.02,4.11,4.76,0.18,5.73,0.70,5.67,0.27,40.13,0.07,C3'-endo
104,104,0.87,A,A,A,1,0,0,0,0,.,72,1,tHS,tM-m,5.33,2.73,1.07,1.46,4.04,5.27,5.05,3.33,BI,anti,.,4.35,4.54,3.07,4.31,3.43,4.33,4.42,5.29,6.23,5.94,0.58,5.66,0.42,35.99,0.40,C3'-endo
105,105,0.88,G,G,G,0,0,1,0,0,),71,1,cWW,cW-W,4.90,2.69,1.28,1.43,3.51,5.19,4.60,3.38,BI,anti,A,4.48,4.52,2.61,3.82,3.26,3.72,4.74,4.04,0.00,5.87,0.64,5.63,0.41,38.68,0.32,C3'-endo
106,106,0.88,G,G,G,0,0,1,0,0,),70,1,cWW,cW-W,5.10,3.50,0.61,1.44,2.40,5.07,3.61,3.60,..,anti,.,4.00,4.11,3.09,2.66,3.30,2.51,3.85,2.68,0.09,5.81,0.66,5.66,0.34,38.69,0.19,C3'-endo
107,107,0.89,G,G,G,0,0,1,0,0,.,,0,,,4.94,3.96,1.59,0.53,3.19,0.14,3.05,3.57,..,anti,.,4.33,4.65,3.96,3.93,3.63,3.81,3.38,3.54,0.05,5.84,0.64,5.66,0.37,38.00,0.25,C3'-endo
108,108,0.90,A,A,A,1,0,0,0,0,.,,0,,,4.24,4.96,2.16,1.14,0.15,3.04,3.39,3.34,..,anti,.,3.07,3.19,5.69,4.24,6.01,4.44,6.10,4.73,0.05,5.84,0.65,5.65,0.36,38.08,0.24,C3'-endo
109,109,0.91,A,A,A,1,0,0,0,0,.,,0,,,5.22,1.80,2.14,1.53,3.29,6.07,3.50,4.39,BI,anti,.,2.19,5.03,4.30,3.82,4.83,4.07,4.99,4.31,0.06,5.83,0.65,5.66,0.36,38.12,0.24,C3'-endo
110,110,0.92,C,C,C,0,1,0,0,0,),10,1,cWW,cW-W,5.44,3.05,0.85,1.47,3.73,4.90,5.11,3.37,BI,anti,A,4.53,4.62,3.31,3.68,4.14,3.72,4.90,4.10,0.05,5.84,0.64,5.66,0.36,37.90,0.24,C3'-endo
111,111,0.93,U,U,U,0,0,0,1,0,.,9,1,cWW,cW-W,5.23,3.05,0.85,1.47,3.73,4.89,5.12,3.38,BI,anti,A,4.53,4.62,2.96,3.68,3.15,3.72,3.74,4.12,0.06,5.84,0.64,5.66,0.36,37.98,0.24,C3'-endo
112,112,0.93,G,G,G,0,0,1,0,0,),8,1,cWW,cW-W,5.23,3.05,0.85,1.47,3.73,4.89,5.12,3.37,BI,anti,A,4.53,4.61,2.96,3.68,3.15,3.72,3.76,4.17,0.05,5.84,0.65,5.65,0.36,38.11,0.24,C3'-endo
113,113,0.94,C,C,C,0,1,0,0,0,),7,1,cWW,cW-W,5.23,3.05,0.85,1.47,3.73,4.90,5.11,3.38,BI,anti,A,4.53,4.62,2.96,3.68,3.15,3.72,3.82,4.12,0.05,5.84,0.64,5.66,0.36,37.93,0.24,C3'-endo
114,114,0.95,C,C,C,0,1,0,0,0,),6,1,cWW,cW-W,5.22,3.05,0.86,1.47,3.73,4.90,5.12,3.38,BI,anti,A,4.53,4.62,2.96,3.68,3.15,3.72,3.77,4.09,0.06,5.84,0.64,5.66,0.36,37.89,0.24,C3'-endo
115,115,0.96,A,A,A,1,0,0,0,0,),5,1,cWW,cW-W,5.23,3.05,0.85,1.47,3.73,4.90,5.12,3.38,BI,anti,A,4.53,4.62,2.96,3.68,3.15,3.72,3.74,4.12,0.06,5.84,0.64,5.66,0.36,37.92,0.24,C3'-endo
116,116,0.97,G,G,G,0,0,1,0,0,),4,1,cWW,cW-W,5.22,3.05,0.86,1.47,3.73,4.90,5.11,3.38,BI,anti,A,4.53,4.62,2.96,3.68,3.15,3.72,3.77,4.13,0.06,5.84,0.64,5.66,0.36,37.80,0.24,C3'-endo
117,117,0.97,G,G,G,0,0,1,0,0,),3,1,cWW,cW-W,5.23,3.05,0.85,1.47,3.73,4.90,5.11,3.38,BI,anti,A,4.53,4.62,2.96,3.68,3.15,3.72,3.78,4.17,0.06,5.83,0.65,5.66,0.36,38.11,0.24,C3'-endo
118,118,0.98,C,C,C,0,1,0,0,0,),2,1,cWW,cW-W,5.23,3.05,0.85,1.47,3.73,4.90,5.11,3.38,BI,anti,A,4.53,4.62,2.96,3.68,3.15,3.72,3.82,4.09,0.06,5.84,0.64,5.66,0.36,37.94,0.24,C3'-endo
119,119,0.99,A,A,A,1,0,0,0,0,),1,1,cWW,cW-W,5.23,3.05,0.85,1.47,2.70,0.53,2.17,3.38,..,anti,.,3.98,3.99,2.89,5.27,3.24,4.96,3.91,5.71,0.05,5.84,0.64,5.66,0.36,38.00,0.24,C3'-endo
120,120,1.00,U,U,U,0,0,0,1,0,.,,0,,,1.40,3.52,3.39,0.96,,,,3.11,n/a,anti,-,,,,,,,,,0.06,5.83,0.64,5.66,0.36,37.98,0.24,C3'-endo
