index_chain,old_nt_resnum,nt_position,nt_name,nt_code,nt_align_code,is_A,is_C,is_G,is_U,is_other,dbn,paired,nb_interact,pair_type_LW,pair_type_DSSR,alpha,beta,gamma,delta,epsilon,zeta,epsilon_zeta,chi,bb_type,glyco_bond,form,ssZp,Dp,eta,theta,eta_prime,theta_prime,eta_base,theta_base,v0,v1,v2,v3,v4,amplitude,phase_angle,puckering
1,64,0.07,U,U,U,0,0,0,1,0,),0,1,cWW,cW-W,,,0.83,1.49,4.04,4.72,5.61,3.46,..,anti,.,4.28,4.68,,,,,,,0.09,5.83,0.62,5.70,0.32,35.94,0.19,C3'-endo
2,65,0.13,C,C,C,0,1,0,0,0,),0,1,cWW,cW-W,5.19,2.60,1.02,1.43,3.95,4.72,5.52,3.46,BI,anti,A,4.34,4.73,2.81,3.75,3.08,3.71,3.90,4.07,0.06,5.82,0.67,5.64,0.37,39.25,0.23,C3'-endo
3,66,0.20,U,U,U,0,0,0,1,0,),0,1,cWW,cW-W,5.21,2.73,1.01,1.45,3.62,5.12,4.78,3.40,BI,anti,A,4.49,4.61,2.84,3.88,3.09,3.84,3.75,4.36,0.06,5.83,0.64,5.66,0.35,37.60,0.23,C3'-endo
4,67,0.27,G,G,G,0,0,1,0,0,),0,1,cWW,cW-W,5.07,3.12,0.89,1.42,3.76,2.98,0.78,3.43,..,anti,.,4.41,4.66,2.89,2.28,3.15,1.84,4.01,0.99,0.05,5.82,0.67,5.62,0.38,39.75,0.25,C3'-endo
5,68,0.33,A,A,A,1,0,0,0,0,.,,0,,,2.18,3.90,1.20,1.54,3.60,1.24,2.36,4.08,..,anti,.,3.01,4.41,1.19,0.82,1.18,0.07,1.55,5.83,0.01,5.91,0.58,5.69,0.37,34.77,0.31,C3'-endo
6,69,0.40,C,C,C,0,1,0,0,0,),0,1,cWW,cW-W,1.01,1.86,3.24,1.44,3.69,5.03,4.94,3.45,BI,anti,A,4.51,4.68,1.06,2.65,1.49,3.02,2.26,3.54,0.09,5.80,0.67,5.64,0.35,39.43,0.20,C3'-endo
7,70,0.47,G,G,G,0,0,1,0,0,),0,1,cWW,cW-W,5.17,3.06,1.00,1.45,3.62,4.88,5.02,3.52,BI,anti,.,4.12,4.46,3.02,3.63,3.27,3.72,3.81,5.07,0.01,5.88,0.61,5.65,0.39,37.02,0.31,C3'-endo
8,71,0.53,G,G,G,0,0,1,0,0,.,0,1,cHW,cM+W,5.32,3.05,1.00,2.53,4.37,4.99,5.65,1.14,..,syn,.,-1.82,1.39,3.38,5.76,3.77,4.44,5.07,3.86,5.74,0.73,5.65,0.34,0.12,41.13,2.64,C2'-endo
9,72,0.60,U,U,U,0,0,0,1,0,.,,0,,,2.11,2.91,0.79,2.49,4.68,5.28,5.69,4.30,..,anti,.,0.60,0.67,5.83,5.27,0.90,5.07,0.87,5.07,5.87,0.63,5.69,0.38,0.01,36.44,2.79,C2'-endo
10,73,0.67,A,A,A,1,0,0,0,0,.,0,1,cWW,cW-W,4.84,1.77,3.01,1.46,3.83,5.14,4.97,3.01,BI,anti,.,4.89,4.75,3.86,2.96,4.40,3.32,5.00,4.10,0.11,5.80,0.65,5.68,0.31,37.61,0.17,C3'-endo
11,74,0.73,C,C,C,0,1,0,0,0,),0,1,cWW,cW-W,5.11,3.30,0.93,1.46,3.64,5.04,4.89,3.40,BI,anti,A,4.48,4.60,3.03,3.76,3.33,3.83,4.19,4.29,0.07,5.83,0.65,5.66,0.35,37.92,0.22,C3'-endo
12,75,0.80,G,G,G,0,0,1,0,0,),0,1,cWW,cW-W,5.09,3.15,0.95,1.45,3.61,5.03,4.86,3.42,BI,anti,A,4.32,4.60,2.96,3.75,3.20,3.77,3.88,4.23,0.07,5.82,0.66,5.64,0.36,38.82,0.22,C3'-endo
13,76,0.87,U,U,U,0,0,0,1,0,),0,1,cWW,cW-W,5.16,3.01,1.03,1.49,3.70,5.06,4.92,3.48,BI,anti,.,4.25,4.53,3.03,3.91,3.28,3.95,3.98,4.76,0.04,5.86,0.62,5.67,0.36,36.77,0.26,C3'-endo
14,77,0.93,U,U,U,0,0,0,1,0,.,0,1,tWH,tW-M,5.24,2.83,1.03,1.55,3.42,4.65,5.05,3.62,BI,anti,.,3.88,4.19,2.95,3.34,3.40,3.33,4.53,3.18,0.01,5.93,0.55,5.72,0.35,32.94,0.31,C3'-endo
15,78,1.00,U,U,U,0,0,0,1,0,.,,0,,,4.96,3.32,0.85,1.36,,,,3.85,n/a,anti,-,,,,,,,,,6.27,5.95,0.53,5.73,0.36,32.44,0.34,C3'-endo
