index_chain,old_nt_resnum,nt_position,nt_name,nt_code,nt_align_code,is_A,is_C,is_G,is_U,is_other,dbn,paired,nb_interact,pair_type_LW,pair_type_DSSR,alpha,beta,gamma,delta,epsilon,zeta,epsilon_zeta,chi,bb_type,glyco_bond,form,ssZp,Dp,eta,theta,eta_prime,theta_prime,eta_base,theta_base,v0,v1,v2,v3,v4,amplitude,phase_angle,puckering
1,101,0.01,G,G,G,0,0,1,0,0,(,37,1,cWW,cW-W,,,1.23,1.43,3.88,4.92,5.24,3.05,BI,anti,A,4.83,4.78,,,,,,,0.11,5.75,0.73,5.60,0.36,42.56,0.18,C3'-endo
2,102,0.03,G,G,G,0,0,1,0,0,(,36,1,cWW,cW-W,5.11,3.14,0.99,1.49,3.64,4.94,4.99,3.29,BI,anti,A,4.66,4.63,2.97,3.73,3.22,3.76,4.07,4.15,0.10,5.79,0.68,5.65,0.34,39.38,0.18,C3'-endo
3,103,0.04,C,C,C,0,1,0,0,0,(,35,1,cWW,cW-W,5.14,3.06,0.97,1.45,3.50,4.99,4.79,3.54,BI,anti,A,4.34,4.56,2.99,3.67,3.22,3.66,3.84,3.94,0.02,5.85,0.66,5.62,0.41,39.47,0.30,C3'-endo
4,104,0.06,C,C,C,0,1,0,0,0,(,34,1,cWW,cW-W,5.28,2.96,0.90,1.42,3.60,4.92,4.97,3.47,BI,anti,A,4.39,4.52,3.01,3.61,3.23,3.62,3.76,3.98,6.26,5.89,0.64,5.61,0.44,39.50,0.36,C3'-endo
5,105,0.07,G,G,G,0,0,1,0,0,(,33,1,cWW,cW-W,5.05,3.03,0.96,1.39,3.49,5.09,4.69,3.36,BI,anti,A,4.56,4.60,2.85,3.67,3.04,3.68,3.64,4.12,0.02,5.83,0.70,5.58,0.43,42.03,0.30,C3'-endo
6,106,0.08,G,G,G,0,0,1,0,0,(,32,1,cWW,cW-W,5.22,3.13,0.88,1.44,3.79,4.95,5.12,3.42,BI,anti,A,4.35,4.65,3.07,3.75,3.26,3.76,3.90,4.12,0.09,5.81,0.66,5.65,0.34,38.71,0.20,C3'-endo
7,107,0.10,C,C,C,0,1,0,0,0,(,31,1,cWW,cW-W,5.00,2.94,1.01,1.40,3.56,5.26,4.59,3.61,BI,anti,.,4.34,4.66,2.74,3.89,2.98,3.91,3.62,4.40,0.03,5.80,0.72,5.56,0.43,43.10,0.28,C3'-endo
8,108,0.11,A,A,A,1,0,0,0,0,.,,0,,,5.18,3.11,1.00,1.47,3.67,5.11,4.84,3.43,BI,anti,.,4.31,4.48,3.11,3.91,3.45,3.98,4.23,4.98,6.16,5.96,0.63,5.57,0.53,40.88,0.49,C3'-endo
9,109,0.12,U,U,U,0,0,0,1,0,.,,0,,,5.13,2.92,0.98,1.53,3.82,4.64,5.46,3.62,BI,anti,.,4.02,4.63,2.94,4.21,3.33,3.70,4.60,3.17,0.09,5.83,0.63,5.69,0.32,36.75,0.19,C3'-endo
10,110,0.14,G,G,G,0,0,1,0,0,.,,0,,,1.57,2.78,1.11,1.36,3.35,4.95,4.68,3.22,BI,anti,.,4.69,4.55,5.34,3.45,5.76,3.43,5.87,3.71,6.26,5.84,0.72,5.54,0.48,43.78,0.35,C3'-endo
11,111,0.15,G,G,G,0,0,1,0,0,[,72,1,cWW,cW-W,5.23,3.16,1.04,1.47,3.60,5.02,4.86,3.30,BI,anti,A,4.55,4.58,3.22,3.76,3.36,3.76,3.78,4.21,0.04,5.83,0.67,5.62,0.39,39.88,0.26,C3'-endo
12,112,0.17,U,U,U,0,0,0,1,0,[,71,1,cWW,cW-W,5.03,3.16,0.94,1.48,3.60,5.09,4.80,3.53,BI,anti,A,4.41,4.63,2.93,3.83,3.13,3.83,3.84,4.28,0.10,5.79,0.67,5.65,0.34,39.23,0.18,C3'-endo
13,113,0.18,C,C,C,0,1,0,0,0,[,70,1,cWW,cW-W,5.15,2.93,1.01,1.40,3.35,5.17,4.46,3.40,BI,anti,A,4.53,4.51,2.85,3.67,3.21,3.64,4.02,4.07,6.25,5.87,0.67,5.58,0.46,41.08,0.37,C3'-endo
14,114,0.19,C,C,C,0,1,0,0,0,[,69,1,cWW,cW-W,5.00,3.33,0.94,1.47,3.70,4.89,5.10,3.48,BI,anti,A,4.29,4.54,3.07,3.70,3.24,3.74,3.86,4.08,0.03,5.86,0.64,5.64,0.39,38.46,0.29,C3'-endo
15,115,0.21,C,C,C,0,1,0,0,0,[,68,1,cWW,cW-W,5.24,2.76,1.05,1.43,3.65,5.06,4.87,3.41,BI,anti,A,4.44,4.53,2.93,3.81,3.20,3.76,3.78,4.35,6.20,5.93,0.63,5.59,0.49,40.10,0.44,C3'-endo
16,116,0.22,A,A,A,1,0,0,0,0,[,67,1,cWW,cW-W,5.15,2.91,0.98,1.36,3.52,5.06,4.74,3.38,BI,anti,A,4.55,4.62,2.83,3.65,3.14,3.65,4.11,4.10,6.24,5.86,0.71,5.54,0.49,43.49,0.37,C3'-endo
17,117,0.24,G,G,G,0,0,1,0,0,(,30,1,cWW,cW-W,5.26,3.05,0.96,1.43,3.63,5.01,4.91,3.44,BI,anti,A,4.47,4.60,3.07,3.75,3.30,3.79,4.01,4.42,0.02,5.84,0.67,5.61,0.41,40.02,0.29,C3'-endo
18,118,0.25,C,C,C,0,1,0,0,0,(,29,1,cWW,cW-W,5.22,2.88,1.02,1.44,3.66,4.98,4.97,3.52,BI,anti,A,4.36,4.62,2.95,3.78,3.28,3.77,4.20,4.17,0.02,5.82,0.71,5.57,0.44,42.59,0.30,C3'-endo
19,119,0.26,C,C,C,0,1,0,0,0,(,28,1,cWW,cW-W,5.22,3.09,0.99,1.53,3.74,4.84,5.19,3.60,BI,anti,.,3.93,4.43,3.14,3.75,3.35,3.84,3.93,4.59,6.25,5.93,0.58,5.67,0.41,35.78,0.38,C3'-endo
20,120,0.28,U,U,U,0,0,0,1,0,.,25,1,tWW,tW+W,5.26,2.64,1.16,1.72,4.66,3.90,0.76,3.81,..,anti,.,2.58,3.60,3.36,4.17,3.65,3.48,4.48,2.84,6.09,6.12,0.43,5.73,0.48,31.62,0.68,C4'-exo
21,121,0.29,C,C,C,0,1,0,0,0,[,"39,42",2,"cWW,cSW","cW-W,cm-W",1.68,3.57,0.92,1.46,3.69,5.14,4.83,3.39,BI,anti,.,4.23,4.37,6.06,4.20,0.17,4.11,0.41,4.66,6.18,5.98,0.56,5.64,0.47,36.43,0.49,C3'-endo
22,122,0.31,C,C,C,0,1,0,0,0,[,38,1,cWW,cW-W,2.73,2.77,3.18,1.63,1.63,4.36,3.55,3.86,..,anti,.,1.89,1.76,3.36,0.57,3.55,0.50,4.18,0.80,0.02,0.20,5.95,0.36,6.05,20.81,3.52,C3'-exo
23,123,0.32,U,U,U,0,0,0,1,0,.,,0,,,0.57,3.57,5.11,1.63,0.40,1.15,5.54,2.81,..,anti,.,1.64,1.83,3.41,2.29,3.26,2.03,3.35,1.58,0.04,5.96,0.46,5.83,0.26,27.44,0.24,C3'-endo
24,124,0.33,C,C,C,0,1,0,0,0,.,,0,,,4.58,3.61,4.98,2.39,4.35,2.37,1.98,3.77,BII,anti,Z,1.59,1.64,2.24,1.62,1.89,1.06,1.57,1.01,6.17,0.34,5.85,0.39,6.11,25.10,3.22,C3'-exo
25,125,0.35,G,G,G,0,0,1,0,0,.,20,1,tWW,tW+W,0.25,4.08,3.11,1.42,3.27,3.84,5.71,1.28,..,syn,.,-2.09,4.26,1.76,2.13,1.72,1.24,2.31,0.10,0.01,5.88,0.63,5.64,0.40,37.80,0.32,C3'-endo
26,126,0.36,C,C,C,0,1,0,0,0,.,,0,,,0.70,4.08,2.94,1.43,3.89,1.77,2.12,3.44,..,anti,.,4.28,4.44,1.28,0.39,1.20,0.12,2.05,0.20,6.14,6.00,0.58,5.60,0.52,38.69,0.53,C3'-endo
27,127,0.38,U,U,U,0,0,0,1,0,.,,0,,,6.05,3.80,4.96,1.60,0.86,1.07,6.08,3.42,..,anti,.,2.05,2.25,3.62,2.51,3.86,2.37,4.27,2.01,0.15,5.95,0.39,5.96,0.11,22.08,6.24,C2'-exo
28,128,0.39,G,G,G,0,0,1,0,0,),19,1,cWW,cW-W,4.39,3.60,5.09,1.54,3.42,5.27,4.43,3.54,BI,anti,A,4.40,4.53,1.81,3.07,1.54,3.35,1.40,4.31,0.12,5.81,0.62,5.71,0.29,36.17,0.14,C3'-endo
29,129,0.40,G,G,G,0,0,1,0,0,),"18,66",2,"cWW,tSS","cW-W,tm+m",4.98,3.05,1.05,1.50,3.44,5.18,4.54,3.46,BI,anti,A,4.38,4.47,2.89,3.82,3.30,3.78,4.38,4.25,0.09,5.83,0.63,5.68,0.33,36.89,0.19,C3'-endo
30,130,0.42,C,C,C,0,1,0,0,0,),17,1,cWW,cW-W,4.91,3.27,0.93,1.48,4.29,3.76,0.52,3.56,..,anti,.,3.96,4.68,3.09,3.33,3.26,3.27,3.90,3.70,0.01,5.85,0.68,5.60,0.43,40.66,0.31,C3'-endo
31,131,0.43,G,G,G,0,0,1,0,0,),7,1,cWW,cW-W,0.78,3.14,1.10,1.44,3.80,4.94,5.15,3.14,BI,anti,A,4.75,4.73,5.32,3.79,5.30,3.81,4.88,4.21,0.11,5.78,0.68,5.65,0.33,39.47,0.17,C3'-endo
32,132,0.44,C,C,C,0,1,0,0,0,),6,1,cWW,cW-W,5.04,3.17,0.87,1.40,3.55,5.27,4.56,3.48,BI,anti,A,4.57,4.67,2.81,3.87,3.01,3.89,3.70,4.30,0.10,5.75,0.74,5.59,0.38,43.05,0.19,C3'-endo
33,133,0.46,C,C,C,0,1,0,0,0,),5,1,cWW,cW-W,5.16,3.18,0.97,1.36,3.70,5.05,4.94,3.46,BI,anti,A,4.37,4.67,3.04,3.71,3.32,3.72,4.01,4.12,6.27,5.85,0.70,5.56,0.47,42.72,0.35,C3'-endo
34,134,0.47,G,G,G,0,0,1,0,0,),4,1,cWW,cW-W,5.07,2.96,0.99,1.35,3.49,4.98,4.79,3.41,BI,anti,A,4.58,4.57,2.80,3.53,3.06,3.51,3.72,3.80,6.19,5.91,0.68,5.53,0.53,43.08,0.45,C3'-endo
35,135,0.49,G,G,G,0,0,1,0,0,),3,1,cWW,cW-W,5.23,2.92,1.02,1.37,3.57,5.04,4.81,3.34,BI,anti,A,4.50,4.57,3.00,3.66,3.20,3.67,3.73,4.20,6.20,5.90,0.68,5.54,0.52,43.09,0.43,C3'-endo
36,136,0.50,C,C,C,0,1,0,0,0,),2,1,cWW,cW-W,5.07,3.10,1.01,1.41,3.66,5.12,4.82,3.60,BI,anti,A,4.22,4.60,2.99,3.85,3.20,3.89,3.94,4.54,6.24,5.88,0.68,5.56,0.48,41.96,0.38,C3'-endo
37,137,0.51,U,U,U,0,0,0,1,0,),1,1,cWW,cW-W,5.26,2.91,0.94,1.43,3.31,4.89,4.70,3.38,BI,anti,.,4.35,4.48,2.90,3.37,3.30,3.33,4.30,3.38,0.02,5.84,0.67,5.60,0.42,40.25,0.30,C3'-endo
38,138,0.53,G,G,G,0,0,1,0,0,],22,1,cWW,cW-W,5.28,3.29,0.84,1.36,3.53,5.04,4.78,3.41,BI,anti,A,4.58,4.58,3.19,3.58,3.19,3.66,3.29,4.22,6.26,5.86,0.68,5.58,0.46,41.52,0.35,C3'-endo
39,139,0.54,G,G,G,0,0,1,0,0,],21,1,cWW,cW-W,5.33,3.02,0.89,1.40,3.71,5.11,4.88,3.48,BI,anti,A,4.38,4.65,3.07,3.85,3.29,3.88,4.03,4.39,0.06,5.81,0.69,5.61,0.39,40.91,0.25,C3'-endo
40,140,0.56,G,G,G,0,0,1,0,0,.,"42,62",2,"cSH,tWH","cm+M,tW-M",5.20,3.03,0.90,1.41,3.82,5.29,4.81,3.50,BI,anti,.,4.30,4.62,2.96,3.66,3.22,3.60,3.98,3.30,6.21,5.91,0.66,5.56,0.50,41.31,0.42,C3'-endo
41,141,0.57,C,C,C,0,1,0,0,0,.,"44,61",2,"tWW,tWH","tW+W,tW-M",4.49,1.58,3.08,2.36,4.57,3.40,1.17,3.76,BII,anti,.,1.19,1.34,4.31,1.71,4.12,1.83,3.75,1.62,6.13,0.36,5.87,0.35,6.16,23.80,3.12,C2'-endo
42,142,0.58,A,A,A,1,0,0,0,0,.,"21,40",2,"cWS,cHS","cW-m,cM+m",3.98,2.37,0.51,1.39,3.80,4.79,5.29,3.11,BI,anti,A,4.67,4.64,1.91,3.75,1.78,3.80,1.80,4.38,6.26,5.89,0.63,5.62,0.44,38.88,0.36,C3'-endo
43,143,0.60,A,A,A,1,0,0,0,0,.,62,1,cWW,cW-W,5.24,2.89,0.92,1.47,3.91,5.02,5.17,3.20,BI,anti,A,4.76,4.78,2.97,4.01,3.17,4.03,4.01,4.61,0.19,5.74,0.67,5.70,0.25,38.43,0.05,C3'-endo
44,144,0.61,C,C,C,0,1,0,0,0,(,"41,61",2,"tWW,cWW","tW+W,cW-W",5.14,3.04,0.87,1.41,3.59,4.99,4.88,3.57,BI,anti,A,4.32,4.63,2.82,3.67,3.13,3.70,4.07,4.14,0.04,5.81,0.71,5.58,0.42,42.34,0.27,C3'-endo
45,145,0.62,A,A,A,1,0,0,0,0,(,60,1,cWW,cW-W,5.13,3.09,0.90,1.49,3.57,5.02,4.83,3.43,BI,anti,A,4.36,4.50,2.95,3.76,3.15,3.76,3.79,4.16,0.08,5.82,0.65,5.66,0.34,38.24,0.20,C3'-endo
46,146,0.64,C,C,C,0,1,0,0,0,(,59,1,cWW,cW-W,5.19,2.95,0.95,1.50,3.59,4.99,4.88,3.50,BI,anti,A,4.36,4.51,2.95,3.77,3.22,3.75,3.89,4.18,6.28,5.88,0.62,5.64,0.41,37.69,0.33,C3'-endo
47,147,0.65,C,C,C,0,1,0,0,0,(,58,1,cWW,cW-W,5.22,2.99,0.88,1.41,3.74,5.12,4.91,3.44,BI,anti,.,4.35,4.60,2.96,3.88,3.19,3.92,3.89,4.76,6.26,5.87,0.67,5.58,0.45,40.82,0.36,C3'-endo
48,148,0.67,A,A,A,1,0,0,0,0,.,,0,,,5.06,2.96,0.96,1.36,3.77,5.02,5.04,3.50,BI,anti,A,4.50,4.77,2.78,3.81,3.11,3.83,4.28,4.36,0.07,5.77,0.74,5.57,0.41,43.55,0.24,C3'-endo
49,149,0.68,U,U,U,0,0,0,1,0,.,51,1,c.W,c.-W,5.22,2.94,1.00,1.47,3.92,4.86,5.34,3.55,BI,anti,.,4.39,4.71,3.00,3.72,3.26,3.96,4.07,4.09,0.01,5.84,0.68,5.60,0.42,40.64,0.30,C3'-endo
50,150,0.69,U,U,U,0,0,0,1,0,.,,0,,,5.31,3.77,0.84,2.38,5.00,1.30,3.70,4.07,..,anti,.,0.38,0.34,3.98,1.77,4.08,1.50,4.04,1.23,6.04,0.44,5.83,0.34,6.22,26.66,2.96,C2'-endo
51,151,0.71,G,G,G,0,0,1,0,0,.,49,1,cW.,cW-.,3.73,2.91,1.17,1.60,4.08,4.99,5.37,4.60,..,anti,.,0.26,4.62,2.49,3.94,2.64,4.03,2.42,4.36,0.02,5.86,0.65,5.63,0.40,38.93,0.30,C3'-endo
52,152,0.72,C,C,C,0,1,0,0,0,.,,0,,,5.54,4.19,0.93,1.76,1.94,4.33,3.89,4.35,..,anti,.,1.23,1.43,4.09,2.40,4.41,2.09,4.09,2.48,6.14,0.35,5.85,0.37,6.14,24.84,3.16,C3'-exo
53,153,0.74,A,A,A,1,0,0,0,0,.,,0,,,6.09,2.48,0.83,1.47,3.71,5.05,4.94,3.44,BI,anti,A,4.27,4.54,3.12,3.97,3.11,3.91,3.30,4.50,0.04,5.82,0.68,5.62,0.40,40.14,0.26,C3'-endo
54,154,0.75,C,C,C,0,1,0,0,0,.,,0,,,5.03,2.98,1.06,1.52,4.65,1.85,2.80,3.53,..,anti,.,3.73,4.40,3.21,1.72,3.43,1.07,4.22,5.32,6.20,5.95,0.59,5.63,0.46,37.27,0.44,C3'-endo
55,155,0.76,U,U,U,0,0,0,1,0,.,56,1,cSH,cm+M,0.87,2.99,0.96,2.37,5.48,2.40,3.07,4.38,BII,anti,.,0.24,0.76,6.28,3.17,0.51,2.93,2.26,3.26,6.09,0.39,5.86,0.33,6.19,24.53,3.03,C2'-endo
56,156,0.78,C,C,C,0,1,0,0,0,.,55,1,cHS,cM+m,2.93,3.42,0.98,1.44,3.71,5.23,4.77,3.26,BI,anti,.,4.57,4.65,2.31,3.96,2.14,4.05,2.64,4.95,0.03,5.85,0.66,5.62,0.40,39.14,0.29,C3'-endo
57,157,0.79,C,C,C,0,1,0,0,0,.,,0,,,5.05,3.11,0.89,1.48,3.32,4.60,5.00,3.39,BI,anti,.,4.39,4.44,2.82,2.99,3.24,2.77,4.49,3.01,0.06,5.84,0.63,5.67,0.35,37.04,0.23,C3'-endo
58,158,0.81,G,G,G,0,0,1,0,0,),47,1,cWW,cW-W,5.24,3.86,3.07,1.54,3.73,5.03,4.98,3.32,BI,anti,A,4.66,4.73,5.94,3.54,5.87,3.50,5.43,3.91,0.25,5.69,0.69,5.72,0.20,39.56,6.24,C2'-exo
59,159,0.82,G,G,G,0,0,1,0,0,),46,1,cWW,cW-W,5.20,3.01,0.95,1.45,3.62,5.03,4.87,3.44,BI,anti,A,4.42,4.69,3.01,3.73,3.29,3.75,3.99,4.21,0.13,5.77,0.68,5.65,0.32,39.61,0.15,C3'-endo
60,160,0.83,U,U,U,0,0,0,1,0,),45,1,cWW,cW-W,5.08,3.02,0.99,1.45,3.64,5.08,4.84,3.47,BI,anti,A,4.41,4.71,2.93,3.82,3.19,3.82,3.94,4.16,0.16,5.72,0.73,5.62,0.32,42.00,0.11,C3'-endo
61,161,0.85,G,G,G,0,0,1,0,0,),"41,44",2,"tHW,cWW","tM-W,cW-W",5.27,3.05,0.95,1.47,3.72,4.74,5.26,3.61,BI,anti,.,4.06,4.51,3.09,3.59,3.36,3.79,3.95,4.03,0.01,5.88,0.61,5.66,0.39,36.96,0.31,C3'-endo
62,162,0.86,G,G,G,0,0,1,0,0,.,"40,43",2,"tHW,cWW","tM-W,cW-W",5.37,2.89,1.15,2.45,3.87,5.72,4.44,4.60,..,anti,.,1.46,1.43,3.29,5.62,3.83,4.67,4.02,4.38,6.13,0.40,5.81,0.41,6.12,26.87,3.15,C3'-exo
63,163,0.88,C,C,C,0,1,0,0,0,.,,0,,,4.50,3.38,5.12,1.62,1.56,4.23,3.62,4.18,..,anti,.,1.34,1.16,0.84,1.34,1.51,0.69,1.77,6.24,6.14,0.34,5.88,0.34,6.17,23.24,3.11,C2'-endo
64,164,0.89,G,G,G,0,0,1,0,0,.,,0,,,2.50,3.72,0.73,1.90,1.62,2.29,5.61,4.44,..,anti,.,0.83,0.97,0.06,5.89,0.59,5.31,1.16,5.81,6.24,0.27,5.90,0.37,6.08,22.61,3.37,C3'-exo
65,165,0.90,A,A,A,1,0,0,0,0,.,,0,,,4.75,2.75,0.77,1.40,3.82,4.66,5.43,3.69,BI,anti,.,3.80,4.50,2.93,3.59,3.73,3.70,3.90,4.49,6.19,5.95,0.61,5.61,0.48,38.68,0.46,C3'-endo
66,166,0.92,A,A,A,1,0,0,0,0,.,29,1,tSS,tm+m,5.38,2.88,0.79,1.52,3.90,4.69,5.50,4.20,BI,anti,.,2.22,4.76,3.06,3.36,3.22,3.36,4.04,2.91,0.18,5.76,0.64,5.73,0.23,36.63,0.04,C3'-endo
67,167,0.93,U,U,U,0,0,0,1,0,],16,1,cWW,cW-W,3.40,1.74,3.04,2.13,3.15,4.56,4.88,4.22,BI,anti,.,2.42,2.35,3.50,2.75,3.04,2.68,2.55,3.04,6.17,0.33,5.88,0.35,6.13,23.19,3.19,C3'-exo
68,168,0.94,G,G,G,0,0,1,0,0,],15,1,cWW,cW-W,2.33,3.36,3.11,1.36,3.67,4.92,5.03,3.40,BI,anti,A,4.62,4.68,2.48,3.14,2.52,3.22,3.09,3.65,0.07,5.78,0.74,5.57,0.40,43.35,0.23,C3'-endo
69,169,0.96,G,G,G,0,0,1,0,0,],14,1,cWW,cW-W,5.35,2.95,0.89,1.38,3.61,5.06,4.83,3.42,BI,anti,A,4.65,4.72,2.97,3.74,3.18,3.77,3.79,4.27,0.07,5.79,0.70,5.60,0.39,41.42,0.23,C3'-endo
70,170,0.97,G,G,G,0,0,1,0,0,],13,1,cWW,cW-W,5.19,3.08,1.02,1.45,3.49,5.07,4.70,3.39,BI,anti,A,4.52,4.60,3.03,3.67,3.31,3.67,4.11,4.07,0.08,5.80,0.68,5.64,0.36,39.71,0.21,C3'-endo
71,171,0.99,A,A,A,1,0,0,0,0,],12,1,cWW,cW-W,5.11,3.16,0.91,1.41,3.82,4.94,5.16,3.53,BI,anti,A,4.39,4.77,3.03,3.81,3.21,3.86,3.80,4.41,0.09,5.77,0.71,5.60,0.37,41.72,0.20,C3'-endo
72,172,1.00,C,C,C,0,1,0,0,0,],11,1,cWW,cW-W,5.31,2.74,1.02,1.38,,,,3.36,n/a,anti,-,,,,,,,,,6.28,5.86,0.67,5.59,0.44,40.65,0.33,C3'-endo
