index_chain,old_nt_resnum,nt_position,nt_name,nt_code,nt_align_code,is_A,is_C,is_G,is_U,is_other,dbn,paired,nb_interact,pair_type_LW,pair_type_DSSR,alpha,beta,gamma,delta,epsilon,zeta,epsilon_zeta,chi,bb_type,glyco_bond,form,ssZp,Dp,eta,theta,eta_prime,theta_prime,eta_base,theta_base,v0,v1,v2,v3,v4,amplitude,phase_angle,puckering
1,601,0.03,G,G,G,0,0,1,0,0,.,,0,,,,3.02,0.99,1.35,3.72,5.14,4.86,3.10,BI,anti,A,4.62,4.69,,3.83,,3.90,,4.48,0.06,5.81,0.69,5.61,0.39,40.62,0.24,C3'-endo
2,602,0.06,G,G,G,0,0,1,0,0,.,,0,,,5.32,3.33,0.67,1.42,3.36,4.85,4.79,3.54,BI,anti,A,4.24,4.47,3.02,3.85,3.27,3.81,4.08,4.23,0.11,5.80,0.65,5.67,0.31,38.01,0.16,C3'-endo
3,603,0.09,A,A,A,1,0,0,0,0,.,,0,,,2.87,3.63,2.83,1.52,4.74,5.32,5.70,3.37,..,anti,.,4.15,4.66,3.11,4.04,3.28,3.87,3.86,3.71,0.16,5.80,0.61,5.74,0.24,35.04,0.07,C3'-endo
4,604,0.11,A,A,A,1,0,0,0,0,.,,0,,,4.85,1.15,2.97,1.46,3.91,4.85,5.35,3.13,BI,anti,.,4.31,4.58,3.45,3.09,3.44,3.24,3.53,3.74,0.06,5.84,0.63,5.67,0.35,36.88,0.23,C3'-endo
5,605,0.14,C,C,C,0,1,0,0,0,.,,0,,,2.58,3.42,3.01,1.40,3.73,4.92,5.09,3.22,BI,anti,A,4.81,4.66,2.48,3.24,2.85,3.35,3.59,3.93,6.28,5.87,0.65,5.61,0.42,39.10,0.33,C3'-endo
6,606,0.17,C,C,C,0,1,0,0,0,.,,0,,,5.16,3.12,0.93,1.44,3.69,5.06,4.92,3.29,BI,anti,A,4.53,4.65,3.02,3.82,3.21,3.83,3.92,4.23,0.08,5.80,0.67,5.64,0.36,39.45,0.21,C3'-endo
7,607,0.20,G,G,G,0,0,1,0,0,(,22,1,cWW,cW-W,5.15,3.12,0.87,1.38,3.74,5.12,4.90,3.37,BI,anti,A,4.55,4.69,2.94,3.84,3.14,3.90,3.80,4.59,0.04,5.84,0.66,5.63,0.39,38.96,0.27,C3'-endo
8,608,0.23,G,G,G,0,0,1,0,0,(,"21,25",2,"cWW,tS.","cW-W,tm+.",5.12,2.96,1.04,1.40,3.72,5.03,4.97,3.36,BI,anti,A,4.46,4.62,2.93,3.75,3.25,3.72,4.24,4.01,0.03,5.82,0.69,5.59,0.42,41.12,0.28,C3'-endo
9,609,0.26,U,U,U,0,0,0,1,0,(,20,1,cWW,cW-W,4.96,3.06,0.99,1.37,3.98,4.81,5.45,3.42,BI,anti,.,4.59,4.77,2.87,3.63,3.04,3.75,3.55,3.89,6.25,5.87,0.67,5.56,0.47,41.51,0.37,C3'-endo
10,610,0.29,G,G,G,0,0,1,0,0,.,"18,28",2,"cW.,cWH","cW-.,cW+M",5.43,3.63,0.71,1.40,3.70,5.38,4.61,4.38,BI,anti,.,1.55,4.25,3.48,3.68,3.44,3.54,3.43,3.39,6.11,6.01,0.58,5.59,0.55,39.46,0.57,C3'-endo
11,611,0.31,C,C,C,0,1,0,0,0,{,30,1,cWW,cW-W,4.00,1.93,3.11,1.50,4.77,3.94,0.83,4.07,..,anti,.,1.04,3.30,3.64,3.09,3.44,2.82,3.20,2.49,5.98,6.15,0.49,5.61,0.61,38.85,0.77,C4'-exo
12,612,0.34,G,G,G,0,0,1,0,0,[,33,1,cWW,cW-W,3.06,3.51,0.96,0.02,2.37,1.24,1.13,3.31,..,anti,A,4.49,4.65,0.97,3.91,1.47,4.02,1.64,4.46,0.16,5.85,0.52,5.84,0.18,29.97,0.02,C3'-endo
13,613,0.37,C,C,C,0,1,0,0,0,[,32,1,cWW,cW-W,4.73,3.11,0.62,1.40,3.48,1.02,2.46,3.71,..,anti,.,4.16,4.52,3.08,5.67,3.29,5.04,3.92,4.02,0.01,5.87,0.63,5.64,0.40,38.04,0.31,C3'-endo
14,614,0.40,A,A,A,1,0,0,0,0,.,31,1,tWW,tW+W,3.17,2.35,0.75,2.59,4.34,2.80,1.55,4.17,BII,anti,.,0.15,0.90,0.87,2.82,2.11,2.68,1.66,2.61,5.88,0.67,5.61,0.45,6.25,39.92,2.86,C2'-endo
15,615,0.43,U,U,U,0,0,0,1,0,.,"27,29",2,"tHW,cWW","tM-W,cW-W",4.80,3.29,0.76,2.60,4.94,1.96,2.98,4.93,..,anti,.,0.95,1.08,3.92,2.80,3.73,2.16,3.40,2.10,5.69,0.81,5.57,0.39,0.12,45.90,2.67,C2'-endo
16,616,0.46,A,A,A,1,0,0,0,0,.,,0,,,0.84,2.72,3.25,1.48,3.81,4.99,5.11,3.11,BI,anti,A,4.75,4.75,1.97,3.11,1.55,3.39,1.69,4.07,0.15,5.76,0.67,5.69,0.28,38.39,0.10,C3'-endo
17,617,0.49,A,A,A,1,0,0,0,0,.,29,1,cWW,cW-W,5.33,2.93,0.92,1.49,3.76,5.11,4.94,3.23,BI,anti,.,4.48,4.60,3.01,4.04,3.34,4.05,4.15,4.75,0.04,5.84,0.66,5.62,0.39,39.20,0.27,C3'-endo
18,618,0.51,C,C,C,0,1,0,0,0,[,"10,28",2,"c.W,cWW","c.-W,cW-W",5.21,2.95,0.99,1.39,3.79,5.18,4.89,3.29,BI,anti,.,4.67,4.59,2.95,3.99,3.30,4.05,4.39,5.07,6.24,5.90,0.64,5.60,0.46,39.43,0.39,C3'-endo
19,619,0.54,C,C,C,0,1,0,0,0,[,26,1,cWW,cW-W,5.05,3.01,0.97,1.50,3.73,5.10,4.91,3.45,BI,anti,A,4.47,4.68,2.83,3.96,3.23,3.96,4.62,4.50,0.13,5.79,0.65,5.68,0.30,37.89,0.14,C3'-endo
20,620,0.57,A,A,A,1,0,0,0,0,),9,1,cWW,cW-W,5.12,2.91,0.99,1.40,3.91,4.92,5.27,3.32,BI,anti,A,4.62,4.76,2.90,3.88,3.22,3.92,4.14,4.49,0.09,5.78,0.71,5.60,0.37,41.49,0.21,C3'-endo
21,621,0.60,C,C,C,0,1,0,0,0,),8,1,cWW,cW-W,5.37,2.74,1.03,1.36,3.72,4.99,5.01,3.43,BI,anti,A,4.44,4.59,2.95,3.77,3.29,3.88,4.18,4.30,6.20,5.91,0.66,5.55,0.51,41.91,0.44,C3'-endo
22,622,0.63,C,C,C,0,1,0,0,0,),7,1,cWW,cW-W,5.40,3.19,1.00,2.69,4.49,1.62,2.87,4.18,..,anti,.,1.08,0.96,3.49,2.43,4.00,2.34,4.43,2.67,5.88,0.67,5.61,0.46,6.24,39.76,2.87,C2'-endo
23,623,0.66,U,U,U,0,0,0,1,0,.,,0,,,2.60,4.02,3.11,0.33,2.60,5.04,3.84,3.25,BI,anti,.,2.28,2.79,3.83,2.28,3.67,1.49,3.61,1.73,5.58,0.78,5.72,0.17,0.33,44.56,2.39,C1'-exo
24,624,0.69,C,C,C,0,1,0,0,0,.,,0,,,1.86,3.22,0.89,2.54,4.86,4.43,0.43,4.03,..,anti,.,0.83,0.55,0.14,5.69,0.24,5.43,5.96,5.90,5.84,0.68,5.64,0.40,0.02,39.12,2.78,C2'-endo
25,625,0.71,A,A,A,1,0,0,0,0,.,8,1,t.S,t.+m,0.67,2.29,0.53,1.36,4.34,3.83,0.51,3.75,..,anti,.,3.21,4.24,3.51,2.69,4.17,4.09,4.14,3.47,6.06,6.06,0.56,5.58,0.58,40.01,0.64,C4'-exo
26,626,0.74,G,G,G,0,0,1,0,0,],19,1,cWW,cW-W,4.07,4.40,0.89,2.60,5.22,1.66,3.57,5.62,..,...,.,0.58,0.28,3.94,3.11,2.85,3.05,2.61,3.96,5.85,0.69,5.63,0.43,0.00,39.84,2.81,C2'-endo
27,627,0.77,U,U,U,0,0,0,1,0,.,"15,29",2,"tWH,cWH","tW-M,cW+M",2.28,3.83,2.83,2.65,4.77,1.97,2.80,3.97,..,anti,.,0.60,0.67,4.30,1.86,4.14,1.81,4.72,1.77,5.84,0.74,5.55,0.49,6.25,43.61,2.86,C2'-endo
28,628,0.80,G,G,G,0,0,1,0,0,],"10,18",2,"cHW,cWW","cM+W,cW-W",2.96,3.74,1.14,1.35,3.73,5.25,4.76,3.32,BI,anti,.,4.55,4.57,2.37,3.95,2.07,4.02,2.03,4.86,6.15,5.94,0.66,5.53,0.56,43.05,0.49,C3'-endo
29,629,0.83,C,C,C,0,1,0,0,0,.,"15,17,27",3,"cWW,cWW,cHW","cW-W,cW-W,cM+W",5.13,3.11,0.85,1.40,3.58,0.60,2.99,3.65,..,anti,.,4.30,4.56,2.84,5.81,3.18,5.18,4.30,4.57,6.22,5.91,0.64,5.58,0.48,40.21,0.41,C3'-endo
30,630,0.86,G,G,G,0,0,1,0,0,},11,1,cWW,cW-W,2.47,3.18,0.93,2.67,4.54,1.13,3.40,4.23,..,anti,.,0.50,0.75,0.85,2.19,1.96,1.69,2.03,1.82,5.94,0.63,5.63,0.48,6.20,38.42,2.94,C2'-endo
31,631,0.89,A,A,A,1,0,0,0,0,.,14,1,tWW,tW+W,2.24,4.24,2.10,1.33,3.14,5.11,4.31,3.59,BI,anti,.,4.47,4.32,2.40,4.11,2.54,3.79,2.77,4.10,6.09,6.01,0.61,5.54,0.59,42.15,0.59,C3'-endo
32,632,0.91,G,G,G,0,0,1,0,0,],13,1,cWW,cW-W,2.93,3.42,3.01,1.43,3.92,4.82,5.39,3.12,BI,anti,A,4.46,4.60,3.09,3.36,3.32,3.46,4.04,4.18,0.02,5.86,0.64,5.64,0.39,38.14,0.30,C3'-endo
33,633,0.94,C,C,C,0,1,0,0,0,],12,1,cWW,cW-W,5.46,2.82,0.74,1.37,3.73,5.09,4.93,3.32,BI,anti,A,4.60,4.69,2.89,3.87,3.15,3.91,4.10,4.54,0.07,5.79,0.70,5.60,0.38,41.38,0.22,C3'-endo
34,634,0.97,A,A,A,1,0,0,0,0,.,,0,,,5.33,3.01,0.88,1.40,3.55,5.06,4.78,3.59,BI,anti,A,4.16,4.58,2.99,3.68,3.30,3.73,4.23,4.37,0.06,5.81,0.68,5.61,0.38,40.38,0.24,C3'-endo
35,635,1.00,A,A,A,1,0,0,0,0,.,,0,,,4.93,3.26,0.93,1.36,,,,3.75,n/a,anti,-,,,,,,,,,0.16,5.76,0.67,5.69,0.27,38.43,0.09,C3'-endo
