index_chain,old_nt_resnum,nt_position,nt_name,nt_code,nt_align_code,is_A,is_C,is_G,is_U,is_other,dbn,paired,nb_interact,pair_type_LW,pair_type_DSSR,alpha,beta,gamma,delta,epsilon,zeta,epsilon_zeta,chi,bb_type,glyco_bond,form,ssZp,Dp,eta,theta,eta_prime,theta_prime,eta_base,theta_base,v0,v1,v2,v3,v4,amplitude,phase_angle,puckering
1,1,0.10,G,G,G,0,0,1,0,0,(,0,1,cWW,cW-W,,,0.99,1.46,3.60,5.05,4.83,3.33,BI,anti,A,4.54,4.61,,,,,,,0.07,5.81,0.67,5.63,0.37,39.57,0.23,C3'-endo
2,2,0.20,G,G,G,0,0,1,0,0,(,0,1,cWW,cW-W,5.17,3.08,0.86,1.45,3.65,5.08,4.85,3.44,BI,anti,A,4.45,4.67,2.94,3.84,3.18,3.86,3.97,4.35,0.09,5.79,0.68,5.64,0.35,39.88,0.19,C3'-endo
3,3,0.30,C,C,C,0,1,0,0,0,(,0,1,cWW,cW-W,5.21,3.05,0.87,1.39,3.64,5.14,4.79,3.50,BI,anti,A,4.48,4.69,2.90,3.84,3.17,3.84,3.97,4.24,6.28,5.84,0.70,5.57,0.46,42.30,0.33,C3'-endo
4,4,0.40,G,G,G,0,0,1,0,0,(,0,1,cWW,cW-W,5.28,2.94,0.97,1.35,3.53,5.01,4.81,3.45,BI,anti,A,4.39,4.47,2.98,3.58,3.28,3.59,3.97,4.11,6.14,5.96,0.64,5.54,0.56,42.14,0.52,C3'-endo
5,5,0.50,C,C,C,0,1,0,0,0,(,0,1,cWW,cW-W,5.28,3.02,0.83,1.38,3.39,5.22,4.45,3.50,BI,anti,.,4.44,4.48,2.95,4.13,3.18,3.90,3.92,4.22,6.24,5.89,0.66,5.58,0.47,40.64,0.38,C3'-endo
6,6,0.60,G,G,G,0,0,1,0,0,(,0,1,cWW,cW-W,2.57,3.18,3.20,1.43,3.72,4.88,5.13,3.28,BI,anti,A,4.66,4.69,2.83,3.02,3.06,3.19,3.73,3.72,0.08,5.79,0.70,5.61,0.37,41.08,0.21,C3'-endo
7,7,0.70,C,C,C,0,1,0,0,0,(,0,1,cWW,cW-W,5.28,2.91,0.91,1.42,3.58,4.94,4.93,3.38,BI,anti,A,4.58,4.66,2.96,3.63,3.19,3.62,3.84,3.88,0.05,5.81,0.70,5.60,0.40,41.44,0.26,C3'-endo
8,8,0.80,G,G,G,0,0,1,0,0,(,0,1,cWW,cW-W,5.22,3.09,0.88,1.43,3.72,4.93,5.07,3.43,BI,anti,A,4.47,4.68,3.03,3.72,3.17,3.77,3.62,4.32,0.08,5.78,0.71,5.60,0.38,41.58,0.22,C3'-endo
9,9,0.90,C,C,C,0,1,0,0,0,(,0,1,cWW,cW-W,5.20,2.91,0.91,1.44,3.69,5.06,4.91,3.48,BI,anti,A,4.50,4.69,2.90,3.85,3.15,3.84,3.95,4.19,0.06,5.80,0.70,5.60,0.39,41.25,0.24,C3'-endo
10,10,1.00,C,C,C,0,1,0,0,0,(,0,1,cWW,cW-W,5.22,3.00,0.95,1.30,,,,3.49,n/a,anti,-,,,,,,,,,6.21,5.91,0.65,5.57,0.50,40.91,0.43,C3'-endo
