index_chain,old_nt_resnum,nt_position,nt_name,nt_code,nt_align_code,is_A,is_C,is_G,is_U,is_other,dbn,paired,nb_interact,pair_type_LW,pair_type_DSSR,alpha,beta,gamma,delta,epsilon,zeta,epsilon_zeta,chi,bb_type,glyco_bond,form,ssZp,Dp,eta,theta,eta_prime,theta_prime,eta_base,theta_base,v0,v1,v2,v3,v4,amplitude,phase_angle,puckering
1,26,0.05,G,G,G,0,0,1,0,0,(,22,1,cWW,cW-W,,,2.94,1.55,3.99,4.84,5.44,3.23,BI,anti,A,4.62,4.73,,,,,,,0.23,5.72,0.66,5.74,0.20,37.71,6.26,C2'-exo
2,27,0.09,C,C,C,0,1,0,0,0,(,21,1,cWW,cW-W,5.54,2.82,0.65,1.44,3.55,5.10,4.73,3.50,BI,anti,A,4.26,4.54,2.87,3.77,3.18,3.75,3.81,4.15,6.24,5.87,0.68,5.56,0.48,41.85,0.37,C3'-endo
3,28,0.14,C,C,C,0,1,0,0,0,(,20,1,cWW,cW-W,4.99,2.99,1.09,1.39,3.80,5.17,4.91,3.44,BI,anti,.,4.34,4.62,2.91,3.97,3.15,4.00,3.81,4.85,6.20,5.92,0.65,5.57,0.50,41.10,0.44,C3'-endo
4,29,0.18,A,A,A,1,0,0,0,0,.,,0,,,5.04,3.04,0.94,1.43,3.79,3.89,6.19,3.43,..,anti,.,4.71,4.78,2.77,3.08,3.16,3.13,4.38,2.56,0.08,5.77,0.73,5.59,0.39,42.65,0.22,C3'-endo
5,30,0.23,A,A,A,1,0,0,0,0,.,,0,,,0.72,3.11,5.26,2.70,3.81,1.35,2.46,1.12,..,syn,.,-2.00,1.74,3.28,1.07,3.10,0.36,2.43,5.70,5.91,0.66,5.60,0.49,6.21,40.07,2.93,C2'-endo
6,31,0.27,U,U,U,0,0,0,1,0,.,,0,,,1.28,3.30,1.02,2.56,4.65,4.94,6.00,4.60,..,anti,.,0.59,0.71,0.18,6.19,0.73,5.91,1.38,0.23,5.79,0.71,5.64,0.38,0.07,40.51,2.72,C2'-endo
7,32,0.32,G,G,G,0,0,1,0,0,.,19,1,tSH,tm-M,3.13,4.14,2.75,2.29,4.98,2.56,2.42,3.60,BII,anti,.,1.19,0.78,3.40,2.78,4.00,2.89,3.74,3.23,5.73,0.69,5.72,0.26,0.19,38.85,2.55,C2'-endo
8,33,0.36,A,A,A,1,0,0,0,0,.,18,1,tHS,tM-m,1.96,3.95,2.86,1.38,4.43,5.22,5.50,2.97,..,anti,.,3.24,3.73,3.32,4.25,3.19,4.47,3.44,5.50,5.97,6.17,0.46,5.62,0.60,38.05,0.80,C4'-exo
9,34,0.41,G,G,G,0,0,1,0,0,(,17,1,cWW,cW-W,5.35,2.76,1.04,2.50,3.78,3.42,0.35,4.64,..,anti,B,1.68,1.72,2.73,3.59,3.73,3.12,4.87,3.91,5.77,0.75,5.59,0.41,0.06,43.28,2.74,C2'-endo
10,35,0.45,G,G,G,0,0,1,0,0,(,16,1,cWW,cW-W,0.13,2.55,5.37,1.61,,,,4.01,..,anti,-,,,,,,,,,0.25,5.67,0.71,5.70,0.21,40.90,6.25,C2'-exo
11,not resolved,0.50,-,-,-,0,0,0,0,1,,,0,,,,,,,,,,,,,,,,,,,,,,,,,,,,,
12,not resolved,0.55,-,-,-,0,0,0,0,1,,,0,,,,,,,,,,,,,,,,,,,,,,,,,,,,,
13,not resolved,0.59,-,-,-,0,0,0,0,1,,,0,,,,,,,,,,,,,,,,,,,,,,,,,,,,,
14,not resolved,0.64,-,-,-,0,0,0,0,1,,,0,,,,,,,,,,,,,,,,,,,,,,,,,,,,,
15,not resolved,0.68,-,-,-,0,0,0,0,1,,,0,,,,,,,,,,,,,,,,,,,,,,,,,,,,,
16,41,0.73,C,C,C,0,1,0,0,0,),10,1,cWW,cW-W,,2.41,0.71,1.47,3.52,5.36,4.45,3.17,BI,anti,.,4.29,4.45,,4.30,,4.22,,4.96,0.02,5.87,0.63,5.64,0.39,37.96,0.29,C3'-endo
17,42,0.77,C,C,C,0,1,0,0,0,),9,1,cWW,cW-W,4.12,3.38,1.64,1.53,3.86,5.20,4.94,3.36,BI,anti,.,4.14,4.34,2.90,4.24,3.32,4.38,4.46,5.28,6.27,5.92,0.59,5.67,0.40,35.78,0.35,C3'-endo
18,43,0.82,G,G,G,0,0,1,0,0,.,8,1,tSH,tm-M,5.61,2.76,0.90,2.48,3.73,3.21,0.51,4.34,..,anti,.,2.28,2.06,2.98,2.83,3.88,2.83,5.02,2.98,5.79,0.70,5.66,0.36,0.08,39.70,2.70,C2'-endo
19,44,0.86,A,A,A,1,0,0,0,0,.,7,1,tHS,tM-m,5.14,3.32,0.65,2.50,5.24,1.26,3.98,4.01,..,anti,.,0.31,0.26,3.92,2.76,3.66,2.48,3.54,3.09,5.88,0.62,5.69,0.38,0.01,36.09,2.79,C2'-endo
20,45,0.91,G,G,G,0,0,1,0,0,),3,1,cWW,cW-W,1.71,4.11,3.06,1.44,3.66,4.90,5.04,3.28,BI,anti,A,4.53,4.67,3.36,3.41,3.45,3.34,4.22,3.72,0.08,5.80,0.69,5.62,0.37,40.34,0.21,C3'-endo
21,46,0.95,G,G,G,0,0,1,0,0,),2,1,cWW,cW-W,5.17,3.15,0.92,1.49,3.89,5.03,5.14,3.56,BI,anti,A,4.20,4.73,3.12,4.03,3.25,4.08,3.76,4.50,0.12,5.78,0.68,5.65,0.33,39.49,0.16,C3'-endo
22,47,1.00,C,C,C,0,1,0,0,0,),1,1,cWW,cW-W,5.42,3.02,0.60,1.38,,,,3.93,n/a,anti,-,,,,,,,,,6.14,5.98,0.61,5.58,0.53,40.01,0.52,C3'-endo
