index_chain,old_nt_resnum,nt_position,nt_name,nt_code,nt_align_code,is_A,is_C,is_G,is_U,is_other,dbn,paired,nb_interact,pair_type_LW,pair_type_DSSR,alpha,beta,gamma,delta,epsilon,zeta,epsilon_zeta,chi,bb_type,glyco_bond,form,ssZp,Dp,eta,theta,eta_prime,theta_prime,eta_base,theta_base,v0,v1,v2,v3,v4,amplitude,phase_angle,puckering
1,1,0.05,A,A,A,1,0,0,0,0,.,0,1,tHH,tM+M,,,0.69,2.18,5.11,4.08,1.04,4.65,..,anti,.,-1.41,3.12,,,,,,,0.41,6.01,0.04,0.19,5.90,23.64,4.82,O4'-exo
2,2,0.10,G,G,G,0,0,1,0,0,(,0,1,cWW,cW-W,1.00,3.16,1.09,1.31,3.72,5.13,4.88,3.31,BI,anti,A,4.71,4.70,4.94,3.79,5.80,3.83,0.94,4.30,0.08,5.74,0.79,5.53,0.43,46.21,0.23,C3'-endo
3,3,0.15,G,G,G,0,0,1,0,0,(,0,1,cWW,cW-W,5.36,3.08,0.98,1.34,3.81,4.93,5.16,3.41,BI,anti,A,4.50,4.63,3.19,3.66,3.43,3.68,4.14,4.14,0.00,5.82,0.72,5.54,0.47,43.61,0.32,C3'-endo
4,4,0.20,A,A,A,1,0,0,0,0,(,0,1,cWW,cW-W,5.20,2.79,1.00,1.25,3.84,4.97,5.16,3.45,BI,anti,A,4.48,4.71,2.83,3.70,3.06,3.71,3.79,4.19,0.08,5.70,0.84,5.48,0.46,49.35,0.23,C3'-endo
5,5,0.25,G,G,G,0,0,1,0,0,(,0,1,cWW,cW-W,5.26,2.94,1.00,1.34,3.49,4.92,4.85,3.40,BI,anti,A,4.60,4.62,2.92,3.46,3.18,3.47,3.96,3.69,0.10,5.73,0.77,5.56,0.40,45.05,0.19,C3'-endo
6,6,0.30,A,A,A,1,0,0,0,0,(,0,1,cWW,cW-W,5.13,3.16,0.91,1.43,3.62,5.08,4.82,3.41,BI,anti,A,4.50,4.61,2.98,3.79,3.10,3.80,3.50,4.21,0.13,5.73,0.76,5.59,0.35,43.83,0.16,C3'-endo
7,7,0.35,G,G,G,0,0,1,0,0,(,0,1,cWW,cW-W,5.22,3.07,0.94,1.35,3.70,5.00,4.99,3.35,BI,anti,A,4.66,4.62,3.00,3.70,3.22,3.73,3.90,3.98,0.02,5.82,0.72,5.57,0.44,42.88,0.29,C3'-endo
8,8,0.40,A,A,A,1,0,0,0,0,(,0,1,cWW,cW-W,5.31,2.94,0.97,1.29,3.77,5.05,5.00,3.34,BI,anti,A,4.50,4.65,3.00,3.77,3.22,3.80,3.70,4.40,6.16,5.91,0.72,5.48,0.58,46.15,0.47,C3'-endo
9,9,0.45,G,G,G,0,0,1,0,0,(,0,1,cWW,cW-W,5.23,2.96,1.02,1.28,3.74,4.97,5.05,3.43,BI,anti,A,4.46,4.66,2.95,3.63,3.21,3.65,4.07,4.39,6.22,5.85,0.74,5.49,0.53,45.85,0.40,C3'-endo
10,10,0.50,A,A,A,1,0,0,0,0,.,0,1,cWW,cW-W,5.08,2.82,1.12,1.40,3.79,5.08,5.00,3.31,BI,anti,A,4.66,4.69,2.89,3.92,3.15,3.91,4.16,4.54,0.09,5.75,0.74,5.57,0.38,43.45,0.20,C3'-endo
11,11,0.55,U,U,U,0,0,0,1,0,(,0,1,cWW,cW-W,5.30,2.91,0.98,1.31,3.75,4.99,5.04,3.58,BI,anti,A,4.21,4.63,2.95,3.71,3.28,3.73,4.25,4.34,6.28,5.83,0.72,5.55,0.46,43.40,0.32,C3'-endo
12,12,0.60,G,G,G,0,0,1,0,0,(,0,1,cWW,cW-W,5.19,3.11,0.73,1.39,3.65,4.98,4.94,3.52,BI,anti,A,4.53,4.71,2.78,3.67,2.98,3.70,3.84,3.97,0.14,5.71,0.77,5.58,0.35,44.29,0.14,C3'-endo
13,13,0.65,G,G,G,0,0,1,0,0,(,0,1,cWW,cW-W,5.29,2.88,0.99,1.33,3.68,4.99,4.97,3.31,BI,anti,A,4.58,4.65,2.97,3.68,3.19,3.72,3.73,4.30,6.26,5.84,0.72,5.53,0.49,44.08,0.36,C3'-endo
14,14,0.70,G,G,G,0,0,1,0,0,(,0,1,cWW,cW-W,5.10,3.12,0.94,1.43,3.59,4.86,5.01,3.47,BI,anti,A,4.60,4.60,2.90,3.58,3.13,3.54,3.96,3.72,0.03,5.82,0.71,5.58,0.43,42.23,0.28,C3'-endo
15,15,0.75,U,U,U,0,0,0,1,0,(,0,1,cWW,cW-W,5.19,2.90,1.04,1.36,3.77,5.09,4.96,3.35,BI,anti,A,4.65,4.67,2.97,3.85,3.10,3.86,3.51,4.55,0.03,5.80,0.72,5.56,0.43,43.05,0.28,C3'-endo
16,16,0.80,G,G,G,0,0,1,0,0,(,0,1,cWW,cW-W,5.16,3.13,0.83,1.38,3.74,4.91,5.11,3.45,BI,anti,A,4.59,4.71,2.85,3.67,3.11,3.71,4.12,4.08,0.18,5.72,0.71,5.66,0.28,41.02,0.08,C3'-endo
17,17,0.85,C,C,C,0,1,0,0,0,(,0,1,cWW,cW-W,5.30,2.90,0.94,1.35,3.77,4.98,5.07,3.45,BI,anti,A,4.59,4.70,2.94,3.77,3.16,3.78,3.76,4.29,0.06,5.78,0.73,5.57,0.41,43.40,0.25,C3'-endo
18,18,0.90,G,G,G,0,0,1,0,0,(,0,1,cWW,cW-W,5.30,2.88,0.89,1.34,3.69,4.91,5.06,3.35,BI,anti,A,4.67,4.67,2.88,3.63,3.15,3.67,3.98,4.20,0.02,5.81,0.73,5.55,0.45,43.90,0.30,C3'-endo
19,19,0.95,A,A,A,1,0,0,0,0,(,0,1,cWW,cW-W,5.26,2.86,1.10,1.48,3.66,4.78,5.17,3.27,BI,anti,A,4.46,4.56,3.06,3.62,3.33,3.66,4.11,3.91,0.12,5.79,0.66,5.67,0.31,38.28,0.15,C3'-endo
20,20,1.00,G,G,G,0,0,1,0,0,(,0,1,cWW,cW-W,5.32,2.93,1.08,1.43,,,,3.64,n/a,anti,-,,,,,,,,,6.21,6.09,0.38,5.85,0.32,24.59,0.50,C3'-endo
