index_chain,old_nt_resnum,nt_position,nt_name,nt_code,nt_align_code,is_A,is_C,is_G,is_U,is_other,dbn,paired,nb_interact,pair_type_LW,pair_type_DSSR,alpha,beta,gamma,delta,epsilon,zeta,epsilon_zeta,chi,bb_type,glyco_bond,form,ssZp,Dp,eta,theta,eta_prime,theta_prime,eta_base,theta_base,v0,v1,v2,v3,v4,amplitude,phase_angle,puckering
1,101,0.02,GTP,g,G,0,0,0,0,1,(,58,1,cWW,cW-W,,,1.22,1.51,3.68,5.10,4.87,3.20,BI,anti,A,5.00,4.57,,,,,,,0.06,5.87,0.59,5.72,0.32,34.58,0.22,C3'-endo
2,102,0.03,C,C,C,0,1,0,0,0,(,57,1,cWW,cW-W,5.16,3.05,0.86,1.43,3.61,5.09,4.81,3.39,BI,anti,A,4.62,4.66,2.87,3.77,3.19,3.78,4.28,4.03,0.12,5.77,0.69,5.64,0.33,40.05,0.16,C3'-endo
3,103,0.05,C,C,C,0,1,0,0,0,(,56,1,cWW,cW-W,5.06,3.24,0.85,1.38,3.64,5.06,4.86,3.55,BI,anti,A,4.29,4.65,2.89,3.71,3.06,3.75,3.56,4.19,0.05,5.80,0.71,5.58,0.41,42.27,0.26,C3'-endo
4,104,0.07,A,A,A,1,0,0,0,0,(,55,1,cWW,cW-W,5.29,3.02,0.84,1.35,3.54,4.58,5.24,3.44,BI,anti,A,4.61,4.62,2.93,3.81,3.18,3.75,3.86,4.15,0.01,5.83,0.71,5.57,0.44,42.49,0.31,C3'-endo
5,105,0.09,G,G,G,0,0,1,0,0,(,"35,54",2,"tSS,cWW","tm+m,cW-W",2.59,3.87,3.04,1.38,4.32,5.09,5.52,3.07,..,anti,.,4.74,4.81,2.95,3.99,3.17,4.03,3.85,4.99,0.15,5.72,0.75,5.60,0.34,43.33,0.13,C3'-endo
6,106,0.10,G,G,G,0,0,1,0,0,.,53,1,tSH,tm-M,5.24,2.92,0.90,1.46,4.09,1.30,2.80,3.51,..,anti,.,4.38,4.78,2.80,1.08,3.23,1.17,4.55,1.64,0.07,5.82,0.67,5.64,0.36,39.13,0.23,C3'-endo
7,107,0.12,A,A,A,1,0,0,0,0,(,31,1,cWW,cW-W,2.01,4.22,2.67,1.36,4.37,4.62,6.03,3.01,..,anti,A,4.67,4.70,3.02,3.85,3.39,3.79,3.43,4.14,6.26,5.91,0.61,5.64,0.42,37.40,0.36,C3'-endo
8,108,0.14,U,U,U,0,0,0,1,0,(,30,1,cWW,cW-W,5.27,2.77,0.83,1.34,3.68,4.88,5.08,3.34,BI,anti,A,4.58,4.63,2.71,3.58,2.94,3.63,3.63,3.90,6.27,5.84,0.70,5.56,0.46,42.48,0.34,C3'-endo
9,109,0.16,G,G,G,0,0,1,0,0,(,29,1,cWW,cW-W,5.26,3.20,0.86,1.42,3.61,0.58,3.03,3.60,..,anti,.,4.03,4.52,3.13,5.69,3.23,5.06,3.59,4.27,0.03,5.85,0.65,5.63,0.39,38.70,0.28,C3'-endo
10,110,0.17,U,U,U,0,0,0,1,0,.,38,1,cWH,cW+M,2.80,2.89,0.92,2.63,5.05,2.00,3.05,3.97,..,anti,.,-0.41,0.13,1.18,2.94,2.25,1.89,2.00,1.70,5.95,0.63,5.62,0.49,6.18,38.88,2.96,C2'-endo
11,111,0.19,A,A,A,1,0,0,0,0,.,,0,,,1.12,3.46,0.98,2.62,4.65,4.63,0.02,4.38,..,anti,.,0.64,0.62,0.57,5.74,0.57,4.70,0.31,3.39,5.94,0.63,5.62,0.49,6.19,38.70,2.95,C2'-endo
12,112,0.21,G,G,G,0,0,1,0,0,(,26,1,cWW,cW-W,1.31,2.76,0.89,1.46,3.88,4.91,5.25,3.16,BI,anti,A,4.70,4.71,4.71,3.91,5.83,3.93,1.06,4.51,0.15,5.76,0.69,5.66,0.30,39.92,0.12,C3'-endo
13,113,0.22,G,G,G,0,0,1,0,0,(,25,1,cWW,cW-W,5.21,2.96,0.87,1.45,3.79,5.19,4.88,3.30,BI,anti,.,4.62,4.72,2.89,4.06,3.15,4.08,4.08,4.53,0.16,5.71,0.75,5.61,0.32,43.30,0.12,C3'-endo
14,114,0.24,C,C,C,0,1,0,0,0,(,24,1,cWW,cW-W,5.22,3.03,1.02,1.41,3.84,5.03,5.09,3.53,BI,anti,.,4.23,4.54,3.06,3.88,3.39,3.96,4.16,4.83,6.17,5.93,0.66,5.54,0.54,42.76,0.47,C3'-endo
15,115,0.26,U,U,U,0,0,0,1,0,.,23,1,cWW,cW-W,5.22,2.66,1.11,1.47,3.60,5.38,4.50,3.46,BI,anti,.,4.42,4.50,2.89,4.12,3.34,4.07,4.55,4.85,6.23,5.90,0.65,5.59,0.48,40.34,0.40,C3'-endo
16,116,0.28,U,U,U,0,0,0,1,0,.,,0,,,4.90,3.08,0.99,1.40,3.77,5.20,4.86,3.55,BI,anti,.,4.41,4.67,2.82,4.27,3.23,3.53,4.41,2.56,6.26,5.87,0.67,5.59,0.46,40.76,0.36,C3'-endo
17,117,0.29,A,A,A,1,0,0,0,0,.,,0,,,2.93,2.72,0.88,1.45,3.92,5.12,5.08,3.39,BI,anti,.,4.21,4.48,0.41,4.11,0.82,4.13,0.40,5.07,6.22,5.93,0.61,5.62,0.46,38.12,0.42,C3'-endo
18,118,0.31,G,G,G,0,0,1,0,0,.,,0,,,5.13,3.05,0.83,1.50,4.06,5.11,5.23,3.79,..,anti,.,3.54,4.65,2.88,4.19,3.23,4.30,4.41,3.60,0.10,5.84,0.60,5.72,0.30,35.07,0.17,C3'-endo
19,119,0.33,A,A,A,1,0,0,0,0,.,,0,,,5.16,3.13,0.75,2.54,4.11,1.46,2.65,5.01,..,anti,.,2.58,1.80,2.83,1.78,3.43,1.13,2.82,0.80,5.69,0.82,5.56,0.40,0.11,46.24,2.67,C2'-endo
20,120,0.34,A,A,A,1,0,0,0,0,.,,0,,,1.33,2.88,3.08,2.65,3.78,0.84,2.94,4.15,..,anti,.,1.82,1.66,2.42,0.12,2.33,5.71,1.96,4.38,5.95,0.65,5.59,0.52,6.17,40.22,2.98,C2'-endo
21,121,0.36,G,G,G,0,0,1,0,0,.,"41,50",2,"cWH,...","cW+M,....",1.33,2.74,0.89,1.58,3.99,4.96,5.31,3.06,BI,anti,A,4.37,4.43,5.65,4.13,0.18,4.09,1.76,4.57,0.07,5.88,0.57,5.73,0.30,33.30,0.21,C3'-endo
22,122,0.38,C,C,C,0,1,0,0,0,.,"42,49",2,"cWH,tW.","cW+M,tW-.",5.07,2.95,0.87,1.44,4.18,3.14,1.03,3.48,BII,anti,.,4.35,4.66,2.82,2.55,3.09,2.49,3.90,5.15,6.27,5.88,0.64,5.62,0.43,39.12,0.34,C3'-endo
23,123,0.40,A,A,A,1,0,0,0,0,.,15,1,cWW,cW-W,1.25,2.89,0.88,1.50,3.73,5.27,4.74,3.25,BI,anti,.,4.69,4.63,5.72,4.16,5.64,4.17,3.11,4.98,0.11,5.80,0.65,5.68,0.31,37.69,0.17,C3'-endo
24,124,0.41,G,G,G,0,0,1,0,0,),14,1,cWW,cW-W,5.00,3.17,0.88,1.47,3.35,5.22,4.42,3.33,BI,anti,A,4.48,4.50,2.75,3.75,3.20,3.79,4.50,4.23,0.10,5.78,0.70,5.63,0.35,40.55,0.18,C3'-endo
25,125,0.43,C,C,C,0,1,0,0,0,),13,1,cWW,cW-W,4.88,3.42,1.04,1.50,3.61,5.13,4.76,3.45,BI,anti,A,4.32,4.54,3.11,3.87,3.31,3.86,3.93,4.16,0.09,5.81,0.65,5.67,0.33,37.95,0.19,C3'-endo
26,126,0.45,C,C,C,0,1,0,0,0,),12,1,cWW,cW-W,5.06,3.12,0.88,1.36,3.41,5.03,4.66,3.51,BI,anti,.,4.38,4.49,2.85,4.03,3.10,3.91,3.69,4.34,6.22,5.91,0.64,5.59,0.48,40.17,0.41,C3'-endo
27,127,0.47,A,A,A,1,0,0,0,0,.,,0,,,2.54,3.55,3.20,1.51,3.87,5.22,4.93,3.24,BI,anti,.,4.54,4.60,2.98,3.65,3.26,3.76,4.02,4.72,0.03,5.86,0.63,5.65,0.38,37.70,0.27,C3'-endo
28,128,0.48,U,U,U,0,0,0,1,0,.,,0,,,5.05,3.01,0.88,1.55,4.96,1.82,3.14,3.39,..,anti,.,3.88,4.40,3.11,2.16,3.47,1.95,4.62,2.04,6.28,5.87,0.64,5.62,0.42,38.92,0.33,C3'-endo
29,129,0.50,C,C,C,0,1,0,0,0,),9,1,cWW,cW-W,1.04,3.57,3.37,1.41,4.16,4.97,5.47,3.19,..,anti,A,4.59,4.76,2.78,3.52,2.68,3.63,2.82,4.19,0.11,5.77,0.71,5.61,0.35,41.62,0.18,C3'-endo
30,130,0.52,A,A,A,1,0,0,0,0,),8,1,cWW,cW-W,5.34,2.66,1.11,1.31,3.54,4.96,4.86,3.31,BI,anti,A,4.61,4.50,2.88,3.55,3.28,3.56,4.09,4.08,6.12,5.95,0.68,5.50,0.60,44.90,0.53,C3'-endo
31,131,0.53,U,U,U,0,0,0,1,0,),7,1,cWW,cW-W,5.32,2.97,0.97,1.48,3.74,5.10,4.92,3.45,BI,anti,A,4.16,4.43,3.16,3.94,3.38,3.91,4.08,4.40,6.26,5.91,0.60,5.65,0.42,36.85,0.37,C3'-endo
32,132,0.55,U,U,U,0,0,0,1,0,.,36,1,tWW,tW+W,5.08,3.07,0.79,1.36,3.31,5.82,3.77,3.64,BI,anti,.,4.23,4.40,2.70,4.29,3.01,4.14,3.80,4.71,6.17,5.94,0.64,5.57,0.52,41.29,0.47,C3'-endo
33,133,0.57,U,U,U,0,0,0,1,0,.,35,1,tSH,tm-M,3.20,2.71,2.89,1.41,3.88,4.78,5.38,3.30,BI,anti,.,4.69,4.63,3.05,3.45,3.36,2.90,4.30,1.96,0.02,5.86,0.65,5.63,0.40,38.70,0.30,C3'-endo
34,134,0.59,A,A,A,1,0,0,0,0,.,55,1,cWS,cW-m,2.81,3.26,0.98,1.51,3.84,5.05,5.07,3.53,BI,anti,.,3.91,4.46,0.68,4.01,0.99,4.02,0.42,4.66,0.04,5.87,0.62,5.67,0.36,36.61,0.27,C3'-endo
35,135,0.60,A,A,A,1,0,0,0,0,.,"5,33",2,"tSS,tHS","tm+m,tM-m",5.26,2.88,0.89,1.43,3.81,4.82,5.27,3.83,BI,anti,.,3.45,4.44,2.95,3.65,3.25,3.64,4.12,4.73,6.23,5.93,0.60,5.63,0.45,37.40,0.41,C3'-endo
36,136,0.62,A,A,A,1,0,0,0,0,.,32,1,tWW,tW+W,5.25,2.77,0.77,1.39,3.50,3.15,0.36,1.25,..,syn,.,-2.44,4.39,2.72,1.69,2.94,1.97,4.34,1.69,6.17,5.96,0.61,5.59,0.51,39.54,0.49,C3'-endo
37,137,0.64,G,G,G,0,0,1,0,0,(,52,1,cWW,cW-W,4.97,2.86,0.91,1.72,4.50,5.03,5.75,4.60,..,anti,.,-0.59,4.43,3.45,4.66,3.19,4.46,2.87,4.49,0.24,5.79,0.54,5.86,0.12,31.40,6.17,C2'-exo
38,138,0.66,A,A,A,1,0,0,0,0,.,10,1,cHW,cM+W,5.26,2.40,3.22,2.67,3.56,1.96,1.60,1.44,..,syn,.,-1.15,1.55,5.43,0.43,5.67,0.94,5.60,1.19,6.03,0.57,5.62,0.54,6.10,38.19,3.09,C2'-endo
39,139,0.67,A,A,A,1,0,0,0,0,.,40,1,cSH,cm+M,5.07,3.06,0.86,2.61,4.76,3.90,0.85,3.70,..,anti,.,0.34,0.70,3.71,3.89,3.84,3.45,3.85,3.57,6.03,0.56,5.64,0.51,6.12,36.73,3.07,C2'-endo
40,140,0.69,A,A,A,1,0,0,0,0,(,"39,51",2,"cHS,cWW","cM+m,cW-W",3.65,2.60,0.89,1.45,3.47,4.85,4.91,3.26,BI,anti,.,4.54,4.56,1.83,4.04,2.08,3.79,2.54,3.80,0.07,5.80,0.70,5.61,0.38,41.11,0.23,C3'-endo
41,141,0.71,G,G,G,0,0,1,0,0,(,"21,50",2,"cHW,cWW","cM+W,cW-W",2.89,3.33,2.94,1.44,3.98,4.81,5.44,3.13,BI,anti,A,4.83,4.81,2.85,3.40,3.02,3.47,3.44,3.87,0.20,5.71,0.71,5.67,0.26,40.52,0.04,C3'-endo
42,142,0.72,C,C,C,0,1,0,0,0,(,"22,49",2,"cHW,cWW","cM+W,cW-W",5.39,2.85,0.88,1.35,3.83,5.22,4.90,3.38,BI,anti,.,4.65,4.74,2.97,4.08,3.18,4.16,3.76,4.87,0.02,5.80,0.74,5.54,0.45,44.13,0.30,C3'-endo
43,143,0.74,G,G,G,0,0,1,0,0,.,48,1,tSH,tm-M,5.41,2.97,0.88,1.41,3.75,5.03,5.01,3.32,BI,anti,.,4.71,4.68,3.04,3.80,3.45,3.78,4.58,3.86,0.03,5.83,0.68,5.60,0.41,40.50,0.28,C3'-endo
44,144,0.76,U,U,U,0,0,0,1,0,.,,0,,,5.18,3.22,0.71,1.32,3.77,5.10,4.96,3.53,BI,anti,.,4.36,4.59,2.89,4.11,3.02,3.45,3.28,2.48,6.19,5.91,0.66,5.55,0.52,41.75,0.44,C3'-endo
45,145,0.78,A,A,A,1,0,0,0,0,.,,0,,,2.75,2.95,1.04,1.51,3.94,4.98,5.24,3.42,BI,anti,.,4.14,4.47,0.51,3.99,0.90,3.98,0.41,4.79,0.01,5.90,0.59,5.68,0.37,35.58,0.31,C3'-endo
46,146,0.79,A,A,A,1,0,0,0,0,.,,0,,,5.09,2.82,0.92,1.44,3.66,5.17,4.77,3.55,BI,anti,.,4.38,4.66,2.66,4.43,3.03,4.15,4.20,4.37,0.06,5.81,0.69,5.60,0.39,40.92,0.25,C3'-endo
47,147,0.81,U,U,U,0,0,0,1,0,.,,0,,,2.36,3.31,3.43,1.38,4.06,5.37,4.97,3.34,..,anti,.,4.78,4.84,2.81,3.67,3.08,3.95,3.73,4.77,0.10,5.73,0.78,5.55,0.40,45.72,0.20,C3'-endo
48,148,0.83,A,A,A,1,0,0,0,0,.,43,1,tHS,tM-m,5.33,3.06,0.95,1.52,3.54,5.48,4.34,3.34,BI,anti,.,4.57,4.51,2.99,4.20,3.60,4.21,4.80,4.93,0.03,5.86,0.63,5.66,0.38,37.38,0.28,C3'-endo
49,149,0.84,G,G,G,0,0,1,0,0,),"22,42",2,"t.W,cWW","t.-W,cW-W",4.97,3.11,0.92,1.38,3.69,5.05,4.92,3.24,BI,anti,A,4.73,4.67,2.83,3.73,3.30,3.78,4.52,4.34,0.02,5.84,0.68,5.60,0.42,40.81,0.30,C3'-endo
50,150,0.86,C,C,C,0,1,0,0,0,),"21,41",2,"...,cWW","....,cW-W",5.20,3.11,0.85,1.36,3.74,5.04,4.98,3.43,BI,anti,A,4.54,4.72,2.92,3.74,3.14,3.78,3.95,4.12,0.09,5.76,0.73,5.58,0.39,43.02,0.21,C3'-endo
51,151,0.88,U,U,U,0,0,0,1,0,),40,1,cWW,cW-W,5.18,2.91,1.11,1.32,3.60,5.11,4.77,3.38,BI,anti,.,4.64,4.67,2.94,3.70,3.23,3.72,3.86,4.29,6.25,5.82,0.75,5.50,0.51,46.00,0.36,C3'-endo
52,152,0.90,C,C,C,0,1,0,0,0,),37,1,cWW,cW-W,5.19,3.23,0.91,1.45,3.69,4.95,5.03,3.33,BI,anti,A,4.73,4.67,3.11,3.75,3.32,3.84,4.13,4.42,0.07,5.80,0.69,5.61,0.38,40.62,0.23,C3'-endo
53,153,0.91,A,A,A,1,0,0,0,0,.,6,1,tHS,tM-m,5.32,2.84,0.97,1.51,4.06,5.29,5.06,3.28,..,anti,.,4.67,4.67,3.12,4.44,3.39,4.45,4.19,5.39,0.03,5.87,0.62,5.66,0.37,37.11,0.28,C3'-endo
54,154,0.93,C,C,C,0,1,0,0,0,),5,1,cWW,cW-W,4.99,3.03,0.87,1.43,3.80,4.85,5.24,3.48,BI,anti,A,4.49,4.74,2.61,3.71,3.13,3.75,4.55,4.02,0.14,5.74,0.72,5.63,0.32,41.75,0.13,C3'-endo
55,155,0.95,U,U,U,0,0,0,1,0,),"4,34",2,"cWW,cSW","cW-W,cm-W",5.23,3.02,0.88,1.41,3.50,5.01,4.77,3.39,BI,anti,A,4.51,4.60,2.94,3.60,3.12,3.60,3.61,3.83,0.10,5.79,0.69,5.64,0.35,39.96,0.19,C3'-endo
56,156,0.97,G,G,G,0,0,1,0,0,),3,1,cWW,cW-W,5.12,3.10,0.93,1.38,3.63,5.06,4.85,3.44,BI,anti,A,4.55,4.64,2.95,3.73,3.12,3.77,3.57,4.28,0.05,5.80,0.71,5.59,0.40,41.81,0.25,C3'-endo
57,157,0.98,G,G,G,0,0,1,0,0,),2,1,cWW,cW-W,5.28,3.01,0.94,1.45,3.87,4.98,5.17,3.39,BI,anti,A,4.62,4.67,3.08,3.92,3.31,3.96,4.05,4.65,0.00,5.87,0.63,5.63,0.41,38.24,0.32,C3'-endo
58,158,1.00,U,U,U,0,0,0,1,0,),1,1,cWW,cW-W,5.30,2.76,0.95,1.33,,,,3.54,n/a,anti,-,,,,,,,,,6.19,5.93,0.64,5.57,0.50,40.83,0.45,C3'-endo
