index_chain,old_nt_resnum,nt_position,nt_name,nt_code,nt_align_code,is_A,is_C,is_G,is_U,is_other,dbn,paired,nb_interact,pair_type_LW,pair_type_DSSR,alpha,beta,gamma,delta,epsilon,zeta,epsilon_zeta,chi,bb_type,glyco_bond,form,ssZp,Dp,eta,theta,eta_prime,theta_prime,eta_base,theta_base,v0,v1,v2,v3,v4,amplitude,phase_angle,puckering
1,1,0.03,G,G,G,0,0,1,0,0,(,37,1,cWW,cW-W,,3.11,1.04,1.45,3.76,4.88,5.16,3.26,BI,anti,A,4.78,4.74,,3.73,,3.76,,4.11,0.12,5.75,0.73,5.61,0.35,42.21,0.17,C3'-endo
2,2,0.05,G,G,G,0,0,1,0,0,(,36,1,cWW,cW-W,5.19,2.91,0.99,1.40,3.77,4.83,5.22,3.28,BI,anti,A,4.78,4.74,2.94,3.72,3.16,3.74,3.80,4.19,0.04,5.80,0.72,5.57,0.42,42.81,0.27,C3'-endo
3,3,0.08,G,G,G,0,0,1,0,0,(,35,1,cWW,cW-W,5.44,2.82,0.91,1.41,3.50,4.99,4.79,3.31,BI,anti,A,4.64,4.61,3.00,3.62,3.27,3.60,4.03,3.85,0.02,5.83,0.70,5.58,0.43,41.70,0.29,C3'-endo
4,4,0.11,C,C,C,0,1,0,0,0,(,34,1,cWW,cW-W,5.12,3.26,0.85,1.43,3.50,5.10,4.68,3.49,BI,anti,A,4.49,4.61,2.99,3.69,3.11,3.73,3.57,4.12,0.06,5.81,0.68,5.62,0.38,40.34,0.24,C3'-endo
5,5,0.14,C,C,C,0,1,0,0,0,(,33,1,cWW,cW-W,5.17,3.13,0.92,1.43,3.29,5.16,4.41,3.36,BI,anti,A,4.49,4.46,2.97,3.62,3.24,3.62,3.89,3.97,6.25,5.88,0.67,5.58,0.46,41.06,0.37,C3'-endo
6,6,0.16,C,C,C,0,1,0,0,0,(,32,1,cWW,cW-W,4.89,3.37,0.95,1.41,3.67,4.98,4.97,3.48,BI,anti,A,4.40,4.68,3.00,3.69,3.13,3.73,3.66,4.09,0.06,5.80,0.71,5.59,0.40,41.93,0.25,C3'-endo
7,7,0.19,G,G,G,0,0,1,0,0,(,31,1,cWW,cW-W,5.23,2.97,0.86,1.34,3.60,5.12,4.77,3.39,BI,anti,A,4.62,4.67,2.87,3.73,3.09,3.76,3.70,4.25,6.27,5.83,0.73,5.53,0.48,44.29,0.34,C3'-endo
8,8,0.22,G,G,G,0,0,1,0,0,(,30,1,cWW,cW-W,5.11,3.06,1.03,1.38,3.70,5.06,4.93,3.26,BI,anti,A,4.74,4.71,2.97,3.80,3.22,3.87,4.00,4.51,0.00,5.81,0.74,5.54,0.47,44.37,0.32,C3'-endo
9,9,0.24,U,U,U,0,0,0,1,0,(,29,1,cWW,cW-W,5.27,3.03,1.04,1.54,3.97,4.70,5.55,3.45,..,anti,.,4.17,4.44,3.23,3.96,3.51,4.14,4.34,5.09,6.23,5.95,0.57,5.67,0.42,35.35,0.41,C3'-endo
10,10,0.27,A,A,A,1,0,0,0,0,.,11,1,cSH,cm+M,5.70,2.43,1.08,2.06,4.03,3.00,1.03,4.05,BII,anti,.,1.65,2.20,3.31,2.67,3.90,2.30,4.95,2.37,6.04,0.14,6.28,6.15,0.23,13.95,1.58,O4'-endo
11,11,0.30,A,A,A,1,0,0,0,0,(,"10,28",2,"cHS,cWW","cM+m,cW-W",5.67,2.68,5.53,1.69,3.64,5.08,4.85,3.31,BI,anti,A,4.82,4.75,2.32,3.66,2.11,3.84,2.40,4.27,0.38,5.62,0.69,5.80,0.06,40.50,6.05,C2'-exo
12,12,0.32,G,G,G,0,0,1,0,0,(,27,1,cWW,cW-W,5.31,2.99,0.93,1.47,3.94,5.34,4.88,3.30,BI,anti,.,4.73,4.76,3.12,4.37,3.41,4.43,3.98,5.27,0.08,5.77,0.72,5.59,0.38,42.43,0.21,C3'-endo
13,13,0.35,U,U,U,0,0,0,1,0,(,"24,26",2,"cWW,c.W","cW-W,c.-W",5.13,3.13,0.86,1.40,3.58,5.06,4.81,3.49,BI,anti,A,4.35,4.66,2.80,3.71,3.31,3.77,4.62,4.26,0.11,5.75,0.73,5.60,0.36,42.63,0.17,C3'-endo
14,14,0.38,C,C,C,0,1,0,0,0,(,23,1,cWW,cW-W,5.05,3.15,0.92,1.45,3.56,5.10,4.75,3.48,BI,anti,A,4.31,4.64,2.92,3.77,3.15,3.79,3.85,4.20,0.09,5.77,0.72,5.60,0.38,42.23,0.20,C3'-endo
15,15,0.41,U,U,U,0,0,0,1,0,(,22,1,cWW,cW-W,4.98,3.17,1.01,1.44,3.78,4.94,5.12,3.48,BI,anti,A,4.39,4.69,2.96,3.79,3.17,3.81,3.81,4.33,0.07,5.79,0.71,5.60,0.39,41.95,0.23,C3'-endo
16,16,0.43,C,C,C,0,1,0,0,0,(,21,1,cWW,cW-W,5.21,2.86,0.99,1.42,3.58,5.19,4.67,3.58,BI,anti,A,4.33,4.65,2.88,3.89,3.17,3.91,3.99,4.62,0.03,5.81,0.72,5.57,0.44,42.87,0.29,C3'-endo
17,17,0.46,U,U,U,0,0,0,1,0,.,20,1,t.W,t.+W,5.10,3.03,1.05,1.50,3.64,4.72,5.20,3.64,BI,anti,.,4.11,4.50,3.02,3.33,3.40,2.71,4.40,1.89,6.28,5.88,0.62,5.64,0.41,37.69,0.33,C3'-endo
18,18,0.49,U,U,U,0,0,0,1,0,.,,0,,,3.64,2.26,1.06,1.98,4.31,5.51,5.08,3.54,..,anti,.,1.73,2.20,1.45,5.51,1.57,5.29,1.21,5.67,5.93,0.15,0.09,5.99,0.40,23.04,1.35,O4'-endo
19,19,0.51,C,C,C,0,1,0,0,0,.,,0,,,4.36,3.88,1.17,1.63,1.09,4.87,2.50,3.87,..,anti,Z,1.09,1.39,2.94,2.10,3.82,1.27,4.17,1.18,6.18,6.18,0.26,5.95,0.27,18.71,0.64,C4'-exo
20,20,0.54,G,G,G,0,0,1,0,0,.,17,1,tW.,tW+.,2.44,3.09,2.83,1.54,3.45,5.20,4.53,1.05,BI,syn,.,-2.56,4.21,2.01,4.07,1.83,4.27,2.35,4.12,0.01,5.92,0.55,5.72,0.35,32.96,0.30,C3'-endo
21,21,0.57,G,G,G,0,0,1,0,0,),16,1,cWW,cW-W,2.49,4.12,3.08,1.51,3.63,5.05,4.86,3.31,BI,anti,A,4.59,4.68,3.01,3.60,3.90,3.46,4.44,3.82,0.21,5.72,0.70,5.69,0.24,39.84,0.03,C3'-endo
22,22,0.59,A,A,A,1,0,0,0,0,),15,1,cWW,cW-W,5.13,3.10,0.93,1.46,3.57,5.17,4.68,3.40,BI,anti,A,4.45,4.63,2.94,3.86,3.20,3.86,3.89,4.32,0.10,5.77,0.71,5.62,0.36,41.31,0.19,C3'-endo
23,23,0.62,G,G,G,0,0,1,0,0,),14,1,cWW,cW-W,5.03,3.14,0.97,1.40,3.57,5.14,4.72,3.46,BI,anti,A,4.47,4.65,2.91,3.76,3.19,3.80,3.98,4.23,0.08,5.77,0.73,5.59,0.39,42.72,0.21,C3'-endo
24,24,0.65,A,A,A,1,0,0,0,0,),13,1,cWW,cW-W,5.18,2.98,1.08,1.44,3.95,4.88,5.36,3.43,BI,anti,.,4.30,4.62,3.13,3.95,3.40,4.07,4.07,4.60,6.23,5.89,0.66,5.58,0.48,41.09,0.39,C3'-endo
25,25,0.68,U,U,U,0,0,0,1,0,.,"26,27",2,"cSH,cSH","cm+M,cm+M",5.52,2.83,0.94,1.91,3.37,3.70,5.96,4.25,..,anti,.,2.11,2.44,3.12,2.58,3.61,2.21,4.28,1.95,5.92,0.22,6.28,6.07,0.36,21.45,1.57,O4'-endo
26,26,0.70,A,A,A,1,0,0,0,0,.,"13,25",2,"cW.,cHS","cW-.,cM+m",4.55,2.57,0.76,1.43,3.59,5.08,4.79,3.55,BI,anti,A,4.37,4.61,2.20,3.88,2.07,3.85,2.04,4.45,0.04,5.84,0.65,5.64,0.38,38.58,0.26,C3'-endo
27,27,0.73,C,C,C,0,1,0,0,0,),"12,25",2,"cWW,cHS","cW-W,cM+m",5.09,3.13,0.88,1.44,3.73,5.04,4.97,3.54,BI,anti,A,4.26,4.68,2.92,3.83,3.16,3.87,4.06,4.27,0.09,5.79,0.70,5.61,0.37,41.16,0.21,C3'-endo
28,28,0.76,U,U,U,0,0,0,1,0,),11,1,cWW,cW-W,5.06,3.18,0.86,1.41,3.70,5.11,4.87,3.42,BI,anti,A,4.56,4.70,2.88,3.86,3.08,3.91,3.70,4.51,0.04,5.80,0.72,5.58,0.42,42.53,0.27,C3'-endo
29,29,0.78,G,G,G,0,0,1,0,0,),9,1,cWW,cW-W,5.28,3.01,0.85,1.40,3.61,5.09,4.80,3.38,BI,anti,A,4.57,4.61,2.94,3.78,3.24,3.84,4.14,4.59,6.25,5.86,0.70,5.55,0.48,42.64,0.36,C3'-endo
30,30,0.81,C,C,C,0,1,0,0,0,),8,1,cWW,cW-W,5.16,3.10,0.85,1.42,3.64,5.00,4.92,3.39,BI,anti,A,4.50,4.67,2.92,3.70,3.20,3.75,4.22,4.15,0.06,5.80,0.70,5.60,0.39,41.47,0.24,C3'-endo
31,31,0.84,C,C,C,0,1,0,0,0,),7,1,cWW,cW-W,5.18,3.24,0.79,1.44,3.62,5.08,4.82,3.54,BI,anti,A,4.35,4.66,2.99,3.77,3.14,3.82,3.71,4.17,0.09,5.78,0.69,5.62,0.36,40.54,0.19,C3'-endo
32,32,0.86,G,G,G,0,0,1,0,0,),6,1,cWW,cW-W,5.27,3.11,0.76,1.38,3.30,5.10,4.49,3.57,BI,anti,.,4.42,4.51,2.91,3.94,3.17,3.79,3.77,4.15,6.27,5.86,0.68,5.58,0.45,41.37,0.34,C3'-endo
33,33,0.89,G,G,G,0,0,1,0,0,),5,1,cWW,cW-W,2.70,3.28,3.09,1.47,3.93,4.94,5.27,3.18,BI,anti,A,4.91,4.82,2.91,3.37,3.11,3.48,3.82,3.91,0.19,5.73,0.69,5.68,0.26,39.55,0.05,C3'-endo
34,34,0.92,G,G,G,0,0,1,0,0,),4,1,cWW,cW-W,5.31,2.96,0.85,1.39,3.79,5.09,4.98,3.36,BI,anti,.,4.63,4.70,2.93,3.90,3.18,3.91,3.79,4.38,0.00,5.84,0.69,5.58,0.44,41.39,0.32,C3'-endo
35,35,0.95,C,C,C,0,1,0,0,0,),3,1,cWW,cW-W,5.24,2.96,0.99,1.33,3.20,5.04,4.44,3.42,BI,anti,A,4.46,4.43,2.90,3.34,3.26,3.35,4.08,3.75,6.16,5.91,0.69,5.50,0.57,44.69,0.48,C3'-endo
36,36,0.97,C,C,C,0,1,0,0,0,),2,1,cWW,cW-W,5.09,3.25,0.95,1.48,3.57,5.14,4.71,3.44,BI,anti,A,4.39,4.56,3.12,3.84,3.23,3.85,3.74,4.20,0.05,5.82,0.67,5.63,0.38,39.70,0.25,C3'-endo
37,37,1.00,C,C,C,0,1,0,0,0,),1,1,cWW,cW-W,5.07,3.12,0.91,1.38,,,,3.56,..,anti,-,,,,,,,,,6.22,5.91,0.64,5.58,0.48,40.14,0.42,C3'-endo
