index_chain,old_nt_resnum,nt_position,nt_name,nt_code,nt_align_code,is_A,is_C,is_G,is_U,is_other,dbn,paired,nb_interact,pair_type_LW,pair_type_DSSR,alpha,beta,gamma,delta,epsilon,zeta,epsilon_zeta,chi,bb_type,glyco_bond,form,ssZp,Dp,eta,theta,eta_prime,theta_prime,eta_base,theta_base,v0,v1,v2,v3,v4,amplitude,phase_angle,puckering
1,1,0.01,G,G,G,0,0,1,0,0,(,72,1,cWW,cW-W,,,0.89,1.49,3.57,5.05,4.80,3.24,BI,anti,A,4.42,4.46,,,,,,,0.06,5.87,0.59,5.71,0.32,34.73,0.23,C3'-endo
2,2,0.03,C,C,C,0,1,0,0,0,(,71,1,cWW,cW-W,5.25,2.92,1.07,1.40,3.88,4.97,5.19,3.39,BI,anti,A,4.45,4.53,3.12,3.84,3.37,3.80,3.86,4.43,6.17,5.96,0.61,5.59,0.50,39.34,0.49,C3'-endo
3,3,0.04,G,G,G,0,0,1,0,0,(,70,1,cWW,cW-W,4.87,2.91,1.06,1.33,3.55,4.94,4.89,3.46,BI,anti,.,4.75,4.70,2.60,3.55,2.89,3.49,3.84,3.54,6.27,5.86,0.67,5.59,0.44,40.77,0.34,C3'-endo
4,4,0.05,G,G,G,0,0,1,0,0,(,69,1,cWW,cW-W,5.27,2.97,0.92,1.31,3.66,4.94,5.00,3.43,BI,anti,A,4.66,4.69,2.99,3.58,3.11,3.64,3.37,4.30,6.26,5.84,0.71,5.54,0.48,43.28,0.35,C3'-endo
5,5,0.07,A,A,A,1,0,0,0,0,(,68,1,cWW,cW-W,5.30,2.86,0.95,1.47,3.81,5.01,5.09,3.24,BI,anti,A,4.64,4.73,3.00,3.97,3.27,4.00,4.18,4.58,0.06,5.82,0.67,5.63,0.38,39.74,0.24,C3'-endo
6,6,0.08,U,U,U,0,0,0,1,0,(,67,1,cWW,cW-W,5.21,2.79,1.07,1.36,3.99,4.67,5.61,3.27,..,anti,A,4.58,4.75,2.92,3.73,3.28,3.83,4.21,4.05,6.19,5.91,0.67,5.55,0.52,42.55,0.44,C3'-endo
7,7,0.09,U,U,U,0,0,0,1,0,(,66,1,cWW,cW-W,5.37,2.88,1.06,2.38,4.84,5.19,5.94,4.00,..,anti,.,0.93,0.81,3.63,5.44,3.86,5.21,4.08,5.79,5.84,0.63,5.71,0.33,0.06,36.05,2.72,C2'-endo
8,8,0.11,U,U,U,0,0,0,1,0,.,"14,21",2,"tWH,tSW","tW-M,tm+W",5.14,3.60,0.88,1.38,3.73,4.33,5.69,3.46,BI,anti,.,4.46,4.75,2.80,2.86,3.48,3.44,3.69,3.05,0.04,5.79,0.73,5.56,0.43,43.15,0.26,C3'-endo
9,9,0.12,A,A,A,1,0,0,0,0,.,23,1,tHH,tM+M,5.03,3.82,0.94,2.52,4.55,5.07,5.76,5.02,..,anti,.,0.52,0.80,3.87,5.42,3.52,4.25,2.77,4.45,5.87,0.67,5.64,0.42,6.27,38.97,2.82,C2'-endo
10,10,0.13,G,G,G,0,0,1,0,0,(,"25,45",2,"cWW,cHS","cW-W,cM+m",3.44,2.21,0.92,1.49,4.25,4.51,6.03,2.83,..,anti,A,4.60,4.68,0.59,3.97,1.68,3.97,2.35,4.21,0.04,5.87,0.62,5.67,0.36,36.55,0.27,C3'-endo
11,11,0.14,C,C,C,0,1,0,0,0,(,24,1,cWW,cW-W,5.44,2.83,0.78,1.50,3.50,5.22,4.57,3.54,BI,anti,A,3.83,4.38,2.94,3.92,3.19,3.90,3.75,4.33,0.07,5.83,0.64,5.67,0.34,37.30,0.21,C3'-endo
12,12,0.16,U,U,U,0,0,0,1,0,(,23,1,cWW,cW-W,4.98,3.19,0.94,1.35,3.67,4.97,4.99,3.65,BI,anti,.,3.96,4.59,2.80,4.15,3.10,4.05,3.84,4.51,6.26,5.89,0.63,5.63,0.42,38.63,0.35,C3'-endo
13,13,0.17,C,C,C,0,1,0,0,0,(,22,1,cWW,cW-W,2.95,3.56,3.03,1.47,3.58,4.88,4.98,3.28,BI,anti,.,4.37,4.35,3.03,3.13,3.39,3.08,4.17,3.12,6.14,5.97,0.63,5.57,0.54,41.27,0.50,C3'-endo
14,14,0.18,A,A,A,1,0,0,0,0,.,8,1,tHW,tM-W,5.06,3.09,1.07,1.28,3.75,5.21,4.82,3.27,BI,anti,.,4.58,4.62,3.00,3.83,3.07,3.94,3.21,5.02,6.02,6.01,0.67,5.44,0.70,47.82,0.63,C4'-exo
15,15,0.20,G,G,G,0,0,1,0,0,.,48,1,tWW,tW+W,5.01,3.03,0.92,1.46,3.54,3.33,0.20,3.39,..,anti,.,4.78,4.62,2.70,1.77,3.15,1.15,4.62,5.69,6.24,5.88,0.68,5.57,0.47,41.62,0.38,C3'-endo
16,16,0.21,U,U,U,0,0,0,1,0,.,,0,,,4.04,2.60,5.59,2.59,4.87,1.73,3.14,1.26,..,syn,.,-1.33,0.85,1.04,1.96,1.34,2.01,2.85,2.31,6.01,0.56,5.68,0.46,6.16,35.05,3.00,C2'-endo
17,17,0.22,U,U,U,0,0,0,1,0,.,,0,,,4.10,3.27,2.86,2.44,4.84,4.88,6.25,3.52,..,anti,.,-0.29,0.29,5.75,4.83,5.33,4.21,5.13,3.80,5.95,0.60,5.66,0.45,6.20,36.62,2.93,C2'-endo
18,18,0.24,G,G,G,0,0,1,0,0,.,,0,,,1.41,3.80,1.06,2.50,4.56,3.27,1.30,4.38,BII,anti,.,1.53,1.02,5.88,3.35,0.65,3.51,0.96,4.20,5.71,0.74,5.66,0.31,0.16,41.58,2.59,C2'-endo
19,19,0.25,G,G,G,0,0,1,0,0,[,56,1,cWW,cW-W,5.26,2.95,0.97,2.60,4.47,5.12,5.63,4.75,..,anti,.,-1.62,0.60,4.06,5.45,4.22,5.02,4.52,6.12,6.07,0.50,5.70,0.47,6.12,33.23,3.10,C2'-endo
20,20,0.26,G,G,G,0,0,1,0,0,.,,0,,,4.82,3.72,0.94,1.49,3.97,5.12,5.13,3.19,BI,anti,.,4.76,4.71,2.95,4.73,3.58,4.56,3.34,4.35,0.19,5.74,0.67,5.71,0.24,38.39,0.04,C3'-endo
21,21,0.28,A,A,A,1,0,0,0,0,.,8,1,tWS,tW+m,2.22,3.80,5.08,1.72,2.97,4.90,4.35,3.90,BI,anti,.,3.48,3.88,4.78,2.70,5.07,2.71,5.21,2.73,0.18,5.81,0.56,5.80,0.20,31.94,0.02,C3'-endo
22,22,0.29,G,G,G,0,0,1,0,0,),"13,46",2,"cWW,tHW","cW-W,tM-W",2.88,2.88,2.99,1.46,3.51,5.00,4.79,3.20,BI,anti,A,4.36,4.58,2.85,2.98,2.78,3.17,2.82,3.56,0.13,5.78,0.67,5.66,0.31,38.92,0.15,C3'-endo
23,23,0.30,A,A,A,1,0,0,0,0,),"9,12",2,"tHH,cWW","tM+M,cW-W",5.09,3.26,0.97,1.50,3.65,5.12,4.82,3.56,BI,anti,A,4.05,4.57,3.14,3.88,3.28,3.86,3.66,4.31,0.07,5.80,0.69,5.61,0.38,40.78,0.23,C3'-endo
24,24,0.32,G,G,G,0,0,1,0,0,),11,1,cWW,cW-W,4.98,3.00,0.91,1.39,3.83,4.93,5.19,3.47,BI,anti,A,4.58,4.71,2.76,3.79,3.01,3.84,3.76,4.53,0.02,5.84,0.68,5.59,0.42,40.96,0.30,C3'-endo
25,25,0.33,C,C,C,0,1,0,0,0,),10,1,cWW,cW-W,5.41,2.75,0.95,1.36,4.02,5.03,5.27,3.37,BI,anti,.,4.64,4.86,2.97,4.05,3.26,4.08,4.25,4.71,0.08,5.78,0.71,5.60,0.38,41.51,0.21,C3'-endo
26,26,0.34,G,G,G,0,0,1,0,0,.,44,1,cWW,cW-W,5.36,2.73,0.99,1.36,3.64,5.16,4.76,3.32,BI,anti,.,4.65,4.58,2.85,3.86,3.29,3.87,4.33,4.57,6.19,5.91,0.68,5.54,0.53,43.07,0.44,C3'-endo
27,27,0.36,C,C,C,0,1,0,0,0,(,43,1,cWW,cW-W,5.03,3.23,0.90,1.46,3.71,4.89,5.10,3.26,BI,anti,A,4.76,4.59,2.92,3.68,3.19,3.73,4.21,4.16,6.26,5.89,0.63,5.62,0.44,38.73,0.36,C3'-endo
28,28,0.37,C,C,C,0,1,0,0,0,(,42,1,cWW,cW-W,4.93,3.13,1.03,1.45,3.76,5.13,4.91,3.50,BI,anti,A,4.54,4.73,2.91,3.92,3.05,3.90,3.65,4.34,0.06,5.84,0.63,5.67,0.35,37.30,0.23,C3'-endo
29,29,0.38,A,A,A,1,0,0,0,0,(,41,1,cWW,cW-W,5.15,2.92,0.99,1.35,3.52,5.00,4.81,3.32,BI,anti,A,4.67,4.58,2.83,3.57,3.16,3.60,3.99,4.03,0.00,5.85,0.68,5.59,0.44,40.89,0.32,C3'-endo
30,30,0.39,G,G,G,0,0,1,0,0,(,40,1,cWW,cW-W,5.27,2.91,1.03,1.41,3.79,5.13,4.95,3.25,BI,anti,.,4.36,4.61,3.09,3.97,3.34,3.96,4.00,4.87,6.27,5.86,0.68,5.58,0.45,41.45,0.34,C3'-endo
31,31,0.41,A,A,A,1,0,0,0,0,.,,0,,,4.98,3.05,0.96,1.49,3.87,5.00,5.15,3.49,BI,anti,A,4.36,4.68,2.83,3.96,3.14,4.03,4.37,4.74,0.09,5.82,0.64,5.68,0.33,37.40,0.19,C3'-endo
32,32,0.42,C,C,C,0,1,0,0,0,.,38,1,t.H,t.-M,5.23,2.84,0.97,1.48,3.85,5.00,5.13,3.53,BI,anti,A,4.22,4.58,2.91,3.97,3.29,3.98,4.29,4.45,0.00,5.88,0.62,5.64,0.40,37.63,0.32,C3'-endo
33,33,0.43,U,U,U,0,0,0,1,0,.,36,1,tSH,tm-M,5.06,3.05,0.95,1.33,3.87,5.32,4.83,3.62,BI,anti,.,4.02,4.67,2.78,4.36,3.05,3.54,3.80,2.45,6.23,5.89,0.67,5.57,0.48,41.46,0.39,C3'-endo
34,34,0.45,G,G,G,0,0,1,0,0,.,,0,,,3.08,2.46,0.84,1.48,4.07,5.04,5.31,3.25,..,anti,A,4.29,4.62,0.37,4.25,0.83,4.20,0.44,4.69,0.12,5.81,0.64,5.70,0.29,36.85,0.14,C3'-endo
35,35,0.46,A,A,A,1,0,0,0,0,.,,0,,,5.18,2.85,0.98,1.39,3.89,5.15,5.02,3.49,BI,anti,.,4.28,4.49,2.84,3.98,3.19,3.91,4.07,4.56,6.07,6.04,0.58,5.57,0.58,40.43,0.62,C3'-endo
36,36,0.47,A,A,A,1,0,0,0,0,.,33,1,tHS,tM-m,4.96,2.76,1.12,1.31,3.25,4.93,4.60,3.31,BI,anti,A,4.86,4.57,2.57,3.36,2.99,3.43,4.08,3.99,6.18,5.91,0.67,5.53,0.54,43.00,0.45,C3'-endo
37,37,0.49,YG,g,G,0,0,0,0,1,.,,0,,,5.26,3.16,0.93,1.42,3.99,5.09,5.19,3.48,BI,anti,.,4.39,4.57,3.17,4.22,3.31,4.25,3.98,4.88,0.08,6.03,0.34,5.99,0.12,19.73,0.08,C3'-endo
38,38,0.50,A,A,A,1,0,0,0,0,.,32,1,tH.,tM-.,5.10,2.94,1.26,1.37,4.13,4.49,5.93,3.31,..,anti,-,,,3.08,3.82,3.38,3.95,4.36,,0.00,5.87,0.64,5.63,0.42,38.77,0.32,C3'-endo
39,39,0.51,U,U,U,0,0,0,1,0,.,,0,,,5.78,1.81,1.56,0.47,4.22,5.00,5.51,,..,n/a,-,,,2.76,4.33,3.32,3.94,0.00,0.00,5.63,6.07,0.94,4.98,1.22,77.05,0.80,C4'-exo
40,40,0.53,C,C,C,0,1,0,0,0,),30,1,cWW,cW-W,3.17,3.27,2.73,1.49,4.18,4.85,5.62,3.55,..,anti,.,4.05,4.78,2.57,3.69,2.87,3.71,,4.12,0.18,5.78,0.63,5.74,0.23,35.94,0.05,C3'-endo
41,41,0.54,U,U,U,0,0,0,1,0,),29,1,cWW,cW-W,5.23,2.86,1.01,1.23,4.09,4.70,5.67,3.29,..,anti,A,4.46,4.70,2.86,3.63,3.13,3.66,3.76,4.08,6.22,5.93,0.62,5.61,0.46,39.04,0.42,C3'-endo
42,42,0.55,G,G,G,0,0,1,0,0,),28,1,cWW,cW-W,5.38,2.55,1.18,1.35,3.70,5.09,4.89,3.25,BI,anti,A,4.53,4.63,2.99,3.80,3.22,3.74,3.88,4.33,6.27,5.86,0.68,5.58,0.45,41.23,0.34,C3'-endo
43,43,0.57,G,G,G,0,0,1,0,0,),27,1,cWW,cW-W,5.15,3.06,0.90,1.38,3.55,4.97,4.87,3.40,BI,anti,A,4.39,4.56,2.89,3.58,3.16,3.60,4.11,3.87,0.03,5.83,0.67,5.61,0.40,40.01,0.28,C3'-endo
44,44,0.58,A,A,A,1,0,0,0,0,.,26,1,cWW,cW-W,5.19,2.89,1.17,1.41,3.87,5.04,5.11,3.37,BI,anti,.,4.18,4.54,3.13,3.92,3.33,3.95,3.77,4.76,6.24,5.89,0.65,5.59,0.46,40.11,0.38,C3'-endo
45,45,0.59,G,G,G,0,0,1,0,0,.,10,1,cSH,cm+M,5.31,2.90,0.78,1.38,4.14,4.63,5.79,3.51,..,anti,.,4.24,4.75,2.93,3.67,3.24,3.94,4.30,3.92,6.28,5.88,0.64,5.63,0.42,38.69,0.33,C3'-endo
46,46,0.61,G,G,G,0,0,1,0,0,.,22,1,tWH,tW-M,5.60,3.52,0.85,2.43,4.35,4.53,6.10,5.08,..,anti,.,0.37,1.02,3.93,4.33,4.02,3.52,3.72,3.20,5.91,0.59,5.70,0.38,6.28,34.98,2.82,C2'-endo
47,47,0.62,U,U,U,0,0,0,1,0,.,,0,,,3.53,2.33,5.27,2.75,4.57,4.77,6.09,4.47,..,anti,.,0.69,0.89,5.93,4.97,0.22,4.54,0.61,4.33,6.13,0.50,5.66,0.56,6.02,36.08,3.23,C3'-exo
48,48,0.63,C,C,C,0,1,0,0,0,.,15,1,tWW,tW+W,4.93,3.13,2.96,2.54,3.77,1.44,2.33,3.79,..,anti,.,1.57,1.68,5.16,0.73,5.88,0.20,6.24,4.40,5.93,0.61,5.66,0.44,6.23,36.76,2.90,C2'-endo
49,49,0.64,C,C,C,0,1,0,0,0,(,65,1,cWW,cW-W,0.86,3.07,0.76,1.51,3.65,4.89,5.04,3.31,BI,anti,A,4.50,4.61,5.33,3.70,5.72,3.75,1.79,3.96,0.10,5.80,0.66,5.66,0.33,38.43,0.18,C3'-endo
50,50,0.66,U,U,U,0,0,0,1,0,(,64,1,cWW,cW-W,5.21,3.04,0.95,1.35,3.69,5.10,4.87,3.41,BI,anti,A,4.41,4.62,2.95,3.79,3.13,3.80,3.56,4.25,0.05,5.81,0.71,5.58,0.41,42.18,0.26,C3'-endo
51,51,0.67,G,G,G,0,0,1,0,0,(,63,1,cWW,cW-W,5.24,3.24,0.85,1.39,3.66,4.99,4.96,3.57,BI,anti,A,4.32,4.68,2.98,3.69,3.17,3.76,3.85,4.31,0.02,5.86,0.64,5.64,0.39,38.17,0.29,C3'-endo
52,52,0.68,U,U,U,0,0,0,1,0,(,62,1,cWW,cW-W,5.40,2.85,0.90,1.40,3.56,5.11,4.73,3.51,BI,anti,A,4.51,4.71,2.92,3.80,3.23,3.76,4.04,4.28,6.25,5.88,0.66,5.58,0.46,40.72,0.37,C3'-endo
53,53,0.70,G,G,G,0,0,1,0,0,(,61,1,cWW,cW-W,5.05,2.93,1.15,1.43,3.60,5.06,4.83,3.32,BI,anti,A,4.51,4.62,2.98,3.73,3.26,3.71,4.11,4.12,0.06,5.80,0.69,5.61,0.39,40.94,0.24,C3'-endo
54,54,0.71,5MU,t,U,0,0,0,0,1,.,58,1,tWH,tW-M,5.23,3.12,0.76,1.37,3.76,5.38,4.66,3.50,BI,anti,.,4.33,4.58,2.92,4.05,3.14,4.19,3.82,5.53,0.02,5.85,0.65,5.62,0.40,39.16,0.29,C3'-endo
55,55,0.72,U,U,U,0,0,0,1,0,.,,0,,,4.76,3.31,1.28,1.18,4.04,5.00,5.33,0.41,BI,syn,.,-4.51,4.94,2.92,4.31,3.29,3.60,4.78,2.26,6.18,5.95,0.58,5.64,0.49,37.53,0.47,C3'-endo
56,56,0.74,C,C,C,0,1,0,0,0,],19,1,cWW,cW-W,2.85,3.07,0.96,1.48,4.01,5.10,5.20,3.41,BI,anti,.,4.52,4.71,0.54,4.12,0.89,4.16,0.48,4.77,0.10,5.80,0.66,5.67,0.32,38.14,0.17,C3'-endo
57,57,0.75,G,G,G,0,0,1,0,0,.,,0,,,5.13,2.81,1.09,1.37,3.77,5.22,4.84,3.39,BI,anti,.,4.68,4.66,2.87,3.89,3.27,4.07,4.23,4.39,6.25,5.87,0.66,5.58,0.47,40.81,0.37,C3'-endo
58,58,0.76,A,A,A,1,0,0,0,0,.,54,1,tHW,tM-W,5.19,3.76,1.10,2.60,5.00,3.21,1.80,4.89,BII,anti,.,0.53,0.24,3.97,4.15,4.35,3.25,4.49,2.79,5.90,0.66,5.62,0.46,6.23,39.40,2.89,C2'-endo
59,59,0.78,U,U,U,0,0,0,1,0,.,,0,,,1.16,3.61,1.15,1.51,3.66,5.41,4.54,3.43,BI,anti,.,4.29,4.38,0.17,4.19,0.49,4.38,0.88,5.35,6.18,5.98,0.56,5.64,0.47,36.45,0.48,C3'-endo
60,60,0.79,C,C,C,0,1,0,0,0,.,,0,,,5.07,3.26,1.05,2.58,4.26,5.13,5.42,4.32,..,anti,.,1.31,1.45,3.24,5.57,3.97,5.03,5.03,5.63,5.90,0.61,5.69,0.40,6.27,35.97,2.83,C2'-endo
61,61,0.80,C,C,C,0,1,0,0,0,),53,1,cWW,cW-W,4.14,3.52,1.07,1.49,3.78,4.85,5.21,3.12,BI,anti,A,4.61,4.59,2.13,3.75,2.92,3.81,3.52,4.20,0.01,5.84,0.68,5.59,0.43,41.09,0.31,C3'-endo
62,62,0.82,A,A,A,1,0,0,0,0,),52,1,cWW,cW-W,5.27,2.97,0.88,1.44,3.88,4.76,5.41,3.34,BI,anti,A,4.33,4.66,3.03,3.68,3.21,3.71,3.77,4.02,0.08,5.80,0.68,5.63,0.36,39.80,0.21,C3'-endo
63,63,0.83,C,C,C,0,1,0,0,0,),51,1,cWW,cW-W,5.35,2.80,0.80,1.38,3.75,4.92,5.11,3.64,BI,anti,A,4.21,4.67,2.84,3.72,3.04,3.71,3.58,4.15,0.06,5.80,0.71,5.59,0.40,41.69,0.25,C3'-endo
64,64,0.84,A,A,A,1,0,0,0,0,),50,1,cWW,cW-W,5.51,2.99,0.66,1.37,3.83,5.05,5.07,3.49,BI,anti,A,4.55,4.78,2.98,3.80,3.16,3.85,3.84,4.26,0.13,5.74,0.73,5.61,0.34,42.29,0.15,C3'-endo
65,65,0.86,G,G,G,0,0,1,0,0,),49,1,cWW,cW-W,5.12,2.75,1.19,1.38,3.54,4.93,4.89,3.27,BI,anti,A,4.86,4.61,2.88,3.56,3.24,3.53,3.97,3.92,6.20,5.87,0.72,5.50,0.55,45.31,0.43,C3'-endo
66,66,0.87,A,A,A,1,0,0,0,0,),7,1,cWW,cW-W,5.15,3.10,0.93,1.47,3.68,4.98,4.98,3.42,BI,anti,A,4.39,4.59,3.01,3.77,3.18,3.80,3.78,4.33,0.07,5.83,0.66,5.65,0.35,38.71,0.23,C3'-endo
67,67,0.88,A,A,A,1,0,0,0,0,),6,1,cWW,cW-W,5.23,3.02,0.86,1.42,3.60,5.03,4.85,3.44,BI,anti,A,4.43,4.57,2.92,3.74,3.17,3.76,3.96,4.24,0.02,5.81,0.71,5.57,0.44,42.73,0.29,C3'-endo
68,68,0.89,U,U,U,0,0,0,1,0,),5,1,cWW,cW-W,5.30,3.13,0.69,1.49,3.34,5.22,4.40,3.63,BI,anti,A,4.34,4.48,2.89,3.78,3.13,3.81,3.87,4.37,0.05,5.82,0.68,5.62,0.38,40.11,0.25,C3'-endo
69,69,0.91,U,U,U,0,0,0,1,0,),4,1,cWW,cW-W,5.15,3.00,0.95,1.34,3.75,4.87,5.16,3.38,BI,anti,.,4.58,4.66,3.00,3.59,3.26,3.58,4.08,3.59,6.26,5.89,0.65,5.60,0.45,39.92,0.36,C3'-endo
70,70,0.92,C,C,C,0,1,0,0,0,),3,1,cWW,cW-W,5.26,2.85,0.99,1.41,3.54,5.13,4.69,3.55,BI,anti,A,4.17,4.42,2.97,3.73,3.14,3.68,3.33,4.26,6.12,5.99,0.60,5.57,0.55,40.60,0.55,C3'-endo
71,71,0.93,G,G,G,0,0,1,0,0,),2,1,cWW,cW-W,4.76,2.88,1.28,1.37,3.60,4.71,5.18,3.30,BI,anti,A,4.58,4.64,2.73,3.98,3.06,3.77,3.99,4.25,6.23,5.87,0.70,5.54,0.50,43.55,0.39,C3'-endo
72,72,0.95,C,C,C,0,1,0,0,0,),1,1,cWW,cW-W,2.78,3.58,2.91,1.38,4.18,4.94,5.52,3.23,..,anti,.,4.89,4.87,2.74,3.73,2.98,3.82,3.83,4.65,0.12,5.78,0.68,5.65,0.32,39.42,0.16,C3'-endo
73,73,0.96,A,A,A,1,0,0,0,0,.,,0,,,5.38,2.89,0.89,1.42,3.76,5.13,4.92,3.41,BI,anti,A,4.73,4.77,2.91,3.97,3.28,3.99,4.42,4.60,0.13,5.78,0.67,5.67,0.31,38.53,0.14,C3'-endo
74,74,0.97,C,C,C,0,1,0,0,0,.,,0,,,5.35,3.04,0.76,1.36,4.00,4.92,5.37,3.37,BI,anti,.,4.61,4.79,3.00,3.99,3.27,4.15,4.20,4.85,0.09,5.79,0.69,5.63,0.36,40.19,0.21,C3'-endo
75,75,0.99,C,C,C,0,1,0,0,0,.,,0,,,5.74,2.73,0.88,1.56,4.02,1.97,2.04,3.73,..,anti,.,3.30,3.90,3.32,0.81,3.68,6.14,4.52,6.00,6.14,6.09,0.43,5.76,0.42,29.57,0.60,C3'-endo
76,76,1.00,A,A,A,1,0,0,0,0,.,,0,,,2.47,1.17,3.11,2.74,,,,5.61,n/a,...,-,,,,,,,,,5.92,0.65,5.62,0.47,6.22,39.12,2.91,C2'-endo
