index_chain,old_nt_resnum,nt_position,nt_name,nt_code,nt_align_code,is_A,is_C,is_G,is_U,is_other,dbn,paired,nb_interact,pair_type_LW,pair_type_DSSR,alpha,beta,gamma,delta,epsilon,zeta,epsilon_zeta,chi,bb_type,glyco_bond,form,ssZp,Dp,eta,theta,eta_prime,theta_prime,eta_base,theta_base,v0,v1,v2,v3,v4,amplitude,phase_angle,puckering
1,901,0.01,U,U,U,0,0,0,1,0,(,72,1,cWW,cW-W,,3.09,0.74,1.43,3.74,4.93,5.09,3.26,BI,anti,A,4.68,4.66,,3.75,,3.82,,4.28,0.04,5.85,0.63,5.65,0.37,37.58,0.27,C3'-endo
2,902,0.03,C,C,C,0,1,0,0,0,(,71,1,cWW,cW-W,5.30,2.91,0.96,1.46,3.56,4.95,4.90,3.42,BI,anti,A,4.39,4.48,2.99,3.66,3.26,3.64,3.97,3.95,0.01,5.89,0.61,5.66,0.39,36.52,0.32,C3'-endo
3,903,0.04,C,C,C,0,1,0,0,0,(,70,1,cWW,cW-W,5.19,3.13,0.79,1.43,3.60,5.04,4.85,3.50,BI,anti,A,4.38,4.58,2.90,3.71,3.08,3.73,3.63,4.18,0.00,5.89,0.62,5.65,0.40,37.54,0.32,C3'-endo
4,904,0.05,G,G,G,0,0,1,0,0,(,69,1,cWW,cW-W,5.18,3.05,0.87,1.39,3.71,5.01,4.98,3.42,BI,anti,A,4.63,4.68,2.90,3.74,3.11,3.79,3.80,4.41,6.28,5.87,0.65,5.62,0.42,39.15,0.33,C3'-endo
5,905,0.07,U,U,U,0,0,0,1,0,(,68,1,cWW,cW-W,5.20,2.98,0.94,1.44,3.72,4.87,5.13,3.28,BI,anti,A,4.79,4.70,2.93,3.67,3.20,3.67,4.10,3.85,0.02,5.87,0.63,5.65,0.39,37.74,0.30,C3'-endo
6,906,0.08,G,G,G,0,0,1,0,0,(,67,1,cWW,cW-W,5.14,2.87,1.05,1.43,3.56,4.95,4.89,3.46,BI,anti,A,4.40,4.51,2.89,3.67,3.12,3.78,3.57,4.15,6.25,5.91,0.61,5.64,0.43,37.60,0.37,C3'-endo
7,907,0.09,A,A,A,1,0,0,0,0,(,66,1,cWW,cW-W,5.37,3.10,1.07,2.61,4.73,5.22,5.79,4.08,..,anti,.,0.68,0.64,3.62,5.80,4.08,5.37,4.43,6.05,5.90,0.61,5.70,0.39,6.27,35.34,2.83,C2'-endo
8,908,0.11,U,U,U,0,0,0,1,0,.,"14,46",2,"tWH,cSW","tW-M,cm-W",4.99,3.67,0.87,1.54,3.88,4.56,5.60,3.29,BI,anti,.,4.62,4.67,2.86,3.46,3.54,3.53,3.60,3.02,0.08,5.83,0.62,5.69,0.32,36.22,0.20,C3'-endo
9,909,0.12,A,A,A,1,0,0,0,0,.,23,1,tHH,tM+M,3.31,2.33,3.01,2.50,4.81,5.44,5.65,4.22,..,anti,.,0.73,0.89,3.98,4.94,3.47,4.49,2.71,4.61,5.92,0.58,5.72,0.37,6.28,33.75,2.82,C2'-endo
10,910,0.13,G,G,G,0,0,1,0,0,(,"25,45",2,"cWW,cHS","cW-W,cM+m",3.42,2.91,0.89,1.48,3.67,5.21,4.74,3.16,BI,anti,A,4.77,4.65,0.60,4.01,1.65,4.04,2.33,4.66,0.06,5.85,0.62,5.68,0.34,36.29,0.23,C3'-endo
11,911,0.14,U,U,U,0,0,0,1,0,(,24,1,cWW,cW-W,5.06,3.13,1.02,1.48,3.73,5.08,4.93,3.39,BI,anti,A,4.42,4.55,3.02,3.88,3.37,3.83,4.33,4.23,0.02,5.89,0.59,5.68,0.37,35.56,0.29,C3'-endo
12,912,0.16,U,U,U,0,0,0,1,0,(,23,1,cWW,cW-W,4.92,3.04,0.94,1.45,3.49,5.48,4.29,3.53,BI,anti,.,4.49,4.57,2.70,4.07,2.97,4.13,3.69,4.59,6.28,5.87,0.64,5.62,0.42,38.72,0.33,C3'-endo
13,913,0.17,PSU,P,U,0,0,0,0,1,.,22,1,cWW,cW-W,4.77,3.06,1.36,1.47,3.09,4.82,4.55,3.95,BI,anti,.,4.21,3.93,2.90,3.19,3.53,3.04,4.31,3.44,0.02,5.86,0.63,5.64,0.39,37.97,0.30,C3'-endo
14,914,0.18,A,A,A,1,0,0,0,0,.,"8,21",2,"tHW,cWS","tM-W,cW-m",5.15,3.37,0.79,1.37,3.70,5.07,4.91,3.47,BI,anti,A,4.48,4.64,3.07,3.73,2.95,3.87,3.42,4.69,6.27,5.88,0.64,5.62,0.42,39.02,0.33,C3'-endo
15,915,0.20,A,A,A,1,0,0,0,0,.,48,1,tWW,tW+W,5.34,3.05,0.84,1.45,3.55,4.92,4.91,3.55,BI,anti,A,4.36,4.56,2.99,3.65,3.31,3.67,4.34,3.93,0.04,5.86,0.62,5.67,0.36,36.53,0.26,C3'-endo
16,916,0.21,H2U,u,U,0,0,0,0,1,.,59,1,tWW,tW+W,5.52,2.92,0.72,1.44,3.30,5.05,4.54,3.81,BI,anti,.,3.77,4.35,3.01,3.89,3.26,3.46,3.74,3.44,0.01,5.90,0.59,5.68,0.38,35.68,0.32,C3'-endo
17,917,0.22,G,G,G,0,0,1,0,0,.,55,1,tWS,tW+m,2.96,3.15,5.31,2.46,3.65,4.51,5.42,4.30,BI,anti,.,1.94,2.01,5.42,3.37,5.50,3.72,5.12,4.12,5.87,0.61,5.71,0.35,0.03,35.17,2.76,C2'-endo
18,918,0.24,G,G,G,0,0,1,0,0,[,56,1,cWW,cW-W,5.04,3.83,0.78,2.54,4.84,4.31,0.53,5.25,..,anti,.,-1.15,0.66,3.81,4.89,3.98,4.83,4.20,5.33,6.01,0.54,5.70,0.44,6.17,33.70,3.00,C2'-endo
19,919,0.25,H2U,u,U,0,0,0,0,1,.,,0,,,5.38,2.66,0.81,2.44,4.04,4.70,5.62,4.34,..,anti,.,1.63,1.52,2.84,4.99,3.70,4.00,3.75,3.83,5.84,0.64,5.70,0.35,0.06,36.75,2.73,C2'-endo
20,920,0.26,C,C,C,0,1,0,0,0,.,,0,,,3.23,3.09,0.85,1.46,4.00,4.56,5.72,3.55,..,anti,.,4.21,4.62,0.92,3.99,1.57,3.61,1.95,3.48,0.02,5.90,0.59,5.68,0.37,35.37,0.30,C3'-endo
21,921,0.28,A,A,A,1,0,0,0,0,.,14,1,cSW,cm-W,1.09,3.37,0.93,1.50,3.41,3.96,5.73,3.65,..,anti,.,4.06,4.46,5.23,2.60,5.47,2.64,5.31,2.72,0.05,5.84,0.64,5.66,0.36,37.58,0.25,C3'-endo
22,922,0.29,G,G,G,0,0,1,0,0,.,"13,46",2,"cWW,tHW","cW-W,tM-W",5.33,2.71,0.81,1.40,3.79,4.89,5.18,3.36,BI,anti,A,4.65,4.74,2.99,3.78,2.83,3.78,2.72,4.00,0.07,5.82,0.66,5.65,0.36,38.67,0.22,C3'-endo
23,923,0.30,A,A,A,1,0,0,0,0,),"9,12",2,"tHH,cWW","tM+M,cW-W",5.39,2.85,1.02,1.41,3.71,4.85,5.14,3.52,BI,anti,A,4.25,4.55,3.10,3.63,3.34,3.62,3.81,4.10,6.26,5.91,0.61,5.64,0.42,37.51,0.37,C3'-endo
24,924,0.32,A,A,A,1,0,0,0,0,),11,1,cWW,cW-W,5.25,2.84,0.89,1.43,3.74,5.04,4.99,3.58,BI,anti,A,4.37,4.64,2.86,3.87,3.08,3.88,3.81,4.57,0.02,5.88,0.62,5.66,0.38,37.09,0.30,C3'-endo
25,925,0.33,U,U,U,0,0,0,1,0,),"10,45",2,"cWW,cWW","cW-W,cW-W",5.16,2.90,0.96,1.48,3.53,5.28,4.54,3.40,BI,anti,.,4.55,4.55,2.81,3.99,3.17,3.97,4.23,4.76,0.01,5.87,0.64,5.64,0.40,38.13,0.30,C3'-endo
26,926,0.34,G,G,G,0,0,1,0,0,.,44,1,cWW,cW-W,5.07,3.07,0.95,1.39,3.60,5.17,4.71,3.47,BI,anti,A,4.53,4.65,2.86,3.81,3.24,3.83,4.46,4.24,0.02,5.86,0.65,5.63,0.40,38.69,0.30,C3'-endo
27,927,0.36,G,G,G,0,0,1,0,0,(,43,1,cWW,cW-W,5.02,3.41,0.82,1.42,3.59,5.03,4.84,3.33,BI,anti,A,4.59,4.58,2.93,3.64,3.12,3.71,3.76,4.19,6.28,5.89,0.62,5.64,0.41,37.78,0.34,C3'-endo
28,928,0.37,G,G,G,0,0,1,0,0,(,42,1,cWW,cW-W,5.25,3.24,0.72,1.44,3.65,5.04,4.89,3.46,BI,anti,A,4.48,4.59,2.98,3.72,3.14,3.80,3.77,4.18,0.04,5.87,0.61,5.67,0.36,36.52,0.27,C3'-endo
29,929,0.38,C,C,C,0,1,0,0,0,(,41,1,cWW,cW-W,5.27,3.20,0.69,1.46,3.21,5.21,4.28,3.68,BI,anti,.,4.08,4.32,2.90,4.03,3.14,3.86,3.71,4.12,6.26,5.92,0.60,5.65,0.41,36.54,0.37,C3'-endo
30,930,0.39,G,G,G,0,0,1,0,0,(,40,1,cWW,cW-W,2.63,3.18,3.24,1.51,4.13,4.85,5.56,3.09,..,anti,A,4.74,4.66,2.99,3.42,3.16,3.60,3.70,4.44,0.01,5.90,0.59,5.68,0.37,35.37,0.31,C3'-endo
31,931,0.41,C,C,C,0,1,0,0,0,(,39,1,cWW,cW-W,5.49,2.76,0.72,1.37,3.69,5.16,4.81,3.35,BI,anti,A,4.57,4.61,2.81,3.91,3.16,4.01,4.20,4.74,6.25,5.91,0.62,5.62,0.44,38.30,0.37,C3'-endo
32,932,0.42,PSU,P,U,0,0,0,0,1,.,38,1,cWW,cW-W,5.18,3.07,0.78,1.49,3.65,4.93,5.00,3.64,BI,anti,.,4.56,4.42,2.82,3.54,3.21,3.58,4.25,4.01,0.31,5.66,0.68,5.76,0.14,39.31,6.16,C2'-exo
33,933,0.43,U,U,U,0,0,0,1,0,.,,0,,,5.12,4.08,2.45,1.53,2.78,4.17,4.90,3.34,BI,anti,.,2.52,3.13,5.00,2.50,5.22,2.38,4.88,2.28,6.13,6.10,0.43,5.75,0.44,30.07,0.62,C3'-endo
34,934,0.45,G,G,G,0,0,1,0,0,.,,0,,,5.50,3.37,0.95,2.60,4.27,2.10,2.17,4.25,..,anti,.,1.08,1.24,3.71,2.24,3.65,1.91,3.15,2.45,5.89,0.63,5.67,0.40,6.28,36.99,2.83,C2'-endo
35,935,0.46,U,U,U,0,0,0,1,0,.,,0,,,4.90,2.28,0.88,1.44,3.93,5.11,5.11,3.26,BI,anti,.,4.64,4.68,2.95,4.22,3.00,4.18,3.43,4.96,0.02,5.86,0.63,5.64,0.39,38.00,0.29,C3'-endo
36,936,0.47,C,C,C,0,1,0,0,0,.,,0,,,5.13,2.96,1.01,1.50,3.70,2.95,0.75,3.51,..,anti,.,4.36,4.57,2.89,1.99,3.32,1.20,4.54,5.25,0.04,5.87,0.61,5.68,0.36,36.14,0.27,C3'-endo
37,937,0.49,1MG,g,G,0,0,0,0,1,.,,0,,,0.75,4.14,0.96,2.53,4.18,5.09,5.37,4.56,..,anti,.,1.06,1.58,6.21,5.19,0.21,4.76,2.17,4.45,5.99,0.54,5.73,0.40,6.21,32.48,2.94,C2'-endo
38,938,0.50,C,C,C,0,1,0,0,0,.,32,1,cWW,cW-W,5.06,2.84,3.20,1.45,3.62,5.31,4.59,3.50,BI,anti,A,4.36,4.60,5.04,3.27,5.55,3.47,6.08,4.31,0.01,5.88,0.63,5.64,0.40,37.82,0.31,C3'-endo
39,939,0.51,G,G,G,0,0,1,0,0,),31,1,cWW,cW-W,5.04,3.25,0.83,1.43,3.64,5.08,4.84,3.51,BI,anti,A,4.48,4.62,2.84,3.80,3.18,3.88,4.21,4.62,0.00,5.89,0.62,5.65,0.40,37.31,0.32,C3'-endo
40,940,0.53,U,U,U,0,0,0,1,0,),30,1,cWW,cW-W,5.34,2.92,0.92,1.50,3.60,4.95,4.94,3.46,BI,anti,.,4.39,4.48,3.03,3.69,3.38,3.64,4.38,3.73,0.01,5.90,0.58,5.69,0.37,34.86,0.31,C3'-endo
41,941,0.54,G,G,G,0,0,1,0,0,),29,1,cWW,cW-W,4.82,3.21,0.92,1.44,3.47,4.98,4.77,3.46,BI,anti,A,4.57,4.50,2.73,3.53,2.87,3.55,3.21,4.00,6.25,5.92,0.59,5.66,0.42,36.50,0.37,C3'-endo
42,942,0.55,C,C,C,0,1,0,0,0,),28,1,cWW,cW-W,5.01,3.05,1.02,1.44,3.51,5.12,4.67,3.48,BI,anti,A,4.61,4.63,2.86,3.75,3.07,3.75,3.77,4.18,0.04,5.84,0.65,5.64,0.38,38.60,0.26,C3'-endo
43,943,0.57,C,C,C,0,1,0,0,0,),27,1,cWW,cW-W,5.15,3.25,0.88,1.44,3.57,5.02,4.83,3.42,BI,anti,A,4.57,4.63,2.99,3.68,3.21,3.71,3.92,4.11,0.05,5.83,0.65,5.64,0.37,38.51,0.25,C3'-endo
44,944,0.58,A,A,A,1,0,0,0,0,.,26,1,cWW,cW-W,5.01,3.07,1.03,1.42,3.57,5.20,4.65,3.42,BI,anti,.,4.56,4.66,2.84,3.89,3.08,3.89,3.77,4.39,0.05,5.82,0.67,5.62,0.39,39.88,0.25,C3'-endo
45,945,0.59,G,G,G,0,0,1,0,0,.,"10,25",2,"cSH,cWW","cm+M,cW-W",5.28,3.19,0.93,1.44,4.30,4.11,0.19,3.63,..,anti,.,3.94,4.66,3.31,3.32,3.54,3.63,4.22,3.94,6.24,5.92,0.60,5.64,0.43,37.13,0.39,C3'-endo
46,946,0.61,A,A,A,1,0,0,0,0,.,"8,22",2,"cWS,tWH","cW-m,tW-M",5.33,2.88,0.99,1.48,3.62,5.12,4.79,4.04,BI,anti,.,3.10,4.54,3.33,3.67,3.29,3.60,3.38,3.60,0.02,5.89,0.59,5.68,0.36,35.49,0.29,C3'-endo
47,not resolved,0.62,-,-,-,0,0,0,0,1,,,0,,,,,,,,,,,,,,,,,,,,,,,,,,,,,
48,948,0.63,U,U,U,0,0,0,1,0,.,15,1,tWW,tW+W,4.45,2.22,2.92,2.49,3.35,1.60,1.75,4.07,..,anti,.,2.11,2.16,4.52,0.28,4.36,0.90,4.21,3.31,5.94,0.57,5.72,0.38,6.25,33.87,2.86,C2'-endo
49,949,0.64,5MC,c,C,0,0,0,0,1,(,65,1,cWW,cW-W,1.29,2.33,0.52,1.38,3.61,4.87,5.03,3.33,BI,anti,A,4.29,4.37,4.91,3.66,4.59,3.66,2.55,4.00,6.18,5.98,0.57,5.64,0.47,36.88,0.48,C3'-endo
50,950,0.66,G,G,G,0,0,1,0,0,(,64,1,cWW,cW-W,4.96,3.21,0.90,1.47,3.50,5.07,4.71,3.44,BI,anti,A,4.43,4.53,2.85,3.70,2.98,3.71,3.53,4.02,0.04,5.88,0.60,5.68,0.36,35.77,0.27,C3'-endo
51,951,0.67,G,G,G,0,0,1,0,0,(,63,1,cWW,cW-W,5.15,3.21,0.81,1.42,3.61,5.11,4.78,3.50,BI,anti,A,4.45,4.58,2.95,3.77,3.12,3.79,3.64,4.38,0.00,5.89,0.61,5.66,0.39,37.04,0.32,C3'-endo
52,952,0.68,G,G,G,0,0,1,0,0,(,62,1,cWW,cW-W,5.20,2.87,1.00,1.38,3.57,5.08,4.77,3.31,BI,anti,A,4.79,4.65,2.86,3.72,3.19,3.73,4.11,4.22,6.27,5.88,0.64,5.62,0.42,38.78,0.34,C3'-endo
53,953,0.70,G,G,G,0,0,1,0,0,(,61,1,cWW,cW-W,5.28,3.07,0.95,1.43,3.56,5.14,4.71,3.40,BI,anti,A,4.36,4.53,3.08,3.77,3.36,3.77,4.12,4.27,0.01,5.88,0.63,5.64,0.40,37.74,0.32,C3'-endo
54,954,0.71,5MU,t,U,0,0,0,0,1,.,58,1,tWH,tW-M,5.08,3.24,0.81,1.40,3.85,5.08,5.05,3.63,BI,anti,.,4.21,4.71,2.91,3.94,3.10,4.12,3.83,4.70,0.02,5.86,0.64,5.64,0.39,38.40,0.29,C3'-endo
55,955,0.72,PSU,P,U,0,0,0,0,1,.,17,1,tSW,tm+W,5.34,2.96,0.88,1.53,3.80,5.18,4.90,3.80,BI,anti,.,4.33,4.22,2.99,4.52,3.41,3.69,4.21,2.61,0.17,5.77,0.64,5.72,0.24,36.52,0.06,C3'-endo
56,956,0.74,C,C,C,0,1,0,0,0,],18,1,cWW,cW-W,2.73,2.78,0.97,1.44,4.07,5.00,5.35,3.16,..,anti,A,4.76,4.76,0.30,4.14,0.74,4.18,0.43,4.76,0.04,5.86,0.62,5.66,0.37,37.03,0.27,C3'-endo
57,957,0.75,A,A,A,1,0,0,0,0,.,,0,,,5.36,2.85,1.00,1.44,3.68,5.28,4.68,3.48,BI,anti,.,4.07,4.37,2.95,3.95,3.36,4.13,4.31,4.46,6.14,6.00,0.58,5.61,0.52,38.51,0.54,C3'-endo
58,958,0.76,A,A,A,1,0,0,0,0,.,54,1,tHW,tM-W,4.99,4.05,1.02,2.56,4.48,3.04,1.43,4.96,BII,anti,.,0.62,1.04,3.77,3.66,4.09,2.86,4.32,2.26,5.92,0.60,5.70,0.40,6.26,35.04,2.85,C2'-endo
59,959,0.78,U,U,U,0,0,0,1,0,.,16,1,tWW,tW+W,1.53,3.66,1.15,1.53,3.90,4.87,5.32,3.26,BI,anti,.,4.36,4.49,0.64,4.00,0.66,4.21,0.85,5.08,0.02,5.90,0.58,5.70,0.35,34.53,0.29,C3'-endo
60,960,0.79,U,U,U,0,0,0,1,0,.,,0,,,5.63,2.79,0.88,2.47,4.27,5.37,5.18,4.15,..,anti,.,1.30,1.49,3.30,5.58,3.92,5.12,4.89,5.63,5.93,0.56,5.73,0.36,6.27,33.04,2.83,C2'-endo
61,961,0.80,C,C,C,0,1,0,0,0,),53,1,cWW,cW-W,4.52,3.39,0.75,1.43,3.66,4.97,4.97,3.35,BI,anti,A,4.36,4.51,2.15,3.64,2.92,3.73,3.54,4.13,6.26,5.93,0.58,5.66,0.41,35.94,0.37,C3'-endo
62,962,0.82,C,C,C,0,1,0,0,0,),52,1,cWW,cW-W,5.15,3.17,0.78,1.42,3.49,5.09,4.69,3.61,BI,anti,A,4.21,4.50,2.88,3.65,3.06,3.68,3.59,4.16,6.28,5.90,0.61,5.65,0.40,36.90,0.33,C3'-endo
63,963,0.83,C,C,C,0,1,0,0,0,),51,1,cWW,cW-W,5.20,3.07,0.88,1.40,3.70,5.02,4.96,3.42,BI,anti,A,4.46,4.65,2.96,3.74,3.17,3.78,3.86,4.37,0.01,5.87,0.63,5.64,0.40,38.12,0.31,C3'-endo
64,964,0.84,C,C,C,0,1,0,0,0,),50,1,cWW,cW-W,5.20,2.90,1.00,1.42,3.75,4.98,5.05,3.41,BI,anti,A,4.55,4.67,2.91,3.79,3.20,3.80,4.08,4.36,0.01,5.86,0.64,5.63,0.40,38.68,0.30,C3'-endo
65,965,0.86,G,G,G,0,0,1,0,0,),49,1,cWW,cW-W,5.16,2.93,0.98,1.45,3.64,5.04,4.88,3.32,BI,anti,A,4.64,4.62,2.88,3.80,3.18,3.79,4.06,4.25,0.01,5.88,0.62,5.65,0.39,37.47,0.30,C3'-endo
66,966,0.87,U,U,U,0,0,0,1,0,),7,1,cWW,cW-W,5.17,3.14,0.88,1.43,3.86,4.89,5.25,3.46,BI,anti,A,4.45,4.65,3.01,3.77,3.21,3.81,3.90,4.35,6.27,5.90,0.61,5.65,0.41,37.15,0.35,C3'-endo
67,967,0.88,C,C,C,0,1,0,0,0,),6,1,cWW,cW-W,5.16,2.86,0.94,1.39,3.54,4.86,4.97,3.47,BI,anti,.,4.59,4.61,2.76,3.51,3.04,3.50,3.85,3.62,6.26,5.88,0.64,5.61,0.44,39.24,0.35,C3'-endo
68,968,0.89,G,G,G,0,0,1,0,0,),5,1,cWW,cW-W,5.24,3.12,0.86,1.39,3.60,5.13,4.76,3.52,BI,anti,A,4.54,4.65,3.00,3.77,3.09,3.83,3.36,4.58,6.28,5.87,0.65,5.61,0.43,39.49,0.33,C3'-endo
69,969,0.91,C,C,C,0,1,0,0,0,),4,1,cWW,cW-W,5.18,3.09,0.89,1.43,3.62,5.03,4.88,3.53,BI,anti,A,4.43,4.63,2.93,3.74,3.22,3.75,4.23,4.10,0.02,5.86,0.64,5.64,0.39,38.04,0.29,C3'-endo
70,970,0.92,G,G,G,0,0,1,0,0,),3,1,cWW,cW-W,5.16,3.11,0.82,1.43,3.67,5.02,4.93,3.50,BI,anti,A,4.38,4.61,2.88,3.75,3.08,3.77,3.65,4.24,0.01,5.86,0.65,5.62,0.42,39.36,0.32,C3'-endo
71,971,0.93,G,G,G,0,0,1,0,0,),2,1,cWW,cW-W,5.18,2.86,1.07,1.41,3.47,5.08,4.68,3.36,BI,anti,A,4.62,4.52,2.89,3.66,3.20,3.64,3.99,4.04,6.22,5.92,0.62,5.60,0.47,39.21,0.42,C3'-endo
72,972,0.95,A,A,A,1,0,0,0,0,),1,1,cWW,cW-W,5.12,3.30,0.87,1.44,3.73,5.12,4.89,3.43,BI,anti,.,4.34,4.52,3.07,3.88,3.22,3.97,3.80,4.86,6.28,5.90,0.61,5.66,0.40,36.74,0.34,C3'-endo
73,973,0.96,G,G,G,0,0,1,0,0,.,,0,,,5.16,2.81,1.01,1.43,3.93,5.43,4.78,3.40,BI,anti,.,4.54,4.66,2.87,4.39,3.25,4.43,4.44,5.41,6.27,5.90,0.61,5.65,0.41,37.03,0.34,C3'-endo
74,974,0.97,C,C,C,0,1,0,0,0,.,,0,,,4.89,3.12,0.96,1.50,3.71,5.14,4.85,3.56,BI,anti,.,4.43,4.68,2.65,4.00,3.22,4.06,4.68,4.66,0.06,5.85,0.62,5.68,0.35,36.61,0.24,C3'-endo
75,975,0.99,C,C,C,0,1,0,0,0,.,,0,,,5.24,2.83,1.08,1.57,3.54,5.10,4.72,3.24,BI,anti,.,4.54,4.50,2.88,4.24,3.39,4.16,4.47,4.40,6.27,5.90,0.61,5.66,0.40,37.06,0.34,C3'-endo
76,976,1.00,A,A,A,1,0,0,0,0,.,,0,,,3.60,3.29,3.19,2.78,,,,2.07,..,...,-,,,,,,,,,5.81,0.72,5.60,0.41,0.04,41.72,2.77,C2'-endo
