index_chain,old_nt_resnum,nt_position,nt_name,nt_code,nt_align_code,is_A,is_C,is_G,is_U,is_other,dbn,paired,nb_interact,pair_type_LW,pair_type_DSSR,alpha,beta,gamma,delta,epsilon,zeta,epsilon_zeta,chi,bb_type,glyco_bond,form,ssZp,Dp,eta,theta,eta_prime,theta_prime,eta_base,theta_base,v0,v1,v2,v3,v4,amplitude,phase_angle,puckering
1,1,0.03,C,C,C,0,1,0,0,0,(,29,1,cWW,cW-W,,,1.47,1.48,3.74,5.02,5.00,3.38,BI,anti,A,4.51,4.65,,,,,,,0.19,5.73,0.68,5.69,0.25,39.15,0.05,C3'-endo
2,2,0.07,G,G,G,0,0,1,0,0,(,28,1,cWW,cW-W,4.96,3.22,0.96,1.43,3.73,5.02,5.00,3.53,BI,anti,A,4.35,4.68,2.89,3.80,3.10,3.81,3.78,4.18,0.18,5.71,0.73,5.64,0.29,41.90,0.08,C3'-endo
3,3,0.10,C,C,C,0,1,0,0,0,(,27,1,cWW,cW-W,4.89,3.04,1.13,1.37,3.65,4.93,5.00,3.38,BI,anti,A,4.55,4.65,2.85,3.60,3.08,3.60,3.71,3.91,6.27,5.84,0.70,5.56,0.47,42.64,0.34,C3'-endo
4,4,0.14,U,U,U,0,0,0,1,0,(,26,1,cWW,cW-W,5.00,3.11,0.94,1.38,3.94,4.71,5.52,3.34,BI,anti,A,4.60,4.74,2.90,3.67,3.02,3.73,3.54,4.30,0.10,5.76,0.74,5.58,0.38,43.17,0.19,C3'-endo
5,5,0.17,C,C,C,0,1,0,0,0,(,25,1,cWW,cW-W,5.44,2.73,0.79,1.25,3.72,4.85,5.15,3.42,BI,anti,A,4.57,4.74,2.80,3.56,3.01,3.62,3.84,3.97,0.09,5.74,0.78,5.54,0.40,45.39,0.21,C3'-endo
6,6,0.21,C,C,C,0,1,0,0,0,(,24,1,cWW,cW-W,5.43,3.06,0.87,1.54,3.82,5.13,4.97,3.47,BI,anti,A,4.38,4.65,3.20,4.08,3.33,4.12,3.79,4.83,0.15,5.77,0.66,5.69,0.28,38.08,0.10,C3'-endo
7,7,0.24,U,U,U,0,0,0,1,0,.,23,1,cWW,cW-W,5.27,2.96,0.87,1.37,3.72,4.98,5.02,3.61,BI,anti,.,4.07,4.64,2.89,3.78,3.28,3.86,4.33,4.78,0.01,5.82,0.72,5.55,0.46,43.31,0.31,C3'-endo
8,8,0.28,C,C,C,0,1,0,0,0,.,22,1,tSH,tm-M,5.45,2.84,0.83,1.52,3.57,0.79,2.78,3.77,..,anti,.,3.86,4.55,2.99,6.03,3.35,5.22,4.50,4.50,0.14,5.78,0.65,5.69,0.29,37.62,0.12,C3'-endo
9,9,0.31,A,A,A,1,0,0,0,0,.,21,1,tHH,tM+M,2.46,2.69,1.22,2.67,4.00,2.71,1.29,3.92,BII,anti,.,1.20,1.32,0.59,3.26,2.02,2.51,2.10,2.70,6.01,0.61,5.59,0.55,6.11,39.56,3.07,C2'-endo
10,10,0.34,G,G,G,0,0,1,0,0,.,11,1,cSH,cm+M,0.64,5.34,4.17,2.89,3.20,2.54,0.66,4.58,..,anti,.,1.87,1.89,5.56,0.40,4.83,1.05,4.56,1.62,6.09,0.56,5.60,0.60,6.02,39.15,3.19,C3'-exo
11,11,0.38,U,U,U,0,0,0,1,0,.,"10,20",2,"cHS,tWH","cM+m,tW-M",5.39,2.51,0.60,1.49,3.80,5.05,5.04,3.26,BI,anti,A,4.49,4.58,3.01,4.01,2.86,4.04,2.86,4.54,0.17,5.75,0.67,5.69,0.27,38.71,0.07,C3'-endo
12,12,0.41,A,A,A,1,0,0,0,0,.,19,1,tHS,tM-m,5.15,2.99,0.95,1.43,3.95,5.33,4.90,3.40,BI,anti,.,4.37,4.65,2.96,4.30,3.27,4.38,4.09,5.32,6.25,5.89,0.65,5.60,0.45,39.67,0.37,C3'-endo
13,13,0.45,C,C,C,0,1,0,0,0,(,18,1,cWW,cW-W,5.19,2.94,0.90,1.40,3.37,5.11,4.54,3.56,BI,anti,.,4.34,4.50,2.74,4.12,3.31,3.95,4.72,4.32,0.01,5.83,0.71,5.57,0.44,42.42,0.31,C3'-endo
14,14,0.48,G,G,G,0,0,1,0,0,.,,0,,,2.32,3.30,3.65,1.73,3.85,5.06,5.08,3.38,BI,anti,B,4.07,4.39,3.23,3.39,3.43,3.70,4.13,4.51,0.31,5.79,0.48,5.96,0.01,29.08,5.98,C2'-exo
15,15,0.52,A,A,A,1,0,0,0,0,.,,0,,,5.17,3.08,1.06,2.50,5.11,2.57,2.54,4.16,BII,anti,.,0.15,0.77,3.51,2.57,4.04,2.02,4.77,2.74,6.06,0.47,5.76,0.42,6.16,30.10,3.05,C2'-endo
16,16,0.55,G,G,G,0,0,1,0,0,.,,0,,,5.19,4.15,1.58,2.43,4.57,1.16,3.41,4.19,..,anti,.,1.07,1.22,5.76,1.98,5.90,1.34,5.27,1.32,5.93,0.59,5.69,0.40,6.25,35.20,2.86,C2'-endo
17,17,0.59,A,A,A,1,0,0,0,0,.,,0,,,1.44,3.28,3.27,1.93,3.71,1.38,2.34,4.45,..,anti,.,1.25,4.46,2.73,0.46,2.74,0.54,2.84,0.65,0.51,5.71,0.42,6.14,6.05,32.67,5.55,C1'-endo
18,18,0.62,G,G,G,0,0,1,0,0,),13,1,cWW,cW-W,1.45,4.42,3.41,1.47,3.86,5.40,4.74,3.26,BI,anti,.,4.56,4.74,3.36,3.77,3.79,3.79,4.38,4.77,0.18,5.72,0.71,5.65,0.28,40.99,0.08,C3'-endo
19,19,0.66,G,G,G,0,0,1,0,0,.,12,1,tSH,tm-M,5.17,3.24,0.63,1.40,3.18,5.17,4.30,3.66,BI,anti,.,4.28,4.56,2.72,2.92,3.21,2.63,4.65,2.55,0.18,5.70,0.75,5.62,0.31,43.08,0.09,C3'-endo
20,20,0.69,A,A,A,1,0,0,0,0,.,11,1,tHW,tM-W,4.04,1.42,3.04,1.64,4.06,4.95,5.39,3.16,..,anti,A,4.67,4.80,3.42,2.98,2.94,3.36,2.64,4.13,0.42,5.59,0.69,5.82,0.03,41.37,6.00,C2'-exo
21,21,0.72,A,A,A,1,0,0,0,0,.,9,1,tHH,tM+M,5.43,2.77,0.95,1.45,3.63,4.98,4.93,3.42,BI,anti,A,4.40,4.58,2.93,3.76,3.39,3.72,4.33,4.01,0.10,5.80,0.66,5.67,0.33,38.35,0.17,C3'-endo
22,22,0.76,C,C,C,0,1,0,0,0,.,8,1,tHS,tM-m,5.27,3.14,0.72,1.50,3.58,5.31,4.55,3.58,BI,anti,.,4.29,4.51,2.94,3.99,3.14,4.04,3.67,4.67,0.01,5.87,0.64,5.63,0.40,38.35,0.31,C3'-endo
23,23,0.79,C,C,C,0,1,0,0,0,.,7,1,cWW,cW-W,5.13,3.29,0.74,1.37,3.75,5.22,4.82,3.62,BI,anti,.,4.20,4.66,2.92,3.91,3.22,4.03,4.11,4.76,6.26,5.88,0.66,5.60,0.44,40.07,0.35,C3'-endo
24,24,0.83,G,G,G,0,0,1,0,0,),6,1,cWW,cW-W,5.22,3.02,0.93,1.41,3.70,5.00,4.98,3.21,BI,anti,A,4.77,4.70,2.92,3.72,3.30,3.77,4.37,4.10,0.15,5.75,0.70,5.65,0.30,40.26,0.11,C3'-endo
25,25,0.86,G,G,G,0,0,1,0,0,),5,1,cWW,cW-W,5.08,3.20,0.96,1.35,3.65,5.03,4.91,3.32,BI,anti,A,4.60,4.66,2.97,3.67,3.16,3.71,3.71,4.23,0.05,5.79,0.74,5.56,0.42,43.62,0.25,C3'-endo
26,26,0.90,A,A,A,1,0,0,0,0,),4,1,cWW,cW-W,5.31,3.22,0.65,1.47,3.72,5.18,4.82,3.45,BI,anti,A,4.56,4.71,2.97,3.90,3.12,3.93,3.83,4.21,0.20,5.71,0.71,5.67,0.26,40.51,0.04,C3'-endo
27,27,0.93,G,G,G,0,0,1,0,0,),3,1,cWW,cW-W,4.68,2.95,1.51,1.27,3.52,5.03,4.78,3.37,BI,anti,A,4.55,4.59,2.88,3.51,3.22,3.49,3.78,4.06,6.15,5.92,0.70,5.50,0.58,45.07,0.48,C3'-endo
28,28,0.97,C,C,C,0,1,0,0,0,),2,1,cWW,cW-W,5.10,3.16,0.86,1.38,3.56,5.12,4.72,3.52,BI,anti,A,4.39,4.64,2.90,3.71,3.06,3.74,3.86,4.11,0.10,5.74,0.76,5.57,0.39,44.09,0.19,C3'-endo
29,29,1.00,G,G,G,0,0,1,0,0,),1,1,cWW,cW-W,4.94,3.05,1.21,1.47,,,,3.45,n/a,anti,-,,,,,,,,,6.25,5.90,0.63,5.62,0.44,38.61,0.37,C3'-endo
