index_chain,old_nt_resnum,nt_position,nt_name,nt_code,nt_align_code,is_A,is_C,is_G,is_U,is_other,dbn,paired,nb_interact,pair_type_LW,pair_type_DSSR,alpha,beta,gamma,delta,epsilon,zeta,epsilon_zeta,chi,bb_type,glyco_bond,form,ssZp,Dp,eta,theta,eta_prime,theta_prime,eta_base,theta_base,v0,v1,v2,v3,v4,amplitude,phase_angle,puckering
1,1,0.01,U,U,U,0,0,0,1,0,.,,0,,,,,1.99,1.41,3.86,1.44,2.42,3.41,..,anti,.,4.56,4.71,,,,,,,0.01,5.85,0.67,5.60,0.42,40.38,0.31,C3'-endo
2,2,0.02,U,U,U,0,0,0,1,0,.,,0,,,2.56,4.95,5.18,2.24,4.16,2.59,1.57,3.75,BII,anti,.,1.57,1.53,0.62,1.00,0.61,1.67,2.24,1.74,5.84,0.61,5.74,0.30,0.08,34.91,2.68,C2'-endo
3,3,0.02,A,A,A,1,0,0,0,0,.,21,1,tWS,tW+m,4.87,2.53,1.11,2.67,4.20,5.34,5.14,5.02,..,anti,.,0.67,1.73,3.28,6.08,3.56,5.50,3.23,6.18,6.04,0.61,5.56,0.58,6.07,41.21,3.12,C2'-endo
4,4,0.03,G,G,G,0,0,1,0,0,(,119,1,cWW,cW-W,5.17,3.25,1.09,1.38,3.73,4.98,5.03,3.27,BI,anti,A,4.64,4.69,3.02,3.75,3.80,3.78,3.99,4.11,0.11,5.78,0.67,5.66,0.32,39.15,0.16,C3'-endo
5,5,0.04,G,G,G,0,0,1,0,0,(,118,1,cWW,cW-W,5.06,3.08,0.96,1.37,3.71,4.94,5.05,3.42,BI,anti,A,4.54,4.71,2.89,3.69,3.09,3.73,3.66,4.19,0.05,5.80,0.71,5.58,0.41,42.39,0.26,C3'-endo
6,6,0.05,C,C,C,0,1,0,0,0,(,117,1,cWW,cW-W,5.43,3.02,0.74,1.39,3.62,5.78,4.12,3.57,BI,anti,.,4.37,4.64,2.99,4.24,3.19,4.08,3.87,4.30,0.06,5.81,0.69,5.61,0.39,40.92,0.25,C3'-endo
7,7,0.06,G,G,G,0,0,1,0,0,(,116,1,cWW,cW-W,3.73,2.23,2.81,1.43,3.80,4.89,5.19,3.11,BI,anti,A,4.68,4.66,3.19,2.90,3.40,3.16,3.98,3.72,0.09,5.81,0.66,5.65,0.34,38.47,0.20,C3'-endo
8,8,0.07,G,G,G,0,0,1,0,0,(,115,1,cWW,cW-W,5.23,3.08,0.83,1.46,3.89,5.04,5.13,3.36,BI,anti,A,4.46,4.68,3.03,3.98,3.20,4.00,3.78,4.51,0.07,5.83,0.64,5.66,0.35,37.74,0.23,C3'-endo
9,9,0.07,C,C,C,0,1,0,0,0,(,114,1,cWW,cW-W,5.08,2.91,0.98,1.42,4.10,5.36,5.03,3.45,..,anti,.,4.48,4.68,2.86,4.43,3.13,4.63,3.91,5.52,6.25,5.88,0.67,5.58,0.47,41.07,0.37,C3'-endo
10,10,0.08,C,C,C,0,1,0,0,0,.,13,1,tSW,tm+W,5.06,2.89,1.38,2.55,4.33,2.93,1.40,4.02,BII,anti,.,1.14,1.20,3.20,2.79,4.10,2.53,5.16,3.18,5.87,0.64,5.67,0.39,0.01,37.45,2.80,C2'-endo
11,11,0.09,A,A,A,1,0,0,0,0,.,68,1,tSS,tm+m,5.83,3.47,0.98,1.48,3.60,4.04,5.85,3.37,..,anti,.,4.63,4.64,4.84,3.21,4.56,2.55,4.33,2.79,0.12,5.79,0.67,5.67,0.31,38.63,0.15,C3'-endo
12,12,0.10,C,C,C,0,1,0,0,0,.,,0,,,1.39,3.82,1.02,2.55,4.49,5.03,5.74,3.96,..,anti,.,1.12,1.03,0.05,5.42,0.17,5.10,5.63,5.44,5.92,0.61,5.66,0.43,6.24,36.71,2.89,C2'-endo
13,13,0.11,A,A,A,1,0,0,0,0,.,10,1,tWS,tW+m,4.69,3.15,0.83,2.55,4.16,4.93,5.52,3.70,..,anti,.,1.17,1.49,2.32,5.52,3.30,5.22,3.84,5.66,5.79,0.72,5.62,0.39,0.06,41.25,2.73,C2'-endo
14,14,0.11,G,G,G,0,0,1,0,0,(,67,1,cWW,cW-W,0.89,2.76,5.26,1.76,3.55,5.42,4.41,3.32,BI,anti,A,4.66,4.68,2.67,3.81,3.43,3.95,4.21,4.37,0.48,5.59,0.64,5.90,6.22,39.78,5.87,C2'-exo
15,15,0.12,C,C,C,0,1,0,0,0,(,"66,113",2,"cWW,tHW","cW-W,tM+W",4.95,3.39,0.89,1.37,3.71,5.23,4.77,3.49,BI,anti,.,4.39,4.65,2.93,3.90,3.25,3.99,3.84,4.80,0.01,5.83,0.71,5.57,0.45,42.51,0.31,C3'-endo
16,16,0.13,G,G,G,0,0,1,0,0,(,64,1,cWW,cW-W,5.12,3.04,0.92,1.36,3.76,4.98,5.07,3.39,BI,anti,A,4.71,4.76,2.84,3.75,3.20,3.79,4.33,4.25,0.05,5.80,0.72,5.57,0.42,42.75,0.26,C3'-endo
17,17,0.14,G,G,G,0,0,1,0,0,(,63,1,cWW,cW-W,5.35,2.92,0.95,1.34,3.49,5.00,4.78,3.38,BI,anti,A,4.63,4.64,2.97,3.53,3.25,3.53,4.02,3.70,0.03,5.81,0.72,5.56,0.44,43.28,0.29,C3'-endo
18,18,0.15,U,U,U,0,0,0,1,0,(,62,1,cWW,cW-W,5.20,3.25,0.87,1.39,3.61,5.01,4.88,3.56,BI,anti,A,4.36,4.63,3.07,3.66,3.17,3.71,3.48,4.22,0.03,5.83,0.68,5.60,0.41,40.72,0.28,C3'-endo
19,19,0.16,G,G,G,0,0,1,0,0,(,61,1,cWW,cW-W,5.24,2.97,0.90,1.39,3.58,5.12,4.74,3.30,BI,anti,A,4.74,4.64,2.91,3.75,3.16,3.76,3.94,4.21,0.02,5.84,0.69,5.59,0.43,41.13,0.30,C3'-endo
20,20,0.16,G,G,G,0,0,1,0,0,(,60,1,cWW,cW-W,5.13,3.14,0.95,1.37,3.48,5.18,4.59,3.32,BI,anti,A,4.60,4.61,2.96,3.69,3.21,3.74,3.96,4.16,0.03,5.82,0.69,5.59,0.41,41.17,0.28,C3'-endo
21,21,0.17,G,G,G,0,0,1,0,0,(,"3,59",2,"tSW,cWW","tm+W,cW-W",5.23,3.29,0.83,1.42,3.60,3.98,5.90,3.77,..,anti,.,3.88,4.54,3.14,3.37,3.34,3.45,3.90,3.36,0.02,5.86,0.65,5.63,0.40,38.91,0.30,C3'-endo
22,22,0.18,G,G,G,0,0,1,0,0,.,"26,58",2,"tSW,cW.","tm+W,cW-.",2.74,4.03,2.77,1.50,4.23,2.90,1.33,3.90,BII,anti,.,2.89,4.66,2.94,2.70,2.98,2.42,2.91,1.85,0.14,5.81,0.61,5.74,0.26,35.05,0.10,C3'-endo
23,23,0.19,U,U,U,0,0,0,1,0,.,,0,,,0.67,1.65,3.23,2.20,5.91,4.74,1.17,3.58,..,anti,.,1.27,2.68,1.40,4.74,0.82,4.17,0.89,2.84,0.47,5.86,0.22,0.04,5.97,26.59,5.21,C1'-endo
24,24,0.20,U,U,U,0,0,0,1,0,.,,0,,,0.37,4.09,2.87,1.53,1.06,1.15,6.19,5.79,..,syn,.,-1.49,1.28,1.14,2.92,1.81,2.90,1.75,2.68,6.15,0.27,5.97,0.24,6.21,17.83,3.05,C2'-endo
25,25,0.20,G,G,G,0,0,1,0,0,.,,0,,,4.73,2.59,2.91,1.39,3.71,0.52,3.19,5.41,..,anti,.,-2.90,4.72,5.54,4.74,5.61,5.17,6.16,5.41,0.15,5.76,0.67,5.68,0.28,38.63,0.10,C3'-endo
26,26,0.21,C,C,C,0,1,0,0,0,.,22,1,tWS,tW+m,4.99,2.83,0.93,1.34,3.64,5.09,4.84,3.36,BI,anti,A,4.44,4.58,2.87,3.76,3.92,3.77,4.81,4.39,6.25,5.86,0.69,5.56,0.48,42.36,0.37,C3'-endo
27,27,0.22,C,C,C,0,1,0,0,0,.,"55,58",2,"cWW,cWW","cW-W,cW-W",5.25,3.15,0.72,1.36,3.41,5.08,4.62,3.51,BI,anti,.,4.44,4.57,2.88,4.06,3.12,4.03,4.02,4.66,0.07,5.80,0.68,5.62,0.37,40.20,0.22,C3'-endo
28,28,0.23,U,U,U,0,0,0,1,0,(,"54,57",2,"cWW,cSH","cW-W,cm+M",2.80,3.58,2.97,1.46,4.30,4.52,6.06,3.20,..,anti,A,4.61,4.78,3.02,3.41,3.35,3.47,4.32,3.99,0.17,5.76,0.66,5.70,0.26,37.74,0.08,C3'-endo
29,29,0.24,C,C,C,0,1,0,0,0,(,"53,56",2,"cWW,cSW","cW-W,cm-W",5.41,2.28,1.04,1.37,3.95,5.37,4.86,3.30,BI,anti,.,4.65,4.75,2.76,4.44,3.07,4.46,3.86,5.21,0.03,5.81,0.71,5.57,0.43,42.37,0.29,C3'-endo
30,30,0.25,C,C,C,0,1,0,0,0,(,"50,52",2,"cWW,cSW","cW-W,cm-W",5.39,2.96,0.90,1.43,3.74,5.06,4.97,3.52,BI,anti,A,4.29,4.61,3.00,3.87,3.59,3.91,4.89,4.30,0.08,5.83,0.64,5.66,0.34,37.82,0.22,C3'-endo
31,31,0.25,C,C,C,0,1,0,0,0,(,49,1,cWW,cW-W,5.14,3.24,0.80,1.42,3.65,5.21,4.73,3.61,BI,anti,A,4.20,4.59,2.94,3.91,3.14,3.93,3.74,4.26,0.04,5.85,0.64,5.65,0.38,38.06,0.27,C3'-endo
32,32,0.26,G,G,G,0,0,1,0,0,(,48,1,cWW,cW-W,5.29,2.94,0.94,1.31,3.25,4.87,4.66,3.40,BI,anti,A,4.15,4.23,2.93,3.54,3.29,3.61,3.92,3.94,6.04,6.02,0.63,5.50,0.65,44.95,0.63,C4'-exo
33,33,0.27,U,U,U,0,0,0,1,0,(,"35,47",2,"cSH,cWW","cm+M,cW-W",3.28,3.30,2.85,2.59,4.27,3.08,1.19,3.91,BII,anti,.,1.38,1.28,3.66,2.24,3.80,2.22,4.08,1.94,5.97,0.60,5.64,0.48,6.17,37.50,2.98,C2'-endo
34,34,0.28,A,A,A,1,0,0,0,0,.,,0,,,3.50,3.14,0.83,1.43,3.35,5.13,4.51,3.55,BI,anti,A,4.27,4.53,2.15,4.16,1.92,4.04,1.89,4.56,0.14,5.77,0.67,5.67,0.30,38.81,0.13,C3'-endo
35,35,0.29,C,C,C,0,1,0,0,0,.,"33,48",2,"cHS,cWS","cM+m,cW-m",2.70,3.48,3.08,1.50,4.37,4.81,5.85,3.36,..,anti,A,4.32,4.77,3.06,3.67,3.33,3.73,4.21,4.05,0.22,5.74,0.65,5.74,0.20,37.20,6.27,C2'-exo
36,36,0.30,C,C,C,0,1,0,0,0,.,47,1,cWS,cW-m,5.14,3.06,0.67,1.39,3.82,5.31,4.79,3.54,BI,anti,.,4.42,4.66,2.64,4.11,2.86,4.23,3.34,5.11,0.02,5.85,0.66,5.62,0.40,39.30,0.29,C3'-endo
37,37,0.30,C,C,C,0,1,0,0,0,(,43,1,cWW,cW-W,5.18,3.00,0.89,1.38,3.60,5.00,4.88,3.47,BI,anti,A,4.49,4.62,2.80,3.66,3.28,3.69,4.53,4.03,0.06,5.82,0.68,5.62,0.38,40.19,0.25,C3'-endo
38,38,0.31,A,A,A,1,0,0,0,0,.,45,1,cSW,cm-W,5.21,3.04,0.97,1.45,3.70,4.28,5.70,3.47,BI,anti,.,4.42,4.61,3.05,3.20,3.25,3.29,3.79,3.15,0.04,5.84,0.66,5.62,0.39,39.33,0.27,C3'-endo
39,39,0.32,U,U,U,0,0,0,1,0,.,44,1,tSH,tm-M,5.57,2.54,1.18,1.48,2.94,1.06,1.88,3.78,..,anti,.,2.66,3.37,3.34,6.14,3.55,5.40,3.36,4.47,6.20,5.99,0.53,5.68,0.44,34.04,0.47,C3'-endo
40,40,0.33,C,C,C,0,1,0,0,0,.,,0,,,0.49,2.65,0.94,1.30,3.26,1.21,2.05,3.63,..,anti,.,4.02,4.17,4.67,6.04,5.61,5.51,0.36,5.45,5.96,6.08,0.62,5.47,0.72,46.83,0.72,C4'-exo
41,41,0.34,C,C,C,0,1,0,0,0,.,,0,,,3.20,3.45,0.78,1.28,3.12,5.01,4.39,3.89,BI,anti,.,3.48,3.96,1.57,3.57,2.37,3.58,3.15,4.35,5.96,6.11,0.58,5.50,0.70,44.88,0.74,C4'-exo
42,42,0.34,C,C,C,0,1,0,0,0,.,,0,,,2.89,3.45,2.85,1.48,4.42,5.26,5.45,3.25,..,anti,.,4.14,4.54,3.04,4.47,3.23,4.03,4.13,4.52,0.08,5.85,0.60,5.71,0.31,34.98,0.20,C3'-endo
43,43,0.35,G,G,G,0,0,1,0,0,),"37,46",2,"cWW,tSW","cW-W,tm+W",3.15,2.58,5.23,2.82,3.66,2.30,1.36,5.50,..,...,.,-0.06,1.45,4.81,1.83,5.52,1.40,5.19,1.21,0.06,0.36,5.67,0.66,5.83,38.31,3.55,C3'-exo
44,44,0.36,A,A,A,1,0,0,0,0,.,39,1,tHS,tM-m,2.84,3.19,0.97,1.47,3.87,5.19,4.96,3.40,BI,anti,.,4.60,4.72,1.43,4.15,1.46,4.22,1.79,4.99,0.11,5.80,0.67,5.66,0.33,38.69,0.17,C3'-endo
45,45,0.37,A,A,A,1,0,0,0,0,.,38,1,cWS,cW-m,5.23,2.98,0.90,1.45,3.79,5.18,4.89,3.43,BI,anti,.,4.53,4.63,2.90,4.05,3.32,4.08,4.47,4.96,0.05,5.85,0.63,5.66,0.36,37.47,0.25,C3'-endo
46,46,0.38,C,C,C,0,1,0,0,0,.,43,1,tWS,tW+m,5.05,3.00,0.92,1.44,3.85,5.19,4.94,3.41,BI,anti,A,4.53,4.69,2.80,4.09,3.16,4.11,4.40,4.72,0.08,5.81,0.67,5.64,0.35,39.10,0.20,C3'-endo
47,47,0.39,A,A,A,1,0,0,0,0,),"33,36",2,"cWW,cSW","cW-W,cm-W",5.07,3.12,0.89,1.38,3.65,4.91,5.02,3.43,BI,anti,A,4.54,4.65,2.80,3.61,3.15,3.66,4.12,4.26,0.01,5.84,0.68,5.59,0.43,41.06,0.31,C3'-endo
48,48,0.39,C,C,C,0,1,0,0,0,),"32,35",2,"cWW,cSW","cW-W,cm-W",5.28,2.77,1.06,1.43,3.55,5.19,4.65,3.48,BI,anti,A,4.44,4.59,2.96,3.90,3.26,3.80,4.13,4.07,0.05,5.82,0.68,5.61,0.40,40.41,0.26,C3'-endo
49,49,0.40,G,G,G,0,0,1,0,0,),31,1,cWW,cW-W,4.81,3.33,0.91,1.38,3.56,5.04,4.80,3.50,BI,anti,A,4.46,4.61,2.75,3.70,2.96,3.78,3.56,4.28,6.25,5.86,0.68,5.57,0.47,41.86,0.36,C3'-endo
50,50,0.41,G,G,G,0,0,1,0,0,),30,1,cWW,cW-W,5.46,2.78,1.14,1.39,3.34,4.76,4.87,3.43,BI,anti,.,4.12,4.26,3.19,3.63,3.57,3.64,4.31,4.27,6.18,5.95,0.62,5.58,0.51,39.99,0.47,C3'-endo
51,51,0.42,A,A,A,1,0,0,0,0,.,52,1,cSH,cm+M,3.16,3.29,2.87,2.72,4.49,2.67,1.82,3.83,BII,anti,.,1.12,1.41,3.85,2.30,3.85,2.38,4.44,2.39,6.27,0.39,5.69,0.60,5.91,35.64,3.44,C3'-exo
52,52,0.43,A,A,A,1,0,0,0,0,.,"30,51",2,"cWS,cHS","cW-m,cM+m",2.74,3.93,1.32,1.43,3.63,5.10,4.81,3.45,BI,anti,A,4.64,4.71,2.24,3.95,2.06,3.97,2.27,4.37,0.10,5.77,0.72,5.61,0.37,42.06,0.19,C3'-endo
53,53,0.43,G,G,G,0,0,1,0,0,),29,1,cWW,cW-W,5.31,2.93,1.02,1.40,3.54,5.11,4.70,3.30,BI,anti,A,4.68,4.61,3.06,3.73,3.39,3.74,4.20,4.15,0.05,5.82,0.68,5.61,0.40,40.53,0.26,C3'-endo
54,54,0.44,A,A,A,1,0,0,0,0,),"28,56",2,"cWW,cSH","cW-W,cm+M",5.15,3.27,0.89,1.43,3.53,4.91,4.90,3.54,BI,anti,.,4.30,4.55,3.08,3.59,3.29,3.67,3.90,3.32,0.06,5.82,0.67,5.63,0.38,39.40,0.24,C3'-endo
55,55,0.45,U,U,U,0,0,0,1,0,.,"27,57",2,"cWW,cSW","cW-W,cm-W",5.49,2.89,1.12,2.26,4.76,1.60,3.17,4.26,..,anti,.,1.19,0.94,3.81,1.87,4.02,1.61,3.60,1.48,5.65,0.71,5.77,0.15,0.30,40.33,2.38,C1'-exo
56,56,0.46,A,A,A,1,0,0,0,0,.,"29,54",2,"cWS,cHS","cW-m,cM+m",2.97,3.69,1.00,1.48,3.89,4.81,5.36,3.35,BI,anti,.,4.50,4.64,2.19,4.11,2.03,3.93,1.99,4.90,0.08,5.82,0.65,5.66,0.34,37.99,0.21,C3'-endo
57,57,0.47,A,A,A,1,0,0,0,0,.,"28,55",2,"cHS,cWS","cM+m,cW-m",0.99,3.42,4.84,1.49,3.91,5.33,4.86,0.39,BI,syn,.,-4.39,4.71,2.90,3.47,2.95,3.84,4.26,3.90,0.08,5.82,0.65,5.66,0.34,38.10,0.20,C3'-endo
58,58,0.48,G,G,G,0,0,1,0,0,.,"22,27",2,"c.W,cWW","c.-W,cW-W",5.22,2.95,0.99,1.46,3.93,5.28,4.93,3.21,BI,anti,.,4.81,4.77,2.95,4.29,3.50,4.38,3.62,5.41,0.10,5.79,0.68,5.64,0.34,39.52,0.18,C3'-endo
59,59,0.48,C,C,C,0,1,0,0,0,),21,1,cWW,cW-W,5.06,3.01,0.96,1.52,3.81,4.95,5.14,3.45,BI,anti,A,4.33,4.65,2.82,3.93,3.34,3.91,4.84,4.36,0.18,5.76,0.65,5.71,0.25,37.49,0.06,C3'-endo
60,60,0.49,C,C,C,0,1,0,0,0,),20,1,cWW,cW-W,5.14,2.96,0.89,1.43,3.56,5.19,4.65,3.50,BI,anti,A,4.39,4.59,2.80,3.87,3.08,3.86,3.86,4.28,0.08,5.81,0.68,5.63,0.36,39.70,0.22,C3'-endo
61,61,0.50,C,C,C,0,1,0,0,0,),19,1,cWW,cW-W,5.14,3.20,0.85,1.42,3.56,5.11,4.73,3.46,BI,anti,A,4.38,4.52,2.97,3.74,3.22,3.77,3.92,4.20,0.02,5.87,0.63,5.64,0.39,38.04,0.30,C3'-endo
62,62,0.51,A,A,A,1,0,0,0,0,),18,1,cWW,cW-W,5.01,3.18,0.89,1.44,3.55,5.27,4.56,3.50,BI,anti,.,4.36,4.53,2.86,3.89,3.08,3.88,3.74,4.19,0.00,5.88,0.63,5.64,0.40,37.91,0.32,C3'-endo
63,63,0.52,C,C,C,0,1,0,0,0,),17,1,cWW,cW-W,4.86,2.99,1.32,1.35,3.34,5.00,4.62,3.40,BI,anti,A,4.44,4.34,2.92,3.41,3.29,3.40,3.90,3.77,6.00,6.04,0.64,5.47,0.69,46.39,0.67,C4'-exo
64,64,0.52,C,C,C,0,1,0,0,0,),16,1,cWW,cW-W,5.01,3.27,1.00,1.45,3.82,5.16,4.95,3.52,BI,anti,.,4.03,4.43,3.13,3.99,3.21,4.15,3.68,4.83,6.23,5.91,0.63,5.61,0.46,39.03,0.40,C3'-endo
65,65,0.53,A,A,A,1,0,0,0,0,.,67,1,cSH,cm+M,5.40,3.42,1.08,1.45,2.20,4.74,3.74,4.38,..,anti,.,1.52,3.18,3.62,2.66,4.11,2.17,4.68,1.92,0.15,5.84,0.56,5.79,0.22,32.08,0.07,C3'-endo
66,66,0.54,G,G,G,0,0,1,0,0,),"15,113",2,"cWW,tHW","cW-W,tM-W",3.92,3.50,0.96,1.44,3.70,4.99,5.00,3.20,BI,anti,A,4.74,4.66,2.02,3.72,1.79,3.81,1.96,4.27,0.08,5.81,0.66,5.65,0.35,38.89,0.21,C3'-endo
67,67,0.55,C,C,C,0,1,0,0,0,),"14,65",2,"cWW,cHS","cW-W,cM+m",5.11,3.15,0.94,1.41,3.78,5.08,4.98,3.49,BI,anti,A,4.44,4.70,2.99,3.87,3.18,3.91,3.81,4.52,0.08,5.79,0.69,5.61,0.37,40.71,0.22,C3'-endo
68,68,0.56,G,G,G,0,0,1,0,0,.,11,1,tSS,tm+m,5.17,3.16,0.79,1.37,3.61,5.17,4.72,3.32,BI,anti,A,4.80,4.72,2.84,3.79,3.10,3.86,4.01,4.38,0.09,5.78,0.71,5.61,0.37,41.51,0.20,C3'-endo
69,69,0.57,U,U,U,0,0,0,1,0,.,112,1,cWW,cW-W,5.25,3.11,0.92,1.41,3.51,5.13,4.66,3.52,BI,anti,A,4.42,4.59,3.03,3.71,3.33,3.73,4.12,4.11,0.04,5.83,0.67,5.62,0.39,39.81,0.26,C3'-endo
70,70,0.57,U,U,U,0,0,0,1,0,.,111,1,cWW,cW-W,5.06,3.29,0.88,1.41,3.72,5.01,4.99,3.48,BI,anti,A,4.42,4.61,2.99,3.74,3.17,3.79,3.73,4.44,0.05,5.83,0.67,5.62,0.39,39.78,0.26,C3'-endo
71,71,0.58,C,C,C,0,1,0,0,0,(,110,1,cWW,cW-W,5.11,2.88,1.04,1.41,3.51,5.11,4.68,3.60,BI,anti,A,4.34,4.58,2.81,3.74,3.14,3.68,4.06,4.03,0.01,5.84,0.68,5.59,0.43,40.92,0.31,C3'-endo
72,72,0.59,C,C,C,0,1,0,0,0,(,109,1,cWW,cW-W,5.04,3.14,1.01,1.38,3.41,5.02,4.68,3.48,BI,anti,A,4.48,4.55,2.92,3.51,3.16,3.53,3.81,3.75,0.01,5.84,0.68,5.59,0.43,41.02,0.31,C3'-endo
73,73,0.60,G,G,G,0,0,1,0,0,(,108,1,cWW,cW-W,5.06,3.24,0.98,1.42,3.68,5.16,4.80,3.51,BI,anti,A,4.31,4.57,3.08,3.89,3.19,3.91,3.53,4.59,0.01,5.87,0.64,5.62,0.41,38.88,0.32,C3'-endo
74,74,0.61,G,G,G,0,0,1,0,0,(,107,1,cWW,cW-W,5.01,3.00,1.00,1.41,3.61,5.26,4.64,3.46,BI,anti,.,4.45,4.58,2.80,3.91,3.13,3.81,4.13,4.04,6.28,5.86,0.67,5.59,0.44,40.78,0.33,C3'-endo
75,75,0.61,G,G,G,0,0,1,0,0,(,106,1,cWW,cW-W,4.85,3.09,1.07,1.25,3.53,5.22,4.59,3.30,BI,anti,.,4.72,4.62,2.72,3.67,2.97,3.78,3.54,4.84,6.05,5.97,0.71,5.43,0.69,48.67,0.59,C3'-endo
76,76,0.62,G,G,G,0,0,1,0,0,.,105,1,tSH,tm-M,5.05,3.13,1.03,1.45,3.27,1.42,1.85,3.58,..,anti,.,4.33,4.53,2.95,5.91,3.36,5.09,4.73,4.32,0.11,5.78,0.69,5.63,0.34,40.30,0.18,C3'-endo
77,77,0.63,A,A,A,1,0,0,0,0,.,104,1,tHH,tM+M,5.66,4.05,3.05,2.59,4.08,3.41,0.67,3.50,BII,anti,.,1.20,1.59,0.79,2.77,1.83,2.41,1.85,2.62,5.83,0.72,5.59,0.44,0.01,41.98,2.81,C2'-endo
78,78,0.64,G,G,G,0,0,1,0,0,.,79,1,cSH,cm+M,5.03,1.44,3.11,2.59,3.22,2.61,0.61,4.68,..,anti,.,2.16,2.18,5.63,0.29,4.90,1.02,4.53,1.58,5.83,0.73,5.57,0.47,6.27,42.87,2.83,C2'-endo
79,79,0.65,U,U,U,0,0,0,1,0,.,"78,103",2,"cHS,tWH","cM+m,tW-M",5.08,2.60,0.77,1.48,3.78,5.27,4.80,3.23,BI,anti,.,4.45,4.56,2.95,4.22,2.79,4.18,2.76,4.69,0.05,5.86,0.61,5.68,0.35,36.29,0.25,C3'-endo
80,80,0.66,A,A,A,1,0,0,0,0,.,102,1,tHS,tM-m,5.02,3.29,0.80,1.38,3.87,5.18,4.98,3.38,BI,anti,.,4.61,4.70,2.85,3.99,3.15,4.12,4.04,5.06,0.01,5.85,0.67,5.60,0.42,40.21,0.31,C3'-endo
81,81,0.66,C,C,C,0,1,0,0,0,(,101,1,cWW,cW-W,5.16,2.91,0.96,1.40,3.71,5.04,4.96,3.40,BI,anti,A,4.64,4.73,2.80,3.86,3.25,3.91,4.55,4.39,0.12,5.75,0.73,5.61,0.35,42.27,0.16,C3'-endo
82,82,0.67,U,U,U,0,0,0,1,0,(,100,1,cWW,cW-W,5.42,2.94,0.95,1.47,3.37,4.72,4.93,3.57,BI,anti,.,4.22,4.29,3.10,3.30,3.47,3.31,4.24,3.57,6.24,5.94,0.58,5.66,0.42,35.90,0.39,C3'-endo
83,83,0.68,G,G,G,0,0,1,0,0,(,99,1,cWW,cW-W,4.86,3.40,0.84,1.44,3.60,5.24,4.64,3.20,BI,anti,A,4.83,4.71,2.89,3.90,2.82,3.99,3.15,4.60,0.14,5.76,0.69,5.65,0.31,39.92,0.13,C3'-endo
84,84,0.69,G,G,G,0,0,1,0,0,(,98,1,cWW,cW-W,4.98,3.37,0.88,1.42,3.60,5.12,4.76,3.34,BI,anti,A,4.69,4.67,2.94,3.78,3.20,3.83,4.09,4.25,0.09,5.79,0.69,5.63,0.36,40.19,0.20,C3'-endo
85,85,0.70,A,A,A,1,0,0,0,0,(,97,1,cWW,cW-W,5.09,3.14,0.99,1.39,3.60,5.00,4.88,3.36,BI,anti,A,4.62,4.61,2.99,3.65,3.22,3.70,3.89,4.01,0.01,5.84,0.68,5.60,0.43,40.67,0.31,C3'-endo
86,86,0.70,G,G,G,0,0,1,0,0,(,96,1,cWW,cW-W,5.17,3.06,1.00,1.43,3.91,4.14,6.05,3.70,..,anti,.,4.00,4.55,3.12,3.51,3.30,3.09,3.74,3.39,6.24,5.92,0.60,5.63,0.44,37.54,0.40,C3'-endo
87,87,0.71,U,U,U,0,0,0,1,0,.,0,1,cWS,cW-m,1.28,3.27,1.04,2.59,4.21,1.83,2.38,3.99,..,anti,.,1.94,1.50,5.70,1.69,6.05,1.08,5.46,0.97,5.87,0.65,5.66,0.41,0.00,37.99,2.81,C2'-endo
88,88,0.72,G,G,G,0,0,1,0,0,(,95,1,cWW,cW-W,4.50,3.83,4.96,1.54,3.50,5.19,4.59,3.22,BI,anti,A,4.50,4.60,1.45,2.94,1.33,3.25,1.53,3.84,0.25,5.71,0.66,5.74,0.19,37.92,6.24,C2'-exo
89,89,0.73,C,C,C,0,1,0,0,0,(,94,1,cWW,cW-W,4.90,3.37,0.99,1.43,3.53,5.23,4.58,3.51,BI,anti,A,4.45,4.59,2.97,3.85,3.21,3.86,3.77,4.40,0.03,5.83,0.68,5.60,0.41,40.55,0.28,C3'-endo
90,90,0.74,G,G,G,0,0,1,0,0,.,93,1,tSH,tm-M,5.03,3.13,0.95,1.37,4.04,5.01,5.32,3.39,BI,anti,.,4.70,4.78,2.97,4.27,3.20,3.56,4.01,2.69,6.28,5.85,0.67,5.59,0.44,40.80,0.33,C3'-endo
91,91,0.75,C,C,C,0,1,0,0,0,.,,0,,,3.01,2.63,0.93,1.43,3.97,5.06,5.19,3.42,BI,anti,.,4.40,4.59,0.38,4.11,0.86,4.17,0.49,5.09,6.24,5.90,0.64,5.60,0.45,39.40,0.38,C3'-endo
92,92,0.75,G,G,G,0,0,1,0,0,.,,0,,,5.24,2.64,1.11,1.49,3.53,5.10,4.71,3.50,BI,anti,.,4.13,4.43,2.80,3.86,3.37,3.75,4.71,4.48,0.01,5.87,0.63,5.65,0.39,37.65,0.30,C3'-endo
93,93,0.76,A,A,A,1,0,0,0,0,.,90,1,tHS,tM-m,4.75,3.14,1.05,1.50,4.05,5.41,4.92,3.61,..,anti,.,4.12,4.76,2.85,4.52,3.08,4.72,4.09,5.18,0.11,5.79,0.67,5.66,0.32,39.02,0.16,C3'-endo
94,94,0.77,G,G,G,0,0,1,0,0,),89,1,cWW,cW-W,5.31,2.56,1.38,1.40,3.49,5.02,4.75,3.33,BI,anti,A,4.74,4.64,2.93,3.68,3.81,3.56,4.95,3.95,6.27,5.82,0.73,5.53,0.48,44.38,0.33,C3'-endo
95,95,0.78,C,C,C,0,1,0,0,0,),88,1,cWW,cW-W,5.24,2.99,1.09,1.43,3.58,5.05,4.81,3.41,BI,anti,A,4.60,4.61,3.13,3.77,3.39,3.77,4.10,4.33,0.04,5.83,0.67,5.61,0.40,40.04,0.27,C3'-endo
96,96,0.79,C,C,C,0,1,0,0,0,),86,1,cWW,cW-W,5.24,3.07,0.93,1.42,3.56,5.03,4.81,3.55,BI,anti,A,4.24,4.60,3.03,3.68,3.29,3.69,4.12,4.06,0.09,5.80,0.67,5.65,0.34,39.19,0.19,C3'-endo
97,97,0.80,U,U,U,0,0,0,1,0,),85,1,cWW,cW-W,5.09,3.13,0.94,1.45,3.62,5.03,4.87,3.59,BI,anti,A,4.23,4.63,2.95,3.76,3.15,3.77,3.73,4.17,0.11,5.79,0.66,5.67,0.32,38.47,0.16,C3'-endo
98,98,0.80,C,C,C,0,1,0,0,0,),84,1,cWW,cW-W,5.16,3.09,0.82,1.40,3.61,5.14,4.75,3.53,BI,anti,A,4.46,4.63,2.87,3.81,3.09,3.86,3.75,4.42,0.04,5.83,0.68,5.61,0.39,40.11,0.26,C3'-endo
99,99,0.81,U,U,U,0,0,0,1,0,),83,1,cWW,cW-W,5.18,3.16,0.82,1.38,3.62,5.03,4.88,3.53,BI,anti,A,4.43,4.65,2.93,3.69,3.18,3.70,3.99,3.98,0.04,5.82,0.69,5.60,0.40,40.89,0.27,C3'-endo
100,100,0.82,G,G,G,0,0,1,0,0,),82,1,cWW,cW-W,5.22,3.09,0.78,1.36,3.35,5.28,4.35,3.48,BI,anti,.,4.48,4.52,2.85,4.05,3.04,3.89,3.57,4.19,0.01,5.85,0.68,5.59,0.43,41.08,0.32,C3'-endo
101,101,0.83,G,G,G,0,0,1,0,0,),81,1,cWW,cW-W,2.88,3.11,3.09,1.42,3.89,5.35,4.83,3.18,BI,anti,.,4.66,4.69,2.98,3.63,3.19,3.80,3.81,4.81,0.07,5.82,0.67,5.63,0.37,39.55,0.23,C3'-endo
102,102,0.84,G,G,G,0,0,1,0,0,.,80,1,tSH,tm-M,5.05,3.09,0.89,1.36,3.22,4.48,5.02,3.41,BI,anti,.,4.46,4.53,2.72,2.87,3.25,2.70,4.64,2.54,0.07,5.78,0.72,5.59,0.39,42.43,0.23,C3'-endo
103,103,0.84,A,A,A,1,0,0,0,0,.,79,1,tHW,tM-W,5.54,2.85,1.22,1.04,3.38,5.14,4.53,3.29,BI,anti,A,4.49,4.47,3.46,3.26,3.25,3.39,2.87,4.32,5.99,5.98,0.74,5.34,0.79,53.17,0.65,C4'-exo
104,104,0.85,A,A,A,1,0,0,0,0,.,77,1,tHH,tM+M,5.12,3.16,0.84,1.37,3.62,5.06,4.84,3.42,BI,anti,A,4.56,4.67,2.93,3.72,3.15,3.78,4.27,4.12,0.06,5.81,0.70,5.60,0.39,41.41,0.25,C3'-endo
105,105,0.86,A,A,A,1,0,0,0,0,.,76,1,tHS,tM-m,5.35,3.03,0.97,1.39,3.90,5.23,4.96,3.54,BI,anti,.,4.27,4.66,3.20,4.11,3.39,4.24,3.89,5.18,6.28,5.87,0.66,5.60,0.44,40.10,0.34,C3'-endo
106,106,0.87,C,C,C,0,1,0,0,0,),75,1,cWW,cW-W,5.31,2.88,0.91,1.42,3.61,4.95,4.95,3.68,BI,anti,A,4.13,4.64,2.86,3.69,3.39,3.67,4.68,3.82,0.06,5.82,0.66,5.64,0.37,39.12,0.24,C3'-endo
107,107,0.88,C,C,C,0,1,0,0,0,),74,1,cWW,cW-W,5.30,3.04,0.82,1.38,3.64,5.05,4.87,3.65,BI,anti,A,4.18,4.57,2.99,3.72,3.15,3.75,3.50,4.35,6.28,5.87,0.65,5.62,0.42,39.13,0.33,C3'-endo
108,108,0.89,C,C,C,0,1,0,0,0,),73,1,cWW,cW-W,5.11,3.05,0.84,1.35,3.65,5.03,4.90,3.53,BI,anti,A,4.47,4.69,2.79,3.70,3.02,3.74,3.87,4.10,0.03,5.82,0.69,5.59,0.41,41.16,0.28,C3'-endo
109,109,0.89,G,G,G,0,0,1,0,0,),72,1,cWW,cW-W,5.25,3.07,0.92,1.39,3.34,5.20,4.42,3.50,BI,anti,A,4.39,4.49,2.98,4.00,3.22,3.79,3.82,4.12,0.01,5.85,0.68,5.59,0.43,40.72,0.31,C3'-endo
110,110,0.90,G,G,G,0,0,1,0,0,),71,1,cWW,cW-W,2.89,3.06,2.92,1.48,3.95,5.16,5.07,3.12,BI,anti,.,4.88,4.79,2.80,3.60,3.00,3.74,3.71,4.44,0.20,5.74,0.67,5.71,0.24,38.22,0.03,C3'-endo
111,111,0.91,U,U,U,0,0,0,1,0,.,70,1,cWW,cW-W,5.35,3.06,0.87,1.43,3.76,5.21,4.84,3.44,BI,anti,.,4.35,4.57,3.05,4.01,3.42,4.04,4.37,4.56,0.04,5.85,0.64,5.65,0.37,37.93,0.26,C3'-endo
112,112,0.92,U,U,U,0,0,0,1,0,.,69,1,cWW,cW-W,5.15,3.04,0.86,1.37,3.96,5.07,5.17,3.97,BI,anti,.,3.04,4.36,2.91,3.86,3.21,4.02,3.94,4.06,6.05,6.03,0.62,5.52,0.63,43.59,0.63,C4'-exo
113,113,0.93,C,C,C,0,1,0,0,0,.,"15,66",2,"tWH,tWH","tW+M,tW-M",5.36,3.79,0.64,2.40,4.36,0.95,3.41,4.77,..,anti,.,1.43,1.24,3.63,0.93,3.83,0.91,3.76,1.45,5.69,0.75,5.68,0.28,0.20,41.92,2.55,C2'-endo
114,114,0.93,G,G,G,0,0,1,0,0,),9,1,cWW,cW-W,3.27,3.01,3.17,1.42,3.74,4.86,5.16,3.32,BI,anti,A,4.57,4.63,3.82,2.98,3.95,3.18,3.80,3.81,0.06,5.82,0.68,5.62,0.38,40.18,0.25,C3'-endo
115,115,0.94,C,C,C,0,1,0,0,0,),8,1,cWW,cW-W,5.28,2.90,0.85,1.39,3.71,5.05,4.95,3.54,BI,anti,A,4.32,4.67,2.90,3.85,3.11,3.86,3.83,4.36,0.06,5.80,0.70,5.60,0.39,41.40,0.24,C3'-endo
116,116,0.95,C,C,C,0,1,0,0,0,),7,1,cWW,cW-W,5.21,2.94,0.96,1.40,3.46,5.03,4.71,3.44,BI,anti,.,4.55,4.55,2.88,3.61,3.19,3.57,4.03,3.74,0.01,5.84,0.68,5.59,0.43,41.08,0.31,C3'-endo
117,117,0.96,G,G,G,0,0,1,0,0,),6,1,cWW,cW-W,5.19,3.21,0.87,1.36,3.54,5.04,4.79,3.38,BI,anti,A,4.42,4.53,3.04,3.59,3.16,3.65,3.52,4.13,6.27,5.86,0.67,5.58,0.45,41.01,0.34,C3'-endo
118,118,0.97,C,C,C,0,1,0,0,0,),5,1,cWW,cW-W,5.04,3.13,0.96,1.35,3.65,5.10,4.83,3.52,BI,anti,A,4.39,4.67,2.92,3.76,3.10,3.77,3.76,4.20,0.05,5.80,0.72,5.58,0.42,42.56,0.26,C3'-endo
119,119,0.98,C,C,C,0,1,0,0,0,),4,1,cWW,cW-W,5.24,3.04,0.89,1.32,3.53,5.11,4.70,3.50,BI,anti,A,4.44,4.63,2.91,3.65,3.16,3.71,3.87,4.32,6.28,5.82,0.73,5.54,0.47,43.98,0.32,C3'-endo
120,120,0.98,A,A,A,1,0,0,0,0,.,,0,,,5.16,3.04,0.99,1.42,3.72,5.13,4.87,3.43,BI,anti,A,4.50,4.68,3.01,3.93,3.28,3.97,4.13,4.60,0.05,5.81,0.69,5.60,0.40,41.20,0.26,C3'-endo
121,121,0.99,C,C,C,0,1,0,0,0,.,,0,,,5.26,3.08,0.92,1.48,3.44,5.05,4.68,3.72,BI,anti,.,3.99,4.34,3.05,3.96,3.38,3.62,4.28,3.56,6.26,5.92,0.58,5.67,0.40,35.57,0.36,C3'-endo
122,122,1.00,C,C,C,0,1,0,0,0,.,,0,,,3.23,3.12,4.97,1.30,,,,4.42,n/a,anti,-,,,,,,,,,6.24,5.90,0.64,5.59,0.46,39.85,0.39,C3'-endo
