index_chain,old_nt_resnum,nt_position,nt_name,nt_code,nt_align_code,is_A,is_C,is_G,is_U,is_other,dbn,paired,nb_interact,pair_type_LW,pair_type_DSSR,alpha,beta,gamma,delta,epsilon,zeta,epsilon_zeta,chi,bb_type,glyco_bond,form,ssZp,Dp,eta,theta,eta_prime,theta_prime,eta_base,theta_base,v0,v1,v2,v3,v4,amplitude,phase_angle,puckering
1,1,0.04,U,U,U,0,0,0,1,0,.,23,1,cWW,cW-W,,,3.15,1.50,4.24,5.20,5.33,3.05,..,anti,.,4.58,4.68,,,,,,,0.09,5.83,0.63,5.68,0.32,36.92,0.19,C3'-endo
2,2,0.09,U,U,U,0,0,0,1,0,(,22,1,cWW,cW-W,5.02,2.91,0.97,1.51,3.71,5.09,4.90,3.34,BI,anti,A,4.41,4.52,2.63,3.93,3.18,3.86,4.62,4.22,6.28,5.86,0.66,5.59,0.44,40.28,0.34,C3'-endo
3,3,0.13,U,U,U,0,0,0,1,0,(,21,1,cWW,cW-W,4.87,2.92,1.10,1.36,3.93,4.53,5.68,3.42,BI,anti,A,4.54,4.72,2.77,3.58,3.03,3.64,3.72,4.07,6.16,5.89,0.73,5.47,0.59,46.92,0.47,C3'-endo
4,4,0.17,G,G,G,0,0,1,0,0,(,20,1,cWW,cW-W,5.65,2.44,0.94,1.36,3.83,4.14,5.98,3.27,..,anti,A,4.50,4.53,3.00,3.90,3.26,3.75,3.90,4.36,6.03,6.02,0.65,5.48,0.66,45.74,0.62,C3'-endo
5,5,0.22,C,C,C,0,1,0,0,0,(,19,1,cWW,cW-W,2.29,4.28,3.05,1.43,4.44,4.71,6.02,2.86,..,anti,.,4.75,4.72,2.92,3.77,3.13,3.71,4.09,4.56,0.08,5.80,0.68,5.63,0.36,40.10,0.22,C3'-endo
6,6,0.26,U,U,U,0,0,0,1,0,(,18,1,cWW,cW-W,5.01,2.80,0.84,1.38,4.08,4.03,0.05,3.38,..,anti,A,4.66,4.84,2.53,3.56,2.80,3.71,3.99,3.68,0.14,5.75,0.70,5.64,0.31,40.59,0.13,C3'-endo
7,7,0.30,G,G,G,0,0,1,0,0,(,17,1,cWW,cW-W,6.13,1.71,1.30,1.49,4.95,5.71,5.52,3.07,..,anti,.,3.58,3.60,3.67,5.82,3.83,5.42,3.86,3.84,5.87,6.18,0.54,5.50,0.75,46.09,0.84,C4'-exo
8,8,0.35,A,A,A,1,0,0,0,0,.,,0,,,4.53,4.29,2.84,1.43,3.82,5.03,5.07,3.31,BI,anti,.,4.20,4.46,4.52,3.81,5.35,3.84,0.69,4.45,6.23,5.95,0.58,5.65,0.43,36.40,0.41,C3'-endo
9,9,0.39,G,G,G,0,0,1,0,0,.,,0,,,5.15,3.22,1.06,2.72,4.20,1.64,2.56,4.28,..,anti,.,1.59,1.20,3.17,2.25,3.82,1.36,4.56,0.20,5.90,0.65,5.63,0.46,6.23,38.77,2.89,C2'-endo
10,10,0.43,G,G,G,0,0,1,0,0,],0,1,cWW,cW-W,0.89,3.13,0.76,1.53,3.15,5.36,4.07,3.27,BI,anti,A,4.39,4.38,5.55,3.84,5.65,3.88,0.66,4.22,0.17,5.76,0.65,5.71,0.26,37.52,0.07,C3'-endo
11,11,0.48,U,U,U,0,0,0,1,0,],0,1,cWW,cW-W,4.63,3.72,0.98,1.48,3.38,5.20,4.47,3.53,BI,anti,A,4.37,4.51,3.03,3.80,3.21,3.80,3.76,4.18,0.08,5.83,0.63,5.68,0.33,37.00,0.20,C3'-endo
12,12,0.52,G,G,G,0,0,1,0,0,],0,1,cWW,cW-W,5.20,3.07,0.87,1.40,3.44,4.42,5.30,3.58,BI,anti,.,4.42,4.57,2.96,3.68,3.23,3.55,3.90,3.38,0.01,5.86,0.65,5.62,0.41,39.33,0.31,C3'-endo
13,13,0.57,C,C,C,0,1,0,0,0,],0,1,cWW,cW-W,2.51,3.95,3.08,1.42,3.65,5.38,4.56,3.44,BI,anti,.,4.45,4.60,2.85,3.87,3.06,3.81,3.14,4.52,0.02,5.86,0.66,5.62,0.41,39.42,0.30,C3'-endo
14,14,0.61,A,A,A,1,0,0,0,0,],0,1,cWW,cW-W,4.60,3.86,0.66,1.44,3.54,4.95,4.87,3.52,BI,anti,A,4.45,4.64,2.64,3.51,2.89,3.59,3.88,3.90,0.12,5.77,0.69,5.64,0.33,40.12,0.15,C3'-endo
15,15,0.65,C,C,C,0,1,0,0,0,],0,1,cWW,cW-W,5.25,2.81,0.99,1.41,3.51,5.19,4.61,3.37,BI,anti,A,4.60,4.64,2.92,3.83,3.15,3.83,3.66,4.34,0.08,5.80,0.69,5.63,0.36,40.16,0.21,C3'-endo
16,16,0.70,A,A,A,1,0,0,0,0,.,,0,,,5.21,3.06,0.95,1.46,3.76,5.11,4.93,3.28,BI,anti,.,4.70,4.65,3.07,3.96,3.38,4.02,4.22,4.66,0.07,5.82,0.66,5.65,0.36,38.59,0.22,C3'-endo
17,17,0.74,C,C,C,0,1,0,0,0,),7,1,cWW,cW-W,5.20,3.11,0.81,1.44,3.63,5.07,4.85,3.13,BI,anti,.,4.68,4.62,2.89,3.82,3.21,3.87,4.22,4.10,0.05,5.83,0.67,5.63,0.38,39.64,0.25,C3'-endo
18,18,0.78,A,A,A,1,0,0,0,0,),6,1,cWW,cW-W,5.30,3.11,0.81,1.45,3.09,4.82,4.55,3.68,BI,anti,A,3.94,4.11,2.97,3.70,3.26,3.58,3.74,4.03,6.13,6.01,0.58,5.60,0.52,38.74,0.54,C3'-endo
19,19,0.83,G,G,G,0,0,1,0,0,),5,1,cWW,cW-W,3.04,3.59,2.60,1.48,4.25,4.74,5.79,3.21,..,anti,A,4.42,4.63,2.88,3.79,3.02,3.79,3.69,4.26,0.08,5.84,0.62,5.69,0.32,36.28,0.20,C3'-endo
20,20,0.87,C,C,C,0,1,0,0,0,),4,1,cWW,cW-W,5.35,2.64,0.87,1.35,3.69,4.91,5.06,3.39,BI,anti,A,4.54,4.58,2.71,3.68,3.05,3.67,3.84,4.18,6.15,5.94,0.66,5.53,0.55,42.99,0.49,C3'-endo
21,21,0.91,A,A,A,1,0,0,0,0,),3,1,cWW,cW-W,5.26,2.77,1.08,1.38,4.02,4.46,5.84,3.32,..,anti,A,4.47,4.70,3.05,3.54,3.27,3.59,4.03,3.94,0.00,5.85,0.68,5.58,0.44,41.13,0.32,C3'-endo
22,22,0.96,A,A,A,1,0,0,0,0,),2,1,cWW,cW-W,5.49,2.55,0.87,1.40,3.60,5.23,4.65,3.45,BI,anti,A,4.46,4.57,2.90,3.99,3.11,3.94,3.65,4.47,0.00,5.86,0.65,5.61,0.42,39.51,0.32,C3'-endo
23,23,1.00,U,U,U,0,0,0,1,0,.,1,1,cWW,cW-W,4.90,3.37,0.90,1.33,,,,3.96,n/a,anti,-,,,,,,,,,0.00,5.88,0.64,5.63,0.41,38.42,0.32,C3'-endo
