index_chain,old_nt_resnum,nt_position,nt_name,nt_code,nt_align_code,is_A,is_C,is_G,is_U,is_other,dbn,paired,nb_interact,pair_type_LW,pair_type_DSSR,alpha,beta,gamma,delta,epsilon,zeta,epsilon_zeta,chi,bb_type,glyco_bond,form,ssZp,Dp,eta,theta,eta_prime,theta_prime,eta_base,theta_base,v0,v1,v2,v3,v4,amplitude,phase_angle,puckering
1,1,0.09,G,G,G,0,0,1,0,0,),0,1,cWW,cW-W,,,0.96,1.42,3.66,5.00,4.94,3.18,BI,anti,A,4.86,4.74,,,,,,,0.14,5.73,0.73,5.61,0.33,42.41,0.14,C3'-endo
2,2,0.18,G,G,G,0,0,1,0,0,),0,1,cWW,cW-W,5.25,3.10,0.91,1.45,3.66,5.12,4.82,3.33,BI,anti,A,4.67,4.67,3.07,3.89,3.29,3.94,3.91,4.57,0.05,5.81,0.69,5.60,0.40,41.04,0.25,C3'-endo
3,3,0.27,U,U,U,0,0,0,1,0,),0,1,cWW,cW-W,5.19,3.04,0.94,1.46,3.77,5.18,4.87,3.44,BI,anti,.,4.49,4.66,3.00,4.05,3.31,4.11,4.24,5.00,0.03,5.84,0.67,5.62,0.40,39.78,0.28,C3'-endo
4,4,0.36,C,C,C,0,1,0,0,0,.,0,1,tSH,tm-M,5.22,2.94,0.92,1.44,3.38,4.89,4.78,3.51,BI,anti,.,4.40,4.54,2.84,2.94,3.31,2.59,4.62,2.40,0.09,5.78,0.69,5.62,0.36,40.49,0.20,C3'-endo
5,5,0.45,A,A,A,1,0,0,0,0,.,0,1,tHW,tM-W,4.26,1.49,2.78,1.56,4.27,5.21,5.35,3.08,..,anti,.,4.67,4.77,3.40,3.47,2.95,3.84,2.63,4.92,0.23,5.73,0.64,5.75,0.19,36.86,6.26,C2'-exo
6,6,0.55,C,C,C,0,1,0,0,0,.,0,1,tWH,tW-M,5.42,2.73,0.85,1.43,3.33,5.25,4.36,3.49,BI,anti,.,4.26,4.45,2.65,4.24,3.36,4.00,4.85,4.37,0.01,5.85,0.67,5.60,0.42,40.53,0.31,C3'-endo
7,7,0.64,A,A,A,1,0,0,0,0,.,0,1,tHS,tM-m,2.61,3.25,3.20,1.49,4.01,5.18,5.11,3.10,BI,anti,.,4.67,4.72,2.95,3.59,3.21,3.76,4.03,4.77,0.14,5.77,0.68,5.66,0.30,39.34,0.13,C3'-endo
8,8,0.73,G,G,G,0,0,1,0,0,),0,1,cWW,cW-W,5.13,3.04,0.86,1.46,3.77,5.11,4.94,3.30,BI,anti,A,4.53,4.68,2.80,3.96,3.22,4.01,4.50,4.73,0.13,5.76,0.70,5.64,0.33,40.62,0.15,C3'-endo
9,9,0.82,C,C,C,0,1,0,0,0,),0,1,cWW,cW-W,5.19,3.02,0.84,1.42,3.60,5.10,4.79,3.49,BI,anti,A,4.43,4.67,2.86,3.79,3.19,3.82,4.25,4.20,0.08,5.78,0.71,5.60,0.38,41.65,0.22,C3'-endo
10,10,0.91,C,C,C,0,1,0,0,0,),0,1,cWW,cW-W,5.14,3.09,0.93,1.42,3.75,5.06,4.97,3.40,BI,anti,A,4.46,4.67,2.96,3.88,3.20,3.91,3.84,4.70,0.00,5.83,0.70,5.57,0.45,42.13,0.32,C3'-endo
11,11,1.00,C,C,C,0,1,0,0,0,.,,0,,,5.15,2.91,0.98,1.37,,,,3.43,n/a,anti,-,,,,,,,,,0.02,5.84,0.68,5.59,0.42,40.81,0.30,C3'-endo
