index_chain,old_nt_resnum,nt_position,nt_name,nt_code,nt_align_code,is_A,is_C,is_G,is_U,is_other,dbn,paired,nb_interact,pair_type_LW,pair_type_DSSR,alpha,beta,gamma,delta,epsilon,zeta,epsilon_zeta,chi,bb_type,glyco_bond,form,ssZp,Dp,eta,theta,eta_prime,theta_prime,eta_base,theta_base,v0,v1,v2,v3,v4,amplitude,phase_angle,puckering
1,69,0.03,G,G,G,0,0,1,0,0,(,37,1,cWW,cW-W,,4.16,1.12,1.45,3.50,5.08,4.70,3.26,BI,anti,A,4.69,4.59,,3.79,,3.86,,4.23,0.11,5.79,0.68,5.64,0.34,39.70,0.18,C3'-endo
2,70,0.05,G,G,G,0,0,1,0,0,(,36,1,cWW,cW-W,5.16,3.15,0.92,1.44,3.57,5.02,4.83,3.28,BI,anti,A,4.58,4.62,3.03,3.73,3.24,3.77,3.89,4.19,0.02,5.84,0.68,5.59,0.42,40.65,0.30,C3'-endo
3,71,0.08,C,C,C,0,1,0,0,0,(,35,1,cWW,cW-W,5.30,3.03,0.93,1.49,3.50,5.25,4.53,3.28,BI,anti,.,4.48,4.47,3.05,3.94,3.31,3.94,4.03,4.24,0.01,5.86,0.65,5.62,0.41,39.28,0.31,C3'-endo
4,72,0.11,G,G,G,0,0,1,0,0,(,34,1,cWW,cW-W,4.73,3.33,1.13,1.53,2.98,4.78,4.48,3.53,BI,anti,A,4.08,3.90,2.86,3.79,3.24,3.69,3.87,4.38,6.11,6.02,0.57,5.60,0.53,38.88,0.57,C3'-endo
5,73,0.14,U,U,U,0,0,0,1,0,(,33,1,cWW,cW-W,2.95,3.92,2.72,1.47,4.33,4.18,0.16,3.18,..,anti,.,4.24,4.44,3.13,3.57,3.36,3.71,4.28,3.91,6.19,5.96,0.59,5.62,0.47,37.79,0.46,C3'-endo
6,74,0.16,A,A,A,1,0,0,0,0,(,"29,32",2,"tHW,cWW","tM-W,cW-W",5.86,1.97,1.19,1.65,3.80,4.28,5.80,3.75,..,anti,.,1.40,2.36,3.25,3.98,3.69,3.10,3.97,2.32,6.03,6.11,0.49,5.62,0.56,37.26,0.71,C4'-exo
7,75,0.19,U,U,U,0,0,0,1,0,.,,0,,,2.58,3.44,0.89,1.53,2.43,0.92,1.51,4.33,..,anti,.,1.99,3.33,0.60,5.09,0.97,4.87,0.89,5.44,0.11,5.91,0.47,5.84,0.21,27.37,0.12,C3'-endo
8,76,0.22,G,G,G,0,0,1,0,0,(,"28,31",2,"cWW,cSW","cW-W,cm-W",3.60,4.39,1.13,1.45,3.53,5.08,4.73,3.48,BI,anti,A,4.40,4.64,3.19,3.83,3.69,3.88,3.74,4.46,0.13,5.76,0.70,5.65,0.32,40.37,0.14,C3'-endo
9,77,0.24,U,U,U,0,0,0,1,0,(,"27,30",2,"cWW,cSW","cW-W,cm-W",4.99,3.23,0.92,1.42,3.73,4.94,5.07,3.65,BI,anti,A,4.17,4.78,2.86,3.74,3.08,3.76,3.94,4.06,0.12,5.74,0.73,5.60,0.35,42.43,0.16,C3'-endo
10,78,0.27,G,G,G,0,0,1,0,0,(,26,1,cWW,cW-W,5.27,3.03,0.85,1.41,3.52,5.00,4.81,3.44,BI,anti,A,4.47,4.65,2.88,3.64,3.10,3.64,3.69,4.01,0.05,5.82,0.69,5.62,0.38,40.50,0.25,C3'-endo
11,79,0.30,A,A,A,1,0,0,0,0,(,25,1,cWW,cW-W,5.34,3.05,0.84,1.39,3.66,5.22,4.73,3.53,BI,anti,A,4.33,4.69,2.99,3.90,3.18,3.95,3.80,4.66,0.10,5.76,0.74,5.58,0.38,43.25,0.20,C3'-endo
12,80,0.32,U,U,U,0,0,0,1,0,(,24,1,cWW,cW-W,5.17,3.12,0.90,1.49,3.34,4.86,4.76,3.52,BI,anti,.,4.41,4.53,2.90,3.41,3.26,3.41,4.33,3.53,0.05,5.83,0.67,5.62,0.39,39.69,0.26,C3'-endo
13,81,0.35,C,C,C,0,1,0,0,0,(,23,1,cWW,cW-W,5.03,3.26,0.89,1.53,3.54,5.22,4.60,3.43,BI,anti,A,4.54,4.63,2.97,3.94,3.02,3.96,3.28,4.54,0.09,5.79,0.67,5.64,0.34,39.36,0.19,C3'-endo
14,82,0.38,U,U,U,0,0,0,1,0,(,22,1,cWW,cW-W,5.08,2.98,1.00,1.46,3.53,5.36,4.45,3.37,BI,anti,.,4.56,4.59,2.86,4.02,3.26,4.04,4.27,4.88,0.04,5.83,0.68,5.62,0.39,40.10,0.27,C3'-endo
15,83,0.41,U,U,U,0,0,0,1,0,.,17,1,cWW,cW-W,4.94,3.32,0.90,1.49,3.86,4.98,5.16,3.48,BI,anti,.,4.31,4.60,2.98,3.90,3.30,4.02,4.46,4.50,0.02,5.86,0.66,5.62,0.40,39.27,0.30,C3'-endo
16,84,0.43,U,U,U,0,0,0,1,0,.,,0,,,5.15,3.24,0.91,1.37,1.23,5.51,2.01,3.31,..,anti,.,2.33,2.54,3.49,2.00,3.78,1.59,4.31,1.22,0.01,5.89,0.60,5.67,0.38,35.80,0.31,C3'-endo
17,85,0.46,C,C,C,0,1,0,0,0,.,15,1,cWW,cW-W,4.83,3.11,0.86,1.45,3.26,4.05,5.49,4.70,BI,anti,.,0.96,4.24,2.62,3.63,2.55,4.26,2.52,4.64,6.26,5.92,0.59,5.67,0.41,35.95,0.36,C3'-endo
18,86,0.49,G,G,G,0,0,1,0,0,.,19,1,cSH,cm+M,3.30,5.34,3.19,1.61,3.54,3.84,5.99,3.06,..,anti,.,2.58,3.69,5.01,2.03,4.51,2.29,4.33,2.59,6.18,5.98,0.56,5.65,0.46,36.16,0.48,C3'-endo
19,87,0.51,U,U,U,0,0,0,1,0,.,18,1,cHS,cM+m,5.65,2.61,1.02,1.60,2.80,4.12,4.96,3.03,BI,anti,.,2.27,3.20,3.43,2.50,3.51,2.46,3.49,2.95,6.15,6.01,0.55,5.64,0.49,36.56,0.53,C3'-endo
20,88,0.54,G,G,G,0,0,1,0,0,.,,0,,,5.82,3.62,1.24,1.63,0.23,2.81,3.71,3.62,..,anti,.,0.39,1.10,5.08,2.30,4.69,2.60,3.83,2.96,6.04,6.09,0.54,5.59,0.58,39.34,0.68,C4'-exo
21,89,0.57,U,U,U,0,0,0,1,0,.,,0,,,2.99,0.72,2.91,1.55,2.82,2.32,0.50,2.11,..,...,.,0.15,3.87,4.92,4.87,3.58,5.19,3.67,3.23,6.26,5.88,0.65,5.61,0.43,39.57,0.35,C3'-endo
22,90,0.59,G,G,G,0,0,1,0,0,),14,1,cWW,cW-W,5.81,3.40,1.15,1.54,3.41,5.23,4.47,3.42,BI,anti,A,4.56,4.56,4.47,3.91,5.39,3.87,1.03,4.31,0.13,5.76,0.69,5.65,0.31,39.96,0.14,C3'-endo
23,91,0.62,G,G,G,0,0,1,0,0,),13,1,cWW,cW-W,4.84,3.32,0.97,1.38,3.67,5.05,4.90,3.28,BI,anti,A,4.67,4.70,2.88,3.71,3.11,3.75,3.91,4.02,0.06,5.81,0.69,5.62,0.38,40.59,0.24,C3'-endo
24,92,0.65,G,G,G,0,0,1,0,0,),12,1,cWW,cW-W,5.06,2.94,1.14,1.37,3.48,5.05,4.72,3.29,BI,anti,A,4.65,4.58,2.94,3.60,3.19,3.61,3.73,4.16,6.26,5.87,0.66,5.60,0.45,40.41,0.35,C3'-endo
25,93,0.68,U,U,U,0,0,0,1,0,),11,1,cWW,cW-W,5.17,3.16,0.89,1.51,3.65,4.99,4.93,3.28,BI,anti,A,4.50,4.59,3.05,3.79,3.24,3.84,4.03,4.35,0.04,5.83,0.67,5.61,0.39,39.88,0.27,C3'-endo
26,94,0.70,C,C,C,0,1,0,0,0,),10,1,cWW,cW-W,5.07,2.98,1.08,1.52,3.45,5.12,4.61,3.29,BI,anti,A,4.18,4.33,2.93,3.82,3.24,3.77,4.06,4.14,6.23,5.92,0.62,5.62,0.45,38.51,0.40,C3'-endo
27,95,0.73,A,A,A,1,0,0,0,0,),9,1,cWW,cW-W,4.98,3.12,1.10,1.49,3.84,4.99,5.13,3.49,BI,anti,.,3.84,4.29,3.09,3.79,3.31,3.81,3.92,4.36,6.22,5.94,0.61,5.63,0.45,37.98,0.41,C3'-endo
28,96,0.76,C,C,C,0,1,0,0,0,),8,1,cWW,cW-W,4.83,2.51,1.56,1.48,3.87,4.69,5.47,3.37,BI,anti,.,4.07,4.21,2.94,3.57,3.29,3.54,4.08,3.66,6.14,5.99,0.59,5.60,0.52,39.26,0.52,C3'-endo
29,97,0.78,C,C,C,0,1,0,0,0,.,"6,31",2,"tWH,cSH","tW-M,cm+M",5.14,2.65,1.25,1.62,5.94,1.66,4.28,3.75,..,anti,.,0.85,1.71,3.78,2.25,3.80,1.95,3.94,1.65,6.13,6.03,0.53,5.66,0.49,35.54,0.56,C3'-endo
30,98,0.81,A,A,A,1,0,0,0,0,.,9,1,cWS,cW-m,2.61,2.92,1.00,1.47,3.88,4.85,5.32,2.96,BI,anti,.,4.40,4.50,1.79,3.80,1.72,3.86,1.78,4.20,6.28,5.91,0.59,5.68,0.39,35.94,0.33,C3'-endo
31,99,0.84,C,C,C,0,1,0,0,0,.,"8,29",2,"cWS,cHS","cW-m,cM+m",5.39,3.06,0.74,1.31,3.74,5.10,4.92,3.48,BI,anti,A,4.39,4.73,3.00,3.80,3.19,3.90,3.72,4.61,6.28,5.85,0.69,5.58,0.45,41.62,0.33,C3'-endo
32,100,0.86,U,U,U,0,0,0,1,0,),6,1,cWW,cW-W,5.26,3.03,0.84,1.34,3.82,4.96,5.14,3.46,BI,anti,A,4.41,4.80,2.92,3.74,3.17,3.76,4.11,4.02,0.03,5.83,0.68,5.60,0.41,40.81,0.28,C3'-endo
33,101,0.89,G,G,G,0,0,1,0,0,),5,1,cWW,cW-W,5.11,2.97,0.94,1.41,3.42,5.14,4.56,3.53,BI,anti,A,4.60,4.59,2.75,3.67,2.98,3.68,3.55,4.33,6.28,5.85,0.69,5.58,0.45,41.70,0.33,C3'-endo
34,102,0.92,C,C,C,0,1,0,0,0,),4,1,cWW,cW-W,5.15,3.24,0.92,1.38,3.42,4.64,5.07,3.52,BI,anti,A,4.34,4.58,2.98,3.81,3.23,3.73,4.17,4.01,0.09,5.78,0.71,5.62,0.36,41.31,0.20,C3'-endo
35,103,0.95,G,G,G,0,0,1,0,0,),3,1,cWW,cW-W,2.82,3.84,2.92,1.34,4.27,4.59,5.96,2.94,..,anti,A,5.07,4.87,2.94,3.62,3.14,3.69,3.72,4.25,0.13,5.76,0.70,5.64,0.32,40.71,0.14,C3'-endo
36,104,0.97,C,C,C,0,1,0,0,0,),2,1,cWW,cW-W,5.67,2.70,0.69,1.32,3.70,4.95,5.03,3.45,BI,anti,A,4.55,4.69,2.89,3.71,3.14,3.74,3.98,4.08,0.04,5.82,0.69,5.60,0.40,41.26,0.27,C3'-endo
37,105,1.00,C,C,C,0,1,0,0,0,),1,1,cWW,cW-W,5.38,3.04,0.88,1.39,,,,3.53,..,anti,-,,,,,,,,,0.01,5.85,0.66,5.60,0.42,39.81,0.31,C3'-endo
