index_chain,old_nt_resnum,nt_position,nt_name,nt_code,nt_align_code,is_A,is_C,is_G,is_U,is_other,dbn,paired,nb_interact,pair_type_LW,pair_type_DSSR,alpha,beta,gamma,delta,epsilon,zeta,epsilon_zeta,chi,bb_type,glyco_bond,form,ssZp,Dp,eta,theta,eta_prime,theta_prime,eta_base,theta_base,v0,v1,v2,v3,v4,amplitude,phase_angle,puckering
1,3001,0.01,U,U,U,0,0,0,1,0,.,,0,,,,,1.76,1.40,3.76,1.50,2.26,3.48,..,anti,.,4.51,4.70,,,,,,,0.06,5.81,0.70,5.60,0.39,41.09,0.24,C3'-endo
2,3002,0.02,U,U,U,0,0,0,1,0,.,,0,,,2.48,4.98,5.25,2.26,4.05,2.42,1.63,3.75,BII,anti,.,1.90,1.85,0.55,1.06,0.50,1.64,2.06,1.60,5.91,0.57,5.74,0.35,0.01,33.22,2.79,C2'-endo
3,3003,0.02,A,A,A,1,0,0,0,0,.,"21,25",2,"tWS,cHW","tW+m,cM+W",5.61,2.62,0.53,2.71,4.00,5.73,4.56,5.03,..,anti,.,-0.20,1.66,3.40,5.92,3.61,5.46,3.15,6.24,0.04,0.34,5.73,0.60,5.88,34.12,3.53,C3'-exo
4,3004,0.03,G,G,G,0,0,1,0,0,(,119,1,cWW,cW-W,4.88,3.42,1.19,1.44,3.65,5.02,4.91,3.33,BI,anti,A,4.64,4.65,3.07,3.76,3.88,3.77,3.93,4.09,0.11,5.77,0.71,5.63,0.34,41.20,0.17,C3'-endo
5,3005,0.04,G,G,G,0,0,1,0,0,(,118,1,cWW,cW-W,5.00,3.10,1.02,1.37,3.74,4.93,5.10,3.42,BI,anti,A,4.58,4.69,2.92,3.73,3.12,3.76,3.68,4.25,0.01,5.84,0.69,5.59,0.43,41.36,0.31,C3'-endo
6,3006,0.05,C,C,C,0,1,0,0,0,(,117,1,cWW,cW-W,5.49,3.00,0.70,1.38,3.55,5.82,4.01,3.59,BI,anti,.,4.35,4.62,2.97,4.21,3.18,4.07,3.92,4.28,0.04,5.82,0.68,5.61,0.40,40.48,0.27,C3'-endo
7,3007,0.06,G,G,G,0,0,1,0,0,(,116,1,cWW,cW-W,3.71,2.26,2.83,1.41,3.82,4.90,5.21,3.12,BI,anti,A,4.68,4.63,3.20,2.92,3.41,3.17,3.97,3.73,0.05,5.83,0.66,5.63,0.38,39.32,0.26,C3'-endo
8,3008,0.07,G,G,G,0,0,1,0,0,(,115,1,cWW,cW-W,5.15,3.06,0.92,1.43,3.91,5.03,5.17,3.35,BI,anti,A,4.42,4.64,3.01,3.96,3.18,3.97,3.76,4.55,0.02,5.86,0.64,5.63,0.40,38.58,0.30,C3'-endo
9,3009,0.07,C,C,C,0,1,0,0,0,(,114,1,cWW,cW-W,5.07,2.90,0.98,1.39,4.16,5.30,5.15,3.45,..,anti,.,4.44,4.69,2.82,4.41,3.09,4.61,3.93,5.48,6.22,5.88,0.69,5.55,0.50,42.78,0.40,C3'-endo
10,3010,0.08,C,C,C,0,1,0,0,0,.,13,1,tSW,tm+W,5.15,2.90,1.37,2.54,4.30,2.91,1.38,3.97,BII,anti,.,1.19,1.17,3.25,2.78,4.13,2.53,5.16,3.22,5.89,0.63,5.66,0.42,6.26,37.51,2.85,C2'-endo
11,3011,0.09,A,A,A,1,0,0,0,0,.,68,1,tSS,tm+m,5.89,3.41,0.96,1.49,3.61,4.03,5.86,3.36,..,anti,.,4.60,4.64,4.81,3.20,4.53,2.54,4.26,2.80,0.12,5.78,0.67,5.66,0.31,38.92,0.15,C3'-endo
12,3012,0.10,C,C,C,0,1,0,0,0,.,,0,,,1.33,3.86,1.04,2.54,4.53,5.00,5.80,4.01,..,anti,.,0.97,0.95,0.07,5.42,0.16,5.09,5.60,5.44,5.93,0.61,5.67,0.42,6.24,36.27,2.89,C2'-endo
13,3013,0.11,A,A,A,1,0,0,0,0,.,10,1,tWS,tW+m,4.65,3.15,0.85,2.53,4.20,4.90,5.58,3.71,..,anti,.,1.32,1.45,2.31,5.52,3.29,5.23,3.81,5.67,5.81,0.71,5.62,0.40,0.04,40.91,2.76,C2'-endo
14,3014,0.11,G,G,G,0,0,1,0,0,(,67,1,cWW,cW-W,0.90,2.67,5.34,1.72,3.50,5.44,4.35,3.36,BI,anti,A,4.66,4.65,2.67,3.80,3.43,3.94,4.18,4.35,0.44,5.60,0.66,5.86,6.27,40.11,5.94,C2'-exo
15,3015,0.12,C,C,C,0,1,0,0,0,(,"66,113",2,"cWW,cHW","cW-W,cM+W",4.95,3.40,0.87,1.37,3.71,5.23,4.76,3.48,BI,anti,.,4.46,4.66,2.94,3.89,3.25,3.99,3.81,4.81,0.00,5.84,0.70,5.57,0.45,42.09,0.32,C3'-endo
16,3016,0.13,G,G,G,0,0,1,0,0,(,64,1,cWW,cW-W,5.11,3.07,0.92,1.36,3.77,4.98,5.07,3.38,BI,anti,A,4.74,4.77,2.85,3.75,3.20,3.80,4.35,4.25,0.07,5.78,0.72,5.59,0.40,42.33,0.23,C3'-endo
17,3017,0.14,G,G,G,0,0,1,0,0,(,63,1,cWW,cW-W,5.36,2.91,0.95,1.35,3.49,4.97,4.80,3.35,BI,anti,A,4.73,4.64,2.98,3.52,3.27,3.53,4.03,3.71,0.01,5.83,0.70,5.58,0.44,41.95,0.31,C3'-endo
18,3018,0.15,U,U,U,0,0,0,1,0,(,62,1,cWW,cW-W,5.22,3.25,0.86,1.40,3.60,5.05,4.83,3.60,BI,anti,A,4.34,4.62,3.08,3.69,3.18,3.72,3.49,4.21,0.04,5.84,0.66,5.63,0.38,39.11,0.26,C3'-endo
19,3019,0.16,G,G,G,0,0,1,0,0,(,61,1,cWW,cW-W,5.18,3.00,0.93,1.36,3.63,5.09,4.82,3.28,BI,anti,A,4.77,4.69,2.90,3.73,3.14,3.74,3.90,4.19,0.04,5.81,0.71,5.58,0.42,41.98,0.27,C3'-endo
20,3020,0.16,G,G,G,0,0,1,0,0,(,60,1,cWW,cW-W,5.22,3.14,0.87,1.35,3.43,5.25,4.46,3.31,BI,anti,A,4.63,4.60,2.96,3.68,3.21,3.72,3.96,4.17,0.04,5.80,0.72,5.56,0.43,43.08,0.27,C3'-endo
21,3021,0.17,G,G,G,0,0,1,0,0,(,"3,59",2,"tSW,cWW","tm+W,cW-W",5.07,3.32,0.94,1.23,3.70,3.91,6.07,3.76,..,anti,.,3.74,4.75,3.15,3.39,3.30,3.47,3.87,3.40,0.04,5.83,0.68,5.62,0.40,40.32,0.27,C3'-endo
22,3022,0.18,G,G,G,0,0,1,0,0,.,"26,58",2,"tSW,tW.","tm+W,tW-.",2.25,4.51,2.96,1.49,4.09,2.89,1.20,3.70,BII,anti,.,3.53,4.66,2.95,1.64,3.08,1.16,3.04,0.75,0.07,5.83,0.63,5.67,0.35,37.07,0.22,C3'-endo
23,3023,0.19,U,U,U,0,0,0,1,0,.,,0,,,3.16,2.87,0.92,1.55,5.52,3.96,1.56,3.51,..,anti,.,3.39,3.92,2.18,4.38,2.22,4.25,2.44,4.60,6.24,5.94,0.58,5.67,0.41,35.66,0.39,C3'-endo
24,3024,0.20,U,U,U,0,0,0,1,0,.,,0,,,4.77,2.45,0.73,1.31,3.62,5.29,4.62,3.47,BI,anti,.,4.62,4.75,2.11,4.05,2.58,4.06,3.10,4.46,0.05,5.79,0.72,5.57,0.43,42.69,0.27,C3'-endo
25,3025,0.20,G,G,G,0,0,1,0,0,.,3,1,cWH,cW+M,5.09,3.17,1.07,1.34,3.89,5.20,4.97,2.95,BI,anti,.,4.91,4.88,3.13,4.02,3.45,4.07,4.25,4.55,6.25,5.83,0.72,5.53,0.50,44.04,0.36,C3'-endo
26,3026,0.21,C,C,C,0,1,0,0,0,.,22,1,tWS,tW+m,5.04,3.41,0.83,1.34,3.43,5.12,4.59,3.63,BI,anti,A,3.97,4.42,2.91,3.58,3.16,3.65,3.93,4.34,6.17,5.93,0.67,5.53,0.54,43.08,0.47,C3'-endo
27,3027,0.22,C,C,C,0,1,0,0,0,.,"55,58",2,"cWW,cWW","cW-W,cW-W",5.14,3.12,0.76,1.44,3.37,5.04,4.61,3.49,BI,anti,.,4.54,4.62,2.84,4.09,3.05,4.06,3.96,4.66,0.02,5.83,0.71,5.57,0.44,42.34,0.30,C3'-endo
28,3028,0.23,U,U,U,0,0,0,1,0,(,"54,57",2,"cWW,cSH","cW-W,cm+M",2.85,3.64,2.91,1.44,4.30,4.51,6.08,3.17,..,anti,A,4.69,4.74,3.04,3.42,3.38,3.47,4.35,4.02,0.13,5.79,0.65,5.68,0.30,37.83,0.14,C3'-endo
29,3029,0.24,C,C,C,0,1,0,0,0,(,"51,53,56",3,"t.W,cWW,cSW","t.-W,cW-W,cm-W",5.36,2.28,1.07,1.39,3.94,5.41,4.81,3.31,BI,anti,.,4.61,4.72,2.76,4.48,3.08,4.48,3.89,5.19,0.03,5.83,0.68,5.60,0.41,40.64,0.28,C3'-endo
30,3030,0.25,C,C,C,0,1,0,0,0,(,"50,52",2,"cWW,cSW","cW-W,cm-W",5.39,2.97,0.87,1.41,3.75,5.03,5.00,3.52,BI,anti,A,4.29,4.60,2.97,3.83,3.57,3.88,4.85,4.33,0.05,5.84,0.64,5.65,0.36,38.00,0.25,C3'-endo
31,3031,0.25,C,C,C,0,1,0,0,0,(,49,1,cWW,cW-W,5.18,3.22,0.78,1.42,3.68,5.20,4.76,3.60,BI,anti,A,4.22,4.61,2.96,3.92,3.15,3.95,3.79,4.26,0.06,5.83,0.65,5.65,0.36,38.05,0.24,C3'-endo
32,3032,0.26,G,G,G,0,0,1,0,0,(,48,1,cWW,cW-W,5.29,2.91,0.96,1.31,3.28,4.81,4.76,3.42,BI,anti,A,4.15,4.25,2.92,3.54,3.29,3.61,3.89,3.93,6.03,6.03,0.64,5.49,0.66,45.45,0.64,C4'-exo
33,3033,0.27,U,U,U,0,0,0,1,0,(,"35,47",2,"c.H,cWW","c.+M,cW-W",3.21,3.33,2.89,2.62,4.33,3.03,1.30,3.87,BII,anti,.,1.14,1.08,3.72,2.19,3.81,2.21,4.08,1.95,5.97,0.61,5.62,0.50,6.16,38.28,3.00,C2'-endo
34,3034,0.28,A,A,A,1,0,0,0,0,.,,0,,,3.40,3.21,0.86,1.44,3.37,5.07,4.58,3.52,BI,anti,A,4.35,4.56,2.14,4.13,1.91,4.04,1.89,4.54,0.15,5.76,0.68,5.67,0.29,39.05,0.11,C3'-endo
35,3035,0.29,C,C,C,0,1,0,0,0,.,"33,48",2,"cH.,cWS","cM+.,cW-m",2.68,3.55,3.08,1.47,4.39,4.81,5.87,3.30,..,anti,A,4.38,4.77,3.06,3.69,3.35,3.74,4.20,4.05,0.23,5.73,0.66,5.73,0.20,37.75,6.27,C2'-exo
36,3036,0.30,C,C,C,0,1,0,0,0,.,47,1,cWS,cW-m,5.12,3.05,0.72,1.35,3.88,5.26,4.89,3.55,BI,anti,.,4.30,4.69,2.63,4.09,2.85,4.21,3.32,5.09,0.02,5.83,0.69,5.58,0.43,41.44,0.30,C3'-endo
37,3037,0.30,C,C,C,0,1,0,0,0,(,43,1,cWW,cW-W,5.26,2.95,0.85,1.37,3.62,4.98,4.92,3.43,BI,anti,A,4.60,4.67,2.80,3.65,3.27,3.69,4.52,4.02,0.06,5.81,0.69,5.61,0.38,40.80,0.24,C3'-endo
38,3038,0.31,A,A,A,1,0,0,0,0,.,45,1,cSW,cm-W,5.22,3.01,0.99,1.46,3.77,4.19,5.86,3.46,..,anti,.,4.40,4.64,3.06,3.20,3.26,3.31,3.79,3.19,0.05,5.83,0.67,5.63,0.38,39.44,0.25,C3'-endo
39,3039,0.32,U,U,U,0,0,0,1,0,.,44,1,tSH,tm-M,5.62,2.48,1.16,1.50,2.94,1.03,1.91,3.75,..,anti,.,2.69,3.29,3.35,6.14,3.57,5.39,3.38,4.46,6.20,6.00,0.51,5.70,0.42,32.81,0.47,C3'-endo
40,3040,0.33,C,C,C,0,1,0,0,0,.,,0,,,0.46,2.64,0.97,1.30,3.26,1.21,2.05,3.63,..,anti,.,4.04,4.22,4.65,6.06,5.60,5.51,0.35,5.44,5.96,6.06,0.64,5.45,0.73,47.97,0.70,C4'-exo
41,3041,0.34,C,C,C,0,1,0,0,0,.,,0,,,3.20,3.46,0.74,1.29,3.11,4.99,4.40,3.87,BI,anti,.,3.52,3.96,1.55,3.56,2.35,3.58,3.14,4.36,5.95,6.11,0.57,5.51,0.70,44.49,0.75,C4'-exo
42,3042,0.34,C,C,C,0,1,0,0,0,.,,0,,,2.90,3.48,2.84,1.47,4.40,5.25,5.43,3.26,..,anti,.,4.23,4.57,3.03,4.47,3.23,4.03,4.14,4.50,0.08,5.85,0.61,5.70,0.31,35.55,0.19,C3'-endo
43,3043,0.35,G,G,G,0,0,1,0,0,),"37,46",2,"cWW,tSW","cW-W,tm+W",3.15,2.61,5.22,2.81,3.67,2.28,1.39,5.48,..,anti,.,-0.00,1.46,4.84,1.83,5.53,1.41,5.20,1.22,0.07,0.34,5.69,0.66,5.82,37.60,3.57,C3'-exo
44,3044,0.36,A,A,A,1,0,0,0,0,.,39,1,tHS,tM-m,2.79,3.27,0.99,1.47,3.84,5.20,4.92,3.40,BI,anti,.,4.59,4.73,1.42,4.12,1.44,4.21,1.78,4.99,0.13,5.77,0.68,5.66,0.31,39.14,0.14,C3'-endo
45,3045,0.37,A,A,A,1,0,0,0,0,.,38,1,cWS,cW-m,5.22,2.99,0.89,1.46,3.80,5.17,4.91,3.43,BI,anti,.,4.51,4.63,2.91,4.07,3.33,4.10,4.49,4.94,0.06,5.84,0.63,5.67,0.35,36.90,0.23,C3'-endo
46,3046,0.38,C,C,C,0,1,0,0,0,.,43,1,tWS,tW+m,5.09,2.99,0.91,1.45,3.80,5.27,4.82,3.38,BI,anti,A,4.54,4.65,2.81,4.12,3.19,4.13,4.39,4.75,0.07,5.83,0.64,5.66,0.35,37.79,0.22,C3'-endo
47,3047,0.39,A,A,A,1,0,0,0,0,),"33,36",2,"cWW,cSW","cW-W,cm-W",4.95,3.18,0.92,1.39,3.60,4.92,4.96,3.44,BI,anti,A,4.53,4.64,2.76,3.58,3.12,3.63,4.12,4.25,0.00,5.84,0.69,5.58,0.44,41.55,0.32,C3'-endo
48,3048,0.39,C,C,C,0,1,0,0,0,),"32,35",2,"cWW,cSW","cW-W,cm-W",5.24,2.79,1.07,1.45,3.61,5.13,4.77,3.47,BI,anti,A,4.43,4.61,2.96,3.89,3.25,3.80,4.13,4.10,0.05,5.82,0.68,5.62,0.38,39.94,0.25,C3'-endo
49,3049,0.40,G,G,G,0,0,1,0,0,),31,1,cWW,cW-W,4.86,3.30,0.91,1.38,3.59,5.02,4.85,3.46,BI,anti,A,4.48,4.62,2.75,3.71,2.96,3.78,3.59,4.26,6.28,5.85,0.69,5.57,0.45,41.95,0.33,C3'-endo
50,3050,0.41,G,G,G,0,0,1,0,0,),30,1,cWW,cW-W,5.50,2.79,1.12,1.39,3.29,4.80,4.77,3.43,BI,anti,.,4.09,4.21,3.21,3.63,3.59,3.64,4.31,4.28,6.17,5.96,0.62,5.58,0.51,40.05,0.49,C3'-endo
51,3051,0.42,A,A,A,1,0,0,0,0,.,"29,52",2,"tW.,cSH","tW-.,cm+M",3.16,3.31,2.85,2.69,4.51,2.63,1.87,3.87,BII,anti,.,1.23,1.40,3.79,2.35,3.84,2.38,4.46,2.39,6.24,0.42,5.68,0.60,5.93,36.01,3.40,C3'-exo
52,3052,0.43,A,A,A,1,0,0,0,0,.,"30,51",2,"cWS,cHS","cW-m,cM+m",2.69,3.97,1.32,1.43,3.61,5.10,4.80,3.43,BI,anti,A,4.72,4.72,2.22,3.94,2.05,3.96,2.28,4.34,0.10,5.77,0.71,5.61,0.36,41.60,0.19,C3'-endo
53,3053,0.43,G,G,G,0,0,1,0,0,),29,1,cWW,cW-W,5.32,2.93,1.01,1.39,3.55,5.10,4.73,3.29,BI,anti,A,4.70,4.62,3.06,3.73,3.40,3.75,4.18,4.17,0.04,5.82,0.69,5.60,0.40,41.04,0.26,C3'-endo
54,3054,0.44,A,A,A,1,0,0,0,0,),"28,56",2,"cWW,cSH","cW-W,cm+M",5.17,3.28,0.86,1.41,3.45,4.97,4.76,3.51,BI,anti,.,4.35,4.55,3.07,3.56,3.27,3.63,3.91,3.25,0.08,5.80,0.68,5.63,0.37,40.01,0.22,C3'-endo
55,3055,0.45,U,U,U,0,0,0,1,0,.,"27,57",2,"cWW,cSW","cW-W,cm-W",5.51,2.96,1.10,2.27,4.67,1.55,3.12,4.30,..,anti,.,1.09,1.11,3.81,1.93,4.02,1.63,3.57,1.51,5.68,0.68,5.78,0.17,0.27,38.71,2.41,C1'-exo
56,3056,0.46,A,A,A,1,0,0,0,0,.,"29,54",2,"cWS,cHS","cW-m,cM+m",2.73,3.87,1.14,1.45,3.91,4.77,5.42,3.29,BI,anti,.,4.50,4.61,2.15,4.12,1.99,3.92,1.98,4.89,0.03,5.84,0.67,5.62,0.40,39.71,0.28,C3'-endo
57,3057,0.47,A,A,A,1,0,0,0,0,.,"28,55",2,"cHS,cWS","cM+m,cW-m",1.01,3.42,4.84,1.49,3.84,5.38,4.74,0.39,BI,syn,.,-4.45,4.69,2.93,3.47,2.97,3.84,4.27,3.89,0.07,5.82,0.66,5.65,0.36,38.61,0.23,C3'-endo
58,3058,0.48,G,G,G,0,0,1,0,0,.,"22,27",2,"t.W,cWW","t.-W,cW-W",5.12,3.01,1.01,1.48,3.93,5.27,4.94,3.25,BI,anti,.,4.75,4.75,2.94,4.29,3.50,4.37,3.61,5.40,0.10,5.80,0.67,5.65,0.33,38.93,0.18,C3'-endo
59,3059,0.48,C,C,C,0,1,0,0,0,),21,1,cWW,cW-W,5.16,2.98,0.89,1.49,3.76,5.00,5.05,3.43,BI,anti,A,4.38,4.66,2.80,3.90,3.33,3.91,4.83,4.37,0.18,5.76,0.66,5.71,0.25,37.59,0.06,C3'-endo
60,3060,0.49,C,C,C,0,1,0,0,0,),20,1,cWW,cW-W,5.07,3.08,0.89,1.46,3.45,5.24,4.50,3.50,BI,anti,A,4.35,4.53,2.81,3.85,3.08,3.85,3.86,4.26,0.11,5.79,0.67,5.66,0.33,38.90,0.17,C3'-endo
61,3061,0.50,C,C,C,0,1,0,0,0,),19,1,cWW,cW-W,5.07,3.28,0.84,1.43,3.52,5.11,4.70,3.50,BI,anti,A,4.42,4.51,2.96,3.72,3.20,3.76,3.89,4.17,0.02,5.88,0.62,5.65,0.38,37.31,0.30,C3'-endo
62,3062,0.51,A,A,A,1,0,0,0,0,),18,1,cWW,cW-W,5.00,3.22,0.90,1.46,3.55,5.26,4.58,3.49,BI,anti,.,4.35,4.50,2.89,3.90,3.10,3.89,3.72,4.20,0.00,5.88,0.63,5.64,0.40,37.94,0.32,C3'-endo
63,3063,0.52,C,C,C,0,1,0,0,0,),17,1,cWW,cW-W,4.86,2.99,1.32,1.35,3.32,5.01,4.59,3.37,BI,anti,A,4.50,4.35,2.92,3.42,3.29,3.42,3.91,3.81,6.00,6.05,0.63,5.47,0.69,46.33,0.67,C4'-exo
64,3064,0.52,C,C,C,0,1,0,0,0,),16,1,cWW,cW-W,4.97,3.34,1.00,1.46,3.78,5.20,4.86,3.56,BI,anti,.,4.01,4.44,3.14,4.00,3.23,4.15,3.70,4.81,6.27,5.89,0.63,5.63,0.42,38.20,0.35,C3'-endo
65,3065,0.53,A,A,A,1,0,0,0,0,.,67,1,cSH,cm+M,5.36,3.43,1.09,1.46,2.23,4.74,3.77,4.35,..,anti,.,1.53,3.17,3.62,2.68,4.11,2.19,4.67,1.92,0.14,5.84,0.56,5.79,0.23,32.08,0.08,C3'-endo
66,3066,0.54,G,G,G,0,0,1,0,0,),"15,113",2,"cWW,tHW","cW-W,tM-W",3.94,3.46,0.98,1.41,3.74,4.97,5.05,3.24,BI,anti,A,4.66,4.68,2.04,3.73,1.81,3.81,1.96,4.27,0.08,5.80,0.68,5.63,0.36,40.04,0.21,C3'-endo
67,3067,0.55,C,C,C,0,1,0,0,0,),"14,65",2,"cWW,cHS","cW-W,cM+m",5.20,3.13,0.88,1.42,3.70,5.13,4.85,3.54,BI,anti,A,4.36,4.67,2.99,3.87,3.18,3.91,3.83,4.52,0.08,5.80,0.69,5.61,0.37,40.64,0.22,C3'-endo
68,3068,0.56,G,G,G,0,0,1,0,0,.,11,1,tSS,tm+m,5.07,3.15,0.86,1.36,3.70,5.08,4.90,3.31,BI,anti,A,4.77,4.75,2.82,3.79,3.09,3.86,4.02,4.36,0.10,5.76,0.73,5.59,0.37,42.57,0.19,C3'-endo
69,3069,0.57,U,U,U,0,0,0,1,0,.,112,1,cWW,cW-W,5.30,3.02,0.97,1.40,3.54,5.11,4.72,3.44,BI,anti,A,4.50,4.59,3.04,3.72,3.34,3.73,4.12,4.12,0.03,5.83,0.68,5.60,0.41,40.45,0.28,C3'-endo
70,3070,0.57,U,U,U,0,0,0,1,0,.,111,1,cWW,cW-W,5.06,3.30,0.85,1.42,3.66,5.06,4.88,3.48,BI,anti,A,4.36,4.58,2.97,3.75,3.14,3.80,3.74,4.41,0.06,5.82,0.67,5.62,0.38,39.81,0.24,C3'-endo
71,3071,0.58,C,C,C,0,1,0,0,0,(,110,1,cWW,cW-W,5.04,2.93,1.08,1.41,3.50,5.11,4.67,3.66,BI,anti,A,4.23,4.57,2.82,3.73,3.14,3.66,4.01,4.02,6.26,5.87,0.67,5.58,0.46,40.76,0.36,C3'-endo
72,3072,0.59,C,C,C,0,1,0,0,0,(,109,1,cWW,cW-W,5.08,3.12,0.97,1.37,3.38,5.02,4.64,3.45,BI,anti,A,4.50,4.52,2.90,3.48,3.14,3.51,3.81,3.73,6.28,5.85,0.68,5.58,0.44,41.18,0.33,C3'-endo
73,3073,0.60,G,G,G,0,0,1,0,0,(,108,1,cWW,cW-W,5.10,3.28,0.93,1.43,3.66,5.16,4.78,3.52,BI,anti,A,4.28,4.52,3.10,3.87,3.20,3.90,3.52,4.61,6.28,5.88,0.64,5.63,0.41,38.64,0.33,C3'-endo
74,3074,0.61,G,G,G,0,0,1,0,0,(,107,1,cWW,cW-W,5.05,3.01,0.97,1.42,3.64,5.26,4.67,3.46,BI,anti,.,4.49,4.60,2.83,3.94,3.15,3.84,4.15,4.05,0.02,5.85,0.66,5.62,0.41,39.60,0.30,C3'-endo
75,3075,0.61,G,G,G,0,0,1,0,0,(,106,1,cWW,cW-W,4.81,3.04,1.16,1.24,3.56,5.21,4.63,3.27,BI,anti,.,4.66,4.62,2.71,3.68,2.99,3.79,3.55,4.85,6.06,5.96,0.71,5.43,0.68,48.99,0.58,C3'-endo
76,3076,0.62,G,G,G,0,0,1,0,0,.,105,1,tSH,tm-M,5.07,3.16,1.01,1.45,3.28,1.41,1.87,3.61,..,anti,.,4.17,4.52,2.96,5.89,3.36,5.08,4.73,4.29,0.12,5.76,0.70,5.64,0.33,40.48,0.15,C3'-endo
77,3077,0.63,A,A,A,1,0,0,0,0,.,104,1,tHH,tM+M,5.60,4.05,3.12,2.58,4.00,3.47,0.53,3.47,..,anti,.,1.12,1.68,0.80,2.79,1.84,2.43,1.83,2.63,5.86,0.69,5.60,0.45,6.26,41.18,2.84,C2'-endo
78,3078,0.64,G,G,G,0,0,1,0,0,.,79,1,cSH,cm+M,5.10,1.41,3.11,2.61,3.24,2.62,0.62,4.64,..,anti,.,2.03,2.16,5.64,0.29,4.90,1.02,4.54,1.60,5.82,0.74,5.57,0.47,6.27,43.22,2.83,C2'-endo
79,3079,0.65,U,U,U,0,0,0,1,0,.,"78,103",2,"cHS,tWH","cM+m,tW-M",5.07,2.60,0.79,1.47,3.85,5.22,4.91,3.18,BI,anti,.,4.46,4.58,2.96,4.22,2.79,4.19,2.77,4.68,0.05,5.85,0.63,5.66,0.36,37.47,0.25,C3'-endo
80,3080,0.66,A,A,A,1,0,0,0,0,.,102,1,tHS,tM-m,5.03,3.22,0.88,1.37,3.93,5.15,5.06,3.35,BI,anti,.,4.52,4.67,2.85,4.01,3.17,4.13,4.05,5.13,6.27,5.87,0.67,5.59,0.45,40.84,0.35,C3'-endo
81,3081,0.66,C,C,C,0,1,0,0,0,(,101,1,cWW,cW-W,5.12,2.90,0.99,1.41,3.75,4.96,5.07,3.46,BI,anti,A,4.51,4.70,2.77,3.86,3.22,3.89,4.58,4.37,0.09,5.77,0.73,5.59,0.38,42.55,0.20,C3'-endo
82,3082,0.67,U,U,U,0,0,0,1,0,(,100,1,cWW,cW-W,5.48,2.85,0.95,1.46,3.46,4.65,5.10,3.55,BI,anti,.,4.29,4.35,3.11,3.28,3.45,3.30,4.22,3.55,6.26,5.91,0.60,5.65,0.41,36.71,0.36,C3'-endo
83,3083,0.68,G,G,G,0,0,1,0,0,(,99,1,cWW,cW-W,5.00,3.34,0.74,1.42,3.53,5.33,4.49,3.23,BI,anti,A,4.79,4.69,2.91,3.92,2.83,4.01,3.15,4.62,0.16,5.74,0.70,5.66,0.29,40.31,0.09,C3'-endo
84,3084,0.69,G,G,G,0,0,1,0,0,(,98,1,cWW,cW-W,4.89,3.45,0.92,1.44,3.52,5.12,4.68,3.34,BI,anti,A,4.66,4.61,2.93,3.76,3.21,3.81,4.11,4.23,0.05,5.83,0.66,5.63,0.37,39.19,0.25,C3'-endo
85,3085,0.70,A,A,A,1,0,0,0,0,(,97,1,cWW,cW-W,5.05,3.16,1.00,1.41,3.66,4.92,5.02,3.34,BI,anti,A,4.64,4.64,2.99,3.68,3.22,3.72,3.88,4.04,0.01,5.85,0.66,5.61,0.42,39.97,0.31,C3'-endo
86,3086,0.70,G,G,G,0,0,1,0,0,(,96,1,cWW,cW-W,5.29,2.99,0.95,1.41,3.87,4.16,5.99,3.70,..,anti,.,3.91,4.53,3.13,3.49,3.30,3.07,3.75,3.35,6.23,5.91,0.63,5.61,0.46,38.96,0.39,C3'-endo
87,3087,0.71,U,U,U,0,0,0,1,0,.,0,1,cWS,cW-m,1.28,3.23,1.07,2.57,4.20,1.88,2.32,3.93,..,anti,.,2.00,1.50,5.71,1.69,6.06,1.07,5.50,0.96,5.86,0.66,5.65,0.41,0.01,38.47,2.80,C2'-endo
88,3088,0.72,G,G,G,0,0,1,0,0,(,95,1,cWW,cW-W,4.53,3.85,4.94,1.53,3.56,5.15,4.69,3.21,BI,anti,A,4.47,4.61,1.46,2.92,1.34,3.25,1.55,3.83,0.25,5.70,0.67,5.73,0.19,38.59,6.24,C2'-exo
89,3089,0.73,C,C,C,0,1,0,0,0,(,94,1,cWW,cW-W,4.92,3.35,1.01,1.44,3.56,5.22,4.62,3.51,BI,anti,A,4.41,4.58,2.98,3.87,3.21,3.88,3.76,4.39,0.03,5.84,0.67,5.61,0.40,40.16,0.28,C3'-endo
90,3090,0.74,G,G,G,0,0,1,0,0,.,93,1,tSH,tm-M,5.08,3.10,0.93,1.35,4.08,4.95,5.41,3.38,..,anti,.,4.73,4.79,2.96,4.23,3.20,3.53,4.00,2.69,6.25,5.87,0.68,5.57,0.46,41.48,0.36,C3'-endo
91,3091,0.75,C,C,C,0,1,0,0,0,.,,0,,,3.06,2.66,0.92,1.40,3.97,5.13,5.13,3.33,BI,anti,.,4.54,4.60,0.41,4.12,0.88,4.17,0.51,5.14,6.22,5.90,0.65,5.58,0.48,40.44,0.41,C3'-endo
92,3092,0.75,G,G,G,0,0,1,0,0,.,,0,,,5.06,2.67,1.25,1.51,3.58,5.07,4.79,3.47,BI,anti,.,4.29,4.46,2.79,3.85,3.36,3.73,4.75,4.47,0.02,5.87,0.62,5.65,0.38,37.22,0.29,C3'-endo
93,3093,0.76,A,A,A,1,0,0,0,0,.,90,1,tHS,tM-m,4.79,3.08,1.02,1.49,4.08,5.38,4.98,3.57,..,anti,.,4.21,4.78,2.82,4.53,3.05,4.72,4.10,5.16,0.13,5.77,0.68,5.66,0.31,39.23,0.14,C3'-endo
94,3094,0.77,G,G,G,0,0,1,0,0,),89,1,cWW,cW-W,5.35,2.60,1.35,1.39,3.44,5.08,4.65,3.34,BI,anti,A,4.76,4.62,2.96,3.68,3.81,3.56,4.94,3.92,0.01,5.82,0.72,5.55,0.46,43.62,0.31,C3'-endo
95,3095,0.78,C,C,C,0,1,0,0,0,),88,1,cWW,cW-W,5.20,3.03,1.09,1.43,3.54,5.10,4.72,3.37,BI,anti,A,4.62,4.60,3.12,3.76,3.38,3.76,4.08,4.34,0.03,5.83,0.67,5.61,0.40,40.01,0.28,C3'-endo
96,3096,0.79,C,C,C,0,1,0,0,0,),86,1,cWW,cW-W,5.18,3.10,0.96,1.42,3.57,5.03,4.82,3.51,BI,anti,A,4.40,4.61,3.03,3.67,3.29,3.69,4.16,4.01,0.10,5.79,0.67,5.66,0.33,38.93,0.18,C3'-endo
97,3097,0.80,U,U,U,0,0,0,1,0,),85,1,cWW,cW-W,5.07,3.14,0.94,1.45,3.64,5.02,4.90,3.56,BI,anti,A,4.28,4.64,2.94,3.76,3.14,3.78,3.67,4.20,0.12,5.78,0.68,5.65,0.32,39.31,0.16,C3'-endo
98,3098,0.80,C,C,C,0,1,0,0,0,),84,1,cWW,cW-W,5.25,3.06,0.79,1.40,3.64,5.13,4.79,3.54,BI,anti,A,4.42,4.63,2.91,3.82,3.13,3.87,3.81,4.40,0.05,5.82,0.68,5.61,0.39,40.28,0.26,C3'-endo
99,3099,0.81,U,U,U,0,0,0,1,0,),83,1,cWW,cW-W,5.18,3.17,0.81,1.37,3.60,5.06,4.82,3.48,BI,anti,A,4.47,4.64,2.90,3.68,3.15,3.70,3.95,3.99,0.06,5.81,0.69,5.61,0.38,40.52,0.24,C3'-endo
100,3100,0.82,G,G,G,0,0,1,0,0,),82,1,cWW,cW-W,5.15,3.14,0.84,1.36,3.34,5.26,4.36,3.48,BI,anti,.,4.46,4.51,2.86,4.07,3.06,3.90,3.59,4.17,0.00,5.85,0.68,5.58,0.44,41.27,0.32,C3'-endo
101,3101,0.83,G,G,G,0,0,1,0,0,),81,1,cWW,cW-W,2.85,3.18,3.08,1.42,3.80,5.38,4.71,3.17,BI,anti,.,4.61,4.64,2.96,3.64,3.18,3.79,3.78,4.83,0.01,5.86,0.66,5.61,0.42,39.89,0.31,C3'-endo
102,3102,0.84,G,G,G,0,0,1,0,0,.,80,1,tSH,tm-M,4.89,3.18,0.95,1.36,3.14,4.53,4.90,3.41,BI,anti,.,4.45,4.50,2.68,2.86,3.21,2.68,4.63,2.52,0.05,5.78,0.73,5.56,0.42,43.41,0.26,C3'-endo
103,3103,0.84,A,A,A,1,0,0,0,0,.,79,1,tHW,tM-W,5.56,2.89,1.19,1.09,3.38,5.13,4.54,3.28,BI,anti,A,4.50,4.47,3.48,3.29,3.28,3.42,2.91,4.33,6.00,5.98,0.73,5.36,0.77,52.26,0.64,C4'-exo
104,3104,0.85,A,A,A,1,0,0,0,0,.,77,1,tHH,tM+M,5.09,3.17,0.89,1.39,3.62,5.05,4.85,3.46,BI,anti,A,4.48,4.64,2.96,3.76,3.19,3.78,4.27,4.12,0.04,5.83,0.69,5.60,0.41,40.87,0.27,C3'-endo
105,3105,0.86,A,A,A,1,0,0,0,0,.,76,1,tHS,tM-m,5.39,3.00,0.92,1.36,3.89,5.22,4.96,3.54,BI,anti,.,4.26,4.67,3.15,4.08,3.34,4.22,3.87,5.20,6.26,5.87,0.66,5.59,0.45,40.65,0.36,C3'-endo
106,3106,0.87,C,C,C,0,1,0,0,0,),75,1,cWW,cW-W,5.27,2.93,0.92,1.44,3.58,4.98,4.88,3.77,BI,anti,A,3.89,4.60,2.87,3.72,3.39,3.67,4.68,3.79,0.07,5.82,0.66,5.64,0.36,38.98,0.22,C3'-endo
107,3107,0.88,C,C,C,0,1,0,0,0,),74,1,cWW,cW-W,5.33,3.08,0.77,1.37,3.60,5.09,4.79,3.68,BI,anti,A,4.07,4.55,2.99,3.69,3.14,3.72,3.47,4.33,0.00,5.87,0.64,5.62,0.41,38.86,0.32,C3'-endo
108,3108,0.89,C,C,C,0,1,0,0,0,),73,1,cWW,cW-W,5.14,3.09,0.77,1.34,3.63,5.06,4.86,3.54,BI,anti,A,4.47,4.70,2.78,3.66,3.00,3.73,3.85,4.11,0.05,5.81,0.70,5.60,0.40,41.48,0.25,C3'-endo
109,3109,0.89,G,G,G,0,0,1,0,0,),72,1,cWW,cW-W,5.27,3.12,0.90,1.42,3.33,5.21,4.40,3.50,BI,anti,A,4.38,4.50,3.01,4.03,3.25,3.81,3.85,4.14,0.04,5.83,0.67,5.61,0.40,40.02,0.27,C3'-endo
110,3110,0.90,G,G,G,0,0,1,0,0,),71,1,cWW,cW-W,2.85,3.06,2.95,1.50,3.95,5.12,5.12,3.13,BI,anti,A,4.88,4.79,2.79,3.58,3.01,3.73,3.71,4.42,0.23,5.72,0.66,5.73,0.20,37.99,6.27,C2'-exo
111,3111,0.91,U,U,U,0,0,0,1,0,.,70,1,cWW,cW-W,5.37,3.05,0.86,1.46,3.74,5.22,4.81,3.42,BI,anti,.,4.31,4.53,3.06,4.05,3.43,4.07,4.34,4.60,0.05,5.85,0.63,5.66,0.36,37.38,0.25,C3'-endo
112,3112,0.92,U,U,U,0,0,0,1,0,.,69,1,cWW,cW-W,5.16,3.07,0.84,1.39,3.89,5.11,5.06,4.06,BI,anti,.,2.83,4.32,2.90,3.84,3.21,4.00,3.97,4.06,6.04,6.05,0.60,5.53,0.62,42.77,0.64,C4'-exo
113,3113,0.93,C,C,C,0,1,0,0,0,.,"15,66",2,"cWH,tWH","cW+M,tW-M",5.33,3.86,0.64,2.41,4.35,0.97,3.38,4.74,..,anti,.,1.45,1.25,3.66,0.92,3.84,0.91,3.78,1.46,5.74,0.71,5.69,0.30,0.15,39.80,2.61,C2'-endo
114,3114,0.93,G,G,G,0,0,1,0,0,),9,1,cWW,cW-W,3.33,2.98,3.13,1.42,3.79,4.80,5.27,3.31,BI,anti,A,4.63,4.66,3.82,3.00,3.95,3.20,3.80,3.80,0.06,5.81,0.68,5.63,0.37,39.78,0.23,C3'-endo
115,3115,0.94,C,C,C,0,1,0,0,0,),8,1,cWW,cW-W,5.34,2.86,0.84,1.41,3.71,5.03,4.96,3.47,BI,anti,A,4.38,4.65,2.91,3.85,3.12,3.85,3.83,4.36,0.06,5.81,0.70,5.60,0.39,41.25,0.25,C3'-endo
116,3116,0.95,C,C,C,0,1,0,0,0,),7,1,cWW,cW-W,5.15,2.93,1.01,1.40,3.50,5.01,4.77,3.35,BI,anti,.,4.65,4.57,2.85,3.62,3.16,3.57,4.02,3.72,6.27,5.85,0.68,5.58,0.45,41.46,0.33,C3'-endo
117,3117,0.96,G,G,G,0,0,1,0,0,),6,1,cWW,cW-W,5.25,3.22,0.80,1.36,3.48,5.09,4.68,3.38,BI,anti,A,4.42,4.54,3.03,3.56,3.14,3.63,3.49,4.16,0.00,5.84,0.69,5.57,0.45,41.78,0.32,C3'-endo
118,3118,0.97,C,C,C,0,1,0,0,0,),5,1,cWW,cW-W,5.02,3.23,0.92,1.39,3.64,5.13,4.79,3.49,BI,anti,A,4.46,4.67,2.94,3.78,3.11,3.80,3.79,4.18,0.09,5.77,0.72,5.60,0.37,42.02,0.20,C3'-endo
119,3119,0.98,C,C,C,0,1,0,0,0,),4,1,cWW,cW-W,5.17,3.06,0.95,1.34,3.58,5.09,4.78,3.46,BI,anti,A,4.48,4.64,2.94,3.67,3.18,3.72,3.84,4.34,0.01,5.82,0.71,5.56,0.45,43.07,0.31,C3'-endo
120,3120,0.98,A,A,A,1,0,0,0,0,.,,0,,,5.19,2.98,1.00,1.43,3.75,5.08,4.96,3.40,BI,anti,A,4.51,4.67,3.01,3.92,3.29,3.96,4.15,4.60,0.04,5.83,0.67,5.62,0.39,39.77,0.26,C3'-endo
121,3121,0.99,C,C,C,0,1,0,0,0,.,,0,,,5.26,2.99,0.97,1.44,3.56,4.96,4.88,3.63,BI,anti,.,4.14,4.44,3.03,4.00,3.37,3.65,4.29,3.58,6.27,5.89,0.62,5.64,0.41,37.56,0.34,C3'-endo
122,3122,1.00,C,C,C,0,1,0,0,0,.,,0,,,3.17,3.19,5.05,1.30,,,,4.42,n/a,anti,-,,,,,,,,,6.22,5.91,0.64,5.59,0.47,39.85,0.41,C3'-endo
