index_chain,old_nt_resnum,nt_position,nt_name,nt_code,nt_align_code,is_A,is_C,is_G,is_U,is_other,dbn,paired,nb_interact,pair_type_LW,pair_type_DSSR,alpha,beta,gamma,delta,epsilon,zeta,epsilon_zeta,chi,bb_type,glyco_bond,form,ssZp,Dp,eta,theta,eta_prime,theta_prime,eta_base,theta_base,v0,v1,v2,v3,v4,amplitude,phase_angle,puckering
1,20,0.10,G,G,G,0,0,1,0,0,),0,1,cWW,cW-W,,,1.14,1.47,3.78,5.00,5.07,3.36,BI,anti,A,4.46,4.58,,,,,,,0.21,5.65,0.79,5.59,0.31,45.24,0.07,C3'-endo
2,21,0.20,C,C,C,0,1,0,0,0,),0,1,cWW,cW-W,5.12,2.95,0.90,1.34,3.59,5.01,4.86,3.46,BI,anti,A,4.48,4.71,2.81,3.66,3.05,3.72,3.75,4.21,0.05,5.74,0.79,5.48,0.48,47.06,0.28,C3'-endo
3,22,0.30,A,A,A,1,0,0,0,0,),0,1,cWW,cW-W,5.25,2.99,0.93,1.48,3.82,5.03,5.08,3.53,BI,anti,A,4.36,4.64,3.06,3.82,3.28,3.79,3.98,4.22,0.14,5.71,0.76,5.58,0.36,44.24,0.15,C3'-endo
4,23,0.40,C,C,C,0,1,0,0,0,),0,1,cWW,cW-W,4.99,2.89,1.03,1.40,3.52,4.98,4.83,3.49,BI,anti,A,4.43,4.62,2.77,3.57,3.08,3.55,3.85,3.92,0.14,5.69,0.80,5.53,0.39,46.66,0.16,C3'-endo
5,24,0.50,C,C,C,0,1,0,0,0,),0,1,cWW,cW-W,5.16,3.02,0.94,1.43,3.48,5.03,4.73,3.44,BI,anti,A,4.42,4.54,2.99,3.65,3.19,3.67,3.79,4.00,0.13,5.67,0.82,5.50,0.42,47.64,0.18,C3'-endo
6,25,0.60,G,G,G,0,0,1,0,0,),0,1,cWW,cW-W,5.10,3.15,0.95,1.40,3.77,5.10,4.95,3.48,BI,anti,A,4.31,4.52,3.04,3.83,3.20,3.85,3.71,4.40,0.20,5.65,0.80,5.56,0.34,46.15,0.10,C3'-endo
7,26,0.70,C,C,C,0,1,0,0,0,),0,1,cWW,cW-W,5.09,3.07,0.85,1.41,3.65,5.08,4.86,3.50,BI,anti,A,4.37,4.68,2.85,3.72,3.10,3.73,3.92,4.21,0.08,5.75,0.77,5.53,0.42,45.35,0.23,C3'-endo
8,27,0.80,U,U,U,0,0,0,1,0,),0,1,cWW,cW-W,5.05,2.89,1.11,1.35,3.70,4.99,5.00,3.54,BI,anti,A,4.33,4.63,2.92,3.66,3.16,3.61,3.88,3.90,0.14,5.73,0.73,5.60,0.34,42.24,0.14,C3'-endo
9,28,0.90,A,A,A,1,0,0,0,0,),0,1,cWW,cW-W,5.01,3.02,0.95,1.38,3.58,5.07,4.79,3.45,BI,anti,A,4.47,4.63,2.81,3.69,3.01,3.71,3.56,4.26,0.07,5.74,0.81,5.49,0.46,47.94,0.25,C3'-endo
10,29,1.00,C,C,C,0,1,0,0,0,.,,0,,,5.12,2.90,1.04,1.38,,,,3.44,n/a,anti,-,,,,,,,,,0.17,5.67,0.78,5.57,0.35,45.16,0.11,C3'-endo
