index_chain,old_nt_resnum,nt_position,nt_name,nt_code,nt_align_code,is_A,is_C,is_G,is_U,is_other,dbn,paired,nb_interact,pair_type_LW,pair_type_DSSR,alpha,beta,gamma,delta,epsilon,zeta,epsilon_zeta,chi,bb_type,glyco_bond,form,ssZp,Dp,eta,theta,eta_prime,theta_prime,eta_base,theta_base,v0,v1,v2,v3,v4,amplitude,phase_angle,puckering
1,404,0.06,C,C,C,0,1,0,0,0,),0,1,cWW,cW-W,,,0.87,1.45,3.68,5.09,4.87,3.40,BI,anti,A,4.40,4.58,,,,,,,0.03,5.85,0.65,5.64,0.39,38.62,0.28,C3'-endo
2,405,0.12,U,U,U,0,0,0,1,0,),0,1,cWW,cW-W,5.20,3.17,0.74,1.43,3.36,5.08,4.56,3.63,BI,anti,.,4.07,4.40,2.89,4.08,3.16,3.93,3.87,4.28,6.28,5.88,0.64,5.62,0.42,39.02,0.33,C3'-endo
3,406,0.18,G,G,G,0,0,1,0,0,),0,1,cWW,cW-W,2.54,3.44,3.21,1.46,3.65,4.69,5.24,3.29,BI,anti,A,4.39,4.48,2.96,3.53,3.20,3.52,3.87,4.12,0.01,5.89,0.61,5.65,0.39,37.08,0.32,C3'-endo
4,407,0.24,U,U,U,0,0,0,1,0,),0,1,cWW,cW-W,2.51,3.83,3.03,1.43,4.25,4.85,5.68,3.06,..,anti,A,4.57,4.71,2.83,3.73,3.15,3.79,4.01,4.18,0.06,5.83,0.66,5.64,0.37,38.88,0.24,C3'-endo
5,408,0.29,G,G,G,0,0,1,0,0,),0,1,cWW,cW-W,5.30,2.89,0.94,1.65,5.80,3.71,2.09,3.76,..,anti,.,1.46,2.24,3.57,5.27,3.77,4.14,4.23,3.70,6.01,6.18,0.42,5.70,0.54,33.95,0.79,C4'-exo
6,409,0.35,U,U,U,0,0,0,1,0,.,,0,,,0.69,2.97,2.72,1.55,2.75,0.86,1.90,3.26,..,anti,.,3.77,3.93,0.08,4.98,1.34,4.26,1.89,3.93,0.20,5.79,0.59,5.79,0.19,33.59,6.28,C2'-exo
7,410,0.41,U,U,U,0,0,0,1,0,.,,0,,,3.35,4.21,5.17,1.46,1.09,2.10,5.27,3.16,..,anti,.,2.39,2.41,1.21,4.68,1.82,4.10,2.16,4.01,0.03,5.92,0.55,5.74,0.32,32.59,0.27,C3'-endo
8,411,0.47,C,C,C,0,1,0,0,0,.,,0,,,1.67,4.29,0.82,1.30,1.07,1.87,5.48,3.29,..,anti,.,2.85,2.88,0.97,4.12,2.08,3.33,2.29,2.20,6.28,5.88,0.64,5.62,0.42,38.81,0.33,C3'-endo
9,412,0.53,G,G,G,0,0,1,0,0,),0,1,cWW,cW-W,5.60,4.03,2.48,1.45,4.16,4.94,5.51,2.89,..,anti,A,4.96,4.73,0.59,4.10,0.94,4.03,0.57,4.48,0.10,5.83,0.62,5.71,0.30,35.82,0.17,C3'-endo
10,413,0.59,A,A,A,1,0,0,0,0,),0,1,cWW,cW-W,5.27,2.95,0.80,1.41,3.56,4.95,4.89,3.30,BI,anti,A,4.60,4.62,2.77,3.63,3.12,3.67,4.04,3.97,0.01,5.84,0.67,5.60,0.42,40.49,0.31,C3'-endo
11,414,0.65,U,U,U,0,0,0,1,0,),0,1,cWW,cW-W,5.38,2.97,0.92,1.39,3.37,4.96,4.69,3.45,BI,anti,.,4.39,4.46,3.10,4.00,3.34,3.83,3.85,4.21,6.25,5.88,0.67,5.57,0.47,41.29,0.37,C3'-endo
12,415,0.71,C,C,C,0,1,0,0,0,),0,1,cWW,cW-W,2.52,3.51,3.23,1.47,3.93,4.86,5.35,3.20,BI,anti,A,4.64,4.70,2.96,3.34,3.19,3.46,3.93,3.94,0.10,5.81,0.66,5.66,0.33,38.33,0.18,C3'-endo
13,416,0.76,C,C,C,0,1,0,0,0,),0,1,cWW,cW-W,5.41,2.87,0.80,1.40,3.60,5.00,4.88,3.35,BI,anti,A,4.45,4.53,2.93,3.70,3.20,3.73,3.87,4.11,6.21,5.92,0.64,5.58,0.49,40.20,0.43,C3'-endo
14,417,0.82,A,A,A,1,0,0,0,0,),0,1,cWW,cW-W,5.35,3.12,0.74,1.41,3.36,4.94,4.70,3.55,BI,anti,A,4.06,4.34,3.03,3.98,3.23,3.88,3.80,4.47,6.24,5.91,0.63,5.61,0.46,38.90,0.39,C3'-endo
15,418,0.88,C,C,C,0,1,0,0,0,),0,1,cWW,cW-W,2.60,3.57,3.04,1.48,4.33,4.30,0.03,3.22,..,anti,A,4.40,4.71,2.93,3.83,3.17,3.72,4.04,4.08,0.12,5.79,0.66,5.68,0.30,38.02,0.14,C3'-endo
16,419,0.94,A,A,A,1,0,0,0,0,),0,1,cWW,cW-W,1.98,4.19,3.32,1.45,3.84,4.69,5.44,3.15,BI,anti,A,4.65,4.57,2.78,3.65,3.10,3.50,3.76,4.04,0.02,5.87,0.63,5.64,0.39,37.91,0.30,C3'-endo
17,420,1.00,G,G,G,0,0,1,0,0,),0,1,cWW,cW-W,2.66,3.50,2.88,1.49,,,,3.08,n/a,anti,-,,,,,,,,,0.20,5.74,0.66,5.72,0.23,37.76,0.02,C3'-endo
