index_chain,old_nt_resnum,nt_position,nt_name,nt_code,nt_align_code,is_A,is_C,is_G,is_U,is_other,dbn,paired,nb_interact,pair_type_LW,pair_type_DSSR,alpha,beta,gamma,delta,epsilon,zeta,epsilon_zeta,chi,bb_type,glyco_bond,form,ssZp,Dp,eta,theta,eta_prime,theta_prime,eta_base,theta_base,v0,v1,v2,v3,v4,amplitude,phase_angle,puckering
1,15,0.07,U,U,U,0,0,0,1,0,),0,1,cWW,cW-W,,,0.95,1.48,4.62,4.59,0.03,2.85,..,anti,.,4.69,4.70,,,,,,,6.28,5.91,0.59,5.66,0.38,36.07,0.34,C3'-endo
2,16,0.14,U,U,U,0,0,0,1,0,),0,1,cWW,cW-W,5.32,2.63,0.88,1.44,3.90,4.82,5.37,3.54,BI,anti,A,4.10,4.56,2.62,3.69,2.98,3.66,3.96,4.06,0.01,5.88,0.63,5.63,0.40,38.02,0.33,C3'-endo
3,17,0.21,A,A,A,1,0,0,0,0,),0,1,cWW,cW-W,4.87,2.98,1.40,1.31,3.87,4.99,5.17,3.41,BI,anti,A,4.47,4.76,2.92,3.81,3.08,3.82,3.71,4.37,0.01,5.83,0.70,5.56,0.44,42.05,0.31,C3'-endo
4,18,0.29,U,U,U,0,0,0,1,0,),0,1,cWW,cW-W,5.55,2.99,0.65,1.41,3.50,4.83,4.96,3.66,BI,anti,A,4.13,4.56,2.95,3.49,3.26,3.53,4.13,3.79,0.01,5.87,0.63,5.64,0.40,37.90,0.31,C3'-endo
5,19,0.36,A,A,A,1,0,0,0,0,),0,1,cWW,cW-W,5.36,2.92,0.79,1.44,3.66,4.91,5.04,3.47,BI,anti,A,4.59,4.76,3.00,3.85,3.12,3.79,3.51,4.31,0.02,5.88,0.60,5.66,0.38,36.14,0.30,C3'-endo
6,20,0.43,U,U,U,0,0,0,1,0,),0,1,cWW,cW-W,4.77,2.72,1.31,1.36,4.26,4.32,6.23,3.32,..,anti,A,4.62,4.86,2.81,3.60,3.01,3.66,3.86,4.02,0.01,5.85,0.68,5.59,0.43,40.83,0.31,C3'-endo
7,21,0.50,A,A,A,1,0,0,0,0,),0,1,cWW,cW-W,5.43,2.57,0.89,1.46,3.94,4.74,5.48,3.44,BI,anti,A,4.46,4.71,2.89,3.73,3.08,3.74,3.65,4.14,6.26,5.89,0.61,5.61,0.44,37.63,0.38,C3'-endo
8,22,0.57,U,U,U,0,0,0,1,0,),0,1,cWW,cW-W,4.88,2.89,1.33,1.41,3.86,4.88,5.26,3.44,BI,anti,A,4.32,4.64,2.89,3.76,3.10,3.70,3.77,4.08,0.02,5.84,0.67,5.61,0.42,39.85,0.30,C3'-endo
9,23,0.64,A,A,A,1,0,0,0,0,),0,1,cWW,cW-W,5.34,2.92,0.91,1.18,3.37,5.20,4.45,3.52,BI,anti,A,4.53,4.81,2.97,3.72,3.12,3.69,3.75,4.30,6.27,5.87,0.65,5.60,0.44,39.38,0.35,C3'-endo
10,24,0.71,U,U,U,0,0,0,1,0,),0,1,cWW,cW-W,3.68,3.19,2.22,1.32,3.98,4.78,5.48,3.24,BI,anti,A,4.66,4.78,2.95,3.65,3.21,3.70,4.12,4.09,0.04,5.86,0.61,5.67,0.36,36.48,0.26,C3'-endo
11,25,0.79,A,A,A,1,0,0,0,0,),0,1,cWW,cW-W,5.42,2.96,0.77,1.39,3.61,4.79,5.11,3.56,BI,anti,A,4.31,4.67,2.87,3.66,3.13,3.64,3.78,3.97,6.28,5.88,0.64,5.63,0.42,38.70,0.33,C3'-endo
12,26,0.86,U,U,U,0,0,0,1,0,),0,1,cWW,cW-W,5.16,2.56,1.34,1.26,4.00,4.95,5.33,3.35,BI,anti,A,4.53,4.80,2.97,3.74,3.13,3.74,3.71,4.20,0.01,5.86,0.66,5.62,0.41,39.49,0.31,C3'-endo
13,27,0.93,A,A,A,1,0,0,0,0,),0,1,cWW,cW-W,5.30,3.17,0.76,1.37,3.35,4.94,4.69,3.56,BI,anti,A,4.34,4.66,2.95,3.66,3.17,3.72,3.90,4.31,0.05,5.84,0.64,5.63,0.38,37.99,0.27,C3'-endo
14,28,1.00,A,A,A,1,0,0,0,0,),0,1,cWW,cW-W,3.73,3.45,2.06,1.45,,,,3.46,n/a,anti,-,,,,,,,,,0.02,5.87,0.62,5.66,0.38,36.95,0.29,C3'-endo
