index_chain,old_nt_resnum,nt_position,nt_name,nt_code,nt_align_code,is_A,is_C,is_G,is_U,is_other,dbn,paired,nb_interact,pair_type_LW,pair_type_DSSR,alpha,beta,gamma,delta,epsilon,zeta,epsilon_zeta,chi,bb_type,glyco_bond,form,ssZp,Dp,eta,theta,eta_prime,theta_prime,eta_base,theta_base,v0,v1,v2,v3,v4,amplitude,phase_angle,puckering
1,401,0.11,C,C,C,0,1,0,0,0,.,,0,,,,,1.00,1.41,3.64,5.17,4.76,3.47,BI,anti,A,4.53,4.65,,,,,,,6.27,5.84,0.70,5.56,0.46,42.38,0.34,C3'-endo
2,402,0.22,G,G,G,0,0,1,0,0,.,,0,,,5.18,3.11,0.88,1.44,3.67,4.98,4.98,3.26,BI,anti,A,4.68,4.64,2.95,3.73,3.24,3.81,4.23,4.39,0.05,5.84,0.66,5.63,0.38,38.95,0.26,C3'-endo
3,403,0.33,U,U,U,0,0,0,1,0,.,,0,,,5.13,3.06,0.96,1.49,3.80,4.86,5.22,3.51,BI,anti,A,4.44,4.67,3.01,3.77,3.25,3.76,4.02,4.34,0.07,5.83,0.64,5.66,0.35,37.60,0.22,C3'-endo
4,404,0.44,G,G,G,0,0,1,0,0,.,,0,,,5.18,2.77,0.88,1.44,3.38,5.11,4.55,3.57,BI,anti,.,4.49,4.59,2.69,3.69,3.01,3.62,3.94,3.80,0.07,5.80,0.68,5.62,0.37,39.97,0.22,C3'-endo
5,405,0.56,A,A,A,1,0,0,0,0,.,,0,,,5.03,3.41,0.87,1.46,3.46,4.99,4.76,3.29,BI,anti,A,4.59,4.51,3.02,3.56,3.13,3.65,3.55,4.02,0.01,5.85,0.66,5.61,0.41,39.48,0.31,C3'-endo
6,406,0.67,C,C,C,0,1,0,0,0,.,,0,,,5.08,3.22,0.96,1.48,3.55,5.10,4.74,3.77,BI,anti,.,3.88,4.51,3.06,3.78,3.24,3.71,3.71,3.68,0.05,5.83,0.66,5.64,0.38,38.90,0.25,C3'-endo
7,407,0.78,U,U,U,0,0,0,1,0,.,,0,,,5.09,3.08,0.82,1.32,3.90,0.94,2.96,3.68,..,anti,.,4.04,4.60,2.82,5.95,2.97,5.71,3.16,5.78,6.09,5.98,0.65,5.51,0.60,44.08,0.56,C3'-endo
8,408,0.89,DC,C,C,0,1,0,0,0,.,,0,,,2.65,2.05,3.91,2.51,3.33,4.92,4.69,4.48,BI,anti,B,2.31,2.40,3.61,3.31,4.21,3.53,4.72,4.25,6.10,0.41,5.81,0.38,6.16,27.24,3.07,C2'-endo
9,409,1.00,DT,T,U,0,0,0,0,1,.,,0,,,5.11,3.13,0.75,1.74,,,,4.39,n/a,anti,-,,,,,,,,,5.72,0.47,6.07,6.17,0.43,31.80,1.96,C1'-exo
