index_chain,old_nt_resnum,nt_position,nt_name,nt_code,nt_align_code,is_A,is_C,is_G,is_U,is_other,dbn,paired,nb_interact,pair_type_LW,pair_type_DSSR,alpha,beta,gamma,delta,epsilon,zeta,epsilon_zeta,chi,bb_type,glyco_bond,form,ssZp,Dp,eta,theta,eta_prime,theta_prime,eta_base,theta_base,v0,v1,v2,v3,v4,amplitude,phase_angle,puckering
1,4,0.01,C,C,C,0,1,0,0,0,(,118,1,cWW,cW-W,,,3.19,1.52,3.51,5.04,4.75,3.79,BI,anti,.,3.79,4.52,,,,,,,0.12,5.79,0.65,5.68,0.30,37.90,0.14,C3'-endo
2,5,0.02,C,C,C,0,1,0,0,0,(,117,1,cWW,cW-W,5.12,3.13,1.05,1.53,3.57,5.13,4.72,3.38,BI,anti,.,4.42,4.54,3.09,3.88,3.36,3.87,3.98,4.17,0.11,5.82,0.61,5.72,0.28,35.19,0.14,C3'-endo
3,6,0.03,C,C,C,0,1,0,0,0,(,116,1,cWW,cW-W,5.11,3.26,0.93,1.44,3.58,5.23,4.63,3.54,BI,anti,.,4.29,4.48,3.07,4.24,3.31,4.02,3.85,4.36,6.28,5.89,0.62,5.65,0.40,37.34,0.33,C3'-endo
4,7,0.03,C,C,C,0,1,0,0,0,(,115,1,cWW,cW-W,2.88,3.03,2.88,1.54,3.49,5.07,4.71,3.54,BI,anti,A,4.28,4.42,2.68,3.20,3.01,3.31,3.67,3.94,0.04,5.88,0.59,5.69,0.35,35.16,0.27,C3'-endo
5,8,0.04,C,C,C,0,1,0,0,0,(,114,1,cWW,cW-W,5.05,3.22,0.85,1.45,3.57,5.06,4.79,3.38,BI,anti,A,4.61,4.57,2.92,3.76,3.15,3.81,3.95,4.20,0.10,5.81,0.64,5.69,0.31,37.18,0.17,C3'-endo
6,9,0.05,G,G,G,0,0,1,0,0,(,113,1,cWW,cW-W,5.40,3.01,0.79,1.45,3.75,5.05,4.98,3.57,BI,anti,A,4.13,4.51,3.06,3.85,3.30,3.88,3.92,4.49,0.03,5.88,0.61,5.67,0.37,36.51,0.29,C3'-endo
7,10,0.06,U,U,U,0,0,0,1,0,(,112,1,cWW,cW-W,5.07,2.85,1.13,1.39,3.59,5.10,4.77,3.33,BI,anti,.,4.54,4.57,2.81,4.02,3.19,3.71,4.13,3.60,6.27,5.84,0.71,5.55,0.47,43.09,0.34,C3'-endo
8,11,0.07,G,G,G,0,0,1,0,0,(,111,1,cWW,cW-W,2.97,2.74,3.05,1.48,3.68,5.01,4.96,3.42,BI,anti,A,4.60,4.65,2.80,3.09,2.90,3.30,3.06,3.96,0.12,5.79,0.66,5.67,0.31,38.17,0.15,C3'-endo
9,12,0.08,C,C,C,0,1,0,0,0,(,110,1,cWW,cW-W,5.06,3.15,1.06,1.53,3.93,5.41,4.79,3.60,BI,anti,.,4.25,4.68,3.10,4.43,3.32,4.53,4.01,5.43,0.11,5.80,0.65,5.68,0.31,37.62,0.15,C3'-endo
10,13,0.08,C,C,C,0,1,0,0,0,.,109,1,cSW,cm-W,5.10,2.93,1.01,1.52,3.68,5.31,4.66,3.65,BI,anti,.,4.17,4.58,2.79,4.67,3.45,4.62,4.80,4.86,0.07,5.83,0.64,5.67,0.34,37.31,0.22,C3'-endo
11,14,0.09,C,C,C,0,1,0,0,0,.,,0,,,3.26,3.63,3.05,1.47,3.57,3.30,0.27,3.54,..,anti,.,4.37,4.57,3.43,1.91,4.00,1.93,4.70,3.66,0.09,5.80,0.66,5.66,0.34,38.57,0.19,C3'-endo
12,15,0.10,A,A,A,1,0,0,0,0,.,,0,,,0.73,3.15,0.93,1.47,3.93,4.16,6.05,3.81,..,anti,.,3.65,4.71,5.25,3.02,4.94,3.27,3.24,3.73,0.14,5.79,0.64,5.71,0.28,36.84,0.11,C3'-endo
13,16,0.11,U,U,U,0,0,0,1,0,.,,0,,,4.76,3.14,3.07,1.44,3.92,3.17,0.75,3.40,BII,anti,.,4.28,4.55,5.15,0.86,4.74,6.16,4.21,5.29,6.26,5.91,0.61,5.65,0.41,37.15,0.35,C3'-endo
14,17,0.12,A,A,A,1,0,0,0,0,.,,0,,,4.89,4.40,3.31,1.58,3.39,0.98,2.41,3.86,..,anti,.,3.71,4.35,0.82,5.32,1.83,5.19,3.05,5.23,0.01,5.91,0.57,5.70,0.36,34.23,0.31,C3'-endo
15,18,0.13,G,G,G,0,0,1,0,0,(,67,1,cWW,cW-W,4.60,3.65,0.81,1.44,3.84,4.93,5.19,3.34,BI,anti,A,4.40,4.64,3.22,3.78,3.94,3.88,4.59,4.36,0.06,5.83,0.65,5.64,0.36,38.37,0.24,C3'-endo
16,19,0.14,C,C,C,0,1,0,0,0,(,66,1,cWW,cW-W,5.16,3.06,0.88,1.41,3.72,5.09,4.92,3.51,BI,anti,.,4.36,4.65,2.92,3.84,3.11,3.93,3.74,4.61,0.08,5.82,0.66,5.65,0.36,38.76,0.22,C3'-endo
17,20,0.14,A,A,A,1,0,0,0,0,.,,0,,,5.27,3.01,0.89,1.48,3.56,5.33,4.52,3.56,BI,anti,.,4.26,4.54,2.99,4.33,3.34,4.07,4.27,4.26,0.10,5.82,0.63,5.69,0.31,36.45,0.18,C3'-endo
18,21,0.15,C,C,C,0,1,0,0,0,(,63,1,cWW,cW-W,2.91,2.90,2.99,1.56,4.10,4.77,5.62,3.48,..,anti,.,4.08,4.55,2.86,3.25,3.09,3.39,3.59,4.14,0.08,5.88,0.55,5.75,0.28,32.21,0.19,C3'-endo
19,22,0.16,U,U,U,0,0,0,1,0,(,62,1,cWW,cW-W,5.12,2.58,0.98,1.43,3.60,4.95,4.94,3.70,BI,anti,.,4.16,4.66,2.57,3.74,2.95,3.70,3.93,3.98,0.06,5.81,0.68,5.62,0.39,40.38,0.25,C3'-endo
20,23,0.17,G,G,G,0,0,1,0,0,(,61,1,cWW,cW-W,5.24,3.13,0.95,1.45,3.49,5.11,4.67,3.39,BI,anti,A,4.52,4.52,3.13,3.73,3.32,3.72,3.82,4.21,0.03,5.88,0.61,5.68,0.37,36.19,0.28,C3'-endo
21,24,0.18,U,U,U,0,0,0,1,0,(,60,1,cWW,cW-W,5.16,3.07,0.87,1.45,4.03,4.98,5.33,3.39,BI,anti,.,4.50,4.71,3.02,4.38,3.21,4.23,3.92,4.49,0.07,5.82,0.66,5.65,0.36,38.54,0.22,C3'-endo
22,25,0.19,G,G,G,0,0,1,0,0,(,59,1,cWW,cW-W,1.06,3.35,4.95,1.49,3.48,5.01,4.75,3.92,BI,anti,.,3.59,4.51,2.99,3.31,3.21,3.33,3.77,3.36,0.11,5.81,0.63,5.69,0.31,36.65,0.17,C3'-endo
23,26,0.19,G,G,G,0,0,1,0,0,.,,0,,,2.76,3.28,3.01,1.48,3.80,3.15,0.65,3.80,..,anti,.,3.67,4.50,2.83,1.77,3.02,1.41,3.10,1.07,0.01,5.88,0.61,5.66,0.39,36.88,0.32,C3'-endo
24,27,0.20,A,A,A,1,0,0,0,0,.,,0,,,1.14,3.49,2.99,1.49,4.18,5.47,5.00,3.57,..,anti,.,4.05,4.71,1.82,4.26,1.72,4.31,1.83,5.20,0.12,5.78,0.67,5.67,0.32,38.81,0.15,C3'-endo
25,28,0.21,A,A,A,1,0,0,0,0,.,,0,,,4.72,3.28,0.96,1.44,3.95,5.30,4.93,3.79,BI,anti,.,3.75,4.74,2.56,4.26,3.14,4.37,4.33,5.17,0.07,5.80,0.68,5.62,0.38,40.17,0.23,C3'-endo
26,29,0.22,C,C,C,0,1,0,0,0,.,,0,,,5.13,3.10,1.03,1.62,3.65,4.96,4.97,3.72,BI,anti,.,3.69,4.24,2.95,4.41,3.47,4.19,4.52,4.57,0.06,5.94,0.47,5.83,0.25,27.59,0.20,C3'-endo
27,30,0.23,C,C,C,0,1,0,0,0,.,,0,,,2.69,3.45,3.08,1.51,3.61,4.91,4.98,3.37,BI,anti,.,4.30,4.38,2.83,3.19,3.23,3.22,3.96,3.41,0.03,5.88,0.60,5.68,0.37,36.01,0.28,C3'-endo
28,31,0.24,A,A,A,1,0,0,0,0,(,54,1,cWW,cW-W,5.22,2.88,0.87,1.43,3.56,5.06,4.78,3.56,BI,anti,A,4.05,4.40,2.84,3.72,3.08,3.67,3.47,4.20,6.25,5.92,0.59,5.65,0.42,36.57,0.37,C3'-endo
29,32,0.25,C,C,C,0,1,0,0,0,(,53,1,cWW,cW-W,5.15,2.94,0.92,1.33,3.86,5.22,4.92,3.34,BI,anti,.,4.70,4.73,2.89,4.03,3.09,4.20,3.90,5.12,0.00,5.84,0.70,5.57,0.45,42.21,0.32,C3'-endo
30,33,0.25,C,C,C,0,1,0,0,0,(,50,1,cWW,cW-W,5.37,2.97,0.97,1.58,3.57,5.19,4.66,3.66,BI,anti,A,4.05,4.49,3.09,3.98,3.63,3.93,4.86,4.34,0.16,5.76,0.66,5.70,0.27,37.92,0.08,C3'-endo
31,34,0.26,C,C,C,0,1,0,0,0,(,49,1,cWW,cW-W,4.99,3.12,0.96,1.44,3.79,5.00,5.07,3.59,BI,anti,.,4.00,4.60,2.92,3.83,3.21,3.86,3.92,4.42,0.08,5.82,0.65,5.66,0.34,38.10,0.20,C3'-endo
32,35,0.27,C,C,C,0,1,0,0,0,(,48,1,cWW,cW-W,5.26,3.06,0.74,1.40,3.76,5.02,5.02,3.55,BI,anti,.,4.34,4.71,2.87,3.83,3.10,3.98,3.88,4.82,0.08,5.78,0.71,5.60,0.38,41.71,0.22,C3'-endo
33,36,0.28,A,A,A,1,0,0,0,0,.,,0,,,5.40,2.90,0.92,1.58,3.69,3.18,0.51,3.63,..,anti,.,4.34,4.58,3.07,2.19,3.46,2.03,4.53,1.55,0.10,5.84,0.59,5.73,0.28,34.32,0.16,C3'-endo
34,37,0.29,C,C,C,0,1,0,0,0,.,,0,,,3.23,3.33,1.00,1.48,3.75,5.31,4.72,3.71,BI,anti,.,4.09,4.56,1.80,4.10,1.65,4.20,1.75,4.66,0.00,5.89,0.60,5.67,0.39,36.40,0.32,C3'-endo
35,38,0.30,C,C,C,0,1,0,0,0,.,,0,,,5.24,3.56,0.95,1.50,3.65,5.11,4.82,3.53,BI,anti,.,4.29,4.56,3.39,4.19,3.70,4.00,4.26,3.92,0.10,5.83,0.62,5.70,0.30,36.11,0.17,C3'-endo
36,39,0.31,C,C,C,0,1,0,0,0,.,,0,,,3.01,2.93,3.05,1.48,4.18,5.49,4.98,3.63,..,anti,.,3.82,4.53,2.94,3.99,3.08,4.22,3.17,5.14,6.25,5.92,0.60,5.65,0.42,36.94,0.37,C3'-endo
37,40,0.31,C,C,C,0,1,0,0,0,.,43,1,cWW,cW-W,5.12,3.02,0.81,1.39,3.95,5.38,4.85,3.70,BI,anti,.,3.99,4.71,2.62,4.30,3.26,4.48,4.46,5.33,0.03,5.84,0.67,5.62,0.39,39.60,0.28,C3'-endo
38,41,0.32,A,A,A,1,0,0,0,0,.,,0,,,5.18,3.13,0.99,1.62,3.45,3.28,0.17,3.81,..,anti,.,3.98,4.38,2.94,2.12,3.57,2.23,4.74,2.40,0.09,5.88,0.55,5.76,0.27,32.03,0.18,C3'-endo
39,42,0.33,U,U,U,0,0,0,1,0,.,42,1,tWH,tW-M,5.32,2.46,1.01,1.54,3.30,1.03,2.27,3.75,..,anti,.,3.86,4.28,3.13,0.19,3.12,5.42,2.92,4.18,0.04,5.89,0.58,5.71,0.33,34.21,0.26,C3'-endo
40,43,0.34,G,G,G,0,0,1,0,0,.,,0,,,0.98,2.72,0.96,1.52,4.06,5.27,5.07,3.72,..,anti,.,3.82,4.69,5.40,4.87,0.16,4.67,1.00,4.97,0.08,5.81,0.66,5.65,0.34,38.49,0.20,C3'-endo
41,44,0.35,C,C,C,0,1,0,0,0,.,,0,,,3.10,3.19,2.97,1.45,4.08,5.36,5.00,3.41,..,anti,.,4.36,4.65,2.86,4.31,3.36,4.07,4.07,4.61,0.02,5.86,0.63,5.65,0.38,37.67,0.29,C3'-endo
42,45,0.36,C,C,C,0,1,0,0,0,.,"39,44",2,"tHW,cWH","tM-W,cW+M",2.76,2.86,3.00,1.43,4.14,5.14,5.28,3.58,..,anti,.,4.23,4.83,2.43,4.43,2.86,4.45,3.73,4.26,0.09,5.79,0.68,5.64,0.35,39.96,0.19,C3'-endo
43,46,0.36,G,G,G,0,0,1,0,0,.,37,1,cWW,cW-W,1.26,1.99,0.99,1.47,3.96,3.08,0.88,3.82,BII,anti,.,3.59,4.68,4.28,2.50,5.05,1.86,5.54,1.16,0.03,5.87,0.62,5.66,0.38,37.22,0.29,C3'-endo
44,47,0.37,A,A,A,1,0,0,0,0,.,42,1,cHW,cM+W,0.75,3.27,3.09,1.46,4.15,5.35,5.08,3.80,..,anti,.,3.42,4.60,1.52,3.94,1.41,4.14,1.67,4.85,6.28,5.89,0.63,5.64,0.41,38.13,0.33,C3'-endo
45,48,0.38,A,A,A,1,0,0,0,0,.,,0,,,5.10,3.25,0.88,1.56,3.85,5.36,4.78,3.48,BI,anti,.,4.40,4.50,2.90,4.35,3.43,4.36,4.31,5.14,0.03,5.90,0.57,5.71,0.34,33.92,0.28,C3'-endo
46,49,0.39,C,C,C,0,1,0,0,0,.,,0,,,4.84,3.24,0.88,1.50,3.61,5.30,4.59,3.65,BI,anti,.,3.74,4.33,2.67,4.02,3.12,4.09,4.23,4.86,6.19,5.98,0.56,5.65,0.46,35.93,0.48,C3'-endo
47,50,0.40,U,U,U,0,0,0,1,0,.,,0,,,4.93,3.21,0.90,1.39,3.53,4.94,4.87,3.78,BI,anti,.,4.02,4.65,2.75,3.51,3.17,3.53,4.22,3.69,0.03,5.83,0.69,5.60,0.41,41.04,0.28,C3'-endo
48,51,0.41,G,G,G,0,0,1,0,0,),32,1,cWW,cW-W,5.07,3.27,0.85,1.46,3.64,4.97,4.95,3.49,BI,anti,.,4.35,4.56,2.99,3.70,3.04,3.79,3.30,4.39,0.05,5.84,0.64,5.65,0.37,38.12,0.25,C3'-endo
49,52,0.42,G,G,G,0,0,1,0,0,),31,1,cWW,cW-W,5.25,3.06,0.82,1.46,3.64,5.30,4.63,3.26,BI,anti,.,4.50,4.61,2.98,4.33,3.23,4.13,4.01,4.26,0.14,5.79,0.65,5.70,0.28,37.31,0.12,C3'-endo
50,53,0.42,G,G,G,0,0,1,0,0,),30,1,cWW,cW-W,3.02,2.94,3.02,1.51,3.76,3.78,6.25,3.26,..,anti,.,4.67,4.61,2.96,2.43,3.20,2.22,3.70,1.73,0.08,5.81,0.68,5.64,0.36,39.69,0.21,C3'-endo
51,54,0.43,U,U,U,0,0,0,1,0,.,,0,,,1.75,3.14,3.05,1.50,4.09,5.30,5.07,3.85,..,anti,.,3.36,4.74,1.99,3.90,1.82,3.96,1.38,4.31,0.16,5.78,0.63,5.73,0.25,36.20,0.08,C3'-endo
52,55,0.44,C,C,C,0,1,0,0,0,.,,0,,,3.83,2.81,2.74,1.45,4.21,5.38,5.11,3.55,..,anti,.,4.22,4.80,3.29,3.98,3.64,4.12,4.17,4.92,0.19,5.72,0.70,5.68,0.26,40.02,0.05,C3'-endo
53,56,0.45,G,G,G,0,0,1,0,0,),29,1,cWW,cW-W,5.13,3.17,0.90,1.51,3.76,4.91,5.13,3.46,BI,anti,A,4.50,4.62,2.84,3.74,3.38,3.79,4.50,4.31,0.13,5.82,0.60,5.73,0.27,34.82,0.12,C3'-endo
54,57,0.46,U,U,U,0,0,0,1,0,),28,1,cWW,cW-W,5.12,2.84,1.01,1.44,4.27,5.34,5.22,3.46,..,anti,.,4.28,4.80,3.01,4.22,3.24,4.15,3.94,4.05,0.11,5.75,0.73,5.60,0.37,42.66,0.18,C3'-endo
55,58,0.47,G,G,G,0,0,1,0,0,.,58,1,t.W,t.+W,4.86,1.64,3.06,1.52,3.84,3.26,0.58,3.38,..,anti,.,4.30,4.57,4.03,1.40,4.09,1.78,4.30,1.95,0.12,5.82,0.61,5.72,0.28,35.09,0.14,C3'-endo
56,59,0.47,A,A,A,1,0,0,0,0,.,,0,,,0.71,2.73,4.90,1.45,3.81,5.49,4.60,3.78,BI,anti,.,3.84,4.61,2.69,3.63,2.21,3.98,1.80,5.13,6.27,5.88,0.63,5.63,0.42,38.46,0.34,C3'-endo
57,60,0.48,A,A,A,1,0,0,0,0,.,,0,,,5.09,2.99,0.92,1.45,3.97,5.22,5.03,3.75,BI,anti,.,3.82,4.70,2.83,4.22,3.42,4.30,4.69,4.97,0.03,5.85,0.64,5.64,0.38,38.32,0.28,C3'-endo
58,61,0.49,A,A,A,1,0,0,0,0,.,55,1,tW.,tW+.,4.99,3.28,0.95,1.45,4.02,5.12,5.18,3.69,BI,anti,.,3.80,4.76,2.95,4.14,3.31,4.26,4.17,4.89,0.12,5.77,0.70,5.63,0.34,40.51,0.16,C3'-endo
59,62,0.50,C,C,C,0,1,0,0,0,),22,1,cWW,cW-W,5.16,3.08,1.03,1.53,3.61,5.13,4.76,3.30,BI,anti,A,4.41,4.50,2.98,3.89,3.41,3.93,4.29,4.31,0.14,5.80,0.63,5.72,0.27,36.22,0.11,C3'-endo
60,63,0.51,A,A,A,1,0,0,0,0,),21,1,cWW,cW-W,5.01,3.31,0.96,1.49,3.44,5.12,4.61,3.54,BI,anti,A,4.05,4.39,3.00,4.18,3.29,4.00,3.91,4.43,0.04,5.86,0.62,5.67,0.36,36.85,0.26,C3'-endo
61,64,0.52,C,C,C,0,1,0,0,0,),20,1,cWW,cW-W,2.83,3.32,2.94,1.49,3.99,5.15,5.12,3.24,BI,anti,.,4.61,4.67,2.85,4.01,3.14,3.85,3.93,4.25,0.04,5.87,0.61,5.68,0.36,36.18,0.26,C3'-endo
62,65,0.53,A,A,A,1,0,0,0,0,),19,1,cWW,cW-W,1.04,3.53,4.75,1.49,3.49,5.11,4.66,3.54,BI,anti,A,4.43,4.58,2.92,2.90,3.16,3.20,3.94,3.92,0.12,5.81,0.63,5.70,0.30,36.43,0.15,C3'-endo
63,66,0.53,G,G,G,0,0,1,0,0,),"18,108",2,"cWW,tHW","cW-W,tM-W",5.25,2.91,0.98,1.42,3.52,5.01,4.79,3.50,BI,anti,.,4.35,4.55,2.98,4.27,3.33,4.19,4.12,4.84,0.03,5.84,0.67,5.61,0.41,40.22,0.28,C3'-endo
64,67,0.54,C,C,C,0,1,0,0,0,.,,0,,,2.66,3.76,3.17,1.51,4.06,5.45,4.89,3.54,..,anti,.,4.21,4.74,3.14,4.11,3.54,4.35,4.61,5.08,0.14,5.76,0.69,5.65,0.32,40.14,0.14,C3'-endo
65,68,0.55,A,A,A,1,0,0,0,0,.,,0,,,5.43,2.74,1.13,1.55,3.57,3.60,6.25,3.83,..,anti,.,3.72,4.54,3.02,2.20,3.87,1.95,5.04,1.69,0.13,5.81,0.62,5.72,0.28,35.98,0.12,C3'-endo
66,69,0.56,G,G,G,0,0,1,0,0,),16,1,cWW,cW-W,4.28,2.57,0.89,1.45,3.71,4.94,5.05,3.38,BI,anti,A,4.58,4.70,2.20,3.84,2.12,3.82,2.16,4.40,0.12,5.79,0.66,5.67,0.32,38.57,0.16,C3'-endo
67,70,0.57,C,C,C,0,1,0,0,0,),15,1,cWW,cW-W,5.31,2.92,0.87,1.47,3.68,5.09,4.87,3.62,BI,anti,.,4.29,4.66,3.01,4.39,3.27,4.25,4.15,4.56,0.14,5.78,0.65,5.70,0.28,37.31,0.11,C3'-endo
68,71,0.58,G,G,G,0,0,1,0,0,.,,0,,,2.89,3.40,3.00,1.48,3.62,5.10,4.80,3.05,BI,anti,.,4.63,4.58,2.91,3.89,3.31,3.85,4.09,4.44,0.09,5.81,0.65,5.66,0.33,38.06,0.19,C3'-endo
69,72,0.58,C,C,C,0,1,0,0,0,(,106,1,cWW,cW-W,2.94,3.49,3.03,1.51,3.64,5.17,4.75,3.41,BI,anti,.,4.38,4.50,3.07,3.98,3.49,3.81,4.45,4.42,0.09,5.83,0.63,5.68,0.33,36.95,0.19,C3'-endo
70,73,0.59,C,C,C,0,1,0,0,0,(,105,1,cWW,cW-W,2.65,3.34,3.07,1.46,3.71,5.11,4.88,3.59,BI,anti,.,4.32,4.66,2.76,3.39,3.15,3.57,4.12,4.64,0.07,5.82,0.66,5.64,0.37,39.03,0.23,C3'-endo
71,74,0.60,A,A,A,1,0,0,0,0,.,,0,,,5.24,2.79,1.03,1.55,3.70,5.00,4.98,3.75,BI,anti,.,3.90,4.64,2.94,4.36,3.43,3.92,4.73,3.40,0.20,5.75,0.65,5.73,0.23,37.49,0.03,C3'-endo
72,75,0.61,A,A,A,1,0,0,0,0,.,,0,,,2.64,2.99,3.01,1.47,3.29,5.04,4.54,3.57,BI,anti,.,4.14,4.36,2.50,3.06,2.72,2.89,2.59,2.66,6.28,5.89,0.62,5.64,0.41,37.72,0.33,C3'-endo
73,76,0.62,U,U,U,0,0,0,1,0,.,,0,,,2.95,2.47,3.15,1.48,3.86,5.39,4.76,3.48,BI,anti,.,4.36,4.64,2.87,3.43,2.71,3.75,2.44,4.83,0.02,5.87,0.62,5.65,0.38,37.27,0.29,C3'-endo
74,77,0.63,G,G,G,0,0,1,0,0,.,102,1,cWW,cW-W,5.19,3.05,0.88,1.49,3.62,5.29,4.61,3.72,BI,anti,.,3.91,4.53,2.85,4.02,3.42,4.05,4.74,4.90,0.13,5.80,0.64,5.70,0.29,36.86,0.13,C3'-endo
75,78,0.64,A,A,A,1,0,0,0,0,.,101,1,cW.,cW-.,5.09,3.15,0.80,1.44,3.57,5.13,4.72,3.63,BI,anti,.,4.07,4.60,2.82,4.06,3.23,3.83,4.39,3.71,0.18,5.75,0.67,5.70,0.26,38.56,0.06,C3'-endo
76,79,0.64,U,U,U,0,0,0,1,0,.,100,1,tWH,tW-M,2.93,2.83,2.92,1.55,3.78,5.17,4.90,3.36,BI,anti,.,4.47,4.61,2.70,3.45,2.86,3.64,3.01,4.11,0.20,5.79,0.59,5.79,0.19,33.70,6.28,C2'-exo
77,80,0.65,A,A,A,1,0,0,0,0,.,98,1,tHS,tM-m,5.29,3.37,1.00,1.50,3.72,5.38,4.62,3.78,BI,anti,.,3.88,4.47,3.35,4.21,3.65,4.28,4.13,5.20,6.28,5.90,0.60,5.66,0.39,36.52,0.33,C3'-endo
78,81,0.66,C,C,C,0,1,0,0,0,(,97,1,cWW,cW-W,5.11,3.00,0.95,1.50,3.42,5.22,4.48,3.69,BI,anti,.,4.14,4.43,2.80,3.85,3.35,3.87,4.64,4.64,0.04,5.85,0.64,5.65,0.38,37.84,0.27,C3'-endo
79,82,0.67,U,U,U,0,0,0,1,0,(,96,1,cWW,cW-W,4.80,3.25,1.09,1.52,2.99,5.21,4.06,4.00,BI,anti,.,3.54,4.24,2.87,3.55,3.31,3.22,4.35,2.98,0.06,5.85,0.62,5.68,0.34,36.29,0.23,C3'-endo
80,83,0.68,C,C,C,0,1,0,0,0,.,,0,,,3.48,2.53,3.21,1.41,3.62,0.27,3.35,3.69,..,anti,.,4.18,4.55,3.59,4.78,3.32,4.68,3.11,5.46,6.22,5.93,0.62,5.61,0.46,38.59,0.42,C3'-endo
81,84,0.69,G,G,G,0,0,1,0,0,(,94,1,cWW,cW-W,1.76,2.78,3.12,1.58,3.48,5.26,4.51,3.69,BI,anti,.,3.79,4.44,2.05,3.62,2.75,3.58,3.99,4.02,0.20,5.79,0.58,5.80,0.18,33.09,6.26,C2'-exo
82,85,0.69,G,G,G,0,0,1,0,0,(,93,1,cWW,cW-W,2.68,3.18,2.98,1.44,3.60,5.08,4.79,3.36,BI,anti,A,4.78,4.71,2.65,3.26,3.04,3.36,3.81,3.74,0.19,5.72,0.71,5.66,0.27,40.82,0.06,C3'-endo
83,86,0.70,A,A,A,1,0,0,0,0,(,92,1,cWW,cW-W,5.33,3.27,0.85,1.45,3.71,5.25,4.74,3.56,BI,anti,.,4.31,4.62,3.22,4.32,3.40,4.11,3.83,4.37,0.09,5.80,0.66,5.66,0.34,38.61,0.19,C3'-endo
84,87,0.71,C,C,C,0,1,0,0,0,(,91,1,cWW,cW-W,2.96,2.96,2.95,1.48,3.72,4.81,5.19,3.56,BI,anti,A,4.36,4.62,2.77,3.02,3.04,3.18,3.63,3.54,0.13,5.77,0.69,5.66,0.32,39.72,0.14,C3'-endo
85,88,0.72,C,C,C,0,1,0,0,0,(,90,1,cWW,cW-W,5.02,3.00,1.06,1.49,3.63,4.97,4.94,3.71,BI,anti,.,3.96,4.58,2.94,3.79,3.13,3.75,3.56,4.22,0.11,5.80,0.66,5.67,0.32,38.35,0.16,C3'-endo
86,89,0.73,G,G,G,0,0,1,0,0,.,89,1,tSH,tm-M,5.34,2.74,0.98,1.44,3.00,0.64,2.36,3.12,..,anti,.,4.26,4.18,2.90,5.83,3.30,4.86,4.19,3.65,0.03,5.89,0.60,5.68,0.36,35.76,0.28,C3'-endo
87,90,0.74,C,C,C,0,1,0,0,0,.,,0,,,1.10,2.27,0.88,1.42,4.28,5.22,5.35,3.50,..,anti,.,4.24,4.80,5.15,4.60,6.23,4.60,0.48,5.31,0.13,5.77,0.69,5.65,0.32,39.81,0.15,C3'-endo
88,91,0.75,A,A,A,1,0,0,0,0,.,,0,,,5.20,2.93,1.08,1.49,3.53,5.26,4.56,3.90,BI,anti,A,3.45,4.52,2.81,3.98,3.42,3.90,4.60,4.45,0.07,5.81,0.68,5.63,0.36,39.74,0.22,C3'-endo
89,92,0.75,G,G,G,0,0,1,0,0,.,86,1,tHS,tM-m,4.63,3.23,1.12,1.52,3.79,5.67,4.41,3.45,BI,anti,.,4.46,4.56,2.77,4.57,3.09,4.72,3.93,5.25,6.28,5.87,0.65,5.61,0.43,39.57,0.33,C3'-endo
90,93,0.76,G,G,G,0,0,1,0,0,),85,1,cWW,cW-W,5.16,3.02,1.17,1.51,3.52,5.00,4.80,3.57,BI,anti,A,4.20,4.43,3.09,3.73,3.88,3.59,4.94,3.95,6.25,5.90,0.63,5.61,0.45,39.06,0.38,C3'-endo
91,94,0.77,G,G,G,0,0,1,0,0,),84,1,cWW,cW-W,5.07,2.80,1.14,1.38,3.54,4.87,4.95,3.24,BI,anti,A,4.95,4.66,2.86,3.48,3.12,3.50,3.89,3.66,0.03,5.82,0.70,5.58,0.43,41.82,0.29,C3'-endo
92,95,0.78,U,U,U,0,0,0,1,0,),83,1,cWW,cW-W,5.14,3.14,1.09,1.48,3.61,5.07,4.82,3.87,BI,anti,.,3.51,4.50,3.22,4.25,3.36,4.03,3.59,4.33,0.05,5.86,0.62,5.67,0.36,36.71,0.25,C3'-endo
93,96,0.79,C,C,C,0,1,0,0,0,),82,1,cWW,cW-W,2.71,3.24,3.07,1.41,3.82,4.80,5.30,3.47,BI,anti,.,4.52,4.77,2.74,3.13,3.05,3.27,3.68,3.74,0.15,5.74,0.71,5.64,0.31,40.76,0.12,C3'-endo
94,97,0.80,C,C,C,0,1,0,0,0,),81,1,cWW,cW-W,5.37,3.02,0.82,1.45,3.82,5.05,5.05,3.25,BI,anti,.,4.57,4.66,3.10,3.92,3.24,3.97,3.75,4.86,0.14,5.77,0.67,5.67,0.30,38.85,0.12,C3'-endo
95,98,0.81,C,C,C,0,1,0,0,0,.,,0,,,5.20,2.93,0.89,1.37,3.59,5.17,4.70,3.82,BI,anti,.,3.83,4.68,2.80,4.20,3.14,3.95,4.35,4.13,0.11,5.76,0.72,5.61,0.35,41.85,0.17,C3'-endo
96,99,0.81,G,G,G,0,0,1,0,0,),79,1,cWW,cW-W,2.79,3.09,3.02,1.54,3.56,5.09,4.76,3.70,BI,anti,A,4.09,4.65,2.77,3.21,3.03,3.35,3.59,3.81,0.20,5.72,0.70,5.68,0.26,39.91,0.05,C3'-endo
97,100,0.82,G,G,G,0,0,1,0,0,),78,1,cWW,cW-W,5.10,3.17,0.96,1.49,3.57,5.17,4.69,3.58,BI,anti,.,4.30,4.58,3.04,4.42,3.31,4.32,3.90,4.90,0.12,5.79,0.65,5.68,0.30,37.80,0.14,C3'-endo
98,101,0.83,A,A,A,1,0,0,0,0,.,77,1,tSH,tm-M,2.74,3.57,3.10,1.50,3.54,4.61,5.21,3.56,BI,anti,.,4.37,4.54,3.03,2.79,3.50,2.91,4.52,2.78,0.12,5.79,0.67,5.67,0.32,38.59,0.15,C3'-endo
99,102,0.84,A,A,A,1,0,0,0,0,.,,0,,,4.87,3.30,0.86,1.41,3.22,4.85,4.65,3.66,BI,anti,.,4.09,4.48,2.87,3.25,2.83,3.19,2.72,3.15,0.12,5.78,0.68,5.65,0.32,39.49,0.16,C3'-endo
100,103,0.85,A,A,A,1,0,0,0,0,.,76,1,tHW,tM-W,5.33,3.06,0.84,1.41,3.62,5.21,4.69,3.37,BI,anti,A,4.42,4.53,3.10,3.89,3.10,3.96,3.11,4.62,0.01,5.87,0.64,5.64,0.40,38.19,0.31,C3'-endo
101,104,0.86,A,A,A,1,0,0,0,0,.,75,1,c.W,c.-W,4.77,3.30,1.04,1.46,3.66,5.28,4.66,3.44,BI,anti,.,4.19,4.54,2.83,4.04,3.14,4.07,4.03,5.06,6.26,5.88,0.66,5.59,0.45,40.30,0.36,C3'-endo
102,105,0.86,G,G,G,0,0,1,0,0,.,74,1,cWW,cW-W,4.96,3.11,0.92,1.45,3.72,4.89,5.11,3.43,BI,anti,.,4.58,4.73,2.78,3.67,3.16,3.74,4.52,3.77,0.19,5.72,0.70,5.67,0.27,40.23,0.06,C3'-endo
103,106,0.87,U,U,U,0,0,0,1,0,.,,0,,,5.08,3.35,0.78,1.46,3.59,4.91,4.96,3.48,BI,anti,.,4.16,4.43,3.01,3.56,3.07,3.68,3.20,3.99,0.03,5.88,0.61,5.67,0.37,36.36,0.29,C3'-endo
104,107,0.88,C,C,C,0,1,0,0,0,.,,0,,,5.37,3.27,0.87,1.40,3.77,5.37,4.69,3.76,BI,anti,.,3.75,4.59,3.34,4.13,3.41,4.27,3.65,5.06,6.27,5.90,0.61,5.65,0.41,37.21,0.35,C3'-endo
105,108,0.89,G,G,G,0,0,1,0,0,),70,1,cWW,cW-W,5.09,2.98,1.05,1.49,3.45,5.11,4.62,3.33,BI,anti,.,4.47,4.54,2.84,3.76,3.42,3.75,4.60,4.15,0.13,5.79,0.65,5.68,0.30,37.86,0.14,C3'-endo
106,109,0.90,G,G,G,0,0,1,0,0,),69,1,cWW,cW-W,5.12,3.16,1.04,1.48,3.71,5.09,4.91,3.17,BI,anti,.,4.47,4.63,3.13,3.92,3.38,3.97,4.05,4.34,0.12,5.79,0.65,5.69,0.30,37.57,0.14,C3'-endo
107,110,0.91,U,U,U,0,0,0,1,0,.,,0,,,5.23,3.15,1.10,1.38,3.88,5.08,5.08,3.42,BI,anti,.,4.59,4.76,3.26,3.90,3.52,4.01,4.12,4.42,0.07,5.79,0.71,5.60,0.39,41.68,0.22,C3'-endo
108,111,0.92,C,C,C,0,1,0,0,0,.,63,1,tWH,tW-M,5.35,3.56,1.03,1.51,4.20,1.35,2.85,3.65,..,anti,.,3.90,4.63,3.73,0.96,3.85,0.85,4.16,0.76,0.07,5.86,0.61,5.70,0.33,35.56,0.22,C3'-endo
109,112,0.92,A,A,A,1,0,0,0,0,.,10,1,cWS,cW-m,1.04,2.79,5.04,1.45,3.55,5.03,4.80,3.77,BI,anti,A,3.95,4.53,3.49,3.02,3.66,3.27,4.06,4.08,6.26,5.88,0.65,5.60,0.45,39.96,0.36,C3'-endo
110,113,0.93,G,G,G,0,0,1,0,0,),9,1,cWW,cW-W,5.05,2.89,1.09,1.46,3.57,4.94,4.92,3.46,BI,anti,A,4.52,4.57,2.90,3.67,3.20,3.68,4.06,4.30,0.02,5.85,0.65,5.63,0.40,38.98,0.29,C3'-endo
111,114,0.94,C,C,C,0,1,0,0,0,),8,1,cWW,cW-W,5.17,2.93,1.08,1.57,3.65,5.25,4.67,3.60,BI,anti,.,3.92,4.48,3.06,4.48,3.35,4.10,4.20,3.96,0.14,5.80,0.62,5.73,0.26,35.47,0.11,C3'-endo
112,115,0.95,G,G,G,0,0,1,0,0,),7,1,cWW,cW-W,2.75,2.94,3.17,1.42,3.59,5.25,4.62,3.54,BI,anti,.,4.16,4.42,2.80,3.56,3.03,3.52,3.23,4.03,6.19,5.94,0.62,5.59,0.50,39.86,0.46,C3'-endo
113,116,0.96,C,C,C,0,1,0,0,0,),6,1,cWW,cW-W,2.78,3.01,3.08,1.45,3.75,5.05,4.98,3.62,BI,anti,A,4.11,4.61,2.77,3.22,3.05,3.34,3.76,3.93,0.06,5.83,0.66,5.64,0.36,38.64,0.23,C3'-endo
114,117,0.97,G,G,G,0,0,1,0,0,),5,1,cWW,cW-W,5.20,2.93,0.85,1.37,3.47,5.07,4.68,3.67,BI,anti,A,4.13,4.56,2.77,3.60,3.07,3.62,3.87,4.12,0.05,5.82,0.68,5.61,0.39,40.26,0.26,C3'-endo
115,118,0.97,G,G,G,0,0,1,0,0,),4,1,cWW,cW-W,5.09,3.21,0.84,1.46,3.49,5.13,4.63,3.54,BI,anti,A,4.38,4.58,2.90,3.74,3.10,3.77,3.82,4.14,0.11,5.79,0.67,5.65,0.33,39.20,0.17,C3'-endo
116,119,0.98,G,G,G,0,0,1,0,0,),3,1,cWW,cW-W,5.08,3.25,0.95,1.44,3.51,5.13,4.67,3.56,BI,anti,.,4.26,4.59,3.00,4.15,3.23,4.01,3.82,4.30,0.09,5.80,0.66,5.66,0.33,38.34,0.19,C3'-endo
117,120,0.99,G,G,G,0,0,1,0,0,),2,1,cWW,cW-W,2.99,3.25,2.96,1.50,3.67,5.15,4.81,3.43,BI,anti,.,4.53,4.62,2.94,3.84,3.25,3.71,3.86,4.02,0.10,5.81,0.65,5.67,0.32,37.89,0.17,C3'-endo
118,121,1.00,G,G,G,0,0,1,0,0,),1,1,cWW,cW-W,3.05,3.13,2.95,1.34,,,,3.55,n/a,anti,-,,,,,,,,,0.03,5.85,0.65,5.63,0.39,38.93,0.28,C3'-endo
