index_chain,old_nt_resnum,nt_position,nt_name,nt_code,nt_align_code,is_A,is_C,is_G,is_U,is_other,dbn,paired,nb_interact,pair_type_LW,pair_type_DSSR,alpha,beta,gamma,delta,epsilon,zeta,epsilon_zeta,chi,bb_type,glyco_bond,form,ssZp,Dp,eta,theta,eta_prime,theta_prime,eta_base,theta_base,v0,v1,v2,v3,v4,amplitude,phase_angle,puckering
1,9,0.06,C,C,C,0,1,0,0,0,),0,1,cWW,cW-W,,,0.88,1.45,3.65,4.92,5.01,3.30,BI,anti,A,4.61,4.75,,,,,,,0.09,5.80,0.68,5.64,0.34,39.60,0.20,C3'-endo
2,10,0.12,G,G,G,0,0,1,0,0,),0,1,cWW,cW-W,4.99,3.32,0.84,1.46,3.57,5.05,4.80,3.37,BI,anti,A,4.61,4.74,2.94,3.71,3.06,3.79,3.57,4.26,0.07,5.71,0.84,5.47,0.47,49.35,0.24,C3'-endo
3,11,0.18,A,A,A,1,0,0,0,0,),0,1,cWW,cW-W,5.17,3.01,0.98,1.38,3.55,4.97,4.87,3.34,BI,anti,A,4.47,4.69,3.01,3.61,3.28,3.60,4.01,3.90,0.05,5.78,0.75,5.55,0.43,44.61,0.26,C3'-endo
4,12,0.24,G,G,G,0,0,1,0,0,),0,1,cWW,cW-W,5.19,3.11,0.84,1.40,3.68,5.09,4.87,3.40,BI,anti,A,4.49,4.81,3.03,3.82,3.14,3.85,3.63,4.27,0.07,5.77,0.73,5.57,0.41,42.96,0.23,C3'-endo
5,13,0.29,C,C,C,0,1,0,0,0,),0,1,cWW,cW-W,5.06,3.02,0.92,1.38,3.66,4.96,4.98,3.41,BI,anti,A,4.68,4.68,2.81,3.70,3.05,3.76,3.78,4.25,0.02,5.80,0.74,5.53,0.47,44.60,0.30,C3'-endo
6,14,0.35,G,G,G,0,0,1,0,0,),0,1,cWW,cW-W,5.24,2.95,0.98,1.41,3.44,5.04,4.69,3.24,BI,anti,.,4.78,4.67,2.93,3.60,3.24,3.59,4.05,3.73,0.02,5.77,0.79,5.50,0.49,47.42,0.29,C3'-endo
7,15,0.41,U,U,U,0,0,0,1,0,.,0,1,cWW,cW-W,5.17,3.24,0.95,1.42,3.88,4.86,5.31,3.43,BI,anti,.,4.10,4.71,3.23,3.73,3.32,3.78,3.57,4.52,6.13,5.94,0.68,5.49,0.59,44.81,0.51,C3'-endo
8,16,0.47,C,C,C,0,1,0,0,0,),0,1,cWW,cW-W,5.23,2.83,0.90,1.44,3.52,5.01,4.79,3.52,BI,anti,A,4.16,4.60,2.87,4.08,3.13,3.92,4.09,4.22,0.00,5.82,0.72,5.55,0.47,43.67,0.32,C3'-endo
9,17,0.53,A,A,A,1,0,0,0,0,.,,0,,,2.40,3.31,3.29,1.65,3.74,5.12,4.90,3.28,BI,anti,A,4.58,4.70,2.86,3.51,3.16,3.58,3.85,4.28,0.18,5.77,0.64,5.73,0.24,36.84,0.05,C3'-endo
10,18,0.59,C,C,C,0,1,0,0,0,),0,1,cWW,cW-W,5.17,3.11,0.82,1.42,3.65,4.99,4.94,3.51,BI,anti,A,4.37,4.67,2.87,3.65,3.16,3.70,4.09,4.15,0.00,5.83,0.71,5.55,0.46,42.91,0.32,C3'-endo
11,19,0.65,A,A,A,1,0,0,0,0,),0,1,cWW,cW-W,5.23,3.04,0.83,1.50,3.78,4.83,5.23,3.61,BI,anti,A,4.17,4.64,2.94,3.72,3.16,3.72,3.81,4.25,0.20,5.72,0.69,5.68,0.25,39.49,0.04,C3'-endo
12,20,0.71,C,C,C,0,1,0,0,0,),0,1,cWW,cW-W,5.28,2.83,0.89,1.46,3.51,5.10,4.69,3.53,BI,anti,A,4.40,4.69,2.86,3.73,3.12,3.70,3.93,4.02,0.10,5.74,0.75,5.57,0.39,43.59,0.20,C3'-endo
13,21,0.76,C,C,C,0,1,0,0,0,),0,1,cWW,cW-W,4.97,3.15,0.85,1.45,3.65,4.91,5.02,3.50,BI,anti,A,4.34,4.75,2.87,3.58,3.07,3.65,3.67,4.08,0.14,5.67,0.82,5.52,0.39,47.48,0.15,C3'-endo
14,22,0.82,A,A,A,1,0,0,0,0,),0,1,cWW,cW-W,5.20,3.07,0.77,1.49,3.50,5.04,4.75,3.47,BI,anti,A,4.41,4.63,2.98,4.01,3.16,3.96,3.77,4.40,0.05,5.80,0.73,5.57,0.41,42.99,0.25,C3'-endo
15,23,0.88,C,C,C,0,1,0,0,0,),0,1,cWW,cW-W,3.04,3.24,2.74,1.65,3.72,4.90,5.10,3.41,BI,anti,A,4.35,4.51,2.96,3.45,3.29,3.48,4.09,3.79,0.18,5.76,0.68,5.70,0.25,39.16,0.06,C3'-endo
16,24,0.94,C,C,C,0,1,0,0,0,),0,1,cWW,cW-W,5.28,2.97,0.77,1.50,3.61,4.96,4.93,3.48,BI,anti,A,4.27,4.56,2.94,3.70,3.14,3.71,3.62,4.08,0.07,5.76,0.75,5.57,0.41,44.34,0.23,C3'-endo
17,25,1.00,C,C,C,0,1,0,0,0,.,,0,,,5.20,3.06,0.92,1.48,,,,3.52,n/a,anti,-,,,,,,,,,0.04,5.82,0.68,5.62,0.40,40.33,0.27,C3'-endo
