index_chain,old_nt_resnum,nt_position,nt_name,nt_code,nt_align_code,is_A,is_C,is_G,is_U,is_other,dbn,paired,nb_interact,pair_type_LW,pair_type_DSSR,alpha,beta,gamma,delta,epsilon,zeta,epsilon_zeta,chi,bb_type,glyco_bond,form,ssZp,Dp,eta,theta,eta_prime,theta_prime,eta_base,theta_base,v0,v1,v2,v3,v4,amplitude,phase_angle,puckering
1,1,0.08,G,G,G,0,0,1,0,0,(,0,1,cWW,cW-W,,,2.90,1.68,4.04,4.88,5.44,3.26,BI,anti,A,4.72,4.78,,,,,,,0.39,5.66,0.62,5.87,0.01,37.06,5.98,C2'-exo
2,2,0.15,C,C,C,0,1,0,0,0,(,0,1,cWW,cW-W,5.01,2.85,1.05,1.38,3.61,5.08,4.82,3.27,BI,anti,A,4.66,4.66,2.70,3.73,3.01,3.73,3.77,4.18,0.16,5.69,0.78,5.57,0.35,45.27,0.13,C3'-endo
3,3,0.23,G,G,G,0,0,1,0,0,(,0,1,cWW,cW-W,4.77,3.15,1.27,1.42,3.86,4.80,5.35,3.33,BI,anti,A,4.60,4.70,2.98,3.71,3.19,3.73,3.89,4.06,0.14,5.73,0.73,5.61,0.34,42.33,0.14,C3'-endo
4,4,0.31,G,G,G,0,0,1,0,0,(,0,1,cWW,cW-W,5.31,2.80,0.99,1.41,3.70,5.00,4.98,3.38,BI,anti,A,4.51,4.61,2.98,3.77,3.20,3.76,3.79,4.29,0.00,5.86,0.66,5.61,0.42,39.60,0.32,C3'-endo
5,5,0.38,A,A,A,1,0,0,0,0,(,0,1,cWW,cW-W,5.16,3.03,0.86,1.39,3.68,4.90,5.06,3.56,BI,anti,A,4.35,4.69,2.89,3.60,3.11,3.62,3.92,4.08,0.09,5.77,0.72,5.60,0.38,41.98,0.20,C3'-endo
6,6,0.46,U,U,U,0,0,0,1,0,(,0,1,cWW,cW-W,5.12,2.82,1.01,1.38,3.70,5.04,4.94,3.47,BI,anti,A,4.52,4.71,2.80,3.82,3.05,3.81,3.79,4.43,0.18,5.68,0.79,5.58,0.33,45.29,0.10,C3'-endo
7,7,0.54,A,A,A,1,0,0,0,0,(,0,1,cWW,cW-W,4.84,3.13,1.19,1.43,3.88,4.82,5.35,3.27,BI,anti,A,4.73,4.79,2.94,3.78,3.16,3.81,4.11,4.17,0.28,5.62,0.77,5.66,0.22,44.11,6.24,C2'-exo
8,8,0.62,U,U,U,0,0,0,1,0,(,0,1,cWW,cW-W,5.32,2.76,1.01,1.42,3.58,4.91,4.96,3.36,BI,anti,A,4.61,4.65,2.91,3.63,3.22,3.57,3.94,3.72,0.16,5.71,0.75,5.60,0.33,43.54,0.12,C3'-endo
9,9,0.69,C,C,C,0,1,0,0,0,(,0,1,cWW,cW-W,4.90,3.13,1.10,1.38,3.61,4.97,4.93,3.38,BI,anti,A,4.64,4.71,2.91,3.61,3.03,3.62,3.45,3.86,0.16,5.69,0.77,5.59,0.34,44.52,0.12,C3'-endo
10,10,0.77,C,C,C,0,1,0,0,0,(,0,1,cWW,cW-W,5.04,3.04,1.15,1.39,3.50,5.16,4.62,3.21,BI,anti,A,4.54,4.56,3.01,3.87,3.21,3.84,3.69,4.56,0.10,5.74,0.75,5.57,0.39,43.94,0.19,C3'-endo
11,11,0.85,G,G,G,0,0,1,0,0,(,0,1,cWW,cW-W,4.29,3.40,1.38,1.39,3.77,4.13,5.92,3.52,..,anti,.,4.47,4.77,2.72,3.57,2.99,3.63,4.06,3.41,0.17,5.70,0.76,5.61,0.32,43.63,0.10,C3'-endo
12,12,0.92,C,C,C,0,1,0,0,0,.,,0,,,3.11,3.76,2.55,1.65,4.07,5.28,5.07,4.03,..,anti,.,3.00,4.75,2.88,4.32,2.96,4.31,2.85,4.75,0.33,5.70,0.60,5.86,0.07,35.29,6.06,C2'-exo
13,13,1.00,G,G,G,0,0,1,0,0,.,0,1,cSW,cm-W,5.05,2.41,1.82,1.61,,,,3.76,n/a,anti,-,,,,,,,,,0.21,5.81,0.55,5.85,0.14,31.42,6.22,C2'-exo
