index_chain,old_nt_resnum,nt_position,nt_name,nt_code,nt_align_code,is_A,is_C,is_G,is_U,is_other,dbn,paired,nb_interact,pair_type_LW,pair_type_DSSR,alpha,beta,gamma,delta,epsilon,zeta,epsilon_zeta,chi,bb_type,glyco_bond,form,ssZp,Dp,eta,theta,eta_prime,theta_prime,eta_base,theta_base,v0,v1,v2,v3,v4,amplitude,phase_angle,puckering
1,100,0.01,U,U,U,0,0,0,1,0,.,,0,,,,,3.12,1.44,2.83,1.04,1.79,3.62,..,anti,.,4.03,4.12,,,,,,,0.07,5.86,0.60,5.71,0.32,34.96,0.22,C3'-endo
2,101,0.03,G,G,G,0,0,1,0,0,(,38,1,cWW,cW-W,4.89,4.35,2.78,1.47,4.56,4.73,6.11,2.68,..,anti,A,4.48,4.61,0.00,4.16,0.76,4.07,0.45,4.76,0.04,5.89,0.58,5.71,0.34,34.51,0.26,C3'-endo
3,102,0.04,G,G,G,0,0,1,0,0,(,37,1,cWW,cW-W,5.18,2.67,0.93,1.43,3.82,5.10,5.00,3.32,BI,anti,.,4.61,4.67,2.58,4.01,3.00,3.90,4.18,3.85,0.05,5.85,0.63,5.66,0.36,37.11,0.25,C3'-endo
4,103,0.05,C,C,C,0,1,0,0,0,(,36,1,cWW,cW-W,5.05,3.22,0.82,1.32,3.37,4.99,4.66,3.94,BI,anti,A,3.72,4.44,2.73,3.33,2.95,3.38,3.22,3.83,6.13,5.99,0.60,5.58,0.54,39.90,0.54,C3'-endo
5,104,0.07,C,C,C,0,1,0,0,0,(,35,1,cWW,cW-W,5.17,3.05,0.93,1.42,3.35,4.99,4.64,3.50,BI,anti,.,4.52,4.49,2.93,3.48,3.12,3.48,3.74,3.75,6.27,5.90,0.61,5.65,0.41,37.12,0.35,C3'-endo
6,105,0.08,G,G,G,0,0,1,0,0,(,34,1,cWW,cW-W,5.22,3.18,0.94,1.40,3.55,5.16,4.68,3.39,BI,anti,A,4.67,4.65,3.10,3.75,3.23,3.74,3.67,4.08,0.00,5.88,0.62,5.65,0.40,37.55,0.32,C3'-endo
7,106,0.10,G,G,G,0,0,1,0,0,(,33,1,cWW,cW-W,5.29,3.27,0.66,1.33,3.67,5.06,4.89,3.58,BI,anti,A,4.34,4.69,2.95,3.66,3.12,3.79,3.68,4.40,0.00,5.87,0.66,5.61,0.42,39.59,0.32,C3'-endo
8,107,0.11,C,C,C,0,1,0,0,0,(,32,1,cWW,cW-W,5.40,2.89,0.95,1.43,3.59,5.04,4.84,3.47,BI,anti,A,4.38,4.46,3.03,3.76,3.37,3.77,4.17,4.40,6.23,5.93,0.60,5.63,0.44,37.60,0.40,C3'-endo
9,108,0.12,A,A,A,1,0,0,0,0,.,,0,,,5.31,2.96,0.84,1.44,3.58,5.19,4.67,3.26,BI,anti,A,4.53,4.55,2.94,3.89,3.23,3.93,4.18,4.71,0.01,5.88,0.62,5.65,0.39,37.37,0.31,C3'-endo
10,109,0.14,U,U,U,0,0,0,1,0,.,,0,,,5.19,3.10,0.88,1.49,4.00,4.10,6.18,3.51,..,anti,.,4.28,4.64,3.06,3.82,3.35,3.57,4.39,3.13,0.03,5.89,0.59,5.68,0.36,35.52,0.29,C3'-endo
11,110,0.15,G,G,G,0,0,1,0,0,.,,0,,,0.49,2.17,2.92,1.47,3.63,5.19,4.72,3.24,BI,anti,A,4.72,4.64,6.17,3.00,6.06,3.27,5.90,3.92,0.08,5.83,0.64,5.68,0.33,37.29,0.20,C3'-endo
12,111,0.16,G,G,G,0,0,1,0,0,[,73,1,cWW,cW-W,5.16,3.23,0.87,1.44,3.55,4.87,4.96,3.36,BI,anti,A,4.53,4.55,3.00,3.55,3.28,3.62,4.08,3.92,0.03,5.88,0.61,5.67,0.37,36.47,0.29,C3'-endo
13,112,0.18,U,U,U,0,0,0,1,0,[,72,1,cWW,cW-W,5.38,2.95,0.87,1.49,3.46,5.90,3.85,3.54,BI,anti,.,4.12,4.33,3.06,4.21,3.28,3.90,3.73,4.16,0.02,5.91,0.57,5.71,0.35,33.92,0.30,C3'-endo
14,113,0.19,C,C,C,0,1,0,0,0,[,71,1,cWW,cW-W,3.74,1.88,2.71,1.51,3.92,5.15,5.05,3.30,BI,anti,.,4.46,4.66,3.00,3.25,3.11,3.49,3.73,4.22,0.10,5.85,0.59,5.73,0.28,34.23,0.16,C3'-endo
15,114,0.21,C,C,C,0,1,0,0,0,[,70,1,cWW,cW-W,4.97,3.26,0.86,1.50,3.49,5.05,4.72,3.44,BI,anti,.,4.48,4.53,2.76,3.69,3.12,3.68,4.05,3.86,0.02,5.88,0.60,5.68,0.37,35.82,0.29,C3'-endo
16,115,0.22,C,C,C,0,1,0,0,0,[,69,1,cWW,cW-W,5.20,3.25,0.78,1.37,3.58,5.19,4.67,3.38,BI,anti,A,4.63,4.60,2.98,3.73,3.11,3.77,3.51,4.22,6.28,5.88,0.64,5.63,0.41,38.61,0.32,C3'-endo
17,116,0.23,A,A,A,1,0,0,0,0,[,68,1,cWW,cW-W,5.07,3.02,1.03,1.38,3.44,5.19,4.54,3.35,BI,anti,A,4.53,4.52,2.87,3.70,3.19,3.74,3.93,4.56,6.23,5.91,0.63,5.61,0.46,39.31,0.40,C3'-endo
18,117,0.25,G,G,G,0,0,1,0,0,(,31,1,cWW,cW-W,4.96,3.16,1.06,1.43,3.66,5.04,4.90,3.40,BI,anti,A,4.53,4.71,2.96,3.79,3.27,3.81,4.38,4.27,0.12,5.78,0.68,5.66,0.32,39.46,0.16,C3'-endo
19,118,0.26,C,C,C,0,1,0,0,0,(,30,1,cWW,cW-W,5.23,2.91,1.04,1.45,3.46,5.20,4.55,3.48,BI,anti,A,4.51,4.55,2.95,3.81,3.30,3.76,4.09,4.08,0.05,5.84,0.63,5.66,0.36,37.17,0.25,C3'-endo
20,119,0.27,C,C,C,0,1,0,0,0,(,"29,66",2,"cWW,cSS","cW-W,cm-m",5.18,3.27,0.89,1.47,3.69,4.87,5.11,3.50,BI,anti,.,4.24,4.42,3.13,3.64,3.34,3.77,3.90,3.71,6.22,5.96,0.56,5.67,0.43,35.33,0.43,C3'-endo
21,120,0.29,U,U,U,0,0,0,1,0,.,26,1,tWH,tW-M,5.35,2.96,0.98,2.36,4.17,4.49,5.96,4.20,..,anti,.,2.07,1.74,3.29,4.93,3.68,4.05,3.64,3.28,5.88,0.58,5.77,0.29,0.07,32.53,2.69,C2'-endo
22,121,0.30,C,C,C,0,1,0,0,0,[,"40,43",2,"cWW,cSW","cW-W,cm-W",1.52,2.94,0.80,1.42,3.85,4.69,5.43,3.27,BI,anti,A,4.45,4.58,5.21,4.23,5.96,4.11,0.39,4.64,0.00,5.89,0.61,5.66,0.39,36.74,0.32,C3'-endo
23,122,0.32,C,C,C,0,1,0,0,0,[,39,1,cWW,cW-W,2.79,3.64,2.84,1.57,5.01,1.64,3.36,3.47,..,anti,.,3.44,4.19,3.01,1.44,3.23,2.11,3.95,3.40,0.00,5.93,0.54,5.72,0.36,32.91,0.33,C3'-endo
24,123,0.33,U,U,U,0,0,0,1,0,.,,0,,,2.89,4.50,3.00,1.49,4.10,2.21,1.89,4.71,..,anti,.,-0.35,4.61,4.70,0.85,4.35,5.91,3.23,5.53,0.03,5.88,0.60,5.68,0.36,35.91,0.27,C3'-endo
25,124,0.34,C,C,C,0,1,0,0,0,.,,0,,,2.29,1.14,3.17,2.50,4.64,2.98,1.66,3.04,BII,anti,.,0.98,1.07,2.95,1.76,3.51,1.71,3.78,0.71,5.98,0.54,5.73,0.40,6.22,32.70,2.92,C2'-endo
26,125,0.36,G,G,G,0,0,1,0,0,.,21,1,tHW,tM-W,0.82,3.94,2.93,1.53,0.09,1.02,5.35,4.73,..,anti,.,-0.60,2.70,2.94,2.39,2.46,2.85,1.75,3.12,6.28,5.93,0.55,5.71,0.37,33.32,0.34,C3'-endo
27,126,0.37,C,C,C,0,1,0,0,0,.,,0,,,2.12,4.31,3.21,1.51,3.40,3.95,5.73,3.14,..,anti,.,4.27,4.36,4.28,2.63,4.55,2.30,4.86,3.21,0.02,5.90,0.58,5.69,0.36,34.77,0.30,C3'-endo
28,127,0.38,U,U,U,0,0,0,1,0,.,,0,,,1.09,3.10,1.09,1.54,2.98,2.81,0.17,3.66,..,anti,.,3.77,4.01,5.35,1.78,5.36,1.21,4.34,6.15,0.05,5.89,0.56,5.73,0.32,33.23,0.24,C3'-endo
29,128,0.40,G,G,G,0,0,1,0,0,),20,1,cWW,cW-W,1.06,2.53,3.07,1.46,3.86,5.00,5.15,3.29,BI,anti,A,4.46,4.56,0.99,3.12,0.97,3.38,2.29,4.16,0.03,5.89,0.59,5.69,0.35,34.94,0.28,C3'-endo
30,129,0.41,G,G,G,0,0,1,0,0,),"19,67",2,"cWW,tSS","cW-W,tm+m",5.29,2.84,0.95,1.44,3.57,5.02,4.83,3.46,BI,anti,A,4.31,4.41,2.88,3.73,3.27,3.69,4.22,4.36,6.24,5.93,0.58,5.66,0.42,36.17,0.39,C3'-endo
31,130,0.42,C,C,C,0,1,0,0,0,),18,1,cWW,cW-W,5.04,3.02,0.98,1.49,3.70,2.09,1.61,3.44,..,anti,.,4.34,4.57,2.88,1.50,3.13,0.95,4.07,6.18,0.08,5.85,0.60,5.70,0.31,35.13,0.20,C3'-endo
32,131,0.44,G,G,G,0,0,1,0,0,),8,1,cWW,cW-W,0.74,2.13,3.17,1.45,3.64,5.09,4.84,3.09,BI,anti,A,4.60,4.58,0.99,2.81,1.03,3.15,2.19,3.82,0.04,5.87,0.62,5.67,0.36,36.80,0.27,C3'-endo
33,132,0.45,C,C,C,0,1,0,0,0,),7,1,cWW,cW-W,5.04,3.29,0.89,1.48,3.45,5.24,4.49,3.34,BI,anti,A,4.52,4.53,2.92,3.83,3.17,3.82,3.91,4.09,0.03,5.87,0.61,5.67,0.37,36.28,0.28,C3'-endo
34,133,0.47,C,C,C,0,1,0,0,0,),6,1,cWW,cW-W,5.02,3.35,0.82,1.43,3.27,5.09,4.47,3.52,BI,anti,A,4.34,4.38,2.87,3.48,3.11,3.48,3.67,3.76,6.22,5.92,0.62,5.61,0.46,38.60,0.41,C3'-endo
35,134,0.48,G,G,G,0,0,1,0,0,),5,1,cWW,cW-W,4.95,3.21,0.98,1.41,3.38,5.05,4.61,3.40,BI,anti,A,4.57,4.47,2.89,3.53,3.05,3.55,3.54,3.93,6.24,5.93,0.60,5.64,0.43,37.38,0.39,C3'-endo
36,135,0.49,G,G,G,0,0,1,0,0,),4,1,cWW,cW-W,5.01,3.27,0.91,1.43,3.38,5.06,4.60,3.36,BI,anti,A,4.61,4.51,2.92,3.57,3.10,3.58,3.69,3.83,0.04,5.84,0.65,5.65,0.37,38.31,0.26,C3'-endo
37,136,0.51,C,C,C,0,1,0,0,0,),3,1,cWW,cW-W,5.23,3.19,0.90,1.40,3.61,5.13,4.77,3.42,BI,anti,.,4.52,4.57,3.10,3.81,3.25,3.90,3.67,4.79,0.02,5.86,0.64,5.64,0.39,38.40,0.29,C3'-endo
38,137,0.52,U,U,U,0,0,0,1,0,),2,1,cWW,cW-W,5.32,2.88,0.98,1.47,3.45,4.72,5.01,3.49,BI,anti,.,4.36,4.49,2.98,3.35,3.40,3.33,4.62,3.37,0.06,5.86,0.61,5.69,0.34,35.80,0.24,C3'-endo
39,138,0.53,G,G,G,0,0,1,0,0,],23,1,cWW,cW-W,5.22,3.32,0.83,1.41,3.48,5.07,4.70,3.49,BI,anti,A,4.50,4.59,3.13,3.62,3.08,3.69,3.14,4.20,0.01,5.87,0.64,5.63,0.40,38.35,0.30,C3'-endo
40,139,0.55,G,G,G,0,0,1,0,0,],22,1,cWW,cW-W,5.30,3.05,0.95,1.46,3.66,5.11,4.83,3.37,BI,anti,A,4.52,4.59,3.10,3.88,3.35,3.89,4.06,4.47,0.05,5.87,0.61,5.68,0.35,35.95,0.25,C3'-endo
41,140,0.56,G,G,G,0,0,1,0,0,.,"43,63",2,"cSH,tWH","cm+M,tW-M",5.08,3.07,0.94,1.44,3.99,5.24,5.03,3.49,BI,anti,.,4.49,4.72,2.94,3.71,3.20,3.55,4.06,3.02,6.27,5.90,0.61,5.65,0.41,37.14,0.35,C3'-endo
42,141,0.58,C,C,C,0,1,0,0,0,.,"45,62",2,"tWW,tWH","tW+W,tW-M",4.49,1.42,3.15,2.52,4.26,3.39,0.87,3.63,BII,anti,.,1.28,1.31,4.40,1.55,4.03,1.85,3.42,1.54,5.93,0.59,5.70,0.39,6.26,34.64,2.86,C2'-endo
43,142,0.59,A,A,A,1,0,0,0,0,.,"22,41",2,"cWS,cHS","cW-m,cM+m",4.34,2.62,0.30,1.45,3.55,4.99,4.84,3.32,BI,anti,A,4.46,4.46,2.04,3.69,1.87,3.77,1.74,4.36,6.27,5.92,0.57,5.69,0.38,34.83,0.34,C3'-endo
44,143,0.60,A,A,A,1,0,0,0,0,.,63,1,cWW,cW-W,5.15,3.13,0.86,1.48,3.66,5.19,4.75,3.45,BI,anti,A,4.50,4.61,2.96,3.98,3.16,3.98,3.94,4.65,0.03,5.88,0.59,5.69,0.35,35.34,0.27,C3'-endo
45,144,0.62,C,C,C,0,1,0,0,0,(,"42,62",2,"tWW,cWW","tW+W,cW-W",4.99,3.07,0.90,1.40,3.76,4.93,5.11,3.42,BI,anti,A,4.59,4.71,2.77,3.72,3.07,3.78,4.10,4.24,0.02,5.85,0.66,5.62,0.41,39.51,0.30,C3'-endo
46,145,0.63,A,A,A,1,0,0,0,0,(,61,1,cWW,cW-W,5.24,3.00,0.94,1.44,3.62,4.97,4.93,3.46,BI,anti,A,4.30,4.56,2.98,3.69,3.22,3.70,3.90,4.12,0.03,5.85,0.65,5.63,0.39,38.94,0.28,C3'-endo
47,146,0.64,C,C,C,0,1,0,0,0,(,60,1,cWW,cW-W,5.12,2.95,1.00,1.44,3.54,5.07,4.75,3.54,BI,anti,A,4.30,4.52,2.88,3.77,3.15,3.74,3.83,4.15,6.26,5.90,0.62,5.63,0.43,38.19,0.36,C3'-endo
48,147,0.66,C,C,C,0,1,0,0,0,(,59,1,cWW,cW-W,5.09,3.12,0.99,1.42,3.65,5.11,4.82,3.47,BI,anti,A,4.48,4.55,2.95,3.82,3.19,3.84,3.87,4.61,6.25,5.93,0.59,5.66,0.42,36.49,0.38,C3'-endo
49,148,0.67,A,A,A,1,0,0,0,0,.,,0,,,5.00,3.07,0.96,1.45,3.68,5.12,4.84,3.43,BI,anti,A,4.64,4.68,2.82,3.88,3.12,3.89,4.21,4.40,0.01,5.87,0.63,5.64,0.40,38.05,0.31,C3'-endo
50,149,0.68,U,U,U,0,0,0,1,0,.,52,1,cSW,cm-W,5.22,3.07,0.90,1.46,3.76,4.96,5.09,3.58,BI,anti,.,4.39,4.65,2.99,3.61,3.27,3.85,4.08,4.08,6.26,5.91,0.60,5.65,0.41,36.61,0.36,C3'-endo
51,150,0.70,U,U,U,0,0,0,1,0,.,,0,,,5.21,3.94,0.90,2.50,4.81,1.50,3.32,3.95,..,anti,.,1.02,0.90,3.99,1.82,4.10,1.50,4.06,1.17,5.86,0.63,5.71,0.35,0.05,35.80,2.74,C2'-endo
52,151,0.71,G,G,G,0,0,1,0,0,.,50,1,cWS,cW-m,3.87,2.82,1.11,1.53,3.74,5.34,4.68,4.64,BI,anti,.,0.47,4.55,2.43,3.95,2.53,3.99,2.37,4.40,0.02,5.89,0.59,5.69,0.36,35.45,0.29,C3'-endo
53,152,0.73,C,C,C,0,1,0,0,0,.,,0,,,5.12,4.52,1.09,1.80,2.07,4.19,4.17,4.01,..,anti,.,1.65,1.60,4.10,2.50,4.43,2.16,4.12,2.46,5.92,0.49,5.86,0.22,0.09,27.94,2.64,C2'-endo
54,153,0.74,A,A,A,1,0,0,0,0,.,,0,,,5.93,2.56,0.91,1.52,3.52,5.22,4.58,3.42,BI,anti,A,4.24,4.33,3.11,4.05,3.09,3.95,3.25,4.58,6.24,5.96,0.55,5.70,0.39,34.02,0.39,C3'-endo
55,154,0.75,C,C,C,0,1,0,0,0,.,,0,,,4.85,3.26,1.03,1.58,4.48,1.78,2.71,3.60,..,anti,.,3.66,4.41,3.13,1.56,3.36,0.91,4.23,5.48,0.01,5.91,0.56,5.71,0.35,33.67,0.31,C3'-endo
56,155,0.77,U,U,U,0,0,0,1,0,.,57,1,cSH,cm+M,1.17,2.99,0.80,2.50,4.82,2.48,2.34,4.16,BII,anti,.,0.67,0.81,6.27,2.99,0.51,2.89,2.02,3.09,5.93,0.56,5.74,0.36,6.27,32.76,2.83,C2'-endo
57,156,0.78,C,C,C,0,1,0,0,0,.,56,1,cHS,cM+m,2.80,3.95,1.20,1.54,3.45,5.28,4.45,3.30,BI,anti,.,4.25,4.28,2.40,4.03,2.21,4.06,2.58,4.86,6.25,5.94,0.58,5.67,0.41,35.71,0.38,C3'-endo
58,157,0.79,C,C,C,0,1,0,0,0,.,,0,,,4.77,3.36,0.98,1.57,3.12,4.78,4.62,3.46,BI,anti,.,4.14,4.13,2.85,3.03,3.24,2.81,4.37,2.99,0.01,5.93,0.54,5.73,0.35,32.37,0.31,C3'-endo
59,158,0.81,G,G,G,0,0,1,0,0,),48,1,cWW,cW-W,4.97,4.28,3.07,1.48,3.92,4.88,5.33,3.09,BI,anti,A,4.72,4.71,5.92,3.62,5.88,3.53,5.53,3.92,0.05,5.87,0.61,5.68,0.35,35.86,0.25,C3'-endo
60,159,0.82,G,G,G,0,0,1,0,0,),47,1,cWW,cW-W,5.24,2.88,1.01,1.44,3.82,4.80,5.30,3.29,BI,anti,A,4.60,4.64,2.97,3.72,3.24,3.75,3.95,4.25,0.01,5.88,0.62,5.65,0.40,37.52,0.32,C3'-endo
61,160,0.84,U,U,U,0,0,0,1,0,),46,1,cWW,cW-W,5.30,2.85,0.97,1.45,3.47,5.15,4.61,3.51,BI,anti,A,4.24,4.48,2.91,3.80,3.20,3.74,3.98,4.10,0.04,5.84,0.65,5.64,0.38,38.76,0.27,C3'-endo
62,161,0.85,G,G,G,0,0,1,0,0,),"42,45",2,"tHW,cWW","tM-W,cW-W",5.07,3.17,1.04,1.43,3.79,4.77,5.31,3.46,BI,anti,.,4.26,4.55,3.08,3.58,3.29,3.67,3.90,4.15,6.28,5.90,0.61,5.65,0.40,36.93,0.34,C3'-endo
63,162,0.86,G,G,G,0,0,1,0,0,.,"41,44",2,"tHW,cWW","tM-W,cW-W",5.01,2.93,1.12,1.57,0.92,2.98,4.23,3.94,..,anti,.,1.27,2.25,3.55,5.43,3.76,4.63,4.22,4.35,0.05,5.93,0.50,5.79,0.28,29.75,0.24,C3'-endo
64,163,0.88,U,U,U,0,0,0,1,0,.,,0,,,5.02,2.09,5.13,1.63,1.64,3.81,4.12,3.80,..,anti,.,1.77,1.75,0.84,1.27,1.77,0.76,2.02,6.18,5.79,0.30,6.27,6.02,0.47,28.43,1.61,O4'-endo
65,164,0.89,G,G,G,0,0,1,0,0,.,,0,,,1.78,3.88,1.11,1.63,0.14,3.13,3.30,4.08,..,anti,.,0.65,1.20,0.53,5.20,0.63,5.16,1.38,5.81,5.88,0.03,0.33,5.71,0.61,35.60,1.00,C4'-exo
66,165,0.90,A,A,A,1,0,0,0,0,.,20,1,cSS,cm-m,5.73,2.20,1.18,1.41,4.15,4.37,6.06,3.41,..,anti,.,3.93,4.44,3.39,3.58,4.06,3.61,3.99,4.14,6.22,5.95,0.59,5.64,0.44,36.94,0.42,C3'-endo
67,166,0.92,A,A,A,1,0,0,0,0,.,30,1,tSS,tm+m,5.40,2.60,0.79,1.50,3.94,5.37,4.85,4.07,BI,anti,.,2.68,4.69,2.95,4.19,3.10,3.53,3.76,2.92,0.04,5.87,0.61,5.67,0.36,36.37,0.27,C3'-endo
68,167,0.93,U,U,U,0,0,0,1,0,],17,1,cWW,cW-W,3.39,1.18,2.91,1.50,2.98,5.20,4.06,4.09,BI,anti,.,2.87,3.82,2.84,2.36,2.54,2.79,2.10,3.24,6.26,5.94,0.55,5.70,0.38,33.65,0.37,C3'-endo
69,168,0.95,G,G,G,0,0,1,0,0,],16,1,cWW,cW-W,2.38,3.35,3.19,1.41,3.70,5.09,4.89,3.43,BI,anti,A,4.60,4.67,2.77,3.28,2.96,3.34,3.62,3.75,0.02,5.87,0.63,5.66,0.38,37.45,0.29,C3'-endo
70,169,0.96,G,G,G,0,0,1,0,0,],15,1,cWW,cW-W,5.20,2.93,1.04,1.36,3.41,5.19,4.50,3.32,BI,anti,A,4.55,4.50,2.90,3.69,3.20,3.69,3.86,4.39,6.15,5.98,0.60,5.59,0.52,39.49,0.52,C3'-endo
71,170,0.97,G,G,G,0,0,1,0,0,],14,1,cWW,cW-W,4.81,3.30,1.06,1.43,3.53,4.96,4.86,3.37,BI,anti,A,4.69,4.64,2.88,3.59,3.14,3.63,4.14,3.92,0.05,5.85,0.62,5.67,0.36,36.81,0.26,C3'-endo
72,171,0.99,A,A,A,1,0,0,0,0,],13,1,cWW,cW-W,5.20,3.09,1.00,1.46,3.38,4.88,4.78,3.51,BI,anti,A,4.27,4.39,3.08,4.04,3.30,3.89,3.77,4.41,0.04,5.88,0.59,5.69,0.35,35.15,0.27,C3'-endo
73,172,1.00,C,C,C,0,1,0,0,0,],12,1,cWW,cW-W,2.69,3.71,2.91,1.23,,,,3.28,n/a,anti,-,,,,,,,,,0.05,5.85,0.63,5.66,0.36,37.24,0.25,C3'-endo
