index_chain,old_nt_resnum,nt_position,nt_name,nt_code,nt_align_code,is_A,is_C,is_G,is_U,is_other,dbn,paired,nb_interact,pair_type_LW,pair_type_DSSR,alpha,beta,gamma,delta,epsilon,zeta,epsilon_zeta,chi,bb_type,glyco_bond,form,ssZp,Dp,eta,theta,eta_prime,theta_prime,eta_base,theta_base,v0,v1,v2,v3,v4,amplitude,phase_angle,puckering
1,100,0.01,U,U,U,0,0,0,1,0,.,,0,,,,,3.09,1.51,2.92,0.87,2.05,3.65,..,anti,.,3.90,4.02,,,,,,,0.06,5.88,0.57,5.73,0.31,33.39,0.23,C3'-endo
2,101,0.03,G,G,G,0,0,1,0,0,(,38,1,cWW,cW-W,4.83,4.42,2.84,1.48,4.55,4.82,6.01,2.64,..,anti,A,4.41,4.61,0.00,4.20,0.74,4.12,0.49,4.65,0.07,5.87,0.58,5.72,0.31,34.11,0.21,C3'-endo
3,102,0.04,G,G,G,0,0,1,0,0,(,37,1,cWW,cW-W,5.10,2.88,0.93,1.48,3.75,5.12,4.92,3.43,BI,anti,.,4.30,4.53,2.61,3.99,3.03,3.90,4.04,4.10,6.25,5.94,0.56,5.68,0.40,34.77,0.38,C3'-endo
4,103,0.05,C,C,C,0,1,0,0,0,(,36,1,cWW,cW-W,5.04,3.10,0.93,1.29,3.39,4.95,4.73,3.72,BI,anti,A,4.19,4.46,2.75,3.36,3.00,3.37,3.51,3.78,6.07,6.01,0.62,5.53,0.61,42.82,0.60,C3'-endo
5,104,0.07,C,C,C,0,1,0,0,0,(,35,1,cWW,cW-W,5.33,2.92,0.93,1.39,3.39,5.00,4.67,3.43,BI,anti,A,4.53,4.45,2.99,3.51,3.19,3.53,3.80,3.89,6.19,5.96,0.60,5.61,0.48,38.41,0.46,C3'-endo
6,105,0.08,G,G,G,0,0,1,0,0,(,34,1,cWW,cW-W,5.01,3.31,0.96,1.42,3.43,5.15,4.56,3.54,BI,anti,A,4.51,4.59,2.99,3.66,3.14,3.64,3.66,3.85,0.02,5.87,0.63,5.65,0.39,37.79,0.30,C3'-endo
7,106,0.10,G,G,G,0,0,1,0,0,(,33,1,cWW,cW-W,5.19,3.36,0.70,1.36,3.60,5.14,4.75,3.65,BI,anti,A,4.27,4.65,2.98,3.68,3.09,3.77,3.48,4.35,0.02,5.87,0.63,5.65,0.39,37.74,0.30,C3'-endo
8,107,0.11,C,C,C,0,1,0,0,0,(,32,1,cWW,cW-W,5.27,2.95,0.93,1.38,3.56,4.97,4.87,3.48,BI,anti,A,4.50,4.57,2.91,3.63,3.23,3.65,4.06,4.21,6.27,5.89,0.62,5.63,0.42,38.09,0.35,C3'-endo
9,108,0.12,A,A,A,1,0,0,0,0,.,,0,,,5.31,2.94,0.92,1.42,3.75,5.17,4.86,3.23,BI,anti,A,4.72,4.70,3.00,4.00,3.25,4.05,4.08,4.75,0.05,5.84,0.64,5.65,0.37,37.99,0.25,C3'-endo
10,109,0.14,U,U,U,0,0,0,1,0,.,,0,,,5.20,3.15,0.89,1.48,3.90,4.15,6.03,3.52,..,anti,.,4.32,4.64,3.03,3.82,3.35,3.54,4.35,3.11,0.03,5.88,0.60,5.68,0.36,35.70,0.28,C3'-endo
11,110,0.15,G,G,G,0,0,1,0,0,.,,0,,,0.68,2.17,2.79,1.46,3.59,5.23,4.64,3.29,BI,anti,A,4.77,4.64,6.16,3.07,6.10,3.30,5.95,3.91,0.08,5.84,0.63,5.68,0.33,36.70,0.21,C3'-endo
12,111,0.16,G,G,G,0,0,1,0,0,[,73,1,cWW,cW-W,5.14,3.35,0.82,1.43,3.57,4.86,4.99,3.45,BI,anti,A,4.47,4.57,3.03,3.52,3.28,3.61,4.02,3.88,0.03,5.88,0.61,5.67,0.37,36.42,0.28,C3'-endo
13,112,0.18,U,U,U,0,0,0,1,0,[,72,1,cWW,cW-W,5.38,2.98,0.85,1.48,3.35,5.66,3.97,3.55,BI,anti,A,4.05,4.31,3.05,4.06,3.26,3.87,3.66,4.40,0.01,5.90,0.59,5.69,0.37,35.31,0.31,C3'-endo
14,113,0.19,C,C,C,0,1,0,0,0,[,71,1,cWW,cW-W,3.82,2.39,2.40,1.48,4.10,4.88,5.50,3.09,..,anti,A,4.73,4.73,2.95,3.46,3.22,3.56,4.16,4.18,0.11,5.83,0.61,5.71,0.29,35.62,0.15,C3'-endo
15,114,0.21,C,C,C,0,1,0,0,0,[,70,1,cWW,cW-W,5.10,2.95,0.96,1.47,3.54,5.08,4.74,3.18,BI,anti,A,4.59,4.57,2.76,3.76,3.09,3.72,3.99,3.84,0.03,5.87,0.62,5.66,0.37,36.98,0.28,C3'-endo
16,115,0.22,C,C,C,0,1,0,0,0,[,69,1,cWW,cW-W,5.17,3.33,0.76,1.42,3.56,5.15,4.69,3.59,BI,anti,A,4.29,4.54,2.99,3.70,3.13,3.69,3.49,3.99,0.02,5.88,0.61,5.66,0.38,36.76,0.30,C3'-endo
17,116,0.23,A,A,A,1,0,0,0,0,[,68,1,cWW,cW-W,5.02,2.94,1.07,1.36,3.54,5.17,4.65,3.37,BI,anti,A,4.57,4.57,2.80,3.73,3.07,3.77,3.65,4.50,6.24,5.91,0.63,5.61,0.45,39.08,0.39,C3'-endo
18,117,0.25,G,G,G,0,0,1,0,0,(,31,1,cWW,cW-W,4.96,3.11,1.12,1.44,3.64,5.03,4.89,3.38,BI,anti,A,4.58,4.65,2.95,3.77,3.29,3.79,4.33,4.30,0.07,5.82,0.66,5.65,0.36,38.87,0.23,C3'-endo
19,118,0.26,C,C,C,0,1,0,0,0,(,30,1,cWW,cW-W,5.25,2.97,0.97,1.46,3.48,5.08,4.68,3.38,BI,anti,A,4.53,4.54,2.96,3.73,3.29,3.71,4.13,4.10,0.02,5.87,0.62,5.66,0.38,37.16,0.29,C3'-endo
20,119,0.27,C,C,C,0,1,0,0,0,(,"29,66",2,"cWW,cSS","cW-W,cm-m",5.19,3.17,0.93,1.43,3.67,4.82,5.14,3.46,BI,anti,.,4.39,4.54,3.09,3.59,3.30,3.72,3.91,3.59,0.01,5.88,0.61,5.66,0.39,36.94,0.31,C3'-endo
21,120,0.29,U,U,U,0,0,0,1,0,.,26,1,tWH,tW-M,5.44,2.96,0.96,2.40,4.06,4.66,5.69,4.10,..,anti,.,2.20,1.80,3.29,5.10,3.68,4.15,3.59,3.37,5.85,0.61,5.74,0.31,0.08,34.53,2.69,C2'-endo
22,121,0.30,C,C,C,0,1,0,0,0,[,"40,43",2,"cWW,cSW","cW-W,cm-W",1.64,2.91,0.71,1.47,3.79,4.94,5.13,3.37,BI,anti,A,4.21,4.44,5.20,4.35,6.01,4.19,0.37,4.69,6.27,5.92,0.58,5.68,0.39,35.35,0.35,C3'-endo
23,122,0.32,C,C,C,0,1,0,0,0,[,39,1,cWW,cW-W,2.82,3.37,2.85,1.49,4.87,1.60,3.27,3.47,..,anti,.,3.64,4.47,2.83,1.52,3.11,2.07,3.85,3.08,0.03,5.88,0.59,5.69,0.35,35.22,0.27,C3'-endo
24,123,0.33,U,U,U,0,0,0,1,0,.,,0,,,2.42,4.64,3.07,1.52,4.10,2.09,2.01,4.29,..,anti,.,1.65,4.69,4.39,0.91,4.23,0.06,3.43,5.76,0.07,5.86,0.60,5.71,0.32,34.98,0.21,C3'-endo
25,124,0.34,C,C,C,0,1,0,0,0,.,,0,,,2.09,1.60,3.16,2.46,4.64,2.78,1.87,3.19,BII,anti,.,1.06,1.15,2.96,1.77,3.16,1.65,3.67,0.69,5.97,0.53,5.76,0.36,6.25,31.27,2.87,C2'-endo
26,125,0.36,G,G,G,0,0,1,0,0,.,21,1,tHW,tM-W,0.85,3.90,2.96,1.54,0.07,1.01,5.34,4.73,..,anti,.,-0.60,2.65,3.04,2.36,2.52,2.83,1.80,3.10,6.25,5.96,0.53,5.72,0.38,32.72,0.38,C3'-endo
27,126,0.37,C,C,C,0,1,0,0,0,.,,0,,,2.10,4.28,3.14,1.51,3.48,4.01,5.75,2.88,..,anti,.,4.08,4.40,4.11,2.81,4.43,2.36,4.83,3.15,0.03,5.89,0.58,5.70,0.35,34.65,0.27,C3'-endo
28,127,0.38,U,U,U,0,0,0,1,0,.,,0,,,1.08,3.21,1.10,1.53,3.03,2.69,0.34,3.67,..,anti,.,3.81,4.05,5.43,1.70,5.45,1.13,4.41,6.00,0.02,5.91,0.56,5.72,0.35,33.35,0.30,C3'-endo
29,128,0.40,G,G,G,0,0,1,0,0,),20,1,cWW,cW-W,1.19,2.37,3.05,1.48,3.98,4.89,5.37,3.21,BI,anti,A,4.52,4.57,1.04,3.06,1.06,3.33,2.50,4.12,0.04,5.88,0.59,5.70,0.35,34.86,0.27,C3'-endo
30,129,0.41,G,G,G,0,0,1,0,0,),"19,67",2,"cWW,tSS","cW-W,tm+m",5.30,2.66,1.00,1.46,3.63,4.98,4.94,3.31,BI,anti,A,4.38,4.39,2.82,3.78,3.22,3.73,4.19,4.30,6.18,5.99,0.55,5.65,0.46,35.88,0.49,C3'-endo
31,130,0.42,C,C,C,0,1,0,0,0,),18,1,cWW,cW-W,5.00,3.06,0.98,1.42,3.72,2.44,1.28,3.47,..,anti,.,4.34,4.61,2.87,1.73,3.09,1.29,3.95,0.04,0.03,5.86,0.64,5.65,0.38,37.96,0.28,C3'-endo
32,131,0.44,G,G,G,0,0,1,0,0,),8,1,cWW,cW-W,0.60,2.29,3.02,1.45,3.77,4.96,5.09,3.19,BI,anti,A,4.64,4.64,0.74,2.94,0.70,3.20,1.98,3.77,0.04,5.88,0.60,5.69,0.35,35.53,0.26,C3'-endo
33,132,0.45,C,C,C,0,1,0,0,0,),7,1,cWW,cW-W,5.35,2.99,0.81,1.43,3.63,5.06,4.86,3.36,BI,anti,A,4.61,4.58,2.95,3.79,3.20,3.80,3.88,4.23,6.22,5.95,0.58,5.65,0.43,36.19,0.42,C3'-endo
34,133,0.47,C,C,C,0,1,0,0,0,),6,1,cWW,cW-W,5.12,3.10,0.94,1.43,3.50,5.05,4.73,3.42,BI,anti,A,4.38,4.45,2.90,3.64,3.15,3.59,3.85,3.86,6.20,5.95,0.60,5.62,0.47,38.22,0.45,C3'-endo
35,134,0.48,G,G,G,0,0,1,0,0,),5,1,cWW,cW-W,5.09,3.09,0.94,1.36,3.41,5.04,4.65,3.53,BI,anti,A,4.47,4.53,2.86,3.50,3.06,3.52,3.59,3.94,6.24,5.91,0.63,5.61,0.46,39.22,0.39,C3'-endo
36,135,0.49,G,G,G,0,0,1,0,0,),4,1,cWW,cW-W,5.02,3.16,0.96,1.42,3.40,5.00,4.68,3.39,BI,anti,A,4.57,4.55,2.87,3.54,3.08,3.55,3.74,3.82,0.01,5.87,0.64,5.63,0.41,38.67,0.31,C3'-endo
37,136,0.51,C,C,C,0,1,0,0,0,),3,1,cWW,cW-W,5.22,3.21,0.92,1.45,3.63,5.18,4.74,3.36,BI,anti,A,4.49,4.54,3.13,3.90,3.26,3.94,3.68,4.70,0.01,5.89,0.61,5.66,0.39,36.79,0.31,C3'-endo
38,137,0.52,U,U,U,0,0,0,1,0,),2,1,cWW,cW-W,5.24,2.95,0.94,1.40,3.58,4.47,5.38,3.50,BI,anti,.,4.44,4.59,2.93,3.16,3.30,3.21,4.41,3.31,0.01,5.88,0.62,5.65,0.40,37.48,0.31,C3'-endo
39,138,0.53,G,G,G,0,0,1,0,0,],23,1,cWW,cW-W,5.33,2.91,0.91,1.42,3.52,5.01,4.79,3.34,BI,anti,A,4.58,4.60,3.05,3.68,3.06,3.66,3.19,4.05,0.04,5.85,0.64,5.65,0.38,38.23,0.27,C3'-endo
40,139,0.55,G,G,G,0,0,1,0,0,],22,1,cWW,cW-W,5.34,3.09,0.90,1.43,3.69,5.18,4.80,3.38,BI,anti,A,4.56,4.64,3.15,3.92,3.33,3.97,3.95,4.62,0.05,5.86,0.62,5.67,0.36,36.75,0.26,C3'-endo
41,140,0.56,G,G,G,0,0,1,0,0,.,"43,63",2,"cSH,tWH","cm+M,tW-M",5.18,3.11,0.84,1.42,3.90,5.19,5.00,3.57,BI,anti,.,4.35,4.71,2.94,3.66,3.24,3.56,4.16,3.08,0.01,5.89,0.61,5.67,0.38,36.59,0.30,C3'-endo
42,141,0.58,C,C,C,0,1,0,0,0,.,"45,62",2,"tW.,tWH","tW+.,tW-M",4.44,1.67,2.98,2.49,4.43,3.31,1.12,3.62,BII,anti,.,1.27,1.25,4.39,1.60,4.03,1.87,3.45,1.52,5.90,0.59,5.72,0.37,0.00,34.45,2.81,C2'-endo
43,142,0.59,A,A,A,1,0,0,0,0,.,"22,41",2,"cWS,cHS","cW-m,cM+m",4.18,2.62,0.31,1.47,3.42,5.11,4.59,3.30,BI,anti,A,4.34,4.40,1.99,3.73,1.84,3.80,1.70,4.38,0.01,5.92,0.56,5.71,0.36,33.83,0.31,C3'-endo
44,143,0.60,A,A,A,1,0,0,0,0,.,63,1,cWW,cW-W,5.08,3.27,0.86,1.50,3.57,5.29,4.56,3.46,BI,anti,A,4.39,4.53,3.01,4.00,3.22,4.00,4.00,4.56,0.06,5.87,0.59,5.71,0.32,34.77,0.23,C3'-endo
45,144,0.62,C,C,C,0,1,0,0,0,(,"42,62",2,"t.W,cWW","t.+W,cW-W",4.92,3.21,0.90,1.38,3.59,5.02,4.85,3.45,BI,anti,A,4.54,4.62,2.78,3.63,3.08,3.70,3.98,4.22,6.28,5.86,0.66,5.60,0.43,40.10,0.33,C3'-endo
46,145,0.63,A,A,A,1,0,0,0,0,(,61,1,cWW,cW-W,5.15,3.01,0.99,1.47,3.63,5.01,4.91,3.51,BI,anti,A,4.09,4.51,2.97,3.78,3.23,3.76,3.95,4.23,0.03,5.85,0.65,5.64,0.39,38.72,0.27,C3'-endo
47,146,0.64,C,C,C,0,1,0,0,0,(,60,1,cWW,cW-W,5.14,2.99,0.98,1.44,3.48,5.13,4.64,3.49,BI,anti,A,4.39,4.47,2.90,3.75,3.18,3.71,3.94,4.15,6.24,5.92,0.61,5.63,0.44,37.63,0.39,C3'-endo
48,147,0.66,C,C,C,0,1,0,0,0,(,59,1,cWW,cW-W,4.94,3.25,0.95,1.44,3.55,5.14,4.70,3.38,BI,anti,A,4.63,4.59,2.87,3.77,3.09,3.81,3.82,4.50,6.27,5.90,0.61,5.64,0.41,37.34,0.34,C3'-endo
49,148,0.67,A,A,A,1,0,0,0,0,.,,0,,,4.95,3.12,1.00,1.45,3.64,5.15,4.78,3.39,BI,anti,A,4.60,4.64,2.85,3.89,3.14,3.92,4.13,4.49,0.03,5.82,0.69,5.60,0.41,41.15,0.28,C3'-endo
50,149,0.68,U,U,U,0,0,0,1,0,.,52,1,cWW,cW-W,5.15,3.10,0.95,1.44,3.76,4.97,5.08,3.46,BI,anti,.,4.62,4.68,3.00,3.63,3.30,3.85,4.18,4.03,0.00,5.86,0.65,5.62,0.42,39.33,0.32,C3'-endo
51,150,0.70,U,U,U,0,0,0,1,0,.,,0,,,5.29,3.89,0.91,2.51,4.58,1.72,2.86,4.02,..,anti,.,1.28,1.09,3.96,1.84,4.07,1.52,4.02,1.22,5.85,0.63,5.72,0.33,0.06,35.73,2.71,C2'-endo
52,151,0.71,G,G,G,0,0,1,0,0,.,50,1,cWW,cW-W,4.22,2.55,0.93,1.52,3.85,5.18,4.95,4.52,BI,anti,.,0.96,4.60,2.47,3.99,2.59,4.03,2.41,4.36,0.02,5.90,0.58,5.70,0.36,34.73,0.29,C3'-endo
53,152,0.73,C,C,C,0,1,0,0,0,.,,0,,,5.32,4.21,1.14,1.47,2.07,4.69,3.67,4.12,..,anti,.,1.63,1.79,4.13,2.50,4.40,2.21,4.13,2.55,5.89,0.52,5.82,0.25,0.09,29.84,2.65,C2'-endo
54,153,0.74,A,A,A,1,0,0,0,0,.,,0,,,5.65,2.81,0.90,1.47,3.45,5.26,4.48,3.50,BI,anti,A,4.33,4.44,3.08,3.92,3.06,3.89,3.30,4.49,0.02,5.88,0.61,5.67,0.37,36.58,0.29,C3'-endo
55,154,0.75,C,C,C,0,1,0,0,0,.,,0,,,4.88,3.25,1.07,1.50,4.32,2.10,2.22,3.66,..,anti,.,3.54,4.54,3.16,1.64,3.38,0.97,4.17,5.65,0.02,5.89,0.60,5.67,0.38,36.02,0.30,C3'-endo
56,155,0.77,U,U,U,0,0,0,1,0,.,58,1,cSH,cm+M,0.85,3.33,0.93,2.54,4.93,2.51,2.42,3.56,BII,anti,.,0.57,0.66,0.05,3.10,0.55,2.94,1.99,2.90,5.93,0.56,5.74,0.36,6.28,32.71,2.82,C2'-endo
57,156,0.78,C,C,C,0,1,0,0,0,.,,0,,,2.66,3.89,1.23,1.48,3.63,5.08,4.83,3.28,BI,anti,A,4.63,4.57,2.30,3.91,2.14,3.94,2.30,4.50,0.00,5.89,0.62,5.65,0.40,37.34,0.32,C3'-endo
58,157,0.79,C,C,C,0,1,0,0,0,.,56,1,cHS,cM+m,5.08,3.03,0.99,1.43,3.47,4.68,5.07,3.32,BI,anti,.,4.49,4.47,2.91,3.05,3.22,2.84,4.11,2.91,6.26,5.90,0.61,5.65,0.42,37.24,0.35,C3'-endo
59,158,0.81,G,G,G,0,0,1,0,0,),48,1,cWW,cW-W,5.19,4.06,3.06,1.44,3.81,4.89,5.21,3.14,BI,anti,A,4.90,4.72,5.96,3.50,5.92,3.46,5.62,3.90,0.03,5.86,0.63,5.65,0.38,37.43,0.28,C3'-endo
60,159,0.82,G,G,G,0,0,1,0,0,),47,1,cWW,cW-W,5.29,2.95,0.93,1.46,3.61,5.05,4.84,3.40,BI,anti,A,4.49,4.57,3.01,3.80,3.27,3.80,3.98,4.27,0.04,5.85,0.64,5.65,0.38,38.18,0.27,C3'-endo
61,160,0.84,U,U,U,0,0,0,1,0,),46,1,cWW,cW-W,5.16,3.00,0.96,1.44,3.57,4.96,4.89,3.50,BI,anti,A,4.39,4.59,2.91,3.67,3.21,3.68,3.99,4.13,0.03,5.86,0.64,5.64,0.39,38.30,0.29,C3'-endo
62,161,0.85,G,G,G,0,0,1,0,0,),"42,45",2,"tHW,cWW","tM-W,cW-W",5.23,2.97,1.02,1.44,3.61,5.00,4.89,3.44,BI,anti,A,4.25,4.54,3.04,3.68,3.28,3.77,3.97,3.99,0.04,5.87,0.61,5.68,0.35,36.11,0.26,C3'-endo
63,162,0.86,G,G,G,0,0,1,0,0,.,"41,44",2,"tHW,cWW","tM-W,cW-W",5.14,3.43,0.86,2.52,5.57,4.14,1.44,4.22,..,anti,.,1.07,1.10,3.58,5.48,3.89,4.64,4.07,4.39,6.04,0.38,5.93,0.23,0.01,21.41,2.78,C2'-endo
64,163,0.88,U,U,U,0,0,0,1,0,.,,0,,,5.36,2.27,5.14,1.72,1.43,4.09,3.62,3.83,..,anti,.,1.35,1.31,0.91,1.30,1.79,0.77,2.10,0.13,5.95,0.33,6.08,0.02,0.19,19.29,2.22,C1'-exo
65,164,0.89,G,G,G,0,0,1,0,0,.,,0,,,1.88,3.82,1.10,1.58,6.28,3.14,3.14,4.03,..,anti,.,1.00,1.80,0.57,4.96,0.54,4.98,1.04,5.68,5.97,6.20,0.42,5.67,0.59,36.10,0.84,C4'-exo
66,165,0.90,A,A,A,1,0,0,0,0,.,20,1,cSS,cm-m,5.78,2.37,1.15,1.44,4.22,4.36,6.15,3.40,..,anti,.,4.12,4.56,3.63,3.62,4.17,3.66,4.02,4.17,6.27,5.91,0.60,5.65,0.40,36.57,0.35,C3'-endo
67,166,0.92,A,A,A,1,0,0,0,0,.,30,1,tSS,tm+m,5.33,2.58,0.90,1.50,4.16,5.15,5.29,4.05,..,anti,.,2.49,4.75,3.01,4.11,3.15,3.49,3.75,2.87,0.09,5.84,0.62,5.70,0.32,36.03,0.19,C3'-endo
68,167,0.93,U,U,U,0,0,0,1,0,],17,1,cWW,cW-W,3.47,1.33,2.77,1.49,3.00,5.16,4.13,4.02,BI,anti,.,3.11,3.75,2.89,2.44,2.57,2.84,2.13,3.36,6.13,6.05,0.51,5.67,0.48,34.56,0.58,C3'-endo
69,168,0.95,G,G,G,0,0,1,0,0,],16,1,cWW,cW-W,2.40,3.37,3.20,1.41,3.66,5.06,4.88,3.31,BI,anti,A,4.77,4.64,2.79,3.22,2.98,3.32,3.71,3.88,6.25,5.92,0.60,5.65,0.42,37.13,0.38,C3'-endo
70,169,0.96,G,G,G,0,0,1,0,0,],15,1,cWW,cW-W,5.26,2.97,0.94,1.35,3.80,4.97,5.10,3.25,BI,anti,A,4.64,4.70,2.95,3.74,3.21,3.77,4.00,4.34,6.26,5.87,0.66,5.59,0.45,40.57,0.35,C3'-endo
71,170,0.97,G,G,G,0,0,1,0,0,],14,1,cWW,cW-W,4.90,2.97,1.26,1.44,3.41,4.94,4.76,3.38,BI,anti,A,4.50,4.50,2.84,3.51,3.16,3.47,4.02,3.77,6.28,5.89,0.61,5.65,0.41,37.30,0.34,C3'-endo
72,171,0.99,A,A,A,1,0,0,0,0,],13,1,cWW,cW-W,5.12,3.17,0.97,1.45,3.42,4.82,4.89,3.54,BI,anti,A,4.38,4.52,3.05,4.05,3.20,3.95,3.69,4.49,0.07,5.85,0.61,5.70,0.32,35.60,0.21,C3'-endo
73,172,1.00,C,C,C,0,1,0,0,0,],12,1,cWW,cW-W,2.62,3.86,2.96,1.26,,,,3.15,n/a,anti,-,,,,,,,,,0.06,5.85,0.62,5.68,0.34,36.33,0.23,C3'-endo
