index_chain,old_nt_resnum,nt_position,nt_name,nt_code,nt_align_code,is_A,is_C,is_G,is_U,is_other,dbn,paired,nb_interact,pair_type_LW,pair_type_DSSR,alpha,beta,gamma,delta,epsilon,zeta,epsilon_zeta,chi,bb_type,glyco_bond,form,ssZp,Dp,eta,theta,eta_prime,theta_prime,eta_base,theta_base,v0,v1,v2,v3,v4,amplitude,phase_angle,puckering
1,1,0.01,C,C,C,0,1,0,0,0,.,,0,,,,,0.12,1.55,3.22,6.26,3.25,4.03,..,anti,.,3.23,4.22,,,,,,,0.13,5.85,0.55,5.79,0.24,31.70,0.10,C3'-endo
2,2,0.01,G,G,G,0,0,1,0,0,.,,0,,,4.14,3.32,2.47,1.50,4.63,4.89,6.02,2.64,..,anti,.,5.15,5.05,4.13,4.19,4.76,4.22,5.41,4.95,0.49,5.53,0.72,5.85,6.25,44.01,5.92,C2'-exo
3,3,0.02,A,A,A,1,0,0,0,0,.,0,1,cWW,cW-W,4.98,2.84,1.18,1.46,4.14,4.96,5.46,2.74,..,anti,A,4.73,4.87,2.76,4.10,3.20,4.14,4.51,4.68,0.27,5.66,0.72,5.70,0.20,41.23,6.24,C2'-exo
4,4,0.03,C,C,C,0,1,0,0,0,),0,1,cWW,cW-W,5.29,3.13,0.86,1.55,3.49,5.33,4.44,3.34,BI,anti,A,4.20,4.38,2.96,4.02,3.31,4.04,4.27,4.47,0.15,5.79,0.63,5.72,0.26,36.05,0.10,C3'-endo
5,5,0.03,U,U,U,0,0,0,1,0,),0,1,cWW,cW-W,4.90,3.09,1.29,1.53,3.51,4.96,4.83,3.39,BI,anti,.,3.54,3.73,3.07,3.69,3.50,3.65,4.25,4.04,5.94,6.27,0.34,5.74,0.56,32.82,0.94,C4'-exo
6,6,0.04,C,C,C,0,1,0,0,0,),0,1,cWW,cW-W,4.89,3.19,0.93,1.45,3.39,5.13,4.54,3.77,BI,anti,.,3.59,4.10,2.82,3.67,3.03,3.64,3.63,3.95,6.15,6.02,0.53,5.66,0.48,35.40,0.53,C3'-endo
7,7,0.04,U,U,U,0,0,0,1,0,),0,1,cWW,cW-W,5.05,3.17,0.86,1.33,3.53,5.22,4.60,3.82,BI,anti,.,3.68,4.46,2.90,3.67,3.08,3.66,3.55,4.15,6.11,6.00,0.60,5.57,0.56,40.61,0.56,C3'-endo
8,8,0.05,U,U,U,0,0,0,1,0,),0,1,cWW,cW-W,4.64,2.69,1.66,1.20,4.11,5.14,5.25,3.37,..,anti,.,4.54,4.88,2.91,3.80,3.16,3.71,3.90,4.24,0.01,5.80,0.75,5.53,0.47,45.20,0.31,C3'-endo
9,9,0.06,A,A,A,1,0,0,0,0,.,,0,,,4.54,2.44,1.82,1.22,4.29,4.69,5.88,2.75,..,anti,.,5.02,4.95,2.75,3.54,3.05,3.52,4.06,4.03,0.28,5.59,0.83,5.61,0.25,47.32,6.27,C2'-exo
10,10,0.06,G,G,G,0,0,1,0,0,.,0,1,cWW,cW-W,5.11,2.78,1.06,1.22,4.42,5.08,5.62,2.67,..,anti,.,5.08,4.99,2.91,3.99,3.00,3.96,3.78,4.23,0.25,5.61,0.82,5.61,0.27,46.88,0.00,C3'-endo
11,11,0.07,C,C,C,0,1,0,0,0,.,12,1,cWH,cW+M,4.58,2.11,2.22,1.31,4.31,4.94,5.66,2.37,..,anti,.,4.64,5.00,3.01,3.61,3.27,3.61,4.04,4.32,0.25,5.64,0.79,5.64,0.26,45.24,0.00,C3'-endo
12,12,0.08,G,G,G,0,0,1,0,0,.,11,1,cHW,cM+W,4.73,2.78,1.45,1.42,3.64,5.03,4.89,2.63,BI,anti,.,3.79,4.48,2.72,4.16,3.09,3.99,4.20,3.99,6.24,5.91,0.62,5.63,0.44,38.21,0.38,C3'-endo
13,13,0.08,G,G,G,0,0,1,0,0,),0,1,cWW,cW-W,3.18,3.41,2.92,1.50,3.47,5.40,4.35,2.92,BI,anti,B,2.16,3.38,3.11,3.71,3.43,3.81,3.77,4.87,5.90,6.26,0.39,5.66,0.63,37.30,0.93,C4'-exo
14,14,0.09,U,U,U,0,0,0,1,0,.,0,1,tWH,tW-M,4.54,3.50,1.03,1.81,3.39,5.16,4.51,4.19,BI,anti,.,1.38,2.78,2.77,4.02,3.30,3.95,4.53,5.07,6.20,6.21,0.19,6.03,0.21,14.22,0.68,C4'-exo
15,15,0.10,G,G,G,0,0,1,0,0,.,0,1,tSH,tm-M,4.87,2.88,1.05,1.45,4.21,4.26,6.24,4.14,..,anti,.,2.11,4.49,2.88,3.63,3.22,3.78,4.44,4.24,6.24,5.93,0.60,5.65,0.43,37.00,0.39,C3'-endo
16,16,0.10,G,G,G,0,0,1,0,0,.,0,1,tSH,tm-M,5.69,1.69,1.62,1.68,3.48,3.93,5.82,3.49,..,anti,.,4.17,3.80,2.93,2.95,3.65,2.61,4.26,2.70,5.68,0.30,0.08,5.86,0.65,37.02,1.44,O4'-endo
17,17,0.11,A,A,A,1,0,0,0,0,.,0,1,tHS,tM-m,4.64,2.78,1.50,1.48,3.66,5.33,4.61,3.38,BI,anti,.,4.45,4.57,3.05,4.11,2.97,4.04,3.03,4.84,0.11,5.79,0.66,5.68,0.31,38.01,0.16,C3'-endo
18,18,0.12,U,U,U,0,0,0,1,0,.,0,1,cWW,cW-W,4.92,3.26,0.96,1.53,3.67,5.08,4.87,3.48,BI,anti,A,4.37,4.56,2.90,3.88,3.32,3.88,4.53,4.39,0.15,5.80,0.62,5.74,0.25,35.50,0.09,C3'-endo
19,19,0.12,C,C,C,0,1,0,0,0,),"0,0",2,"cWW,cSS","cW-W,cm-m",4.85,2.96,1.19,1.40,3.75,5.08,4.95,3.43,BI,anti,A,4.55,4.71,2.84,3.86,3.14,3.81,3.96,4.28,0.06,5.80,0.69,5.62,0.38,40.56,0.23,C3'-endo
20,20,0.13,A,A,A,1,0,0,0,0,),0,1,cWW,cW-W,5.18,3.08,0.81,1.29,3.40,4.88,4.80,3.40,BI,anti,A,4.62,4.66,2.83,3.79,3.09,3.80,3.91,4.30,0.04,5.80,0.72,5.57,0.43,42.58,0.27,C3'-endo
21,21,0.13,C,C,C,0,1,0,0,0,),0,1,cWW,cW-W,3.08,3.65,2.72,1.55,3.94,5.23,4.99,3.23,BI,anti,.,4.60,4.63,2.99,4.02,3.29,4.01,4.05,4.32,0.15,5.80,0.62,5.74,0.25,35.38,0.08,C3'-endo
22,22,0.14,U,U,U,0,0,0,1,0,.,0,1,tWH,tW-M,5.11,3.11,1.23,2.03,4.06,4.01,0.05,3.79,..,anti,.,3.09,2.66,3.23,3.93,3.71,3.02,4.28,2.34,5.59,0.64,5.93,6.24,0.46,39.54,2.10,C1'-exo
23,23,0.15,C,C,C,0,1,0,0,0,.,,0,,,2.50,2.59,1.05,2.62,4.82,5.06,6.05,4.59,..,anti,.,-0.64,0.19,0.49,5.61,1.37,5.16,1.31,6.08,6.03,0.59,5.60,0.55,6.10,39.01,3.09,C2'-endo
24,24,0.15,G,G,G,0,0,1,0,0,),"0,0",2,"cWW,tSS","cW-W,tm+m",5.21,3.32,1.01,1.43,3.41,4.96,4.73,3.42,BI,anti,.,4.47,4.52,2.86,4.07,3.66,3.90,3.63,4.07,0.09,5.81,0.66,5.65,0.34,38.78,0.20,C3'-endo
25,25,0.16,G,G,G,0,0,1,0,0,),0,1,cWW,cW-W,2.47,3.56,3.32,1.46,4.07,5.14,5.21,3.05,..,anti,.,4.78,4.77,3.03,3.64,3.25,3.79,3.81,4.65,0.15,5.76,0.68,5.67,0.29,39.09,0.11,C3'-endo
26,26,0.17,C,C,C,0,1,0,0,0,),0,1,cWW,cW-W,5.15,3.01,1.02,1.38,3.83,4.95,5.17,3.33,BI,anti,A,4.57,4.69,2.90,3.76,3.33,3.75,4.49,4.18,0.06,5.81,0.69,5.61,0.39,40.67,0.24,C3'-endo
27,27,0.17,U,U,U,0,0,0,1,0,),0,1,cWW,cW-W,5.09,2.78,1.11,1.23,3.72,5.07,4.93,3.19,BI,anti,A,4.81,4.78,2.81,3.71,3.06,3.68,3.84,4.08,0.06,5.77,0.76,5.54,0.43,44.87,0.25,C3'-endo
28,28,0.18,C,C,C,0,1,0,0,0,),"0,0",2,"cWW,tSW","cW-W,tm+W",5.37,3.03,0.79,1.26,3.38,4.97,4.69,3.16,BI,anti,A,4.83,4.69,2.93,3.81,3.15,3.70,3.92,4.20,0.04,5.77,0.77,5.52,0.46,46.00,0.27,C3'-endo
29,29,0.19,G,G,G,0,0,1,0,0,),"0,0",2,"cWW,cWW","cW-W,cW-W",2.65,3.33,3.08,1.55,4.20,4.80,5.68,2.71,..,anti,.,4.95,4.95,2.90,3.53,3.08,3.66,3.98,3.91,0.44,5.58,0.70,5.83,0.00,41.98,5.97,C2'-exo
30,30,0.19,U,U,U,0,0,0,1,0,),0,1,cWW,cW-W,5.40,2.89,0.97,1.37,3.54,5.14,4.69,3.11,BI,anti,A,4.54,4.60,3.01,3.74,3.32,3.71,3.80,4.15,0.06,5.79,0.71,5.59,0.40,42.03,0.24,C3'-endo
31,31,0.20,G,G,G,0,0,1,0,0,),0,1,cWW,cW-W,4.97,3.25,0.93,1.44,3.75,5.16,4.87,3.23,BI,anti,A,4.59,4.60,2.96,3.87,3.13,3.90,3.83,4.24,0.04,5.86,0.63,5.66,0.37,37.37,0.26,C3'-endo
32,32,0.21,C,C,C,0,1,0,0,0,),0,1,cWW,cW-W,4.73,2.60,1.78,1.41,3.75,5.35,4.68,2.90,BI,anti,.,3.93,4.28,3.01,4.02,3.40,4.10,4.07,5.17,6.03,6.09,0.53,5.59,0.60,39.47,0.69,C4'-exo
33,33,0.21,G,G,G,0,0,1,0,0,),0,1,cWW,cW-W,5.05,3.38,1.04,2.29,3.86,2.06,1.80,4.23,..,anti,.,1.34,2.12,3.20,2.21,3.82,1.98,5.06,0.97,6.25,0.28,5.88,0.40,6.05,24.03,3.38,C3'-exo
34,34,0.22,U,U,U,0,0,0,1,0,.,,0,,,0.52,2.08,5.01,2.60,3.49,4.44,5.33,5.66,BI,...,.,-3.82,2.91,2.64,3.37,2.51,3.50,2.27,4.64,0.64,6.10,5.97,0.66,5.43,47.03,4.32,C4'-endo
35,35,0.22,C,C,C,0,1,0,0,0,),0,1,cWW,cW-W,5.37,3.47,1.61,1.62,3.68,5.14,4.83,3.70,BI,anti,.,3.69,4.32,4.34,4.09,4.43,4.01,4.22,4.42,0.20,5.79,0.58,5.80,0.18,33.28,6.27,C2'-exo
36,36,0.23,G,G,G,0,0,1,0,0,.,,0,,,5.06,3.38,0.83,1.47,3.41,4.22,5.47,4.23,BI,anti,.,2.71,4.44,2.94,3.27,3.23,3.00,3.87,2.64,0.15,5.76,0.67,5.68,0.28,38.62,0.10,C3'-endo
37,37,0.24,A,A,A,1,0,0,0,0,.,,0,,,1.49,3.21,4.24,2.33,3.82,2.07,1.76,1.01,..,syn,.,-2.26,2.11,3.15,0.91,2.80,0.49,2.56,5.68,5.73,0.67,5.76,0.22,0.21,37.52,2.50,C1'-exo
38,38,0.24,U,U,U,0,0,0,1,0,.,,0,,,0.56,3.47,2.10,1.72,3.54,0.36,3.18,1.20,..,syn,.,-3.90,3.45,0.27,6.16,0.52,6.02,1.70,5.81,5.52,0.49,6.23,5.90,0.73,44.19,1.64,O4'-endo
39,39,0.25,G,G,G,0,0,1,0,0,.,103,1,tSH,tm-M,2.78,3.98,2.27,1.36,4.42,3.14,1.29,2.74,BII,anti,.,5.35,4.90,2.87,2.10,3.57,2.30,4.58,2.65,6.21,5.92,0.64,5.59,0.49,40.26,0.42,C3'-endo
40,40,0.26,A,A,A,1,0,0,0,0,.,"0,102",2,"tSS,tHS","tm+m,tM-m",4.40,2.43,1.61,1.44,4.08,4.97,5.40,3.26,..,anti,A,4.84,4.90,3.35,3.91,3.24,3.79,2.80,4.16,0.18,5.74,0.68,5.69,0.27,39.26,0.07,C3'-endo
41,41,0.26,A,A,A,1,0,0,0,0,.,,0,,,4.86,2.65,1.36,1.23,4.27,5.34,5.21,2.97,..,anti,.,5.03,4.97,2.77,4.38,3.08,4.35,3.92,5.11,0.08,5.75,0.76,5.56,0.41,44.56,0.21,C3'-endo
42,42,0.27,G,G,G,0,0,1,0,0,(,101,1,cWW,cW-W,4.45,2.83,1.75,1.32,4.15,4.94,5.49,2.82,..,anti,A,5.01,4.93,2.74,3.76,3.25,3.71,4.72,4.13,0.19,5.69,0.76,5.63,0.30,43.45,0.07,C3'-endo
43,43,0.28,A,A,A,1,0,0,0,0,.,,0,,,4.51,2.56,1.79,1.44,4.08,4.64,5.73,2.69,..,anti,.,4.63,4.86,2.84,3.79,3.14,3.74,3.99,3.93,0.23,5.68,0.73,5.67,0.24,41.66,0.01,C3'-endo
44,44,0.28,A,A,A,1,0,0,0,0,(,99,1,cWW,cW-W,6.11,2.93,0.25,1.47,3.48,5.20,4.57,3.42,BI,anti,A,4.21,4.43,3.11,3.72,3.32,3.82,3.77,4.59,0.10,5.80,0.66,5.67,0.32,38.43,0.17,C3'-endo
45,45,0.29,C,C,C,0,1,0,0,0,(,58,1,cWW,cW-W,4.72,3.07,1.28,1.55,3.02,5.14,4.17,3.41,BI,anti,A,3.79,4.07,2.76,3.98,3.25,3.79,4.32,4.05,0.10,5.82,0.62,5.71,0.30,35.73,0.16,C3'-endo
46,46,0.29,G,G,G,0,0,1,0,0,(,"57,61",2,"cWW,tSS","cW-W,tm+m",3.49,3.67,2.34,1.43,3.65,5.07,4.86,3.24,BI,anti,.,3.61,4.02,3.02,3.77,3.34,3.67,3.95,4.12,6.12,6.03,0.54,5.63,0.52,37.24,0.58,C3'-endo
47,47,0.30,C,C,C,0,1,0,0,0,(,56,1,cWW,cW-W,4.59,3.07,1.34,1.50,4.11,4.00,0.10,3.45,..,anti,.,3.77,4.10,2.91,3.68,3.15,3.88,3.82,3.95,6.05,6.13,0.46,5.67,0.54,34.95,0.71,C4'-exo
48,48,0.31,A,A,A,1,0,0,0,0,.,,0,,,0.80,2.67,6.05,2.58,4.41,5.08,5.62,4.95,..,anti,.,0.39,1.07,3.77,5.31,3.91,4.22,3.81,3.77,5.99,0.59,5.63,0.50,6.15,37.60,3.01,C2'-endo
49,49,0.31,G,G,G,0,0,1,0,0,[,76,1,cWW,cW-W,3.42,2.45,0.36,1.41,3.42,5.45,4.26,3.72,BI,anti,A,4.11,4.53,0.00,3.98,1.04,3.81,1.53,4.22,0.08,5.80,0.68,5.63,0.36,39.90,0.20,C3'-endo
50,50,0.32,C,C,C,0,1,0,0,0,[,75,1,cWW,cW-W,4.18,2.68,1.89,1.23,3.92,0.58,3.34,3.04,..,anti,.,5.08,4.96,2.72,5.91,3.01,5.07,3.89,5.50,0.11,5.73,0.76,5.57,0.39,44.44,0.18,C3'-endo
51,51,0.33,U,U,U,0,0,0,1,0,.,,0,,,1.92,1.84,2.87,2.31,3.91,3.21,0.69,0.90,..,syn,.,-2.14,2.07,1.80,1.87,2.34,1.84,3.67,1.82,5.78,0.64,5.75,0.26,0.15,36.12,2.59,C2'-endo
52,52,0.33,A,A,A,1,0,0,0,0,.,,0,,,1.05,3.38,3.32,1.43,4.36,5.01,5.63,2.73,..,anti,.,5.00,4.95,2.04,3.69,1.81,3.85,2.27,4.63,0.43,5.53,0.78,5.75,0.06,45.82,6.04,C2'-exo
53,53,0.34,G,G,G,0,0,1,0,0,.,,0,,,4.99,2.97,1.36,1.41,4.15,4.85,5.59,2.99,..,anti,A,4.84,4.82,3.05,3.86,3.41,3.87,4.48,4.37,0.17,5.73,0.71,5.65,0.30,41.10,0.09,C3'-endo
54,54,0.35,C,C,C,0,1,0,0,0,.,,0,,,4.97,2.50,1.43,1.42,4.07,5.30,5.06,2.90,..,anti,.,4.58,4.68,2.88,4.31,3.22,4.25,4.12,4.99,0.03,5.84,0.66,5.62,0.40,39.43,0.29,C3'-endo
55,55,0.35,U,U,U,0,0,0,1,0,.,62,1,cWW,cW-W,4.74,2.88,1.47,1.40,3.45,5.20,4.53,3.14,BI,anti,A,3.93,4.22,2.69,3.91,3.29,3.82,4.62,4.62,6.06,6.05,0.57,5.57,0.59,40.61,0.63,C4'-exo
56,56,0.36,G,G,G,0,0,1,0,0,),47,1,cWW,cW-W,4.31,3.46,1.42,1.41,3.43,5.26,4.45,3.57,BI,anti,A,4.09,4.35,2.77,3.82,3.09,3.74,4.23,4.27,6.28,5.87,0.65,5.62,0.42,39.18,0.33,C3'-endo
57,57,0.37,C,C,C,0,1,0,0,0,),46,1,cWW,cW-W,4.61,2.97,1.49,1.41,3.54,4.98,4.84,3.34,BI,anti,.,4.27,4.36,2.89,3.59,3.22,3.69,4.08,4.09,6.18,5.97,0.59,5.62,0.48,37.80,0.47,C3'-endo
58,58,0.37,G,G,G,0,0,1,0,0,),"45,59",2,"cWW,cSW","cW-W,cm-W",4.76,3.17,1.64,2.40,4.45,2.62,1.83,3.78,BII,anti,.,1.84,1.61,3.60,2.92,3.95,2.83,4.34,2.97,5.84,0.62,5.74,0.31,0.08,34.96,2.68,C2'-endo
59,59,0.38,A,A,A,1,0,0,0,0,.,58,1,cWS,cW-m,0.46,2.69,5.36,2.61,4.23,1.30,2.93,0.78,..,syn,.,-1.25,1.27,3.62,1.36,3.41,0.59,3.36,0.08,5.95,0.63,5.62,0.49,6.18,38.67,2.96,C2'-endo
60,60,0.38,G,G,G,0,0,1,0,0,.,,0,,,1.04,3.35,1.19,2.65,5.22,4.11,1.11,3.87,..,anti,.,-3.27,2.04,0.32,5.29,0.81,4.88,1.15,5.40,5.87,0.71,5.56,0.51,6.22,42.61,2.90,C2'-endo
61,61,0.39,A,A,A,1,0,0,0,0,.,46,1,tSS,tm+m,6.02,2.59,0.40,1.45,3.83,4.06,6.06,3.52,..,anti,.,4.41,4.78,2.87,2.53,3.60,2.91,4.10,2.85,0.11,5.78,0.68,5.65,0.33,39.26,0.17,C3'-endo
62,62,0.40,A,A,A,1,0,0,0,0,.,55,1,cWW,cW-W,3.77,2.11,3.08,2.69,5.03,1.23,3.80,4.30,..,anti,.,-0.20,0.92,4.88,0.40,4.02,0.65,3.22,1.34,6.28,0.39,5.69,0.60,5.90,35.50,3.46,C3'-exo
63,63,0.40,U,U,U,0,0,0,1,0,.,,0,,,3.11,2.31,3.31,1.48,3.73,5.06,4.95,2.10,BI,...,.,2.72,4.69,3.61,3.14,3.52,3.25,4.07,3.10,0.59,5.44,0.78,5.85,6.19,48.94,5.85,C2'-exo
64,64,0.41,U,U,U,0,0,0,1,0,.,65,1,cWH,cW+M,3.93,3.19,2.29,1.05,4.43,4.79,5.92,2.22,..,...,.,4.54,5.00,3.05,3.65,3.11,3.82,2.77,4.91,0.08,5.72,0.82,5.52,0.44,47.99,0.22,C3'-endo
65,65,0.42,A,A,A,1,0,0,0,0,.,64,1,cHW,cM+W,5.21,2.85,1.08,1.48,3.48,5.36,4.41,2.90,BI,anti,A,3.89,4.37,2.86,4.08,3.22,4.08,4.56,4.54,0.04,5.87,0.61,5.68,0.36,36.25,0.26,C3'-endo
66,66,0.42,A,A,A,1,0,0,0,0,(,92,1,cWW,cW-W,4.58,3.40,1.37,1.64,3.25,5.07,4.46,3.51,BI,anti,.,2.62,3.34,2.96,3.83,3.44,3.73,4.26,4.13,6.02,6.22,0.34,5.79,0.47,28.95,0.84,C4'-exo
67,67,0.43,U,U,U,0,0,0,1,0,(,91,1,cWW,cW-W,4.58,3.45,1.10,1.60,3.09,5.01,4.37,3.84,BI,anti,.,2.91,3.50,2.82,3.98,3.10,3.75,3.72,4.21,6.17,6.09,0.41,5.79,0.38,27.74,0.55,C3'-endo
68,68,0.44,G,G,G,0,0,1,0,0,(,90,1,cWW,cW-W,2.40,3.13,3.45,1.70,3.78,5.31,4.76,3.85,BI,anti,.,3.18,4.17,2.99,3.65,3.16,3.81,3.82,4.64,0.31,5.78,0.51,5.93,0.03,30.38,6.02,C2'-exo
69,69,0.44,U,U,U,0,0,0,1,0,.,89,1,cWW,cW-W,5.22,2.87,0.84,1.42,4.06,4.86,5.49,3.61,..,anti,.,3.91,4.52,2.86,3.91,3.32,4.10,4.34,4.93,6.18,5.98,0.57,5.64,0.47,36.97,0.48,C3'-endo
70,70,0.45,G,G,G,0,0,1,0,0,.,88,1,tSH,tm-M,5.31,2.29,1.45,2.00,3.79,3.74,0.05,3.36,..,anti,.,4.29,3.56,2.96,3.04,3.67,3.08,4.78,3.03,5.81,0.43,6.05,6.25,0.32,26.96,2.09,C1'-exo
71,71,0.46,A,A,A,1,0,0,0,0,.,"85,87",2,"tHW,tHS","tM-W,tM-m",4.70,2.98,1.57,2.57,4.95,1.49,3.46,3.86,..,anti,.,0.74,0.57,3.98,2.50,3.87,2.27,3.53,2.77,5.88,0.66,5.63,0.44,6.26,38.86,2.85,C2'-endo
72,72,0.46,A,A,A,1,0,0,0,0,.,79,1,cWW,cW-W,1.88,4.16,3.26,1.54,3.75,5.38,4.65,3.73,BI,anti,.,3.98,4.75,3.77,3.85,3.79,3.78,4.22,4.19,0.24,5.70,0.68,5.72,0.21,38.90,6.26,C2'-exo
73,73,0.47,U,U,U,0,0,0,1,0,.,,0,,,4.76,3.03,1.33,1.15,4.34,5.39,5.23,3.22,..,anti,.,4.62,4.96,2.88,4.33,3.30,4.34,4.15,5.00,0.05,5.74,0.80,5.50,0.47,47.66,0.26,C3'-endo
74,74,0.47,U,U,U,0,0,0,1,0,.,,0,,,4.33,2.52,2.03,1.29,4.21,3.75,0.46,2.71,..,anti,.,4.81,4.84,2.65,3.13,3.20,2.50,4.66,1.76,0.39,5.52,0.84,5.67,0.14,48.46,6.13,C2'-exo
75,75,0.48,G,G,G,0,0,1,0,0,],50,1,cWW,cW-W,2.22,3.69,1.28,1.62,3.39,5.21,4.46,3.46,BI,anti,A,3.82,4.11,0.77,4.00,0.93,3.91,0.53,4.18,0.18,5.83,0.55,5.82,0.18,31.46,0.01,C3'-endo
76,76,0.49,C,C,C,0,1,0,0,0,],49,1,cWW,cW-W,4.80,3.27,0.96,1.45,3.27,4.80,4.75,3.56,BI,anti,.,3.95,4.14,2.84,3.88,3.13,3.80,3.73,4.21,6.21,5.98,0.54,5.68,0.43,34.28,0.45,C3'-endo
77,77,0.49,A,A,A,1,0,0,0,0,.,,0,,,2.84,3.78,2.83,1.44,4.10,5.06,5.32,3.11,..,anti,.,4.60,4.59,2.99,3.88,3.25,3.91,3.92,4.71,6.25,5.93,0.59,5.66,0.42,36.28,0.38,C3'-endo
78,78,0.50,G,G,G,0,0,1,0,0,.,,0,,,5.21,2.76,1.05,1.39,4.14,5.20,5.22,3.38,..,anti,.,4.33,4.58,2.92,3.96,3.34,3.87,4.47,4.46,6.20,5.94,0.62,5.60,0.48,38.99,0.44,C3'-endo
79,79,0.51,G,G,G,0,0,1,0,0,.,72,1,cWW,cW-W,4.49,1.91,2.25,1.50,5.15,3.39,1.76,3.05,BII,anti,.,4.41,4.55,3.28,3.16,3.40,3.19,4.24,3.63,0.30,5.68,0.66,5.78,0.13,38.24,6.15,C2'-exo
80,80,0.51,A,A,A,1,0,0,0,0,.,,0,,,1.29,4.64,3.41,1.43,4.87,5.40,5.75,5.56,..,...,.,-3.41,4.21,3.20,4.20,3.21,4.43,3.61,3.64,6.12,5.99,0.61,5.56,0.56,40.84,0.55,C3'-endo
81,81,0.52,C,C,C,0,1,0,0,0,.,,0,,,5.18,1.53,3.39,1.00,3.59,1.50,2.09,1.35,..,syn,.,-2.58,4.52,4.24,4.28,4.42,4.78,4.18,4.43,5.73,6.25,0.57,5.38,0.94,54.87,0.93,C4'-exo
82,82,0.53,A,A,A,1,0,0,0,0,.,,0,,,4.49,1.37,4.12,1.22,4.51,5.39,5.40,2.12,..,...,.,4.00,4.95,4.51,4.08,4.97,3.60,6.14,3.44,0.36,5.53,0.85,5.64,0.18,48.87,6.17,C2'-exo
83,83,0.53,C,C,C,0,1,0,0,0,.,,0,,,2.01,2.15,1.84,2.03,3.40,1.59,1.81,3.72,..,anti,.,2.22,2.47,5.88,1.12,0.70,0.40,0.48,3.83,5.57,0.75,5.78,0.10,0.38,43.41,2.29,C1'-exo
84,84,0.54,A,A,A,1,0,0,0,0,.,,0,,,0.87,2.11,1.80,2.34,4.96,5.72,5.52,0.09,..,syn,.,-1.32,0.97,0.23,6.02,0.31,6.20,3.27,0.20,5.73,0.69,5.72,0.25,0.19,39.01,2.54,C2'-endo
85,85,0.54,U,U,U,0,0,0,1,0,.,71,1,tWH,tW-M,3.59,4.35,1.57,0.92,1.85,1.45,0.41,4.03,..,anti,.,3.38,4.10,2.42,4.51,2.93,3.86,3.24,3.99,6.03,5.98,0.72,5.41,0.71,49.99,0.61,C3'-endo
86,86,0.55,U,U,U,0,0,0,1,0,.,,0,,,2.52,2.51,4.88,1.37,4.27,3.61,0.66,5.53,..,syn,.,-3.59,4.78,4.91,1.60,5.23,1.41,5.16,1.00,0.60,5.43,0.80,5.84,6.18,50.35,5.86,C2'-exo
87,87,0.56,G,G,G,0,0,1,0,0,.,71,1,tSH,tm-M,4.49,1.74,0.36,1.79,4.17,3.27,0.90,3.23,BII,anti,.,3.29,2.91,1.69,2.86,1.67,2.97,2.56,3.12,5.63,0.48,6.14,6.06,0.56,36.64,1.80,O4'-endo
88,88,0.56,A,A,A,1,0,0,0,0,.,70,1,tHS,tM-m,5.11,2.90,0.55,1.59,3.37,5.56,4.09,3.49,BI,anti,.,4.09,4.25,3.15,4.20,2.99,4.23,2.99,5.07,0.15,5.83,0.56,5.79,0.22,32.29,0.06,C3'-endo
89,89,0.57,U,U,U,0,0,0,1,0,.,69,1,cWW,cW-W,4.59,3.43,1.01,1.51,3.08,5.16,4.20,3.78,BI,anti,.,3.64,4.08,2.78,3.92,3.31,3.86,4.50,4.43,0.10,5.84,0.59,5.74,0.28,34.13,0.16,C3'-endo
90,90,0.58,C,C,C,0,1,0,0,0,),68,1,cWW,cW-W,3.42,3.56,2.29,1.48,3.53,5.20,4.62,3.61,BI,anti,.,3.92,4.33,2.87,3.80,3.25,3.70,4.09,4.11,0.10,5.83,0.61,5.72,0.29,35.39,0.16,C3'-endo
91,91,0.58,A,A,A,1,0,0,0,0,),67,1,cWW,cW-W,4.73,3.11,1.30,1.37,3.85,5.09,5.05,3.71,BI,anti,.,3.84,4.58,2.94,3.84,3.22,3.83,3.89,4.38,0.02,5.84,0.67,5.61,0.41,40.03,0.29,C3'-endo
92,92,0.59,U,U,U,0,0,0,1,0,),66,1,cWW,cW-W,4.93,2.50,1.60,1.37,4.21,5.04,5.45,3.31,..,anti,.,4.53,4.68,3.03,4.01,3.36,4.01,4.20,4.71,6.23,5.91,0.64,5.60,0.47,39.74,0.40,C3'-endo
93,93,0.60,C,C,C,0,1,0,0,0,.,,0,,,4.89,2.59,1.54,1.44,3.60,4.33,5.56,3.22,BI,anti,.,4.88,4.68,2.83,3.01,3.36,2.48,4.51,1.36,6.26,5.92,0.58,5.67,0.41,35.77,0.36,C3'-endo
94,94,0.60,G,G,G,0,0,1,0,0,.,,0,,,4.72,3.04,6.01,2.19,0.76,1.47,5.58,5.03,..,anti,.,-3.16,2.54,2.09,4.23,2.14,4.10,1.46,5.26,0.71,5.87,0.00,0.39,5.58,41.19,4.72,O4'-exo
95,95,0.61,A,A,A,1,0,0,0,0,.,,0,,,2.43,3.74,1.97,1.24,4.34,4.73,5.90,2.45,..,anti,A,5.09,5.02,2.96,3.97,3.38,4.06,3.63,4.67,0.09,5.75,0.75,5.59,0.39,44.13,0.20,C3'-endo
96,96,0.62,C,C,C,0,1,0,0,0,.,,0,,,5.84,2.92,0.34,1.50,3.14,5.44,3.98,3.12,BI,anti,.,4.46,4.47,2.88,3.81,3.23,3.83,4.27,4.24,0.27,5.67,0.71,5.72,0.19,40.57,6.22,C2'-exo
97,97,0.62,A,A,A,1,0,0,0,0,.,,0,,,4.14,3.26,1.78,1.59,3.38,5.28,4.38,2.96,BI,anti,.,3.10,3.89,2.96,4.12,3.40,4.07,4.18,4.71,6.22,6.01,0.48,5.75,0.37,30.45,0.43,C3'-endo
98,98,0.63,C,C,C,0,1,0,0,0,.,,0,,,4.18,3.72,1.43,1.96,3.92,2.60,1.32,3.96,BII,anti,.,1.62,2.73,3.04,1.78,3.48,1.89,4.34,2.63,6.24,0.01,0.03,6.22,0.06,3.71,1.06,C4'-exo
99,99,0.63,U,U,U,0,0,0,1,0,),44,1,cWW,cW-W,4.59,3.26,0.79,1.35,4.30,4.79,5.79,2.76,..,anti,A,4.95,4.93,3.29,3.91,3.02,4.03,2.88,4.77,0.21,5.67,0.76,5.63,0.28,43.63,0.05,C3'-endo
100,100,0.64,U,U,U,0,0,0,1,0,.,,0,,,4.91,2.81,1.21,1.39,3.61,4.77,5.13,2.92,BI,anti,.,4.72,4.74,2.71,4.02,3.05,3.81,4.14,3.81,0.19,5.71,0.72,5.66,0.28,41.30,0.07,C3'-endo
101,101,0.65,C,C,C,0,1,0,0,0,),42,1,cWW,cW-W,2.71,3.54,3.16,1.48,4.06,5.40,4.94,2.71,..,anti,.,4.54,4.71,3.02,3.98,3.19,4.07,3.61,5.22,0.11,5.82,0.63,5.71,0.30,36.49,0.16,C3'-endo
102,102,0.65,G,G,G,0,0,1,0,0,.,40,1,tSH,tm-M,4.69,3.12,1.22,1.66,4.49,4.56,6.21,3.34,..,anti,.,3.69,3.99,2.94,4.04,3.44,3.93,4.90,3.71,6.23,6.05,0.41,5.83,0.32,25.78,0.44,C3'-endo
103,103,0.66,A,A,A,1,0,0,0,0,.,39,1,tHS,tM-m,5.62,3.44,5.77,1.26,3.29,0.91,2.38,4.26,..,anti,.,2.41,4.60,2.24,5.42,2.32,5.30,2.33,5.15,6.28,5.82,0.72,5.55,0.46,43.30,0.32,C3'-endo
104,104,0.67,A,A,A,1,0,0,0,0,.,,0,,,0.71,2.51,3.78,2.85,5.00,2.14,2.85,4.93,..,anti,.,-3.07,1.86,2.58,1.56,3.18,1.41,3.30,1.01,0.20,0.34,5.55,0.83,5.62,48.98,3.69,C3'-exo
105,105,0.67,C,C,C,0,1,0,0,0,.,,0,,,2.65,2.83,1.20,2.56,4.51,1.89,2.62,3.19,..,anti,.,-0.46,0.99,1.92,2.41,2.03,1.63,1.79,0.56,5.79,0.74,5.60,0.42,0.04,42.44,2.76,C2'-endo
106,106,0.68,G,G,G,0,0,1,0,0,(,113,1,cWW,cW-W,1.02,3.04,0.89,1.68,3.49,5.23,4.55,3.14,BI,anti,.,3.70,4.11,5.93,4.10,5.91,4.07,0.60,4.34,0.22,5.82,0.52,5.87,0.13,29.92,6.20,C2'-exo
107,107,0.69,C,C,C,0,1,0,0,0,(,112,1,cWW,cW-W,4.57,3.74,0.78,1.63,3.09,5.12,4.25,3.90,BI,anti,.,3.39,4.03,2.70,4.07,3.03,4.00,3.62,4.42,0.21,5.80,0.55,5.84,0.15,31.68,6.23,C2'-exo
108,108,0.69,A,A,A,1,0,0,0,0,.,110,1,tSH,tm-M,2.88,3.52,2.91,1.53,4.13,5.34,5.07,3.35,..,anti,.,4.24,4.55,3.06,3.91,3.39,3.97,4.09,4.69,0.15,5.81,0.60,5.75,0.24,34.55,0.08,C3'-endo
109,109,0.70,C,C,C,0,1,0,0,0,.,,0,,,4.38,2.20,2.54,2.59,3.60,3.69,6.19,3.68,..,anti,.,1.58,1.80,3.86,2.02,4.16,1.82,5.00,0.61,6.07,0.52,5.66,0.52,6.08,35.69,3.13,C2'-endo
110,110,0.71,U,U,U,0,0,0,1,0,.,108,1,tHS,tM-m,3.23,2.37,1.39,2.47,4.94,4.40,0.54,5.35,..,anti,.,-1.81,1.61,2.14,4.71,2.15,4.77,1.93,5.24,6.25,0.37,5.74,0.54,5.96,32.46,3.40,C3'-exo
111,111,0.71,U,U,U,0,0,0,1,0,.,,0,,,5.85,1.13,2.45,0.86,2.45,4.93,3.80,0.78,BI,syn,.,-4.38,4.48,4.26,1.02,4.55,1.67,5.00,1.77,5.99,5.99,0.74,5.37,0.77,52.49,0.64,C4'-exo
112,112,0.72,G,G,G,0,0,1,0,0,),107,1,cWW,cW-W,5.01,3.17,1.35,1.47,3.48,5.21,4.56,3.63,BI,anti,.,4.27,4.62,3.23,4.29,3.25,4.01,2.99,4.33,0.18,5.73,0.69,5.68,0.27,39.42,0.06,C3'-endo
113,113,0.72,C,C,C,0,1,0,0,0,),106,1,cWW,cW-W,2.93,3.15,2.87,1.40,4.74,4.39,0.35,3.16,..,anti,.,4.75,4.98,2.89,3.71,3.12,3.58,3.90,3.44,0.35,5.59,0.76,5.71,0.14,44.18,6.15,C2'-exo
114,114,0.73,G,G,G,0,0,1,0,0,(,136,1,cWW,cW-W,1.09,4.46,4.33,1.47,3.73,4.91,5.10,3.20,BI,anti,.,4.83,4.80,3.34,3.11,3.34,3.30,3.39,4.03,0.33,5.62,0.72,5.73,0.14,41.90,6.15,C2'-exo
115,115,0.74,G,G,G,0,0,1,0,0,(,135,1,cWW,cW-W,2.98,3.48,2.71,1.34,4.25,4.80,5.73,2.88,..,anti,.,5.06,4.96,2.70,3.67,3.03,3.70,4.00,3.93,0.34,5.59,0.77,5.71,0.15,44.49,6.16,C2'-exo
116,116,0.74,C,C,C,0,1,0,0,0,(,134,1,cWW,cW-W,5.50,2.65,0.96,1.19,3.79,5.37,4.70,2.89,BI,anti,.,5.08,4.88,2.91,3.99,3.18,3.83,3.77,4.29,6.24,5.84,0.74,5.51,0.52,45.38,0.38,C3'-endo
117,117,0.75,C,C,C,0,1,0,0,0,.,132,1,cWW,cW-W,3.63,2.50,2.63,1.44,4.21,5.56,4.94,2.68,..,anti,.,5.07,4.98,2.95,3.84,3.12,3.71,4.00,4.16,0.31,5.64,0.72,5.75,0.14,41.46,6.16,C2'-exo
118,118,0.76,C,C,C,0,1,0,0,0,.,131,1,cWW,cW-W,3.91,2.06,2.53,1.38,4.28,4.85,5.71,2.47,..,anti,.,4.75,4.99,2.73,3.36,3.03,3.48,3.95,3.90,0.33,5.61,0.76,5.71,0.16,44.03,6.17,C2'-exo
119,119,0.76,C,C,C,0,1,0,0,0,.,120,1,cWH,cW+M,5.41,2.93,0.78,1.28,3.53,4.90,4.91,2.87,BI,anti,.,4.58,4.68,2.83,3.89,3.10,3.70,3.78,3.97,0.01,5.81,0.72,5.55,0.46,43.54,0.30,C3'-endo
120,120,0.77,G,G,G,0,0,1,0,0,(,"119,130",2,"cHW,cWW","cM+W,cW-W",2.32,3.33,3.39,1.57,4.31,4.71,5.89,2.70,..,anti,.,4.63,4.86,2.89,3.69,3.00,3.80,3.61,4.29,0.34,5.66,0.66,5.81,0.09,38.54,6.09,C2'-exo
121,121,0.78,G,G,G,0,0,1,0,0,(,129,1,cWW,cW-W,0.26,2.95,5.80,1.65,2.80,6.15,2.93,3.47,BI,anti,.,3.85,4.10,2.74,4.13,3.16,4.22,3.98,5.33,0.28,5.68,0.68,5.75,0.17,38.86,6.19,C2'-exo
122,122,0.78,G,G,G,0,0,1,0,0,.,128,1,tSH,tm-M,4.01,3.64,1.06,1.37,3.61,5.48,4.41,3.70,BI,anti,.,4.03,4.58,2.65,4.09,3.19,4.16,4.67,4.78,0.10,5.77,0.71,5.62,0.36,41.35,0.19,C3'-endo
123,123,0.79,U,U,U,0,0,0,1,0,.,125,1,cWW,cW-W,4.94,2.98,1.26,1.18,4.23,5.25,5.27,3.40,..,anti,.,4.42,4.84,2.98,4.24,3.40,4.52,4.36,5.19,6.24,5.83,0.75,5.49,0.53,46.39,0.37,C3'-endo
124,124,0.79,U,U,U,0,0,0,1,0,.,,0,,,5.45,2.51,1.52,1.78,0.99,4.70,2.57,3.17,..,anti,.,1.69,1.34,4.09,1.09,4.62,1.29,5.65,1.54,6.13,0.07,0.04,6.15,0.19,10.47,1.33,O4'-endo
125,125,0.80,C,C,C,0,1,0,0,0,.,123,1,cWW,cW-W,2.74,2.85,4.71,2.37,5.04,2.39,2.65,5.84,BII,syn,.,-4.82,4.13,4.54,2.20,4.10,1.77,3.71,2.04,0.64,5.96,6.20,0.44,5.58,39.45,4.59,O4'-exo
126,126,0.81,C,C,C,0,1,0,0,0,.,,0,,,4.87,1.71,4.73,2.13,0.88,1.70,5.46,4.89,..,anti,.,-0.15,0.91,1.16,3.53,0.92,3.39,1.36,4.26,5.95,0.53,5.76,0.34,6.28,31.43,2.83,C2'-endo
127,127,0.81,U,U,U,0,0,0,1,0,.,,0,,,2.62,2.45,1.67,1.37,3.15,4.76,4.66,4.22,BI,anti,.,2.60,3.94,2.16,3.66,2.59,3.34,3.74,3.65,6.01,6.11,0.52,5.59,0.61,39.63,0.72,C4'-exo
128,128,0.82,C,C,C,0,1,0,0,0,.,122,1,tHS,tM-m,2.23,3.95,3.46,1.44,3.62,5.73,4.18,3.40,BI,anti,.,4.38,4.46,3.22,3.83,3.37,3.96,3.95,4.95,6.19,5.96,0.60,5.62,0.48,38.01,0.46,C3'-endo
129,129,0.83,C,C,C,0,1,0,0,0,),121,1,cWW,cW-W,4.61,3.12,1.00,1.30,3.83,5.10,5.02,3.21,BI,anti,.,4.80,4.79,2.47,3.83,3.10,3.82,4.67,4.24,0.20,5.66,0.79,5.60,0.30,45.18,0.06,C3'-endo
130,130,0.83,C,C,C,0,1,0,0,0,),120,1,cWW,cW-W,5.15,3.12,0.91,1.13,3.89,5.21,4.96,3.03,BI,anti,.,4.88,4.83,2.82,3.74,3.00,3.75,3.80,4.29,0.11,5.69,0.82,5.52,0.42,47.96,0.19,C3'-endo
131,131,0.84,G,G,G,0,0,1,0,0,.,118,1,cWW,cW-W,4.74,2.77,1.60,1.11,4.25,4.93,5.60,2.63,..,anti,.,5.11,5.00,2.90,3.73,3.12,3.74,4.02,4.32,0.10,5.71,0.81,5.53,0.42,47.62,0.20,C3'-endo
132,132,0.85,G,G,G,0,0,1,0,0,.,117,1,cWW,cW-W,4.97,2.74,1.40,1.21,3.78,5.04,5.03,2.71,BI,anti,.,5.02,4.88,2.88,3.59,3.13,3.56,4.06,3.94,6.25,5.84,0.73,5.53,0.50,44.82,0.36,C3'-endo
133,133,0.85,G,G,G,0,0,1,0,0,.,,0,,,4.67,2.92,1.47,1.30,3.86,5.02,5.12,2.74,BI,anti,.,4.82,4.82,2.93,3.73,3.11,3.75,3.79,4.11,0.05,5.80,0.71,5.59,0.41,42.16,0.25,C3'-endo
134,134,0.86,G,G,G,0,0,1,0,0,),116,1,cWW,cW-W,5.28,3.12,0.80,1.40,3.34,5.13,4.49,3.15,BI,anti,.,4.34,4.39,2.98,4.03,3.23,3.89,3.88,4.10,6.28,5.89,0.62,5.65,0.40,37.31,0.33,C3'-endo
135,135,0.87,C,C,C,0,1,0,0,0,),115,1,cWW,cW-W,2.29,3.24,3.64,1.69,3.75,5.29,4.74,3.04,BI,anti,.,3.74,4.21,3.15,3.53,3.34,3.72,3.86,4.68,0.19,5.83,0.52,5.85,0.16,29.93,6.25,C2'-exo
136,136,0.87,U,U,U,0,0,0,1,0,),114,1,cWW,cW-W,4.72,3.26,1.00,1.58,4.13,4.65,5.76,3.65,..,anti,.,3.53,4.29,2.83,3.77,3.23,4.06,4.33,4.63,0.06,5.90,0.54,5.76,0.29,31.68,0.22,C3'-endo
137,137,0.88,A,A,A,1,0,0,0,0,.,0,1,cWW,cW-W,5.09,3.72,1.77,1.47,4.32,4.50,6.10,2.64,..,anti,A,4.84,4.93,4.39,3.87,4.32,3.91,4.24,4.06,0.29,5.66,0.71,5.73,0.17,40.62,6.19,C2'-exo
138,138,0.88,C,C,C,0,1,0,0,0,),0,1,cWW,cW-W,5.37,2.74,0.88,1.41,3.55,5.19,4.65,3.08,BI,anti,A,4.67,4.66,2.89,3.85,3.13,3.82,3.65,4.14,0.17,5.72,0.72,5.64,0.30,41.62,0.10,C3'-endo
139,139,0.89,G,G,G,0,0,1,0,0,),"0,0",2,"cWW,cWW","cW-W,cW-W",4.97,3.26,1.03,1.37,3.31,5.37,4.22,3.26,BI,anti,A,4.40,4.46,2.98,3.93,3.25,3.95,3.93,4.72,0.07,5.80,0.69,5.62,0.37,40.29,0.22,C3'-endo
140,140,0.90,C,C,C,0,1,0,0,0,.,,0,,,4.06,3.41,1.65,1.49,3.48,4.81,4.95,3.18,BI,anti,.,4.38,4.40,2.77,3.51,3.21,3.41,4.38,3.39,6.26,5.92,0.58,5.67,0.41,35.78,0.36,C3'-endo
141,141,0.90,C,C,C,0,1,0,0,0,),0,1,cWW,cW-W,5.19,3.24,0.80,1.35,3.54,5.07,4.76,3.35,BI,anti,A,4.53,4.57,3.04,3.57,3.05,3.61,3.19,4.02,6.27,5.86,0.67,5.59,0.44,40.71,0.34,C3'-endo
142,142,0.91,U,U,U,0,0,0,1,0,),0,1,cWW,cW-W,4.85,3.03,1.17,1.28,3.82,5.29,4.80,3.16,BI,anti,.,4.84,4.79,2.84,3.95,3.02,3.91,3.67,4.55,0.06,5.77,0.74,5.56,0.41,43.82,0.24,C3'-endo
143,143,0.92,G,G,G,0,0,1,0,0,),"0,0",2,"cWW,cWW","cW-W,cW-W",4.42,2.73,1.83,1.33,3.99,5.10,5.17,2.86,BI,anti,.,4.84,4.83,2.86,3.83,3.20,3.81,4.32,4.23,0.12,5.75,0.73,5.61,0.35,42.36,0.16,C3'-endo
144,144,0.92,U,U,U,0,0,0,1,0,),0,1,cWW,cW-W,4.62,2.94,1.64,1.34,3.76,5.05,4.99,3.05,BI,anti,A,4.59,4.62,2.95,3.68,3.28,3.63,4.05,4.08,6.27,5.86,0.68,5.58,0.45,41.23,0.35,C3'-endo
145,145,0.93,C,C,C,0,1,0,0,0,),0,1,cWW,cW-W,4.81,2.91,1.33,1.31,3.74,5.15,4.87,3.11,BI,anti,A,4.56,4.62,2.87,3.82,3.12,3.79,3.89,4.25,6.27,5.85,0.70,5.56,0.46,42.35,0.34,C3'-endo
146,146,0.94,U,U,U,0,0,0,1,0,),0,1,cWW,cW-W,5.27,3.14,0.74,1.33,3.42,5.04,4.66,3.36,BI,anti,.,4.52,4.54,2.89,3.98,3.14,3.86,3.93,4.21,6.25,5.87,0.68,5.58,0.47,41.41,0.36,C3'-endo
147,147,0.94,G,G,G,0,0,1,0,0,),0,1,cWW,cW-W,2.15,3.53,3.69,1.53,3.65,5.08,4.85,3.04,BI,anti,A,4.41,4.56,3.16,3.14,3.35,3.34,4.05,3.79,0.17,5.78,0.63,5.73,0.24,36.18,0.06,C3'-endo
148,148,0.95,A,A,A,1,0,0,0,0,),0,1,cWW,cW-W,4.58,3.25,1.38,1.40,3.75,5.03,5.01,3.29,BI,anti,A,4.28,4.47,2.97,3.81,3.20,3.78,3.73,4.25,6.27,5.89,0.62,5.64,0.42,37.82,0.35,C3'-endo
149,149,0.96,G,G,G,0,0,1,0,0,),0,1,cWW,cW-W,5.15,2.99,0.85,1.33,4.44,3.61,0.83,3.40,..,anti,.,4.29,4.76,2.97,3.33,3.15,2.94,3.81,2.45,6.28,5.85,0.69,5.58,0.45,41.69,0.33,C3'-endo
150,150,0.96,C,C,C,0,1,0,0,0,.,,0,,,1.99,3.57,0.84,1.50,3.78,3.73,0.05,2.92,..,anti,.,3.48,3.96,0.23,2.78,0.32,2.53,0.31,1.24,5.99,6.18,0.43,5.68,0.56,35.24,0.80,C4'-exo
151,151,0.97,G,G,G,0,0,1,0,0,),0,1,cWW,cW-W,2.39,2.51,0.70,1.49,3.55,5.18,4.65,3.32,BI,anti,A,4.39,4.49,6.12,3.98,0.03,3.90,1.36,4.16,0.11,5.80,0.64,5.69,0.31,37.19,0.16,C3'-endo
152,152,0.97,U,U,U,0,0,0,1,0,),0,1,cWW,cW-W,5.03,3.31,0.86,1.39,3.60,5.76,4.13,3.51,BI,anti,.,4.36,4.56,2.95,4.10,3.16,3.95,3.74,4.33,6.26,5.89,0.64,5.62,0.43,38.99,0.35,C3'-endo
153,153,0.98,C,C,C,0,1,0,0,0,),0,1,cWW,cW-W,3.80,2.06,2.69,1.49,3.84,5.06,5.06,3.09,BI,anti,A,4.78,4.75,3.07,3.12,3.26,3.30,3.98,3.69,0.23,5.71,0.68,5.73,0.21,38.74,6.27,C2'-exo
154,154,0.99,G,G,G,0,0,1,0,0,),0,1,cWW,cW-W,5.18,3.12,0.91,1.32,3.62,5.13,4.77,3.31,BI,anti,A,4.64,4.66,2.95,3.69,3.19,3.73,3.75,4.28,0.01,5.83,0.69,5.58,0.44,41.82,0.31,C3'-endo
155,155,0.99,C,C,C,0,1,0,0,0,),0,1,cWW,cW-W,5.12,2.92,1.06,1.35,3.77,5.77,4.28,3.21,BI,anti,.,4.75,4.70,2.95,4.30,3.22,4.10,4.05,4.58,6.24,5.89,0.66,5.59,0.47,40.50,0.38,C3'-endo
156,156,1.00,U,U,U,0,0,0,1,0,.,0,1,cWH,cW+M,3.64,2.08,2.77,1.61,,,,3.04,n/a,anti,-,,,,,,,,,0.35,5.67,0.63,5.84,0.06,37.07,6.06,C2'-exo
