index_chain,old_nt_resnum,nt_position,nt_name,nt_code,nt_align_code,is_A,is_C,is_G,is_U,is_other,dbn,paired,nb_interact,pair_type_LW,pair_type_DSSR,alpha,beta,gamma,delta,epsilon,zeta,epsilon_zeta,chi,bb_type,glyco_bond,form,ssZp,Dp,eta,theta,eta_prime,theta_prime,eta_base,theta_base,v0,v1,v2,v3,v4,amplitude,phase_angle,puckering
1,2,0.01,G,G,G,0,0,1,0,0,(,71,1,cWW,cW-W,,3.42,2.60,1.51,4.36,4.77,5.88,2.74,..,anti,A,4.26,4.56,,3.76,,3.73,,4.25,0.03,5.91,0.55,5.73,0.33,32.74,0.28,C3'-endo
2,3,0.03,C,C,C,0,1,0,0,0,(,70,1,cWW,cW-W,4.53,2.63,1.55,1.43,3.51,5.22,4.57,3.08,BI,anti,A,4.50,4.61,2.53,3.87,2.97,3.74,3.87,3.99,0.10,5.80,0.66,5.67,0.33,38.42,0.18,C3'-endo
3,4,0.04,G,G,G,0,0,1,0,0,(,69,1,cWW,cW-W,4.56,3.55,1.17,1.38,3.51,5.05,4.74,3.43,BI,anti,A,4.49,4.59,2.91,3.64,3.11,3.70,3.67,4.32,0.04,5.85,0.63,5.66,0.37,37.66,0.26,C3'-endo
4,5,0.05,G,G,G,0,0,1,0,0,(,68,1,cWW,cW-W,5.03,2.99,1.07,1.47,3.61,5.14,4.75,3.41,BI,anti,A,4.59,4.69,2.89,3.90,3.19,3.83,4.10,4.03,0.15,5.78,0.64,5.71,0.26,36.89,0.09,C3'-endo
5,6,0.07,G,G,G,0,0,1,0,0,(,67,1,cWW,cW-W,4.91,3.07,1.29,1.37,3.61,4.91,4.99,3.34,BI,anti,A,4.50,4.55,3.03,3.53,3.28,3.64,3.82,3.93,6.25,5.91,0.61,5.64,0.43,37.41,0.37,C3'-endo
6,7,0.08,G,G,G,0,0,1,0,0,(,66,1,cWW,cW-W,5.33,3.10,1.12,2.44,4.28,5.67,4.90,3.86,..,anti,.,1.52,1.53,3.55,5.68,3.88,5.39,4.13,5.92,5.91,0.57,5.74,0.34,0.02,33.08,2.78,C2'-endo
7,8,0.09,4SU,u,U,0,0,0,0,1,.,"13,21",2,"tWH,tSW","tW-M,tm+W",4.76,3.88,0.88,1.42,3.65,4.34,5.59,3.48,BI,anti,.,4.48,4.68,2.83,3.32,3.53,3.42,3.82,3.00,0.12,5.80,0.64,5.69,0.30,37.09,0.14,C3'-endo
8,9,0.11,G,G,G,0,0,1,0,0,.,,0,,,2.67,2.60,3.90,2.39,4.74,5.08,5.94,4.55,..,anti,.,0.44,0.81,3.93,4.84,3.46,4.34,2.68,4.61,5.84,0.61,5.75,0.29,0.09,34.55,2.66,C2'-endo
9,10,0.12,G,G,G,0,0,1,0,0,(,"25,45",2,"cWW,cHS","cW-W,cM+m",3.43,3.04,1.10,1.45,3.85,4.88,5.25,3.18,BI,anti,A,4.70,4.68,0.92,3.79,1.94,3.80,2.56,4.26,0.04,5.88,0.59,5.71,0.34,34.74,0.25,C3'-endo
10,11,0.13,A,A,A,1,0,0,0,0,(,24,1,cWW,cW-W,5.19,3.07,0.84,1.38,3.90,4.93,5.26,3.41,BI,anti,A,4.58,4.78,2.95,3.80,3.11,3.85,3.80,4.27,0.11,5.79,0.67,5.65,0.33,39.20,0.17,C3'-endo
11,12,0.14,G,G,G,0,0,1,0,0,(,23,1,cWW,cW-W,5.31,2.90,0.87,1.33,3.57,5.52,4.34,3.59,BI,anti,.,4.29,4.65,2.85,4.10,3.11,3.95,3.79,4.40,0.01,5.86,0.66,5.61,0.42,39.63,0.31,C3'-endo
12,13,0.16,C,C,C,0,1,0,0,0,(,22,1,cWW,cW-W,3.58,2.66,2.53,1.40,3.56,5.47,4.38,3.38,BI,anti,.,4.59,4.65,2.82,3.63,3.16,3.40,4.01,3.58,0.11,5.79,0.67,5.66,0.32,38.70,0.16,C3'-endo
13,14,0.17,A,A,A,1,0,0,0,0,.,"7,21",2,"tHW,cWS","tM-W,cW-m",3.31,2.40,3.05,1.45,4.37,4.96,5.69,2.83,..,anti,.,4.81,4.83,3.04,3.54,3.07,3.88,3.48,4.86,0.15,5.79,0.63,5.72,0.26,36.36,0.09,C3'-endo
14,15,0.18,G,G,G,0,0,1,0,0,.,48,1,tWW,tW+W,5.70,2.70,0.88,1.47,3.91,5.69,4.49,3.68,..,anti,.,3.86,4.51,3.05,4.73,3.59,4.80,4.72,5.23,6.26,5.95,0.54,5.71,0.37,33.10,0.36,C3'-endo
15,16,0.20,C,C,C,0,1,0,0,0,.,,0,,,4.62,3.80,0.96,2.47,4.48,4.91,5.85,4.40,..,anti,.,0.95,1.25,3.10,5.14,3.78,5.02,4.40,5.68,5.89,0.59,5.74,0.33,0.03,33.89,2.76,C2'-endo
16,17,0.21,C,C,C,0,1,0,0,0,.,,0,,,5.11,2.72,1.04,1.39,3.70,1.07,2.63,3.56,..,anti,.,4.33,4.67,2.57,6.02,3.38,5.25,4.02,4.44,0.04,5.85,0.64,5.65,0.38,38.18,0.26,C3'-endo
17,17A,0.22,U,U,U,0,0,0,1,0,.,,0,,,3.07,2.55,0.56,2.49,4.61,4.04,0.57,4.45,..,anti,.,0.72,1.06,0.92,4.96,2.00,4.03,2.02,4.00,5.92,0.58,5.71,0.37,6.28,34.30,2.83,C2'-endo
18,18,0.24,G,G,G,0,0,1,0,0,.,55,1,tWS,tW+m,1.29,2.90,0.64,2.56,3.93,4.01,6.20,4.48,..,anti,.,1.28,1.55,4.81,3.99,5.89,3.87,6.03,4.35,5.97,0.57,5.68,0.44,6.20,35.13,2.95,C2'-endo
19,19,0.25,G,G,G,0,0,1,0,0,{,56,1,cWW,cW-W,5.86,3.07,0.39,2.58,5.11,5.01,0.10,4.81,..,anti,.,-0.41,0.28,3.93,5.49,4.19,5.06,4.45,5.69,5.94,0.61,5.64,0.46,6.20,37.48,2.94,C2'-endo
20,20,0.26,U,U,U,0,0,0,1,0,.,,0,,,4.39,2.16,1.90,1.48,4.82,5.36,5.74,3.03,..,anti,.,4.07,4.18,2.55,4.93,3.33,4.87,3.59,4.79,6.19,6.00,0.53,5.69,0.43,33.86,0.47,C3'-endo
21,21,0.28,A,A,A,1,0,0,0,0,.,"7,13",2,"tWS,cSW","tW+m,cm-W",3.98,3.10,3.15,1.44,4.42,3.40,1.03,3.33,BII,anti,.,4.32,4.59,3.76,2.09,4.23,2.40,4.82,2.60,6.27,5.91,0.60,5.66,0.40,36.47,0.35,C3'-endo
22,22,0.29,G,G,G,0,0,1,0,0,),"12,46",2,"cWW,tHW","cW-W,tM-W",5.30,2.17,0.86,1.42,3.64,4.85,5.07,3.36,BI,anti,A,4.50,4.55,2.97,3.77,2.98,3.62,2.88,3.83,0.01,5.89,0.61,5.66,0.39,36.55,0.31,C3'-endo
23,23,0.30,C,C,C,0,1,0,0,0,),11,1,cWW,cW-W,5.06,3.12,0.90,1.37,3.61,4.94,4.95,3.43,BI,anti,A,4.53,4.63,2.88,3.57,2.97,3.62,3.48,4.04,0.01,5.85,0.66,5.61,0.42,39.92,0.31,C3'-endo
24,24,0.32,U,U,U,0,0,0,1,0,),10,1,cWW,cW-W,5.11,3.12,0.92,1.42,3.67,5.22,4.74,3.44,BI,anti,A,4.49,4.65,2.95,3.92,3.10,3.92,3.68,4.52,0.08,5.82,0.65,5.67,0.34,37.74,0.20,C3'-endo
25,25,0.33,C,C,C,0,1,0,0,0,),9,1,cWW,cW-W,5.01,2.97,1.15,1.37,3.66,5.22,4.72,3.41,BI,anti,.,4.51,4.61,2.90,3.87,3.24,3.91,4.18,4.65,6.28,5.88,0.63,5.63,0.41,38.32,0.33,C3'-endo
26,26,0.34,G,G,G,0,0,1,0,0,.,44,1,cWW,cW-W,5.05,2.98,1.12,1.41,3.80,5.10,4.99,3.35,BI,anti,A,4.53,4.63,2.96,3.93,3.34,3.94,4.44,4.55,0.04,5.85,0.64,5.65,0.37,37.78,0.26,C3'-endo
27,27,0.36,U,U,U,0,0,0,1,0,(,43,1,cWW,cW-W,5.10,3.10,0.97,1.42,3.82,4.94,5.16,3.46,BI,anti,A,4.35,4.59,2.95,3.79,3.23,3.82,4.11,4.39,6.26,5.91,0.60,5.66,0.41,36.46,0.36,C3'-endo
28,28,0.37,C,C,C,0,1,0,0,0,(,42,1,cWW,cW-W,5.30,2.92,0.78,1.32,3.78,4.90,5.17,3.40,BI,anti,A,4.56,4.72,2.82,3.62,3.06,3.69,3.91,4.11,0.07,5.79,0.72,5.59,0.40,42.15,0.24,C3'-endo
29,29,0.38,G,G,G,0,0,1,0,0,(,41,1,cWW,cW-W,5.12,3.17,0.85,1.36,3.61,5.13,4.76,3.40,BI,anti,A,4.62,4.72,2.87,3.73,3.00,3.78,3.61,4.21,0.11,5.77,0.71,5.62,0.35,41.19,0.17,C3'-endo
30,30,0.39,G,G,G,0,0,1,0,0,(,"0,40",2,"tSS,cWW","tm+m,cW-W",5.20,3.08,0.97,1.36,3.64,5.29,4.63,3.30,BI,anti,.,4.64,4.67,3.02,3.90,3.26,3.87,3.97,4.19,0.09,5.79,0.69,5.63,0.36,40.27,0.20,C3'-endo
31,31,0.41,G,G,G,0,0,1,0,0,(,39,1,cWW,cW-W,4.24,2.85,2.06,1.36,4.22,4.74,5.76,3.16,..,anti,.,4.68,4.71,3.10,3.69,3.33,3.77,3.93,4.43,0.01,5.88,0.63,5.64,0.40,37.90,0.32,C3'-endo
32,32,0.42,5MC,c,C,0,0,0,0,1,.,38,1,cWW,cW-W,5.46,2.76,0.82,1.37,3.99,5.22,5.06,3.26,BI,anti,.,4.63,4.70,2.90,4.21,3.18,4.26,4.07,5.07,6.23,5.92,0.62,5.62,0.45,38.35,0.40,C3'-endo
33,33,0.43,U,U,U,0,0,0,1,0,.,,0,,,5.10,3.22,0.80,1.44,3.99,5.27,5.00,3.53,BI,anti,.,4.21,4.63,2.85,4.34,3.21,3.61,4.32,2.52,0.01,5.90,0.59,5.68,0.38,35.79,0.32,C3'-endo
34,34,0.45,C,C,C,0,1,0,0,0,],0,1,cWW,cW-W,3.28,2.50,0.69,1.44,3.99,5.06,5.21,3.26,BI,anti,A,4.60,4.69,0.43,4.15,0.87,4.14,0.46,4.65,0.06,5.85,0.62,5.68,0.35,36.73,0.24,C3'-endo
35,35,0.46,A,A,A,1,0,0,0,0,],0,1,cWW,cW-W,5.16,3.01,0.88,1.41,3.59,5.01,4.86,3.52,BI,anti,A,4.36,4.57,2.76,3.66,3.12,3.65,4.04,3.99,0.04,5.85,0.63,5.65,0.37,37.63,0.26,C3'-endo
36,36,0.47,U,U,U,0,0,0,1,0,],0,1,cWW,cW-W,4.83,3.03,1.18,1.35,3.77,4.92,5.13,3.48,BI,anti,A,4.47,4.70,2.81,3.71,3.00,3.71,3.59,4.26,0.04,5.83,0.67,5.62,0.40,39.89,0.27,C3'-endo
37,37,0.49,A,A,A,1,0,0,0,0,.,,0,,,5.23,2.90,1.04,1.37,3.93,5.05,5.16,3.26,BI,anti,.,4.71,4.75,2.99,3.97,3.20,4.02,4.00,4.87,0.05,5.84,0.65,5.65,0.37,38.42,0.25,C3'-endo
38,38,0.50,A,A,A,1,0,0,0,0,.,32,1,cWW,cW-W,5.21,2.83,1.01,1.43,4.11,5.04,5.35,3.19,..,anti,.,4.73,4.77,2.91,4.19,3.28,4.26,4.51,5.14,0.11,5.80,0.66,5.67,0.32,38.10,0.17,C3'-endo
39,39,0.51,C,C,C,0,1,0,0,0,),31,1,cWW,cW-W,5.34,2.86,0.91,1.42,3.62,5.00,4.90,3.52,BI,anti,A,4.41,4.63,2.83,3.75,3.30,3.73,4.63,4.01,0.06,5.83,0.64,5.66,0.35,37.88,0.23,C3'-endo
40,40,0.53,C,C,C,0,1,0,0,0,),30,1,cWW,cW-W,5.18,3.18,0.82,1.36,3.73,4.93,5.08,3.51,BI,anti,A,4.40,4.69,2.95,3.64,3.09,3.72,3.60,4.12,0.06,5.82,0.68,5.62,0.38,40.08,0.25,C3'-endo
41,41,0.54,C,C,C,0,1,0,0,0,),"0,29",2,"cSS,cWW","cm-m,cW-W",5.24,3.01,1.03,1.40,3.66,5.34,4.61,3.45,BI,anti,A,4.40,4.57,3.08,4.05,3.27,3.96,3.80,4.41,6.28,5.89,0.62,5.64,0.41,37.55,0.33,C3'-endo
42,42,0.55,G,G,G,0,0,1,0,0,),28,1,cWW,cW-W,4.18,2.97,1.83,1.30,3.64,5.04,4.88,3.21,BI,anti,A,4.57,4.58,2.74,3.54,3.11,3.54,3.93,4.07,6.22,5.92,0.64,5.59,0.48,40.06,0.42,C3'-endo
43,43,0.57,A,A,A,1,0,0,0,0,),27,1,cWW,cW-W,5.17,2.96,1.05,1.38,3.63,4.68,5.23,3.27,BI,anti,A,4.58,4.60,2.98,3.45,3.24,3.48,4.07,3.79,0.01,5.86,0.64,5.63,0.41,38.77,0.31,C3'-endo
44,44,0.58,A,A,A,1,0,0,0,0,.,26,1,cWW,cW-W,5.40,2.72,1.09,1.46,3.72,5.17,4.83,3.50,BI,anti,.,4.41,4.64,3.13,4.03,3.32,4.01,3.77,4.82,0.06,5.86,0.60,5.70,0.34,35.60,0.24,C3'-endo
45,45,0.59,G,G,G,0,0,1,0,0,.,9,1,cSH,cm+M,4.76,3.12,1.21,1.52,4.09,4.74,5.64,3.80,..,anti,.,3.56,4.72,2.96,3.90,3.28,3.96,4.37,4.02,0.11,5.83,0.60,5.73,0.28,34.84,0.15,C3'-endo
46,46,0.61,G,G,G,0,0,1,0,0,.,22,1,tWH,tW-M,5.29,3.18,1.17,1.44,4.49,4.67,6.10,4.23,..,anti,.,1.61,4.01,3.60,4.17,3.66,4.45,3.65,5.52,6.06,6.12,0.46,5.69,0.52,34.03,0.70,C4'-exo
47,47,0.62,U,U,U,0,0,0,1,0,.,,0,,,5.50,2.47,1.59,1.63,5.40,1.56,3.85,5.39,..,anti,.,-3.80,4.52,3.98,1.55,4.36,1.66,4.62,1.57,0.23,5.75,0.61,5.79,0.17,35.00,6.23,C2'-exo
48,48,0.63,C,C,C,0,1,0,0,0,.,14,1,tWW,tW+W,4.05,3.38,0.87,2.52,3.70,1.41,2.29,4.14,..,anti,.,1.90,1.92,2.96,1.51,3.26,0.87,3.74,4.49,5.86,0.64,5.69,0.36,0.04,36.72,2.76,C2'-endo
49,49,0.64,G,G,G,0,0,1,0,0,(,65,1,cWW,cW-W,0.96,2.97,0.56,1.47,3.64,4.77,5.15,3.29,BI,anti,A,4.59,4.62,5.20,4.17,5.49,4.13,2.09,4.79,0.13,5.82,0.60,5.73,0.27,34.87,0.12,C3'-endo
50,50,0.66,U,U,U,0,0,0,1,0,(,64,1,cWW,cW-W,2.84,3.86,2.76,1.39,4.43,4.44,6.27,3.32,..,anti,A,4.41,4.72,2.85,3.57,3.19,3.56,4.17,3.87,0.04,5.86,0.63,5.65,0.37,37.70,0.27,C3'-endo
51,51,0.67,C,C,C,0,1,0,0,0,(,63,1,cWW,cW-W,5.39,2.34,1.00,1.29,3.76,5.12,4.93,3.41,BI,anti,A,4.55,4.69,2.71,3.91,2.98,3.83,3.57,4.31,6.26,5.87,0.67,5.58,0.46,41.06,0.36,C3'-endo
52,52,0.68,G,G,G,0,0,1,0,0,(,62,1,cWW,cW-W,5.24,3.03,0.81,1.29,3.67,4.98,4.97,3.32,BI,anti,A,4.65,4.67,2.82,3.55,3.08,3.61,3.95,4.08,6.27,5.85,0.69,5.57,0.46,41.83,0.34,C3'-endo
53,53,0.70,G,G,G,0,0,1,0,0,(,61,1,cWW,cW-W,4.98,2.80,1.39,1.36,3.64,5.07,4.85,3.16,BI,anti,A,4.64,4.64,2.97,3.73,3.23,3.71,3.94,4.25,0.01,5.86,0.65,5.62,0.41,39.13,0.30,C3'-endo
54,54,0.71,5MU,t,U,0,0,0,0,1,.,58,1,tWH,tW-M,5.01,3.24,0.96,1.42,4.13,5.02,5.40,3.29,..,anti,.,4.67,4.78,3.06,4.11,3.22,4.19,3.98,5.05,0.07,5.83,0.65,5.66,0.35,38.11,0.22,C3'-endo
55,55,0.72,PSU,P,U,0,0,0,0,1,.,18,1,tSW,tm+W,5.00,2.75,1.26,1.47,4.32,4.71,5.89,3.49,..,anti,.,4.22,4.74,2.93,4.55,3.30,3.72,4.45,2.56,0.03,5.88,0.60,5.68,0.36,35.75,0.28,C3'-endo
56,56,0.74,C,C,C,0,1,0,0,0,},19,1,cWW,cW-W,2.00,3.33,1.49,1.52,4.05,5.08,5.25,3.42,BI,anti,.,4.44,4.69,0.24,4.24,0.76,4.24,0.40,4.76,0.09,5.85,0.59,5.74,0.29,34.09,0.17,C3'-endo
57,57,0.75,A,A,A,1,0,0,0,0,.,,0,,,5.38,2.87,0.94,1.37,3.95,4.93,5.31,3.53,BI,anti,.,4.22,4.60,2.97,3.76,3.37,3.98,4.27,4.28,6.25,5.91,0.61,5.63,0.43,37.83,0.38,C3'-endo
58,58,0.76,A,A,A,1,0,0,0,0,.,54,1,tHW,tM-W,5.47,3.60,1.04,2.64,5.07,3.37,1.71,5.00,BII,anti,.,0.24,0.20,4.08,4.22,4.42,3.26,4.39,2.75,5.90,0.66,5.62,0.45,6.24,39.12,2.88,C2'-endo
59,59,0.78,A,A,A,1,0,0,0,0,.,,0,,,0.67,3.61,1.55,1.43,3.99,5.34,4.93,3.20,BI,anti,.,4.67,4.70,0.04,4.37,0.45,4.51,0.94,5.37,0.05,5.84,0.64,5.65,0.36,37.93,0.24,C3'-endo
60,60,0.79,U,U,U,0,0,0,1,0,.,,0,,,5.23,3.04,1.09,2.48,4.57,5.22,5.63,3.88,..,anti,.,1.13,1.05,3.33,5.51,4.05,5.09,5.17,5.58,5.85,0.64,5.69,0.35,0.05,36.70,2.74,C2'-endo
61,61,0.80,C,C,C,0,1,0,0,0,),53,1,cWW,cW-W,4.86,3.18,0.50,1.37,3.72,4.72,5.27,3.45,BI,anti,A,4.51,4.67,2.01,3.45,2.79,3.58,3.50,4.07,0.02,5.86,0.64,5.64,0.39,38.54,0.29,C3'-endo
62,62,0.82,C,C,C,0,1,0,0,0,),52,1,cWW,cW-W,5.61,2.79,0.72,1.37,3.47,5.01,4.74,3.33,BI,anti,A,4.55,4.58,2.96,3.88,3.16,3.81,3.79,4.19,0.05,5.83,0.67,5.63,0.38,39.56,0.25,C3'-endo
63,63,0.83,G,G,G,0,0,1,0,0,),51,1,cWW,cW-W,3.60,3.37,2.23,1.38,4.17,4.73,5.72,3.08,..,anti,A,4.70,4.72,2.87,3.68,3.05,3.70,3.70,4.04,0.04,5.86,0.64,5.65,0.37,37.79,0.27,C3'-endo
64,64,0.84,G,G,G,0,0,1,0,0,),50,1,cWW,cW-W,5.27,2.64,1.09,1.35,3.83,4.84,5.27,3.26,BI,anti,A,4.59,4.62,2.86,3.68,3.14,3.66,3.75,4.24,6.25,5.91,0.63,5.62,0.44,38.67,0.38,C3'-endo
65,65,0.86,C,C,C,0,1,0,0,0,),49,1,cWW,cW-W,5.28,3.01,0.71,1.34,3.66,4.93,5.02,3.43,BI,anti,A,4.55,4.70,2.77,3.59,2.95,3.67,3.83,3.98,0.13,5.75,0.72,5.62,0.34,41.77,0.15,C3'-endo
66,66,0.87,C,C,C,0,1,0,0,0,),6,1,cWW,cW-W,5.31,2.87,1.22,1.41,4.54,4.60,6.23,3.44,..,anti,.,4.17,4.72,3.42,4.35,3.54,4.17,3.91,4.47,0.05,5.85,0.64,5.65,0.37,37.88,0.25,C3'-endo
67,67,0.88,C,C,C,0,1,0,0,0,),5,1,cWW,cW-W,1.26,4.40,4.04,1.42,4.10,4.69,5.70,3.01,..,anti,.,4.81,4.83,3.03,3.42,3.22,3.60,3.96,4.08,0.15,5.75,0.69,5.66,0.30,39.80,0.11,C3'-endo
68,68,0.89,C,C,C,0,1,0,0,0,),4,1,cWW,cW-W,0.75,2.54,5.65,1.41,3.09,4.89,4.48,3.80,BI,anti,A,3.90,4.30,2.72,3.47,3.06,3.53,3.74,4.17,6.25,5.91,0.61,5.64,0.43,37.52,0.37,C3'-endo
69,69,0.91,C,C,C,0,1,0,0,0,),3,1,cWW,cW-W,2.87,3.76,2.77,1.37,3.89,5.47,4.70,3.27,BI,anti,.,4.61,4.68,2.83,4.01,3.10,3.83,3.92,4.26,0.04,5.85,0.64,5.64,0.38,38.30,0.27,C3'-endo
70,70,0.92,G,G,G,0,0,1,0,0,),2,1,cWW,cW-W,4.00,2.44,2.42,1.43,4.23,4.89,5.63,3.06,..,anti,A,4.77,4.79,2.99,3.56,3.28,3.63,4.14,4.37,0.12,5.80,0.64,5.69,0.29,37.10,0.14,C3'-endo
71,71,0.93,C,C,C,0,1,0,0,0,),1,1,cWW,cW-W,5.13,2.93,0.83,1.33,3.71,5.08,4.91,3.49,BI,anti,.,4.49,4.75,2.61,3.78,2.93,3.83,3.96,4.21,0.11,5.75,0.73,5.61,0.35,42.24,0.17,C3'-endo
72,72,0.95,A,A,A,1,0,0,0,0,.,,0,,,5.25,2.95,1.16,1.38,4.00,4.98,5.31,3.25,BI,anti,A,4.66,4.72,3.18,3.90,3.43,3.91,4.06,4.71,0.02,5.86,0.64,5.64,0.39,38.51,0.29,C3'-endo
73,73,0.96,A,A,A,1,0,0,0,0,.,,0,,,5.03,2.77,1.14,1.37,3.97,2.25,1.72,3.33,..,anti,.,4.67,4.79,2.79,1.00,3.11,1.00,4.26,1.45,0.07,5.81,0.68,5.63,0.36,39.69,0.22,C3'-endo
74,74,0.97,C,C,C,0,1,0,0,0,{,0,1,cWW,cW-W,4.57,2.54,0.92,1.38,3.72,5.11,4.89,3.34,BI,anti,A,4.58,4.65,2.74,3.95,3.12,3.91,3.18,4.07,0.05,5.84,0.65,5.64,0.38,38.81,0.26,C3'-endo
75,75,0.99,C,C,C,0,1,0,0,0,{,0,1,cWW,cW-W,4.71,3.51,0.95,1.42,4.96,4.02,0.94,3.87,..,anti,.,2.45,4.44,3.19,4.26,3.27,4.26,3.54,4.19,6.23,5.94,0.58,5.66,0.43,35.96,0.40,C3'-endo
76,76,1.00,A,A,A,1,0,0,0,0,.,,0,,,1.13,4.75,4.03,2.46,,,,4.44,n/a,anti,-,,,,,,,,,5.80,0.68,5.69,0.33,0.09,38.13,2.68,C2'-endo
