index_chain,old_nt_resnum,nt_position,nt_name,nt_code,nt_align_code,is_A,is_C,is_G,is_U,is_other,dbn,paired,nb_interact,pair_type_LW,pair_type_DSSR,alpha,beta,gamma,delta,epsilon,zeta,epsilon_zeta,chi,bb_type,glyco_bond,form,ssZp,Dp,eta,theta,eta_prime,theta_prime,eta_base,theta_base,v0,v1,v2,v3,v4,amplitude,phase_angle,puckering
1,1,0.04,C,C,C,0,1,0,0,0,),0,1,cWW,cW-W,,,1.28,1.49,3.55,5.12,4.72,3.42,BI,anti,A,4.42,4.52,,,,,,,0.05,5.85,0.63,5.66,0.36,37.54,0.25,C3'-endo
2,2,0.09,U,U,U,0,0,0,1,0,),0,1,cWW,cW-W,4.80,3.28,0.99,1.45,3.66,5.07,4.88,3.46,BI,anti,A,4.34,4.55,2.85,3.80,3.06,3.82,3.65,4.47,0.02,5.86,0.65,5.62,0.41,39.18,0.30,C3'-endo
3,3,0.13,U,U,U,0,0,0,1,0,),0,1,cWW,cW-W,5.05,2.98,0.91,1.39,3.61,4.90,4.99,3.54,BI,anti,A,4.39,4.64,2.78,3.62,3.06,3.62,4.00,3.98,0.02,5.83,0.69,5.58,0.42,41.56,0.29,C3'-endo
4,4,0.17,G,G,G,0,0,1,0,0,),0,1,cWW,cW-W,5.34,2.77,0.98,1.42,3.45,5.10,4.64,3.37,BI,anti,A,4.48,4.52,2.96,3.70,3.22,3.67,3.87,4.05,6.28,5.85,0.68,5.58,0.44,41.25,0.33,C3'-endo
5,5,0.22,C,C,C,0,1,0,0,0,),0,1,cWW,cW-W,5.05,3.22,0.93,1.42,3.61,5.09,4.80,3.45,BI,anti,A,4.44,4.59,2.97,3.76,3.17,3.80,3.81,4.30,0.01,5.85,0.68,5.59,0.43,40.87,0.32,C3'-endo
6,6,0.26,U,U,U,0,0,0,1,0,),0,1,cWW,cW-W,5.14,3.16,0.88,1.40,3.66,5.02,4.92,3.49,BI,anti,A,4.34,4.63,2.94,3.72,3.16,3.75,3.89,4.19,0.03,5.84,0.67,5.61,0.41,40.09,0.29,C3'-endo
7,7,0.30,G,G,G,0,0,1,0,0,),0,1,cWW,cW-W,5.12,3.04,0.89,1.38,3.71,2.91,0.80,3.68,..,anti,.,4.15,4.65,2.86,1.84,3.07,2.08,3.71,2.06,6.27,5.87,0.67,5.59,0.44,40.48,0.34,C3'-endo
8,8,0.35,A,A,A,1,0,0,0,0,.,,0,,,3.37,4.06,0.35,2.54,4.14,5.79,4.63,3.60,..,anti,.,0.75,1.37,1.96,5.50,1.60,5.38,1.31,5.59,5.80,0.72,5.62,0.41,0.04,41.19,2.76,C2'-endo
9,9,0.39,G,G,G,0,0,1,0,0,.,0,1,cWW,cW-W,4.98,3.96,0.77,1.39,,,,3.48,..,anti,-,,,,,,,,,0.00,5.85,0.67,5.60,0.43,40.42,0.32,C3'-endo
10,10,0.43,G,G,G,0,0,1,0,0,),0,1,cWW,cW-W,,3.32,0.92,1.42,3.70,5.03,4.96,3.21,BI,anti,A,4.55,4.66,,3.77,,3.85,,4.28,0.07,5.80,0.69,5.62,0.37,40.38,0.23,C3'-endo
11,11,0.48,U,U,U,0,0,0,1,0,),0,1,cWW,cW-W,5.16,3.22,0.82,1.42,3.50,5.11,4.68,3.45,BI,anti,A,4.46,4.58,2.94,3.70,3.14,3.74,3.79,4.18,0.04,5.83,0.67,5.62,0.39,39.50,0.26,C3'-endo
12,12,0.52,G,G,G,0,0,1,0,0,),0,1,cWW,cW-W,5.16,3.10,0.90,1.42,3.51,5.07,4.72,3.51,BI,anti,A,4.36,4.55,2.95,3.70,3.20,3.72,3.87,4.30,0.03,5.85,0.66,5.62,0.40,39.15,0.29,C3'-endo
13,13,0.57,C,C,C,0,1,0,0,0,),0,1,cWW,cW-W,5.21,2.99,0.91,1.42,3.60,4.96,4.92,3.56,BI,anti,A,4.36,4.61,2.96,3.67,3.21,3.66,4.05,3.94,0.04,5.83,0.67,5.61,0.40,39.92,0.27,C3'-endo
14,14,0.61,A,A,A,1,0,0,0,0,),0,1,cWW,cW-W,5.21,2.96,0.89,1.39,3.57,5.05,4.80,3.46,BI,anti,A,4.46,4.61,2.90,3.70,3.10,3.71,3.65,4.26,0.02,5.84,0.69,5.59,0.43,41.10,0.30,C3'-endo
15,15,0.65,C,C,C,0,1,0,0,0,),0,1,cWW,cW-W,5.17,3.01,0.93,1.41,3.59,5.02,4.86,3.51,BI,anti,A,4.46,4.64,2.92,3.71,3.17,3.72,4.00,4.11,0.04,5.82,0.69,5.60,0.40,40.78,0.26,C3'-endo
16,16,0.70,A,A,A,1,0,0,0,0,.,0,1,cWW,cW-W,5.20,3.00,0.95,1.42,3.73,5.06,4.96,3.36,BI,anti,A,4.61,4.65,2.99,3.85,3.21,3.87,3.86,4.61,0.02,5.85,0.67,5.61,0.42,40.09,0.30,C3'-endo
17,17,0.74,C,C,C,0,1,0,0,0,),0,1,cWW,cW-W,5.15,3.01,0.93,1.43,3.40,5.09,4.59,3.65,BI,anti,A,4.28,4.54,2.86,3.63,3.18,3.62,4.24,3.99,0.04,5.83,0.67,5.62,0.39,39.75,0.26,C3'-endo
18,18,0.78,A,A,A,1,0,0,0,0,),0,1,cWW,cW-W,5.04,3.21,0.89,1.46,3.63,4.93,4.99,3.55,BI,anti,A,4.27,4.60,2.96,3.66,3.14,3.68,3.70,4.03,0.08,5.81,0.66,5.65,0.35,38.57,0.21,C3'-endo
19,19,0.83,G,G,G,0,0,1,0,0,),0,1,cWW,cW-W,5.13,3.01,0.88,1.42,3.83,4.92,5.20,3.50,BI,anti,A,4.39,4.74,2.90,3.78,3.05,3.82,3.60,4.38,0.11,5.78,0.69,5.64,0.33,39.91,0.17,C3'-endo
20,20,0.87,C,C,C,0,1,0,0,0,),0,1,cWW,cW-W,5.14,2.79,1.03,1.41,3.59,5.01,4.86,3.36,BI,anti,A,4.70,4.67,2.79,3.72,3.10,3.70,4.00,4.02,0.06,5.80,0.71,5.59,0.40,41.93,0.25,C3'-endo
21,21,0.91,A,A,A,1,0,0,0,0,),0,1,cWW,cW-W,5.17,3.27,0.82,1.46,3.61,5.09,4.80,3.45,BI,anti,A,4.48,4.62,3.03,3.78,3.17,3.81,3.73,4.23,0.09,5.81,0.66,5.66,0.33,38.27,0.19,C3'-endo
22,22,0.96,A,A,A,1,0,0,0,0,),0,1,cWW,cW-W,5.12,3.01,0.94,1.38,3.62,5.03,4.88,3.50,BI,anti,A,4.53,4.68,2.86,3.70,3.14,3.73,3.85,4.21,0.03,5.81,0.72,5.57,0.43,42.60,0.28,C3'-endo
23,23,1.00,G,G,G,0,0,1,0,0,),0,1,cWW,cW-W,5.17,3.13,0.91,1.43,,,,3.52,n/a,anti,-,,,,,,,,,0.04,5.84,0.66,5.63,0.39,39.18,0.26,C3'-endo
