index_chain,old_nt_resnum,nt_position,nt_name,nt_code,nt_align_code,is_A,is_C,is_G,is_U,is_other,dbn,paired,nb_interact,pair_type_LW,pair_type_DSSR,alpha,beta,gamma,delta,epsilon,zeta,epsilon_zeta,chi,bb_type,glyco_bond,form,ssZp,Dp,eta,theta,eta_prime,theta_prime,eta_base,theta_base,v0,v1,v2,v3,v4,amplitude,phase_angle,puckering
1,1,0.10,A,A,A,1,0,0,0,0,.,,0,,,,,1.33,1.59,3.21,5.05,4.45,3.60,BI,anti,.,3.79,3.98,,,,,,,0.10,5.86,0.57,5.76,0.27,32.91,0.15,C3'-endo
2,2,0.20,A,A,A,1,0,0,0,0,.,,0,,,4.53,3.58,0.88,1.17,1.20,1.47,6.01,3.54,..,anti,.,3.76,4.06,3.12,4.01,3.27,4.01,3.88,4.48,0.30,5.60,0.80,5.64,0.22,45.71,6.23,C2'-exo
3,3,0.30,G,G,G,0,0,1,0,0,.,0,1,cWW,cW-W,3.61,2.96,1.17,1.58,3.55,4.76,5.08,3.57,BI,anti,.,4.09,4.15,2.67,3.59,3.19,3.60,3.96,4.00,6.28,5.96,0.51,5.76,0.33,30.81,0.33,C3'-endo
4,4,0.40,A,A,A,1,0,0,0,0,),0,1,cWW,cW-W,4.70,3.45,1.00,1.40,3.55,5.05,4.79,3.43,BI,anti,A,4.32,4.59,2.86,3.71,2.93,3.74,3.48,4.01,0.17,5.73,0.71,5.66,0.29,40.99,0.09,C3'-endo
5,5,0.50,C,C,C,0,1,0,0,0,),0,1,cWW,cW-W,5.41,2.95,1.05,1.52,3.70,4.83,5.16,3.59,BI,anti,.,4.05,4.36,3.23,3.80,3.49,3.76,3.93,4.29,0.10,5.86,0.57,5.75,0.28,33.24,0.16,C3'-endo
6,6,0.60,C,C,C,0,1,0,0,0,),0,1,cWW,cW-W,5.58,2.70,0.64,1.28,3.39,5.21,4.47,3.41,BI,anti,A,4.42,4.64,2.84,3.62,3.12,3.67,3.96,4.04,0.02,5.81,0.73,5.55,0.45,43.71,0.30,C3'-endo
7,7,0.70,A,A,A,1,0,0,0,0,),0,1,cWW,cW-W,5.05,3.20,0.91,1.38,3.79,5.04,5.04,3.37,BI,anti,A,4.61,4.70,2.98,3.86,3.16,3.93,3.74,4.41,0.09,5.76,0.74,5.58,0.38,43.47,0.20,C3'-endo
8,8,0.80,G,G,G,0,0,1,0,0,),0,1,cWW,cW-W,5.50,2.80,0.94,1.28,3.37,5.11,4.54,3.28,BI,anti,A,4.53,4.54,2.93,3.45,3.33,3.48,4.21,3.87,6.21,5.88,0.71,5.53,0.52,44.08,0.41,C3'-endo
9,9,0.90,G,G,G,0,0,1,0,0,),0,1,cWW,cW-W,5.24,3.60,0.71,1.56,3.39,5.36,4.31,3.45,BI,anti,A,4.35,4.42,3.25,3.91,3.30,3.94,3.74,4.26,0.17,5.81,0.58,5.77,0.22,33.55,0.05,C3'-endo
10,10,1.00,C,C,C,0,1,0,0,0,),0,1,cWW,cW-W,4.75,3.56,0.68,1.10,,,,3.85,n/a,anti,-,,,,,,,,,0.02,5.78,0.78,5.50,0.48,46.99,0.30,C3'-endo
