index_chain,old_nt_resnum,nt_position,nt_name,nt_code,nt_align_code,is_A,is_C,is_G,is_U,is_other,dbn,paired,nb_interact,pair_type_LW,pair_type_DSSR,alpha,beta,gamma,delta,epsilon,zeta,epsilon_zeta,chi,bb_type,glyco_bond,form,ssZp,Dp,eta,theta,eta_prime,theta_prime,eta_base,theta_base,v0,v1,v2,v3,v4,amplitude,phase_angle,puckering
1,1,0.01,U,U,U,0,0,0,1,0,.,,0,,,,,1.08,1.45,3.94,1.42,2.51,3.99,..,anti,.,3.09,4.68,,,,,,,0.05,5.83,0.65,5.64,0.37,38.40,0.25,C3'-endo
2,2,0.02,U,U,U,0,0,0,1,0,.,,0,,,2.33,4.96,5.31,2.52,4.53,1.89,2.64,4.18,..,anti,.,0.89,0.89,0.73,0.94,0.73,1.51,1.42,1.32,5.87,0.66,5.64,0.43,6.27,38.83,2.83,C2'-endo
3,3,0.02,A,A,A,1,0,0,0,0,.,"21,25",2,"tWS,cHW","tW+m,cM+W",4.05,3.46,1.19,2.68,4.55,5.38,5.45,5.01,..,anti,.,-0.75,1.69,3.38,5.87,3.51,5.50,3.04,0.08,0.04,0.33,5.73,0.60,5.88,34.57,3.53,C3'-exo
4,4,0.03,G,G,G,0,0,1,0,0,(,119,1,cWW,cW-W,5.40,3.25,1.08,1.42,3.65,5.02,4.91,3.29,BI,anti,A,4.58,4.67,3.13,3.74,3.93,3.77,3.92,4.15,0.06,5.81,0.69,5.61,0.38,40.81,0.24,C3'-endo
5,5,0.04,G,G,G,0,0,1,0,0,(,118,1,cWW,cW-W,5.01,3.24,0.93,1.39,3.66,4.98,4.96,3.48,BI,anti,A,4.53,4.69,2.92,3.71,3.08,3.74,3.69,4.22,0.05,5.81,0.70,5.60,0.40,41.31,0.25,C3'-endo
6,6,0.05,C,C,C,0,1,0,0,0,(,117,1,cWW,cW-W,5.43,3.00,0.79,1.40,3.54,5.92,3.91,3.61,BI,anti,.,4.34,4.61,3.02,4.30,3.24,4.10,3.94,4.29,0.08,5.80,0.68,5.63,0.36,39.70,0.22,C3'-endo
7,7,0.06,G,G,G,0,0,1,0,0,(,116,1,cWW,cW-W,3.61,2.16,2.86,1.45,3.82,4.88,5.22,3.15,BI,anti,A,4.67,4.65,3.15,2.87,3.35,3.14,3.90,3.68,0.09,5.81,0.65,5.66,0.34,38.04,0.20,C3'-endo
8,8,0.07,G,G,G,0,0,1,0,0,(,115,1,cWW,cW-W,5.25,3.01,0.87,1.40,3.99,5.02,5.26,3.36,BI,anti,A,4.40,4.68,3.05,3.99,3.22,4.02,3.77,4.60,0.04,5.83,0.67,5.61,0.40,40.00,0.27,C3'-endo
9,9,0.07,C,C,C,0,1,0,0,0,(,114,1,cWW,cW-W,5.14,2.86,0.99,1.42,3.95,5.49,4.74,3.50,BI,anti,.,4.39,4.56,2.83,4.45,3.13,4.64,3.97,5.51,6.12,5.99,0.61,5.56,0.56,41.27,0.55,C3'-endo
10,10,0.08,C,C,C,0,1,0,0,0,.,13,1,tSW,tm+W,5.11,2.99,1.21,2.54,4.52,2.90,1.61,4.05,BII,anti,.,1.21,1.00,3.27,2.73,4.14,2.56,5.19,3.25,5.87,0.64,5.68,0.39,0.02,37.05,2.79,C2'-endo
11,11,0.09,A,A,A,1,0,0,0,0,.,68,1,tSS,tm+m,5.51,3.67,0.99,1.46,3.40,4.11,5.57,3.35,BI,anti,.,4.56,4.54,4.75,3.16,4.47,2.48,4.24,2.68,0.10,5.80,0.67,5.65,0.34,39.07,0.19,C3'-endo
12,12,0.10,C,C,C,0,1,0,0,0,.,,0,,,1.50,3.77,1.03,2.56,4.47,5.06,5.70,3.95,..,anti,.,0.87,0.92,0.09,5.42,0.18,5.10,5.67,5.43,5.89,0.65,5.64,0.43,6.25,38.50,2.86,C2'-endo
13,13,0.11,A,A,A,1,0,0,0,0,.,10,1,tWS,tW+m,4.75,3.19,0.73,2.53,4.20,4.89,5.60,3.74,..,anti,.,1.02,1.33,2.35,5.45,3.31,5.20,3.84,5.65,5.80,0.70,5.64,0.38,0.06,39.93,2.73,C2'-endo
14,14,0.11,G,G,G,0,0,1,0,0,(,67,1,cWW,cW-W,0.89,2.77,5.33,1.72,3.55,5.43,4.41,3.37,BI,anti,.,4.62,4.67,2.72,3.81,3.47,3.96,4.20,4.38,0.45,5.61,0.65,5.88,6.26,39.54,5.92,C2'-exo
15,15,0.12,C,C,C,0,1,0,0,0,(,"66,113",2,"cWW,cHW","cW-W,cM+W",4.88,3.38,0.97,1.37,3.74,5.19,4.83,3.36,BI,anti,.,4.56,4.64,2.93,3.90,3.26,3.98,3.85,4.86,6.22,5.88,0.69,5.54,0.51,43.04,0.41,C3'-endo
16,16,0.13,G,G,G,0,0,1,0,0,(,64,1,cWW,cW-W,5.09,3.06,0.92,1.36,3.71,5.02,4.96,3.37,BI,anti,A,4.72,4.74,2.81,3.76,3.16,3.80,4.39,4.19,0.07,5.78,0.73,5.58,0.40,42.91,0.23,C3'-endo
17,17,0.14,G,G,G,0,0,1,0,0,(,63,1,cWW,cW-W,5.40,2.98,0.92,1.35,3.55,4.89,4.94,3.38,BI,anti,A,4.59,4.63,3.05,3.50,3.32,3.50,3.99,3.68,6.28,5.84,0.70,5.56,0.46,42.70,0.33,C3'-endo
18,18,0.15,U,U,U,0,0,0,1,0,(,62,1,cWW,cW-W,5.29,3.09,0.85,1.38,3.53,5.11,4.71,3.57,BI,anti,A,4.33,4.60,3.00,3.69,3.12,3.72,3.46,4.25,0.03,5.83,0.68,5.60,0.41,40.63,0.28,C3'-endo
19,19,0.16,G,G,G,0,0,1,0,0,(,61,1,cWW,cW-W,5.06,3.17,0.93,1.41,3.57,5.11,4.74,3.33,BI,anti,A,4.62,4.64,2.91,3.75,3.14,3.76,3.93,4.19,0.07,5.79,0.70,5.60,0.38,41.23,0.23,C3'-endo
20,20,0.16,G,G,G,0,0,1,0,0,(,60,1,cWW,cW-W,5.09,3.13,1.00,1.40,3.42,5.13,4.57,3.35,BI,anti,A,4.54,4.54,2.97,3.64,3.23,3.68,3.94,4.10,0.03,5.83,0.68,5.60,0.41,40.69,0.28,C3'-endo
21,21,0.17,G,G,G,0,0,1,0,0,(,"3,59",2,"tSW,cWW","tm+W,cW-W",5.18,3.23,0.89,1.44,3.80,4.03,6.06,3.70,..,anti,.,3.98,4.62,3.15,3.55,3.33,3.51,3.89,3.21,0.06,5.83,0.65,5.64,0.37,38.65,0.25,C3'-endo
22,22,0.18,G,G,G,0,0,1,0,0,.,"26,58",2,"tSW,cW.","tm+W,cW-.",2.56,3.88,2.85,1.54,4.72,3.33,1.40,3.78,BII,anti,.,2.77,4.56,2.99,2.50,2.95,2.52,2.69,2.53,0.11,5.82,0.61,5.72,0.29,35.46,0.15,C3'-endo
23,23,0.19,U,U,U,0,0,0,1,0,.,,0,,,5.31,2.79,3.01,1.47,3.39,3.98,5.70,3.06,..,anti,.,4.10,4.32,6.04,2.65,5.71,2.55,5.60,2.31,0.04,5.87,0.61,5.67,0.36,36.28,0.27,C3'-endo
24,24,0.20,U,U,U,0,0,0,1,0,.,,0,,,2.04,4.63,5.02,1.40,3.64,1.12,2.52,3.85,..,anti,.,3.63,4.46,5.09,4.74,4.67,5.13,4.05,5.26,6.21,5.92,0.63,5.60,0.47,39.53,0.42,C3'-endo
25,25,0.20,G,G,G,0,0,1,0,0,.,3,1,cWH,cW+M,4.71,3.53,0.94,1.47,3.79,5.09,4.99,3.22,BI,anti,.,4.68,4.74,3.34,3.96,4.08,4.03,4.78,4.37,0.18,5.74,0.68,5.68,0.26,39.28,0.06,C3'-endo
26,26,0.21,C,C,C,0,1,0,0,0,.,22,1,tWS,tW+m,5.27,3.25,0.83,1.39,3.63,5.11,4.81,3.36,BI,anti,A,4.51,4.57,3.07,3.75,3.29,3.83,3.87,4.61,0.01,5.85,0.67,5.60,0.42,40.06,0.31,C3'-endo
27,27,0.22,C,C,C,0,1,0,0,0,.,"55,58",2,"cWW,cWW","cW-W,cW-W",5.14,3.18,0.76,1.41,3.47,4.85,4.90,3.54,BI,anti,A,4.44,4.59,2.85,4.06,3.10,4.03,4.12,4.54,0.10,5.80,0.67,5.65,0.34,39.04,0.19,C3'-endo
28,28,0.23,U,U,U,0,0,0,1,0,(,54,1,cWW,cW-W,2.73,3.81,2.97,1.45,4.38,4.44,6.22,3.07,..,anti,A,4.69,4.73,3.03,3.44,3.35,3.49,4.18,4.06,0.12,5.79,0.66,5.67,0.31,38.16,0.15,C3'-endo
29,29,0.24,C,C,C,0,1,0,0,0,(,"51,53,56",3,"c.W,cWW,cSW","c.-W,cW-W,cm-W",5.37,2.21,1.11,1.42,3.81,5.59,4.51,3.31,BI,anti,.,4.58,4.67,2.75,4.56,3.10,4.51,3.96,5.24,0.04,5.83,0.68,5.61,0.40,40.30,0.27,C3'-endo
30,30,0.25,C,C,C,0,1,0,0,0,(,"50,52",2,"cWW,cSW","cW-W,cm-W",5.11,3.11,0.92,1.42,3.67,5.01,4.95,3.55,BI,anti,A,4.21,4.56,2.89,3.74,3.51,3.80,4.83,4.27,0.05,5.84,0.64,5.65,0.37,38.04,0.25,C3'-endo
31,31,0.25,C,C,C,0,1,0,0,0,(,49,1,cWW,cW-W,5.20,3.18,0.81,1.44,3.81,5.18,4.91,3.58,BI,anti,A,4.16,4.63,3.03,4.02,3.20,4.01,3.80,4.32,0.07,5.84,0.64,5.66,0.35,37.35,0.23,C3'-endo
32,32,0.26,G,G,G,0,0,1,0,0,(,48,1,cWW,cW-W,5.22,2.89,0.93,1.28,3.13,4.65,4.77,3.45,BI,anti,A,4.37,4.28,2.79,3.38,3.16,3.50,3.81,3.84,6.04,6.01,0.65,5.48,0.66,45.68,0.62,C3'-endo
33,33,0.27,U,U,U,0,0,0,1,0,(,"35,47",2,"cSH,cWW","cm+M,cW-W",3.17,3.65,2.90,2.57,4.27,2.67,1.60,3.85,BII,anti,.,1.42,1.30,3.70,2.27,3.85,2.26,4.10,1.99,5.96,0.61,5.64,0.47,6.19,37.45,2.96,C2'-endo
34,34,0.28,A,A,A,1,0,0,0,0,.,,0,,,3.06,3.85,1.02,1.45,3.19,5.07,4.41,3.58,BI,anti,A,4.32,4.51,2.21,4.07,1.92,4.01,1.89,4.44,0.16,5.74,0.70,5.66,0.29,40.15,0.09,C3'-endo
35,35,0.29,C,C,C,0,1,0,0,0,.,"33,48",2,"cHS,cWS","cM+m,cW-m",2.81,3.68,2.89,1.44,4.42,4.75,5.95,3.18,..,anti,A,4.64,4.76,3.07,3.79,3.36,3.80,4.15,4.11,0.14,5.78,0.65,5.69,0.28,37.55,0.11,C3'-endo
36,36,0.30,C,C,C,0,1,0,0,0,.,47,1,cWS,cW-m,5.07,3.04,0.76,1.37,3.90,5.25,4.93,3.57,BI,anti,.,4.30,4.68,2.63,4.11,2.85,4.22,3.36,5.09,0.00,5.85,0.68,5.59,0.43,40.82,0.32,C3'-endo
37,37,0.30,C,C,C,0,1,0,0,0,(,43,1,cWW,cW-W,5.22,2.94,0.88,1.39,3.62,5.00,4.90,3.47,BI,anti,A,4.61,4.65,2.77,3.70,3.24,3.72,4.50,4.12,0.02,5.84,0.68,5.60,0.41,40.49,0.29,C3'-endo
38,38,0.31,A,A,A,1,0,0,0,0,.,45,1,cSW,cm-W,5.19,3.06,0.95,1.44,3.90,3.91,6.27,3.40,..,anti,.,4.50,4.68,3.06,3.12,3.24,3.25,3.83,3.11,0.03,5.83,0.68,5.61,0.41,40.35,0.28,C3'-endo
39,39,0.32,U,U,U,0,0,0,1,0,.,"42,44",2,"tSH,tSH","tm-M,tm-M",5.83,2.05,1.19,1.42,2.96,1.26,1.69,3.44,..,anti,.,2.82,3.31,3.28,6.26,3.56,5.45,3.37,4.39,6.00,6.13,0.51,5.59,0.62,39.51,0.74,C4'-exo
40,40,0.33,C,C,C,0,1,0,0,0,.,,0,,,0.22,2.98,0.92,1.33,3.19,1.28,1.91,3.46,..,anti,.,4.16,4.22,4.65,5.99,5.56,5.48,0.47,5.42,6.02,6.03,0.64,5.48,0.67,46.08,0.65,C4'-exo
41,41,0.34,C,C,C,0,1,0,0,0,.,,0,,,3.25,3.43,0.73,1.28,3.08,5.10,4.26,3.96,BI,anti,.,3.29,3.90,1.61,3.63,2.42,3.62,3.25,4.33,5.95,6.12,0.57,5.51,0.70,44.77,0.75,C4'-exo
42,42,0.34,C,C,C,0,1,0,0,0,.,39,1,tHS,tM-m,2.75,3.44,3.01,1.47,4.51,5.22,5.57,3.20,..,anti,.,4.26,4.55,3.09,4.49,3.28,4.11,4.15,4.55,0.07,5.84,0.63,5.67,0.34,36.96,0.22,C3'-endo
43,43,0.35,G,G,G,0,0,1,0,0,),"37,46",2,"cWW,tSW","cW-W,tm+W",3.08,2.67,5.18,2.75,3.70,2.54,1.15,5.40,..,anti,.,0.15,1.53,4.73,1.73,5.42,1.35,5.21,1.20,0.01,0.37,5.69,0.62,5.88,35.97,3.49,C3'-exo
44,44,0.36,A,A,A,1,0,0,0,0,.,39,1,tHS,tM-m,3.23,2.80,0.78,1.43,3.89,5.18,4.99,3.28,BI,anti,.,4.72,4.71,1.47,4.15,1.50,4.20,1.82,5.04,0.09,5.81,0.66,5.66,0.34,38.35,0.20,C3'-endo
45,45,0.37,A,A,A,1,0,0,0,0,.,38,1,cWS,cW-m,5.15,3.07,0.89,1.48,3.77,5.15,4.91,3.44,BI,anti,.,4.51,4.64,2.88,4.04,3.26,4.09,4.49,4.91,0.08,5.83,0.64,5.67,0.33,37.15,0.20,C3'-endo
46,46,0.38,C,C,C,0,1,0,0,0,.,43,1,tWS,tW+m,5.23,2.91,0.87,1.42,3.75,5.27,4.77,3.41,BI,anti,A,4.52,4.62,2.84,4.08,3.23,4.09,4.42,4.75,0.04,5.85,0.65,5.64,0.38,38.35,0.27,C3'-endo
47,47,0.39,A,A,A,1,0,0,0,0,),"33,36",2,"cWW,cSW","cW-W,cm-W",4.94,3.22,0.93,1.39,3.57,4.99,4.86,3.48,BI,anti,A,4.52,4.64,2.78,3.62,3.12,3.66,4.15,4.27,0.03,5.82,0.70,5.59,0.42,41.58,0.29,C3'-endo
48,48,0.39,C,C,C,0,1,0,0,0,),"32,35",2,"cWW,cSW","cW-W,cm-W",5.22,2.86,1.03,1.42,3.55,5.19,4.64,3.59,BI,anti,A,4.26,4.60,2.94,3.86,3.23,3.79,4.10,4.08,0.07,5.81,0.68,5.63,0.37,39.72,0.23,C3'-endo
49,49,0.40,G,G,G,0,0,1,0,0,),31,1,cWW,cW-W,4.93,3.32,0.84,1.39,3.56,5.09,4.76,3.42,BI,anti,A,4.55,4.61,2.81,3.72,3.02,3.79,3.61,4.21,6.28,5.86,0.67,5.59,0.44,40.63,0.33,C3'-endo
50,50,0.41,G,G,G,0,0,1,0,0,),30,1,cWW,cW-W,5.39,2.85,1.14,1.37,3.24,4.71,4.81,3.39,BI,anti,.,3.93,4.12,3.18,3.61,3.56,3.64,4.21,4.36,6.07,6.02,0.61,5.54,0.60,42.23,0.60,C3'-endo
51,51,0.42,A,A,A,1,0,0,0,0,.,"29,52",2,"cW.,cSH","cW-.,cm+M",3.09,3.57,2.88,2.60,4.52,2.62,1.90,3.80,BII,anti,.,1.12,1.19,3.78,2.35,3.87,2.42,4.57,2.38,6.07,0.52,5.68,0.50,6.09,34.72,3.12,C2'-endo
52,52,0.43,A,A,A,1,0,0,0,0,.,"30,51",2,"cWS,cHS","cW-m,cM+m",2.75,4.02,1.28,1.46,3.56,5.13,4.71,3.49,BI,anti,A,4.54,4.67,2.28,3.96,2.09,3.96,2.23,4.33,0.10,5.77,0.71,5.62,0.36,41.22,0.19,C3'-endo
53,53,0.43,G,G,G,0,0,1,0,0,),29,1,cWW,cW-W,5.31,2.90,1.01,1.39,3.65,4.97,4.96,3.27,BI,anti,A,4.68,4.65,3.05,3.69,3.38,3.71,4.16,4.11,0.04,5.82,0.70,5.59,0.41,41.48,0.27,C3'-endo
54,54,0.44,A,A,A,1,0,0,0,0,),"28,56",2,"cWW,cSH","cW-W,cm+M",5.27,3.10,0.90,1.40,3.55,4.95,4.88,3.44,BI,anti,.,4.44,4.59,3.06,3.59,3.27,3.68,3.89,3.38,0.06,5.82,0.68,5.62,0.39,40.16,0.25,C3'-endo
55,55,0.45,U,U,U,0,0,0,1,0,.,"27,57",2,"cWW,cSW","cW-W,cm-W",5.49,3.12,1.01,2.40,4.70,1.51,3.19,4.44,..,anti,.,0.66,0.69,3.81,1.86,4.06,1.57,3.65,1.52,5.83,0.64,5.71,0.34,0.07,36.47,2.71,C2'-endo
56,56,0.46,A,A,A,1,0,0,0,0,.,"29,54",2,"cWS,cHS","cW-m,cM+m",3.03,3.75,0.99,1.49,3.91,4.88,5.31,3.35,BI,anti,.,4.49,4.66,2.19,4.20,2.05,4.02,2.05,5.00,0.08,5.82,0.64,5.67,0.34,37.52,0.20,C3'-endo
57,57,0.47,A,A,A,1,0,0,0,0,.,55,1,cWS,cW-m,1.05,3.43,4.81,1.48,3.78,5.44,4.62,0.42,BI,syn,.,-4.45,4.65,2.92,3.45,3.01,3.80,4.36,3.90,0.04,5.84,0.65,5.64,0.38,38.36,0.26,C3'-endo
58,58,0.48,G,G,G,0,0,1,0,0,.,"22,27",2,"c.W,cWW","c.-W,cW-W",4.98,3.10,1.02,1.48,3.95,5.21,5.02,3.26,BI,anti,.,4.75,4.77,2.90,4.24,3.43,4.34,3.59,5.34,0.11,5.78,0.68,5.65,0.33,39.50,0.17,C3'-endo
59,59,0.48,C,C,C,0,1,0,0,0,),21,1,cWW,cW-W,5.23,2.89,0.90,1.47,3.81,5.00,5.09,3.40,BI,anti,A,4.51,4.71,2.82,3.94,3.35,3.94,4.81,4.39,0.17,5.75,0.67,5.69,0.26,38.44,0.07,C3'-endo
60,60,0.49,C,C,C,0,1,0,0,0,),20,1,cWW,cW-W,5.07,3.07,0.90,1.45,3.46,5.24,4.51,3.45,BI,anti,A,4.45,4.56,2.79,3.86,3.07,3.87,3.88,4.34,0.08,5.81,0.68,5.63,0.36,39.79,0.22,C3'-endo
61,61,0.50,C,C,C,0,1,0,0,0,),19,1,cWW,cW-W,4.96,3.35,0.91,1.47,3.49,5.09,4.68,3.55,BI,anti,A,4.37,4.49,2.96,3.73,3.21,3.73,3.94,4.13,0.01,5.87,0.63,5.64,0.39,37.65,0.31,C3'-endo
62,62,0.51,A,A,A,1,0,0,0,0,),18,1,cWW,cW-W,5.02,3.16,0.91,1.43,3.66,5.15,4.79,3.34,BI,anti,A,4.49,4.58,2.88,3.85,3.08,3.86,3.71,4.21,0.00,5.87,0.65,5.61,0.42,39.56,0.32,C3'-endo
63,63,0.52,C,C,C,0,1,0,0,0,),17,1,cWW,cW-W,4.87,2.93,1.34,1.35,3.37,5.00,4.65,3.43,BI,anti,A,4.55,4.42,2.88,3.45,3.23,3.43,3.88,3.81,6.03,6.02,0.65,5.48,0.67,46.21,0.63,C4'-exo
64,64,0.52,C,C,C,0,1,0,0,0,),16,1,cWW,cW-W,5.12,3.27,0.94,1.45,3.90,5.10,5.09,3.53,BI,anti,.,4.07,4.49,3.20,4.02,3.28,4.18,3.74,4.79,6.27,5.89,0.62,5.64,0.42,37.65,0.35,C3'-endo
65,65,0.53,A,A,A,1,0,0,0,0,.,67,1,cSH,cm+M,5.55,3.33,1.02,1.47,2.30,4.71,3.87,4.27,..,anti,.,1.72,3.20,3.64,2.67,4.12,2.19,4.65,1.88,0.15,5.84,0.55,5.80,0.22,31.58,0.07,C3'-endo
66,66,0.54,G,G,G,0,0,1,0,0,),"15,113",2,"cWW,tHW","cW-W,tM-W",3.98,3.39,0.96,1.43,3.77,4.96,5.09,3.23,BI,anti,A,4.67,4.67,2.04,3.76,1.81,3.84,1.91,4.30,0.08,5.80,0.67,5.64,0.35,39.42,0.21,C3'-endo
67,67,0.55,C,C,C,0,1,0,0,0,),"14,65",2,"cWW,cHS","cW-W,cM+m",5.23,3.09,0.88,1.39,3.71,5.13,4.86,3.54,BI,anti,A,4.31,4.66,2.99,3.85,3.19,3.89,3.85,4.50,0.06,5.80,0.70,5.60,0.39,41.24,0.24,C3'-endo
68,68,0.56,G,G,G,0,0,1,0,0,.,11,1,tSS,tm+m,5.12,3.14,0.82,1.36,3.72,5.08,4.92,3.28,BI,anti,A,4.82,4.75,2.84,3.81,3.10,3.90,4.01,4.50,0.08,5.77,0.72,5.59,0.38,42.45,0.21,C3'-endo
69,69,0.57,U,U,U,0,0,0,1,0,.,112,1,cWW,cW-W,5.30,2.95,1.00,1.40,3.52,5.08,4.72,3.45,BI,anti,A,4.53,4.58,3.02,3.69,3.36,3.68,4.25,3.99,0.02,5.83,0.69,5.59,0.42,41.13,0.30,C3'-endo
70,70,0.57,U,U,U,0,0,0,1,0,.,111,1,cWW,cW-W,5.02,3.34,0.85,1.40,3.64,5.09,4.83,3.50,BI,anti,A,4.39,4.61,2.95,3.75,3.08,3.82,3.59,4.53,0.05,5.81,0.69,5.61,0.39,40.66,0.25,C3'-endo
71,71,0.58,C,C,C,0,1,0,0,0,(,110,1,cWW,cW-W,5.11,2.98,1.00,1.43,3.44,5.11,4.61,3.84,BI,anti,A,3.89,4.51,2.85,3.71,3.17,3.64,4.13,3.99,6.28,5.87,0.65,5.61,0.43,39.73,0.33,C3'-endo
72,72,0.59,C,C,C,0,1,0,0,0,(,109,1,cWW,cW-W,5.09,3.12,0.93,1.35,3.46,4.98,4.76,3.46,BI,anti,A,4.56,4.58,2.88,3.49,3.10,3.54,3.73,3.78,0.01,5.84,0.69,5.58,0.44,41.47,0.31,C3'-endo
73,73,0.60,A,A,A,1,0,0,0,0,.,108,1,cWW,cW-W,5.24,3.20,0.90,1.42,3.72,5.08,4.92,3.48,BI,anti,A,4.32,4.56,3.15,3.84,3.25,3.87,3.57,4.52,0.00,5.88,0.64,5.63,0.41,38.40,0.32,C3'-endo
74,74,0.61,G,G,G,0,0,1,0,0,(,107,1,cWW,cW-W,5.12,2.90,1.01,1.41,3.66,5.23,4.71,3.42,BI,anti,A,4.43,4.56,2.85,3.94,3.16,3.86,4.10,4.22,6.24,5.89,0.65,5.60,0.45,39.84,0.38,C3'-endo
75,75,0.61,G,G,G,0,0,1,0,0,.,106,1,cWW,cW-W,4.90,3.06,1.05,1.31,3.52,5.21,4.59,3.30,BI,anti,.,4.62,4.54,2.73,3.71,3.03,3.80,3.75,4.86,6.06,5.96,0.71,5.44,0.67,48.24,0.58,C3'-endo
76,76,0.62,G,G,G,0,0,1,0,0,.,105,1,tSH,tm-M,4.99,3.17,1.03,1.44,3.23,1.44,1.78,3.62,..,anti,.,4.18,4.50,2.91,5.89,3.31,5.07,4.68,4.30,0.12,5.77,0.69,5.64,0.33,40.32,0.16,C3'-endo
77,77,0.63,A,A,A,1,0,0,0,0,.,104,1,tHH,tM+M,5.62,4.04,3.12,2.55,3.94,3.56,0.38,3.45,..,anti,.,1.11,1.72,0.82,2.78,1.84,2.44,1.86,2.65,5.85,0.67,5.63,0.42,0.01,39.50,2.80,C2'-endo
78,78,0.64,G,G,G,0,0,1,0,0,.,79,1,cSH,cm+M,5.10,1.42,3.13,2.58,3.26,2.66,0.60,4.60,..,anti,.,2.07,2.15,5.59,0.36,4.87,1.05,4.56,1.62,5.83,0.72,5.59,0.45,0.00,41.71,2.81,C2'-endo
79,79,0.65,U,U,U,0,0,0,1,0,.,"78,103",2,"cHS,tWH","cM+m,tW-M",5.03,2.59,0.79,1.48,3.94,5.18,5.05,3.16,BI,anti,.,4.53,4.63,2.94,4.24,2.76,4.20,2.79,4.65,0.07,5.83,0.64,5.67,0.34,37.59,0.21,C3'-endo
80,80,0.66,A,A,A,1,0,0,0,0,.,102,1,tHS,tM-m,5.12,3.17,0.84,1.34,3.96,5.09,5.15,3.34,BI,anti,.,4.54,4.68,2.87,3.96,3.16,4.10,3.99,5.11,6.24,5.88,0.67,5.57,0.48,41.33,0.38,C3'-endo
81,81,0.66,C,C,C,0,1,0,0,0,(,101,1,cWW,cW-W,5.32,2.79,0.90,1.40,3.70,5.11,4.87,3.40,BI,anti,A,4.59,4.70,2.80,3.92,3.27,3.96,4.64,4.47,0.10,5.76,0.72,5.61,0.36,41.88,0.18,C3'-endo
82,82,0.67,U,U,U,0,0,0,1,0,(,100,1,cWW,cW-W,5.34,3.00,0.98,1.49,3.36,4.68,4.96,3.54,BI,anti,.,4.18,4.23,3.11,3.28,3.49,3.29,4.32,3.49,6.27,5.93,0.57,5.68,0.39,34.78,0.35,C3'-endo
83,83,0.68,G,G,G,0,0,1,0,0,(,99,1,cWW,cW-W,4.74,3.43,0.87,1.44,3.53,5.29,4.52,3.21,BI,anti,A,4.82,4.66,2.83,3.91,2.75,4.00,3.04,4.60,0.12,5.76,0.71,5.63,0.33,40.98,0.16,C3'-endo
84,84,0.69,G,G,G,0,0,1,0,0,(,98,1,cWW,cW-W,4.91,3.39,0.93,1.44,3.62,5.05,4.86,3.29,BI,anti,A,4.64,4.64,2.94,3.77,3.23,3.82,4.13,4.24,0.07,5.81,0.68,5.62,0.38,40.15,0.23,C3'-endo
85,85,0.70,A,A,A,1,0,0,0,0,(,97,1,cWW,cW-W,5.11,3.11,0.98,1.38,3.61,4.97,4.93,3.38,BI,anti,A,4.48,4.62,2.97,3.64,3.19,3.68,3.85,3.98,0.02,5.83,0.69,5.59,0.43,41.44,0.30,C3'-endo
86,86,0.70,G,G,G,0,0,1,0,0,(,96,1,cWW,cW-W,5.24,3.06,0.97,1.43,3.91,4.17,6.02,3.72,..,anti,.,3.85,4.55,3.17,3.53,3.31,3.10,3.72,3.39,6.25,5.90,0.63,5.61,0.45,38.98,0.38,C3'-endo
87,87,0.71,U,U,U,0,0,0,1,0,.,0,1,c.S,c.-m,1.31,3.26,1.03,2.60,4.07,1.93,2.14,4.03,..,anti,.,2.03,1.61,5.65,1.72,6.03,1.07,5.47,0.99,5.85,0.67,5.64,0.42,0.01,39.13,2.81,C2'-endo
88,88,0.72,G,G,G,0,0,1,0,0,(,95,1,cWW,cW-W,4.73,3.72,4.86,1.51,3.52,5.15,4.65,3.17,BI,anti,A,4.49,4.58,1.48,2.93,1.36,3.24,1.53,3.83,0.16,5.76,0.66,5.69,0.27,37.97,0.09,C3'-endo
89,89,0.73,C,C,C,0,1,0,0,0,(,94,1,cWW,cW-W,4.76,3.38,1.10,1.43,3.52,5.24,4.57,3.49,BI,anti,A,4.45,4.59,2.93,3.86,3.16,3.87,3.73,4.46,0.01,5.85,0.67,5.60,0.43,40.66,0.32,C3'-endo
90,90,0.74,G,G,G,0,0,1,0,0,.,93,1,tSH,tm-M,4.99,3.16,0.94,1.38,4.04,4.96,5.37,3.38,BI,anti,.,4.69,4.76,2.97,4.27,3.20,3.56,4.05,2.67,0.00,5.84,0.70,5.57,0.45,42.09,0.32,C3'-endo
91,91,0.75,C,C,C,0,1,0,0,0,.,,0,,,2.95,2.71,0.95,1.43,3.98,5.14,5.12,3.32,BI,anti,.,4.58,4.63,0.39,4.16,0.85,4.22,0.50,5.16,6.27,5.88,0.64,5.62,0.43,38.94,0.34,C3'-endo
92,92,0.75,G,G,G,0,0,1,0,0,.,,0,,,5.16,2.67,1.19,1.51,3.61,5.02,4.87,3.46,BI,anti,.,4.09,4.39,2.85,3.81,3.43,3.71,4.80,4.50,0.02,5.88,0.61,5.67,0.37,36.23,0.29,C3'-endo
93,93,0.76,A,A,A,1,0,0,0,0,.,90,1,tHS,tM-m,4.86,2.99,0.98,1.47,4.11,5.35,5.04,3.58,..,anti,.,4.12,4.80,2.79,4.51,3.03,4.70,4.11,5.16,0.15,5.75,0.69,5.66,0.30,40.09,0.12,C3'-endo
94,94,0.77,G,G,G,0,0,1,0,0,),89,1,cWW,cW-W,5.33,2.59,1.36,1.41,3.41,5.10,4.59,3.36,BI,anti,A,4.82,4.62,2.92,3.69,3.78,3.55,4.93,3.89,0.02,5.81,0.73,5.55,0.45,43.62,0.29,C3'-endo
95,95,0.78,C,C,C,0,1,0,0,0,),88,1,cWW,cW-W,5.12,3.10,1.10,1.44,3.56,5.11,4.73,3.49,BI,anti,A,4.50,4.62,3.11,3.80,3.36,3.80,4.02,4.31,0.04,5.82,0.69,5.60,0.40,40.73,0.27,C3'-endo
96,96,0.79,C,C,C,0,1,0,0,0,),86,1,cWW,cW-W,5.28,3.13,0.90,1.44,3.46,5.08,4.67,3.60,BI,anti,A,4.11,4.49,3.07,3.67,3.35,3.69,4.12,4.09,0.05,5.83,0.66,5.63,0.38,39.13,0.25,C3'-endo
97,97,0.80,U,U,U,0,0,0,1,0,),85,1,cWW,cW-W,5.04,3.20,0.92,1.44,3.55,5.12,4.72,3.63,BI,anti,A,4.13,4.59,2.94,3.77,3.14,3.79,3.75,4.26,0.09,5.79,0.69,5.63,0.36,40.21,0.20,C3'-endo
98,98,0.80,C,C,C,0,1,0,0,0,),84,1,cWW,cW-W,5.09,3.14,0.87,1.40,3.65,5.14,4.79,3.62,BI,anti,A,4.22,4.63,2.89,3.82,3.12,3.85,3.83,4.36,0.06,5.81,0.69,5.60,0.39,40.97,0.25,C3'-endo
99,99,0.81,U,U,U,0,0,0,1,0,),83,1,cWW,cW-W,5.17,3.18,0.82,1.38,3.61,5.03,4.87,3.52,BI,anti,A,4.48,4.66,2.92,3.65,3.15,3.67,3.91,3.98,0.07,5.79,0.70,5.60,0.39,41.51,0.24,C3'-endo
100,100,0.82,G,G,G,0,0,1,0,0,),82,1,cWW,cW-W,5.18,3.04,0.86,1.36,3.47,5.10,4.66,3.41,BI,anti,.,4.47,4.58,2.85,4.07,3.05,3.90,3.61,4.16,6.28,5.83,0.71,5.55,0.46,42.96,0.33,C3'-endo
101,101,0.83,G,G,G,0,0,1,0,0,),81,1,cWW,cW-W,2.78,3.28,3.15,1.41,3.86,5.34,4.81,3.22,BI,anti,.,4.66,4.71,2.94,3.62,3.16,3.78,3.75,4.81,0.06,5.81,0.69,5.61,0.39,40.93,0.24,C3'-endo
102,102,0.84,G,G,G,0,0,1,0,0,.,80,1,tSH,tm-M,4.97,3.08,0.96,1.41,3.45,4.90,4.84,3.38,BI,anti,.,4.50,4.59,2.70,3.01,3.21,2.72,4.63,2.53,0.09,5.77,0.73,5.59,0.38,42.65,0.21,C3'-endo
103,103,0.84,A,A,A,1,0,0,0,0,.,"0,79",2,"tSS,tHW","tm+m,tM-W",4.47,1.53,3.04,1.48,3.87,5.33,4.82,3.15,BI,anti,.,4.62,4.70,3.76,3.10,3.29,3.46,2.89,4.40,0.16,5.77,0.67,5.69,0.27,38.38,0.09,C3'-endo
104,104,0.85,A,A,A,1,0,0,0,0,.,77,1,tHH,tM+M,5.03,3.23,0.83,1.37,3.58,5.03,4.83,3.46,BI,anti,A,4.50,4.63,2.76,3.65,3.17,3.72,4.34,4.11,0.02,5.83,0.70,5.58,0.42,41.75,0.29,C3'-endo
105,105,0.86,A,A,A,1,0,0,0,0,.,76,1,tHS,tM-m,5.27,2.99,1.02,1.40,3.84,5.26,4.86,3.56,BI,anti,.,4.24,4.65,3.12,4.12,3.32,4.21,3.87,5.18,6.27,5.87,0.67,5.59,0.45,40.57,0.34,C3'-endo
106,106,0.87,U,U,U,0,0,0,1,0,.,75,1,cWW,cW-W,5.24,2.99,0.87,1.41,3.59,5.05,4.82,3.76,BI,anti,A,3.92,4.64,2.85,3.74,3.34,3.74,4.65,3.97,0.10,5.79,0.68,5.64,0.34,39.63,0.19,C3'-endo
107,107,0.88,C,C,C,0,1,0,0,0,),74,1,cWW,cW-W,5.29,3.14,0.78,1.36,3.55,5.13,4.70,3.64,BI,anti,A,4.19,4.59,2.99,3.69,3.16,3.75,3.60,4.36,0.02,5.85,0.66,5.61,0.41,39.74,0.30,C3'-endo
108,108,0.89,C,C,C,0,1,0,0,0,.,73,1,cWW,cW-W,5.21,3.14,0.76,1.35,3.60,5.05,4.83,3.69,BI,anti,A,4.11,4.66,2.88,3.66,3.11,3.70,3.93,4.00,0.05,5.81,0.70,5.60,0.40,41.30,0.26,C3'-endo
109,109,0.89,G,G,G,0,0,1,0,0,),72,1,cWW,cW-W,5.30,2.99,0.92,1.36,3.40,5.26,4.42,3.42,BI,anti,.,4.47,4.54,2.97,4.05,3.21,3.83,3.75,4.20,6.28,5.84,0.69,5.57,0.45,42.05,0.33,C3'-endo
110,110,0.90,G,G,G,0,0,1,0,0,),71,1,cWW,cW-W,2.92,2.99,2.92,1.45,3.95,5.11,5.12,3.11,BI,anti,.,4.87,4.78,2.77,3.54,2.99,3.70,3.74,4.45,0.17,5.75,0.68,5.68,0.27,39.30,0.08,C3'-endo
111,111,0.91,U,U,U,0,0,0,1,0,.,70,1,cWW,cW-W,5.45,3.00,0.86,1.44,3.72,5.25,4.76,3.41,BI,anti,.,4.22,4.49,3.09,4.04,3.47,4.06,4.44,4.65,0.04,5.85,0.64,5.65,0.37,37.69,0.26,C3'-endo
112,112,0.92,U,U,U,0,0,0,1,0,.,69,1,cWW,cW-W,5.17,3.07,0.82,1.37,3.86,5.10,5.05,3.99,BI,anti,.,2.98,4.34,2.88,3.80,3.21,3.99,4.02,4.03,6.05,6.05,0.59,5.54,0.61,42.27,0.64,C4'-exo
113,113,0.93,C,C,C,0,1,0,0,0,.,"15,66",2,"cWH,tWH","cW+M,tW-M",5.26,3.87,0.71,2.44,4.35,1.01,3.35,4.79,..,anti,.,1.41,1.25,3.65,0.94,3.83,0.91,3.75,1.47,5.73,0.73,5.67,0.30,0.16,40.82,2.60,C2'-endo
114,114,0.93,G,G,G,0,0,1,0,0,),9,1,cWW,cW-W,3.47,2.86,3.06,1.46,3.83,4.83,5.28,3.28,BI,anti,A,4.58,4.64,3.84,3.03,3.98,3.22,3.82,3.82,0.10,5.80,0.66,5.66,0.33,38.26,0.18,C3'-endo
115,115,0.94,C,C,C,0,1,0,0,0,),8,1,cWW,cW-W,5.28,2.84,0.84,1.41,3.74,4.99,5.03,3.44,BI,anti,A,4.51,4.67,2.86,3.84,3.09,3.85,3.81,4.34,0.07,5.81,0.68,5.62,0.37,39.98,0.23,C3'-endo
116,116,0.95,C,C,C,0,1,0,0,0,),7,1,cWW,cW-W,5.29,2.88,0.92,1.41,3.43,5.04,4.68,3.44,BI,anti,.,4.45,4.51,2.87,3.60,3.20,3.56,4.04,3.72,6.28,5.86,0.67,5.59,0.44,40.76,0.33,C3'-endo
117,117,0.96,G,G,G,0,0,1,0,0,),6,1,cWW,cW-W,5.09,3.27,0.91,1.35,3.55,5.04,4.79,3.42,BI,anti,A,4.39,4.56,3.03,3.58,3.13,3.65,3.46,4.19,6.28,5.84,0.70,5.56,0.46,42.64,0.33,C3'-endo
118,118,0.97,C,C,C,0,1,0,0,0,),5,1,cWW,cW-W,5.13,3.10,0.89,1.38,3.64,5.10,4.82,3.48,BI,anti,A,4.44,4.63,2.92,3.78,3.12,3.79,3.84,4.20,0.05,5.81,0.71,5.59,0.40,41.81,0.26,C3'-endo
119,119,0.98,C,C,C,0,1,0,0,0,),4,1,cWW,cW-W,5.21,3.05,0.93,1.33,3.61,5.00,4.89,3.47,BI,anti,A,4.45,4.65,2.94,3.61,3.18,3.67,3.86,4.27,6.27,5.84,0.71,5.55,0.47,43.40,0.34,C3'-endo
120,120,0.98,A,A,A,1,0,0,0,0,.,,0,,,5.24,2.91,0.96,1.40,3.78,5.05,5.01,3.41,BI,anti,A,4.48,4.70,2.99,3.91,3.23,3.96,4.07,4.63,0.05,5.81,0.70,5.60,0.40,41.25,0.25,C3'-endo
121,121,0.99,C,C,C,0,1,0,0,0,.,,0,,,5.38,2.99,0.89,1.44,3.51,4.95,4.85,3.69,BI,anti,.,4.01,4.46,3.05,4.00,3.38,3.65,4.33,3.54,0.03,5.87,0.61,5.66,0.37,36.61,0.29,C3'-endo
122,122,1.00,C,C,C,0,1,0,0,0,.,,0,,,3.07,3.31,5.10,1.39,,,,4.28,n/a,anti,-,,,,,,,,,0.04,5.85,0.64,5.65,0.38,37.95,0.27,C3'-endo
