index_chain,old_nt_resnum,nt_position,nt_name,nt_code,nt_align_code,is_A,is_C,is_G,is_U,is_other,dbn,paired,nb_interact,pair_type_LW,pair_type_DSSR,alpha,beta,gamma,delta,epsilon,zeta,epsilon_zeta,chi,bb_type,glyco_bond,form,ssZp,Dp,eta,theta,eta_prime,theta_prime,eta_base,theta_base,v0,v1,v2,v3,v4,amplitude,phase_angle,puckering
1,201,0.03,G,G,G,0,0,1,0,0,),0,1,cWW,cW-W,,,1.39,1.32,3.49,4.96,4.81,3.24,BI,anti,A,4.23,4.30,,,,,,,6.03,6.04,0.61,5.51,0.65,43.96,0.65,C4'-exo
2,202,0.05,G,G,G,0,0,1,0,0,),0,1,cWW,cW-W,5.02,3.30,0.77,1.49,3.53,5.23,4.59,3.44,BI,anti,A,4.45,4.54,2.91,3.82,3.02,3.86,3.72,4.36,0.18,5.75,0.67,5.70,0.25,38.69,0.06,C3'-endo
3,203,0.08,G,G,G,0,0,1,0,0,),0,1,cWW,cW-W,4.90,3.31,0.90,1.28,3.14,4.76,4.66,3.47,BI,anti,A,4.62,4.67,2.83,3.64,3.11,3.71,3.90,4.30,0.15,5.66,0.83,5.52,0.39,47.82,0.15,C3'-endo
4,204,0.11,CSL,c,C,0,0,0,0,1,),0,1,cWW,cW-W,3.24,4.27,2.14,1.21,3.22,5.41,4.09,3.11,BI,anti,A,4.56,4.56,2.69,4.05,3.03,3.88,3.98,4.44,0.10,5.66,0.88,5.44,0.47,51.81,0.21,C3'-endo
5,205,0.13,G,G,G,0,0,1,0,0,),0,1,cWW,cW-W,4.21,3.84,1.24,1.31,3.78,4.74,5.32,3.47,BI,anti,A,4.54,4.88,2.90,3.61,3.06,3.67,4.02,4.08,0.16,5.66,0.79,5.56,0.36,45.84,0.12,C3'-endo
6,206,0.16,A,A,A,1,0,0,0,0,),0,1,cWW,cW-W,5.65,2.65,0.67,1.37,3.87,4.93,5.22,3.47,BI,anti,.,4.51,4.84,2.97,3.90,3.16,3.93,3.78,4.18,0.15,5.74,0.70,5.63,0.31,40.47,0.12,C3'-endo
7,207,0.18,G,G,G,0,0,1,0,0,),0,1,cWW,cW-W,5.51,2.83,0.79,1.28,4.02,2.26,1.76,3.54,..,anti,.,4.13,4.64,3.02,1.11,3.23,1.36,3.70,2.44,6.08,5.92,0.75,5.40,0.69,50.42,0.55,C3'-endo
8,208,0.21,G,G,G,0,0,1,0,0,(,38,1,cWW,cW-W,5.26,3.01,0.50,1.77,3.71,5.10,4.89,3.16,BI,anti,A,4.52,4.50,3.46,4.13,3.61,4.13,2.94,4.39,0.34,5.79,0.46,6.00,6.25,28.80,5.89,C2'-exo
9,209,0.24,CSL,c,C,0,0,0,0,1,(,37,1,cWW,cW-W,4.86,3.24,0.99,1.34,3.41,5.16,4.53,3.49,BI,anti,A,4.37,4.56,2.81,3.73,3.10,3.77,3.73,4.15,6.27,5.84,0.71,5.55,0.48,43.02,0.34,C3'-endo
10,210,0.26,C,C,C,0,1,0,0,0,(,36,1,cWW,cW-W,4.50,3.51,1.18,1.36,3.45,5.16,4.57,3.47,BI,anti,A,4.45,4.57,2.83,3.71,3.00,3.75,3.60,4.24,6.25,5.84,0.73,5.51,0.51,44.74,0.37,C3'-endo
11,211,0.29,G,G,G,0,0,1,0,0,(,35,1,cWW,cW-W,5.05,3.22,0.99,1.41,3.55,5.06,4.78,3.38,BI,anti,A,4.48,4.54,3.07,3.67,3.28,3.72,3.99,4.20,0.01,5.81,0.71,5.54,0.46,43.11,0.32,C3'-endo
12,212,0.32,U,U,U,0,0,0,1,0,.,32,1,tWH,tW-M,5.05,3.19,0.94,1.47,3.57,5.32,4.53,3.52,BI,anti,.,4.39,4.60,3.02,3.96,3.21,4.14,3.89,5.00,0.09,5.83,0.63,5.70,0.32,36.92,0.19,C3'-endo
13,213,0.34,G,G,G,0,0,1,0,0,.,,0,,,4.90,3.12,1.44,2.41,3.67,3.31,0.36,4.11,..,anti,.,1.81,1.85,3.16,2.84,3.90,2.70,4.88,3.21,5.96,0.52,5.77,0.34,6.28,30.61,2.83,C2'-endo
14,214,0.37,C,C,C,0,1,0,0,0,],"0,31",2,"cWW,tHW","cW-W,tM-W",4.95,3.21,0.80,1.57,3.84,5.04,5.08,3.31,BI,anti,A,4.69,4.72,3.35,3.94,3.01,3.96,3.26,4.51,0.15,5.80,0.60,5.75,0.25,34.57,0.08,C3'-endo
15,215,0.39,C,C,C,0,1,0,0,0,],0,1,cWW,cW-W,5.01,3.17,0.81,1.54,3.73,5.17,4.84,3.35,BI,anti,.,4.54,4.62,2.82,3.97,3.07,4.05,3.93,4.69,0.15,5.76,0.67,5.68,0.29,38.44,0.11,C3'-endo
16,216,0.42,G,G,G,0,0,1,0,0,.,29,1,cWW,cW-W,5.14,2.92,0.85,1.33,3.02,5.38,3.92,3.17,BI,anti,.,4.71,4.64,2.74,3.97,3.23,4.00,4.38,4.76,0.19,5.65,0.80,5.56,0.34,46.27,0.10,C3'-endo
17,217,0.45,G,G,G,0,0,1,0,0,(,28,1,cWW,cW-W,3.74,4.03,1.62,1.37,4.09,4.67,5.70,3.08,..,anti,A,4.77,4.79,3.01,3.87,3.23,3.89,4.29,4.41,0.05,5.77,0.75,5.54,0.44,44.74,0.26,C3'-endo
18,218,0.47,C,C,C,0,1,0,0,0,(,27,1,cWW,cW-W,5.30,2.59,1.00,1.44,4.26,4.53,6.01,3.15,..,anti,A,4.57,4.61,3.03,3.77,3.22,3.80,4.03,3.97,0.07,5.82,0.66,5.64,0.35,38.61,0.22,C3'-endo
19,219,0.50,UMS,u,U,0,0,0,0,1,(,26,1,cWW,cW-W,5.36,2.47,1.01,1.30,3.52,5.20,4.61,3.23,BI,anti,A,4.52,4.47,2.86,3.89,3.11,3.73,3.55,4.36,6.06,6.02,0.61,5.51,0.63,43.49,0.63,C3'-endo
20,220,0.53,C,C,C,0,1,0,0,0,(,25,1,cWW,cW-W,3.86,2.94,1.90,1.44,4.11,4.91,5.48,3.22,..,anti,A,4.67,4.74,2.69,3.78,2.93,3.79,3.91,4.49,0.12,5.76,0.71,5.61,0.35,41.55,0.17,C3'-endo
21,221,0.55,U,U,U,0,0,0,1,0,.,24,1,tSW,tm+W,4.97,2.68,1.26,1.41,4.40,4.34,0.06,3.25,..,anti,.,4.53,4.74,2.99,3.29,3.28,2.75,4.27,2.02,0.09,5.74,0.77,5.54,0.41,44.96,0.21,C3'-endo
22,222,0.58,UMS,u,U,0,0,0,0,1,.,,0,,,3.68,2.27,0.58,2.50,4.63,5.14,5.77,4.26,..,anti,.,0.64,0.79,1.18,5.77,1.60,5.39,1.21,5.90,5.80,0.72,5.61,0.41,0.04,41.43,2.76,C2'-endo
23,223,0.61,C,C,C,0,1,0,0,0,.,,0,,,4.93,3.45,0.97,2.61,4.76,1.38,3.38,3.78,..,anti,Z,0.97,0.82,2.96,2.29,3.90,1.48,4.07,1.28,5.89,0.67,5.60,0.47,6.23,40.24,2.89,C2'-endo
24,224,0.63,G,G,G,0,0,1,0,0,.,21,1,tWS,tW+m,1.55,3.09,2.65,1.35,3.45,5.81,3.92,1.00,BI,syn,.,-2.72,4.36,1.90,3.94,1.72,4.16,2.16,4.18,6.10,6.02,0.58,5.58,0.56,39.75,0.59,C3'-endo
25,225,0.66,G,G,G,0,0,1,0,0,),20,1,cWW,cW-W,4.48,3.14,1.71,1.43,3.04,4.94,4.38,3.60,BI,anti,A,4.33,4.46,3.03,3.82,3.92,3.59,4.51,3.80,0.24,5.64,0.79,5.62,0.27,44.99,0.02,C3'-endo
26,226,0.68,A,A,A,1,0,0,0,0,),19,1,cWW,cW-W,3.22,3.91,2.38,1.37,4.47,4.36,0.11,3.11,..,anti,A,4.64,4.71,3.02,3.77,3.22,3.80,3.78,4.15,0.08,5.75,0.76,5.54,0.41,44.80,0.23,C3'-endo
27,227,0.71,G,G,G,0,0,1,0,0,),18,1,cWW,cW-W,5.58,2.10,1.17,1.23,3.94,4.71,5.52,3.00,BI,anti,A,4.75,4.71,2.92,3.69,3.25,3.64,3.94,4.23,6.11,5.92,0.73,5.43,0.65,48.48,0.53,C3'-endo
28,228,0.74,C,C,C,0,1,0,0,0,),17,1,cWW,cW-W,5.24,2.91,0.92,1.32,3.65,4.89,5.05,3.52,BI,anti,A,4.41,4.70,2.95,3.56,3.08,3.54,3.92,3.60,6.27,5.84,0.71,5.54,0.47,43.07,0.34,C3'-endo
29,229,0.76,A,A,A,1,0,0,0,0,.,16,1,cWW,cW-W,5.19,2.81,0.98,1.28,3.75,5.16,4.87,3.52,BI,anti,.,4.27,4.64,2.93,3.84,3.06,3.87,3.32,4.75,6.23,5.85,0.74,5.49,0.54,45.82,0.40,C3'-endo
30,230,0.79,A,A,A,1,0,0,0,0,.,,0,,,5.14,3.09,0.78,1.50,3.62,5.20,4.70,3.63,BI,anti,A,4.15,4.60,2.82,3.92,3.13,3.98,4.30,4.55,0.24,5.70,0.70,5.70,0.22,40.07,6.28,C2'-exo
31,231,0.82,U,U,U,0,0,0,1,0,.,14,1,tWH,tW-M,4.91,3.09,1.14,1.44,3.54,4.47,5.35,3.65,BI,anti,.,4.20,4.61,2.87,2.95,3.27,3.26,4.17,3.23,6.20,5.93,0.63,5.59,0.49,40.08,0.44,C3'-endo
32,232,0.84,A,A,A,1,0,0,0,0,.,12,1,tHW,tM-W,5.16,4.02,1.00,1.80,3.35,4.44,5.20,4.59,BI,anti,.,1.41,3.04,3.93,3.39,3.54,2.74,3.05,1.82,5.85,0.20,0.08,5.95,0.49,27.46,1.40,O4'-endo
33,233,0.87,C,C,C,0,1,0,0,0,},0,1,cWW,cW-W,3.34,2.85,0.34,2.06,4.32,4.86,5.74,2.99,..,anti,.,3.77,3.94,0.86,4.53,0.94,4.61,1.04,4.73,0.25,5.99,0.22,6.20,6.18,16.21,5.59,C1'-endo
34,234,0.89,U,U,U,0,0,0,1,0,},0,1,cWW,cW-W,5.29,2.82,0.95,2.47,4.70,5.07,5.91,4.31,..,anti,.,0.08,0.46,3.20,5.37,3.84,4.92,4.14,5.52,5.77,0.75,5.54,0.44,0.04,45.71,2.78,C2'-endo
35,235,0.92,C,C,C,0,1,0,0,0,),11,1,cWW,cW-W,4.93,3.27,0.30,1.50,3.37,5.34,4.31,3.51,BI,anti,A,4.41,4.59,1.92,3.72,2.72,3.75,3.34,3.99,0.25,5.66,0.72,5.69,0.22,41.40,6.26,C2'-exo
36,236,0.95,G,G,G,0,0,1,0,0,),10,1,cWW,cW-W,4.26,3.25,1.41,1.34,3.94,5.00,5.23,3.33,BI,anti,A,4.57,4.72,2.77,3.73,2.98,3.76,3.41,4.21,0.06,5.76,0.76,5.52,0.44,45.27,0.25,C3'-endo
37,237,0.97,G,G,G,0,0,1,0,0,),9,1,cWW,cW-W,5.08,2.75,1.23,1.34,3.80,4.97,5.11,3.22,BI,anti,.,4.72,4.69,2.94,3.73,3.21,3.76,3.93,4.25,6.27,5.85,0.68,5.57,0.46,41.60,0.34,C3'-endo
38,238,1.00,C,C,C,0,1,0,0,0,),8,1,cWW,cW-W,5.37,2.93,1.03,1.34,,,,3.39,n/a,anti,-,,,,,,,,,6.18,5.91,0.68,5.53,0.55,43.48,0.46,C3'-endo
