index_chain,old_nt_resnum,nt_position,nt_name,nt_code,nt_align_code,is_A,is_C,is_G,is_U,is_other,dbn,paired,nb_interact,pair_type_LW,pair_type_DSSR,alpha,beta,gamma,delta,epsilon,zeta,epsilon_zeta,chi,bb_type,glyco_bond,form,ssZp,Dp,eta,theta,eta_prime,theta_prime,eta_base,theta_base,v0,v1,v2,v3,v4,amplitude,phase_angle,puckering
1,1,0.08,C,C,C,0,1,0,0,0,(,0,1,cWW,cW-W,,,1.07,1.42,3.62,5.15,4.75,3.31,BI,anti,A,4.55,4.57,,,,,,,6.27,5.87,0.66,5.60,0.44,40.31,0.34,C3'-endo
2,2,0.17,G,G,G,0,0,1,0,0,(,0,1,cWW,cW-W,5.00,3.23,0.82,1.44,3.63,5.06,4.85,3.40,BI,anti,A,4.47,4.62,2.83,3.74,3.08,3.78,4.00,4.22,0.06,5.81,0.68,5.62,0.38,40.16,0.24,C3'-endo
3,3,0.25,C,C,C,0,1,0,0,0,(,0,1,cWW,cW-W,5.20,3.01,0.93,1.37,3.68,5.08,4.88,3.37,BI,anti,A,4.58,4.64,2.96,3.76,3.20,3.79,3.88,4.37,6.27,5.84,0.70,5.56,0.46,42.55,0.34,C3'-endo
4,4,0.33,G,G,G,0,0,1,0,0,(,0,1,cWW,cW-W,5.17,3.07,0.84,1.38,3.45,4.77,4.96,3.50,BI,anti,A,4.39,4.54,2.86,3.93,3.13,3.81,3.99,4.21,0.01,5.84,0.69,5.58,0.44,41.45,0.31,C3'-endo
5,5,0.42,A,A,A,1,0,0,0,0,(,0,1,cWW,cW-W,2.51,3.74,3.13,1.44,4.14,4.55,5.88,3.07,..,anti,A,4.79,4.79,2.91,3.28,3.16,3.38,3.91,3.67,0.12,5.76,0.71,5.62,0.34,41.32,0.16,C3'-endo
6,6,0.50,A,A,A,1,0,0,0,0,(,0,1,cWW,cW-W,5.41,2.67,0.94,1.41,3.83,5.00,5.11,3.28,BI,anti,A,4.57,4.61,3.01,3.92,3.19,3.91,3.59,4.59,6.26,5.87,0.66,5.59,0.46,40.60,0.36,C3'-endo
7,7,0.58,U,U,U,0,0,0,1,0,(,0,1,cWW,cW-W,5.19,2.96,0.86,1.40,3.64,4.99,4.94,3.44,BI,anti,A,4.49,4.63,2.83,3.68,3.13,3.68,4.15,3.95,0.04,5.83,0.67,5.62,0.39,39.80,0.26,C3'-endo
8,8,0.67,U,U,U,0,0,0,1,0,(,0,1,cWW,cW-W,5.11,3.12,0.85,1.41,3.50,5.08,4.70,3.61,BI,anti,A,4.27,4.58,2.87,3.66,3.04,3.68,3.53,4.19,0.03,5.83,0.68,5.60,0.42,40.92,0.29,C3'-endo
9,9,0.75,C,C,C,0,1,0,0,0,(,0,1,cWW,cW-W,5.15,2.99,0.92,1.41,3.66,4.87,5.07,3.39,BI,anti,A,4.62,4.65,2.91,3.63,3.16,3.64,3.92,3.98,0.01,5.83,0.70,5.58,0.44,41.93,0.30,C3'-endo
10,10,0.83,G,G,G,0,0,1,0,0,(,0,1,cWW,cW-W,5.34,2.81,0.96,1.44,3.46,5.09,4.65,3.46,BI,anti,A,4.56,4.54,2.97,3.72,3.23,3.67,3.83,4.19,6.27,5.87,0.67,5.59,0.44,40.56,0.34,C3'-endo
11,11,0.92,C,C,C,0,1,0,0,0,(,0,1,cWW,cW-W,5.09,3.12,0.92,1.42,3.57,5.06,4.79,3.54,BI,anti,A,4.45,4.65,2.93,3.72,3.15,3.73,3.97,4.28,0.06,5.80,0.70,5.60,0.40,41.27,0.25,C3'-endo
12,12,1.00,G,G,G,0,0,1,0,0,(,0,1,cWW,cW-W,4.98,3.12,0.93,1.36,,,,3.44,n/a,anti,-,,,,,,,,,0.09,5.80,0.68,5.63,0.35,39.81,0.20,C3'-endo
