index_chain,old_nt_resnum,nt_position,nt_name,nt_code,nt_align_code,is_A,is_C,is_G,is_U,is_other,dbn,paired,nb_interact,pair_type_LW,pair_type_DSSR,alpha,beta,gamma,delta,epsilon,zeta,epsilon_zeta,chi,bb_type,glyco_bond,form,ssZp,Dp,eta,theta,eta_prime,theta_prime,eta_base,theta_base,v0,v1,v2,v3,v4,amplitude,phase_angle,puckering
1,13,0.08,A,A,A,1,0,0,0,0,),0,1,cWW,cW-W,,,0.97,1.50,3.69,5.00,4.97,3.32,BI,anti,A,4.70,4.66,,,,,,,0.13,5.79,0.65,5.69,0.30,37.57,0.13,C3'-endo
2,14,0.17,A,A,A,1,0,0,0,0,),0,1,cWW,cW-W,5.18,2.90,1.00,1.45,3.59,4.99,4.88,3.34,BI,anti,A,4.63,4.64,2.93,3.71,3.25,3.72,4.04,4.13,0.07,5.80,0.69,5.62,0.37,40.70,0.22,C3'-endo
3,15,0.25,A,A,A,1,0,0,0,0,),0,1,cWW,cW-W,5.13,3.15,0.94,1.50,3.64,5.11,4.81,3.47,BI,anti,A,4.40,4.60,3.04,3.89,3.24,3.88,3.87,4.33,0.10,5.81,0.65,5.67,0.33,37.97,0.18,C3'-endo
4,16,0.33,U,U,U,0,0,0,1,0,),0,1,cWW,cW-W,5.11,3.02,0.90,1.40,3.61,4.91,4.98,3.56,BI,anti,A,4.39,4.63,2.85,3.62,3.13,3.64,3.90,4.03,6.27,5.86,0.68,5.58,0.45,41.27,0.34,C3'-endo
5,17,0.42,A,A,A,1,0,0,0,0,),0,1,cWW,cW-W,5.30,2.91,0.87,1.44,3.33,5.17,4.44,3.37,BI,anti,A,4.35,4.39,2.92,3.70,3.17,3.67,3.80,4.12,6.26,5.87,0.66,5.59,0.45,40.57,0.35,C3'-endo
6,18,0.50,U,U,U,0,0,0,1,0,),0,1,cWW,cW-W,4.91,3.26,0.95,1.46,3.49,5.17,4.60,3.50,BI,anti,A,4.48,4.55,2.92,3.77,3.13,3.78,3.84,4.23,0.04,5.83,0.67,5.62,0.40,39.88,0.27,C3'-endo
7,19,0.58,A,A,A,1,0,0,0,0,),0,1,cWW,cW-W,5.02,3.22,0.86,1.42,3.63,4.99,4.92,3.42,BI,anti,A,4.51,4.61,2.88,3.67,3.10,3.72,3.81,4.28,0.02,5.84,0.68,5.60,0.41,40.49,0.29,C3'-endo
8,20,0.67,U,U,U,0,0,0,1,0,),0,1,cWW,cW-W,5.10,2.95,1.03,1.44,3.42,5.13,4.57,3.41,BI,anti,A,4.60,4.60,2.87,3.71,3.17,3.68,4.02,4.06,0.09,5.78,0.70,5.61,0.37,41.17,0.20,C3'-endo
9,21,0.75,A,A,A,1,0,0,0,0,),0,1,cWW,cW-W,5.17,3.15,0.89,1.47,3.48,5.11,4.66,3.45,BI,anti,A,4.49,4.56,3.03,3.75,3.27,3.77,3.94,4.35,0.05,5.83,0.65,5.64,0.37,38.69,0.25,C3'-endo
10,22,0.83,U,U,U,0,0,0,1,0,),0,1,cWW,cW-W,5.20,3.05,0.84,1.44,3.51,5.09,4.70,3.50,BI,anti,A,4.46,4.61,2.92,3.72,3.20,3.74,4.08,4.10,0.08,5.80,0.69,5.62,0.37,40.45,0.21,C3'-endo
11,23,0.92,U,U,U,0,0,0,1,0,),0,1,cWW,cW-W,5.09,3.19,0.84,1.44,3.58,5.15,4.71,3.47,BI,anti,A,4.49,4.62,2.91,3.83,3.11,3.86,3.72,4.56,0.04,5.84,0.67,5.62,0.39,39.58,0.27,C3'-endo
12,24,1.00,U,U,U,0,0,0,1,0,),0,1,cWW,cW-W,5.21,2.96,0.95,1.33,,,,3.56,n/a,anti,-,,,,,,,,,0.03,5.83,0.68,5.60,0.41,40.45,0.28,C3'-endo
