index_chain,old_nt_resnum,nt_position,nt_name,nt_code,nt_align_code,is_A,is_C,is_G,is_U,is_other,dbn,paired,nb_interact,pair_type_LW,pair_type_DSSR,alpha,beta,gamma,delta,epsilon,zeta,epsilon_zeta,chi,bb_type,glyco_bond,form,ssZp,Dp,eta,theta,eta_prime,theta_prime,eta_base,theta_base,v0,v1,v2,v3,v4,amplitude,phase_angle,puckering
1,1,0.06,G,G,G,0,0,1,0,0,),0,1,cWW,cW-W,,,1.19,1.48,3.69,5.03,4.94,3.23,BI,anti,A,4.52,4.60,,,,,,,0.08,5.82,0.64,5.67,0.34,37.59,0.21,C3'-endo
2,2,0.12,C,C,C,0,1,0,0,0,),0,1,cWW,cW-W,5.04,3.19,0.91,1.52,3.57,5.19,4.67,3.61,BI,anti,A,4.18,4.55,2.93,3.93,3.18,3.91,4.01,4.32,0.08,5.84,0.62,5.69,0.33,36.33,0.21,C3'-endo
3,3,0.19,A,A,A,1,0,0,0,0,),0,1,cWW,cW-W,5.12,3.12,0.83,1.43,3.46,5.02,4.72,3.63,BI,anti,A,4.13,4.48,2.85,3.57,3.14,3.57,3.86,4.07,6.26,5.87,0.67,5.59,0.45,40.63,0.35,C3'-endo
4,4,0.25,G,G,G,0,0,1,0,0,),0,1,cWW,cW-W,5.13,3.04,0.87,1.37,3.56,5.01,4.84,3.50,BI,anti,A,4.48,4.68,2.85,3.63,3.05,3.65,3.79,4.06,0.07,5.76,0.74,5.56,0.41,43.69,0.23,C3'-endo
5,5,0.31,A,A,A,1,0,0,0,0,),0,1,cWW,cW-W,5.21,3.02,0.95,1.46,3.78,5.07,4.99,3.45,BI,anti,A,4.47,4.73,3.00,3.96,3.20,3.97,3.85,4.50,0.11,5.76,0.72,5.61,0.35,41.80,0.17,C3'-endo
6,6,0.38,A5M,c,C,0,0,0,0,1,),0,1,cWW,cW-W,5.34,2.90,0.94,1.34,3.75,4.66,5.37,3.57,BI,anti,A,4.28,4.66,2.95,3.44,3.29,3.46,4.16,3.62,6.22,5.88,0.70,5.53,0.51,43.40,0.41,C3'-endo
7,7,0.44,U,U,U,0,0,0,1,0,),0,1,cWW,cW-W,5.25,2.96,0.81,1.39,3.71,5.08,4.92,3.54,BI,anti,A,4.33,4.67,2.89,3.82,2.96,3.84,3.23,4.45,6.28,5.83,0.70,5.56,0.46,42.53,0.33,C3'-endo
8,8,0.50,U,U,U,0,0,0,1,0,),0,1,cWW,cW-W,5.01,3.03,1.01,1.39,3.70,4.97,5.02,3.46,BI,anti,A,4.60,4.72,2.84,3.71,3.11,3.73,4.01,4.18,0.05,5.80,0.71,5.58,0.42,42.37,0.26,C3'-endo
9,9,0.56,A,A,A,1,0,0,0,0,),0,1,cWW,cW-W,5.18,3.05,0.85,1.39,3.51,4.99,4.80,3.48,BI,anti,A,4.41,4.60,2.90,3.60,3.11,3.63,3.80,4.08,0.01,5.83,0.70,5.57,0.45,42.32,0.32,C3'-endo
10,10,0.62,A,A,A,1,0,0,0,0,),0,1,cWW,cW-W,5.24,3.04,0.86,1.38,3.31,5.19,4.40,3.67,BI,anti,.,4.17,4.54,2.94,4.04,3.16,3.87,3.83,4.05,0.07,5.78,0.72,5.59,0.39,42.52,0.23,C3'-endo
11,11,0.69,G,G,G,0,0,1,0,0,),0,1,cWW,cW-W,2.71,3.27,3.23,1.51,3.86,5.02,5.13,3.24,BI,anti,A,4.49,4.66,3.12,3.30,3.30,3.44,3.83,3.99,0.16,5.77,0.66,5.70,0.27,37.91,0.08,C3'-endo
12,12,0.75,U,U,U,0,0,0,1,0,),0,1,cWW,cW-W,5.29,3.09,0.68,1.43,3.52,5.06,4.74,3.62,BI,anti,A,4.14,4.60,2.87,3.65,3.12,3.69,3.83,4.15,0.09,5.78,0.69,5.62,0.36,40.53,0.20,C3'-endo
13,13,0.81,C,C,C,0,1,0,0,0,),0,1,cWW,cW-W,5.12,3.06,0.85,1.43,3.76,4.98,5.06,3.46,BI,anti,A,4.50,4.74,2.89,3.79,3.10,3.83,3.77,4.25,0.08,5.79,0.70,5.61,0.38,41.28,0.22,C3'-endo
14,14,0.88,U,U,U,0,0,0,1,0,),0,1,cWW,cW-W,5.24,3.04,0.82,1.42,3.61,4.93,4.96,3.55,BI,anti,A,4.43,4.63,2.90,3.60,3.13,3.62,3.80,3.94,0.02,5.85,0.66,5.62,0.40,39.44,0.29,C3'-endo
15,15,0.94,G,G,G,0,0,1,0,0,),0,1,cWW,cW-W,5.14,3.04,0.89,1.36,3.73,5.05,4.96,3.48,BI,anti,A,4.46,4.72,2.90,3.77,3.05,3.85,3.56,4.46,0.05,5.79,0.72,5.57,0.42,42.63,0.26,C3'-endo
16,16,1.00,C,C,C,0,1,0,0,0,),0,1,cWW,cW-W,5.24,3.05,0.92,1.31,,,,3.61,n/a,anti,-,,,,,,,,,0.00,5.86,0.65,5.61,0.42,39.53,0.32,C3'-endo
