index_chain,old_nt_resnum,nt_position,nt_name,nt_code,nt_align_code,is_A,is_C,is_G,is_U,is_other,dbn,paired,nb_interact,pair_type_LW,pair_type_DSSR,alpha,beta,gamma,delta,epsilon,zeta,epsilon_zeta,chi,bb_type,glyco_bond,form,ssZp,Dp,eta,theta,eta_prime,theta_prime,eta_base,theta_base,v0,v1,v2,v3,v4,amplitude,phase_angle,puckering
1,138,0.01,G,G,G,0,0,1,0,0,.,,0,,,,,2.39,1.96,4.24,4.88,5.64,3.04,..,anti,A,4.48,4.55,,,,,,,0.31,5.90,0.31,6.13,6.20,21.40,5.71,C2'-exo
2,139,0.02,C,C,C,0,1,0,0,0,.,,0,,,4.77,3.13,1.02,1.75,3.86,5.15,5.00,3.43,BI,anti,A,4.37,4.56,2.64,3.91,3.05,3.82,4.07,4.50,0.37,5.67,0.64,5.86,0.05,38.01,6.03,C2'-exo
3,140,0.03,U,U,U,0,0,0,1,0,(,101,1,cWW,cW-W,5.24,3.70,0.45,1.42,3.03,5.67,3.65,3.72,BI,anti,A,3.84,4.52,2.94,3.60,3.13,3.64,4.09,4.11,0.19,5.61,0.92,5.52,0.39,52.85,0.10,C3'-endo
4,141,0.04,C,C,C,0,1,0,0,0,(,100,1,cWW,cW-W,4.04,3.40,1.44,1.50,3.61,5.09,4.81,3.67,BI,anti,A,4.00,4.54,2.78,3.73,3.06,3.72,3.74,3.83,0.41,5.47,0.89,5.63,0.15,51.83,6.13,C2'-exo
5,142,0.05,G,G,G,0,0,1,0,0,(,99,1,cWW,cW-W,5.08,3.24,0.71,1.33,2.77,5.54,3.52,3.50,BI,anti,A,4.41,4.46,2.77,3.50,3.04,3.54,3.48,4.00,0.06,5.68,0.89,5.45,0.51,52.29,0.25,C3'-endo
6,143,0.06,G,G,G,0,0,1,0,0,(,98,1,cWW,cW-W,4.16,3.58,1.49,1.58,3.96,4.75,5.50,3.32,BI,anti,A,4.46,4.63,3.08,3.85,3.16,3.89,3.75,4.43,0.07,5.71,0.86,5.46,0.47,50.48,0.24,C3'-endo
7,144,0.07,C,C,C,0,1,0,0,0,(,97,1,cWW,cW-W,5.49,2.89,0.78,1.52,3.80,4.68,5.40,3.40,BI,anti,A,4.56,4.73,2.95,3.74,3.26,3.74,4.14,4.22,6.25,5.77,0.82,5.43,0.56,50.25,0.36,C3'-endo
8,145,0.08,G,G,G,0,0,1,0,0,(,"48,96",2,"tSW,cWW","tm+W,cW-W",5.46,2.90,0.64,1.30,3.68,4.71,5.25,3.54,BI,anti,A,4.27,4.66,2.93,3.30,3.07,3.50,3.78,3.55,6.14,5.92,0.72,5.47,0.60,46.65,0.50,C3'-endo
9,146,0.09,G,G,G,0,0,1,0,0,.,"48,95",2,"tSW,cWW","tm+W,cW-W",5.18,2.90,1.45,2.50,3.59,2.98,0.61,4.32,..,anti,.,1.98,1.90,3.33,2.61,3.90,2.08,3.80,2.63,5.86,0.67,5.66,0.39,0.01,37.91,2.78,C2'-endo
10,147,0.10,U,U,U,0,0,0,1,0,.,46,1,cWW,cW-W,5.68,3.18,0.99,1.44,3.31,4.99,4.60,3.23,BI,anti,.,4.36,4.40,4.19,3.83,3.97,3.80,3.95,4.27,6.22,5.80,0.82,5.39,0.59,50.71,0.40,C3'-endo
11,148,0.11,G,G,G,0,0,1,0,0,(,45,1,cWW,cW-W,3.02,3.68,2.51,1.37,4.12,4.56,5.84,3.30,..,anti,.,4.51,4.69,2.82,3.92,3.11,3.73,3.84,4.18,6.20,5.86,0.73,5.47,0.55,45.83,0.43,C3'-endo
12,149,0.12,G,G,G,0,0,1,0,0,(,44,1,cWW,cW-W,1.70,3.67,3.71,1.69,3.50,5.58,4.21,3.20,BI,anti,A,4.76,4.74,2.87,3.30,3.08,3.39,3.92,3.79,0.45,5.54,0.75,5.80,0.03,45.00,6.00,C2'-exo
13,150,0.13,G,G,G,0,0,1,0,0,(,43,1,cWW,cW-W,5.18,3.81,0.27,1.58,3.41,4.56,5.13,3.76,BI,anti,A,3.81,4.56,2.99,3.59,3.22,3.65,3.81,4.08,0.22,5.71,0.69,5.70,0.23,39.77,0.01,C3'-endo
14,151,0.14,G,G,G,0,0,1,0,0,(,42,1,cWW,cW-W,2.67,4.07,2.79,1.44,4.50,4.14,0.36,3.15,..,anti,A,4.71,4.82,2.87,3.92,3.15,3.68,3.77,3.98,0.21,5.67,0.76,5.61,0.30,43.43,0.07,C3'-endo
15,152,0.15,G,G,G,0,0,1,0,0,(,41,1,cWW,cW-W,1.58,3.81,3.84,1.45,4.06,5.09,5.26,3.22,BI,anti,.,4.70,4.79,2.74,3.47,2.90,3.63,3.64,4.10,0.48,5.44,0.86,5.68,0.08,50.48,6.04,C2'-exo
16,153,0.16,A,A,A,1,0,0,0,0,.,,0,,,5.38,2.97,0.98,1.37,3.52,5.14,4.66,3.52,BI,anti,.,4.41,4.73,3.11,4.30,3.47,4.26,4.13,5.01,0.18,5.65,0.83,5.56,0.35,47.57,0.10,C3'-endo
17,154,0.17,G,G,G,0,0,1,0,0,.,38,1,cWW,cW-W,2.84,3.82,2.67,1.43,4.59,3.73,0.86,3.06,..,anti,A,4.72,4.78,2.86,3.77,3.34,3.64,4.54,4.27,0.10,5.70,0.82,5.52,0.43,47.95,0.20,C3'-endo
18,155,0.18,C,C,C,0,1,0,0,0,(,37,1,cWW,cW-W,1.62,4.68,3.09,1.31,4.98,4.24,0.74,2.73,..,anti,.,4.81,4.76,2.89,3.48,3.12,3.52,4.12,4.22,0.14,5.70,0.79,5.55,0.37,46.06,0.15,C3'-endo
19,156,0.19,A,A,A,1,0,0,0,0,(,36,1,cWW,cW-W,4.91,2.07,1.30,1.34,3.97,4.86,5.40,2.88,BI,anti,.,4.75,4.85,2.57,3.91,2.87,3.79,3.91,3.91,0.35,5.49,0.90,5.56,0.24,51.78,6.22,C2'-exo
20,157,0.20,U,U,U,0,0,0,1,0,(,35,1,cWW,cW-W,5.18,3.21,0.89,1.37,3.44,0.28,3.15,3.74,..,anti,A,4.10,4.69,3.04,4.44,3.17,4.02,3.67,4.04,0.34,5.57,0.80,5.66,0.18,46.32,6.18,C2'-exo
21,158,0.21,C,C,C,0,1,0,0,0,(,34,1,cWW,cW-W,3.60,1.17,2.63,1.73,3.33,5.28,4.33,3.01,BI,anti,.,4.23,4.42,3.21,2.90,3.09,3.55,3.59,4.25,0.55,5.47,0.78,5.80,6.25,47.94,5.92,C2'-exo
22,159,0.22,U,U,U,0,0,0,1,0,(,33,1,cWW,cW-W,3.81,4.64,1.17,1.28,3.72,4.15,5.85,3.45,..,anti,A,4.49,4.69,2.88,3.70,3.07,3.60,3.85,3.68,0.06,5.74,0.79,5.50,0.45,46.61,0.25,C3'-endo
23,160,0.23,C,C,C,0,1,0,0,0,(,32,1,cWW,cW-W,2.07,4.14,3.26,1.64,3.27,5.29,4.26,3.17,BI,anti,A,4.40,4.43,2.87,3.94,3.14,3.79,3.57,4.45,0.30,5.74,0.57,5.87,0.07,33.29,6.08,C2'-exo
24,161,0.24,C,C,C,0,1,0,0,0,(,31,1,cWW,cW-W,3.84,4.25,1.21,1.29,3.65,4.50,5.43,3.51,BI,anti,.,4.48,4.78,2.63,3.98,2.94,3.93,3.99,4.09,0.12,5.70,0.81,5.54,0.41,46.95,0.18,C3'-endo
25,162,0.25,U,U,U,0,0,0,1,0,(,30,1,cWW,cW-W,2.48,4.09,3.18,1.31,4.74,4.28,0.46,2.84,..,anti,A,4.94,4.91,3.10,3.39,3.30,3.46,3.80,4.15,0.24,5.59,0.85,5.55,0.32,49.00,0.04,C3'-endo
26,163,0.26,G,G,G,0,0,1,0,0,.,,0,,,5.26,2.47,0.94,1.36,3.75,4.16,5.88,3.10,..,anti,.,4.78,4.78,2.65,3.29,2.88,3.01,3.86,2.20,0.22,5.64,0.78,5.60,0.30,45.02,0.05,C3'-endo
27,164,0.27,U,U,U,0,0,0,1,0,.,,0,,,3.69,3.64,0.49,1.60,3.84,4.84,5.29,3.69,BI,anti,.,3.93,4.43,1.53,3.61,1.35,3.57,0.74,3.68,0.14,5.86,0.53,5.82,0.20,30.43,0.06,C3'-endo
28,165,0.28,A,A,A,1,0,0,0,0,.,75,1,tWW,tW+W,5.10,2.47,1.28,1.14,3.99,5.16,5.11,2.89,BI,anti,.,4.71,4.68,2.75,4.03,2.85,3.87,3.13,5.00,6.09,5.96,0.69,5.48,0.65,46.44,0.56,C3'-endo
29,166,0.29,G,G,G,0,0,1,0,0,.,76,1,tSS,tm+m,3.27,2.77,2.55,1.66,5.00,5.62,5.66,3.10,..,anti,.,4.63,4.79,2.85,4.57,3.07,4.86,4.48,5.06,0.38,5.69,0.57,5.91,0.00,34.57,5.96,C2'-exo
30,167,0.30,G,G,G,0,0,1,0,0,),25,1,cWW,cW-W,4.82,2.18,2.42,1.64,3.88,5.77,4.39,3.16,..,anti,.,4.70,4.70,3.35,3.71,4.09,3.62,5.13,3.98,0.45,5.58,0.69,5.83,0.00,41.70,5.97,C2'-exo
31,168,0.31,G,G,G,0,0,1,0,0,),24,1,cWW,cW-W,3.65,1.73,2.87,1.96,4.48,4.67,6.10,3.02,..,anti,A,4.68,4.70,3.22,3.77,3.36,3.79,3.92,4.23,0.66,5.59,0.48,6.17,5.94,40.37,5.47,C1'-endo
32,169,0.32,G,G,G,0,0,1,0,0,),23,1,cWW,cW-W,1.16,3.27,4.39,2.13,3.62,4.17,5.74,3.28,BI,anti,A,4.43,4.34,2.54,3.50,2.98,3.58,3.77,3.85,0.37,5.91,0.23,6.26,6.07,21.72,5.36,C1'-endo
33,170,0.33,A,A,A,1,0,0,0,0,),22,1,cWW,cW-W,2.66,4.35,2.68,1.37,3.95,5.55,4.68,2.97,BI,anti,A,4.55,4.59,2.81,3.98,3.20,3.75,3.68,4.14,6.15,5.98,0.59,5.60,0.52,39.02,0.51,C3'-endo
34,171,0.34,G,G,G,0,0,1,0,0,),21,1,cWW,cW-W,5.59,4.75,5.40,2.56,3.59,5.72,4.15,3.51,BI,anti,.,3.69,3.69,3.15,4.10,3.33,3.90,4.01,4.48,0.49,6.05,6.19,0.38,5.73,31.34,4.54,O4'-exo
35,172,0.35,A,A,A,1,0,0,0,0,),20,1,cWW,cW-W,3.42,1.96,2.45,1.45,2.56,1.15,1.41,3.36,..,anti,.,4.07,4.16,2.91,3.65,3.17,3.65,3.99,3.93,0.41,5.58,0.71,5.79,0.06,42.21,6.03,C2'-exo
36,173,0.36,U,U,U,0,0,0,1,0,),19,1,cWW,cW-W,5.22,4.89,4.45,2.23,4.47,5.76,5.00,3.49,..,anti,B,3.35,3.79,3.09,3.96,3.33,3.93,3.85,4.76,0.35,6.06,0.03,0.17,5.96,19.88,4.79,O4'-exo
37,174,0.37,G,G,G,0,0,1,0,0,),18,1,cWW,cW-W,3.99,1.57,2.55,1.83,3.94,4.98,5.25,3.63,BI,anti,.,3.79,4.22,2.50,3.25,3.02,3.49,4.05,3.39,0.19,6.03,0.23,6.16,6.24,14.86,5.80,C2'-exo
38,175,0.38,U,U,U,0,0,0,1,0,.,17,1,cWW,cW-W,5.15,3.70,0.50,2.45,3.15,4.33,5.10,4.43,BI,anti,.,2.11,2.54,2.77,3.68,3.20,2.97,3.20,2.15,0.10,0.11,6.03,0.32,6.02,18.05,3.77,C4'-endo
39,176,0.39,A,A,A,1,0,0,0,0,.,87,1,cWS,cW-m,3.49,3.17,0.82,2.33,2.44,5.03,3.69,4.62,..,anti,.,2.10,2.02,0.94,3.61,1.35,3.35,1.06,4.46,5.95,0.61,5.68,0.44,6.20,35.22,2.92,C2'-endo
40,177,0.40,A,A,A,1,0,0,0,0,.,"61,86",2,"tWS,cSS","tW+m,cm-m",5.09,3.98,0.97,2.74,3.51,5.53,4.26,5.02,BI,anti,.,0.78,1.96,3.43,5.63,3.73,5.11,4.74,5.72,0.09,0.31,5.72,0.63,5.82,36.08,3.61,C3'-exo
41,178,0.41,C,C,C,0,1,0,0,0,),15,1,cWW,cW-W,4.27,4.31,6.21,1.62,2.54,0.07,2.47,3.18,..,anti,.,4.14,4.17,2.18,3.83,2.86,3.74,3.44,3.66,0.51,5.52,0.72,5.84,6.25,44.10,5.91,C2'-exo
42,179,0.42,C,C,C,0,1,0,0,0,),14,1,cWW,cW-W,2.69,1.89,3.04,2.17,3.91,5.85,4.35,3.52,..,anti,.,3.79,4.17,3.10,3.83,3.17,3.77,3.11,4.10,0.55,5.83,0.21,0.10,5.87,30.84,5.11,C1'-endo
43,180,0.43,C,C,C,0,1,0,0,0,),13,1,cWW,cW-W,3.79,1.78,2.68,1.64,4.09,5.10,5.27,3.14,..,anti,A,4.37,4.51,2.66,3.42,3.06,3.55,3.70,4.15,0.38,5.62,0.71,5.79,0.07,41.47,6.06,C2'-exo
44,181,0.44,C,C,C,0,1,0,0,0,),12,1,cWW,cW-W,4.68,3.18,1.40,1.41,4.01,4.88,5.41,3.05,BI,anti,.,4.67,4.64,2.91,3.64,3.20,3.66,3.96,3.73,6.14,5.98,0.60,5.57,0.54,40.14,0.53,C3'-endo
45,182,0.45,C,C,C,0,1,0,0,0,),11,1,cWW,cW-W,5.04,2.67,1.09,1.30,3.41,5.37,4.33,3.51,BI,anti,A,4.33,4.51,2.82,3.77,3.07,3.76,3.36,4.56,6.15,5.91,0.70,5.48,0.60,45.34,0.50,C3'-endo
46,183,0.46,U,U,U,0,0,0,1,0,.,10,1,cWW,cW-W,4.79,3.14,0.99,1.44,4.18,4.53,5.94,3.38,..,anti,.,4.48,4.74,2.90,3.65,3.13,3.77,4.19,4.22,6.27,5.91,0.60,5.66,0.40,36.65,0.34,C3'-endo
47,184,0.47,U,U,U,0,0,0,1,0,.,49,1,tSS,tm+m,5.43,2.61,0.95,1.47,3.61,5.12,4.77,2.88,BI,anti,.,4.01,4.58,2.99,4.51,3.21,3.64,3.89,2.45,0.04,5.75,0.77,5.52,0.46,45.82,0.27,C3'-endo
48,185,0.48,U,U,U,0,0,0,1,0,.,"8,9",2,"tWS,tWS","tW+m,tW+m",2.72,3.07,0.87,1.65,3.76,5.32,4.72,3.53,BI,anti,.,4.21,4.53,0.35,4.18,0.88,4.04,0.27,5.14,0.36,5.64,0.66,5.83,0.06,39.14,6.04,C2'-exo
49,186,0.49,A,A,A,1,0,0,0,0,.,47,1,tSS,tm+m,4.14,2.99,1.63,1.65,4.51,1.60,2.91,0.97,..,syn,.,-2.82,3.83,2.84,1.62,3.11,1.31,4.52,1.11,5.71,0.23,0.21,5.74,0.71,40.01,1.27,O4'-endo
50,187,0.50,C,C,C,0,1,0,0,0,(,94,1,cWW,cW-W,1.08,3.82,3.36,1.24,3.55,4.86,4.97,3.31,BI,anti,A,4.34,4.46,2.62,3.09,2.58,3.08,3.13,3.75,6.03,5.97,0.73,5.37,0.71,50.88,0.61,C3'-endo
51,188,0.50,C,C,C,0,1,0,0,0,(,93,1,cWW,cW-W,3.43,2.92,2.36,1.73,4.70,4.60,0.10,2.95,..,anti,A,4.71,4.74,2.97,3.83,3.03,3.86,3.85,4.34,0.38,5.63,0.66,5.79,0.07,38.87,6.06,C2'-exo
52,189,0.51,U,U,U,0,0,0,1,0,(,92,1,cWW,cW-W,5.20,2.74,1.04,1.30,3.98,4.42,5.84,3.44,..,anti,A,4.26,4.65,2.71,3.41,3.07,3.41,3.87,3.98,6.10,5.92,0.75,5.42,0.66,49.76,0.53,C3'-endo
53,190,0.52,G,G,G,0,0,1,0,0,(,91,1,cWW,cW-W,5.76,2.78,0.47,1.59,3.70,4.06,5.92,3.42,..,anti,A,4.53,4.62,2.93,3.75,3.01,3.84,3.74,4.11,0.13,5.74,0.74,5.63,0.33,42.52,0.14,C3'-endo
54,191,0.53,C,C,C,0,1,0,0,0,(,90,1,cWW,cW-W,0.53,1.73,0.51,1.32,3.45,5.14,4.59,3.42,BI,anti,.,4.45,4.49,3.00,4.12,3.28,3.88,3.79,4.25,6.02,6.03,0.65,5.47,0.67,46.30,0.64,C4'-exo
55,192,0.54,C,C,C,0,1,0,0,0,(,89,1,cWW,cW-W,3.49,3.07,2.47,1.30,3.29,5.11,4.46,2.80,BI,anti,.,3.95,4.50,2.85,3.83,3.10,3.99,3.93,5.02,6.19,5.83,0.77,5.44,0.60,48.62,0.43,C3'-endo
56,193,0.55,G,G,G,0,0,1,0,0,.,88,1,tSH,tm-M,2.93,4.18,2.57,2.32,5.19,4.89,0.29,3.27,..,anti,.,1.22,1.19,3.66,5.22,4.17,4.36,5.49,3.76,5.66,0.65,5.85,0.09,0.33,37.46,2.30,C1'-exo
57,194,0.56,A,A,A,1,0,0,0,0,.,87,1,tHW,tM-W,5.82,3.52,4.04,1.94,4.90,2.72,2.18,4.30,BII,anti,.,0.70,4.22,0.87,2.67,1.64,3.25,1.92,3.92,0.30,5.76,0.56,5.89,0.06,32.86,6.07,C2'-exo
58,195,0.57,A,A,A,1,0,0,0,0,.,,0,,,1.98,4.80,2.94,1.50,1.79,5.22,2.85,4.42,..,anti,.,1.70,2.93,4.96,1.36,4.11,1.78,4.19,2.98,0.09,5.83,0.61,5.70,0.32,35.73,0.19,C3'-endo
59,196,0.58,C,C,C,0,1,0,0,0,.,,0,,,3.00,3.42,2.46,1.53,3.27,4.82,4.73,0.72,BI,syn,.,-4.05,4.57,2.46,4.24,2.66,3.97,4.37,2.38,0.20,5.69,0.73,5.64,0.28,41.83,0.06,C3'-endo
60,197,0.59,C,C,C,0,1,0,0,0,.,,0,,,2.47,4.61,3.39,1.41,3.12,5.46,3.94,2.82,BI,anti,.,3.16,3.89,3.86,2.98,4.19,2.74,3.31,1.99,5.65,0.17,0.32,5.60,0.84,47.21,1.17,C4'-exo
61,198,0.60,C,C,C,0,1,0,0,0,(,"40,86",2,"tSW,cWW","tm+W,cW-W",4.92,4.00,4.83,1.65,3.34,5.20,4.43,3.29,BI,anti,.,4.54,4.51,1.57,2.77,1.47,3.06,0.91,3.35,0.03,5.88,0.60,5.69,0.35,35.67,0.26,C3'-endo
62,199,0.61,C,C,C,0,1,0,0,0,(,85,1,cWW,cW-W,4.92,3.24,1.02,1.32,3.25,5.35,4.19,3.38,BI,anti,A,4.22,4.25,3.00,3.70,3.18,3.69,3.44,4.33,6.02,6.00,0.70,5.42,0.71,49.51,0.63,C3'-endo
63,200,0.62,G,G,G,0,0,1,0,0,(,84,1,cWW,cW-W,4.00,3.04,2.06,1.50,4.08,5.16,5.20,3.14,..,anti,.,4.72,4.69,3.04,4.00,3.23,3.99,4.11,5.10,6.22,5.92,0.63,5.59,0.48,39.55,0.42,C3'-endo
64,201,0.63,C,C,C,0,1,0,0,0,.,83,1,cWW,cW-W,5.25,3.06,0.65,1.28,2.71,5.84,3.16,3.63,BI,anti,.,3.91,4.30,2.75,4.09,3.17,4.02,4.68,3.92,6.25,5.77,0.84,5.43,0.57,51.51,0.35,C3'-endo
65,202,0.64,C,C,C,0,1,0,0,0,.,82,1,t.H,t.-M,2.40,3.22,3.38,1.68,3.68,3.74,6.23,3.61,..,anti,.,3.87,4.20,3.29,2.10,3.62,2.47,3.82,2.69,6.16,6.09,0.41,5.80,0.38,27.78,0.56,C3'-endo
66,203,0.65,A,A,A,1,0,0,0,0,.,"80,81",2,"tHW,tHW","tM-W,tM-W",5.76,2.69,0.76,1.46,3.95,5.25,4.99,3.21,BI,anti,.,3.91,4.18,3.35,4.17,3.17,4.13,3.00,5.15,5.93,6.09,0.63,5.46,0.73,48.45,0.72,C4'-exo
67,204,0.66,G,G,G,0,0,1,0,0,.,80,1,tHW,tM-W,4.85,3.30,0.98,1.56,3.89,4.56,5.61,3.76,BI,anti,.,3.82,4.71,2.76,4.30,3.11,4.36,4.49,5.06,0.34,5.52,0.87,5.61,0.23,50.02,6.21,C2'-exo
68,205,0.67,G,G,G,0,0,1,0,0,.,79,1,cWW,cW-W,2.38,4.16,3.10,1.59,4.19,5.05,5.42,3.21,..,anti,A,4.43,4.51,2.81,3.95,3.44,3.70,4.58,4.17,0.22,5.70,0.71,5.68,0.24,40.54,0.01,C3'-endo
69,206,0.68,C,C,C,0,1,0,0,0,(,78,1,cWW,cW-W,4.15,2.58,2.17,1.37,4.27,4.85,5.70,2.91,..,anti,A,4.67,4.65,2.84,3.57,3.07,3.66,3.92,4.12,6.24,5.86,0.72,5.52,0.51,44.61,0.38,C3'-endo
70,207,0.69,C,C,C,0,1,0,0,0,(,77,1,cWW,cW-W,5.51,3.07,0.67,1.47,3.54,5.13,4.69,3.35,BI,anti,A,4.20,4.33,2.88,3.74,3.17,3.84,3.85,4.21,0.06,5.80,0.72,5.60,0.39,42.22,0.24,C3'-endo
71,208,0.70,C,C,C,0,1,0,0,0,(,76,1,cWW,cW-W,4.81,3.54,1.09,1.28,3.78,5.12,4.94,4.03,BI,anti,.,2.88,4.56,2.95,3.80,3.14,3.84,3.63,4.52,0.11,5.63,0.94,5.42,0.49,55.20,0.20,C3'-endo
72,209,0.71,G,G,G,0,0,1,0,0,.,75,1,tSH,tm-M,5.09,2.82,1.09,1.62,4.09,4.77,5.61,3.42,..,anti,.,4.47,4.76,2.91,4.61,3.17,3.62,4.08,2.57,0.04,5.88,0.58,5.70,0.34,34.21,0.26,C3'-endo
73,210,0.72,G,G,G,0,0,1,0,0,.,,0,,,2.33,3.02,1.19,1.72,3.37,5.47,4.19,3.40,BI,anti,.,3.93,4.08,6.20,4.36,0.80,4.08,0.48,4.93,0.08,5.84,0.64,5.70,0.33,37.41,0.19,C3'-endo
74,211,0.73,A,A,A,1,0,0,0,0,.,,0,,,4.07,3.39,1.43,1.54,3.49,5.24,4.53,3.55,BI,anti,A,4.20,4.50,2.64,3.85,3.11,3.89,4.53,4.56,0.39,5.48,0.90,5.61,0.19,51.89,6.17,C2'-exo
75,212,0.74,A,A,A,1,0,0,0,0,.,"28,72",2,"tWW,tHS","tW+W,tM-m",4.54,3.63,1.27,1.66,3.29,5.50,4.08,3.62,BI,anti,.,4.23,4.42,2.91,4.50,3.28,4.45,4.25,5.10,0.01,5.90,0.56,5.72,0.36,33.80,0.30,C3'-endo
76,213,0.75,G,G,G,0,0,1,0,0,),"29,71",2,"tSS,cWW","tm+m,cW-W",3.60,3.46,2.16,1.47,3.80,5.05,5.04,3.24,BI,anti,A,4.43,4.54,2.74,3.80,3.45,3.62,4.74,4.15,0.02,5.74,0.85,5.48,0.50,50.40,0.28,C3'-endo
77,214,0.76,G,G,G,0,0,1,0,0,),70,1,cWW,cW-W,4.95,3.00,1.15,1.48,3.83,4.85,5.27,3.12,BI,anti,A,4.55,4.55,2.85,3.58,3.10,3.63,4.07,4.03,0.11,5.71,0.82,5.51,0.40,47.70,0.19,C3'-endo
78,215,0.77,G,G,G,0,0,1,0,0,),69,1,cWW,cW-W,5.01,3.22,1.33,1.45,4.48,3.95,0.53,3.45,..,anti,A,3.88,4.50,3.38,3.81,3.53,3.72,4.00,3.84,0.04,5.82,0.70,5.57,0.40,41.76,0.28,C3'-endo
79,216,0.78,A,A,A,1,0,0,0,0,.,68,1,cWW,cW-W,1.51,4.18,3.62,1.70,4.38,4.88,5.78,3.32,..,anti,.,4.45,4.74,2.99,3.98,3.11,4.07,3.45,4.72,0.48,5.58,0.68,5.88,6.24,41.61,5.91,C2'-exo
80,217,0.79,G,G,G,0,0,1,0,0,.,"66,67",2,"tWH,tWH","tW-M,tW-M",5.86,2.41,0.95,1.34,3.79,3.85,6.22,3.14,..,anti,.,4.18,4.16,2.85,2.79,3.41,2.78,4.45,2.72,5.60,0.10,0.49,5.39,1.01,57.20,1.06,C4'-exo
81,218,0.80,C,C,C,0,1,0,0,0,.,66,1,tWH,tW-M,5.31,2.48,0.66,1.48,3.51,5.09,4.70,3.40,BI,anti,.,4.59,4.73,2.74,3.87,2.64,3.87,2.55,4.51,5.97,6.01,0.71,5.40,0.77,51.29,0.66,C4'-exo
82,219,0.81,A,A,A,1,0,0,0,0,.,65,1,tH.,tM-.,4.52,3.15,1.46,1.52,3.93,5.25,4.96,3.24,BI,anti,.,4.23,4.37,2.98,4.03,3.30,4.03,4.27,4.87,6.20,5.88,0.72,5.54,0.53,44.67,0.41,C3'-endo
83,220,0.82,A,A,A,1,0,0,0,0,.,64,1,cWW,cW-W,4.92,3.03,1.28,1.38,3.50,5.59,4.19,3.40,BI,anti,.,4.23,4.42,2.91,4.06,3.30,4.04,4.50,4.85,6.22,5.92,0.63,5.61,0.49,39.60,0.41,C3'-endo
84,221,0.83,C,C,C,0,1,0,0,0,),63,1,cWW,cW-W,4.70,3.56,0.81,1.55,3.33,5.40,4.21,3.75,BI,anti,A,3.92,4.49,2.75,3.78,3.13,3.76,4.30,4.16,0.03,5.77,0.77,5.55,0.46,45.99,0.27,C3'-endo
85,222,0.84,G,G,G,0,0,1,0,0,),62,1,cWW,cW-W,4.92,3.29,0.90,1.14,3.10,5.49,3.90,3.58,BI,anti,.,4.27,4.56,3.03,4.02,3.21,4.01,3.81,4.28,0.02,5.74,0.80,5.45,0.52,48.06,0.31,C3'-endo
86,223,0.85,G,G,G,0,0,1,0,0,),"40,61",2,"cSS,cWW","cm-m,cW-W",1.89,3.23,3.88,1.45,3.50,4.69,5.09,3.37,BI,anti,A,4.56,4.61,3.03,3.32,3.37,3.39,3.96,3.90,0.09,5.75,0.75,5.59,0.39,44.01,0.20,C3'-endo
87,224,0.86,U,U,U,0,0,0,1,0,.,"39,57",2,"cSW,tWH","cm-W,tW-M",2.25,3.50,3.47,1.55,3.96,5.14,5.10,3.18,BI,anti,A,4.52,4.63,2.86,3.67,3.09,3.74,3.79,4.64,0.36,5.64,0.67,5.81,0.07,39.25,6.06,C2'-exo
88,225,0.87,A,A,A,1,0,0,0,0,.,56,1,tHS,tM-m,4.96,3.08,1.02,1.41,3.99,5.15,5.13,3.40,BI,anti,.,4.56,4.84,2.82,4.21,3.11,4.33,4.26,5.04,0.07,5.74,0.77,5.53,0.43,45.30,0.24,C3'-endo
89,226,0.88,G,G,G,0,0,1,0,0,),55,1,cWW,cW-W,5.17,2.85,0.98,1.68,4.11,4.50,5.89,3.10,..,anti,A,4.88,4.76,2.90,3.90,3.41,3.71,4.60,3.85,6.22,6.08,0.37,5.86,0.30,23.75,0.48,C3'-endo
90,227,0.89,G,G,G,0,0,1,0,0,),54,1,cWW,cW-W,0.41,3.88,5.04,2.07,3.43,4.56,5.15,3.49,BI,anti,.,4.13,4.28,3.08,3.68,3.10,3.79,3.51,3.95,0.57,5.72,0.36,6.24,5.96,33.57,5.38,C1'-endo
91,228,0.90,C,C,C,0,1,0,0,0,),53,1,cWW,cW-W,2.53,4.37,2.77,1.26,3.91,3.91,0.00,2.89,..,anti,A,4.48,4.54,2.64,3.73,3.17,3.64,3.61,4.45,5.94,6.05,0.69,5.38,0.76,51.40,0.70,C4'-exo
92,229,0.91,A,A,A,1,0,0,0,0,),52,1,cWW,cW-W,2.73,4.49,2.45,1.36,4.45,3.52,0.93,3.13,BII,anti,A,4.51,4.60,2.70,3.69,2.94,3.56,4.04,3.89,6.20,5.80,0.84,5.32,0.60,52.66,0.43,C3'-endo
93,230,0.92,G,G,G,0,0,1,0,0,),51,1,cWW,cW-W,2.02,4.29,3.04,1.30,4.16,4.75,5.70,3.21,..,anti,A,4.65,4.78,2.89,3.74,3.00,3.64,3.60,3.88,0.04,5.81,0.71,5.57,0.43,42.50,0.28,C3'-endo
94,231,0.93,G,G,G,0,0,1,0,0,),50,1,cWW,cW-W,6.09,3.04,0.01,1.44,2.74,5.29,3.73,3.60,BI,anti,A,4.25,4.39,2.96,3.76,3.16,3.88,3.71,4.42,6.26,5.94,0.53,5.71,0.38,32.58,0.37,C3'-endo
95,232,0.94,A,A,A,1,0,0,0,0,.,9,1,cWW,cW-W,3.02,4.10,2.30,1.23,3.88,5.14,5.02,3.15,BI,anti,.,4.77,4.76,2.81,3.92,3.25,3.86,4.09,4.40,6.19,5.86,0.73,5.49,0.56,45.76,0.43,C3'-endo
96,233,0.95,C,C,C,0,1,0,0,0,),8,1,cWW,cW-W,5.00,2.91,1.20,1.23,3.69,5.05,4.93,3.38,BI,anti,A,4.44,4.61,2.79,3.64,3.10,3.69,4.08,4.30,6.24,5.79,0.82,5.42,0.58,50.41,0.37,C3'-endo
97,234,0.96,G,G,G,0,0,1,0,0,),7,1,cWW,cW-W,4.43,3.19,1.63,1.46,4.21,4.79,5.70,3.33,..,anti,A,4.26,4.51,3.03,3.80,3.19,3.80,3.98,4.25,0.00,5.88,0.64,5.62,0.40,38.60,0.33,C3'-endo
98,235,0.97,U,U,U,0,0,0,1,0,),6,1,cWW,cW-W,4.76,2.69,1.43,1.46,4.15,4.29,6.14,2.92,..,anti,A,4.61,4.72,2.79,3.67,3.09,3.54,3.90,4.00,0.12,5.64,0.90,5.47,0.45,52.24,0.18,C3'-endo
99,236,0.98,C,C,C,0,1,0,0,0,),"5,100",2,"cWW,cWH","cW-W,cW+M",0.27,3.01,5.75,1.84,3.63,5.12,4.79,3.17,BI,anti,.,4.66,4.63,2.96,3.75,3.06,3.89,3.86,4.24,0.42,5.60,0.73,5.83,0.02,43.57,6.01,C2'-exo
100,237,0.99,G,G,G,0,0,1,0,0,),"4,99",2,"cWW,cHW","cW-W,cM+W",5.01,3.02,1.15,1.69,3.78,3.96,6.10,3.42,..,anti,A,4.12,4.25,2.94,3.61,3.37,3.40,3.95,3.62,6.04,6.02,0.65,5.51,0.63,45.30,0.60,C3'-endo
101,238,1.00,G,G,G,0,0,1,0,0,),3,1,cWW,cW-W,2.74,3.63,2.72,1.71,,,,3.53,n/a,anti,-,,,,,,,,,0.19,5.59,0.82,5.54,0.35,46.95,0.08,C3'-endo
