index_chain,old_nt_resnum,nt_position,nt_name,nt_code,nt_align_code,is_A,is_C,is_G,is_U,is_other,dbn,paired,nb_interact,pair_type_LW,pair_type_DSSR,alpha,beta,gamma,delta,epsilon,zeta,epsilon_zeta,chi,bb_type,glyco_bond,form,ssZp,Dp,eta,theta,eta_prime,theta_prime,eta_base,theta_base,v0,v1,v2,v3,v4,amplitude,phase_angle,puckering
1,1,0.06,G,G,G,0,0,1,0,0,),0,1,cWW,cW-W,,,2.38,1.51,3.90,5.07,5.12,3.09,BI,anti,A,4.42,4.58,,,,,,,0.11,5.81,0.63,5.69,0.31,36.75,0.16,C3'-endo
2,2,0.12,C,C,C,0,1,0,0,0,),0,1,cWW,cW-W,5.12,3.09,0.85,1.42,3.53,5.13,4.69,3.61,BI,anti,A,4.05,4.51,2.81,3.73,3.14,3.75,4.01,4.20,0.03,5.85,0.66,5.62,0.40,39.33,0.29,C3'-endo
3,3,0.19,A,A,A,1,0,0,0,0,),0,1,cWW,cW-W,5.16,3.20,0.73,1.37,3.72,4.97,5.04,3.66,BI,anti,A,4.13,4.71,2.90,3.65,3.08,3.69,3.72,4.18,0.07,5.79,0.71,5.60,0.39,41.54,0.23,C3'-endo
4,4,0.25,G,G,G,0,0,1,0,0,),0,1,cWW,cW-W,5.19,2.75,1.02,1.40,3.59,5.10,4.78,3.37,BI,anti,A,4.78,4.67,2.82,3.80,3.10,3.78,3.87,4.27,0.01,5.84,0.70,5.58,0.44,41.87,0.31,C3'-endo
5,5,0.31,A,A,A,1,0,0,0,0,),0,1,cWW,cW-W,5.25,3.12,0.89,1.41,3.67,5.08,4.87,3.52,BI,anti,A,4.39,4.65,3.06,3.81,3.30,3.87,4.07,4.63,0.01,5.83,0.69,5.59,0.43,41.25,0.30,C3'-endo
6,6,0.38,A5M,c,C,0,0,0,0,1,.,0,1,cWW,cW-W,5.25,2.85,0.98,1.46,3.66,4.58,5.37,3.59,BI,anti,.,4.29,4.59,2.97,3.38,3.32,3.37,4.36,3.31,0.02,5.84,0.66,5.62,0.41,39.61,0.29,C3'-endo
7,7,0.44,U,U,U,0,0,0,1,0,),0,1,cWW,cW-W,5.22,2.94,0.80,1.42,3.76,4.96,5.08,3.66,BI,anti,A,4.05,4.65,2.94,3.79,2.96,3.79,2.99,4.28,0.04,5.82,0.68,5.60,0.41,40.65,0.28,C3'-endo
8,8,0.50,U,U,U,0,0,0,1,0,),0,1,cWW,cW-W,5.19,2.85,0.88,1.36,3.68,4.94,5.03,3.46,BI,anti,A,4.57,4.71,2.77,3.68,3.03,3.69,3.81,4.08,0.02,5.82,0.71,5.57,0.44,42.42,0.30,C3'-endo
9,9,0.56,A,A,A,1,0,0,0,0,),0,1,cWW,cW-W,5.25,2.92,0.88,1.38,3.66,4.99,4.95,3.32,BI,anti,A,4.51,4.65,2.91,3.69,3.12,3.70,3.78,4.21,0.02,5.81,0.72,5.55,0.45,43.41,0.30,C3'-endo
10,10,0.62,A,A,A,1,0,0,0,0,),0,1,cWW,cW-W,5.21,3.07,0.91,1.44,3.46,5.19,4.56,3.48,BI,anti,A,4.42,4.55,2.99,3.74,3.20,3.71,3.95,3.80,0.07,5.81,0.68,5.62,0.37,39.91,0.23,C3'-endo
11,11,0.69,A,A,A,1,0,0,0,0,.,0,1,cWW,cW-W,5.06,3.17,0.94,1.36,3.55,4.98,4.86,3.51,BI,anti,A,4.35,4.54,2.93,3.57,3.15,3.64,3.49,4.39,6.18,5.91,0.68,5.53,0.54,43.47,0.46,C3'-endo
12,12,0.75,U,U,U,0,0,0,1,0,),0,1,cWW,cW-W,5.30,2.96,0.88,1.43,3.58,4.97,4.89,3.58,BI,anti,A,4.15,4.57,2.96,3.66,3.22,3.66,4.18,4.05,0.06,5.82,0.68,5.62,0.38,40.05,0.24,C3'-endo
13,13,0.81,C,C,C,0,1,0,0,0,),0,1,cWW,cW-W,5.18,3.05,0.86,1.41,3.75,4.92,5.10,3.46,BI,anti,A,4.49,4.69,2.97,3.72,3.13,3.76,3.73,4.12,0.04,5.83,0.67,5.62,0.39,39.65,0.27,C3'-endo
14,14,0.88,U,U,U,0,0,0,1,0,),0,1,cWW,cW-W,5.14,3.00,0.89,1.43,3.64,4.95,4.97,3.43,BI,anti,A,4.54,4.62,2.86,3.71,3.07,3.71,3.66,4.14,6.27,5.87,0.67,5.59,0.45,40.53,0.35,C3'-endo
15,15,0.94,G,G,G,0,0,1,0,0,),0,1,cWW,cW-W,5.20,2.99,0.89,1.39,3.62,5.13,4.77,3.56,BI,anti,A,4.30,4.62,2.89,3.80,3.10,3.83,3.80,4.43,0.06,5.80,0.71,5.59,0.40,41.80,0.24,C3'-endo
16,16,1.00,C,C,C,0,1,0,0,0,),0,1,cWW,cW-W,5.07,3.07,1.02,1.40,,,,3.49,n/a,anti,-,,,,,,,,,6.27,5.87,0.65,5.61,0.43,39.55,0.34,C3'-endo
