index_chain,old_nt_resnum,nt_position,nt_name,nt_code,nt_align_code,is_A,is_C,is_G,is_U,is_other,dbn,paired,nb_interact,pair_type_LW,pair_type_DSSR,alpha,beta,gamma,delta,epsilon,zeta,epsilon_zeta,chi,bb_type,glyco_bond,form,ssZp,Dp,eta,theta,eta_prime,theta_prime,eta_base,theta_base,v0,v1,v2,v3,v4,amplitude,phase_angle,puckering
1,1,0.08,U,U,U,0,0,0,1,0,.,,0,,,,,0.71,1.42,3.66,5.44,4.50,3.51,BI,anti,.,4.46,4.74,,,,,,,0.19,5.71,0.72,5.66,0.27,41.31,0.06,C3'-endo
2,2,0.15,C,C,C,0,1,0,0,0,(,0,1,cWW,cW-W,4.29,2.68,2.14,1.19,4.28,4.59,5.97,3.30,..,anti,A,4.59,4.64,3.00,3.77,3.43,3.69,4.36,4.02,6.25,6.22,0.13,6.12,0.12,9.10,0.56,C3'-endo
3,3,0.23,C,C,C,0,1,0,0,0,(,0,1,cWW,cW-W,0.70,3.20,5.63,1.70,3.61,5.50,4.39,3.67,BI,anti,A,4.21,4.52,3.13,3.91,3.23,3.94,3.73,4.40,0.23,6.02,0.20,6.21,6.19,14.98,5.59,C1'-endo
4,4,0.31,C,C,C,0,1,0,0,0,(,0,1,cWW,cW-W,3.52,2.62,2.71,1.57,4.49,4.79,5.98,3.45,..,anti,.,3.92,4.39,3.05,4.03,3.35,4.10,3.95,5.01,0.02,6.20,0.12,6.17,0.06,6.89,0.17,C3'-endo
5,5,0.38,A,A,A,1,0,0,0,0,.,"0,0",2,"tSH,cSW","tm-M,cm-W",1.14,3.62,4.69,1.87,4.10,3.83,0.27,3.80,..,anti,.,3.59,4.51,2.91,2.81,3.38,2.46,4.52,1.78,0.34,6.15,6.17,0.31,5.89,22.65,4.43,O4'-exo
6,6,0.46,G,G,G,0,0,1,0,0,[,0,1,cWW,cW-W,0.89,3.26,3.47,2.35,4.41,4.89,5.80,1.96,..,...,.,-1.52,1.10,2.11,4.07,1.87,4.23,1.78,4.61,6.08,0.41,5.83,0.35,6.19,25.95,3.02,C2'-endo
7,7,0.54,U,U,U,0,0,0,1,0,.,,0,,,5.24,3.33,0.87,1.47,3.65,5.30,4.63,3.61,BI,anti,.,4.20,4.54,3.05,4.01,3.59,4.09,3.91,4.96,6.28,5.88,0.64,5.62,0.42,38.63,0.33,C3'-endo
8,8,0.62,C,C,C,0,1,0,0,0,.,0,1,cWW,cW-W,5.13,3.14,0.80,1.43,3.56,5.28,4.57,3.57,BI,anti,.,4.42,4.65,2.83,3.88,3.23,3.94,4.42,4.48,0.08,5.80,0.68,5.64,0.36,39.56,0.21,C3'-endo
9,9,0.69,C,C,C,0,1,0,0,0,(,0,1,cWW,cW-W,5.07,3.38,0.83,1.44,3.53,5.07,4.74,3.45,BI,anti,A,4.54,4.63,2.98,3.69,3.25,3.76,4.04,4.21,0.08,5.81,0.67,5.64,0.35,39.10,0.21,C3'-endo
10,10,0.77,A,A,A,1,0,0,0,0,(,0,1,cWW,cW-W,5.17,3.19,0.85,1.43,3.63,4.99,4.93,3.46,BI,anti,A,4.49,4.67,2.97,3.70,3.18,3.74,3.82,4.19,0.06,5.82,0.67,5.63,0.37,39.29,0.24,C3'-endo
11,11,0.85,C,C,C,0,1,0,0,0,(,0,1,cWW,cW-W,5.19,3.03,0.89,1.42,3.52,5.10,4.70,3.49,BI,anti,A,4.55,4.63,2.88,3.73,3.11,3.74,3.83,4.12,0.05,5.82,0.68,5.62,0.39,39.96,0.25,C3'-endo
12,12,0.92,C,C,C,0,1,0,0,0,(,0,1,cWW,cW-W,5.22,3.13,0.91,1.40,3.55,5.08,4.75,3.47,BI,anti,A,4.50,4.60,3.01,3.69,3.24,3.72,3.89,4.05,0.03,5.85,0.66,5.62,0.40,39.61,0.28,C3'-endo
13,13,1.00,G,G,G,0,0,1,0,0,(,0,1,cWW,cW-W,5.12,3.26,0.86,1.39,,,,3.65,n/a,anti,-,,,,,,,,,0.02,5.86,0.65,5.63,0.40,38.78,0.30,C3'-endo
