index_chain,old_nt_resnum,nt_position,nt_name,nt_code,nt_align_code,is_A,is_C,is_G,is_U,is_other,dbn,paired,nb_interact,pair_type_LW,pair_type_DSSR,alpha,beta,gamma,delta,epsilon,zeta,epsilon_zeta,chi,bb_type,glyco_bond,form,ssZp,Dp,eta,theta,eta_prime,theta_prime,eta_base,theta_base,v0,v1,v2,v3,v4,amplitude,phase_angle,puckering
1,3,0.04,G,G,G,0,0,1,0,0,(,"14,18",2,"cWW,tSS","cW-W,tm+m",,,1.05,1.35,3.69,4.94,5.04,3.43,BI,anti,A,4.42,4.60,,,,,,,0.16,5.69,0.78,5.55,0.36,45.34,0.14,C3'-endo
2,4,0.08,C,C,C,0,1,0,0,0,(,13,1,cWW,cW-W,5.16,3.00,0.90,1.37,3.60,5.12,4.76,3.49,BI,anti,A,4.42,4.69,2.91,3.73,3.09,3.73,3.72,4.10,0.13,5.69,0.81,5.52,0.40,47.03,0.18,C3'-endo
3,5,0.12,G,G,G,0,0,1,0,0,(,"12,21",2,"cWW,c.H","cW-W,c.+M",5.11,2.99,1.01,1.31,3.51,5.16,4.63,3.31,BI,anti,A,4.62,4.63,2.89,3.69,3.14,3.71,3.82,4.20,0.07,5.76,0.76,5.53,0.43,44.96,0.24,C3'-endo
4,6,0.15,G,G,G,0,0,1,0,0,(,"11,22",2,"cWW,tSW","cW-W,tm+W",5.13,3.19,0.95,1.34,3.55,5.14,4.70,3.58,BI,anti,.,4.20,4.54,3.05,4.07,3.25,3.77,3.96,3.50,0.09,5.75,0.75,5.54,0.41,44.25,0.22,C3'-endo
5,7,0.19,C,C,C,0,1,0,0,0,.,"9,24",2,"tWH,tW.","tW-M,tW+.",2.69,3.05,3.15,1.39,3.62,1.17,2.45,3.32,..,anti,.,4.79,4.77,2.78,5.92,2.87,5.26,2.87,3.92,6.27,5.82,0.72,5.53,0.49,43.81,0.35,C3'-endo
6,8,0.23,A,A,A,1,0,0,0,0,.,,0,,,1.13,2.52,0.72,1.58,3.96,5.39,4.86,3.09,BI,anti,.,4.37,4.48,5.24,4.57,6.27,4.50,1.44,5.35,0.32,5.65,0.70,5.72,0.16,40.32,6.18,C2'-exo
7,9,0.27,C,C,C,0,1,0,0,0,[,26,1,cWW,cW-W,4.96,3.18,0.74,1.44,3.69,5.03,4.94,3.44,BI,anti,A,4.34,4.61,2.58,3.76,3.10,3.82,4.52,4.26,0.13,5.75,0.72,5.61,0.35,41.67,0.16,C3'-endo
8,10,0.31,C,C,C,0,1,0,0,0,[,25,1,cWW,cW-W,5.07,3.10,0.99,1.28,3.67,5.14,4.82,3.39,BI,anti,A,4.50,4.67,2.91,3.77,3.13,3.83,3.81,4.31,0.15,5.73,0.73,5.61,0.33,42.40,0.13,C3'-endo
9,11,0.35,G,G,G,0,0,1,0,0,[,"5,24",2,"tHW,cWW","tM-W,cW-W",5.16,2.93,1.07,1.35,3.61,4.75,5.14,3.41,BI,anti,.,4.43,4.58,3.03,3.10,3.31,2.41,4.03,1.57,0.03,5.80,0.73,5.56,0.43,43.30,0.28,C3'-endo
10,12,0.38,U,U,U,0,0,0,1,0,.,,0,,,4.00,2.07,0.67,1.49,3.74,0.96,2.78,3.85,..,anti,.,3.02,3.90,1.15,0.63,1.11,6.08,0.82,5.76,5.80,6.27,0.47,5.52,0.78,46.21,0.94,C4'-exo
11,13,0.42,C,C,C,0,1,0,0,0,),"4,23",2,"cWW,cSW","cW-W,cm-W",1.30,2.04,3.17,1.44,3.52,5.19,4.61,3.36,BI,anti,A,4.30,4.44,1.38,2.74,1.88,3.07,2.51,3.69,0.05,5.82,0.68,5.62,0.38,40.43,0.25,C3'-endo
12,14,0.46,C,C,C,0,1,0,0,0,),"3,21",2,"cWW,cSW","cW-W,cm-W",4.97,3.21,0.87,1.37,3.65,5.07,4.86,3.51,BI,anti,A,4.20,4.59,2.88,3.70,3.09,3.76,3.78,4.19,0.15,5.69,0.80,5.53,0.38,46.42,0.16,C3'-endo
13,15,0.50,G,G,G,0,0,1,0,0,),2,1,cWW,cW-W,5.15,3.02,0.88,1.40,3.65,4.92,5.01,3.43,BI,anti,A,4.51,4.63,2.88,3.65,3.12,3.72,3.80,4.31,0.02,5.79,0.75,5.52,0.47,44.98,0.30,C3'-endo
14,16,0.54,C,C,C,0,1,0,0,0,),1,1,cWW,cW-W,5.29,2.77,1.07,1.51,3.60,4.92,4.96,3.43,BI,anti,A,4.25,4.46,3.06,3.71,3.39,3.75,4.23,4.20,0.17,5.67,0.80,5.57,0.36,45.90,0.12,C3'-endo
15,17,0.58,U,U,U,0,0,0,1,0,.,,0,,,5.35,3.04,1.06,2.61,4.35,2.67,1.68,3.91,BII,anti,.,1.14,1.24,3.44,2.69,3.95,2.62,4.46,2.78,5.86,0.66,5.64,0.41,0.01,39.09,2.81,C2'-endo
16,18,0.62,C,C,C,0,1,0,0,0,.,,0,,,5.05,3.27,0.63,2.49,4.28,1.44,2.85,3.96,..,anti,.,1.15,1.20,3.77,1.86,3.62,0.95,3.49,0.54,5.63,0.82,5.59,0.33,0.20,47.18,2.58,C2'-endo
17,19,0.65,A,A,A,1,0,0,0,0,.,,0,,,1.40,3.11,0.88,2.70,4.60,5.12,5.76,4.68,..,anti,.,0.29,0.47,0.07,5.67,0.56,5.23,0.71,5.98,5.94,0.64,5.59,0.49,6.19,40.24,2.96,C2'-endo
18,20,0.69,A,A,A,1,0,0,0,0,.,1,1,tSS,tm+m,5.29,3.58,0.84,1.60,3.51,2.40,1.10,3.96,..,anti,.,3.17,4.31,3.12,1.09,3.88,1.23,3.79,1.92,0.00,5.90,0.59,5.69,0.38,35.75,0.31,C3'-endo
19,21,0.73,A,A,A,1,0,0,0,0,.,,0,,,5.12,2.83,0.95,1.46,3.57,5.14,4.72,3.38,BI,anti,A,4.50,4.56,3.37,3.88,3.59,3.88,3.34,4.51,0.08,5.73,0.78,5.51,0.44,46.08,0.23,C3'-endo
20,22,0.77,C,C,C,0,1,0,0,0,.,,0,,,5.19,3.14,0.85,1.43,3.68,5.19,4.78,3.52,BI,anti,.,4.28,4.57,2.96,4.44,3.25,4.34,4.20,4.93,0.08,5.77,0.75,5.55,0.41,44.01,0.24,C3'-endo
21,23,0.81,A,A,A,1,0,0,0,0,.,"3,12",2,"cH.,cWS","cM+.,cW-m",2.50,3.54,3.35,1.43,3.68,5.13,4.84,3.35,BI,anti,A,4.51,4.63,2.98,3.25,3.41,3.40,4.46,4.22,0.08,5.74,0.76,5.55,0.41,44.86,0.22,C3'-endo
22,24,0.85,A,A,A,1,0,0,0,0,.,4,1,tWS,tW+m,5.15,3.04,0.92,1.57,3.88,5.27,4.90,3.47,BI,anti,.,4.28,4.64,3.00,3.63,3.30,3.32,4.29,2.80,0.13,5.73,0.74,5.61,0.34,43.10,0.14,C3'-endo
23,25,0.88,A,A,A,1,0,0,0,0,.,11,1,cWS,cW-m,4.35,1.49,2.56,1.68,3.73,5.03,4.98,3.60,BI,anti,A,4.22,4.49,3.18,3.09,2.99,3.33,2.65,4.01,0.25,5.71,0.66,5.74,0.19,37.63,6.24,C2'-exo
24,26,0.92,C,C,C,0,1,0,0,0,],"5,9",2,"t.W,cWW","t.+W,cW-W",5.06,2.94,0.97,1.31,3.64,4.97,4.96,3.56,BI,anti,A,4.38,4.64,2.77,3.68,3.12,3.72,4.04,4.10,0.07,5.75,0.76,5.55,0.42,44.65,0.23,C3'-endo
25,27,0.96,G,G,G,0,0,1,0,0,],8,1,cWW,cW-W,5.14,3.08,0.96,1.37,3.59,5.22,4.65,3.45,BI,anti,A,4.30,4.40,2.93,3.89,3.15,3.86,3.76,4.32,0.05,5.76,0.77,5.51,0.44,45.89,0.26,C3'-endo
26,28,1.00,G,G,G,0,0,1,0,0,],7,1,cWW,cW-W,5.02,3.17,0.92,1.38,,,,3.46,n/a,anti,-,,,,,,,,,6.23,5.82,0.78,5.47,0.56,48.08,0.38,C3'-endo
