index_chain,old_nt_resnum,nt_position,nt_name,nt_code,nt_align_code,is_A,is_C,is_G,is_U,is_other,dbn,paired,nb_interact,pair_type_LW,pair_type_DSSR,alpha,beta,gamma,delta,epsilon,zeta,epsilon_zeta,chi,bb_type,glyco_bond,form,ssZp,Dp,eta,theta,eta_prime,theta_prime,eta_base,theta_base,v0,v1,v2,v3,v4,amplitude,phase_angle,puckering
1,201,0.04,C,C,C,0,1,0,0,0,(,25,1,cWW,cW-W,,,2.53,1.74,3.75,5.24,4.80,3.18,BI,anti,A,4.68,4.65,,,,,,,0.37,5.74,0.50,5.99,6.24,31.07,5.88,C2'-exo
2,202,0.08,5BU,u,U,0,0,0,0,1,(,24,1,cWW,cW-W,4.55,3.31,1.20,1.38,3.59,4.96,4.91,3.36,BI,anti,A,4.58,4.64,2.72,3.66,3.14,3.71,3.90,4.39,6.11,6.00,0.59,5.59,0.55,39.88,0.56,C3'-endo
3,203,0.12,C,C,C,0,1,0,0,0,(,23,1,cWW,cW-W,5.16,2.93,1.02,1.38,3.57,5.12,4.73,3.44,BI,anti,A,4.50,4.62,2.95,3.74,3.21,3.71,4.15,4.11,0.10,5.77,0.72,5.60,0.37,42.17,0.20,C3'-endo
4,204,0.16,G,G,G,0,0,1,0,0,(,22,1,cWW,cW-W,4.92,3.25,0.98,1.39,3.76,4.95,5.10,3.31,BI,anti,A,4.63,4.73,2.90,3.69,3.06,3.75,3.73,4.17,0.08,5.77,0.73,5.58,0.39,42.58,0.22,C3'-endo
5,205,0.20,C,C,C,0,1,0,0,0,(,21,1,cWW,cW-W,5.20,2.94,1.04,1.40,3.86,5.16,4.98,3.32,BI,anti,.,4.60,4.70,3.04,4.01,3.25,4.14,3.89,5.08,0.04,5.80,0.71,5.58,0.42,42.37,0.26,C3'-endo
6,206,0.24,G,G,G,0,0,1,0,0,.,20,1,tSH,tm-M,5.24,2.89,1.04,1.52,3.88,4.94,5.23,3.62,BI,anti,B,3.93,4.44,3.05,4.02,3.51,4.18,4.74,4.89,0.07,5.87,0.59,5.72,0.31,34.42,0.22,C3'-endo
7,207,0.28,G,G,G,0,0,1,0,0,.,19,1,tSH,tm-M,5.26,2.88,1.13,2.63,3.90,2.52,1.38,4.40,..,anti,.,2.26,2.00,2.93,2.55,3.74,2.22,4.58,2.75,5.90,0.70,5.56,0.52,6.20,42.49,2.93,C2'-endo
8,208,0.32,A,A,A,1,0,0,0,0,.,18,1,tHW,tM-W,5.00,2.91,0.72,1.58,4.18,5.08,5.39,3.19,..,anti,.,4.57,4.67,3.38,4.38,3.13,4.40,3.25,5.20,0.16,5.82,0.57,5.79,0.21,32.73,0.04,C3'-endo
9,209,0.36,U,U,U,0,0,0,1,0,.,,0,,,5.23,2.75,0.86,1.36,3.80,4.95,5.12,3.46,BI,anti,A,4.40,4.66,2.59,3.79,3.07,3.83,4.36,4.58,0.04,5.76,0.79,5.51,0.47,46.82,0.28,C3'-endo
10,210,0.40,C,C,C,0,1,0,0,0,.,,0,,,5.26,2.77,1.11,1.45,3.95,5.28,4.95,3.34,BI,anti,.,4.61,4.69,3.09,4.23,3.38,4.27,4.39,5.07,0.06,5.82,0.66,5.64,0.37,39.13,0.23,C3'-endo
11,211,0.44,A,A,A,1,0,0,0,0,.,,0,,,5.14,2.92,1.04,1.51,4.01,4.83,5.47,3.58,..,anti,.,3.99,4.49,2.99,3.92,3.46,4.11,4.64,5.18,0.11,5.82,0.62,5.71,0.29,36.00,0.15,C3'-endo
12,212,0.48,G,G,G,0,0,1,0,0,.,,0,,,5.51,2.68,0.95,2.20,3.62,3.39,0.23,3.96,..,anti,.,3.08,3.17,2.99,3.24,3.66,2.29,4.89,2.22,6.17,0.22,6.04,0.17,6.24,13.90,2.97,C2'-endo
13,213,0.52,U,U,U,0,0,0,1,0,.,,0,,,1.27,3.70,1.05,2.42,4.51,4.84,5.96,4.33,..,anti,.,0.47,0.83,0.20,5.16,0.21,4.93,6.08,5.33,5.82,0.65,5.69,0.34,0.08,37.46,2.70,C2'-endo
14,214,0.56,C,C,C,0,1,0,0,0,.,,0,,,4.73,3.38,0.84,2.56,4.64,1.79,2.85,3.98,..,anti,.,0.69,0.84,2.73,2.01,3.55,1.76,3.84,2.28,5.98,0.59,5.65,0.47,6.18,36.68,2.98,C2'-endo
15,215,0.60,A,A,A,1,0,0,0,0,.,,0,,,4.67,2.81,0.62,1.53,3.77,5.17,4.88,3.34,BI,anti,A,4.67,4.71,2.95,4.08,2.94,4.11,3.32,4.71,0.19,5.73,0.67,5.69,0.26,38.64,0.05,C3'-endo
16,216,0.64,C,C,C,0,1,0,0,0,.,,0,,,5.15,3.01,0.83,1.38,3.78,5.31,4.75,3.41,BI,anti,.,4.45,4.63,2.85,4.10,3.20,4.18,4.15,5.01,6.21,5.87,0.70,5.53,0.52,43.98,0.41,C3'-endo
17,217,0.68,C,C,C,0,1,0,0,0,.,,0,,,4.89,3.16,1.05,1.45,3.83,5.13,4.98,3.42,BI,anti,.,4.44,4.62,2.87,4.04,3.27,4.10,4.43,4.86,0.02,5.84,0.67,5.61,0.41,40.07,0.30,C3'-endo
18,218,0.72,C,C,C,0,1,0,0,0,.,8,1,tWH,tW-M,5.03,2.98,0.99,1.41,3.77,4.68,5.37,3.42,BI,anti,.,4.50,4.67,2.81,3.52,3.19,3.61,4.30,4.02,6.27,5.83,0.72,5.54,0.47,43.69,0.33,C3'-endo
19,219,0.76,A,A,A,1,0,0,0,0,.,7,1,tHS,tM-m,5.50,3.25,0.79,1.40,3.62,5.13,4.77,3.13,BI,anti,A,4.83,4.81,3.36,3.78,3.36,3.86,3.74,4.14,0.15,5.73,0.72,5.63,0.33,41.78,0.13,C3'-endo
20,220,0.80,A,A,A,1,0,0,0,0,.,6,1,tHS,tM-m,5.21,2.98,1.05,1.44,4.03,5.26,5.05,3.30,BI,anti,.,4.47,4.64,3.17,4.26,3.44,4.31,3.93,5.22,6.28,5.86,0.68,5.58,0.44,41.06,0.33,C3'-endo
21,221,0.84,G,G,G,0,0,1,0,0,),5,1,cWW,cW-W,4.89,2.85,1.13,1.39,3.80,4.89,5.20,3.32,BI,anti,A,4.60,4.69,2.63,3.77,3.18,3.76,4.57,4.17,6.26,5.84,0.71,5.54,0.48,43.37,0.35,C3'-endo
22,222,0.88,C,C,C,0,1,0,0,0,),4,1,cWW,cW-W,5.23,2.87,1.06,1.31,3.64,4.92,5.00,3.33,BI,anti,A,4.60,4.62,2.93,3.61,3.20,3.61,3.92,4.05,6.13,5.89,0.75,5.43,0.63,48.74,0.49,C3'-endo
23,223,0.92,G,G,G,0,0,1,0,0,),3,1,cWW,cW-W,5.23,2.89,1.01,1.35,3.71,4.93,5.06,3.33,BI,anti,A,4.64,4.71,3.01,3.66,3.19,3.67,3.88,4.10,0.01,5.79,0.75,5.51,0.48,45.33,0.31,C3'-endo
24,224,0.96,A,A,A,1,0,0,0,0,),2,1,cWW,cW-W,5.24,2.95,0.94,1.35,3.60,5.01,4.88,3.45,BI,anti,A,4.46,4.67,2.99,3.61,3.19,3.62,3.85,4.08,0.00,5.81,0.74,5.53,0.48,44.53,0.32,C3'-endo
25,225,1.00,G,G,G,0,0,1,0,0,),1,1,cWW,cW-W,5.13,2.94,0.99,1.37,,,,3.56,n/a,anti,-,,,,,,,,,0.12,5.73,0.76,5.57,0.38,44.33,0.17,C3'-endo
