index_chain,old_nt_resnum,nt_position,nt_name,nt_code,nt_align_code,is_A,is_C,is_G,is_U,is_other,dbn,paired,nb_interact,pair_type_LW,pair_type_DSSR,alpha,beta,gamma,delta,epsilon,zeta,epsilon_zeta,chi,bb_type,glyco_bond,form,ssZp,Dp,eta,theta,eta_prime,theta_prime,eta_base,theta_base,v0,v1,v2,v3,v4,amplitude,phase_angle,puckering
1,27,0.06,U,U,U,0,0,0,1,0,.,,0,,,,,1.08,1.46,3.37,5.14,4.51,1.15,BI,syn,.,-2.61,4.37,,,,,,,0.06,5.84,0.64,5.65,0.36,37.87,0.24,C3'-endo
2,28,0.12,U,U,U,0,0,0,1,0,(,16,1,cWW,cW-W,5.06,3.22,0.82,1.44,3.54,5.09,4.74,3.53,BI,anti,A,4.37,4.56,2.89,3.71,3.07,3.75,2.54,4.42,0.02,5.86,0.65,5.63,0.40,38.74,0.29,C3'-endo
3,29,0.19,U,U,U,0,0,0,1,0,(,15,1,cWW,cW-W,5.13,3.05,0.87,1.44,3.67,5.12,4.83,3.46,BI,anti,A,4.55,4.68,2.88,3.87,3.13,3.91,4.06,4.44,0.07,5.82,0.67,5.64,0.36,39.24,0.23,C3'-endo
4,30,0.25,G,G,G,0,0,1,0,0,(,14,1,cWW,cW-W,5.26,3.07,0.83,1.45,3.17,4.97,4.48,3.48,BI,anti,A,4.32,4.32,2.90,3.81,3.25,3.67,4.13,3.94,6.28,5.88,0.64,5.62,0.42,38.92,0.33,C3'-endo
5,31,0.31,A,A,A,1,0,0,0,0,(,13,1,cWW,cW-W,3.06,3.42,2.79,1.43,4.09,5.06,5.32,3.19,..,anti,.,4.57,4.69,3.00,3.78,3.14,3.89,3.67,4.81,0.07,5.84,0.64,5.66,0.35,37.59,0.23,C3'-endo
6,32,0.38,C,C,C,0,1,0,0,0,.,12,1,cWW,cW-W,5.35,2.81,0.87,1.47,4.08,4.29,6.08,3.56,..,anti,.,4.09,4.64,2.94,3.72,3.35,3.08,4.52,2.94,0.04,5.85,0.65,5.64,0.39,38.62,0.27,C3'-endo
7,33,0.44,U,U,U,0,0,0,1,0,.,,0,,,1.14,3.69,1.11,2.38,5.95,0.98,4.97,3.71,..,anti,.,-0.27,0.30,6.15,2.96,0.33,2.59,6.15,2.53,6.03,0.45,5.81,0.35,6.22,27.58,2.95,C2'-endo
8,34,0.50,P5P,a,A,0,0,0,0,1,.,,0,,,1.62,2.03,4.72,2.34,2.63,2.79,6.12,4.46,..,anti,.,2.03,2.07,3.77,1.20,3.53,1.63,3.27,1.91,6.07,0.45,5.77,0.41,6.15,29.32,3.07,C2'-endo
9,35,0.56,C,C,C,0,1,0,0,0,.,,0,,,0.57,3.20,5.65,2.56,5.17,2.23,2.94,4.33,BII,anti,.,0.47,0.26,3.96,2.63,3.53,2.06,2.95,1.08,6.04,0.46,5.79,0.37,6.20,28.46,2.98,C2'-endo
10,36,0.62,G,G,G,0,0,1,0,0,.,,0,,,4.72,2.52,5.13,2.57,4.37,1.20,3.17,0.96,..,syn,.,-0.46,1.02,1.69,1.29,1.38,0.52,0.78,5.92,6.22,0.34,5.82,0.45,6.04,27.17,3.34,C3'-exo
11,37,0.69,G,G,G,0,0,1,0,0,.,,0,,,1.56,2.69,1.10,2.50,4.23,4.89,5.63,4.17,..,anti,.,0.90,1.11,6.23,5.04,0.73,4.69,1.35,5.22,6.13,0.39,5.81,0.41,6.12,27.03,3.15,C3'-exo
12,38,0.75,A,A,A,1,0,0,0,0,.,6,1,cWW,cW-W,5.24,3.15,0.98,1.47,3.91,5.15,5.04,3.39,BI,anti,.,4.59,4.78,3.12,4.12,3.71,4.20,4.29,4.96,0.12,5.77,0.68,5.66,0.32,39.38,0.15,C3'-endo
13,39,0.81,U,U,U,0,0,0,1,0,),5,1,cWW,cW-W,5.23,2.89,0.98,1.45,3.77,4.97,5.07,3.42,BI,anti,A,4.50,4.66,2.90,3.83,3.36,3.83,4.51,4.40,0.06,5.83,0.66,5.64,0.37,39.12,0.24,C3'-endo
14,40,0.88,C,C,C,0,1,0,0,0,),4,1,cWW,cW-W,5.18,2.97,0.93,1.47,3.66,4.95,5.00,3.52,BI,anti,A,4.35,4.61,2.90,3.71,3.18,3.71,4.04,4.09,0.06,5.83,0.66,5.63,0.37,39.12,0.24,C3'-endo
15,41,0.94,A,A,A,1,0,0,0,0,),3,1,cWW,cW-W,5.08,3.12,0.90,1.45,3.71,4.80,5.20,3.53,BI,anti,A,4.40,4.68,2.92,3.60,3.10,3.64,3.68,4.04,0.08,5.81,0.67,5.64,0.35,39.16,0.21,C3'-endo
16,42,1.00,A,A,A,1,0,0,0,0,),2,1,cWW,cW-W,5.22,2.83,0.96,1.37,,,,3.53,n/a,anti,-,,,,,,,,,0.08,5.81,0.66,5.64,0.35,38.97,0.21,C3'-endo
