index_chain,old_nt_resnum,nt_position,nt_name,nt_code,nt_align_code,is_A,is_C,is_G,is_U,is_other,dbn,paired,nb_interact,pair_type_LW,pair_type_DSSR,alpha,beta,gamma,delta,epsilon,zeta,epsilon_zeta,chi,bb_type,glyco_bond,form,ssZp,Dp,eta,theta,eta_prime,theta_prime,eta_base,theta_base,v0,v1,v2,v3,v4,amplitude,phase_angle,puckering
1,2,0.03,C,C,C,0,1,0,0,0,.,,0,,,,,2.57,1.89,1.33,2.73,4.88,3.82,..,anti,.,0.84,2.29,,,,,,,5.52,0.74,5.85,0.00,0.47,44.28,2.16,C1'-exo
2,3,0.06,A,A,A,1,0,0,0,0,.,14,1,tWS,tW+m,4.12,3.83,4.10,1.33,4.26,5.09,5.45,6.26,..,syn,.,-4.71,4.53,2.61,3.92,2.22,4.14,2.85,4.50,6.17,5.90,0.72,5.49,0.56,45.89,0.45,C3'-endo
3,4,0.10,G,G,G,0,0,1,0,0,(,"13,31",2,"cWW,cHW","cW-W,cM+W",2.31,3.79,3.31,1.58,3.53,5.84,3.97,3.18,BI,anti,A,4.21,4.34,2.80,3.99,3.48,3.59,4.21,4.01,0.12,5.85,0.56,5.78,0.24,32.46,0.11,C3'-endo
4,5,0.13,C,C,C,0,1,0,0,0,(,12,1,cWW,cW-W,3.06,1.95,2.66,1.29,1.24,1.26,6.26,2.92,..,anti,A,4.50,4.07,3.05,3.48,3.09,3.94,3.79,4.48,0.44,5.55,0.74,5.78,0.03,44.24,6.01,C2'-exo
5,6,0.16,A,A,A,1,0,0,0,0,(,11,1,cWW,cW-W,1.54,4.39,2.89,1.70,4.26,2.77,1.50,3.33,BII,anti,.,2.23,2.32,3.27,2.20,3.92,1.83,4.57,1.59,5.77,0.21,0.15,5.84,0.60,34.07,1.32,O4'-endo
6,7,0.19,C,C,C,0,1,0,0,0,.,12,1,tHS,tM-m,1.24,3.78,3.13,1.49,3.44,1.35,2.09,3.49,..,anti,.,4.47,4.33,2.48,5.42,2.37,4.55,2.24,4.31,6.16,6.02,0.54,5.66,0.47,35.43,0.52,C3'-endo
7,8,0.23,U,U,U,0,0,0,1,0,.,,0,,,5.04,4.34,3.35,1.47,4.20,3.87,0.32,2.53,..,anti,.,2.98,4.08,0.58,3.00,1.40,2.76,2.03,1.99,6.18,5.94,0.62,5.59,0.50,39.71,0.47,C3'-endo
8,9,0.26,G,G,G,0,0,1,0,0,.,,0,,,1.86,3.80,3.08,1.53,4.87,3.39,1.48,3.51,BII,anti,.,2.79,3.61,2.67,5.45,2.57,5.08,1.82,5.55,6.05,6.11,0.49,5.64,0.55,36.20,0.69,C4'-exo
9,10,0.29,A,A,A,1,0,0,0,0,.,,0,,,3.08,5.35,3.69,1.25,3.80,3.14,0.66,5.05,..,anti,.,-1.70,4.65,3.69,0.87,3.94,0.80,3.99,4.59,6.13,5.89,0.77,5.42,0.64,50.11,0.49,C3'-endo
10,11,0.32,U,U,U,0,0,0,1,0,.,,0,,,1.04,3.70,1.20,1.45,0.89,3.43,3.74,5.75,..,...,.,-0.94,1.51,0.53,6.20,0.61,5.90,2.70,0.04,6.04,6.16,0.42,5.71,0.52,33.07,0.75,C4'-exo
11,12,0.35,5BU,u,U,0,0,0,0,1,),5,1,cWW,cW-W,5.15,2.68,1.04,1.17,1.24,0.83,0.41,3.84,..,anti,.,2.88,2.40,2.94,3.43,3.61,3.05,3.44,3.28,5.96,6.14,0.53,5.56,0.65,41.85,0.76,C4'-exo
12,13,0.39,G,G,G,0,0,1,0,0,),"4,6",2,"cWW,tSH","cW-W,tm-M",2.03,2.62,2.64,1.57,3.52,5.27,4.54,3.50,BI,anti,A,4.38,4.49,2.57,3.37,2.61,3.45,3.09,3.95,0.18,5.77,0.63,5.75,0.22,35.91,0.03,C3'-endo
13,14,0.42,C,C,C,0,1,0,0,0,),3,1,cWW,cW-W,4.86,3.23,0.94,1.40,3.89,5.17,5.00,3.38,BI,anti,.,4.55,4.65,2.84,4.04,3.13,4.15,3.86,5.01,6.25,5.88,0.66,5.59,0.46,40.41,0.37,C3'-endo
14,15,0.45,G,G,G,0,0,1,0,0,.,2,1,tSW,tm+W,5.16,2.81,1.13,1.42,3.48,5.07,4.70,3.34,BI,anti,A,4.65,4.62,2.87,3.67,3.38,3.58,4.65,3.95,0.06,5.83,0.66,5.64,0.37,38.94,0.24,C3'-endo
15,16,0.48,G,G,G,0,0,1,0,0,(,30,1,cWW,cW-W,5.31,3.15,0.93,1.50,3.57,5.31,4.55,3.30,BI,anti,.,4.13,4.41,3.23,3.94,3.41,3.89,4.00,4.12,0.19,5.79,0.58,5.79,0.20,33.47,0.01,C3'-endo
16,17,0.52,5BU,u,U,0,0,0,0,1,(,29,1,cWW,cW-W,4.79,3.33,0.84,1.44,3.21,5.27,4.23,3.37,BI,anti,A,4.58,4.42,2.69,3.59,3.01,3.68,3.58,4.24,6.26,5.89,0.64,5.62,0.44,38.91,0.36,C3'-endo
17,18,0.55,C,C,C,0,1,0,0,0,(,28,1,cWW,cW-W,4.80,3.38,1.03,1.47,3.41,5.39,4.30,3.48,BI,anti,A,4.36,4.55,2.95,3.98,3.24,3.95,4.02,4.55,0.10,5.77,0.70,5.63,0.35,40.73,0.18,C3'-endo
18,19,0.58,G,G,G,0,0,1,0,0,(,27,1,cWW,cW-W,4.77,3.35,0.97,1.41,3.60,4.98,4.91,3.53,BI,anti,A,4.41,4.66,2.84,3.61,3.14,3.62,4.08,3.85,0.01,5.85,0.67,5.60,0.43,40.47,0.32,C3'-endo
19,20,0.61,A,A,A,1,0,0,0,0,(,26,1,cWW,cW-W,4.95,2.83,1.27,1.42,3.71,4.93,5.07,3.49,BI,anti,A,4.51,4.66,2.93,3.69,3.16,3.64,3.61,4.21,6.24,5.89,0.65,5.59,0.47,40.29,0.39,C3'-endo
20,21,0.65,G,G,G,0,0,1,0,0,(,25,1,cWW,cW-W,5.12,2.72,1.03,1.39,4.10,4.83,5.55,3.10,..,anti,.,4.80,4.82,2.84,3.96,3.11,4.05,4.04,4.86,0.04,5.80,0.72,5.57,0.41,42.48,0.27,C3'-endo
21,22,0.68,G,G,G,0,0,1,0,0,.,,0,,,5.18,3.13,1.06,1.48,3.54,5.06,4.77,3.90,BI,anti,.,3.69,4.71,3.06,3.83,3.32,3.05,4.37,2.07,0.16,5.75,0.69,5.67,0.29,39.45,0.10,C3'-endo
22,23,0.71,U,U,U,0,0,0,1,0,.,,0,,,3.28,2.51,0.83,1.48,4.25,5.25,5.28,4.03,..,anti,.,2.50,4.53,0.81,4.19,0.95,3.90,0.61,4.33,0.04,5.89,0.58,5.70,0.34,34.57,0.27,C3'-endo
23,24,0.74,A,A,A,1,0,0,0,0,.,,0,,,4.38,1.72,2.05,1.49,3.24,4.41,5.11,3.08,BI,anti,.,4.67,4.59,2.23,3.19,2.91,2.65,3.87,1.37,0.34,5.56,0.81,5.67,0.17,46.56,6.17,C2'-exo
24,25,0.77,G,G,G,0,0,1,0,0,.,,0,,,3.68,3.91,1.08,1.63,5.37,5.14,0.23,4.43,..,anti,.,-0.13,4.02,2.64,5.90,2.43,5.60,1.42,5.94,0.13,5.85,0.55,5.80,0.23,31.39,0.09,C3'-endo
25,26,0.81,C,C,C,0,1,0,0,0,),20,1,cWW,cW-W,3.59,2.37,3.16,1.40,2.30,0.76,1.54,3.40,..,anti,A,4.01,4.03,3.37,3.30,3.74,3.30,3.97,3.52,0.31,5.66,0.68,5.76,0.14,39.49,6.16,C2'-exo
26,27,0.84,5BU,u,U,0,0,0,0,1,),19,1,cWW,cW-W,2.55,2.15,2.61,1.73,4.04,6.09,4.23,3.31,..,anti,.,4.36,4.53,2.75,3.95,3.00,3.86,3.33,4.37,0.28,5.79,0.51,5.92,0.06,29.72,6.06,C2'-exo
27,28,0.87,5BU,u,U,0,0,0,0,1,),18,1,cWW,cW-W,3.94,1.44,2.57,1.33,1.70,1.17,0.53,3.11,..,anti,.,3.35,3.51,3.66,2.65,3.59,3.21,4.38,3.75,0.35,5.67,0.63,5.83,0.06,37.01,6.05,C2'-exo
28,29,0.90,G,G,G,0,0,1,0,0,),17,1,cWW,cW-W,3.10,3.49,1.10,1.48,3.71,5.07,4.92,3.36,BI,anti,A,4.65,4.71,2.36,3.92,2.74,3.96,3.43,4.49,0.11,5.78,0.69,5.64,0.34,40.07,0.17,C3'-endo
29,30,0.94,A,A,A,1,0,0,0,0,),16,1,cWW,cW-W,5.31,2.86,0.95,1.39,4.03,4.80,5.51,3.37,..,anti,.,4.44,4.64,3.07,4.32,3.36,4.16,4.17,4.52,6.27,5.88,0.65,5.61,0.43,39.56,0.34,C3'-endo
30,31,0.97,U,U,U,0,0,0,1,0,),15,1,cWW,cW-W,1.83,3.89,3.69,1.44,4.42,3.84,0.58,3.20,..,anti,.,4.52,4.82,2.86,2.79,3.14,3.22,3.86,3.41,0.12,5.72,0.77,5.56,0.38,44.63,0.18,C3'-endo
31,32,1.00,G,G,G,0,0,1,0,0,.,3,1,cWH,cW+M,3.13,3.45,2.86,1.37,,,,4.10,n/a,anti,-,,,,,,,,,0.11,5.84,0.58,5.75,0.27,33.72,0.15,C3'-endo
