index_chain,old_nt_resnum,nt_position,nt_name,nt_code,nt_align_code,is_A,is_C,is_G,is_U,is_other,dbn,paired,nb_interact,pair_type_LW,pair_type_DSSR,alpha,beta,gamma,delta,epsilon,zeta,epsilon_zeta,chi,bb_type,glyco_bond,form,ssZp,Dp,eta,theta,eta_prime,theta_prime,eta_base,theta_base,v0,v1,v2,v3,v4,amplitude,phase_angle,puckering
1,31,0.05,U,U,U,0,0,0,1,0,),0,1,cWW,cW-W,,,0.89,1.51,3.71,4.86,5.14,3.33,BI,anti,A,4.66,4.62,,,,,,,0.06,5.81,0.67,5.63,0.37,39.61,0.24,C3'-endo
2,32,0.11,C,C,C,0,1,0,0,0,),0,1,cWW,cW-W,5.33,2.81,0.87,1.49,3.65,4.91,5.02,3.21,BI,anti,A,4.55,4.59,2.93,3.76,3.20,3.80,4.02,4.19,0.10,5.79,0.68,5.64,0.34,39.59,0.18,C3'-endo
3,33,0.16,G,G,G,0,0,1,0,0,),0,1,cWW,cW-W,5.16,3.00,1.04,1.51,3.49,5.21,4.56,3.41,BI,anti,A,3.86,4.32,3.04,3.91,3.31,3.84,3.93,4.33,6.28,5.88,0.63,5.63,0.41,38.31,0.33,C3'-endo
4,34,0.21,U,U,U,0,0,0,1,0,),0,1,cWW,cW-W,4.94,3.12,0.94,1.50,3.35,5.13,4.50,3.51,BI,anti,A,4.23,4.41,2.83,3.67,3.13,3.69,3.98,4.09,6.28,5.88,0.64,5.63,0.42,38.59,0.33,C3'-endo
5,35,0.26,G,G,G,0,0,1,0,0,),0,1,cWW,cW-W,4.98,3.13,1.08,1.50,3.63,4.69,5.22,3.59,BI,anti,.,3.67,4.31,3.06,3.52,3.31,3.69,3.91,3.88,6.26,5.90,0.62,5.63,0.42,38.08,0.36,C3'-endo
6,36,0.32,G,G,G,0,0,1,0,0,.,0,1,cWW,cW-W,5.51,2.95,1.01,2.58,3.67,4.87,5.08,4.56,BI,anti,.,0.96,1.09,3.27,4.59,3.85,3.46,3.96,2.79,6.16,0.41,5.76,0.48,6.06,30.14,3.24,C3'-exo
7,37,0.37,U,U,U,0,0,0,1,0,.,,0,,,3.30,2.35,1.14,2.41,3.92,5.62,4.58,3.97,..,anti,.,2.19,1.86,0.99,5.69,1.79,4.54,1.57,3.57,5.97,0.48,5.83,0.31,6.28,27.71,2.81,C2'-endo
8,38,0.42,A,A,A,1,0,0,0,0,.,0,1,tHW,tM-W,4.28,3.39,5.26,2.61,4.77,0.98,3.78,1.12,..,syn,.,-0.47,0.46,0.83,1.27,1.53,0.58,1.51,6.02,6.05,0.47,5.78,0.40,6.17,29.29,3.03,C2'-endo
9,39,0.47,C,C,C,0,1,0,0,0,.,,0,,,1.64,2.74,1.13,2.57,4.84,5.16,5.97,4.28,..,anti,.,1.18,0.75,0.26,5.87,0.78,5.56,1.31,6.13,6.07,0.42,5.83,0.36,6.19,26.17,3.01,C2'-endo
10,40,0.53,A,A,A,1,0,0,0,0,.,0,1,tWH,tW-M,5.47,2.88,0.99,1.48,3.99,4.92,5.35,3.26,BI,anti,A,4.48,4.62,2.87,4.01,3.70,4.18,3.98,4.76,6.27,5.88,0.65,5.61,0.43,39.63,0.34,C3'-endo
11,41,0.58,U,U,U,0,0,0,1,0,.,0,1,tWH,tW-M,5.33,2.94,1.08,2.24,3.14,4.30,5.12,4.14,BI,anti,.,2.19,1.92,2.95,3.84,3.69,3.10,4.48,2.03,6.04,0.44,5.82,0.34,6.21,26.74,2.96,C2'-endo
12,42,0.63,U,U,U,0,0,0,1,0,),0,1,cWW,cW-W,3.68,3.55,0.86,2.51,3.76,3.58,0.18,4.19,..,anti,.,1.42,1.64,1.76,3.46,1.90,3.37,1.14,4.07,6.04,0.45,5.81,0.36,6.20,27.66,2.98,C2'-endo
13,43,0.68,A,A,A,1,0,0,0,0,.,0,1,tHS,tM-m,5.47,2.58,0.97,1.55,4.12,5.29,5.11,3.01,..,anti,.,4.50,4.74,3.54,4.53,3.52,4.51,4.20,5.38,0.14,5.76,0.67,5.67,0.30,38.93,0.12,C3'-endo
14,44,0.74,C,C,C,0,1,0,0,0,.,0,1,cWW,cW-W,4.97,3.13,0.85,1.47,3.76,4.87,5.17,3.51,BI,anti,A,4.34,4.66,2.62,3.77,3.15,3.83,4.57,4.22,0.04,5.86,0.63,5.66,0.37,37.27,0.27,C3'-endo
15,45,0.79,C,C,C,0,1,0,0,0,),0,1,cWW,cW-W,5.28,2.95,0.86,1.43,3.55,5.05,4.78,3.45,BI,anti,A,4.51,4.62,2.90,3.71,3.14,3.70,3.78,4.07,6.27,5.89,0.64,5.62,0.43,38.92,0.35,C3'-endo
16,46,0.84,U,U,U,0,0,0,1,0,),0,1,cWW,cW-W,5.27,3.25,0.73,1.43,3.41,5.14,4.55,3.56,BI,anti,A,4.36,4.56,2.98,3.60,3.15,3.66,3.77,4.01,0.09,5.79,0.69,5.63,0.35,40.09,0.19,C3'-endo
17,47,0.89,G,G,G,0,0,1,0,0,),0,1,cWW,cW-W,5.02,3.26,0.94,1.47,3.51,5.10,4.69,3.48,BI,anti,A,4.51,4.60,2.97,3.72,3.18,3.74,3.72,4.26,0.09,5.79,0.68,5.64,0.35,39.63,0.20,C3'-endo
18,48,0.95,C,C,C,0,1,0,0,0,),0,1,cWW,cW-W,5.08,3.22,0.86,1.50,3.56,4.99,4.85,3.33,BI,anti,A,4.71,4.59,2.95,3.72,3.16,3.78,3.96,4.22,0.08,5.81,0.67,5.64,0.36,39.43,0.22,C3'-endo
19,49,1.00,C,C,C,0,1,0,0,0,),0,1,cWW,cW-W,5.21,3.05,0.92,1.39,,,,3.45,n/a,anti,-,,,,,,,,,0.04,5.81,0.70,5.60,0.40,41.40,0.26,C3'-endo
