index_chain,old_nt_resnum,nt_position,nt_name,nt_code,nt_align_code,is_A,is_C,is_G,is_U,is_other,dbn,paired,nb_interact,pair_type_LW,pair_type_DSSR,alpha,beta,gamma,delta,epsilon,zeta,epsilon_zeta,chi,bb_type,glyco_bond,form,ssZp,Dp,eta,theta,eta_prime,theta_prime,eta_base,theta_base,v0,v1,v2,v3,v4,amplitude,phase_angle,puckering
1,1,0.05,G,G,G,0,0,1,0,0,(,0,1,cWW,cW-W,,3.66,0.82,1.44,3.14,5.03,4.39,3.57,BI,anti,A,4.30,4.36,,3.78,,3.70,,4.11,0.06,5.82,0.67,5.64,0.37,39.31,0.23,C3'-endo
2,2,0.10,C,C,C,0,1,0,0,0,(,0,1,cWW,cW-W,2.84,3.38,2.87,1.47,4.16,4.90,5.54,3.17,..,anti,A,4.74,4.83,2.89,3.70,3.08,3.76,3.77,4.28,0.27,5.67,0.72,5.71,0.19,41.13,6.23,C2'-exo
3,3,0.14,G,G,G,0,0,1,0,0,(,0,1,cWW,cW-W,5.46,2.77,0.83,1.34,3.69,5.17,4.80,3.29,BI,anti,A,4.67,4.67,2.82,3.87,3.17,3.89,4.03,4.50,6.28,5.84,0.70,5.56,0.46,42.52,0.33,C3'-endo
4,4,0.19,U,U,U,0,0,0,1,0,.,0,1,cWW,cW-W,5.21,3.15,0.94,1.45,3.34,5.02,4.60,3.40,BI,anti,A,4.58,4.45,3.01,3.48,3.34,3.48,4.28,3.75,6.27,5.90,0.61,5.65,0.41,36.97,0.34,C3'-endo
5,5,0.24,C,C,C,0,1,0,0,0,(,0,1,cWW,cW-W,5.01,3.11,0.98,1.42,3.69,5.05,4.92,3.42,BI,anti,A,4.51,4.69,2.96,3.78,3.11,3.79,3.57,4.24,0.07,5.77,0.73,5.57,0.40,43.14,0.23,C3'-endo
6,6,0.29,A,A,A,1,0,0,0,0,.,,0,,,5.17,3.00,0.94,1.41,3.77,5.04,5.01,3.44,BI,anti,A,4.49,4.68,2.95,3.84,3.19,3.89,3.90,4.59,0.02,5.82,0.71,5.57,0.44,42.29,0.30,C3'-endo
7,7,0.33,C,C,C,0,1,0,0,0,(,0,1,cWW,cW-W,5.20,3.00,0.87,1.38,3.99,4.76,5.51,3.38,BI,anti,A,4.64,4.79,2.94,3.78,3.20,3.85,4.16,4.28,0.05,5.81,0.70,5.59,0.41,41.43,0.26,C3'-endo
8,8,0.38,A,A,A,1,0,0,0,0,(,0,1,cWW,cW-W,5.39,2.73,0.89,1.42,3.63,4.87,5.04,3.43,BI,anti,A,4.52,4.54,2.90,3.66,3.16,3.64,3.83,4.10,6.22,5.91,0.65,5.59,0.48,40.33,0.41,C3'-endo
9,9,0.43,C,C,C,0,1,0,0,0,(,0,1,cWW,cW-W,5.12,2.92,0.95,1.48,3.59,4.98,4.89,3.44,BI,anti,A,4.45,4.52,2.86,3.74,3.09,3.69,3.82,4.11,6.24,5.90,0.64,5.60,0.46,39.48,0.39,C3'-endo
10,10,0.48,C,C,C,0,1,0,0,0,(,0,1,cWW,cW-W,4.86,3.08,1.12,1.45,3.80,4.92,5.17,3.39,BI,anti,A,4.50,4.69,2.91,3.73,3.10,3.73,3.79,4.04,0.05,5.79,0.72,5.58,0.42,42.77,0.26,C3'-endo
11,11,0.52,G,G,G,0,0,1,0,0,(,0,1,cWW,cW-W,5.14,2.84,1.05,1.34,3.68,4.87,5.10,3.35,BI,anti,A,4.55,4.66,2.88,3.59,3.15,3.59,3.75,4.09,6.26,5.81,0.76,5.50,0.51,46.17,0.35,C3'-endo
12,12,0.57,G,G,G,0,0,1,0,0,(,0,1,cWW,cW-W,5.30,2.82,1.00,1.40,3.81,4.94,5.15,3.31,BI,anti,A,4.63,4.69,3.03,3.82,3.23,3.82,3.97,4.35,0.02,5.81,0.71,5.57,0.44,42.54,0.29,C3'-endo
13,13,0.62,U,U,U,0,0,0,1,0,(,0,1,cWW,cW-W,5.30,2.92,0.81,1.40,3.45,5.08,4.66,3.38,BI,anti,A,4.59,4.61,2.83,3.64,3.12,3.66,4.01,4.04,0.01,5.82,0.72,5.55,0.45,43.07,0.31,C3'-endo
14,14,0.67,G,G,G,0,0,1,0,0,(,0,1,cWW,cW-W,5.11,3.25,0.86,1.47,3.45,5.20,4.53,3.55,BI,anti,.,4.28,4.53,3.01,3.59,3.19,3.31,3.77,2.96,0.07,5.81,0.67,5.63,0.37,39.30,0.23,C3'-endo
15,15,0.71,A,A,A,1,0,0,0,0,.,,0,,,4.64,4.69,4.81,1.50,3.11,4.72,4.67,3.99,BI,anti,B,3.30,4.20,1.77,2.55,1.40,3.01,0.98,3.81,0.08,5.82,0.63,5.67,0.34,37.12,0.20,C3'-endo
16,16,0.76,A,A,A,1,0,0,0,0,.,,0,,,3.08,4.17,2.38,1.41,4.55,5.14,5.70,3.89,..,anti,.,2.46,4.46,3.03,4.66,3.28,4.71,4.00,5.10,6.19,5.94,0.63,5.59,0.50,39.94,0.45,C3'-endo
17,17,0.81,G,G,G,0,0,1,0,0,(,0,1,cWW,cW-W,5.35,3.33,1.05,1.50,3.87,4.98,5.17,2.91,BI,anti,.,4.70,4.79,3.21,3.94,3.73,4.02,4.34,4.23,0.26,5.62,0.80,5.62,0.25,45.68,6.28,C2'-exo
18,18,0.86,U,U,U,0,0,0,1,0,.,0,1,cWW,cW-W,5.30,3.39,0.93,1.47,3.75,4.94,5.09,3.33,BI,anti,A,4.39,4.60,3.33,3.78,3.48,3.84,3.85,4.56,0.04,5.84,0.66,5.63,0.39,39.00,0.27,C3'-endo
19,19,0.90,C,C,C,0,1,0,0,0,(,0,1,cWW,cW-W,5.26,2.78,0.93,1.42,3.49,5.16,4.61,3.55,BI,anti,A,4.37,4.59,2.82,3.77,3.16,3.73,4.19,3.99,6.28,5.85,0.68,5.59,0.44,41.09,0.32,C3'-endo
20,20,0.95,G,G,G,0,0,1,0,0,(,0,1,cWW,cW-W,5.05,3.32,0.86,1.41,3.26,4.91,4.64,3.52,BI,anti,A,4.23,4.37,2.97,3.82,3.17,3.74,3.69,4.24,6.24,5.89,0.65,5.59,0.47,40.23,0.39,C3'-endo
21,21,1.00,C,C,C,0,1,0,0,0,(,0,1,cWW,cW-W,2.86,3.58,2.87,1.47,,,,3.18,..,anti,-,,,,,,,,,0.10,5.83,0.62,5.71,0.30,35.80,0.17,C3'-endo
