index_chain,old_nt_resnum,nt_position,nt_name,nt_code,nt_align_code,is_A,is_C,is_G,is_U,is_other,dbn,paired,nb_interact,pair_type_LW,pair_type_DSSR,alpha,beta,gamma,delta,epsilon,zeta,epsilon_zeta,chi,bb_type,glyco_bond,form,ssZp,Dp,eta,theta,eta_prime,theta_prime,eta_base,theta_base,v0,v1,v2,v3,v4,amplitude,phase_angle,puckering
1,1,0.07,U,U,U,0,0,0,1,0,.,,0,,,,3.37,1.23,2.56,4.72,2.29,2.43,3.98,BII,anti,.,0.28,0.28,,2.48,,2.43,,2.74,5.79,0.73,5.60,0.42,0.05,42.17,2.76,C2'-endo
2,2,0.14,U,U,U,0,0,0,1,0,.,,0,,,4.45,3.33,0.92,2.76,5.13,3.39,1.74,4.20,BII,anti,.,0.28,0.25,3.66,3.77,3.79,3.65,3.75,4.45,5.95,0.67,5.56,0.55,6.14,42.01,3.00,C2'-endo
3,3,0.21,U,U,U,0,0,0,1,0,.,,0,,,4.05,2.64,1.67,1.43,4.81,3.94,0.87,4.18,..,anti,.,1.18,4.91,3.68,2.99,3.62,3.46,4.14,3.96,0.33,5.58,0.79,5.66,0.19,45.20,6.19,C2'-exo
4,4,0.29,A,A,A,1,0,0,0,0,.,,0,,,4.15,2.38,2.13,1.98,3.64,5.35,4.58,4.17,BI,anti,.,2.58,4.73,3.48,4.18,3.49,3.46,3.52,2.94,0.75,5.46,0.59,6.11,5.92,47.03,5.51,C1'-endo
5,5,0.36,C,C,C,0,1,0,0,0,.,,0,,,3.23,2.44,2.11,1.61,3.27,5.55,4.00,3.99,BI,anti,.,3.33,4.51,1.85,4.58,2.51,4.35,2.77,4.29,0.67,5.35,0.85,5.80,6.17,53.82,5.84,C2'-exo
6,6,0.43,A,A,A,1,0,0,0,0,.,,0,,,2.96,4.22,2.60,1.16,3.91,5.24,4.95,2.95,BI,anti,.,4.72,4.74,3.02,4.02,3.76,3.98,4.45,5.04,6.14,5.87,0.78,5.40,0.64,50.43,0.48,C3'-endo
7,7,0.50,G,G,G,0,0,1,0,0,.,,0,,,4.79,3.25,1.07,1.54,3.80,4.52,5.57,3.50,BI,anti,A,4.37,4.62,2.85,4.10,3.20,3.96,4.64,4.46,0.13,5.80,0.63,5.70,0.29,36.65,0.13,C3'-endo
8,8,0.57,U,U,U,0,0,0,1,0,.,,0,,,2.55,3.74,2.94,1.58,0.79,1.81,5.26,3.52,..,anti,.,2.42,2.76,3.78,3.37,3.64,3.47,4.30,3.80,0.23,5.73,0.64,5.76,0.19,36.87,6.25,C2'-exo
9,9,0.64,A,A,A,1,0,0,0,0,.,,0,,,0.54,3.79,3.25,1.53,4.12,4.74,5.67,3.19,..,anti,.,4.61,4.64,2.36,3.42,2.85,3.48,3.42,5.20,0.08,5.84,0.61,5.70,0.32,35.90,0.20,C3'-endo
10,10,0.71,U,U,U,0,0,0,1,0,.,,0,,,5.65,2.85,0.45,1.46,3.74,5.61,4.41,0.27,BI,syn,.,-4.54,4.64,2.87,4.29,3.13,4.41,5.00,4.21,0.02,5.89,0.61,5.68,0.37,36.38,0.29,C3'-endo
11,11,0.79,U,U,U,0,0,0,1,0,.,,0,,,4.89,3.19,0.92,1.51,3.62,5.29,4.61,3.47,BI,anti,A,4.47,4.69,2.83,4.02,3.42,4.07,3.62,4.56,0.21,5.70,0.74,5.66,0.27,42.27,0.04,C3'-endo
12,12,0.86,U,U,U,0,0,0,1,0,.,,0,,,4.81,2.79,1.36,1.42,4.39,4.61,6.06,3.52,..,anti,.,3.96,4.45,3.07,3.94,3.45,4.12,4.22,4.53,6.23,5.90,0.67,5.57,0.48,41.62,0.40,C3'-endo
13,13,0.93,G,G,G,0,0,1,0,0,.,,0,,,4.77,3.39,0.99,2.64,5.06,5.70,5.64,3.74,..,anti,.,0.31,0.53,3.22,6.25,3.56,4.77,3.97,4.64,6.05,0.55,5.64,0.53,6.09,36.76,3.11,C2'-endo
14,14,1.00,U,U,U,0,0,0,1,0,.,,0,,,4.83,5.10,3.98,2.60,,,,0.66,n/a,syn,-,,,,,,,,,6.00,0.58,5.64,0.50,6.14,36.84,3.03,C2'-endo
