index_chain,old_nt_resnum,nt_position,nt_name,nt_code,nt_align_code,is_A,is_C,is_G,is_U,is_other,dbn,paired,nb_interact,pair_type_LW,pair_type_DSSR,alpha,beta,gamma,delta,epsilon,zeta,epsilon_zeta,chi,bb_type,glyco_bond,form,ssZp,Dp,eta,theta,eta_prime,theta_prime,eta_base,theta_base,v0,v1,v2,v3,v4,amplitude,phase_angle,puckering
1,1,0.01,G,G,G,0,0,1,0,0,(,79,1,cWW,cW-W,,3.20,1.12,1.47,3.57,5.10,4.75,3.39,BI,anti,A,4.45,4.48,,3.79,,3.79,,4.22,0.04,5.87,0.60,5.69,0.35,35.79,0.26,C3'-endo
2,2,0.02,C,C,C,0,1,0,0,0,(,78,1,cWW,cW-W,5.12,3.23,0.80,1.43,3.58,5.06,4.81,3.87,BI,anti,A,3.65,4.55,2.93,3.69,3.14,3.75,3.79,4.25,0.05,5.85,0.62,5.68,0.35,36.63,0.24,C3'-endo
3,3,0.04,C,C,C,0,1,0,0,0,(,77,1,cWW,cW-W,5.25,2.98,0.88,1.41,3.60,5.14,4.74,3.68,BI,anti,A,4.19,4.61,2.90,3.80,3.18,3.79,3.90,4.18,0.05,5.85,0.64,5.66,0.37,37.84,0.25,C3'-endo
4,4,0.05,G,G,G,0,0,1,0,0,(,76,1,cWW,cW-W,5.17,3.26,0.74,1.39,3.57,5.03,4.83,3.56,BI,anti,A,4.45,4.64,2.88,3.62,3.08,3.70,3.73,4.14,0.06,5.84,0.64,5.66,0.36,37.85,0.24,C3'-endo
5,5,0.06,G,G,G,0,0,1,0,0,(,75,1,cWW,cW-W,5.38,2.96,0.93,1.40,3.37,5.13,4.53,3.49,BI,anti,.,4.48,4.47,3.05,4.10,3.34,3.88,4.01,4.21,0.03,5.86,0.64,5.65,0.38,37.87,0.28,C3'-endo
6,6,0.07,G,G,G,0,0,1,0,0,(,74,1,cWW,cW-W,2.62,3.33,3.26,1.44,3.44,5.16,4.56,3.23,BI,anti,A,4.55,4.54,3.03,3.30,3.26,3.45,3.99,3.93,0.10,5.82,0.64,5.68,0.32,37.16,0.18,C3'-endo
7,7,0.08,G,G,G,0,0,1,0,0,(,73,1,cWW,cW-W,3.27,2.99,2.94,2.61,4.80,5.62,5.46,3.65,..,anti,.,1.50,1.51,3.96,5.14,4.00,5.28,4.40,5.71,6.13,0.45,5.72,0.49,6.07,32.11,3.19,C3'-exo
8,8,0.10,U,U,U,0,0,0,1,0,.,"14,21",2,"tWH,tSW","tW-M,tm+W",5.40,3.53,0.92,1.48,3.87,5.38,4.78,3.64,BI,anti,.,4.09,4.64,3.17,4.02,3.87,3.84,4.11,4.15,0.04,5.86,0.63,5.66,0.37,37.23,0.27,C3'-endo
9,9,0.11,G,G,G,0,0,1,0,0,.,"12,24",2,"cWH,...","cW+M,....",3.37,1.42,3.40,1.65,2.23,1.60,0.63,1.26,..,syn,.,-1.27,1.59,3.49,4.64,3.34,4.21,3.51,3.54,6.08,0.46,5.73,0.45,6.14,31.58,3.10,C2'-endo
10,10,0.12,G,G,G,0,0,1,0,0,(,26,1,cWW,cW-W,1.61,3.71,0.93,1.45,3.60,5.03,4.86,3.18,BI,anti,A,4.61,4.51,0.39,3.69,1.36,3.79,1.31,4.30,0.01,5.87,0.62,5.65,0.39,37.39,0.31,C3'-endo
11,11,0.13,C,C,C,0,1,0,0,0,(,25,1,cWW,cW-W,5.14,3.15,0.90,1.34,3.62,4.92,4.99,3.36,BI,anti,A,4.62,4.63,2.95,3.54,3.16,3.60,3.86,3.87,0.02,5.87,0.64,5.64,0.39,38.13,0.30,C3'-endo
12,12,0.14,G,G,G,0,0,1,0,0,(,"9,24",2,"cHW,cWW","cM+W,cW-W",5.26,3.13,0.93,1.47,3.69,5.13,4.85,3.53,BI,anti,.,4.30,4.55,3.12,4.50,3.23,4.50,3.59,5.11,0.04,5.86,0.62,5.67,0.36,36.88,0.26,C3'-endo
13,13,0.16,G,G,G,0,0,1,0,0,.,"22,23",2,"cWS,tSH","cW-m,tm-M",2.34,3.84,3.38,1.49,3.51,4.99,4.80,3.11,BI,anti,.,4.37,4.49,3.12,3.37,3.68,3.33,4.86,3.42,0.10,5.82,0.64,5.68,0.32,37.26,0.18,C3'-endo
14,14,0.17,A,A,A,1,0,0,0,0,.,"8,21",2,"tHW,cWS","tM-W,cW-m",3.12,3.12,2.93,1.41,4.26,5.08,5.47,3.13,..,anti,.,4.33,4.64,3.08,3.73,3.19,3.92,3.39,4.80,0.06,5.85,0.64,5.65,0.36,37.79,0.25,C3'-endo
15,15,0.18,A,A,A,1,0,0,0,0,.,55,1,tWW,tW+W,5.39,2.81,0.93,1.49,4.04,5.02,5.30,3.74,BI,anti,.,3.62,4.29,2.97,4.38,3.40,4.28,4.44,4.67,6.21,5.95,0.59,5.64,0.45,36.91,0.43,C3'-endo
16,16,0.19,U,U,U,0,0,0,1,0,.,,0,,,3.38,3.02,2.99,1.49,4.49,3.69,0.80,4.09,..,anti,.,1.97,4.57,3.27,2.90,3.50,2.69,3.97,2.26,0.04,5.87,0.61,5.68,0.35,36.10,0.26,C3'-endo
17,17,0.20,G,G,G,0,0,1,0,0,.,,0,,,1.34,3.05,1.04,1.46,3.47,1.56,1.90,3.77,..,anti,.,4.03,4.54,5.65,0.30,5.90,5.36,0.04,3.89,0.04,5.86,0.63,5.66,0.37,37.39,0.26,C3'-endo
18,18,0.22,G,G,G,0,0,1,0,0,.,62,1,tWS,tW+m,2.29,2.52,5.31,2.34,1.36,1.42,6.22,4.25,..,anti,.,0.89,0.65,4.94,4.48,0.27,4.24,1.39,4.53,0.02,0.30,5.79,0.51,5.95,29.90,3.49,C3'-exo
19,19,0.23,G,G,G,0,0,1,0,0,[,63,1,cWW,cW-W,3.58,3.60,0.66,2.64,4.84,1.99,2.86,5.17,..,anti,.,0.32,0.19,3.10,2.62,3.72,2.70,3.98,3.35,6.03,0.56,5.65,0.51,6.12,36.53,3.07,C2'-endo
20,20,0.24,U,U,U,0,0,0,1,0,.,,0,,,1.52,2.47,5.71,2.69,4.31,5.22,5.38,4.12,..,anti,.,1.48,1.45,5.03,5.33,4.72,4.87,4.58,4.33,6.13,0.46,5.71,0.50,6.06,33.02,3.20,C3'-exo
21,20A,0.25,A,A,A,1,0,0,0,0,.,"8,14",2,"tWS,cSW","tW+m,cm-W",5.15,3.04,3.19,1.50,3.77,5.12,4.93,3.47,BI,anti,A,4.38,4.64,5.24,3.26,5.84,3.50,0.18,3.90,0.14,5.79,0.63,5.71,0.28,36.35,0.11,C3'-endo
22,21,0.27,G,G,G,0,0,1,0,0,.,"13,54",2,"cSW,tHW","cm-W,tM-W",5.25,2.95,0.96,1.53,3.40,2.75,0.65,3.96,..,anti,.,3.42,3.80,3.02,1.42,3.45,1.49,3.95,2.10,6.17,6.01,0.53,5.66,0.46,34.87,0.51,C3'-endo
23,22,0.28,A,A,A,1,0,0,0,0,.,13,1,tHS,tM-m,5.16,2.50,0.87,1.47,4.09,5.30,5.07,3.06,..,anti,.,4.50,4.65,3.12,4.48,3.17,4.46,3.01,5.43,0.06,5.85,0.62,5.69,0.34,36.20,0.23,C3'-endo
24,23,0.29,C,C,C,0,1,0,0,0,),"9,12",2,"...,cWW","....,cW-W",4.97,3.17,0.78,1.45,3.68,5.09,4.87,3.62,BI,anti,A,4.24,4.63,2.53,3.81,3.05,3.84,4.54,4.20,0.08,5.81,0.67,5.65,0.35,39.03,0.21,C3'-endo
25,24,0.30,G,G,G,0,0,1,0,0,),11,1,cWW,cW-W,5.17,2.87,1.09,1.38,3.67,4.99,4.96,3.37,BI,anti,A,4.83,4.63,2.92,3.68,3.23,3.67,3.92,4.12,6.27,5.89,0.63,5.63,0.42,38.49,0.35,C3'-endo
26,25,0.31,C,C,C,0,1,0,0,0,),10,1,cWW,cW-W,5.20,3.05,0.95,1.38,3.80,5.10,4.98,3.39,BI,anti,.,4.66,4.64,2.99,3.88,3.18,3.96,3.89,4.79,6.28,5.89,0.63,5.64,0.40,37.97,0.33,C3'-endo
27,26,0.33,G,G,G,0,0,1,0,0,(,45,1,cWW,cW-W,5.14,3.00,1.02,1.46,3.76,5.14,4.90,3.32,BI,anti,A,4.57,4.70,2.93,3.96,3.29,3.98,4.46,4.65,0.09,5.80,0.66,5.65,0.34,38.84,0.20,C3'-endo
28,27,0.34,C,C,C,0,1,0,0,0,(,44,1,cWW,cW-W,5.09,3.07,0.99,1.42,3.60,5.09,4.80,3.54,BI,anti,A,4.47,4.66,2.88,3.77,3.24,3.80,4.29,4.24,0.07,5.83,0.65,5.65,0.36,38.31,0.23,C3'-endo
29,28,0.35,A,A,A,1,0,0,0,0,(,43,1,cWW,cW-W,5.21,3.15,0.92,1.47,3.55,4.77,5.06,3.71,BI,anti,A,4.00,4.49,3.06,4.02,3.32,3.84,3.97,4.14,0.03,5.87,0.61,5.67,0.36,36.30,0.27,C3'-endo
30,29,0.36,U,U,U,0,0,0,1,0,(,42,1,cWW,cW-W,2.73,3.51,2.90,1.43,3.82,5.06,5.05,3.59,BI,anti,.,4.31,4.75,2.66,3.57,2.94,3.59,3.56,4.09,0.10,5.81,0.64,5.68,0.31,37.27,0.17,C3'-endo
31,30,0.37,G,G,G,0,0,1,0,0,(,41,1,cWW,cW-W,5.10,3.10,0.99,1.47,3.51,5.07,4.72,3.27,BI,anti,.,4.57,4.54,2.90,4.16,3.22,4.00,4.01,4.29,0.07,5.84,0.63,5.68,0.34,36.90,0.22,C3'-endo
32,31,0.39,A,A,A,1,0,0,0,0,(,40,1,cWW,cW-W,2.99,3.29,2.94,1.46,3.79,5.20,4.88,2.97,BI,anti,.,4.59,4.66,2.92,3.56,3.22,3.67,3.93,4.08,0.07,5.84,0.63,5.68,0.34,36.81,0.22,C3'-endo
33,32,0.40,C,C,C,0,1,0,0,0,.,39,1,cWW,cW-W,5.12,3.59,0.86,1.19,,,,4.12,..,anti,-,,,,,,,,,6.28,5.90,0.60,5.66,0.39,36.55,0.33,C3'-endo
34,not resolved,0.41,-,-,-,0,0,0,0,1,,,0,,,,,,,,,,,,,,,,,,,,,,,,,,,,,
35,not resolved,0.42,-,-,-,0,0,0,0,1,,,0,,,,,,,,,,,,,,,,,,,,,,,,,,,,,
36,not resolved,0.43,-,-,-,0,0,0,0,1,,,0,,,,,,,,,,,,,,,,,,,,,,,,,,,,,
37,not resolved,0.45,-,-,-,0,0,0,0,1,,,0,,,,,,,,,,,,,,,,,,,,,,,,,,,,,
38,not resolved,0.46,-,-,-,0,0,0,0,1,,,0,,,,,,,,,,,,,,,,,,,,,,,,,,,,,
39,38,0.47,A,A,A,1,0,0,0,0,.,33,1,cWW,cW-W,,3.69,3.16,1.48,3.77,5.18,4.88,4.01,BI,anti,.,3.10,4.58,,3.59,,3.66,,4.26,0.04,5.87,0.61,5.68,0.36,36.42,0.27,C3'-endo
40,39,0.48,U,U,U,0,0,0,1,0,),32,1,cWW,cW-W,5.18,3.09,0.88,1.47,3.44,4.89,4.83,3.91,BI,anti,.,3.58,4.40,2.90,4.01,3.30,3.90,4.09,4.37,0.04,5.87,0.61,5.68,0.36,36.14,0.27,C3'-endo
41,40,0.49,C,C,C,0,1,0,0,0,),31,1,cWW,cW-W,2.98,3.54,2.77,1.48,3.84,5.09,5.04,3.80,BI,anti,.,3.60,4.58,2.86,3.70,3.16,3.69,3.85,4.12,0.06,5.86,0.60,5.69,0.34,35.48,0.24,C3'-endo
42,41,0.51,A,A,A,1,0,0,0,0,),30,1,cWW,cW-W,5.01,3.15,0.84,1.46,3.53,5.11,4.70,3.66,BI,anti,A,4.12,4.50,2.73,3.74,3.05,3.77,3.73,4.27,0.03,5.87,0.61,5.67,0.37,36.67,0.29,C3'-endo
43,42,0.52,U,U,U,0,0,0,1,0,),29,1,cWW,cW-W,5.09,3.15,0.86,1.42,3.53,5.06,4.75,3.63,BI,anti,A,4.33,4.57,2.86,3.67,3.12,3.68,3.85,4.08,0.03,5.86,0.63,5.66,0.37,37.30,0.27,C3'-endo
44,43,0.53,G,G,G,0,0,1,0,0,),28,1,cWW,cW-W,5.18,3.06,0.93,1.41,3.67,5.10,4.85,3.35,BI,anti,A,4.61,4.61,2.96,3.81,3.18,3.85,3.82,4.51,0.04,5.85,0.63,5.66,0.37,37.58,0.26,C3'-endo
45,44,0.54,U,U,U,0,0,0,1,0,),27,1,cWW,cW-W,5.25,3.07,0.89,1.44,4.08,4.03,0.06,3.55,..,anti,.,4.20,4.69,3.08,3.41,3.33,3.15,4.21,3.23,0.05,5.85,0.63,5.66,0.36,37.36,0.25,C3'-endo
46,45,0.55,G,G,G,0,0,1,0,0,(,53,1,cWW,cW-W,0.98,3.32,1.05,1.50,3.71,5.05,4.94,3.16,BI,anti,A,4.60,4.61,5.48,3.87,5.52,3.91,5.27,4.31,0.09,5.83,0.63,5.69,0.32,36.66,0.19,C3'-endo
47,46,0.57,C,C,C,0,1,0,0,0,(,52,1,cWW,cW-W,5.19,3.19,0.82,1.49,3.61,5.18,4.72,3.43,BI,anti,A,4.41,4.52,2.99,3.86,3.24,3.90,3.88,4.42,0.07,5.84,0.62,5.68,0.34,36.45,0.22,C3'-endo
48,47,0.58,G,G,G,0,0,1,0,0,.,,0,,,5.03,3.24,0.82,1.42,4.00,5.22,5.06,3.59,BI,anti,.,4.29,4.72,2.89,4.60,3.13,3.84,3.86,2.98,0.03,5.86,0.63,5.65,0.38,37.71,0.28,C3'-endo
49,47A,0.59,C,C,C,0,1,0,0,0,.,,0,,,2.70,2.74,0.83,1.48,3.38,5.09,4.57,4.13,BI,anti,.,2.73,4.40,6.18,4.34,0.56,4.29,0.35,5.03,0.10,5.82,0.62,5.70,0.30,36.05,0.17,C3'-endo
50,47B,0.60,A,A,A,1,0,0,0,0,.,,0,,,3.07,3.91,2.49,1.53,4.42,3.91,0.51,3.94,..,anti,B,2.73,4.54,3.01,3.89,3.49,3.70,4.43,3.84,0.01,5.90,0.59,5.67,0.38,35.75,0.32,C3'-endo
51,47C,0.61,A,A,A,1,0,0,0,0,.,,0,,,1.77,4.38,3.22,1.48,4.59,5.23,5.65,4.12,..,anti,.,1.77,4.60,2.94,4.85,3.10,4.92,3.42,5.31,0.04,5.87,0.61,5.68,0.36,36.16,0.26,C3'-endo
52,47D,0.63,G,G,G,0,0,1,0,0,),47,1,cWW,cW-W,2.25,4.01,3.41,1.44,3.61,5.10,4.80,3.23,BI,anti,A,4.81,4.70,2.77,3.24,3.57,3.31,4.55,3.74,0.12,5.79,0.67,5.67,0.31,38.53,0.15,C3'-endo
53,47E,0.64,C,C,C,0,1,0,0,0,),46,1,cWW,cW-W,5.40,3.26,0.74,1.43,3.18,5.12,4.35,3.52,BI,anti,A,4.49,4.46,3.14,4.00,3.39,3.96,4.00,4.38,0.07,5.84,0.63,5.67,0.35,37.12,0.23,C3'-endo
54,47F,0.65,G,G,G,0,0,1,0,0,.,22,1,tWH,tW-M,2.79,3.65,2.97,1.46,4.39,4.48,6.19,2.99,..,anti,.,4.65,4.61,3.18,3.19,3.46,3.51,4.20,3.67,0.07,5.84,0.63,5.67,0.34,37.19,0.22,C3'-endo
55,48,0.66,U,U,U,0,0,0,1,0,.,15,1,tWW,tW+W,3.79,2.52,2.90,2.58,3.79,1.51,2.28,3.66,..,anti,.,2.25,1.99,3.96,0.91,3.82,0.50,3.66,4.49,6.03,0.54,5.68,0.47,6.14,34.50,3.04,C2'-endo
56,49,0.67,G,G,G,0,0,1,0,0,(,"72,0",2,"cWW,tSS","cW-W,tm+m",1.07,2.54,0.95,1.43,3.71,5.02,4.97,3.04,BI,anti,A,4.58,4.63,5.39,3.88,5.74,3.85,2.06,4.09,0.05,5.84,0.64,5.65,0.37,38.01,0.25,C3'-endo
57,50,0.69,C,C,C,0,1,0,0,0,(,71,1,cWW,cW-W,5.20,3.33,0.79,1.44,3.65,4.99,4.94,3.54,BI,anti,A,4.25,4.56,3.05,3.69,3.22,3.74,3.71,4.05,0.04,5.85,0.63,5.66,0.37,37.32,0.26,C3'-endo
58,51,0.70,G,G,G,0,0,1,0,0,(,70,1,cWW,cW-W,5.26,3.07,0.74,1.44,3.29,4.93,4.65,3.51,BI,anti,A,4.39,4.29,2.89,3.88,3.11,3.76,3.62,4.20,6.28,5.91,0.59,5.67,0.39,36.06,0.33,C3'-endo
59,52,0.71,G,G,G,0,0,1,0,0,(,69,1,cWW,cW-W,2.82,3.51,2.89,1.38,3.99,5.15,5.12,3.12,BI,anti,.,4.72,4.75,2.82,3.74,3.07,3.77,3.83,4.26,0.07,5.83,0.64,5.66,0.34,37.78,0.22,C3'-endo
60,53,0.72,G,G,G,0,0,1,0,0,(,68,1,cWW,cW-W,5.34,3.11,0.80,1.41,3.45,5.04,4.69,3.44,BI,anti,A,4.53,4.46,2.93,3.54,3.28,3.57,4.08,4.02,0.00,5.88,0.62,5.65,0.40,37.46,0.33,C3'-endo
61,54,0.73,U,U,U,0,0,0,1,0,.,65,1,tWH,tW-M,5.27,3.14,0.86,1.43,3.87,5.24,4.91,3.60,BI,anti,.,4.21,4.63,3.12,4.09,3.27,4.16,3.84,4.94,0.05,5.86,0.63,5.67,0.36,37.02,0.25,C3'-endo
62,55,0.75,U,U,U,0,0,0,1,0,.,18,1,tSW,tm+W,5.09,3.20,0.79,1.45,3.66,4.94,5.00,3.88,BI,anti,.,3.68,4.61,2.75,4.06,3.14,3.41,4.18,2.39,0.04,5.86,0.63,5.66,0.36,37.17,0.26,C3'-endo
63,56,0.76,C,C,C,0,1,0,0,0,],19,1,cWW,cW-W,3.01,3.12,0.86,1.44,3.78,5.21,4.85,3.56,BI,anti,A,4.27,4.66,0.65,4.01,0.92,4.08,0.49,4.70,0.08,5.83,0.64,5.68,0.33,37.34,0.20,C3'-endo
64,57,0.77,A,A,A,1,0,0,0,0,.,,0,,,5.11,3.08,0.94,1.47,3.91,4.93,5.26,3.46,BI,anti,.,4.33,4.55,2.94,3.75,3.29,3.99,4.18,4.21,0.01,5.89,0.60,5.67,0.38,36.23,0.31,C3'-endo
65,58,0.78,A,A,A,1,0,0,0,0,.,61,1,tHW,tM-W,5.48,3.78,0.89,2.69,4.87,3.10,1.77,4.91,BII,anti,.,-0.26,0.19,4.06,3.95,4.32,3.10,4.24,2.61,6.07,0.52,5.67,0.51,6.09,35.41,3.12,C2'-endo
66,59,0.80,G,G,G,0,0,1,0,0,.,,0,,,1.42,3.53,1.08,1.47,3.57,5.26,4.59,3.64,BI,anti,.,4.11,4.33,0.39,4.44,0.59,4.48,0.92,5.50,6.25,5.93,0.58,5.66,0.41,35.73,0.38,C3'-endo
67,60,0.81,U,U,U,0,0,0,1,0,.,,0,,,2.67,3.36,3.20,2.56,4.77,5.38,5.68,4.08,..,anti,.,0.59,1.45,3.77,4.83,4.08,4.94,5.16,5.53,6.17,0.42,5.73,0.50,6.04,31.82,3.26,C3'-exo
68,61,0.82,C,C,C,0,1,0,0,0,),60,1,cWW,cW-W,5.03,3.11,0.71,1.43,3.65,5.02,4.91,3.44,BI,anti,A,4.35,4.50,2.26,3.70,3.06,3.77,3.56,4.19,0.03,5.88,0.61,5.67,0.37,36.15,0.29,C3'-endo
69,62,0.83,C,C,C,0,1,0,0,0,),59,1,cWW,cW-W,5.18,3.30,0.73,1.42,3.56,5.09,4.75,3.70,BI,anti,A,4.11,4.60,2.95,3.65,3.10,3.70,3.66,4.05,0.06,5.85,0.63,5.67,0.35,37.11,0.24,C3'-endo
70,63,0.84,C,C,C,0,1,0,0,0,),58,1,cWW,cW-W,5.22,3.30,0.68,1.41,3.64,5.04,4.88,3.72,BI,anti,A,4.12,4.66,2.91,3.65,3.07,3.73,3.56,4.20,0.08,5.83,0.63,5.68,0.33,37.07,0.20,C3'-endo
71,64,0.86,G,G,G,0,0,1,0,0,),57,1,cWW,cW-W,5.13,3.06,0.93,1.43,3.66,5.12,4.82,3.37,BI,anti,A,4.77,4.70,2.85,3.83,3.10,3.84,3.81,4.25,0.09,5.81,0.65,5.67,0.33,38.03,0.19,C3'-endo
72,65,0.87,C,C,C,0,1,0,0,0,),56,1,cWW,cW-W,5.16,3.14,0.96,1.45,3.30,4.97,4.62,3.49,BI,anti,A,4.53,4.43,2.93,3.43,3.25,3.44,4.00,3.84,0.01,5.87,0.63,5.65,0.39,37.94,0.30,C3'-endo
73,66,0.88,C,C,C,0,1,0,0,0,),"7,0",2,"cWW,cSW","cW-W,cm-W",5.18,3.22,0.95,1.48,3.66,4.99,4.95,3.32,BI,anti,A,4.60,4.62,3.15,3.78,3.26,3.84,3.78,4.34,0.08,5.82,0.65,5.67,0.34,37.80,0.21,C3'-endo
74,67,0.89,C,C,C,0,1,0,0,0,),6,1,cWW,cW-W,5.21,2.94,0.98,1.47,3.50,4.99,4.79,3.38,BI,anti,A,4.40,4.48,2.94,3.68,3.26,3.66,4.06,3.92,0.03,5.87,0.63,5.66,0.38,37.49,0.28,C3'-endo
75,68,0.90,C,C,C,0,1,0,0,0,),5,1,cWW,cW-W,5.13,3.21,0.90,1.47,3.58,4.98,4.88,3.61,BI,anti,A,4.10,4.48,3.03,3.68,3.19,3.71,3.64,4.15,0.04,5.87,0.61,5.67,0.36,36.36,0.27,C3'-endo
76,69,0.92,C,C,C,0,1,0,0,0,),4,1,cWW,cW-W,5.20,3.04,0.89,1.46,3.55,5.14,4.69,3.69,BI,anti,A,4.08,4.53,2.95,3.79,3.17,3.78,3.81,4.18,0.05,5.86,0.61,5.68,0.35,36.29,0.25,C3'-endo
77,70,0.93,G,G,G,0,0,1,0,0,),3,1,cWW,cW-W,5.10,3.25,0.80,1.43,3.57,5.02,4.83,3.50,BI,anti,A,4.45,4.61,2.90,3.64,3.12,3.70,3.76,4.16,0.05,5.86,0.62,5.67,0.36,36.60,0.25,C3'-endo
78,71,0.94,G,G,G,0,0,1,0,0,),2,1,cWW,cW-W,5.23,3.04,0.96,1.45,3.40,5.11,4.58,3.49,BI,anti,A,4.39,4.46,3.02,4.05,3.28,3.87,3.95,4.23,0.04,5.87,0.60,5.68,0.36,35.89,0.27,C3'-endo
79,72,0.95,C,C,C,0,1,0,0,0,),1,1,cWW,cW-W,3.02,3.23,2.87,1.44,4.44,4.95,5.77,3.66,..,anti,.,3.57,4.74,3.00,4.07,3.18,3.99,3.77,4.18,0.08,5.84,0.62,5.69,0.33,36.28,0.21,C3'-endo
80,73,0.96,A,A,A,1,0,0,0,0,.,,0,,,1.20,4.29,4.61,1.52,3.73,4.02,5.99,3.53,..,anti,.,4.08,4.44,3.45,2.29,3.62,2.74,4.07,3.47,0.09,5.85,0.59,5.72,0.30,34.59,0.19,C3'-endo
81,74,0.98,C,C,C,0,1,0,0,0,.,,0,,,0.67,2.60,0.95,1.40,1.08,3.19,4.17,4.23,..,anti,.,1.27,2.27,4.98,5.95,4.98,5.37,4.55,5.63,6.27,5.93,0.56,5.70,0.37,34.00,0.35,C3'-endo
82,75,0.99,C,C,C,0,1,0,0,0,.,,0,,,4.73,2.64,0.71,1.42,0.81,4.72,2.37,3.99,..,anti,.,1.15,2.10,2.59,1.40,3.48,1.13,3.62,1.23,6.26,5.96,0.53,5.72,0.37,32.55,0.36,C3'-endo
83,76,1.00,A,A,A,1,0,0,0,0,.,,0,,,3.09,3.60,2.76,1.27,,,,4.61,n/a,anti,-,,,,,,,,,0.07,5.84,0.63,5.67,0.34,36.93,0.22,C3'-endo
