index_chain,old_nt_resnum,nt_position,nt_name,nt_code,nt_align_code,is_A,is_C,is_G,is_U,is_other,dbn,paired,nb_interact,pair_type_LW,pair_type_DSSR,alpha,beta,gamma,delta,epsilon,zeta,epsilon_zeta,chi,bb_type,glyco_bond,form,ssZp,Dp,eta,theta,eta_prime,theta_prime,eta_base,theta_base,v0,v1,v2,v3,v4,amplitude,phase_angle,puckering
1,1,0.03,G,G,G,0,0,1,0,0,(,31,1,cWW,cW-W,,3.63,3.13,1.59,3.95,4.94,5.30,3.15,BI,anti,A,4.60,4.68,,3.54,,3.58,,4.06,0.24,5.75,0.61,5.79,0.16,35.21,6.22,C2'-exo
2,2,0.06,G,G,G,0,0,1,0,0,(,30,1,cWW,cW-W,5.17,2.98,0.83,1.45,3.64,4.98,4.94,3.42,BI,anti,A,4.47,4.65,2.79,3.74,3.09,3.77,3.84,4.23,0.09,5.78,0.69,5.63,0.35,40.48,0.19,C3'-endo
3,3,0.09,C,C,C,0,1,0,0,0,(,29,1,cWW,cW-W,5.21,2.99,0.90,1.43,3.45,5.16,4.58,3.50,BI,anti,A,4.41,4.57,2.93,3.74,3.20,3.75,3.92,4.14,0.05,5.82,0.68,5.62,0.39,40.02,0.25,C3'-endo
4,4,0.12,C,C,C,0,1,0,0,0,(,28,1,cWW,cW-W,4.93,3.23,0.98,1.45,3.55,5.12,4.71,3.43,BI,anti,A,4.39,4.55,2.93,3.79,3.16,3.78,3.79,4.11,0.00,5.85,0.67,5.60,0.43,40.23,0.32,C3'-endo
5,5,0.15,C,C,C,0,1,0,0,0,(,27,1,cWW,cW-W,5.01,3.22,0.89,1.41,3.51,5.22,4.57,3.55,BI,anti,.,4.41,4.56,2.88,3.77,3.08,3.74,3.67,3.97,6.21,5.92,0.64,5.58,0.49,40.45,0.43,C3'-endo
6,6,0.18,G,G,G,0,0,1,0,0,(,26,1,cWW,cW-W,4.96,3.08,1.12,1.29,3.52,4.63,5.17,3.28,BI,anti,A,4.69,4.59,2.91,3.52,3.15,3.44,3.65,3.87,6.09,5.96,0.68,5.49,0.63,45.56,0.56,C3'-endo
7,7,0.21,G,G,G,0,0,1,0,0,(,25,1,cWW,cW-W,0.94,3.19,5.12,1.71,3.53,5.46,4.36,3.58,BI,anti,A,4.39,4.66,3.12,3.62,3.16,3.79,3.75,4.25,0.41,5.63,0.65,5.85,0.02,38.93,5.98,C2'-exo
8,8,0.24,G,G,G,0,0,1,0,0,(,24,1,cWW,cW-W,4.98,3.19,0.90,1.35,3.26,4.84,4.70,3.42,BI,anti,A,4.62,4.51,2.80,3.76,3.23,3.72,3.91,4.25,6.23,5.88,0.69,5.55,0.49,42.50,0.39,C3'-endo
9,9,0.26,G,G,G,0,0,1,0,0,(,23,1,cWW,cW-W,2.87,3.70,2.88,1.49,4.30,4.72,5.86,3.08,..,anti,.,4.67,4.76,3.06,4.13,3.28,3.89,4.07,4.15,0.13,5.78,0.66,5.68,0.30,38.16,0.13,C3'-endo
10,10,0.29,C,C,C,0,1,0,0,0,(,22,1,cWW,cW-W,1.54,3.77,4.09,1.52,3.70,5.00,4.98,3.29,BI,anti,A,4.70,4.69,2.91,2.93,3.13,3.15,3.78,3.50,0.18,5.75,0.67,5.70,0.26,38.38,0.06,C3'-endo
11,11,0.32,G,G,G,0,0,1,0,0,(,21,1,cWW,cW-W,5.01,3.08,0.98,1.38,3.48,5.20,4.57,3.40,BI,anti,A,4.54,4.61,2.82,3.74,3.05,3.78,3.51,4.35,0.04,5.79,0.73,5.56,0.44,43.59,0.28,C3'-endo
12,12,0.35,G,G,G,0,0,1,0,0,(,20,1,cWW,cW-W,5.04,3.18,1.03,1.46,3.70,5.03,4.95,3.42,BI,anti,A,4.54,4.65,3.04,3.83,3.31,3.84,4.14,4.46,0.03,5.82,0.69,5.59,0.42,41.25,0.28,C3'-endo
13,13,0.38,U,U,U,0,0,0,1,0,.,17,1,tWH,tW-M,5.20,2.93,0.93,1.39,3.78,5.18,4.88,3.49,BI,anti,A,4.37,4.68,2.92,3.97,3.18,3.99,4.10,4.55,0.03,5.82,0.69,5.60,0.41,41.19,0.28,C3'-endo
14,14,0.41,U,U,U,0,0,0,1,0,.,,0,,,5.24,3.11,0.83,1.39,3.81,4.96,5.14,3.62,BI,anti,.,4.25,4.64,2.96,4.14,3.26,3.52,4.08,2.14,6.23,5.90,0.65,5.58,0.48,40.64,0.40,C3'-endo
15,15,0.44,C,C,C,0,1,0,0,0,.,,0,,,3.03,3.14,0.75,1.47,3.67,5.28,4.68,0.74,BI,syn,.,-3.50,4.19,0.59,4.00,0.90,4.08,0.40,3.49,6.27,5.93,0.57,5.69,0.39,34.58,0.36,C3'-endo
16,16,0.47,G,G,G,0,0,1,0,0,.,,0,,,5.06,2.94,0.95,1.45,4.09,4.89,5.49,3.68,..,anti,.,3.83,4.67,2.90,3.93,3.30,4.09,3.00,4.50,0.01,5.87,0.63,5.64,0.40,37.90,0.31,C3'-endo
17,17,0.50,A,A,A,1,0,0,0,0,.,13,1,tHW,tM-W,5.18,3.52,0.98,1.40,1.27,1.52,6.03,4.57,..,anti,.,0.81,2.56,3.72,3.69,3.97,2.95,4.20,2.29,6.27,5.92,0.57,5.69,0.38,34.83,0.34,C3'-endo
18,18,0.53,U,U,U,0,0,0,1,0,.,,0,,,2.58,2.02,0.24,1.42,3.54,5.55,4.28,3.03,BI,anti,.,4.07,4.31,0.52,4.35,0.76,4.41,0.95,5.23,6.17,5.98,0.57,5.63,0.49,37.32,0.50,C3'-endo
19,19,0.56,U,U,U,0,0,0,1,0,.,,0,,,4.97,3.28,0.99,1.44,2.39,1.03,1.37,3.66,..,anti,.,2.69,3.01,3.11,5.53,3.73,5.13,4.94,5.57,6.23,6.01,0.48,5.75,0.37,30.16,0.43,C3'-endo
20,20,0.59,C,C,C,0,1,0,0,0,),12,1,cWW,cW-W,3.00,4.12,1.07,1.49,3.47,5.05,4.70,3.41,BI,anti,A,4.42,4.55,2.12,3.75,2.91,3.80,3.61,4.12,0.06,5.81,0.69,5.61,0.39,40.49,0.24,C3'-endo
21,21,0.62,C,C,C,0,1,0,0,0,),11,1,cWW,cW-W,5.06,3.28,0.92,1.45,3.55,5.09,4.74,3.58,BI,anti,.,4.15,4.52,3.04,4.27,3.21,4.06,3.70,4.42,0.04,5.84,0.65,5.64,0.39,38.70,0.27,C3'-endo
22,22,0.65,G,G,G,0,0,1,0,0,),10,1,cWW,cW-W,2.37,3.45,3.26,1.45,3.53,4.97,4.84,3.23,BI,anti,A,4.69,4.61,2.77,3.03,3.09,3.18,3.86,3.55,0.05,5.81,0.69,5.60,0.40,41.09,0.26,C3'-endo
23,23,0.68,C,C,C,0,1,0,0,0,),9,1,cWW,cW-W,5.29,3.21,0.77,1.42,3.29,4.94,4.64,3.61,BI,anti,A,4.18,4.44,3.09,3.81,3.25,3.73,3.68,4.09,0.01,5.85,0.67,5.60,0.42,40.41,0.31,C3'-endo
24,24,0.71,C,C,C,0,1,0,0,0,),8,1,cWW,cW-W,3.00,3.39,2.73,1.44,4.18,4.95,5.51,3.18,..,anti,A,4.72,4.81,2.88,3.78,3.05,3.81,3.66,4.19,0.20,5.73,0.68,5.70,0.24,38.93,0.04,C3'-endo
25,25,0.74,C,C,C,0,1,0,0,0,),7,1,cWW,cW-W,5.42,3.04,0.67,1.35,3.63,5.16,4.75,3.57,BI,anti,A,4.37,4.64,2.85,3.75,3.11,3.85,3.74,4.54,6.25,5.88,0.66,5.59,0.46,40.50,0.37,C3'-endo
26,26,0.76,U,U,U,0,0,0,1,0,),6,1,cWW,cW-W,5.28,2.92,0.96,1.39,3.55,4.72,5.11,3.52,BI,anti,.,4.39,4.54,2.98,3.35,3.33,3.35,4.27,3.47,6.25,5.88,0.66,5.59,0.46,40.42,0.37,C3'-endo
27,27,0.79,G,G,G,0,0,1,0,0,),5,1,cWW,cW-W,5.31,3.03,0.80,1.37,3.55,5.17,4.66,3.39,BI,anti,A,4.58,4.61,3.00,3.75,3.05,3.76,3.28,4.19,6.27,5.85,0.69,5.56,0.46,42.21,0.34,C3'-endo
28,28,0.82,G,G,G,0,0,1,0,0,),4,1,cWW,cW-W,5.21,3.20,0.79,1.33,3.24,4.92,4.60,3.50,BI,anti,A,4.40,4.50,2.93,3.71,3.18,3.63,3.87,4.10,6.27,5.84,0.71,5.55,0.47,43.01,0.35,C3'-endo
29,29,0.85,G,G,G,0,0,1,0,0,),3,1,cWW,cW-W,2.82,3.46,2.93,1.44,4.14,4.86,5.57,3.13,..,anti,A,4.86,4.85,2.92,3.65,3.11,3.73,3.85,4.22,0.24,5.70,0.70,5.70,0.22,40.24,6.27,C2'-exo
30,30,0.88,C,C,C,0,1,0,0,0,),2,1,cWW,cW-W,5.54,2.74,0.90,1.36,3.58,5.04,4.82,3.36,BI,anti,A,4.63,4.59,2.95,3.71,3.30,3.70,4.09,4.16,6.23,5.88,0.69,5.55,0.50,42.69,0.39,C3'-endo
31,31,0.91,C,C,C,0,1,0,0,0,),1,1,cWW,cW-W,5.23,3.11,0.92,1.43,3.54,5.03,4.80,3.49,BI,anti,A,4.25,4.51,3.05,3.67,3.27,3.67,3.96,3.87,0.03,5.84,0.66,5.62,0.40,39.61,0.28,C3'-endo
32,32,0.94,A,A,A,1,0,0,0,0,.,,0,,,5.14,3.11,0.85,1.42,3.69,5.10,4.88,3.84,BI,anti,.,3.54,4.58,2.95,3.85,3.12,3.93,3.49,4.50,6.28,5.83,0.70,5.56,0.46,42.39,0.32,C3'-endo
33,33,0.97,C,C,C,0,1,0,0,0,.,,0,,,5.20,3.09,0.85,1.46,4.09,5.23,5.14,3.61,..,anti,.,3.93,4.65,3.05,4.73,3.30,4.76,4.00,5.21,6.27,5.87,0.65,5.61,0.43,39.57,0.34,C3'-endo
34,34,1.00,C,C,C,0,1,0,0,0,.,,0,,,4.23,4.28,1.00,1.36,,,,3.72,n/a,anti,-,,,,,,,,,6.26,5.90,0.63,5.62,0.44,38.87,0.36,C3'-endo
