index_chain,old_nt_resnum,nt_position,nt_name,nt_code,nt_align_code,is_A,is_C,is_G,is_U,is_other,dbn,paired,nb_interact,pair_type_LW,pair_type_DSSR,alpha,beta,gamma,delta,epsilon,zeta,epsilon_zeta,chi,bb_type,glyco_bond,form,ssZp,Dp,eta,theta,eta_prime,theta_prime,eta_base,theta_base,v0,v1,v2,v3,v4,amplitude,phase_angle,puckering
1,0,0.04,U,U,U,0,0,0,1,0,.,,0,,,,,0.87,1.43,4.37,4.02,0.36,4.22,..,anti,.,1.39,4.92,,,,,,,0.24,5.66,0.75,5.66,0.24,42.85,6.28,C2'-exo
2,1,0.09,U,U,U,0,0,0,1,0,.,,0,,,5.24,2.65,0.95,1.53,0.87,0.95,6.20,3.87,..,anti,.,1.02,1.57,3.70,5.03,3.64,4.25,3.26,4.74,6.21,6.08,0.38,5.84,0.32,25.00,0.49,C3'-endo
3,2,0.13,G,G,G,0,0,1,0,0,(,0,1,cWW,cW-W,,,,1.47,3.83,4.76,5.36,3.16,BI,anti,A,4.48,4.58,1.47,3.89,2.50,3.87,3.10,4.31,6.28,5.90,0.59,5.67,0.38,35.91,0.33,C3'-endo
4,3,0.17,C,C,C,0,1,0,0,0,(,0,1,cWW,cW-W,5.27,2.91,0.86,1.43,3.58,5.12,4.74,3.47,BI,anti,A,4.41,4.62,2.89,3.84,3.11,3.79,3.89,4.03,0.09,5.75,0.75,5.57,0.40,43.99,0.21,C3'-endo
5,4,0.22,G,G,G,0,0,1,0,0,(,0,1,cWW,cW-W,5.27,3.13,0.77,1.37,3.36,5.05,4.59,3.50,BI,anti,.,4.38,4.52,2.92,3.87,3.15,3.66,3.72,3.63,6.26,5.86,0.69,5.56,0.47,42.28,0.36,C3'-endo
6,5,0.26,U,U,U,0,0,0,1,0,.,0,1,cWW,cW-W,2.78,3.08,3.09,1.41,3.94,5.17,5.04,3.36,BI,anti,.,4.71,4.75,2.80,3.50,2.90,3.70,3.09,4.55,0.03,5.82,0.70,5.58,0.42,41.90,0.28,C3'-endo
7,6,0.30,C,C,C,0,1,0,0,0,(,0,1,cWW,cW-W,5.33,2.99,0.89,1.46,3.60,5.02,4.86,3.33,BI,anti,A,4.58,4.61,2.94,3.78,3.40,3.81,4.55,4.26,0.01,5.87,0.64,5.62,0.41,38.82,0.31,C3'-endo
8,7,0.35,A,A,A,1,0,0,0,0,.,,0,,,5.37,3.12,0.77,1.49,3.79,5.00,5.07,3.38,BI,anti,A,4.61,4.61,3.11,3.86,3.34,3.91,4.01,4.57,0.04,5.84,0.65,5.64,0.38,38.53,0.27,C3'-endo
9,8,0.39,C,C,C,0,1,0,0,0,(,0,1,cWW,cW-W,5.18,2.91,0.96,1.39,4.04,4.57,5.76,3.56,..,anti,A,4.20,4.72,2.96,3.59,3.22,3.64,4.11,4.04,0.03,5.81,0.71,5.58,0.42,42.12,0.28,C3'-endo
10,9,0.43,A,A,A,1,0,0,0,0,(,0,1,cWW,cW-W,5.28,2.77,0.83,1.47,3.62,5.18,4.72,3.51,BI,anti,A,4.50,4.66,2.79,3.94,2.98,3.91,3.56,4.27,0.17,5.75,0.67,5.69,0.27,38.43,0.08,C3'-endo
11,10,0.48,C,C,C,0,1,0,0,0,(,0,1,cWW,cW-W,4.99,2.98,1.18,1.27,3.47,5.12,4.63,3.42,BI,anti,A,4.42,4.57,2.86,3.57,3.23,3.57,4.00,4.05,6.24,5.81,0.79,5.46,0.55,48.38,0.37,C3'-endo
12,11,0.52,C,C,C,0,1,0,0,0,(,0,1,cWW,cW-W,5.12,3.44,0.78,1.45,3.61,5.16,4.73,3.48,BI,anti,A,4.49,4.68,3.03,3.79,3.14,3.85,3.80,4.14,0.12,5.75,0.73,5.61,0.35,42.32,0.16,C3'-endo
13,12,0.57,G,G,G,0,0,1,0,0,(,0,1,cWW,cW-W,5.02,3.03,1.11,1.40,3.54,5.05,4.77,3.38,BI,anti,A,4.55,4.57,2.93,3.66,3.24,3.65,3.80,4.25,6.23,5.86,0.71,5.53,0.51,43.75,0.38,C3'-endo
14,13,0.61,G,G,G,0,0,1,0,0,(,0,1,cWW,cW-W,5.11,3.12,0.88,1.41,3.48,5.18,4.58,3.57,BI,anti,A,4.29,4.64,2.91,3.75,3.13,3.76,4.00,4.21,0.07,5.77,0.74,5.57,0.40,43.28,0.23,C3'-endo
15,14,0.65,U,U,U,0,0,0,1,0,(,0,1,cWW,cW-W,5.17,2.99,1.03,1.41,3.69,4.99,4.99,3.47,BI,anti,A,4.54,4.61,3.05,3.71,3.33,3.69,4.04,4.27,6.24,5.91,0.62,5.62,0.45,38.61,0.39,C3'-endo
16,15,0.70,G,G,G,0,0,1,0,0,(,0,1,cWW,cW-W,5.18,2.94,0.86,1.37,4.15,4.48,5.95,3.45,..,anti,.,4.38,4.79,2.95,3.27,3.11,3.11,3.89,2.75,0.07,5.81,0.67,5.64,0.37,39.41,0.22,C3'-endo
17,16,0.74,A,A,A,1,0,0,0,0,.,,0,,,5.18,3.90,4.82,1.51,3.48,5.28,4.48,3.61,BI,anti,A,4.03,4.57,1.57,2.97,1.31,3.21,1.02,3.38,0.25,5.69,0.70,5.71,0.21,40.17,6.26,C2'-exo
18,17,0.78,A,A,A,1,0,0,0,0,.,,0,,,4.66,3.23,1.25,1.47,4.31,5.31,5.29,3.93,..,anti,.,2.96,4.58,3.07,4.51,3.25,4.61,3.34,5.11,6.19,5.90,0.68,5.54,0.53,42.81,0.44,C3'-endo
19,18,0.83,G,G,G,0,0,1,0,0,(,0,1,cWW,cW-W,4.98,4.16,1.21,1.51,3.57,4.99,4.86,3.22,BI,anti,A,4.83,4.68,3.67,3.84,4.00,3.88,4.18,4.08,0.18,5.75,0.67,5.70,0.26,38.38,0.06,C3'-endo
20,19,0.87,U,U,U,0,0,0,1,0,.,0,1,cWW,cW-W,5.26,3.13,0.90,1.43,3.64,5.08,4.85,3.41,BI,anti,A,4.46,4.67,3.11,3.78,3.31,3.80,3.77,4.14,0.12,5.75,0.72,5.62,0.34,41.79,0.16,C3'-endo
21,20,0.91,C,C,C,0,1,0,0,0,(,0,1,cWW,cW-W,5.08,3.13,0.97,1.43,3.71,5.01,4.99,3.53,BI,anti,A,4.33,4.63,2.95,3.75,3.17,3.74,3.75,4.28,6.27,5.88,0.66,5.61,0.44,39.90,0.34,C3'-endo
22,21,0.96,G,G,G,0,0,1,0,0,(,0,1,cWW,cW-W,5.14,2.82,1.01,1.35,3.56,5.01,4.83,3.23,BI,anti,A,4.81,4.70,2.78,3.59,3.09,3.59,4.00,3.95,0.04,5.80,0.72,5.57,0.43,42.59,0.28,C3'-endo
23,22,1.00,C,C,C,0,1,0,0,0,(,0,1,cWW,cW-W,5.03,3.16,1.04,1.24,,,,3.18,n/a,anti,-,,,,,,,,,0.07,5.73,0.79,5.52,0.44,46.78,0.23,C3'-endo
