index_chain,old_nt_resnum,nt_position,nt_name,nt_code,nt_align_code,is_A,is_C,is_G,is_U,is_other,dbn,paired,nb_interact,pair_type_LW,pair_type_DSSR,alpha,beta,gamma,delta,epsilon,zeta,epsilon_zeta,chi,bb_type,glyco_bond,form,ssZp,Dp,eta,theta,eta_prime,theta_prime,eta_base,theta_base,v0,v1,v2,v3,v4,amplitude,phase_angle,puckering
1,25,0.05,G,G,G,0,0,1,0,0,),0,1,cWW,cW-W,,2.97,0.94,1.46,3.85,4.97,5.17,3.28,BI,anti,A,4.41,4.67,,3.91,,3.93,,4.36,0.13,5.77,0.69,5.65,0.32,40.05,0.15,C3'-endo
2,26,0.10,C,C,C,0,1,0,0,0,),0,1,cWW,cW-W,5.16,3.00,0.91,1.38,3.63,5.00,4.91,3.41,BI,anti,A,4.42,4.62,2.84,3.70,3.11,3.72,3.86,4.10,6.25,5.87,0.68,5.57,0.46,41.83,0.36,C3'-endo
3,27,0.14,G,G,G,0,0,1,0,0,),0,1,cWW,cW-W,5.34,3.16,0.67,1.39,3.12,5.51,3.90,3.64,BI,anti,.,4.14,4.39,2.95,4.00,3.15,3.76,3.75,3.74,0.03,5.82,0.70,5.59,0.42,41.54,0.28,C3'-endo
4,28,0.19,U,U,U,0,0,0,1,0,.,0,1,cWW,cW-W,2.73,2.76,3.20,1.43,3.59,5.31,4.57,3.31,BI,anti,.,4.67,4.67,2.94,3.66,3.04,3.78,3.29,4.64,0.14,5.74,0.72,5.63,0.32,41.39,0.13,C3'-endo
5,29,0.24,C,C,C,0,1,0,0,0,),0,1,cWW,cW-W,2.61,3.31,3.13,1.49,4.17,4.90,5.56,3.19,..,anti,A,4.67,4.80,2.84,3.61,3.28,3.73,4.49,4.23,0.26,5.68,0.70,5.72,0.19,40.36,6.23,C2'-exo
6,30,0.29,A,A,A,1,0,0,0,0,.,,0,,,5.46,2.71,0.93,1.37,3.81,5.02,5.07,3.25,BI,anti,A,4.57,4.54,2.94,3.85,3.28,3.88,4.00,4.64,6.16,5.94,0.65,5.55,0.54,42.17,0.48,C3'-endo
7,31,0.33,C,C,C,0,1,0,0,0,),0,1,cWW,cW-W,5.08,3.06,0.88,1.41,3.70,5.01,4.98,3.44,BI,anti,A,4.47,4.63,2.84,3.77,3.11,3.78,4.15,4.20,6.27,5.82,0.74,5.53,0.48,44.62,0.33,C3'-endo
8,32,0.38,A,A,A,1,0,0,0,0,),0,1,cWW,cW-W,5.25,3.03,0.86,1.38,3.69,4.90,5.07,3.45,BI,anti,A,4.40,4.70,2.98,3.61,3.18,3.67,3.83,4.23,0.01,5.83,0.70,5.56,0.45,42.38,0.32,C3'-endo
9,33,0.43,C,C,C,0,1,0,0,0,),0,1,cWW,cW-W,5.26,2.89,0.86,1.45,3.41,5.19,4.50,3.62,BI,anti,A,4.23,4.58,2.89,3.79,3.15,3.78,3.93,4.14,0.03,5.82,0.70,5.59,0.42,41.53,0.28,C3'-endo
10,34,0.48,C,C,C,0,1,0,0,0,),0,1,cWW,cW-W,5.01,3.15,1.00,1.36,3.55,5.05,4.78,3.56,BI,anti,.,4.20,4.56,2.98,4.12,3.23,3.89,3.86,4.21,6.24,5.86,0.70,5.55,0.49,43.14,0.38,C3'-endo
11,35,0.52,G,G,G,0,0,1,0,0,),0,1,cWW,cW-W,2.50,3.35,3.20,1.47,3.80,4.96,5.13,3.21,BI,anti,A,4.83,4.74,2.80,3.26,3.03,3.39,3.72,4.01,0.08,5.80,0.68,5.63,0.36,39.83,0.21,C3'-endo
12,36,0.57,G,G,G,0,0,1,0,0,),0,1,cWW,cW-W,5.35,2.88,0.93,1.42,3.89,5.06,5.11,3.30,BI,anti,A,4.53,4.73,3.07,3.92,3.34,3.94,4.13,4.58,0.07,5.78,0.72,5.59,0.40,42.10,0.23,C3'-endo
13,37,0.62,U,U,U,0,0,0,1,0,),0,1,cWW,cW-W,5.04,2.87,1.00,1.37,3.56,4.95,4.89,3.37,BI,anti,A,4.53,4.65,2.72,3.59,3.09,3.57,4.10,3.82,6.26,5.81,0.77,5.49,0.52,46.74,0.35,C3'-endo
14,38,0.67,G,G,G,0,0,1,0,0,),0,1,cWW,cW-W,5.35,3.08,0.77,1.41,3.91,4.35,5.84,3.51,..,anti,.,4.18,4.68,3.11,3.80,3.21,3.38,3.62,2.74,6.26,5.85,0.69,5.56,0.47,42.34,0.35,C3'-endo
15,39,0.71,A,A,A,1,0,0,0,0,.,,0,,,1.71,2.81,3.12,2.06,3.76,4.66,5.38,4.58,BI,anti,B,1.02,1.75,1.90,3.12,1.83,3.34,1.15,4.12,5.77,0.45,6.05,6.23,0.35,28.59,2.05,C1'-exo
16,40,0.76,A,A,A,1,0,0,0,0,.,,0,,,5.10,2.69,0.84,1.82,3.91,5.18,5.01,4.81,BI,anti,.,1.46,2.38,2.84,4.48,3.22,4.50,3.95,5.15,5.74,0.30,0.04,5.93,0.56,32.79,1.50,O4'-endo
17,41,0.81,G,G,G,0,0,1,0,0,),0,1,cWW,cW-W,4.84,3.49,0.92,1.50,3.68,4.82,5.15,3.17,BI,anti,A,4.76,4.62,2.95,3.68,3.43,3.75,3.90,4.05,6.26,5.85,0.71,5.55,0.47,43.09,0.35,C3'-endo
18,42,0.86,U,U,U,0,0,0,1,0,.,0,1,cWW,cW-W,5.44,2.97,0.87,1.39,3.65,4.98,4.96,3.34,BI,anti,A,4.49,4.59,3.16,3.66,3.32,3.71,3.79,4.23,6.28,5.87,0.65,5.61,0.43,39.63,0.34,C3'-endo
19,43,0.90,C,C,C,0,1,0,0,0,),0,1,cWW,cW-W,5.10,3.06,0.87,1.42,3.58,5.07,4.80,3.50,BI,anti,A,4.34,4.66,2.82,3.74,3.06,3.74,3.83,4.24,0.05,5.77,0.76,5.54,0.43,44.95,0.25,C3'-endo
20,44,0.95,G,G,G,0,0,1,0,0,),0,1,cWW,cW-W,5.25,3.04,0.91,1.37,3.76,5.08,4.96,3.42,BI,anti,A,4.35,4.72,3.03,3.85,3.24,3.90,4.00,4.44,0.09,5.75,0.75,5.57,0.40,43.98,0.21,C3'-endo
21,45,1.00,C,C,C,0,1,0,0,0,),0,1,cWW,cW-W,5.43,2.89,0.87,1.42,,,,3.50,n/a,anti,-,,,,,,,,,6.25,5.91,0.61,5.64,0.43,37.59,0.38,C3'-endo
