index_chain,old_nt_resnum,nt_position,nt_name,nt_code,nt_align_code,is_A,is_C,is_G,is_U,is_other,dbn,paired,nb_interact,pair_type_LW,pair_type_DSSR,alpha,beta,gamma,delta,epsilon,zeta,epsilon_zeta,chi,bb_type,glyco_bond,form,ssZp,Dp,eta,theta,eta_prime,theta_prime,eta_base,theta_base,v0,v1,v2,v3,v4,amplitude,phase_angle,puckering
1,2,0.05,G,G,G,0,0,1,0,0,(,0,1,cWW,cW-W,,3.57,2.72,1.48,3.80,4.94,5.14,3.15,BI,anti,A,4.59,4.64,,3.60,,3.59,,4.04,0.13,5.79,0.65,5.69,0.29,37.48,0.13,C3'-endo
2,3,0.10,C,C,C,0,1,0,0,0,(,0,1,cWW,cW-W,5.27,3.07,0.78,1.45,3.56,5.05,4.79,3.35,BI,anti,A,4.49,4.57,2.91,3.71,3.15,3.75,3.87,4.05,0.05,5.83,0.66,5.64,0.37,38.77,0.25,C3'-endo
3,4,0.14,G,G,G,0,0,1,0,0,(,0,1,cWW,cW-W,5.14,3.29,0.77,1.47,3.23,5.07,4.44,3.54,BI,anti,.,4.33,4.35,2.94,3.84,3.13,3.63,3.64,3.53,0.02,5.88,0.61,5.67,0.37,36.29,0.29,C3'-endo
4,5,0.19,U,U,U,0,0,0,1,0,.,0,1,cWW,cW-W,2.89,3.14,2.91,1.43,3.83,5.41,4.70,3.18,BI,anti,.,4.92,4.75,2.80,3.76,2.92,3.89,3.11,4.63,0.06,5.82,0.67,5.64,0.37,39.20,0.24,C3'-endo
5,6,0.24,C,C,C,0,1,0,0,0,(,0,1,cWW,cW-W,5.29,3.28,0.76,1.43,3.67,4.99,4.96,3.40,BI,anti,A,4.52,4.54,3.03,3.71,3.46,3.79,4.54,4.37,6.24,5.91,0.62,5.62,0.45,38.57,0.39,C3'-endo
6,7,0.29,A,A,A,1,0,0,0,0,.,,0,,,5.25,2.79,1.02,1.41,3.73,5.04,4.97,3.32,BI,anti,A,4.55,4.62,2.95,3.83,3.25,3.83,4.09,4.50,6.27,5.86,0.68,5.58,0.45,41.28,0.34,C3'-endo
7,8,0.33,C,C,C,0,1,0,0,0,(,0,1,cWW,cW-W,5.14,3.09,0.82,1.43,3.80,4.91,5.18,3.44,BI,anti,A,4.51,4.71,2.88,3.75,3.12,3.81,4.08,4.30,0.06,5.81,0.69,5.61,0.39,40.63,0.25,C3'-endo
8,9,0.38,A,A,A,1,0,0,0,0,(,0,1,cWW,cW-W,5.21,2.99,0.81,1.44,3.72,4.95,5.06,3.50,BI,anti,A,4.41,4.71,2.87,3.79,3.09,3.82,3.81,4.29,0.10,5.76,0.72,5.60,0.37,42.02,0.19,C3'-endo
9,10,0.43,C,C,C,0,1,0,0,0,(,0,1,cWW,cW-W,5.34,2.72,1.03,1.37,3.49,4.94,4.83,3.42,BI,anti,A,4.46,4.56,2.93,3.55,3.28,3.53,4.07,3.86,6.22,5.86,0.71,5.52,0.52,44.50,0.40,C3'-endo
10,11,0.48,C,C,C,0,1,0,0,0,(,0,1,cWW,cW-W,5.09,3.15,0.96,1.44,3.56,5.13,4.71,3.49,BI,anti,A,4.21,4.57,3.00,3.79,3.15,3.79,3.67,4.19,0.04,5.81,0.71,5.57,0.42,42.51,0.27,C3'-endo
11,12,0.52,G,G,G,0,0,1,0,0,(,0,1,cWW,cW-W,4.96,3.20,0.95,1.40,3.48,5.08,4.69,3.51,BI,anti,A,4.35,4.57,2.85,3.66,3.08,3.67,3.76,4.10,6.28,5.83,0.71,5.56,0.46,42.82,0.32,C3'-endo
12,13,0.57,G,G,G,0,0,1,0,0,(,0,1,cWW,cW-W,5.19,3.05,0.97,1.44,3.66,4.99,4.95,3.50,BI,anti,A,4.38,4.59,3.02,3.76,3.25,3.75,3.90,4.32,6.25,5.88,0.66,5.58,0.46,40.66,0.37,C3'-endo
13,14,0.62,U,U,U,0,0,0,1,0,(,0,1,cWW,cW-W,5.18,2.92,0.92,1.42,3.37,5.17,4.48,3.46,BI,anti,A,4.45,4.55,2.81,3.71,3.12,3.70,4.03,4.19,0.01,5.81,0.72,5.55,0.45,43.36,0.30,C3'-endo
14,15,0.67,G,G,G,0,0,1,0,0,(,0,1,cWW,cW-W,4.99,3.28,0.97,1.46,3.92,4.66,5.54,3.57,BI,anti,.,4.16,4.68,3.09,3.57,3.27,3.43,3.94,3.22,0.04,5.84,0.66,5.63,0.38,39.05,0.26,C3'-endo
15,16,0.71,A,A,A,1,0,0,0,0,.,,0,,,4.52,4.39,4.77,1.56,3.65,5.24,4.70,3.48,BI,anti,.,4.16,4.43,1.17,2.91,0.87,3.28,0.59,4.37,0.08,5.86,0.57,5.73,0.30,33.51,0.20,C3'-endo
16,17,0.76,A,A,A,1,0,0,0,0,.,,0,,,4.99,3.06,0.88,1.53,4.48,4.67,6.09,3.71,..,anti,.,3.43,4.63,2.99,3.98,3.31,4.36,4.40,5.21,0.06,5.85,0.61,5.68,0.35,36.17,0.24,C3'-endo
17,18,0.81,G,G,G,0,0,1,0,0,(,0,1,cWW,cW-W,5.14,4.10,1.54,1.53,3.55,5.10,4.73,3.07,BI,anti,.,4.78,4.68,4.28,4.00,4.23,3.95,3.91,4.04,0.20,5.70,0.73,5.66,0.27,41.63,0.05,C3'-endo
18,19,0.86,U,U,U,0,0,0,1,0,.,0,1,cWW,cW-W,5.17,3.32,0.91,1.46,3.57,5.11,4.74,3.40,BI,anti,A,4.49,4.63,3.16,3.78,3.35,3.83,3.80,4.30,0.10,5.78,0.70,5.62,0.36,40.99,0.19,C3'-endo
19,20,0.90,C,C,C,0,1,0,0,0,(,0,1,cWW,cW-W,5.06,3.19,0.91,1.45,3.58,4.98,4.88,3.47,BI,anti,A,4.52,4.60,2.92,3.69,3.15,3.70,3.87,4.10,0.01,5.85,0.66,5.61,0.41,39.65,0.30,C3'-endo
20,21,0.95,G,G,G,0,0,1,0,0,(,0,1,cWW,cW-W,5.19,2.96,0.93,1.42,3.60,5.15,4.74,3.30,BI,anti,A,4.68,4.62,2.90,3.84,3.14,3.83,3.81,4.36,6.25,5.88,0.67,5.58,0.47,40.96,0.37,C3'-endo
21,22,1.00,C,C,C,0,1,0,0,0,(,0,1,cWW,cW-W,5.01,3.26,0.92,1.30,,,,3.60,..,anti,-,,,,,,,,,6.27,5.86,0.67,5.59,0.44,40.82,0.34,C3'-endo
