index_chain,old_nt_resnum,nt_position,nt_name,nt_code,nt_align_code,is_A,is_C,is_G,is_U,is_other,dbn,paired,nb_interact,pair_type_LW,pair_type_DSSR,alpha,beta,gamma,delta,epsilon,zeta,epsilon_zeta,chi,bb_type,glyco_bond,form,ssZp,Dp,eta,theta,eta_prime,theta_prime,eta_base,theta_base,v0,v1,v2,v3,v4,amplitude,phase_angle,puckering
1,2,0.05,G,G,G,0,0,1,0,0,(,0,1,cWW,cW-W,,3.17,1.14,1.46,3.27,4.83,4.73,3.38,BI,anti,A,4.41,4.29,,3.85,,3.69,,4.06,6.25,5.93,0.58,5.67,0.41,35.41,0.37,C3'-endo
2,3,0.10,C,C,C,0,1,0,0,0,(,0,1,cWW,cW-W,2.75,3.52,2.88,1.40,3.98,5.05,5.21,3.32,BI,anti,A,4.61,4.79,2.77,3.71,3.00,3.74,3.71,4.18,0.17,5.73,0.72,5.65,0.29,41.23,0.09,C3'-endo
3,4,0.14,G,G,G,0,0,1,0,0,(,0,1,cWW,cW-W,5.61,3.07,0.60,1.34,3.20,4.31,5.18,3.53,BI,anti,.,4.29,4.43,3.00,3.27,3.31,2.94,4.02,2.90,0.01,5.84,0.70,5.57,0.44,41.93,0.31,C3'-endo
4,5,0.19,U,U,U,0,0,0,1,0,.,,0,,,2.65,0.97,2.60,1.43,1.54,3.37,4.45,3.82,..,anti,.,2.78,3.30,1.87,4.85,1.18,5.83,0.89,0.34,0.30,5.69,0.65,5.78,0.13,37.53,6.15,C2'-exo
5,6,0.24,C,C,C,0,1,0,0,0,(,0,1,cWW,cW-W,5.38,3.27,0.86,1.47,3.53,5.15,4.66,3.35,BI,anti,A,4.71,4.62,3.03,3.81,3.20,3.87,2.90,4.38,0.05,5.82,0.68,5.61,0.39,40.40,0.25,C3'-endo
6,7,0.29,A,A,A,1,0,0,0,0,.,,0,,,5.16,3.07,1.03,1.39,3.92,5.01,5.19,3.33,BI,anti,A,4.48,4.71,3.09,3.91,3.37,3.94,4.14,4.77,0.05,5.79,0.73,5.57,0.41,42.98,0.25,C3'-endo
7,8,0.33,C,C,C,0,1,0,0,0,(,0,1,cWW,cW-W,5.31,3.02,0.76,1.42,3.81,4.83,5.26,3.60,BI,anti,A,4.24,4.77,2.85,3.67,3.13,3.74,4.26,4.13,0.12,5.75,0.71,5.63,0.34,41.16,0.16,C3'-endo
8,9,0.38,A,A,A,1,0,0,0,0,(,0,1,cWW,cW-W,5.22,2.92,0.89,1.38,3.83,4.97,5.14,3.46,BI,anti,A,4.50,4.77,2.89,3.87,3.09,3.90,3.67,4.35,0.08,5.77,0.73,5.58,0.39,42.99,0.22,C3'-endo
9,10,0.43,C,C,C,0,1,0,0,0,(,0,1,cWW,cW-W,5.48,2.78,0.92,1.32,3.23,5.25,4.27,3.53,BI,anti,A,4.29,4.46,2.97,3.58,3.33,3.57,4.13,3.88,6.22,5.84,0.75,5.49,0.54,46.32,0.40,C3'-endo
10,11,0.48,C,C,C,0,1,0,0,0,(,0,1,cWW,cW-W,4.77,3.48,1.04,1.35,3.43,5.22,4.49,3.64,BI,anti,A,4.01,4.55,3.00,3.67,3.14,3.66,3.63,4.02,6.28,5.80,0.76,5.51,0.50,46.04,0.33,C3'-endo
11,12,0.52,G,G,G,0,0,1,0,0,(,0,1,cWW,cW-W,5.04,3.20,0.91,1.41,3.50,5.07,4.71,3.54,BI,anti,A,4.31,4.57,2.92,3.61,3.12,3.64,3.72,4.15,0.03,5.80,0.72,5.56,0.44,43.21,0.28,C3'-endo
12,13,0.57,G,G,G,0,0,1,0,0,(,0,1,cWW,cW-W,5.25,3.10,0.80,1.41,3.64,5.08,4.84,3.51,BI,anti,A,4.45,4.67,2.97,3.77,3.18,3.83,3.92,4.37,0.10,5.76,0.73,5.60,0.37,42.41,0.19,C3'-endo
13,14,0.62,U,U,U,0,0,0,1,0,(,0,1,cWW,cW-W,5.31,2.99,0.87,1.42,3.59,5.01,4.87,3.47,BI,anti,A,4.48,4.61,2.97,3.75,3.27,3.79,4.08,4.19,0.03,5.83,0.67,5.61,0.40,40.12,0.28,C3'-endo
14,15,0.67,G,G,G,0,0,1,0,0,(,0,1,cWW,cW-W,5.45,3.00,0.84,1.52,4.15,4.08,0.06,3.71,..,anti,.,3.48,4.26,3.29,3.66,3.49,3.21,4.01,2.42,6.18,6.00,0.54,5.66,0.45,35.14,0.49,C3'-endo
15,16,0.71,A,A,A,1,0,0,0,0,.,,0,,,0.50,2.87,3.09,1.34,1.00,1.88,5.40,1.55,..,syn,.,-0.18,2.64,1.39,3.57,1.12,3.99,1.10,4.90,0.10,5.83,0.62,5.70,0.31,36.30,0.18,C3'-endo
16,17,0.76,A,A,A,1,0,0,0,0,.,0,1,cHW,cM+W,5.49,2.29,0.76,1.22,4.10,4.77,5.61,6.00,..,syn,.,-4.97,4.83,3.61,4.04,4.19,4.17,4.23,3.91,6.24,5.85,0.72,5.52,0.51,44.55,0.38,C3'-endo
17,18,0.81,G,G,G,0,0,1,0,0,(,0,1,cWW,cW-W,5.87,2.33,0.79,1.29,3.86,4.55,5.60,2.94,BI,anti,.,4.66,4.71,2.97,3.59,3.42,3.65,3.54,3.85,6.22,5.87,0.71,5.52,0.52,44.20,0.40,C3'-endo
18,19,0.86,U,U,U,0,0,0,1,0,.,0,1,cWW,cW-W,5.72,2.87,0.83,1.44,3.92,5.02,5.18,3.36,BI,anti,.,4.34,4.55,3.40,4.00,3.45,4.04,3.69,5.02,6.26,5.92,0.58,5.67,0.40,35.77,0.36,C3'-endo
19,20,0.90,C,C,C,0,1,0,0,0,(,0,1,cWW,cW-W,5.33,2.79,0.75,1.35,3.72,4.87,5.14,3.58,BI,anti,A,4.31,4.73,2.71,3.62,3.08,3.65,4.42,3.74,0.06,5.79,0.72,5.58,0.41,42.29,0.25,C3'-endo
20,21,0.95,G,G,G,0,0,1,0,0,(,0,1,cWW,cW-W,5.21,3.01,0.93,1.38,3.55,4.95,4.88,3.47,BI,anti,A,4.53,4.58,2.96,3.61,3.11,3.65,3.38,4.23,6.23,5.90,0.65,5.58,0.48,40.69,0.40,C3'-endo
21,22,1.00,C,C,C,0,1,0,0,0,(,0,1,cWW,cW-W,5.33,2.78,1.08,1.36,,,,3.36,..,anti,-,,,,,,,,,0.03,5.83,0.68,5.61,0.41,40.31,0.28,C3'-endo
