index_chain,old_nt_resnum,nt_position,nt_name,nt_code,nt_align_code,is_A,is_C,is_G,is_U,is_other,dbn,paired,nb_interact,pair_type_LW,pair_type_DSSR,alpha,beta,gamma,delta,epsilon,zeta,epsilon_zeta,chi,bb_type,glyco_bond,form,ssZp,Dp,eta,theta,eta_prime,theta_prime,eta_base,theta_base,v0,v1,v2,v3,v4,amplitude,phase_angle,puckering
1,1,0.05,A,A,A,1,0,0,0,0,.,,0,,,,3.99,4.88,1.72,3.81,4.81,5.28,2.81,BI,anti,.,4.46,4.72,,3.47,,3.79,,4.80,0.44,5.62,0.63,5.89,6.25,38.63,5.92,C2'-exo
2,2,0.09,G,G,G,0,0,1,0,0,.,0,1,cWW,cW-W,3.41,3.81,2.42,1.91,4.18,4.67,5.79,3.03,..,anti,.,3.61,3.65,3.12,4.01,3.58,3.79,4.50,3.85,0.06,6.16,0.14,6.18,0.03,7.99,6.15,C2'-exo
3,3,0.14,A,A,A,1,0,0,0,0,(,0,1,cWW,cW-W,4.59,2.92,1.09,1.28,3.67,4.96,4.99,3.36,BI,anti,.,4.82,4.93,2.49,3.59,2.76,3.61,3.18,4.01,0.13,5.69,0.80,5.55,0.40,46.20,0.16,C3'-endo
4,4,0.18,C,C,C,0,1,0,0,0,(,0,1,cWW,cW-W,5.33,2.84,0.95,1.29,4.47,4.51,6.24,3.19,..,anti,A,4.74,4.95,3.23,3.80,3.38,3.89,3.96,4.25,0.25,5.59,0.84,5.56,0.31,48.43,0.03,C3'-endo
5,5,0.23,A,A,A,1,0,0,0,0,(,0,1,cWW,cW-W,5.54,2.37,1.08,1.55,3.78,4.92,5.15,3.43,BI,anti,A,4.37,4.32,3.09,3.86,3.35,3.75,3.91,4.30,6.09,6.09,0.47,5.67,0.51,33.98,0.66,C4'-exo
6,6,0.27,G,G,G,0,0,1,0,0,(,0,1,cWW,cW-W,5.25,2.82,0.52,1.25,3.37,5.20,4.45,3.43,BI,anti,A,4.53,4.64,2.50,3.54,2.82,3.61,3.80,4.25,0.02,5.76,0.79,5.49,0.50,47.49,0.29,C3'-endo
7,7,0.32,C,C,C,0,1,0,0,0,(,0,1,cWW,cW-W,4.76,3.07,1.31,1.34,3.58,5.17,4.69,3.14,BI,anti,A,4.64,4.67,2.93,3.77,3.20,3.76,4.14,4.11,0.23,5.60,0.86,5.55,0.32,49.20,0.06,C3'-endo
8,8,0.36,A,A,A,1,0,0,0,0,(,0,1,cWW,cW-W,4.98,3.50,0.81,1.44,3.80,4.60,5.48,3.41,BI,anti,A,4.73,4.91,3.03,3.59,3.14,3.69,3.71,4.02,0.12,5.75,0.71,5.62,0.35,41.30,0.17,C3'-endo
9,9,0.41,U,U,U,0,0,0,1,0,(,0,1,cWW,cW-W,5.69,2.57,0.78,1.42,3.60,4.93,4.95,3.84,BI,anti,A,3.77,4.62,3.02,3.70,3.26,3.65,3.74,4.03,6.26,5.88,0.64,5.60,0.45,39.51,0.36,C3'-endo
10,10,0.45,A,A,A,1,0,0,0,0,(,0,1,cWW,cW-W,5.08,2.85,1.00,1.46,3.82,4.18,5.92,3.39,..,anti,A,4.46,4.57,2.86,3.59,3.08,3.63,3.73,4.18,6.23,5.91,0.64,5.60,0.46,40.01,0.39,C3'-endo
11,11,0.50,U,U,U,0,0,0,1,0,(,0,1,cWW,cW-W,0.06,2.04,0.48,1.32,3.76,4.79,5.25,3.73,BI,anti,A,3.91,4.64,2.96,3.71,3.15,3.70,3.90,4.31,6.27,5.85,0.70,5.56,0.47,42.42,0.35,C3'-endo
12,12,0.55,A,A,A,1,0,0,0,0,(,0,1,cWW,cW-W,5.32,2.80,0.74,1.37,3.68,4.50,5.47,3.40,BI,anti,.,4.61,4.76,2.75,3.59,2.96,3.63,3.90,3.78,0.21,5.62,0.84,5.54,0.34,48.54,0.08,C3'-endo
13,13,0.59,U,U,U,0,0,0,1,0,(,0,1,cWW,cW-W,6.04,2.32,0.95,1.33,3.61,5.05,4.85,3.15,BI,anti,A,4.43,4.45,3.30,3.79,3.51,3.74,3.85,4.11,6.22,5.89,0.69,5.54,0.51,43.20,0.41,C3'-endo
14,14,0.64,G,G,G,0,0,1,0,0,(,0,1,cWW,cW-W,4.58,3.28,1.12,1.39,3.75,4.90,5.13,3.41,BI,anti,A,4.40,4.57,2.74,3.59,2.93,3.64,3.59,3.89,0.21,5.66,0.80,5.59,0.31,46.17,0.07,C3'-endo
15,15,0.68,C,C,C,0,1,0,0,0,(,0,1,cWW,cW-W,5.28,2.98,1.05,1.52,3.46,5.12,4.62,3.55,BI,anti,A,4.20,4.37,3.06,3.78,3.28,3.74,3.71,4.23,0.02,5.88,0.62,5.66,0.39,37.25,0.30,C3'-endo
16,16,0.73,U,U,U,0,0,0,1,0,(,0,1,cWW,cW-W,4.55,3.11,1.49,1.33,3.89,4.94,5.24,3.24,BI,anti,A,4.64,4.69,2.88,3.73,3.13,3.75,3.93,4.19,0.05,5.73,0.82,5.47,0.48,48.82,0.27,C3'-endo
17,17,0.77,G,G,G,0,0,1,0,0,(,0,1,cWW,cW-W,5.27,3.12,0.83,1.48,3.61,5.00,4.90,3.44,BI,anti,A,4.52,4.64,2.99,3.70,3.20,3.68,3.87,4.25,0.02,5.79,0.74,5.54,0.46,44.39,0.29,C3'-endo
18,18,0.82,U,U,U,0,0,0,1,0,(,0,1,cWW,cW-W,5.07,2.81,1.03,1.40,4.23,4.49,6.02,3.33,..,anti,A,4.56,4.80,3.00,3.69,3.18,3.70,3.98,4.19,0.04,5.81,0.71,5.57,0.43,42.54,0.28,C3'-endo
19,19,0.86,C,C,C,0,1,0,0,0,(,0,1,cWW,cW-W,5.55,2.33,0.85,1.36,3.60,5.18,4.70,3.31,BI,anti,A,4.66,4.69,2.72,3.79,2.99,3.74,3.82,4.26,0.06,5.76,0.77,5.54,0.44,45.53,0.25,C3'-endo
20,20,0.91,U,U,U,0,0,0,1,0,(,0,1,cWW,cW-W,5.20,3.37,0.74,1.37,3.28,1.55,1.73,3.58,..,anti,.,4.30,4.50,3.01,6.01,3.24,5.24,4.09,4.86,0.28,5.54,0.88,5.53,0.30,50.64,0.01,C3'-endo
21,21,0.95,U,U,U,0,0,0,1,0,.,,0,,,2.92,2.56,0.50,2.74,4.64,4.57,0.07,4.14,..,anti,.,0.60,0.75,0.75,5.29,2.13,4.32,2.53,3.78,5.77,0.77,5.55,0.47,0.02,45.02,2.79,C2'-endo
22,22,1.00,U,U,U,0,0,0,1,0,.,,0,,,5.83,3.58,1.73,2.13,,,,3.74,..,anti,-,,,,,,,,,5.95,0.29,6.13,6.25,0.23,18.66,2.06,C1'-exo
