index_chain,old_nt_resnum,nt_position,nt_name,nt_code,nt_align_code,is_A,is_C,is_G,is_U,is_other,dbn,paired,nb_interact,pair_type_LW,pair_type_DSSR,alpha,beta,gamma,delta,epsilon,zeta,epsilon_zeta,chi,bb_type,glyco_bond,form,ssZp,Dp,eta,theta,eta_prime,theta_prime,eta_base,theta_base,v0,v1,v2,v3,v4,amplitude,phase_angle,puckering
1,1,0.04,A,A,A,1,0,0,0,0,(,0,1,cWW,cW-W,,4.12,1.58,1.43,3.43,4.78,4.94,3.95,BI,anti,A,3.91,4.62,,3.58,,3.52,,3.67,0.08,5.81,0.64,5.67,0.34,37.54,0.20,C3'-endo
2,2,0.08,G,G,G,0,0,1,0,0,(,0,1,cWW,cW-W,5.32,2.83,0.91,1.43,2.92,4.88,4.32,3.38,BI,anti,A,4.57,4.16,2.95,3.87,3.20,3.87,3.62,4.37,6.19,5.97,0.58,5.63,0.47,37.35,0.47,C3'-endo
3,3,0.12,A,A,A,1,0,0,0,0,(,0,1,cWW,cW-W,3.36,4.56,1.65,1.35,3.45,4.93,4.80,3.52,BI,anti,A,4.50,4.36,2.76,3.79,3.01,3.73,3.78,4.31,6.03,6.05,0.60,5.52,0.64,43.28,0.66,C4'-exo
4,4,0.15,C,C,C,0,1,0,0,0,(,0,1,cWW,cW-W,5.12,3.16,0.91,1.54,3.49,4.99,4.78,3.30,BI,anti,.,4.39,4.39,3.01,3.65,3.18,3.63,4.05,3.68,0.08,5.85,0.60,5.71,0.31,35.33,0.20,C3'-endo
5,5,0.19,A,A,A,1,0,0,0,0,(,0,1,cWW,cW-W,4.76,3.05,1.34,1.40,3.09,4.91,4.46,3.23,BI,anti,A,4.21,4.25,2.89,3.57,3.17,3.57,3.50,4.21,6.19,5.91,0.68,5.53,0.54,43.18,0.45,C3'-endo
6,6,0.23,G,G,G,0,0,1,0,0,(,0,1,cWW,cW-W,3.92,3.92,1.62,1.37,3.68,5.01,4.95,3.34,BI,anti,A,4.60,4.67,2.88,3.81,2.99,3.83,3.83,4.12,0.16,5.70,0.77,5.59,0.34,44.37,0.12,C3'-endo
7,7,0.27,C,C,C,0,1,0,0,0,(,0,1,cWW,cW-W,5.06,3.15,1.08,1.42,3.46,5.20,4.55,3.68,BI,anti,A,4.24,4.65,2.98,3.75,3.23,3.72,3.83,4.05,0.05,5.81,0.67,5.62,0.39,39.82,0.25,C3'-endo
8,8,0.31,A,A,A,1,0,0,0,0,(,0,1,cWW,cW-W,5.02,3.60,0.73,1.35,2.91,5.39,3.81,3.98,BI,anti,A,3.59,4.49,3.00,3.60,3.15,3.64,3.69,4.02,0.17,5.65,0.81,5.55,0.37,46.58,0.12,C3'-endo
9,9,0.35,U,U,U,0,0,0,1,0,(,0,1,cWW,cW-W,4.17,3.65,1.29,1.25,3.04,5.58,3.75,3.36,BI,anti,A,4.48,4.50,2.87,3.83,3.11,3.80,3.70,4.34,0.00,5.74,0.84,5.44,0.55,50.68,0.32,C3'-endo
10,10,0.38,G,G,G,0,0,1,0,0,(,0,1,cWW,cW-W,4.48,3.56,0.89,1.29,2.91,5.36,3.84,3.63,BI,anti,.,4.31,4.59,2.77,3.77,3.03,3.77,3.94,4.29,0.15,5.65,0.84,5.51,0.39,48.38,0.15,C3'-endo
11,11,0.42,C,C,C,0,1,0,0,0,(,0,1,cWW,cW-W,3.55,3.79,1.99,1.38,3.32,5.16,4.44,3.51,BI,anti,A,4.54,4.63,2.87,3.69,3.21,3.63,4.03,4.18,6.13,6.00,0.58,5.60,0.54,39.17,0.55,C3'-endo
12,12,0.46,A,A,A,1,0,0,0,0,(,0,1,cWW,cW-W,4.67,3.46,1.01,1.39,3.99,4.59,5.68,3.50,..,anti,A,4.49,4.89,2.93,3.53,3.04,3.60,3.80,3.97,0.22,5.70,0.70,5.68,0.24,39.98,0.02,C3'-endo
13,13,0.50,U,U,U,0,0,0,1,0,(,0,1,cWW,cW-W,5.37,2.33,1.20,1.36,4.21,4.68,5.81,3.20,..,anti,A,4.54,4.62,2.97,3.78,3.17,3.74,3.75,4.17,0.20,5.72,0.72,5.66,0.25,41.17,0.05,C3'-endo
14,14,0.54,G,G,G,0,0,1,0,0,(,0,1,cWW,cW-W,5.36,2.71,1.02,1.42,3.89,4.85,5.32,3.39,BI,anti,A,4.61,4.79,2.99,3.71,3.15,3.75,3.83,4.28,0.24,5.66,0.73,5.67,0.24,41.98,6.28,C2'-exo
15,15,0.58,C,C,C,0,1,0,0,0,(,0,1,cWW,cW-W,5.19,2.66,0.95,1.34,3.86,4.82,5.32,3.43,BI,anti,A,4.51,4.72,2.82,3.68,3.11,3.65,3.94,4.07,0.13,5.71,0.77,5.58,0.36,44.55,0.15,C3'-endo
16,16,0.62,A,A,A,1,0,0,0,0,(,0,1,cWW,cW-W,5.42,2.85,0.85,1.46,3.40,5.16,4.53,3.36,BI,anti,.,4.61,4.63,2.96,3.69,3.18,3.69,3.92,3.83,0.19,5.70,0.74,5.65,0.28,42.41,0.06,C3'-endo
17,17,0.65,U,U,U,0,0,0,1,0,(,0,1,cWW,cW-W,4.93,3.30,1.16,1.41,3.37,5.03,4.62,3.35,BI,anti,A,4.37,4.40,3.12,3.59,3.34,3.61,3.71,3.96,6.21,5.88,0.70,5.54,0.52,43.58,0.41,C3'-endo
18,18,0.69,G,G,G,0,0,1,0,0,(,0,1,cWW,cW-W,4.64,3.21,1.25,1.34,3.82,4.75,5.35,3.36,BI,anti,A,4.41,4.56,2.84,3.65,3.02,3.69,3.61,4.09,0.07,5.73,0.82,5.49,0.45,48.54,0.24,C3'-endo
19,19,0.73,C,C,C,0,1,0,0,0,(,0,1,cWW,cW-W,5.28,2.94,1.07,1.41,3.43,5.14,4.57,3.45,BI,anti,A,4.40,4.50,2.98,3.84,3.21,3.81,3.84,4.32,6.23,5.83,0.75,5.50,0.53,46.22,0.38,C3'-endo
20,20,0.77,U,U,U,0,0,0,1,0,(,0,1,cWW,cW-W,4.81,3.14,1.18,1.51,3.64,5.05,4.88,3.33,BI,anti,A,4.50,4.51,2.95,3.79,3.22,3.69,4.05,3.95,6.21,5.93,0.62,5.62,0.47,38.84,0.42,C3'-endo
21,21,0.81,G,G,G,0,0,1,0,0,(,0,1,cWW,cW-W,4.85,2.98,1.15,1.31,3.83,4.90,5.22,3.29,BI,anti,A,4.65,4.76,2.86,3.56,3.03,3.63,3.58,4.43,6.15,5.89,0.74,5.46,0.61,47.86,0.47,C3'-endo
22,22,0.85,U,U,U,0,0,0,1,0,(,0,1,cWW,cW-W,5.39,2.91,0.85,1.39,4.08,4.71,5.65,3.51,..,anti,A,4.29,4.78,3.06,3.71,3.27,3.72,4.24,4.03,0.23,5.64,0.82,5.59,0.30,47.07,0.05,C3'-endo
23,23,0.88,C,C,C,0,1,0,0,0,(,0,1,cWW,cW-W,5.37,2.50,0.91,1.36,3.57,5.18,4.67,3.19,BI,anti,A,4.84,4.77,2.74,3.84,3.01,3.79,3.65,4.26,0.03,5.74,0.82,5.47,0.50,48.72,0.29,C3'-endo
24,24,0.92,U,U,U,0,0,0,1,0,(,0,1,cWW,cW-W,5.25,3.13,0.76,1.43,3.36,1.41,1.95,3.48,..,anti,.,4.34,4.45,3.02,6.00,3.29,5.19,4.13,4.89,0.05,5.77,0.75,5.53,0.43,44.33,0.26,C3'-endo
25,25,0.96,U,U,U,0,0,0,1,0,.,,0,,,2.97,2.21,0.73,2.42,4.49,4.30,0.19,3.83,..,anti,.,1.11,1.09,0.76,5.26,2.04,4.29,2.52,3.06,5.78,0.69,5.66,0.36,0.08,39.61,2.70,C2'-endo
26,26,1.00,U,U,U,0,0,0,1,0,.,,0,,,1.94,2.82,6.14,1.47,,,,0.46,..,syn,-,,,,,,,,,0.09,5.79,0.70,5.64,0.35,40.65,0.19,C3'-endo
