index_chain,old_nt_resnum,nt_position,nt_name,nt_code,nt_align_code,is_A,is_C,is_G,is_U,is_other,dbn,paired,nb_interact,pair_type_LW,pair_type_DSSR,alpha,beta,gamma,delta,epsilon,zeta,epsilon_zeta,chi,bb_type,glyco_bond,form,ssZp,Dp,eta,theta,eta_prime,theta_prime,eta_base,theta_base,v0,v1,v2,v3,v4,amplitude,phase_angle,puckering
1,1,0.04,C,C,C,0,1,0,0,0,(,23,1,cWW,cW-W,,,0.60,1.40,3.92,4.75,5.45,3.60,BI,anti,A,4.19,4.72,,,,,,,0.05,5.81,0.69,5.60,0.40,40.96,0.25,C3'-endo
2,2,0.09,U,U,U,0,0,0,1,0,(,22,1,cWW,cW-W,5.13,2.69,1.06,1.45,3.63,5.14,4.77,3.35,BI,anti,A,4.48,4.66,2.80,3.93,3.05,3.86,3.75,4.37,0.04,5.82,0.69,5.60,0.40,40.78,0.27,C3'-endo
3,3,0.13,5BU,u,U,0,0,0,0,1,(,21,1,cWW,cW-W,5.12,3.02,0.89,1.35,3.69,4.86,5.11,3.51,BI,anti,A,4.43,4.70,2.86,3.58,3.15,3.64,4.05,4.08,0.11,5.74,0.74,5.57,0.38,43.45,0.19,C3'-endo
4,4,0.17,G,G,G,0,0,1,0,0,(,20,1,cWW,cW-W,5.36,2.96,0.77,1.40,3.63,4.98,4.93,3.53,BI,anti,A,4.37,4.64,2.93,3.71,3.10,3.71,3.73,4.15,0.05,5.82,0.68,5.61,0.39,40.48,0.25,C3'-endo
5,5,0.22,C,C,C,0,1,0,0,0,(,19,1,cWW,cW-W,5.24,2.96,0.95,1.44,3.54,5.09,4.73,3.45,BI,anti,A,4.56,4.63,2.92,3.76,3.16,3.75,3.88,4.18,0.03,5.83,0.68,5.60,0.41,40.35,0.29,C3'-endo
6,6,0.26,U,U,U,0,0,0,1,0,(,18,1,cWW,cW-W,5.04,3.10,1.02,1.43,3.47,5.04,4.71,3.29,BI,anti,A,4.62,4.58,2.93,3.64,3.20,3.66,3.96,4.10,0.02,5.84,0.67,5.60,0.42,40.39,0.30,C3'-endo
7,7,0.30,G,G,G,0,0,1,0,0,(,17,1,cWW,cW-W,5.18,3.16,0.92,1.49,3.39,0.92,2.47,3.56,..,anti,.,4.16,4.45,3.06,0.11,3.29,6.08,3.93,4.58,0.08,5.83,0.63,5.68,0.33,36.76,0.20,C3'-endo
8,8,0.35,A,A,A,1,0,0,0,0,.,,0,,,1.13,2.14,6.03,1.54,3.39,5.21,4.46,3.58,BI,anti,.,4.30,4.42,3.84,3.82,4.50,4.03,6.16,4.77,0.06,5.85,0.62,5.68,0.35,36.46,0.24,C3'-endo
9,9,0.39,A,A,A,1,0,0,0,0,.,,0,,,4.99,3.20,1.22,2.77,4.83,1.42,3.41,4.14,..,anti,.,1.15,0.57,3.38,2.59,4.10,1.80,4.82,1.40,5.93,0.64,5.61,0.49,6.20,39.36,2.94,C2'-endo
10,10,0.43,G,G,G,0,0,1,0,0,[,0,1,cWW,cW-W,0.96,2.51,0.87,1.51,3.93,4.86,5.36,3.00,BI,anti,A,4.72,4.74,5.54,4.03,5.42,4.01,5.93,4.20,0.13,5.77,0.69,5.65,0.32,39.74,0.14,C3'-endo
11,11,0.48,U,U,U,0,0,0,1,0,[,0,1,cWW,cW-W,5.42,3.07,0.74,1.39,3.65,4.90,5.04,3.44,BI,anti,A,4.35,4.65,2.99,3.64,3.21,3.67,3.78,4.05,0.03,5.81,0.72,5.57,0.43,42.80,0.28,C3'-endo
12,12,0.52,G,G,G,0,0,1,0,0,[,0,1,cWW,cW-W,5.49,2.97,0.74,1.35,3.63,5.05,4.86,3.48,BI,anti,A,4.38,4.66,3.04,3.66,3.19,3.71,3.74,4.24,0.02,5.82,0.70,5.57,0.44,41.94,0.30,C3'-endo
13,13,0.57,C,C,C,0,1,0,0,0,[,0,1,cWW,cW-W,5.15,2.97,0.90,1.41,3.44,5.14,4.58,3.60,BI,anti,A,4.32,4.56,2.84,3.70,3.11,3.69,3.90,4.10,0.02,5.81,0.73,5.55,0.45,43.41,0.29,C3'-endo
14,14,0.61,A,A,A,1,0,0,0,0,[,0,1,cWW,cW-W,4.91,3.14,1.06,1.41,3.88,4.93,5.23,3.36,BI,anti,A,4.62,4.73,2.93,3.85,3.13,3.85,3.80,4.29,6.27,5.86,0.68,5.58,0.45,41.31,0.34,C3'-endo
15,15,0.65,C,C,C,0,1,0,0,0,[,0,1,cWW,cW-W,5.27,2.78,0.99,1.29,3.67,4.88,5.07,3.38,BI,anti,A,4.65,4.71,2.80,3.55,3.09,3.58,3.87,4.06,6.21,5.86,0.73,5.50,0.53,45.27,0.41,C3'-endo
16,16,0.70,A,A,A,1,0,0,0,0,.,,0,,,5.29,3.00,0.94,1.44,3.74,5.12,4.90,3.38,BI,anti,A,4.59,4.69,3.07,3.94,3.25,3.97,3.91,4.68,0.06,5.79,0.71,5.59,0.40,41.85,0.24,C3'-endo
17,17,0.74,C,C,C,0,1,0,0,0,),7,1,cWW,cW-W,5.13,3.08,0.86,1.40,3.70,5.01,4.97,3.49,BI,anti,A,4.44,4.70,2.83,3.76,3.14,3.82,4.20,4.30,0.05,5.80,0.71,5.58,0.41,41.91,0.26,C3'-endo
18,18,0.78,A,A,A,1,0,0,0,0,),6,1,cWW,cW-W,5.15,3.08,0.97,1.44,3.46,5.02,4.72,3.45,BI,anti,A,4.38,4.55,2.94,3.62,3.20,3.62,3.94,4.05,6.28,5.85,0.68,5.59,0.44,41.02,0.32,C3'-endo
19,19,0.83,G,G,G,0,0,1,0,0,),5,1,cWW,cW-W,5.11,3.17,0.87,1.42,3.60,5.11,4.77,3.49,BI,anti,A,4.40,4.62,2.97,3.77,3.13,3.81,3.76,4.31,0.07,5.82,0.66,5.65,0.35,38.65,0.22,C3'-endo
20,20,0.87,C,C,C,0,1,0,0,0,),4,1,cWW,cW-W,5.22,3.05,0.88,1.38,3.24,4.91,4.62,3.53,BI,anti,A,4.31,4.47,2.93,3.85,3.23,3.76,4.01,4.13,0.04,5.82,0.68,5.60,0.40,40.63,0.27,C3'-endo
21,21,0.91,A,A,A,1,0,0,0,0,),3,1,cWW,cW-W,2.88,3.68,2.77,1.45,4.11,4.69,5.71,3.12,..,anti,A,4.45,4.73,2.91,3.61,3.18,3.63,3.87,4.02,0.10,5.80,0.66,5.66,0.32,38.48,0.18,C3'-endo
22,22,0.96,A,A,A,1,0,0,0,0,),2,1,cWW,cW-W,5.46,2.81,0.78,1.39,3.68,5.07,4.89,3.47,BI,anti,A,4.30,4.62,2.94,3.80,3.15,3.82,3.74,4.43,6.26,5.85,0.70,5.55,0.48,42.53,0.36,C3'-endo
23,23,1.00,G,G,G,0,0,1,0,0,),1,1,cWW,cW-W,5.04,3.05,0.95,1.40,,,,3.62,n/a,anti,-,,,,,,,,,0.05,5.83,0.66,5.62,0.39,39.37,0.26,C3'-endo
