index_chain,old_nt_resnum,nt_position,nt_name,nt_code,nt_align_code,is_A,is_C,is_G,is_U,is_other,dbn,paired,nb_interact,pair_type_LW,pair_type_DSSR,alpha,beta,gamma,delta,epsilon,zeta,epsilon_zeta,chi,bb_type,glyco_bond,form,ssZp,Dp,eta,theta,eta_prime,theta_prime,eta_base,theta_base,v0,v1,v2,v3,v4,amplitude,phase_angle,puckering
1,1,0.04,C,C,C,0,1,0,0,0,(,23,1,cWW,cW-W,,,0.82,1.42,4.01,4.81,5.48,3.32,BI,anti,A,4.69,4.71,,,,,,,0.04,5.83,0.68,5.61,0.40,40.16,0.27,C3'-endo
2,2,0.09,U,U,U,0,0,0,1,0,(,22,1,cWW,cW-W,5.10,2.78,1.02,1.44,3.60,5.03,4.85,3.30,BI,anti,A,4.65,4.63,2.78,3.74,3.07,3.71,3.96,3.98,0.07,5.79,0.70,5.60,0.38,41.32,0.22,C3'-endo
3,3,0.13,5BU,u,U,0,0,0,0,1,(,21,1,cWW,cW-W,5.11,3.17,0.90,1.37,3.58,5.13,4.73,3.40,BI,anti,A,4.50,4.63,2.97,3.73,3.16,3.77,3.70,4.28,0.03,5.82,0.69,5.59,0.42,41.33,0.29,C3'-endo
4,4,0.17,G,G,G,0,0,1,0,0,(,20,1,cWW,cW-W,5.11,3.09,0.99,1.42,3.55,5.03,4.80,3.52,BI,anti,A,4.21,4.53,2.98,3.67,3.24,3.68,3.98,4.10,0.04,5.83,0.68,5.61,0.40,40.26,0.28,C3'-endo
5,5,0.22,C,C,C,0,1,0,0,0,(,19,1,cWW,cW-W,5.11,3.17,0.77,1.38,3.50,5.14,4.64,3.62,BI,anti,A,4.26,4.61,2.85,3.70,3.04,3.74,3.68,4.23,0.06,5.81,0.70,5.60,0.40,41.20,0.25,C3'-endo
6,6,0.26,U,U,U,0,0,0,1,0,(,18,1,cWW,cW-W,5.27,3.01,0.88,1.38,3.28,4.90,4.66,3.51,BI,anti,A,4.43,4.49,2.95,3.83,3.25,3.74,4.02,4.21,0.03,5.83,0.68,5.60,0.41,40.47,0.28,C3'-endo
7,7,0.30,G,G,G,0,0,1,0,0,(,17,1,cWW,cW-W,2.96,3.53,2.81,1.56,3.67,1.63,2.04,3.29,..,anti,.,4.64,4.55,2.93,6.28,3.20,6.12,3.99,4.89,0.21,5.78,0.59,5.79,0.18,34.06,6.26,C2'-exo
8,8,0.35,A,A,A,1,0,0,0,0,.,,0,,,5.02,3.50,0.98,1.45,3.70,5.10,4.88,3.32,BI,anti,A,4.35,4.59,3.76,3.88,4.35,4.10,5.85,4.83,0.06,5.83,0.66,5.64,0.37,38.69,0.24,C3'-endo
9,9,0.39,A,A,A,1,0,0,0,0,.,,0,,,5.08,3.11,1.19,2.73,4.69,1.59,3.10,4.09,..,anti,.,1.29,0.84,3.33,2.54,4.01,1.80,4.77,1.38,5.86,0.69,5.60,0.45,6.26,40.80,2.85,C2'-endo
10,10,0.43,G,G,G,0,0,1,0,0,],0,1,cWW,cW-W,1.06,2.61,0.74,1.48,3.77,5.08,4.98,3.16,BI,anti,A,4.60,4.73,5.53,4.03,5.43,4.00,5.98,4.20,0.22,5.72,0.68,5.71,0.23,38.96,0.01,C3'-endo
11,11,0.48,U,U,U,0,0,0,1,0,],0,1,cWW,cW-W,5.26,3.18,0.86,1.41,3.52,5.00,4.80,3.37,BI,anti,A,4.61,4.61,3.01,3.59,3.26,3.62,3.86,3.89,0.06,5.81,0.69,5.61,0.39,40.78,0.25,C3'-endo
12,12,0.52,G,G,G,0,0,1,0,0,],0,1,cWW,cW-W,5.03,3.19,0.93,1.41,3.69,4.95,5.03,3.47,BI,anti,A,4.50,4.66,2.95,3.67,3.09,3.71,3.52,4.27,0.05,5.81,0.69,5.60,0.40,40.92,0.26,C3'-endo
13,13,0.57,C,C,C,0,1,0,0,0,],0,1,cWW,cW-W,5.19,2.94,0.91,1.38,3.76,4.99,5.05,3.51,BI,anti,A,4.40,4.72,2.90,3.75,3.12,3.73,3.91,4.09,0.08,5.77,0.73,5.58,0.39,42.66,0.22,C3'-endo
14,14,0.61,A,A,A,1,0,0,0,0,],0,1,cWW,cW-W,5.14,2.88,0.96,1.36,3.55,5.12,4.72,3.29,BI,anti,A,4.86,4.71,2.80,3.72,3.04,3.71,3.73,4.10,0.03,5.80,0.73,5.55,0.44,43.47,0.28,C3'-endo
15,15,0.65,C,C,C,0,1,0,0,0,],0,1,cWW,cW-W,5.11,3.11,1.01,1.38,3.64,5.11,4.82,3.34,BI,anti,A,4.73,4.69,3.01,3.77,3.24,3.81,3.92,4.30,6.28,5.82,0.72,5.55,0.47,43.38,0.33,C3'-endo
16,16,0.70,A,A,A,1,0,0,0,0,.,,0,,,5.15,3.04,1.01,1.39,3.70,5.03,4.95,3.41,BI,anti,A,4.49,4.62,3.02,3.76,3.29,3.81,4.03,4.55,6.25,5.87,0.68,5.57,0.47,41.65,0.37,C3'-endo
17,17,0.74,C,C,C,0,1,0,0,0,),7,1,cWW,cW-W,5.22,2.99,0.91,1.46,3.64,5.01,4.91,3.51,BI,anti,A,4.27,4.55,2.94,3.77,3.24,3.78,4.23,4.29,0.04,5.85,0.65,5.64,0.38,38.42,0.27,C3'-endo
18,18,0.78,A,A,A,1,0,0,0,0,),6,1,cWW,cW-W,5.14,3.16,0.80,1.43,3.45,5.09,4.65,3.58,BI,anti,A,4.20,4.55,2.87,3.65,3.09,3.66,3.84,4.02,0.09,5.80,0.68,5.63,0.36,39.97,0.20,C3'-endo
19,19,0.83,G,G,G,0,0,1,0,0,),5,1,cWW,cW-W,5.18,3.14,0.82,1.41,3.42,4.67,5.03,3.59,BI,anti,A,4.22,4.57,2.96,3.88,3.15,3.83,3.71,4.34,0.08,5.79,0.69,5.62,0.37,40.65,0.21,C3'-endo
20,20,0.87,C,C,C,0,1,0,0,0,),4,1,cWW,cW-W,2.65,3.93,2.87,1.42,4.44,4.12,0.32,3.25,..,anti,A,4.53,4.79,2.92,3.92,3.18,3.75,3.96,4.08,0.09,5.80,0.67,5.64,0.34,39.17,0.20,C3'-endo
21,21,0.91,A,A,A,1,0,0,0,0,),3,1,cWW,cW-W,1.93,4.27,3.24,1.41,4.27,4.82,5.74,3.01,..,anti,A,4.79,4.80,2.72,3.68,3.01,3.70,3.70,4.25,0.10,5.79,0.68,5.64,0.34,39.81,0.19,C3'-endo
22,22,0.96,A,A,A,1,0,0,0,0,),2,1,cWW,cW-W,5.49,2.75,0.87,1.35,3.56,4.93,4.92,3.33,BI,anti,A,4.66,4.58,2.86,3.57,3.22,3.61,4.12,4.08,6.23,5.88,0.68,5.55,0.49,42.22,0.39,C3'-endo
23,23,1.00,G,G,G,0,0,1,0,0,),1,1,cWW,cW-W,5.26,3.09,0.88,1.39,,,,3.58,n/a,anti,-,,,,,,,,,0.06,5.84,0.64,5.66,0.36,37.72,0.24,C3'-endo
