index_chain,old_nt_resnum,nt_position,nt_name,nt_code,nt_align_code,is_A,is_C,is_G,is_U,is_other,dbn,paired,nb_interact,pair_type_LW,pair_type_DSSR,alpha,beta,gamma,delta,epsilon,zeta,epsilon_zeta,chi,bb_type,glyco_bond,form,ssZp,Dp,eta,theta,eta_prime,theta_prime,eta_base,theta_base,v0,v1,v2,v3,v4,amplitude,phase_angle,puckering
1,3,0.06,G,G,G,0,0,1,0,0,.,0,1,cWW,cW-W,,,2.76,1.43,4.13,4.55,5.86,2.67,..,anti,.,4.48,4.83,,,,,,,0.34,5.55,0.84,5.62,0.20,48.10,6.20,C2'-exo
2,4,0.11,C,C,C,0,1,0,0,0,(,0,1,cWW,cW-W,3.27,3.51,2.50,1.60,3.51,4.75,5.04,3.35,BI,anti,A,4.60,4.61,2.47,4.07,2.98,3.79,4.08,4.24,0.39,5.58,0.74,5.75,0.09,43.50,6.08,C2'-exo
3,5,0.17,G,G,G,0,0,1,0,0,(,0,1,cWW,cW-W,3.20,3.76,2.43,1.42,4.04,4.94,5.38,3.13,BI,anti,A,4.80,4.80,2.68,3.88,3.00,3.88,3.92,4.34,0.29,5.65,0.74,5.69,0.19,42.73,6.22,C2'-exo
4,6,0.22,A,A,A,1,0,0,0,0,(,0,1,cWW,cW-W,4.99,3.26,0.91,1.47,3.58,4.90,4.96,3.26,BI,anti,A,4.61,4.61,2.80,3.67,3.05,3.73,3.86,4.09,0.07,5.82,0.67,5.64,0.36,39.42,0.23,C3'-endo
5,7,0.28,C,C,C,0,1,0,0,0,(,0,1,cWW,cW-W,5.11,2.95,1.19,1.42,3.67,4.91,5.04,3.32,BI,anti,A,4.57,4.60,3.01,3.72,3.25,3.70,3.87,4.08,0.01,5.86,0.66,5.62,0.40,39.47,0.30,C3'-endo
6,8,0.33,C,C,C,0,1,0,0,0,(,0,1,cWW,cW-W,4.93,3.10,1.08,1.41,3.87,4.99,5.16,3.31,BI,anti,A,4.63,4.71,2.90,3.84,3.06,3.86,3.74,4.46,0.19,5.65,0.82,5.55,0.34,47.16,0.10,C3'-endo
7,9,0.39,G,G,G,0,0,1,0,0,(,"0,0",2,"cWW,tSS","cW-W,tm+m",5.23,2.87,1.14,1.34,3.62,5.00,4.90,3.33,BI,anti,A,4.35,4.47,3.04,3.63,3.32,3.69,4.26,4.07,0.12,5.63,0.92,5.43,0.46,53.81,0.19,C3'-endo
8,10,0.44,A,A,A,1,0,0,0,0,(,0,1,cWW,cW-W,4.91,3.17,1.13,1.51,3.64,5.07,4.86,3.36,BI,anti,A,4.43,4.49,2.94,3.89,3.18,3.87,3.78,4.39,0.12,5.78,0.68,5.66,0.32,39.58,0.15,C3'-endo
9,11,0.50,C,C,C,0,1,0,0,0,(,0,1,cWW,cW-W,5.16,2.97,1.00,1.38,3.87,4.80,5.36,3.31,BI,anti,A,4.55,4.64,2.97,3.75,3.22,3.79,4.07,4.43,6.25,5.82,0.76,5.48,0.52,46.32,0.37,C3'-endo
10,12,0.56,C,C,C,0,1,0,0,0,(,0,1,cWW,cW-W,5.39,2.87,0.85,1.46,3.61,3.79,6.11,3.69,..,anti,.,4.20,4.68,2.99,2.26,3.21,1.81,4.06,0.88,0.05,5.85,0.62,5.68,0.36,36.40,0.25,C3'-endo
11,13,0.61,A,A,A,1,0,0,0,0,.,,0,,,3.81,2.46,0.56,2.55,4.92,4.18,0.73,4.25,..,anti,.,0.19,0.24,1.64,5.53,1.89,4.22,2.12,3.19,5.88,0.66,5.63,0.44,6.26,39.02,2.85,C2'-endo
12,14,0.67,DU,U,U,0,0,0,1,0,.,,0,,,0.82,2.68,1.87,2.51,3.42,2.04,1.38,4.79,..,anti,.,2.22,2.20,5.05,1.45,0.46,0.85,1.38,1.52,5.76,0.74,5.63,0.38,0.08,41.56,2.70,C2'-endo
13,15,0.72,A,A,A,1,0,0,0,0,.,0,1,tWS,tW+m,4.89,2.00,2.99,2.64,4.98,1.47,3.51,4.12,..,anti,.,-0.23,0.86,5.75,1.57,5.39,1.93,4.64,2.50,5.76,0.78,5.52,0.49,0.02,46.45,2.80,C2'-endo
14,16,0.78,G,G,G,0,0,1,0,0,(,0,1,cWW,cW-W,1.57,4.54,3.47,1.49,3.68,4.95,5.02,3.36,BI,anti,A,4.42,4.52,4.15,3.18,4.08,3.25,4.63,3.76,0.18,5.75,0.67,5.70,0.26,38.44,0.06,C3'-endo
15,17,0.83,C,C,C,0,1,0,0,0,(,0,1,cWW,cW-W,5.26,2.96,0.82,1.30,3.50,4.57,5.21,3.49,BI,anti,A,4.45,4.62,2.83,3.75,3.12,3.73,3.91,4.21,0.16,5.69,0.80,5.56,0.35,46.27,0.13,C3'-endo
16,18,0.89,U,U,U,0,0,0,1,0,(,0,1,cWW,cW-W,2.82,3.91,2.78,1.43,4.46,3.93,0.53,3.27,..,anti,A,4.62,4.87,2.97,3.61,3.18,3.58,3.92,3.91,0.31,5.62,0.76,5.68,0.18,43.77,6.20,C2'-exo
17,19,0.94,G,G,G,0,0,1,0,0,(,0,1,cWW,cW-W,6.24,1.48,1.15,1.25,3.86,3.73,0.12,3.28,..,anti,.,4.69,4.77,2.63,3.47,2.93,3.44,3.61,2.78,0.03,5.78,0.75,5.53,0.46,44.95,0.29,C3'-endo
18,20,1.00,C,C,C,0,1,0,0,0,.,0,1,cWW,cW-W,1.00,2.45,5.47,1.84,,,,4.29,n/a,anti,-,,,,,,,,,0.26,5.83,0.46,5.96,0.04,27.05,6.05,C2'-exo
