index_chain,old_nt_resnum,nt_position,nt_name,nt_code,nt_align_code,is_A,is_C,is_G,is_U,is_other,dbn,paired,nb_interact,pair_type_LW,pair_type_DSSR,alpha,beta,gamma,delta,epsilon,zeta,epsilon_zeta,chi,bb_type,glyco_bond,form,ssZp,Dp,eta,theta,eta_prime,theta_prime,eta_base,theta_base,v0,v1,v2,v3,v4,amplitude,phase_angle,puckering
1,1,0.02,GDP,g,G,0,0,0,0,1,(,0,1,cWW,cW-W,,,0.91,1.50,3.63,4.95,4.97,3.24,BI,anti,A,4.67,4.68,,,,,,,0.18,5.76,0.65,5.73,0.24,37.45,0.05,C3'-endo
2,2,0.05,G,G,G,0,0,1,0,0,(,0,1,cWW,cW-W,5.34,3.04,0.94,1.48,3.60,4.91,4.97,3.37,BI,anti,A,4.61,4.66,3.11,3.69,3.30,3.72,3.81,4.22,0.17,5.69,0.75,5.62,0.32,43.06,0.10,C3'-endo
3,3,0.07,A,A,A,1,0,0,0,0,(,0,1,cWW,cW-W,5.28,3.12,0.73,1.41,3.70,5.34,4.64,3.43,BI,anti,.,4.52,4.78,2.99,4.03,3.17,4.12,3.89,4.84,0.03,5.81,0.73,5.58,0.44,43.21,0.28,C3'-endo
4,4,0.09,U,U,U,0,0,0,1,0,.,"0,0",2,"cWW,cWW","cW-W,cW-W",5.04,3.00,1.04,1.41,3.71,5.14,4.85,3.38,BI,anti,.,4.58,4.70,2.94,3.93,3.34,4.00,4.42,4.75,0.07,5.76,0.76,5.55,0.42,44.56,0.24,C3'-endo
5,5,0.12,G,G,G,0,0,1,0,0,(,0,1,cWW,cW-W,5.23,2.96,0.92,1.42,3.69,5.11,4.86,3.28,BI,anti,A,4.66,4.70,3.01,3.92,3.37,3.91,4.46,4.35,0.15,5.70,0.78,5.58,0.35,44.99,0.14,C3'-endo
6,6,0.14,U,U,U,0,0,0,1,0,.,28,1,tWH,tW-M,5.17,3.04,0.81,1.35,3.74,5.06,4.96,3.43,BI,anti,A,4.48,4.68,2.90,3.73,3.16,3.78,3.93,4.44,0.12,5.72,0.79,5.56,0.39,45.81,0.17,C3'-endo
7,7,0.16,A,A,A,1,0,0,0,0,.,,0,,,5.33,3.00,0.80,1.53,3.99,4.41,5.86,3.53,..,anti,.,4.26,4.71,3.08,3.70,3.28,3.62,4.11,3.43,0.11,5.80,0.65,5.68,0.32,37.66,0.17,C3'-endo
8,8,0.19,C,C,C,0,1,0,0,0,.,26,1,tHW,tM-W,1.08,3.98,5.11,2.76,4.36,1.83,2.53,4.36,..,anti,.,0.86,0.99,4.31,1.21,4.29,1.42,3.88,2.06,6.12,0.53,5.61,0.59,6.01,38.44,3.22,C3'-exo
9,9,0.21,U,U,U,0,0,0,1,0,(,0,1,cWW,cW-W,4.90,2.90,0.79,1.46,3.77,4.83,5.22,3.45,BI,anti,A,4.53,4.71,3.25,3.79,3.23,3.79,3.49,4.13,0.18,5.69,0.75,5.62,0.31,43.06,0.09,C3'-endo
10,10,0.23,A,A,A,1,0,0,0,0,(,0,1,cWW,cW-W,5.40,2.97,0.59,1.48,3.60,5.00,4.88,3.60,BI,anti,A,4.36,4.71,2.84,3.78,3.03,3.81,3.64,4.38,0.07,5.78,0.70,5.61,0.39,41.41,0.23,C3'-endo
11,11,0.26,C,C,C,0,1,0,0,0,(,0,1,cWW,cW-W,5.22,2.83,0.94,1.45,3.54,4.93,4.90,3.54,BI,anti,A,4.48,4.64,2.91,3.66,3.21,3.67,4.06,3.95,0.10,5.79,0.66,5.66,0.34,38.63,0.18,C3'-endo
12,12,0.28,C,C,C,0,1,0,0,0,(,0,1,cWW,cW-W,5.11,3.15,0.90,1.37,3.67,4.96,5.00,3.52,BI,anti,A,4.36,4.57,2.96,3.72,3.11,3.74,3.59,4.28,0.01,5.83,0.70,5.58,0.44,41.88,0.30,C3'-endo
13,13,0.30,A,A,A,1,0,0,0,0,(,0,1,cWW,cW-W,5.18,3.09,0.83,1.34,3.59,5.11,4.76,3.52,BI,anti,A,4.42,4.71,2.91,4.07,3.06,3.96,3.80,4.38,6.27,5.85,0.67,5.59,0.45,40.95,0.34,C3'-endo
14,14,0.33,G,G,G,0,0,1,0,0,(,0,1,cWW,cW-W,2.58,3.22,3.34,1.73,3.94,4.86,5.36,3.38,BI,anti,A,4.23,4.39,3.17,3.31,3.35,3.62,4.05,3.93,0.18,5.90,0.44,5.93,0.11,25.19,6.21,C2'-exo
15,15,0.35,C,C,C,0,1,0,0,0,(,20,1,cWW,cW-W,5.27,2.94,1.03,2.55,4.46,2.94,1.52,4.20,BII,anti,.,1.39,1.30,3.17,3.36,3.82,3.08,4.11,3.86,5.80,0.68,5.67,0.36,0.08,38.98,2.71,C2'-endo
16,16,0.37,U,U,U,0,0,0,1,0,.,,0,,,5.28,2.21,0.98,1.35,3.79,5.01,5.06,3.55,BI,anti,.,4.37,4.70,3.34,4.33,3.46,3.49,4.32,2.37,6.25,5.90,0.62,5.62,0.44,38.21,0.37,C3'-endo
17,17,0.40,G,G,G,0,0,1,0,0,.,38,1,cSW,cm-W,2.62,3.00,1.17,1.46,4.00,4.97,5.31,3.30,BI,anti,.,4.25,4.39,0.53,4.02,0.89,4.03,0.40,4.95,6.28,5.90,0.61,5.66,0.40,36.97,0.33,C3'-endo
18,18,0.42,A,A,A,1,0,0,0,0,.,,0,,,5.14,2.81,0.96,1.38,4.31,5.20,5.39,3.57,..,anti,.,4.08,4.76,2.82,4.21,3.14,4.22,4.35,4.51,0.06,5.79,0.71,5.59,0.39,41.69,0.24,C3'-endo
19,19,0.44,U,U,U,0,0,0,1,0,.,,0,,,5.69,4.20,0.98,2.51,4.73,1.16,3.57,3.81,..,anti,.,0.61,0.67,4.50,1.47,4.85,1.30,4.82,1.39,5.82,0.70,5.64,0.39,0.04,39.71,2.75,C2'-endo
20,20,0.47,G,G,G,0,0,1,0,0,),15,1,cWW,cW-W,4.37,3.05,0.87,1.65,4.02,1.96,2.06,4.79,..,anti,.,-0.53,4.70,2.69,1.02,2.94,1.10,2.98,1.40,0.45,5.62,0.63,5.90,6.24,38.70,5.90,C2'-exo
21,21,0.49,A,A,A,1,0,0,0,0,.,36,1,tHS,tM-m,4.97,2.88,0.80,1.48,3.96,5.09,5.15,3.38,BI,anti,.,4.56,4.71,3.34,4.13,3.66,4.21,4.00,5.10,0.14,5.75,0.70,5.65,0.31,40.15,0.12,C3'-endo
22,22,0.51,G,G,G,0,0,1,0,0,(,35,1,cWW,cW-W,5.28,2.81,0.93,1.44,3.97,4.87,5.38,3.35,BI,anti,A,4.51,4.66,2.92,3.83,3.35,3.82,4.61,4.09,0.09,5.80,0.67,5.65,0.35,39.33,0.20,C3'-endo
23,23,0.53,U,U,U,0,0,0,1,0,(,34,1,cWW,cW-W,5.09,2.65,1.19,1.34,3.97,5.09,5.16,3.36,BI,anti,.,4.45,4.62,2.92,3.96,3.17,3.91,3.70,4.62,6.19,5.90,0.69,5.52,0.54,43.66,0.45,C3'-endo
24,24,0.56,C,C,C,0,1,0,0,0,(,33,1,cWW,cW-W,5.12,2.78,1.04,1.22,3.78,4.67,5.40,3.35,BI,anti,A,4.63,4.76,2.77,3.45,3.09,3.51,4.17,3.87,0.01,5.74,0.82,5.45,0.53,49.55,0.31,C3'-endo
25,25,0.58,C,C,C,0,1,0,0,0,(,32,1,cWW,cW-W,5.60,2.59,0.86,1.33,3.68,4.93,5.03,3.40,BI,anti,A,4.47,4.60,3.00,3.70,3.21,3.68,3.76,4.16,6.22,5.84,0.74,5.48,0.54,46.24,0.40,C3'-endo
26,26,0.60,C,C,C,0,1,0,0,0,.,8,1,tWH,tW-M,5.05,2.94,1.03,1.35,3.71,5.17,4.82,3.39,BI,anti,.,4.61,4.71,2.86,3.90,3.07,3.93,3.83,4.72,0.10,5.71,0.79,5.54,0.41,46.17,0.20,C3'-endo
27,27,0.63,A,A,A,1,0,0,0,0,.,,0,,,5.24,3.01,0.95,1.41,3.40,4.95,4.73,3.53,BI,anti,.,4.31,4.55,3.05,3.27,3.40,3.51,4.52,3.35,0.11,5.75,0.74,5.59,0.38,43.12,0.18,C3'-endo
28,28,0.65,A,A,A,1,0,0,0,0,.,6,1,tHW,tM-W,4.97,4.08,0.85,1.86,0.79,4.33,2.74,4.74,..,anti,.,0.98,1.26,3.92,1.47,3.89,0.63,3.40,0.34,5.90,0.30,6.17,6.18,0.30,21.28,1.87,O4'-endo
29,29,0.67,A,A,A,1,0,0,0,0,.,,0,,,2.68,3.71,1.12,2.31,4.52,5.05,5.75,4.30,..,anti,.,1.17,1.29,0.80,5.19,1.18,5.08,1.24,5.80,5.65,0.79,5.66,0.28,0.22,43.75,2.53,C2'-endo
30,30,0.70,U,U,U,0,0,0,1,0,.,,0,,,5.25,3.45,1.18,1.35,3.44,4.87,4.86,4.36,BI,anti,.,1.98,4.61,3.29,3.49,4.01,3.52,4.14,2.50,0.17,5.70,0.77,5.59,0.33,44.50,0.11,C3'-endo
31,31,0.72,A,A,A,1,0,0,0,0,.,0,1,tHW,tM-W,5.22,3.18,0.88,2.39,4.57,1.45,3.12,5.05,..,anti,.,1.21,1.27,3.30,1.48,3.50,1.19,2.55,1.66,5.67,0.73,5.70,0.25,0.23,41.45,2.50,C1'-exo
32,32,0.74,G,G,G,0,0,1,0,0,),25,1,cWW,cW-W,4.16,2.68,1.52,1.13,3.56,4.99,4.86,3.22,BI,anti,A,4.72,4.72,2.84,3.29,3.01,3.36,3.28,3.81,6.27,5.73,0.86,5.38,0.59,52.61,0.34,C3'-endo
33,33,0.77,G,G,G,0,0,1,0,0,),24,1,cWW,cW-W,5.14,3.02,0.97,1.46,3.71,4.96,5.03,3.34,BI,anti,A,4.56,4.62,3.04,3.68,3.22,3.67,3.82,4.17,0.05,5.80,0.72,5.58,0.41,42.46,0.26,C3'-endo
34,34,0.79,A,A,A,1,0,0,0,0,),23,1,cWW,cW-W,5.13,3.01,0.90,1.41,3.92,4.83,5.38,3.46,BI,anti,A,4.46,4.76,2.94,3.73,3.10,3.81,3.84,4.34,0.27,5.63,0.78,5.65,0.24,44.71,6.26,C2'-exo
35,35,0.81,C,C,C,0,1,0,0,0,),22,1,cWW,cW-W,5.36,2.68,1.02,1.37,3.90,5.19,4.99,3.41,BI,anti,.,4.52,4.70,2.93,4.16,3.23,4.18,4.01,5.04,0.09,5.73,0.79,5.53,0.41,46.02,0.21,C3'-endo
36,36,0.84,G,G,G,0,0,1,0,0,.,21,1,tSH,tm-M,5.06,2.94,1.15,1.42,3.46,4.38,5.37,3.45,BI,anti,.,4.50,4.63,2.88,3.03,3.38,2.98,4.71,2.88,0.07,5.79,0.71,5.61,0.39,41.45,0.22,C3'-endo
37,37,0.86,A,A,A,1,0,0,0,0,.,0,1,tHW,tM-W,5.35,2.91,0.76,1.44,3.98,4.98,5.29,3.47,BI,anti,.,4.39,4.69,3.14,3.96,3.03,4.06,2.87,4.91,0.20,5.69,0.74,5.64,0.28,42.22,0.06,C3'-endo
38,38,0.88,A,A,A,1,0,0,0,0,.,"17,0",2,"cWS,cWW","cW-m,cW-W",5.18,2.80,1.03,1.45,3.88,4.87,5.29,3.37,BI,anti,.,4.53,4.67,2.89,3.95,3.27,3.99,4.41,4.80,0.07,5.79,0.70,5.61,0.38,41.16,0.22,C3'-endo
39,39,0.91,A,A,A,1,0,0,0,0,(,0,1,cWW,cW-W,5.46,2.73,0.79,1.44,3.71,4.88,5.11,3.61,BI,anti,A,4.21,4.62,2.88,3.77,3.25,3.73,4.40,4.13,0.12,5.76,0.71,5.63,0.33,41.01,0.15,C3'-endo
40,40,0.93,C,C,C,0,1,0,0,0,(,0,1,cWW,cW-W,5.06,2.85,1.04,1.41,3.70,4.95,5.03,3.55,BI,anti,A,4.38,4.71,2.81,3.76,3.04,3.75,3.74,4.12,0.12,5.74,0.75,5.59,0.37,43.44,0.17,C3'-endo
41,41,0.95,G,G,G,0,0,1,0,0,(,0,1,cWW,cW-W,5.08,3.01,1.03,1.39,3.63,5.09,4.83,3.37,BI,anti,A,4.45,4.54,2.91,3.83,3.16,3.82,3.82,4.44,6.28,5.85,0.69,5.57,0.44,41.60,0.33,C3'-endo
42,42,0.98,C,C,C,0,1,0,0,0,(,0,1,cWW,cW-W,4.89,3.19,1.03,1.40,3.73,5.19,4.82,3.42,BI,anti,.,4.44,4.62,2.91,4.29,3.12,4.11,4.02,4.46,0.11,5.75,0.75,5.59,0.37,43.69,0.19,C3'-endo
43,43,1.00,C,C,C,0,1,0,0,0,(,0,1,cWW,cW-W,2.81,3.15,3.14,1.44,,,,3.53,n/a,anti,-,,,,,,,,,0.11,5.77,0.69,5.64,0.34,40.33,0.16,C3'-endo
