index_chain,old_nt_resnum,nt_position,nt_name,nt_code,nt_align_code,is_A,is_C,is_G,is_U,is_other,dbn,paired,nb_interact,pair_type_LW,pair_type_DSSR,alpha,beta,gamma,delta,epsilon,zeta,epsilon_zeta,chi,bb_type,glyco_bond,form,ssZp,Dp,eta,theta,eta_prime,theta_prime,eta_base,theta_base,v0,v1,v2,v3,v4,amplitude,phase_angle,puckering
1,1401,0.05,G,G,G,0,0,1,0,0,(,21,1,cWW,cW-W,,,1.03,1.47,3.64,5.10,4.82,3.36,BI,anti,A,4.54,4.62,,,,,,,0.08,5.81,0.67,5.64,0.36,39.37,0.22,C3'-endo
2,1402,0.10,A,A,A,1,0,0,0,0,(,20,1,cWW,cW-W,5.11,2.99,0.98,1.44,3.67,5.03,4.93,3.36,BI,anti,A,4.53,4.62,2.92,3.79,3.22,3.76,4.08,4.21,0.03,5.84,0.67,5.61,0.41,39.88,0.29,C3'-endo
3,1403,0.14,G,G,G,0,0,1,0,0,(,19,1,cWW,cW-W,5.01,3.02,0.96,1.39,3.58,5.06,4.80,3.42,BI,anti,A,4.58,4.66,2.78,3.70,3.03,3.71,3.80,4.13,0.01,5.82,0.71,5.56,0.45,42.91,0.31,C3'-endo
4,1404,0.19,G,G,G,0,0,1,0,0,(,18,1,cWW,cW-W,5.18,2.96,1.02,1.38,3.58,5.03,4.83,3.33,BI,anti,A,4.67,4.66,2.96,3.68,3.22,3.68,3.96,4.05,6.27,5.83,0.71,5.55,0.47,43.27,0.33,C3'-endo
5,1405,0.24,G,G,G,0,0,1,0,0,(,17,1,cWW,cW-W,5.15,2.99,1.12,1.43,3.46,5.06,4.68,3.32,BI,anti,A,4.47,4.50,3.05,3.64,3.32,3.63,3.96,4.02,6.23,5.90,0.65,5.59,0.48,40.37,0.40,C3'-endo
6,1406,0.29,G,G,G,0,0,1,0,0,(,16,1,cWW,cW-W,4.95,3.36,0.89,1.43,3.66,4.75,5.19,3.52,BI,anti,.,4.34,4.62,2.97,3.48,3.10,3.69,3.68,3.62,0.03,5.84,0.68,5.61,0.41,40.33,0.29,C3'-endo
7,1407,0.33,A,A,A,1,0,0,0,0,.,15,1,cWW,cW-W,5.47,3.04,0.89,2.25,4.44,5.21,5.52,4.20,..,anti,-,,,3.49,5.30,3.73,4.77,3.58,,6.10,0.37,5.87,0.32,6.19,23.59,3.03,C2'-endo
8,1408,0.38,N,?,-,0,0,0,0,1,.,,0,,,5.44,2.74,3.21,2.09,4.10,5.48,4.91,,..,n/a,-,,,5.46,4.41,6.07,4.04,0.00,0.00,0.04,0.18,5.96,0.36,6.03,20.48,3.58,C3'-exo
9,1409,0.43,U,U,U,0,0,0,1,0,.,12,1,tWH,tW-M,4.55,4.21,2.95,1.53,4.10,5.02,5.36,3.31,..,anti,.,4.69,4.77,4.97,3.99,5.74,3.45,,3.57,0.14,5.78,0.65,5.69,0.29,37.62,0.12,C3'-endo
10,1410,0.48,G,G,G,0,0,1,0,0,.,,0,,,5.32,3.28,3.18,2.40,4.65,2.01,2.64,4.73,..,anti,.,0.61,1.15,6.13,1.73,0.01,1.38,5.71,0.80,6.10,0.40,5.84,0.36,6.17,25.60,3.06,C2'-endo
11,1411,0.52,A,A,A,1,0,0,0,0,.,,0,,,2.36,3.76,0.80,1.96,1.25,4.92,2.61,4.29,..,anti,.,0.52,0.54,1.44,2.54,1.75,1.55,1.53,0.67,0.00,0.23,5.92,0.37,6.05,21.82,3.47,C3'-exo
12,1412,0.57,A,A,A,1,0,0,0,0,.,9,1,tHW,tM-W,2.29,3.18,3.07,2.39,4.62,5.17,5.73,5.08,..,anti,.,0.18,1.12,2.74,4.42,2.36,4.56,1.74,5.04,6.10,0.40,5.83,0.36,6.17,25.87,3.06,C2'-endo
13,1413,0.62,A,A,A,1,0,0,0,0,.,,0,,,5.10,1.83,3.01,2.33,4.14,1.84,2.30,3.84,..,anti,.,1.71,1.92,4.62,0.30,5.09,0.69,5.14,1.48,6.18,0.32,5.87,0.37,6.12,23.52,3.22,C3'-exo
14,1414,0.67,A,A,A,1,0,0,0,0,.,,0,,,4.82,3.18,0.77,1.41,3.83,5.11,5.00,3.27,BI,anti,A,4.74,4.75,3.30,3.94,3.37,4.03,3.21,4.78,0.10,5.77,0.71,5.62,0.36,41.17,0.18,C3'-endo
15,1415,0.71,U,U,U,0,0,0,1,0,.,7,1,cWW,cW-W,5.15,3.01,0.94,1.42,3.68,5.18,4.79,3.38,BI,anti,.,4.60,4.68,2.86,3.95,3.22,4.01,4.28,4.70,0.06,5.80,0.70,5.60,0.39,41.15,0.24,C3'-endo
16,1416,0.76,C,C,C,0,1,0,0,0,),6,1,cWW,cW-W,5.27,3.09,0.86,1.48,3.79,5.16,4.92,3.30,BI,anti,A,4.58,4.64,3.05,4.03,3.39,4.06,4.39,4.72,0.07,5.82,0.66,5.65,0.36,38.65,0.23,C3'-endo
17,1417,0.81,C,C,C,0,1,0,0,0,),5,1,cWW,cW-W,5.10,2.98,0.97,1.43,3.77,4.99,5.06,3.40,BI,anti,A,4.49,4.59,2.87,3.79,3.21,3.78,4.21,4.21,6.23,5.90,0.64,5.59,0.47,39.84,0.39,C3'-endo
18,1418,0.86,C,C,C,0,1,0,0,0,),4,1,cWW,cW-W,4.96,2.92,1.11,1.41,3.37,4.98,4.67,3.43,BI,anti,A,4.41,4.44,2.78,3.48,3.09,3.46,3.82,3.79,6.20,5.91,0.66,5.56,0.51,41.77,0.44,C3'-endo
19,1419,0.90,C,C,C,0,1,0,0,0,),3,1,cWW,cW-W,5.13,3.24,0.86,1.44,3.32,4.82,4.79,3.53,BI,anti,A,4.27,4.45,3.03,3.85,3.17,3.75,3.68,4.09,0.06,5.83,0.66,5.64,0.37,38.91,0.24,C3'-endo
20,1420,0.95,U,U,U,0,0,0,1,0,),2,1,cWW,cW-W,2.76,3.59,2.91,1.52,4.22,4.74,5.77,3.12,..,anti,A,4.68,4.75,2.94,3.66,3.14,3.72,3.76,4.26,0.18,5.76,0.64,5.72,0.24,37.01,0.05,C3'-endo
21,1421,1.00,C,C,C,0,1,0,0,0,),1,1,cWW,cW-W,5.39,2.64,0.95,1.39,,,,3.34,n/a,anti,-,,,,,,,,,6.19,5.95,0.60,5.61,0.48,38.54,0.46,C3'-endo
