index_chain,old_nt_resnum,nt_position,nt_name,nt_code,nt_align_code,is_A,is_C,is_G,is_U,is_other,dbn,paired,nb_interact,pair_type_LW,pair_type_DSSR,alpha,beta,gamma,delta,epsilon,zeta,epsilon_zeta,chi,bb_type,glyco_bond,form,ssZp,Dp,eta,theta,eta_prime,theta_prime,eta_base,theta_base,v0,v1,v2,v3,v4,amplitude,phase_angle,puckering
1,2,0.08,C,C,C,0,1,0,0,0,),0,1,cWW,cW-W,,,1.04,1.43,3.65,5.16,4.77,3.31,BI,anti,A,4.77,4.73,,,,,,,0.10,5.79,0.68,5.64,0.34,39.79,0.18,C3'-endo
2,3,0.17,G,G,G,0,0,1,0,0,),0,1,cWW,cW-W,4.89,3.38,0.99,1.43,3.45,5.09,4.64,3.38,BI,anti,A,4.68,4.67,2.90,3.66,3.16,3.67,3.99,3.98,0.07,5.80,0.68,5.62,0.38,40.22,0.23,C3'-endo
3,4,0.25,G,G,G,0,0,1,0,0,),0,1,cWW,cW-W,5.28,3.14,0.81,1.39,3.35,4.82,4.82,3.47,BI,anti,A,4.55,4.60,3.01,3.88,3.22,3.78,3.79,4.21,0.01,5.85,0.67,5.59,0.43,40.67,0.32,C3'-endo
4,5,0.33,U,U,U,0,0,0,1,0,),0,1,cWW,cW-W,2.73,3.71,2.92,1.40,4.39,4.53,6.13,3.10,..,anti,A,4.81,4.85,2.92,3.49,3.13,3.54,3.89,4.16,0.11,5.78,0.69,5.63,0.34,40.08,0.17,C3'-endo
5,6,0.42,G,G,G,0,0,1,0,0,),0,1,cWW,cW-W,5.32,2.53,0.90,1.44,3.73,4.90,5.12,3.16,BI,anti,A,4.73,4.69,2.72,3.83,2.99,3.83,3.89,4.58,0.03,5.84,0.67,5.61,0.40,39.78,0.28,C3'-endo
6,7,0.50,A,A,A,1,0,0,0,0,.,0,1,cWW,cW-W,5.30,2.95,0.93,1.50,3.82,5.06,5.04,3.60,BI,anti,.,4.05,4.75,3.07,4.07,3.32,4.15,4.37,4.87,0.15,5.76,0.68,5.67,0.29,39.16,0.11,C3'-endo
7,8,0.58,G,G,G,0,0,1,0,0,.,0,1,tSH,tm-M,5.48,2.73,0.93,1.54,3.46,4.16,5.58,3.56,BI,anti,.,3.92,4.44,2.98,2.89,3.52,2.95,4.63,2.97,0.11,5.81,0.64,5.68,0.31,37.38,0.17,C3'-endo
8,9,0.67,A,A,A,1,0,0,0,0,.,,0,,,5.15,3.09,0.91,1.56,3.31,5.48,4.12,3.43,BI,anti,.,4.26,4.36,3.17,4.11,3.01,4.09,2.88,4.89,0.07,5.84,0.62,5.68,0.33,36.37,0.22,C3'-endo
9,10,0.75,A,A,A,1,0,0,0,0,.,,0,,,4.52,3.53,0.91,1.56,3.56,5.23,4.61,3.57,BI,anti,.,4.14,4.51,2.79,3.95,3.14,4.01,4.28,4.73,0.08,5.82,0.65,5.65,0.35,38.30,0.22,C3'-endo
10,11,0.83,G,G,G,0,0,1,0,0,),0,1,cWW,cW-W,5.07,3.00,0.94,1.48,3.62,4.86,5.05,3.36,BI,anti,A,4.73,4.63,2.86,3.62,3.25,3.61,4.33,3.93,0.03,5.84,0.66,5.62,0.39,39.40,0.28,C3'-endo
11,12,0.92,G,G,G,0,0,1,0,0,),0,1,cWW,cW-W,5.06,3.04,1.01,1.49,3.54,5.14,4.68,3.46,BI,anti,A,4.49,4.59,2.88,3.83,3.08,3.82,3.67,4.06,0.14,5.76,0.69,5.66,0.30,39.83,0.12,C3'-endo
12,13,1.00,G,G,G,0,0,1,0,0,),0,1,cWW,cW-W,5.18,3.17,0.99,1.46,,,,3.49,..,anti,-,,,,,,,,,0.02,5.85,0.66,5.62,0.41,39.56,0.30,C3'-endo
