index_chain,old_nt_resnum,nt_position,nt_name,nt_code,nt_align_code,is_A,is_C,is_G,is_U,is_other,dbn,paired,nb_interact,pair_type_LW,pair_type_DSSR,alpha,beta,gamma,delta,epsilon,zeta,epsilon_zeta,chi,bb_type,glyco_bond,form,ssZp,Dp,eta,theta,eta_prime,theta_prime,eta_base,theta_base,v0,v1,v2,v3,v4,amplitude,phase_angle,puckering
1,31,0.05,U,U,U,0,0,0,1,0,),0,1,cWW,cW-W,,,1.05,1.49,3.35,5.20,4.43,3.17,BI,anti,A,4.48,4.48,,,,,,,0.06,5.81,0.68,5.62,0.38,40.10,0.24,C3'-endo
2,32,0.11,C,C,C,0,1,0,0,0,),0,1,cWW,cW-W,4.86,3.45,0.99,1.53,3.36,5.04,4.61,3.65,BI,anti,A,4.08,4.37,3.00,3.65,3.23,3.63,3.85,4.00,6.27,5.89,0.63,5.64,0.41,38.03,0.34,C3'-endo
3,33,0.16,G,G,G,0,0,1,0,0,),0,1,cWW,cW-W,4.95,3.00,0.99,1.53,3.65,4.89,5.05,3.25,BI,anti,A,4.46,4.46,2.86,3.74,3.08,3.72,3.70,4.33,6.18,5.96,0.60,5.60,0.49,38.87,0.47,C3'-endo
4,34,0.21,U,U,U,0,0,0,1,0,),0,1,cWW,cW-W,5.02,2.94,1.01,1.50,3.77,4.69,5.36,3.18,BI,anti,A,4.77,4.70,2.89,3.62,3.10,3.70,4.01,3.91,0.04,5.84,0.66,5.63,0.38,39.04,0.26,C3'-endo
5,35,0.26,G,G,G,0,0,1,0,0,),0,1,cWW,cW-W,5.24,2.87,1.05,1.53,3.50,4.84,4.94,3.66,BI,anti,B,3.79,4.35,3.08,3.66,3.30,3.75,3.68,4.20,0.02,5.87,0.63,5.65,0.39,37.68,0.30,C3'-endo
6,36,0.32,G,G,G,0,0,1,0,0,.,0,1,cWW,cW-W,5.49,2.91,1.10,2.37,3.67,4.79,5.17,4.60,BI,anti,.,1.32,1.93,3.32,4.57,3.85,3.62,4.31,2.76,6.12,0.38,5.84,0.38,6.15,25.63,3.12,C2'-endo
7,37,0.37,U,U,U,0,0,0,1,0,.,,0,,,3.32,2.68,1.28,2.25,3.85,5.97,4.16,3.87,..,anti,.,2.52,2.35,1.25,5.56,1.91,4.60,1.55,3.48,6.19,0.32,5.87,0.37,6.11,23.70,3.25,C3'-exo
8,38,0.42,A,A,A,1,0,0,0,0,.,0,1,tHW,tM-W,4.75,3.60,4.69,2.49,4.85,1.29,3.56,1.01,..,syn,.,-0.85,0.71,1.06,1.13,1.61,0.51,1.34,5.87,6.12,0.39,5.83,0.38,6.15,25.85,3.11,C2'-endo
9,39,0.47,C,C,C,0,1,0,0,0,.,,0,,,1.98,2.63,0.71,2.34,4.99,4.89,0.10,4.26,..,anti,.,1.02,0.81,0.41,5.69,0.86,5.40,1.47,5.96,6.11,0.44,5.75,0.47,6.11,30.69,3.17,C3'-exo
10,40,0.53,A,A,A,1,0,0,0,0,.,0,1,tWH,tW-M,5.48,2.91,1.16,1.54,3.95,4.98,5.25,3.43,BI,anti,.,4.60,4.67,3.03,3.99,3.79,4.14,4.10,4.63,0.08,5.82,0.65,5.66,0.34,37.98,0.21,C3'-endo
11,41,0.58,U,U,U,0,0,0,1,0,.,0,1,tWH,tW-M,5.00,2.91,1.45,2.40,3.23,4.18,5.33,3.80,BI,anti,.,1.73,2.31,2.88,4.03,3.75,3.17,4.48,2.02,6.02,0.43,5.86,0.30,6.26,25.05,2.87,C2'-endo
12,42,0.63,U,U,U,0,0,0,1,0,.,,0,,,3.66,3.57,0.84,2.61,3.53,3.52,0.02,4.37,..,anti,.,1.66,1.71,1.58,3.49,1.83,3.38,1.05,4.07,6.06,0.46,5.77,0.41,6.17,29.42,3.04,C2'-endo
13,43,0.68,A,A,A,1,0,0,0,0,.,0,1,tHS,tM-m,5.88,2.54,0.83,1.50,3.64,5.49,4.43,3.31,BI,anti,.,4.33,4.58,3.53,4.46,3.57,4.38,4.25,5.18,0.12,5.78,0.68,5.65,0.33,39.74,0.16,C3'-endo
14,44,0.74,C,C,C,0,1,0,0,0,.,0,1,cWW,cW-W,4.49,3.56,0.99,1.53,3.20,5.36,4.12,3.48,BI,anti,A,4.20,4.41,2.59,3.85,3.10,3.86,4.47,4.33,6.28,5.87,0.64,5.62,0.42,38.87,0.33,C3'-endo
15,45,0.79,C,C,C,0,1,0,0,0,),0,1,cWW,cW-W,4.70,3.63,0.90,1.45,3.32,5.32,4.29,3.56,BI,anti,A,4.50,4.57,2.91,3.75,3.11,3.81,3.85,4.27,0.05,5.84,0.64,5.65,0.37,37.81,0.26,C3'-endo
16,46,0.84,U,U,U,0,0,0,1,0,),0,1,cWW,cW-W,4.85,3.50,0.90,1.41,3.44,5.08,4.65,3.63,BI,anti,A,4.45,4.63,2.92,3.57,3.13,3.58,3.81,4.04,0.10,5.79,0.67,5.65,0.34,39.15,0.18,C3'-endo
17,47,0.89,G,G,G,0,0,1,0,0,),0,1,cWW,cW-W,5.12,3.21,0.83,1.37,3.89,4.89,5.29,3.37,BI,anti,A,4.70,4.83,2.93,3.75,3.05,3.87,3.70,4.49,0.22,5.72,0.68,5.71,0.23,39.20,0.01,C3'-endo
18,48,0.95,C,C,C,0,1,0,0,0,),0,1,cWW,cW-W,5.45,2.77,0.95,1.44,3.66,5.13,4.82,3.41,BI,anti,A,4.47,4.68,2.98,3.90,3.33,3.86,4.23,4.30,0.12,5.78,0.68,5.66,0.32,39.22,0.16,C3'-endo
19,49,1.00,C,C,C,0,1,0,0,0,),0,1,cWW,cW-W,5.10,3.29,0.75,1.33,,,,3.30,n/a,anti,-,,,,,,,,,0.05,5.83,0.66,5.63,0.38,39.09,0.25,C3'-endo
