index_chain,old_nt_resnum,nt_position,nt_name,nt_code,nt_align_code,is_A,is_C,is_G,is_U,is_other,dbn,paired,nb_interact,pair_type_LW,pair_type_DSSR,alpha,beta,gamma,delta,epsilon,zeta,epsilon_zeta,chi,bb_type,glyco_bond,form,ssZp,Dp,eta,theta,eta_prime,theta_prime,eta_base,theta_base,v0,v1,v2,v3,v4,amplitude,phase_angle,puckering
1,1,0.10,A,A,A,1,0,0,0,0,.,,0,,,,,4.74,1.96,4.58,5.10,5.76,3.03,..,anti,A,4.52,4.52,,,,,,,0.48,5.76,0.38,6.18,6.05,30.10,5.51,C1'-endo
2,2,0.20,A,A,A,1,0,0,0,0,(,0,1,cWW,cW-W,5.05,2.58,1.04,1.17,3.29,5.09,4.48,3.77,BI,anti,A,3.94,4.59,2.34,3.34,2.96,3.24,3.68,3.64,6.04,5.94,0.75,5.35,0.75,52.20,0.60,C3'-endo
3,3,0.30,G,G,G,0,0,1,0,0,(,0,1,cWW,cW-W,4.53,2.94,1.41,1.32,3.95,4.83,5.41,3.20,BI,anti,A,4.77,4.79,2.84,3.68,2.93,3.76,3.55,4.51,0.12,5.69,0.80,5.53,0.40,46.77,0.18,C3'-endo
4,4,0.40,A,A,A,1,0,0,0,0,(,0,1,cWW,cW-W,5.31,2.74,1.06,1.45,4.24,4.79,5.74,3.08,..,anti,A,4.58,4.62,3.07,3.90,3.34,3.90,4.35,4.41,0.18,5.72,0.73,5.65,0.28,41.85,0.08,C3'-endo
5,5,0.50,C,C,C,0,1,0,0,0,(,0,1,cWW,cW-W,4.95,2.48,1.52,1.54,3.92,4.92,5.29,2.87,BI,anti,.,4.49,4.64,2.98,3.81,3.25,3.74,4.11,3.65,0.15,5.81,0.59,5.77,0.24,34.17,0.07,C3'-endo
6,6,0.60,C,C,C,0,1,0,0,0,(,0,1,cWW,cW-W,5.02,2.83,1.16,1.40,3.94,4.87,5.35,3.67,BI,anti,A,3.75,4.47,2.89,3.70,3.19,3.63,3.42,4.13,6.15,5.92,0.68,5.50,0.57,44.48,0.49,C3'-endo
7,7,0.70,A,A,A,1,0,0,0,0,(,0,1,cWW,cW-W,5.11,2.70,1.21,1.30,3.94,4.87,5.35,3.19,BI,anti,.,4.65,4.72,2.94,3.92,3.09,3.97,3.82,4.14,0.01,5.76,0.79,5.49,0.51,47.45,0.31,C3'-endo
8,8,0.80,G,G,G,0,0,1,0,0,(,0,1,cWW,cW-W,5.91,2.31,0.94,1.17,3.61,4.83,5.06,3.19,BI,anti,A,4.67,4.59,3.02,3.40,3.41,3.42,3.90,3.93,5.74,6.22,0.60,5.35,0.94,55.72,0.90,C4'-exo
9,9,0.90,G,G,G,0,0,1,0,0,(,0,1,cWW,cW-W,5.43,3.12,0.55,1.48,3.56,4.28,5.56,3.56,BI,anti,.,4.32,4.45,3.07,3.73,3.16,3.70,3.79,4.31,0.08,5.94,0.45,5.86,0.23,26.17,0.17,C3'-endo
10,10,1.00,C,C,C,0,1,0,0,0,(,0,1,cWW,cW-W,2.38,3.85,3.20,1.57,,,,2.98,..,anti,-,,,,,,,,,0.01,5.95,0.52,5.76,0.33,31.23,0.31,C3'-endo
