index_chain,old_nt_resnum,nt_position,nt_name,nt_code,nt_align_code,is_A,is_C,is_G,is_U,is_other,dbn,paired,nb_interact,pair_type_LW,pair_type_DSSR,alpha,beta,gamma,delta,epsilon,zeta,epsilon_zeta,chi,bb_type,glyco_bond,form,ssZp,Dp,eta,theta,eta_prime,theta_prime,eta_base,theta_base,v0,v1,v2,v3,v4,amplitude,phase_angle,puckering
1,3,0.05,G,G,G,0,0,1,0,0,(,0,1,cWW,cW-W,,3.35,0.88,1.45,3.62,5.14,4.77,3.33,BI,anti,A,4.60,4.66,,3.80,,3.86,,4.26,0.13,5.77,0.68,5.66,0.32,39.40,0.15,C3'-endo
2,4,0.10,C,C,C,0,1,0,0,0,(,0,1,cWW,cW-W,5.10,3.08,1.02,1.38,3.57,5.03,4.83,3.48,BI,anti,A,4.31,4.61,2.94,3.65,3.23,3.66,3.90,4.11,0.00,5.82,0.72,5.55,0.46,43.32,0.32,C3'-endo
3,5,0.14,G,G,G,0,0,1,0,0,(,0,1,cWW,cW-W,5.24,3.19,0.81,1.42,3.27,4.38,5.18,3.45,BI,anti,.,4.38,4.47,2.96,3.38,3.19,2.99,3.88,2.55,0.08,5.80,0.69,5.62,0.37,40.45,0.22,C3'-endo
4,6,0.19,U,U,U,0,0,0,1,0,.,,0,,,2.13,2.21,3.11,1.31,1.24,2.33,5.19,4.12,..,anti,.,1.35,2.05,2.39,4.15,1.93,4.46,1.29,4.95,6.10,6.13,0.41,5.76,0.44,29.72,0.67,C4'-exo
5,7,0.24,C,C,C,0,1,0,0,0,(,0,1,cWW,cW-W,5.48,2.40,0.88,1.33,3.65,5.07,4.86,3.37,BI,anti,A,4.59,4.70,3.25,3.81,4.04,3.81,4.31,4.29,0.01,5.83,0.70,5.57,0.44,42.35,0.31,C3'-endo
6,8,0.29,A,A,A,1,0,0,0,0,.,,0,,,5.26,3.19,0.87,1.48,3.62,5.19,4.72,3.51,BI,anti,A,4.47,4.58,3.12,3.89,3.35,3.91,4.09,4.67,0.04,5.83,0.68,5.61,0.40,40.31,0.27,C3'-endo
7,9,0.33,C,C,C,0,1,0,0,0,(,0,1,cWW,cW-W,5.13,3.07,0.82,1.40,3.85,4.92,5.21,3.50,BI,anti,A,4.53,4.81,2.85,3.75,3.13,3.82,4.21,4.17,0.13,5.76,0.69,5.65,0.31,39.76,0.14,C3'-endo
8,10,0.38,A,A,A,1,0,0,0,0,(,0,1,cWW,cW-W,5.22,2.99,0.90,1.41,3.75,5.00,5.03,3.46,BI,anti,A,4.37,4.67,2.92,3.81,3.16,3.83,3.71,4.39,0.03,5.83,0.69,5.59,0.42,41.41,0.29,C3'-endo
9,11,0.43,C,C,C,0,1,0,0,0,(,0,1,cWW,cW-W,5.28,2.75,1.05,1.39,3.54,4.78,5.04,3.53,BI,anti,A,4.32,4.49,2.90,3.46,3.25,3.43,4.12,3.80,6.10,5.99,0.63,5.53,0.59,42.81,0.56,C3'-endo
10,12,0.48,C,C,C,0,1,0,0,0,(,0,1,cWW,cW-W,5.21,3.01,0.90,1.38,3.67,5.14,4.81,3.33,BI,anti,A,4.55,4.69,3.03,3.80,3.11,3.83,3.64,4.28,0.00,5.82,0.73,5.54,0.47,44.12,0.32,C3'-endo
11,13,0.52,G,G,G,0,0,1,0,0,(,0,1,cWW,cW-W,5.07,2.96,1.10,1.36,3.65,5.03,4.90,3.42,BI,anti,A,4.39,4.61,2.97,3.68,3.25,3.66,3.99,4.09,6.24,5.83,0.75,5.49,0.53,46.49,0.38,C3'-endo
12,14,0.57,G,G,G,0,0,1,0,0,(,0,1,cWW,cW-W,5.36,3.13,0.66,1.36,3.31,5.31,4.28,3.54,BI,anti,A,4.25,4.53,2.91,3.63,3.12,3.70,3.81,4.33,0.06,5.76,0.75,5.56,0.42,44.12,0.24,C3'-endo
13,15,0.62,U,U,U,0,0,0,1,0,(,0,1,cWW,cW-W,5.03,3.33,0.85,1.49,3.31,5.35,4.24,3.74,BI,anti,A,3.95,4.47,2.98,3.82,3.25,3.85,4.08,4.31,0.09,5.79,0.69,5.62,0.36,40.62,0.20,C3'-endo
14,16,0.67,G,G,G,0,0,1,0,0,(,0,1,cWW,cW-W,5.03,3.27,0.96,1.52,3.88,3.72,0.16,3.73,..,anti,.,3.51,4.32,3.18,3.38,3.44,3.06,4.04,2.31,6.25,5.93,0.59,5.66,0.41,36.23,0.38,C3'-endo
15,17,0.71,A,A,A,1,0,0,0,0,.,,0,,,0.81,2.22,3.37,1.41,1.76,5.17,2.87,1.51,..,syn,.,-1.10,2.98,1.42,1.74,1.07,2.06,1.10,1.47,0.17,5.79,0.61,5.75,0.23,34.78,0.05,C3'-endo
16,18,0.76,A,A,A,1,0,0,0,0,.,,0,,,3.61,4.58,0.86,1.53,3.50,3.20,0.30,4.70,..,anti,.,0.88,3.68,2.55,1.86,2.28,1.16,2.03,0.89,6.04,6.17,0.40,5.73,0.50,31.83,0.77,C4'-exo
17,19,0.81,G,G,G,0,0,1,0,0,(,0,1,cWW,cW-W,2.57,2.20,1.27,1.41,3.50,5.20,4.58,2.91,BI,anti,.,4.67,4.59,0.59,3.90,1.39,3.77,2.14,4.06,6.22,5.88,0.70,5.54,0.51,43.58,0.41,C3'-endo
18,20,0.86,U,U,U,0,0,0,1,0,.,0,1,cWW,cW-W,5.04,3.51,0.99,1.47,3.96,4.82,5.42,3.24,BI,anti,A,4.33,4.59,3.32,3.80,3.48,3.85,4.02,4.51,6.26,5.88,0.64,5.61,0.43,39.04,0.35,C3'-endo
19,21,0.90,C,C,C,0,1,0,0,0,(,0,1,cWW,cW-W,5.14,2.52,1.10,1.33,3.52,5.15,4.65,3.11,BI,anti,.,4.67,4.66,2.64,3.76,3.02,3.66,4.08,3.94,6.27,5.82,0.75,5.51,0.49,45.73,0.34,C3'-endo
20,22,0.95,G,G,G,0,0,1,0,0,(,0,1,cWW,cW-W,5.08,3.45,0.76,1.37,3.51,4.95,4.84,3.56,BI,anti,A,4.31,4.66,2.96,3.49,3.07,3.62,3.63,4.21,0.10,5.76,0.72,5.60,0.37,41.98,0.19,C3'-endo
21,23,1.00,C,C,C,0,1,0,0,0,(,0,1,cWW,cW-W,5.38,2.96,0.91,1.44,,,,3.61,..,anti,-,,,,,,,,,0.07,5.84,0.62,5.68,0.34,36.52,0.22,C3'-endo
