index_chain,old_nt_resnum,nt_position,nt_name,nt_code,nt_align_code,is_A,is_C,is_G,is_U,is_other,dbn,paired,nb_interact,pair_type_LW,pair_type_DSSR,alpha,beta,gamma,delta,epsilon,zeta,epsilon_zeta,chi,bb_type,glyco_bond,form,ssZp,Dp,eta,theta,eta_prime,theta_prime,eta_base,theta_base,v0,v1,v2,v3,v4,amplitude,phase_angle,puckering
1,2,0.05,U,U,U,0,0,0,1,0,.,,0,,,,4.32,2.90,1.51,4.50,2.67,1.84,1.78,BII,...,.,1.15,4.28,,2.02,,2.12,,2.41,0.00,5.90,0.60,5.66,0.39,36.21,0.33,C3'-endo
2,3,0.09,G,G,G,0,0,1,0,0,(,0,1,cWW,cW-W,5.32,2.15,0.87,1.45,3.90,4.69,5.49,3.03,BI,anti,A,4.73,4.69,3.36,3.86,3.41,3.79,3.05,4.02,0.03,5.86,0.64,5.65,0.38,37.88,0.28,C3'-endo
3,4,0.14,C,C,C,0,1,0,0,0,(,0,1,cWW,cW-W,5.35,2.77,0.96,1.41,3.75,5.00,5.03,3.41,BI,anti,A,4.55,4.71,2.99,3.82,3.22,3.77,3.83,4.08,0.05,5.79,0.72,5.57,0.41,42.85,0.25,C3'-endo
4,5,0.18,G,G,G,0,0,1,0,0,(,0,1,cWW,cW-W,4.90,3.01,1.14,1.42,3.61,5.09,4.80,3.18,BI,anti,A,4.61,4.61,2.81,3.78,3.06,3.81,3.71,4.55,6.24,5.88,0.67,5.57,0.47,41.40,0.38,C3'-endo
5,6,0.23,U,U,U,0,0,0,1,0,.,0,1,cWW,cW-W,5.19,3.24,0.87,1.44,3.99,4.77,5.51,3.60,BI,anti,A,3.98,4.74,3.13,3.70,3.34,3.71,4.27,3.90,0.12,5.78,0.68,5.66,0.32,39.23,0.15,C3'-endo
6,7,0.27,C,C,C,0,1,0,0,0,(,0,1,cWW,cW-W,4.99,2.64,1.10,1.40,3.75,5.16,4.87,3.52,BI,anti,A,4.50,4.73,2.67,3.96,2.89,3.90,3.33,4.26,0.07,5.78,0.71,5.60,0.39,41.87,0.23,C3'-endo
7,8,0.32,G,G,G,0,0,1,0,0,.,,0,,,5.13,2.92,1.08,1.30,3.58,4.94,4.92,3.35,BI,anti,A,4.62,4.64,2.88,3.52,3.24,3.53,4.02,3.97,6.21,5.86,0.73,5.49,0.55,45.85,0.41,C3'-endo
8,9,0.36,C,C,C,0,1,0,0,0,.,0,1,cWW,cW-W,5.19,3.06,0.95,1.38,3.78,4.92,5.14,3.36,BI,anti,A,4.66,4.73,3.05,3.72,3.17,3.77,3.78,4.35,6.28,5.82,0.73,5.54,0.47,44.06,0.32,C3'-endo
9,10,0.41,U,U,U,0,0,0,1,0,(,0,1,cWW,cW-W,5.30,2.86,0.86,1.41,3.71,4.76,5.24,3.50,BI,anti,A,4.53,4.69,2.92,3.61,3.17,3.62,4.00,4.00,0.00,5.83,0.70,5.57,0.45,42.23,0.32,C3'-endo
10,11,0.45,C,C,C,0,1,0,0,0,(,0,1,cWW,cW-W,5.46,2.73,0.86,1.43,3.63,4.86,5.06,3.34,BI,anti,A,4.57,4.59,2.98,3.63,3.20,3.63,3.82,3.92,6.27,5.87,0.65,5.60,0.43,39.78,0.34,C3'-endo
11,12,0.50,C,C,C,0,1,0,0,0,(,0,1,cWW,cW-W,5.17,3.12,0.83,1.39,3.58,5.11,4.75,3.46,BI,anti,A,4.44,4.62,2.95,3.72,3.08,3.75,3.57,4.13,0.04,5.81,0.71,5.58,0.42,42.20,0.27,C3'-endo
12,13,0.55,G,G,G,0,0,1,0,0,(,0,1,cWW,cW-W,5.06,3.13,0.91,1.32,3.63,5.07,4.84,3.44,BI,anti,A,4.64,4.70,2.87,3.68,3.07,3.72,3.70,4.19,0.06,5.78,0.73,5.57,0.41,42.99,0.25,C3'-endo
13,14,0.59,G,G,G,0,0,1,0,0,(,0,1,cWW,cW-W,5.31,3.02,0.94,1.35,3.43,5.07,4.64,3.37,BI,anti,A,4.51,4.58,2.99,3.55,3.26,3.59,4.02,3.95,0.03,5.80,0.74,5.55,0.45,44.00,0.29,C3'-endo
14,15,0.64,A,A,A,1,0,0,0,0,(,0,1,cWW,cW-W,5.00,3.34,1.00,1.48,3.34,4.97,4.66,3.50,BI,anti,.,4.39,4.43,3.09,3.69,3.25,3.05,3.75,2.15,0.10,5.80,0.66,5.67,0.33,38.23,0.18,C3'-endo
15,16,0.68,A,A,A,1,0,0,0,0,.,,0,,,3.23,2.94,0.97,1.69,0.19,3.18,3.29,3.65,..,anti,.,1.08,1.11,1.78,4.86,1.78,4.81,1.13,5.54,5.98,6.25,0.33,5.76,0.52,30.95,0.91,C4'-exo
16,17,0.73,A,A,A,1,0,0,0,0,.,0,1,cSW,cm-W,5.27,2.16,0.67,1.42,3.54,3.09,0.46,2.94,..,anti,.,4.46,4.61,2.46,1.87,3.29,2.04,3.87,2.48,0.16,5.74,0.70,5.66,0.29,40.08,0.10,C3'-endo
17,18,0.77,A,A,A,1,0,0,0,0,.,0,1,tHW,tM-W,5.15,2.87,1.24,1.50,4.31,5.38,5.21,3.84,..,anti,.,3.12,4.53,3.80,4.64,3.52,4.87,2.63,5.33,6.18,5.94,0.63,5.57,0.52,40.75,0.47,C3'-endo
18,19,0.82,G,G,G,0,0,1,0,0,(,0,1,cWW,cW-W,5.26,2.56,1.28,1.48,3.73,4.79,5.22,3.12,BI,anti,.,4.73,4.75,2.78,3.73,3.71,3.65,4.80,3.72,0.17,5.69,0.78,5.59,0.33,45.02,0.11,C3'-endo
19,20,0.86,U,U,U,0,0,0,1,0,.,0,1,cWW,cW-W,5.37,3.06,0.93,1.46,3.93,4.91,5.31,3.44,BI,anti,.,4.40,4.61,3.26,3.95,3.37,4.01,3.62,4.83,6.27,5.89,0.63,5.63,0.43,38.49,0.35,C3'-endo
20,21,0.91,C,C,C,0,1,0,0,0,(,0,1,cWW,cW-W,5.34,2.60,0.98,1.38,3.87,4.86,5.29,3.39,BI,anti,A,4.41,4.64,2.84,3.79,3.23,3.71,4.37,4.08,6.23,5.88,0.68,5.56,0.49,42.30,0.39,C3'-endo
21,22,0.95,G,G,G,0,0,1,0,0,(,0,1,cWW,cW-W,5.12,2.81,1.03,1.38,3.52,5.03,4.77,3.29,BI,anti,A,4.66,4.60,2.78,3.65,3.02,3.61,3.73,4.03,6.24,5.89,0.65,5.59,0.46,40.33,0.38,C3'-endo
22,23,1.00,C,C,C,0,1,0,0,0,(,0,1,cWW,cW-W,5.25,3.09,0.91,1.29,,,,3.38,..,anti,-,,,,,,,,,0.03,5.82,0.69,5.60,0.41,40.98,0.28,C3'-endo
