index_chain,old_nt_resnum,nt_position,nt_name,nt_code,nt_align_code,is_A,is_C,is_G,is_U,is_other,dbn,paired,nb_interact,pair_type_LW,pair_type_DSSR,alpha,beta,gamma,delta,epsilon,zeta,epsilon_zeta,chi,bb_type,glyco_bond,form,ssZp,Dp,eta,theta,eta_prime,theta_prime,eta_base,theta_base,v0,v1,v2,v3,v4,amplitude,phase_angle,puckering
1,1,0.06,G,G,G,0,0,1,0,0,.,,0,,,,3.16,2.30,1.78,5.22,2.63,2.59,3.85,BII,anti,.,2.32,3.11,,3.20,,3.37,,3.40,6.10,6.09,0.48,5.72,0.46,33.09,0.60,C3'-endo
2,2,0.12,A,A,A,1,0,0,0,0,.,,0,,,1.73,4.82,4.16,1.69,3.37,5.22,4.44,3.93,BI,anti,.,3.32,4.45,5.12,2.86,4.90,3.27,5.07,4.00,0.05,5.90,0.58,5.71,0.31,34.46,0.25,C3'-endo
3,3,0.19,G,G,G,0,0,1,0,0,.,,0,,,3.97,3.21,2.17,1.65,3.35,4.78,4.86,3.66,BI,anti,.,4.33,4.53,3.00,3.40,3.55,3.12,4.41,2.65,0.14,5.80,0.60,5.72,0.27,34.59,0.11,C3'-endo
4,4,0.25,U,U,U,0,0,0,1,0,.,,0,,,5.32,2.89,1.00,1.69,3.76,4.74,5.30,3.95,BI,anti,.,3.83,4.28,3.11,3.81,3.25,3.82,3.02,5.01,0.14,6.05,0.23,6.13,0.01,13.53,5.99,C2'-exo
5,5,0.31,C,C,C,0,1,0,0,0,.,,0,,,5.57,2.75,0.68,1.75,3.54,4.69,5.13,4.07,BI,anti,.,3.37,4.43,2.74,3.66,3.25,3.55,4.75,3.66,0.32,5.89,0.33,6.14,6.17,22.70,5.68,C2'-exo
6,6,0.38,U,U,U,0,0,0,1,0,.,,0,,,5.17,2.80,1.29,1.91,3.88,4.56,5.60,3.62,BI,anti,.,3.67,4.17,3.09,4.50,3.37,3.90,3.72,4.78,0.19,6.13,0.07,0.04,6.14,10.46,5.10,C1'-endo
7,7,0.44,G,G,G,0,0,1,0,0,.,,0,,,2.58,3.36,2.40,1.94,3.27,1.81,1.46,2.90,..,anti,.,4.19,4.50,1.42,0.51,2.43,6.15,4.25,5.81,0.62,5.66,0.42,6.22,5.94,37.10,5.41,C1'-endo
8,8,0.50,C,C,C,0,1,0,0,0,),0,1,cWW,cW-W,4.15,3.01,0.89,2.09,4.07,4.62,5.73,3.88,..,anti,.,2.79,3.39,2.72,4.32,3.50,4.03,4.48,4.56,0.21,6.28,6.09,0.32,5.95,19.58,4.13,C4'-endo
9,9,0.56,G,G,G,0,0,1,0,0,),0,1,cWW,cW-W,6.21,3.23,5.34,1.95,3.64,5.10,4.82,3.83,BI,anti,A,3.87,4.71,2.34,3.57,2.67,3.63,3.60,4.02,0.51,5.78,0.33,6.24,6.00,30.14,5.39,C1'-endo
10,10,0.62,G,G,G,0,0,1,0,0,),0,1,cWW,cW-W,5.27,3.05,0.78,1.48,3.66,4.69,5.25,3.43,BI,anti,A,4.61,4.73,2.82,3.53,3.14,3.59,3.82,4.01,0.23,5.84,0.49,5.92,0.09,28.38,6.13,C2'-exo
11,11,0.69,C,C,C,0,1,0,0,0,),0,1,cWW,cW-W,5.84,2.77,0.71,1.55,4.24,4.49,6.03,3.50,..,anti,A,4.32,4.63,3.33,4.02,3.52,3.97,4.04,4.26,0.13,6.09,0.19,6.16,6.28,11.67,5.94,C2'-exo
12,12,0.75,G,G,G,0,0,1,0,0,),0,1,cWW,cW-W,0.48,3.40,5.19,2.01,3.77,4.98,5.07,3.53,BI,anti,A,4.39,4.51,2.83,3.54,3.01,3.65,3.59,4.00,0.47,5.93,0.13,0.13,5.91,25.95,5.01,O4'-exo
13,13,0.81,C,C,C,0,1,0,0,0,),0,1,cWW,cW-W,5.38,3.09,0.87,1.84,3.66,4.94,5.00,3.58,BI,anti,A,4.14,3.99,3.03,3.89,3.38,3.79,3.88,4.18,0.09,6.24,6.28,0.06,6.20,5.18,4.65,O4'-exo
14,14,0.88,G,G,G,0,0,1,0,0,),0,1,cWW,cW-W,4.97,3.18,0.90,1.70,3.74,4.56,5.46,3.40,BI,anti,A,4.87,4.42,2.80,3.62,3.09,3.61,3.80,3.97,6.23,6.23,0.13,6.12,0.14,9.44,0.65,C4'-exo
15,15,0.94,C,C,C,0,1,0,0,0,),0,1,cWW,cW-W,6.19,3.17,6.15,1.98,3.66,5.04,4.90,3.70,BI,anti,A,4.39,4.15,3.08,3.85,3.27,3.88,3.81,4.27,0.24,6.08,0.09,0.05,6.10,13.50,5.09,C1'-endo
16,16,1.00,G,G,G,0,0,1,0,0,),0,1,cWW,cW-W,4.99,3.08,0.88,1.26,,,,3.50,..,anti,-,,,,,,,,,6.09,6.17,0.36,5.81,0.42,27.29,0.73,C4'-exo
