index_chain,old_nt_resnum,nt_position,nt_name,nt_code,nt_align_code,is_A,is_C,is_G,is_U,is_other,dbn,paired,nb_interact,pair_type_LW,pair_type_DSSR,alpha,beta,gamma,delta,epsilon,zeta,epsilon_zeta,chi,bb_type,glyco_bond,form,ssZp,Dp,eta,theta,eta_prime,theta_prime,eta_base,theta_base,v0,v1,v2,v3,v4,amplitude,phase_angle,puckering
1,1,0.01,U,U,U,0,0,0,1,0,(,72,1,cWW,cW-W,,4.19,4.91,1.35,2.64,6.02,2.91,3.92,BI,anti,.,3.43,4.04,,2.68,,3.03,,3.77,0.00,5.89,0.60,5.68,0.38,35.87,0.31,C3'-endo
2,2,0.03,C,C,C,0,1,0,0,0,(,71,1,cWW,cW-W,4.43,3.22,0.88,1.43,3.41,4.99,4.70,3.43,BI,anti,A,4.49,4.54,2.67,3.55,3.00,3.65,3.90,4.04,0.01,5.87,0.63,5.63,0.40,38.20,0.32,C3'-endo
3,3,0.04,C,C,C,0,1,0,0,0,(,70,1,cWW,cW-W,4.69,3.64,1.09,1.45,3.48,4.89,4.87,3.56,BI,anti,A,4.35,4.55,2.90,3.64,2.97,3.66,3.50,3.97,0.02,5.87,0.63,5.65,0.39,37.57,0.30,C3'-endo
4,4,0.05,G,G,G,0,0,1,0,0,(,69,1,cWW,cW-W,5.52,2.87,0.87,1.43,3.15,5.47,3.96,3.34,BI,anti,A,4.42,4.43,3.00,4.01,3.30,3.99,3.93,4.71,6.28,5.87,0.63,5.64,0.41,38.05,0.32,C3'-endo
5,5,0.07,U,U,U,0,0,0,1,0,(,68,1,cWW,cW-W,4.31,3.78,1.15,1.42,3.14,5.28,4.14,3.65,BI,anti,.,4.25,4.47,2.87,3.62,3.20,3.52,4.26,3.69,6.27,5.89,0.61,5.65,0.40,36.89,0.34,C3'-endo
6,6,0.08,G,G,G,0,0,1,0,0,(,67,1,cWW,cW-W,4.16,2.83,1.86,1.39,4.23,4.52,5.99,3.19,..,anti,A,4.66,4.71,2.97,3.66,3.09,3.85,3.49,4.43,0.00,5.89,0.61,5.65,0.40,37.13,0.33,C3'-endo
7,7,0.09,A,A,A,1,0,0,0,0,(,66,1,cWW,cW-W,5.84,2.77,0.81,2.57,2.65,1.00,1.65,4.17,..,anti,.,1.57,2.16,2.90,0.05,3.89,5.35,4.53,5.81,5.89,0.63,5.67,0.40,6.27,37.12,2.83,C2'-endo
8,8,0.11,4SU,u,U,0,0,0,0,1,.,"14,46,48",3,"tWH,cSS,cSS","tW-M,cm-m,cm-m",4.63,2.63,0.89,1.47,4.78,3.68,1.10,3.75,..,anti,.,2.75,4.39,2.77,3.16,3.55,3.54,3.92,3.03,0.06,5.83,0.65,5.65,0.36,38.33,0.23,C3'-endo
9,9,0.12,A,A,A,1,0,0,0,0,.,13,1,tHW,tM-W,4.40,3.74,1.06,2.55,4.40,5.10,5.58,4.91,..,anti,.,0.35,1.43,3.38,5.80,3.39,4.58,2.78,4.43,6.03,0.51,5.72,0.44,6.16,32.76,3.02,C2'-endo
10,10,0.13,A,A,A,1,0,0,0,0,(,25,1,cWW,cW-W,2.97,2.79,1.00,1.50,3.90,4.91,5.28,3.09,BI,anti,A,4.62,4.65,0.34,3.93,1.43,3.94,1.92,4.54,0.04,5.89,0.59,5.70,0.35,34.95,0.27,C3'-endo
11,11,0.14,C,C,C,0,1,0,0,0,(,24,1,cWW,cW-W,5.08,2.92,1.02,1.52,3.26,5.36,4.18,3.38,BI,anti,A,4.44,4.39,2.76,3.96,3.16,3.87,4.18,4.34,0.05,5.87,0.61,5.69,0.34,35.90,0.25,C3'-endo
12,12,0.16,A,A,A,1,0,0,0,0,(,23,1,cWW,cW-W,4.60,3.57,0.99,1.51,3.39,5.29,4.39,3.57,BI,anti,.,4.17,4.33,2.87,3.86,3.13,3.89,3.93,4.68,0.02,5.90,0.58,5.70,0.36,34.53,0.29,C3'-endo
13,13,0.17,A,A,A,1,0,0,0,0,.,"9,22",2,"tWH,tSH","tW-M,tm-M",4.92,3.21,0.92,1.46,3.07,5.01,4.35,3.71,BI,anti,.,4.09,4.33,2.81,3.63,3.20,3.35,4.30,3.03,0.08,5.85,0.61,5.70,0.32,35.49,0.21,C3'-endo
14,14,0.18,A,A,A,1,0,0,0,0,.,"8,46",2,"tHW,t.W","tM-W,t.+W",2.97,3.00,3.03,1.52,4.00,4.46,5.82,3.18,..,anti,A,4.44,4.61,3.04,2.97,2.95,3.14,2.80,3.68,0.04,5.88,0.58,5.70,0.34,34.55,0.27,C3'-endo
15,15,0.20,G,G,G,0,0,1,0,0,.,48,1,tWW,tW+W,5.48,2.46,0.87,1.43,4.62,5.09,5.81,3.37,..,anti,.,4.68,4.97,3.23,6.05,3.35,5.91,3.85,5.63,0.01,5.89,0.61,5.66,0.38,36.68,0.31,C3'-endo
16,16,0.21,C,C,C,0,1,0,0,0,.,,0,,,1.11,2.53,0.52,1.44,3.23,2.42,0.81,3.39,..,anti,.,4.52,4.48,3.65,1.31,4.12,1.31,4.58,2.52,0.01,5.86,0.64,5.63,0.40,38.52,0.30,C3'-endo
17,not resolved,0.22,-,-,-,0,0,0,0,1,,,0,,,,,,,,,,,,,,,,,,,,,,,,,,,,,
18,18,0.24,G,G,G,0,0,1,0,0,.,55,1,tWS,tW+m,1.42,3.09,5.51,2.50,4.56,3.35,1.20,4.57,BII,anti,.,1.27,0.99,4.60,2.88,4.45,3.31,2.87,3.97,5.80,0.69,5.66,0.36,0.07,39.29,2.71,C2'-endo
19,19,0.25,G,G,G,0,0,1,0,0,[,56,1,cWW,cW-W,4.88,2.80,1.12,2.52,4.69,2.96,1.73,4.44,BII,anti,.,0.33,0.93,3.89,2.48,3.96,2.35,4.36,2.24,5.92,0.57,5.73,0.37,6.27,33.59,2.83,C2'-endo
20,20,0.26,H2U,u,U,0,0,0,0,1,.,,0,,,5.52,3.84,5.13,2.57,3.68,4.01,5.95,4.50,..,anti,.,-0.70,1.67,3.56,2.20,3.09,2.47,2.90,2.62,5.92,0.62,5.65,0.44,6.23,37.31,2.90,C2'-endo
21,21,0.28,H2U,u,U,0,0,0,0,1,.,,0,,,5.61,4.53,5.61,2.64,3.57,3.52,0.05,3.95,..,anti,.,0.43,1.51,3.99,1.36,3.56,2.15,3.51,2.45,5.99,0.59,5.63,0.50,6.14,37.43,3.02,C2'-endo
22,22,0.29,A,A,A,1,0,0,0,0,.,13,1,tHS,tM-m,4.54,4.83,5.11,1.66,3.70,5.62,4.37,3.70,BI,anti,.,4.04,4.75,2.89,3.31,1.81,3.77,1.62,4.69,0.41,5.64,0.61,5.88,0.00,37.15,5.95,C2'-exo
23,23,0.30,U,U,U,0,0,0,1,0,),12,1,cWW,cW-W,5.15,2.97,0.95,1.47,3.56,4.84,5.00,3.42,BI,anti,.,4.60,4.61,2.86,3.62,3.55,3.62,4.72,3.85,0.05,5.87,0.61,5.68,0.35,36.14,0.26,C3'-endo
24,24,0.32,G,G,G,0,0,1,0,0,),11,1,cWW,cW-W,5.38,2.87,1.03,1.46,3.76,4.75,5.29,3.28,BI,anti,A,4.35,4.38,2.95,3.72,3.19,3.75,3.73,4.37,6.28,5.90,0.61,5.66,0.39,36.64,0.33,C3'-endo
25,25,0.33,U,U,U,0,0,0,1,0,),10,1,cWW,cW-W,5.37,2.86,1.17,1.45,3.48,5.52,4.25,3.21,..,anti,.,4.99,4.82,3.20,4.06,3.34,3.98,4.13,4.81,0.04,5.86,0.63,5.66,0.37,37.52,0.26,C3'-endo
26,26,0.34,A,A,A,1,0,0,0,0,.,44,1,cWW,cW-W,4.70,2.87,0.66,1.33,3.59,5.02,4.85,3.41,BI,anti,.,4.21,4.37,2.43,3.77,2.90,3.90,4.31,4.83,6.27,5.81,0.77,5.49,0.49,46.63,0.33,C3'-endo
27,27,0.36,C,C,C,0,1,0,0,0,(,43,1,cWW,cW-W,5.21,2.92,0.95,1.40,3.64,4.79,5.14,3.54,BI,anti,A,4.35,4.65,2.89,3.62,3.14,3.69,4.29,4.11,0.12,5.75,0.74,5.59,0.35,43.26,0.17,C3'-endo
28,28,0.37,C,C,C,0,1,0,0,0,(,42,1,cWW,cW-W,5.23,2.87,1.00,1.51,3.98,5.44,4.83,3.48,..,anti,A,4.37,4.72,3.07,4.11,3.19,3.88,3.74,4.00,0.12,5.78,0.69,5.64,0.32,40.24,0.15,C3'-endo
29,29,0.38,G,G,G,0,0,1,0,0,(,41,1,cWW,cW-W,4.44,1.30,2.62,1.59,4.14,3.77,0.37,2.98,..,anti,A,4.73,4.80,2.95,3.34,3.07,3.58,3.59,4.05,0.39,5.62,0.70,5.78,0.06,41.36,6.06,C2'-exo
30,30,0.39,G,G,G,0,0,1,0,0,(,40,1,cWW,cW-W,0.88,1.17,0.82,1.21,3.37,4.85,4.80,3.27,BI,anti,A,4.64,4.57,2.66,3.70,2.99,3.56,3.66,3.99,5.95,6.02,0.73,5.33,0.80,53.88,0.68,C4'-exo
31,31,0.41,A,A,A,1,0,0,0,0,(,39,1,cWW,cW-W,5.01,3.06,0.98,1.37,3.62,4.27,5.64,3.36,BI,anti,A,4.56,4.68,2.93,3.60,2.99,3.75,3.75,4.00,0.13,5.70,0.81,5.52,0.39,47.08,0.17,C3'-endo
32,32,0.42,U,U,U,0,0,0,1,0,.,38,1,cW.,cW-.,3.05,4.86,1.75,1.18,3.41,5.10,4.59,3.47,BI,anti,.,4.52,4.55,3.00,3.96,3.18,3.92,3.59,4.70,5.99,6.01,0.71,5.38,0.74,51.39,0.65,C4'-exo
33,33,0.43,U,U,U,0,0,0,1,0,.,37,1,tWH,tW-M,5.23,2.82,0.98,1.39,3.89,5.98,4.20,3.61,..,anti,.,4.62,5.17,3.12,5.38,3.28,4.49,4.31,3.51,0.02,5.83,0.70,5.57,0.43,42.02,0.30,C3'-endo
34,34,0.45,U,U,U,0,0,0,1,0,.,,0,,,2.10,2.50,0.92,1.45,3.76,5.20,4.84,3.19,BI,anti,.,4.63,4.54,5.73,4.11,0.40,4.07,0.64,4.71,6.28,5.91,0.59,5.68,0.38,35.76,0.33,C3'-endo
35,35,0.46,U,U,U,0,0,0,1,0,.,,0,,,4.97,3.28,0.88,1.42,3.92,5.02,5.19,3.34,BI,anti,A,4.59,4.68,2.88,3.93,3.19,4.00,4.19,4.68,0.03,5.87,0.63,5.66,0.37,37.21,0.27,C3'-endo
36,36,0.47,U,U,U,0,0,0,1,0,.,,0,,,5.22,2.88,0.97,1.38,3.87,4.92,5.23,3.29,BI,anti,A,4.67,4.75,2.86,3.83,3.19,3.88,4.18,4.68,0.03,5.85,0.66,5.62,0.40,39.51,0.29,C3'-endo
37,37,0.49,A,A,A,1,0,0,0,0,.,33,1,tHW,tM-W,5.21,2.91,0.98,1.48,3.84,4.98,5.14,3.45,..,anti,.,4.71,4.90,2.76,3.92,3.01,4.00,4.14,4.53,0.07,5.84,0.62,5.68,0.34,36.61,0.22,C3'-endo
38,38,0.50,U,U,U,0,0,0,1,0,.,32,1,c.W,c.-W,5.52,2.81,1.06,1.46,3.85,5.20,4.94,3.34,BI,anti,.,4.63,4.71,3.16,4.14,3.49,4.18,4.36,4.97,0.04,5.81,0.71,5.57,0.42,42.18,0.28,C3'-endo
39,39,0.51,U,U,U,0,0,0,1,0,),31,1,cWW,cW-W,5.06,2.99,0.97,1.37,3.69,4.96,5.01,3.45,BI,anti,A,4.46,4.68,2.85,3.76,3.25,3.84,4.46,4.42,0.03,5.81,0.72,5.55,0.43,43.05,0.29,C3'-endo
40,40,0.53,C,C,C,0,1,0,0,0,),30,1,cWW,cW-W,5.08,2.99,0.96,1.39,3.42,4.37,5.33,3.41,BI,anti,A,4.59,4.70,2.88,3.60,3.13,3.72,3.98,4.17,0.08,5.77,0.73,5.59,0.39,42.98,0.22,C3'-endo
41,41,0.54,C,C,C,0,1,0,0,0,),29,1,cWW,cW-W,3.14,4.79,1.70,1.25,3.94,4.82,5.40,3.41,BI,anti,.,4.38,4.65,3.17,4.00,3.30,3.90,3.85,3.97,6.07,5.97,0.71,5.43,0.66,48.15,0.57,C3'-endo
42,42,0.55,G,G,G,0,0,1,0,0,),28,1,cWW,cW-W,5.21,2.71,1.11,1.27,3.38,5.05,4.61,3.33,BI,anti,A,4.45,4.43,2.90,3.55,3.12,3.56,3.55,4.14,5.92,6.10,0.62,5.41,0.77,49.17,0.76,C4'-exo
43,43,0.57,G,G,G,0,0,1,0,0,),27,1,cWW,cW-W,5.24,2.69,1.09,1.27,3.83,5.37,4.74,3.39,BI,anti,.,4.29,4.60,3.04,3.87,3.23,3.94,4.02,4.66,6.11,5.94,0.70,5.44,0.63,46.98,0.54,C3'-endo
44,44,0.58,C,C,C,0,1,0,0,0,.,26,1,cWW,cW-W,4.63,2.02,2.43,2.54,4.45,6.01,4.72,3.50,..,anti,.,1.22,1.35,4.22,5.08,4.22,4.34,4.99,3.34,5.86,0.67,5.63,0.42,6.28,39.27,2.82,C2'-endo
45,45,0.59,U,U,U,0,0,0,1,0,.,,0,,,5.58,3.65,2.85,2.50,4.46,5.03,5.71,4.11,..,anti,.,0.81,1.02,6.11,5.06,0.98,4.63,1.69,4.91,5.93,0.59,5.70,0.40,6.25,34.77,2.87,C2'-endo
46,46,0.61,A,A,A,1,0,0,0,0,.,"8,14",2,"cSS,tW.","cm-m,tW+.",2.62,2.87,4.40,1.63,3.30,5.16,4.43,3.90,BI,anti,.,3.77,4.53,3.48,3.44,4.18,3.55,4.57,3.43,0.32,5.70,0.61,5.84,0.08,35.63,6.08,C2'-exo
47,not resolved,0.62,-,-,-,0,0,0,0,1,,,0,,,,,,,,,,,,,,,,,,,,,,,,,,,,,
48,48,0.63,U,U,U,0,0,0,1,0,.,"8,15",2,"cSS,tWW","cm-m,tW+W",2.50,3.57,3.99,2.57,3.52,2.20,1.32,3.94,..,anti,.,2.04,2.35,4.31,0.48,4.44,0.31,4.20,4.11,5.88,0.63,5.66,0.40,6.28,37.47,2.82,C2'-endo
49,49,0.64,5MC,c,C,0,0,0,0,1,(,65,1,cWW,cW-W,5.93,3.81,1.54,1.43,3.94,4.63,5.59,3.21,BI,anti,A,4.77,4.78,5.36,3.84,5.61,3.84,2.10,4.07,0.02,5.86,0.62,5.65,0.39,37.27,0.30,C3'-endo
50,50,0.66,G,G,G,0,0,1,0,0,(,64,1,cWW,cW-W,5.74,2.96,0.29,1.40,3.33,4.85,4.77,3.55,BI,anti,A,4.28,4.47,2.91,3.81,3.05,3.82,3.55,4.32,6.28,5.90,0.61,5.64,0.41,36.88,0.34,C3'-endo
51,51,0.67,G,G,G,0,0,1,0,0,(,63,1,cWW,cW-W,3.12,3.66,2.62,1.40,4.26,4.69,5.85,3.11,..,anti,A,4.61,4.64,2.92,3.75,3.16,3.76,3.86,4.49,6.28,5.88,0.63,5.64,0.40,37.77,0.32,C3'-endo
52,52,0.68,G,G,G,0,0,1,0,0,(,62,1,cWW,cW-W,5.59,2.72,0.54,1.40,3.24,4.63,4.90,3.43,BI,anti,A,4.51,4.54,2.71,3.79,3.06,3.71,4.15,3.93,0.02,5.87,0.61,5.66,0.39,36.75,0.30,C3'-endo
53,53,0.70,G,G,G,0,0,1,0,0,(,61,1,cWW,cW-W,2.79,4.00,2.90,1.38,4.42,4.43,6.28,2.85,..,anti,A,4.70,4.70,3.09,3.60,3.28,3.66,3.78,4.18,6.28,5.89,0.61,5.64,0.41,37.29,0.34,C3'-endo
54,54,0.71,5MU,t,U,0,0,0,0,1,.,58,1,tWH,tW-M,5.69,2.73,0.55,1.41,3.93,4.56,5.66,3.63,BI,anti,.,4.12,4.73,2.91,3.95,3.10,4.06,3.81,4.73,6.28,5.89,0.61,5.65,0.40,37.08,0.33,C3'-endo
55,55,0.72,PSU,P,U,0,0,0,0,1,.,18,1,tSW,tm+W,0.08,2.55,0.21,1.44,3.67,5.07,4.88,3.74,BI,anti,.,4.10,4.73,3.02,4.28,3.29,3.59,4.15,2.53,0.01,5.87,0.63,5.64,0.41,37.99,0.32,C3'-endo
56,56,0.74,C,C,C,0,1,0,0,0,],19,1,cWW,cW-W,2.89,3.06,0.82,1.49,3.88,4.98,5.19,3.42,BI,anti,.,4.45,4.76,0.49,3.94,0.81,4.05,0.39,4.74,0.06,5.82,0.67,5.63,0.37,39.33,0.24,C3'-endo
57,57,0.75,A,A,A,1,0,0,0,0,.,,0,,,5.51,2.89,0.79,1.43,3.53,5.47,4.34,3.33,BI,anti,.,4.51,4.56,2.97,3.98,3.32,4.11,4.29,4.40,0.01,5.88,0.62,5.65,0.40,37.42,0.31,C3'-endo
58,58,0.76,A,A,A,1,0,0,0,0,.,54,1,tHW,tM-W,5.14,4.00,1.04,2.56,3.72,3.55,0.17,4.96,..,anti,.,1.55,2.06,3.72,3.95,4.10,3.11,4.26,2.52,5.89,0.62,5.68,0.39,6.28,36.64,2.82,C2'-endo
59,59,0.78,U,U,U,0,0,0,1,0,.,,0,,,2.12,3.35,1.20,1.46,4.15,5.06,5.38,3.15,..,anti,.,4.69,4.72,0.61,4.20,0.68,4.41,0.86,5.40,6.27,5.89,0.62,5.63,0.41,37.95,0.34,C3'-endo
60,60,0.79,U,U,U,0,0,0,1,0,.,,0,,,5.32,2.89,1.03,2.48,4.77,4.98,6.08,4.05,..,anti,.,0.94,1.05,3.36,5.49,4.01,5.05,5.16,5.61,5.87,0.64,5.66,0.39,0.01,37.52,2.81,C2'-endo
61,61,0.80,C,C,C,0,1,0,0,0,),53,1,cWW,cW-W,4.90,3.27,0.60,1.41,3.18,5.38,4.09,3.26,BI,anti,.,4.48,4.49,2.06,3.71,2.85,3.74,3.49,4.04,0.01,5.88,0.61,5.66,0.40,36.58,0.32,C3'-endo
62,62,0.82,C,C,C,0,1,0,0,0,),52,1,cWW,cW-W,4.46,3.16,1.49,1.38,4.27,4.70,5.86,3.05,..,anti,A,4.84,4.80,3.06,3.81,3.25,3.87,3.78,4.56,0.03,5.86,0.62,5.65,0.38,37.04,0.29,C3'-endo
63,63,0.83,C,C,C,0,1,0,0,0,),51,1,cWW,cW-W,4.90,2.67,1.39,1.43,4.01,4.40,5.89,3.18,..,anti,A,4.74,4.74,2.83,3.66,3.10,3.68,4.07,4.09,6.27,5.89,0.62,5.63,0.42,37.97,0.35,C3'-endo
64,64,0.84,C,C,C,0,1,0,0,0,),50,1,cWW,cW-W,5.86,2.60,0.50,1.43,3.39,5.03,4.64,3.48,BI,anti,A,4.45,4.53,2.83,3.69,3.03,3.69,3.76,4.09,0.02,5.86,0.63,5.64,0.40,37.93,0.30,C3'-endo
65,65,0.86,G,G,G,0,0,1,0,0,),49,1,cWW,cW-W,4.99,3.33,1.05,1.44,3.09,5.31,4.06,3.58,BI,anti,A,4.26,4.39,2.97,3.70,3.17,3.71,3.82,4.09,6.27,5.89,0.62,5.64,0.41,37.59,0.34,C3'-endo
66,66,0.87,U,U,U,0,0,0,1,0,),7,1,cWW,cW-W,4.79,3.56,0.91,1.42,3.36,5.15,4.49,3.73,BI,anti,A,3.94,4.41,2.97,3.74,3.15,3.75,3.72,4.32,0.02,5.88,0.62,5.66,0.38,36.84,0.29,C3'-endo
67,67,0.88,C,C,C,0,1,0,0,0,),6,1,cWW,cW-W,4.95,3.10,0.98,1.40,3.48,4.94,4.82,3.43,BI,anti,A,4.58,4.65,2.82,3.59,3.06,3.58,3.91,3.76,0.03,5.86,0.63,5.65,0.39,37.35,0.29,C3'-endo
68,68,0.89,G,G,G,0,0,1,0,0,),5,1,cWW,cW-W,4.97,3.19,0.91,1.44,3.14,5.57,3.85,3.29,BI,anti,.,4.43,4.45,2.88,3.93,3.04,3.95,3.47,4.49,6.28,5.89,0.62,5.63,0.42,37.72,0.34,C3'-endo
69,69,0.91,C,C,C,0,1,0,0,0,),4,1,cWW,cW-W,4.75,3.57,0.93,1.40,3.76,4.61,5.44,3.60,BI,anti,A,4.28,4.72,3.05,3.58,3.29,3.63,4.10,3.96,0.02,5.87,0.62,5.65,0.39,36.95,0.30,C3'-endo
70,70,0.92,G,G,G,0,0,1,0,0,),3,1,cWW,cW-W,5.77,2.68,0.38,1.41,3.11,5.13,4.26,3.46,BI,anti,A,4.41,4.45,2.76,3.54,2.97,3.59,3.55,4.05,0.00,5.88,0.62,5.64,0.41,37.46,0.32,C3'-endo
71,71,0.93,G,G,G,0,0,1,0,0,),2,1,cWW,cW-W,4.72,3.44,1.20,1.45,3.10,5.15,4.24,3.31,BI,anti,A,4.32,4.35,2.96,3.79,3.20,3.75,3.90,4.15,6.27,5.89,0.62,5.63,0.42,37.63,0.34,C3'-endo
72,72,0.95,A,A,A,1,0,0,0,0,),1,1,cWW,cW-W,4.22,3.65,1.49,1.42,2.94,6.00,3.23,3.27,BI,anti,A,4.49,4.52,2.97,4.10,3.21,3.89,3.92,4.16,0.02,5.87,0.62,5.66,0.38,36.89,0.30,C3'-endo
73,73,0.96,G,G,G,0,0,1,0,0,.,,0,,,3.82,2.57,1.96,1.43,3.45,5.29,4.44,2.94,BI,anti,.,4.29,4.50,2.72,3.70,3.20,3.65,4.04,4.09,6.27,5.89,0.61,5.65,0.42,37.16,0.35,C3'-endo
74,74,0.97,C,C,C,0,1,0,0,0,.,,0,,,5.36,3.46,0.97,1.40,4.08,4.69,5.68,3.30,..,anti,A,4.49,4.67,3.50,3.81,3.74,3.93,4.37,4.23,0.11,5.75,0.73,5.62,0.36,42.50,0.17,C3'-endo
75,75,0.99,C,C,C,0,1,0,0,0,.,,0,,,5.61,2.55,0.99,1.29,3.80,5.76,4.32,3.25,..,anti,.,4.04,4.08,2.83,4.52,3.16,4.53,3.78,4.80,6.25,5.88,0.66,5.57,0.47,40.49,0.38,C3'-endo
76,76,1.00,A,A,A,1,0,0,0,0,.,,0,,,5.39,3.41,1.84,2.30,,,,3.45,n/a,anti,-,,,,,,,,,5.78,0.67,5.69,0.32,0.11,38.53,2.66,C2'-endo
