index_chain,old_nt_resnum,nt_position,nt_name,nt_code,nt_align_code,is_A,is_C,is_G,is_U,is_other,dbn,paired,nb_interact,pair_type_LW,pair_type_DSSR,alpha,beta,gamma,delta,epsilon,zeta,epsilon_zeta,chi,bb_type,glyco_bond,form,ssZp,Dp,eta,theta,eta_prime,theta_prime,eta_base,theta_base,v0,v1,v2,v3,v4,amplitude,phase_angle,puckering
1,2094,0.01,G,G,G,0,0,1,0,0,(,102,1,cWW,cW-W,,3.29,2.95,1.48,4.29,5.00,5.57,3.18,..,anti,A,4.61,4.79,,3.84,,3.92,,4.60,0.24,5.71,0.68,5.72,0.20,38.89,6.26,C2'-exo
2,2095,0.02,C,C,C,0,1,0,0,0,(,101,1,cWW,cW-W,5.58,2.94,0.61,1.35,3.25,4.83,4.71,3.67,BI,anti,A,4.27,4.41,2.76,3.71,3.18,3.65,4.17,4.10,6.27,5.89,0.63,5.64,0.41,38.01,0.34,C3'-endo
3,2096,0.03,U,U,U,0,0,0,1,0,(,100,1,cWW,cW-W,2.82,3.61,2.97,1.45,3.89,5.03,5.14,3.52,BI,anti,A,4.24,4.73,2.97,3.60,3.20,3.61,3.87,4.09,0.13,5.82,0.61,5.73,0.27,35.19,0.13,C3'-endo
4,2097,0.04,C,C,C,0,1,0,0,0,(,99,1,cWW,cW-W,5.29,3.11,0.69,1.42,3.62,5.06,4.85,3.31,BI,anti,A,4.67,4.62,2.85,3.75,3.10,3.81,3.84,4.34,0.05,5.85,0.63,5.66,0.36,37.46,0.25,C3'-endo
5,2098,0.05,U,U,U,0,0,0,1,0,(,98,1,cWW,cW-W,5.35,2.88,0.97,1.42,3.65,4.14,5.79,3.52,..,anti,A,4.46,4.60,3.03,3.69,3.33,3.62,4.12,3.86,0.01,5.89,0.61,5.67,0.39,36.48,0.31,C3'-endo
6,2099,0.06,U,U,U,0,0,0,1,0,(,97,1,cWW,cW-W,2.38,4.25,3.09,1.53,3.96,5.54,4.70,2.92,..,anti,.,4.20,4.33,3.02,4.02,3.24,3.61,3.72,3.50,6.28,5.94,0.55,5.71,0.36,33.24,0.34,C3'-endo
7,2100,0.07,G,G,G,0,0,1,0,0,(,96,1,cWW,cW-W,3.66,1.92,2.78,1.55,4.12,4.90,5.50,3.00,..,anti,A,4.27,4.43,2.88,3.17,2.99,3.44,3.16,4.10,0.06,5.90,0.54,5.76,0.30,31.71,0.23,C3'-endo
8,2101,0.08,G,G,G,0,0,1,0,0,(,95,1,cWW,cW-W,5.32,2.87,0.83,1.48,3.34,5.08,4.55,3.58,BI,anti,.,3.84,4.07,2.81,4.16,3.22,3.98,4.04,5.17,6.21,5.99,0.52,5.70,0.41,33.16,0.45,C3'-endo
9,2102,0.09,U,U,U,0,0,0,1,0,.,,0,,,2.71,3.44,2.94,1.47,4.59,3.82,0.77,0.68,..,syn,.,-2.77,4.48,2.93,3.53,3.19,3.44,4.73,2.71,0.03,5.90,0.57,5.70,0.34,34.07,0.28,C3'-endo
10,2103,0.10,C,C,C,0,1,0,0,0,(,93,1,cWW,cW-W,1.87,4.26,3.01,1.44,4.52,5.03,5.77,3.21,..,anti,.,4.61,4.75,2.60,4.18,2.82,3.81,2.31,4.54,0.06,5.85,0.62,5.68,0.34,36.22,0.23,C3'-endo
11,2104,0.11,G,G,G,0,0,1,0,0,.,92,1,cHW,cM+W,0.75,4.38,5.06,1.43,3.82,5.27,4.83,0.09,BI,syn,.,-3.94,4.16,3.34,3.55,3.35,3.74,4.43,3.84,6.11,6.06,0.51,5.65,0.51,35.66,0.60,C3'-endo
12,2105,0.12,C,C,C,0,1,0,0,0,(,91,1,cWW,cW-W,2.41,3.52,2.91,1.43,3.88,4.90,5.26,3.61,BI,anti,.,4.20,4.73,2.32,3.52,2.98,3.58,3.27,4.10,0.08,5.83,0.63,5.68,0.33,36.78,0.21,C3'-endo
13,2106,0.13,G,G,G,0,0,1,0,0,(,90,1,cWW,cW-W,5.53,2.87,0.80,1.43,4.08,4.56,5.80,3.28,..,anti,.,4.61,4.71,3.12,4.27,3.37,4.05,4.08,4.16,0.03,5.86,0.62,5.66,0.37,37.13,0.27,C3'-endo
14,2107,0.14,C,C,C,0,1,0,0,0,(,89,1,cWW,cW-W,2.56,3.50,2.99,1.47,3.31,5.03,4.57,3.56,BI,anti,A,4.40,4.46,2.45,3.67,2.84,3.53,3.31,4.02,0.09,5.83,0.63,5.68,0.33,36.96,0.20,C3'-endo
15,2108,0.15,C,C,C,0,1,0,0,0,(,88,1,cWW,cW-W,2.79,3.54,2.97,1.48,3.93,5.25,4.97,3.18,BI,anti,.,4.66,4.68,2.90,3.88,3.22,3.96,4.09,4.69,0.11,5.83,0.60,5.72,0.28,34.94,0.15,C3'-endo
16,2109,0.16,U,U,U,0,0,0,1,0,.,87,1,cWW,cW-W,5.34,3.03,0.87,1.52,4.66,3.67,0.99,3.24,..,anti,.,3.96,4.27,3.28,4.07,3.68,4.18,4.64,4.46,6.27,5.94,0.55,5.71,0.37,33.22,0.34,C3'-endo
17,2110,0.17,G,G,G,0,0,1,0,0,(,86,1,cWW,cW-W,1.98,4.43,3.09,2.50,4.21,0.90,3.31,3.80,..,anti,.,1.39,1.43,3.30,0.05,3.60,6.05,3.90,0.13,5.92,0.58,5.71,0.38,6.27,34.23,2.84,C2'-endo
18,2111,0.18,C,C,C,0,1,0,0,0,.,,0,,,3.13,2.39,3.22,1.48,4.81,3.41,1.40,4.14,BII,anti,.,1.44,4.37,3.40,6.28,3.64,4.33,3.67,3.70,6.28,5.91,0.58,5.69,0.38,35.00,0.33,C3'-endo
19,2112,0.19,G,G,G,0,0,1,0,0,.,,0,,,3.63,4.88,4.83,1.52,3.92,5.48,4.73,3.06,BI,anti,.,4.37,4.46,3.22,3.18,5.08,3.52,5.76,4.75,0.02,5.92,0.54,5.73,0.33,32.43,0.29,C3'-endo
20,2113,0.20,U,U,U,0,0,0,1,0,.,76,1,...,....,4.59,3.29,0.91,1.44,3.50,5.39,4.39,3.72,BI,anti,.,3.98,4.46,2.40,4.27,2.94,4.05,4.35,4.37,0.01,5.90,0.59,5.68,0.37,35.42,0.31,C3'-endo
21,2114,0.21,A,A,A,1,0,0,0,0,.,77,1,tWH,tW+M,2.87,2.86,3.14,1.48,4.18,5.06,5.40,2.73,..,anti,.,4.35,4.61,2.92,4.26,3.13,4.46,3.76,5.58,0.02,5.89,0.59,5.69,0.36,35.18,0.29,C3'-endo
22,2115,0.22,G,G,G,0,0,1,0,0,.,26,1,tWH,tW-M,2.54,4.11,2.86,1.55,4.79,5.40,5.67,3.44,..,anti,.,3.87,4.42,2.83,4.56,3.54,3.62,5.05,2.90,0.03,5.91,0.55,5.73,0.34,32.91,0.28,C3'-endo
23,2116,0.23,G,G,G,0,0,1,0,0,.,78,1,tHW,tM-W,5.31,4.77,3.38,1.64,4.75,5.18,5.86,3.54,..,anti,.,3.27,3.96,0.79,4.21,1.32,4.48,1.15,5.21,6.22,6.01,0.49,5.74,0.38,30.91,0.44,C3'-endo
24,2117,0.24,A,A,A,1,0,0,0,0,.,78,1,cWW,cW-W,5.11,3.28,1.09,2.53,3.56,4.42,5.43,5.78,BI,...,.,0.15,1.92,2.67,4.09,3.63,3.25,4.35,2.82,5.95,0.58,5.70,0.40,6.24,34.29,2.89,C2'-endo
25,2118,0.25,U,U,U,0,0,0,1,0,.,,0,,,5.71,3.49,3.04,1.55,4.79,3.59,1.21,3.70,BII,anti,.,3.10,4.45,0.10,3.60,0.06,3.37,0.44,3.26,0.04,5.89,0.57,5.72,0.33,33.95,0.25,C3'-endo
26,2119,0.25,A,A,A,1,0,0,0,0,.,22,1,tHW,tM-W,0.60,1.94,2.89,2.49,3.98,5.09,5.18,3.55,BI,anti,.,1.91,1.88,0.36,4.22,0.31,3.99,0.11,3.22,5.98,0.53,5.74,0.38,6.23,31.86,2.90,C2'-endo
27,2120,0.26,G,G,G,0,0,1,0,0,(,85,1,cWW,cW-W,1.29,2.73,0.96,1.48,3.54,5.14,4.68,3.10,BI,anti,A,4.43,4.49,4.87,3.88,5.84,3.86,0.34,4.35,0.02,5.90,0.58,5.70,0.35,34.55,0.29,C3'-endo
28,2121,0.27,G,G,G,0,0,1,0,0,(,84,1,cWW,cW-W,5.07,3.29,0.90,1.50,4.38,3.76,0.62,3.47,..,anti,.,4.03,4.61,3.24,3.79,3.42,3.74,4.09,3.79,0.06,5.88,0.58,5.72,0.32,34.07,0.23,C3'-endo
29,2122,0.28,U,U,U,0,0,0,1,0,(,83,1,cWW,cW-W,1.66,4.58,3.15,1.52,3.67,5.48,4.48,3.12,BI,anti,.,4.39,4.48,2.72,4.39,3.08,3.90,3.38,4.43,0.02,5.91,0.56,5.71,0.35,33.85,0.30,C3'-endo
30,2123,0.29,G,G,G,0,0,1,0,0,(,82,1,cWW,cW-W,2.70,2.83,3.04,1.49,3.85,5.12,5.02,3.28,BI,anti,A,4.49,4.62,2.57,3.34,2.96,3.50,3.99,4.10,0.07,5.86,0.59,5.71,0.31,34.48,0.21,C3'-endo
31,2124,0.30,G,G,G,0,0,1,0,0,(,81,1,cWW,cW-W,5.04,3.26,0.80,1.45,3.76,5.20,4.85,3.53,BI,anti,.,4.41,4.66,2.83,4.02,3.09,4.17,3.82,5.03,0.02,5.88,0.60,5.67,0.38,36.22,0.30,C3'-endo
32,2125,0.31,G,G,G,0,0,1,0,0,.,79,1,tSH,tm-M,5.40,2.92,0.96,1.46,4.17,3.63,0.55,3.92,..,anti,.,3.15,4.67,3.21,3.01,3.62,3.22,4.67,3.67,6.27,5.90,0.60,5.65,0.41,36.79,0.35,C3'-endo
33,2126,0.32,A,A,A,1,0,0,0,0,.,,0,,,5.69,1.89,1.11,1.40,1.50,5.49,2.29,4.35,..,anti,.,1.46,2.76,3.31,3.06,3.80,2.56,4.05,2.88,0.06,5.89,0.55,5.75,0.30,32.48,0.22,C3'-endo
34,2127,0.33,G,G,G,0,0,1,0,0,.,,0,,,3.36,3.96,3.04,1.55,4.20,3.54,0.66,3.56,..,anti,.,3.90,4.45,4.24,3.11,4.15,3.01,4.33,2.91,6.27,5.94,0.56,5.70,0.38,33.94,0.35,C3'-endo
35,2128,0.34,C,C,C,0,1,0,0,0,(,67,1,cWW,cW-W,1.77,4.57,2.91,1.53,3.78,4.93,5.14,3.68,BI,anti,.,4.01,4.57,2.57,4.24,2.92,3.74,3.06,3.73,0.07,5.88,0.55,5.75,0.29,32.01,0.21,C3'-endo
36,2129,0.35,C,C,C,0,1,0,0,0,.,37,1,cHS,cM+m,1.02,3.19,5.01,1.54,3.79,5.96,4.12,3.87,..,anti,.,3.59,4.64,2.96,3.96,3.13,4.39,3.51,5.16,0.11,5.83,0.59,5.73,0.27,34.43,0.14,C3'-endo
37,2130,0.36,U,U,U,0,0,0,1,0,.,36,1,cSH,cm+M,4.78,2.27,2.65,2.54,3.70,2.59,1.11,4.20,..,anti,.,1.44,1.69,4.65,1.51,5.11,2.11,5.80,2.51,5.98,0.55,5.71,0.42,6.21,33.61,2.94,C2'-endo
38,not resolved,0.37,-,-,-,0,0,0,0,1,,,0,,,,,,,,,,,,,,,,,,,,,,,,,,,,,
39,not resolved,0.38,-,-,-,0,0,0,0,1,,,0,,,,,,,,,,,,,,,,,,,,,,,,,,,,,
40,not resolved,0.39,-,-,-,0,0,0,0,1,,,0,,,,,,,,,,,,,,,,,,,,,,,,,,,,,
41,not resolved,0.40,-,-,-,0,0,0,0,1,,,0,,,,,,,,,,,,,,,,,,,,,,,,,,,,,
42,not resolved,0.41,-,-,-,0,0,0,0,1,,,0,,,,,,,,,,,,,,,,,,,,,,,,,,,,,
43,not resolved,0.42,-,-,-,0,0,0,0,1,,,0,,,,,,,,,,,,,,,,,,,,,,,,,,,,,
44,not resolved,0.43,-,-,-,0,0,0,0,1,,,0,,,,,,,,,,,,,,,,,,,,,,,,,,,,,
45,not resolved,0.44,-,-,-,0,0,0,0,1,,,0,,,,,,,,,,,,,,,,,,,,,,,,,,,,,
46,not resolved,0.45,-,-,-,0,0,0,0,1,,,0,,,,,,,,,,,,,,,,,,,,,,,,,,,,,
47,not resolved,0.46,-,-,-,0,0,0,0,1,,,0,,,,,,,,,,,,,,,,,,,,,,,,,,,,,
48,not resolved,0.47,-,-,-,0,0,0,0,1,,,0,,,,,,,,,,,,,,,,,,,,,,,,,,,,,
49,not resolved,0.48,-,-,-,0,0,0,0,1,,,0,,,,,,,,,,,,,,,,,,,,,,,,,,,,,
50,not resolved,0.49,-,-,-,0,0,0,0,1,,,0,,,,,,,,,,,,,,,,,,,,,,,,,,,,,
51,not resolved,0.50,-,-,-,0,0,0,0,1,,,0,,,,,,,,,,,,,,,,,,,,,,,,,,,,,
52,not resolved,0.51,-,-,-,0,0,0,0,1,,,0,,,,,,,,,,,,,,,,,,,,,,,,,,,,,
53,not resolved,0.52,-,-,-,0,0,0,0,1,,,0,,,,,,,,,,,,,,,,,,,,,,,,,,,,,
54,not resolved,0.53,-,-,-,0,0,0,0,1,,,0,,,,,,,,,,,,,,,,,,,,,,,,,,,,,
55,not resolved,0.54,-,-,-,0,0,0,0,1,,,0,,,,,,,,,,,,,,,,,,,,,,,,,,,,,
56,not resolved,0.55,-,-,-,0,0,0,0,1,,,0,,,,,,,,,,,,,,,,,,,,,,,,,,,,,
57,not resolved,0.56,-,-,-,0,0,0,0,1,,,0,,,,,,,,,,,,,,,,,,,,,,,,,,,,,
58,not resolved,0.57,-,-,-,0,0,0,0,1,,,0,,,,,,,,,,,,,,,,,,,,,,,,,,,,,
59,not resolved,0.58,-,-,-,0,0,0,0,1,,,0,,,,,,,,,,,,,,,,,,,,,,,,,,,,,
60,not resolved,0.59,-,-,-,0,0,0,0,1,,,0,,,,,,,,,,,,,,,,,,,,,,,,,,,,,
61,not resolved,0.60,-,-,-,0,0,0,0,1,,,0,,,,,,,,,,,,,,,,,,,,,,,,,,,,,
62,not resolved,0.61,-,-,-,0,0,0,0,1,,,0,,,,,,,,,,,,,,,,,,,,,,,,,,,,,
63,not resolved,0.62,-,-,-,0,0,0,0,1,,,0,,,,,,,,,,,,,,,,,,,,,,,,,,,,,
64,not resolved,0.63,-,-,-,0,0,0,0,1,,,0,,,,,,,,,,,,,,,,,,,,,,,,,,,,,
65,not resolved,0.64,-,-,-,0,0,0,0,1,,,0,,,,,,,,,,,,,,,,,,,,,,,,,,,,,
66,2159,0.65,G,G,G,0,0,1,0,0,.,,0,,,2.45,3.94,3.06,2.51,3.69,2.80,0.89,3.82,..,anti,.,2.08,2.06,3.52,2.60,3.52,1.91,3.55,1.38,6.03,0.50,5.75,0.41,6.19,31.18,2.99,C2'-endo
67,2160,0.66,G,G,G,0,0,1,0,0,),35,1,cWW,cW-W,1.51,4.22,3.09,1.53,3.51,5.62,4.17,4.10,BI,anti,.,3.10,4.44,2.60,4.53,2.60,4.12,2.28,4.00,0.03,5.89,0.59,5.69,0.35,34.98,0.28,C3'-endo
68,2161,0.67,C,C,C,0,1,0,0,0,.,,0,,,1.53,3.31,5.19,1.44,4.27,4.40,6.16,3.53,..,anti,.,4.11,4.60,3.81,3.97,4.19,3.72,4.55,2.50,6.26,5.92,0.59,5.66,0.40,36.13,0.36,C3'-endo
69,2162,0.68,G,G,G,0,0,1,0,0,.,70,1,cSW,cm-W,3.10,4.42,1.04,2.52,4.55,2.59,1.96,3.41,BII,anti,.,1.69,1.49,1.49,3.29,2.19,3.21,1.11,3.96,6.04,0.49,5.76,0.40,6.19,30.54,3.00,C2'-endo
70,2163,0.69,C,C,C,0,1,0,0,0,.,69,1,cWS,cW-m,5.43,1.97,0.97,1.44,4.61,5.94,4.96,4.73,..,anti,.,-0.87,4.46,3.66,5.22,3.73,5.22,4.29,5.65,6.27,5.91,0.58,5.68,0.39,35.50,0.34,C3'-endo
71,2164,0.70,C,C,C,0,1,0,0,0,.,,0,,,4.50,1.98,3.06,2.45,3.79,6.20,3.87,0.78,..,syn,.,-2.10,2.02,4.19,4.67,4.61,4.67,5.17,4.11,5.95,0.55,5.74,0.36,6.27,32.41,2.84,C2'-endo
72,2165,0.71,G,G,G,0,0,1,0,0,.,78,1,cHH,cM-M,3.56,3.00,1.05,1.47,3.33,4.98,4.64,4.37,BI,anti,.,2.17,4.29,1.42,4.14,2.41,4.04,2.32,4.72,6.28,5.92,0.57,5.69,0.38,34.53,0.34,C3'-endo
73,2166,0.72,G,G,G,0,0,1,0,0,.,,0,,,2.81,3.74,2.90,1.51,3.78,5.26,4.81,3.97,BI,anti,.,3.21,4.58,2.91,3.87,3.39,3.84,4.30,4.32,0.07,5.86,0.59,5.71,0.32,34.43,0.22,C3'-endo
74,2167,0.73,U,U,U,0,0,0,1,0,.,77,1,tWH,tW-M,5.15,3.14,0.91,1.48,3.94,5.46,4.76,3.81,BI,anti,.,3.55,4.44,3.00,4.78,3.37,3.96,4.08,3.02,6.25,5.94,0.56,5.68,0.40,34.82,0.38,C3'-endo
75,2168,0.74,G,G,G,0,0,1,0,0,.,,0,,,2.66,2.60,0.99,1.51,3.81,5.25,4.84,3.49,BI,anti,.,4.32,4.53,0.05,4.25,0.78,4.19,0.62,5.03,0.01,5.90,0.58,5.70,0.36,34.54,0.30,C3'-endo
76,2169,0.75,A,A,A,1,0,0,0,0,.,20,1,...,....,4.81,3.20,0.93,1.52,4.09,4.15,6.23,3.60,..,anti,.,3.95,4.58,2.79,3.59,3.16,3.87,4.32,4.14,0.06,5.88,0.57,5.73,0.31,33.77,0.23,C3'-endo
77,2170,0.75,A,A,A,1,0,0,0,0,.,"21,74",2,"tHW,tHW","tM+W,tM-W",6.11,2.64,0.98,2.52,3.66,3.13,0.54,4.40,..,anti,B,1.75,1.83,3.57,3.63,4.05,3.14,4.03,3.70,5.90,0.62,5.67,0.41,6.27,36.55,2.84,C2'-endo
78,2171,0.76,A,A,A,1,0,0,0,0,.,"23,24,72",3,"tWH,cWW,cHH","tW-M,cW-W,cM-M",1.91,4.25,3.30,2.49,3.83,0.04,3.80,3.65,..,anti,.,1.65,1.90,3.80,5.28,3.61,5.24,4.15,5.65,5.88,0.60,5.72,0.35,0.03,34.63,2.76,C2'-endo
79,2172,0.77,U,U,U,0,0,0,1,0,.,32,1,tHS,tM-m,4.10,3.93,0.95,1.51,3.98,5.16,5.10,3.11,BI,anti,.,4.07,4.20,2.67,4.22,3.34,4.38,3.71,5.48,6.20,5.99,0.53,5.68,0.43,34.18,0.46,C3'-endo
80,not resolved,0.78,-,-,-,0,0,0,0,1,,,0,,,,,,,,,,,,,,,,,,,,,,,,,,,,,
81,2174,0.79,C,C,C,0,1,0,0,0,),31,1,cWW,cW-W,5.18,2.76,1.01,1.47,3.53,5.03,4.79,3.64,BI,anti,.,4.13,4.39,2.73,3.73,3.31,3.66,4.75,3.90,6.28,5.92,0.57,5.70,0.37,34.32,0.33,C3'-endo
82,2175,0.80,C,C,C,0,1,0,0,0,),30,1,cWW,cW-W,5.10,3.14,0.96,1.46,3.80,4.96,5.12,3.56,BI,anti,.,4.19,4.46,3.06,4.10,3.22,3.95,3.64,4.32,6.21,5.97,0.55,5.67,0.44,35.19,0.45,C3'-endo
83,2176,0.81,A,A,A,1,0,0,0,0,),29,1,cWW,cW-W,0.98,3.54,4.80,1.63,3.70,4.90,5.08,3.56,BI,anti,.,4.22,4.62,3.02,2.99,3.19,3.24,3.85,3.84,0.24,5.76,0.59,5.81,0.15,33.85,6.21,C2'-exo
84,2177,0.82,C,C,C,0,1,0,0,0,),28,1,cWW,cW-W,5.31,2.79,0.89,1.43,3.47,5.18,4.58,3.78,BI,anti,.,3.92,4.54,2.85,4.36,3.17,4.19,3.83,4.68,0.04,5.86,0.63,5.66,0.37,37.17,0.27,C3'-endo
85,2178,0.83,C,C,C,0,1,0,0,0,),27,1,cWW,cW-W,2.52,3.53,3.29,1.48,3.85,4.39,5.75,3.47,..,anti,.,4.42,4.63,3.04,3.34,3.40,3.26,4.34,3.39,0.07,5.84,0.62,5.69,0.33,36.38,0.21,C3'-endo
86,2179,0.84,C,C,C,0,1,0,0,0,),17,1,cWW,cW-W,2.43,3.68,3.10,1.43,4.33,5.04,5.57,3.17,..,anti,A,4.69,4.80,2.76,3.89,2.90,3.94,3.17,4.63,0.11,5.80,0.65,5.68,0.31,37.74,0.16,C3'-endo
87,2180,0.85,U,U,U,0,0,0,1,0,.,16,1,cWW,cW-W,5.09,3.19,0.79,1.45,3.77,4.91,5.14,3.63,BI,anti,A,4.21,4.59,2.69,3.72,3.04,3.75,3.99,4.32,0.04,5.87,0.60,5.68,0.36,35.83,0.27,C3'-endo
88,2181,0.86,G,G,G,0,0,1,0,0,),15,1,cWW,cW-W,5.19,2.78,0.93,1.41,3.54,4.90,4.92,3.37,BI,anti,A,4.55,4.51,2.76,3.59,3.04,3.55,3.89,3.82,0.02,5.89,0.60,5.67,0.37,35.78,0.30,C3'-endo
89,2182,0.87,G,G,G,0,0,1,0,0,),14,1,cWW,cW-W,5.23,2.95,0.92,1.43,3.49,4.90,4.87,3.30,BI,anti,A,4.62,4.57,2.93,3.56,3.14,3.57,3.69,3.94,0.02,5.88,0.62,5.65,0.39,37.31,0.30,C3'-endo
90,2183,0.88,C,C,C,0,1,0,0,0,),13,1,cWW,cW-W,5.33,2.94,0.97,1.50,3.64,5.12,4.80,3.29,BI,anti,A,4.51,4.55,3.11,3.91,3.32,3.87,3.91,4.17,0.05,5.87,0.59,5.70,0.33,35.09,0.24,C3'-endo
91,2184,0.89,G,G,G,0,0,1,0,0,),12,1,cWW,cW-W,5.02,3.33,0.74,1.47,3.33,4.53,5.08,3.61,BI,anti,.,4.10,4.31,2.84,3.61,3.07,3.51,3.66,3.61,0.01,5.92,0.57,5.70,0.37,34.19,0.32,C3'-endo
92,2185,0.90,C,C,C,0,1,0,0,0,.,11,1,cWH,cW+M,2.69,3.73,2.94,1.52,3.70,5.10,4.88,3.17,BI,anti,.,4.35,4.45,2.88,4.13,3.04,3.93,3.35,4.38,0.05,5.90,0.55,5.74,0.32,32.36,0.25,C3'-endo
93,2186,0.91,G,G,G,0,0,1,0,0,),10,1,cWW,cW-W,2.65,3.41,3.10,1.47,4.25,4.82,5.72,3.03,..,anti,.,4.71,4.66,2.84,3.67,3.21,3.56,4.09,3.56,0.04,5.87,0.60,5.69,0.35,35.45,0.26,C3'-endo
94,2187,0.92,G,G,G,0,0,1,0,0,.,,0,,,0.54,3.60,5.00,1.62,3.69,5.36,4.61,3.71,BI,anti,.,3.94,4.58,2.74,3.40,2.86,3.65,3.04,4.56,0.20,5.80,0.57,5.81,0.17,32.72,6.26,C2'-exo
95,2188,0.93,C,C,C,0,1,0,0,0,),8,1,cWW,cW-W,5.13,3.09,0.81,1.39,3.42,4.84,4.87,3.79,BI,anti,.,3.90,4.46,2.76,3.92,3.21,3.83,4.26,4.28,6.27,5.90,0.61,5.64,0.40,37.04,0.34,C3'-endo
96,2189,0.94,U,U,U,0,0,0,1,0,),7,1,cWW,cW-W,2.74,3.61,2.99,1.45,4.37,5.01,5.64,3.07,..,anti,.,4.83,4.83,2.94,3.95,3.18,3.76,3.92,3.95,0.13,5.80,0.64,5.71,0.27,36.64,0.12,C3'-endo
97,2190,0.95,G,G,G,0,0,1,0,0,),6,1,cWW,cW-W,0.60,4.02,5.02,1.53,3.41,5.23,4.46,3.48,BI,anti,.,4.45,4.63,3.04,3.30,3.17,3.46,3.71,3.88,0.32,5.67,0.67,5.79,0.12,38.56,6.13,C2'-exo
98,2191,0.96,G,G,G,0,0,1,0,0,),5,1,cWW,cW-W,2.79,3.27,3.11,0.06,1.92,1.19,0.73,3.20,..,anti,A,4.75,4.73,2.90,3.63,3.22,3.65,3.76,4.32,0.10,5.90,0.53,5.80,0.24,30.54,0.15,C3'-endo
99,2192,0.97,G,G,G,0,0,1,0,0,),4,1,cWW,cW-W,1.80,3.83,2.88,1.44,4.13,4.68,5.74,2.87,..,anti,.,4.71,4.73,2.83,3.93,3.15,3.80,4.11,4.11,0.09,5.82,0.63,5.69,0.32,36.98,0.18,C3'-endo
100,2193,0.98,G,G,G,0,0,1,0,0,),3,1,cWW,cW-W,0.72,3.09,5.27,1.56,3.22,5.13,4.37,3.62,BI,anti,A,4.35,4.54,2.81,3.53,3.01,3.62,3.67,4.12,0.30,5.69,0.64,5.79,0.12,37.14,6.14,C2'-exo
101,2194,0.99,G,G,G,0,0,1,0,0,),2,1,cWW,cW-W,2.78,3.48,2.94,1.50,4.04,5.00,5.33,2.92,BI,anti,A,4.56,4.69,2.95,3.68,3.25,3.72,3.94,4.19,0.18,5.79,0.62,5.75,0.23,35.30,0.05,C3'-endo
102,2195,1.00,C,C,C,0,1,0,0,0,),1,1,cWW,cW-W,5.30,3.08,0.82,1.45,,,,3.37,..,anti,-,,,,,,,,,0.05,5.86,0.61,5.68,0.34,35.92,0.24,C3'-endo
