index_chain,old_nt_resnum,nt_position,nt_name,nt_code,nt_align_code,is_A,is_C,is_G,is_U,is_other,dbn,paired,nb_interact,pair_type_LW,pair_type_DSSR,alpha,beta,gamma,delta,epsilon,zeta,epsilon_zeta,chi,bb_type,glyco_bond,form,ssZp,Dp,eta,theta,eta_prime,theta_prime,eta_base,theta_base,v0,v1,v2,v3,v4,amplitude,phase_angle,puckering
1,2,0.08,C,C,C,0,1,0,0,0,),0,1,cWW,cW-W,,,0.98,1.42,3.60,4.95,4.94,3.42,BI,anti,A,4.52,4.64,,,,,,,0.05,5.83,0.67,5.63,0.38,39.71,0.25,C3'-endo
2,3,0.17,G,G,G,0,0,1,0,0,),0,1,cWW,cW-W,5.26,3.07,0.82,1.38,3.54,5.15,4.67,3.42,BI,anti,A,4.53,4.66,2.90,3.72,3.08,3.73,3.62,4.10,0.05,5.81,0.69,5.61,0.39,40.75,0.25,C3'-endo
3,4,0.25,G,G,G,0,0,1,0,0,),0,1,cWW,cW-W,5.26,3.28,0.73,1.38,3.33,4.52,5.10,3.51,BI,anti,A,4.49,4.56,2.97,3.67,3.17,3.67,3.79,4.06,0.03,5.84,0.67,5.61,0.40,40.02,0.28,C3'-endo
4,5,0.33,U,U,U,0,0,0,1,0,),0,1,cWW,cW-W,2.71,4.06,2.88,1.35,4.30,4.69,5.90,3.11,..,anti,A,4.72,4.79,2.95,3.72,3.17,3.72,3.79,4.23,0.07,5.82,0.68,5.62,0.37,39.96,0.23,C3'-endo
5,6,0.42,G,G,G,0,0,1,0,0,),0,1,cWW,cW-W,5.42,2.64,0.88,1.38,3.80,4.89,5.20,3.32,BI,anti,A,4.62,4.69,2.81,3.77,3.09,3.78,3.94,4.47,6.25,5.87,0.68,5.57,0.47,41.72,0.37,C3'-endo
6,7,0.50,A,A,A,1,0,0,0,0,.,0,1,cWW,cW-W,5.27,2.86,1.03,1.47,3.78,5.18,4.88,3.39,BI,anti,.,4.50,4.69,3.02,4.09,3.27,4.13,4.25,4.96,0.09,5.80,0.67,5.65,0.35,38.97,0.20,C3'-endo
7,8,0.58,G,G,G,0,0,1,0,0,.,0,1,tSW,tm-W,5.33,2.93,0.90,1.47,3.18,4.43,5.04,3.64,BI,anti,.,3.92,4.29,2.92,2.92,3.44,2.89,4.69,2.93,0.05,5.83,0.66,5.64,0.38,39.23,0.24,C3'-endo
8,9,0.67,A,A,A,1,0,0,0,0,.,0,1,tHS,tM-m,5.27,3.07,0.92,1.49,3.81,5.11,4.98,3.44,BI,anti,A,4.16,4.60,3.21,4.01,3.07,4.04,2.98,4.69,0.11,5.79,0.66,5.67,0.32,38.45,0.16,C3'-endo
9,10,0.75,A,A,A,1,0,0,0,0,.,,0,,,5.19,3.01,0.82,1.48,3.79,5.06,5.01,3.53,BI,anti,.,4.18,4.59,2.87,3.95,3.21,3.99,4.14,4.82,0.05,5.84,0.65,5.64,0.38,38.64,0.26,C3'-endo
10,11,0.83,G,G,G,0,0,1,0,0,),"0,0",2,"cWW,tWW","cW-W,tW-W",5.14,2.86,0.92,1.46,3.58,4.94,4.91,3.46,BI,anti,A,4.45,4.64,2.74,3.67,3.14,3.63,4.34,3.84,0.10,5.79,0.68,5.64,0.35,39.80,0.19,C3'-endo
11,12,0.92,G,G,G,0,0,1,0,0,),0,1,cWW,cW-W,5.19,3.01,0.94,1.41,3.63,5.11,4.80,3.40,BI,anti,A,4.41,4.66,2.96,3.79,3.15,3.81,3.64,4.27,0.07,5.79,0.70,5.60,0.38,41.44,0.23,C3'-endo
12,13,1.00,G,G,G,0,0,1,0,0,),0,1,cWW,cW-W,5.14,3.07,1.01,1.38,,,,3.41,n/a,anti,-,,,,,,,,,0.00,5.87,0.65,5.62,0.42,39.34,0.32,C3'-endo
