index_chain,old_nt_resnum,nt_position,nt_name,nt_code,nt_align_code,is_A,is_C,is_G,is_U,is_other,dbn,paired,nb_interact,pair_type_LW,pair_type_DSSR,alpha,beta,gamma,delta,epsilon,zeta,epsilon_zeta,chi,bb_type,glyco_bond,form,ssZp,Dp,eta,theta,eta_prime,theta_prime,eta_base,theta_base,v0,v1,v2,v3,v4,amplitude,phase_angle,puckering
1,31,0.05,U,U,U,0,0,0,1,0,),0,1,cWW,cW-W,,,0.81,1.51,3.67,4.83,5.12,3.38,BI,anti,A,4.58,4.62,,,,,,,0.11,5.78,0.68,5.65,0.33,39.53,0.17,C3'-endo
2,32,0.11,C,C,C,0,1,0,0,0,),0,1,cWW,cW-W,5.32,2.83,0.90,1.48,3.73,4.89,5.12,3.35,BI,anti,A,4.44,4.65,2.98,3.79,3.21,3.82,3.82,4.32,0.08,5.80,0.69,5.62,0.37,40.35,0.22,C3'-endo
3,33,0.16,G,G,G,0,0,1,0,0,),0,1,cWW,cW-W,5.30,3.00,0.87,1.52,3.46,5.21,4.54,3.44,BI,anti,A,4.11,4.40,3.00,3.87,3.27,3.84,4.02,4.28,0.04,5.85,0.64,5.66,0.37,37.86,0.26,C3'-endo
4,34,0.21,U,U,U,0,0,0,1,0,),0,1,cWW,cW-W,4.86,3.07,1.08,1.46,3.47,5.07,4.68,3.44,BI,anti,A,4.30,4.49,2.86,3.66,3.18,3.66,3.95,4.16,0.01,5.85,0.67,5.60,0.42,40.34,0.32,C3'-endo
5,35,0.26,G,G,G,0,0,1,0,0,),0,1,cWW,cW-W,5.07,3.09,1.02,1.45,3.59,4.77,5.11,3.62,BI,anti,.,3.91,4.48,3.05,3.53,3.27,3.69,3.97,3.81,0.04,5.84,0.66,5.63,0.39,39.21,0.27,C3'-endo
6,36,0.32,G,G,G,0,0,1,0,0,.,0,1,cWW,cW-W,5.48,2.92,1.05,2.56,3.75,4.68,5.36,4.51,BI,anti,.,1.59,1.35,3.25,4.47,3.83,3.43,3.91,2.59,6.12,0.42,5.77,0.44,6.10,29.13,3.17,C3'-exo
7,37,0.37,U,U,U,0,0,0,1,0,.,,0,,,3.47,2.53,0.97,2.47,4.24,5.27,5.26,4.09,..,anti,.,2.08,1.62,1.27,5.50,1.88,4.49,1.47,3.53,6.04,0.44,5.83,0.34,6.22,26.53,2.94,C2'-endo
8,38,0.42,A,A,A,1,0,0,0,0,.,0,1,tHW,tM-W,4.73,3.18,5.09,2.61,4.64,1.16,3.48,1.14,..,syn,.,-0.52,0.52,0.89,1.29,1.54,0.61,1.47,6.05,6.07,0.45,5.78,0.41,6.16,29.05,3.06,C2'-endo
9,39,0.47,C,C,C,0,1,0,0,0,.,,0,,,1.60,2.83,1.11,2.59,4.65,5.38,5.55,4.28,..,anti,.,1.22,0.88,0.23,5.91,0.77,5.57,1.33,6.12,6.07,0.46,5.78,0.40,6.16,28.82,3.04,C2'-endo
10,40,0.53,A,A,A,1,0,0,0,0,.,0,1,tWH,tW-M,5.22,3.11,0.96,1.56,3.84,5.01,5.12,3.32,BI,anti,.,4.41,4.60,2.80,4.04,3.63,4.22,3.95,4.88,0.00,5.85,0.67,5.60,0.43,40.40,0.32,C3'-endo
11,41,0.58,U,U,U,0,0,0,1,0,.,0,1,tWH,tW-M,5.24,2.96,1.11,2.34,3.26,3.91,5.64,4.19,..,anti,.,2.36,2.11,2.92,3.93,3.70,3.12,4.58,2.04,5.99,0.48,5.81,0.34,6.25,28.41,2.87,C2'-endo
12,42,0.63,U,U,U,0,0,0,1,0,),"0,0",2,"tWW,cWW","tW-W,cW-W",3.17,3.96,1.05,2.67,4.44,2.97,1.46,4.17,BII,anti,.,1.21,1.00,1.73,3.47,1.93,3.35,1.14,4.06,6.02,0.48,5.78,0.37,6.21,29.12,2.95,C2'-endo
13,43,0.68,A,A,A,1,0,0,0,0,.,0,1,tHS,tM-m,5.19,2.45,0.94,1.45,4.06,5.36,4.99,3.00,..,anti,.,4.67,4.73,3.51,4.51,3.51,4.48,4.22,5.33,0.11,5.80,0.65,5.67,0.32,37.94,0.17,C3'-endo
14,44,0.74,C,C,C,0,1,0,0,0,.,0,1,cWW,cW-W,4.95,3.24,0.81,1.49,3.61,5.09,4.80,3.47,BI,anti,A,4.45,4.62,2.64,3.82,3.13,3.87,4.54,4.29,0.09,5.80,0.67,5.65,0.35,38.93,0.20,C3'-endo
15,45,0.79,C,C,C,0,1,0,0,0,),0,1,cWW,cW-W,5.14,3.11,0.85,1.43,3.59,4.98,4.90,3.47,BI,anti,A,4.49,4.58,2.91,3.65,3.17,3.68,3.84,4.09,6.26,5.90,0.64,5.62,0.44,39.08,0.36,C3'-endo
16,46,0.84,U,U,U,0,0,0,1,0,),0,1,cWW,cW-W,5.26,3.12,0.81,1.45,3.56,5.01,4.84,3.41,BI,anti,A,4.61,4.68,2.98,3.64,3.16,3.69,3.80,4.05,0.08,5.80,0.67,5.64,0.36,39.46,0.21,C3'-endo
17,47,0.89,G,G,G,0,0,1,0,0,),0,1,cWW,cW-W,5.17,3.16,0.90,1.44,3.46,5.21,4.54,3.50,BI,anti,A,4.33,4.56,3.02,3.75,3.23,3.75,3.79,4.17,0.09,5.80,0.68,5.63,0.36,39.88,0.20,C3'-endo
18,48,0.95,C,C,C,0,1,0,0,0,),0,1,cWW,cW-W,4.98,3.29,0.84,1.50,3.59,4.97,4.90,3.49,BI,anti,A,4.54,4.63,2.90,3.71,3.11,3.77,3.79,4.36,0.04,5.83,0.67,5.62,0.39,39.82,0.26,C3'-endo
19,49,1.00,C,C,C,0,1,0,0,0,),0,1,cWW,cW-W,5.28,2.94,0.90,1.42,,,,3.51,n/a,anti,-,,,,,,,,,0.07,5.81,0.67,5.63,0.37,39.66,0.23,C3'-endo
