index_chain,old_nt_resnum,nt_position,nt_name,nt_code,nt_align_code,is_A,is_C,is_G,is_U,is_other,dbn,paired,nb_interact,pair_type_LW,pair_type_DSSR,alpha,beta,gamma,delta,epsilon,zeta,epsilon_zeta,chi,bb_type,glyco_bond,form,ssZp,Dp,eta,theta,eta_prime,theta_prime,eta_base,theta_base,v0,v1,v2,v3,v4,amplitude,phase_angle,puckering
1,130,0.02,G,G,G,0,0,1,0,0,(,49,1,cWW,cW-W,,,3.20,1.56,3.87,4.99,5.16,3.22,BI,anti,A,4.66,4.66,,,,,,,0.15,5.80,0.61,5.74,0.25,35.27,0.09,C3'-endo
2,131,0.04,G,G,G,0,0,1,0,0,(,48,1,cWW,cW-W,5.12,2.90,0.91,1.36,3.77,4.95,5.10,3.29,BI,anti,A,4.71,4.70,2.78,3.72,3.06,3.73,3.70,4.07,6.22,5.87,0.71,5.53,0.51,44.01,0.40,C3'-endo
3,132,0.06,G,G,G,0,0,1,0,0,(,47,1,cWW,cW-W,5.34,3.02,0.78,1.34,3.61,5.16,4.74,3.39,BI,anti,A,4.55,4.60,2.93,3.74,3.11,3.79,3.69,4.38,6.19,5.90,0.68,5.53,0.53,43.28,0.44,C3'-endo
4,133,0.08,G,G,G,0,0,1,0,0,(,46,1,cWW,cW-W,5.13,3.12,0.89,1.36,3.55,5.11,4.73,3.44,BI,anti,A,4.47,4.54,2.90,3.68,3.16,3.73,3.99,4.52,6.18,5.93,0.66,5.55,0.53,42.09,0.46,C3'-endo
5,134,0.10,C,C,C,0,1,0,0,0,(,45,1,cWW,cW-W,5.18,3.00,0.90,1.42,3.70,4.97,5.01,3.39,BI,anti,A,4.46,4.63,2.94,3.73,3.22,3.73,4.26,4.09,0.05,5.80,0.72,5.57,0.42,42.62,0.26,C3'-endo
6,135,0.12,U,U,U,0,0,0,1,0,(,44,1,cWW,cW-W,5.14,2.90,0.97,1.40,3.78,4.78,5.28,3.38,BI,anti,A,4.58,4.66,2.91,3.59,3.13,3.59,3.75,3.84,6.27,5.85,0.69,5.57,0.45,42.05,0.33,C3'-endo
7,136,0.14,G,G,G,0,0,1,0,0,(,43,1,cWW,cW-W,5.15,2.77,1.04,1.45,3.67,5.12,4.83,3.38,BI,anti,A,4.62,4.61,2.87,3.91,3.09,3.88,3.57,4.69,6.21,5.90,0.67,5.56,0.50,41.94,0.42,C3'-endo
8,137,0.16,U,U,U,0,0,0,1,0,(,42,1,cWW,cW-W,5.01,2.99,1.06,1.47,3.63,5.01,4.90,3.44,BI,anti,A,4.45,4.62,2.91,3.72,3.24,3.72,4.40,4.11,0.09,5.79,0.68,5.64,0.35,39.59,0.19,C3'-endo
9,138,0.18,U,U,U,0,0,0,1,0,(,41,1,cWW,cW-W,5.13,2.90,1.02,1.43,3.69,4.98,5.00,3.47,BI,anti,A,4.18,4.56,3.00,3.72,3.27,3.72,3.90,3.73,0.01,5.83,0.69,5.58,0.44,41.74,0.31,C3'-endo
10,139,0.20,U,U,U,0,0,0,1,0,(,40,1,cWW,cW-W,5.08,3.10,0.93,1.59,4.13,4.92,5.50,3.74,..,anti,.,3.27,4.07,3.12,3.96,3.27,3.54,3.39,2.90,6.13,6.05,0.51,5.67,0.49,34.74,0.58,C3'-endo
11,140,0.22,A,A,A,1,0,0,0,0,.,,0,,,5.19,4.00,3.08,1.53,4.05,4.95,5.39,2.91,..,anti,A,4.58,4.73,5.91,3.75,6.28,3.77,0.42,4.45,0.17,5.72,0.71,5.66,0.29,40.79,0.08,C3'-endo
12,141,0.24,C,C,C,0,1,0,0,0,.,,0,,,5.19,2.94,0.95,1.51,3.90,5.25,4.93,3.29,BI,anti,.,4.43,4.60,2.94,4.27,3.29,4.31,4.28,5.21,0.03,5.86,0.63,5.66,0.38,37.39,0.28,C3'-endo
13,142,0.27,C,C,C,0,1,0,0,0,.,,0,,,4.91,3.23,0.91,1.51,3.68,2.40,1.28,3.59,..,anti,.,4.20,4.64,2.77,1.07,3.19,1.17,4.45,3.41,0.14,5.77,0.67,5.68,0.29,38.42,0.12,C3'-endo
14,143,0.29,A,A,A,1,0,0,0,0,.,,0,,,5.30,3.35,1.17,1.59,4.20,4.06,0.14,3.76,..,anti,.,3.58,4.73,4.38,3.99,4.45,3.83,2.13,4.05,0.17,5.77,0.65,5.71,0.25,37.19,0.07,C3'-endo
15,144,0.31,G,G,G,0,0,1,0,0,(,38,1,cWW,cW-W,1.39,2.66,0.91,1.49,3.68,5.06,4.90,3.23,BI,anti,A,4.47,4.52,5.05,3.92,5.25,3.85,4.98,4.20,0.01,5.89,0.61,5.66,0.39,36.81,0.31,C3'-endo
16,145,0.33,G,G,G,0,0,1,0,0,(,37,1,cWW,cW-W,4.95,3.11,0.96,1.39,3.63,5.04,4.88,3.37,BI,anti,A,4.42,4.57,2.81,3.70,3.06,3.75,3.75,4.45,6.26,5.86,0.68,5.57,0.46,41.54,0.35,C3'-endo
17,146,0.35,U,U,U,0,0,0,1,0,(,36,1,cWW,cW-W,5.15,2.95,0.93,1.44,3.92,5.11,5.09,3.45,BI,anti,.,4.40,4.72,2.95,4.10,3.20,4.15,4.13,4.72,0.03,5.83,0.68,5.60,0.41,40.81,0.28,C3'-endo
18,147,0.37,C,C,C,0,1,0,0,0,.,"34,35",2,"tWH,t.H","tW-M,t.-M",5.41,2.69,1.20,1.36,3.21,4.03,5.47,3.35,BI,anti,.,4.17,4.23,3.07,2.43,3.59,2.45,4.57,2.60,6.13,5.97,0.63,5.55,0.56,41.99,0.53,C3'-endo
19,148,0.39,A,A,A,1,0,0,0,0,.,34,1,tHW,tM-W,5.49,3.03,0.72,1.40,3.94,5.33,4.90,3.42,BI,anti,.,4.43,4.72,3.29,4.21,3.03,4.35,2.77,5.19,0.07,5.81,0.67,5.63,0.36,39.52,0.22,C3'-endo
20,149,0.41,G,G,G,0,0,1,0,0,.,33,1,tHW,tM-W,5.14,2.94,0.93,1.43,3.97,5.19,5.06,3.27,BI,anti,.,4.75,4.78,2.82,4.15,3.32,4.16,4.57,5.01,0.04,5.80,0.71,5.58,0.42,42.20,0.26,C3'-endo
21,150,0.43,G,G,G,0,0,1,0,0,.,32,1,cWW,cW-W,4.94,2.98,1.06,1.43,3.41,5.30,4.39,3.35,BI,anti,.,4.77,4.61,2.71,3.82,3.16,3.79,4.47,4.08,0.07,5.79,0.70,5.61,0.39,41.31,0.23,C3'-endo
22,151,0.45,U,U,U,0,0,0,1,0,(,31,1,cWW,cW-W,5.03,3.20,0.97,1.39,3.46,5.13,4.60,3.27,BI,anti,A,4.65,4.57,2.99,3.66,3.28,3.74,3.92,4.39,6.23,5.87,0.69,5.55,0.50,42.60,0.39,C3'-endo
23,152,0.47,C,C,C,0,1,0,0,0,(,30,1,cWW,cW-W,5.11,3.30,0.92,1.45,3.88,4.85,5.31,3.36,BI,anti,A,4.55,4.66,3.17,3.76,3.35,3.79,4.14,4.13,0.07,5.82,0.66,5.65,0.35,38.55,0.22,C3'-endo
24,153,0.49,C,C,C,0,1,0,0,0,(,29,1,cWW,cW-W,5.26,2.77,0.89,1.36,3.75,5.16,4.87,3.26,BI,anti,A,4.79,4.68,2.84,3.93,3.06,3.92,3.67,4.60,6.23,5.88,0.68,5.55,0.50,42.33,0.40,C3'-endo
25,154,0.51,G,G,G,0,0,1,0,0,.,28,1,tSH,tm-M,4.86,3.14,0.98,1.37,4.00,4.82,5.47,3.40,BI,anti,.,4.73,4.79,2.80,4.21,3.04,3.46,4.03,2.47,6.26,5.83,0.73,5.53,0.49,44.27,0.35,C3'-endo
26,155,0.53,A,A,A,1,0,0,0,0,.,,0,,,2.67,2.88,1.00,1.56,3.89,5.14,5.03,3.17,BI,anti,A,4.16,4.64,0.27,4.17,0.77,4.18,0.43,4.84,0.18,5.75,0.66,5.71,0.25,37.95,0.06,C3'-endo
27,156,0.55,A,A,A,1,0,0,0,0,.,,0,,,5.16,2.91,1.11,1.50,3.57,5.17,4.69,3.70,BI,anti,.,3.46,4.31,2.98,3.87,3.43,3.87,4.48,4.86,6.28,5.89,0.63,5.63,0.42,38.14,0.34,C3'-endo
28,157,0.57,A,A,A,1,0,0,0,0,.,25,1,tHS,tM-m,5.04,2.95,0.94,1.51,4.01,4.83,5.46,3.83,BI,anti,.,3.53,4.73,2.91,4.65,3.26,4.72,4.49,5.14,0.12,5.78,0.67,5.67,0.31,38.74,0.15,C3'-endo
29,158,0.59,G,G,G,0,0,1,0,0,),24,1,cWW,cW-W,2.22,4.30,3.38,1.50,3.97,4.39,5.87,3.18,..,anti,A,4.77,4.72,3.18,3.51,3.80,3.41,4.76,3.73,0.10,5.79,0.67,5.65,0.34,39.20,0.18,C3'-endo
30,159,0.61,G,G,G,0,0,1,0,0,),23,1,cWW,cW-W,2.14,3.97,3.31,1.48,4.04,5.08,5.24,3.02,..,anti,A,4.75,4.77,2.85,3.66,3.12,3.71,3.79,4.24,0.19,5.73,0.69,5.68,0.26,39.78,0.06,C3'-endo
31,160,0.63,A,A,A,1,0,0,0,0,),22,1,cWW,cW-W,5.31,3.15,0.76,1.40,3.66,4.92,5.02,3.48,BI,anti,.,4.33,4.57,2.94,3.61,3.24,3.63,4.01,3.69,6.25,5.88,0.67,5.57,0.47,41.43,0.37,C3'-endo
32,161,0.65,A,A,A,1,0,0,0,0,.,21,1,cWW,cW-W,5.28,2.74,1.06,1.31,3.78,5.27,4.79,3.37,BI,anti,.,4.50,4.55,2.98,3.99,3.18,4.03,3.41,4.84,6.04,5.99,0.69,5.44,0.68,47.99,0.60,C3'-endo
33,162,0.67,G,G,G,0,0,1,0,0,.,20,1,tWH,tW-M,5.02,2.79,1.33,1.44,3.51,4.14,5.65,3.24,BI,anti,.,4.67,4.44,2.92,2.79,3.43,2.80,4.68,2.81,6.11,5.98,0.64,5.53,0.58,42.96,0.55,C3'-endo
34,163,0.69,C,C,C,0,1,0,0,0,.,"18,19",2,"tHW,tWH","tM-W,tW-M",5.28,2.88,0.89,1.39,3.73,5.15,4.87,3.36,BI,anti,A,4.61,4.65,3.12,3.90,2.98,3.93,2.83,4.63,6.26,5.86,0.68,5.57,0.46,41.74,0.35,C3'-endo
35,164,0.71,A,A,A,1,0,0,0,0,.,18,1,tH.,tM-.,5.04,3.11,0.93,1.42,3.77,5.29,4.76,3.30,BI,anti,.,4.56,4.70,2.85,4.09,3.15,4.17,4.18,4.99,0.06,5.80,0.71,5.60,0.39,41.67,0.23,C3'-endo
36,165,0.73,G,G,G,0,0,1,0,0,),17,1,cWW,cW-W,5.23,3.16,0.86,1.46,3.75,5.06,4.97,3.53,BI,anti,.,4.13,4.52,3.03,3.91,3.42,3.95,4.55,4.67,0.01,5.87,0.64,5.63,0.41,38.70,0.31,C3'-endo
37,166,0.76,C,C,C,0,1,0,0,0,),16,1,cWW,cW-W,5.29,2.84,0.83,1.44,3.75,4.97,5.06,3.52,BI,anti,A,4.45,4.63,2.85,3.81,3.18,3.84,4.20,4.38,6.27,5.88,0.63,5.63,0.42,38.29,0.34,C3'-endo
38,167,0.78,C,C,C,0,1,0,0,0,),15,1,cWW,cW-W,5.22,2.86,0.97,1.44,3.71,5.21,4.78,3.31,BI,anti,.,4.51,4.54,2.92,3.98,3.23,3.96,4.06,4.76,6.22,5.90,0.67,5.56,0.49,41.63,0.41,C3'-endo
39,168,0.80,A,A,A,1,0,0,0,0,.,,0,,,4.81,2.87,1.24,1.48,3.73,5.15,4.87,3.17,BI,anti,.,4.78,4.67,2.78,3.97,3.20,3.95,4.44,4.80,0.04,5.82,0.69,5.60,0.41,40.97,0.27,C3'-endo
40,169,0.82,A,A,A,1,0,0,0,0,),10,1,cWW,cW-W,4.99,3.05,0.95,1.47,3.61,4.97,4.92,3.36,BI,anti,A,4.65,4.64,2.81,3.74,3.20,3.73,4.47,3.89,0.11,5.76,0.73,5.60,0.36,42.48,0.18,C3'-endo
41,170,0.84,G,G,G,0,0,1,0,0,),9,1,cWW,cW-W,5.27,2.92,0.96,1.44,3.57,5.06,4.80,3.32,BI,anti,A,4.59,4.55,3.00,3.76,3.24,3.77,3.69,4.24,6.18,5.92,0.67,5.54,0.53,42.70,0.46,C3'-endo
42,171,0.86,G,G,G,0,0,1,0,0,),8,1,cWW,cW-W,5.18,3.06,0.94,1.38,3.61,5.24,4.65,3.26,BI,anti,A,4.39,4.55,3.00,3.87,3.24,3.91,3.99,4.68,6.23,5.87,0.70,5.54,0.51,43.56,0.40,C3'-endo
43,172,0.88,C,C,C,0,1,0,0,0,),7,1,cWW,cW-W,5.04,3.32,0.84,1.46,3.46,5.06,4.68,3.59,BI,anti,.,4.12,4.42,2.94,4.13,3.21,3.94,4.22,4.19,0.00,5.89,0.62,5.65,0.40,37.15,0.32,C3'-endo
44,173,0.90,A,A,A,1,0,0,0,0,),6,1,cWW,cW-W,2.48,3.39,3.19,1.49,3.80,4.95,5.14,3.27,BI,anti,A,4.74,4.66,2.84,3.22,3.08,3.37,3.67,3.90,0.06,5.81,0.68,5.62,0.38,40.16,0.24,C3'-endo
45,174,0.92,G,G,G,0,0,1,0,0,),5,1,cWW,cW-W,5.09,2.96,0.96,1.42,3.74,5.00,5.02,3.40,BI,anti,A,4.55,4.59,2.88,3.83,3.14,3.83,3.84,4.42,6.21,5.90,0.66,5.57,0.49,41.30,0.42,C3'-endo
46,175,0.94,U,U,U,0,0,0,1,0,),4,1,cWW,cW-W,5.22,2.82,0.98,1.40,3.82,4.91,5.19,3.38,BI,anti,A,4.52,4.64,2.93,3.74,3.21,3.72,4.10,4.27,6.20,5.90,0.68,5.54,0.52,42.63,0.43,C3'-endo
47,176,0.96,U,U,U,0,0,0,1,0,),3,1,cWW,cW-W,5.05,2.88,0.99,1.49,3.56,4.94,4.90,3.49,BI,anti,A,4.62,4.52,2.81,3.64,3.06,3.58,3.88,3.86,6.25,5.91,0.60,5.64,0.43,37.23,0.38,C3'-endo
48,177,0.98,C,C,C,0,1,0,0,0,),2,1,cWW,cW-W,5.01,2.98,0.98,1.44,3.60,5.10,4.79,3.44,BI,anti,A,4.49,4.56,2.88,3.78,3.06,3.77,3.60,4.09,6.28,5.87,0.65,5.61,0.42,39.46,0.33,C3'-endo
49,178,1.00,C,C,C,0,1,0,0,0,),1,1,cWW,cW-W,5.03,3.20,0.90,1.46,,,,3.51,n/a,anti,-,,,,,,,,,6.20,5.95,0.59,5.62,0.47,37.67,0.45,C3'-endo
