index_chain,old_nt_resnum,nt_position,nt_name,nt_code,nt_align_code,is_A,is_C,is_G,is_U,is_other,dbn,paired,nb_interact,pair_type_LW,pair_type_DSSR,alpha,beta,gamma,delta,epsilon,zeta,epsilon_zeta,chi,bb_type,glyco_bond,form,ssZp,Dp,eta,theta,eta_prime,theta_prime,eta_base,theta_base,v0,v1,v2,v3,v4,amplitude,phase_angle,puckering
1,130,0.02,G,G,G,0,0,1,0,0,(,49,1,cWW,cW-W,,,0.98,1.47,3.60,5.02,4.86,3.38,BI,anti,A,4.46,4.58,,,,,,,0.06,5.81,0.68,5.62,0.38,40.29,0.24,C3'-endo
2,131,0.04,G,G,G,0,0,1,0,0,(,48,1,cWW,cW-W,4.97,3.05,0.94,1.41,3.68,4.96,5.01,3.32,BI,anti,A,4.70,4.73,2.79,3.70,3.01,3.71,3.81,3.93,0.08,5.78,0.70,5.61,0.38,41.30,0.21,C3'-endo
3,132,0.06,G,G,G,0,0,1,0,0,(,47,1,cWW,cW-W,5.05,3.15,0.96,1.39,3.81,5.15,4.95,3.36,BI,anti,.,4.58,4.68,2.97,3.94,3.10,4.00,3.51,4.81,0.01,5.83,0.71,5.56,0.45,42.72,0.31,C3'-endo
4,133,0.08,U,U,U,0,0,0,1,0,(,46,1,cWW,cW-W,5.30,3.00,0.81,1.42,3.43,5.07,4.65,3.48,BI,anti,A,4.51,4.54,2.89,3.59,3.26,3.57,4.40,3.79,0.03,5.85,0.65,5.63,0.39,38.65,0.28,C3'-endo
5,134,0.10,C,C,C,0,1,0,0,0,(,45,1,cWW,cW-W,5.08,3.07,0.91,1.42,3.62,5.03,4.88,3.46,BI,anti,A,4.38,4.60,2.92,3.69,3.10,3.72,3.53,4.17,0.03,5.81,0.71,5.58,0.43,42.20,0.28,C3'-endo
6,135,0.12,U,U,U,0,0,0,1,0,(,44,1,cWW,cW-W,5.00,3.03,0.99,1.40,3.73,4.81,5.20,3.45,BI,anti,A,4.46,4.68,2.87,3.60,3.10,3.60,3.78,3.88,0.00,5.82,0.73,5.55,0.46,43.77,0.31,C3'-endo
7,136,0.14,G,G,G,0,0,1,0,0,(,43,1,cWW,cW-W,5.22,2.82,0.97,1.42,3.85,4.94,5.19,3.40,BI,anti,A,4.69,4.72,2.93,3.85,3.09,3.90,3.59,4.65,6.28,5.84,0.70,5.56,0.46,42.24,0.33,C3'-endo
8,137,0.16,U,U,U,0,0,0,1,0,(,42,1,cWW,cW-W,5.25,2.69,1.12,1.48,3.66,4.97,4.97,3.34,BI,anti,A,4.48,4.52,2.96,3.79,3.36,3.75,4.45,4.19,0.00,5.88,0.63,5.64,0.40,37.84,0.32,C3'-endo
9,138,0.18,U,U,U,0,0,0,1,0,(,41,1,cWW,cW-W,5.11,2.96,1.01,1.49,3.72,4.87,5.13,3.59,BI,anti,.,3.85,4.38,2.99,3.75,3.26,3.74,3.95,3.98,6.22,5.95,0.58,5.65,0.44,36.73,0.42,C3'-endo
10,139,0.20,U,U,U,0,0,0,1,0,(,40,1,cWW,cW-W,5.24,2.98,0.83,1.55,4.11,4.87,5.52,3.80,..,anti,.,3.18,4.18,3.07,3.90,3.23,3.51,3.58,2.94,6.16,6.04,0.50,5.70,0.45,33.19,0.53,C3'-endo
11,140,0.22,A,A,A,1,0,0,0,0,.,,0,,,5.21,3.96,3.16,1.51,3.95,5.10,5.14,2.90,BI,anti,.,4.52,4.66,6.01,3.69,0.01,3.71,0.35,4.28,0.10,5.80,0.67,5.66,0.33,38.77,0.18,C3'-endo
12,141,0.24,C,C,C,0,1,0,0,0,.,,0,,,5.10,3.18,0.87,1.43,3.93,5.31,4.91,3.43,BI,anti,.,4.50,4.72,2.92,4.23,3.21,4.29,4.05,4.98,0.00,5.85,0.68,5.59,0.44,40.89,0.32,C3'-endo
13,142,0.27,C,C,C,0,1,0,0,0,.,,0,,,4.86,3.38,0.89,1.43,3.51,2.08,1.43,3.85,..,anti,.,3.78,4.46,2.72,1.07,3.12,1.33,4.08,2.30,6.20,5.96,0.59,5.63,0.46,37.44,0.45,C3'-endo
14,143,0.29,A,A,A,1,0,0,0,0,.,,0,,,5.96,2.21,1.00,1.62,4.41,3.78,0.63,3.82,..,anti,.,2.96,4.17,4.03,4.17,4.14,4.13,3.28,4.54,6.16,6.01,0.53,5.67,0.46,34.94,0.52,C3'-endo
15,144,0.31,G,G,G,0,0,1,0,0,(,38,1,cWW,cW-W,1.55,2.19,0.99,1.38,3.52,5.09,4.71,3.13,BI,anti,A,4.60,4.54,4.76,3.86,4.95,3.74,4.73,3.99,6.27,5.86,0.68,5.59,0.45,41.13,0.34,C3'-endo
16,145,0.33,G,G,G,0,0,1,0,0,(,37,1,cWW,cW-W,4.93,3.41,0.91,1.45,3.61,5.12,4.77,3.50,BI,anti,A,4.26,4.58,2.99,3.83,3.14,3.89,3.68,4.60,0.01,5.85,0.67,5.61,0.42,40.05,0.31,C3'-endo
17,146,0.35,U,U,U,0,0,0,1,0,(,36,1,cWW,cW-W,5.20,3.01,0.86,1.45,3.96,5.78,4.46,3.61,..,anti,.,4.11,4.65,2.96,4.39,3.23,4.36,4.15,4.76,6.27,5.88,0.64,5.62,0.43,39.13,0.34,C3'-endo
18,147,0.37,C,C,C,0,1,0,0,0,.,35,1,t.H,t.-M,4.38,1.93,2.80,1.46,3.89,3.91,6.27,3.20,..,anti,.,4.49,4.60,3.49,1.84,3.78,2.31,4.59,2.62,0.08,5.83,0.64,5.67,0.33,37.27,0.20,C3'-endo
19,148,0.39,A,A,A,1,0,0,0,0,.,34,1,tHW,tM-W,5.17,2.95,0.99,1.42,4.09,5.30,5.08,3.31,..,anti,.,4.54,4.74,3.39,4.36,3.12,4.42,2.84,5.25,0.04,5.83,0.68,5.60,0.41,40.72,0.27,C3'-endo
20,149,0.41,G,G,G,0,0,1,0,0,.,33,1,tH.,tM-.,5.13,2.97,0.94,1.42,3.85,5.20,4.94,3.43,BI,anti,.,4.54,4.69,2.77,4.05,3.28,4.06,4.55,4.91,6.24,5.87,0.69,5.55,0.49,42.39,0.39,C3'-endo
21,150,0.43,G,G,G,0,0,1,0,0,.,32,1,cWW,cW-W,4.97,2.89,1.04,1.35,3.63,5.12,4.79,3.34,BI,anti,.,4.82,4.76,2.67,3.78,3.10,3.80,4.39,4.15,0.08,5.75,0.77,5.55,0.42,45.19,0.23,C3'-endo
22,151,0.45,U,U,U,0,0,0,1,0,(,31,1,cWW,cW-W,5.34,3.06,0.98,1.39,3.59,5.01,4.86,3.32,BI,anti,A,4.48,4.56,3.16,3.65,3.45,3.69,4.09,4.28,6.21,5.88,0.70,5.53,0.52,43.91,0.41,C3'-endo
23,152,0.47,C,C,C,0,1,0,0,0,(,30,1,cWW,cW-W,5.20,3.12,0.86,1.48,3.65,5.06,4.87,3.41,BI,anti,A,4.39,4.60,3.01,3.82,3.21,3.83,4.02,4.17,0.05,5.81,0.69,5.60,0.40,40.97,0.25,C3'-endo
24,153,0.49,C,C,C,0,1,0,0,0,(,29,1,cWW,cW-W,5.07,3.20,0.82,1.36,3.64,5.23,4.70,3.52,BI,anti,A,4.42,4.64,2.89,3.82,3.08,3.89,3.64,4.52,6.26,5.87,0.67,5.58,0.46,41.23,0.36,C3'-endo
25,154,0.51,G,G,G,0,0,1,0,0,.,28,1,tSH,tm-M,4.99,3.10,0.97,1.40,3.96,5.26,4.98,3.40,BI,anti,.,4.74,4.73,2.91,4.33,3.19,3.51,4.06,2.53,6.20,5.90,0.68,5.54,0.52,42.70,0.43,C3'-endo
26,155,0.53,A,A,A,1,0,0,0,0,.,,0,,,3.05,2.30,0.78,1.49,3.91,4.94,5.25,3.28,BI,anti,A,4.34,4.64,0.13,4.12,0.71,4.10,0.41,4.68,0.10,5.80,0.65,5.67,0.33,38.12,0.18,C3'-endo
27,156,0.55,A,A,A,1,0,0,0,0,.,,0,,,5.34,2.84,0.96,1.57,3.42,5.21,4.49,3.70,BI,anti,.,3.59,4.21,2.94,3.93,3.37,3.87,4.34,4.90,6.26,5.93,0.56,5.69,0.39,34.39,0.36,C3'-endo
28,157,0.57,A,A,A,1,0,0,0,0,.,25,1,tHS,tM-m,4.91,3.06,1.03,1.52,3.86,5.11,5.03,3.87,BI,anti,.,3.40,4.71,2.91,4.77,3.26,4.79,4.56,5.20,0.18,5.75,0.67,5.70,0.25,38.48,0.05,C3'-endo
29,158,0.59,G,G,G,0,0,1,0,0,),24,1,cWW,cW-W,2.39,4.05,3.32,1.47,3.85,4.76,5.38,3.28,BI,anti,A,4.62,4.69,3.09,3.50,3.78,3.36,4.75,3.74,0.09,5.78,0.70,5.62,0.37,41.07,0.20,C3'-endo
30,159,0.61,G,G,G,0,0,1,0,0,),23,1,cWW,cW-W,0.97,3.46,4.78,1.71,3.58,5.32,4.53,3.42,BI,anti,A,4.66,4.72,2.97,3.40,3.11,3.60,3.81,4.09,0.47,5.57,0.68,5.85,6.26,41.63,5.93,C2'-exo
31,160,0.63,A,A,A,1,0,0,0,0,),22,1,cWW,cW-W,4.95,3.19,0.99,1.41,3.55,4.90,4.93,3.40,BI,anti,A,4.60,4.64,2.88,3.55,3.24,3.56,3.89,3.73,0.04,5.79,0.74,5.55,0.44,44.16,0.27,C3'-endo
32,161,0.65,A,A,A,1,0,0,0,0,.,21,1,cWW,cW-W,5.20,2.87,1.11,1.38,3.86,5.20,4.94,3.42,BI,anti,.,4.61,4.77,3.07,4.06,3.24,4.10,3.60,4.84,0.01,5.82,0.72,5.55,0.46,43.54,0.31,C3'-endo
33,162,0.67,G,G,G,0,0,1,0,0,.,20,1,t.H,t.-M,5.13,2.91,1.10,1.45,3.31,4.40,5.20,3.39,BI,anti,.,4.57,4.43,2.88,2.93,3.39,2.89,4.59,2.81,6.26,5.87,0.67,5.59,0.46,40.82,0.36,C3'-endo
34,163,0.69,C,C,C,0,1,0,0,0,.,19,1,tWH,tW-M,5.15,3.05,0.97,1.39,3.77,4.99,5.06,3.44,BI,anti,A,4.52,4.70,3.12,3.81,2.96,3.85,2.78,4.50,0.06,5.78,0.73,5.57,0.41,42.97,0.24,C3'-endo
35,164,0.71,A,A,A,1,0,0,0,0,.,18,1,tH.,tM-.,5.26,2.97,0.81,1.43,3.73,5.20,4.81,3.31,BI,anti,.,4.64,4.68,2.86,4.02,3.13,4.09,4.08,4.82,0.08,5.80,0.69,5.62,0.37,40.51,0.22,C3'-endo
36,165,0.73,G,G,G,0,0,1,0,0,),17,1,cWW,cW-W,5.26,3.15,0.89,1.43,3.73,5.15,4.86,3.51,BI,anti,.,4.28,4.63,3.07,3.94,3.42,4.00,4.45,4.87,0.09,5.79,0.69,5.63,0.36,40.21,0.20,C3'-endo
37,166,0.76,C,C,C,0,1,0,0,0,),16,1,cWW,cW-W,5.18,2.96,0.86,1.48,3.60,5.19,4.70,3.65,BI,anti,A,4.10,4.58,2.82,3.93,3.20,3.88,4.38,4.31,0.03,5.84,0.66,5.63,0.39,39.24,0.27,C3'-endo
38,167,0.78,C,C,C,0,1,0,0,0,),15,1,cWW,cW-W,4.97,2.98,1.04,1.41,3.65,5.07,4.86,3.39,BI,anti,A,4.67,4.65,2.81,3.77,3.12,3.82,3.91,4.61,6.23,5.88,0.68,5.55,0.50,42.47,0.40,C3'-endo
39,168,0.80,A,A,A,1,0,0,0,0,.,,0,,,5.06,3.00,1.03,1.49,3.60,5.30,4.58,3.41,BI,anti,.,4.56,4.62,2.91,4.07,3.25,4.08,4.37,4.89,0.06,5.81,0.68,5.63,0.37,39.83,0.24,C3'-endo
40,169,0.82,A,A,A,1,0,0,0,0,),10,1,cWW,cW-W,5.01,3.09,0.97,1.50,3.66,4.94,5.00,3.43,BI,anti,A,4.50,4.64,2.88,3.75,3.30,3.70,4.54,4.02,0.06,5.80,0.70,5.60,0.39,41.39,0.24,C3'-endo
41,170,0.84,G,G,G,0,0,1,0,0,),9,1,cWW,cW-W,5.01,2.91,1.06,1.42,3.54,5.20,4.62,3.31,BI,anti,A,4.75,4.69,2.81,3.82,3.06,3.79,3.72,4.22,0.05,5.80,0.71,5.58,0.41,42.34,0.26,C3'-endo
42,171,0.86,G,G,G,0,0,1,0,0,),8,1,cWW,cW-W,5.08,3.27,0.89,1.40,3.55,5.25,4.59,3.27,BI,anti,A,4.49,4.56,3.01,3.81,3.25,3.89,3.98,4.59,6.27,5.84,0.70,5.56,0.46,42.55,0.34,C3'-endo
43,172,0.88,C,C,C,0,1,0,0,0,),7,1,cWW,cW-W,5.06,3.32,0.80,1.43,3.40,4.96,4.73,3.64,BI,anti,A,4.14,4.51,2.93,4.02,3.21,3.88,4.14,4.19,0.03,5.84,0.67,5.61,0.41,39.91,0.29,C3'-endo
44,173,0.90,A,A,A,1,0,0,0,0,),6,1,cWW,cW-W,2.56,3.54,3.10,1.45,4.00,4.81,5.48,3.19,..,anti,A,4.70,4.72,2.85,3.38,3.10,3.46,3.73,4.01,0.09,5.77,0.71,5.61,0.37,41.43,0.20,C3'-endo
45,174,0.92,G,G,G,0,0,1,0,0,),5,1,cWW,cW-W,5.30,2.79,0.83,1.36,3.56,5.03,4.82,3.40,BI,anti,A,4.63,4.68,2.77,3.68,3.05,3.67,3.85,3.89,0.02,5.80,0.73,5.55,0.45,43.68,0.30,C3'-endo
46,175,0.94,G,G,G,0,0,1,0,0,),4,1,cWW,cW-W,5.21,3.18,0.86,1.44,3.63,5.19,4.72,3.43,BI,anti,.,4.42,4.48,3.07,3.88,3.21,3.92,3.62,4.80,6.21,5.92,0.64,5.59,0.49,40.13,0.43,C3'-endo
47,176,0.96,U,U,U,0,0,0,1,0,),3,1,cWW,cW-W,5.02,3.00,0.91,1.41,3.67,4.87,5.08,3.50,BI,anti,A,4.50,4.68,2.78,3.61,3.12,3.64,4.31,3.96,0.03,5.80,0.72,5.57,0.43,42.81,0.28,C3'-endo
48,177,0.98,C,C,C,0,1,0,0,0,),2,1,cWW,cW-W,5.25,2.84,1.02,1.43,3.52,5.06,4.74,3.45,BI,anti,A,4.41,4.48,2.99,3.72,3.23,3.67,3.76,4.03,6.23,5.90,0.64,5.60,0.46,39.68,0.39,C3'-endo
49,178,1.00,C,C,C,0,1,0,0,0,),1,1,cWW,cW-W,4.75,3.22,1.08,1.58,,,,3.67,n/a,anti,-,,,,,,,,,0.04,5.85,0.63,5.66,0.37,37.35,0.26,C3'-endo
