index_chain,old_nt_resnum,nt_position,nt_name,nt_code,nt_align_code,is_A,is_C,is_G,is_U,is_other,dbn,paired,nb_interact,pair_type_LW,pair_type_DSSR,alpha,beta,gamma,delta,epsilon,zeta,epsilon_zeta,chi,bb_type,glyco_bond,form,ssZp,Dp,eta,theta,eta_prime,theta_prime,eta_base,theta_base,v0,v1,v2,v3,v4,amplitude,phase_angle,puckering
1,130,0.02,G,G,G,0,0,1,0,0,(,49,1,cWW,cW-W,,,1.15,1.57,3.75,5.00,5.04,3.16,BI,anti,A,4.76,4.61,,,,,,,0.10,5.81,0.64,5.68,0.31,37.06,0.17,C3'-endo
2,131,0.04,G,G,G,0,0,1,0,0,(,48,1,cWW,cW-W,5.09,3.09,0.85,1.38,3.63,5.01,4.90,3.38,BI,anti,A,4.38,4.58,2.85,3.68,3.07,3.71,3.57,4.13,6.23,5.88,0.69,5.55,0.49,42.56,0.39,C3'-endo
3,132,0.06,G,G,G,0,0,1,0,0,(,47,1,cWW,cW-W,5.30,3.08,0.76,1.36,3.55,5.19,4.64,3.43,BI,anti,A,4.58,4.60,2.93,3.74,3.12,3.80,3.75,4.67,6.22,5.88,0.70,5.53,0.52,43.57,0.41,C3'-endo
4,133,0.08,C,C,C,0,1,0,0,0,(,46,1,cWW,cW-W,4.91,3.17,0.91,1.43,3.51,5.19,4.61,3.46,BI,anti,A,4.68,4.67,2.78,3.79,3.06,3.81,4.22,4.26,0.11,5.75,0.73,5.60,0.37,42.72,0.18,C3'-endo
5,134,0.10,C,C,C,0,1,0,0,0,(,45,1,cWW,cW-W,5.08,3.04,1.04,1.43,3.92,4.76,5.44,3.25,BI,anti,A,4.50,4.68,3.03,3.68,3.30,3.68,4.04,3.97,0.03,5.81,0.72,5.57,0.43,43.01,0.28,C3'-endo
6,135,0.12,U,U,U,0,0,0,1,0,(,44,1,cWW,cW-W,5.08,2.73,1.11,1.36,3.70,4.84,5.15,3.37,BI,anti,A,4.51,4.64,2.84,3.60,3.05,3.56,3.58,3.80,6.26,5.85,0.71,5.55,0.48,43.15,0.35,C3'-endo
7,136,0.14,G,G,G,0,0,1,0,0,(,43,1,cWW,cW-W,5.32,2.83,0.89,1.40,3.77,5.11,4.95,3.43,BI,anti,A,4.51,4.63,2.95,3.92,3.13,3.93,3.61,4.67,6.21,5.89,0.69,5.54,0.51,43.32,0.41,C3'-endo
8,137,0.16,U,U,U,0,0,0,1,0,(,42,1,cWW,cW-W,5.01,2.92,1.15,1.42,3.62,4.98,4.92,3.39,BI,anti,A,4.48,4.59,2.87,3.68,3.23,3.68,4.31,4.30,0.00,5.86,0.66,5.60,0.43,40.10,0.32,C3'-endo
9,138,0.18,U,U,U,0,0,0,1,0,(,41,1,cWW,cW-W,5.13,2.98,1.01,1.49,3.71,4.97,5.02,3.53,BI,anti,A,4.11,4.57,2.99,3.79,3.25,3.77,4.12,3.72,0.09,5.78,0.71,5.61,0.36,41.51,0.20,C3'-endo
10,139,0.20,U,U,U,0,0,0,1,0,(,40,1,cWW,cW-W,5.04,3.05,1.03,1.53,4.33,4.82,5.79,3.70,..,anti,.,3.21,3.97,3.18,4.00,3.32,3.58,3.39,2.99,6.05,6.10,0.51,5.63,0.56,37.26,0.68,C4'-exo
11,140,0.22,A,A,A,1,0,0,0,0,.,,0,,,5.37,3.91,3.02,1.49,3.99,5.00,5.27,2.88,BI,anti,A,4.42,4.68,5.90,3.74,6.28,3.72,0.41,4.48,0.05,5.83,0.66,5.63,0.38,38.91,0.26,C3'-endo
12,141,0.24,C,C,C,0,1,0,0,0,.,,0,,,4.95,3.03,1.03,1.50,4.01,5.26,5.03,3.45,BI,anti,.,4.45,4.74,2.86,4.34,3.16,4.38,4.22,5.11,0.09,5.79,0.69,5.62,0.36,40.47,0.20,C3'-endo
13,142,0.27,C,C,C,0,1,0,0,0,.,,0,,,4.83,3.31,1.01,1.47,3.64,2.37,1.27,3.60,..,anti,.,4.22,4.62,2.76,1.14,3.22,1.24,4.29,3.14,0.11,5.79,0.66,5.67,0.32,38.53,0.16,C3'-endo
14,143,0.29,A,A,A,1,0,0,0,0,.,,0,,,5.69,3.03,1.07,1.50,4.41,4.24,0.17,4.02,..,anti,.,2.34,4.67,4.46,4.20,4.47,4.06,2.50,4.07,0.04,5.84,0.66,5.63,0.39,39.28,0.27,C3'-endo
15,144,0.31,G,G,G,0,0,1,0,0,(,38,1,cWW,cW-W,1.03,2.83,0.96,1.51,3.59,5.23,4.64,3.12,BI,anti,A,4.42,4.42,4.75,4.00,5.06,3.95,5.13,4.48,6.21,5.95,0.58,5.65,0.45,36.62,0.43,C3'-endo
16,145,0.33,G,G,G,0,0,1,0,0,(,37,1,cWW,cW-W,4.88,3.27,0.93,1.42,3.55,5.11,4.72,3.36,BI,anti,A,4.44,4.49,2.84,3.71,3.14,3.76,4.02,4.47,6.19,5.93,0.64,5.57,0.51,40.92,0.45,C3'-endo
17,146,0.35,U,U,U,0,0,0,1,0,(,36,1,cWW,cW-W,5.09,2.95,0.98,1.42,4.01,5.42,4.87,3.36,BI,anti,.,4.52,4.70,2.96,4.19,3.22,4.15,4.17,4.72,6.25,5.87,0.68,5.56,0.47,41.91,0.37,C3'-endo
18,147,0.37,C,C,C,0,1,0,0,0,.,"34,35",2,"tWH,tWH","tW-M,tW-M",4.35,2.25,2.43,1.53,3.62,4.15,5.75,3.23,BI,anti,.,4.27,4.34,3.27,2.25,3.59,2.50,4.54,2.63,0.01,5.92,0.56,5.70,0.36,34.09,0.32,C3'-endo
19,148,0.39,A,A,A,1,0,0,0,0,.,34,1,tHW,tM-W,5.20,3.21,0.77,1.43,3.75,5.50,4.54,3.56,BI,anti,.,4.36,4.70,3.22,4.25,2.97,4.38,2.74,5.21,0.06,5.82,0.67,5.63,0.37,39.41,0.24,C3'-endo
20,149,0.41,G,G,G,0,0,1,0,0,.,33,1,tH.,tM-.,4.99,3.13,0.93,1.40,3.93,5.16,5.05,3.40,BI,anti,.,4.55,4.74,2.82,4.08,3.34,4.14,4.56,4.93,0.03,5.81,0.72,5.57,0.43,42.78,0.29,C3'-endo
21,150,0.43,G,G,G,0,0,1,0,0,.,32,1,cWW,cW-W,5.12,2.93,1.06,1.42,3.53,5.11,4.70,3.37,BI,anti,A,4.67,4.58,2.85,3.75,3.28,3.73,4.46,4.02,6.27,5.85,0.69,5.58,0.45,41.72,0.34,C3'-endo
22,151,0.45,U,U,U,0,0,0,1,0,(,31,1,cWW,cW-W,5.22,2.94,0.97,1.39,3.56,5.07,4.78,3.27,BI,anti,A,4.57,4.55,2.98,3.70,3.27,3.76,3.89,4.43,6.19,5.90,0.69,5.52,0.54,44.09,0.45,C3'-endo
23,152,0.47,C,C,C,0,1,0,0,0,(,30,1,cWW,cW-W,5.14,3.16,0.93,1.44,3.90,4.80,5.38,3.32,BI,anti,A,4.42,4.62,3.10,3.71,3.30,3.73,4.16,4.12,0.04,5.83,0.67,5.62,0.39,39.59,0.27,C3'-endo
24,153,0.49,C,C,C,0,1,0,0,0,(,29,1,cWW,cW-W,5.11,2.82,0.95,1.41,3.78,5.22,4.84,3.22,BI,anti,A,4.87,4.66,2.81,4.02,3.00,3.97,3.64,4.54,6.23,5.90,0.65,5.59,0.47,40.40,0.40,C3'-endo
25,154,0.51,G,G,G,0,0,1,0,0,.,28,1,tSH,tm-M,5.09,3.20,0.76,1.30,3.94,5.01,5.21,3.47,BI,anti,.,4.62,4.80,2.82,4.16,3.05,3.45,3.96,2.47,6.28,5.82,0.73,5.54,0.48,44.09,0.33,C3'-endo
26,155,0.53,A,A,A,1,0,0,0,0,.,,0,,,2.70,2.78,0.96,1.62,3.83,5.10,5.01,3.18,BI,anti,A,4.19,4.55,0.22,4.18,0.76,4.16,0.42,4.72,0.16,5.80,0.60,5.76,0.23,34.43,0.06,C3'-endo
27,156,0.55,A,A,A,1,0,0,0,0,.,,0,,,5.20,2.90,1.06,1.45,3.62,5.18,4.72,3.72,BI,anti,.,3.49,4.39,2.97,3.92,3.40,3.95,4.35,4.94,6.28,5.87,0.65,5.62,0.42,39.09,0.32,C3'-endo
28,157,0.57,A,A,A,1,0,0,0,0,.,25,1,tHS,tM-m,5.23,2.92,0.91,1.46,3.69,5.17,4.81,3.95,BI,anti,.,3.23,4.60,2.95,4.67,3.36,4.73,4.59,5.16,0.10,5.81,0.66,5.66,0.33,38.39,0.18,C3'-endo
29,158,0.59,G,G,G,0,0,1,0,0,),24,1,cWW,cW-W,2.38,4.12,3.31,1.43,4.01,4.75,5.54,3.22,..,anti,A,4.51,4.52,3.18,3.52,3.84,3.34,4.75,3.83,6.14,6.00,0.59,5.60,0.52,38.89,0.53,C3'-endo
30,159,0.61,G,G,G,0,0,1,0,0,),23,1,cWW,cW-W,0.85,3.66,4.68,1.70,3.70,5.27,4.71,3.33,BI,anti,A,4.74,4.76,2.88,3.36,2.98,3.58,3.80,4.13,0.43,5.62,0.64,5.87,6.28,38.84,5.94,C2'-exo
31,160,0.63,A,A,A,1,0,0,0,0,),22,1,cWW,cW-W,5.09,3.07,1.01,1.42,3.78,4.78,5.29,3.35,BI,anti,A,4.73,4.71,2.97,3.60,3.34,3.63,4.03,3.83,0.05,5.81,0.69,5.61,0.40,40.73,0.26,C3'-endo
32,161,0.65,A,A,A,1,0,0,0,0,.,21,1,cWW,cW-W,5.30,2.73,0.98,1.32,3.45,5.31,4.42,3.37,BI,anti,.,4.51,4.53,2.90,4.31,3.15,4.21,3.61,4.86,6.21,5.87,0.72,5.51,0.53,45.01,0.41,C3'-endo
33,162,0.67,G,G,G,0,0,1,0,0,.,20,1,t.H,t.-M,2.89,3.47,2.95,1.55,4.09,3.90,0.20,3.13,..,anti,.,4.67,4.61,3.05,2.57,3.48,2.72,4.60,2.77,0.02,5.89,0.60,5.68,0.37,35.72,0.30,C3'-endo
34,163,0.69,C,C,C,0,1,0,0,0,.,"18,19",2,"tHW,tWH","tM-W,tW-M",5.22,2.61,0.84,1.39,3.94,4.94,5.29,3.30,BI,anti,A,4.55,4.71,3.03,3.95,2.93,3.97,2.79,4.53,0.01,5.83,0.71,5.56,0.45,42.68,0.31,C3'-endo
35,164,0.71,A,A,A,1,0,0,0,0,.,18,1,tHW,tM-W,5.26,2.89,0.92,1.38,3.76,5.27,4.77,3.40,BI,anti,.,4.45,4.66,2.87,4.06,3.17,4.12,4.07,5.05,0.05,5.79,0.74,5.56,0.42,43.70,0.26,C3'-endo
36,165,0.73,G,G,G,0,0,1,0,0,),17,1,cWW,cW-W,5.21,3.11,0.86,1.50,3.89,4.93,5.24,3.54,BI,anti,.,4.13,4.59,3.03,3.93,3.41,3.99,4.63,4.67,0.09,5.82,0.64,5.69,0.32,37.02,0.18,C3'-endo
37,166,0.76,C,C,C,0,1,0,0,0,),16,1,cWW,cW-W,5.41,2.63,0.84,1.41,3.39,5.31,4.37,3.45,BI,anti,A,4.33,4.44,2.76,3.89,3.20,3.85,4.22,4.45,6.22,5.89,0.68,5.55,0.50,42.37,0.41,C3'-endo
38,167,0.78,C,C,C,0,1,0,0,0,),15,1,cWW,cW-W,4.82,3.34,0.96,1.47,3.58,5.30,4.57,3.50,BI,anti,.,4.36,4.54,2.91,3.95,3.19,4.00,4.08,4.85,0.00,5.86,0.66,5.61,0.43,39.61,0.32,C3'-endo
39,168,0.80,A,A,A,1,0,0,0,0,.,,0,,,4.91,2.85,1.20,1.45,3.65,5.15,4.78,3.25,BI,anti,.,4.63,4.61,2.83,3.89,3.29,3.84,4.55,4.72,0.05,5.81,0.68,5.62,0.39,40.35,0.25,C3'-endo
40,169,0.82,A,A,A,1,0,0,0,0,),10,1,cWW,cW-W,4.91,3.07,0.98,1.50,3.64,5.07,4.86,3.32,BI,anti,A,4.60,4.68,2.80,3.82,3.13,3.80,4.41,3.85,0.23,5.70,0.71,5.70,0.23,40.41,6.28,C2'-exo
41,170,0.84,G,G,G,0,0,1,0,0,),9,1,cWW,cW-W,5.08,3.03,1.02,1.38,3.56,5.05,4.79,3.32,BI,anti,A,4.51,4.57,2.91,3.68,3.18,3.71,3.56,4.19,6.22,5.85,0.74,5.50,0.53,45.80,0.39,C3'-endo
42,171,0.86,G,G,G,0,0,1,0,0,),8,1,cWW,cW-W,5.23,3.12,0.95,1.44,3.66,5.21,4.73,3.26,BI,anti,A,4.29,4.51,3.09,3.94,3.30,3.98,4.01,4.72,6.28,5.85,0.69,5.57,0.45,42.07,0.33,C3'-endo
43,172,0.88,C,C,C,0,1,0,0,0,),7,1,cWW,cW-W,5.14,3.24,0.82,1.46,3.40,5.13,4.56,3.68,BI,anti,A,4.00,4.40,2.94,4.13,3.25,3.91,4.25,4.30,6.24,5.92,0.61,5.63,0.44,37.91,0.39,C3'-endo
44,173,0.90,A,A,A,1,0,0,0,0,),6,1,cWW,cW-W,2.47,3.24,3.16,1.49,3.82,4.89,5.21,3.39,BI,anti,A,4.61,4.71,2.74,3.20,2.98,3.34,3.71,3.73,0.15,5.74,0.71,5.64,0.31,40.82,0.12,C3'-endo
45,174,0.92,G,G,G,0,0,1,0,0,),5,1,cWW,cW-W,5.37,2.83,0.89,1.38,3.59,5.00,4.87,3.44,BI,anti,A,4.36,4.53,2.94,3.69,3.22,3.70,3.78,4.28,6.23,5.88,0.69,5.55,0.49,42.54,0.40,C3'-endo
46,175,0.94,G,G,G,0,0,1,0,0,),4,1,cWW,cW-W,5.18,3.10,0.82,1.46,3.71,5.09,4.90,3.47,BI,anti,A,4.41,4.61,2.94,3.91,3.14,3.94,3.94,4.65,6.27,5.87,0.66,5.60,0.43,40.02,0.34,C3'-endo
47,176,0.96,U,U,U,0,0,0,1,0,),3,1,cWW,cW-W,5.22,2.89,0.92,1.48,3.82,4.76,5.34,3.36,BI,anti,A,4.73,4.62,2.95,3.60,3.26,3.56,4.27,3.75,6.28,5.87,0.64,5.62,0.42,38.76,0.33,C3'-endo
48,177,0.98,C,C,C,0,1,0,0,0,),2,1,cWW,cW-W,4.97,2.67,1.11,1.46,3.67,5.03,4.93,3.39,BI,anti,A,4.62,4.63,2.74,3.83,2.97,3.78,3.44,4.26,0.01,5.83,0.69,5.58,0.44,41.76,0.31,C3'-endo
49,178,1.00,C,C,C,0,1,0,0,0,),1,1,cWW,cW-W,4.93,3.17,1.05,1.64,,,,3.49,n/a,anti,-,,,,,,,,,0.07,5.86,0.58,5.72,0.31,34.22,0.21,C3'-endo
