index_chain,old_nt_resnum,nt_position,nt_name,nt_code,nt_align_code,is_A,is_C,is_G,is_U,is_other,dbn,paired,nb_interact,pair_type_LW,pair_type_DSSR,alpha,beta,gamma,delta,epsilon,zeta,epsilon_zeta,chi,bb_type,glyco_bond,form,ssZp,Dp,eta,theta,eta_prime,theta_prime,eta_base,theta_base,v0,v1,v2,v3,v4,amplitude,phase_angle,puckering
1,2,0.05,G,G,G,0,0,1,0,0,(,0,1,cWW,cW-W,,3.23,3.59,1.50,3.73,5.17,4.84,3.28,BI,anti,A,4.44,4.63,,3.23,,3.44,,4.27,0.11,5.79,0.66,5.67,0.32,38.57,0.16,C3'-endo
2,3,0.11,A,A,A,1,0,0,0,0,(,0,1,cWW,cW-W,5.09,3.13,0.90,1.46,3.75,5.22,4.81,3.58,BI,anti,.,4.16,4.65,2.90,3.97,3.23,3.95,4.20,4.23,0.10,5.79,0.68,5.64,0.34,39.59,0.18,C3'-endo
3,4,0.16,G,G,G,0,0,1,0,0,(,0,1,cWW,cW-W,4.96,2.78,1.41,1.28,3.61,4.83,5.07,3.32,BI,anti,A,4.58,4.60,2.97,3.35,3.32,3.37,3.94,3.81,6.05,6.01,0.64,5.49,0.64,44.81,0.62,C3'-endo
4,5,0.21,U,U,U,0,0,0,1,0,(,0,1,cWW,cW-W,5.30,2.90,0.88,1.31,3.37,4.86,4.79,3.52,BI,anti,A,4.34,4.51,2.99,3.84,3.19,3.68,3.80,4.15,6.24,5.89,0.67,5.57,0.48,41.26,0.39,C3'-endo
5,6,0.26,G,G,G,0,0,1,0,0,(,0,1,cWW,cW-W,2.46,3.57,3.19,1.59,4.03,4.92,5.40,3.20,BI,anti,A,4.58,4.78,2.95,3.59,3.15,3.67,3.96,4.23,0.28,5.70,0.66,5.76,0.16,37.81,6.19,C2'-exo
6,7,0.32,C,C,C,0,1,0,0,0,(,0,1,cWW,cW-W,5.45,2.86,0.75,1.37,3.46,5.14,4.61,3.39,BI,anti,A,4.56,4.63,2.88,3.71,3.23,3.73,4.09,4.15,0.00,5.81,0.73,5.54,0.47,44.09,0.32,C3'-endo
7,8,0.37,G,G,G,0,0,1,0,0,(,0,1,cWW,cW-W,5.17,3.08,0.94,1.43,3.69,5.02,4.95,3.53,BI,anti,A,4.25,4.62,3.04,3.77,3.27,3.77,3.92,4.19,0.05,5.82,0.68,5.62,0.38,40.22,0.25,C3'-endo
8,9,0.42,A,A,A,1,0,0,0,0,(,0,1,cWW,cW-W,5.25,2.94,0.91,1.37,3.58,4.90,4.96,3.58,BI,anti,A,4.33,4.57,2.96,3.51,3.20,3.53,3.86,3.85,6.23,5.89,0.66,5.58,0.48,40.73,0.40,C3'-endo
9,10,0.47,C,C,C,0,1,0,0,0,(,0,1,cWW,cW-W,5.11,2.91,0.96,1.41,3.32,4.86,4.74,3.65,BI,anti,A,4.15,4.52,2.83,3.94,3.06,3.78,3.60,4.05,6.27,5.82,0.74,5.51,0.49,44.97,0.34,C3'-endo
10,11,0.53,A,A,A,1,0,0,0,0,(,0,1,cWW,cW-W,2.58,3.69,3.23,1.57,3.91,5.15,5.05,3.23,BI,anti,A,4.16,4.67,3.18,3.62,3.40,3.66,4.02,4.25,0.21,5.75,0.62,5.76,0.20,35.66,6.27,C2'-exo
11,12,0.58,C,C,C,0,1,0,0,0,(,0,1,cWW,cW-W,5.17,2.98,0.80,1.31,3.61,5.56,4.33,3.50,BI,anti,.,4.41,4.64,2.70,3.98,3.06,3.87,3.98,4.13,6.25,5.83,0.74,5.51,0.51,45.27,0.36,C3'-endo
12,13,0.63,C,C,C,0,1,0,0,0,(,0,1,cWW,cW-W,3.84,2.36,2.83,1.50,3.98,4.96,5.30,3.26,BI,anti,A,4.11,4.56,3.37,3.17,3.50,3.36,3.99,4.03,0.07,5.83,0.65,5.65,0.36,38.08,0.23,C3'-endo
13,14,0.68,U,U,U,0,0,0,1,0,(,0,1,cWW,cW-W,4.99,2.93,0.94,1.35,3.77,4.98,5.08,3.39,BI,anti,A,4.44,4.72,2.64,3.77,2.95,3.78,3.80,4.29,0.01,5.80,0.74,5.54,0.46,44.39,0.30,C3'-endo
14,15,0.74,G,G,G,0,0,1,0,0,(,0,1,cWW,cW-W,5.47,2.88,0.85,1.35,3.53,5.07,4.75,3.46,BI,anti,A,4.39,4.62,3.01,3.62,3.28,3.64,4.08,4.10,6.25,5.85,0.71,5.53,0.50,43.76,0.37,C3'-endo
15,16,0.79,A,A,A,1,0,0,0,0,(,0,1,cWW,cW-W,5.16,3.06,0.98,1.45,3.80,4.69,5.39,3.62,BI,anti,A,3.95,4.60,3.04,3.56,3.26,3.55,3.90,3.79,0.02,5.82,0.70,5.57,0.44,42.04,0.30,C3'-endo
16,17,0.84,U,U,U,0,0,0,1,0,(,0,1,cWW,cW-W,5.21,2.77,0.94,1.43,3.47,5.03,4.72,3.43,BI,anti,A,4.46,4.55,2.80,3.66,3.00,3.62,3.46,4.06,0.04,5.79,0.73,5.56,0.43,43.64,0.27,C3'-endo
17,18,0.89,U,U,U,0,0,0,1,0,(,0,1,cWW,cW-W,4.93,2.71,1.44,1.49,3.62,5.22,4.68,3.32,BI,anti,A,4.22,4.58,3.02,3.93,3.37,3.80,4.13,4.28,0.04,5.80,0.72,5.57,0.43,42.99,0.27,C3'-endo
18,19,0.95,C,C,C,0,1,0,0,0,(,0,1,cWW,cW-W,4.94,3.09,0.98,1.41,3.52,5.16,4.64,3.47,BI,anti,.,4.27,4.47,2.81,4.17,3.14,3.95,4.01,4.28,6.23,5.89,0.66,5.57,0.48,41.00,0.39,C3'-endo
19,20,1.00,C,C,C,0,1,0,0,0,(,0,1,cWW,cW-W,2.64,3.18,3.34,1.44,,,,3.43,n/a,anti,-,,,,,,,,,0.00,5.90,0.59,5.67,0.39,35.92,0.32,C3'-endo
