index_chain,old_nt_resnum,nt_position,nt_name,nt_code,nt_align_code,is_A,is_C,is_G,is_U,is_other,dbn,paired,nb_interact,pair_type_LW,pair_type_DSSR,alpha,beta,gamma,delta,epsilon,zeta,epsilon_zeta,chi,bb_type,glyco_bond,form,ssZp,Dp,eta,theta,eta_prime,theta_prime,eta_base,theta_base,v0,v1,v2,v3,v4,amplitude,phase_angle,puckering
1,1,0.04,G,G,G,0,0,1,0,0,(,25,1,cWW,cW-W,,,3.01,1.61,3.91,5.09,5.10,3.31,BI,anti,A,4.61,4.68,,,,,,,0.34,5.68,0.63,5.83,0.07,36.85,6.07,C2'-exo
2,2,0.08,G,G,G,0,0,1,0,0,(,24,1,cWW,cW-W,5.19,2.94,0.78,1.36,3.71,5.03,4.96,3.41,BI,anti,A,4.59,4.76,2.74,3.72,3.09,3.74,4.17,4.06,0.22,5.65,0.78,5.61,0.29,44.51,0.05,C3'-endo
3,3,0.12,C,C,C,0,1,0,0,0,(,23,1,cWW,cW-W,5.25,2.89,0.93,1.28,3.38,5.13,4.54,3.43,BI,anti,A,4.55,4.64,2.90,3.52,3.17,3.55,3.81,3.83,0.15,5.68,0.82,5.54,0.38,47.63,0.15,C3'-endo
4,4,0.16,A,A,A,1,0,0,0,0,(,22,1,cWW,cW-W,5.04,3.06,1.16,1.39,3.84,5.05,5.07,3.40,BI,anti,A,4.48,4.66,3.17,3.92,3.34,3.90,3.78,4.57,0.09,5.78,0.71,5.60,0.37,41.43,0.20,C3'-endo
5,5,0.20,C,C,C,0,1,0,0,0,(,21,1,cWW,cW-W,4.99,2.96,0.94,1.32,4.44,3.59,0.86,3.53,..,anti,.,4.21,4.94,2.87,3.16,3.07,2.72,3.98,3.80,0.10,5.71,0.78,5.55,0.41,45.70,0.19,C3'-endo
6,6,0.24,A,A,A,1,0,0,0,0,.,,0,,,1.04,3.80,0.88,2.44,4.20,1.19,3.01,5.23,..,anti,.,-0.57,1.56,6.08,1.77,6.26,1.17,4.88,1.07,6.11,0.34,5.90,0.30,6.20,22.29,3.03,C2'-endo
7,7,0.28,G,G,G,0,0,1,0,0,(,20,1,cWW,cW-W,1.04,1.79,3.17,1.52,3.61,5.09,4.80,3.15,BI,anti,A,4.62,4.65,1.11,2.82,0.96,3.18,1.29,3.85,0.30,5.66,0.70,5.74,0.15,40.20,6.17,C2'-exo
8,8,0.32,A,A,A,1,0,0,0,0,(,19,1,cWW,cW-W,4.69,3.35,1.13,1.37,3.60,5.07,4.81,3.42,BI,anti,A,4.55,4.70,2.87,3.76,3.13,3.76,3.85,4.07,0.20,5.68,0.76,5.62,0.30,43.73,0.07,C3'-endo
9,9,0.36,A,A,A,1,0,0,0,0,(,18,1,cWW,cW-W,5.04,3.11,0.99,1.35,3.41,5.30,4.40,3.44,BI,anti,A,4.46,4.60,2.93,3.77,3.15,3.78,3.76,4.15,0.09,5.73,0.78,5.53,0.42,45.90,0.21,C3'-endo
10,10,0.40,G,G,G,0,0,1,0,0,(,17,1,cWW,cW-W,4.84,3.09,1.22,1.37,3.75,5.13,4.90,3.57,BI,anti,A,4.28,4.65,3.04,3.85,3.27,3.85,3.86,4.52,6.27,5.84,0.70,5.55,0.48,42.95,0.35,C3'-endo
11,11,0.44,A,A,A,1,0,0,0,0,.,,0,,,4.96,2.99,1.09,1.40,4.30,4.49,6.09,3.71,..,anti,.,3.59,4.75,3.03,4.14,3.25,3.76,4.11,3.37,6.22,5.88,0.68,5.55,0.51,42.64,0.41,C3'-endo
12,12,0.48,U,U,U,0,0,0,1,0,.,,0,,,1.15,3.16,0.91,1.43,3.99,3.47,0.52,3.23,..,anti,.,4.52,4.59,5.20,2.66,5.57,2.15,5.71,1.46,0.21,5.70,0.75,5.64,0.27,42.74,0.05,C3'-endo
13,13,0.52,A,A,A,1,0,0,0,0,.,,0,,,1.06,3.85,2.93,2.29,4.73,2.98,1.75,3.77,BII,anti,.,1.76,1.53,2.50,2.15,2.19,2.22,1.96,2.29,5.72,0.64,5.78,0.18,0.25,37.23,2.45,C1'-exo
14,14,0.56,U,U,U,0,0,0,1,0,.,,0,,,4.90,3.15,2.85,1.32,3.50,3.32,0.19,3.50,..,anti,.,4.35,4.54,5.76,1.35,5.50,0.92,5.48,5.89,6.20,5.83,0.78,5.44,0.58,48.78,0.42,C3'-endo
15,15,0.60,G,G,G,0,0,1,0,0,.,,0,,,5.05,2.25,4.91,2.64,4.57,1.09,3.48,1.18,..,syn,.,-1.13,1.05,0.97,1.25,0.93,0.64,1.88,5.62,5.86,0.67,5.64,0.44,6.27,38.91,2.83,C2'-endo
16,16,0.64,G,G,G,0,0,1,0,0,.,,0,,,1.60,2.60,0.92,2.53,4.77,5.02,6.03,5.36,..,anti,.,1.41,1.26,6.05,5.81,0.45,5.36,1.52,0.09,5.66,0.79,5.63,0.33,0.18,44.21,2.58,C2'-endo
17,17,0.68,C,C,C,0,1,0,0,0,),10,1,cWW,cW-W,5.30,3.07,1.05,1.39,3.81,4.91,5.18,3.34,BI,anti,A,4.61,4.71,2.94,3.76,3.74,3.77,3.58,4.12,0.11,5.73,0.77,5.55,0.39,44.77,0.19,C3'-endo
18,18,0.72,U,U,U,0,0,0,1,0,),9,1,cWW,cW-W,5.14,3.03,1.00,1.31,3.78,4.99,5.07,3.44,BI,anti,A,4.45,4.73,3.06,3.71,3.22,3.75,3.77,4.18,0.06,5.76,0.74,5.55,0.43,43.97,0.25,C3'-endo
19,19,0.76,U,U,U,0,0,0,1,0,),8,1,cWW,cW-W,5.16,2.86,0.92,1.31,3.58,5.14,4.73,3.51,BI,anti,A,4.34,4.59,2.85,3.75,3.11,3.74,3.80,4.36,0.10,5.72,0.78,5.53,0.41,45.93,0.21,C3'-endo
20,20,0.80,C,C,C,0,1,0,0,0,),7,1,cWW,cW-W,4.98,3.10,0.99,1.35,3.46,5.15,4.60,3.36,BI,anti,A,4.71,4.73,2.83,3.69,3.09,3.69,4.05,4.12,0.16,5.68,0.79,5.57,0.35,45.69,0.12,C3'-endo
21,21,0.84,G,G,G,0,0,1,0,0,),5,1,cWW,cW-W,4.77,3.06,1.31,1.40,4.00,4.61,5.68,3.24,..,anti,A,4.80,4.84,3.07,3.77,3.26,3.80,3.94,4.50,0.17,5.68,0.79,5.57,0.34,45.43,0.12,C3'-endo
22,22,0.88,U,U,U,0,0,0,1,0,),4,1,cWW,cW-W,5.56,2.51,0.78,1.34,3.78,4.85,5.22,3.40,BI,anti,A,4.66,4.80,2.86,3.76,3.14,3.74,4.16,4.05,0.22,5.65,0.79,5.60,0.29,45.51,0.05,C3'-endo
23,23,0.92,G,G,G,0,0,1,0,0,),3,1,cWW,cW-W,5.28,2.83,0.96,1.46,3.32,5.08,4.53,3.43,BI,anti,A,4.33,4.39,2.94,3.68,3.22,3.61,3.84,3.76,0.05,5.85,0.63,5.67,0.36,37.14,0.25,C3'-endo
24,24,0.96,C,C,C,0,1,0,0,0,),2,1,cWW,cW-W,4.74,3.33,1.08,1.29,3.34,4.92,4.71,3.67,BI,anti,A,4.12,4.51,2.96,3.76,3.09,3.71,3.46,4.05,6.27,5.85,0.70,5.56,0.46,42.27,0.34,C3'-endo
25,25,1.00,C,C,C,0,1,0,0,0,),1,1,cWW,cW-W,2.78,3.39,3.06,1.85,,,,3.42,n/a,anti,-,,,,,,,,,0.16,6.01,0.29,6.08,0.03,16.80,6.06,C2'-exo
