index_chain,old_nt_resnum,nt_position,nt_name,nt_code,nt_align_code,is_A,is_C,is_G,is_U,is_other,dbn,paired,nb_interact,pair_type_LW,pair_type_DSSR,alpha,beta,gamma,delta,epsilon,zeta,epsilon_zeta,chi,bb_type,glyco_bond,form,ssZp,Dp,eta,theta,eta_prime,theta_prime,eta_base,theta_base,v0,v1,v2,v3,v4,amplitude,phase_angle,puckering
1,14,0.08,G,G,G,0,0,1,0,0,),0,1,cWW,cW-W,,,1.01,1.47,3.69,5.00,4.97,3.18,BI,anti,A,4.66,4.67,,,,,,,0.12,5.76,0.69,5.64,0.33,40.21,0.15,C3'-endo
2,15,0.15,C,C,C,0,1,0,0,0,),0,1,cWW,cW-W,5.14,3.08,0.93,1.41,3.58,4.96,4.90,3.38,BI,anti,A,4.58,4.66,2.95,3.61,3.19,3.62,3.88,3.91,0.07,5.78,0.72,5.59,0.40,42.30,0.23,C3'-endo
3,16,0.23,G,G,G,0,0,1,0,0,),0,1,cWW,cW-W,5.11,3.13,0.89,1.38,3.72,5.11,4.90,3.37,BI,anti,A,4.64,4.74,2.94,3.82,3.07,3.86,3.57,4.35,0.10,5.75,0.74,5.59,0.37,43.06,0.19,C3'-endo
4,17,0.31,U,U,U,0,0,0,1,0,),0,1,cWW,cW-W,5.16,3.09,0.87,1.35,3.69,4.94,5.03,3.42,BI,anti,A,4.66,4.74,2.88,3.65,3.13,3.73,3.91,4.21,0.02,5.80,0.74,5.53,0.46,44.56,0.30,C3'-endo
5,18,0.38,U,U,U,0,0,0,1,0,),0,1,cWW,cW-W,5.32,2.92,1.02,1.43,3.48,5.04,4.72,3.36,BI,anti,A,4.52,4.55,3.07,3.64,3.34,3.64,4.05,3.88,0.02,5.84,0.68,5.60,0.42,40.45,0.29,C3'-endo
6,19,0.46,5BU,u,U,0,0,0,0,1,),0,1,cWW,cW-W,5.06,3.34,0.84,1.40,3.35,4.85,4.78,3.59,BI,anti,.,4.17,4.51,2.99,3.80,3.14,3.58,3.57,4.85,0.08,5.77,0.73,5.59,0.39,42.57,0.22,C3'-endo
7,20,0.54,G,G,G,0,0,1,0,0,.,0,1,cHW,cM+W,2.52,3.42,3.17,1.43,3.81,5.18,4.92,0.10,BI,syn,.,-4.80,4.76,2.84,3.47,2.92,3.61,4.60,3.20,0.10,5.76,0.73,5.59,0.38,42.61,0.20,C3'-endo
8,21,0.62,A,A,A,1,0,0,0,0,),0,1,cWW,cW-W,5.20,3.11,0.85,1.41,3.79,5.09,4.99,3.29,BI,anti,A,4.70,4.74,2.94,3.90,3.28,3.95,3.11,4.46,0.08,5.78,0.71,5.60,0.38,41.92,0.22,C3'-endo
9,22,0.69,A,A,A,1,0,0,0,0,),0,1,cWW,cW-W,5.20,3.09,0.85,1.37,3.58,4.83,5.04,3.39,BI,anti,A,4.59,4.63,2.89,3.44,3.17,3.48,3.97,3.78,6.27,5.84,0.71,5.55,0.47,42.99,0.34,C3'-endo
10,23,0.77,A,A,A,1,0,0,0,0,),0,1,cWW,cW-W,5.16,3.01,0.98,1.42,3.48,5.01,4.75,3.46,BI,anti,A,4.46,4.62,2.99,3.61,3.12,3.61,3.56,3.91,0.11,5.74,0.74,5.59,0.37,43.11,0.18,C3'-endo
11,24,0.85,C,C,C,0,1,0,0,0,),0,1,cWW,cW-W,5.18,3.06,0.93,1.40,3.69,5.04,4.93,3.47,BI,anti,A,4.42,4.70,3.01,3.78,3.19,3.81,3.71,4.26,0.07,5.77,0.73,5.58,0.40,42.82,0.23,C3'-endo
12,25,0.92,G,G,G,0,0,1,0,0,),0,1,cWW,cW-W,5.14,3.06,0.89,1.42,3.68,4.98,4.98,3.43,BI,anti,A,4.51,4.67,2.91,3.73,3.14,3.77,3.85,4.28,0.03,5.82,0.70,5.58,0.43,42.08,0.29,C3'-endo
13,26,1.00,C,C,C,0,1,0,0,0,),0,1,cWW,cW-W,5.28,2.93,0.96,1.36,,,,3.51,n/a,anti,-,,,,,,,,,0.00,5.85,0.67,5.59,0.43,40.64,0.32,C3'-endo
