index_chain,old_nt_resnum,nt_position,nt_name,nt_code,nt_align_code,is_A,is_C,is_G,is_U,is_other,dbn,paired,nb_interact,pair_type_LW,pair_type_DSSR,alpha,beta,gamma,delta,epsilon,zeta,epsilon_zeta,chi,bb_type,glyco_bond,form,ssZp,Dp,eta,theta,eta_prime,theta_prime,eta_base,theta_base,v0,v1,v2,v3,v4,amplitude,phase_angle,puckering
1,9,0.00,G,G,G,0,0,1,0,0,(,"75,0",2,"tSS,cWW","tm+m,cW-W",,3.46,3.10,1.44,4.47,5.00,5.75,2.75,..,anti,.,4.52,4.74,,3.88,,4.00,,5.12,0.11,5.77,0.70,5.63,0.34,40.51,0.17,C3'-endo
2,10,0.01,A,A,A,1,0,0,0,0,(,0,1,cWW,cW-W,5.09,2.84,0.95,1.50,3.49,4.99,4.78,3.67,BI,anti,A,4.05,4.43,2.54,3.70,3.07,3.65,4.53,4.04,6.25,5.90,0.64,5.61,0.44,39.17,0.38,C3'-endo
3,11,0.01,G,G,G,0,0,1,0,0,(,"177,0",2,"cSS,cWW","cm-m,cW-W",4.82,3.06,1.14,1.51,3.46,5.10,4.65,3.41,BI,anti,A,4.48,4.47,2.82,3.79,3.08,3.76,3.77,4.45,6.28,5.87,0.66,5.61,0.42,39.65,0.33,C3'-endo
4,12,0.02,C,C,C,0,1,0,0,0,(,"176,0",2,"cSS,cWW","cm-m,cW-W",4.76,3.31,1.07,1.52,4.15,4.36,6.07,3.68,..,anti,.,3.87,4.75,3.04,3.66,3.20,3.73,4.08,4.09,0.12,5.79,0.66,5.67,0.31,38.45,0.15,C3'-endo
5,13,0.02,C,C,C,0,1,0,0,0,(,"26,29",2,"cWW,cSW","cW-W,cm-W",5.55,2.10,1.10,1.42,3.73,5.18,4.83,3.28,BI,anti,.,4.67,4.62,2.84,4.15,3.20,4.01,3.82,4.64,6.23,5.91,0.64,5.60,0.47,39.81,0.40,C3'-endo
6,14,0.02,U,U,U,0,0,0,1,0,.,25,1,cWW,cW-W,5.16,2.93,1.03,1.43,3.76,4.96,5.08,3.50,BI,anti,.,4.27,4.53,2.95,3.82,3.35,3.78,4.44,4.27,6.18,5.93,0.65,5.56,0.52,41.49,0.46,C3'-endo
7,15,0.03,U,U,U,0,0,0,1,0,.,24,1,cWW,cW-W,4.58,3.23,1.13,1.39,3.98,4.84,5.42,3.53,BI,anti,.,4.40,4.80,2.71,3.81,2.88,3.92,3.57,4.76,0.10,5.78,0.69,5.64,0.35,40.08,0.19,C3'-endo
8,16,0.03,U,U,U,0,0,0,1,0,(,23,1,cWW,cW-W,5.30,2.67,1.01,1.46,3.41,5.09,4.60,3.69,BI,anti,A,4.17,4.55,2.77,3.78,3.22,3.64,4.38,3.87,0.07,5.79,0.71,5.60,0.38,41.46,0.23,C3'-endo
9,17,0.04,A,A,A,1,0,0,0,0,(,22,1,cWW,cW-W,4.87,3.29,0.91,1.37,3.78,4.51,5.56,3.63,BI,anti,A,4.24,4.75,2.83,3.41,2.95,3.50,3.48,3.85,0.09,5.77,0.73,5.58,0.39,43.04,0.21,C3'-endo
10,18,0.04,U,U,U,0,0,0,1,0,(,21,1,cWW,cW-W,5.58,2.50,0.92,1.40,3.69,4.89,5.09,3.78,BI,anti,A,3.85,4.70,2.97,3.80,3.17,3.72,3.65,4.12,0.13,5.74,0.73,5.61,0.34,42.41,0.15,C3'-endo
11,19,0.04,A,A,A,1,0,0,0,0,(,20,1,cWW,cW-W,5.37,2.78,0.83,1.38,4.15,4.18,6.25,3.31,..,anti,.,4.73,4.89,2.98,3.36,3.16,3.42,3.86,3.49,0.08,5.78,0.71,5.60,0.38,41.90,0.22,C3'-endo
12,20,0.05,C,C,C,0,1,0,0,0,(,19,1,cWW,cW-W,5.28,2.38,0.91,1.35,3.69,5.44,4.54,3.63,BI,anti,.,4.23,4.75,2.68,4.26,2.80,4.19,3.09,4.51,0.25,5.63,0.80,5.62,0.27,45.80,0.01,C3'-endo
13,21,0.05,A,A,A,1,0,0,0,0,(,18,1,cWW,cW-W,4.96,3.63,0.83,1.38,3.80,4.80,5.28,3.37,BI,anti,A,4.59,4.75,3.04,3.60,3.30,3.70,4.02,4.06,0.07,5.78,0.72,5.59,0.39,42.16,0.23,C3'-endo
14,22,0.06,G,G,G,0,0,1,0,0,.,17,1,tSH,tm-M,5.20,2.80,1.01,1.32,3.71,4.54,5.45,3.52,BI,anti,.,4.47,4.76,2.86,3.77,3.04,3.14,3.57,2.17,0.02,5.80,0.75,5.54,0.45,44.58,0.29,C3'-endo
15,23,0.06,U,U,U,0,0,0,1,0,.,,0,,,3.03,3.45,0.90,1.52,4.04,4.54,5.79,3.77,..,anti,B,3.40,4.42,1.06,3.72,1.12,3.80,0.50,4.24,6.28,5.92,0.57,5.69,0.38,34.61,0.33,C3'-endo
16,24,0.07,A,A,A,1,0,0,0,0,.,165,1,cWS,cW-m,5.48,2.26,1.09,1.45,3.63,4.27,5.64,3.86,BI,anti,B,3.45,4.22,2.89,3.80,3.23,3.51,3.83,3.85,6.11,6.04,0.54,5.62,0.53,37.60,0.59,C3'-endo
17,25,0.07,A,A,A,1,0,0,0,0,.,"14,172",2,"tHS,tWS","tM-m,tW+m",2.42,3.90,2.90,1.57,3.58,5.74,4.12,3.36,BI,anti,.,4.54,4.49,2.58,4.91,2.88,4.82,3.57,5.48,0.11,5.85,0.58,5.75,0.27,33.39,0.14,C3'-endo
18,26,0.07,U,U,U,0,0,0,1,0,),13,1,cWW,cW-W,2.55,3.75,2.76,1.41,3.62,4.98,4.92,3.55,BI,anti,.,4.38,4.67,2.48,3.55,3.49,3.44,4.94,3.81,0.13,5.74,0.74,5.61,0.34,42.66,0.15,C3'-endo
19,27,0.08,G,G,G,0,0,1,0,0,),12,1,cWW,cW-W,5.23,3.01,0.97,1.45,4.23,4.58,5.93,3.05,..,anti,A,4.92,4.86,3.15,3.78,3.29,3.87,3.88,4.50,0.10,5.79,0.67,5.65,0.34,39.27,0.19,C3'-endo
20,28,0.08,U,U,U,0,0,0,1,0,),11,1,cWW,cW-W,5.01,2.74,1.03,1.52,3.42,5.28,4.43,3.22,BI,anti,A,4.57,4.59,2.66,4.02,2.97,3.91,3.94,4.27,0.15,5.75,0.69,5.66,0.30,39.70,0.11,C3'-endo
21,29,0.09,A,A,A,1,0,0,0,0,),10,1,cWW,cW-W,4.74,3.40,1.07,1.48,4.16,4.46,5.98,3.37,..,anti,.,4.57,4.79,3.06,3.60,3.27,3.65,3.97,3.75,0.02,5.86,0.65,5.63,0.41,38.77,0.30,C3'-endo
22,30,0.09,U,U,U,0,0,0,1,0,),9,1,cWW,cW-W,5.10,2.37,1.18,1.45,3.87,4.76,5.39,3.69,BI,anti,A,4.02,4.67,2.79,3.78,3.00,3.68,3.28,4.02,6.28,5.86,0.67,5.60,0.44,40.55,0.33,C3'-endo
23,31,0.09,A,A,A,1,0,0,0,0,),8,1,cWW,cW-W,5.24,2.69,1.00,1.52,3.53,4.97,4.84,3.25,BI,anti,A,4.31,4.29,2.85,3.77,3.15,3.71,3.82,4.27,6.17,6.02,0.52,5.68,0.45,34.46,0.52,C3'-endo
24,32,0.10,U,U,U,0,0,0,1,0,.,7,1,cWW,cW-W,5.07,3.03,0.95,1.48,3.61,5.01,4.88,3.32,BI,anti,A,4.46,4.55,2.92,3.83,3.16,3.85,4.03,4.36,6.26,5.91,0.61,5.64,0.43,37.54,0.37,C3'-endo
25,33,0.10,C,C,C,0,1,0,0,0,.,"6,27",2,"cWW,cSH","cW-W,cm+M",5.38,2.80,0.99,1.41,3.85,4.54,5.60,3.38,BI,anti,A,4.45,4.59,3.10,3.58,3.41,3.64,4.21,3.99,6.19,5.93,0.64,5.57,0.50,40.76,0.45,C3'-endo
26,34,0.11,G,G,G,0,0,1,0,0,),"5,28",2,"cWW,cSW","cW-W,cm+W",5.65,2.49,0.99,1.42,3.15,4.12,5.32,3.65,BI,anti,.,3.50,3.98,3.12,2.49,3.44,2.00,3.96,1.70,6.21,5.96,0.57,5.65,0.45,36.17,0.45,C3'-endo
27,35,0.11,A,A,A,1,0,0,0,0,.,25,1,cHS,cM+m,4.91,2.37,0.65,1.44,3.45,3.62,6.12,2.60,..,anti,.,3.55,4.29,2.06,3.33,1.98,4.12,2.11,4.87,6.16,6.02,0.53,5.67,0.46,34.88,0.52,C3'-endo
28,36,0.11,A,A,A,1,0,0,0,0,.,26,1,cWS,cW+m,3.54,4.85,2.48,1.45,2.90,0.25,2.64,4.26,..,anti,.,2.63,4.23,3.19,4.72,3.21,3.65,4.05,3.01,0.19,5.76,0.65,5.72,0.24,37.28,0.04,C3'-endo
29,37,0.12,A,A,A,1,0,0,0,0,.,5,1,cWS,cW-m,3.59,1.47,3.06,1.55,3.89,5.05,5.12,3.90,BI,anti,.,3.25,4.52,3.40,2.83,3.30,3.28,3.12,4.29,0.07,5.85,0.61,5.70,0.33,35.60,0.21,C3'-endo
30,38,0.12,A,A,A,1,0,0,0,0,.,0,1,tWS,tW+m,5.33,2.69,0.89,1.48,4.36,2.54,1.82,3.75,BII,anti,.,3.34,4.63,2.98,1.50,3.39,1.80,4.46,2.71,0.07,5.82,0.67,5.64,0.36,39.14,0.22,C3'-endo
31,39,0.13,A,A,A,1,0,0,0,0,(,160,1,cWW,cW-W,4.56,3.65,0.79,1.40,3.50,4.92,4.86,3.30,BI,anti,A,4.29,4.39,3.59,3.46,3.33,3.56,2.51,4.14,6.12,5.99,0.60,5.57,0.55,40.48,0.55,C3'-endo
32,40,0.13,U,U,U,0,0,0,1,0,(,159,1,cWW,cW-W,5.26,2.96,0.91,1.44,3.51,4.89,4.91,3.46,BI,anti,A,4.43,4.53,3.00,3.59,3.20,3.58,3.92,3.78,6.25,5.89,0.64,5.61,0.45,39.48,0.37,C3'-endo
33,41,0.13,C,C,C,0,1,0,0,0,(,158,1,cWW,cW-W,5.40,2.83,0.89,1.40,3.56,5.08,4.77,3.41,BI,anti,A,4.33,4.39,3.04,3.75,3.24,3.73,3.66,4.17,6.15,5.98,0.60,5.59,0.52,39.36,0.51,C3'-endo
34,42,0.14,C,C,C,0,1,0,0,0,(,157,1,cWW,cW-W,5.12,3.04,0.95,1.43,3.31,5.25,4.34,3.32,BI,anti,A,4.14,4.24,2.92,3.72,3.19,3.71,3.92,4.47,6.16,5.95,0.63,5.56,0.53,40.99,0.49,C3'-endo
35,43,0.14,U,U,U,0,0,0,1,0,(,156,1,cWW,cW-W,4.80,3.18,1.05,1.50,3.29,5.19,4.38,3.55,BI,anti,A,4.22,4.36,2.83,3.73,3.17,3.69,4.22,4.19,6.27,5.89,0.63,5.63,0.42,38.13,0.35,C3'-endo
36,44,0.15,C,C,C,0,1,0,0,0,(,155,1,cWW,cW-W,4.68,3.36,1.06,1.50,3.94,4.94,5.28,3.51,BI,anti,A,4.30,4.63,2.96,3.91,3.13,3.93,3.82,4.43,0.04,5.85,0.65,5.64,0.38,38.42,0.27,C3'-endo
37,45,0.15,U,U,U,0,0,0,1,0,.,153,1,tWH,tW-M,4.80,2.90,1.14,1.55,5.36,1.43,3.93,3.66,..,anti,.,3.01,4.10,3.22,1.68,3.37,1.69,3.97,1.64,6.27,5.88,0.64,5.63,0.43,38.65,0.34,C3'-endo
38,46,0.15,A,A,A,1,0,0,0,0,.,,0,,,3.40,3.36,1.10,1.60,3.42,5.14,4.57,4.31,BI,anti,B,2.17,4.21,2.57,3.86,2.73,3.79,2.87,4.36,0.03,5.89,0.58,5.71,0.34,34.32,0.27,C3'-endo
39,47,0.16,A,A,A,1,0,0,0,0,.,109,1,tWS,tW+m,5.04,2.82,0.95,1.49,4.13,5.06,5.35,3.87,..,anti,.,3.19,4.57,2.91,4.30,3.18,4.47,3.95,5.33,6.21,5.92,0.64,5.59,0.48,40.24,0.43,C3'-endo
40,48,0.16,U,U,U,0,0,0,1,0,.,,0,,,5.46,2.56,1.15,1.59,3.23,2.44,0.79,4.00,..,anti,.,3.22,4.04,2.93,1.11,3.70,0.94,4.82,1.29,6.17,6.01,0.54,5.66,0.46,35.29,0.51,C3'-endo
41,49,0.17,U,U,U,0,0,0,1,0,(,81,1,cWW,cW-W,5.13,2.42,0.79,1.38,3.30,5.19,4.39,3.52,BI,anti,A,4.26,4.42,2.74,3.73,3.12,3.63,3.24,3.94,6.23,5.86,0.71,5.53,0.50,43.99,0.38,C3'-endo
42,50,0.17,C,C,C,0,1,0,0,0,(,80,1,cWW,cW-W,4.83,3.48,0.87,1.41,3.44,5.81,3.91,3.43,BI,anti,.,4.43,4.55,2.85,4.09,2.99,3.88,3.58,4.10,6.28,5.84,0.71,5.55,0.46,43.05,0.33,C3'-endo
43,51,0.17,A,A,A,1,0,0,0,0,(,79,1,cWW,cW-W,3.54,2.10,2.83,1.58,3.57,5.36,4.49,3.32,BI,anti,A,4.40,4.49,3.14,3.16,3.23,3.43,3.74,4.11,0.15,5.78,0.64,5.71,0.26,36.62,0.09,C3'-endo
44,52,0.18,G,G,G,0,0,1,0,0,(,78,1,cWW,cW-W,4.96,3.24,0.95,1.46,3.61,4.96,4.93,3.48,BI,anti,A,4.48,4.49,2.95,3.64,3.32,3.65,4.20,3.78,6.25,5.94,0.56,5.68,0.40,34.80,0.38,C3'-endo
45,53,0.18,G,G,G,0,0,1,0,0,(,77,1,cWW,cW-W,5.16,2.93,0.91,1.36,3.54,5.14,4.69,3.41,BI,anti,.,4.25,4.34,2.88,3.70,3.09,3.64,3.42,3.91,6.13,5.99,0.61,5.57,0.55,40.88,0.54,C3'-endo
46,54,0.19,G,G,G,0,0,1,0,0,(,76,1,cWW,cW-W,5.08,3.04,0.97,1.30,3.42,5.18,4.53,3.34,BI,anti,.,4.46,4.48,2.83,3.58,3.04,3.66,3.59,4.50,6.13,5.95,0.67,5.51,0.58,44.17,0.52,C3'-endo
47,55,0.19,A,A,A,1,0,0,0,0,.,75,1,tSH,tm-M,5.01,3.16,1.09,1.55,3.53,4.07,5.74,3.53,..,anti,.,4.32,4.46,3.08,2.80,3.39,2.90,4.43,3.15,0.00,5.91,0.57,5.70,0.37,34.28,0.32,C3'-endo
48,56,0.20,A,A,A,1,0,0,0,0,.,74,1,tHS,tM-m,5.14,2.83,1.06,1.48,3.79,5.44,4.64,3.04,BI,anti,.,4.55,4.64,3.18,4.32,3.06,4.28,3.10,4.58,0.14,5.74,0.72,5.64,0.32,41.39,0.13,C3'-endo
49,57,0.20,C,C,C,0,1,0,0,0,.,73,1,tHW,tM-W,5.33,3.33,0.90,1.45,3.95,4.67,5.57,2.69,BI,anti,.,3.61,4.14,3.31,4.14,3.68,4.54,4.44,5.65,6.10,6.10,0.47,5.70,0.48,33.14,0.63,C4'-exo
50,58,0.20,A,A,A,1,0,0,0,0,.,,0,,,0.16,2.07,0.94,1.84,0.09,0.89,5.48,4.88,..,anti,.,-1.38,3.02,4.00,2.73,4.78,2.28,5.67,2.51,0.23,5.81,0.53,5.87,0.12,30.42,6.18,C2'-exo
51,59,0.21,C,C,C,0,1,0,0,0,.,72,1,cWW,cW-W,3.31,3.75,0.72,1.35,3.52,5.12,4.68,4.23,BI,anti,.,2.53,4.58,2.41,3.44,2.23,3.35,2.71,3.37,6.19,5.92,0.64,5.57,0.51,40.80,0.45,C3'-endo
52,60,0.21,C,C,C,0,1,0,0,0,(,71,1,cWW,cW-W,3.83,2.44,2.29,1.52,3.90,5.31,4.88,3.28,BI,anti,.,4.60,4.66,2.78,3.81,2.88,3.79,3.02,4.22,0.11,5.82,0.62,5.70,0.30,36.16,0.16,C3'-endo
53,61,0.22,U,U,U,0,0,0,1,0,(,70,1,cWW,cW-W,5.18,3.20,0.91,1.33,3.64,5.33,4.60,3.02,BI,anti,.,4.43,4.53,2.93,3.89,3.30,4.00,4.12,4.55,6.21,5.89,0.68,5.54,0.52,42.64,0.42,C3'-endo
54,62,0.22,A,A,A,1,0,0,0,0,.,"56,69",2,"cSH,cWW","cm+M,cW-W",5.24,2.96,1.24,1.52,3.96,3.58,0.38,3.24,..,anti,.,3.76,3.41,3.38,2.32,3.77,2.19,4.54,1.89,5.86,0.03,0.33,5.70,0.64,36.53,1.02,C4'-exo
55,63,0.22,A,A,A,1,0,0,0,0,.,70,1,tHS,tM-m,4.68,2.33,0.62,1.37,3.27,5.24,4.31,3.30,BI,anti,.,4.26,4.27,2.19,4.18,2.14,4.00,2.00,4.78,6.14,5.99,0.60,5.59,0.53,39.50,0.53,C3'-endo
56,64,0.23,A,A,A,1,0,0,0,0,.,54,1,cHS,cM+m,2.90,3.27,2.89,1.50,3.99,5.09,5.18,3.20,BI,anti,.,4.53,4.66,2.90,3.71,3.24,3.82,4.46,4.73,0.20,5.77,0.62,5.76,0.20,35.64,0.01,C3'-endo
57,65,0.23,C,C,C,0,1,0,0,0,(,"68,69",2,"cWW,cWW","cW-W,cW-W",5.53,2.99,0.58,1.39,3.65,4.81,5.12,3.95,BI,anti,.,3.25,4.66,2.88,4.01,3.26,3.97,4.40,4.26,0.05,5.84,0.64,5.65,0.37,38.05,0.25,C3'-endo
58,66,0.24,A,A,A,1,0,0,0,0,(,67,1,cWW,cW-W,2.87,3.48,3.03,1.57,,,,2.94,..,anti,-,,,,,,,,,0.07,5.85,0.60,5.71,0.32,35.14,0.21,C3'-endo
59,not resolved,0.24,-,-,-,0,0,0,0,1,,,0,,,,,,,,,,,,,,,,,,,,,,,,,,,,,
60,not resolved,0.24,-,-,-,0,0,0,0,1,,,0,,,,,,,,,,,,,,,,,,,,,,,,,,,,,
61,not resolved,0.25,-,-,-,0,0,0,0,1,,,0,,,,,,,,,,,,,,,,,,,,,,,,,,,,,
62,not resolved,0.25,-,-,-,0,0,0,0,1,,,0,,,,,,,,,,,,,,,,,,,,,,,,,,,,,
63,not resolved,0.26,-,-,-,0,0,0,0,1,,,0,,,,,,,,,,,,,,,,,,,,,,,,,,,,,
64,not resolved,0.26,-,-,-,0,0,0,0,1,,,0,,,,,,,,,,,,,,,,,,,,,,,,,,,,,
65,not resolved,0.26,-,-,-,0,0,0,0,1,,,0,,,,,,,,,,,,,,,,,,,,,,,,,,,,,
66,not resolved,0.27,-,-,-,0,0,0,0,1,,,0,,,,,,,,,,,,,,,,,,,,,,,,,,,,,
67,75,0.27,U,U,U,0,0,0,1,0,),58,1,cWW,cW-W,,4.67,2.98,1.47,3.56,5.34,4.50,3.36,BI,anti,A,4.56,4.33,,4.14,,3.83,,4.25,6.19,6.00,0.54,5.67,0.45,35.06,0.48,C3'-endo
68,76,0.28,G,G,G,0,0,1,0,0,),57,1,cWW,cW-W,4.37,3.69,1.12,1.52,3.56,5.89,3.96,3.64,BI,anti,.,3.29,4.01,2.77,4.48,3.13,4.32,3.88,5.41,6.16,6.00,0.55,5.64,0.48,36.39,0.52,C3'-endo
69,77,0.28,U,U,U,0,0,0,1,0,.,"54,57",2,"cWW,cWW","cW-W,cW-W",3.69,2.34,2.41,1.53,4.02,4.46,5.84,3.89,..,anti,.,2.92,4.29,2.83,3.31,3.24,3.52,4.59,4.22,6.20,6.01,0.51,5.70,0.42,32.87,0.48,C3'-endo
70,78,0.28,A,A,A,1,0,0,0,0,),"53,55",2,"cWW,tSH","cW-W,tm-M",6.11,2.37,0.38,1.51,3.48,4.89,4.87,3.78,BI,anti,.,3.42,4.16,2.91,3.70,3.28,3.69,4.06,4.23,6.22,5.98,0.53,5.70,0.41,33.53,0.43,C3'-endo
71,79,0.29,G,G,G,0,0,1,0,0,),"52,202",2,"cWW,tSS","cW-W,tm+m",4.87,3.16,0.95,1.57,3.41,5.17,4.52,3.38,BI,anti,.,4.36,4.46,2.81,3.85,3.00,3.82,3.76,4.17,0.12,5.80,0.65,5.69,0.30,37.61,0.15,C3'-endo
72,80,0.29,G,G,G,0,0,1,0,0,.,51,1,cWW,cW-W,5.11,3.21,0.95,1.46,3.46,5.26,4.49,3.26,BI,anti,A,4.57,4.51,3.07,3.86,3.33,3.94,3.98,4.70,0.01,5.86,0.65,5.61,0.42,39.45,0.32,C3'-endo
73,81,0.30,C,C,C,0,1,0,0,0,.,49,1,tWH,tW-M,4.96,3.19,1.06,1.51,3.68,5.34,4.62,3.68,BI,anti,.,4.08,4.55,3.03,4.17,3.38,4.17,4.39,4.91,6.28,5.85,0.68,5.59,0.44,41.18,0.32,C3'-endo
74,82,0.30,A,A,A,1,0,0,0,0,.,48,1,tSH,tm-M,5.02,3.18,0.95,1.48,3.11,4.57,4.83,3.71,BI,anti,.,4.08,4.25,2.85,2.94,3.32,2.92,4.45,2.92,0.00,5.88,0.63,5.64,0.41,37.91,0.32,C3'-endo
75,83,0.30,A,A,A,1,0,0,0,0,.,"1,47",2,"tSS,tHS","tm+m,tM-m",5.16,3.18,0.96,1.50,3.77,5.78,4.27,3.53,BI,anti,.,4.57,4.63,3.17,4.62,3.05,4.81,2.94,5.45,6.21,5.93,0.62,5.60,0.48,39.30,0.43,C3'-endo
76,84,0.31,U,U,U,0,0,0,1,0,),46,1,cWW,cW-W,5.01,2.97,1.23,1.42,3.22,4.94,4.57,3.63,BI,anti,.,4.16,4.41,2.92,3.31,3.81,3.19,5.05,3.36,0.03,5.82,0.71,5.58,0.42,42.11,0.28,C3'-endo
77,85,0.31,C,C,C,0,1,0,0,0,),"45,180",2,"cWW,cHH","cW-W,cM-M",5.21,3.44,0.62,1.46,3.33,6.01,3.60,3.13,BI,anti,.,4.42,4.48,3.03,4.23,2.98,4.05,3.27,4.59,0.09,5.79,0.68,5.63,0.35,39.71,0.20,C3'-endo
78,86,0.32,C,C,C,0,1,0,0,0,),44,1,cWW,cW-W,3.34,2.11,2.83,1.54,3.55,5.02,4.81,3.52,BI,anti,.,4.39,4.61,3.00,2.82,3.22,3.10,4.10,3.58,0.23,5.72,0.67,5.72,0.21,38.36,6.27,C2'-exo
79,87,0.32,U,U,U,0,0,0,1,0,),"43,112",2,"cWW,tHH","cW-W,tM+M",4.95,3.40,0.91,1.51,3.33,5.15,4.47,3.37,BI,anti,.,4.63,4.58,2.94,3.67,3.12,3.65,3.69,3.70,0.15,5.75,0.69,5.66,0.30,39.65,0.12,C3'-endo
80,88,0.33,G,G,G,0,0,1,0,0,),"42,111",2,"cWW,tH.","cW-W,tM-.",5.05,3.34,0.87,1.39,3.57,5.18,4.67,3.29,BI,anti,A,4.74,4.65,3.01,3.75,3.13,3.84,3.41,4.53,0.03,5.82,0.70,5.59,0.42,41.56,0.28,C3'-endo
81,89,0.33,A,A,A,1,0,0,0,0,),41,1,cWW,cW-W,5.08,3.28,0.84,1.46,3.57,5.26,4.60,3.47,BI,anti,A,4.52,4.62,2.96,3.91,3.21,3.97,4.13,4.63,0.04,5.82,0.69,5.60,0.41,41.03,0.27,C3'-endo
82,90,0.33,G,G,G,0,0,1,0,0,.,110,1,cWW,cW-W,5.08,3.09,0.97,1.36,3.60,5.11,4.77,3.60,BI,anti,A,4.35,4.66,2.91,3.77,3.26,3.79,4.24,4.37,0.01,5.80,0.75,5.53,0.47,44.80,0.31,C3'-endo
83,91,0.34,C,C,C,0,1,0,0,0,(,109,1,cWW,cW-W,5.34,2.89,0.94,1.42,3.48,5.16,4.61,3.57,BI,anti,A,4.31,4.43,2.97,3.77,3.32,3.80,4.20,4.36,6.16,5.94,0.65,5.55,0.54,42.20,0.48,C3'-endo
84,92,0.34,U,U,U,0,0,0,1,0,(,108,1,cWW,cW-W,4.89,3.41,0.99,1.49,3.06,4.62,4.72,3.80,BI,anti,.,3.62,4.16,2.99,2.95,3.28,3.04,4.02,2.95,6.26,5.91,0.61,5.64,0.43,37.36,0.37,C3'-endo
85,93,0.35,A,A,A,1,0,0,0,0,.,108,1,tHS,tM-m,4.90,3.57,0.83,1.51,3.59,5.07,4.80,3.76,BI,anti,.,3.59,4.40,3.09,3.77,2.87,3.79,2.67,4.43,6.28,5.89,0.62,5.64,0.40,37.33,0.34,C3'-endo
86,94,0.35,A,A,A,1,0,0,0,0,.,"107,156",2,"cWH,tSS","cW+M,tm+m",4.98,3.04,0.90,1.42,3.44,5.04,4.68,3.83,BI,anti,A,3.88,4.60,2.71,4.08,2.96,3.90,3.85,4.25,0.08,5.79,0.69,5.62,0.37,40.70,0.21,C3'-endo
87,95,0.35,G,G,G,0,0,1,0,0,.,106,1,cWW,cW-W,2.70,3.36,2.99,1.50,3.39,5.53,4.14,3.06,BI,anti,.,4.45,4.60,2.74,3.63,3.10,3.75,3.92,4.58,0.21,5.72,0.68,5.70,0.24,39.09,0.02,C3'-endo
88,96,0.36,C,C,C,0,1,0,0,0,(,105,1,cWW,cW-W,4.83,3.70,0.89,1.61,3.84,4.59,5.53,3.66,BI,anti,.,3.96,4.54,3.21,3.71,3.51,3.81,4.47,4.03,0.12,5.83,0.60,5.73,0.27,34.72,0.13,C3'-endo
89,97,0.36,U,U,U,0,0,0,1,0,(,104,1,cWW,cW-W,5.26,2.84,0.85,1.46,3.55,5.00,4.83,3.53,BI,anti,A,4.42,4.57,2.87,3.75,3.04,3.72,3.42,4.09,6.27,5.87,0.67,5.59,0.44,40.71,0.34,C3'-endo
90,98,0.37,C,C,C,0,1,0,0,0,(,103,1,cWW,cW-W,5.20,3.25,0.75,1.42,3.69,4.97,5.00,3.49,BI,anti,A,4.50,4.70,2.98,3.71,3.09,3.79,3.68,4.34,0.06,5.80,0.70,5.60,0.39,41.36,0.24,C3'-endo
91,99,0.37,U,U,U,0,0,0,1,0,(,102,1,cWW,cW-W,5.29,2.93,0.89,1.40,3.57,5.06,4.80,3.52,BI,anti,A,4.44,4.64,2.90,3.71,3.17,3.69,3.97,3.87,0.06,5.80,0.71,5.59,0.40,41.95,0.24,C3'-endo
92,100,0.37,G,G,G,0,0,1,0,0,(,101,1,cWW,cW-W,5.16,3.23,0.80,1.35,3.60,4.98,4.91,3.51,BI,anti,A,4.55,4.68,2.91,3.58,3.05,3.64,3.45,4.27,6.22,5.88,0.69,5.54,0.51,43.32,0.41,C3'-endo
93,101,0.38,C,C,C,0,1,0,0,0,(,100,1,cWW,cW-W,5.01,2.91,1.12,1.40,3.47,5.38,4.37,3.33,BI,anti,.,4.56,4.65,2.80,4.01,3.09,3.96,4.02,4.30,0.16,5.68,0.80,5.57,0.35,46.02,0.12,C3'-endo
94,102,0.38,G,G,G,0,0,1,0,0,(,99,1,cWW,cW-W,4.67,3.60,1.00,1.37,3.61,5.14,4.76,3.54,BI,anti,.,4.56,4.55,2.93,3.74,3.16,3.81,3.80,4.76,6.07,6.08,0.52,5.63,0.55,37.53,0.65,C4'-exo
95,103,0.39,G,G,G,0,0,1,0,0,.,,0,,,5.07,2.97,0.88,1.31,4.07,5.29,5.06,3.40,..,anti,.,4.47,4.81,2.82,3.91,3.07,3.15,4.28,2.15,0.12,5.77,0.71,5.63,0.33,41.00,0.16,C3'-endo
96,103A,0.39,A,A,A,1,0,0,0,0,.,,0,,,3.74,1.79,0.75,1.38,3.73,5.09,4.92,3.06,BI,anti,A,4.35,4.50,0.48,4.20,0.82,4.07,0.43,4.56,6.20,5.94,0.63,5.59,0.49,39.82,0.45,C3'-endo
97,103B,0.39,A,A,A,1,0,0,0,0,.,,0,,,5.47,3.02,0.82,1.36,3.67,4.60,5.36,3.89,BI,anti,.,3.28,4.47,3.13,4.04,3.42,4.03,4.33,4.62,6.20,5.92,0.65,5.56,0.51,41.50,0.44,C3'-endo
98,104,0.40,A,A,A,1,0,0,0,0,.,,0,,,2.24,4.29,3.11,1.33,4.72,4.11,0.61,3.04,..,anti,.,4.54,4.77,3.01,4.14,3.36,4.14,4.23,5.15,0.02,5.81,0.72,5.56,0.45,43.03,0.30,C3'-endo
99,105,0.40,C,C,C,0,1,0,0,0,),94,1,cWW,cW-W,1.99,4.65,2.92,1.48,3.40,5.51,4.17,3.40,BI,anti,A,4.74,4.57,2.01,4.24,3.22,3.60,4.90,3.70,0.34,5.59,0.79,5.69,0.16,45.65,6.17,C2'-exo
100,106,0.41,G,G,G,0,0,1,0,0,),93,1,cWW,cW-W,4.97,3.80,0.75,1.45,3.56,5.04,4.81,3.74,BI,anti,A,4.17,4.62,3.13,3.68,3.29,3.78,3.75,4.42,0.07,5.80,0.69,5.62,0.37,40.49,0.22,C3'-endo
101,107,0.41,C,C,C,0,1,0,0,0,),92,1,cWW,cW-W,5.20,3.02,0.86,1.43,3.57,5.19,4.67,3.79,BI,anti,A,3.81,4.61,2.90,3.86,3.15,3.84,3.97,4.11,0.04,5.82,0.70,5.59,0.41,41.58,0.27,C3'-endo
102,108,0.41,A,A,A,1,0,0,0,0,),91,1,cWW,cW-W,5.08,3.16,0.88,1.36,3.99,4.56,5.72,3.42,..,anti,A,4.42,4.70,2.95,3.53,3.15,3.63,3.65,4.16,6.23,5.87,0.69,5.55,0.50,42.90,0.39,C3'-endo
103,109,0.42,G,G,G,0,0,1,0,0,),90,1,cWW,cW-W,5.39,2.45,0.97,1.42,3.35,5.09,4.55,3.31,BI,anti,A,4.39,4.43,2.74,3.73,3.06,3.65,3.83,4.22,6.18,5.90,0.70,5.51,0.55,44.45,0.45,C3'-endo
104,110,0.42,A,A,A,1,0,0,0,0,),89,1,cWW,cW-W,4.92,3.37,1.00,1.56,3.94,4.90,5.33,3.37,BI,anti,.,4.58,4.69,3.14,4.30,3.26,4.13,4.03,4.12,0.11,5.86,0.55,5.77,0.25,32.00,0.13,C3'-endo
105,111,0.43,G,G,G,0,0,1,0,0,),88,1,cWW,cW-W,1.27,3.81,4.52,1.64,3.50,5.24,4.55,3.49,BI,anti,A,4.18,4.39,3.26,3.06,3.42,3.31,3.77,3.85,0.14,5.85,0.54,5.80,0.21,30.88,0.07,C3'-endo
106,112,0.43,A,A,A,1,0,0,0,0,.,87,1,cWW,cW-W,4.83,3.27,0.96,1.42,3.37,5.93,3.73,3.42,BI,anti,.,4.23,4.40,2.79,4.16,3.11,3.78,3.77,4.70,6.21,5.93,0.63,5.60,0.48,39.51,0.43,C3'-endo
107,113,0.43,A,A,A,1,0,0,0,0,.,86,1,cHW,cM+W,3.48,1.94,3.11,1.35,3.94,5.62,4.60,0.07,..,syn,.,-4.45,4.49,3.13,3.42,3.08,3.81,4.32,4.23,6.01,6.06,0.62,5.50,0.67,45.02,0.67,C4'-exo
108,114,0.44,A,A,A,1,0,0,0,0,),"84,85",2,"cWW,tSH","cW-W,tm-M",4.75,3.06,1.09,1.46,3.44,5.21,4.51,3.48,BI,anti,A,4.51,4.50,2.57,3.76,3.28,3.75,4.01,4.20,0.06,5.84,0.64,5.66,0.36,37.57,0.24,C3'-endo
109,115,0.44,G,G,G,0,0,1,0,0,),"39,83",2,"tSW,cWW","tm+W,cW-W",4.94,3.52,0.77,1.52,3.19,4.62,4.86,3.70,BI,anti,A,3.91,4.38,2.95,3.75,3.17,3.73,3.84,3.92,0.21,5.74,0.64,5.74,0.21,36.83,0.01,C3'-endo
110,116,0.45,U,U,U,0,0,0,1,0,.,82,1,cWW,cW-W,2.69,4.06,3.03,1.51,4.48,5.52,5.25,3.00,..,anti,.,3.97,4.14,3.33,4.53,3.48,4.57,3.82,5.37,6.21,5.98,0.53,5.69,0.43,34.01,0.45,C3'-endo
111,117,0.45,G,G,G,0,0,1,0,0,.,80,1,t.H,t.-M,5.18,2.82,0.79,1.33,3.35,0.50,2.85,3.61,..,anti,.,4.14,4.32,2.35,5.62,3.07,5.00,4.38,4.77,6.03,6.03,0.63,5.49,0.66,45.24,0.64,C4'-exo
112,118,0.46,C,C,C,0,1,0,0,0,.,79,1,tHH,tM+M,2.18,3.35,0.93,1.56,1.32,3.95,3.65,3.56,..,anti,.,1.36,1.66,0.85,1.77,1.85,1.47,2.33,4.52,6.16,6.12,0.36,5.84,0.36,25.07,0.60,C3'-endo
113,119,0.46,A,A,A,1,0,0,0,0,.,"117,118",2,"tWH,tWH","tW-M,tW-M",1.44,2.17,2.39,1.60,1.38,1.45,6.21,4.12,..,anti,.,1.59,2.69,0.87,3.51,0.14,3.43,3.27,3.15,0.28,5.81,0.47,5.95,0.04,27.80,6.03,C2'-exo
114,120,0.46,A,A,A,1,0,0,0,0,[,187,1,cWW,cW-W,1.91,3.70,0.68,1.27,1.29,1.89,5.68,2.71,..,anti,.,0.56,1.75,1.21,5.17,1.92,4.33,2.04,4.09,5.95,6.23,0.40,5.67,0.59,36.03,0.87,C4'-exo
115,121,0.47,C,C,C,0,1,0,0,0,.,187,1,t.S,t.-m,1.86,3.70,0.92,1.31,3.16,5.17,4.28,3.59,BI,anti,.,4.35,4.48,0.51,3.90,1.56,4.00,1.89,4.68,6.21,5.88,0.69,5.53,0.52,43.53,0.42,C3'-endo
116,122,0.47,G,G,G,0,0,1,0,0,[,"186,246",2,"cWW,cHW","cW-W,cM+W",2.83,3.71,2.97,1.55,3.54,5.21,4.61,3.24,BI,anti,A,4.63,4.64,3.04,3.63,3.63,3.57,4.78,3.94,0.21,5.70,0.70,5.68,0.24,40.37,0.02,C3'-endo
117,123,0.48,A,A,A,1,0,0,0,0,[,"113,185",2,"tHW,cWW","tM-W,cW-W",5.02,3.44,0.88,1.45,3.78,5.08,4.99,3.58,BI,anti,A,4.21,4.67,3.09,3.92,3.29,3.99,3.87,4.61,0.03,5.82,0.70,5.59,0.42,41.63,0.28,C3'-endo
118,124,0.48,C,C,C,0,1,0,0,0,[,"113,184,185",3,"tHW,cWW,cWW","tM-W,cW-W,cW-W",5.26,2.89,0.94,1.38,3.66,4.91,5.03,3.46,BI,anti,A,4.45,4.60,2.91,3.59,3.23,3.60,4.13,3.89,6.25,5.88,0.67,5.57,0.47,41.16,0.38,C3'-endo
119,125,0.48,U,U,U,0,0,0,1,0,[,183,1,cWW,cW-W,5.10,3.09,0.97,1.50,3.40,4.36,5.32,3.40,BI,anti,.,4.29,4.38,2.93,3.88,3.13,4.00,3.62,4.17,0.01,5.89,0.61,5.66,0.39,36.89,0.31,C3'-endo
120,126,0.49,A,A,A,1,0,0,0,0,.,179,1,tWW,tW+W,3.16,4.42,3.14,1.55,4.85,2.89,1.96,3.42,BII,anti,.,2.51,3.05,4.10,1.73,4.05,1.65,4.19,1.65,5.90,6.21,0.46,5.59,0.67,40.88,0.87,C4'-exo
121,127,0.49,U,U,U,0,0,0,1,0,(,132,1,cWW,cW-W,5.34,3.52,4.71,1.44,3.19,4.96,4.52,3.61,BI,anti,.,4.37,4.40,2.23,2.45,1.91,2.73,1.83,2.82,6.25,5.88,0.65,5.60,0.45,39.96,0.36,C3'-endo
122,128,0.50,U,U,U,0,0,0,1,0,(,131,1,cWW,cW-W,4.99,3.25,0.98,1.40,3.47,5.21,4.54,3.64,BI,anti,.,4.25,4.59,2.96,3.76,3.01,3.81,3.04,4.55,6.28,5.85,0.69,5.57,0.45,41.76,0.33,C3'-endo
123,129,0.50,C,C,C,0,1,0,0,0,(,130,1,cWW,cW-W,5.09,3.24,0.86,1.50,3.72,4.96,5.04,3.34,BI,anti,A,4.59,4.67,2.99,3.80,3.25,3.84,4.22,4.30,0.13,5.78,0.66,5.68,0.30,38.26,0.13,C3'-endo
124,130,0.50,C,C,C,0,1,0,0,0,(,129,1,cWW,cW-W,5.05,3.07,0.93,1.45,3.77,4.85,5.20,3.37,BI,anti,A,4.66,4.73,2.89,3.72,3.09,3.73,3.80,3.95,0.09,5.79,0.69,5.63,0.36,40.12,0.20,C3'-endo
125,131,0.51,G,G,G,0,0,1,0,0,.,128,1,tSH,tm-M,5.27,2.71,1.08,1.39,4.21,5.12,5.37,3.25,..,anti,.,4.64,4.68,3.08,4.43,3.27,3.62,3.71,2.65,6.20,5.91,0.66,5.56,0.51,41.87,0.44,C3'-endo
126,132,0.51,A,A,A,1,0,0,0,0,.,,0,,,3.19,2.47,0.73,1.41,3.80,4.42,5.66,3.14,BI,anti,.,4.54,4.54,0.27,4.12,0.84,4.00,0.52,4.82,6.19,5.94,0.62,5.59,0.49,39.50,0.45,C3'-endo
127,133,0.52,U,U,U,0,0,0,1,0,{,0,1,cWW,cW-W,2.34,4.09,3.02,1.50,4.16,4.81,5.64,3.14,..,anti,A,4.80,4.78,2.80,3.69,3.15,3.64,4.41,4.13,0.19,5.75,0.66,5.72,0.23,37.57,0.03,C3'-endo
128,134,0.52,A,A,A,1,0,0,0,0,{,"125,0",2,"tHS,cWW","tM-m,cW-W",5.27,2.85,0.79,1.44,4.12,5.37,5.03,3.46,..,anti,.,4.47,4.81,2.86,4.55,3.09,4.83,3.85,5.32,0.08,5.80,0.68,5.62,0.37,40.03,0.22,C3'-endo
129,135,0.52,G,G,G,0,0,1,0,0,),124,1,cWW,cW-W,5.60,2.54,1.32,1.49,3.23,5.26,4.25,3.65,BI,anti,A,4.30,4.44,3.08,3.83,4.08,3.61,5.22,4.07,0.01,5.84,0.68,5.59,0.43,40.94,0.31,C3'-endo
130,136,0.53,G,G,G,0,0,1,0,0,),123,1,cWW,cW-W,4.69,3.40,0.98,1.44,3.67,4.97,4.98,3.43,BI,anti,A,4.63,4.67,2.84,3.73,3.04,3.80,3.86,4.33,0.03,5.82,0.69,5.60,0.41,40.85,0.28,C3'-endo
131,137,0.53,A,A,A,1,0,0,0,0,),122,1,cWW,cW-W,5.19,2.97,0.98,1.51,3.24,5.08,4.44,3.26,BI,anti,.,4.27,4.31,2.91,4.14,3.24,3.98,4.07,4.41,0.01,5.88,0.62,5.65,0.39,37.43,0.31,C3'-endo
132,138,0.54,A,A,A,1,0,0,0,0,),121,1,cWW,cW-W,3.00,3.58,2.77,1.49,4.71,4.75,6.24,3.12,..,anti,.,4.59,4.63,3.12,4.07,3.39,4.23,4.18,5.41,0.03,5.85,0.65,5.62,0.40,39.02,0.29,C3'-endo
133,139,0.54,G,G,G,0,0,1,0,0,.,,0,,,5.21,2.27,1.27,1.63,2.26,4.76,3.78,3.72,..,anti,.,3.32,3.51,2.30,2.94,3.54,2.10,5.11,2.05,0.14,5.81,0.61,5.74,0.26,34.96,0.10,C3'-endo
134,140,0.54,U,U,U,0,0,0,1,0,.,151,1,tWH,tW-M,5.36,3.20,0.83,1.46,3.52,5.42,4.38,3.33,BI,anti,.,4.29,4.45,3.11,4.01,2.93,4.09,2.93,4.66,0.02,5.86,0.65,5.62,0.40,39.18,0.30,C3'-endo
135,141,0.55,A,A,A,1,0,0,0,0,.,150,1,tHS,tM-m,4.85,3.49,0.90,1.47,3.66,5.46,4.48,3.41,BI,anti,.,4.28,4.41,2.96,4.19,3.30,4.31,4.12,5.44,6.21,5.96,0.58,5.64,0.45,36.89,0.44,C3'-endo
136,142,0.55,G,G,G,0,0,1,0,0,(,149,1,cWW,cW-W,4.82,3.20,0.93,1.52,3.09,5.09,4.28,3.73,BI,anti,.,4.07,4.30,2.65,3.94,3.25,3.70,4.77,3.69,0.09,5.81,0.66,5.66,0.34,38.61,0.19,C3'-endo
137,143,0.56,G,G,G,0,0,1,0,0,(,148,1,cWW,cW-W,2.77,3.36,3.12,1.44,3.82,5.00,5.10,2.92,BI,anti,A,4.69,4.69,3.07,3.32,3.22,3.50,3.59,4.34,0.07,5.80,0.69,5.61,0.38,40.58,0.23,C3'-endo
138,144,0.56,G,G,G,0,0,1,0,0,(,147,1,cWW,cW-W,5.04,3.33,0.88,1.48,3.60,5.06,4.82,3.51,BI,anti,A,4.42,4.68,2.97,3.79,3.20,3.82,4.15,4.02,0.19,5.73,0.69,5.69,0.26,39.66,0.05,C3'-endo
139,145,0.57,U,U,U,0,0,0,1,0,(,146,1,cWW,cW-W,5.23,3.07,0.85,1.43,3.55,5.05,4.78,3.70,BI,anti,A,4.04,4.60,2.96,3.69,3.19,3.70,3.64,4.02,0.09,5.79,0.69,5.63,0.35,40.20,0.20,C3'-endo
140,146,0.57,C,C,C,0,1,0,0,0,(,145,1,cWW,cW-W,5.19,3.08,0.93,1.43,3.49,4.69,5.08,3.29,BI,anti,.,4.34,4.45,2.98,3.99,3.20,3.91,3.76,4.48,0.01,5.86,0.65,5.62,0.41,39.07,0.31,C3'-endo
141,147,0.57,A,A,A,1,0,0,0,0,.,,0,,,2.59,3.93,3.01,1.41,4.71,3.88,0.82,3.05,..,anti,.,4.78,4.79,3.03,3.96,3.31,4.03,4.21,4.55,0.12,5.74,0.73,5.60,0.35,42.54,0.17,C3'-endo
142,148,0.58,A,A,A,1,0,0,0,0,.,,0,,,1.75,5.00,3.41,1.47,2.82,4.89,4.21,2.88,BI,anti,.,2.01,3.54,4.14,2.34,3.96,3.01,4.77,3.07,6.15,6.00,0.57,5.62,0.50,37.62,0.52,C3'-endo
143,149,0.58,G,G,G,0,0,1,0,0,.,"223,224",2,"cWH,cWW","cW+M,cW-W",2.91,4.04,3.40,1.50,3.15,0.06,3.09,2.83,..,anti,.,3.99,4.31,4.02,3.76,4.23,3.41,4.54,2.95,0.10,5.81,0.65,5.67,0.32,37.99,0.18,C3'-endo
144,150,0.59,U,U,U,0,0,0,1,0,.,,0,,,3.42,1.70,4.10,1.31,3.97,3.17,0.80,3.85,BII,anti,.,3.36,4.73,3.81,0.49,3.82,0.93,3.39,1.34,6.28,5.80,0.77,5.50,0.49,46.48,0.32,C3'-endo
145,151,0.59,G,G,G,0,0,1,0,0,),140,1,cWW,cW-W,3.98,2.70,1.18,1.39,3.34,4.86,4.76,3.41,BI,anti,A,4.48,4.51,2.51,3.46,2.46,3.38,2.35,3.70,6.27,5.83,0.72,5.54,0.48,43.91,0.33,C3'-endo
146,152,0.59,A,A,A,1,0,0,0,0,),139,1,cWW,cW-W,5.52,2.87,0.92,1.44,3.82,5.05,5.05,3.44,BI,anti,A,4.26,4.58,3.26,3.97,3.42,3.97,3.90,4.45,0.07,5.83,0.65,5.66,0.35,38.39,0.22,C3'-endo
147,153,0.60,C,C,C,0,1,0,0,0,),138,1,cWW,cW-W,5.42,2.89,0.77,1.34,3.48,5.12,4.64,3.53,BI,anti,A,4.34,4.52,2.85,3.66,3.19,3.68,4.02,4.29,6.20,5.90,0.67,5.55,0.51,42.26,0.43,C3'-endo
148,154,0.60,U,U,U,0,0,0,1,0,),137,1,cWW,cW-W,5.18,3.18,0.82,1.43,3.47,5.68,4.07,3.35,BI,anti,.,4.63,4.59,2.95,3.92,3.18,3.71,4.05,3.54,0.08,5.81,0.67,5.64,0.35,39.00,0.21,C3'-endo
149,155,0.61,C,C,C,0,1,0,0,0,),136,1,cWW,cW-W,3.80,1.93,2.88,1.54,4.01,5.61,4.69,3.29,..,anti,.,4.60,4.73,3.24,3.71,3.24,3.97,3.31,5.09,0.21,5.75,0.63,5.76,0.20,36.08,6.27,C2'-exo
150,156,0.61,G,G,G,0,0,1,0,0,.,135,1,tSH,tm-M,5.02,3.38,0.55,1.35,3.11,5.04,4.35,3.71,BI,anti,.,4.15,4.54,2.48,2.86,3.09,2.55,4.62,2.46,0.15,5.70,0.78,5.57,0.36,45.08,0.14,C3'-endo
151,157,0.61,A,A,A,1,0,0,0,0,.,134,1,tHW,tM-W,4.19,1.86,2.68,1.41,3.37,5.13,4.51,2.85,BI,anti,.,4.26,4.55,3.38,2.78,2.95,2.64,2.79,2.29,0.17,5.75,0.67,5.69,0.27,38.51,0.08,C3'-endo
152,158,0.62,A,A,A,1,0,0,0,0,.,,0,,,2.92,2.16,3.12,1.41,4.03,4.93,5.39,0.81,..,syn,.,-2.79,4.51,2.60,2.65,2.39,2.84,2.07,2.44,6.24,5.88,0.67,5.58,0.47,41.11,0.38,C3'-endo
153,159,0.62,A,A,A,1,0,0,0,0,.,37,1,tHW,tM-W,4.50,1.95,2.71,1.42,1.19,1.92,5.55,3.48,..,anti,.,2.21,2.40,4.64,2.78,4.15,2.51,3.40,1.84,6.24,5.97,0.52,5.72,0.38,32.49,0.40,C3'-endo
154,160,0.63,U,U,U,0,0,0,1,0,.,,0,,,5.52,4.31,2.48,1.67,5.44,3.60,1.83,3.59,..,anti,.,1.18,1.65,1.19,4.20,1.42,4.41,0.90,5.14,5.79,0.13,0.26,5.73,0.65,37.12,1.16,C4'-exo
155,161,0.63,G,G,G,0,0,1,0,0,),36,1,cWW,cW-W,5.85,2.25,0.74,1.53,3.67,5.09,4.86,3.11,BI,anti,A,4.32,4.50,3.05,4.11,3.57,4.00,4.01,4.22,0.10,5.84,0.60,5.72,0.29,34.97,0.17,C3'-endo
156,162,0.63,G,G,G,0,0,1,0,0,),"35,86",2,"cWW,tSS","cW-W,tm+m",5.02,3.38,0.76,1.48,3.57,5.12,4.73,3.40,BI,anti,A,4.58,4.59,2.89,3.78,3.08,3.85,3.70,4.63,6.27,5.90,0.61,5.64,0.41,37.39,0.35,C3'-endo
157,163,0.64,G,G,G,0,0,1,0,0,),34,1,cWW,cW-W,5.02,3.04,0.95,1.40,3.67,4.98,4.98,3.39,BI,anti,A,4.63,4.72,2.85,3.68,3.14,3.68,4.21,3.94,0.14,5.75,0.71,5.63,0.33,41.31,0.14,C3'-endo
158,164,0.64,G,G,G,0,0,1,0,0,),33,1,cWW,cW-W,5.32,3.12,0.68,1.40,3.32,4.84,4.76,3.42,BI,anti,A,4.63,4.56,2.90,3.83,3.08,3.77,3.62,4.09,0.10,5.78,0.69,5.63,0.35,40.49,0.19,C3'-endo
159,165,0.65,A,A,A,1,0,0,0,0,),32,1,cWW,cW-W,2.61,3.67,3.14,1.50,4.25,4.78,5.75,2.94,..,anti,A,4.70,4.80,3.07,3.57,3.30,3.65,3.95,4.19,0.28,5.66,0.72,5.71,0.18,41.12,6.21,C2'-exo
160,166,0.65,U,U,U,0,0,0,1,0,),31,1,cWW,cW-W,5.30,2.78,0.92,1.40,3.68,5.01,4.95,3.33,BI,anti,A,4.71,4.71,2.79,3.84,3.12,3.86,3.94,4.31,0.11,5.75,0.73,5.60,0.36,42.52,0.18,C3'-endo
161,167,0.65,U,U,U,0,0,0,1,0,(,175,1,cWW,cW-W,5.50,2.89,0.93,1.43,3.98,4.75,5.51,3.24,BI,anti,A,4.53,4.63,3.23,3.77,3.50,3.78,4.23,4.24,0.05,5.84,0.65,5.65,0.37,38.46,0.25,C3'-endo
162,168,0.66,A,A,A,1,0,0,0,0,(,174,1,cWW,cW-W,5.31,2.64,0.93,1.41,3.52,5.15,4.66,3.45,BI,anti,A,4.47,4.56,2.77,3.83,3.06,3.78,3.83,4.48,6.25,5.88,0.66,5.59,0.46,40.26,0.37,C3'-endo
163,169,0.66,C,C,C,0,1,0,0,0,(,173,1,cWW,cW-W,5.27,3.02,0.87,1.36,4.25,4.41,6.13,3.75,..,anti,.,3.53,4.80,3.13,3.59,3.35,3.66,4.28,4.02,0.02,5.84,0.68,5.60,0.42,40.67,0.30,C3'-endo
164,170,0.67,C,C,C,0,1,0,0,0,(,172,1,cWW,cW-W,5.41,2.14,1.10,1.34,3.42,4.98,4.72,3.58,BI,anti,A,4.38,4.61,2.63,3.70,3.01,3.51,3.63,3.75,6.24,5.85,0.74,5.51,0.51,45.33,0.38,C3'-endo
165,171,0.67,C,C,C,0,1,0,0,0,(,"16,171",2,"cSW,cWW","cm-W,cW-W",5.25,3.06,0.93,1.44,3.85,4.88,5.25,3.51,BI,anti,.,4.29,4.66,3.11,3.89,3.24,4.03,3.74,4.86,0.03,5.85,0.65,5.63,0.40,38.97,0.29,C3'-endo
166,172,0.67,U,U,U,0,0,0,1,0,.,168,1,tSS,tm+m,5.51,2.64,0.97,1.59,4.44,3.24,1.19,3.33,BII,anti,.,4.31,4.69,3.25,3.41,3.62,2.96,4.63,2.24,0.21,5.77,0.60,5.78,0.19,34.51,6.27,C2'-exo
167,173,0.68,U,U,U,0,0,0,1,0,.,,0,,,2.01,4.41,0.63,1.28,1.12,2.17,5.23,3.19,..,anti,.,1.47,1.77,1.24,5.93,1.23,5.61,0.97,6.06,6.00,6.20,0.40,5.70,0.54,33.68,0.82,C4'-exo
168,174,0.68,C,C,C,0,1,0,0,0,.,166,1,tSS,tm+m,2.40,4.32,2.72,1.60,5.35,3.43,1.93,4.07,BII,anti,.,0.65,3.46,3.28,2.86,3.90,2.69,3.98,2.71,0.02,5.99,0.44,5.84,0.27,26.21,0.30,C3'-endo
169,175,0.69,U,U,U,0,0,0,1,0,.,,0,,,6.04,4.66,4.74,1.41,2.82,4.57,4.54,3.30,BI,anti,.,3.96,3.95,3.96,1.09,3.52,1.17,3.49,0.62,6.18,5.99,0.54,5.66,0.46,35.12,0.49,C3'-endo
170,176,0.69,A,A,A,1,0,0,0,0,.,,0,,,4.37,2.19,1.67,1.39,3.41,5.40,4.29,4.61,BI,anti,.,1.00,4.60,2.22,3.68,2.26,3.12,1.97,2.59,0.03,5.81,0.71,5.58,0.42,42.06,0.28,C3'-endo
171,177,0.70,G,G,G,0,0,1,0,0,),165,1,cWW,cW-W,3.92,2.20,2.20,1.49,3.58,5.31,4.55,3.50,BI,anti,.,4.54,4.63,2.61,3.62,2.77,3.63,2.70,4.44,0.07,5.84,0.63,5.68,0.34,36.82,0.22,C3'-endo
172,178,0.70,G,G,G,0,0,1,0,0,),"17,164",2,"tSW,cWW","tm+W,cW-W",5.09,3.23,0.86,1.48,3.91,4.83,5.36,3.34,BI,anti,A,4.59,4.77,3.02,3.86,3.37,3.91,4.47,4.05,0.19,5.74,0.67,5.71,0.25,38.38,0.04,C3'-endo
173,179,0.70,G,G,G,0,0,1,0,0,),163,1,cWW,cW-W,5.35,2.69,1.08,1.40,3.24,5.14,4.39,3.49,BI,anti,A,4.31,4.38,2.90,3.65,3.27,3.58,3.74,4.03,6.18,5.93,0.66,5.55,0.53,42.18,0.46,C3'-endo
174,180,0.71,U,U,U,0,0,0,1,0,),162,1,cWW,cW-W,4.57,3.62,0.98,1.40,3.50,5.07,4.71,3.55,BI,anti,A,4.54,4.69,2.78,3.65,2.89,3.68,3.61,3.99,0.04,5.80,0.73,5.56,0.43,43.22,0.28,C3'-endo
175,181,0.71,A,A,A,1,0,0,0,0,),161,1,cWW,cW-W,5.25,3.15,0.84,1.37,3.87,2.30,1.57,3.75,..,anti,.,3.75,4.74,3.04,1.01,3.18,1.19,3.65,2.45,0.06,5.79,0.71,5.59,0.40,41.97,0.24,C3'-endo
176,182,0.72,G,G,G,0,0,1,0,0,.,"4,0",2,"cSS,tWS","cm-m,tW+m",5.20,3.11,0.83,1.35,3.34,5.24,4.38,3.58,BI,anti,.,4.30,4.55,3.63,3.85,3.78,3.62,2.80,3.48,0.04,5.81,0.70,5.59,0.42,41.84,0.27,C3'-endo
177,183,0.72,U,U,U,0,0,0,1,0,.,3,1,cSS,cm-m,3.08,2.86,2.86,1.50,4.13,5.38,5.03,3.34,..,anti,.,4.63,4.75,2.91,3.93,2.97,4.26,3.06,5.26,0.12,5.79,0.66,5.68,0.30,37.94,0.14,C3'-endo
178,184,0.72,G,G,G,0,0,1,0,0,.,,0,,,5.42,2.85,1.05,1.84,5.03,5.13,6.19,3.74,..,anti,.,2.14,3.71,3.51,5.27,4.15,4.79,5.31,4.40,0.15,5.97,0.34,6.01,0.08,19.71,6.17,C2'-exo
179,185,0.73,A,A,A,1,0,0,0,0,.,120,1,tWW,tW+W,5.60,3.43,4.98,1.47,1.21,5.33,2.16,3.72,..,anti,.,2.33,2.63,1.73,1.65,2.16,1.43,2.19,1.80,0.08,5.90,0.51,5.80,0.25,29.69,0.17,C3'-endo
180,186,0.73,U,U,U,0,0,0,1,0,.,77,1,cHH,cM-M,1.82,2.57,0.94,1.59,3.58,3.20,0.38,3.89,..,anti,.,2.54,3.15,5.70,1.92,5.55,1.38,5.23,1.34,5.94,6.25,0.37,5.69,0.59,35.11,0.91,C4'-exo
181,187,0.74,A,A,A,1,0,0,0,0,.,,0,,,0.06,4.31,4.42,1.24,1.75,5.22,2.81,3.19,..,anti,.,2.22,2.74,3.43,1.15,2.92,1.78,2.76,1.93,6.06,6.09,0.52,5.62,0.55,37.64,0.67,C4'-exo
182,188,0.74,U,U,U,0,0,0,1,0,.,,0,,,4.22,4.54,0.67,1.46,3.37,5.12,4.53,3.44,BI,anti,.,4.37,4.44,2.88,3.60,2.49,3.78,2.26,4.52,6.28,5.86,0.66,5.60,0.43,39.83,0.33,C3'-endo
183,189,0.74,A,A,A,1,0,0,0,0,],119,1,cWW,cW-W,5.02,3.38,1.00,1.63,4.16,5.16,5.28,3.28,..,anti,.,4.43,4.61,3.35,4.39,3.48,4.41,4.16,5.06,0.20,5.80,0.57,5.80,0.18,32.78,6.27,C2'-exo
184,190,0.75,G,G,G,0,0,1,0,0,],118,1,cWW,cW-W,5.17,2.77,0.96,1.30,3.70,4.59,5.40,3.52,BI,anti,A,4.38,4.67,2.62,3.33,3.12,3.34,4.20,3.60,6.17,5.91,0.69,5.51,0.56,44.13,0.47,C3'-endo
185,191,0.75,U,U,U,0,0,0,1,0,],"117,118",2,"cWW,cWW","cW-W,cW-W",5.45,2.60,0.92,1.41,3.95,4.57,5.67,3.81,..,anti,.,3.65,4.71,3.03,4.25,3.16,4.09,3.52,4.37,0.02,5.84,0.67,5.61,0.41,40.05,0.29,C3'-endo
186,192,0.76,C,C,C,0,1,0,0,0,],116,1,cWW,cW-W,2.32,3.91,3.30,1.51,4.20,5.03,5.46,2.98,..,anti,.,4.61,4.62,2.96,3.72,3.24,3.81,3.87,4.89,0.02,5.86,0.63,5.64,0.39,38.04,0.30,C3'-endo
187,193,0.76,U,U,U,0,0,0,1,0,],"114,115",2,"cWW,tS.","cW-W,tm-.",5.19,2.72,0.94,1.47,3.41,3.50,6.19,3.63,..,anti,.,4.38,4.34,2.62,2.62,3.15,2.40,4.59,1.54,6.11,6.03,0.56,5.61,0.53,38.16,0.58,C3'-endo
188,194,0.76,G,G,G,0,0,1,0,0,.,,0,,,0.18,2.44,5.21,1.56,3.14,0.60,2.54,4.77,..,anti,.,0.32,4.42,2.15,4.69,1.88,4.75,1.47,5.06,0.38,5.63,0.68,5.81,0.06,39.84,6.05,C2'-exo
189,195,0.77,A,A,A,1,0,0,0,0,(,245,1,cWW,cW-W,4.44,4.16,0.86,1.42,3.56,0.54,3.02,3.03,..,anti,.,4.46,4.42,3.43,4.97,4.03,4.73,4.26,5.24,6.19,5.93,0.64,5.58,0.51,40.53,0.45,C3'-endo
190,196,0.77,A,A,A,1,0,0,0,0,(,"243,244",2,"tWH,cWW","tW-M,cW-W",3.54,1.54,3.12,1.47,3.93,0.43,3.49,3.19,..,anti,.,3.94,4.07,3.28,4.41,3.53,4.88,4.38,5.63,6.12,6.02,0.55,5.62,0.53,37.68,0.57,C3'-endo
191,197,0.78,C,C,C,0,1,0,0,0,.,"208,209",2,"cWW,cWW","cW-W,cW-W",4.19,3.48,1.16,1.75,4.92,5.25,5.95,4.42,..,anti,.,0.03,4.13,3.10,5.22,3.83,4.68,4.48,3.71,0.09,5.95,0.43,5.88,0.20,24.96,0.13,C3'-endo
192,198,0.78,A,A,A,1,0,0,0,0,.,,0,,,5.55,3.79,2.60,1.54,4.73,5.86,5.15,3.70,..,anti,.,3.27,4.87,5.33,5.57,6.12,5.51,0.57,5.29,0.42,5.58,0.72,5.78,0.05,42.73,6.03,C2'-exo
193,199,0.78,U,U,U,0,0,0,1,0,(,"208,237,238",3,"cWW,cWW,cWW","cW-W,cW-W,cW-W",4.27,3.94,2.32,1.35,3.34,5.36,4.27,3.47,BI,anti,.,4.30,4.25,3.47,4.02,4.26,3.95,4.91,4.72,6.01,6.10,0.54,5.57,0.61,40.79,0.70,C4'-exo
194,200,0.79,A,A,A,1,0,0,0,0,(,207,1,cWW,cW-W,4.37,3.95,0.90,1.45,3.60,5.12,4.76,3.71,BI,anti,.,3.96,4.61,2.77,3.84,3.00,3.93,4.03,4.71,0.11,5.76,0.72,5.61,0.36,41.66,0.18,C3'-endo
195,201,0.79,U,U,U,0,0,0,1,0,(,206,1,cWW,cW-W,5.35,2.92,0.87,1.37,4.13,4.63,5.79,3.96,..,anti,.,2.76,4.74,3.09,3.70,3.35,3.72,4.28,3.84,0.02,5.84,0.67,5.61,0.41,40.29,0.29,C3'-endo
196,202,0.80,A,A,A,1,0,0,0,0,(,205,1,cWW,cW-W,5.26,2.61,0.87,1.33,3.51,4.93,4.87,3.64,BI,anti,A,4.19,4.57,2.66,3.54,2.88,3.54,3.20,3.75,6.26,5.85,0.71,5.54,0.48,43.45,0.36,C3'-endo
197,203,0.80,U,U,U,0,0,0,1,0,(,204,1,cWW,cW-W,4.94,3.29,0.88,1.45,3.51,5.27,4.52,3.62,BI,anti,A,4.18,4.53,2.89,3.86,2.99,3.89,3.35,4.60,0.06,5.81,0.69,5.62,0.38,40.52,0.24,C3'-endo
198,204,0.80,G,G,G,0,0,1,0,0,(,203,1,cWW,cW-W,4.94,3.36,0.74,1.43,3.61,5.06,4.83,3.30,BI,anti,A,4.68,4.70,2.78,3.68,3.01,3.80,4.01,4.31,0.12,5.75,0.71,5.63,0.34,41.05,0.16,C3'-endo
199,205,0.81,G,G,G,0,0,1,0,0,.,202,1,tSH,tm-M,5.10,3.40,0.81,1.50,3.69,5.44,4.54,3.73,BI,anti,.,3.97,4.68,3.05,4.31,3.18,3.52,3.79,2.46,0.17,5.74,0.69,5.66,0.28,39.90,0.09,C3'-endo
200,206,0.81,A,A,A,1,0,0,0,0,.,,0,,,3.06,2.31,0.97,1.47,3.92,4.95,5.25,3.14,BI,anti,.,4.51,4.56,0.42,4.06,0.88,4.01,0.48,4.77,6.28,5.88,0.63,5.63,0.41,38.29,0.33,C3'-endo
201,207,0.82,A,A,A,1,0,0,0,0,.,,0,,,5.29,2.76,0.97,1.43,3.48,5.22,4.54,3.69,BI,anti,.,3.98,4.51,2.84,3.86,3.27,3.83,4.46,4.72,0.01,5.87,0.64,5.63,0.40,38.28,0.31,C3'-endo
202,208,0.82,A,A,A,1,0,0,0,0,.,"71,199",2,"tSS,tHS","tm+m,tM-m",5.06,3.25,0.88,1.49,3.44,5.54,4.19,4.06,BI,anti,.,3.14,4.55,2.96,4.67,3.26,4.70,4.39,5.20,0.18,5.76,0.63,5.73,0.23,36.34,0.04,C3'-endo
203,209,0.83,C,C,C,0,1,0,0,0,),198,1,cWW,cW-W,2.45,3.61,3.24,1.59,3.86,4.90,5.24,3.35,BI,anti,A,4.53,4.67,3.06,3.39,3.73,3.51,4.75,4.07,0.17,5.81,0.58,5.78,0.22,33.42,0.05,C3'-endo
204,210,0.83,A,A,A,1,0,0,0,0,),197,1,cWW,cW-W,5.12,3.15,0.78,1.50,3.59,5.03,4.85,3.72,BI,anti,A,4.05,4.62,2.85,3.81,3.10,3.79,3.81,3.99,0.08,5.83,0.64,5.67,0.33,37.31,0.21,C3'-endo
205,211,0.83,U,U,U,0,0,0,1,0,),196,1,cWW,cW-W,5.31,2.97,0.76,1.36,3.55,5.02,4.81,3.59,BI,anti,A,4.46,4.61,2.85,3.61,3.06,3.67,3.56,4.20,6.25,5.86,0.69,5.56,0.48,42.42,0.37,C3'-endo
206,212,0.84,A,A,A,1,0,0,0,0,),195,1,cWW,cW-W,5.39,3.21,0.67,1.45,3.33,5.14,4.48,3.44,BI,anti,A,4.41,4.41,3.06,3.98,3.25,3.87,3.94,4.20,0.07,5.84,0.64,5.67,0.35,37.49,0.22,C3'-endo
207,213,0.84,U,U,U,0,0,0,1,0,),194,1,cWW,cW-W,2.87,3.18,2.94,1.51,3.86,5.16,4.98,3.19,BI,anti,.,4.78,4.79,2.86,3.64,3.11,3.73,3.79,4.37,0.25,5.69,0.69,5.72,0.20,39.54,6.24,C2'-exo
208,214,0.85,A,A,A,1,0,0,0,0,),"191,193",2,"cWW,cWW","cW-W,cW-W",5.40,2.99,0.80,1.42,3.42,5.03,4.67,3.48,BI,anti,A,4.39,4.42,2.92,3.62,3.35,3.62,4.31,4.18,6.23,5.92,0.62,5.61,0.46,38.71,0.41,C3'-endo
209,215,0.85,G,G,G,0,0,1,0,0,.,"191,238",2,"cWW,cSH","cW-W,cm+M",5.28,3.01,0.86,1.41,3.54,3.75,6.08,3.63,..,anti,.,4.35,4.66,2.98,2.22,3.20,2.75,4.00,2.95,0.01,5.84,0.68,5.59,0.43,40.84,0.31,C3'-endo
210,216,0.85,A,A,A,1,0,0,0,0,.,,0,,,5.48,3.62,0.99,1.46,1.13,3.90,3.52,5.13,..,anti,.,-1.11,2.34,4.54,1.21,4.05,1.03,3.16,1.25,0.16,5.89,0.46,5.89,0.15,26.30,6.27,C2'-exo
211,217,0.86,A,A,A,1,0,0,0,0,.,,0,,,1.77,2.85,4.98,1.12,0.97,0.91,0.06,3.72,..,anti,.,2.32,2.49,3.48,1.97,3.27,1.58,3.34,1.59,6.03,6.11,0.52,5.61,0.58,38.85,0.70,C4'-exo
212,218,0.86,G,G,G,0,0,1,0,0,(,234,1,cWW,cW-W,3.72,1.02,3.16,1.56,3.64,5.25,4.67,3.20,BI,anti,A,4.44,4.47,3.89,2.49,3.03,3.03,2.94,3.85,0.11,5.82,0.61,5.72,0.29,35.14,0.15,C3'-endo
213,219,0.87,G,G,G,0,0,1,0,0,(,233,1,cWW,cW-W,4.84,3.07,0.99,1.36,3.39,5.16,4.52,3.33,BI,anti,A,4.55,4.58,2.63,3.61,3.05,3.63,4.12,4.17,0.01,5.82,0.73,5.55,0.46,43.81,0.31,C3'-endo
214,220,0.87,A,A,A,1,0,0,0,0,(,232,1,cWW,cW-W,5.06,3.38,0.89,1.49,3.61,4.91,4.98,3.37,BI,anti,A,4.58,4.62,3.08,3.63,3.25,3.65,3.96,3.82,0.11,5.79,0.67,5.66,0.32,38.77,0.16,C3'-endo
215,221,0.87,U,U,U,0,0,0,1,0,(,231,1,cWW,cW-W,5.12,2.88,1.05,1.42,3.35,5.24,4.39,3.45,BI,anti,A,4.52,4.55,2.87,3.76,3.14,3.71,3.58,4.31,0.04,5.80,0.72,5.57,0.42,42.66,0.27,C3'-endo
216,222,0.88,A,A,A,1,0,0,0,0,(,230,1,cWW,cW-W,4.87,3.34,0.89,1.43,3.43,4.87,4.85,3.47,BI,anti,.,4.53,4.61,2.83,3.98,3.07,3.83,4.03,3.92,0.11,5.76,0.72,5.61,0.35,41.84,0.18,C3'-endo
217,223,0.88,G,G,G,0,0,1,0,0,(,229,1,cWW,cW-W,2.68,3.55,3.12,1.39,3.69,5.19,4.78,3.00,BI,anti,.,4.74,4.73,2.87,3.45,3.13,3.52,3.62,3.96,0.14,5.71,0.77,5.58,0.35,44.34,0.14,C3'-endo
218,224,0.89,G,G,G,0,0,1,0,0,(,228,1,cWW,cW-W,5.32,3.39,0.85,1.43,3.73,4.59,5.42,3.47,BI,anti,.,4.15,4.54,3.29,4.09,3.49,4.07,4.03,4.91,6.28,5.87,0.65,5.61,0.43,39.24,0.34,C3'-endo
219,225,0.89,A,A,A,1,0,0,0,0,.,227,1,cWW,cW-W,2.27,4.18,3.01,1.43,4.67,4.59,0.08,2.93,..,anti,A,4.79,4.67,2.89,3.82,3.25,3.84,4.43,4.62,0.05,5.83,0.67,5.63,0.38,39.53,0.25,C3'-endo
220,226,0.89,G,G,G,0,0,1,0,0,.,225,1,tWH,tW-M,5.29,2.42,0.96,1.33,3.71,5.06,4.94,3.26,BI,anti,A,4.83,4.77,2.51,3.89,2.94,3.88,4.13,4.54,6.28,5.82,0.73,5.53,0.48,44.34,0.33,C3'-endo
221,227,0.90,U,U,U,0,0,0,1,0,.,223,1,tSS,tm+m,5.37,3.26,0.81,1.44,4.05,4.42,5.91,3.86,..,anti,.,3.19,4.71,3.28,4.15,3.45,3.50,4.29,2.53,0.14,5.81,0.62,5.73,0.26,35.54,0.10,C3'-endo
222,228,0.90,A,A,A,1,0,0,0,0,.,,0,,,2.31,3.88,1.12,1.54,3.48,5.20,4.56,3.74,BI,anti,.,3.79,4.25,0.61,3.94,0.85,3.90,0.45,4.98,0.02,5.91,0.57,5.71,0.35,34.00,0.30,C3'-endo
223,229,0.91,A,A,A,1,0,0,0,0,.,"143,221",2,"cHW,tSS","cM+W,tm+m",4.98,3.10,0.84,1.48,3.49,5.14,4.63,1.55,BI,syn,.,-0.78,4.20,2.76,3.73,3.04,3.66,4.49,2.70,6.19,5.99,0.54,5.67,0.45,34.99,0.48,C3'-endo
224,230,0.91,C,C,C,0,1,0,0,0,.,143,1,cWW,cW-W,4.84,3.06,1.01,1.39,3.47,5.38,4.37,3.52,BI,anti,.,4.30,4.47,2.72,3.88,2.94,3.93,2.32,4.73,6.07,5.99,0.66,5.49,0.63,45.31,0.59,C3'-endo
225,231,0.91,G,G,G,0,0,1,0,0,.,220,1,tHW,tM-W,4.72,3.04,1.28,1.45,3.77,4.86,5.18,3.20,BI,anti,A,4.73,4.68,2.89,3.68,3.33,3.71,4.52,4.46,6.27,5.84,0.70,5.56,0.46,42.43,0.34,C3'-endo
226,232,0.92,A,A,A,1,0,0,0,0,.,,0,,,4.84,3.08,1.13,1.52,4.15,4.83,5.61,3.60,..,anti,.,4.03,4.81,3.02,4.10,3.18,4.18,4.09,4.74,0.21,5.73,0.68,5.71,0.23,38.92,0.02,C3'-endo
227,233,0.92,A,A,A,1,0,0,0,0,.,219,1,cWW,cW-W,5.56,2.59,0.80,1.43,3.64,4.52,5.41,3.35,BI,anti,A,4.61,4.59,2.82,4.04,3.27,3.88,4.21,4.48,6.22,5.92,0.63,5.60,0.47,39.41,0.42,C3'-endo
228,234,0.93,C,C,C,0,1,0,0,0,),218,1,cWW,cW-W,2.54,3.87,2.94,1.38,4.62,4.26,0.35,3.35,..,anti,.,4.35,4.84,2.85,3.56,3.06,3.66,4.00,4.27,0.17,5.73,0.73,5.63,0.30,42.02,0.10,C3'-endo
229,235,0.93,C,C,C,0,1,0,0,0,),217,1,cWW,cW-W,5.69,2.42,0.62,1.26,3.85,4.53,5.61,3.15,BI,anti,.,4.86,4.82,2.78,3.52,2.97,3.58,3.77,3.70,0.10,5.74,0.77,5.56,0.39,44.77,0.20,C3'-endo
230,236,0.93,U,U,U,0,0,0,1,0,),216,1,cWW,cW-W,5.72,2.76,0.71,1.36,3.90,4.78,5.40,3.36,BI,anti,A,4.61,4.79,3.16,3.73,3.21,3.81,3.43,4.40,0.12,5.74,0.74,5.60,0.35,42.74,0.16,C3'-endo
231,237,0.94,A,A,A,1,0,0,0,0,),215,1,cWW,cW-W,5.36,2.78,0.92,1.45,3.80,4.80,5.28,3.44,BI,anti,A,4.43,4.69,2.98,3.79,3.21,3.77,4.03,4.20,0.11,5.77,0.70,5.63,0.34,40.69,0.17,C3'-endo
232,238,0.94,U,U,U,0,0,0,1,0,),214,1,cWW,cW-W,5.45,2.64,0.90,1.41,4.27,4.35,6.21,3.46,..,anti,A,4.37,4.79,3.07,3.56,3.28,3.58,3.98,3.68,0.04,5.82,0.70,5.59,0.42,41.47,0.27,C3'-endo
233,239,0.95,C,C,C,0,1,0,0,0,),213,1,cWW,cW-W,5.18,2.39,0.95,1.39,3.32,5.21,4.40,3.41,BI,anti,.,4.41,4.49,2.56,3.76,2.82,3.70,3.20,4.26,6.28,5.82,0.74,5.53,0.48,44.98,0.33,C3'-endo
234,240,0.95,C,C,C,0,1,0,0,0,),212,1,cWW,cW-W,5.03,3.65,0.81,1.55,3.52,4.50,5.30,3.29,BI,anti,A,4.40,4.56,3.23,3.91,3.33,3.85,4.06,3.91,0.24,5.72,0.65,5.74,0.19,37.40,6.25,C2'-exo
235,241,0.96,G,G,G,0,0,1,0,0,.,,0,,,2.49,3.99,3.00,1.55,3.99,4.96,5.31,3.12,BI,anti,.,4.89,4.65,2.89,3.83,3.16,3.85,3.55,4.77,0.09,5.89,0.54,5.78,0.27,31.23,0.18,C3'-endo
236,242,0.96,U,U,U,0,0,0,1,0,.,,0,,,5.56,2.75,0.72,1.35,3.95,2.16,1.79,3.89,..,anti,.,3.32,4.80,2.92,0.97,3.33,0.65,4.60,0.29,0.10,5.74,0.75,5.57,0.39,44.09,0.20,C3'-endo
237,243,0.96,A,A,A,1,0,0,0,0,.,193,1,cWW,cW-W,4.92,3.11,5.18,1.44,3.39,4.44,5.24,3.68,BI,anti,A,4.01,4.35,1.56,3.05,1.81,3.15,2.51,3.85,6.20,5.93,0.63,5.59,0.48,39.52,0.44,C3'-endo
238,244,0.97,A,A,A,1,0,0,0,0,.,"193,209",2,"cWW,cHS","cW-W,cM+m",2.41,4.08,2.96,1.49,3.33,6.14,3.47,3.10,..,anti,.,4.56,4.53,2.60,4.75,3.07,4.15,4.00,4.56,0.17,5.71,0.75,5.62,0.31,42.91,0.10,C3'-endo
239,245,0.97,C,C,C,0,1,0,0,0,.,,0,,,2.60,2.46,3.15,1.45,3.76,5.58,4.47,3.19,BI,anti,.,4.72,4.71,2.61,4.06,3.06,3.69,4.15,2.54,0.17,5.72,0.74,5.63,0.30,42.40,0.10,C3'-endo
240,246,0.98,A,A,A,1,0,0,0,0,.,,0,,,1.41,2.79,3.26,1.30,1.62,5.61,2.29,3.05,..,anti,.,0.73,2.11,2.14,1.19,2.18,0.91,1.16,0.41,5.93,6.26,0.37,5.70,0.58,34.90,0.92,C4'-exo
241,247,0.98,U,U,U,0,0,0,1,0,.,,0,,,3.56,2.11,2.23,1.49,4.89,3.87,1.02,3.80,..,anti,.,2.35,4.31,2.58,2.90,2.08,3.08,1.78,3.13,6.25,5.95,0.55,5.69,0.40,34.27,0.39,C3'-endo
242,248,0.98,A,A,A,1,0,0,0,0,.,,0,,,5.12,2.06,0.85,1.38,3.66,4.22,5.72,4.38,BI,anti,.,1.67,4.73,2.47,3.91,2.72,3.56,2.88,3.36,0.05,5.79,0.72,5.58,0.42,42.67,0.26,C3'-endo
243,249,0.99,A,A,A,1,0,0,0,0,.,190,1,tHW,tM-W,2.10,4.25,3.13,1.47,4.37,5.17,5.48,3.41,..,anti,.,4.31,4.80,2.89,4.16,3.02,4.18,3.21,5.06,0.16,5.76,0.68,5.68,0.28,39.01,0.10,C3'-endo
244,250,0.99,U,U,U,0,0,0,1,0,),190,1,cWW,cW-W,5.28,2.95,0.79,1.42,3.50,5.06,4.72,3.90,BI,anti,.,3.50,4.46,2.63,3.66,3.20,3.67,4.46,3.94,0.03,5.86,0.63,5.65,0.39,37.91,0.29,C3'-endo
245,251,1.00,U,U,U,0,0,0,1,0,),189,1,cWW,cW-W,5.25,3.45,0.51,1.54,3.10,5.26,4.13,4.19,BI,anti,.,2.72,4.33,2.97,3.54,3.09,3.70,3.48,4.08,0.16,5.75,0.68,5.68,0.28,39.01,0.09,C3'-endo
246,252,1.00,G,G,G,0,0,1,0,0,.,116,1,cWH,cW+M,4.80,3.63,1.30,1.27,,,,3.82,..,anti,-,,,,,,,,,0.05,5.76,0.78,5.52,0.45,46.37,0.26,C3'-endo
