index_chain,old_nt_resnum,nt_position,nt_name,nt_code,nt_align_code,is_A,is_C,is_G,is_U,is_other,dbn,paired,nb_interact,pair_type_LW,pair_type_DSSR,alpha,beta,gamma,delta,epsilon,zeta,epsilon_zeta,chi,bb_type,glyco_bond,form,ssZp,Dp,eta,theta,eta_prime,theta_prime,eta_base,theta_base,v0,v1,v2,v3,v4,amplitude,phase_angle,puckering
1,1,0.01,G,G,G,0,0,1,0,0,(,79,1,cWW,cW-W,,3.11,1.11,1.64,3.69,4.98,4.99,3.38,BI,anti,A,4.25,4.33,,3.88,,3.80,,3.86,0.12,5.91,0.48,5.86,0.20,27.76,0.09,C3'-endo
2,2,0.02,C,C,C,0,1,0,0,0,(,"78,79",2,"cWW,cWW","cW-W,cW-W",4.93,3.06,0.99,1.42,3.49,5.21,4.56,3.79,BI,anti,.,3.73,4.36,2.86,3.78,3.09,3.79,3.42,4.48,6.17,5.98,0.57,5.64,0.48,37.20,0.49,C3'-endo
3,3,0.04,C,C,C,0,1,0,0,0,(,77,1,cWW,cW-W,4.62,2.93,1.37,1.39,3.86,4.86,5.28,3.43,BI,anti,A,4.53,4.75,2.85,3.76,3.19,3.73,4.16,4.19,0.19,5.67,0.78,5.60,0.31,44.73,0.08,C3'-endo
4,4,0.05,G,G,G,0,0,1,0,0,(,76,1,cWW,cW-W,5.48,2.95,0.60,1.40,3.56,5.09,4.75,3.51,BI,anti,A,4.50,4.71,2.86,3.65,3.09,3.67,3.86,4.08,0.23,5.65,0.76,5.63,0.27,43.74,0.02,C3'-endo
5,5,0.06,G,G,G,0,0,1,0,0,(,75,1,cWW,cW-W,5.16,3.05,0.90,1.39,3.33,5.25,4.37,3.53,BI,anti,.,4.45,4.61,2.94,4.08,3.18,3.90,3.87,4.10,0.22,5.69,0.71,5.68,0.24,40.77,0.02,C3'-endo
6,6,0.07,G,G,G,0,0,1,0,0,(,74,1,cWW,cW-W,2.56,3.14,3.28,1.50,3.39,4.69,4.99,3.32,BI,anti,A,4.63,4.65,2.95,3.25,3.21,3.43,3.85,3.62,0.41,5.55,0.75,5.74,0.08,44.19,6.06,C2'-exo
7,7,0.08,G,G,G,0,0,1,0,0,(,73,1,cWW,cW-W,3.04,4.02,2.88,2.15,5.12,5.39,6.02,3.31,..,anti,.,1.80,1.65,3.99,5.29,4.01,5.40,4.12,5.79,5.87,0.42,6.01,0.04,0.23,24.73,2.26,C1'-exo
8,8,0.10,U,U,U,0,0,0,1,0,.,"14,21",2,"tWH,tSW","tW-M,tm+W",5.28,3.45,1.00,1.46,4.41,5.25,5.44,3.52,..,anti,.,4.21,4.86,3.10,4.37,3.73,3.88,4.06,3.89,0.14,5.71,0.75,5.60,0.35,43.34,0.14,C3'-endo
9,9,0.11,G,G,G,0,0,1,0,0,.,"12,24",2,"cWH,tW.","cW+M,tW-.",3.43,1.38,3.07,1.96,1.90,1.51,0.40,1.20,..,syn,.,-1.49,1.72,3.65,4.09,3.38,4.11,3.23,3.82,5.73,0.59,5.87,0.10,0.28,34.04,2.33,C1'-exo
10,10,0.12,G,G,G,0,0,1,0,0,(,26,1,cWW,cW-W,0.94,3.95,1.45,1.09,3.24,5.32,4.20,2.90,BI,anti,A,4.26,4.47,0.32,3.70,1.29,3.77,1.61,4.38,5.97,6.00,0.74,5.34,0.80,53.68,0.66,C4'-exo
11,11,0.13,C,C,C,0,1,0,0,0,(,25,1,cWW,cW-W,4.03,3.74,1.41,1.24,3.63,4.93,4.98,3.49,BI,anti,A,4.47,4.74,2.76,3.46,2.91,3.50,3.71,3.84,6.26,5.78,0.80,5.44,0.55,48.67,0.35,C3'-endo
12,12,0.14,G,G,G,0,0,1,0,0,(,"9,24",2,"cHW,cWW","cM+W,cW-W",5.27,2.99,1.05,1.51,4.10,5.14,5.25,3.42,..,anti,.,4.46,4.76,3.28,4.64,3.39,4.62,3.80,5.19,0.18,5.78,0.62,5.75,0.23,35.33,0.04,C3'-endo
13,13,0.16,G,G,G,0,0,1,0,0,.,"22,23",2,"cWS,tSH","cW-m,tm-M",1.65,3.85,3.99,1.62,3.34,5.09,4.54,3.08,BI,anti,.,4.44,4.47,3.13,3.18,3.63,3.33,4.87,3.42,0.37,5.64,0.66,5.82,0.06,38.97,6.05,C2'-exo
14,14,0.17,A,A,A,1,0,0,0,0,.,"8,21",2,"tHW,cWS","tM-W,cW-m",3.46,3.48,2.39,1.20,4.12,5.21,5.19,3.27,..,anti,.,4.59,4.76,2.95,3.85,3.16,3.89,3.33,4.71,0.04,5.78,0.76,5.54,0.44,45.25,0.27,C3'-endo
15,15,0.18,A,A,A,1,0,0,0,0,.,55,1,tWW,tW+W,5.10,3.21,0.93,1.32,,,,3.63,..,anti,-,,,,,,,,,0.05,5.75,0.74,5.55,0.44,43.97,0.26,C3'-endo
16,not resolved,0.19,-,-,-,0,0,0,0,1,,,0,,,,,,,,,,,,,,,,,,,,,,,,,,,,,
17,not resolved,0.20,-,-,-,0,0,0,0,1,,,0,,,,,,,,,,,,,,,,,,,,,,,,,,,,,
18,18,0.22,G,G,G,0,0,1,0,0,.,62,1,tWS,tW+m,,2.14,5.37,2.00,1.00,1.71,5.57,4.28,..,anti,.,0.84,1.46,,4.03,,4.09,,4.39,0.18,6.11,0.10,0.01,6.16,10.58,5.27,C1'-endo
19,19,0.23,G,G,G,0,0,1,0,0,[,63,1,cWW,cW-W,3.77,3.21,0.83,2.48,4.93,1.98,2.95,4.92,..,anti,.,0.33,0.51,3.28,2.86,3.77,2.88,3.93,3.56,5.86,0.65,5.66,0.39,0.01,37.84,2.80,C2'-endo
20,20,0.24,U,U,U,0,0,0,1,0,.,,0,,,1.04,2.15,0.21,1.90,4.56,5.25,5.60,4.09,..,anti,.,1.67,2.68,5.13,5.29,4.82,4.93,4.68,4.50,5.93,0.26,6.20,6.16,0.31,19.99,1.80,O4'-endo
21,20A,0.25,A,A,A,1,0,0,0,0,.,"8,14",2,"tWS,cSW","tW+m,cm-W",5.20,2.86,3.36,1.61,3.42,5.46,4.25,3.44,BI,anti,A,4.21,4.29,5.40,3.23,5.89,3.44,0.04,4.11,0.14,5.87,0.52,5.83,0.20,29.57,0.06,C3'-endo
22,21,0.27,G,G,G,0,0,1,0,0,.,"13,54",2,"cSW,tHW","cm-W,tM-W",4.34,3.03,1.63,1.59,3.84,2.60,1.24,3.76,..,anti,.,3.38,4.01,3.03,1.39,3.40,1.55,4.17,2.11,6.07,6.15,0.41,5.72,0.48,31.49,0.72,C4'-exo
23,22,0.28,A,A,A,1,0,0,0,0,.,13,1,tHS,tM-m,5.16,2.90,0.60,1.68,3.96,5.44,4.80,3.51,BI,anti,.,4.28,4.58,3.34,4.51,3.31,4.57,3.09,5.32,0.30,5.79,0.50,5.95,0.03,29.68,6.01,C2'-exo
24,23,0.29,C,C,C,0,1,0,0,0,),"9,12",2,"t.W,cWW","t.-W,cW-W",5.17,2.84,0.85,1.36,3.82,5.11,4.99,3.56,BI,anti,A,4.16,4.56,2.63,3.78,3.24,3.74,4.50,4.39,6.22,5.90,0.68,5.56,0.49,42.10,0.40,C3'-endo
25,24,0.30,G,G,G,0,0,1,0,0,),11,1,cWW,cW-W,4.59,2.50,1.84,1.29,3.96,4.94,5.30,3.35,BI,anti,A,4.50,4.72,2.81,3.59,3.11,3.55,4.11,3.86,0.17,5.68,0.81,5.56,0.35,46.88,0.12,C3'-endo
26,25,0.31,C,C,C,0,1,0,0,0,),10,1,cWW,cW-W,5.08,2.99,1.14,1.30,3.81,5.37,4.72,3.44,BI,anti,.,4.38,4.64,2.90,4.05,3.10,4.12,3.67,4.99,0.05,5.76,0.78,5.51,0.45,46.20,0.27,C3'-endo
27,26,0.33,G,G,G,0,0,1,0,0,(,45,1,cWW,cW-W,4.95,3.33,1.15,1.35,3.52,5.28,4.52,3.64,BI,anti,.,4.24,4.66,3.01,3.85,3.40,3.92,4.61,4.80,0.25,5.62,0.80,5.63,0.27,45.65,0.01,C3'-endo
28,27,0.34,C,C,C,0,1,0,0,0,(,44,1,cWW,cW-W,5.04,3.05,0.93,1.45,3.66,5.10,4.84,3.64,BI,anti,A,4.27,4.76,2.82,3.85,3.24,3.82,4.45,3.89,0.30,5.63,0.75,5.69,0.19,43.08,6.21,C2'-exo
29,28,0.35,A,A,A,1,0,0,0,0,(,43,1,cWW,cW-W,5.17,3.11,0.91,1.30,3.73,4.44,5.58,3.63,BI,anti,A,4.25,4.81,3.01,3.65,3.19,3.51,3.53,3.59,0.12,5.72,0.77,5.56,0.39,44.77,0.18,C3'-endo
30,29,0.36,U,U,U,0,0,0,1,0,(,42,1,cWW,cW-W,2.49,3.60,2.90,1.42,4.18,5.01,5.46,3.27,..,anti,.,4.72,4.86,2.59,3.82,2.73,3.86,3.06,4.45,0.43,5.51,0.81,5.70,0.10,47.38,6.08,C2'-exo
31,30,0.37,G,G,G,0,0,1,0,0,(,41,1,cWW,cW-W,5.37,3.04,0.88,1.38,3.76,4.92,5.12,3.20,BI,anti,A,4.77,4.77,2.97,3.72,3.32,3.77,4.30,4.21,0.35,5.53,0.85,5.62,0.20,48.94,6.19,C2'-exo
32,31,0.39,A,A,A,1,0,0,0,0,(,40,1,cWW,cW-W,4.36,3.27,1.50,1.35,3.61,5.21,4.69,3.00,BI,anti,.,4.64,4.72,2.76,3.83,2.95,3.85,3.72,4.06,0.35,5.52,0.87,5.60,0.22,50.14,6.21,C2'-exo
33,32,0.40,C,C,C,0,1,0,0,0,.,39,1,cWW,cW-W,5.10,3.31,1.43,1.54,,,,3.35,..,anti,-,,,,,,,,,0.09,5.88,0.54,5.79,0.26,31.33,0.16,C3'-endo
34,not resolved,0.41,-,-,-,0,0,0,0,1,,,0,,,,,,,,,,,,,,,,,,,,,,,,,,,,,
35,not resolved,0.42,-,-,-,0,0,0,0,1,,,0,,,,,,,,,,,,,,,,,,,,,,,,,,,,,
36,not resolved,0.43,-,-,-,0,0,0,0,1,,,0,,,,,,,,,,,,,,,,,,,,,,,,,,,,,
37,not resolved,0.45,-,-,-,0,0,0,0,1,,,0,,,,,,,,,,,,,,,,,,,,,,,,,,,,,
38,not resolved,0.46,-,-,-,0,0,0,0,1,,,0,,,,,,,,,,,,,,,,,,,,,,,,,,,,,
39,38,0.47,A,A,A,1,0,0,0,0,.,33,1,cWW,cW-W,,3.98,3.14,1.50,4.21,4.39,6.11,3.46,..,anti,.,4.15,4.47,,3.23,,3.29,,3.81,6.23,5.96,0.54,5.70,0.40,33.97,0.41,C3'-endo
40,39,0.48,U,U,U,0,0,0,1,0,),32,1,cWW,cW-W,5.30,2.43,0.95,1.31,3.40,4.80,4.88,3.61,BI,anti,A,4.37,4.66,2.72,3.90,3.02,3.84,3.74,4.24,0.12,5.70,0.80,5.54,0.40,46.47,0.18,C3'-endo
41,40,0.49,C,C,C,0,1,0,0,0,),31,1,cWW,cW-W,3.53,3.97,2.03,1.44,4.24,4.51,6.01,3.29,..,anti,.,4.46,4.56,3.00,3.80,3.15,3.81,3.74,4.36,6.23,5.95,0.57,5.67,0.42,35.57,0.40,C3'-endo
42,41,0.51,A,A,A,1,0,0,0,0,),30,1,cWW,cW-W,5.30,2.33,1.17,1.41,4.27,4.74,5.81,3.43,..,anti,A,4.32,4.72,3.05,3.92,3.32,3.83,4.10,4.05,0.05,5.85,0.63,5.67,0.36,37.12,0.24,C3'-endo
43,42,0.52,U,U,U,0,0,0,1,0,),29,1,cWW,cW-W,5.20,2.61,0.99,1.30,3.70,5.14,4.84,3.64,BI,anti,A,4.08,4.59,2.73,3.75,2.99,3.74,3.53,4.25,6.15,5.96,0.62,5.56,0.54,40.81,0.51,C3'-endo
44,43,0.53,G,G,G,0,0,1,0,0,),28,1,cWW,cW-W,5.00,2.91,1.20,1.37,3.81,5.06,5.03,3.26,BI,anti,A,4.53,4.56,2.96,3.79,3.23,3.79,4.01,4.54,6.22,5.92,0.63,5.60,0.47,39.15,0.41,C3'-endo
45,44,0.54,U,U,U,0,0,0,1,0,),27,1,cWW,cW-W,5.21,3.02,0.74,1.34,3.84,3.95,6.17,3.56,..,anti,.,4.34,4.81,2.79,3.15,3.05,2.94,4.09,3.17,0.15,5.71,0.75,5.59,0.35,43.56,0.14,C3'-endo
46,45,0.55,G,G,G,0,0,1,0,0,(,53,1,cWW,cW-W,1.16,2.96,1.31,1.38,4.05,4.86,5.47,3.07,..,anti,.,4.61,4.63,5.71,3.84,5.65,3.86,5.18,4.58,6.21,5.93,0.62,5.61,0.48,38.91,0.44,C3'-endo
47,46,0.57,C,C,C,0,1,0,0,0,(,52,1,cWW,cW-W,5.19,2.67,1.03,1.38,4.18,4.77,5.69,3.09,..,anti,A,4.72,4.75,2.91,3.85,3.18,3.87,4.21,4.03,0.18,5.73,0.71,5.66,0.28,40.62,0.08,C3'-endo
48,47,0.58,G,G,G,0,0,1,0,0,.,51,1,tSH,tm-M,5.18,2.65,1.10,1.10,4.42,4.64,6.07,3.44,..,anti,.,4.13,4.87,2.90,4.42,3.08,3.72,3.45,2.88,6.21,5.81,0.81,5.40,0.60,50.38,0.41,C3'-endo
49,47A,0.59,C,C,C,0,1,0,0,0,.,,0,,,2.64,3.38,0.91,1.67,3.51,4.59,5.20,3.76,BI,anti,.,3.86,4.18,0.21,4.18,0.73,4.18,0.48,5.10,6.22,6.12,0.32,5.92,0.28,21.00,0.50,C3'-endo
50,47B,0.60,A,A,A,1,0,0,0,0,.,,0,,,2.53,4.22,2.80,1.44,3.99,4.14,6.13,3.52,..,anti,.,4.21,4.65,2.76,3.81,3.34,3.65,4.61,3.95,0.05,5.84,0.66,5.64,0.37,38.85,0.25,C3'-endo
51,47C,0.61,A,A,A,1,0,0,0,0,.,"0,48",2,"tSS,tHS","tm+m,tM-m",2.83,4.12,2.58,1.39,4.35,5.38,5.25,3.91,..,anti,.,2.79,4.65,2.82,5.15,3.03,5.07,3.53,5.32,0.09,5.77,0.72,5.60,0.38,42.03,0.20,C3'-endo
52,47D,0.63,G,G,G,0,0,1,0,0,),47,1,cWW,cW-W,2.37,3.76,3.64,1.51,3.58,5.15,4.71,3.50,BI,anti,A,4.42,4.57,3.13,3.12,3.81,3.21,4.66,3.92,0.07,5.87,0.58,5.71,0.32,33.94,0.23,C3'-endo
53,47E,0.64,C,C,C,0,1,0,0,0,),46,1,cWW,cW-W,4.72,2.78,1.46,1.42,4.60,4.21,0.39,3.39,..,anti,.,4.33,4.79,3.11,4.00,3.28,3.91,4.11,4.52,0.08,5.83,0.63,5.68,0.33,37.05,0.20,C3'-endo
54,47F,0.65,G,G,G,0,0,1,0,0,.,22,1,tWH,tW-M,1.27,4.30,3.75,1.76,4.70,4.00,0.70,2.88,..,anti,.,4.70,4.72,3.12,2.98,3.31,3.41,4.26,3.68,0.56,5.62,0.54,6.05,6.08,37.86,5.66,C2'-exo
55,48,0.66,U,U,U,0,0,0,1,0,.,15,1,tWW,tW+W,5.82,3.05,0.85,2.32,3.45,1.62,1.83,3.78,..,anti,.,2.45,2.44,3.66,1.43,3.86,0.74,3.66,4.48,6.04,0.40,5.89,0.27,6.26,23.64,2.86,C2'-endo
56,49,0.67,G,G,G,0,0,1,0,0,(,"0,72",2,"tSW,cWW","tm+W,cW-W",1.00,3.17,0.32,1.63,3.44,5.17,4.55,3.13,BI,anti,.,4.67,4.69,5.10,3.71,5.48,3.80,1.97,3.76,0.57,5.44,0.74,5.86,6.19,47.18,5.84,C2'-exo
57,50,0.69,C,C,C,0,1,0,0,0,(,71,1,cWW,cW-W,4.92,3.43,1.05,1.43,3.86,4.96,5.18,3.53,BI,anti,A,4.38,4.75,3.19,3.86,3.37,3.86,3.44,4.29,0.10,5.77,0.70,5.63,0.36,40.52,0.18,C3'-endo
58,51,0.70,G,G,G,0,0,1,0,0,(,70,1,cWW,cW-W,5.33,3.05,0.54,1.39,3.11,4.96,4.42,3.41,BI,anti,A,4.39,4.39,2.80,3.66,3.02,3.65,3.75,3.97,0.11,5.79,0.67,5.65,0.33,39.16,0.17,C3'-endo
59,52,0.71,G,G,G,0,0,1,0,0,(,69,1,cWW,cW-W,3.04,3.66,2.61,1.38,4.41,5.18,5.52,3.13,..,anti,.,4.81,4.88,2.99,4.04,3.19,3.96,3.71,4.30,0.23,5.66,0.76,5.64,0.26,43.68,0.02,C3'-endo
60,53,0.72,G,G,G,0,0,1,0,0,(,68,1,cWW,cW-W,4.66,2.25,2.11,1.26,4.23,4.78,5.74,2.92,..,anti,A,4.67,4.70,3.01,3.40,3.31,3.47,4.06,3.97,0.01,5.80,0.74,5.53,0.47,44.59,0.31,C3'-endo
61,54,0.73,U,U,U,0,0,0,1,0,.,65,1,tWH,tW-M,5.23,2.69,1.13,1.30,4.34,5.03,5.59,3.38,..,anti,.,4.33,4.73,3.01,4.18,3.21,4.19,3.86,5.00,0.05,5.77,0.76,5.54,0.44,44.81,0.26,C3'-endo
62,55,0.75,U,U,U,0,0,0,1,0,.,18,1,tSW,tm+W,5.02,3.05,0.83,1.34,3.66,4.82,5.13,3.42,BI,anti,.,4.63,4.75,2.52,3.89,2.92,3.27,4.10,2.14,0.24,5.61,0.82,5.59,0.29,46.84,0.03,C3'-endo
63,56,0.76,C,C,C,0,1,0,0,0,],19,1,cWW,cW-W,2.98,3.27,0.93,1.46,4.06,4.86,5.48,3.37,..,anti,A,4.54,4.72,0.89,3.89,1.03,3.97,0.39,4.61,0.18,5.74,0.69,5.69,0.27,39.45,0.07,C3'-endo
64,57,0.77,A,A,A,1,0,0,0,0,.,,0,,,5.27,2.71,0.94,1.50,4.06,4.79,5.55,3.27,..,anti,.,4.40,4.50,2.91,3.81,3.23,4.03,4.10,4.28,0.04,5.88,0.60,5.70,0.34,35.37,0.25,C3'-endo
65,58,0.78,A,A,A,1,0,0,0,0,.,61,1,tHW,tM-W,5.34,3.49,1.18,2.38,4.97,3.28,1.69,4.66,BII,anti,.,-0.04,0.73,4.08,4.07,4.28,3.27,4.30,2.66,5.87,0.56,5.80,0.27,0.09,31.57,2.65,C2'-endo
66,59,0.80,G,G,G,0,0,1,0,0,.,,0,,,1.30,3.77,1.07,1.37,3.36,5.27,4.37,3.47,BI,anti,.,4.47,4.61,0.20,4.33,0.55,4.51,0.98,5.38,0.26,5.64,0.75,5.65,0.24,43.16,6.27,C2'-exo
67,60,0.81,U,U,U,0,0,0,1,0,.,,0,,,3.16,4.22,2.46,1.87,4.16,5.21,5.23,3.78,..,anti,.,2.03,2.26,3.27,5.33,3.94,4.95,5.01,5.53,5.70,0.46,6.08,6.16,0.44,32.05,1.93,C1'-exo
68,61,0.82,C,C,C,0,1,0,0,0,),60,1,cWW,cW-W,3.84,4.22,1.06,1.47,3.69,4.72,5.25,3.38,BI,anti,.,4.60,4.69,2.18,3.62,2.86,3.65,3.46,3.84,0.12,5.78,0.67,5.66,0.32,38.87,0.15,C3'-endo
69,62,0.83,C,C,C,0,1,0,0,0,),59,1,cWW,cW-W,5.31,2.86,0.92,1.36,4.02,4.83,5.48,3.51,BI,anti,A,4.36,4.84,3.10,3.76,3.20,3.82,3.54,4.15,0.23,5.65,0.78,5.61,0.29,44.65,0.04,C3'-endo
70,63,0.84,C,C,C,0,1,0,0,0,),58,1,cWW,cW-W,5.58,3.31,0.30,1.53,3.62,5.12,4.78,3.71,BI,anti,A,4.11,4.60,2.92,3.67,3.04,3.74,3.55,4.31,0.28,5.69,0.68,5.75,0.16,38.89,6.20,C2'-exo
71,64,0.86,G,G,G,0,0,1,0,0,),57,1,cWW,cW-W,5.00,2.95,1.09,1.39,3.73,5.13,4.88,3.37,BI,anti,.,4.73,4.83,2.86,3.84,3.13,3.84,3.94,4.05,0.32,5.57,0.80,5.65,0.20,45.90,6.20,C2'-exo
72,65,0.87,C,C,C,0,1,0,0,0,),56,1,cWW,cW-W,5.27,2.98,0.96,1.35,3.37,5.11,4.55,3.37,BI,anti,A,4.57,4.55,2.97,3.52,3.30,3.54,3.88,3.97,6.26,5.84,0.72,5.53,0.49,43.85,0.36,C3'-endo
73,66,0.88,C,C,C,0,1,0,0,0,),"0,7",2,"cSS,cWW","cm-m,cW-W",4.64,3.00,1.53,1.44,4.51,4.53,6.26,3.05,..,anti,A,4.76,4.77,3.21,3.76,3.35,3.80,3.94,4.29,0.18,5.67,0.79,5.58,0.33,45.49,0.10,C3'-endo
74,67,0.89,C,C,C,0,1,0,0,0,),6,1,cWW,cW-W,5.11,2.22,1.41,1.42,3.54,5.02,4.80,3.14,BI,anti,A,4.42,4.42,2.81,3.69,3.19,3.60,4.00,3.79,6.21,5.94,0.60,5.62,0.46,37.90,0.43,C3'-endo
75,68,0.90,C,C,C,0,1,0,0,0,),5,1,cWW,cW-W,4.82,3.59,0.85,1.55,3.49,5.14,4.64,4.04,BI,anti,.,3.15,4.39,2.96,3.76,3.09,3.76,3.48,4.11,0.14,5.80,0.61,5.74,0.25,35.30,0.09,C3'-endo
76,69,0.92,C,C,C,0,1,0,0,0,),4,1,cWW,cW-W,4.86,2.96,1.22,1.35,3.71,4.99,5.00,3.71,BI,anti,.,3.93,4.60,2.89,3.60,3.14,3.56,3.69,3.91,0.04,5.81,0.69,5.60,0.41,41.24,0.26,C3'-endo
77,70,0.93,G,G,G,0,0,1,0,0,),3,1,cWW,cW-W,5.18,2.98,0.88,1.30,4.12,4.65,5.76,3.22,..,anti,A,4.78,4.88,2.97,3.65,3.09,3.77,3.64,4.43,0.15,5.67,0.81,5.54,0.38,46.95,0.14,C3'-endo
78,71,0.94,G,G,G,0,0,1,0,0,),2,1,cWW,cW-W,5.37,2.66,0.94,1.43,3.63,5.14,4.78,3.51,BI,anti,A,4.49,4.71,2.91,3.88,3.17,3.83,4.03,4.39,0.13,5.79,0.65,5.68,0.30,37.42,0.14,C3'-endo
79,72,0.95,C,C,C,0,1,0,0,0,),"1,2",2,"cWW,cWW","cW-W,cW-W",5.11,3.02,1.06,1.35,4.14,4.63,5.79,3.83,..,anti,.,3.40,4.79,3.12,4.08,3.34,3.97,4.15,4.37,0.11,5.77,0.70,5.63,0.34,40.52,0.17,C3'-endo
80,73,0.96,A,A,A,1,0,0,0,0,.,,0,,,1.40,3.90,4.05,1.74,3.74,4.09,5.93,3.24,..,anti,.,4.69,4.72,3.11,2.59,3.30,2.69,4.04,3.33,0.57,5.57,0.60,6.00,6.10,40.80,5.71,C2'-exo
81,74,0.98,C,C,C,0,1,0,0,0,.,,0,,,0.50,2.87,1.29,2.35,4.97,5.13,6.12,4.47,..,anti,.,0.32,0.40,5.41,5.67,5.40,5.37,4.46,5.73,5.76,0.69,5.69,0.31,0.12,39.10,2.63,C2'-endo
82,75,0.99,C,C,C,0,1,0,0,0,.,,0,,,4.59,3.31,1.20,2.23,4.85,0.90,3.95,4.00,..,anti,.,0.63,0.99,2.78,1.41,3.58,1.18,3.64,1.27,5.74,0.61,5.84,0.15,0.24,34.39,2.41,C1'-exo
83,76,1.00,ANZ,a,A,0,0,0,0,1,.,,0,,,2.46,3.28,2.65,1.71,,,,4.76,n/a,anti,-,,,,,,,,,0.08,5.95,0.45,5.89,0.20,25.72,0.13,C3'-endo
