index_chain,old_nt_resnum,nt_position,nt_name,nt_code,nt_align_code,is_A,is_C,is_G,is_U,is_other,dbn,paired,nb_interact,pair_type_LW,pair_type_DSSR,alpha,beta,gamma,delta,epsilon,zeta,epsilon_zeta,chi,bb_type,glyco_bond,form,ssZp,Dp,eta,theta,eta_prime,theta_prime,eta_base,theta_base,v0,v1,v2,v3,v4,amplitude,phase_angle,puckering
1,2,0.02,G,G,G,0,0,1,0,0,(,"47,48",2,"cWW,cWW","cW-W,cW-W",,3.42,2.38,1.45,3.84,5.06,5.06,3.11,BI,anti,.,4.69,4.70,,4.06,,4.05,,4.64,0.18,5.70,0.74,5.64,0.29,42.37,0.08,C3'-endo
2,3,0.04,G,G,G,0,0,1,0,0,(,46,1,cWW,cW-W,4.18,3.88,1.27,1.44,3.49,4.64,5.13,3.40,BI,anti,.,4.52,4.57,2.68,3.94,2.98,3.76,3.86,3.74,0.06,5.79,0.70,5.60,0.39,41.22,0.24,C3'-endo
3,4,0.06,A,A,A,1,0,0,0,0,(,45,1,cWW,cW-W,2.27,3.61,3.56,1.50,3.91,5.47,4.73,3.21,BI,anti,.,4.72,4.74,3.09,3.79,3.18,3.79,3.46,4.54,0.24,5.67,0.74,5.66,0.24,42.47,0.01,C3'-endo
4,5,0.08,G,G,G,0,0,1,0,0,(,44,1,cWW,cW-W,3.86,2.74,2.22,1.47,4.06,4.68,5.66,3.12,..,anti,A,4.67,4.69,2.78,3.49,3.21,3.56,4.31,4.02,0.15,5.74,0.71,5.64,0.31,41.18,0.12,C3'-endo
5,6,0.10,U,U,U,0,0,0,1,0,(,43,1,cWW,cW-W,5.48,2.65,0.89,1.35,3.81,4.78,5.30,3.33,BI,anti,A,4.57,4.63,2.89,3.65,3.17,3.66,3.87,3.93,0.02,5.80,0.74,5.55,0.45,44.38,0.29,C3'-endo
6,7,0.12,G,G,G,0,0,1,0,0,(,42,1,cWW,cW-W,5.26,2.92,0.95,1.39,3.87,4.79,5.37,3.41,BI,anti,A,4.45,4.67,3.01,3.64,3.13,3.68,3.58,4.22,0.03,5.79,0.73,5.56,0.44,43.56,0.28,C3'-endo
7,8,0.15,A,A,A,1,0,0,0,0,(,41,1,cWW,cW-W,5.05,2.69,1.21,1.42,3.68,5.02,4.95,3.50,BI,anti,A,4.42,4.67,2.87,3.82,3.14,3.78,3.93,4.20,0.16,5.69,0.78,5.59,0.35,45.10,0.12,C3'-endo
8,9,0.17,A,A,A,1,0,0,0,0,(,40,1,cWW,cW-W,4.94,3.01,1.04,1.43,3.59,4.92,4.96,3.42,BI,anti,A,4.50,4.63,2.78,3.71,3.07,3.68,3.85,4.05,6.24,5.83,0.75,5.52,0.52,45.85,0.37,C3'-endo
9,10,0.19,G,G,G,0,0,1,0,0,(,39,1,cWW,cW-W,5.16,2.89,1.11,1.43,4.09,4.91,5.46,3.31,..,anti,.,4.52,4.65,3.11,4.13,3.25,4.19,3.84,5.13,6.28,5.85,0.69,5.58,0.44,41.51,0.33,C3'-endo
10,11,0.21,G,G,G,0,0,1,0,0,.,38,1,tSH,tm-M,5.44,2.64,0.99,1.45,4.22,3.38,0.85,3.52,BII,anti,.,4.07,4.69,2.97,2.93,3.37,3.15,4.60,2.72,6.12,5.99,0.61,5.58,0.56,40.65,0.55,C3'-endo
11,12,0.23,A,A,A,1,0,0,0,0,.,33,1,t.S,t.+m,5.87,2.09,0.86,2.46,4.80,1.64,3.16,4.41,..,anti,.,-0.09,0.17,3.69,2.75,3.88,2.30,3.21,2.96,5.77,0.73,5.62,0.39,0.08,41.86,2.72,C2'-endo
12,13,0.25,G,G,G,0,0,1,0,0,(,"32,38",2,"cWW,tSS","cW-W,tm+m",1.36,4.52,3.36,1.50,3.75,4.90,5.13,3.25,BI,anti,A,4.72,4.72,3.67,3.34,3.74,3.30,4.49,3.69,0.20,5.70,0.73,5.67,0.27,41.87,0.04,C3'-endo
13,14,0.27,G,G,G,0,0,1,0,0,(,31,1,cWW,cW-W,5.18,3.07,1.03,1.38,3.70,4.98,5.00,3.26,BI,anti,A,4.66,4.69,3.04,3.73,3.24,3.75,3.84,4.09,6.23,5.86,0.71,5.54,0.51,43.88,0.38,C3'-endo
14,15,0.29,C,C,C,0,1,0,0,0,(,30,1,cWW,cW-W,5.03,3.01,1.10,1.37,3.70,5.08,4.90,3.46,BI,anti,A,4.48,4.68,2.94,3.79,3.15,3.78,3.74,4.23,0.05,5.74,0.79,5.52,0.47,46.92,0.26,C3'-endo
15,16,0.31,U,U,U,0,0,0,1,0,(,29,1,cWW,cW-W,4.98,2.89,1.32,1.36,3.63,4.87,5.05,3.36,BI,anti,A,4.51,4.58,2.95,3.55,3.24,3.55,4.01,4.06,6.22,5.83,0.77,5.48,0.56,47.45,0.39,C3'-endo
16,17,0.33,C,C,C,0,1,0,0,0,(,27,1,cWW,cW-W,5.18,2.93,1.01,1.39,3.72,4.91,5.09,3.37,BI,anti,A,4.54,4.63,2.98,3.68,3.16,3.67,3.89,4.04,0.07,5.76,0.76,5.56,0.42,44.65,0.23,C3'-endo
17,18,0.35,G,G,G,0,0,1,0,0,(,26,1,cWW,cW-W,5.12,2.86,1.10,1.40,3.77,5.03,5.03,3.32,BI,anti,A,4.61,4.69,2.95,3.82,3.15,3.84,3.79,4.35,0.13,5.72,0.76,5.59,0.36,43.82,0.16,C3'-endo
18,19,0.38,C,C,C,0,1,0,0,0,(,25,1,cWW,cW-W,5.04,2.92,1.19,1.38,3.82,4.36,5.74,3.42,BI,anti,A,4.47,4.62,2.97,3.89,3.25,3.75,4.06,4.02,6.27,5.84,0.70,5.56,0.47,42.72,0.34,C3'-endo
19,20,0.40,G,G,G,0,0,1,0,0,(,24,1,cWW,cW-W,2.89,3.77,2.56,1.44,3.72,5.11,4.90,3.27,BI,anti,.,4.69,4.70,2.42,4.30,2.73,3.42,3.34,2.09,0.16,5.71,0.75,5.60,0.33,43.54,0.12,C3'-endo
20,21,0.42,A,A,A,1,0,0,0,0,.,,0,,,2.50,2.91,1.61,1.45,,,,3.31,..,anti,-,,,,,,,,,0.05,5.83,0.66,5.64,0.38,38.87,0.25,C3'-endo
21,not resolved,0.44,-,-,-,0,0,0,0,1,,,0,,,,,,,,,,,,,,,,,,,,,,,,,,,,,
22,not resolved,0.46,-,-,-,0,0,0,0,1,,,0,,,,,,,,,,,,,,,,,,,,,,,,,,,,,
23,24,0.48,U,U,U,0,0,0,1,0,.,,0,,,,4.69,3.39,2.90,3.59,1.34,2.24,3.54,..,anti,.,0.67,1.51,,4.18,,5.40,,5.49,6.09,0.64,5.47,0.72,5.95,46.66,3.23,C3'-exo
24,25,0.50,C,C,C,0,1,0,0,0,),19,1,cWW,cW-W,3.23,1.78,2.31,1.44,3.58,4.70,5.16,3.64,BI,anti,.,3.86,4.13,2.34,3.40,2.98,3.43,3.50,4.17,5.97,6.15,0.49,5.61,0.63,39.31,0.78,C4'-exo
25,26,0.52,G,G,G,0,0,1,0,0,),18,1,cWW,cW-W,2.70,3.77,2.86,1.45,3.95,5.15,5.08,3.12,BI,anti,A,4.63,4.64,2.73,3.87,3.12,3.86,4.15,4.45,0.08,5.80,0.68,5.64,0.36,39.72,0.21,C3'-endo
26,27,0.54,C,C,C,0,1,0,0,0,),17,1,cWW,cW-W,4.97,3.09,1.07,1.39,3.92,4.11,6.09,3.54,..,anti,A,4.15,4.53,2.89,3.65,3.23,3.66,4.11,3.88,6.20,5.91,0.66,5.57,0.50,41.37,0.43,C3'-endo
27,28,0.56,G,G,G,0,0,1,0,0,),16,1,cWW,cW-W,1.94,4.13,3.64,2.43,3.74,0.75,2.99,3.49,..,anti,.,1.84,1.99,3.78,5.34,3.75,5.39,3.99,4.76,6.16,0.37,5.82,0.40,6.11,26.35,3.19,C3'-exo
28,29,0.58,A,A,A,1,0,0,0,0,.,,0,,,4.16,2.33,3.51,1.50,3.42,2.31,1.11,0.99,..,syn,.,-2.60,3.76,4.68,6.11,5.13,0.25,6.17,5.73,5.95,6.22,0.40,5.68,0.59,35.77,0.87,C4'-exo
29,30,0.60,A,A,A,1,0,0,0,0,),15,1,cWW,cW-W,5.72,3.31,0.27,1.46,3.81,4.79,5.30,3.19,BI,anti,A,4.71,4.72,3.68,3.51,3.74,3.71,4.93,4.18,0.16,5.72,0.73,5.63,0.32,41.94,0.11,C3'-endo
30,31,0.62,G,G,G,0,0,1,0,0,),14,1,cWW,cW-W,5.28,3.04,0.72,1.43,3.68,4.96,5.00,3.38,BI,anti,A,4.60,4.70,2.92,3.75,3.07,3.80,3.60,4.16,0.15,5.70,0.77,5.58,0.35,44.51,0.13,C3'-endo
31,32,0.65,C,C,C,0,1,0,0,0,),13,1,cWW,cW-W,5.01,2.91,1.24,1.39,3.81,4.91,5.18,3.46,BI,anti,A,4.38,4.61,2.96,3.86,3.20,3.82,3.82,4.20,6.25,5.84,0.73,5.53,0.49,44.59,0.35,C3'-endo
32,33,0.67,C,C,C,0,1,0,0,0,),12,1,cWW,cW-W,5.29,2.86,0.98,1.29,3.70,4.87,5.11,3.33,BI,anti,A,4.55,4.63,2.87,3.66,3.10,3.70,3.79,4.29,6.10,5.91,0.75,5.42,0.67,49.65,0.53,C3'-endo
33,34,0.69,G,G,G,0,0,1,0,0,.,11,1,tS.,tm+.,5.20,2.88,1.14,1.25,3.47,4.65,5.10,3.29,BI,anti,A,4.53,4.58,3.02,3.70,3.23,3.60,4.05,3.75,6.23,5.82,0.77,5.47,0.55,47.66,0.38,C3'-endo
34,35,0.71,A,A,A,1,0,0,0,0,.,,0,,,2.15,3.38,3.69,1.78,4.20,1.31,2.88,3.41,..,anti,.,4.29,4.58,3.10,0.57,3.20,6.21,3.53,5.43,0.34,5.72,0.57,5.89,0.04,33.89,6.03,C2'-exo
35,36,0.73,G,G,G,0,0,1,0,0,.,,0,,,1.27,2.28,2.53,1.66,0.61,2.81,4.08,3.86,..,anti,.,1.19,1.20,1.94,4.46,2.07,3.87,2.80,3.78,5.81,0.27,0.03,5.98,0.49,28.57,1.51,O4'-endo
36,37,0.75,A,A,A,1,0,0,0,0,.,,0,,,1.18,4.00,1.55,1.50,3.91,5.09,5.11,3.28,BI,anti,.,4.32,4.39,0.40,4.12,1.55,4.21,2.09,4.89,6.16,6.00,0.55,5.65,0.47,36.00,0.51,C3'-endo
37,38,0.77,A,A,A,1,0,0,0,0,.,,0,,,4.91,2.95,1.31,2.46,4.42,5.06,5.64,3.80,..,anti,.,1.64,1.54,3.26,5.21,3.79,4.92,4.63,5.33,5.80,0.67,5.70,0.33,0.09,37.56,2.68,C2'-endo
38,39,0.79,A,A,A,1,0,0,0,0,.,"10,12",2,"tHS,tSS","tM-m,tm+m",4.58,3.40,1.46,1.41,4.12,5.20,5.21,3.22,..,anti,.,4.42,4.51,2.96,4.36,3.65,4.45,4.06,5.53,6.21,5.90,0.68,5.56,0.51,42.80,0.42,C3'-endo
39,40,0.81,C,C,C,0,1,0,0,0,),9,1,cWW,cW-W,5.01,2.85,1.14,1.42,3.89,5.02,5.15,3.52,BI,anti,A,4.14,4.54,2.70,4.00,3.28,3.93,4.76,4.16,6.26,5.84,0.71,5.56,0.48,43.42,0.34,C3'-endo
40,41,0.83,U,U,U,0,0,0,1,0,),8,1,cWW,cW-W,5.03,2.87,1.14,1.25,3.57,5.04,4.82,3.49,BI,anti,A,4.28,4.49,2.80,3.55,3.09,3.55,3.65,4.06,6.20,5.85,0.76,5.46,0.58,47.57,0.43,C3'-endo
41,42,0.85,U,U,U,0,0,0,1,0,),7,1,cWW,cW-W,4.96,3.07,1.04,1.40,3.67,4.73,5.22,3.52,BI,anti,A,4.36,4.64,2.94,3.50,3.10,3.55,3.79,4.01,0.03,5.74,0.80,5.49,0.49,47.88,0.28,C3'-endo
42,43,0.88,C,C,C,0,1,0,0,0,),6,1,cWW,cW-W,5.40,2.74,0.89,1.54,3.69,4.91,5.07,3.72,BI,anti,A,3.95,4.48,3.02,4.31,3.24,4.00,3.85,4.35,0.20,5.74,0.67,5.72,0.23,38.12,0.02,C3'-endo
43,44,0.90,A,A,A,1,0,0,0,0,),5,1,cWW,cW-W,2.17,3.53,3.43,1.56,3.82,5.01,5.09,3.26,BI,anti,A,4.68,4.70,2.81,3.28,3.06,3.46,3.87,4.11,0.22,5.69,0.73,5.68,0.25,41.59,0.02,C3'-endo
44,45,0.92,C,C,C,0,1,0,0,0,),4,1,cWW,cW-W,5.04,2.90,1.16,1.42,3.79,4.92,5.16,3.50,BI,anti,A,4.30,4.57,2.93,3.76,3.29,3.73,4.13,4.09,0.03,5.81,0.72,5.58,0.43,42.67,0.27,C3'-endo
45,46,0.94,U,U,U,0,0,0,1,0,),3,1,cWW,cW-W,4.81,2.89,1.36,1.42,3.82,5.60,4.50,3.45,BI,anti,.,4.41,4.61,2.90,4.10,3.13,3.78,3.74,3.88,0.02,5.81,0.72,5.57,0.44,42.85,0.29,C3'-endo
46,47,0.96,C,C,C,0,1,0,0,0,),2,1,cWW,cW-W,3.92,1.86,2.64,1.43,4.02,4.20,6.10,3.06,..,anti,A,4.75,4.77,2.91,2.94,3.03,3.22,3.48,3.55,0.21,5.63,0.83,5.57,0.32,47.81,0.07,C3'-endo
47,48,0.98,C,C,C,0,1,0,0,0,.,1,1,cWW,cW-W,0.15,2.15,0.62,1.37,4.18,5.53,4.94,3.62,..,anti,.,3.72,4.39,3.35,4.40,3.49,4.27,3.73,4.51,6.06,6.04,0.58,5.56,0.60,41.21,0.62,C3'-endo
48,49,1.00,C,C,C,0,1,0,0,0,),1,1,cWW,cW-W,4.39,1.78,2.95,2.16,,,,3.60,n/a,anti,-,,,,,,,,,5.67,0.63,5.86,0.08,0.33,36.92,2.29,C1'-exo
