index_chain,old_nt_resnum,nt_position,nt_name,nt_code,nt_align_code,is_A,is_C,is_G,is_U,is_other,dbn,paired,nb_interact,pair_type_LW,pair_type_DSSR,alpha,beta,gamma,delta,epsilon,zeta,epsilon_zeta,chi,bb_type,glyco_bond,form,ssZp,Dp,eta,theta,eta_prime,theta_prime,eta_base,theta_base,v0,v1,v2,v3,v4,amplitude,phase_angle,puckering
1,41,0.02,A,A,A,1,0,0,0,0,.,63,1,tHS,tM-m,,2.96,0.93,1.55,4.31,5.01,5.58,3.16,..,anti,.,4.54,4.70,,4.36,,4.49,,4.99,0.24,5.73,0.64,5.77,0.18,36.68,6.23,C2'-exo
2,42,0.03,G,G,G,0,0,1,0,0,(,62,1,cWW,cW-W,5.34,2.64,1.21,1.40,3.64,5.18,4.75,3.34,BI,anti,A,4.72,4.64,2.95,3.87,3.55,3.78,4.58,4.20,0.12,5.77,0.69,5.65,0.33,39.99,0.16,C3'-endo
3,43,0.05,A,A,A,1,0,0,0,0,(,61,1,cWW,cW-W,4.89,3.05,1.16,1.35,3.38,5.01,4.65,3.32,BI,anti,.,4.56,4.56,2.89,3.43,3.19,3.41,4.02,3.62,0.08,5.77,0.73,5.59,0.39,42.59,0.21,C3'-endo
4,44,0.06,A,A,A,1,0,0,0,0,(,60,1,cWW,cW-W,4.98,3.04,1.21,1.42,3.98,5.12,5.15,3.33,BI,anti,.,4.58,4.73,3.17,4.02,3.26,4.04,3.59,4.77,0.15,5.74,0.70,5.66,0.31,40.45,0.11,C3'-endo
5,45,0.08,C,C,C,0,1,0,0,0,(,18,1,cWW,cW-W,5.02,2.88,1.11,1.35,3.24,4.95,4.57,3.45,BI,anti,A,4.53,4.49,2.74,3.82,3.20,3.67,4.36,4.28,0.08,5.77,0.72,5.61,0.38,41.92,0.21,C3'-endo
6,46,0.10,G,G,G,0,0,1,0,0,(,"16,17,21",3,"cWW,cWW,tSW","cW-W,cW-W,tm+W",2.72,3.44,3.01,1.71,4.12,4.73,5.68,3.13,..,anti,A,4.65,4.78,3.02,3.73,3.28,3.81,4.28,4.32,0.48,5.59,0.64,5.91,6.22,40.01,5.87,C2'-exo
7,47,0.11,C,C,C,0,1,0,0,0,(,16,1,cWW,cW-W,5.59,2.64,0.92,1.42,4.29,4.86,5.71,3.68,..,anti,.,3.70,4.57,3.19,4.18,3.52,4.29,4.22,4.61,0.03,5.86,0.63,5.66,0.37,37.45,0.27,C3'-endo
8,48,0.13,A,A,A,1,0,0,0,0,.,22,1,cWW,cW-W,5.33,2.90,1.19,1.91,4.41,4.64,6.05,4.58,..,anti,.,1.17,2.30,3.46,4.87,3.81,4.02,4.18,3.30,5.73,0.48,6.05,6.21,0.39,30.82,2.02,C1'-exo
9,49,0.14,G,G,G,0,0,1,0,0,.,37,1,c.H,c.-M,1.89,3.44,1.40,1.50,3.37,5.51,4.15,3.95,BI,anti,.,3.34,4.45,0.07,4.09,0.84,3.99,1.07,4.18,0.17,5.78,0.61,5.76,0.23,35.20,0.04,C3'-endo
10,50,0.16,C,C,C,0,1,0,0,0,.,35,1,tWH,tW-M,4.63,3.26,1.04,1.47,4.38,4.10,0.28,3.54,..,anti,.,3.80,3.91,3.05,3.91,3.30,4.21,3.70,4.99,5.99,6.21,0.38,5.73,0.53,32.76,0.84,C4'-exo
11,51,0.17,G,G,G,0,0,1,0,0,.,"12,13",2,"cSH,cSH","cm+M,cm+M",6.14,2.00,0.70,2.20,4.77,3.05,1.72,4.23,BII,anti,.,0.60,1.16,3.27,2.68,3.82,2.36,4.58,2.46,5.74,0.66,5.76,0.22,0.20,37.20,2.51,C1'-exo
12,52,0.19,A,A,A,1,0,0,0,0,.,11,1,cHS,cM+m,3.47,2.31,1.07,1.50,4.13,5.10,5.31,3.14,..,anti,A,4.44,4.64,2.30,4.24,2.19,4.10,2.42,4.78,0.15,5.79,0.62,5.74,0.25,35.79,0.08,C3'-endo
13,53,0.21,A,A,A,1,0,0,0,0,.,11,1,cHS,cM+m,4.92,2.91,0.96,1.38,3.56,5.06,4.79,3.43,BI,anti,A,4.56,4.66,2.56,3.61,2.96,3.61,4.18,3.96,0.14,5.73,0.73,5.62,0.33,42.13,0.13,C3'-endo
14,54,0.22,A,A,A,1,0,0,0,0,.,22,1,cWH,cW+M,4.99,2.92,1.15,1.42,3.58,5.23,4.63,3.44,BI,anti,.,4.51,4.67,2.92,3.86,3.19,3.90,3.83,3.80,0.19,5.69,0.73,5.65,0.28,42.08,0.06,C3'-endo
15,55,0.24,U,U,U,0,0,0,1,0,.,,0,,,5.00,3.20,1.31,2.26,0.79,1.47,5.60,4.54,..,anti,.,1.73,1.86,3.27,4.23,4.18,3.33,4.05,4.58,5.76,0.72,5.65,0.35,0.10,40.73,2.67,C2'-endo
16,56,0.25,G,G,G,0,0,1,0,0,),"6,7",2,"cWW,cWW","cW-W,cW-W",2.91,2.90,1.27,1.25,3.46,5.21,4.54,3.49,BI,anti,A,4.30,4.54,2.16,3.55,2.42,3.54,3.95,4.19,6.20,5.88,0.70,5.53,0.53,43.72,0.42,C3'-endo
17,57,0.27,C,C,C,0,1,0,0,0,),6,1,cWW,cW-W,4.88,2.97,1.20,1.29,3.14,4.77,4.66,3.40,BI,anti,A,4.45,4.44,2.84,3.59,3.17,3.62,4.16,4.14,0.12,5.73,0.75,5.59,0.37,43.63,0.17,C3'-endo
18,58,0.29,G,G,G,0,0,1,0,0,),"5,19",2,"cWW,cSW","cW-W,cm-W",2.86,3.74,3.19,2.72,4.28,3.20,1.08,3.62,BII,anti,.,1.15,1.36,3.87,2.96,4.11,3.02,4.64,3.24,6.17,0.51,5.59,0.64,5.95,40.38,3.30,C3'-exo
19,59,0.30,A,A,A,1,0,0,0,0,.,18,1,cWS,cW-m,0.68,2.81,5.16,2.67,4.38,1.33,3.05,1.00,..,syn,.,-0.97,1.23,3.50,1.48,3.37,0.72,3.42,6.09,6.04,0.59,5.59,0.57,6.07,39.73,3.12,C2'-endo
20,60,0.32,U,U,U,0,0,0,1,0,.,,0,,,1.36,3.01,1.39,2.56,4.40,4.87,5.81,4.49,..,anti,.,0.51,1.21,0.44,5.07,0.94,4.78,1.46,5.40,6.09,0.53,5.64,0.54,6.06,36.80,3.17,C3'-exo
21,61,0.33,A,A,A,1,0,0,0,0,.,6,1,tWS,tW+m,5.20,2.81,1.17,1.38,3.18,3.83,5.63,3.65,..,anti,.,4.28,4.49,2.90,2.16,3.74,2.44,4.31,3.47,0.15,5.74,0.71,5.65,0.32,40.87,0.12,C3'-endo
22,62,0.35,C,C,C,0,1,0,0,0,.,"8,14",2,"cWW,cHW","cW-W,cM+W",4.43,2.99,2.95,2.64,4.29,0.71,3.58,0.59,..,syn,.,-2.22,1.57,5.11,0.45,4.56,0.48,3.51,0.87,6.09,0.55,5.60,0.58,6.04,39.15,3.18,C3'-exo
23,63,0.37,G,G,G,0,0,1,0,0,.,"57,58",2,"cWW,cWW","cW-W,cW-W",2.21,3.47,3.08,1.74,5.61,5.40,0.20,3.34,..,anti,.,3.82,4.23,3.52,4.94,3.67,4.73,4.21,4.92,0.37,5.72,0.55,5.94,6.28,33.15,5.94,C2'-exo
24,64,0.38,U,U,U,0,0,0,1,0,(,56,1,cWW,cW-W,4.61,1.28,2.79,1.31,3.73,5.05,4.96,3.50,BI,anti,.,3.85,4.17,2.82,2.59,3.16,2.91,3.67,3.38,5.97,6.12,0.53,5.56,0.65,41.72,0.75,C4'-exo
25,65,0.40,A,A,A,1,0,0,0,0,.,,0,,,4.95,3.00,0.92,1.15,1.60,1.18,0.42,3.46,..,anti,.,3.02,3.31,3.13,3.87,3.32,3.88,3.84,4.55,6.17,5.93,0.65,5.55,0.53,41.98,0.47,C3'-endo
26,66,0.41,A,A,A,1,0,0,0,0,(,53,1,cWW,cW-W,3.72,2.98,1.11,1.35,3.37,5.15,4.50,3.58,BI,anti,.,4.14,4.41,2.62,4.09,3.07,3.82,3.99,4.19,6.23,5.90,0.64,5.60,0.47,39.62,0.40,C3'-endo
27,67,0.43,U,U,U,0,0,0,1,0,(,52,1,cWW,cW-W,2.55,3.25,3.04,1.39,3.14,0.50,2.65,3.40,..,anti,.,4.62,4.50,2.68,4.49,2.98,4.49,3.74,5.26,0.18,5.70,0.75,5.62,0.31,43.29,0.09,C3'-endo
28,68,0.44,G,G,G,0,0,1,0,0,.,49,1,tSH,tm-M,3.42,2.79,2.09,1.43,3.92,4.68,5.53,3.75,BI,anti,.,3.94,4.74,2.73,3.29,3.52,3.32,4.89,3.50,0.18,5.74,0.68,5.70,0.26,39.02,0.06,C3'-endo
29,69,0.46,U,U,U,0,0,0,1,0,.,,0,,,5.01,2.89,1.03,1.32,1.81,1.03,0.79,3.38,..,anti,.,3.50,3.80,3.15,4.07,3.34,4.02,3.60,4.56,0.15,5.75,0.69,5.67,0.30,39.49,0.11,C3'-endo
30,70,0.48,G,G,G,0,0,1,0,0,.,,0,,,3.98,2.79,1.52,1.36,3.12,3.95,5.45,3.78,..,anti,.,3.91,4.40,3.10,2.56,3.66,2.59,4.52,2.14,0.13,5.77,0.67,5.67,0.31,38.54,0.14,C3'-endo
31,71,0.49,A,A,A,1,0,0,0,0,.,,0,,,6.10,2.37,0.72,2.37,4.77,1.50,3.27,4.55,..,anti,.,1.05,1.12,3.54,2.83,3.64,2.48,3.03,3.07,5.72,0.73,5.67,0.31,0.15,41.15,2.61,C2'-endo
32,72,0.51,A,A,A,1,0,0,0,0,(,"41,47",2,"cWW,tSW","cW-W,tm+W",1.51,4.52,3.16,1.33,3.36,4.60,5.04,3.39,BI,anti,A,4.55,4.53,3.51,3.35,3.69,3.17,4.39,3.36,0.13,5.73,0.76,5.59,0.36,44.03,0.16,C3'-endo
33,73,0.52,U,U,U,0,0,0,1,0,(,40,1,cWW,cW-W,3.08,3.53,2.77,1.62,4.12,4.87,5.54,3.35,..,anti,.,4.61,4.73,3.07,3.74,3.14,3.70,3.47,3.66,0.38,5.67,0.61,5.88,0.02,36.75,5.99,C2'-exo
34,74,0.54,U,U,U,0,0,0,1,0,(,39,1,cWW,cW-W,5.17,3.08,0.81,1.29,3.25,1.15,2.10,3.72,..,anti,.,3.85,4.43,2.87,6.16,3.08,5.58,3.27,3.79,6.27,5.84,0.70,5.56,0.47,42.44,0.35,C3'-endo
35,75,0.56,G,G,G,0,0,1,0,0,.,10,1,tHW,tM-W,0.57,2.57,0.78,1.74,4.25,5.01,5.52,2.65,..,anti,.,3.76,4.50,4.81,4.54,5.81,4.48,1.11,4.87,0.34,5.77,0.50,5.97,6.27,30.56,5.94,C2'-exo
36,76,0.57,C,C,C,0,1,0,0,0,.,37,1,cWH,cW+M,5.10,2.98,0.83,1.48,3.62,5.01,4.90,3.32,BI,anti,.,4.76,4.66,2.70,3.71,3.17,3.66,4.19,3.05,0.28,5.67,0.70,5.73,0.18,40.24,6.21,C2'-exo
37,77,0.59,A,A,A,1,0,0,0,0,.,"9,36",2,"cH.,cHW","cM-.,cM+W",4.79,3.15,1.03,1.46,4.24,5.04,5.48,3.79,..,anti,.,3.29,4.71,2.95,4.24,3.02,4.42,2.60,5.08,0.11,5.77,0.68,5.65,0.33,39.73,0.16,C3'-endo
38,78,0.60,G,G,G,0,0,1,0,0,.,,0,,,5.35,2.61,1.25,1.52,3.26,5.12,4.43,3.34,BI,anti,.,3.81,4.23,2.98,4.21,3.68,3.93,4.68,4.71,0.11,5.86,0.55,5.79,0.25,31.65,0.13,C3'-endo
39,79,0.62,A,A,A,1,0,0,0,0,),34,1,cWW,cW-W,2.91,3.61,2.49,1.45,3.62,5.28,4.62,3.35,BI,anti,.,4.32,4.59,2.54,4.34,3.04,3.96,4.37,3.80,0.24,5.69,0.71,5.70,0.22,40.47,6.26,C2'-exo
40,80,0.63,A,A,A,1,0,0,0,0,),33,1,cWW,cW-W,2.61,3.20,3.40,1.27,3.41,5.12,4.57,3.47,BI,anti,A,4.53,4.55,2.98,2.78,3.21,3.00,3.42,3.67,6.25,5.83,0.72,5.52,0.50,44.34,0.36,C3'-endo
41,81,0.65,U,U,U,0,0,0,1,0,),32,1,cWW,cW-W,4.96,3.00,1.17,1.35,3.88,4.92,5.24,3.41,BI,anti,.,4.57,4.73,3.03,4.20,3.22,3.97,3.99,4.13,0.13,5.73,0.75,5.60,0.35,43.51,0.15,C3'-endo
42,82,0.67,U,U,U,0,0,0,1,0,.,,0,,,1.67,3.57,4.17,1.48,4.18,4.85,5.61,3.47,..,anti,.,4.18,4.76,3.06,3.57,3.18,3.51,3.65,4.59,0.21,5.72,0.69,5.71,0.23,39.29,0.01,C3'-endo
43,83,0.68,C,C,C,0,1,0,0,0,.,,0,,,1.65,3.81,3.97,1.31,3.34,4.11,5.51,0.78,BI,syn,.,-3.57,4.33,3.00,1.81,3.11,2.13,4.55,3.38,6.16,5.96,0.61,5.58,0.53,40.04,0.50,C3'-endo
44,84,0.70,C,C,C,0,1,0,0,0,.,,0,,,3.16,3.01,5.11,2.81,4.28,5.07,5.49,4.76,..,anti,.,0.79,0.99,5.69,5.79,5.43,4.28,3.70,3.62,6.13,0.56,5.55,0.66,5.96,42.58,3.26,C3'-exo
45,85,0.71,G,G,G,0,0,1,0,0,.,,0,,,2.39,1.37,2.79,2.60,3.34,2.47,0.86,4.84,..,anti,.,2.23,2.12,1.38,0.13,2.35,3.17,2.69,3.29,5.96,0.69,5.52,0.59,6.10,44.18,3.04,C2'-endo
46,86,0.73,U,U,U,0,0,0,1,0,.,,0,,,3.80,4.67,2.57,2.70,3.85,0.92,2.93,5.07,..,anti,.,1.36,1.65,4.32,1.74,3.22,6.27,3.40,0.63,6.05,0.63,5.52,0.64,6.02,44.00,3.16,C3'-exo
47,87,0.75,G,G,G,0,0,1,0,0,.,32,1,tWS,tW+m,2.45,2.65,2.68,1.35,3.10,0.58,2.52,2.85,..,anti,.,3.98,4.42,2.34,4.56,2.81,4.43,2.92,5.48,0.13,5.74,0.73,5.62,0.34,42.28,0.15,C3'-endo
48,88,0.76,A,A,A,1,0,0,0,0,.,,0,,,3.35,3.23,1.12,1.33,3.28,4.74,4.82,3.08,BI,anti,.,4.66,4.60,1.84,3.03,2.68,3.07,4.51,3.00,0.22,5.64,0.79,5.61,0.29,45.23,0.05,C3'-endo
49,89,0.78,A,A,A,1,0,0,0,0,.,28,1,tHS,tM-m,5.18,3.01,1.28,1.36,0.54,2.73,4.09,3.26,..,anti,.,3.13,3.35,4.00,4.00,3.87,4.07,3.46,3.90,0.12,5.79,0.67,5.68,0.31,38.51,0.14,C3'-endo
50,90,0.79,U,U,U,0,0,0,1,0,.,,0,,,4.64,1.29,2.94,1.10,1.97,0.96,1.01,3.35,..,anti,.,4.39,4.24,4.95,2.22,4.81,2.06,4.81,1.47,0.12,5.67,0.86,5.49,0.43,49.87,0.18,C3'-endo
51,91,0.81,C,C,C,0,1,0,0,0,.,,0,,,4.45,4.51,3.39,2.55,4.54,0.11,4.43,3.67,..,anti,.,1.47,1.46,1.56,5.12,1.50,4.73,1.01,4.82,6.16,0.44,5.71,0.51,6.04,33.02,3.25,C3'-exo
52,92,0.83,A,A,A,1,0,0,0,0,),27,1,cWW,cW-W,3.67,1.75,1.88,1.16,3.41,4.97,4.73,3.35,BI,anti,A,4.50,4.45,1.27,3.09,2.24,3.03,2.79,3.42,6.11,5.95,0.69,5.48,0.62,45.80,0.54,C3'-endo
53,93,0.84,U,U,U,0,0,0,1,0,),26,1,cWW,cW-W,4.97,3.01,1.27,1.54,5.55,4.84,0.71,3.57,..,anti,.,3.09,3.71,3.67,5.21,3.66,5.07,4.01,5.36,6.26,5.95,0.53,5.73,0.36,32.60,0.35,C3'-endo
54,94,0.86,C,C,C,0,1,0,0,0,.,,0,,,5.50,4.23,0.98,2.42,4.36,0.90,3.47,3.74,..,anti,.,1.53,1.55,4.05,0.96,4.72,0.69,4.64,0.83,5.98,0.56,5.69,0.43,6.19,34.66,2.96,C2'-endo
55,95,0.87,G,G,G,0,0,1,0,0,.,,0,,,4.37,3.65,0.14,1.33,3.52,5.07,4.73,3.75,BI,anti,.,4.00,4.58,2.12,3.20,2.44,3.41,2.74,3.84,0.02,5.81,0.70,5.58,0.43,42.08,0.29,C3'-endo
56,96,0.89,A,A,A,1,0,0,0,0,),24,1,cWW,cW-W,4.90,3.13,1.19,1.26,1.29,1.43,6.14,3.30,..,anti,.,3.11,3.29,3.50,3.74,3.63,3.57,3.94,3.68,0.01,5.86,0.65,5.63,0.41,39.16,0.31,C3'-endo
57,97,0.90,A,A,A,1,0,0,0,0,.,23,1,cWW,cW-W,3.08,2.83,1.40,1.37,3.32,5.10,4.50,3.66,BI,anti,.,4.30,4.54,2.29,4.00,2.67,3.88,3.06,4.73,0.13,5.76,0.68,5.66,0.32,39.58,0.14,C3'-endo
58,98,0.92,U,U,U,0,0,0,1,0,.,23,1,cWW,cW-W,3.04,3.60,2.47,1.61,4.48,4.87,5.89,3.42,..,anti,.,4.35,4.76,2.90,4.24,3.26,4.30,4.44,5.19,0.34,5.68,0.63,5.84,0.08,37.13,6.07,C2'-exo
59,99,0.94,C,C,C,0,1,0,0,0,.,,0,,,5.35,2.54,1.07,1.47,3.52,3.15,0.37,3.83,..,anti,.,3.61,4.31,2.77,1.80,3.38,1.88,4.64,2.28,0.02,5.91,0.56,5.72,0.34,33.29,0.29,C3'-endo
60,100,0.95,U,U,U,0,0,0,1,0,),4,1,cWW,cW-W,4.99,2.87,0.86,1.51,4.00,5.16,5.12,3.30,BI,anti,.,4.53,4.62,3.22,4.18,3.07,4.19,2.78,4.94,0.16,5.78,0.64,5.73,0.25,36.61,0.07,C3'-endo
61,101,0.97,U,U,U,0,0,0,1,0,),3,1,cWW,cW-W,5.00,3.02,0.93,1.42,3.62,5.18,4.72,3.40,BI,anti,A,4.49,4.58,2.72,3.83,3.13,3.80,4.30,4.31,0.10,5.79,0.67,5.66,0.33,39.11,0.18,C3'-endo
62,102,0.98,U,U,U,0,0,0,1,0,),2,1,cWW,cW-W,4.85,2.99,1.14,1.37,3.53,5.28,4.54,3.45,BI,anti,A,4.51,4.60,2.82,3.83,3.11,3.80,3.94,4.40,0.09,5.77,0.72,5.61,0.38,41.92,0.20,C3'-endo
63,103,1.00,G,G,G,0,0,1,0,0,.,1,1,tSH,tm-M,4.86,3.24,1.03,1.35,,,,3.69,..,anti,-,,,,,,,,,0.03,5.82,0.69,5.60,0.41,41.02,0.27,C3'-endo
