index_chain,old_nt_resnum,nt_position,nt_name,nt_code,nt_align_code,is_A,is_C,is_G,is_U,is_other,dbn,paired,nb_interact,pair_type_LW,pair_type_DSSR,alpha,beta,gamma,delta,epsilon,zeta,epsilon_zeta,chi,bb_type,glyco_bond,form,ssZp,Dp,eta,theta,eta_prime,theta_prime,eta_base,theta_base,v0,v1,v2,v3,v4,amplitude,phase_angle,puckering
1,528,0.03,U,U,U,0,0,0,1,0,.,5,1,tWH,tW-M,,3.05,1.08,1.36,3.58,5.34,4.52,3.42,BI,anti,.,4.52,4.61,,3.90,,3.91,,4.69,0.04,5.80,0.71,5.59,0.41,42.18,0.26,C3'-endo
2,529,0.06,G,G,G,0,0,1,0,0,.,6,1,tSH,tm-M,4.85,3.16,1.09,1.35,3.63,5.29,4.63,3.66,BI,anti,.,4.29,4.61,2.89,4.17,3.21,3.42,4.29,2.47,0.06,5.81,0.68,5.62,0.39,40.40,0.24,C3'-endo
3,530,0.09,A,A,A,1,0,0,0,0,.,26,1,tHH,tM+M,2.86,2.59,1.11,1.41,3.89,5.05,5.13,3.43,BI,anti,.,4.28,4.60,0.51,3.95,0.92,3.95,0.49,4.80,0.03,5.85,0.64,5.65,0.38,38.20,0.27,C3'-endo
4,531,0.12,A,A,A,1,0,0,0,0,.,27,1,cHH,cM+M,5.10,2.96,0.95,1.53,4.11,5.22,5.17,3.64,..,anti,.,3.80,4.55,2.97,4.37,3.29,4.33,4.39,4.52,0.10,5.87,0.56,5.77,0.26,32.24,0.15,C3'-endo
5,532,0.15,A,A,A,1,0,0,0,0,.,"1,28",2,"tHW,tWW","tM-W,tW+W",3.71,2.57,3.16,2.35,1.84,5.43,2.69,4.25,..,anti,Z,1.16,1.66,4.51,1.82,4.44,1.77,4.50,0.95,6.01,0.56,5.67,0.47,6.15,35.69,3.01,C2'-endo
6,533,0.18,A,A,A,1,0,0,0,0,.,"2,30",2,"tHS,tWW","tM-m,tW+W",5.02,3.61,5.81,1.49,3.30,1.91,1.39,3.16,..,anti,.,4.59,4.54,2.19,5.55,1.76,5.13,1.15,5.07,0.29,5.67,0.68,5.76,0.15,39.18,6.17,C2'-exo
7,534,0.21,G,G,G,0,0,1,0,0,(,34,1,cWW,cW-W,4.86,4.58,4.66,2.50,4.29,1.83,2.46,4.91,..,anti,.,1.91,1.57,2.58,0.48,3.12,0.93,3.60,1.54,5.80,0.73,5.61,0.41,0.03,41.71,2.76,C2'-endo
8,535,0.24,A,A,A,1,0,0,0,0,.,,0,,,4.55,3.11,1.01,1.44,3.43,3.24,0.19,3.76,..,anti,.,3.99,4.48,3.18,1.95,3.21,2.05,3.32,2.47,0.10,5.80,0.66,5.67,0.32,38.19,0.17,C3'-endo
9,536,0.26,A,A,A,1,0,0,0,0,.,22,1,tHS,tM-m,5.42,2.21,1.08,1.45,4.13,5.22,5.20,3.20,..,anti,.,4.83,4.70,3.25,4.45,3.21,4.37,2.98,5.26,0.12,5.78,0.68,5.66,0.32,39.26,0.15,C3'-endo
10,537,0.29,C,C,C,0,1,0,0,0,(,21,1,cWW,cW-W,5.07,2.91,0.96,1.45,3.68,5.12,4.84,3.40,BI,anti,A,4.46,4.60,2.68,3.87,3.22,3.85,4.70,4.31,0.15,5.76,0.67,5.68,0.29,38.88,0.11,C3'-endo
11,538,0.32,U,U,U,0,0,0,1,0,(,20,1,cWW,cW-W,4.93,3.08,1.03,1.40,3.60,5.06,4.82,3.51,BI,anti,A,4.39,4.58,2.86,3.69,3.13,3.68,3.90,4.06,0.09,5.80,0.67,5.65,0.35,39.40,0.20,C3'-endo
12,539,0.35,U,U,U,0,0,0,1,0,.,19,1,cWW,cW-W,4.91,3.02,1.09,1.41,3.58,5.20,4.67,3.53,BI,anti,A,4.33,4.58,2.87,3.84,3.10,3.82,3.72,4.38,0.08,5.80,0.67,5.65,0.36,39.36,0.21,C3'-endo
13,540,0.38,U,U,U,0,0,0,1,0,(,18,1,cWW,cW-W,4.85,3.08,1.10,1.41,3.58,5.20,4.66,3.46,BI,anti,A,4.52,4.56,2.86,3.83,3.15,3.81,4.02,4.46,0.06,5.82,0.65,5.66,0.36,38.48,0.23,C3'-endo
14,541,0.41,G,G,G,0,0,1,0,0,.,17,1,tSH,tm-M,4.82,3.12,1.04,1.37,3.82,5.36,4.75,3.46,BI,anti,.,4.59,4.71,2.81,4.42,3.06,3.58,4.03,2.77,0.13,5.73,0.74,5.61,0.34,42.80,0.15,C3'-endo
15,542,0.44,A,A,A,1,0,0,0,0,.,,0,,,2.77,2.24,1.03,1.43,4.43,4.56,6.15,3.49,..,anti,.,3.97,4.54,0.15,4.01,0.72,4.04,0.37,5.00,6.28,5.88,0.62,5.65,0.41,37.64,0.33,C3'-endo
16,543,0.47,A,A,A,1,0,0,0,0,.,,0,,,5.33,2.27,1.11,1.50,3.83,5.18,4.93,3.75,BI,anti,.,3.83,4.57,2.76,4.14,3.24,3.94,4.50,4.56,0.11,5.84,0.60,5.74,0.28,34.64,0.15,C3'-endo
17,544,0.50,A,A,A,1,0,0,0,0,.,14,1,tHS,tM-m,4.81,2.84,1.11,1.39,4.19,5.26,5.21,3.54,..,anti,.,4.30,4.80,2.73,4.35,3.06,4.49,4.09,5.15,0.18,5.70,0.75,5.63,0.31,42.98,0.09,C3'-endo
18,545,0.53,A,A,A,1,0,0,0,0,),13,1,cWW,cW-W,5.30,2.64,1.29,1.38,3.53,5.17,4.65,3.45,BI,anti,A,4.56,4.61,2.95,3.76,3.66,3.66,4.87,4.00,0.13,5.75,0.70,5.65,0.32,40.40,0.14,C3'-endo
19,546,0.56,G,G,G,0,0,1,0,0,.,12,1,cWW,cW-W,4.90,3.05,1.15,1.39,3.55,5.09,4.74,3.40,BI,anti,A,4.61,4.60,2.95,3.68,3.20,3.67,3.88,4.17,0.08,5.80,0.67,5.65,0.36,39.35,0.20,C3'-endo
20,547,0.59,A,A,A,1,0,0,0,0,),11,1,cWW,cW-W,4.96,3.05,1.06,1.41,4.26,4.82,5.73,3.36,..,anti,A,4.50,4.78,3.06,3.91,3.23,3.94,3.93,4.52,0.16,5.73,0.72,5.64,0.31,41.37,0.11,C3'-endo
21,548,0.62,G,G,G,0,0,1,0,0,),10,1,cWW,cW-W,5.06,2.54,1.22,1.38,3.66,5.33,4.61,3.36,BI,anti,.,4.81,4.67,2.70,4.02,3.08,3.96,4.02,4.70,0.10,5.76,0.72,5.61,0.37,41.73,0.19,C3'-endo
22,549,0.65,A,A,A,1,0,0,0,0,.,9,1,tSH,tm-M,4.81,3.08,1.19,1.41,3.42,5.16,4.55,3.27,BI,anti,.,4.68,4.61,2.85,3.68,3.29,3.68,4.55,4.05,0.20,5.69,0.74,5.65,0.28,42.29,0.05,C3'-endo
23,550,0.68,G,G,G,0,0,1,0,0,.,31,1,cWH,cW-M,4.90,3.12,1.23,1.45,3.68,5.31,4.65,3.16,BI,anti,A,4.71,4.67,3.11,4.08,3.35,4.07,4.00,4.51,0.20,5.71,0.70,5.69,0.25,40.11,0.03,C3'-endo
24,551,0.71,U,U,U,0,0,0,1,0,.,28,1,tWH,tW-M,4.77,3.37,1.08,1.39,3.64,5.23,4.69,3.60,BI,anti,.,4.12,4.51,2.94,3.88,3.24,3.91,4.00,4.78,6.27,5.89,0.63,5.63,0.42,38.26,0.34,C3'-endo
25,552,0.74,G,G,G,0,0,1,0,0,.,30,1,tSH,tm-M,4.81,3.06,1.05,1.41,3.57,5.31,4.54,3.70,BI,anti,.,4.31,4.62,2.74,4.21,3.09,3.41,4.24,2.37,0.13,5.76,0.69,5.65,0.32,40.09,0.14,C3'-endo
26,553,0.76,A,A,A,1,0,0,0,0,.,3,1,tHH,tM+M,2.84,2.61,1.11,1.44,4.01,4.85,5.45,3.39,BI,anti,.,4.31,4.64,0.56,3.86,0.93,3.85,0.47,4.57,0.09,5.82,0.64,5.68,0.33,37.58,0.19,C3'-endo
27,554,0.79,A,A,A,1,0,0,0,0,.,4,1,cHH,cM+M,5.15,2.73,1.04,1.52,4.36,4.55,6.10,3.57,..,anti,.,3.89,4.58,3.04,4.43,3.31,4.39,4.25,4.45,0.11,5.83,0.60,5.74,0.27,34.47,0.14,C3'-endo
28,555,0.82,A,A,A,1,0,0,0,0,.,"5,24",2,"tWW,tHW","tW+W,tM-W",1.31,3.17,5.06,2.72,4.51,2.90,1.62,4.83,BII,anti,.,0.61,1.12,3.62,2.13,3.94,1.97,4.04,1.99,6.18,0.48,5.63,0.62,5.96,38.25,3.32,C3'-exo
29,556,0.85,A,A,A,1,0,0,0,0,.,,0,,,5.49,4.08,1.46,1.43,4.15,2.51,1.63,3.99,BII,anti,.,2.96,4.72,5.68,1.65,5.50,1.24,5.62,6.11,0.13,5.78,0.66,5.69,0.29,37.92,0.12,C3'-endo
30,557,0.88,A,A,A,1,0,0,0,0,.,"6,25",2,"tWW,tHS","tW+W,tM-m",5.26,3.12,2.92,1.37,4.50,3.97,0.53,3.21,..,anti,.,4.73,4.77,6.06,3.31,6.17,3.70,1.31,3.97,0.10,5.75,0.74,5.59,0.37,43.13,0.19,C3'-endo
31,558,0.91,G,G,G,0,0,1,0,0,.,23,1,cHW,cM-W,0.73,2.73,6.19,2.73,4.44,1.97,2.47,4.99,..,anti,.,0.60,0.95,3.76,2.12,3.98,1.97,3.96,2.47,6.07,0.61,5.54,0.63,6.02,42.84,3.17,C3'-exo
32,559,0.94,U,U,U,0,0,0,1,0,.,,0,,,4.57,2.85,0.99,2.38,4.39,2.43,1.96,3.73,BII,anti,.,2.13,1.70,3.32,1.81,3.45,1.75,3.70,3.71,5.93,0.57,5.72,0.38,6.26,33.94,2.85,C2'-endo
33,560,0.97,A,A,A,1,0,0,0,0,.,,0,,,4.69,4.43,1.37,1.27,0.69,4.67,2.30,3.78,..,anti,.,2.86,3.18,5.41,1.28,5.17,0.71,3.24,0.46,6.25,5.91,0.62,5.63,0.43,38.19,0.37,C3'-endo
34,561,1.00,C,C,C,0,1,0,0,0,),7,1,cWW,cW-W,2.50,2.83,2.80,1.37,,,,3.64,..,anti,-,,,,,,,,,0.07,5.79,0.70,5.61,0.38,41.20,0.23,C3'-endo
