index_chain,old_nt_resnum,nt_position,nt_name,nt_code,nt_align_code,is_A,is_C,is_G,is_U,is_other,dbn,paired,nb_interact,pair_type_LW,pair_type_DSSR,alpha,beta,gamma,delta,epsilon,zeta,epsilon_zeta,chi,bb_type,glyco_bond,form,ssZp,Dp,eta,theta,eta_prime,theta_prime,eta_base,theta_base,v0,v1,v2,v3,v4,amplitude,phase_angle,puckering
37,5,0.06,U,U,U,0,0,0,1,0,(,18,1,cWW,cW-W,,,2.82,1.48,5.12,5.71,5.69,2.13,..,...,.,3.01,4.18,,,,,,,6.26,5.95,0.53,5.72,0.37,32.67,0.36,C3'-endo
38,6,0.11,C,C,C,0,1,0,0,0,(,17,1,cWW,cW-W,3.80,1.96,2.14,1.35,3.83,4.90,5.22,3.44,BI,anti,A,4.50,4.71,1.64,3.28,2.37,3.26,3.70,3.58,0.06,5.81,0.68,5.61,0.38,40.37,0.25,C3'-endo
39,7,0.17,C,C,C,0,1,0,0,0,(,16,1,cWW,cW-W,5.12,3.00,1.02,1.33,3.59,4.98,4.89,3.44,BI,anti,A,4.50,4.64,2.92,3.58,3.10,3.61,3.63,4.05,0.00,5.85,0.68,5.59,0.44,41.09,0.32,C3'-endo
40,8,0.22,C,C,C,0,1,0,0,0,(,15,1,cWW,cW-W,5.49,3.10,0.65,1.45,3.63,5.00,4.92,3.47,BI,anti,A,4.46,4.63,3.06,3.68,3.24,3.74,3.87,4.09,0.11,5.81,0.64,5.68,0.31,37.35,0.16,C3'-endo
41,9,0.28,C,C,C,0,1,0,0,0,(,14,1,cWW,cW-W,5.38,3.13,0.66,1.43,3.49,5.07,4.71,3.56,BI,anti,A,4.38,4.60,2.94,3.60,3.15,3.65,3.72,4.05,0.11,5.80,0.66,5.67,0.32,38.14,0.16,C3'-endo
42,10,0.33,A,A,A,1,0,0,0,0,(,13,1,cWW,cW-W,5.17,3.23,0.83,1.44,3.50,5.45,4.33,3.56,BI,anti,A,4.41,4.63,2.99,4.00,3.16,3.94,3.73,4.27,0.10,5.82,0.64,5.68,0.32,37.06,0.18,C3'-endo
43,11,0.39,C,C,C,0,1,0,0,0,(,12,1,cWW,cW-W,4.02,2.80,2.13,1.37,4.17,4.42,6.03,3.14,..,anti,A,4.78,4.76,2.95,3.63,3.26,3.71,3.95,4.42,0.02,5.86,0.65,5.63,0.40,38.96,0.29,C3'-endo
44,12,0.44,G,G,G,0,0,1,0,0,.,,0,,,6.21,2.36,0.35,1.34,3.71,4.22,5.77,3.49,BI,anti,.,4.45,4.67,2.89,3.55,3.17,3.01,4.12,3.33,6.22,5.91,0.64,5.59,0.48,40.18,0.41,C3'-endo
45,13,0.50,C,C,C,0,1,0,0,0,.,,0,,,1.76,3.04,1.08,2.63,4.41,4.83,5.87,4.11,..,anti,.,0.72,0.88,6.07,5.52,0.22,4.89,5.73,5.03,5.92,0.65,5.61,0.48,6.20,39.41,2.93,C2'-endo
46,14,0.56,G,G,G,0,0,1,0,0,.,,0,,,4.31,4.20,0.61,2.29,0.99,2.56,4.71,4.50,..,anti,.,0.10,0.24,2.25,0.08,3.41,5.61,3.69,0.45,0.01,0.16,6.03,0.26,6.11,15.52,3.49,C3'-exo
47,15,0.61,U,U,U,0,0,0,1,0,.,,0,,,6.00,2.40,0.85,2.53,4.62,0.70,3.92,5.35,..,anti,.,0.62,0.88,3.70,1.03,4.82,0.65,3.78,1.24,5.77,0.74,5.61,0.39,0.08,42.28,2.71,C2'-endo
48,16,0.67,G,G,G,0,0,1,0,0,),7,1,cWW,cW-W,3.27,2.82,3.09,1.42,3.53,5.04,4.77,3.30,BI,anti,A,4.61,4.62,3.46,2.96,3.68,3.14,3.77,3.46,0.11,5.79,0.67,5.66,0.32,39.14,0.16,C3'-endo
49,17,0.72,U,U,U,0,0,0,1,0,),6,1,cWW,cW-W,5.36,3.27,0.65,1.42,3.61,5.06,4.84,3.68,BI,anti,A,4.13,4.63,3.04,3.68,3.18,3.73,3.53,4.19,0.10,5.80,0.66,5.66,0.33,38.70,0.18,C3'-endo
50,18,0.78,G,G,G,0,0,1,0,0,),5,1,cWW,cW-W,5.11,2.91,1.08,1.39,3.72,5.04,4.97,3.30,BI,anti,A,4.70,4.70,2.94,3.76,3.19,3.74,3.90,4.12,0.06,5.81,0.68,5.62,0.38,39.92,0.24,C3'-endo
51,19,0.83,G,G,G,0,0,1,0,0,),4,1,cWW,cW-W,5.05,3.08,0.93,1.33,3.61,4.98,4.91,3.38,BI,anti,A,4.61,4.66,2.81,3.58,3.04,3.63,3.75,4.00,0.07,5.77,0.74,5.57,0.41,43.58,0.23,C3'-endo
52,20,0.89,G,G,G,0,0,1,0,0,),3,1,cWW,cW-W,5.25,3.04,0.98,1.39,3.61,5.14,4.76,3.40,BI,anti,A,4.60,4.66,3.05,3.80,3.25,3.80,3.81,4.18,0.04,5.83,0.67,5.62,0.39,39.63,0.26,C3'-endo
53,21,0.94,DG,G,G,0,0,1,0,0,),2,1,cWW,cW-W,5.24,3.05,1.02,1.37,3.24,5.21,4.31,3.51,BI,anti,A,4.23,4.33,3.09,3.58,3.39,3.70,4.05,4.25,0.02,5.86,0.63,5.64,0.39,37.47,0.29,C3'-endo
54,22,1.00,A,A,A,1,0,0,0,0,),1,1,cWW,cW-W,4.98,3.16,1.37,2.52,,,,3.80,n/a,anti,-,,,,,,,,,5.71,0.82,5.55,0.39,0.13,46.93,2.67,C2'-endo
