index_chain,old_nt_resnum,nt_position,nt_name,nt_code,nt_align_code,is_A,is_C,is_G,is_U,is_other,dbn,paired,nb_interact,pair_type_LW,pair_type_DSSR,alpha,beta,gamma,delta,epsilon,zeta,epsilon_zeta,chi,bb_type,glyco_bond,form,ssZp,Dp,eta,theta,eta_prime,theta_prime,eta_base,theta_base,v0,v1,v2,v3,v4,amplitude,phase_angle,puckering
1,1,0.05,A,A,A,1,0,0,0,0,(,0,1,cWW,cW-W,,2.61,0.51,1.38,3.27,4.90,4.65,3.52,BI,anti,.,4.36,4.49,,4.09,,4.01,,4.19,0.06,5.79,0.72,5.59,0.40,42.25,0.24,C3'-endo
2,2,0.11,G,G,G,0,0,1,0,0,(,0,1,cWW,cW-W,2.88,4.03,2.85,1.11,3.81,4.86,5.23,3.17,BI,anti,A,4.53,4.56,2.91,3.34,3.27,3.35,3.81,4.02,6.10,5.89,0.80,5.36,0.69,52.53,0.52,C3'-endo
3,3,0.16,A,A,A,1,0,0,0,0,(,0,1,cWW,cW-W,5.30,3.19,0.75,1.49,3.65,5.16,4.78,3.62,BI,anti,A,4.30,4.66,2.95,3.86,3.07,3.88,3.90,4.31,0.25,5.70,0.68,5.73,0.20,38.99,6.24,C2'-exo
4,4,0.21,C,C,C,0,1,0,0,0,(,0,1,cWW,cW-W,4.92,2.98,1.21,1.31,3.60,5.10,4.78,3.42,BI,anti,A,4.51,4.64,2.85,3.68,3.17,3.64,3.92,4.03,6.25,5.80,0.78,5.48,0.53,47.37,0.35,C3'-endo
5,5,0.26,A,A,A,1,0,0,0,0,(,0,1,cWW,cW-W,5.03,2.83,1.27,1.23,3.35,5.08,4.56,3.40,BI,anti,A,4.51,4.58,3.02,3.41,3.25,3.41,3.93,3.79,0.06,5.72,0.81,5.48,0.48,48.13,0.26,C3'-endo
6,6,0.32,G,G,G,0,0,1,0,0,(,0,1,cWW,cW-W,5.07,3.13,0.91,1.42,3.63,5.02,4.89,3.38,BI,anti,A,4.59,4.71,2.98,3.72,3.13,3.75,3.71,4.08,0.15,5.70,0.78,5.58,0.35,44.88,0.14,C3'-endo
7,7,0.37,C,C,C,0,1,0,0,0,(,0,1,cWW,cW-W,5.20,2.97,0.86,1.44,3.75,4.89,5.15,3.49,BI,anti,A,4.51,4.81,2.99,3.75,3.20,3.76,3.78,4.15,0.17,5.65,0.82,5.54,0.37,47.28,0.12,C3'-endo
8,8,0.42,A,A,A,1,0,0,0,0,(,0,1,cWW,cW-W,5.30,2.81,0.82,1.32,3.43,5.16,4.56,3.36,BI,anti,A,4.66,4.70,2.91,3.61,3.15,3.64,3.85,4.02,0.05,5.75,0.78,5.51,0.46,46.39,0.26,C3'-endo
9,9,0.47,U,U,U,0,0,0,1,0,(,0,1,cWW,cW-W,4.91,3.35,0.87,1.46,3.66,5.18,4.76,3.49,BI,anti,A,4.48,4.70,2.97,3.89,3.12,3.92,3.70,4.54,0.20,5.66,0.78,5.60,0.31,45.01,0.07,C3'-endo
10,10,0.53,U,U,U,0,0,0,1,0,.,,0,,,5.03,2.96,1.09,1.28,3.30,4.81,4.77,3.31,BI,anti,.,4.68,4.69,2.90,3.18,3.23,3.18,4.21,3.26,0.00,5.78,0.78,5.49,0.51,47.16,0.32,C3'-endo
11,11,0.58,A,A,A,1,0,0,0,0,(,0,1,cWW,cW-W,5.07,3.13,1.13,1.33,3.66,5.04,4.90,3.17,BI,anti,A,4.87,4.82,3.22,3.66,3.19,3.72,3.25,4.04,0.04,5.77,0.76,5.54,0.45,44.96,0.27,C3'-endo
12,12,0.63,U,U,U,0,0,0,1,0,(,0,1,cWW,cW-W,4.99,3.13,1.08,1.34,3.68,4.77,5.20,3.25,BI,anti,A,4.59,4.63,3.03,3.52,3.25,3.55,3.81,3.90,0.00,5.77,0.82,5.46,0.52,49.14,0.32,C3'-endo
13,13,0.68,G,G,G,0,0,1,0,0,(,0,1,cWW,cW-W,5.35,2.91,0.79,1.25,3.38,5.26,4.40,3.40,BI,anti,A,4.60,4.72,2.97,3.65,3.07,3.70,3.62,4.11,0.11,5.66,0.87,5.47,0.45,50.70,0.20,C3'-endo
14,14,0.74,C,C,C,0,1,0,0,0,(,0,1,cWW,cW-W,4.81,3.17,1.22,1.52,3.32,5.07,4.53,3.38,BI,anti,A,4.60,4.59,3.01,3.74,3.31,3.70,4.01,4.19,0.05,5.81,0.69,5.62,0.39,40.62,0.25,C3'-endo
15,15,0.79,U,U,U,0,0,0,1,0,(,0,1,cWW,cW-W,4.80,3.17,1.19,1.42,3.55,4.96,4.88,3.28,BI,anti,A,4.52,4.56,3.02,3.69,3.27,3.68,4.08,3.83,6.26,5.87,0.67,5.58,0.46,41.15,0.35,C3'-endo
16,16,0.84,G,G,G,0,0,1,0,0,(,0,1,cWW,cW-W,5.10,3.15,0.87,1.42,3.22,5.16,4.34,3.46,BI,anti,A,4.42,4.48,2.96,3.63,3.17,3.62,3.59,4.06,0.05,5.74,0.78,5.51,0.46,46.48,0.26,C3'-endo
17,17,0.89,U,U,U,0,0,0,1,0,(,0,1,cWW,cW-W,4.82,3.16,1.07,1.39,3.53,5.06,4.75,3.45,BI,anti,A,4.44,4.56,2.96,3.68,3.13,3.71,3.80,4.19,0.16,5.72,0.74,5.62,0.32,42.74,0.11,C3'-endo
18,18,0.95,C,C,C,0,1,0,0,0,(,0,1,cWW,cW-W,4.80,3.08,1.20,1.42,3.68,4.87,5.10,3.48,BI,anti,A,4.35,4.56,2.90,3.76,3.14,3.78,3.87,4.14,0.10,5.76,0.74,5.59,0.38,43.04,0.20,C3'-endo
19,19,1.00,U,U,U,0,0,0,1,0,(,0,1,cWW,cW-W,5.54,2.99,0.75,1.45,,,,3.75,n/a,anti,-,,,,,,,,,0.04,5.83,0.68,5.61,0.39,40.38,0.27,C3'-endo
