index_chain,old_nt_resnum,nt_position,nt_name,nt_code,nt_align_code,is_A,is_C,is_G,is_U,is_other,dbn,paired,nb_interact,pair_type_LW,pair_type_DSSR,alpha,beta,gamma,delta,epsilon,zeta,epsilon_zeta,chi,bb_type,glyco_bond,form,ssZp,Dp,eta,theta,eta_prime,theta_prime,eta_base,theta_base,v0,v1,v2,v3,v4,amplitude,phase_angle,puckering
1,2,0.01,C,C,C,0,1,0,0,0,.,,0,,,,,1.23,1.47,4.38,4.22,0.16,3.87,..,anti,.,3.15,4.89,,,,,,,0.22,5.71,0.69,5.70,0.23,39.72,0.00,C3'-endo
2,3,0.02,A,A,A,1,0,0,0,0,(,121,1,cWW,cW-W,1.09,3.71,1.12,1.57,3.73,4.57,5.44,3.44,BI,anti,A,4.45,4.65,5.80,4.11,6.02,4.06,6.01,4.48,0.16,5.78,0.64,5.72,0.26,36.72,0.08,C3'-endo
3,4,0.02,C,C,C,0,1,0,0,0,(,120,1,cWW,cW-W,0.80,2.61,5.36,1.53,3.63,5.24,4.68,3.81,BI,anti,A,3.86,4.72,2.67,3.57,2.84,3.75,3.63,4.07,0.35,5.57,0.80,5.68,0.15,46.15,6.16,C2'-exo
4,5,0.03,C,C,C,0,1,0,0,0,(,119,1,cWW,cW-W,5.28,3.09,1.06,1.40,3.56,4.96,4.88,3.55,BI,anti,A,4.31,4.56,3.16,3.61,3.47,3.63,3.86,4.10,6.27,5.87,0.66,5.60,0.44,39.97,0.34,C3'-endo
5,6,0.04,C,C,C,0,1,0,0,0,(,118,1,cWW,cW-W,5.27,2.75,1.04,1.40,3.46,5.19,4.55,3.40,BI,anti,A,4.50,4.53,2.90,3.82,3.24,3.75,4.01,4.23,6.20,5.92,0.64,5.59,0.49,40.48,0.43,C3'-endo
6,7,0.05,C,C,C,0,1,0,0,0,(,117,1,cWW,cW-W,4.94,3.30,0.89,1.39,3.41,5.10,4.59,3.39,BI,anti,A,4.27,4.52,2.84,3.60,3.07,3.63,3.88,4.14,6.26,5.87,0.66,5.59,0.45,40.60,0.35,C3'-endo
7,8,0.06,C,C,C,0,1,0,0,0,(,116,1,cWW,cW-W,5.03,3.23,0.89,1.42,3.50,5.03,4.75,3.46,BI,anti,A,4.36,4.58,2.92,3.64,3.09,3.71,3.80,4.10,0.04,5.85,0.65,5.64,0.38,38.47,0.27,C3'-endo
8,9,0.07,G,G,G,0,0,1,0,0,(,115,1,cWW,cW-W,5.14,2.93,1.15,1.50,3.70,5.28,4.70,3.35,BI,anti,A,4.26,4.57,3.05,4.14,3.35,4.03,3.97,4.69,0.05,5.85,0.63,5.66,0.36,37.52,0.25,C3'-endo
9,10,0.07,U,U,U,0,0,0,1,0,(,114,1,cWW,cW-W,4.77,3.22,1.04,1.34,3.35,5.41,4.22,3.61,BI,anti,.,4.35,4.55,2.69,3.70,3.05,3.51,4.13,3.41,6.28,5.83,0.71,5.55,0.47,43.02,0.33,C3'-endo
10,11,0.08,G,G,G,0,0,1,0,0,(,113,1,cWW,cW-W,3.75,2.45,2.70,1.37,4.12,4.91,5.49,3.11,..,anti,A,4.75,4.74,3.17,3.31,3.19,3.46,3.29,4.10,0.06,5.85,0.63,5.67,0.35,37.10,0.24,C3'-endo
11,12,0.09,C,C,C,0,1,0,0,0,(,112,1,cWW,cW-W,5.33,2.78,0.96,1.31,4.05,5.17,5.17,3.27,..,anti,.,4.47,4.67,2.94,4.15,3.21,4.34,4.02,5.28,6.18,5.92,0.68,5.53,0.53,43.25,0.45,C3'-endo
12,13,0.10,C,C,C,0,1,0,0,0,.,111,1,tSH,tm-M,5.45,2.57,1.11,1.42,4.16,6.09,4.35,3.36,..,anti,.,4.22,4.66,3.05,4.75,3.63,4.67,4.95,4.67,0.07,5.82,0.67,5.64,0.37,39.53,0.23,C3'-endo
13,14,0.11,C,C,C,0,1,0,0,0,.,,0,,,4.36,1.78,3.14,1.40,3.88,3.71,0.17,3.16,..,anti,.,4.88,4.81,3.60,1.97,3.98,2.38,4.64,3.05,0.20,5.68,0.77,5.61,0.30,44.30,0.07,C3'-endo
14,15,0.11,A,A,A,1,0,0,0,0,.,70,1,t.S,t.+m,2.00,3.44,5.19,1.65,3.68,4.47,5.49,3.57,BI,anti,.,4.05,4.45,4.57,3.07,4.11,2.83,3.47,2.93,0.19,5.83,0.53,5.84,0.16,30.40,6.26,C2'-exo
15,16,0.12,U,U,U,0,0,0,1,0,.,,0,,,1.22,3.31,1.04,1.46,2.75,2.76,6.28,3.64,..,anti,.,3.62,3.72,5.52,0.20,5.74,5.52,5.45,5.65,6.15,6.01,0.54,5.65,0.49,36.15,0.53,C3'-endo
16,17,0.13,A,A,A,1,0,0,0,0,.,,0,,,5.28,4.95,3.72,1.42,3.69,1.04,2.66,5.03,..,anti,.,-0.80,4.37,2.04,5.22,2.75,5.41,3.53,5.72,6.09,6.01,0.61,5.55,0.57,41.75,0.58,C3'-endo
17,18,0.14,G,G,G,0,0,1,0,0,(,69,1,cWW,cW-W,3.61,3.79,1.02,1.39,3.48,5.05,4.71,3.25,BI,anti,.,4.44,4.59,2.38,3.62,3.07,3.69,3.67,3.97,6.26,5.84,0.71,5.55,0.47,43.10,0.35,C3'-endo
18,19,0.15,C,C,C,0,1,0,0,0,(,"68,110",2,"cWW,cHW","cW-W,cM+W",5.24,3.12,1.06,1.42,3.69,5.02,4.95,3.42,BI,anti,.,4.18,4.31,3.25,3.80,3.41,3.86,3.79,4.70,6.12,5.99,0.61,5.57,0.55,40.81,0.55,C3'-endo
19,20,0.16,A,A,A,1,0,0,0,0,.,66,1,cWW,cW-W,5.33,2.69,1.00,1.42,3.82,4.97,5.13,3.37,BI,anti,.,4.35,4.54,2.96,3.85,3.35,3.81,4.48,4.55,6.21,5.95,0.59,5.63,0.46,37.37,0.44,C3'-endo
20,21,0.16,C,C,C,0,1,0,0,0,(,65,1,cWW,cW-W,4.99,2.98,0.88,1.38,3.76,5.07,4.98,3.38,BI,anti,A,4.67,4.78,2.70,3.84,2.94,3.89,4.02,4.36,0.14,5.72,0.75,5.60,0.34,43.52,0.14,C3'-endo
21,22,0.17,U,U,U,0,0,0,1,0,(,64,1,cWW,cW-W,5.23,3.12,0.84,1.39,3.72,4.86,5.15,3.73,BI,anti,A,3.98,4.72,2.95,3.59,3.19,3.60,3.91,3.95,0.07,5.77,0.73,5.58,0.39,42.76,0.23,C3'-endo
22,23,0.18,G,G,G,0,0,1,0,0,(,63,1,cWW,cW-W,5.12,2.77,1.13,1.39,3.59,5.04,4.83,3.27,BI,anti,A,4.93,4.73,2.85,3.71,3.09,3.69,3.72,4.14,0.11,5.75,0.73,5.60,0.36,42.45,0.18,C3'-endo
23,24,0.19,U,U,U,0,0,0,1,0,(,62,1,cWW,cW-W,5.18,3.15,0.95,1.48,3.84,5.03,5.09,3.67,BI,anti,A,4.00,4.70,3.13,3.94,3.32,3.95,3.99,4.24,0.12,5.78,0.66,5.67,0.31,38.47,0.15,C3'-endo
24,25,0.20,G,G,G,0,0,1,0,0,(,61,1,cWW,cW-W,4.81,3.17,0.95,1.53,4.74,3.59,1.15,3.71,BII,anti,.,3.33,4.38,3.04,3.26,3.20,3.44,3.59,3.13,6.25,5.93,0.58,5.67,0.41,35.83,0.38,C3'-endo
25,26,0.20,G,G,G,0,0,1,0,0,.,60,1,cWW,cW-W,5.28,2.04,0.79,1.61,5.40,1.39,4.01,4.15,..,anti,.,0.79,3.36,3.32,2.90,3.31,3.09,2.94,3.49,6.18,6.02,0.50,5.70,0.43,32.76,0.50,C3'-endo
26,27,0.21,A,A,A,1,0,0,0,0,.,55,1,tWH,tW-M,1.44,5.02,3.13,1.53,3.33,3.89,5.73,3.77,..,anti,.,3.88,4.38,3.91,2.40,4.55,1.62,4.75,0.63,6.24,5.91,0.63,5.62,0.45,38.81,0.38,C3'-endo
27,28,0.22,A,A,A,1,0,0,0,0,.,,0,,,3.29,2.66,1.25,1.52,4.04,5.05,5.27,4.85,..,anti,.,-1.01,4.66,1.50,4.13,1.46,4.10,1.73,4.20,0.13,5.78,0.67,5.67,0.30,38.57,0.13,C3'-endo
28,29,0.23,C,C,C,0,1,0,0,0,.,,0,,,5.10,2.92,1.02,1.44,3.65,5.25,4.69,4.46,BI,anti,.,1.48,4.45,2.82,3.98,3.24,4.01,3.48,4.47,6.23,5.93,0.60,5.64,0.44,37.37,0.41,C3'-endo
29,30,0.24,C,C,C,0,1,0,0,0,(,57,1,cWW,cW-W,5.13,3.26,0.78,1.41,3.54,5.00,4.82,3.77,BI,anti,A,4.02,4.61,2.89,3.63,3.22,3.63,3.85,4.07,0.02,5.85,0.67,5.60,0.41,40.17,0.30,C3'-endo
30,31,0.25,A,A,A,1,0,0,0,0,(,"56,59",2,"cWW,cSW","cW-W,cm-W",5.25,2.89,0.87,1.41,3.67,4.76,5.19,3.44,BI,anti,A,4.70,4.67,2.89,3.53,3.09,3.58,3.77,4.05,0.03,5.86,0.63,5.65,0.39,37.77,0.29,C3'-endo
31,32,0.25,C,C,C,0,1,0,0,0,(,"55,58",2,"cWW,tSH","cW-W,tm-M",5.28,2.69,1.06,1.48,3.78,5.40,4.67,3.33,BI,anti,.,4.41,4.67,3.00,4.31,3.24,4.35,3.95,5.13,0.13,5.77,0.68,5.66,0.31,39.13,0.14,C3'-endo
32,33,0.26,C,C,C,0,1,0,0,0,(,"52,54",2,"cWW,tSW","cW-W,tm-W",5.16,3.18,0.89,1.53,3.60,5.22,4.67,3.43,BI,anti,A,4.24,4.54,2.94,4.00,3.48,4.00,4.73,4.34,0.18,5.78,0.62,5.75,0.23,35.75,0.04,C3'-endo
33,34,0.27,C,C,C,0,1,0,0,0,(,51,1,cWW,cW-W,5.04,3.34,0.84,1.46,3.87,4.75,5.41,3.30,BI,anti,A,4.48,4.51,3.00,3.68,3.21,3.77,3.79,4.25,6.24,5.94,0.57,5.67,0.41,35.12,0.39,C3'-endo
34,35,0.28,C,C,C,0,1,0,0,0,(,50,1,cWW,cW-W,5.20,2.76,0.94,1.43,3.58,5.14,4.72,3.45,BI,anti,.,4.31,4.51,2.80,3.91,3.05,3.90,3.74,4.68,6.21,5.91,0.64,5.58,0.48,40.20,0.42,C3'-endo
35,36,0.29,A,A,A,1,0,0,0,0,(,49,1,cWW,cW-W,5.29,2.94,0.89,1.48,4.64,3.81,0.83,3.40,..,anti,.,4.11,4.53,3.26,2.60,3.51,2.43,4.52,1.77,6.28,5.90,0.60,5.66,0.40,36.47,0.33,C3'-endo
36,37,0.30,C,C,C,0,1,0,0,0,.,,0,,,3.81,1.86,1.01,1.48,3.81,4.21,5.89,4.10,..,anti,.,2.75,4.33,1.79,4.23,1.89,4.03,1.78,4.49,6.17,6.00,0.55,5.65,0.47,36.12,0.51,C3'-endo
37,38,0.30,C,C,C,0,1,0,0,0,.,,0,,,2.22,4.57,2.98,1.42,3.88,5.57,4.60,3.01,BI,anti,.,4.46,4.57,2.79,4.59,3.34,3.97,4.23,4.17,6.27,5.86,0.68,5.58,0.45,41.59,0.34,C3'-endo
38,39,0.31,C,C,C,0,1,0,0,0,.,,0,,,2.86,2.26,3.12,1.67,4.67,5.42,5.53,3.12,..,anti,.,4.11,4.26,2.63,4.16,2.91,4.29,3.48,5.45,0.14,5.87,0.51,5.83,0.20,29.26,0.07,C3'-endo
39,40,0.32,C,C,C,0,1,0,0,0,(,45,1,cWW,cW-W,4.82,2.76,0.99,1.33,3.68,4.98,4.99,3.77,BI,anti,A,3.97,4.69,2.07,3.69,2.80,3.69,4.29,4.05,0.01,5.83,0.71,5.56,0.45,42.76,0.31,C3'-endo
40,41,0.33,A,A,A,1,0,0,0,0,.,47,1,cSW,cm-W,5.24,3.05,0.94,1.48,3.64,4.26,5.67,3.33,BI,anti,.,4.27,4.42,3.04,3.10,3.25,3.15,3.81,3.14,6.28,5.90,0.60,5.66,0.39,36.34,0.33,C3'-endo
41,42,0.34,U,U,U,0,0,0,1,0,.,46,1,tSH,tm-M,5.39,2.52,1.27,1.48,3.19,0.59,2.60,3.59,..,anti,.,4.07,4.20,3.15,6.19,3.34,5.82,3.34,4.39,6.23,5.94,0.58,5.66,0.43,36.20,0.41,C3'-endo
42,43,0.34,G,G,G,0,0,1,0,0,.,,0,,,2.52,4.63,3.60,1.52,3.89,1.62,2.27,4.48,..,anti,.,0.98,4.70,4.72,5.91,5.28,5.64,0.49,5.47,0.08,5.80,0.68,5.64,0.36,39.75,0.21,C3'-endo
43,44,0.35,C,C,C,0,1,0,0,0,.,,0,,,5.09,3.45,4.89,1.41,3.31,4.87,4.73,3.62,BI,anti,.,4.32,4.36,1.56,3.18,1.96,3.47,2.64,4.55,6.18,5.95,0.62,5.59,0.51,39.92,0.47,C3'-endo
44,45,0.36,C,C,C,0,1,0,0,0,.,,0,,,2.74,3.99,2.79,1.35,4.68,3.54,1.14,3.30,BII,anti,.,4.12,4.67,3.02,4.14,3.39,4.31,4.55,4.34,0.03,5.85,0.65,5.63,0.39,38.70,0.29,C3'-endo
45,46,0.37,G,G,G,0,0,1,0,0,),"39,48,49",3,"cWW,tSW,tSW","cW-W,tm+W,tm+W",1.19,1.00,2.73,1.44,4.13,3.17,0.95,3.97,BII,anti,.,2.81,4.57,5.37,1.42,5.14,1.33,5.18,1.13,0.02,5.87,0.62,5.66,0.38,37.08,0.29,C3'-endo
46,47,0.38,A,A,A,1,0,0,0,0,.,41,1,tHS,tM-m,1.17,3.51,2.80,1.45,4.16,5.52,4.93,2.94,..,anti,.,4.79,4.80,1.71,4.35,1.66,4.34,1.82,5.25,0.18,5.73,0.69,5.68,0.27,39.81,0.06,C3'-endo
47,48,0.39,A,A,A,1,0,0,0,0,.,40,1,cWS,cW-m,4.85,3.32,0.89,1.41,3.55,4.94,4.89,3.53,BI,anti,A,4.19,4.43,2.61,4.10,3.16,3.96,4.55,4.73,6.25,5.90,0.62,5.62,0.44,38.14,0.37,C3'-endo
48,49,0.39,C,C,C,0,1,0,0,0,.,45,1,tWS,tW+m,2.43,3.57,3.04,1.40,4.46,5.18,5.56,3.17,..,anti,.,4.75,4.86,2.68,4.10,2.99,4.21,4.10,4.98,0.18,5.72,0.71,5.66,0.28,40.77,0.08,C3'-endo
49,50,0.40,U,U,U,0,0,0,1,0,),"35,45",2,"cWW,tWS","cW-W,tW+m",5.36,3.07,0.82,1.24,3.58,4.87,4.99,3.80,BI,anti,A,3.72,4.70,2.74,3.39,3.25,3.42,4.42,3.60,0.06,5.73,0.82,5.48,0.47,48.71,0.25,C3'-endo
50,51,0.41,G,G,G,0,0,1,0,0,),34,1,cWW,cW-W,5.21,2.88,0.99,1.44,3.67,5.02,4.93,3.29,BI,anti,A,4.79,4.65,2.94,3.82,3.07,3.81,3.41,4.31,0.04,5.83,0.67,5.62,0.39,40.01,0.27,C3'-endo
51,52,0.42,G,G,G,0,0,1,0,0,),33,1,cWW,cW-W,4.94,3.20,0.92,1.43,3.37,5.34,4.31,3.31,BI,anti,.,4.50,4.53,2.79,4.11,3.04,3.94,3.87,4.12,0.06,5.81,0.69,5.62,0.38,40.44,0.24,C3'-endo
52,53,0.43,G,G,G,0,0,1,0,0,),32,1,cWW,cW-W,3.09,2.99,2.95,1.41,3.46,5.65,4.10,3.43,BI,anti,.,4.66,4.61,2.96,3.30,3.24,2.82,3.81,2.19,0.10,5.76,0.73,5.59,0.37,42.72,0.20,C3'-endo
53,54,0.43,U,U,U,0,0,0,1,0,.,,0,,,3.54,1.49,3.03,1.40,3.53,5.30,4.52,3.27,BI,anti,.,4.13,4.17,2.97,2.63,2.57,3.14,1.77,4.44,6.03,6.07,0.57,5.55,0.61,41.65,0.66,C4'-exo
54,55,0.44,C,C,C,0,1,0,0,0,.,32,1,tWS,tW-m,4.95,3.01,0.95,1.47,3.25,5.80,3.73,3.46,BI,anti,.,4.42,4.41,2.71,4.28,3.20,4.26,4.78,5.22,6.27,5.88,0.64,5.62,0.42,38.86,0.34,C3'-endo
55,56,0.45,G,G,G,0,0,1,0,0,),"26,31",2,"tHW,cWW","tM-W,cW-W",4.54,3.60,0.80,1.45,3.51,5.12,4.67,3.89,BI,anti,.,3.58,4.60,2.73,3.70,3.19,3.76,4.54,4.19,0.10,5.79,0.68,5.64,0.34,39.43,0.18,C3'-endo
56,57,0.46,U,U,U,0,0,0,1,0,),30,1,cWW,cW-W,5.28,2.81,1.08,1.38,3.89,4.78,5.39,3.17,BI,anti,A,4.62,4.64,3.09,3.68,3.38,3.77,4.04,4.52,0.01,5.83,0.70,5.58,0.44,41.86,0.31,C3'-endo
57,58,0.47,G,G,G,0,0,1,0,0,),29,1,cWW,cW-W,5.23,2.88,0.96,1.70,5.40,1.18,4.22,3.79,..,anti,.,2.35,3.77,3.52,2.12,3.67,1.52,4.44,1.44,0.03,5.92,0.53,5.75,0.32,31.74,0.27,C3'-endo
58,59,0.48,A,A,A,1,0,0,0,0,.,31,1,tHS,tM-m,0.91,3.02,3.10,1.46,4.32,5.03,5.57,3.22,..,anti,.,4.79,4.82,2.05,3.65,1.82,3.82,2.23,4.74,0.11,5.77,0.70,5.63,0.34,40.66,0.17,C3'-endo
59,60,0.48,A,A,A,1,0,0,0,0,.,30,1,cWS,cW-m,5.05,2.87,1.06,1.44,3.88,5.19,4.97,3.37,BI,anti,.,4.75,4.75,2.70,4.14,3.16,4.10,4.34,5.02,0.02,5.85,0.65,5.63,0.40,38.96,0.29,C3'-endo
60,61,0.49,A,A,A,1,0,0,0,0,.,25,1,cWW,cW-W,4.74,3.15,0.98,1.45,3.89,5.02,5.15,3.11,BI,anti,.,4.87,4.82,2.62,4.00,2.98,4.10,4.35,4.71,0.20,5.71,0.71,5.68,0.25,40.52,0.04,C3'-endo
61,62,0.50,C,C,C,0,1,0,0,0,),24,1,cWW,cW-W,5.37,2.82,1.03,1.47,3.48,5.13,4.64,3.26,BI,anti,A,4.40,4.47,2.99,3.87,3.44,3.84,4.48,4.33,0.04,5.83,0.67,5.63,0.39,39.76,0.26,C3'-endo
62,63,0.51,A,A,A,1,0,0,0,0,),23,1,cWW,cW-W,4.69,3.37,1.02,1.57,3.40,5.11,4.57,3.50,BI,anti,A,4.20,4.37,2.80,3.80,3.07,3.76,3.89,4.11,0.02,5.89,0.59,5.69,0.36,35.33,0.29,C3'-endo
63,64,0.52,C,C,C,0,1,0,0,0,),22,1,cWW,cW-W,5.10,3.08,1.00,1.49,3.60,5.12,4.77,3.56,BI,anti,A,4.06,4.23,3.07,3.86,3.29,3.81,3.88,4.29,6.14,6.04,0.52,5.66,0.48,34.89,0.56,C3'-endo
64,65,0.52,A,A,A,1,0,0,0,0,),21,1,cWW,cW-W,5.18,2.89,0.87,1.38,3.61,4.88,5.02,3.36,BI,anti,A,4.39,4.30,2.83,3.52,3.12,3.52,3.89,3.95,6.06,6.07,0.54,5.60,0.57,38.81,0.65,C4'-exo
65,66,0.53,G,G,G,0,0,1,0,0,),20,1,cWW,cW-W,5.13,2.88,1.04,1.40,3.88,5.03,5.13,3.27,BI,anti,.,4.43,4.46,3.00,3.90,3.15,3.97,3.73,5.01,6.19,5.95,0.60,5.61,0.48,38.40,0.46,C3'-endo
66,67,0.54,C,C,C,0,1,0,0,0,.,19,1,cWW,cW-W,5.17,2.78,1.12,1.60,3.85,4.91,5.22,3.83,BI,anti,.,3.25,4.09,3.00,4.01,3.42,4.09,4.67,4.71,6.18,6.04,0.47,5.73,0.42,31.29,0.52,C3'-endo
67,68,0.55,A,A,A,1,0,0,0,0,.,69,1,cSH,cm+M,5.54,2.91,1.15,1.75,4.36,2.53,1.83,4.16,BII,anti,.,1.73,4.12,3.68,2.57,4.05,2.24,4.59,1.86,0.05,5.93,0.50,5.79,0.28,29.65,0.24,C3'-endo
68,69,0.56,G,G,G,0,0,1,0,0,),18,1,cWW,cW-W,2.07,4.30,1.32,1.44,3.33,5.10,4.51,3.22,BI,anti,.,4.58,4.51,1.70,3.79,1.64,3.81,1.83,4.16,0.00,5.84,0.69,5.58,0.44,41.73,0.32,C3'-endo
69,70,0.57,C,C,C,0,1,0,0,0,),"17,67",2,"cWW,cHS","cW-W,cM+m",5.06,3.29,1.08,1.44,3.53,4.88,4.93,3.39,BI,anti,.,4.65,4.66,3.16,4.20,3.36,4.12,3.98,4.59,0.13,5.75,0.71,5.63,0.33,41.26,0.15,C3'-endo
70,71,0.57,G,G,G,0,0,1,0,0,(,"14,109",2,"tS.,cWW","tm+.,cW-W",2.80,3.81,2.96,1.47,4.28,5.09,5.47,2.80,..,anti,.,4.56,4.76,3.04,4.00,3.40,3.99,4.34,4.92,0.14,5.75,0.69,5.65,0.31,39.95,0.13,C3'-endo
71,72,0.58,C,C,C,0,1,0,0,0,(,108,1,cWW,cW-W,5.14,2.95,0.83,1.36,3.45,5.27,4.46,3.28,BI,anti,A,4.41,4.60,2.53,3.78,3.00,3.79,4.44,4.15,0.10,5.78,0.69,5.63,0.35,40.16,0.19,C3'-endo
72,73,0.59,C,C,C,0,1,0,0,0,(,107,1,cWW,cW-W,5.13,3.20,1.00,1.44,3.74,5.32,4.71,3.41,BI,anti,.,4.22,4.50,3.10,4.11,3.36,4.18,3.96,5.11,6.17,5.94,0.63,5.57,0.52,40.78,0.47,C3'-endo
73,74,0.60,A,A,A,1,0,0,0,0,.,106,1,tSW,tm-W,4.93,3.01,1.01,1.45,3.50,4.87,4.91,3.37,BI,anti,.,4.08,4.36,2.75,3.03,3.24,2.72,4.52,2.61,6.20,5.93,0.64,5.58,0.49,40.25,0.44,C3'-endo
74,75,0.61,A,A,A,1,0,0,0,0,.,105,1,tHW,tM-W,4.39,1.45,3.23,1.59,4.03,5.50,4.81,2.80,..,anti,.,4.21,4.49,3.91,3.33,3.38,3.69,3.04,4.96,0.02,5.91,0.57,5.71,0.35,33.93,0.30,C3'-endo
75,76,0.61,U,U,U,0,0,0,1,0,.,104,1,tHW,tM-W,4.76,2.94,1.08,1.38,3.57,5.37,4.48,3.46,BI,anti,.,4.23,4.40,2.47,3.98,3.11,3.99,4.69,4.99,6.14,5.96,0.65,5.54,0.56,42.48,0.51,C3'-endo
76,77,0.62,G,G,G,0,0,1,0,0,.,103,1,cWW,cW-W,4.95,3.35,0.75,1.44,3.73,4.94,5.08,3.73,BI,anti,.,4.00,4.74,2.81,3.72,3.14,3.83,4.41,4.54,0.17,5.75,0.68,5.68,0.27,38.87,0.08,C3'-endo
77,78,0.63,A,A,A,1,0,0,0,0,.,102,1,tWH,tW-M,5.35,2.88,0.80,1.37,3.65,5.19,4.74,3.76,BI,anti,.,3.99,4.72,2.81,3.92,3.11,3.90,4.08,3.98,0.22,5.68,0.74,5.65,0.26,42.63,0.03,C3'-endo
78,79,0.64,U,U,U,0,0,0,1,0,.,101,1,tWH,tW-M,5.33,2.96,1.12,1.30,3.43,5.11,4.60,3.22,BI,anti,A,4.71,4.63,3.06,3.55,3.40,3.63,3.94,4.22,0.00,5.80,0.76,5.51,0.49,46.05,0.32,C3'-endo
79,80,0.65,A,A,A,1,0,0,0,0,.,100,1,tHS,tM-m,4.93,3.50,1.06,1.40,3.96,5.05,5.19,3.48,BI,anti,.,4.41,4.76,3.20,4.06,3.30,4.21,3.98,5.07,0.16,5.70,0.77,5.59,0.33,44.58,0.12,C3'-endo
80,81,0.66,C,C,C,0,1,0,0,0,(,99,1,cWW,cW-W,5.43,2.72,0.94,1.52,3.79,5.00,5.07,3.31,BI,anti,A,4.61,4.70,2.93,3.99,3.43,3.96,4.70,4.35,0.18,5.71,0.74,5.63,0.30,42.49,0.09,C3'-endo
81,82,0.66,U,U,U,0,0,0,1,0,(,98,1,cWW,cW-W,4.96,3.05,1.18,1.52,3.05,4.94,4.40,3.22,BI,anti,.,4.08,4.18,2.94,3.34,3.32,3.30,4.13,3.32,0.08,5.81,0.67,5.65,0.36,39.03,0.21,C3'-endo
82,83,0.67,C,C,C,0,1,0,0,0,.,97,1,cWW,cW-W,4.68,3.73,0.91,1.44,3.49,5.47,4.30,3.33,BI,anti,.,4.72,4.58,3.03,4.05,2.93,4.17,3.01,4.94,0.06,5.82,0.68,5.62,0.38,39.90,0.24,C3'-endo
83,84,0.68,G,G,G,0,0,1,0,0,(,96,1,cWW,cW-W,4.87,3.39,0.93,1.46,3.36,5.26,4.39,3.54,BI,anti,A,4.13,4.48,2.88,3.78,3.29,3.80,4.41,4.30,6.24,5.86,0.70,5.54,0.49,43.11,0.38,C3'-endo
84,85,0.69,G,G,G,0,0,1,0,0,(,95,1,cWW,cW-W,4.91,3.29,1.03,1.45,3.73,5.15,4.86,3.35,BI,anti,.,4.23,4.57,3.00,3.92,3.24,3.92,3.98,4.34,6.27,5.83,0.72,5.53,0.48,43.73,0.34,C3'-endo
85,86,0.70,A,A,A,1,0,0,0,0,(,94,1,cWW,cW-W,4.98,3.01,1.26,1.33,3.24,5.20,4.33,3.57,BI,anti,.,4.26,4.37,2.93,3.92,3.29,3.63,4.00,3.99,6.07,5.98,0.68,5.48,0.65,46.25,0.58,C3'-endo
86,87,0.70,C,C,C,0,1,0,0,0,(,93,1,cWW,cW-W,2.69,3.10,3.11,1.39,3.68,4.94,5.02,3.41,BI,anti,.,4.56,4.69,2.77,3.09,2.96,3.24,3.69,3.55,0.13,5.69,0.82,5.53,0.39,47.64,0.17,C3'-endo
87,88,0.71,C,C,C,0,1,0,0,0,(,92,1,cWW,cW-W,5.33,3.11,0.94,1.37,3.45,5.27,4.47,3.53,BI,anti,A,4.43,4.50,3.15,3.78,3.32,3.79,3.68,4.27,6.24,5.89,0.67,5.57,0.48,41.41,0.39,C3'-endo
88,89,0.72,G,G,G,0,0,1,0,0,.,91,1,tSH,tm-M,4.90,3.28,0.93,1.39,3.85,5.54,4.59,3.47,BI,anti,.,4.72,4.72,2.89,4.60,3.10,3.77,3.82,2.85,6.18,5.94,0.64,5.57,0.51,40.77,0.47,C3'-endo
89,90,0.73,C,C,C,0,1,0,0,0,.,,0,,,2.84,2.24,0.99,1.39,3.64,5.31,4.61,3.15,BI,anti,.,4.65,4.52,6.22,4.20,0.68,4.16,0.44,5.11,6.14,5.96,0.64,5.55,0.54,41.82,0.51,C3'-endo
90,91,0.74,A,A,A,1,0,0,0,0,.,,0,,,4.60,3.25,1.23,1.49,3.52,5.10,4.71,3.41,BI,anti,.,4.26,4.59,2.72,3.84,3.23,3.78,4.72,3.76,0.09,5.81,0.66,5.65,0.34,38.81,0.19,C3'-endo
91,92,0.75,G,G,G,0,0,1,0,0,.,88,1,tHS,tM-m,5.00,3.19,1.14,1.43,3.74,5.43,4.59,3.61,BI,anti,.,4.08,4.45,3.09,4.84,3.27,4.88,3.50,5.42,6.11,5.98,0.64,5.54,0.57,42.64,0.54,C3'-endo
92,93,0.75,G,G,G,0,0,1,0,0,),87,1,cWW,cW-W,2.57,3.77,3.06,1.53,3.75,5.05,4.98,3.20,BI,anti,.,4.86,4.74,2.87,3.53,3.69,3.50,4.88,3.73,0.20,5.72,0.69,5.68,0.26,39.78,0.05,C3'-endo
93,94,0.76,G,G,G,0,0,1,0,0,),86,1,cWW,cW-W,5.32,2.79,1.13,1.32,3.69,4.82,5.15,3.10,BI,anti,A,4.66,4.60,3.05,3.51,3.39,3.57,3.99,3.90,6.18,5.91,0.69,5.52,0.54,43.93,0.46,C3'-endo
94,95,0.77,U,U,U,0,0,0,1,0,),85,1,cWW,cW-W,5.18,3.07,1.11,1.48,3.48,5.03,4.74,3.48,BI,anti,A,3.96,4.28,3.17,3.66,3.34,3.61,3.78,3.98,6.21,5.94,0.60,5.62,0.46,38.05,0.43,C3'-endo
95,96,0.78,C,C,C,0,1,0,0,0,),84,1,cWW,cW-W,4.99,3.09,1.00,1.42,3.75,4.91,5.12,3.48,BI,anti,A,4.16,4.57,2.94,3.69,3.10,3.70,3.68,4.14,6.27,5.88,0.64,5.61,0.43,38.86,0.34,C3'-endo
96,97,0.79,C,C,C,0,1,0,0,0,),83,1,cWW,cW-W,5.16,2.98,0.85,1.45,3.41,5.29,4.40,3.33,BI,anti,.,4.50,4.48,2.78,3.89,3.03,3.92,3.75,4.81,6.27,5.87,0.67,5.59,0.44,40.53,0.34,C3'-endo
97,98,0.80,C,C,C,0,1,0,0,0,.,82,1,cWW,cW-W,4.76,3.51,0.88,1.43,3.59,4.17,5.70,3.70,BI,anti,A,4.13,4.67,2.84,3.59,3.10,3.50,4.27,3.47,0.09,5.80,0.70,5.63,0.36,40.74,0.20,C3'-endo
98,99,0.80,G,G,G,0,0,1,0,0,),81,1,cWW,cW-W,2.30,4.11,3.07,1.40,4.02,5.04,5.27,3.14,BI,anti,A,4.74,4.82,2.75,3.80,2.91,3.73,3.16,4.22,0.26,5.64,0.77,5.64,0.24,44.41,6.27,C2'-exo
99,100,0.81,G,G,G,0,0,1,0,0,),"0,80",2,"cSS,cWW","cm-m,cW-W",5.28,3.11,0.86,1.37,3.80,5.27,4.81,3.39,BI,anti,.,4.66,4.77,2.95,4.04,3.22,4.13,4.05,5.02,0.10,5.75,0.75,5.58,0.38,43.71,0.19,C3'-endo
100,101,0.82,A,A,A,1,0,0,0,0,.,79,1,tSH,tm-M,5.25,2.89,0.97,1.32,4.01,4.00,0.01,3.46,..,anti,.,4.21,4.76,2.93,3.08,3.34,2.77,4.63,2.58,0.16,5.70,0.78,5.58,0.34,44.96,0.13,C3'-endo
101,102,0.83,A,A,A,1,0,0,0,0,.,78,1,tHW,tM-W,0.83,4.53,4.48,1.56,3.61,5.42,4.48,3.37,BI,anti,.,4.52,4.62,3.68,3.02,3.22,3.40,2.87,4.51,0.27,5.70,0.65,5.77,0.16,37.64,6.19,C2'-exo
102,103,0.84,A,A,A,1,0,0,0,0,.,77,1,tHW,tM-W,4.84,3.11,0.94,1.47,3.88,5.08,5.08,3.30,BI,anti,A,4.65,4.71,2.73,4.06,3.19,4.07,4.52,4.79,0.13,5.76,0.71,5.64,0.32,40.91,0.14,C3'-endo
103,104,0.84,A,A,A,1,0,0,0,0,.,76,1,cWW,cW-W,4.89,2.97,1.14,1.49,3.70,5.17,4.81,3.18,BI,anti,A,4.51,4.63,2.78,4.00,3.14,4.02,4.27,4.66,0.05,5.80,0.71,5.59,0.40,42.04,0.25,C3'-endo
104,105,0.85,G,G,G,0,0,1,0,0,.,75,1,tWH,tW-M,5.02,3.08,0.95,1.51,3.58,5.08,4.78,3.33,BI,anti,A,4.39,4.50,2.87,3.85,3.24,3.87,4.27,4.59,6.26,5.89,0.64,5.61,0.44,39.07,0.37,C3'-endo
105,106,0.86,U,U,U,0,0,0,1,0,.,74,1,tWH,tW-M,5.13,3.01,1.04,1.44,3.57,5.12,4.74,3.59,BI,anti,.,4.04,4.56,3.01,3.77,3.32,3.77,4.35,4.15,0.05,5.82,0.69,5.61,0.39,40.61,0.25,C3'-endo
106,107,0.87,C,C,C,0,1,0,0,0,.,73,1,tWS,tW-m,5.10,3.28,0.89,1.41,3.92,5.36,4.85,3.65,BI,anti,.,4.10,4.80,3.05,4.21,3.21,4.33,3.76,5.09,0.10,5.76,0.72,5.60,0.37,41.78,0.19,C3'-endo
107,108,0.88,G,G,G,0,0,1,0,0,),72,1,cWW,cW-W,5.01,2.76,1.33,1.39,3.33,5.29,4.32,3.38,BI,anti,.,4.63,4.58,2.76,3.76,3.44,3.65,4.71,3.90,0.01,5.81,0.73,5.55,0.45,43.66,0.30,C3'-endo
108,109,0.89,G,G,G,0,0,1,0,0,),71,1,cWW,cW-W,5.20,3.28,0.99,1.33,3.92,4.38,5.83,3.38,..,anti,A,4.32,4.67,3.28,3.95,3.48,3.91,3.97,4.38,6.21,5.89,0.69,5.53,0.52,43.57,0.42,C3'-endo
109,110,0.89,U,U,U,0,0,0,1,0,),70,1,cWW,cW-W,2.20,4.17,3.34,1.52,4.32,4.77,5.83,2.93,..,anti,.,4.42,4.50,3.13,3.77,3.32,3.69,4.03,4.03,6.28,5.88,0.63,5.63,0.41,38.01,0.33,C3'-endo
110,111,0.90,C,C,C,0,1,0,0,0,.,18,1,cWH,cW+M,0.94,3.79,5.16,1.69,3.89,2.88,1.01,4.02,BII,anti,.,2.58,4.58,3.45,1.18,3.63,1.18,4.10,1.36,0.34,5.69,0.60,5.86,0.05,35.35,6.03,C2'-exo
111,112,0.91,A,A,A,1,0,0,0,0,.,12,1,tHS,tM-m,0.47,3.97,4.93,1.37,3.52,5.08,4.73,3.72,BI,anti,.,3.88,4.51,3.59,2.68,3.26,3.04,3.33,4.11,6.24,5.88,0.67,5.58,0.47,41.36,0.38,C3'-endo
112,113,0.92,G,G,G,0,0,1,0,0,),11,1,cWW,cW-W,5.20,2.94,0.83,1.43,3.56,5.15,4.70,3.36,BI,anti,A,4.61,4.67,2.77,3.87,3.10,3.92,4.34,4.39,0.18,5.70,0.75,5.62,0.30,42.97,0.08,C3'-endo
113,114,0.93,C,C,C,0,1,0,0,0,),10,1,cWW,cW-W,5.21,3.19,1.08,1.52,3.05,0.45,2.60,3.40,..,anti,.,4.12,4.33,3.15,4.70,3.53,4.08,4.34,3.81,0.14,5.77,0.68,5.67,0.30,39.17,0.13,C3'-endo
114,115,0.93,G,G,G,0,0,1,0,0,),9,1,cWW,cW-W,3.18,1.37,3.00,1.39,3.94,4.91,5.32,3.05,BI,anti,A,4.65,4.68,2.73,2.71,2.87,3.10,2.96,4.01,6.28,5.88,0.64,5.62,0.42,38.95,0.33,C3'-endo
115,116,0.94,C,C,C,0,1,0,0,0,),8,1,cWW,cW-W,5.33,3.03,0.78,1.31,3.82,4.99,5.11,3.59,BI,anti,A,4.13,4.75,2.90,3.76,3.13,3.80,4.11,4.13,0.11,5.77,0.72,5.61,0.35,41.86,0.18,C3'-endo
116,117,0.95,G,G,G,0,0,1,0,0,),7,1,cWW,cW-W,5.26,2.72,1.14,1.32,3.85,4.77,5.36,3.23,BI,anti,A,4.78,4.80,2.93,3.60,3.21,3.58,3.85,4.10,6.27,5.81,0.75,5.50,0.50,45.79,0.34,C3'-endo
117,118,0.96,G,G,G,0,0,1,0,0,),6,1,cWW,cW-W,5.17,2.82,1.03,1.37,3.62,5.12,4.78,3.33,BI,anti,A,4.60,4.68,2.83,3.79,3.05,3.76,3.92,4.16,0.15,5.69,0.80,5.55,0.37,46.59,0.15,C3'-endo
118,119,0.97,G,G,G,0,0,1,0,0,),5,1,cWW,cW-W,5.08,3.34,0.93,1.40,3.48,5.15,4.62,3.45,BI,anti,A,4.43,4.67,3.04,3.68,3.21,3.72,3.88,4.10,0.14,5.75,0.70,5.64,0.32,40.56,0.13,C3'-endo
119,120,0.98,G,G,G,0,0,1,0,0,),4,1,cWW,cW-W,5.21,3.06,0.81,1.36,3.46,4.71,5.03,3.44,BI,anti,A,4.55,4.61,2.90,3.85,3.15,3.75,3.81,3.98,0.05,5.81,0.70,5.60,0.40,41.45,0.26,C3'-endo
120,121,0.98,G,G,G,0,0,1,0,0,),3,1,cWW,cW-W,2.59,3.75,3.15,1.48,3.75,5.20,4.84,2.96,BI,anti,A,4.61,4.62,3.02,3.59,3.23,3.67,3.79,4.22,0.07,5.84,0.63,5.67,0.34,36.93,0.22,C3'-endo
121,122,0.99,U,U,U,0,0,0,1,0,),2,1,cWW,cW-W,4.83,3.68,0.74,1.48,4.84,3.43,1.41,3.76,BII,anti,.,2.85,4.65,3.27,2.06,3.38,0.98,3.93,5.51,0.13,5.80,0.63,5.70,0.29,36.43,0.13,C3'-endo
122,123,1.00,U,U,U,0,0,0,1,0,.,,0,,,4.82,4.55,1.31,1.46,,,,3.34,n/a,anti,-,,,,,,,,,0.09,5.83,0.63,5.68,0.32,37.04,0.19,C3'-endo
