index_chain,old_nt_resnum,nt_position,nt_name,nt_code,nt_align_code,is_A,is_C,is_G,is_U,is_other,dbn,paired,nb_interact,pair_type_LW,pair_type_DSSR,alpha,beta,gamma,delta,epsilon,zeta,epsilon_zeta,chi,bb_type,glyco_bond,form,ssZp,Dp,eta,theta,eta_prime,theta_prime,eta_base,theta_base,v0,v1,v2,v3,v4,amplitude,phase_angle,puckering
1,1,0.01,G,G,G,0,0,1,0,0,(,72,1,cWW,cW-W,,2.89,0.26,1.37,3.57,5.12,4.73,3.62,BI,anti,A,4.24,4.64,,3.64,,3.73,,4.22,0.06,5.78,0.73,5.57,0.41,43.28,0.24,C3'-endo
2,2,0.03,G,G,G,0,0,1,0,0,(,71,1,cWW,cW-W,5.16,3.03,1.03,1.38,3.49,5.07,4.70,3.46,BI,anti,A,4.55,4.69,2.99,3.59,3.27,3.58,3.96,3.94,0.08,5.76,0.74,5.56,0.41,43.80,0.23,C3'-endo
3,3,0.04,G,G,G,0,0,1,0,0,(,70,1,cWW,cW-W,5.11,3.15,0.90,1.43,3.60,4.98,4.91,3.45,BI,anti,A,4.49,4.65,2.99,3.68,3.15,3.72,3.73,4.23,0.13,5.72,0.75,5.58,0.36,43.55,0.16,C3'-endo
4,4,0.05,G,G,G,0,0,1,0,0,(,69,1,cWW,cW-W,5.39,2.93,0.82,1.37,3.09,5.69,3.68,3.38,BI,anti,.,4.54,4.51,2.97,3.98,3.27,3.76,4.08,3.95,0.07,5.76,0.74,5.56,0.42,43.82,0.23,C3'-endo
5,5,0.07,G,G,G,0,0,1,0,0,.,,0,,,3.20,2.54,2.69,1.62,3.91,4.84,5.34,3.04,BI,anti,A,4.76,4.78,2.97,3.28,3.13,3.45,3.68,4.08,0.38,5.64,0.65,5.84,0.05,38.55,6.02,C2'-exo
6,6,0.08,G,G,G,0,0,1,0,0,(,67,1,cWW,cW-W,5.31,2.86,0.75,1.47,3.94,4.71,5.51,3.47,BI,anti,A,4.43,4.71,2.91,3.79,3.19,3.95,3.97,4.22,0.24,5.69,0.73,5.67,0.24,41.56,0.01,C3'-endo
7,7,0.09,U,U,U,0,0,0,1,0,(,66,1,cWW,cW-W,5.24,2.76,1.40,2.31,5.20,2.26,2.94,3.65,BII,anti,.,0.31,0.37,3.93,2.17,4.12,2.23,4.35,2.54,5.67,0.61,5.89,0.05,0.36,36.42,2.24,C1'-exo
8,not resolved,0.11,-,-,-,0,0,0,0,1,,,0,,,,,,,,,,,,,,,,,,,,,,,,,,,,,
9,9,0.12,G,G,G,0,0,1,0,0,.,,0,,,2.92,2.65,2.80,1.76,4.19,3.27,0.92,3.71,BII,anti,.,3.05,3.70,4.06,1.94,3.60,1.64,3.54,0.97,5.99,0.07,0.17,5.93,0.41,23.08,1.13,C4'-exo
10,10,0.13,G,G,G,0,0,1,0,0,(,24,1,cWW,cW-W,0.50,3.89,1.01,1.48,3.41,5.12,4.57,3.38,BI,anti,A,4.45,4.48,5.79,3.67,5.74,3.73,0.09,4.32,6.26,5.82,0.73,5.52,0.50,44.52,0.36,C3'-endo
11,11,0.14,A,A,A,1,0,0,0,0,(,23,1,cWW,cW-W,4.62,2.90,1.59,1.60,3.54,4.86,4.96,3.29,BI,anti,A,4.47,4.48,2.99,3.65,3.36,3.53,4.23,3.91,0.12,5.81,0.62,5.72,0.28,35.58,0.14,C3'-endo
12,12,0.16,U,U,U,0,0,0,1,0,(,22,1,cWW,cW-W,5.16,3.13,0.78,1.40,3.28,5.28,4.28,3.47,BI,anti,A,4.53,4.62,2.87,3.86,3.07,3.74,3.79,4.18,0.25,5.58,0.84,5.58,0.29,48.20,0.02,C3'-endo
13,13,0.17,C,C,C,0,1,0,0,0,(,21,1,cWW,cW-W,3.15,2.79,2.86,1.82,4.70,4.42,0.28,3.14,..,anti,.,4.56,4.73,3.25,4.03,3.33,4.04,4.01,4.76,0.48,5.69,0.48,6.07,6.12,33.22,5.67,C2'-exo
14,14,0.18,G,G,G,0,0,1,0,0,.,59,1,tWW,tW+W,1.49,4.26,3.54,1.71,4.69,2.77,1.92,3.20,BII,anti,.,4.62,4.85,2.77,2.20,3.22,1.99,4.34,1.32,0.56,5.57,0.59,5.99,6.12,40.19,5.72,C2'-exo
15,15,0.20,A,A,A,1,0,0,0,0,.,,0,,,2.08,4.22,1.15,1.63,4.49,5.02,5.75,3.73,..,anti,.,3.35,4.34,1.79,5.49,1.65,4.17,1.51,3.19,6.24,5.98,0.51,5.74,0.37,31.80,0.39,C3'-endo
16,not resolved,0.21,-,-,-,0,0,0,0,1,,,0,,,,,,,,,,,,,,,,,,,,,,,,,,,,,
17,not resolved,0.22,-,-,-,0,0,0,0,1,,,0,,,,,,,,,,,,,,,,,,,,,,,,,,,,,
18,18,0.24,A,A,A,1,0,0,0,0,.,,0,,,2.78,1.64,0.55,1.71,5.48,3.38,2.10,3.74,BII,anti,.,1.13,1.91,5.40,5.04,0.52,4.81,1.16,5.50,5.78,0.21,0.13,5.86,0.59,32.94,1.34,O4'-endo
19,19,0.25,U,U,U,0,0,0,1,0,.,,0,,,0.69,2.17,1.19,1.72,5.05,4.66,0.40,4.04,..,anti,.,1.35,1.80,4.81,5.40,5.21,4.14,4.62,3.45,5.67,0.31,0.09,5.84,0.68,38.51,1.44,O4'-endo
20,20,0.26,A,A,A,1,0,0,0,0,.,,0,,,2.98,2.67,1.16,1.99,3.63,0.34,3.29,4.43,..,anti,.,1.96,3.48,0.07,5.87,1.60,5.55,2.00,5.19,6.22,0.07,6.23,0.01,0.03,3.91,2.37,C1'-exo
21,21,0.28,G,G,G,0,0,1,0,0,),"13,47",2,"cWW,tHW","cW-W,tM-W",3.78,2.98,3.35,1.59,4.20,4.71,5.77,3.34,..,anti,A,4.49,4.67,4.41,3.11,5.09,3.28,5.62,3.89,0.09,5.86,0.57,5.75,0.28,33.35,0.18,C3'-endo
22,22,0.29,A,A,A,1,0,0,0,0,),"12,46",2,"cWW,tHW","cW-W,tM-W",5.07,2.33,1.35,1.37,4.11,4.85,5.54,3.16,..,anti,A,4.66,4.69,2.86,3.82,3.15,3.78,3.89,4.44,6.28,5.81,0.74,5.52,0.48,44.54,0.33,C3'-endo
23,23,0.30,U,U,U,0,0,0,1,0,),11,1,cWW,cW-W,5.12,2.99,0.88,1.48,3.68,4.92,5.04,3.43,BI,anti,A,4.53,4.68,2.84,3.67,3.08,3.65,4.04,3.99,0.10,5.73,0.75,5.59,0.39,43.62,0.18,C3'-endo
24,24,0.32,C,C,C,0,1,0,0,0,),10,1,cWW,cW-W,5.18,3.10,0.70,1.41,3.22,5.07,4.43,3.75,BI,anti,A,4.05,4.46,2.74,3.90,2.99,3.91,3.66,4.40,0.24,5.58,0.84,5.57,0.30,48.32,0.03,C3'-endo
25,25,0.33,A,A,A,1,0,0,0,0,.,45,1,cWW,cW-W,3.26,3.81,2.42,1.40,4.19,4.90,5.58,3.02,..,anti,.,4.76,4.75,3.08,4.00,3.40,4.06,4.20,4.76,0.10,5.79,0.67,5.64,0.34,39.28,0.19,C3'-endo
26,26,0.34,C,C,C,0,1,0,0,0,(,44,1,cWW,cW-W,5.70,2.76,0.55,1.36,3.53,4.79,5.03,3.33,BI,anti,A,4.48,4.51,2.87,3.74,3.27,3.65,4.38,4.15,6.17,5.91,0.69,5.49,0.58,44.78,0.48,C3'-endo
27,27,0.36,A,A,A,1,0,0,0,0,(,43,1,cWW,cW-W,3.15,3.22,2.54,1.61,4.42,4.66,6.04,3.14,..,anti,A,4.70,4.77,2.84,3.81,2.98,3.84,3.71,4.27,0.35,5.64,0.67,5.79,0.09,39.37,6.08,C2'-exo
28,28,0.37,C,C,C,0,1,0,0,0,(,42,1,cWW,cW-W,5.61,2.76,0.63,1.44,3.56,5.00,4.84,3.58,BI,anti,A,4.30,4.58,2.78,3.66,3.14,3.66,3.89,3.92,0.09,5.79,0.68,5.63,0.35,39.66,0.20,C3'-endo
29,29,0.38,G,G,G,0,0,1,0,0,(,41,1,cWW,cW-W,4.85,3.11,1.04,1.40,3.53,5.08,4.73,3.37,BI,anti,A,4.58,4.62,2.78,3.67,2.99,3.62,3.52,4.06,0.04,5.79,0.73,5.56,0.43,43.52,0.27,C3'-endo
30,30,0.39,G,G,G,0,0,1,0,0,.,40,1,cWW,cW-W,5.03,3.08,1.01,1.38,3.80,4.72,5.36,3.31,BI,anti,A,4.75,4.83,2.96,3.50,3.11,3.61,3.81,4.13,0.13,5.73,0.74,5.60,0.36,42.64,0.16,C3'-endo
31,31,0.41,A,A,A,1,0,0,0,0,(,39,1,cWW,cW-W,5.24,2.52,1.25,1.59,4.00,5.12,5.16,3.24,BI,anti,A,4.60,4.64,3.09,4.18,3.41,3.95,4.14,4.47,0.18,5.77,0.64,5.74,0.23,36.59,0.04,C3'-endo
32,32,0.42,C,C,C,0,1,0,0,0,.,38,1,cWW,cW-W,4.51,2.64,1.58,1.48,3.39,1.74,1.65,3.06,..,anti,.,4.42,4.52,2.59,5.95,3.06,5.11,4.18,5.47,0.08,5.85,0.60,5.71,0.32,35.27,0.20,C3'-endo
33,33,0.43,U,U,U,0,0,0,1,0,.,36,1,tSH,tm-M,5.28,4.73,3.60,1.20,2.38,0.51,1.86,4.00,..,anti,.,3.29,4.06,2.07,3.58,2.42,3.22,3.60,1.95,6.27,5.77,0.81,5.44,0.55,49.27,0.34,C3'-endo
34,34,0.45,C,C,C,0,1,0,0,0,.,,0,,,1.26,2.67,1.19,1.91,3.30,5.75,3.83,2.76,BI,anti,.,3.49,4.00,5.85,5.15,0.56,4.64,0.53,4.30,0.38,5.85,0.32,6.17,6.11,24.64,5.56,C1'-endo
35,35,0.46,U,U,U,0,0,0,1,0,.,,0,,,1.51,3.23,4.13,1.72,3.81,5.77,4.33,3.57,..,anti,.,3.43,3.55,3.02,3.90,3.47,4.05,3.88,4.87,6.01,0.05,0.17,5.95,0.38,21.75,1.10,C4'-exo
36,36,0.47,A,A,A,1,0,0,0,0,.,33,1,tHS,tM-m,4.52,2.89,0.99,1.13,1.49,1.29,0.20,3.55,..,anti,B,3.12,3.12,2.65,3.66,3.28,3.60,4.29,4.56,5.99,6.03,0.67,5.43,0.73,48.87,0.67,C4'-exo
37,37,0.49,A,A,A,1,0,0,0,0,.,,0,,,3.36,2.46,1.52,1.40,3.58,5.11,4.76,3.45,BI,anti,.,4.40,4.54,2.41,3.75,2.91,3.66,4.16,4.53,6.21,5.88,0.70,5.54,0.53,43.79,0.41,C3'-endo
38,38,0.50,A,A,A,1,0,0,0,0,.,32,1,cWW,cW-W,5.07,2.91,1.01,1.60,3.70,0.22,3.48,3.31,..,anti,.,4.60,4.61,2.89,4.86,3.27,4.47,4.53,4.95,0.16,5.83,0.57,5.79,0.21,32.54,0.05,C3'-endo
39,39,0.51,U,U,U,0,0,0,1,0,),31,1,cWW,cW-W,3.76,1.22,3.21,1.76,4.22,4.90,5.60,3.27,..,anti,A,4.40,4.53,3.17,3.00,3.37,3.37,4.35,4.04,0.34,5.78,0.47,6.00,6.25,29.04,5.90,C2'-exo
40,40,0.53,U,U,U,0,0,0,1,0,.,30,1,cWW,cW-W,5.52,2.55,0.69,1.33,3.61,5.05,4.84,3.66,BI,anti,.,4.09,4.51,2.61,3.72,3.09,3.64,3.95,3.86,6.16,5.92,0.68,5.52,0.57,43.94,0.48,C3'-endo
41,41,0.54,C,C,C,0,1,0,0,0,),29,1,cWW,cW-W,5.32,2.88,0.84,1.22,3.44,4.91,4.82,3.61,BI,anti,A,4.19,4.52,2.84,3.30,3.04,3.35,3.52,4.00,6.00,6.04,0.65,5.45,0.71,47.52,0.67,C4'-exo
42,42,0.55,G,G,G,0,0,1,0,0,),28,1,cWW,cW-W,5.37,3.03,0.69,1.41,3.99,4.71,5.57,3.30,..,anti,A,4.68,4.80,3.02,3.75,3.10,3.90,3.86,4.57,0.15,5.70,0.77,5.57,0.36,44.48,0.14,C3'-endo
43,43,0.57,U,U,U,0,0,0,1,0,),27,1,cWW,cW-W,5.48,2.54,0.99,1.43,3.57,4.92,4.94,3.28,BI,anti,A,4.59,4.59,2.97,3.69,3.32,3.60,4.25,3.77,0.05,5.81,0.70,5.59,0.41,41.49,0.26,C3'-endo
44,44,0.58,G,G,G,0,0,1,0,0,),26,1,cWW,cW-W,5.15,2.86,1.06,1.48,3.85,5.17,4.96,3.26,BI,anti,.,4.54,4.58,3.05,4.07,3.25,4.04,3.70,4.82,6.26,5.89,0.64,5.62,0.44,38.86,0.36,C3'-endo
45,45,0.59,C,C,C,0,1,0,0,0,.,25,1,cWW,cW-W,5.25,3.16,0.61,1.41,4.26,4.55,6.00,3.62,..,anti,.,3.88,4.78,2.91,3.66,3.17,3.91,4.23,4.24,0.03,5.85,0.65,5.63,0.40,38.49,0.28,C3'-endo
46,46,0.61,A,A,A,1,0,0,0,0,.,22,1,tWH,tW-M,5.47,2.95,1.22,1.40,4.08,4.23,6.14,4.01,..,anti,.,2.50,4.38,3.57,3.23,3.68,3.28,3.78,3.70,6.03,6.04,0.61,5.51,0.66,44.06,0.66,C4'-exo
47,47,0.62,G,G,G,0,0,1,0,0,.,21,1,tWH,tW-M,5.27,1.78,1.68,1.74,3.72,2.46,1.27,3.84,..,anti,.,3.10,3.66,3.06,1.35,3.43,1.02,3.89,2.92,6.09,6.19,0.31,5.85,0.39,24.85,0.76,C4'-exo
48,not resolved,0.63,-,-,-,0,0,0,0,1,,,0,,,,,,,,,,,,,,,,,,,,,,,,,,,,,
49,49,0.64,G,G,G,0,0,1,0,0,(,65,1,cWW,cW-W,5.92,3.60,0.71,1.88,3.53,4.94,4.87,3.33,BI,anti,A,3.88,3.89,4.54,4.45,4.57,4.17,2.79,4.62,0.15,6.05,0.21,6.15,6.27,13.22,5.91,C2'-exo
50,50,0.66,C,C,C,0,1,0,0,0,(,64,1,cWW,cW-W,2.79,3.37,2.43,1.11,1.17,1.37,6.08,3.13,..,anti,A,4.06,3.99,2.79,3.84,3.06,3.74,3.89,4.12,0.16,5.60,0.91,5.43,0.44,52.89,0.16,C3'-endo
51,51,0.67,G,G,G,0,0,1,0,0,(,63,1,cWW,cW-W,1.16,3.52,3.02,1.36,4.46,4.53,6.21,3.01,..,anti,A,4.83,4.84,2.43,3.39,2.85,3.49,3.55,4.05,0.17,5.66,0.80,5.55,0.35,46.09,0.12,C3'-endo
52,52,0.68,G,G,G,0,0,1,0,0,(,62,1,cWW,cW-W,5.25,2.39,1.08,1.22,3.77,4.93,5.12,3.13,BI,anti,A,4.75,4.74,2.67,3.67,2.97,3.66,3.80,4.14,0.05,5.71,0.85,5.44,0.50,50.74,0.27,C3'-endo
53,53,0.70,G,G,G,0,0,1,0,0,(,61,1,cWW,cW-W,5.31,3.05,1.00,1.45,3.91,4.67,5.53,3.29,BI,anti,.,4.63,4.73,3.20,3.79,3.35,3.89,4.06,4.68,0.10,5.75,0.73,5.59,0.38,42.91,0.19,C3'-endo
54,54,0.71,U,U,U,0,0,0,1,0,.,58,1,tWH,tW-M,5.84,2.67,0.73,1.60,3.93,5.34,4.87,3.68,BI,anti,.,3.85,4.56,3.25,4.38,3.54,4.25,4.48,5.10,0.16,5.81,0.59,5.78,0.23,33.64,0.06,C3'-endo
55,55,0.72,G,G,G,0,0,1,0,0,.,,0,,,5.16,2.87,0.84,1.20,3.47,5.60,4.15,1.32,BI,syn,.,-1.75,4.13,2.63,3.82,3.02,3.15,4.39,2.16,5.83,6.17,0.59,5.40,0.85,51.18,0.85,C4'-exo
56,56,0.74,A,A,A,1,0,0,0,0,.,,0,,,3.30,2.14,0.86,1.29,4.09,4.59,5.78,3.04,..,anti,.,4.16,4.22,0.56,3.84,0.88,3.90,0.34,4.88,5.91,6.10,0.63,5.43,0.77,49.49,0.75,C4'-exo
57,57,0.75,A,A,A,1,0,0,0,0,.,,0,,,5.54,2.58,0.78,1.45,4.00,4.86,5.43,3.59,BI,anti,.,3.99,4.59,2.91,3.93,3.18,4.06,4.39,4.32,0.12,5.75,0.73,5.61,0.35,42.32,0.17,C3'-endo
58,58,0.76,A,A,A,1,0,0,0,0,.,54,1,tHW,tM-W,5.36,3.45,1.19,1.74,3.01,4.21,5.08,4.43,BI,anti,.,2.08,3.22,3.57,3.31,3.85,2.59,4.02,1.90,5.98,0.04,0.22,5.89,0.44,25.22,1.05,C4'-exo
59,59,0.78,C,C,C,0,1,0,0,0,.,14,1,tWW,tW+W,2.87,3.46,1.09,1.37,3.77,5.18,4.87,3.31,BI,anti,.,4.31,4.38,1.17,3.90,0.99,4.07,0.89,4.98,6.10,5.97,0.65,5.50,0.62,44.42,0.56,C3'-endo
60,60,0.79,U,U,U,0,0,0,1,0,.,,0,,,5.10,2.85,1.23,2.03,4.93,4.83,0.10,3.97,..,anti,.,0.98,1.45,3.57,5.01,3.92,4.87,4.88,5.50,5.82,0.42,6.06,6.24,0.32,26.61,2.07,C1'-exo
61,61,0.80,C,C,C,0,1,0,0,0,),53,1,cWW,cW-W,5.06,2.92,0.79,1.36,3.87,4.89,5.27,3.17,BI,anti,A,4.54,4.59,2.23,3.74,2.95,3.81,3.60,4.19,0.06,5.76,0.76,5.54,0.43,45.15,0.25,C3'-endo
62,62,0.82,C,C,C,0,1,0,0,0,),52,1,cWW,cW-W,4.96,3.15,1.26,1.29,3.76,5.02,5.02,3.35,BI,anti,A,4.44,4.60,2.98,3.71,3.15,3.76,3.71,4.41,6.21,5.82,0.80,5.44,0.58,49.43,0.40,C3'-endo
63,63,0.83,C,C,C,0,1,0,0,0,),51,1,cWW,cW-W,5.17,3.24,0.82,1.46,3.72,5.07,4.94,3.64,BI,anti,A,4.18,4.71,2.95,3.81,3.13,3.79,3.97,4.01,0.13,5.75,0.71,5.63,0.33,41.02,0.14,C3'-endo
64,64,0.84,G,G,G,0,0,1,0,0,),50,1,cWW,cW-W,5.02,2.82,1.26,1.41,3.73,5.08,4.93,3.21,BI,anti,A,4.80,4.76,2.99,3.79,3.22,3.78,3.73,4.59,6.22,5.90,0.64,5.59,0.49,40.22,0.42,C3'-endo
65,65,0.86,U,U,U,0,0,0,1,0,),49,1,cWW,cW-W,5.06,2.99,0.84,1.39,3.49,4.94,4.83,3.48,BI,anti,A,4.51,4.68,2.71,3.51,3.04,3.56,4.24,3.79,0.07,5.75,0.76,5.54,0.43,44.67,0.24,C3'-endo
66,66,0.87,A,A,A,1,0,0,0,0,),7,1,cWW,cW-W,5.24,3.31,0.72,1.51,3.71,4.89,5.10,3.68,BI,anti,A,4.19,4.73,3.08,3.76,3.17,3.79,3.50,4.40,0.21,5.70,0.72,5.67,0.26,41.02,0.04,C3'-endo
67,67,0.88,C,C,C,0,1,0,0,0,),6,1,cWW,cW-W,5.39,2.60,0.95,1.42,3.77,4.72,5.34,3.41,BI,anti,A,4.54,4.70,2.95,3.71,3.23,3.75,4.11,4.23,0.15,5.72,0.73,5.63,0.32,41.96,0.12,C3'-endo
68,68,0.89,U,U,U,0,0,0,1,0,.,,0,,,5.66,2.54,0.68,1.40,3.29,4.96,4.61,3.03,BI,anti,.,4.23,4.41,2.79,3.67,3.17,3.68,4.10,3.61,0.07,5.76,0.75,5.56,0.41,44.09,0.23,C3'-endo
69,69,0.91,C,C,C,0,1,0,0,0,),4,1,cWW,cW-W,4.46,3.43,1.67,1.63,3.40,4.98,4.71,3.33,BI,anti,A,4.00,4.02,3.07,3.77,3.27,3.59,3.41,4.05,6.02,6.18,0.40,5.72,0.52,32.82,0.79,C4'-exo
70,70,0.92,C,C,C,0,1,0,0,0,),3,1,cWW,cW-W,4.89,3.14,1.07,1.47,3.74,5.15,4.88,3.21,BI,anti,.,4.38,4.42,2.91,3.89,3.08,3.86,3.84,4.24,6.13,5.98,0.62,5.55,0.55,41.28,0.54,C3'-endo
71,71,0.93,C,C,C,0,1,0,0,0,),2,1,cWW,cW-W,4.76,2.81,1.46,1.34,3.72,4.72,5.28,3.43,BI,anti,A,4.36,4.52,2.87,3.37,3.18,3.39,3.86,3.68,6.04,6.00,0.66,5.46,0.67,46.53,0.62,C3'-endo
72,72,0.95,C,C,C,0,1,0,0,0,),1,1,cWW,cW-W,5.00,2.99,0.97,1.42,3.98,4.86,5.41,3.49,BI,anti,.,4.23,4.63,2.96,3.82,3.02,3.91,3.39,4.56,6.23,5.86,0.70,5.53,0.51,43.39,0.39,C3'-endo
73,73,0.96,G,G,G,0,0,1,0,0,.,,0,,,5.19,3.17,0.68,1.59,3.63,4.72,5.19,3.88,BI,anti,.,3.61,4.59,2.86,4.36,3.08,4.44,3.87,5.15,0.23,5.77,0.59,5.81,0.16,33.89,6.22,C2'-exo
74,74,0.97,C,C,C,0,1,0,0,0,.,,0,,,2.64,4.34,3.09,1.82,4.84,4.46,0.37,3.62,..,anti,.,1.93,2.26,3.73,4.76,4.03,4.96,4.86,5.24,5.76,0.34,6.23,6.04,0.48,29.84,1.68,O4'-endo
75,75,0.99,C,C,C,0,1,0,0,0,.,,0,,,2.13,4.67,3.57,1.57,3.74,4.50,5.53,1.50,BI,syn,.,-0.64,4.33,3.36,2.67,4.04,2.22,4.86,1.00,0.10,5.86,0.57,5.75,0.27,33.34,0.16,C3'-endo
76,76,1.00,A,A,A,1,0,0,0,0,.,,0,,,4.90,2.78,5.65,1.86,,,,4.22,..,anti,-,,,,,,,,,0.42,5.74,0.44,6.07,6.15,30.33,5.71,C2'-exo
