index_chain,old_nt_resnum,nt_position,nt_name,nt_code,nt_align_code,is_A,is_C,is_G,is_U,is_other,dbn,paired,nb_interact,pair_type_LW,pair_type_DSSR,alpha,beta,gamma,delta,epsilon,zeta,epsilon_zeta,chi,bb_type,glyco_bond,form,ssZp,Dp,eta,theta,eta_prime,theta_prime,eta_base,theta_base,v0,v1,v2,v3,v4,amplitude,phase_angle,puckering
1,1,0.03,G,G,G,0,0,1,0,0,(,35,1,cWW,cW-W,,2.76,0.74,1.52,3.78,5.00,5.07,3.45,BI,anti,A,4.38,4.57,,3.95,,3.93,,4.53,0.17,5.75,0.68,5.69,0.27,38.90,0.08,C3'-endo
2,2,0.05,C,C,C,0,1,0,0,0,(,34,1,cWW,cW-W,5.14,2.92,0.86,1.36,3.60,5.03,4.85,3.56,BI,anti,A,4.36,4.67,2.75,3.71,3.06,3.73,4.02,4.13,0.09,5.74,0.77,5.55,0.41,45.21,0.21,C3'-endo
3,3,0.08,C,C,C,0,1,0,0,0,(,33,1,cWW,cW-W,5.04,3.19,0.93,1.40,3.72,4.94,5.06,3.49,BI,anti,A,4.45,4.67,2.95,3.71,3.12,3.74,3.71,4.18,0.04,5.81,0.70,5.58,0.42,41.75,0.28,C3'-endo
4,4,0.11,C,C,C,0,1,0,0,0,(,32,1,cWW,cW-W,5.09,3.08,0.87,1.37,3.68,5.03,4.93,3.47,BI,anti,A,4.52,4.71,2.82,3.73,3.00,3.73,3.68,4.11,0.10,5.72,0.78,5.55,0.40,45.41,0.20,C3'-endo
5,5,0.13,G,G,G,0,0,1,0,0,(,31,1,cWW,cW-W,5.04,3.02,1.04,1.33,3.70,5.00,4.99,3.32,BI,anti,A,4.66,4.71,2.86,3.67,3.06,3.69,3.73,4.10,0.08,5.75,0.77,5.54,0.42,45.09,0.23,C3'-endo
6,6,0.16,G,G,G,0,0,1,0,0,(,30,1,cWW,cW-W,5.07,2.92,1.19,1.30,3.60,5.05,4.83,3.20,BI,anti,A,4.74,4.72,2.95,3.64,3.19,3.65,3.90,4.07,0.07,5.73,0.79,5.51,0.45,46.77,0.24,C3'-endo
7,7,0.18,A,A,A,1,0,0,0,0,(,29,1,cWW,cW-W,4.96,3.31,0.99,1.34,3.68,5.15,4.81,3.42,BI,anti,A,4.57,4.73,3.01,3.78,3.13,3.83,3.73,4.36,0.11,5.72,0.78,5.54,0.41,45.75,0.20,C3'-endo
8,8,0.21,U,U,U,0,0,0,1,0,.,27,1,tWH,tW-M,5.06,2.87,1.16,1.38,3.47,4.89,4.87,3.40,BI,anti,.,4.58,4.64,2.89,3.52,3.24,3.46,4.12,3.59,0.12,5.71,0.78,5.56,0.39,45.16,0.18,C3'-endo
9,9,0.24,A,A,A,1,0,0,0,0,.,26,1,tHS,tM-m,5.20,2.75,1.30,1.32,3.57,5.18,4.67,3.12,BI,anti,.,4.66,4.66,3.06,4.52,3.29,4.62,3.71,5.46,0.00,5.80,0.75,5.53,0.48,45.09,0.32,C3'-endo
10,10,0.26,G,G,G,0,0,1,0,0,(,25,1,cWW,cW-W,2.59,4.06,3.20,2.73,4.54,4.80,6.02,3.68,..,anti,.,0.14,0.54,4.28,4.43,4.61,4.00,5.77,3.68,5.98,0.65,5.54,0.59,6.11,42.64,3.06,C2'-endo
11,11,0.29,U,U,U,0,0,0,1,0,.,,0,,,1.12,3.21,0.79,2.56,4.64,5.14,5.79,4.50,..,anti,.,0.39,0.69,5.12,5.43,0.02,4.91,0.40,5.49,5.91,0.62,5.66,0.43,6.24,36.93,2.88,C2'-endo
12,12,0.32,G,G,G,0,0,1,0,0,(,"19,24",2,"tHW,cWW","tM-W,cW-W",5.31,4.21,1.16,2.44,4.76,4.51,0.25,3.99,..,anti,.,1.23,1.07,4.16,5.13,5.00,4.86,4.70,5.25,5.77,0.71,5.66,0.35,0.10,40.28,2.67,C2'-endo
13,13,0.34,U,U,U,0,0,0,1,0,.,,0,,,4.88,3.06,0.80,2.39,4.04,5.09,5.22,3.81,..,anti,.,1.81,1.78,2.59,5.14,3.39,4.01,3.92,3.26,5.84,0.61,5.74,0.31,0.08,34.96,2.68,C2'-endo
14,14,0.37,C,C,C,0,1,0,0,0,.,,0,,,2.97,2.55,0.78,1.42,3.69,5.06,4.91,3.40,BI,anti,A,4.60,4.72,0.12,3.89,1.03,3.85,1.17,4.24,0.15,5.70,0.77,5.59,0.35,44.39,0.13,C3'-endo
15,15,0.39,C,C,C,0,1,0,0,0,.,,0,,,5.06,2.88,1.20,1.41,3.76,5.16,4.88,3.40,BI,anti,A,4.60,4.70,3.01,3.94,3.29,3.92,4.05,4.44,0.10,5.76,0.72,5.60,0.37,41.92,0.20,C3'-endo
16,16,0.42,U,U,U,0,0,0,1,0,.,,0,,,5.05,3.16,0.87,1.38,3.44,4.88,4.84,3.43,BI,anti,A,4.59,4.64,2.83,3.40,3.14,3.47,4.02,3.70,6.27,5.82,0.71,5.54,0.48,43.42,0.34,C3'-endo
17,17,0.45,U,U,U,0,0,0,1,0,.,,0,,,4.89,3.33,0.93,1.46,3.81,5.21,4.88,3.49,BI,anti,.,4.40,4.65,2.98,4.08,3.01,4.21,3.30,4.67,0.10,5.79,0.68,5.65,0.33,39.28,0.17,C3'-endo
18,18,0.47,G,G,G,0,0,1,0,0,.,,0,,,5.13,2.96,1.25,2.34,3.71,5.03,4.96,3.96,BI,anti,.,2.81,2.69,3.04,4.57,3.70,4.10,4.37,4.35,5.61,0.83,5.65,0.25,0.27,45.84,2.48,C1'-exo
19,19,0.50,G,G,G,0,0,1,0,0,.,12,1,tWH,tW-M,3.37,2.19,2.96,2.62,4.65,1.87,2.77,4.21,..,anti,.,0.01,0.94,3.84,1.48,3.88,1.27,4.18,1.55,5.76,0.80,5.51,0.50,0.01,46.73,2.80,C2'-endo
20,20,0.53,G,G,G,0,0,1,0,0,.,,0,,,1.03,4.27,3.91,1.45,3.40,1.18,2.22,1.25,..,syn,.,-2.60,3.35,3.91,5.43,3.17,4.95,3.39,3.95,5.51,0.37,0.16,5.66,0.89,50.47,1.39,O4'-endo
21,21,0.55,A,A,A,1,0,0,0,0,.,,0,,,1.27,2.82,0.93,1.44,3.48,4.86,4.90,3.36,BI,anti,A,4.67,4.71,5.64,3.61,0.37,3.59,1.33,3.85,0.17,5.69,0.76,5.61,0.33,43.97,0.10,C3'-endo
22,22,0.58,A,A,A,1,0,0,0,0,.,,0,,,5.33,2.80,1.09,1.47,3.83,5.17,4.95,3.50,BI,anti,.,4.35,4.64,3.20,4.13,3.42,4.11,3.90,4.91,0.20,5.71,0.72,5.67,0.26,41.04,0.05,C3'-endo
23,23,0.61,A,A,A,1,0,0,0,0,.,,0,,,4.99,2.89,0.99,1.41,3.73,5.23,4.79,3.41,BI,anti,A,4.55,4.70,2.70,4.04,3.13,4.04,4.39,4.59,0.11,5.74,0.74,5.58,0.37,43.37,0.18,C3'-endo
24,24,0.63,C,C,C,0,1,0,0,0,),12,1,cWW,cW-W,5.01,3.09,1.08,1.38,3.81,5.03,5.07,3.41,BI,anti,.,4.49,4.66,2.97,3.85,3.29,3.93,4.21,4.67,0.01,5.81,0.73,5.54,0.46,43.95,0.31,C3'-endo
25,25,0.66,C,C,C,0,1,0,0,0,),10,1,cWW,cW-W,5.10,3.03,1.02,1.48,3.74,5.25,4.77,3.43,BI,anti,.,4.42,4.56,2.95,4.12,3.26,4.13,4.26,5.04,0.09,5.79,0.68,5.64,0.35,39.80,0.19,C3'-endo
26,26,0.68,G,G,G,0,0,1,0,0,.,9,1,tSH,tm-M,5.06,3.03,0.90,1.42,3.56,4.82,5.03,3.59,BI,anti,.,4.32,4.66,2.78,2.96,3.21,2.76,4.52,2.80,0.15,5.74,0.71,5.64,0.31,40.92,0.12,C3'-endo
27,27,0.71,A,A,A,1,0,0,0,0,.,8,1,tHW,tM-W,4.34,1.50,2.74,1.63,3.91,5.43,4.76,2.77,BI,anti,.,4.41,4.77,3.50,3.31,3.15,3.15,3.08,1.76,0.47,5.54,0.72,5.81,0.00,43.65,5.96,C2'-exo
28,28,0.74,G,G,G,0,0,1,0,0,.,,0,,,5.03,4.25,5.14,2.68,4.34,5.31,5.31,1.29,..,syn,.,-1.09,1.10,2.19,4.55,2.25,4.74,1.09,5.25,6.01,0.62,5.58,0.57,6.10,40.59,3.08,C2'-endo
29,29,0.76,U,U,U,0,0,0,1,0,),7,1,cWW,cW-W,5.07,3.26,0.81,1.44,3.71,5.00,4.99,3.36,BI,anti,A,4.56,4.65,2.69,3.74,3.48,3.81,3.85,4.33,0.17,5.70,0.75,5.61,0.32,43.14,0.10,C3'-endo
30,30,0.79,C,C,C,0,1,0,0,0,),6,1,cWW,cW-W,5.16,3.02,0.91,1.38,3.66,4.97,4.98,3.47,BI,anti,A,4.47,4.66,2.91,3.68,3.14,3.72,3.89,4.12,0.09,5.74,0.76,5.55,0.41,44.56,0.21,C3'-endo
31,31,0.82,C,C,C,0,1,0,0,0,),5,1,cWW,cW-W,5.11,3.10,0.97,1.38,3.66,4.98,4.96,3.37,BI,anti,A,4.55,4.62,2.98,3.69,3.15,3.69,3.75,4.00,0.05,5.78,0.73,5.56,0.42,43.42,0.26,C3'-endo
32,32,0.84,G,G,G,0,0,1,0,0,),4,1,cWW,cW-W,5.02,3.06,0.99,1.30,3.80,4.91,5.17,3.33,BI,anti,A,4.65,4.75,2.88,3.64,3.03,3.67,3.56,4.15,0.02,5.78,0.77,5.51,0.48,46.09,0.30,C3'-endo
33,33,0.87,G,G,G,0,0,1,0,0,),3,1,cWW,cW-W,5.17,2.88,1.02,1.33,3.66,5.08,4.87,3.30,BI,anti,A,4.72,4.75,2.88,3.74,3.10,3.76,3.85,4.24,0.10,5.72,0.78,5.54,0.41,45.48,0.20,C3'-endo
34,34,0.89,G,G,G,0,0,1,0,0,),2,1,cWW,cW-W,5.06,3.09,1.08,1.40,3.64,5.04,4.88,3.35,BI,anti,A,4.59,4.65,3.02,3.74,3.27,3.78,4.01,4.21,0.10,5.75,0.73,5.59,0.38,42.77,0.19,C3'-endo
35,35,0.92,C,C,C,0,1,0,0,0,),1,1,cWW,cW-W,5.12,3.16,0.96,1.43,3.86,4.99,5.16,3.65,BI,anti,.,4.01,4.55,3.11,3.90,3.29,4.01,3.88,4.89,0.01,5.86,0.65,5.63,0.41,38.79,0.30,C3'-endo
36,36,0.95,A,A,A,1,0,0,0,0,.,,0,,,5.10,2.85,1.09,1.51,3.92,4.96,5.24,3.91,BI,anti,.,3.30,4.59,2.98,3.98,3.34,4.05,4.38,4.05,0.06,5.86,0.61,5.69,0.34,36.13,0.24,C3'-endo
37,37,0.97,C,C,C,0,1,0,0,0,.,,0,,,5.10,3.30,1.00,2.40,4.46,5.11,5.63,3.99,..,anti,.,0.72,0.88,3.39,5.34,3.73,4.93,3.77,5.48,5.74,0.69,5.70,0.29,0.15,39.05,2.59,C2'-endo
38,38,1.00,C,C,C,0,1,0,0,0,.,,0,,,4.24,3.16,1.09,1.47,,,,3.53,n/a,anti,-,,,,,,,,,6.28,5.90,0.61,5.66,0.40,36.95,0.33,C3'-endo
