index_chain,old_nt_resnum,nt_position,nt_name,nt_code,nt_align_code,is_A,is_C,is_G,is_U,is_other,dbn,paired,nb_interact,pair_type_LW,pair_type_DSSR,alpha,beta,gamma,delta,epsilon,zeta,epsilon_zeta,chi,bb_type,glyco_bond,form,ssZp,Dp,eta,theta,eta_prime,theta_prime,eta_base,theta_base,v0,v1,v2,v3,v4,amplitude,phase_angle,puckering
1,13,0.08,G,G,G,0,0,1,0,0,),0,1,cWW,cW-W,,,1.41,1.34,3.49,4.22,5.56,3.50,BI,anti,A,4.46,4.67,,,,,,,0.02,5.84,0.65,5.62,0.41,39.01,0.30,C3'-endo
2,14,0.17,G,G,G,0,0,1,0,0,),0,1,cWW,cW-W,2.69,4.08,2.88,1.34,4.20,4.71,5.78,3.13,..,anti,A,4.54,4.62,2.93,3.76,3.08,3.73,3.51,4.53,6.19,5.99,0.56,5.62,0.45,36.17,0.49,C3'-endo
3,15,0.25,U,U,U,0,0,0,1,0,),0,1,cWW,cW-W,5.29,2.59,1.08,1.33,3.93,4.92,5.29,3.57,BI,anti,A,4.45,4.76,2.88,3.76,3.15,3.72,4.29,4.21,0.22,5.66,0.77,5.64,0.26,44.22,0.03,C3'-endo
4,16,0.33,G,G,G,0,0,1,0,0,.,0,1,cWW,cW-W,4.95,2.89,1.07,1.27,3.68,4.81,5.15,3.46,BI,anti,A,4.56,4.75,2.64,3.57,2.87,3.67,3.70,4.02,0.23,5.56,0.89,5.52,0.35,50.85,0.06,C3'-endo
5,17,0.42,C,C,C,0,1,0,0,0,),0,1,cWW,cW-W,5.11,3.17,1.15,1.31,3.77,4.68,5.37,3.24,BI,anti,A,4.99,4.66,3.20,3.71,3.33,3.64,3.79,3.77,6.25,5.83,0.75,5.52,0.51,46.06,0.36,C3'-endo
6,18,0.50,G,G,G,0,0,1,0,0,),0,1,cWW,cW-W,5.26,2.72,0.66,1.42,5.44,3.24,2.20,3.05,..,anti,A,5.39,4.60,2.94,3.79,2.99,3.87,3.34,4.24,6.24,5.78,0.81,5.46,0.54,49.62,0.35,C3'-endo
7,19,0.58,G,G,G,0,0,1,0,0,),0,1,cWW,cW-W,5.17,1.98,1.08,1.19,3.65,4.92,5.02,3.43,BI,anti,A,4.62,4.68,2.73,3.70,3.07,3.63,3.74,4.03,6.11,5.99,0.61,5.49,0.58,41.96,0.59,C3'-endo
8,20,0.67,G,G,G,0,0,1,0,0,),0,1,cWW,cW-W,5.08,3.13,1.11,1.41,3.80,4.92,5.17,3.50,BI,anti,.,4.26,4.82,3.04,3.87,3.18,3.88,3.83,4.05,6.28,5.83,0.67,5.56,0.45,40.75,0.34,C3'-endo
9,21,0.75,G,G,G,0,0,1,0,0,),0,1,cWW,cW-W,5.21,2.63,1.07,1.27,3.27,4.77,4.78,3.29,BI,anti,A,4.19,4.37,2.71,3.33,3.07,3.35,3.60,3.85,5.98,6.07,0.62,5.47,0.70,46.52,0.69,C4'-exo
10,22,0.83,G,G,G,0,0,1,0,0,),0,1,cWW,cW-W,5.02,3.23,1.18,1.26,3.76,4.88,5.17,3.64,BI,anti,.,3.73,4.68,3.20,3.94,3.16,3.96,3.69,4.67,0.09,5.77,0.78,5.57,0.39,45.55,0.21,C3'-endo
11,23,0.92,A,A,A,1,0,0,0,0,),0,1,cWW,cW-W,3.09,3.33,2.63,1.50,4.12,4.99,5.42,3.36,..,anti,.,4.61,4.71,2.73,3.91,3.05,3.86,4.05,4.26,0.29,5.72,0.64,5.78,0.12,36.71,6.17,C2'-exo
12,24,1.00,U,U,U,0,0,0,1,0,),0,1,cWW,cW-W,5.16,2.74,1.26,1.39,,,,3.03,n/a,anti,-,,,,,,,,,6.19,5.98,0.56,5.65,0.47,36.02,0.48,C3'-endo
