index_chain,old_nt_resnum,nt_position,nt_name,nt_code,nt_align_code,is_A,is_C,is_G,is_U,is_other,dbn,paired,nb_interact,pair_type_LW,pair_type_DSSR,alpha,beta,gamma,delta,epsilon,zeta,epsilon_zeta,chi,bb_type,glyco_bond,form,ssZp,Dp,eta,theta,eta_prime,theta_prime,eta_base,theta_base,v0,v1,v2,v3,v4,amplitude,phase_angle,puckering
1,11,0.10,DC,C,C,0,1,0,0,0,),0,1,cWW,cW-W,,,2.94,1.60,3.78,5.17,4.89,3.04,BI,anti,A,4.63,4.69,,,,,,,0.43,5.62,0.64,5.91,6.25,39.40,5.92,C2'-exo
2,12,0.20,DC,C,C,0,1,0,0,0,),0,1,cWW,cW-W,4.99,3.10,1.08,1.31,3.22,5.35,4.16,3.45,BI,anti,.,4.34,4.51,2.88,3.71,3.24,3.69,3.86,4.04,6.22,5.85,0.75,5.50,0.54,46.38,0.39,C3'-endo
3,13,0.30,DG,G,G,0,0,1,0,0,),0,1,cWW,cW-W,5.13,2.91,0.96,1.36,3.70,4.86,5.12,3.34,BI,anti,A,4.71,4.82,3.01,3.57,3.16,3.65,3.76,4.02,0.02,5.80,0.69,5.56,0.45,41.52,0.30,C3'-endo
4,14,0.40,DG,G,G,0,0,1,0,0,),0,1,cWW,cW-W,5.16,2.83,1.22,1.34,3.76,4.89,5.15,3.36,BI,anti,A,4.53,4.79,3.17,3.60,3.38,3.61,3.92,4.05,0.11,5.73,0.75,5.58,0.38,43.43,0.18,C3'-endo
5,15,0.50,C,C,C,0,1,0,0,0,),0,1,cWW,cW-W,4.99,2.99,1.02,1.41,3.80,5.21,4.87,3.49,BI,anti,A,4.52,4.86,2.97,3.94,3.13,3.90,3.78,4.19,0.17,5.67,0.81,5.57,0.34,46.54,0.11,C3'-endo
6,16,0.60,DG,G,G,0,0,1,0,0,),0,1,cWW,cW-W,4.95,2.92,1.00,1.35,3.50,4.78,5.01,3.48,BI,anti,A,4.43,4.55,2.72,3.37,3.02,3.42,3.66,3.80,6.19,5.89,0.69,5.53,0.55,43.84,0.44,C3'-endo
7,17,0.70,DC,C,C,0,1,0,0,0,),0,1,cWW,cW-W,5.21,3.00,0.98,1.29,3.73,5.09,4.92,3.62,BI,anti,A,3.97,4.68,3.00,3.93,3.08,3.96,3.55,4.50,0.04,5.77,0.77,5.54,0.44,45.70,0.26,C3'-endo
8,18,0.80,DC,C,C,0,1,0,0,0,),0,1,cWW,cW-W,5.31,2.65,1.14,1.21,3.26,5.01,4.54,3.46,BI,anti,A,4.66,4.71,2.89,3.54,3.23,3.52,4.13,3.87,0.01,5.75,0.80,5.48,0.52,48.07,0.31,C3'-endo
9,19,0.90,DG,G,G,0,0,1,0,0,),0,1,cWW,cW-W,5.46,2.67,0.98,1.37,3.55,5.08,4.76,3.27,BI,anti,A,4.30,4.68,3.08,3.69,3.30,3.66,3.90,4.01,0.08,5.77,0.72,5.59,0.39,42.44,0.22,C3'-endo
10,20,1.00,DG,G,G,0,0,1,0,0,),0,1,cWW,cW-W,4.97,3.20,1.00,1.42,,,,3.59,n/a,anti,-,,,,,,,,,0.11,5.80,0.63,5.67,0.32,36.91,0.18,C3'-endo
