index_chain,old_nt_resnum,nt_position,nt_name,nt_code,nt_align_code,is_A,is_C,is_G,is_U,is_other,dbn,paired,nb_interact,pair_type_LW,pair_type_DSSR,alpha,beta,gamma,delta,epsilon,zeta,epsilon_zeta,chi,bb_type,glyco_bond,form,ssZp,Dp,eta,theta,eta_prime,theta_prime,eta_base,theta_base,v0,v1,v2,v3,v4,amplitude,phase_angle,puckering
1,1,0.01,G,G,G,0,0,1,0,0,(,73,1,cWW,cW-W,,1.46,2.96,1.53,3.64,5.03,4.89,3.24,BI,anti,.,4.66,4.66,,2.63,,3.03,,3.60,0.13,5.77,0.68,5.67,0.31,39.09,0.13,C3'-endo
2,2,0.03,G,G,G,0,0,1,0,0,(,72,1,cWW,cW-W,5.13,3.28,0.86,1.44,3.89,4.83,5.34,3.17,BI,anti,.,4.79,4.78,3.01,3.74,3.20,3.80,3.84,3.93,0.12,5.79,0.66,5.67,0.31,38.37,0.15,C3'-endo
3,3,0.04,A,A,A,1,0,0,0,0,(,71,1,cWW,cW-W,5.39,3.04,0.79,1.39,3.53,5.08,4.74,3.51,BI,anti,A,4.38,4.53,2.95,3.60,3.13,3.62,3.44,4.18,0.01,5.87,0.63,5.64,0.40,37.91,0.31,C3'-endo
4,4,0.05,C,C,C,0,1,0,0,0,(,70,1,cWW,cW-W,4.95,2.93,1.21,1.36,3.91,5.01,5.18,3.30,BI,anti,A,4.62,4.72,2.93,3.77,3.14,3.75,3.94,3.95,0.07,5.79,0.70,5.60,0.39,41.23,0.23,C3'-endo
5,5,0.06,C,C,C,0,1,0,0,0,(,69,1,cWW,cW-W,4.89,2.77,1.46,1.36,3.64,4.98,4.94,3.38,BI,anti,A,4.48,4.51,2.89,3.55,3.18,3.53,3.68,4.04,6.22,5.93,0.60,5.63,0.45,37.80,0.41,C3'-endo
6,6,0.08,U,U,U,0,0,0,1,0,(,68,1,cWW,cW-W,4.76,2.95,1.46,1.50,4.43,4.21,0.22,3.12,..,anti,A,4.54,4.61,3.17,3.74,3.30,3.91,3.95,4.08,0.03,5.88,0.60,5.68,0.36,35.69,0.28,C3'-endo
7,7,0.09,U,U,U,0,0,0,1,0,(,67,1,cWW,cW-W,5.81,2.11,1.34,1.88,3.00,1.00,1.99,3.54,..,anti,.,0.58,2.05,3.27,6.03,4.00,5.46,4.24,6.15,5.68,0.49,6.08,6.16,0.45,33.38,1.94,C1'-exo
8,8,0.10,U,U,U,0,0,0,1,0,.,13,1,tWH,tW-M,5.69,3.44,5.77,2.05,4.03,3.32,0.72,2.54,BII,anti,.,3.53,4.13,2.90,2.85,3.63,3.61,3.92,3.18,0.15,6.10,0.16,6.20,6.24,10.71,5.75,C2'-exo
9,9,0.12,A,A,A,1,0,0,0,0,.,23,1,tHH,tM+M,3.11,4.04,2.61,2.33,4.80,5.17,5.92,4.11,..,anti,.,1.00,0.98,3.70,5.70,3.19,4.57,2.44,4.43,5.75,0.65,5.77,0.22,0.19,36.51,2.51,C2'-endo
10,10,0.13,G,G,G,0,0,1,0,0,(,26,1,cWW,cW-W,3.25,3.02,0.73,1.79,3.79,4.94,5.14,3.35,BI,anti,A,4.56,4.59,0.26,4.00,1.46,3.96,2.15,4.40,0.13,5.96,0.39,5.96,0.13,22.34,6.28,C2'-exo
11,11,0.14,C,C,C,0,1,0,0,0,(,25,1,cWW,cW-W,5.44,3.10,0.79,1.46,3.47,5.03,4.73,3.64,BI,anti,.,4.22,4.58,3.04,3.98,3.33,3.85,4.09,4.23,0.09,5.87,0.55,5.77,0.27,31.89,0.17,C3'-endo
12,12,0.16,U,U,U,0,0,0,1,0,(,24,1,cWW,cW-W,3.05,3.31,2.54,1.44,4.58,4.31,0.27,2.76,..,anti,.,4.77,4.81,2.69,4.04,2.96,3.82,3.65,4.45,0.20,5.71,0.71,5.67,0.27,40.98,0.05,C3'-endo
13,13,0.17,C,C,C,0,1,0,0,0,(,"8,23",2,"tHW,cWW","tM-W,cW-W",1.74,3.95,3.59,1.47,3.23,5.75,3.76,3.39,BI,anti,.,4.60,4.64,2.77,3.31,3.02,3.40,4.07,3.55,0.28,5.66,0.72,5.70,0.19,41.05,6.22,C2'-exo
14,14,0.18,A,A,A,1,0,0,0,0,.,22,1,cWS,cW-m,4.82,3.70,0.69,1.44,3.66,5.30,4.64,3.23,BI,anti,.,4.44,4.46,3.05,3.86,3.24,4.06,3.53,4.92,0.00,5.90,0.59,5.68,0.38,35.51,0.32,C3'-endo
15,15,0.19,G,G,G,0,0,1,0,0,.,49,1,tWW,tW+W,5.01,3.04,1.15,1.43,3.97,3.68,0.29,3.17,..,anti,.,4.54,4.55,2.99,2.16,3.43,1.86,4.56,1.92,6.27,5.91,0.60,5.66,0.40,36.46,0.34,C3'-endo
16,16,0.21,U,U,U,0,0,0,1,0,.,,0,,,5.97,5.05,4.69,1.64,3.02,2.41,0.61,4.68,..,anti,.,0.77,4.02,3.84,5.06,3.32,4.30,2.93,3.79,0.22,5.84,0.48,5.91,0.10,27.92,6.15,C2'-exo
17,17,0.22,U,U,U,0,0,0,1,0,.,,0,,,5.18,4.65,2.79,1.37,2.82,0.64,2.19,3.79,..,anti,.,3.92,4.21,6.16,6.10,1.72,4.57,2.00,3.63,0.06,5.79,0.71,5.59,0.40,42.03,0.24,C3'-endo
18,18,0.23,G,G,G,0,0,1,0,0,.,56,1,tWS,tW+m,1.06,1.80,1.56,1.67,4.76,3.93,0.83,3.62,..,anti,.,2.07,2.30,5.68,3.32,0.40,3.45,0.83,4.07,5.83,0.18,0.15,5.87,0.54,30.83,1.29,O4'-endo
19,19,0.25,G,G,G,0,0,1,0,0,[,57,1,cWW,cW-W,5.42,2.94,0.45,1.87,3.64,3.93,6.00,4.32,..,anti,.,2.20,4.11,3.12,2.96,3.32,2.06,3.87,1.21,0.01,6.13,0.24,6.05,0.15,14.06,0.29,C3'-endo
20,20,0.26,U,U,U,0,0,0,1,0,.,,0,,,0.60,4.41,3.12,1.30,1.56,5.18,2.66,4.19,..,anti,.,2.45,2.64,2.54,1.46,1.85,1.22,1.61,0.63,6.04,6.10,0.51,5.62,0.57,38.00,0.69,C4'-exo
21,21,0.27,U,U,U,0,0,0,1,0,.,,0,,,3.40,3.66,0.69,2.48,3.49,4.44,5.34,5.19,BI,anti,.,1.68,2.58,1.35,4.49,1.26,3.96,0.95,3.92,5.87,0.63,5.69,0.36,0.03,36.25,2.76,C2'-endo
22,22,0.29,A,A,A,1,0,0,0,0,.,14,1,cSW,cm-W,2.09,3.48,5.72,1.99,3.59,4.13,5.74,4.15,BI,anti,.,2.71,4.25,4.94,3.31,5.28,3.19,5.57,3.05,0.15,6.08,0.18,6.18,6.25,11.62,5.81,C2'-exo
23,23,0.30,G,G,G,0,0,1,0,0,),"9,13,47",3,"tHH,cWW,tHW","tM+M,cW-W,tM-W",2.32,3.57,3.16,1.35,3.63,4.79,5.12,3.37,BI,anti,A,4.59,4.66,2.58,3.49,2.63,3.40,2.62,3.72,0.07,5.81,0.68,5.62,0.37,39.83,0.22,C3'-endo
24,24,0.31,A,A,A,1,0,0,0,0,),12,1,cWW,cW-W,2.99,3.48,2.84,1.39,4.09,4.68,5.69,3.21,..,anti,A,4.72,4.79,2.84,3.54,3.05,3.59,3.63,4.07,0.14,5.74,0.71,5.62,0.33,41.36,0.14,C3'-endo
25,25,0.32,G,G,G,0,0,1,0,0,),11,1,cWW,cW-W,5.72,2.70,0.65,1.38,3.51,5.21,4.58,3.37,BI,anti,A,4.53,4.57,2.89,3.77,3.17,3.76,3.93,4.29,0.01,5.85,0.67,5.60,0.43,40.48,0.31,C3'-endo
26,26,0.34,C,C,C,0,1,0,0,0,),10,1,cWW,cW-W,4.96,3.32,0.84,1.41,3.53,5.30,4.51,3.32,BI,anti,A,4.59,4.59,2.90,3.78,3.07,3.86,3.87,4.63,0.05,5.83,0.65,5.64,0.38,38.44,0.25,C3'-endo
27,27,0.35,A,A,A,1,0,0,0,0,.,,0,,,4.69,3.10,1.35,1.51,4.10,5.03,5.35,3.14,..,anti,.,4.75,4.72,3.03,4.06,3.34,4.09,4.40,4.85,0.06,5.91,0.54,5.76,0.29,31.64,0.23,C3'-endo
28,28,0.36,G,G,G,0,0,1,0,0,(,44,1,cWW,cW-W,5.30,3.16,0.69,1.50,3.84,4.96,5.16,3.23,BI,anti,A,4.65,4.68,2.83,3.84,3.19,3.93,4.31,4.43,0.18,5.78,0.62,5.74,0.23,35.82,0.05,C3'-endo
29,29,0.38,A,A,A,1,0,0,0,0,(,43,1,cWW,cW-W,5.11,3.11,0.89,1.49,3.59,5.25,4.62,3.31,BI,anti,.,4.59,4.59,2.83,3.96,3.11,3.92,3.88,4.19,0.06,5.88,0.57,5.73,0.31,33.58,0.22,C3'-endo
30,30,0.39,C,C,C,0,1,0,0,0,(,42,1,cWW,cW-W,5.18,3.08,0.92,1.28,3.81,4.84,5.25,3.20,BI,anti,.,4.80,4.78,2.94,3.55,3.20,3.59,3.85,3.96,6.27,5.85,0.68,5.57,0.45,41.57,0.34,C3'-endo
31,31,0.40,G,G,G,0,0,1,0,0,(,41,1,cWW,cW-W,5.64,3.01,0.48,1.39,3.38,5.23,4.43,3.39,BI,anti,A,4.51,4.50,2.91,3.78,3.07,3.68,3.65,4.15,0.01,5.89,0.61,5.67,0.38,36.36,0.31,C3'-endo
32,32,0.42,G,G,G,0,0,1,0,0,(,40,1,cWW,cW-W,3.36,2.95,2.64,1.47,4.03,4.92,5.39,3.06,BI,anti,A,4.77,4.75,2.87,3.46,3.08,3.51,3.85,3.94,0.16,5.80,0.62,5.73,0.25,35.57,0.08,C3'-endo
33,33,0.43,C,C,C,0,1,0,0,0,.,,0,,,5.35,3.28,0.71,1.45,3.35,5.69,3.95,3.57,BI,anti,.,4.30,4.53,3.01,4.13,3.20,4.16,3.78,4.06,0.14,5.74,0.71,5.63,0.33,41.21,0.14,C3'-endo
34,34,0.44,U,U,U,0,0,0,1,0,.,,0,,,4.36,3.38,1.43,1.68,4.99,2.92,2.08,3.99,BII,anti,.,1.50,1.79,3.45,4.25,3.74,4.61,3.73,4.80,5.89,0.14,0.14,5.91,0.48,27.06,1.27,O4'-endo
35,35,0.45,C,C,C,0,1,0,0,0,.,,0,,,1.70,0.06,3.32,1.87,3.83,1.81,2.02,4.32,..,anti,.,1.85,4.42,5.76,5.40,5.13,6.09,5.20,0.72,6.28,6.11,0.27,6.00,0.19,16.63,0.35,C3'-endo
36,36,0.47,A,A,A,1,0,0,0,0,.,,0,,,4.79,2.89,0.75,1.22,3.85,5.10,5.03,0.99,BI,syn,.,-2.79,4.72,2.94,4.33,3.33,4.17,3.60,3.74,0.04,5.76,0.78,5.50,0.47,46.54,0.27,C3'-endo
37,37,0.48,U,U,U,0,0,0,1,0,.,,0,,,2.59,3.56,4.86,1.59,1.92,5.27,2.93,1.78,..,...,.,-0.15,2.00,5.02,2.29,5.17,2.53,4.79,2.65,6.15,6.18,0.28,5.91,0.32,21.02,0.70,C4'-exo
38,38,0.49,A,A,A,1,0,0,0,0,.,,0,,,2.71,3.59,2.96,2.23,4.77,5.53,5.53,4.26,..,anti,.,0.62,3.28,3.74,4.66,3.66,4.02,3.62,4.46,6.26,0.13,6.10,0.18,6.18,11.02,3.37,C3'-exo
39,39,0.51,A,A,A,1,0,0,0,0,.,,0,,,3.92,0.98,3.03,2.03,3.32,2.86,0.46,0.02,..,syn,.,-3.23,3.57,2.99,0.52,3.13,0.98,3.47,0.82,6.20,6.25,0.13,6.11,0.17,10.34,0.76,C4'-exo
40,40,0.52,C,C,C,0,1,0,0,0,),32,1,cWW,cW-W,1.37,3.64,3.70,1.44,3.63,5.00,4.92,3.73,BI,anti,.,3.87,4.52,2.76,2.98,2.46,3.16,2.87,3.65,0.08,5.82,0.66,5.65,0.34,38.74,0.21,C3'-endo
41,41,0.53,C,C,C,0,1,0,0,0,),31,1,cWW,cW-W,5.26,3.36,0.64,1.44,3.24,4.68,4.84,3.15,BI,anti,A,4.41,4.45,2.92,3.76,3.08,3.80,3.69,4.07,0.14,5.75,0.71,5.63,0.32,40.99,0.14,C3'-endo
42,42,0.55,G,G,G,0,0,1,0,0,),30,1,cWW,cW-W,3.14,3.99,2.55,1.40,3.62,5.04,4.86,3.26,BI,anti,A,4.55,4.55,2.71,3.75,3.05,3.63,3.61,3.78,0.03,5.86,0.63,5.65,0.38,37.63,0.28,C3'-endo
43,43,0.56,U,U,U,0,0,0,1,0,),29,1,cWW,cW-W,5.08,3.47,0.94,1.49,3.48,5.11,4.65,3.52,BI,anti,A,4.25,4.35,3.07,3.72,3.21,3.75,3.60,4.42,6.22,5.98,0.52,5.71,0.40,32.94,0.42,C3'-endo
44,44,0.57,C,C,C,0,1,0,0,0,),28,1,cWW,cW-W,5.01,2.93,1.23,1.46,3.75,4.93,5.10,3.26,BI,anti,A,4.47,4.48,3.01,3.71,3.31,3.67,4.25,4.16,0.02,5.92,0.54,5.73,0.33,32.60,0.29,C3'-endo
45,45,0.58,C,C,C,0,1,0,0,0,.,,0,,,5.22,3.06,0.80,1.42,4.07,4.81,5.54,3.14,..,anti,.,4.80,4.80,2.95,3.86,3.10,3.99,3.82,4.68,0.13,5.77,0.68,5.66,0.32,39.43,0.14,C3'-endo
46,46,0.60,G,G,G,0,0,1,0,0,.,,0,,,5.23,2.54,1.18,1.41,4.60,5.01,5.87,2.87,..,anti,.,4.75,4.76,3.09,4.42,3.41,4.34,4.33,4.21,0.06,5.84,0.65,5.66,0.36,38.20,0.24,C3'-endo
47,47,0.61,G,G,G,0,0,1,0,0,.,23,1,tWH,tW-M,5.48,3.92,0.36,1.65,2.92,4.58,4.62,4.98,BI,anti,.,0.70,3.05,3.26,2.97,3.50,2.51,3.53,1.60,6.04,0.02,0.19,5.95,0.36,20.81,1.03,C4'-exo
48,48,0.62,C,C,C,0,1,0,0,0,.,,0,,,2.62,1.78,1.48,1.99,4.49,4.82,5.96,3.14,..,anti,.,2.53,2.55,0.36,5.39,0.72,5.21,1.51,4.85,5.94,0.29,6.15,6.23,0.25,19.22,1.99,C1'-exo
49,49,0.64,C,C,C,0,1,0,0,0,.,15,1,tWW,tW+W,2.96,4.30,3.54,2.27,3.32,2.66,0.67,1.97,..,...,.,-0.09,3.14,4.19,1.26,4.71,1.06,5.66,4.71,6.17,0.17,6.12,0.10,0.01,9.76,2.78,C2'-endo
50,50,0.65,G,G,G,0,0,1,0,0,(,66,1,cWW,cW-W,0.87,3.32,0.99,1.78,3.74,4.44,5.59,3.10,BI,anti,A,4.72,4.60,5.61,4.09,5.56,3.92,1.81,4.23,0.15,5.96,0.38,5.99,0.10,21.63,6.22,C2'-exo
51,51,0.66,U,U,U,0,0,0,1,0,(,65,1,cWW,cW-W,2.78,3.68,2.83,1.47,4.85,3.94,0.91,3.03,..,anti,A,4.75,4.83,2.85,3.63,3.06,3.77,3.69,4.32,0.20,5.73,0.68,5.69,0.25,38.96,0.04,C3'-endo
52,52,0.68,A,A,A,1,0,0,0,0,(,64,1,cWW,cW-W,5.92,2.04,0.54,1.38,3.27,5.08,4.47,3.27,BI,anti,A,4.35,4.37,2.54,3.74,2.95,3.64,3.86,4.02,6.20,5.93,0.62,5.60,0.48,39.15,0.44,C3'-endo
53,53,0.69,G,G,G,0,0,1,0,0,(,63,1,cWW,cW-W,4.89,3.44,1.02,1.47,3.36,4.51,5.13,3.29,BI,anti,.,4.59,4.56,2.99,3.86,3.12,3.85,3.82,4.08,0.08,5.85,0.60,5.71,0.31,35.30,0.20,C3'-endo
54,54,0.70,G,G,G,0,0,1,0,0,(,62,1,cWW,cW-W,2.68,4.15,3.10,1.52,4.01,4.89,5.40,2.86,BI,anti,A,4.38,4.49,3.14,3.68,3.45,3.64,4.01,4.20,6.26,5.98,0.50,5.76,0.35,30.50,0.37,C3'-endo
55,55,0.71,U,U,U,0,0,0,1,0,.,59,1,tWH,tW-M,5.15,3.23,0.81,1.45,3.65,5.12,4.82,3.37,BI,anti,.,4.58,4.65,2.89,4.34,3.11,4.31,3.94,5.14,0.07,5.85,0.61,5.69,0.33,36.05,0.22,C3'-endo
56,56,0.73,U,U,U,0,0,0,1,0,.,18,1,tSW,tm+W,3.03,3.57,2.70,1.39,4.05,5.49,4.84,3.71,..,anti,.,3.76,4.62,2.74,4.47,3.25,3.56,4.43,2.52,0.07,5.81,0.67,5.64,0.36,39.53,0.22,C3'-endo
57,57,0.74,C,C,C,0,1,0,0,0,],19,1,cWW,cW-W,2.96,2.29,0.93,1.41,4.27,5.07,5.49,3.12,..,anti,.,4.63,4.63,0.13,4.34,0.75,4.31,0.48,5.01,6.27,5.93,0.57,5.69,0.39,34.93,0.35,C3'-endo
58,58,0.75,G,G,G,0,0,1,0,0,.,,0,,,5.15,2.86,1.11,1.44,4.48,3.97,0.51,3.45,..,anti,.,3.95,4.42,3.01,3.58,3.39,3.84,4.45,4.27,6.24,5.96,0.54,5.71,0.39,33.46,0.40,C3'-endo
59,59,0.77,A,A,A,1,0,0,0,0,.,55,1,tHW,tM-W,5.90,2.14,1.32,1.73,3.99,4.28,5.99,4.04,..,anti,.,2.38,3.21,3.74,4.02,4.04,3.14,4.29,2.33,5.94,0.11,0.14,5.94,0.43,24.33,1.23,C4'-exo
60,60,0.78,G,G,G,0,0,1,0,0,.,,0,,,2.22,3.30,1.30,1.55,3.99,5.04,5.24,3.28,BI,anti,.,4.56,4.61,0.52,4.22,0.88,4.28,0.88,5.02,0.06,5.88,0.58,5.73,0.31,34.12,0.22,C3'-endo
61,61,0.79,U,U,U,0,0,0,1,0,.,,0,,,5.82,2.90,0.74,1.60,3.00,0.37,2.63,4.32,..,anti,.,1.91,2.50,3.31,5.29,3.82,5.06,4.77,5.53,5.94,0.09,0.18,5.90,0.46,25.85,1.17,C4'-exo
62,62,0.81,C,C,C,0,1,0,0,0,),54,1,cWW,cW-W,3.60,4.07,0.87,2.38,3.42,4.48,5.22,3.62,BI,anti,.,3.34,3.14,2.22,3.89,3.04,3.82,3.55,4.11,5.99,0.46,5.84,0.28,0.01,26.67,2.80,C2'-endo
63,63,0.82,C,C,C,0,1,0,0,0,),53,1,cWW,cW-W,5.34,3.16,0.60,1.94,3.57,4.78,5.08,3.59,BI,anti,.,4.10,4.00,2.92,3.79,3.13,3.79,3.67,4.20,5.99,0.22,6.21,6.19,0.25,16.29,1.81,O4'-endo
64,64,0.83,U,U,U,0,0,0,1,0,),52,1,cWW,cW-W,5.28,3.16,0.75,1.39,3.58,4.98,4.88,3.55,BI,anti,A,4.02,4.21,2.95,3.53,3.16,3.56,3.76,4.14,6.18,5.99,0.55,5.66,0.45,35.51,0.48,C3'-endo
65,65,0.84,A,A,A,1,0,0,0,0,),51,1,cWW,cW-W,5.22,2.83,0.96,1.39,3.78,5.00,5.06,3.47,BI,anti,A,4.34,4.56,2.90,3.72,3.11,3.71,3.88,4.26,6.26,5.95,0.55,5.70,0.38,33.78,0.37,C3'-endo
66,66,0.86,C,C,C,0,1,0,0,0,),50,1,cWW,cW-W,5.38,2.84,0.85,1.48,3.71,5.07,4.92,3.20,BI,anti,A,4.57,4.53,2.89,3.79,3.16,3.84,4.03,4.53,6.23,5.99,0.51,5.72,0.39,32.27,0.43,C3'-endo
67,67,0.87,A,A,A,1,0,0,0,0,),7,1,cWW,cW-W,5.11,3.30,0.87,1.47,3.55,4.88,4.96,3.55,BI,anti,A,4.22,4.43,2.88,3.54,3.16,3.59,4.13,4.14,0.02,5.90,0.58,5.70,0.35,34.68,0.29,C3'-endo
68,68,0.88,A,A,A,1,0,0,0,0,),6,1,cWW,cW-W,5.20,2.93,1.10,1.51,3.49,5.28,4.50,3.64,BI,anti,A,4.18,4.57,3.01,3.96,3.25,3.90,3.97,4.18,0.15,5.81,0.60,5.75,0.25,34.63,0.09,C3'-endo
69,69,0.90,G,G,G,0,0,1,0,0,),5,1,cWW,cW-W,4.61,3.14,1.36,1.51,3.48,5.35,4.41,3.37,BI,anti,.,4.24,4.28,2.86,4.31,3.25,3.99,3.91,4.19,6.18,6.04,0.48,5.73,0.42,31.53,0.51,C3'-endo
70,70,0.91,G,G,G,0,0,1,0,0,),4,1,cWW,cW-W,2.98,2.92,2.95,1.45,4.02,4.90,5.40,3.29,BI,anti,A,4.24,4.32,2.82,3.21,3.06,3.33,3.61,3.76,6.17,6.06,0.47,5.73,0.42,31.27,0.54,C3'-endo
71,71,0.92,U,U,U,0,0,0,1,0,),3,1,cWW,cW-W,5.23,3.08,0.68,1.48,3.37,5.14,4.51,3.67,BI,anti,.,3.99,4.24,2.77,4.02,2.99,3.81,3.55,4.18,6.14,6.05,0.49,5.69,0.46,33.40,0.56,C3'-endo
72,72,0.94,C,C,C,0,1,0,0,0,),2,1,cWW,cW-W,2.53,3.13,3.30,1.49,3.77,5.27,4.79,3.42,BI,anti,A,4.39,4.52,2.83,3.39,3.02,3.49,3.68,3.98,0.00,5.96,0.50,5.78,0.32,29.98,0.32,C3'-endo
73,73,0.95,C,C,C,0,1,0,0,0,),1,1,cWW,cW-W,4.94,2.82,1.31,1.35,3.95,4.94,5.29,3.38,BI,anti,.,4.47,4.58,2.90,3.77,3.24,3.88,3.95,4.84,6.23,5.90,0.65,5.58,0.48,40.42,0.40,C3'-endo
74,74,0.96,A,A,A,1,0,0,0,0,.,,0,,,5.41,2.96,0.71,1.51,3.52,5.14,4.67,3.51,BI,anti,A,4.43,4.57,2.81,3.82,3.22,3.85,4.49,4.51,0.09,5.84,0.60,5.71,0.30,35.15,0.17,C3'-endo
75,75,0.97,C,C,C,0,1,0,0,0,.,,0,,,5.08,3.30,0.92,1.58,3.88,5.32,4.84,3.82,BI,anti,.,3.57,4.53,3.02,4.25,3.26,4.34,4.13,5.02,0.05,5.95,0.48,5.82,0.26,27.92,0.22,C3'-endo
76,76,0.99,C,C,C,0,1,0,0,0,.,,0,,,5.21,2.93,1.20,1.37,3.84,5.28,4.84,3.49,BI,anti,.,4.40,4.68,2.95,4.65,3.47,4.61,4.56,5.37,0.07,5.82,0.66,5.65,0.36,38.58,0.22,C3'-endo
77,77,1.00,A,A,A,1,0,0,0,0,.,,0,,,2.58,3.61,3.60,1.25,,,,5.09,..,anti,-,,,,,,,,,0.14,5.68,0.81,5.54,0.39,47.08,0.16,C3'-endo
