index_chain,old_nt_resnum,nt_position,nt_name,nt_code,nt_align_code,is_A,is_C,is_G,is_U,is_other,dbn,paired,nb_interact,pair_type_LW,pair_type_DSSR,alpha,beta,gamma,delta,epsilon,zeta,epsilon_zeta,chi,bb_type,glyco_bond,form,ssZp,Dp,eta,theta,eta_prime,theta_prime,eta_base,theta_base,v0,v1,v2,v3,v4,amplitude,phase_angle,puckering
1,1,0.01,U,U,U,0,0,0,1,0,(,72,1,cWW,cW-W,,3.59,1.01,1.47,3.98,4.56,5.70,3.34,..,anti,A,4.60,4.73,,4.19,,4.17,,4.62,0.09,5.81,0.66,5.65,0.34,38.75,0.20,C3'-endo
2,2,0.03,G,G,G,0,0,1,0,0,(,71,1,cWW,cW-W,0.84,2.59,5.24,1.60,3.43,5.26,4.46,3.56,BI,anti,A,4.39,4.60,2.55,3.44,2.76,3.65,3.52,4.35,0.25,5.70,0.67,5.74,0.18,38.30,6.23,C2'-exo
3,3,0.04,G,G,G,0,0,1,0,0,(,70,1,cWW,cW-W,5.01,3.11,0.99,1.51,3.40,5.28,4.40,3.42,BI,anti,.,4.42,4.49,2.91,4.27,3.28,3.99,4.11,4.26,0.09,5.82,0.64,5.67,0.33,37.66,0.20,C3'-endo
4,4,0.05,G,G,G,0,0,1,0,0,(,69,1,cWW,cW-W,2.72,3.01,3.04,1.48,3.94,5.07,5.15,3.23,BI,anti,A,4.74,4.77,2.73,3.45,2.99,3.59,3.69,4.19,0.17,5.74,0.68,5.68,0.27,39.16,0.07,C3'-endo
5,5,0.07,A,A,A,1,0,0,0,0,(,68,1,cWW,cW-W,5.23,3.09,0.84,1.40,3.54,5.02,4.80,3.57,BI,anti,A,4.31,4.56,2.88,3.66,3.20,3.68,4.00,4.06,6.27,5.87,0.66,5.59,0.45,40.31,0.35,C3'-endo
6,6,0.08,G,G,G,0,0,1,0,0,(,67,1,cWW,cW-W,5.32,2.92,0.94,1.41,3.14,4.97,4.45,3.48,BI,anti,A,4.22,4.26,2.99,3.75,3.29,3.73,3.94,4.14,6.21,5.93,0.63,5.59,0.48,39.65,0.43,C3'-endo
7,7,0.09,G,G,G,0,0,1,0,0,(,66,1,cWW,cW-W,3.12,3.44,3.03,2.53,4.73,5.34,5.68,3.70,..,anti,.,0.76,0.80,4.15,4.76,4.09,4.81,4.47,5.28,5.94,0.58,5.71,0.39,6.25,33.98,2.87,C2'-endo
8,8,0.11,U,U,U,0,0,0,1,0,.,"14,46",2,"tWH,cSS","tW-M,cm-m",5.33,3.82,0.93,1.47,3.77,5.03,5.03,3.43,BI,anti,.,4.40,4.56,3.34,3.49,4.01,3.42,4.13,2.97,0.01,5.88,0.63,5.64,0.40,37.88,0.32,C3'-endo
9,9,0.12,C,C,C,0,1,0,0,0,.,23,1,tHH,tM+M,3.58,1.67,3.16,2.53,4.80,5.34,5.74,4.00,..,anti,.,0.57,0.67,4.01,4.84,3.51,4.45,2.81,4.53,5.94,0.58,5.71,0.39,6.25,34.18,2.86,C2'-endo
10,10,0.13,G,G,G,0,0,1,0,0,(,"25,45",2,"cWW,cHS","cW-W,cM+m",3.19,3.20,0.98,1.52,3.92,4.88,5.32,3.23,BI,anti,A,4.66,4.71,0.67,3.91,1.68,3.96,2.31,4.54,0.15,5.77,0.66,5.69,0.28,37.80,0.10,C3'-endo
11,11,0.14,U,U,U,0,0,0,1,0,(,24,1,cWW,cW-W,5.12,2.93,0.95,1.49,3.61,5.08,4.81,3.51,BI,anti,A,4.44,4.62,2.83,3.85,3.14,3.84,4.02,4.16,0.11,5.80,0.66,5.67,0.32,38.20,0.17,C3'-endo
12,12,0.16,C,C,C,0,1,0,0,0,(,23,1,cWW,cW-W,5.13,3.24,0.87,1.45,3.43,5.15,4.56,3.49,BI,anti,A,4.34,4.46,2.99,4.16,3.22,4.00,3.80,4.48,0.02,5.87,0.64,5.64,0.40,38.22,0.30,C3'-endo
13,13,0.17,U,U,U,0,0,0,1,0,(,22,1,cWW,cW-W,2.72,3.30,3.01,1.49,3.52,4.97,4.84,3.27,BI,anti,.,4.53,4.57,2.79,3.52,3.13,3.39,4.02,3.43,0.13,5.78,0.67,5.67,0.31,38.56,0.14,C3'-endo
14,14,0.18,A,A,A,1,0,0,0,0,.,"8,21",2,"tHW,cWS","tM-W,cW-m",2.96,3.13,3.01,1.49,3.83,5.31,4.80,3.20,BI,anti,.,4.70,4.69,2.95,3.64,3.09,3.79,3.33,4.76,0.12,5.79,0.66,5.67,0.31,38.33,0.15,C3'-endo
15,15,0.20,A,A,A,1,0,0,0,0,.,48,1,tWW,tW+W,5.07,3.31,0.82,1.47,4.52,3.74,0.78,3.87,..,anti,.,2.82,4.76,3.14,2.99,3.46,3.03,4.53,2.80,0.11,5.79,0.67,5.66,0.33,38.81,0.17,C3'-endo
16,16,0.21,C,C,C,0,1,0,0,0,.,,0,,,5.40,3.20,5.14,1.52,3.62,5.10,4.80,3.60,BI,anti,.,4.21,4.58,1.90,3.76,1.55,3.50,1.41,3.30,0.10,5.82,0.64,5.68,0.32,37.15,0.18,C3'-endo
17,not resolved,0.22,-,-,-,0,0,0,0,1,,,0,,,,,,,,,,,,,,,,,,,,,,,,,,,,,
18,18,0.24,G,G,G,0,0,1,0,0,.,57,1,tSH,tm-M,3.49,3.98,5.15,2.53,4.05,2.11,1.94,3.62,..,anti,.,1.54,1.61,0.11,1.41,0.33,1.82,0.05,2.51,5.93,0.58,5.71,0.39,6.25,34.25,2.86,C2'-endo
19,19,0.25,G,G,G,0,0,1,0,0,.,56,1,tHW,tM-W,6.04,2.51,0.98,2.53,3.66,3.78,6.16,4.42,..,anti,.,1.87,1.94,4.04,4.10,4.30,3.52,3.88,3.82,5.94,0.58,5.71,0.39,6.25,34.15,2.86,C2'-endo
20,20,0.26,U,U,U,0,0,0,1,0,.,,0,,,0.61,2.90,0.91,2.53,4.17,5.48,4.97,3.45,..,anti,.,1.37,1.47,4.82,5.48,5.12,5.07,5.19,4.69,5.94,0.58,5.71,0.39,6.25,34.10,2.86,C2'-endo
21,21,0.28,A,A,A,1,0,0,0,0,.,14,1,cSW,cm-W,4.84,2.71,2.96,1.47,3.86,3.95,6.20,3.50,..,anti,.,4.37,4.69,4.46,2.07,5.12,2.33,5.74,2.34,0.09,5.81,0.66,5.65,0.34,38.62,0.20,C3'-endo
22,22,0.29,G,G,G,0,0,1,0,0,),"13,46",2,"cWW,tHW","cW-W,tM-W",4.92,2.76,0.95,1.41,3.50,5.08,4.70,3.49,BI,anti,A,4.47,4.59,2.85,3.74,2.70,3.70,2.49,4.08,0.01,5.83,0.69,5.59,0.43,41.38,0.30,C3'-endo
23,23,0.30,G,G,G,0,0,1,0,0,),"9,12",2,"tHH,cWW","tM+M,cW-W",5.30,3.01,0.93,1.42,3.37,4.91,4.75,3.42,BI,anti,A,4.40,4.44,3.05,3.97,3.33,3.82,4.02,4.28,6.27,5.88,0.64,5.61,0.43,39.17,0.35,C3'-endo
24,24,0.32,A,A,A,1,0,0,0,0,),"11,45",2,"cWW,tHW","cW-W,tM-W",2.76,3.51,2.96,1.50,4.36,4.65,6.00,3.02,..,anti,A,4.77,4.77,2.96,3.55,3.17,3.63,3.96,4.16,0.15,5.77,0.66,5.69,0.28,37.73,0.10,C3'-endo
25,25,0.33,C,C,C,0,1,0,0,0,),10,1,cWW,cW-W,5.10,2.82,0.90,1.45,3.72,5.16,4.84,3.51,BI,anti,.,4.45,4.68,2.69,4.02,2.96,4.07,3.67,4.74,0.06,5.81,0.68,5.63,0.38,39.81,0.24,C3'-endo
26,26,0.34,G,G,G,0,0,1,0,0,.,44,1,cWW,cW-W,5.35,2.89,0.95,1.48,3.79,5.14,4.93,3.44,BI,anti,.,4.38,4.61,3.06,4.04,3.48,4.05,4.52,4.79,0.04,5.84,0.65,5.64,0.38,38.28,0.26,C3'-endo
27,27,0.36,G,G,G,0,0,1,0,0,(,43,1,cWW,cW-W,5.01,3.14,0.86,1.48,3.55,5.20,4.64,3.52,BI,anti,A,4.28,4.53,2.78,3.88,3.13,3.89,4.19,4.45,0.06,5.84,0.64,5.66,0.36,37.47,0.24,C3'-endo
28,28,0.37,C,C,C,0,1,0,0,0,(,42,1,cWW,cW-W,5.07,3.15,0.82,1.39,3.51,5.16,4.64,3.51,BI,anti,A,4.43,4.60,2.82,3.71,3.11,3.74,3.98,4.07,0.02,5.83,0.69,5.59,0.42,41.19,0.29,C3'-endo
29,29,0.38,G,G,G,0,0,1,0,0,(,41,1,cWW,cW-W,5.17,3.24,0.77,1.39,3.52,4.45,5.35,3.64,BI,anti,A,4.17,4.54,2.95,3.74,3.15,3.69,3.68,4.12,6.27,5.87,0.66,5.60,0.44,40.19,0.35,C3'-endo
30,30,0.39,G,G,G,0,0,1,0,0,(,40,1,cWW,cW-W,2.39,4.07,3.09,1.50,3.97,4.93,5.32,3.14,BI,anti,A,4.70,4.70,2.92,3.63,3.18,3.60,3.89,4.19,0.11,5.80,0.65,5.68,0.31,37.90,0.16,C3'-endo
31,31,0.41,A,A,A,1,0,0,0,0,(,39,1,cWW,cW-W,5.17,2.94,0.88,1.46,3.99,5.33,4.94,3.28,BI,anti,.,4.59,4.69,2.89,4.34,3.16,4.46,4.03,5.46,0.05,5.83,0.66,5.64,0.38,38.93,0.25,C3'-endo
32,32,0.42,C,C,C,0,1,0,0,0,.,38,1,c.W,c.-W,5.15,2.85,0.95,1.50,3.69,1.24,2.44,3.41,..,anti,.,4.54,4.64,2.72,0.47,3.35,0.12,4.86,5.27,0.10,5.80,0.66,5.66,0.33,38.31,0.18,C3'-endo
33,33,0.43,U,U,U,0,0,0,1,0,.,,0,,,1.30,3.20,5.18,1.52,3.34,2.04,1.31,3.41,..,anti,.,4.46,4.50,4.07,5.97,4.55,5.57,5.97,5.47,0.14,5.78,0.66,5.69,0.29,37.91,0.11,C3'-endo
34,34,0.45,C,C,C,0,1,0,0,0,.,,0,,,4.73,3.64,5.01,1.51,3.41,4.95,4.74,3.63,BI,anti,.,4.16,4.46,1.53,2.67,2.11,2.97,3.07,3.23,0.08,5.83,0.63,5.68,0.33,36.75,0.20,C3'-endo
35,35,0.46,U,U,U,0,0,0,1,0,.,,0,,,5.02,3.26,0.95,1.50,3.93,4.84,5.38,3.66,BI,anti,.,3.90,4.52,3.12,3.97,3.18,4.21,3.27,5.09,6.27,5.91,0.59,5.66,0.40,36.02,0.35,C3'-endo
36,36,0.47,G,G,G,0,0,1,0,0,.,,0,,,5.66,2.64,0.98,2.53,3.92,3.84,0.09,4.04,..,anti,.,1.78,1.75,3.09,4.15,3.90,3.06,4.86,1.84,5.94,0.58,5.71,0.39,6.25,34.01,2.86,C2'-endo
37,37,0.49,G,G,G,0,0,1,0,0,.,,0,,,0.80,3.28,2.98,2.53,4.05,5.21,5.13,6.08,..,syn,.,-0.82,1.59,1.54,4.37,1.58,4.43,1.09,5.07,5.94,0.58,5.71,0.39,6.25,34.16,2.86,C2'-endo
38,38,0.50,A,A,A,1,0,0,0,0,.,32,1,cW.,cW-.,5.06,3.21,0.87,1.45,3.80,5.09,5.00,3.31,BI,anti,A,4.58,4.65,2.85,3.94,3.57,4.02,3.77,4.78,0.04,5.84,0.65,5.64,0.38,38.66,0.26,C3'-endo
39,39,0.51,U,U,U,0,0,0,1,0,),31,1,cWW,cW-W,5.17,2.97,0.90,1.45,3.60,5.14,4.74,3.48,BI,anti,A,4.42,4.57,2.85,3.86,3.21,3.85,4.29,4.27,0.03,5.85,0.65,5.63,0.40,38.97,0.29,C3'-endo
40,40,0.53,C,C,C,0,1,0,0,0,),30,1,cWW,cW-W,4.86,3.37,0.82,1.43,3.47,5.01,4.75,3.60,BI,anti,A,4.27,4.54,2.77,3.56,2.97,3.59,3.65,3.89,0.02,5.85,0.66,5.62,0.41,39.57,0.30,C3'-endo
41,41,0.54,C,C,C,0,1,0,0,0,),29,1,cWW,cW-W,5.13,3.04,0.88,1.42,3.50,4.99,4.79,3.62,BI,anti,A,4.24,4.56,2.88,3.63,3.08,3.65,3.57,4.06,0.02,5.84,0.67,5.61,0.41,40.07,0.29,C3'-endo
42,42,0.55,G,G,G,0,0,1,0,0,),28,1,cWW,cW-W,5.36,2.90,0.91,1.42,3.57,4.95,4.91,3.26,BI,anti,A,4.58,4.58,3.05,3.70,3.31,3.73,3.97,4.21,0.03,5.84,0.67,5.61,0.41,39.88,0.29,C3'-endo
43,43,0.57,C,C,C,0,1,0,0,0,),27,1,cWW,cW-W,5.48,2.86,0.92,1.45,3.49,5.11,4.66,3.26,BI,anti,.,4.46,4.50,3.12,4.24,3.43,4.06,4.20,4.42,0.05,5.84,0.65,5.64,0.38,38.42,0.26,C3'-endo
44,44,0.58,U,U,U,0,0,0,1,0,.,26,1,cWW,cW-W,2.86,3.35,2.99,1.50,4.46,4.78,5.96,3.22,..,anti,.,4.36,4.57,3.03,3.72,3.28,3.88,3.99,4.97,0.06,5.86,0.61,5.68,0.34,36.03,0.24,C3'-endo
45,45,0.59,G,G,G,0,0,1,0,0,.,"10,24",2,"cSH,tWH","cm+M,tW-M",5.38,2.51,0.91,1.44,4.02,4.44,5.87,3.74,..,anti,.,3.79,4.69,2.72,3.64,3.18,3.75,4.47,4.14,0.02,5.85,0.66,5.62,0.41,39.37,0.30,C3'-endo
46,46,0.61,G,G,G,0,0,1,0,0,.,"8,22",2,"cSS,tWH","cm-m,tW-M",5.60,2.83,0.95,1.50,3.32,5.04,4.56,3.96,BI,anti,.,3.45,4.41,3.30,3.65,3.50,3.59,3.88,3.55,0.09,5.82,0.64,5.68,0.33,37.36,0.19,C3'-endo
47,not resolved,0.62,-,-,-,0,0,0,0,1,,,0,,,,,,,,,,,,,,,,,,,,,,,,,,,,,
48,48,0.63,U,U,U,0,0,0,1,0,.,15,1,tWW,tW+W,3.86,2.84,3.01,2.53,3.60,1.44,2.15,3.96,..,anti,.,2.02,1.99,4.23,0.36,4.17,6.18,3.99,4.36,5.93,0.58,5.71,0.39,6.26,34.17,2.86,C2'-endo
49,49,0.64,G,G,G,0,0,1,0,0,(,65,1,cWW,cW-W,0.47,3.40,0.88,1.53,3.89,4.98,5.18,3.28,BI,anti,A,4.65,4.74,5.35,3.98,5.81,4.04,1.56,4.45,0.21,5.73,0.66,5.72,0.23,38.02,0.02,C3'-endo
50,50,0.66,G,G,G,0,0,1,0,0,(,64,1,cWW,cW-W,5.03,3.10,0.91,1.46,3.33,4.94,4.67,3.47,BI,anti,A,4.45,4.49,2.77,3.96,3.07,3.81,3.80,4.10,0.05,5.83,0.66,5.63,0.38,39.31,0.25,C3'-endo
51,51,0.67,A,A,A,1,0,0,0,0,(,63,1,cWW,cW-W,2.86,3.46,2.94,1.52,4.36,3.92,0.45,3.19,..,anti,A,4.58,4.73,3.03,3.55,3.21,3.55,3.79,4.06,0.14,5.78,0.65,5.69,0.29,37.49,0.12,C3'-endo
52,52,0.68,G,G,G,0,0,1,0,0,(,62,1,cWW,cW-W,1.80,4.61,3.10,1.52,4.29,4.97,5.60,2.91,..,anti,A,4.71,4.74,2.87,3.95,3.22,3.82,4.01,4.29,0.15,5.77,0.66,5.70,0.28,37.75,0.10,C3'-endo
53,53,0.70,G,G,G,0,0,1,0,0,(,61,1,cWW,cW-W,5.07,3.03,0.85,1.41,3.55,5.08,4.75,3.42,BI,anti,.,4.42,4.52,2.62,3.73,3.00,3.81,3.88,4.65,6.24,5.90,0.65,5.59,0.47,40.14,0.39,C3'-endo
54,54,0.71,U,U,U,0,0,0,1,0,.,58,1,tWH,tW-M,5.30,2.93,0.90,1.49,3.87,4.92,5.23,3.46,BI,anti,.,4.44,4.70,3.06,4.44,3.37,4.23,4.46,4.63,0.11,5.79,0.66,5.67,0.32,38.32,0.16,C3'-endo
55,55,0.72,U,U,U,0,0,0,1,0,.,,0,,,2.69,3.43,3.00,1.49,4.23,4.92,5.59,3.55,..,anti,.,4.05,4.68,2.72,4.23,3.05,3.55,3.81,2.45,0.06,5.84,0.64,5.66,0.35,37.49,0.23,C3'-endo
56,56,0.74,C,C,C,0,1,0,0,0,.,19,1,tWH,tW-M,2.79,3.35,0.91,1.50,3.50,5.09,4.69,3.41,BI,anti,.,4.43,4.52,0.39,4.33,0.96,4.24,0.54,4.87,0.09,5.82,0.64,5.67,0.33,37.58,0.20,C3'-endo
57,57,0.75,G,G,G,0,0,1,0,0,.,18,1,tHS,tM-m,2.64,3.62,3.00,1.51,4.05,5.26,5.07,2.98,..,anti,.,4.62,4.69,2.85,3.86,3.29,4.01,4.41,4.42,0.09,5.82,0.64,5.68,0.32,37.26,0.19,C3'-endo
58,58,0.76,A,A,A,1,0,0,0,0,.,54,1,tHW,tM-W,5.35,3.75,1.00,2.53,3.81,3.56,0.24,4.48,..,anti,.,1.63,1.82,3.55,3.86,4.07,3.06,4.48,2.32,5.94,0.58,5.71,0.39,6.25,34.13,2.86,C2'-endo
59,59,0.78,G,G,G,0,0,1,0,0,.,,0,,,2.28,3.53,0.95,1.50,3.72,4.94,5.06,3.33,BI,anti,A,4.52,4.58,0.63,3.85,0.71,4.07,0.76,4.85,0.05,5.85,0.63,5.67,0.36,37.04,0.25,C3'-endo
60,60,0.79,U,U,U,0,0,0,1,0,.,,0,,,5.56,2.85,0.97,2.53,4.06,5.43,4.92,3.90,..,anti,.,1.74,1.63,3.26,5.71,3.91,5.15,4.80,5.60,5.93,0.58,5.71,0.39,6.25,34.16,2.86,C2'-endo
61,61,0.80,C,C,C,0,1,0,0,0,),53,1,cWW,cW-W,4.14,3.60,0.94,1.44,3.58,5.14,4.72,3.49,BI,anti,A,4.45,4.60,2.08,3.78,2.88,3.85,3.62,4.34,0.02,5.84,0.67,5.61,0.41,40.04,0.30,C3'-endo
62,62,0.82,C,C,C,0,1,0,0,0,),52,1,cWW,cW-W,4.95,3.38,0.84,1.44,3.49,5.06,4.71,3.53,BI,anti,A,4.36,4.53,2.88,3.62,3.08,3.66,3.75,4.12,0.03,5.85,0.65,5.63,0.39,38.91,0.28,C3'-endo
63,63,0.83,U,U,U,0,0,0,1,0,),51,1,cWW,cW-W,5.12,3.06,0.86,1.43,3.55,4.99,4.85,3.64,BI,anti,A,4.19,4.62,2.87,3.67,3.10,3.69,3.77,4.06,0.07,5.81,0.68,5.62,0.38,40.08,0.23,C3'-endo
64,64,0.84,C,C,C,0,1,0,0,0,),50,1,cWW,cW-W,5.35,2.94,0.89,1.44,3.76,4.90,5.15,3.38,BI,anti,A,4.46,4.59,3.08,3.73,3.29,3.75,3.87,4.27,0.01,5.87,0.65,5.62,0.41,38.96,0.32,C3'-endo
65,65,0.86,C,C,C,0,1,0,0,0,),49,1,cWW,cW-W,5.15,2.89,0.96,1.43,3.56,5.09,4.75,3.53,BI,anti,A,4.43,4.62,2.84,3.78,3.11,3.77,3.90,4.25,0.03,5.83,0.68,5.60,0.41,40.74,0.28,C3'-endo
66,66,0.87,C,C,C,0,1,0,0,0,),7,1,cWW,cW-W,5.23,3.06,0.94,1.47,3.48,5.08,4.68,3.42,BI,anti,A,4.42,4.48,3.04,3.70,3.32,3.70,4.09,4.15,0.03,5.86,0.64,5.64,0.39,38.02,0.29,C3'-endo
67,67,0.88,C,C,C,0,1,0,0,0,),6,1,cWW,cW-W,5.08,3.17,0.89,1.46,3.50,5.09,4.69,3.47,BI,anti,A,4.42,4.54,2.94,3.71,3.17,3.72,3.87,4.09,0.06,5.83,0.65,5.65,0.36,38.53,0.24,C3'-endo
68,68,0.89,U,U,U,0,0,0,1,0,),5,1,cWW,cW-W,5.10,3.11,0.89,1.45,3.60,4.96,4.92,3.58,BI,anti,A,4.25,4.58,2.92,3.65,3.15,3.65,3.76,3.99,0.05,5.83,0.67,5.62,0.39,39.65,0.26,C3'-endo
69,69,0.91,C,C,C,0,1,0,0,0,),4,1,cWW,cW-W,5.02,3.14,0.86,1.45,3.54,5.05,4.77,3.42,BI,anti,A,4.48,4.58,2.84,3.68,2.99,3.72,3.55,4.11,0.06,5.82,0.67,5.63,0.38,39.49,0.25,C3'-endo
70,70,0.92,C,C,C,0,1,0,0,0,),3,1,cWW,cW-W,5.09,3.18,0.96,1.46,3.68,4.83,5.13,3.48,BI,anti,A,4.43,4.63,3.04,3.59,3.23,3.62,3.80,4.08,0.05,5.83,0.66,5.63,0.38,39.07,0.25,C3'-endo
71,71,0.93,C,C,C,0,1,0,0,0,),2,1,cWW,cW-W,5.05,2.92,0.98,1.49,3.80,4.81,5.27,3.45,BI,anti,.,4.48,4.72,2.87,4.28,3.05,4.15,3.72,4.47,0.14,5.76,0.68,5.66,0.31,39.51,0.13,C3'-endo
72,72,0.95,A,A,A,1,0,0,0,0,),1,1,cWW,cW-W,1.02,2.76,5.18,1.61,3.41,1.73,1.68,3.70,..,anti,.,4.11,4.54,2.83,0.48,3.08,6.00,3.77,5.24,0.25,5.72,0.64,5.76,0.17,36.98,6.23,C2'-exo
73,73,0.96,G,G,G,0,0,1,0,0,.,,0,,,1.15,1.99,3.06,2.53,4.07,4.31,6.04,3.68,..,anti,.,1.35,1.50,1.69,3.42,2.18,2.98,3.07,2.53,5.93,0.58,5.71,0.39,6.25,34.20,2.86,C2'-endo
74,74,0.97,C,C,C,0,1,0,0,0,.,,0,,,1.71,3.40,0.95,2.53,3.57,1.01,2.56,3.99,..,anti,.,2.32,2.09,5.79,1.39,0.38,0.39,0.46,6.00,5.93,0.58,5.71,0.39,6.26,34.34,2.85,C2'-endo
75,75,0.99,C,C,C,0,1,0,0,0,.,,0,,,1.37,1.68,3.18,1.46,3.96,5.04,5.21,3.32,BI,anti,.,4.58,4.71,1.11,2.89,1.41,3.34,2.18,4.51,0.07,5.81,0.67,5.63,0.37,39.60,0.22,C3'-endo
76,76,1.00,A,A,A,1,0,0,0,0,.,,0,,,5.36,2.66,0.98,1.41,,,,3.49,..,anti,-,,,,,,,,,0.11,5.79,0.67,5.65,0.33,39.21,0.17,C3'-endo
