index_chain,old_nt_resnum,nt_position,nt_name,nt_code,nt_align_code,is_A,is_C,is_G,is_U,is_other,dbn,paired,nb_interact,pair_type_LW,pair_type_DSSR,alpha,beta,gamma,delta,epsilon,zeta,epsilon_zeta,chi,bb_type,glyco_bond,form,ssZp,Dp,eta,theta,eta_prime,theta_prime,eta_base,theta_base,v0,v1,v2,v3,v4,amplitude,phase_angle,puckering
1,31,0.05,U,U,U,0,0,0,1,0,),0,1,cWW,cW-W,,,0.61,1.55,3.73,4.80,5.22,3.26,BI,anti,A,4.83,4.67,,,,,,,0.13,5.77,0.67,5.67,0.30,38.48,0.13,C3'-endo
2,32,0.11,C,C,C,0,1,0,0,0,),0,1,cWW,cW-W,5.33,2.82,0.89,1.53,3.63,4.93,4.99,3.26,BI,anti,A,4.44,4.61,2.95,3.82,3.23,3.84,3.93,4.25,0.07,5.81,0.67,5.64,0.36,39.25,0.22,C3'-endo
3,33,0.16,G,G,G,0,0,1,0,0,),0,1,cWW,cW-W,5.11,3.06,1.00,1.58,3.49,5.06,4.71,3.40,BI,anti,A,3.97,4.34,2.98,3.85,3.26,3.79,3.96,4.25,6.26,5.91,0.61,5.65,0.41,37.14,0.36,C3'-endo
4,34,0.21,U,U,U,0,0,0,1,0,),0,1,cWW,cW-W,4.84,3.09,1.09,1.51,3.57,4.99,4.86,3.46,BI,anti,A,4.32,4.57,2.83,3.76,3.10,3.77,3.88,4.23,0.03,5.83,0.68,5.61,0.40,40.31,0.27,C3'-endo
5,35,0.26,G,G,G,0,0,1,0,0,),0,1,cWW,cW-W,5.28,2.93,1.02,1.45,3.70,4.57,5.42,3.58,BI,anti,.,3.74,4.38,3.12,3.44,3.40,3.61,4.08,3.77,6.27,5.88,0.65,5.62,0.43,39.23,0.34,C3'-endo
6,36,0.32,G,G,G,0,0,1,0,0,.,0,1,cWW,cW-W,5.48,2.69,1.15,2.52,3.78,4.77,5.30,4.41,BI,anti,.,1.33,1.37,3.23,4.58,3.82,3.47,3.91,2.67,6.10,0.43,5.78,0.42,6.13,28.67,3.12,C2'-endo
7,37,0.37,U,U,U,0,0,0,1,0,.,,0,,,3.50,2.54,0.95,2.37,4.03,5.40,4.91,4.15,..,anti,.,2.23,1.80,1.19,5.41,1.84,4.43,1.47,3.97,6.03,0.45,5.82,0.34,6.23,27.04,2.92,C2'-endo
8,38,0.42,C,C,C,0,1,0,0,0,.,0,1,tWW,tW+W,4.62,3.23,5.16,2.59,4.94,1.01,3.92,4.27,..,anti,.,0.38,0.58,1.01,1.20,1.60,0.53,1.67,6.20,6.06,0.44,5.81,0.37,6.19,27.16,3.01,C2'-endo
9,39,0.47,C,C,C,0,1,0,0,0,.,,0,,,2.28,2.46,0.77,2.40,4.72,5.26,5.75,4.22,..,anti,.,1.13,0.91,0.38,5.79,0.87,5.57,1.25,6.13,6.09,0.39,5.87,0.34,6.18,23.99,3.03,C2'-endo
10,40,0.53,A,A,A,1,0,0,0,0,.,0,1,tWH,tW-M,5.35,2.89,0.99,1.54,3.90,4.93,5.25,3.40,BI,anti,.,4.43,4.60,2.84,3.99,3.65,4.15,3.96,4.77,6.27,5.87,0.65,5.61,0.42,39.27,0.34,C3'-endo
11,41,0.58,U,U,U,0,0,0,1,0,.,0,1,tWH,tW-M,5.20,2.96,1.21,2.31,3.24,3.99,5.54,4.13,BI,anti,.,2.21,2.03,2.96,4.01,3.72,3.13,4.54,2.04,6.02,0.45,5.82,0.33,6.24,27.05,2.90,C2'-endo
12,42,0.63,U,U,U,0,0,0,1,0,),"0,0",2,"tHW,cWW","tM-W,cW-W",3.13,3.95,1.09,2.60,4.40,3.06,1.34,4.09,BII,anti,.,1.39,1.13,1.69,3.44,1.89,3.34,1.13,3.99,6.02,0.47,5.79,0.36,6.22,28.73,2.94,C2'-endo
13,43,0.68,A,A,A,1,0,0,0,0,.,0,1,tHS,tM-m,5.21,2.45,0.95,1.51,3.95,5.43,4.80,2.99,BI,anti,.,4.59,4.68,3.50,4.56,3.52,4.47,4.19,5.38,0.08,5.81,0.67,5.64,0.36,39.52,0.22,C3'-endo
14,44,0.74,C,C,C,0,1,0,0,0,.,0,1,cWW,cW-W,4.82,3.26,0.82,1.47,3.68,4.99,4.97,3.46,BI,anti,A,4.51,4.70,2.58,3.76,3.09,3.84,4.59,4.23,0.08,5.83,0.63,5.68,0.33,36.81,0.20,C3'-endo
15,45,0.79,C,C,C,0,1,0,0,0,),0,1,cWW,cW-W,5.18,3.04,0.89,1.46,3.46,5.14,4.60,3.50,BI,anti,A,4.31,4.54,2.90,3.72,3.17,3.74,3.80,4.16,6.28,5.88,0.63,5.63,0.41,38.27,0.33,C3'-endo
16,46,0.84,U,U,U,0,0,0,1,0,),0,1,cWW,cW-W,5.04,3.37,0.87,1.48,3.49,4.99,4.78,3.59,BI,anti,A,4.37,4.61,3.00,3.60,3.19,3.65,3.82,3.97,0.09,5.80,0.67,5.65,0.35,39.04,0.19,C3'-endo
17,47,0.89,G,G,G,0,0,1,0,0,),0,1,cWW,cW-W,5.15,3.08,0.91,1.47,3.41,5.20,4.49,3.46,BI,anti,A,4.49,4.52,2.95,3.77,3.18,3.76,3.71,4.26,0.07,5.82,0.67,5.64,0.36,39.16,0.23,C3'-endo
18,48,0.95,C,C,C,0,1,0,0,0,),0,1,cWW,cW-W,5.04,3.37,0.78,1.49,3.54,5.05,4.77,3.51,BI,anti,A,4.40,4.61,2.95,3.71,3.15,3.77,3.89,4.27,0.08,5.80,0.68,5.63,0.36,39.70,0.22,C3'-endo
19,49,1.00,C,C,C,0,1,0,0,0,),0,1,cWW,cW-W,5.18,3.01,0.94,1.39,,,,3.62,n/a,anti,-,,,,,,,,,0.07,5.79,0.70,5.61,0.38,41.00,0.22,C3'-endo
