index_chain,old_nt_resnum,nt_position,nt_name,nt_code,nt_align_code,is_A,is_C,is_G,is_U,is_other,dbn,paired,nb_interact,pair_type_LW,pair_type_DSSR,alpha,beta,gamma,delta,epsilon,zeta,epsilon_zeta,chi,bb_type,glyco_bond,form,ssZp,Dp,eta,theta,eta_prime,theta_prime,eta_base,theta_base,v0,v1,v2,v3,v4,amplitude,phase_angle,puckering
1,1,0.04,U,U,U,0,0,0,1,0,.,,0,,,,4.35,0.68,1.51,2.48,0.71,1.77,3.89,..,anti,.,2.18,2.78,,4.84,,4.80,,5.22,6.22,6.14,0.28,5.96,0.25,18.29,0.52,C3'-endo
2,2,0.09,U,U,U,0,0,0,1,0,.,,0,,,3.71,4.12,1.00,1.59,1.05,1.91,5.42,3.81,..,anti,.,1.23,1.51,3.35,5.21,4.08,3.79,4.43,2.84,6.15,6.17,0.29,5.90,0.33,21.71,0.68,C4'-exo
3,3,0.13,G,G,G,0,0,1,0,0,),0,1,cWW,cW-W,0.81,2.44,0.75,1.45,3.84,4.91,5.21,3.10,BI,anti,A,4.56,4.65,4.99,3.93,0.11,3.91,0.96,4.29,0.09,5.81,0.67,5.65,0.34,38.88,0.20,C3'-endo
4,4,0.17,C,C,C,0,1,0,0,0,),0,1,cWW,cW-W,5.21,2.98,0.91,1.35,3.91,4.74,5.45,3.32,BI,anti,A,4.55,4.75,2.94,3.63,3.16,3.67,3.86,3.99,0.07,5.77,0.74,5.57,0.41,43.52,0.23,C3'-endo
5,5,0.22,G,G,G,0,0,1,0,0,),0,1,cWW,cW-W,5.23,2.74,1.06,1.39,3.43,5.13,4.58,3.25,BI,anti,A,4.56,4.58,2.88,3.68,3.12,3.64,3.69,3.89,0.01,5.83,0.70,5.57,0.44,42.32,0.31,C3'-endo
6,6,0.26,U,U,U,0,0,0,1,0,.,0,1,cWW,cW-W,5.07,3.32,0.98,1.49,3.81,5.09,5.00,3.40,BI,anti,.,4.31,4.57,3.20,3.98,3.34,4.06,3.76,4.97,0.01,5.87,0.63,5.64,0.40,38.02,0.32,C3'-endo
7,7,0.30,C,C,C,0,1,0,0,0,),0,1,cWW,cW-W,5.21,2.93,0.84,1.52,4.07,2.86,1.21,3.57,BII,anti,.,4.10,4.59,2.93,1.92,3.28,2.15,4.43,2.69,0.01,5.89,0.61,5.66,0.39,36.49,0.31,C3'-endo
8,8,0.35,A,A,A,1,0,0,0,0,.,,0,,,5.09,2.66,0.73,1.54,4.04,5.10,5.23,3.10,BI,anti,.,4.63,4.70,3.32,4.33,3.18,4.32,2.89,5.08,0.14,5.79,0.65,5.70,0.29,37.37,0.12,C3'-endo
9,9,0.39,C,C,C,0,1,0,0,0,.,,0,,,5.13,2.94,0.85,1.37,3.81,5.18,4.91,3.39,BI,anti,.,4.67,4.76,2.69,4.00,3.10,4.09,4.35,4.73,0.09,5.76,0.73,5.59,0.38,42.72,0.20,C3'-endo
10,10,0.43,C,C,C,0,1,0,0,0,),0,1,cWW,cW-W,5.24,3.09,0.95,1.52,3.73,4.92,5.09,3.28,BI,anti,A,4.69,4.63,3.07,3.78,3.44,3.81,4.41,4.14,0.10,5.79,0.67,5.65,0.34,38.96,0.18,C3'-endo
11,11,0.48,5BU,u,U,0,0,0,0,1,),0,1,cWW,cW-W,5.23,3.12,0.82,1.41,3.67,4.99,4.97,3.40,BI,anti,A,4.50,4.63,2.99,3.71,3.18,3.76,3.72,4.22,0.03,5.83,0.67,5.61,0.40,40.15,0.28,C3'-endo
12,12,0.52,C,C,C,0,1,0,0,0,),0,1,cWW,cW-W,5.26,3.02,0.85,1.40,3.56,4.98,4.86,3.51,BI,anti,A,4.39,4.61,2.92,3.63,3.15,3.65,3.83,4.07,0.02,5.83,0.69,5.58,0.43,41.59,0.30,C3'-endo
13,13,0.57,G,G,G,0,0,1,0,0,),0,1,cWW,cW-W,5.26,3.00,0.92,1.41,3.68,5.03,4.94,3.38,BI,anti,A,4.49,4.62,3.03,3.77,3.23,3.79,3.86,4.32,0.02,5.84,0.67,5.60,0.42,40.41,0.30,C3'-endo
14,14,0.61,A,A,A,1,0,0,0,0,),0,1,cWW,cW-W,5.22,2.97,0.90,1.35,3.31,5.09,4.50,3.55,BI,anti,.,4.38,4.53,2.88,3.97,3.19,3.84,4.02,4.14,0.06,5.78,0.72,5.58,0.40,42.69,0.24,C3'-endo
15,15,0.65,G,G,G,0,0,1,0,0,),0,1,cWW,cW-W,2.79,3.41,3.07,1.53,4.00,5.11,5.17,3.23,BI,anti,.,4.53,4.67,3.05,3.71,3.30,3.83,3.93,4.78,0.13,5.81,0.62,5.72,0.28,35.92,0.13,C3'-endo
16,16,0.70,C,C,C,0,1,0,0,0,.,0,1,cWW,cW-W,5.31,2.84,0.89,1.49,4.53,3.50,1.03,3.48,BII,anti,.,3.95,4.59,3.09,2.56,3.47,2.77,4.64,2.69,0.02,5.86,0.64,5.64,0.40,38.13,0.30,C3'-endo
17,17,0.74,A,A,A,1,0,0,0,0,.,,0,,,4.17,2.79,0.79,1.55,3.85,5.11,5.02,3.27,BI,anti,A,4.69,4.69,2.59,4.14,2.36,4.14,2.19,4.83,0.17,5.77,0.63,5.73,0.24,36.29,0.06,C3'-endo
18,18,0.78,A,A,A,1,0,0,0,0,.,0,1,cWW,cW-W,5.08,2.97,0.93,1.43,3.73,5.33,4.69,3.38,BI,anti,.,4.67,4.75,2.76,4.12,3.15,4.13,4.32,4.60,0.13,5.75,0.72,5.62,0.34,41.87,0.15,C3'-endo
19,19,0.83,G,G,G,0,0,1,0,0,),0,1,cWW,cW-W,5.07,3.10,1.11,1.35,3.40,5.17,4.52,3.19,BI,anti,.,4.55,4.54,2.94,3.62,3.38,3.64,4.33,3.91,6.21,5.87,0.71,5.52,0.53,44.33,0.41,C3'-endo
20,20,0.87,U,U,U,0,0,0,1,0,.,0,1,cWW,cW-W,5.09,3.41,0.97,1.41,3.70,5.08,4.91,3.39,BI,anti,A,4.26,4.44,3.23,3.83,3.36,3.90,3.75,4.70,6.12,6.00,0.59,5.59,0.54,39.77,0.55,C3'-endo
21,21,0.91,C,C,C,0,1,0,0,0,),0,1,cWW,cW-W,5.21,2.87,0.93,1.37,3.58,5.06,4.80,3.54,BI,anti,A,4.26,4.49,2.84,3.71,3.19,3.69,4.25,4.10,6.13,5.98,0.62,5.56,0.55,41.42,0.53,C3'-endo
22,22,0.96,G,G,G,0,0,1,0,0,),0,1,cWW,cW-W,5.11,3.06,0.92,1.39,3.56,4.92,4.92,3.51,BI,anti,A,4.32,4.48,2.90,3.56,3.11,3.56,3.76,3.91,6.17,5.94,0.63,5.57,0.52,40.88,0.48,C3'-endo
23,23,1.00,C,C,C,0,1,0,0,0,),0,1,cWW,cW-W,5.27,2.87,0.94,1.21,,,,3.31,..,anti,-,,,,,,,,,6.16,5.95,0.65,5.55,0.54,41.96,0.49,C3'-endo
