index_chain,old_nt_resnum,nt_position,nt_name,nt_code,nt_align_code,is_A,is_C,is_G,is_U,is_other,dbn,paired,nb_interact,pair_type_LW,pair_type_DSSR,alpha,beta,gamma,delta,epsilon,zeta,epsilon_zeta,chi,bb_type,glyco_bond,form,ssZp,Dp,eta,theta,eta_prime,theta_prime,eta_base,theta_base,v0,v1,v2,v3,v4,amplitude,phase_angle,puckering
1,1,0.05,G,G,G,0,0,1,0,0,),0,1,cWW,cW-W,,2.92,0.80,1.54,3.70,5.05,4.93,3.19,BI,anti,A,4.54,4.64,,3.95,,3.94,,4.37,0.14,5.78,0.65,5.69,0.29,37.52,0.12,C3'-endo
2,2,0.10,C,C,C,0,1,0,0,0,),0,1,cWW,cW-W,5.01,3.10,1.01,1.40,3.92,4.83,5.37,3.35,BI,anti,A,4.57,4.75,2.96,3.73,3.19,3.75,3.93,4.10,0.08,5.76,0.75,5.56,0.40,44.09,0.22,C3'-endo
3,3,0.14,G,G,G,0,0,1,0,0,),0,1,cWW,cW-W,5.12,2.74,1.09,1.40,3.46,4.96,4.78,3.18,BI,anti,A,4.76,4.62,2.80,3.57,3.08,3.57,3.75,3.81,6.25,5.83,0.73,5.51,0.51,45.08,0.37,C3'-endo
4,4,0.19,U,U,U,0,0,0,1,0,.,0,1,cWW,cW-W,5.23,3.19,0.96,1.54,3.84,4.99,5.13,3.37,BI,anti,.,4.25,4.50,3.27,3.99,3.40,4.05,3.77,4.89,6.27,5.89,0.62,5.64,0.41,37.54,0.34,C3'-endo
5,5,0.24,C,C,C,0,1,0,0,0,),0,1,cWW,cW-W,5.24,2.88,0.90,1.52,3.98,2.98,1.01,3.62,BII,anti,.,3.86,4.46,2.97,1.93,3.30,2.15,4.37,2.73,6.25,5.94,0.56,5.69,0.40,34.50,0.38,C3'-endo
6,6,0.29,A,A,A,1,0,0,0,0,.,,0,,,4.98,2.74,0.79,1.62,4.09,5.13,5.24,3.04,..,anti,A,4.71,4.75,3.30,4.41,3.15,4.39,2.92,4.96,0.30,5.71,0.61,5.83,0.10,35.45,6.11,C2'-exo
7,7,0.33,C,C,C,0,1,0,0,0,.,,0,,,5.15,2.98,0.81,1.41,3.82,5.11,5.00,3.37,BI,anti,.,4.68,4.76,2.70,3.97,3.13,4.08,4.24,4.73,0.09,5.75,0.74,5.58,0.39,43.18,0.20,C3'-endo
8,8,0.38,C,C,C,0,1,0,0,0,),0,1,cWW,cW-W,5.32,3.06,0.91,1.48,3.66,5.02,4.92,3.34,BI,anti,A,4.60,4.56,3.08,3.81,3.45,3.82,4.40,4.20,0.03,5.87,0.62,5.67,0.37,36.72,0.28,C3'-endo
9,9,0.43,5BU,u,U,0,0,0,0,1,),0,1,cWW,cW-W,5.14,3.14,0.83,1.42,3.76,4.89,5.14,3.37,BI,anti,A,4.53,4.69,2.97,3.68,3.15,3.73,3.76,4.20,0.05,5.80,0.70,5.59,0.41,41.67,0.26,C3'-endo
10,10,0.48,C,C,C,0,1,0,0,0,),0,1,cWW,cW-W,5.22,2.84,0.93,1.36,3.72,4.81,5.20,3.32,BI,anti,A,4.66,4.70,2.87,3.60,3.11,3.62,3.82,4.01,0.00,5.82,0.72,5.55,0.46,43.51,0.32,C3'-endo
11,11,0.52,G,G,G,0,0,1,0,0,),0,1,cWW,cW-W,5.29,2.93,0.93,1.42,3.73,4.93,5.08,3.36,BI,anti,A,4.59,4.68,3.00,3.74,3.17,3.77,3.76,4.28,0.05,5.81,0.69,5.61,0.39,40.97,0.25,C3'-endo
12,12,0.57,A,A,A,1,0,0,0,0,),0,1,cWW,cW-W,5.26,2.93,0.93,1.44,3.66,5.13,4.81,3.44,BI,anti,A,4.52,4.68,2.96,3.90,3.22,3.88,4.00,4.19,0.10,5.77,0.71,5.61,0.37,41.73,0.19,C3'-endo
13,13,0.62,G,G,G,0,0,1,0,0,),0,1,cWW,cW-W,5.13,2.87,1.19,1.40,3.64,5.06,4.86,3.30,BI,anti,.,4.47,4.53,3.00,3.81,3.33,3.85,4.00,4.84,6.12,5.95,0.67,5.50,0.60,44.72,0.53,C3'-endo
14,14,0.67,C,C,C,0,1,0,0,0,.,0,1,cWW,cW-W,5.29,2.95,0.87,1.50,4.24,3.56,0.67,3.57,..,anti,.,3.89,4.63,3.13,2.51,3.43,2.72,4.63,2.65,0.09,5.82,0.64,5.67,0.33,37.51,0.20,C3'-endo
15,15,0.71,A,A,A,1,0,0,0,0,.,,0,,,4.35,2.86,0.78,1.50,3.79,5.15,4.92,3.31,BI,anti,.,4.65,4.68,2.65,4.10,2.38,4.12,2.20,4.85,0.14,5.78,0.66,5.69,0.29,38.22,0.12,C3'-endo
16,16,0.76,A,A,A,1,0,0,0,0,.,0,1,cWW,cW-W,5.15,3.00,0.88,1.49,3.75,5.28,4.75,3.40,BI,anti,.,4.61,4.73,2.84,4.13,3.22,4.13,4.38,4.59,0.18,5.71,0.73,5.64,0.30,42.12,0.08,C3'-endo
17,17,0.81,G,G,G,0,0,1,0,0,),0,1,cWW,cW-W,5.11,3.04,0.98,1.32,3.44,5.10,4.62,3.19,BI,anti,.,4.74,4.62,2.86,3.54,3.27,3.60,4.22,3.97,6.21,5.85,0.74,5.49,0.54,46.02,0.41,C3'-endo
18,18,0.86,U,U,U,0,0,0,1,0,.,0,1,cWW,cW-W,5.05,3.38,0.99,1.48,3.64,5.15,4.77,3.36,BI,anti,.,4.39,4.52,3.19,3.89,3.32,3.95,3.78,4.84,6.25,5.91,0.61,5.64,0.43,37.61,0.37,C3'-endo
19,19,0.90,C,C,C,0,1,0,0,0,),0,1,cWW,cW-W,5.00,3.04,0.92,1.40,3.61,5.03,4.86,3.52,BI,anti,A,4.40,4.68,2.77,3.71,3.13,3.71,4.34,3.95,0.09,5.76,0.73,5.59,0.38,42.73,0.20,C3'-endo
20,20,0.95,G,G,G,0,0,1,0,0,),0,1,cWW,cW-W,5.19,3.14,0.87,1.38,3.58,5.15,4.71,3.52,BI,anti,A,4.24,4.63,2.99,3.75,3.16,3.79,3.61,4.28,0.04,5.80,0.72,5.57,0.43,42.67,0.27,C3'-endo
21,21,1.00,C,C,C,0,1,0,0,0,),0,1,cWW,cW-W,5.08,3.12,0.97,1.32,,,,3.62,n/a,anti,-,,,,,,,,,6.20,5.92,0.64,5.58,0.49,40.41,0.44,C3'-endo
