index_chain,old_nt_resnum,nt_position,nt_name,nt_code,nt_align_code,is_A,is_C,is_G,is_U,is_other,dbn,paired,nb_interact,pair_type_LW,pair_type_DSSR,alpha,beta,gamma,delta,epsilon,zeta,epsilon_zeta,chi,bb_type,glyco_bond,form,ssZp,Dp,eta,theta,eta_prime,theta_prime,eta_base,theta_base,v0,v1,v2,v3,v4,amplitude,phase_angle,puckering
1,1,0.05,C,C,C,0,1,0,0,0,.,,0,,,,,1.08,1.46,3.57,5.29,4.56,3.36,BI,anti,.,4.60,4.62,,,,,,,0.07,5.80,0.69,5.62,0.37,40.44,0.22,C3'-endo
2,2,0.09,G,G,G,0,0,1,0,0,.,,0,,,4.94,3.23,0.97,1.47,3.60,4.99,4.90,3.38,BI,anti,A,4.57,4.63,2.90,3.75,3.27,3.75,4.37,4.15,0.09,5.78,0.70,5.62,0.36,40.75,0.20,C3'-endo
3,3,0.14,C,C,C,0,1,0,0,0,.,,0,,,5.25,2.99,0.90,1.45,3.78,5.04,5.03,3.47,BI,anti,A,4.46,4.67,3.01,3.86,3.22,3.84,3.86,4.23,0.04,5.83,0.68,5.61,0.41,40.47,0.28,C3'-endo
4,4,0.18,G,G,G,0,0,1,0,0,.,,0,,,5.04,2.69,1.23,1.35,3.37,5.28,4.37,3.21,BI,anti,A,4.54,4.52,2.76,3.79,3.15,3.75,3.94,4.55,6.18,5.88,0.73,5.48,0.57,46.16,0.45,C3'-endo
5,5,0.23,U,U,U,0,0,0,1,0,.,,0,,,4.74,3.42,1.08,1.48,3.68,4.85,5.12,3.49,BI,anti,A,4.34,4.63,2.98,3.66,3.25,3.68,4.35,3.96,0.06,5.80,0.70,5.60,0.39,41.21,0.24,C3'-endo
6,6,0.27,C,C,C,0,1,0,0,0,.,,0,,,5.18,2.91,0.91,1.42,3.57,5.01,4.84,3.57,BI,anti,A,4.20,4.59,2.88,3.69,3.08,3.65,3.58,4.06,0.03,5.83,0.69,5.59,0.42,41.31,0.29,C3'-endo
7,7,0.32,A,A,A,1,0,0,0,0,.,,0,,,5.18,3.07,0.75,1.39,3.67,5.09,4.86,3.56,BI,anti,A,4.39,4.71,2.83,3.78,3.00,3.85,3.68,4.35,0.11,5.75,0.73,5.60,0.36,42.67,0.18,C3'-endo
8,8,0.36,C,C,C,0,1,0,0,0,.,,0,,,5.27,3.03,0.91,1.44,3.96,4.96,5.28,3.35,BI,anti,.,4.63,4.74,3.07,3.98,3.32,4.07,4.03,4.97,0.01,5.82,0.70,5.57,0.44,42.22,0.30,C3'-endo
9,9,0.41,C,C,C,0,1,0,0,0,.,,0,,,5.24,2.76,0.99,1.46,3.46,5.02,4.73,3.38,BI,anti,A,4.48,4.56,2.81,3.68,3.26,3.63,4.57,3.80,0.07,5.80,0.70,5.61,0.38,40.97,0.23,C3'-endo
10,10,0.45,5BU,u,U,0,0,0,0,1,.,,0,,,5.10,3.20,0.91,1.42,3.65,4.95,4.99,3.44,BI,anti,A,4.31,4.63,3.02,3.67,3.17,3.70,3.57,4.28,0.05,5.80,0.71,5.59,0.40,41.74,0.25,C3'-endo
11,11,0.50,C,C,C,0,1,0,0,0,.,,0,,,5.23,2.91,0.88,1.41,3.53,5.09,4.72,3.54,BI,anti,A,4.42,4.63,2.85,3.73,3.10,3.73,3.96,4.19,0.07,5.80,0.70,5.60,0.39,41.50,0.23,C3'-endo
12,12,0.55,G,G,G,0,0,1,0,0,.,,0,,,5.09,3.25,0.88,1.42,3.69,4.99,4.98,3.49,BI,anti,A,4.42,4.73,2.98,3.76,3.16,3.82,3.86,4.30,0.14,5.73,0.74,5.61,0.34,42.67,0.14,C3'-endo
13,13,0.59,A,A,A,1,0,0,0,0,.,,0,,,5.38,2.90,0.88,1.48,3.67,5.18,4.76,3.53,BI,anti,A,4.31,4.64,3.02,3.97,3.31,3.94,4.04,4.23,0.07,5.80,0.69,5.61,0.38,40.80,0.23,C3'-endo
14,14,0.64,G,G,G,0,0,1,0,0,.,,0,,,5.11,2.86,1.15,1.35,3.56,5.05,4.79,3.38,BI,anti,.,4.42,4.47,2.94,3.68,3.30,3.73,3.94,4.77,6.08,5.99,0.65,5.50,0.63,44.55,0.59,C3'-endo
15,15,0.68,C,C,C,0,1,0,0,0,.,,0,,,5.28,2.96,0.78,1.51,4.01,3.73,0.28,3.57,..,anti,.,4.06,4.66,2.99,2.60,3.29,2.80,4.55,2.73,0.06,5.84,0.64,5.65,0.36,37.92,0.24,C3'-endo
16,16,0.73,A,A,A,1,0,0,0,0,.,,0,,,4.33,2.97,0.94,1.44,3.81,4.99,5.10,3.25,BI,anti,.,4.67,4.68,2.67,3.86,2.35,3.90,2.12,4.79,0.01,5.84,0.69,5.58,0.44,41.57,0.31,C3'-endo
17,17,0.77,A,A,A,1,0,0,0,0,.,,0,,,5.17,2.93,0.88,1.47,3.67,5.20,4.75,3.34,BI,anti,.,4.77,4.74,2.80,4.01,3.13,4.05,4.39,4.66,0.15,5.75,0.70,5.66,0.30,40.13,0.12,C3'-endo
18,18,0.82,G,G,G,0,0,1,0,0,.,,0,,,5.25,3.08,0.85,1.47,3.66,5.04,4.90,3.16,BI,anti,A,4.68,4.70,2.98,3.79,3.36,3.87,4.41,4.18,0.12,5.77,0.69,5.65,0.32,40.03,0.15,C3'-endo
19,19,0.86,U,U,U,0,0,0,1,0,.,,0,,,5.10,3.41,0.87,1.50,3.76,5.14,4.90,3.47,BI,anti,.,4.22,4.59,3.15,3.98,3.28,4.05,3.72,4.93,0.08,5.83,0.64,5.66,0.34,37.74,0.21,C3'-endo
20,20,0.91,C,C,C,0,1,0,0,0,.,,0,,,5.09,2.98,0.83,1.40,3.59,4.98,4.89,3.49,BI,anti,A,4.51,4.70,2.70,3.68,3.07,3.69,4.30,3.89,0.11,5.75,0.73,5.60,0.37,42.51,0.18,C3'-endo
21,21,0.95,G,G,G,0,0,1,0,0,.,,0,,,5.35,3.06,0.84,1.44,3.53,5.11,4.70,3.43,BI,anti,A,4.41,4.55,3.06,3.76,3.25,3.78,3.66,4.29,6.27,5.85,0.69,5.57,0.45,41.67,0.34,C3'-endo
22,22,1.00,C,C,C,0,1,0,0,0,.,,0,,,5.16,3.04,0.93,1.39,,,,3.54,n/a,anti,-,,,,,,,,,6.22,5.92,0.62,5.60,0.47,39.10,0.42,C3'-endo
