index_chain,old_nt_resnum,nt_position,nt_name,nt_code,nt_align_code,is_A,is_C,is_G,is_U,is_other,dbn,paired,nb_interact,pair_type_LW,pair_type_DSSR,alpha,beta,gamma,delta,epsilon,zeta,epsilon_zeta,chi,bb_type,glyco_bond,form,ssZp,Dp,eta,theta,eta_prime,theta_prime,eta_base,theta_base,v0,v1,v2,v3,v4,amplitude,phase_angle,puckering
1,48,0.05,G,G,G,0,0,1,0,0,(,19,1,cWW,cW-W,,1.91,2.24,1.40,4.56,3.63,0.93,2.92,BII,anti,A,4.75,4.79,,3.12,,3.34,,3.93,0.26,5.67,0.74,5.63,0.24,42.47,0.01,C3'-endo
2,49,0.11,C,C,C,0,1,0,0,0,(,18,1,cWW,cW-W,0.32,1.56,0.52,1.14,3.74,4.95,5.08,3.28,BI,anti,A,4.54,4.67,3.04,3.83,3.22,3.79,3.86,4.17,6.08,5.87,0.84,5.31,0.74,55.72,0.52,C3'-endo
3,50,0.16,U,U,U,0,0,0,1,0,(,17,1,cWW,cW-W,5.20,3.02,0.96,1.54,3.68,5.09,4.87,3.62,BI,anti,A,4.33,4.64,2.98,3.92,3.21,3.82,3.93,4.22,0.23,5.70,0.69,5.72,0.22,39.60,6.27,C2'-exo
4,51,0.21,G,G,G,0,0,1,0,0,(,16,1,cWW,cW-W,5.10,2.87,1.04,1.35,3.48,5.12,4.64,3.52,BI,anti,A,4.55,4.72,2.84,3.60,3.13,3.59,3.90,4.01,0.06,5.78,0.71,5.59,0.41,42.05,0.24,C3'-endo
5,52,0.26,U,U,U,0,0,0,1,0,(,15,1,cWW,cW-W,5.09,2.80,1.14,1.39,3.65,5.00,4.92,3.30,BI,anti,A,4.84,4.80,3.07,3.73,3.29,3.85,3.96,4.18,6.27,5.89,0.61,5.65,0.42,37.09,0.35,C3'-endo
6,53,0.32,G,G,G,0,0,1,0,0,.,14,1,cWH,cW+M,5.31,2.97,0.87,2.48,5.07,5.50,5.85,3.95,..,anti,.,0.95,0.83,3.51,6.18,3.96,5.92,4.36,5.03,5.72,0.76,5.61,0.37,0.12,43.16,2.66,C2'-endo
7,54,0.37,5MU,t,U,0,0,0,0,1,.,,0,,,5.03,3.00,2.69,1.42,4.49,3.50,0.99,1.13,BII,syn,.,-0.09,3.80,4.33,2.74,4.81,3.05,6.11,4.36,5.78,6.25,0.53,5.41,0.88,51.52,0.94,C4'-exo
8,55,0.42,U,U,U,0,0,0,1,0,.,,0,,,1.10,2.47,1.01,1.44,3.98,5.06,5.20,3.61,BI,anti,.,4.03,4.63,5.15,4.15,5.11,3.91,3.82,4.05,6.15,5.95,0.63,5.56,0.55,41.06,0.51,C3'-endo
9,56,0.47,C,C,C,0,1,0,0,0,.,,0,,,4.12,2.89,1.82,1.28,4.39,5.11,5.56,3.33,..,anti,.,4.49,4.82,2.68,4.10,2.87,4.20,3.31,5.18,6.21,5.87,0.69,5.53,0.54,43.29,0.43,C3'-endo
10,57,0.53,G,G,G,0,0,1,0,0,.,,0,,,5.48,3.01,0.35,1.03,1.40,1.26,0.14,3.68,..,anti,.,3.91,4.41,2.79,3.58,3.31,3.70,4.63,4.15,0.18,5.53,1.01,5.33,0.48,58.59,0.16,C3'-endo
11,58,0.58,A,A,A,1,0,0,0,0,.,,0,,,4.01,3.08,0.90,1.54,4.80,3.45,1.35,4.23,BII,anti,.,1.30,4.72,3.30,3.61,3.42,3.15,3.81,1.55,0.27,5.63,0.76,5.66,0.22,43.75,6.25,C2'-exo
12,59,0.63,U,U,U,0,0,0,1,0,.,,0,,,1.54,3.59,0.41,2.26,4.75,4.77,6.26,2.98,..,anti,.,3.96,3.85,6.25,4.87,0.18,4.93,1.37,5.26,0.40,6.01,0.06,0.16,5.93,22.20,4.87,O4'-exo
13,60,0.68,C,C,C,0,1,0,0,0,.,,0,,,5.11,3.08,1.01,2.45,4.61,5.17,5.72,3.58,..,anti,.,1.34,1.42,3.26,5.38,3.88,4.92,4.16,5.90,6.11,0.38,5.84,0.34,6.18,25.20,3.06,C2'-endo
14,61,0.74,C,C,C,0,1,0,0,0,.,6,1,cHW,cM+W,4.61,2.98,0.74,1.23,3.52,5.23,4.57,0.38,BI,syn,.,-4.49,4.71,1.86,3.60,2.66,3.71,3.74,3.14,0.07,5.74,0.78,5.54,0.43,45.91,0.23,C3'-endo
15,62,0.79,A,A,A,1,0,0,0,0,),5,1,cWW,cW-W,5.10,3.09,1.01,1.45,3.56,5.16,4.69,3.42,BI,anti,A,4.42,4.50,3.02,3.74,3.31,3.72,2.95,4.15,0.08,5.81,0.65,5.65,0.34,38.27,0.21,C3'-endo
16,63,0.84,C,C,C,0,1,0,0,0,),4,1,cWW,cW-W,4.81,2.84,1.31,1.40,3.61,5.01,4.89,3.19,BI,anti,A,4.60,4.62,2.90,3.65,3.14,3.64,3.88,3.94,0.08,5.78,0.71,5.60,0.38,41.42,0.22,C3'-endo
17,64,0.89,A,A,A,1,0,0,0,0,),3,1,cWW,cW-W,5.19,3.03,0.94,1.50,3.85,4.86,5.28,3.48,BI,anti,A,4.41,4.66,3.01,3.72,3.21,3.72,3.75,4.16,0.10,5.76,0.72,5.60,0.37,41.99,0.19,C3'-endo
18,65,0.95,G,G,G,0,0,1,0,0,),2,1,cWW,cW-W,5.04,2.77,1.11,1.34,3.98,4.42,5.84,3.36,..,anti,A,4.45,4.67,2.83,3.81,3.09,3.86,3.83,4.40,0.12,5.72,0.76,5.57,0.37,44.27,0.17,C3'-endo
19,66,1.00,C,C,C,0,1,0,0,0,),1,1,cWW,cW-W,6.27,2.20,0.94,1.37,,,,3.50,..,anti,-,,,,,,,,,5.73,0.06,0.41,5.57,0.81,46.06,1.04,C4'-exo
