index_chain,old_nt_resnum,nt_position,nt_name,nt_code,nt_align_code,is_A,is_C,is_G,is_U,is_other,dbn,paired,nb_interact,pair_type_LW,pair_type_DSSR,alpha,beta,gamma,delta,epsilon,zeta,epsilon_zeta,chi,bb_type,glyco_bond,form,ssZp,Dp,eta,theta,eta_prime,theta_prime,eta_base,theta_base,v0,v1,v2,v3,v4,amplitude,phase_angle,puckering
1,1,0.01,U,U,U,0,0,0,1,0,.,,0,,,,,1.14,1.44,3.96,1.51,2.45,3.59,..,anti,.,4.10,4.57,,,,,,,6.27,5.90,0.62,5.64,0.42,37.72,0.35,C3'-endo
2,2,0.02,U,U,U,0,0,0,1,0,.,25,1,cWW,cW-W,2.24,5.03,5.31,2.49,4.20,2.29,1.91,3.57,BII,anti,.,0.97,1.49,0.62,1.04,0.48,1.61,0.83,1.39,5.74,0.74,5.63,0.36,0.11,42.13,2.66,C2'-endo
3,3,0.02,A,A,A,1,0,0,0,0,.,"21,25",2,"tWS,cHW","tW+m,cM+W",4.84,3.08,0.83,2.67,4.48,5.28,5.48,5.08,..,anti,.,-1.00,2.02,3.54,5.73,3.61,5.37,2.98,6.25,0.05,0.32,5.73,0.59,5.87,34.32,3.56,C3'-exo
4,4,0.03,G,G,G,0,0,1,0,0,(,119,1,cWW,cW-W,5.34,3.29,1.14,1.44,3.70,4.96,5.02,3.26,BI,anti,A,4.72,4.71,3.20,3.73,3.96,3.77,3.96,4.21,0.10,5.78,0.71,5.61,0.36,41.41,0.19,C3'-endo
5,5,0.04,G,G,G,0,0,1,0,0,(,118,1,cWW,cW-W,4.95,3.22,0.94,1.40,3.65,5.04,4.89,3.42,BI,anti,A,4.62,4.73,2.85,3.74,3.02,3.78,3.72,4.15,0.15,5.72,0.75,5.61,0.33,43.13,0.13,C3'-endo
6,6,0.05,C,C,C,0,1,0,0,0,(,117,1,cWW,cW-W,5.47,3.14,0.70,1.39,3.59,5.86,4.01,3.57,BI,anti,.,4.44,4.70,3.06,4.20,3.26,4.04,3.87,4.26,0.11,5.77,0.70,5.63,0.34,40.67,0.17,C3'-endo
7,7,0.06,G,G,G,0,0,1,0,0,(,116,1,cWW,cW-W,3.67,2.07,2.87,1.54,3.73,5.03,4.99,3.15,BI,anti,A,4.63,4.65,3.21,2.94,3.37,3.23,3.93,3.70,0.24,5.73,0.64,5.76,0.18,36.82,6.24,C2'-exo
8,8,0.07,G,G,G,0,0,1,0,0,(,115,1,cWW,cW-W,5.10,3.16,0.93,1.46,3.96,5.03,5.22,3.39,BI,anti,A,4.24,4.63,3.07,4.01,3.28,4.00,3.76,4.54,0.05,5.83,0.66,5.63,0.38,39.05,0.26,C3'-endo
9,9,0.07,C,C,C,0,1,0,0,0,(,114,1,cWW,cW-W,5.06,2.79,1.02,1.39,4.17,5.29,5.16,3.48,..,anti,.,4.24,4.59,2.80,4.40,3.08,4.61,3.88,5.54,6.14,5.96,0.63,5.55,0.55,41.60,0.51,C3'-endo
10,10,0.08,C,C,C,0,1,0,0,0,.,13,1,tSW,tm+W,5.21,2.86,1.24,2.58,4.62,3.03,1.59,4.01,BII,anti,.,1.04,0.90,3.29,2.80,4.15,2.60,5.20,3.21,5.91,0.62,5.67,0.42,6.25,36.53,2.87,C2'-endo
11,11,0.09,A,A,A,1,0,0,0,0,.,68,1,tSS,tm+m,5.43,3.79,1.01,1.42,3.45,4.05,5.68,3.30,BI,anti,.,4.72,4.60,4.82,3.10,4.53,2.48,4.35,2.79,0.07,5.81,0.68,5.63,0.37,39.79,0.23,C3'-endo
12,12,0.10,C,C,C,0,1,0,0,0,.,,0,,,1.53,3.76,0.93,2.57,4.58,4.97,5.89,3.72,..,anti,.,0.85,0.83,0.07,5.40,0.15,5.12,5.58,5.43,5.91,0.63,5.64,0.45,6.23,37.82,2.89,C2'-endo
13,13,0.11,A,A,A,1,0,0,0,0,.,10,1,tWS,tW+m,4.78,3.15,0.78,2.59,4.05,4.97,5.37,4.01,..,anti,.,1.62,1.51,2.29,5.55,3.31,5.23,3.83,5.73,5.84,0.70,5.61,0.44,6.28,40.61,2.82,C2'-endo
14,14,0.11,G,G,G,0,0,1,0,0,(,67,1,cWW,cW-W,0.96,2.69,5.25,1.68,3.61,5.39,4.51,3.48,BI,anti,A,4.59,4.75,2.71,3.75,3.45,3.91,4.13,4.30,0.49,5.59,0.63,5.91,6.21,39.74,5.86,C2'-exo
15,15,0.12,C,C,C,0,1,0,0,0,(,"66,113",2,"cWW,tHW","cW-W,tM+W",5.02,3.34,0.85,1.37,3.67,5.28,4.67,3.46,BI,anti,.,4.55,4.70,2.90,3.91,3.21,4.01,3.75,4.96,0.01,5.84,0.68,5.59,0.43,41.14,0.32,C3'-endo
16,16,0.13,G,G,G,0,0,1,0,0,(,64,1,cWW,cW-W,5.00,3.17,0.89,1.36,3.78,4.85,5.21,3.47,BI,anti,A,4.54,4.79,2.78,3.68,3.13,3.74,4.43,3.98,0.14,5.72,0.75,5.60,0.35,43.53,0.14,C3'-endo
17,17,0.14,G,G,G,0,0,1,0,0,(,63,1,cWW,cW-W,5.54,2.85,0.90,1.36,3.41,5.03,4.66,3.38,BI,anti,A,4.55,4.56,3.08,3.55,3.32,3.55,3.80,3.78,0.00,5.84,0.70,5.57,0.45,42.21,0.32,C3'-endo
18,18,0.15,U,U,U,0,0,0,1,0,(,62,1,cWW,cW-W,5.31,3.25,0.78,1.43,3.65,5.00,4.94,3.61,BI,anti,A,4.18,4.59,3.14,3.70,3.25,3.77,3.61,4.38,0.06,5.84,0.64,5.65,0.36,37.99,0.24,C3'-endo
19,19,0.16,G,G,G,0,0,1,0,0,(,61,1,cWW,cW-W,5.22,2.90,0.89,1.44,3.47,5.16,4.60,3.34,BI,anti,A,4.58,4.56,2.84,3.79,3.14,3.73,4.04,4.06,0.05,5.83,0.66,5.62,0.38,39.39,0.26,C3'-endo
20,20,0.16,G,G,G,0,0,1,0,0,(,60,1,cWW,cW-W,4.91,3.27,1.00,1.41,3.44,5.15,4.58,3.20,BI,anti,A,4.59,4.53,2.92,3.66,3.12,3.71,3.76,4.12,0.02,5.85,0.66,5.61,0.41,39.73,0.30,C3'-endo
21,21,0.17,G,G,G,0,0,1,0,0,(,"3,58,59",3,"tSW,tWH,cWW","tm+W,tW-M,cW-W",5.16,3.24,0.93,1.45,3.86,3.77,0.09,3.46,..,anti,.,4.24,4.57,3.19,3.40,3.39,3.41,3.93,3.20,0.04,5.84,0.65,5.64,0.38,38.69,0.26,C3'-endo
22,22,0.18,G,G,G,0,0,1,0,0,.,"26,27,58",3,"tSW,tWW,tW.","tm+W,tW+W,tW-.",2.32,4.18,2.95,1.51,4.44,2.40,2.04,3.61,BII,anti,.,3.59,4.61,3.01,2.30,3.00,2.42,2.82,2.58,0.09,5.84,0.61,5.70,0.31,35.68,0.19,C3'-endo
23,23,0.19,U,U,U,0,0,0,1,0,.,,0,,,0.71,1.27,2.97,1.36,3.24,4.61,4.91,2.93,BI,anti,.,4.15,4.45,0.47,2.29,5.90,2.49,5.44,2.38,6.23,5.89,0.66,5.57,0.48,41.15,0.40,C3'-endo
24,24,0.20,U,U,U,0,0,0,1,0,.,,0,,,2.08,4.21,5.10,1.43,3.64,1.21,2.43,4.65,..,anti,.,0.56,4.65,4.82,5.01,4.60,5.32,4.17,5.59,0.07,5.80,0.69,5.61,0.38,40.65,0.23,C3'-endo
25,25,0.20,G,G,G,0,0,1,0,0,.,"2,3",2,"cWW,cWH","cW-W,cW+M",4.60,3.59,0.91,1.48,3.84,5.19,4.93,3.36,BI,anti,.,4.60,4.74,3.30,4.09,4.01,4.19,4.54,4.56,0.16,5.76,0.67,5.69,0.27,38.61,0.09,C3'-endo
26,26,0.21,C,C,C,0,1,0,0,0,.,22,1,tWS,tW+m,5.14,3.41,0.87,1.46,3.44,5.15,4.58,3.53,BI,anti,.,3.99,4.17,3.09,3.71,3.36,3.75,3.92,4.44,6.19,5.97,0.57,5.63,0.47,36.84,0.48,C3'-endo
27,27,0.22,C,C,C,0,1,0,0,0,.,"22,55,58",3,"tWW,cWW,cWW","tW+W,cW-W,cW-W",5.21,3.17,0.64,1.37,3.42,4.86,4.85,3.66,BI,anti,A,4.19,4.55,2.83,3.98,3.06,3.99,3.98,4.60,0.06,5.82,0.68,5.62,0.38,40.09,0.24,C3'-endo
28,28,0.23,U,U,U,0,0,0,1,0,(,54,1,cWW,cW-W,2.61,3.87,3.00,1.46,4.34,4.44,6.18,3.15,..,anti,.,4.60,4.72,3.00,3.44,3.34,3.50,4.26,4.17,0.10,5.82,0.64,5.68,0.32,37.43,0.18,C3'-endo
29,29,0.24,C,C,C,0,1,0,0,0,(,"53,56",2,"cWW,cSW","cW-W,cm-W",5.44,2.38,0.91,1.40,3.86,5.49,4.65,3.57,BI,anti,.,4.30,4.71,2.77,4.49,3.05,4.52,3.95,4.96,0.07,5.82,0.66,5.64,0.36,38.98,0.23,C3'-endo
30,30,0.25,C,C,C,0,1,0,0,0,(,"50,52",2,"cWW,cSW","cW-W,cm-W",5.38,3.02,0.89,1.40,3.66,5.19,4.76,2.93,BI,anti,A,4.45,4.60,3.00,3.89,3.61,3.96,4.72,4.66,6.27,5.88,0.64,5.62,0.42,38.74,0.34,C3'-endo
31,31,0.25,C,C,C,0,1,0,0,0,(,49,1,cWW,cW-W,4.94,3.45,0.83,1.42,3.69,5.12,4.86,3.70,BI,anti,A,3.99,4.67,2.92,3.83,3.14,3.88,4.07,4.16,0.09,5.79,0.69,5.62,0.36,40.54,0.21,C3'-endo
32,32,0.26,G,G,G,0,0,1,0,0,(,48,1,cWW,cW-W,5.22,2.94,1.02,1.35,3.19,4.78,4.70,3.48,BI,anti,.,4.19,4.26,2.92,3.56,3.27,3.61,3.80,3.86,6.14,5.95,0.65,5.54,0.55,42.42,0.51,C3'-endo
33,33,0.27,U,U,U,0,0,0,1,0,(,"35,47",2,"cSH,cWW","cm+M,cW-W",3.20,3.49,2.90,2.60,4.70,3.12,1.58,4.14,BII,anti,.,0.43,0.73,4.01,2.19,3.97,2.27,4.12,2.15,5.99,0.59,5.63,0.50,6.15,37.51,3.02,C2'-endo
34,34,0.28,A,A,A,1,0,0,0,0,.,48,1,cWS,cW-m,3.30,2.99,0.76,1.42,3.43,4.87,4.84,3.54,BI,anti,A,4.36,4.58,2.01,4.08,1.83,3.98,2.00,4.41,0.15,5.77,0.67,5.68,0.28,38.55,0.10,C3'-endo
35,35,0.29,C,C,C,0,1,0,0,0,.,"33,48",2,"cHS,cWS","cM+m,cW-m",2.58,3.82,3.05,1.45,4.38,4.79,5.87,3.15,..,anti,A,4.68,4.77,3.00,3.74,3.30,3.77,4.11,4.10,0.13,5.77,0.68,5.66,0.31,39.04,0.13,C3'-endo
36,36,0.30,C,C,C,0,1,0,0,0,.,47,1,cWS,cW-m,5.08,3.11,0.73,1.36,3.94,5.18,5.04,3.76,BI,anti,.,3.79,4.73,2.67,4.07,2.88,4.19,3.39,5.02,0.00,5.84,0.68,5.58,0.44,41.30,0.32,C3'-endo
37,37,0.30,C,C,C,0,1,0,0,0,(,43,1,cWW,cW-W,5.30,2.89,0.85,1.37,3.56,5.01,4.83,3.54,BI,anti,A,4.48,4.65,2.76,3.66,3.22,3.67,4.39,4.08,6.28,5.86,0.68,5.59,0.44,40.95,0.33,C3'-endo
38,38,0.31,A,A,A,1,0,0,0,0,.,45,1,cSW,cm-W,5.27,2.99,0.95,1.41,4.08,3.77,0.31,3.09,..,anti,.,4.87,4.79,3.11,3.13,3.29,3.29,3.93,2.99,0.03,5.81,0.71,5.58,0.42,42.09,0.28,C3'-endo
39,39,0.32,U,U,U,0,0,0,1,0,.,44,1,tSH,tm-M,5.85,1.99,1.11,1.39,2.87,1.87,1.00,3.50,..,anti,.,3.31,3.54,3.16,0.13,3.45,5.50,3.10,4.25,5.95,6.14,0.54,5.55,0.67,42.68,0.77,C4'-exo
40,40,0.33,C,C,C,0,1,0,0,0,.,,0,,,5.66,3.61,1.08,1.36,3.09,1.44,1.65,3.70,..,anti,.,3.80,4.04,4.52,6.06,5.43,5.53,0.48,5.41,6.01,6.06,0.60,5.51,0.66,44.39,0.68,C4'-exo
41,41,0.34,C,C,C,0,1,0,0,0,.,,0,,,3.19,3.31,0.75,1.31,3.06,5.01,4.34,4.38,BI,anti,.,2.25,3.92,1.50,3.59,2.36,3.55,3.09,4.10,5.96,6.11,0.57,5.52,0.68,43.94,0.74,C4'-exo
42,42,0.34,C,C,C,0,1,0,0,0,.,,0,,,2.80,3.47,2.95,1.48,4.53,5.31,5.50,3.45,..,anti,.,3.86,4.54,3.08,4.52,3.23,4.04,3.89,4.60,0.05,5.86,0.61,5.68,0.35,36.26,0.25,C3'-endo
43,43,0.35,G,G,G,0,0,1,0,0,),"37,46",2,"cWW,tSW","cW-W,tm+W",3.18,2.37,5.30,2.84,3.58,1.89,1.69,5.70,..,...,.,0.12,1.50,4.66,1.64,5.47,1.19,5.09,1.19,6.27,0.42,5.64,0.66,5.88,38.89,3.45,C3'-exo
44,44,0.36,A,A,A,1,0,0,0,0,.,39,1,tHS,tM-m,2.78,3.46,1.08,1.43,3.85,5.24,4.90,3.29,BI,anti,.,4.69,4.71,1.55,4.14,1.65,4.21,1.97,5.19,0.03,5.84,0.68,5.61,0.41,40.44,0.29,C3'-endo
45,45,0.37,A,A,A,1,0,0,0,0,.,38,1,cWS,cW-m,5.08,2.99,0.94,1.48,3.84,5.13,4.99,3.33,BI,anti,A,4.51,4.64,2.82,4.06,3.25,4.07,4.62,4.73,0.08,5.83,0.64,5.66,0.34,37.66,0.21,C3'-endo
46,46,0.38,C,C,C,0,1,0,0,0,.,43,1,tWS,tW+m,5.10,3.00,0.89,1.40,3.62,5.37,4.53,3.45,BI,anti,.,4.51,4.54,2.76,4.04,3.12,4.07,4.15,4.87,6.21,5.92,0.63,5.59,0.48,39.87,0.43,C3'-endo
47,47,0.39,A,A,A,1,0,0,0,0,),"33,36",2,"cWW,cSW","cW-W,cm-W",4.94,3.24,0.87,1.39,3.62,4.96,4.95,3.31,BI,anti,A,4.58,4.64,2.77,3.61,3.14,3.68,4.33,4.25,0.03,5.83,0.68,5.60,0.41,40.80,0.28,C3'-endo
48,48,0.39,C,C,C,0,1,0,0,0,),"32,34,35",3,"cWW,cSW,cSW","cW-W,cm-W,cm-W",5.21,2.93,1.04,1.46,3.54,5.16,4.66,3.60,BI,anti,A,4.31,4.61,2.99,3.85,3.25,3.79,4.04,4.07,0.06,5.81,0.68,5.62,0.38,40.12,0.23,C3'-endo
49,49,0.40,G,G,G,0,0,1,0,0,),31,1,cWW,cW-W,4.79,3.32,0.98,1.38,3.51,5.13,4.67,3.51,BI,anti,.,4.40,4.63,2.79,3.74,3.01,3.78,3.59,4.13,0.01,5.83,0.70,5.58,0.44,41.87,0.31,C3'-endo
50,50,0.41,G,G,G,0,0,1,0,0,),30,1,cWW,cW-W,5.39,2.84,1.13,1.39,3.37,4.69,4.97,3.30,BI,anti,.,4.23,4.29,3.16,3.73,3.53,3.76,4.17,4.39,6.06,6.03,0.60,5.54,0.61,42.32,0.62,C3'-endo
51,51,0.42,A,A,A,1,0,0,0,0,.,52,1,cSH,cm+M,3.09,3.58,2.96,2.56,4.48,2.49,1.99,4.01,BII,anti,.,0.87,1.09,3.85,2.12,3.93,2.25,4.52,2.40,5.98,0.58,5.67,0.45,6.19,35.47,2.96,C2'-endo
52,52,0.43,A,A,A,1,0,0,0,0,.,"30,51",2,"cWS,cHS","cW-m,cM+m",2.79,4.04,1.26,1.48,3.70,4.95,5.04,3.30,BI,anti,A,4.72,4.69,2.37,3.93,2.12,3.96,2.35,4.33,0.11,5.78,0.69,5.64,0.34,39.99,0.18,C3'-endo
53,53,0.43,G,G,G,0,0,1,0,0,),29,1,cWW,cW-W,5.34,2.81,0.99,1.41,3.61,4.98,4.91,3.28,BI,anti,A,4.68,4.64,2.98,3.72,3.30,3.72,4.07,4.11,0.02,5.82,0.70,5.58,0.43,42.13,0.29,C3'-endo
54,54,0.44,A,A,A,1,0,0,0,0,),"28,56",2,"cWW,cSH","cW-W,cm+M",5.18,3.17,0.92,1.40,3.45,5.05,4.69,3.32,BI,anti,.,4.48,4.58,3.02,3.63,3.22,3.69,3.87,3.33,0.07,5.80,0.70,5.61,0.39,41.16,0.23,C3'-endo
55,55,0.45,U,U,U,0,0,0,1,0,.,"27,57",2,"cWW,cSW","cW-W,cm-W",5.70,3.23,0.84,2.38,4.61,2.26,2.36,4.72,BII,anti,.,0.46,1.02,3.88,2.01,4.13,1.64,3.66,1.66,5.86,0.62,5.71,0.35,0.04,35.59,2.75,C2'-endo
56,56,0.46,A,A,A,1,0,0,0,0,.,"29,54",2,"cWS,cHS","cW-m,cM+m",3.39,2.70,0.87,1.46,4.13,4.97,5.44,3.14,..,anti,.,4.63,4.66,2.07,4.34,1.97,4.12,2.13,5.12,0.04,5.87,0.62,5.66,0.37,36.87,0.27,C3'-endo
57,57,0.47,A,A,A,1,0,0,0,0,.,55,1,cWS,cW-m,0.76,3.64,5.05,1.49,3.91,5.31,4.88,0.42,BI,syn,.,-4.27,4.66,2.95,3.42,3.08,3.76,4.52,3.70,0.07,5.83,0.64,5.67,0.35,37.42,0.22,C3'-endo
58,58,0.48,G,G,G,0,0,1,0,0,.,"21,22,27",3,"tHW,t.W,cWW","tM-W,t.-W,cW-W",5.19,2.94,0.95,1.42,3.69,5.45,4.53,3.30,BI,anti,.,4.74,4.69,2.81,4.23,3.35,4.31,3.36,5.52,0.01,5.85,0.68,5.59,0.43,40.75,0.32,C3'-endo
59,59,0.48,C,C,C,0,1,0,0,0,),21,1,cWW,cW-W,4.89,3.19,0.92,1.54,3.72,4.95,5.06,3.55,BI,anti,.,4.25,4.67,2.77,3.86,3.30,3.86,4.95,4.29,0.24,5.74,0.64,5.76,0.18,36.50,6.24,C2'-exo
60,60,0.49,C,C,C,0,1,0,0,0,),20,1,cWW,cW-W,5.08,3.10,0.83,1.45,3.43,5.30,4.41,3.00,BI,anti,.,4.41,4.57,2.76,3.87,2.99,3.91,3.80,4.26,0.13,5.76,0.71,5.63,0.33,41.09,0.15,C3'-endo
61,61,0.50,C,C,C,0,1,0,0,0,),19,1,cWW,cW-W,5.01,3.50,0.89,1.49,3.50,5.09,4.69,3.75,BI,anti,A,3.94,4.49,3.10,3.74,3.32,3.77,3.91,4.18,0.04,5.85,0.63,5.66,0.37,37.46,0.26,C3'-endo
62,62,0.51,A,A,A,1,0,0,0,0,),18,1,cWW,cW-W,5.04,3.04,0.98,1.44,3.69,5.16,4.81,3.24,BI,anti,.,4.50,4.53,2.90,3.92,3.14,3.89,3.79,4.24,6.25,5.89,0.66,5.59,0.46,40.28,0.37,C3'-endo
63,63,0.52,C,C,C,0,1,0,0,0,),17,1,cWW,cW-W,4.87,2.99,1.24,1.35,3.18,5.16,4.31,3.51,BI,anti,.,4.33,4.27,2.84,3.45,3.20,3.41,3.88,3.79,6.02,6.03,0.64,5.49,0.67,45.67,0.64,C4'-exo
64,64,0.52,C,C,C,0,1,0,0,0,),16,1,cWW,cW-W,4.96,3.44,0.92,1.43,3.92,4.63,5.57,3.38,BI,anti,.,4.33,4.52,3.17,3.85,3.22,4.08,3.68,4.74,6.24,5.90,0.64,5.60,0.46,39.40,0.39,C3'-endo
65,65,0.53,A,A,A,1,0,0,0,0,.,67,1,cSH,cm+M,6.18,2.62,0.90,1.47,2.49,4.59,4.18,4.09,BI,anti,.,2.49,3.39,3.56,2.80,4.13,2.28,4.73,1.90,0.05,5.90,0.55,5.74,0.31,32.38,0.24,C3'-endo
66,66,0.54,G,G,G,0,0,1,0,0,),"15,113",2,"cWW,tHW","cW-W,tM-W",4.09,3.38,0.93,1.42,3.82,4.90,5.20,3.16,BI,anti,A,4.75,4.72,2.13,3.75,1.89,3.85,1.90,4.26,0.10,5.79,0.68,5.64,0.34,39.66,0.18,C3'-endo
67,67,0.55,C,C,C,0,1,0,0,0,),"14,65",2,"cWW,cHS","cW-W,cM+m",5.31,3.05,0.85,1.40,3.74,5.10,4.93,3.60,BI,anti,.,4.21,4.66,3.03,3.87,3.22,3.91,3.79,4.48,0.04,5.83,0.67,5.62,0.39,39.84,0.27,C3'-endo
68,68,0.56,G,G,G,0,0,1,0,0,.,11,1,tSS,tm+m,5.20,3.08,0.83,1.38,3.69,5.17,4.80,3.20,BI,anti,A,4.75,4.72,2.87,3.88,3.15,3.97,4.02,4.60,0.07,5.78,0.71,5.59,0.39,42.00,0.23,C3'-endo
69,69,0.57,U,U,U,0,0,0,1,0,.,112,1,cWW,cW-W,5.26,3.07,0.96,1.41,3.51,5.07,4.72,3.37,BI,anti,A,4.54,4.55,3.02,3.67,3.38,3.66,4.34,3.99,0.02,5.85,0.66,5.62,0.41,39.68,0.30,C3'-endo
70,70,0.57,U,U,U,0,0,0,1,0,.,111,1,cWW,cW-W,5.12,3.25,0.78,1.38,3.70,5.02,4.96,3.58,BI,anti,A,4.28,4.68,2.93,3.72,3.06,3.77,3.59,4.40,0.07,5.79,0.70,5.60,0.39,41.43,0.23,C3'-endo
71,71,0.58,C,C,C,0,1,0,0,0,(,110,1,cWW,cW-W,5.22,2.87,1.01,1.39,3.47,5.12,4.63,3.85,BI,anti,A,3.85,4.59,2.86,3.70,3.17,3.65,4.04,3.90,0.00,5.85,0.67,5.59,0.43,40.64,0.32,C3'-endo
72,72,0.59,C,C,C,0,1,0,0,0,(,109,1,cWW,cW-W,5.07,3.22,0.90,1.36,3.42,5.08,4.62,3.58,BI,anti,A,4.36,4.52,2.92,3.54,3.11,3.58,3.62,3.85,6.28,5.86,0.67,5.60,0.43,40.41,0.33,C3'-endo
73,73,0.60,A,A,A,1,0,0,0,0,.,108,1,cWW,cW-W,5.14,3.27,0.84,1.43,3.72,4.93,5.07,3.48,BI,anti,A,4.33,4.52,3.05,3.67,3.18,3.71,3.55,4.31,6.26,5.90,0.61,5.64,0.42,37.58,0.36,C3'-endo
74,74,0.61,G,G,G,0,0,1,0,0,(,107,1,cWW,cW-W,5.02,2.87,0.98,1.42,3.42,5.37,4.34,3.24,BI,anti,A,4.62,4.54,2.69,3.92,2.97,3.88,3.88,4.32,0.02,5.85,0.66,5.62,0.41,39.49,0.30,C3'-endo
75,75,0.61,G,G,G,0,0,1,0,0,.,106,1,cWW,cW-W,4.92,3.42,0.91,1.40,3.80,5.00,5.08,3.25,BI,anti,.,4.50,4.64,2.99,3.80,3.23,3.93,4.00,4.97,6.28,5.85,0.68,5.58,0.44,41.06,0.33,C3'-endo
76,76,0.62,G,G,G,0,0,1,0,0,.,105,1,tSH,tm-M,5.21,2.82,1.04,1.47,3.22,1.44,1.78,3.49,..,anti,.,4.02,4.41,2.85,5.99,3.31,5.10,4.67,4.26,0.12,5.78,0.68,5.65,0.32,39.51,0.15,C3'-endo
77,77,0.63,A,A,A,1,0,0,0,0,.,104,1,tHH,tM+M,5.74,4.02,2.96,2.62,3.97,3.45,0.52,3.53,..,anti,.,0.74,1.55,0.63,2.88,1.80,2.36,1.80,2.62,5.84,0.72,5.58,0.47,6.26,42.40,2.84,C2'-endo
78,78,0.64,G,G,G,0,0,1,0,0,.,79,1,cSH,cm+M,5.01,1.43,3.12,2.61,3.22,2.73,0.49,4.70,..,anti,.,1.96,2.10,5.54,0.45,4.83,1.07,4.53,1.61,5.87,0.70,5.58,0.48,6.24,41.81,2.88,C2'-endo
79,79,0.65,U,U,U,0,0,0,1,0,.,"78,103",2,"cHS,tWH","cM+m,tW-M",5.04,2.49,0.80,1.43,3.96,5.10,5.14,3.06,BI,anti,.,4.58,4.62,2.88,4.17,2.70,4.15,2.78,4.69,6.28,5.87,0.64,5.62,0.42,38.87,0.33,C3'-endo
80,80,0.66,A,A,A,1,0,0,0,0,.,102,1,tHS,tM-m,5.03,3.17,0.93,1.40,3.89,5.20,4.98,3.34,BI,anti,.,4.41,4.64,2.88,4.06,3.17,4.15,4.06,5.13,6.27,5.87,0.66,5.59,0.45,40.55,0.35,C3'-endo
81,81,0.66,C,C,C,0,1,0,0,0,(,101,1,cWW,cW-W,5.17,2.91,0.90,1.39,3.70,5.04,4.94,3.51,BI,anti,A,4.49,4.72,2.75,3.86,3.20,3.92,4.57,4.36,0.09,5.77,0.72,5.59,0.38,42.40,0.21,C3'-endo
82,82,0.67,U,U,U,0,0,0,1,0,(,100,1,cWW,cW-W,5.53,2.88,0.97,1.45,3.59,4.59,5.28,3.44,BI,anti,.,4.38,4.46,3.19,3.29,3.55,3.29,4.28,3.51,6.28,5.88,0.62,5.64,0.41,37.80,0.33,C3'-endo
83,83,0.68,G,G,G,0,0,1,0,0,(,99,1,cWW,cW-W,4.91,3.16,0.85,1.43,3.60,5.27,4.62,3.05,BI,anti,A,4.76,4.70,2.79,3.96,2.75,4.03,3.10,4.70,0.10,5.77,0.70,5.62,0.35,40.78,0.18,C3'-endo
84,84,0.69,G,G,G,0,0,1,0,0,(,98,1,cWW,cW-W,4.74,3.54,0.99,1.47,3.59,4.97,4.91,3.41,BI,anti,A,4.52,4.62,2.89,3.71,3.16,3.76,4.13,4.11,0.08,5.80,0.68,5.63,0.36,40.02,0.22,C3'-endo
85,85,0.70,A,A,A,1,0,0,0,0,(,97,1,cWW,cW-W,5.12,3.04,1.00,1.45,3.68,4.78,5.18,3.28,BI,anti,A,4.61,4.58,2.97,3.66,3.18,3.68,3.76,3.91,6.26,5.89,0.64,5.61,0.44,39.20,0.36,C3'-endo
86,86,0.70,G,G,G,0,0,1,0,0,(,96,1,cWW,cW-W,5.46,2.86,0.91,1.41,4.15,4.10,0.05,3.64,..,anti,.,3.79,4.53,3.23,3.64,3.36,3.19,3.70,3.30,6.14,5.96,0.64,5.55,0.55,42.06,0.52,C3'-endo
87,87,0.71,U,U,U,0,0,0,1,0,.,0,1,c.S,c.-m,1.24,3.45,0.93,2.59,3.84,2.13,1.72,3.80,..,anti,.,1.85,1.86,5.57,1.80,5.97,1.17,5.61,1.01,5.84,0.68,5.64,0.41,0.01,39.44,2.79,C2'-endo
88,88,0.72,G,G,G,0,0,1,0,0,(,95,1,cWW,cW-W,5.09,3.51,4.65,1.52,3.58,5.09,4.76,3.14,BI,anti,A,4.42,4.49,1.48,2.95,1.34,3.24,1.51,3.78,0.07,5.85,0.60,5.69,0.33,35.49,0.22,C3'-endo
89,89,0.73,C,C,C,0,1,0,0,0,(,94,1,cWW,cW-W,4.87,3.31,1.01,1.42,3.42,5.32,4.38,3.64,BI,anti,A,4.25,4.52,2.91,3.83,3.14,3.82,3.67,4.25,6.28,5.86,0.66,5.60,0.43,39.98,0.33,C3'-endo
90,90,0.74,G,G,G,0,0,1,0,0,.,93,1,tSH,tm-M,4.98,3.19,0.90,1.34,4.09,4.81,5.56,3.40,..,anti,.,4.67,4.77,2.95,4.25,3.16,3.59,3.85,2.73,6.23,5.87,0.70,5.53,0.51,43.65,0.39,C3'-endo
91,91,0.75,C,C,C,0,1,0,0,0,.,,0,,,2.85,3.01,0.92,1.44,3.78,5.19,4.87,3.30,BI,anti,.,4.71,4.60,0.36,4.04,0.82,4.15,0.48,5.09,6.24,5.90,0.63,5.60,0.46,39.34,0.39,C3'-endo
92,92,0.75,G,G,G,0,0,1,0,0,.,,0,,,5.19,2.78,1.07,1.50,3.65,4.88,5.06,3.44,BI,anti,.,4.43,4.54,2.89,3.71,3.43,3.64,4.79,4.21,0.01,5.89,0.61,5.66,0.39,36.67,0.31,C3'-endo
93,93,0.76,A,A,A,1,0,0,0,0,.,90,1,tHS,tM-m,4.86,3.09,0.91,1.50,4.15,5.36,5.07,3.44,..,anti,.,4.45,4.84,2.85,4.57,2.96,4.79,3.74,5.18,0.16,5.74,0.70,5.65,0.30,40.54,0.10,C3'-endo
94,94,0.77,G,G,G,0,0,1,0,0,),89,1,cWW,cW-W,5.32,2.68,1.37,1.49,3.40,5.21,4.48,3.31,BI,anti,A,4.81,4.63,3.00,3.85,3.88,3.69,5.03,3.92,0.11,5.76,0.71,5.63,0.34,41.11,0.17,C3'-endo
95,95,0.78,C,C,C,0,1,0,0,0,),88,1,cWW,cW-W,5.04,3.18,1.15,1.47,3.54,5.11,4.72,3.58,BI,anti,A,4.33,4.56,3.16,3.79,3.43,3.78,4.01,4.31,0.02,5.86,0.64,5.64,0.39,38.09,0.29,C3'-endo
96,96,0.79,C,C,C,0,1,0,0,0,),86,1,cWW,cW-W,5.20,3.00,0.96,1.46,3.50,5.01,4.77,3.38,BI,anti,A,4.49,4.54,2.98,3.64,3.30,3.68,4.15,4.07,0.06,5.83,0.65,5.65,0.37,38.31,0.25,C3'-endo
97,97,0.80,U,U,U,0,0,0,1,0,),85,1,cWW,cW-W,4.95,3.33,0.92,1.47,3.44,5.22,4.50,3.55,BI,anti,A,4.41,4.56,2.96,3.82,3.13,3.82,3.71,4.24,0.12,5.79,0.66,5.67,0.32,38.47,0.16,C3'-endo
98,98,0.80,C,C,C,0,1,0,0,0,),84,1,cWW,cW-W,4.93,3.22,0.96,1.42,3.61,5.17,4.73,3.60,BI,anti,A,4.30,4.61,2.88,3.85,3.13,3.87,3.81,4.40,0.04,5.83,0.67,5.61,0.40,40.06,0.27,C3'-endo
99,99,0.81,U,U,U,0,0,0,1,0,),83,1,cWW,cW-W,5.22,3.13,0.83,1.39,3.80,4.89,5.19,3.44,BI,anti,A,4.60,4.67,3.00,3.67,3.24,3.71,4.02,3.99,0.04,5.83,0.67,5.62,0.39,39.56,0.26,C3'-endo
100,100,0.82,G,G,G,0,0,1,0,0,),82,1,cWW,cW-W,5.28,2.81,0.85,1.35,3.41,5.19,4.50,3.41,BI,anti,.,4.29,4.48,2.76,4.06,3.02,3.87,3.58,4.20,6.22,5.87,0.71,5.52,0.51,44.10,0.40,C3'-endo
101,101,0.83,G,G,G,0,0,1,0,0,),81,1,cWW,cW-W,2.96,3.13,2.98,1.44,3.83,5.30,4.81,3.24,BI,anti,.,4.56,4.62,2.91,3.62,3.14,3.78,3.80,4.81,0.02,5.86,0.63,5.65,0.39,37.84,0.29,C3'-endo
102,102,0.84,G,G,G,0,0,1,0,0,.,80,1,tSH,tm-M,5.02,3.09,0.90,1.43,3.42,4.95,4.75,3.44,BI,anti,.,4.47,4.58,2.70,3.04,3.20,2.70,4.61,2.50,0.09,5.78,0.71,5.60,0.37,41.69,0.20,C3'-endo
103,103,0.84,A,A,A,1,0,0,0,0,.,79,1,tHW,tM-W,4.43,1.51,3.10,1.48,3.79,5.38,4.69,3.07,BI,anti,.,4.59,4.67,3.79,3.03,3.27,3.42,2.86,4.41,0.10,5.80,0.66,5.66,0.33,38.38,0.18,C3'-endo
104,104,0.85,A,A,A,1,0,0,0,0,.,77,1,tHH,tM+M,4.93,3.27,0.88,1.37,3.60,5.04,4.84,3.49,BI,anti,A,4.48,4.69,2.76,3.67,3.17,3.74,4.38,4.22,0.01,5.83,0.70,5.58,0.44,41.83,0.31,C3'-endo
105,105,0.86,A,A,A,1,0,0,0,0,.,76,1,tHS,tM-m,5.26,3.00,1.00,1.41,3.96,5.21,5.03,3.56,BI,anti,.,4.30,4.72,3.14,4.18,3.34,4.32,3.97,5.22,0.03,5.84,0.67,5.61,0.41,39.82,0.29,C3'-endo
106,106,0.87,U,U,U,0,0,0,1,0,.,75,1,cWW,cW-W,5.39,2.78,0.94,1.41,3.65,4.99,4.94,3.68,BI,anti,.,4.11,4.65,2.88,3.75,3.46,3.69,4.75,3.80,0.06,5.81,0.68,5.62,0.38,39.98,0.24,C3'-endo
107,107,0.88,C,C,C,0,1,0,0,0,),74,1,cWW,cW-W,5.22,3.09,0.82,1.35,3.48,5.25,4.51,3.49,BI,anti,A,4.40,4.50,2.91,3.74,3.08,3.80,3.44,4.61,6.21,5.91,0.65,5.57,0.49,41.02,0.42,C3'-endo
108,108,0.89,C,C,C,0,1,0,0,0,.,73,1,cWW,cW-W,5.06,3.32,0.72,1.34,3.57,4.90,4.95,3.83,BI,anti,A,3.75,4.67,2.83,3.49,3.06,3.52,4.09,3.77,0.05,5.80,0.72,5.58,0.41,42.48,0.26,C3'-endo
109,109,0.89,G,G,G,0,0,1,0,0,),72,1,cWW,cW-W,5.43,2.84,0.87,1.35,3.55,4.93,4.90,3.33,BI,anti,.,4.62,4.63,2.98,4.11,3.15,3.96,3.57,4.28,0.04,5.81,0.70,5.58,0.41,41.82,0.27,C3'-endo
110,110,0.90,G,G,G,0,0,1,0,0,),71,1,cWW,cW-W,2.65,3.58,3.14,1.41,4.00,5.07,5.21,2.88,BI,anti,.,4.80,4.74,2.92,3.58,3.20,3.68,3.94,4.40,0.03,5.84,0.67,5.62,0.40,39.71,0.28,C3'-endo
111,111,0.91,U,U,U,0,0,0,1,0,.,70,1,cWW,cW-W,5.23,3.05,0.90,1.41,3.48,5.37,4.39,3.32,BI,anti,.,4.37,4.45,2.89,3.94,3.26,3.96,4.27,4.78,6.25,5.88,0.65,5.60,0.45,40.07,0.37,C3'-endo
112,112,0.92,U,U,U,0,0,0,1,0,.,69,1,cWW,cW-W,5.00,3.34,0.82,1.43,3.80,5.23,4.85,4.17,BI,anti,.,2.33,4.34,2.98,3.88,3.26,4.06,4.27,4.09,6.12,6.01,0.59,5.59,0.53,39.42,0.55,C3'-endo
113,113,0.93,C,C,C,0,1,0,0,0,.,"15,66",2,"tWH,tWH","tW+M,tW-M",5.27,3.97,0.61,2.50,4.37,1.13,3.24,5.03,..,anti,.,1.15,1.18,3.66,1.01,3.88,0.96,3.75,1.49,5.77,0.71,5.65,0.36,0.09,40.34,2.68,C2'-endo
114,114,0.93,G,G,G,0,0,1,0,0,),9,1,cWW,cW-W,3.51,2.68,3.13,1.44,4.01,4.64,5.66,3.29,..,anti,A,4.78,4.82,3.87,2.91,3.96,3.12,3.86,3.61,0.14,5.77,0.67,5.67,0.30,38.76,0.12,C3'-endo
115,115,0.94,C,C,C,0,1,0,0,0,),8,1,cWW,cW-W,5.27,2.67,0.92,1.40,3.60,5.20,4.69,3.28,BI,anti,A,4.62,4.65,2.79,3.94,3.01,3.93,3.61,4.50,0.07,5.79,0.71,5.60,0.39,41.68,0.23,C3'-endo
116,116,0.95,C,C,C,0,1,0,0,0,),7,1,cWW,cW-W,4.99,3.24,0.99,1.47,3.36,5.04,4.61,3.32,BI,anti,.,4.36,4.44,2.91,3.59,3.24,3.54,4.20,3.60,0.02,5.85,0.65,5.62,0.40,39.21,0.30,C3'-endo
117,117,0.96,G,G,G,0,0,1,0,0,),6,1,cWW,cW-W,5.07,3.19,0.98,1.36,3.64,4.97,4.96,3.39,BI,anti,A,4.49,4.60,3.03,3.61,3.13,3.65,3.37,4.12,6.25,5.87,0.69,5.56,0.48,42.10,0.37,C3'-endo
118,118,0.97,C,C,C,0,1,0,0,0,),5,1,cWW,cW-W,5.18,3.02,0.88,1.35,3.78,4.95,5.11,3.32,BI,anti,A,4.57,4.66,2.94,3.71,3.10,3.75,3.75,4.22,6.28,5.84,0.70,5.56,0.46,42.40,0.33,C3'-endo
119,119,0.98,C,C,C,0,1,0,0,0,),4,1,cWW,cW-W,5.29,2.87,0.93,1.34,3.51,5.19,4.60,3.48,BI,anti,A,4.42,4.60,2.89,3.75,3.15,3.78,3.90,4.44,6.26,5.82,0.75,5.51,0.50,45.64,0.35,C3'-endo
120,120,0.98,A,A,A,1,0,0,0,0,.,,0,,,5.16,3.18,0.93,1.43,3.63,5.08,4.83,3.54,BI,anti,A,4.28,4.64,3.04,3.80,3.31,3.84,4.22,4.41,0.05,5.82,0.68,5.61,0.39,40.20,0.26,C3'-endo
121,121,0.99,C,C,C,0,1,0,0,0,.,,0,,,5.10,3.12,0.95,1.44,3.41,5.57,4.12,3.64,BI,anti,.,4.22,4.52,2.92,4.05,3.20,3.59,4.02,3.53,0.05,5.85,0.63,5.66,0.36,37.41,0.25,C3'-endo
122,122,1.00,C,C,C,0,1,0,0,0,.,,0,,,3.44,2.40,5.00,1.41,,,,4.58,n/a,anti,-,,,,,,,,,0.07,5.83,0.64,5.67,0.35,37.40,0.22,C3'-endo
