index_chain,old_nt_resnum,nt_position,nt_name,nt_code,nt_align_code,is_A,is_C,is_G,is_U,is_other,dbn,paired,nb_interact,pair_type_LW,pair_type_DSSR,alpha,beta,gamma,delta,epsilon,zeta,epsilon_zeta,chi,bb_type,glyco_bond,form,ssZp,Dp,eta,theta,eta_prime,theta_prime,eta_base,theta_base,v0,v1,v2,v3,v4,amplitude,phase_angle,puckering
1,1,0.01,U,U,U,0,0,0,1,0,.,,0,,,,,1.02,1.45,4.02,1.53,2.49,3.59,..,anti,.,4.09,4.65,,,,,,,0.04,5.85,0.64,5.65,0.37,37.86,0.26,C3'-endo
2,2,0.02,U,U,U,0,0,0,1,0,.,,0,,,2.39,4.85,5.24,2.45,4.51,2.11,2.39,4.03,..,anti,.,1.01,1.00,0.64,0.98,0.53,1.57,1.30,1.51,5.84,0.67,5.66,0.39,0.03,38.62,2.76,C2'-endo
3,3,0.02,A,A,A,1,0,0,0,0,.,"21,25",2,"tWS,cHW","tW+m,cM+W",4.40,3.26,1.04,2.69,4.45,5.38,5.36,5.04,..,anti,.,-0.65,1.76,3.47,5.81,3.60,5.42,3.19,6.28,0.06,0.33,5.73,0.60,5.87,34.81,3.55,C3'-exo
4,4,0.03,G,G,G,0,0,1,0,0,(,119,1,cWW,cW-W,5.28,3.31,1.10,1.43,3.65,5.02,4.91,3.24,BI,anti,A,4.69,4.70,3.10,3.74,3.89,3.77,3.93,4.08,0.12,5.76,0.71,5.63,0.34,41.15,0.16,C3'-endo
5,5,0.04,G,G,G,0,0,1,0,0,(,118,1,cWW,cW-W,5.05,3.22,0.95,1.34,3.73,4.88,5.13,3.46,BI,anti,A,4.45,4.74,2.95,3.68,3.12,3.75,3.66,4.26,0.08,5.76,0.75,5.57,0.40,43.93,0.22,C3'-endo
6,6,0.05,C,C,C,0,1,0,0,0,(,117,1,cWW,cW-W,5.66,2.88,0.70,1.35,3.50,5.36,4.42,3.55,BI,anti,.,4.37,4.61,3.03,4.30,3.27,4.11,4.01,4.34,0.06,5.81,0.68,5.62,0.38,40.16,0.24,C3'-endo
7,7,0.06,G,G,G,0,0,1,0,0,(,116,1,cWW,cW-W,2.73,3.15,3.29,1.44,3.80,4.72,5.37,3.19,BI,anti,A,4.69,4.68,3.07,2.89,3.31,3.12,3.92,3.62,0.06,5.81,0.68,5.61,0.39,40.31,0.25,C3'-endo
8,8,0.07,G,G,G,0,0,1,0,0,(,115,1,cWW,cW-W,5.39,2.79,0.90,1.41,4.02,5.05,5.25,3.30,BI,anti,A,4.46,4.66,3.10,4.09,3.26,4.07,3.76,4.75,0.02,5.85,0.66,5.61,0.41,39.74,0.30,C3'-endo
9,9,0.07,C,C,C,0,1,0,0,0,(,114,1,cWW,cW-W,5.01,2.87,1.02,1.41,4.06,5.34,5.00,3.47,..,anti,.,4.41,4.65,2.77,4.40,3.08,4.59,4.08,5.49,6.18,5.92,0.67,5.54,0.53,42.58,0.46,C3'-endo
10,10,0.08,C,C,C,0,1,0,0,0,.,13,1,tSW,tm+W,5.22,2.91,1.21,2.54,4.47,2.90,1.57,4.04,BII,anti,.,1.22,1.05,3.27,2.74,4.13,2.54,5.20,3.22,5.89,0.63,5.66,0.41,6.27,37.18,2.84,C2'-endo
11,11,0.09,A,A,A,1,0,0,0,0,.,68,1,tSS,tm+m,5.57,3.59,1.04,1.46,3.65,4.02,5.91,3.35,..,anti,.,4.69,4.70,4.79,3.23,4.50,2.55,4.27,2.58,0.14,5.76,0.69,5.66,0.31,39.88,0.13,C3'-endo
12,12,0.10,C,C,C,0,1,0,0,0,.,,0,,,1.42,3.89,1.00,2.60,4.31,5.11,5.48,3.65,..,anti,.,1.07,1.17,0.01,5.51,0.15,5.14,5.79,5.42,5.88,0.67,5.62,0.45,6.25,39.44,2.86,C2'-endo
13,13,0.11,A,A,A,1,0,0,0,0,.,10,1,tWS,tW+m,4.48,3.37,0.86,2.55,4.15,4.93,5.51,3.80,..,anti,.,1.30,1.43,2.31,5.50,3.28,5.21,3.89,5.64,5.81,0.71,5.62,0.40,0.04,40.69,2.76,C2'-endo
14,14,0.11,G,G,G,0,0,1,0,0,(,67,1,cWW,cW-W,0.97,2.75,5.29,1.67,3.58,5.45,4.42,3.46,BI,anti,A,4.55,4.71,2.76,3.78,3.50,3.94,4.20,4.38,0.45,5.59,0.67,5.86,6.27,40.69,5.94,C2'-exo
15,15,0.12,C,C,C,0,1,0,0,0,(,"66,113",2,"cWW,cHW","cW-W,cM+W",4.99,3.32,0.90,1.36,3.61,5.35,4.54,3.43,BI,anti,.,4.48,4.62,2.90,3.93,3.25,4.00,3.87,4.94,6.25,5.86,0.69,5.56,0.48,42.50,0.37,C3'-endo
16,16,0.13,G,G,G,0,0,1,0,0,(,64,1,cWW,cW-W,4.93,3.23,0.89,1.35,3.71,4.94,5.05,3.46,BI,anti,A,4.58,4.75,2.75,3.67,3.10,3.75,4.40,4.13,0.11,5.74,0.75,5.58,0.37,43.71,0.18,C3'-endo
17,17,0.14,G,G,G,0,0,1,0,0,(,63,1,cWW,cW-W,5.47,2.88,0.97,1.38,3.47,4.95,4.80,3.35,BI,anti,A,4.60,4.60,3.09,3.53,3.37,3.52,4.00,3.62,0.04,5.82,0.69,5.59,0.41,41.19,0.27,C3'-endo
18,18,0.15,U,U,U,0,0,0,1,0,(,62,1,cWW,cW-W,5.24,3.24,0.81,1.41,3.70,5.02,4.96,3.70,BI,anti,A,4.04,4.64,3.09,3.76,3.16,3.82,3.38,4.32,0.06,5.83,0.66,5.64,0.37,39.07,0.24,C3'-endo
19,19,0.16,G,G,G,0,0,1,0,0,(,61,1,cWW,cW-W,5.27,2.87,0.95,1.38,3.60,5.08,4.80,3.24,BI,anti,A,4.66,4.62,2.90,3.74,3.20,3.72,3.98,4.11,0.01,5.84,0.69,5.58,0.44,41.54,0.31,C3'-endo
20,20,0.16,G,G,G,0,0,1,0,0,(,60,1,cWW,cW-W,5.01,3.16,1.03,1.38,3.36,5.19,4.45,3.32,BI,anti,A,4.51,4.51,2.93,3.63,3.17,3.66,3.85,4.08,6.28,5.86,0.67,5.60,0.43,40.42,0.33,C3'-endo
21,21,0.17,G,G,G,0,0,1,0,0,(,"3,59",2,"tSW,cWW","tm+W,cW-W",5.07,3.35,0.90,1.46,3.73,3.97,6.04,3.53,..,anti,.,4.17,4.53,3.14,3.47,3.31,3.46,3.87,3.26,0.05,5.85,0.63,5.66,0.36,37.11,0.25,C3'-endo
22,22,0.18,G,G,G,0,0,1,0,0,.,"26,27,58",3,"tSW,tWW,tW.","tm+W,tW+W,tW-.",2.53,3.97,2.88,1.51,4.71,3.39,1.32,3.64,BII,anti,.,3.31,4.61,3.02,2.57,2.99,2.57,2.80,2.68,0.12,5.81,0.62,5.71,0.28,36.01,0.13,C3'-endo
23,23,0.19,U,U,U,0,0,0,1,0,.,,0,,,5.36,2.78,3.14,1.42,3.45,3.99,5.74,3.32,..,anti,.,4.47,4.49,6.16,2.59,5.79,2.50,5.48,2.38,0.01,5.86,0.66,5.61,0.42,39.73,0.32,C3'-endo
24,24,0.20,U,U,U,0,0,0,1,0,.,,0,,,1.89,4.72,4.98,1.41,3.64,1.17,2.47,4.27,..,anti,.,2.28,4.62,5.00,4.78,4.58,5.21,4.10,5.35,0.05,5.83,0.67,5.63,0.38,39.40,0.25,C3'-endo
25,25,0.20,G,G,G,0,0,1,0,0,.,3,1,cWH,cW+M,4.88,3.37,0.86,1.47,3.88,5.12,5.04,3.20,BI,anti,A,4.69,4.74,3.37,4.05,4.13,4.13,4.82,4.55,0.18,5.75,0.67,5.70,0.26,38.43,0.06,C3'-endo
26,26,0.21,C,C,C,0,1,0,0,0,.,22,1,tWS,tW+m,5.20,3.24,0.88,1.39,3.74,5.02,5.00,3.50,BI,anti,.,4.39,4.62,3.02,3.75,3.28,3.83,3.94,4.62,0.02,5.85,0.66,5.62,0.41,39.35,0.30,C3'-endo
27,27,0.22,C,C,C,0,1,0,0,0,.,"22,55,58",3,"tWW,cWW,cWW","tW+W,cW-W,cW-W",5.09,3.05,0.87,1.40,3.55,4.79,5.04,3.63,BI,anti,A,4.28,4.64,2.79,4.10,3.06,4.04,4.10,4.54,0.10,5.79,0.68,5.64,0.34,39.66,0.18,C3'-endo
28,28,0.23,U,U,U,0,0,0,1,0,(,"54,57",2,"cWW,cSH","cW-W,cm+M",2.72,3.83,2.96,1.41,4.43,4.28,0.16,3.27,..,anti,A,4.47,4.76,2.99,3.34,3.29,3.40,4.11,3.85,0.11,5.79,0.67,5.65,0.33,39.20,0.17,C3'-endo
29,29,0.24,C,C,C,0,1,0,0,0,(,"51,53,56",3,"c.W,cWW,cSW","c.-W,cW-W,cm-W",5.47,2.12,1.04,1.38,3.86,5.56,4.58,3.51,BI,anti,.,4.39,4.71,2.77,4.59,3.06,4.56,3.71,5.14,0.02,5.83,0.69,5.59,0.42,41.08,0.29,C3'-endo
30,30,0.25,C,C,C,0,1,0,0,0,(,"50,52",2,"cWW,cSW","cW-W,cm-W",5.27,3.03,0.92,1.39,3.78,5.02,5.05,3.44,BI,anti,A,4.43,4.61,2.97,3.82,3.60,3.87,4.79,4.38,0.00,5.87,0.64,5.62,0.41,38.92,0.32,C3'-endo
31,31,0.25,C,C,C,0,1,0,0,0,(,49,1,cWW,cW-W,5.03,3.23,0.86,1.42,3.65,5.21,4.72,3.56,BI,anti,A,4.27,4.59,2.87,3.90,3.07,3.91,3.78,4.31,0.04,5.84,0.65,5.63,0.39,38.71,0.27,C3'-endo
32,32,0.26,G,G,G,0,0,1,0,0,(,48,1,cWW,cW-W,5.15,3.05,0.92,1.33,3.18,4.67,4.80,3.41,BI,anti,A,4.34,4.31,2.86,3.45,3.20,3.57,3.91,3.86,6.15,5.94,0.66,5.54,0.56,42.77,0.50,C3'-endo
33,33,0.27,U,U,U,0,0,0,1,0,(,"35,47",2,"cSH,cWW","cm+M,cW-W",3.19,3.61,2.93,2.63,4.18,2.45,1.73,3.95,BII,anti,.,1.17,1.27,3.73,2.18,3.90,2.20,4.07,2.00,6.00,0.59,5.63,0.51,6.13,37.69,3.04,C2'-endo
34,34,0.28,A,A,A,1,0,0,0,0,.,,0,,,2.98,4.19,1.05,1.42,3.15,4.91,4.52,3.62,BI,anti,A,4.26,4.48,2.30,4.00,1.97,3.96,1.94,4.39,0.12,5.77,0.70,5.64,0.33,40.32,0.15,C3'-endo
35,35,0.29,C,C,C,0,1,0,0,0,.,"33,48",2,"cHS,cWS","cM+m,cW-m",2.78,3.88,2.87,1.42,4.30,4.92,5.66,3.18,..,anti,A,4.59,4.74,3.05,3.92,3.35,3.86,4.12,4.15,0.12,5.78,0.68,5.65,0.32,39.44,0.16,C3'-endo
36,36,0.30,C,C,C,0,1,0,0,0,.,47,1,cWS,cW-m,4.94,3.18,0.81,1.36,3.81,5.29,4.80,3.58,BI,anti,.,4.27,4.60,2.60,4.05,2.85,4.16,3.41,5.10,6.22,5.89,0.67,5.56,0.49,41.50,0.40,C3'-endo
37,37,0.30,C,C,C,0,1,0,0,0,(,43,1,cWW,cW-W,5.11,3.02,0.89,1.39,3.52,5.02,4.78,3.55,BI,anti,A,4.44,4.61,2.72,3.63,3.19,3.64,4.49,4.01,0.04,5.83,0.67,5.61,0.40,40.17,0.27,C3'-endo
38,38,0.31,A,A,A,1,0,0,0,0,.,45,1,cSW,cm-W,5.12,3.08,0.98,1.45,3.96,3.80,0.16,3.29,..,anti,.,4.58,4.70,3.05,3.15,3.21,3.28,3.77,3.15,0.05,5.82,0.69,5.61,0.39,40.62,0.26,C3'-endo
39,39,0.32,U,U,U,0,0,0,1,0,.,44,1,tSH,tm-M,5.94,1.92,1.14,1.40,2.98,1.59,1.38,3.26,..,anti,.,3.09,3.50,3.18,0.09,3.50,5.55,3.36,4.32,5.93,6.16,0.51,5.56,0.68,42.36,0.80,C4'-exo
40,40,0.33,C,C,C,0,1,0,0,0,.,,0,,,5.81,3.37,1.16,1.37,3.15,1.24,1.90,3.67,..,anti,.,3.97,4.18,4.53,6.02,5.44,5.50,0.49,5.45,6.05,6.02,0.63,5.51,0.64,44.32,0.62,C3'-endo
41,41,0.34,C,C,C,0,1,0,0,0,.,,0,,,3.19,3.50,0.73,1.31,3.07,4.99,4.37,3.91,BI,anti,.,3.44,3.92,1.58,3.57,2.40,3.57,3.17,4.34,5.97,6.11,0.57,5.52,0.68,43.90,0.74,C4'-exo
42,42,0.34,C,C,C,0,1,0,0,0,.,,0,,,2.82,3.52,2.88,1.48,4.50,5.17,5.61,3.23,..,anti,.,4.21,4.52,3.06,4.49,3.24,4.07,4.14,4.54,0.07,5.86,0.60,5.70,0.32,35.28,0.22,C3'-endo
43,43,0.35,G,G,G,0,0,1,0,0,),"37,46",2,"cWW,tSW","cW-W,tm+W",3.17,2.65,5.15,2.76,3.57,2.21,1.36,5.45,..,anti,.,0.00,1.58,4.76,1.74,5.44,1.38,5.16,1.20,0.04,0.36,5.69,0.64,5.85,36.82,3.53,C3'-exo
44,44,0.36,A,A,A,1,0,0,0,0,.,39,1,tHS,tM-m,2.73,3.51,1.04,1.46,3.74,5.27,4.75,3.43,BI,anti,.,4.55,4.67,1.48,4.10,1.47,4.17,1.79,4.99,0.10,5.79,0.68,5.64,0.34,39.85,0.18,C3'-endo
45,45,0.37,A,A,A,1,0,0,0,0,.,38,1,cWS,cW-m,5.15,3.07,0.87,1.46,3.73,5.25,4.76,3.36,BI,anti,.,4.55,4.65,2.88,4.07,3.29,4.13,4.49,4.97,0.08,5.82,0.65,5.66,0.34,38.02,0.20,C3'-endo
46,46,0.38,C,C,C,0,1,0,0,0,.,43,1,tWS,tW+m,5.06,3.14,0.85,1.44,3.77,5.21,4.84,3.44,BI,anti,A,4.50,4.66,2.83,4.03,3.20,4.08,4.40,4.82,0.06,5.83,0.65,5.65,0.36,38.55,0.24,C3'-endo
47,47,0.39,A,A,A,1,0,0,0,0,),"33,36",2,"cWW,cSW","cW-W,cm-W",5.07,3.10,0.90,1.40,3.63,4.96,4.95,3.41,BI,anti,A,4.58,4.67,2.82,3.66,3.17,3.69,4.27,4.18,0.09,5.78,0.70,5.61,0.37,40.96,0.21,C3'-endo
48,48,0.39,C,C,C,0,1,0,0,0,),"32,35",2,"cWW,cSW","cW-W,cm-W",5.25,2.85,1.02,1.44,3.64,5.13,4.79,3.56,BI,anti,A,4.32,4.63,2.97,3.90,3.25,3.82,3.99,4.11,0.07,5.81,0.69,5.62,0.38,40.43,0.23,C3'-endo
49,49,0.40,G,G,G,0,0,1,0,0,),31,1,cWW,cW-W,4.90,3.21,0.93,1.37,3.49,5.12,4.65,3.40,BI,anti,A,4.50,4.58,2.74,3.68,2.99,3.73,3.62,4.25,6.26,5.87,0.67,5.58,0.46,41.03,0.36,C3'-endo
50,50,0.41,G,G,G,0,0,1,0,0,),30,1,cWW,cW-W,5.35,2.98,1.04,1.40,3.21,4.59,4.91,3.42,BI,anti,A,4.21,4.26,3.15,3.59,3.50,3.65,4.26,4.04,6.25,5.90,0.63,5.62,0.44,38.57,0.37,C3'-endo
51,51,0.42,A,A,A,1,0,0,0,0,.,29,1,cW.,cW-.,2.98,3.80,2.97,2.57,4.36,2.64,1.72,3.64,BII,anti,.,1.37,1.29,3.78,2.40,3.90,2.45,4.27,2.31,5.99,0.57,5.67,0.46,6.17,35.73,2.99,C2'-endo
52,52,0.43,A,A,A,1,0,0,0,0,.,30,1,cWS,cW-m,2.78,4.20,1.26,1.45,3.53,5.03,4.78,3.44,BI,anti,A,4.61,4.64,2.31,3.88,2.08,3.90,2.10,4.26,0.07,5.80,0.69,5.62,0.38,40.71,0.23,C3'-endo
53,53,0.43,G,G,G,0,0,1,0,0,),29,1,cWW,cW-W,5.35,2.86,1.03,1.42,3.57,5.13,4.72,3.28,BI,anti,A,4.66,4.61,3.08,3.82,3.39,3.80,4.14,4.15,0.05,5.82,0.68,5.61,0.39,40.50,0.26,C3'-endo
54,54,0.44,A,A,A,1,0,0,0,0,),"28,56",2,"cWW,cSH","cW-W,cm+M",5.22,3.24,0.85,1.36,3.56,4.87,4.97,3.48,BI,anti,.,4.44,4.62,3.05,3.50,3.27,3.64,3.89,3.37,0.04,5.83,0.68,5.60,0.41,40.69,0.27,C3'-endo
55,55,0.45,U,U,U,0,0,0,1,0,.,27,1,cWW,cW-W,5.60,2.99,1.03,2.41,4.70,1.82,2.89,4.49,..,anti,.,0.76,0.70,3.82,1.94,4.08,1.56,3.66,1.56,5.83,0.65,5.69,0.35,0.07,37.22,2.71,C2'-endo
56,56,0.46,A,A,A,1,0,0,0,0,.,"29,54",2,"cWS,cHS","cW-m,cM+m",3.25,3.24,0.91,1.44,3.97,4.81,5.44,3.18,BI,anti,.,4.58,4.71,2.13,4.15,2.00,3.99,2.07,5.01,0.08,5.81,0.67,5.64,0.35,39.14,0.21,C3'-endo
57,57,0.47,A,A,A,1,0,0,0,0,.,28,1,cHS,cM+m,1.00,3.34,4.98,1.48,3.89,5.30,4.87,0.35,BI,syn,.,-4.29,4.62,2.94,3.47,3.02,3.83,4.34,3.88,0.04,5.85,0.63,5.66,0.37,37.50,0.26,C3'-endo
58,58,0.48,G,G,G,0,0,1,0,0,.,"22,27",2,"t.W,cWW","t.-W,cW-W",5.23,2.82,1.07,1.43,4.01,5.23,5.06,3.21,BI,anti,.,4.79,4.78,2.95,4.27,3.52,4.31,3.61,5.37,0.05,5.82,0.68,5.61,0.39,40.30,0.26,C3'-endo
59,59,0.48,C,C,C,0,1,0,0,0,),21,1,cWW,cW-W,5.07,2.91,0.97,1.48,3.81,4.98,5.11,3.37,BI,anti,A,4.60,4.73,2.72,3.93,3.24,3.91,4.81,4.39,0.16,5.76,0.67,5.69,0.27,38.40,0.08,C3'-endo
60,60,0.49,C,C,C,0,1,0,0,0,),20,1,cWW,cW-W,5.02,3.08,0.89,1.41,3.58,5.15,4.71,3.55,BI,anti,A,4.46,4.68,2.75,3.82,3.01,3.87,3.85,4.35,0.11,5.77,0.70,5.63,0.34,40.71,0.17,C3'-endo
61,61,0.50,C,C,C,0,1,0,0,0,),19,1,cWW,cW-W,5.16,3.28,0.89,1.46,3.58,5.08,4.79,3.48,BI,anti,A,4.40,4.55,3.06,3.77,3.29,3.79,3.99,4.15,0.07,5.84,0.63,5.67,0.34,37.18,0.22,C3'-endo
62,62,0.51,A,A,A,1,0,0,0,0,),18,1,cWW,cW-W,5.01,3.12,0.97,1.43,3.63,5.16,4.76,3.34,BI,anti,A,4.42,4.54,2.88,3.87,3.11,3.85,3.71,4.25,6.27,5.88,0.64,5.62,0.42,39.02,0.34,C3'-endo
63,63,0.52,C,C,C,0,1,0,0,0,),17,1,cWW,cW-W,4.97,3.02,1.14,1.38,3.26,5.05,4.49,3.44,BI,anti,A,4.41,4.32,2.87,3.45,3.20,3.42,3.93,3.73,6.08,5.99,0.64,5.52,0.61,43.68,0.58,C3'-endo
64,64,0.52,C,C,C,0,1,0,0,0,),16,1,cWW,cW-W,5.08,3.26,0.98,1.42,3.83,5.14,4.98,3.40,BI,anti,.,4.25,4.50,3.16,3.97,3.25,4.13,3.65,4.78,6.24,5.90,0.63,5.61,0.45,39.11,0.38,C3'-endo
65,65,0.53,A,A,A,1,0,0,0,0,.,67,1,cSH,cm+M,5.37,3.36,1.08,1.46,2.30,4.76,3.83,4.16,..,anti,.,2.32,3.41,3.53,2.69,4.02,2.20,4.64,1.85,0.11,5.84,0.58,5.74,0.27,33.73,0.14,C3'-endo
66,66,0.54,G,G,G,0,0,1,0,0,),"15,113",2,"cWW,tHW","cW-W,tM-W",4.07,3.37,0.91,1.42,3.77,4.98,5.07,3.15,BI,anti,A,4.73,4.69,2.08,3.76,1.84,3.86,1.92,4.31,0.10,5.79,0.68,5.64,0.34,39.48,0.19,C3'-endo
67,67,0.55,C,C,C,0,1,0,0,0,),"14,65",2,"cWW,cHS","cW-W,cM+m",5.23,3.16,0.87,1.39,3.76,5.11,4.94,3.68,BI,anti,A,3.99,4.69,3.05,3.86,3.24,3.91,3.83,4.44,0.09,5.80,0.68,5.63,0.36,39.82,0.21,C3'-endo
68,68,0.56,G,G,G,0,0,1,0,0,.,11,1,tSS,tm+m,5.13,3.08,0.85,1.36,3.66,5.11,4.84,3.30,BI,anti,A,4.75,4.71,2.80,3.78,3.08,3.86,3.90,4.53,0.06,5.79,0.71,5.59,0.40,42.15,0.25,C3'-endo
69,69,0.57,U,U,U,0,0,0,1,0,.,112,1,cWW,cW-W,5.20,3.05,1.00,1.43,3.54,5.09,4.73,3.42,BI,anti,A,4.52,4.61,2.99,3.74,3.32,3.74,4.29,4.00,0.06,5.82,0.68,5.62,0.38,39.83,0.24,C3'-endo
70,70,0.57,U,U,U,0,0,0,1,0,.,111,1,cWW,cW-W,5.03,3.37,0.87,1.40,3.64,5.10,4.83,3.66,BI,anti,A,4.14,4.61,3.00,3.77,3.13,3.82,3.58,4.55,0.06,5.82,0.67,5.63,0.38,39.59,0.25,C3'-endo
71,71,0.58,C,C,C,0,1,0,0,0,(,110,1,cWW,cW-W,5.20,2.90,0.99,1.39,3.51,5.04,4.76,3.92,BI,anti,A,3.63,4.58,2.86,3.65,3.19,3.61,4.17,3.91,0.00,5.84,0.68,5.59,0.44,41.03,0.32,C3'-endo
72,72,0.59,C,C,C,0,1,0,0,0,(,109,1,cWW,cW-W,5.11,3.16,0.90,1.38,3.40,5.06,4.62,3.50,BI,anti,.,4.39,4.52,2.92,3.54,3.11,3.54,3.63,3.71,0.03,5.84,0.66,5.62,0.40,39.55,0.28,C3'-endo
73,73,0.60,A,A,A,1,0,0,0,0,.,108,1,cWW,cW-W,5.11,3.26,0.84,1.39,3.65,5.06,4.88,3.38,BI,anti,A,4.52,4.58,3.00,3.70,3.09,3.77,3.41,4.45,6.28,5.87,0.65,5.61,0.42,39.32,0.33,C3'-endo
74,74,0.61,G,G,G,0,0,1,0,0,(,107,1,cWW,cW-W,4.95,3.04,1.02,1.43,3.57,5.21,4.64,3.40,BI,anti,A,4.61,4.63,2.79,3.87,3.06,3.86,4.00,4.24,0.05,5.83,0.67,5.62,0.39,39.65,0.26,C3'-endo
75,75,0.61,G,G,G,0,0,1,0,0,.,106,1,cWW,cW-W,5.03,3.22,0.98,1.39,3.62,5.18,4.72,3.31,BI,anti,.,4.48,4.57,2.96,3.83,3.22,3.91,3.92,4.93,6.25,5.87,0.68,5.56,0.47,41.81,0.37,C3'-endo
76,76,0.62,G,G,G,0,0,1,0,0,.,105,1,tSH,tm-M,5.06,3.03,1.02,1.45,3.37,1.37,2.00,3.59,..,anti,.,4.22,4.56,2.87,5.93,3.29,5.11,4.65,4.37,0.11,5.78,0.69,5.64,0.33,39.99,0.16,C3'-endo
77,77,0.63,A,A,A,1,0,0,0,0,.,104,1,tHH,tM+M,5.57,4.05,3.16,2.56,3.81,3.56,0.26,3.43,..,anti,.,1.25,1.85,0.75,2.77,1.79,2.41,1.88,2.61,5.87,0.65,5.65,0.41,0.00,38.42,2.82,C2'-endo
78,78,0.64,G,G,G,0,0,1,0,0,.,79,1,cSH,cm+M,5.20,1.50,3.04,2.59,3.21,2.62,0.59,4.63,..,anti,.,2.21,2.21,5.66,0.27,4.93,0.99,4.56,1.61,5.82,0.73,5.59,0.45,0.00,42.13,2.81,C2'-endo
79,79,0.65,U,U,U,0,0,0,1,0,.,"78,103",2,"cHS,tWH","cM+m,tW-M",5.03,2.55,0.83,1.46,3.90,5.28,4.91,3.06,BI,anti,.,4.57,4.63,2.93,4.31,2.78,4.26,2.78,4.73,0.07,5.83,0.65,5.66,0.35,38.04,0.23,C3'-endo
80,80,0.66,A,A,A,1,0,0,0,0,.,102,1,tHS,tM-m,5.02,3.33,0.82,1.37,3.86,5.15,4.99,3.45,BI,anti,.,4.38,4.63,2.84,3.94,3.16,4.09,4.04,5.10,6.24,5.88,0.66,5.58,0.47,40.75,0.38,C3'-endo
81,81,0.66,C,C,C,0,1,0,0,0,(,101,1,cWW,cW-W,5.24,2.82,0.96,1.41,3.72,5.09,4.92,3.46,BI,anti,A,4.52,4.71,2.81,3.92,3.28,3.94,4.62,4.42,0.11,5.77,0.70,5.63,0.34,40.91,0.17,C3'-endo
82,82,0.67,U,U,U,0,0,0,1,0,(,100,1,cWW,cW-W,5.40,2.96,0.93,1.44,3.42,4.64,5.06,3.50,BI,anti,.,4.30,4.38,3.07,3.21,3.44,3.26,4.25,3.50,0.00,5.90,0.60,5.67,0.39,36.22,0.32,C3'-endo
83,83,0.68,G,G,G,0,0,1,0,0,(,99,1,cWW,cW-W,4.95,3.34,0.82,1.46,3.55,5.30,4.53,3.17,BI,anti,A,4.76,4.67,2.92,3.97,2.84,4.04,3.12,4.63,0.16,5.73,0.71,5.64,0.30,40.95,0.11,C3'-endo
84,84,0.69,G,G,G,0,0,1,0,0,(,98,1,cWW,cW-W,4.82,3.45,0.96,1.47,3.56,5.07,4.77,3.34,BI,anti,A,4.58,4.58,2.91,3.77,3.20,3.81,4.10,4.22,0.04,5.83,0.66,5.63,0.38,39.34,0.26,C3'-endo
85,85,0.70,A,A,A,1,0,0,0,0,(,97,1,cWW,cW-W,5.05,3.10,1.00,1.40,3.62,4.95,4.95,3.29,BI,anti,A,4.54,4.57,2.93,3.63,3.17,3.68,3.85,4.00,6.26,5.87,0.68,5.57,0.46,41.75,0.36,C3'-endo
86,86,0.70,G,G,G,0,0,1,0,0,(,96,1,cWW,cW-W,5.19,3.12,1.00,1.45,3.82,4.20,5.91,3.76,..,anti,.,3.75,4.54,3.17,3.51,3.31,3.08,3.73,3.37,6.27,5.89,0.63,5.63,0.43,38.28,0.35,C3'-endo
87,87,0.71,U,U,U,0,0,0,1,0,.,0,1,cWS,cW-m,1.30,3.19,1.07,2.59,4.17,1.89,2.29,3.94,..,anti,.,1.91,1.51,5.69,1.69,6.06,1.05,5.49,0.94,5.86,0.66,5.65,0.41,0.01,38.29,2.81,C2'-endo
88,88,0.72,G,G,G,0,0,1,0,0,(,95,1,cWW,cW-W,4.66,3.77,4.93,1.54,3.52,5.15,4.65,3.19,BI,anti,A,4.32,4.52,1.53,2.93,1.41,3.23,1.59,3.84,0.15,5.78,0.64,5.70,0.27,36.81,0.10,C3'-endo
89,89,0.73,C,C,C,0,1,0,0,0,(,94,1,cWW,cW-W,4.82,3.30,1.06,1.43,3.55,5.22,4.62,3.45,BI,anti,A,4.43,4.61,2.90,3.85,3.14,3.84,3.76,4.26,0.05,5.81,0.70,5.60,0.40,41.16,0.25,C3'-endo
90,90,0.74,G,G,G,0,0,1,0,0,.,93,1,tSH,tm-M,5.04,3.19,0.90,1.35,4.00,5.14,5.14,3.41,BI,anti,.,4.67,4.75,2.96,4.31,3.17,3.59,3.84,2.72,6.26,5.85,0.70,5.55,0.48,42.70,0.36,C3'-endo
91,91,0.75,C,C,C,0,1,0,0,0,.,,0,,,2.98,2.57,0.91,1.40,3.95,5.03,5.20,3.35,BI,anti,.,4.60,4.63,0.31,4.08,0.81,4.16,0.46,5.07,6.25,5.90,0.64,5.61,0.45,39.23,0.38,C3'-endo
92,92,0.75,G,G,G,0,0,1,0,0,.,,0,,,5.37,2.66,1.00,1.49,3.54,5.01,4.81,3.48,BI,anti,.,4.24,4.45,2.86,3.78,3.41,3.68,4.74,4.22,0.03,5.87,0.61,5.66,0.37,36.70,0.29,C3'-endo
93,93,0.76,A,A,A,1,0,0,0,0,.,90,1,tHS,tM-m,4.80,3.12,0.98,1.48,4.18,5.31,5.16,3.47,..,anti,.,4.36,4.81,2.86,4.55,3.00,4.78,3.80,5.22,0.13,5.76,0.70,5.65,0.32,40.30,0.14,C3'-endo
94,94,0.77,G,G,G,0,0,1,0,0,),89,1,cWW,cW-W,5.47,2.56,1.32,1.43,3.44,5.10,4.62,3.32,BI,anti,A,4.78,4.63,2.97,3.75,3.86,3.61,5.01,3.96,0.04,5.80,0.71,5.58,0.42,42.38,0.26,C3'-endo
95,95,0.78,C,C,C,0,1,0,0,0,),88,1,cWW,cW-W,5.09,3.14,1.13,1.45,3.42,5.25,4.45,3.57,BI,anti,A,4.35,4.54,3.10,3.83,3.38,3.81,4.06,4.31,0.05,5.82,0.68,5.62,0.39,40.08,0.26,C3'-endo
96,96,0.79,C,C,C,0,1,0,0,0,),86,1,cWW,cW-W,5.06,3.24,0.99,1.45,3.46,5.08,4.66,3.62,BI,anti,A,4.07,4.48,3.05,3.67,3.34,3.68,4.12,4.09,0.05,5.83,0.65,5.64,0.37,38.53,0.25,C3'-endo
97,97,0.80,U,U,U,0,0,0,1,0,),85,1,cWW,cW-W,5.02,3.23,0.91,1.45,3.51,5.14,4.64,3.59,BI,anti,A,4.25,4.57,2.93,3.78,3.13,3.80,3.74,4.31,0.09,5.80,0.68,5.64,0.35,39.48,0.20,C3'-endo
98,98,0.80,C,C,C,0,1,0,0,0,),84,1,cWW,cW-W,5.07,3.16,0.88,1.43,3.63,5.11,4.80,3.53,BI,anti,A,4.38,4.59,2.89,3.82,3.14,3.85,3.90,4.40,0.05,5.83,0.67,5.62,0.39,39.86,0.26,C3'-endo
99,99,0.81,U,U,U,0,0,0,1,0,),83,1,cWW,cW-W,5.14,3.14,0.83,1.40,3.63,4.97,4.94,3.49,BI,anti,A,4.56,4.64,2.90,3.64,3.13,3.67,3.95,3.97,0.07,5.81,0.68,5.62,0.37,39.98,0.23,C3'-endo
100,100,0.82,G,G,G,0,0,1,0,0,),82,1,cWW,cW-W,5.18,3.02,0.88,1.38,3.47,5.10,4.65,3.43,BI,anti,.,4.47,4.57,2.87,4.12,3.07,3.94,3.60,4.17,0.01,5.83,0.70,5.58,0.44,41.82,0.31,C3'-endo
101,101,0.83,G,G,G,0,0,1,0,0,),81,1,cWW,cW-W,2.77,3.33,3.13,1.40,3.88,5.30,4.86,3.20,BI,anti,.,4.59,4.66,2.94,3.62,3.17,3.78,3.74,4.80,0.02,5.83,0.69,5.59,0.42,41.27,0.29,C3'-endo
102,102,0.84,G,G,G,0,0,1,0,0,.,80,1,tSH,tm-M,5.07,3.04,0.89,1.38,3.40,4.90,4.78,3.44,BI,anti,.,4.53,4.60,2.70,2.99,3.20,2.70,4.62,2.52,0.07,5.79,0.71,5.60,0.39,41.82,0.23,C3'-endo
103,103,0.84,A,A,A,1,0,0,0,0,.,"0,79",2,"t.S,tHW","t.+m,tM-W",4.43,1.60,3.01,1.45,4.05,5.12,5.22,3.04,..,anti,.,4.63,4.74,3.72,3.08,3.25,3.43,2.85,4.40,0.12,5.78,0.68,5.65,0.32,39.45,0.15,C3'-endo
104,104,0.85,A,A,A,1,0,0,0,0,.,77,1,tHH,tM+M,5.29,2.95,0.83,1.36,3.69,4.98,4.99,3.40,BI,anti,A,4.59,4.68,2.79,3.72,3.21,3.75,4.40,4.16,0.02,5.83,0.69,5.59,0.42,41.26,0.29,C3'-endo
105,105,0.86,A,A,A,1,0,0,0,0,.,76,1,tHS,tM-m,5.32,2.97,0.94,1.36,3.90,5.27,4.91,3.63,BI,anti,.,4.09,4.69,3.09,4.14,3.28,4.30,3.86,5.29,6.28,5.85,0.68,5.58,0.45,41.48,0.33,C3'-endo
106,106,0.87,U,U,U,0,0,0,1,0,.,75,1,cWW,cW-W,5.35,2.88,0.90,1.42,3.59,5.09,4.78,3.85,BI,anti,A,3.71,4.64,2.89,3.80,3.46,3.75,4.77,3.87,0.10,5.79,0.68,5.65,0.34,39.34,0.18,C3'-endo
107,107,0.88,C,C,C,0,1,0,0,0,),74,1,cWW,cW-W,5.26,3.15,0.80,1.36,3.61,5.05,4.85,3.74,BI,anti,A,3.95,4.54,2.99,3.66,3.16,3.73,3.49,4.34,6.26,5.89,0.64,5.61,0.44,39.09,0.36,C3'-endo
108,108,0.89,C,C,C,0,1,0,0,0,.,73,1,cWW,cW-W,5.24,3.07,0.75,1.36,3.53,4.98,4.83,3.74,BI,anti,A,4.05,4.62,2.86,3.58,3.09,3.59,3.89,3.92,0.04,5.82,0.69,5.60,0.41,40.94,0.27,C3'-endo
109,109,0.89,G,G,G,0,0,1,0,0,),72,1,cWW,cW-W,5.34,2.91,0.83,1.38,3.40,5.11,4.57,3.42,BI,anti,.,4.53,4.55,2.92,4.06,3.13,3.88,3.71,4.19,0.04,5.83,0.68,5.60,0.40,40.54,0.27,C3'-endo
110,110,0.90,G,G,G,0,0,1,0,0,),71,1,cWW,cW-W,2.82,3.29,2.99,1.44,3.87,5.18,4.98,3.05,BI,anti,.,4.83,4.75,2.83,3.60,3.10,3.70,3.82,4.37,0.12,5.78,0.67,5.66,0.32,39.11,0.15,C3'-endo
111,111,0.91,U,U,U,0,0,0,1,0,.,70,1,cWW,cW-W,5.23,3.18,0.89,1.44,3.66,5.26,4.68,3.39,BI,anti,.,4.37,4.50,3.03,3.97,3.37,4.00,4.27,4.55,0.02,5.87,0.63,5.65,0.39,37.69,0.29,C3'-endo
112,112,0.92,U,U,U,0,0,0,1,0,.,69,1,cWW,cW-W,5.16,3.06,0.87,1.36,3.92,5.11,5.09,3.90,BI,anti,.,3.15,4.34,2.95,3.86,3.25,4.04,4.01,4.09,6.04,6.04,0.61,5.52,0.64,43.76,0.64,C4'-exo
113,113,0.93,C,C,C,0,1,0,0,0,.,"15,66",2,"cWH,tWH","cW+M,tW-M",5.19,3.84,0.74,2.38,4.43,0.98,3.45,4.73,..,anti,.,1.38,1.21,3.62,0.93,3.81,0.91,3.77,1.44,5.67,0.75,5.69,0.25,0.22,41.97,2.51,C1'-exo
114,114,0.93,G,G,G,0,0,1,0,0,),9,1,cWW,cW-W,3.41,2.86,3.12,1.43,3.83,4.80,5.32,3.28,BI,anti,A,4.71,4.71,3.81,3.01,3.93,3.22,3.81,3.88,0.09,5.80,0.66,5.65,0.34,38.83,0.20,C3'-endo
115,115,0.94,C,C,C,0,1,0,0,0,),8,1,cWW,cW-W,5.35,2.82,0.85,1.42,3.75,5.03,5.00,3.41,BI,anti,A,4.50,4.64,2.94,3.87,3.16,3.87,3.91,4.35,0.08,5.82,0.66,5.65,0.35,38.54,0.21,C3'-endo
116,116,0.95,C,C,C,0,1,0,0,0,),7,1,cWW,cW-W,5.23,2.88,0.91,1.37,3.46,4.98,4.76,3.36,BI,anti,.,4.54,4.57,2.81,3.54,3.13,3.52,3.99,3.67,6.28,5.85,0.68,5.59,0.44,41.03,0.33,C3'-endo
117,117,0.96,G,G,G,0,0,1,0,0,),6,1,cWW,cW-W,5.21,3.19,0.90,1.36,3.60,5.00,4.88,3.33,BI,anti,A,4.45,4.57,3.06,3.62,3.16,3.68,3.47,4.31,6.28,5.84,0.70,5.56,0.46,42.60,0.33,C3'-endo
118,118,0.97,C,C,C,0,1,0,0,0,),5,1,cWW,cW-W,5.10,3.09,0.93,1.40,3.65,5.11,4.82,3.42,BI,anti,A,4.48,4.66,2.92,3.80,3.12,3.81,3.95,4.14,0.09,5.78,0.71,5.61,0.37,41.39,0.20,C3'-endo
119,119,0.98,C,C,C,0,1,0,0,0,),4,1,cWW,cW-W,5.20,3.08,0.92,1.36,3.61,5.00,4.89,3.49,BI,anti,A,4.44,4.59,2.96,3.64,3.20,3.68,3.80,4.27,6.24,5.87,0.68,5.56,0.48,42.21,0.38,C3'-endo
120,120,0.98,A,A,A,1,0,0,0,0,.,,0,,,5.25,2.88,0.97,1.39,3.76,5.06,4.99,3.44,BI,anti,A,4.54,4.70,2.97,3.88,3.23,3.93,4.06,4.68,0.02,5.83,0.69,5.59,0.42,41.30,0.30,C3'-endo
121,121,0.99,C,C,C,0,1,0,0,0,.,,0,,,5.25,3.01,0.97,1.47,3.51,5.18,4.62,3.65,BI,anti,.,4.12,4.51,3.00,4.06,3.35,3.65,4.37,3.58,0.06,5.85,0.63,5.67,0.35,37.02,0.24,C3'-endo
122,122,1.00,C,C,C,0,1,0,0,0,.,,0,,,3.25,2.89,5.06,1.45,,,,4.40,n/a,anti,-,,,,,,,,,0.06,5.85,0.62,5.67,0.35,36.74,0.24,C3'-endo
