index_chain,old_nt_resnum,nt_position,nt_name,nt_code,nt_align_code,is_A,is_C,is_G,is_U,is_other,dbn,paired,nb_interact,pair_type_LW,pair_type_DSSR,alpha,beta,gamma,delta,epsilon,zeta,epsilon_zeta,chi,bb_type,glyco_bond,form,ssZp,Dp,eta,theta,eta_prime,theta_prime,eta_base,theta_base,v0,v1,v2,v3,v4,amplitude,phase_angle,puckering
1,1,0.02,A,A,A,1,0,0,0,0,(,0,1,cWW,cW-W,,,3.20,1.52,4.13,4.98,5.43,3.37,..,anti,.,4.25,4.55,,,,,,,0.03,5.87,0.62,5.66,0.37,37.01,0.28,C3'-endo
2,2,0.04,U,U,U,0,0,0,1,0,(,0,1,cWW,cW-W,4.54,3.10,1.02,1.45,3.53,5.19,4.63,3.56,BI,anti,A,4.48,4.65,2.31,3.84,2.70,3.84,3.68,4.31,0.10,5.80,0.67,5.65,0.34,39.19,0.19,C3'-endo
3,3,0.07,U,U,U,0,0,0,1,0,(,0,1,cWW,cW-W,5.03,2.98,1.18,1.45,3.38,4.94,4.72,3.54,BI,anti,A,4.38,4.49,2.96,3.50,3.35,3.42,4.18,3.71,0.03,5.84,0.67,5.62,0.40,39.74,0.29,C3'-endo
4,4,0.09,C,C,C,0,1,0,0,0,(,0,1,cWW,cW-W,5.13,3.16,0.86,1.41,3.61,5.10,4.80,3.35,BI,anti,A,4.63,4.64,2.96,3.75,3.06,3.81,3.55,4.26,0.07,5.81,0.68,5.62,0.37,40.30,0.23,C3'-endo
5,5,0.11,U,U,U,0,0,0,1,0,(,0,1,cWW,cW-W,5.27,3.15,0.85,1.39,3.62,4.95,4.95,3.34,BI,anti,A,4.64,4.65,3.01,3.61,3.25,3.67,3.95,3.96,0.07,5.81,0.68,5.62,0.38,40.30,0.23,C3'-endo
6,6,0.13,G,G,G,0,0,1,0,0,(,0,1,cWW,cW-W,5.14,3.17,0.87,1.47,3.41,5.22,4.47,3.66,BI,anti,A,4.13,4.47,2.94,3.79,3.11,3.79,3.57,4.28,0.02,5.86,0.65,5.63,0.39,38.72,0.29,C3'-endo
7,7,0.15,C,C,C,0,1,0,0,0,(,0,1,cWW,cW-W,4.99,3.18,0.94,1.45,3.44,5.12,4.60,3.72,BI,anti,A,4.16,4.49,2.87,3.71,3.16,3.69,3.92,4.09,6.25,5.89,0.66,5.59,0.45,40.35,0.37,C3'-endo
8,8,0.17,G,G,G,0,0,1,0,0,(,0,1,cWW,cW-W,5.03,3.10,1.00,1.44,3.41,5.08,4.61,3.49,BI,anti,A,4.39,4.42,2.90,3.63,3.15,3.59,3.81,4.07,6.26,5.89,0.63,5.62,0.43,38.70,0.35,C3'-endo
9,9,0.20,G,G,G,0,0,1,0,0,(,0,1,cWW,cW-W,5.06,3.05,0.98,1.40,3.50,4.99,4.79,3.32,BI,anti,.,4.61,4.61,2.86,3.59,3.09,3.62,3.89,3.94,0.04,5.83,0.67,5.62,0.39,39.78,0.27,C3'-endo
10,10,0.22,A,A,A,1,0,0,0,0,(,0,1,cWW,cW-W,5.32,3.15,0.93,1.44,3.66,4.92,5.02,3.36,BI,anti,A,4.47,4.57,3.18,3.68,3.34,3.71,3.83,4.14,0.03,5.85,0.65,5.63,0.39,38.77,0.28,C3'-endo
11,11,0.24,U,U,U,0,0,0,1,0,(,0,1,cWW,cW-W,5.18,2.94,0.99,1.46,3.54,5.04,4.78,3.54,BI,anti,A,4.33,4.51,2.94,3.72,3.18,3.69,3.84,4.13,0.03,5.85,0.65,5.63,0.39,38.78,0.29,C3'-endo
12,12,0.26,U,U,U,0,0,0,1,0,(,0,1,cWW,cW-W,4.98,3.08,1.02,1.45,3.48,5.02,4.75,3.59,BI,anti,A,4.27,4.52,2.89,3.64,3.13,3.62,3.83,4.02,0.04,5.85,0.64,5.65,0.38,38.09,0.26,C3'-endo
13,13,0.28,A,A,A,1,0,0,0,0,(,0,1,cWW,cW-W,5.20,3.08,0.79,1.44,3.61,4.95,4.94,3.43,BI,anti,A,4.46,4.58,2.92,3.66,3.11,3.69,3.74,4.09,0.03,5.86,0.64,5.64,0.38,38.27,0.28,C3'-endo
14,14,0.30,U,U,U,0,0,0,1,0,(,0,1,cWW,cW-W,5.18,2.91,0.99,1.42,3.60,5.15,4.73,3.54,BI,anti,A,4.45,4.67,2.91,3.83,3.15,3.80,3.81,4.19,0.05,5.83,0.66,5.63,0.38,39.34,0.26,C3'-endo
15,15,0.33,U,U,U,0,0,0,1,0,(,0,1,cWW,cW-W,5.02,3.30,0.80,1.40,3.49,5.01,4.76,3.58,BI,anti,A,4.46,4.63,2.82,3.56,3.03,3.63,3.72,4.16,0.04,5.83,0.67,5.62,0.39,39.95,0.26,C3'-endo
16,16,0.35,U,U,U,0,0,0,1,0,(,0,1,cWW,cW-W,5.33,2.89,1.01,1.41,3.70,4.93,5.06,3.61,BI,anti,A,4.26,4.69,3.08,3.72,3.34,3.70,4.06,4.17,0.08,5.80,0.68,5.63,0.36,39.87,0.21,C3'-endo
17,17,0.37,G,G,G,0,0,1,0,0,(,0,1,cWW,cW-W,5.22,2.94,0.91,1.45,3.60,4.99,4.89,3.29,BI,anti,A,4.59,4.59,2.91,3.71,3.15,3.73,3.90,4.10,0.06,5.84,0.64,5.67,0.35,37.41,0.23,C3'-endo
18,18,0.39,G,G,G,0,0,1,0,0,(,0,1,cWW,cW-W,5.15,3.12,0.93,1.48,3.53,5.08,4.73,3.59,BI,anti,A,4.24,4.54,3.00,3.74,3.22,3.72,3.82,4.07,0.07,5.81,0.67,5.64,0.36,39.39,0.22,C3'-endo
19,19,0.41,C,C,C,0,1,0,0,0,(,0,1,cWW,cW-W,5.10,3.10,0.90,1.45,3.53,5.09,4.73,3.64,BI,anti,A,4.22,4.53,2.91,3.71,3.14,3.73,3.74,4.25,0.02,5.86,0.65,5.63,0.40,38.82,0.29,C3'-endo
20,20,0.43,A,A,A,1,0,0,0,0,(,0,1,cWW,cW-W,5.05,3.14,0.89,1.47,3.53,5.13,4.68,3.60,BI,anti,A,4.21,4.55,2.88,3.77,3.12,3.77,3.88,4.22,0.04,5.82,0.68,5.61,0.40,40.48,0.26,C3'-endo
21,21,0.46,A,A,A,1,0,0,0,0,(,0,1,cWW,cW-W,4.99,2.98,1.13,1.47,3.49,4.90,4.87,3.50,BI,anti,A,4.51,4.56,2.89,3.57,3.21,3.54,3.99,3.98,0.04,5.83,0.68,5.61,0.40,40.31,0.27,C3'-endo
22,22,0.48,A,A,A,1,0,0,0,0,(,0,1,cWW,cW-W,5.19,3.10,0.93,1.48,3.52,5.11,4.69,3.52,BI,anti,A,4.35,4.58,3.05,3.77,3.22,3.77,3.86,4.10,0.13,5.78,0.66,5.68,0.30,38.12,0.14,C3'-endo
23,23,0.50,G,G,G,0,0,1,0,0,(,0,1,cWW,cW-W,5.06,3.21,0.87,1.47,3.56,5.11,4.73,3.68,BI,anti,A,4.14,4.59,2.94,3.78,3.16,3.81,3.73,4.38,0.05,5.84,0.65,5.65,0.37,38.35,0.25,C3'-endo
24,24,0.52,G,G,G,0,0,1,0,0,(,0,1,cWW,cW-W,5.11,2.99,0.93,1.45,3.48,5.14,4.62,3.61,BI,anti,A,4.29,4.56,2.83,3.76,3.15,3.74,4.03,4.17,0.05,5.82,0.68,5.62,0.39,40.27,0.25,C3'-endo
25,25,0.54,A,A,A,1,0,0,0,0,(,0,1,cWW,cW-W,5.12,3.09,1.01,1.49,3.39,5.11,4.57,3.44,BI,anti,A,4.30,4.41,2.99,3.67,3.29,3.65,4.03,4.03,0.04,5.85,0.64,5.65,0.37,38.07,0.26,C3'-endo
26,26,0.57,A,A,A,1,0,0,0,0,(,0,1,cWW,cW-W,5.00,3.25,0.93,1.49,3.37,5.15,4.51,3.50,BI,anti,A,4.33,4.43,2.94,3.69,3.16,3.70,3.80,4.09,0.06,5.83,0.65,5.65,0.36,38.58,0.24,C3'-endo
27,27,0.59,G,G,G,0,0,1,0,0,(,0,1,cWW,cW-W,4.78,3.36,0.98,1.46,3.46,5.11,4.63,3.62,BI,anti,A,4.26,4.56,2.84,3.71,3.04,3.72,3.67,4.24,0.08,5.80,0.68,5.63,0.36,39.86,0.21,C3'-endo
28,28,0.61,C,C,C,0,1,0,0,0,(,0,1,cWW,cW-W,5.15,3.11,0.88,1.44,3.51,5.10,4.69,3.76,BI,anti,A,4.00,4.58,2.93,3.73,3.18,3.73,3.95,4.18,0.04,5.82,0.68,5.61,0.40,40.53,0.26,C3'-endo
29,29,0.63,A,A,A,1,0,0,0,0,(,0,1,cWW,cW-W,5.06,3.09,1.00,1.45,3.46,5.09,4.65,3.31,BI,anti,A,4.52,4.54,2.91,3.68,3.17,3.68,3.91,4.00,0.08,5.81,0.67,5.65,0.35,39.17,0.21,C3'-endo
30,30,0.65,U,U,U,0,0,0,1,0,(,0,1,cWW,cW-W,5.14,3.22,0.89,1.45,3.49,5.15,4.62,3.68,BI,anti,A,4.13,4.54,3.01,3.75,3.22,3.78,3.76,4.26,0.04,5.84,0.66,5.63,0.38,39.12,0.26,C3'-endo
31,31,0.67,U,U,U,0,0,0,1,0,(,0,1,cWW,cW-W,5.10,3.09,0.98,1.44,3.61,4.96,4.93,3.64,BI,anti,A,4.18,4.55,2.98,3.65,3.25,3.64,3.96,4.05,0.03,5.85,0.65,5.64,0.38,38.45,0.27,C3'-endo
32,32,0.70,G,G,G,0,0,1,0,0,(,0,1,cWW,cW-W,5.08,2.92,0.98,1.43,3.44,5.04,4.68,3.40,BI,anti,A,4.59,4.57,2.80,3.63,3.06,3.59,3.77,4.00,0.04,5.83,0.67,5.62,0.39,39.66,0.27,C3'-endo
33,33,0.72,A,A,A,1,0,0,0,0,(,0,1,cWW,cW-W,5.08,3.27,0.88,1.39,3.78,5.04,5.02,3.52,BI,anti,A,4.48,4.78,2.99,3.81,3.10,3.89,3.72,4.39,0.14,5.75,0.70,5.65,0.31,40.38,0.12,C3'-endo
34,34,0.74,C,C,C,0,1,0,0,0,(,0,1,cWW,cW-W,5.27,2.95,0.98,1.40,3.52,4.87,4.93,3.67,BI,anti,A,4.22,4.59,2.92,3.55,3.25,3.55,4.03,3.98,0.03,5.83,0.69,5.60,0.41,41.02,0.28,C3'-endo
35,35,0.76,A,A,A,1,0,0,0,0,(,0,1,cWW,cW-W,5.41,2.79,0.98,1.44,3.67,5.01,4.94,3.53,BI,anti,A,4.35,4.67,3.05,3.81,3.29,3.74,3.95,4.17,0.07,5.81,0.68,5.63,0.37,39.82,0.23,C3'-endo
36,36,0.78,C,C,C,0,1,0,0,0,(,0,1,cWW,cW-W,4.89,3.25,0.86,1.36,3.38,5.09,4.57,3.53,BI,anti,.,4.52,4.65,2.68,3.99,2.86,3.88,3.65,4.04,0.13,5.76,0.70,5.64,0.32,40.60,0.14,C3'-endo
37,37,0.80,A,A,A,1,0,0,0,0,(,0,1,cWW,cW-W,2.87,3.43,3.11,1.42,4.05,4.84,5.49,3.09,..,anti,A,4.82,4.79,3.11,3.42,3.32,3.59,3.82,4.15,0.11,5.80,0.66,5.66,0.32,38.59,0.17,C3'-endo
38,38,0.83,U,U,U,0,0,0,1,0,(,0,1,cWW,cW-W,5.57,2.86,0.80,1.41,3.62,4.88,5.02,3.71,BI,anti,A,3.99,4.52,3.04,3.62,3.36,3.60,4.06,3.92,6.28,5.87,0.65,5.62,0.42,39.19,0.33,C3'-endo
39,39,0.85,G,G,G,0,0,1,0,0,(,0,1,cWW,cW-W,5.27,2.95,0.77,1.39,3.53,4.95,4.87,3.68,BI,anti,A,4.23,4.61,2.81,3.59,2.98,3.61,3.54,4.12,0.01,5.85,0.67,5.60,0.42,40.28,0.31,C3'-endo
40,40,0.87,C,C,C,0,1,0,0,0,(,0,1,cWW,cW-W,5.32,2.97,0.89,1.41,3.81,4.97,5.13,3.19,BI,anti,A,4.75,4.76,3.01,3.81,3.19,3.84,3.94,4.26,0.12,5.77,0.69,5.64,0.33,40.13,0.16,C3'-endo
41,41,0.89,G,G,G,0,0,1,0,0,(,0,1,cWW,cW-W,5.02,3.20,0.88,1.45,3.41,5.13,4.57,3.29,BI,anti,A,4.54,4.55,2.80,3.70,3.02,3.73,3.74,4.03,0.05,5.83,0.67,5.63,0.39,39.54,0.26,C3'-endo
42,42,0.91,C,C,C,0,1,0,0,0,(,0,1,cWW,cW-W,5.36,3.10,0.92,1.46,3.27,5.07,4.48,3.38,BI,anti,.,4.22,4.28,3.17,4.07,3.46,3.90,4.00,4.51,6.24,5.91,0.63,5.61,0.45,39.07,0.39,C3'-endo
43,43,0.93,C,C,C,0,1,0,0,0,(,0,1,cWW,cW-W,2.66,3.48,3.09,1.51,3.91,4.74,5.45,3.45,BI,anti,A,4.23,4.54,2.97,3.24,3.24,3.33,4.18,3.84,0.02,5.87,0.63,5.64,0.39,37.98,0.30,C3'-endo
44,44,0.96,A,A,A,1,0,0,0,0,(,0,1,cWW,cW-W,5.16,2.78,0.97,1.47,4.08,4.61,5.75,3.30,..,anti,A,4.49,4.62,2.96,3.69,3.15,3.69,3.76,4.02,0.02,5.87,0.63,5.64,0.39,37.86,0.30,C3'-endo
45,45,0.98,A,A,A,1,0,0,0,0,(,0,1,cWW,cW-W,4.99,2.58,1.15,1.46,3.54,4.61,5.21,3.53,BI,anti,A,4.47,4.61,2.68,4.08,2.96,3.90,3.58,4.43,0.05,5.83,0.66,5.64,0.38,39.16,0.25,C3'-endo
46,46,1.00,U,U,U,0,0,0,1,0,(,0,1,cWW,cW-W,2.83,3.95,2.82,1.40,,,,3.37,n/a,anti,-,,,,,,,,,0.08,5.83,0.63,5.68,0.33,36.94,0.20,C3'-endo
