index_chain,old_nt_resnum,nt_position,nt_name,nt_code,nt_align_code,is_A,is_C,is_G,is_U,is_other,dbn,paired,nb_interact,pair_type_LW,pair_type_DSSR,alpha,beta,gamma,delta,epsilon,zeta,epsilon_zeta,chi,bb_type,glyco_bond,form,ssZp,Dp,eta,theta,eta_prime,theta_prime,eta_base,theta_base,v0,v1,v2,v3,v4,amplitude,phase_angle,puckering
1,1,0.01,GTP,g,G,0,0,0,0,1,(,19,1,cWW,cW-W,,,1.51,1.55,3.73,5.23,4.79,3.01,BI,anti,.,4.54,4.52,,,,,,,0.26,5.70,0.67,5.75,0.17,38.31,6.21,C2'-exo
2,2,0.02,G,G,G,0,0,1,0,0,(,17,1,cWW,cW-W,4.85,3.56,0.96,1.46,3.56,5.18,4.66,3.32,BI,anti,A,4.61,4.53,2.93,3.87,3.22,3.96,4.07,4.73,0.13,5.77,0.69,5.66,0.31,39.76,0.14,C3'-endo
3,3,0.03,A,A,A,1,0,0,0,0,(,16,1,cWW,cW-W,5.20,3.08,0.86,1.48,3.69,5.03,4.94,3.52,BI,anti,A,4.32,4.71,2.94,3.85,3.27,3.85,4.33,4.24,0.13,5.75,0.72,5.63,0.33,41.51,0.15,C3'-endo
4,4,0.04,U,U,U,0,0,0,1,0,(,15,1,cWW,cW-W,5.18,3.04,0.79,1.36,3.67,4.94,5.02,3.49,BI,anti,A,4.53,4.73,2.81,3.63,3.05,3.67,3.74,4.10,0.04,5.80,0.72,5.57,0.43,42.82,0.28,C3'-endo
5,5,0.05,G,G,G,0,0,1,0,0,(,14,1,cWW,cW-W,5.17,2.95,0.95,1.40,3.45,5.20,4.54,3.31,BI,anti,.,4.59,4.61,2.87,3.77,3.09,3.76,3.79,3.93,0.06,5.78,0.73,5.57,0.42,43.23,0.25,C3'-endo
6,6,0.07,G,G,G,0,0,1,0,0,(,13,1,cWW,cW-W,4.95,3.40,0.95,1.41,3.62,5.02,4.88,3.54,BI,anti,A,4.07,4.47,3.04,3.74,3.21,3.73,3.57,4.34,6.16,5.92,0.69,5.51,0.56,44.35,0.47,C3'-endo
7,7,0.08,C,C,C,0,1,0,0,0,(,12,1,cWW,cW-W,4.45,3.22,1.15,1.35,3.85,5.11,5.02,3.47,BI,anti,.,4.43,4.82,2.59,3.89,2.75,3.95,3.58,4.71,0.10,5.73,0.78,5.55,0.40,45.66,0.19,C3'-endo
8,8,0.09,G,G,G,0,0,1,0,0,.,11,1,tSH,tm-M,5.07,3.01,1.00,1.41,4.07,5.28,5.07,3.43,..,anti,.,4.65,4.91,2.93,4.15,3.22,3.35,4.27,2.23,0.14,5.75,0.71,5.64,0.32,40.82,0.14,C3'-endo
9,9,0.10,A,A,A,1,0,0,0,0,.,,0,,,3.56,2.04,0.75,1.47,3.55,4.52,5.32,3.18,BI,anti,A,4.38,4.40,0.41,4.21,0.89,4.01,0.49,4.48,6.27,5.93,0.57,5.69,0.39,34.59,0.35,C3'-endo
10,10,0.11,A,A,A,1,0,0,0,0,.,,0,,,2.82,4.02,2.72,1.55,3.64,5.27,4.65,3.24,BI,anti,.,4.20,4.37,2.72,4.03,3.19,3.86,4.15,4.76,0.02,5.92,0.55,5.72,0.34,33.13,0.30,C3'-endo
11,11,0.12,A,A,A,1,0,0,0,0,.,8,1,tHS,tM-m,4.99,3.17,0.83,1.48,3.98,5.30,4.96,3.53,BI,anti,.,4.10,4.66,2.87,4.32,3.22,4.46,4.49,5.14,0.09,5.82,0.63,5.69,0.32,36.88,0.18,C3'-endo
12,12,0.13,G,G,G,0,0,1,0,0,),7,1,cWW,cW-W,5.40,2.70,1.15,1.31,3.80,4.86,5.22,3.56,BI,anti,.,4.12,4.58,3.03,3.63,3.61,3.61,4.67,4.37,6.15,5.93,0.67,5.53,0.56,43.52,0.49,C3'-endo
13,13,0.14,C,C,C,0,1,0,0,0,),6,1,cWW,cW-W,5.35,2.68,0.80,1.33,3.67,4.94,5.01,3.50,BI,anti,A,4.39,4.69,2.73,3.65,3.00,3.66,4.09,3.96,0.03,5.77,0.78,5.51,0.46,46.40,0.28,C3'-endo
14,14,0.15,C,C,C,0,1,0,0,0,),5,1,cWW,cW-W,5.20,3.17,0.87,1.37,3.54,5.14,4.68,3.42,BI,anti,A,4.52,4.62,2.99,3.71,3.13,3.76,3.63,4.35,0.06,5.79,0.72,5.59,0.40,42.25,0.24,C3'-endo
15,15,0.16,A,A,A,1,0,0,0,0,),4,1,cWW,cW-W,5.29,3.13,0.79,1.48,3.52,5.00,4.80,3.48,BI,anti,A,4.49,4.56,3.03,3.66,3.28,3.71,4.11,4.04,0.07,5.83,0.64,5.66,0.35,37.75,0.22,C3'-endo
16,16,0.17,U,U,U,0,0,0,1,0,),3,1,cWW,cW-W,5.18,3.10,0.83,1.49,3.52,5.10,4.69,3.52,BI,anti,A,4.52,4.54,2.95,3.81,3.17,3.87,3.71,4.57,0.01,5.87,0.63,5.64,0.40,37.89,0.31,C3'-endo
17,17,0.18,U,U,U,0,0,0,1,0,),2,1,cWW,cW-W,5.20,3.04,0.97,1.62,4.23,3.84,0.39,3.84,..,anti,.,3.06,4.26,3.27,3.66,3.53,3.12,4.36,2.33,6.20,6.02,0.48,5.74,0.39,30.88,0.48,C3'-endo
18,18,0.20,U,U,U,0,0,0,1,0,.,,0,,,1.99,3.28,0.81,1.51,3.92,3.51,0.41,3.32,..,anti,.,4.65,4.71,6.27,2.81,0.21,2.67,0.58,5.00,0.14,5.79,0.63,5.71,0.27,36.28,0.11,C3'-endo
19,19,0.21,C,C,C,0,1,0,0,0,),1,1,cWW,cW-W,1.76,2.80,0.90,1.52,3.51,5.18,4.61,3.44,BI,anti,A,4.48,4.47,5.92,3.88,5.94,3.82,3.62,4.26,0.09,5.84,0.61,5.71,0.31,35.41,0.19,C3'-endo
20,20,0.22,C,C,C,0,1,0,0,0,(,51,1,cWW,cW-W,5.00,3.03,0.98,1.38,3.83,4.88,5.23,3.46,BI,anti,A,4.57,4.77,2.83,3.76,3.13,3.80,3.95,4.21,0.08,5.75,0.75,5.57,0.40,43.92,0.22,C3'-endo
21,21,0.23,G,G,G,0,0,1,0,0,(,"50,54",2,"cWW,tS.","cW-W,tm+.",5.47,2.73,1.03,1.36,3.57,4.98,4.88,3.21,BI,anti,A,4.77,4.64,3.04,3.59,3.35,3.60,4.09,4.12,6.24,5.87,0.69,5.55,0.50,42.51,0.39,C3'-endo
22,22,0.24,C,C,C,0,1,0,0,0,(,49,1,cWW,cW-W,5.25,3.32,0.71,1.51,3.41,5.01,4.68,3.41,BI,anti,.,4.47,4.49,3.10,3.57,3.24,3.67,3.93,3.66,0.20,5.74,0.65,5.72,0.23,37.47,0.02,C3'-endo
23,23,0.25,A,A,A,1,0,0,0,0,.,48,1,cWW,cW-W,4.77,3.39,0.94,1.61,3.66,5.10,4.85,3.75,BI,anti,A,3.73,4.41,2.95,4.00,3.07,3.99,3.16,4.22,0.10,5.86,0.57,5.75,0.27,33.31,0.15,C3'-endo
24,24,0.26,G,G,G,0,0,1,0,0,.,47,1,tW.,tW-.,5.12,2.93,0.96,1.39,3.95,4.95,5.28,3.88,BI,anti,.,3.32,4.48,2.92,3.85,3.20,3.99,3.64,4.49,6.11,5.99,0.62,5.55,0.57,41.81,0.55,C3'-endo
25,25,0.27,G,G,G,0,0,1,0,0,(,44,1,cWW,cW-W,5.14,3.43,0.84,1.47,3.61,5.20,4.70,3.33,BI,anti,A,4.30,4.49,3.09,3.89,3.27,3.96,3.82,4.76,0.00,5.87,0.64,5.63,0.41,38.52,0.32,C3'-endo
26,26,0.28,C,C,C,0,1,0,0,0,(,43,1,cWW,cW-W,5.31,3.11,0.73,1.36,3.49,4.76,5.00,3.67,BI,anti,A,4.05,4.58,2.93,3.84,3.25,3.77,4.32,4.17,0.07,5.80,0.69,5.62,0.37,40.32,0.22,C3'-endo
27,27,0.29,C,C,C,0,1,0,0,0,(,42,1,cWW,cW-W,2.61,3.63,3.07,1.53,4.00,5.07,5.22,3.31,BI,anti,A,4.58,4.76,2.91,3.69,3.16,3.68,3.83,4.01,0.22,5.73,0.66,5.73,0.21,37.95,6.28,C2'-exo
28,28,0.30,C,C,C,0,1,0,0,0,(,41,1,cWW,cW-W,5.14,3.03,0.96,1.34,3.57,5.02,4.83,3.42,BI,anti,A,4.58,4.60,2.84,3.56,3.15,3.57,3.77,3.90,6.22,5.89,0.67,5.55,0.50,41.99,0.41,C3'-endo
29,29,0.32,C,C,C,0,1,0,0,0,(,40,1,cWW,cW-W,5.10,3.08,0.99,1.34,3.75,5.07,4.97,3.41,BI,anti,A,4.58,4.68,3.02,3.77,3.17,3.83,3.66,4.52,0.00,5.83,0.71,5.56,0.46,42.78,0.32,C3'-endo
30,30,0.33,A,A,A,1,0,0,0,0,.,,0,,,5.25,2.86,0.89,1.43,3.66,5.12,4.82,3.29,BI,anti,A,4.99,4.69,2.91,3.87,3.23,3.90,4.22,4.50,6.27,5.88,0.65,5.61,0.44,39.54,0.35,C3'-endo
31,31,0.34,U,U,U,0,0,0,1,0,.,33,1,c.W,c.-W,5.08,3.14,0.86,1.46,3.71,4.97,5.02,3.48,BI,anti,.,4.53,4.64,2.92,3.69,3.19,3.93,4.08,4.05,0.03,5.84,0.67,5.62,0.40,39.77,0.28,C3'-endo
32,32,0.35,U,U,U,0,0,0,1,0,.,,0,,,4.93,3.87,1.31,2.02,5.02,1.33,3.70,3.81,..,anti,.,1.00,1.05,4.15,1.66,4.13,1.45,4.04,1.05,5.78,0.31,6.27,6.01,0.48,29.18,1.60,O4'-endo
33,33,0.36,G,G,G,0,0,1,0,0,.,31,1,cW.,cW-.,3.56,3.02,1.19,1.60,4.08,4.98,5.38,4.61,..,anti,.,0.18,4.58,2.46,4.02,2.59,4.13,2.29,4.41,0.09,5.85,0.60,5.72,0.30,35.05,0.18,C3'-endo
34,34,0.37,C,C,C,0,1,0,0,0,.,,0,,,5.53,3.89,1.14,2.35,3.76,2.50,1.26,4.14,..,anti,.,1.28,1.54,4.13,2.27,4.41,2.06,4.12,2.43,6.03,0.45,5.82,0.34,6.22,27.13,2.93,C2'-endo
35,35,0.38,A,A,A,1,0,0,0,0,.,,0,,,5.25,2.05,0.99,1.40,3.82,4.86,5.25,3.15,BI,anti,A,4.47,4.54,3.03,3.92,3.12,3.83,3.27,4.38,6.19,5.95,0.62,5.60,0.49,39.35,0.46,C3'-endo
36,36,0.39,C,C,C,0,1,0,0,0,.,,0,,,5.25,2.90,0.95,1.48,3.82,2.81,1.01,3.52,BII,anti,.,4.00,4.42,3.02,2.07,3.26,1.49,4.11,6.14,6.19,5.96,0.60,5.61,0.48,38.36,0.46,C3'-endo
37,37,0.40,U,U,U,0,0,0,1,0,.,,0,,,1.30,3.62,0.83,1.45,3.32,4.93,4.68,3.52,BI,anti,.,4.44,4.52,6.21,3.88,0.06,3.75,1.66,3.80,0.15,5.75,0.69,5.66,0.30,39.63,0.11,C3'-endo
38,38,0.41,C,C,C,0,1,0,0,0,.,,0,,,2.59,3.44,3.11,1.48,3.98,5.11,5.16,3.25,BI,anti,.,4.76,4.78,2.90,3.63,3.07,3.75,3.39,4.68,0.13,5.76,0.69,5.65,0.32,40.09,0.14,C3'-endo
39,39,0.42,C,C,C,0,1,0,0,0,.,,0,,,5.17,2.93,0.92,1.50,3.58,4.89,4.97,3.36,BI,anti,.,4.66,4.63,2.78,3.52,3.23,3.39,4.52,3.56,0.12,5.80,0.64,5.69,0.30,37.13,0.14,C3'-endo
40,40,0.43,G,G,G,0,0,1,0,0,),29,1,cWW,cW-W,5.20,3.77,2.54,1.45,4.04,4.96,5.35,3.16,BI,anti,.,4.69,4.66,5.17,3.94,5.20,3.87,4.83,4.20,0.07,5.85,0.63,5.68,0.33,36.88,0.22,C3'-endo
41,41,0.45,G,G,G,0,0,1,0,0,),28,1,cWW,cW-W,5.36,2.82,1.02,1.36,3.52,5.02,4.79,3.29,BI,anti,.,4.46,4.44,2.91,3.63,3.28,3.61,4.02,3.99,6.08,5.97,0.68,5.48,0.64,46.24,0.57,C3'-endo
42,42,0.46,G,G,G,0,0,1,0,0,),27,1,cWW,cW-W,5.18,3.01,1.06,1.38,3.53,4.99,4.82,3.21,BI,anti,A,4.27,4.43,3.03,3.58,3.27,3.57,3.91,4.07,6.17,5.91,0.69,5.52,0.55,43.96,0.46,C3'-endo
43,43,0.47,G,G,G,0,0,1,0,0,),26,1,cWW,cW-W,5.02,3.09,1.01,1.40,3.67,5.14,4.81,3.42,BI,anti,A,4.44,4.62,2.97,3.82,3.13,3.85,3.82,4.60,0.02,5.85,0.66,5.62,0.40,39.34,0.29,C3'-endo
44,44,0.48,U,U,U,0,0,0,1,0,),25,1,cWW,cW-W,5.14,3.00,0.94,1.46,3.30,5.27,4.32,3.61,BI,anti,A,4.26,4.46,2.86,3.79,3.24,3.76,4.31,4.25,0.05,5.83,0.67,5.63,0.38,39.56,0.26,C3'-endo
45,45,0.49,A,A,A,1,0,0,0,0,.,,0,,,4.68,3.41,1.02,1.46,3.77,5.50,4.55,3.63,BI,anti,.,4.25,4.72,2.89,4.32,3.10,4.44,3.83,5.20,0.06,5.80,0.70,5.60,0.40,41.55,0.24,C3'-endo
46,46,0.50,U,U,U,0,0,0,1,0,.,,0,,,4.96,3.20,1.01,1.54,3.28,3.16,0.12,3.33,..,anti,.,4.49,4.46,2.87,1.66,3.49,1.58,4.71,1.73,0.17,5.77,0.64,5.72,0.25,36.61,0.06,C3'-endo
47,47,0.51,U,U,U,0,0,0,1,0,.,24,1,t.W,t.-W,4.91,2.64,0.62,1.45,3.86,5.21,4.94,3.18,BI,anti,.,4.82,4.66,2.58,4.18,2.53,4.22,2.46,5.18,0.02,5.89,0.60,5.68,0.37,35.77,0.30,C3'-endo
48,48,0.52,G,G,G,0,0,1,0,0,.,23,1,cWW,cW-W,5.05,2.92,0.97,1.45,3.71,5.02,4.97,3.44,BI,anti,A,4.55,4.68,2.70,3.84,3.18,3.84,4.64,4.49,0.09,5.77,0.72,5.59,0.38,42.43,0.21,C3'-endo
49,49,0.53,G,G,G,0,0,1,0,0,),22,1,cWW,cW-W,5.04,3.01,1.02,1.49,3.96,4.84,5.40,3.27,BI,anti,A,4.79,4.79,2.94,3.85,3.21,3.90,4.19,4.58,0.12,5.75,0.72,5.61,0.35,41.84,0.16,C3'-endo
50,50,0.54,C,C,C,0,1,0,0,0,),21,1,cWW,cW-W,5.13,2.69,1.23,1.53,3.85,4.60,5.54,3.63,BI,anti,A,4.11,4.63,2.98,3.77,3.32,3.81,4.29,4.01,0.05,5.81,0.69,5.60,0.40,40.86,0.26,C3'-endo
51,51,0.55,G,G,G,0,0,1,0,0,),20,1,cWW,cW-W,5.66,2.68,0.93,2.13,5.31,1.85,3.46,3.66,..,anti,.,0.46,0.84,3.74,2.70,3.99,2.72,4.22,2.98,5.90,0.29,6.19,6.16,0.31,21.17,1.82,O4'-endo
52,52,0.57,U,U,U,0,0,0,1,0,.,,0,,,1.99,3.38,3.02,2.24,4.22,2.10,2.12,3.90,..,anti,.,2.23,2.44,3.54,1.74,3.49,0.89,3.60,6.10,6.11,0.36,5.88,0.32,6.19,23.24,3.05,C2'-endo
53,53,0.58,U,U,U,0,0,0,1,0,.,,0,,,1.04,3.63,0.90,1.80,1.28,2.51,5.06,4.59,..,anti,.,0.55,0.82,0.07,5.98,0.56,5.43,1.35,6.07,6.24,0.26,5.91,0.36,6.09,21.87,3.35,C3'-exo
54,54,0.59,A,A,A,1,0,0,0,0,.,21,1,t.S,t.+m,5.41,2.47,0.57,1.56,4.25,3.49,0.76,4.09,BII,anti,.,2.08,4.25,3.11,3.21,3.85,3.54,3.73,4.36,6.19,6.01,0.51,5.70,0.43,33.17,0.49,C3'-endo
55,55,0.60,G,G,G,0,0,1,0,0,(,91,1,cWW,cW-W,0.26,2.72,0.87,1.46,3.63,5.11,4.80,3.26,BI,anti,A,4.81,4.72,4.43,3.89,4.22,3.85,3.86,4.19,0.14,5.75,0.70,5.64,0.31,40.65,0.13,C3'-endo
56,56,0.61,G,G,G,0,0,1,0,0,(,90,1,cWW,cW-W,5.10,3.20,0.95,1.42,3.57,4.63,5.22,3.48,BI,anti,.,4.54,4.71,3.00,3.30,3.24,3.39,3.93,3.69,0.20,5.70,0.72,5.66,0.27,41.57,0.05,C3'-endo
57,57,0.62,U,U,U,0,0,0,1,0,.,89,1,cWW,cW-W,5.38,2.94,0.83,1.54,3.95,4.81,5.43,3.46,BI,anti,A,4.46,4.79,3.15,3.92,3.20,3.92,3.50,4.50,0.27,5.69,0.68,5.74,0.17,39.10,6.21,C2'-exo
58,58,0.63,G,G,G,0,0,1,0,0,.,88,1,cWW,cW-W,5.18,2.61,1.03,1.51,3.62,5.27,4.63,3.34,BI,anti,.,4.71,4.73,2.70,4.12,3.08,3.95,4.12,3.89,0.19,5.71,0.72,5.65,0.28,41.57,0.06,C3'-endo
59,59,0.64,G,G,G,0,0,1,0,0,(,87,1,cWW,cW-W,5.02,3.35,0.91,1.32,3.31,5.11,4.49,3.45,BI,anti,-,,,2.93,3.45,3.18,3.47,3.55,,6.10,5.98,0.64,5.52,0.59,43.33,0.55,C3'-endo
60,60,0.65,U,U,U,0,0,0,1,0,.,,0,,,4.67,3.40,0.88,1.45,3.49,4.91,4.86,,BI,n/a,-,,,2.69,3.49,2.81,3.58,0.00,0.00,0.03,5.87,0.62,5.66,0.38,37.22,0.29,C3'-endo
61,61,0.66,G,G,G,0,0,1,0,0,(,85,1,cWW,cW-W,5.06,3.27,0.88,1.40,3.65,5.13,4.81,3.49,BI,anti,A,4.50,4.73,2.98,3.84,3.08,3.91,,4.42,0.15,5.71,0.76,5.60,0.33,43.66,0.12,C3'-endo
62,62,0.67,G,G,G,0,0,1,0,0,(,84,1,cWW,cW-W,5.38,2.93,1.01,1.44,3.62,5.07,4.83,3.31,BI,anti,A,4.54,4.59,3.11,3.80,3.47,3.80,4.30,4.41,0.06,5.82,0.67,5.63,0.38,39.62,0.24,C3'-endo
63,63,0.68,U,U,U,0,0,0,1,0,(,83,1,cWW,cW-W,4.84,3.28,0.92,1.44,3.63,5.10,4.81,3.54,BI,anti,A,4.43,4.69,2.79,3.82,3.02,3.85,3.90,4.32,0.13,5.75,0.71,5.63,0.33,41.31,0.14,C3'-endo
64,64,0.70,A,A,A,1,0,0,0,0,(,82,1,cWW,cW-W,5.19,3.08,0.91,1.49,3.97,4.76,5.50,3.35,BI,anti,A,4.39,4.58,3.08,3.73,3.29,3.73,3.97,4.14,0.03,5.86,0.63,5.65,0.38,37.42,0.28,C3'-endo
65,65,0.71,C,C,C,0,1,0,0,0,(,81,1,cWW,cW-W,5.04,2.48,1.23,1.44,3.63,4.94,4.97,3.36,BI,anti,A,4.55,4.58,2.70,3.74,3.04,3.64,3.77,3.99,6.24,5.89,0.66,5.58,0.47,41.04,0.38,C3'-endo
66,66,0.72,G,G,G,0,0,1,0,0,(,80,1,cWW,cW-W,5.05,3.04,1.08,1.48,3.59,5.03,4.85,3.36,BI,anti,A,4.49,4.49,2.99,3.76,3.22,3.72,3.87,4.10,6.26,5.89,0.63,5.62,0.43,38.59,0.36,C3'-endo
67,67,0.73,A,A,A,1,0,0,0,0,(,79,1,cWW,cW-W,4.96,3.10,1.01,1.39,3.54,5.02,4.81,3.50,BI,anti,A,4.43,4.57,2.87,3.61,3.09,3.62,3.73,4.11,0.00,5.86,0.66,5.61,0.43,39.92,0.32,C3'-endo
68,68,0.74,G,G,G,0,0,1,0,0,(,78,1,cWW,cW-W,5.16,3.05,0.83,1.40,3.70,5.12,4.86,3.53,BI,anti,A,4.42,4.71,2.88,3.83,3.08,3.80,3.80,4.11,0.08,5.77,0.72,5.59,0.38,42.45,0.21,C3'-endo
69,69,0.75,G,G,G,0,0,1,0,0,(,77,1,cWW,cW-W,5.10,2.83,1.13,1.26,3.70,5.25,4.74,3.19,BI,anti,.,4.82,4.75,2.82,3.85,3.11,3.92,3.81,4.74,6.28,5.79,0.79,5.48,0.51,47.86,0.33,C3'-endo
70,70,0.76,U,U,U,0,0,0,1,0,.,76,1,cWW,cW-W,5.07,3.45,0.96,1.55,4.04,5.18,5.14,3.55,..,anti,.,4.13,4.58,3.27,4.28,3.51,4.38,4.49,5.26,0.08,5.87,0.57,5.74,0.30,33.43,0.20,C3'-endo
71,71,0.77,U,U,U,0,0,0,1,0,.,,0,,,5.08,2.87,0.93,1.44,3.92,4.76,5.44,3.64,BI,anti,.,4.10,4.70,2.71,4.27,3.20,3.56,4.37,2.44,0.01,5.86,0.66,5.61,0.41,39.52,0.31,C3'-endo
72,72,0.78,C,C,C,0,1,0,0,0,.,,0,,,2.81,3.34,0.95,1.49,3.71,5.24,4.75,3.46,BI,anti,.,4.37,4.57,0.60,4.05,0.94,4.10,0.47,4.78,0.07,5.84,0.64,5.67,0.35,37.49,0.23,C3'-endo
73,73,0.79,G,G,G,0,0,1,0,0,.,,0,,,5.15,3.19,0.80,1.43,3.42,5.86,3.84,3.55,BI,anti,.,4.34,4.51,2.86,4.20,3.23,4.07,4.24,4.19,0.05,5.85,0.63,5.66,0.37,37.56,0.26,C3'-endo
74,74,0.80,A,A,A,1,0,0,0,0,.,,0,,,3.74,2.33,2.81,1.42,3.78,5.07,4.99,3.16,BI,anti,.,4.50,4.54,3.29,3.03,3.50,2.67,3.96,1.77,6.26,5.87,0.66,5.59,0.45,40.61,0.36,C3'-endo
75,75,0.82,A,A,A,1,0,0,0,0,.,,0,,,3.61,2.47,1.37,1.57,4.19,5.50,4.97,3.86,..,anti,.,3.02,3.73,1.64,4.95,1.78,4.88,0.99,5.41,5.91,6.22,0.44,5.62,0.66,39.63,0.88,C4'-exo
76,76,0.83,U,U,U,0,0,0,1,0,.,70,1,cWW,cW-W,4.37,3.94,1.13,1.54,3.74,5.03,5.00,3.30,BI,anti,A,4.55,4.56,2.75,3.97,3.33,3.98,3.87,4.72,0.09,5.83,0.61,5.71,0.31,35.68,0.18,C3'-endo
77,77,0.84,C,C,C,0,1,0,0,0,),69,1,cWW,cW-W,4.90,2.98,1.00,1.44,3.67,5.13,4.82,3.33,BI,anti,A,4.52,4.68,2.69,3.90,3.02,3.92,4.12,4.37,0.15,5.72,0.74,5.61,0.33,42.79,0.13,C3'-endo
78,78,0.85,C,C,C,0,1,0,0,0,),68,1,cWW,cW-W,5.04,3.34,0.89,1.43,3.78,4.75,5.31,3.42,BI,anti,A,4.49,4.66,3.00,3.59,3.21,3.63,3.91,3.79,0.03,5.86,0.64,5.65,0.38,37.94,0.28,C3'-endo
79,79,0.86,U,U,U,0,0,0,1,0,),67,1,cWW,cW-W,5.23,2.58,1.13,1.40,3.49,5.08,4.69,3.40,BI,anti,A,4.59,4.56,2.82,3.74,3.09,3.66,3.51,4.38,6.19,5.92,0.67,5.55,0.52,42.44,0.45,C3'-endo
80,80,0.87,C,C,C,0,1,0,0,0,),66,1,cWW,cW-W,5.02,3.21,0.94,1.44,3.70,4.93,5.05,3.50,BI,anti,A,4.49,4.75,2.94,3.73,3.15,3.77,4.18,4.03,0.20,5.70,0.73,5.65,0.28,41.86,0.06,C3'-endo
81,81,0.88,G,G,G,0,0,1,0,0,),65,1,cWW,cW-W,5.36,2.88,0.93,1.40,3.68,4.94,5.03,3.48,BI,anti,A,4.41,4.65,3.01,3.71,3.26,3.71,3.77,4.09,0.05,5.83,0.66,5.63,0.38,39.34,0.26,C3'-endo
82,82,0.89,U,U,U,0,0,0,1,0,),64,1,cWW,cW-W,5.26,2.94,0.93,1.43,3.59,4.95,4.93,3.53,BI,anti,A,4.37,4.58,2.95,3.65,3.19,3.61,3.82,3.91,0.02,5.84,0.67,5.61,0.41,40.08,0.30,C3'-endo
83,83,0.90,A,A,A,1,0,0,0,0,),63,1,cWW,cW-W,5.02,3.05,0.90,1.44,3.70,5.00,4.98,3.35,BI,anti,A,4.59,4.61,2.82,3.78,2.99,3.80,3.53,4.34,0.02,5.86,0.65,5.62,0.41,39.24,0.30,C3'-endo
84,84,0.91,C,C,C,0,1,0,0,0,),62,1,cWW,cW-W,5.16,2.83,1.07,1.41,3.53,5.02,4.79,3.26,BI,anti,A,4.70,4.61,2.89,3.66,3.21,3.65,4.12,4.29,0.01,5.83,0.71,5.56,0.45,42.64,0.31,C3'-endo
85,85,0.92,C,C,C,0,1,0,0,0,),61,1,cWW,cW-W,5.01,3.11,0.98,1.44,3.87,4.69,5.47,3.41,BI,anti,.,4.61,4.78,2.96,3.58,3.15,3.57,4.06,3.46,0.17,5.72,0.73,5.64,0.30,41.78,0.09,C3'-endo
86,86,0.93,G,G,G,0,0,1,0,0,.,,0,,,5.04,2.81,0.99,1.39,3.55,5.55,4.28,3.36,BI,anti,.,4.59,4.67,2.71,4.17,2.86,4.12,3.02,4.72,0.06,5.78,0.74,5.56,0.42,43.89,0.25,C3'-endo
87,87,0.95,C,C,C,0,1,0,0,0,),59,1,cWW,cW-W,5.01,3.43,0.89,1.39,3.47,4.89,4.86,3.58,BI,anti,A,4.04,4.35,3.02,3.38,3.40,3.46,4.38,3.74,6.18,5.96,0.60,5.60,0.50,38.76,0.48,C3'-endo
88,88,0.96,A,A,A,1,0,0,0,0,.,58,1,cWW,cW-W,4.92,3.22,0.88,1.45,3.55,5.05,4.79,3.60,BI,anti,A,4.30,4.56,2.85,3.74,2.94,3.75,3.29,4.22,0.02,5.86,0.65,5.63,0.40,38.68,0.30,C3'-endo
89,89,0.97,G,G,G,0,0,1,0,0,.,57,1,cWW,cW-W,5.34,2.86,0.95,1.41,3.59,5.08,4.79,3.48,BI,anti,A,4.33,4.48,3.01,3.74,3.30,3.73,4.03,4.41,6.25,5.90,0.64,5.61,0.45,39.49,0.37,C3'-endo
90,90,0.98,C,C,C,0,1,0,0,0,),56,1,cWW,cW-W,5.04,2.92,1.01,1.44,3.75,5.01,5.02,3.40,BI,anti,A,4.51,4.63,2.83,3.83,3.14,3.79,4.13,4.23,6.28,5.86,0.67,5.60,0.43,40.44,0.33,C3'-endo
91,91,0.99,C,C,C,0,1,0,0,0,),55,1,cWW,cW-W,5.00,2.95,1.07,1.38,3.71,4.94,5.06,3.34,BI,anti,A,4.66,4.69,2.81,3.69,3.08,3.73,3.85,4.32,6.25,5.85,0.71,5.54,0.49,43.30,0.37,C3'-endo
92,92,1.00,A,A,A,1,0,0,0,0,.,,0,,,5.13,2.96,1.10,1.55,,,,3.41,..,anti,-,,,,,,,,,0.02,5.89,0.59,5.69,0.36,35.48,0.29,C3'-endo
