index_chain,old_nt_resnum,nt_position,nt_name,nt_code,nt_align_code,is_A,is_C,is_G,is_U,is_other,dbn,paired,nb_interact,pair_type_LW,pair_type_DSSR,alpha,beta,gamma,delta,epsilon,zeta,epsilon_zeta,chi,bb_type,glyco_bond,form,ssZp,Dp,eta,theta,eta_prime,theta_prime,eta_base,theta_base,v0,v1,v2,v3,v4,amplitude,phase_angle,puckering
1,1,0.01,G,G,G,0,0,1,0,0,.,,0,,,,1.91,1.25,1.53,3.79,4.88,5.19,3.11,BI,anti,A,4.33,4.46,,4.59,,4.11,,4.68,0.05,5.88,0.58,5.71,0.33,34.21,0.24,C3'-endo
2,2,0.03,G,G,G,0,0,1,0,0,.,,0,,,2.74,3.49,2.79,1.43,4.18,4.95,5.51,3.18,..,anti,A,4.69,4.72,2.52,3.81,2.93,3.87,4.11,4.60,0.10,5.84,0.61,5.71,0.30,35.67,0.18,C3'-endo
3,3,0.04,G,G,G,0,0,1,0,0,(,77,1,cWW,cW-W,5.44,2.84,0.77,1.37,3.62,4.94,4.96,3.46,BI,anti,A,4.58,4.63,2.76,3.64,3.15,3.67,4.22,4.15,0.01,5.86,0.65,5.62,0.41,39.01,0.31,C3'-endo
4,4,0.05,A,A,A,1,0,0,0,0,(,76,1,cWW,cW-W,5.21,2.98,0.98,1.46,3.57,5.08,4.78,3.54,BI,anti,A,4.38,4.59,2.97,3.81,3.20,3.81,3.91,4.42,0.05,5.85,0.63,5.66,0.36,37.55,0.25,C3'-endo
5,5,0.06,C,C,C,0,1,0,0,0,(,75,1,cWW,cW-W,5.31,3.10,0.78,1.41,3.28,4.94,4.63,3.61,BI,anti,A,4.27,4.47,2.96,3.92,3.25,3.82,4.16,4.21,0.08,5.83,0.64,5.67,0.34,37.42,0.21,C3'-endo
6,6,0.08,C,C,C,0,1,0,0,0,(,73,1,cWW,cW-W,2.71,3.59,2.98,1.49,4.22,4.47,6.03,3.16,..,anti,A,4.75,4.76,2.98,3.89,3.21,3.78,3.93,4.40,0.14,5.81,0.61,5.74,0.25,35.08,0.10,C3'-endo
7,7,0.09,A,A,A,1,0,0,0,0,(,39,1,cWW,cW-W,2.03,3.85,3.37,1.48,4.38,4.86,5.80,3.10,..,anti,A,4.88,4.90,2.73,3.68,3.03,3.78,4.02,4.18,0.33,5.67,0.65,5.80,0.10,38.09,6.11,C2'-exo
8,8,0.10,G,G,G,0,0,1,0,0,(,"38,72",2,"cWW,cSS","cW-W,cm-m",5.43,2.58,1.15,1.38,3.65,4.82,5.12,3.16,BI,anti,A,4.82,4.63,2.91,3.57,3.34,3.57,4.08,4.00,6.24,5.89,0.65,5.59,0.47,40.38,0.39,C3'-endo
9,9,0.12,G,G,G,0,0,1,0,0,(,"37,44",2,"cWW,tSS","cW-W,tm+m",5.28,3.07,0.86,1.44,3.62,4.79,5.12,3.34,BI,anti,A,4.63,4.66,3.05,3.95,3.20,3.88,3.83,4.20,0.06,5.84,0.64,5.67,0.35,37.55,0.23,C3'-endo
10,10,0.13,G,G,G,0,0,1,0,0,(,36,1,cWW,cW-W,1.02,3.15,5.14,1.83,3.45,4.87,4.86,3.86,BI,anti,.,3.66,4.36,3.19,3.16,3.37,3.32,3.92,3.64,0.33,5.74,0.54,5.92,0.02,32.07,6.00,C2'-exo
11,11,0.14,G,G,G,0,0,1,0,0,.,"30,34",2,"tSS,tW.","tm+m,tW+.",5.09,2.92,1.03,1.56,3.70,5.15,4.84,3.94,BI,anti,.,3.21,4.50,3.00,4.04,3.21,3.98,3.53,4.25,0.09,5.84,0.60,5.71,0.30,35.16,0.18,C3'-endo
12,12,0.16,U,U,U,0,0,0,1,0,.,33,1,cWH,cW+M,4.95,2.95,1.08,1.58,4.14,1.63,2.51,4.11,..,anti,.,2.38,4.10,2.96,1.44,3.28,1.44,3.76,1.91,6.16,6.01,0.53,5.66,0.47,35.23,0.52,C3'-endo
13,13,0.17,G,G,G,0,0,1,0,0,(,"26,59",2,"cWW,cSS","cW-W,cm-m",1.96,4.05,2.71,1.40,4.08,4.92,5.44,3.13,..,anti,A,4.63,4.64,2.91,3.90,3.10,3.84,3.31,4.40,0.07,5.84,0.63,5.67,0.34,37.01,0.22,C3'-endo
14,14,0.18,C,C,C,0,1,0,0,0,(,25,1,cWW,cW-W,5.41,2.89,0.77,1.42,3.77,5.06,4.99,3.55,BI,anti,A,4.29,4.61,2.87,3.86,3.16,3.90,4.07,4.45,0.04,5.86,0.62,5.66,0.37,37.04,0.27,C3'-endo
15,15,0.19,U,U,U,0,0,0,1,0,(,24,1,cWW,cW-W,5.03,3.07,0.99,1.45,3.42,4.99,4.71,3.63,BI,anti,A,4.24,4.46,2.82,3.56,3.14,3.54,3.97,3.75,0.00,5.88,0.63,5.64,0.40,37.86,0.32,C3'-endo
16,16,0.21,U,U,U,0,0,0,1,0,(,23,1,cWW,cW-W,4.98,3.30,0.88,1.44,3.64,4.88,5.04,3.58,BI,anti,A,4.38,4.63,2.93,3.60,3.03,3.65,3.40,4.05,0.04,5.86,0.63,5.66,0.37,37.28,0.26,C3'-endo
17,17,0.22,G,G,G,0,0,1,0,0,(,22,1,cWW,cW-W,5.23,2.86,0.98,1.44,3.23,0.86,2.37,3.41,..,anti,.,4.51,4.39,2.89,6.00,3.18,4.68,3.84,3.59,0.02,5.88,0.61,5.66,0.38,36.77,0.30,C3'-endo
18,18,0.23,U,U,U,0,0,0,1,0,.,,0,,,1.73,2.29,0.83,2.53,4.55,4.73,6.10,3.51,..,anti,.,0.86,0.92,5.73,5.30,1.06,4.72,1.29,4.84,5.92,0.60,5.69,0.40,6.26,35.22,2.85,C2'-endo
19,19,0.25,U,U,U,0,0,0,1,0,.,21,1,cWH,cW+M,4.44,3.15,1.08,2.64,5.58,1.48,4.10,4.52,..,anti,Z,-0.45,0.65,2.78,3.00,3.73,1.95,3.95,1.25,5.92,0.63,5.66,0.44,6.23,37.16,2.89,C2'-endo
20,20,0.26,C,C,C,0,1,0,0,0,.,,0,,,0.86,2.94,3.01,1.50,3.70,5.22,4.76,3.14,BI,anti,.,4.56,4.44,2.02,3.38,1.52,3.55,0.99,4.25,6.27,5.94,0.54,5.72,0.37,32.97,0.35,C3'-endo
21,21,0.27,A,A,A,1,0,0,0,0,.,19,1,cHW,cM+W,5.21,3.01,0.91,1.41,3.96,5.27,4.98,3.32,BI,anti,.,4.49,4.60,2.99,4.22,3.35,4.37,4.28,5.50,6.24,5.92,0.61,5.63,0.44,38.06,0.39,C3'-endo
22,22,0.29,C,C,C,0,1,0,0,0,),17,1,cWW,cW-W,5.25,2.83,0.86,1.50,3.62,4.99,4.91,3.60,BI,anti,A,4.25,4.58,2.70,3.81,3.32,3.74,4.86,3.89,0.06,5.87,0.60,5.70,0.33,35.50,0.24,C3'-endo
23,23,0.30,A,A,A,1,0,0,0,0,),16,1,cWW,cW-W,5.15,3.04,0.86,1.40,3.20,4.90,4.58,3.60,BI,anti,A,4.42,4.42,2.82,3.83,3.06,3.68,3.53,3.98,6.25,5.91,0.62,5.63,0.43,37.92,0.37,C3'-endo
24,24,0.31,G,G,G,0,0,1,0,0,),15,1,cWW,cW-W,2.69,3.56,3.07,1.42,4.17,4.79,5.67,3.08,..,anti,A,4.96,4.80,2.99,3.51,3.16,3.60,3.77,4.27,0.11,5.81,0.64,5.68,0.31,37.35,0.17,C3'-endo
25,25,0.32,G,G,G,0,0,1,0,0,),"14,57",2,"cWW,tSW","cW-W,tm+W",5.39,2.75,0.84,1.38,3.85,4.92,5.21,3.08,BI,anti,A,4.89,4.77,2.83,3.79,3.12,3.85,4.08,4.26,0.06,5.81,0.68,5.62,0.37,39.90,0.24,C3'-endo
26,26,0.34,C,C,C,0,1,0,0,0,),13,1,cWW,cW-W,5.27,3.30,0.80,1.44,3.77,4.97,5.09,3.39,BI,anti,A,4.51,4.67,3.10,3.76,3.24,3.85,3.82,4.21,0.08,5.83,0.63,5.67,0.34,37.13,0.21,C3'-endo
27,27,0.35,U,U,U,0,0,0,1,0,.,31,1,tWH,tW-M,5.17,3.12,0.83,1.47,3.49,4.88,4.89,3.91,BI,anti,.,3.67,4.46,2.88,4.11,3.12,4.01,3.65,4.63,6.28,5.90,0.61,5.66,0.39,36.69,0.33,C3'-endo
28,28,0.36,G,G,G,0,0,1,0,0,.,,0,,,2.69,3.63,2.96,1.46,4.49,4.61,6.16,3.45,..,anti,.,4.31,4.77,2.92,4.01,3.21,3.35,4.11,2.25,0.10,5.83,0.61,5.72,0.30,35.19,0.17,C3'-endo
29,29,0.38,A,A,A,1,0,0,0,0,.,36,1,cSS,cm-m,0.78,3.23,2.86,1.57,4.46,4.75,5.99,3.10,..,anti,.,4.51,4.74,0.62,3.81,0.91,3.97,0.47,4.74,0.33,5.72,0.58,5.87,0.05,34.41,6.05,C2'-exo
30,30,0.39,G,G,G,0,0,1,0,0,.,11,1,tSS,tm+m,5.51,2.41,1.00,1.50,4.12,5.07,5.33,3.48,..,anti,.,4.08,4.57,2.90,4.23,3.36,4.26,4.38,4.25,0.03,5.88,0.60,5.68,0.36,35.53,0.28,C3'-endo
31,31,0.40,A,A,A,1,0,0,0,0,.,27,1,tHW,tM-W,5.35,3.59,0.90,2.41,4.43,1.79,2.64,4.85,..,anti,.,1.38,1.11,3.66,1.54,4.01,1.61,4.03,2.31,5.80,0.66,5.71,0.31,0.10,37.27,2.65,C2'-endo
32,32,0.42,A,A,A,1,0,0,0,0,.,,0,,,4.79,3.83,0.74,2.40,4.66,1.14,3.52,1.22,..,syn,.,-0.98,1.14,4.04,1.27,3.96,1.18,3.71,2.15,5.67,0.77,5.65,0.30,0.19,43.17,2.56,C2'-endo
33,33,0.43,A,A,A,1,0,0,0,0,.,12,1,cHW,cM+W,3.96,3.27,0.96,1.56,3.71,4.89,5.10,1.74,BI,syn,.,0.88,4.44,2.50,3.74,2.66,3.51,3.58,2.23,0.10,5.85,0.58,5.74,0.28,33.67,0.16,C3'-endo
34,34,0.44,G,G,G,0,0,1,0,0,.,11,1,t.W,t.+W,4.60,2.90,0.80,1.45,3.30,4.95,4.63,1.88,BI,...,.,0.12,4.12,2.19,4.03,2.33,3.74,1.80,3.65,6.21,5.96,0.57,5.65,0.44,35.82,0.44,C3'-endo
35,35,0.45,U,U,U,0,0,0,1,0,.,,0,,,2.67,3.68,4.91,2.59,4.61,2.15,2.46,1.23,..,syn,.,-0.47,0.64,5.52,1.62,5.51,1.70,4.97,1.70,5.87,0.66,5.65,0.41,6.28,38.16,2.82,C2'-endo
36,36,0.47,C,C,C,0,1,0,0,0,),"10,29",2,"cWW,cSS","cW-W,cm-m",2.86,3.62,1.02,1.44,3.62,5.05,4.85,3.39,BI,anti,A,4.65,4.66,2.00,3.77,1.77,3.83,2.28,4.33,0.07,5.81,0.66,5.65,0.36,39.01,0.22,C3'-endo
37,37,0.48,C,C,C,0,1,0,0,0,),9,1,cWW,cW-W,5.13,3.09,0.94,1.43,3.58,5.00,4.87,3.50,BI,anti,A,4.45,4.58,2.92,3.71,3.18,3.75,3.94,4.31,0.01,5.87,0.63,5.64,0.40,38.01,0.31,C3'-endo
38,38,0.49,C,C,C,0,1,0,0,0,),"8,72",2,"cWW,tSW","cW-W,tm+W",5.24,2.99,0.95,1.45,3.63,4.99,4.92,3.39,BI,anti,A,4.49,4.60,2.98,3.76,3.25,3.76,4.08,3.98,0.04,5.85,0.65,5.65,0.37,38.28,0.26,C3'-endo
39,39,0.51,U,U,U,0,0,0,1,0,),7,1,cWW,cW-W,5.09,3.17,1.01,1.48,3.91,2.93,0.98,3.50,BII,anti,.,4.22,4.55,3.11,1.74,3.25,1.92,3.65,1.95,0.00,5.89,0.61,5.65,0.39,36.99,0.32,C3'-endo
40,40,0.52,U,U,U,0,0,0,1,0,.,,0,,,4.87,2.69,0.76,2.36,4.43,1.43,3.00,3.74,..,anti,.,1.66,1.32,3.21,1.85,3.23,0.93,2.90,0.12,5.85,0.61,5.73,0.32,0.07,34.94,2.71,C2'-endo
41,41,0.53,U,U,U,0,0,0,1,0,.,,0,,,1.61,3.16,0.91,2.48,4.66,5.13,5.82,4.10,..,anti,.,0.53,0.80,0.50,5.46,0.78,5.26,1.29,5.86,5.89,0.60,5.71,0.36,0.02,34.84,2.79,C2'-endo
42,42,0.55,G,G,G,0,0,1,0,0,.,72,1,tSH,tm-M,5.30,3.28,0.96,1.44,3.57,3.64,6.21,3.49,..,anti,.,4.46,4.63,2.89,2.17,3.67,3.24,3.98,4.08,0.08,5.80,0.69,5.63,0.35,40.19,0.20,C3'-endo
43,43,0.56,A,A,A,1,0,0,0,0,.,68,1,tWH,tW-M,4.60,3.67,2.97,2.35,4.85,1.45,3.40,4.52,..,anti,.,0.56,1.49,6.11,1.38,4.75,1.08,3.65,1.07,6.00,0.46,5.83,0.30,6.26,26.84,2.85,C2'-endo
44,44,0.57,A,A,A,1,0,0,0,0,.,"9,71",2,"tSS,tHS","tm+m,tM-m",1.19,2.34,3.22,1.54,4.11,5.27,5.12,3.27,..,anti,.,4.37,4.58,1.93,4.07,1.63,4.24,1.78,5.29,0.09,5.84,0.61,5.71,0.30,35.36,0.18,C3'-endo
45,45,0.58,C,C,C,0,1,0,0,0,(,70,1,cWW,cW-W,2.30,3.67,3.17,1.44,3.99,4.62,5.65,3.40,..,anti,A,4.41,4.68,2.52,3.28,3.22,3.38,4.66,3.78,0.06,5.86,0.62,5.68,0.34,36.47,0.24,C3'-endo
46,46,0.60,C,C,C,0,1,0,0,0,(,69,1,cWW,cW-W,5.60,2.76,0.77,1.49,3.68,5.04,4.92,3.51,BI,anti,A,4.10,4.48,3.04,3.88,3.24,3.88,3.74,4.25,0.04,5.88,0.60,5.69,0.35,35.56,0.27,C3'-endo
47,47,0.61,U,U,U,0,0,0,1,0,(,68,1,cWW,cW-W,5.10,3.18,0.88,1.45,3.81,5.06,5.03,3.57,BI,anti,.,3.98,4.49,2.96,3.90,3.17,3.97,3.74,4.81,0.00,5.91,0.58,5.69,0.37,35.15,0.32,C3'-endo
48,48,0.62,G,G,G,0,0,1,0,0,.,66,1,cWH,cW+M,5.19,2.97,0.89,1.56,4.67,5.50,5.45,3.74,..,anti,.,3.03,4.45,3.17,5.58,3.42,5.07,4.38,4.22,0.03,5.89,0.59,5.69,0.36,35.08,0.28,C3'-endo
49,49,0.64,A,A,A,1,0,0,0,0,.,65,1,tWW,tW+W,3.31,3.29,1.14,2.68,4.79,1.87,2.92,3.71,..,anti,.,0.15,0.55,1.27,2.76,2.34,1.65,1.99,1.21,6.03,0.54,5.69,0.47,6.15,34.38,3.04,C2'-endo
50,50,0.65,A,A,A,1,0,0,0,0,.,,0,,,1.12,3.45,0.94,2.53,4.58,5.34,5.52,4.02,..,anti,.,1.36,1.38,0.42,5.51,0.38,5.08,0.43,5.36,6.00,0.52,5.74,0.40,6.20,31.83,2.95,C2'-endo
51,51,0.66,C,C,C,0,1,0,0,0,(,64,1,cWW,cW-W,5.43,4.10,1.05,1.50,3.55,5.07,4.76,3.41,BI,anti,A,4.57,4.58,3.83,3.85,4.52,3.90,4.63,4.21,0.07,5.86,0.60,5.71,0.32,35.02,0.22,C3'-endo
52,52,0.68,A,A,A,1,0,0,0,0,(,63,1,cWW,cW-W,5.17,3.23,0.82,1.48,3.27,4.93,4.63,3.55,BI,anti,A,4.22,4.37,3.01,3.89,3.25,3.80,3.78,4.24,0.05,5.88,0.58,5.71,0.33,34.49,0.24,C3'-endo
53,53,0.69,G,G,G,0,0,1,0,0,(,62,1,cWW,cW-W,3.09,3.56,2.45,1.35,4.10,4.91,5.47,3.23,..,anti,A,4.63,4.75,2.67,3.82,2.93,3.83,3.66,4.42,0.05,5.86,0.62,5.67,0.35,36.95,0.25,C3'-endo
54,54,0.70,G,G,G,0,0,1,0,0,(,61,1,cWW,cW-W,5.43,2.84,0.87,1.38,3.70,5.10,4.88,3.37,BI,anti,.,4.62,4.65,2.89,3.84,3.20,3.88,4.12,4.74,0.00,5.87,0.65,5.61,0.42,39.45,0.32,C3'-endo
55,55,0.71,G,G,G,0,0,1,0,0,.,,0,,,5.12,2.92,1.03,1.46,3.59,4.94,4.93,3.35,BI,anti,A,4.56,4.66,2.86,3.69,3.25,3.66,4.50,3.76,0.09,5.81,0.66,5.66,0.34,38.41,0.20,C3'-endo
56,56,0.73,U,U,U,0,0,0,1,0,.,,0,,,5.21,3.08,0.96,1.45,3.75,4.95,5.08,3.62,BI,anti,.,4.23,4.60,3.07,4.21,3.23,3.50,3.55,2.42,0.00,5.89,0.62,5.65,0.40,37.17,0.32,C3'-endo
57,57,0.74,A,A,A,1,0,0,0,0,.,25,1,tWS,tW+m,2.85,3.14,0.96,1.50,3.86,5.15,4.99,3.40,BI,anti,.,4.08,4.46,0.63,4.06,0.95,4.11,0.45,4.95,0.05,5.88,0.58,5.71,0.33,34.29,0.24,C3'-endo
58,58,0.75,A,A,A,1,0,0,0,0,.,,0,,,5.13,2.90,0.96,1.44,3.69,4.94,5.03,3.76,BI,anti,A,3.58,4.47,2.80,3.70,3.22,3.61,4.34,3.72,6.28,5.89,0.61,5.65,0.40,37.16,0.34,C3'-endo
59,59,0.77,U,U,U,0,0,0,1,0,.,13,1,cSS,cm-m,4.96,2.82,1.10,1.42,4.02,4.84,5.46,3.65,BI,anti,.,4.10,4.61,2.81,3.75,2.98,3.11,3.31,1.93,6.16,5.97,0.60,5.60,0.51,39.21,0.50,C3'-endo
60,60,0.78,G,G,G,0,0,1,0,0,.,0,1,tWH,tW-M,6.09,3.85,3.35,1.39,3.95,2.38,1.56,6.03,..,syn,.,-4.56,4.72,0.58,1.01,0.68,0.72,0.59,0.08,0.03,5.83,0.68,5.60,0.41,40.78,0.28,C3'-endo
61,61,0.79,C,C,C,0,1,0,0,0,),54,1,cWW,cW-W,2.69,3.58,0.91,1.45,3.55,5.13,4.70,3.15,BI,anti,A,4.54,4.55,1.47,3.75,1.66,3.84,2.74,4.34,0.03,5.86,0.64,5.64,0.38,38.21,0.28,C3'-endo
62,62,0.81,C,C,C,0,1,0,0,0,),53,1,cWW,cW-W,5.06,3.38,0.90,1.45,3.53,5.27,4.54,3.52,BI,anti,A,4.30,4.54,3.06,3.87,3.24,3.88,3.90,4.41,0.06,5.86,0.61,5.69,0.34,36.00,0.24,C3'-endo
63,63,0.82,U,U,U,0,0,0,1,0,),52,1,cWW,cW-W,5.14,3.09,0.82,1.36,3.25,5.04,4.49,3.48,BI,anti,A,4.46,4.47,2.82,3.82,3.15,3.74,4.03,4.22,0.00,5.87,0.65,5.62,0.42,39.30,0.32,C3'-endo
64,64,0.83,G,G,G,0,0,1,0,0,),51,1,cWW,cW-W,2.91,3.41,2.89,1.55,4.19,5.11,5.37,3.14,..,anti,.,4.69,4.68,3.04,3.93,3.26,4.03,4.02,4.96,0.12,5.85,0.57,5.76,0.26,33.03,0.13,C3'-endo
65,65,0.84,C,C,C,0,1,0,0,0,.,49,1,tWW,tW+W,5.36,2.81,0.85,1.47,3.72,0.85,2.87,3.51,..,anti,.,4.33,4.53,2.78,5.92,3.31,5.17,4.61,4.56,6.28,5.90,0.60,5.67,0.39,36.05,0.33,C3'-endo
66,66,0.86,G,G,G,0,0,1,0,0,.,48,1,cHW,cM+W,2.96,2.45,0.93,2.57,4.82,1.64,3.17,3.84,..,anti,.,0.38,0.51,1.02,1.91,2.20,1.40,2.28,2.08,5.92,0.60,5.69,0.41,6.25,35.57,2.87,C2'-endo
67,67,0.87,C,C,C,0,1,0,0,0,.,,0,,,4.68,3.65,2.61,1.51,4.71,1.71,3.00,3.45,..,anti,.,3.35,3.90,5.62,1.58,5.45,1.19,4.80,0.73,6.19,6.03,0.49,5.72,0.41,31.63,0.49,C3'-endo
68,68,0.88,A,A,A,1,0,0,0,0,),"43,47",2,"tHW,cWW","tM-W,cW-W",1.13,1.74,3.12,1.51,3.77,5.19,4.87,3.47,BI,anti,A,4.39,4.60,1.38,2.94,1.25,3.27,1.70,3.97,0.07,5.85,0.61,5.70,0.32,35.49,0.21,C3'-endo
69,69,0.90,G,G,G,0,0,1,0,0,),46,1,cWW,cW-W,5.23,3.07,0.70,1.38,3.33,5.25,4.36,3.49,BI,anti,.,4.51,4.41,2.75,4.05,3.12,3.89,4.00,4.29,6.21,5.95,0.59,5.63,0.45,37.23,0.43,C3'-endo
70,70,0.91,G,G,G,0,0,1,0,0,),45,1,cWW,cW-W,2.82,3.17,3.06,1.47,3.75,5.33,4.70,3.19,BI,anti,.,4.62,4.61,2.94,3.56,3.18,3.73,3.91,4.80,0.05,5.84,0.64,5.65,0.36,38.06,0.25,C3'-endo
71,71,0.92,G,G,G,0,0,1,0,0,.,44,1,tSH,tm-M,5.11,3.16,0.91,1.57,4.37,3.55,0.83,3.72,BII,anti,.,3.49,4.63,3.16,3.47,3.54,3.42,4.77,2.97,0.09,5.84,0.60,5.71,0.30,35.21,0.18,C3'-endo
72,72,0.94,A,A,A,1,0,0,0,0,.,"8,38,42",3,"cSS,tWS,tHS","cm-m,tW+m,tM-m",2.17,3.84,2.72,1.59,4.44,5.27,5.45,3.81,..,anti,.,2.96,4.49,2.64,4.20,2.63,3.72,2.27,2.95,0.07,5.91,0.53,5.78,0.28,30.75,0.21,C3'-endo
73,73,0.95,G,G,G,0,0,1,0,0,),6,1,cWW,cW-W,5.42,4.49,4.82,2.46,4.48,4.47,0.00,4.77,..,anti,.,0.50,0.96,2.49,3.46,2.49,3.53,1.97,3.34,5.88,0.60,5.73,0.34,0.03,34.33,2.76,C2'-endo
74,74,0.96,U,U,U,0,0,0,1,0,.,,0,,,5.35,2.76,3.00,1.57,4.87,5.54,5.62,4.16,..,anti,.,1.41,4.17,5.43,5.29,5.73,5.56,6.18,4.30,6.26,5.94,0.56,5.69,0.39,34.50,0.37,C3'-endo
75,75,0.97,G,G,G,0,0,1,0,0,),5,1,cWW,cW-W,3.95,4.49,2.85,1.41,4.25,4.95,5.59,2.82,..,anti,A,4.70,4.70,4.02,4.07,4.52,3.95,6.17,4.50,0.06,5.86,0.62,5.68,0.34,36.37,0.23,C3'-endo
76,76,0.99,U,U,U,0,0,0,1,0,),4,1,cWW,cW-W,5.10,3.20,0.81,1.45,3.75,4.88,5.15,3.63,BI,anti,A,4.22,4.64,2.78,3.69,3.07,3.75,4.00,4.03,0.08,5.85,0.61,5.70,0.32,35.44,0.21,C3'-endo
77,77,1.00,C,C,C,0,1,0,0,0,),3,1,cWW,cW-W,5.20,2.91,0.98,1.25,,,,3.78,..,anti,-,,,,,,,,,6.27,5.91,0.59,5.66,0.40,35.93,0.35,C3'-endo
