index_chain,old_nt_resnum,nt_position,nt_name,nt_code,nt_align_code,is_A,is_C,is_G,is_U,is_other,dbn,paired,nb_interact,pair_type_LW,pair_type_DSSR,alpha,beta,gamma,delta,epsilon,zeta,epsilon_zeta,chi,bb_type,glyco_bond,form,ssZp,Dp,eta,theta,eta_prime,theta_prime,eta_base,theta_base,v0,v1,v2,v3,v4,amplitude,phase_angle,puckering
1,2587,0.05,A,A,A,1,0,0,0,0,.,19,1,tHW,tM-W,,,1.04,1.55,0.20,1.81,4.68,4.85,..,anti,.,-1.76,3.90,,,,,,,0.55,5.52,0.69,5.89,6.20,43.88,5.85,C2'-exo
2,2588,0.09,G,G,G,0,0,1,0,0,(,0,1,cWW,cW-W,0.84,3.20,1.13,2.56,4.86,5.14,6.00,4.17,..,anti,.,0.99,0.82,0.42,5.66,0.81,5.29,1.17,5.52,5.77,0.79,5.56,0.45,0.03,44.33,2.76,C2'-endo
3,2589,0.14,A,A,A,1,0,0,0,0,.,,0,,,4.22,2.85,2.45,1.30,4.04,5.10,5.22,3.10,..,anti,.,4.82,4.83,3.05,3.50,3.76,3.63,4.23,4.35,0.12,5.75,0.71,5.62,0.35,40.98,0.17,C3'-endo
4,2590,0.18,A,A,A,1,0,0,0,0,.,17,1,cWW,cW-W,5.20,3.15,0.84,1.59,4.04,4.81,5.51,3.15,..,anti,A,4.76,4.75,3.03,3.94,3.29,4.02,4.20,4.88,0.10,5.77,0.70,5.62,0.36,40.71,0.19,C3'-endo
5,2591,0.23,C,C,C,0,1,0,0,0,.,16,1,cWW,cW-W,5.20,2.73,0.85,1.40,3.65,5.18,4.75,3.42,BI,anti,A,4.46,4.64,2.82,3.80,3.17,3.76,4.36,3.85,0.04,5.80,0.74,5.56,0.42,43.90,0.26,C3'-endo
6,2592,0.27,G,G,G,0,0,1,0,0,(,15,1,cWW,cW-W,4.79,3.19,1.07,1.48,3.81,4.67,5.43,3.61,BI,anti,.,4.21,4.61,2.93,3.72,3.11,3.75,3.43,4.62,0.07,5.77,0.72,5.59,0.39,42.28,0.22,C3'-endo
7,2593,0.32,U,U,U,0,0,0,1,0,(,14,1,cWW,cW-W,5.79,2.41,0.70,1.23,3.67,5.10,4.86,3.66,BI,anti,A,4.04,4.72,2.89,3.70,3.17,3.70,4.26,3.89,6.17,5.90,0.70,5.51,0.57,44.99,0.46,C3'-endo
8,2594,0.36,C,C,C,0,1,0,0,0,(,13,1,cWW,cW-W,5.25,3.21,0.51,1.42,2.87,5.22,3.93,3.76,BI,anti,.,4.02,4.39,2.87,3.92,3.07,4.00,3.48,4.88,0.03,5.84,0.65,5.62,0.41,38.62,0.29,C3'-endo
9,2595,0.41,G,G,G,0,0,1,0,0,.,12,1,tSW,tm+W,3.01,4.04,2.30,1.39,4.43,4.31,0.12,3.42,..,anti,.,4.13,4.65,2.93,3.89,3.32,3.71,4.41,4.14,0.05,5.79,0.72,5.58,0.41,42.51,0.25,C3'-endo
10,2596,0.45,U,U,U,0,0,0,1,0,.,,0,,,0.18,3.12,1.51,1.76,1.38,5.77,1.90,5.27,..,anti,.,1.30,1.80,5.13,2.27,5.45,1.39,5.00,1.17,5.78,0.38,6.17,6.11,0.43,28.28,1.80,O4'-endo
11,2597,0.50,G,G,G,0,0,1,0,0,.,,0,,,3.47,0.94,3.40,1.22,2.51,4.74,4.05,5.59,BI,...,.,-2.21,4.00,3.30,1.00,2.29,1.26,2.19,1.37,6.22,5.70,0.92,5.30,0.69,56.84,0.39,C3'-endo
12,2598,0.55,A,A,A,1,0,0,0,0,.,9,1,tWS,tW+m,2.51,3.00,2.62,1.56,3.93,4.96,5.26,1.15,BI,syn,.,-1.54,4.46,2.06,4.14,1.81,4.23,2.63,3.52,0.03,5.92,0.54,5.75,0.32,31.94,0.27,C3'-endo
13,2599,0.59,G,G,G,0,0,1,0,0,),8,1,cWW,cW-W,2.38,3.88,3.45,1.54,3.79,5.04,5.03,3.25,BI,anti,A,4.83,4.87,3.18,3.23,3.75,3.40,3.64,3.89,0.28,5.61,0.77,5.63,0.24,44.39,6.26,C2'-exo
14,2600,0.64,A,A,A,1,0,0,0,0,),7,1,cWW,cW-W,5.21,2.89,1.06,1.46,3.95,4.65,5.59,3.37,BI,anti,A,4.54,4.68,3.12,3.76,3.42,3.74,4.10,4.17,0.10,5.87,0.56,5.76,0.27,32.60,0.16,C3'-endo
15,2601,0.68,C,C,C,0,1,0,0,0,),6,1,cWW,cW-W,5.82,2.92,0.29,1.14,2.26,0.53,1.73,3.89,..,anti,.,3.55,4.20,2.95,3.83,3.15,3.66,3.81,3.48,0.12,5.60,0.94,5.36,0.50,55.23,0.21,C3'-endo
16,2602,0.73,A,A,A,1,0,0,0,0,.,5,1,cWW,cW-W,3.27,2.23,2.53,1.39,4.13,4.99,5.43,3.23,..,anti,.,4.40,4.54,3.06,3.37,3.21,3.60,3.27,4.64,0.19,5.75,0.68,5.70,0.25,38.80,0.06,C3'-endo
17,2603,0.77,G,G,G,0,0,1,0,0,.,4,1,cWW,cW-W,5.04,2.84,1.38,2.36,4.44,5.20,5.53,3.82,..,anti,.,1.81,1.80,3.29,5.32,3.78,4.95,4.83,4.57,5.78,0.65,5.75,0.27,0.14,36.18,2.59,C2'-endo
18,2604,0.82,FHU,p,U,0,0,0,0,1,.,,0,,,5.80,2.16,2.90,2.54,4.15,4.89,5.55,2.88,..,anti,.,-5.67,2.81,5.37,4.58,5.99,4.18,0.20,3.48,0.09,0.14,5.98,0.37,5.99,20.79,3.72,C3'-exo
19,2605,0.86,U,U,U,0,0,0,1,0,.,1,1,tWH,tW-M,1.63,1.90,1.42,1.30,3.32,5.02,4.59,3.54,BI,anti,.,4.25,4.41,4.64,3.67,5.80,3.34,0.29,3.55,6.00,6.02,0.66,5.42,0.70,47.78,0.66,C4'-exo
20,2606,0.91,C,C,C,0,1,0,0,0,(,0,1,cWW,cW-W,4.61,3.08,1.54,1.32,3.87,4.98,5.18,3.35,BI,anti,A,4.42,4.55,3.04,3.74,3.14,3.79,3.61,4.50,6.23,5.85,0.74,5.51,0.52,45.80,0.38,C3'-endo
21,2607,0.95,G,G,G,0,0,1,0,0,.,,0,,,5.14,2.82,1.01,1.42,3.71,4.72,5.27,3.43,BI,anti,.,4.56,4.73,2.84,3.65,3.16,3.68,4.14,4.56,6.19,5.87,0.72,5.46,0.58,45.91,0.45,C3'-endo
22,2608,1.00,G,G,G,0,0,1,0,0,.,,0,,,5.19,2.75,1.04,1.53,,,,3.67,n/a,anti,-,,,,,,,,,0.22,5.71,0.69,5.70,0.23,39.50,0.01,C3'-endo
