index_chain,old_nt_resnum,nt_position,nt_name,nt_code,nt_align_code,is_A,is_C,is_G,is_U,is_other,dbn,paired,nb_interact,pair_type_LW,pair_type_DSSR,alpha,beta,gamma,delta,epsilon,zeta,epsilon_zeta,chi,bb_type,glyco_bond,form,ssZp,Dp,eta,theta,eta_prime,theta_prime,eta_base,theta_base,v0,v1,v2,v3,v4,amplitude,phase_angle,puckering
1,1,0.01,G,G,G,0,0,1,0,0,(,174,1,cWW,cW-W,,3.31,1.14,1.41,3.61,4.95,4.94,3.22,BI,anti,A,4.66,4.66,,3.62,,3.67,,3.96,0.11,5.75,0.73,5.60,0.36,42.48,0.17,C3'-endo
2,2,0.01,G,G,G,0,0,1,0,0,(,173,1,cWW,cW-W,5.01,3.18,1.03,1.43,3.70,5.17,4.81,3.32,BI,anti,A,4.61,4.66,3.05,3.93,3.18,3.97,3.63,4.70,0.09,5.78,0.70,5.62,0.37,40.86,0.20,C3'-endo
3,3,0.02,C,C,C,0,1,0,0,0,(,172,1,cWW,cW-W,5.01,3.07,1.00,1.40,3.75,4.95,5.08,3.50,BI,anti,A,4.41,4.66,2.90,3.73,3.22,3.75,4.26,4.17,0.08,5.79,0.69,5.62,0.37,40.74,0.22,C3'-endo
4,4,0.02,C,C,C,0,1,0,0,0,(,171,1,cWW,cW-W,5.11,2.99,0.89,1.33,3.73,5.04,4.97,3.48,BI,anti,A,4.48,4.72,2.83,3.74,3.03,3.75,3.71,4.17,0.10,5.73,0.78,5.55,0.40,45.46,0.20,C3'-endo
5,5,0.03,G,G,G,0,0,1,0,0,(,170,1,cWW,cW-W,5.10,2.90,1.11,1.31,3.63,4.90,5.01,3.34,BI,anti,A,4.64,4.70,2.90,3.52,3.15,3.52,3.87,3.82,0.06,5.76,0.77,5.53,0.44,45.48,0.25,C3'-endo
6,6,0.03,A,A,A,1,0,0,0,0,(,169,1,cWW,cW-W,5.19,2.94,1.03,1.36,3.74,4.95,5.08,3.35,BI,anti,A,4.62,4.72,3.04,3.72,3.19,3.76,3.67,4.39,0.08,5.75,0.75,5.56,0.41,44.09,0.22,C3'-endo
7,7,0.04,C,C,C,0,1,0,0,0,(,168,1,cWW,cW-W,5.28,2.83,0.91,1.38,3.63,5.02,4.89,3.45,BI,anti,A,4.53,4.68,2.89,3.72,3.18,3.73,4.12,3.99,0.12,5.73,0.76,5.58,0.37,43.91,0.17,C3'-endo
8,8,0.05,G,G,G,0,0,1,0,0,(,167,1,cWW,cW-W,5.13,3.18,0.97,1.39,3.45,5.13,4.61,3.43,BI,anti,.,4.39,4.48,3.05,4.12,3.23,3.95,3.71,4.32,0.03,5.83,0.68,5.59,0.42,40.89,0.29,C3'-endo
9,9,0.05,G,G,G,0,0,1,0,0,(,166,1,cWW,cW-W,2.49,3.31,3.36,1.51,3.79,4.92,5.15,3.22,BI,anti,A,4.55,4.58,3.03,3.11,3.24,3.32,3.96,3.73,0.15,5.78,0.65,5.71,0.27,37.16,0.09,C3'-endo
10,10,0.06,A,A,A,1,0,0,0,0,.,165,1,cWW,cW-W,5.19,3.14,0.85,1.49,3.44,4.92,4.80,3.68,BI,anti,.,3.93,4.33,3.04,3.86,3.26,3.81,3.71,5.07,0.09,5.83,0.62,5.69,0.32,36.37,0.19,C3'-endo
11,11,0.06,G,G,G,0,0,1,0,0,.,163,1,tHW,tM-W,2.86,3.18,3.19,2.55,4.75,5.20,5.84,0.77,..,syn,.,-0.94,0.92,3.89,4.68,3.84,5.00,5.02,5.14,5.99,0.61,5.61,0.51,6.14,38.69,3.02,C2'-endo
12,12,0.07,G,G,G,0,0,1,0,0,(,79,1,cWW,cW-W,5.19,2.61,1.14,2.32,4.61,3.79,0.82,5.49,..,anti,.,1.09,1.40,2.80,4.09,3.86,3.21,3.85,3.01,5.70,0.73,5.70,0.27,0.19,40.63,2.54,C2'-endo
13,13,0.07,C,C,C,0,1,0,0,0,.,,0,,,0.79,4.01,0.84,2.36,4.10,5.07,5.32,4.05,..,anti,.,1.83,1.79,5.88,5.59,6.28,5.05,0.34,3.84,5.78,0.66,5.71,0.30,0.12,37.45,2.63,C2'-endo
14,14,0.08,G,G,G,0,0,1,0,0,(,"78,81",2,"cWW,tSS","cW-W,tm+m",1.32,2.58,0.57,1.45,3.73,4.97,5.05,3.23,BI,anti,A,4.75,4.75,4.45,3.82,5.36,3.84,0.46,4.00,0.33,5.59,0.78,5.68,0.18,44.72,6.18,C2'-exo
15,15,0.09,C,C,C,0,1,0,0,0,(,77,1,cWW,cW-W,5.16,3.03,1.03,1.38,4.00,4.73,5.55,3.35,..,anti,A,4.59,4.75,3.12,3.69,3.30,3.73,3.70,4.11,0.11,5.73,0.76,5.56,0.38,44.42,0.18,C3'-endo
16,16,0.09,G,G,G,0,0,1,0,0,(,76,1,cWW,cW-W,5.12,2.59,1.21,1.40,3.65,4.96,4.98,3.25,BI,anti,A,4.59,4.61,2.90,3.71,3.16,3.67,3.81,4.14,0.07,5.78,0.72,5.59,0.40,42.44,0.23,C3'-endo
17,17,0.10,C,C,C,0,1,0,0,0,(,75,1,cWW,cW-W,4.97,3.12,0.96,1.40,3.70,5.05,4.93,3.45,BI,anti,A,4.51,4.68,2.90,3.82,3.10,3.83,3.85,4.29,0.12,5.74,0.74,5.59,0.36,43.03,0.17,C3'-endo
18,18,0.10,C,C,C,0,1,0,0,0,(,74,1,cWW,cW-W,5.11,2.98,1.00,1.31,3.57,4.97,4.88,3.40,BI,anti,A,4.58,4.67,2.91,3.57,3.16,3.62,3.92,4.00,0.05,5.76,0.77,5.52,0.45,45.59,0.27,C3'-endo
19,19,0.11,C,C,C,0,1,0,0,0,(,73,1,cWW,cW-W,5.18,3.00,1.09,1.52,3.94,5.03,5.19,3.48,BI,anti,.,4.15,4.41,3.24,4.10,3.41,4.15,3.89,5.05,0.03,5.89,0.58,5.71,0.35,34.62,0.27,C3'-endo
20,20,0.11,G,G,G,0,0,1,0,0,.,72,1,tSH,tm-M,5.19,2.88,0.87,1.52,4.27,3.73,0.53,3.82,..,anti,.,3.23,4.53,2.95,2.87,3.32,2.95,4.43,2.96,0.04,5.87,0.61,5.69,0.35,36.15,0.26,C3'-endo
21,21,0.12,A,A,A,1,0,0,0,0,.,71,1,tHS,tM-m,4.84,2.42,0.97,1.41,3.90,5.31,4.88,3.53,BI,anti,.,4.31,4.73,2.79,4.31,2.70,4.31,2.68,5.02,0.05,5.80,0.71,5.59,0.41,42.09,0.26,C3'-endo
22,22,0.13,G,G,G,0,0,1,0,0,(,70,1,cWW,cW-W,5.05,2.81,1.20,1.38,3.65,4.84,5.09,3.36,BI,anti,A,4.67,4.76,2.85,3.57,3.42,3.53,4.71,3.69,0.17,5.70,0.75,5.62,0.32,43.18,0.10,C3'-endo
23,23,0.13,A,A,A,1,0,0,0,0,.,69,1,cWW,cW-W,5.24,2.88,0.96,1.43,3.73,5.13,4.89,3.35,BI,anti,A,4.62,4.71,3.01,3.93,3.18,3.96,3.59,4.59,0.13,5.73,0.74,5.61,0.35,42.60,0.15,C3'-endo
24,24,0.14,U,U,U,0,0,0,1,0,.,"69,126",2,"cWW,cSW","cW-W,cm-W",5.11,2.92,1.06,1.40,3.92,5.22,4.99,3.49,BI,anti,.,4.44,4.75,2.98,4.12,3.31,4.18,4.29,5.05,0.12,5.75,0.73,5.61,0.36,42.38,0.17,C3'-endo
25,25,0.14,G,G,G,0,0,1,0,0,.,67,1,tSH,tm-M,5.13,2.85,1.20,1.42,3.99,0.92,3.07,3.70,..,anti,.,3.79,4.62,3.09,5.93,3.50,5.21,4.67,4.64,0.07,5.83,0.64,5.66,0.35,37.78,0.22,C3'-endo
26,26,0.15,A,A,A,1,0,0,0,0,.,66,1,tHH,tM+M,3.12,2.12,1.05,2.40,4.72,2.83,1.89,3.69,BII,anti,.,0.85,1.07,0.98,2.91,2.12,2.36,2.24,2.48,5.68,0.77,5.65,0.30,0.18,43.06,2.57,C2'-endo
27,27,0.16,G,G,G,0,0,1,0,0,.,28,1,cSH,cm+M,4.65,1.50,3.17,2.46,3.41,2.59,0.82,4.58,..,anti,.,2.50,2.49,5.41,0.51,4.77,1.08,4.41,1.56,5.63,0.88,5.52,0.40,0.15,49.72,2.64,C2'-endo
28,28,0.16,U,U,U,0,0,0,1,0,.,"27,65",2,"cHS,tWH","cM+m,tW-M",5.03,2.67,0.67,1.49,3.76,5.00,5.04,3.27,BI,anti,A,4.52,4.56,2.91,3.91,2.75,3.91,2.72,4.39,0.12,5.79,0.67,5.67,0.31,38.69,0.15,C3'-endo
29,29,0.17,A,A,A,1,0,0,0,0,.,64,1,tHS,tM-m,5.08,3.05,0.94,1.40,3.78,5.26,4.80,3.32,BI,anti,.,4.62,4.70,2.90,4.07,3.14,4.13,3.94,5.00,0.10,5.76,0.72,5.60,0.37,42.31,0.19,C3'-endo
30,30,0.17,G,G,G,0,0,1,0,0,(,63,1,cWW,cW-W,5.00,2.99,1.08,1.45,3.75,5.04,4.99,3.33,BI,anti,A,4.62,4.67,2.88,3.85,3.32,3.86,4.59,4.39,0.15,5.76,0.69,5.66,0.30,39.66,0.12,C3'-endo
31,31,0.18,G,G,G,0,0,1,0,0,(,62,1,cWW,cW-W,5.10,3.11,0.90,1.45,3.89,4.96,5.21,3.40,BI,anti,A,4.54,4.72,2.98,3.85,3.20,3.88,3.98,4.39,0.12,5.77,0.68,5.66,0.32,39.31,0.15,C3'-endo
32,32,0.18,C,C,C,0,1,0,0,0,(,61,1,cWW,cW-W,5.05,2.83,1.09,1.37,3.81,5.18,4.91,3.45,BI,anti,.,4.50,4.71,2.84,3.98,3.12,4.00,3.91,4.67,0.06,5.78,0.73,5.57,0.41,43.22,0.25,C3'-endo
33,33,0.19,U,U,U,0,0,0,1,0,(,60,1,cWW,cW-W,5.07,2.92,1.18,1.36,3.60,4.76,5.12,3.53,BI,anti,.,4.34,4.55,2.95,3.39,3.34,3.38,4.36,3.38,6.26,5.87,0.67,5.58,0.46,40.98,0.36,C3'-endo
34,34,0.20,G,G,G,0,0,1,0,0,(,59,1,cWW,cW-W,5.09,3.06,0.92,1.45,3.71,4.97,5.02,3.50,BI,anti,A,4.32,4.51,2.97,3.72,3.02,3.71,3.13,4.25,6.22,5.94,0.59,5.64,0.45,37.30,0.42,C3'-endo
35,35,0.20,U,U,U,0,0,0,1,0,(,58,1,cWW,cW-W,4.88,2.81,1.23,1.38,3.75,5.03,5.01,3.55,BI,anti,A,4.32,4.64,2.81,3.77,3.07,3.73,3.86,4.32,0.02,5.82,0.70,5.58,0.43,41.70,0.29,C3'-endo
36,36,0.21,C,C,C,0,1,0,0,0,(,57,1,cWW,cW-W,5.00,2.83,1.17,1.40,3.69,5.01,4.97,3.43,BI,anti,A,4.52,4.64,2.86,3.75,3.16,3.72,4.07,4.13,0.05,5.80,0.71,5.59,0.41,41.86,0.26,C3'-endo
37,37,0.21,C,C,C,0,1,0,0,0,(,56,1,cWW,cW-W,5.10,2.93,1.13,1.38,3.65,4.94,4.99,3.43,BI,anti,A,4.45,4.56,3.00,3.64,3.25,3.64,3.93,3.89,6.26,5.87,0.67,5.58,0.46,41.05,0.36,C3'-endo
38,38,0.22,C,C,C,0,1,0,0,0,(,55,1,cWW,cW-W,5.17,3.00,1.07,1.50,4.15,5.16,5.28,3.48,..,anti,.,3.92,4.20,3.23,4.34,3.37,4.49,3.72,5.32,6.07,6.12,0.45,5.70,0.50,33.53,0.68,C4'-exo
39,39,0.22,A,A,A,1,0,0,0,0,.,41,1,cSH,cm+M,5.20,2.77,1.20,2.09,4.49,2.46,2.03,4.10,BII,anti,.,1.39,1.71,3.25,2.26,3.86,2.27,4.80,2.64,5.74,0.55,5.93,0.05,0.30,32.09,2.25,C1'-exo
40,40,0.23,U,U,U,0,0,0,1,0,.,52,1,tWW,tW+W,5.00,2.36,0.94,2.39,4.83,1.94,2.89,3.66,..,anti,.,0.46,0.80,3.60,2.73,3.77,1.86,3.90,1.70,5.74,0.72,5.66,0.33,0.13,40.73,2.63,C2'-endo
41,41,0.24,C,C,C,0,1,0,0,0,(,"39,54",2,"cHS,cWW","cM+m,cW-W",0.89,4.03,3.50,1.51,3.94,5.17,5.05,1.04,BI,syn,.,-2.06,3.16,3.10,3.51,2.59,3.85,2.67,3.84,5.64,0.26,0.19,5.71,0.76,43.06,1.31,O4'-endo
42,42,0.24,A,A,A,1,0,0,0,0,.,50,1,tHW,tM-W,4.78,4.13,1.10,2.31,4.72,3.48,1.24,4.37,BII,anti,.,1.02,1.00,3.77,3.68,4.09,3.92,3.83,4.67,5.69,0.72,5.72,0.24,0.22,40.17,2.51,C1'-exo
43,43,0.25,G,G,G,0,0,1,0,0,.,,0,,,5.13,2.81,1.03,2.57,3.85,5.52,4.62,3.50,BI,anti,.,1.95,1.97,3.47,5.82,3.88,4.42,4.38,3.60,6.07,0.51,5.68,0.49,6.11,34.35,3.11,C2'-endo
44,44,0.25,G,G,G,0,0,1,0,0,[,100,1,cWW,cW-W,2.68,2.58,0.98,1.37,3.55,4.97,4.87,3.27,BI,anti,A,4.67,4.67,0.01,3.64,1.07,3.60,1.29,3.89,0.10,5.73,0.77,5.56,0.40,44.72,0.20,C3'-endo
45,45,0.26,G,G,G,0,0,1,0,0,[,99,1,cWW,cW-W,4.96,3.30,0.92,1.39,3.85,5.06,5.07,3.36,BI,anti,A,4.63,4.75,2.96,3.87,3.04,3.90,3.54,4.33,0.15,5.71,0.76,5.60,0.34,43.71,0.13,C3'-endo
46,46,0.26,G,G,G,0,0,1,0,0,[,98,1,cWW,cW-W,5.13,2.88,1.09,1.23,3.59,5.04,4.83,3.27,BI,anti,A,4.73,4.75,2.85,3.54,3.13,3.59,3.91,4.11,0.05,5.71,0.84,5.45,0.50,49.91,0.27,C3'-endo
47,47,0.27,A,A,A,1,0,0,0,0,[,97,1,cWW,cW-W,5.08,3.12,0.99,1.38,3.83,4.98,5.14,3.31,BI,anti,A,4.67,4.74,3.06,3.79,3.21,3.83,3.90,4.23,0.13,5.73,0.75,5.59,0.36,43.42,0.16,C3'-endo
48,48,0.28,G,G,G,0,0,1,0,0,[,96,1,cWW,cW-W,5.10,2.84,1.18,1.36,3.66,4.93,5.02,3.37,BI,anti,.,4.56,4.64,2.98,4.12,3.25,3.89,3.92,4.23,6.27,5.85,0.69,5.57,0.46,41.68,0.34,C3'-endo
49,49,0.28,G,G,G,0,0,1,0,0,[,95,1,cWW,cW-W,2.08,3.38,3.67,1.56,3.75,4.94,5.10,3.29,BI,anti,A,4.68,4.71,2.92,3.08,3.12,3.27,3.85,3.66,0.27,5.70,0.67,5.75,0.17,38.26,6.21,C2'-exo
50,50,0.29,A,A,A,1,0,0,0,0,.,42,1,tWH,tW-M,5.20,2.97,0.96,1.42,3.82,5.13,4.98,3.37,BI,anti,.,4.47,4.59,3.04,3.99,3.25,4.04,3.70,4.89,0.00,5.86,0.65,5.62,0.42,39.26,0.32,C3'-endo
51,51,0.29,A,A,A,1,0,0,0,0,.,54,1,cSS,cm-m,5.11,2.99,0.95,1.43,3.92,5.13,5.08,3.66,BI,anti,A,4.00,4.68,2.91,4.09,3.25,4.16,4.37,4.38,0.04,5.84,0.65,5.64,0.38,38.44,0.26,C3'-endo
52,52,0.30,U,U,U,0,0,0,1,0,.,40,1,tWW,tW+W,4.80,3.39,1.09,1.79,0.74,4.63,2.39,3.93,..,anti,.,0.95,0.94,3.37,1.39,3.78,0.61,4.05,0.05,5.88,0.27,6.23,6.10,0.36,22.70,1.69,O4'-endo
53,53,0.30,C,C,C,0,1,0,0,0,.,,0,,,3.06,3.48,1.08,2.22,4.48,5.23,5.53,3.97,..,anti,.,1.55,1.55,1.03,5.27,1.24,5.22,1.52,5.65,5.74,0.62,5.82,0.16,0.24,34.91,2.42,C1'-exo
54,54,0.31,G,G,G,0,0,1,0,0,),"41,51",2,"cWW,cSS","cW-W,cm-m",5.20,3.16,1.16,1.41,3.75,5.11,4.92,3.27,BI,anti,A,4.69,4.71,3.04,3.90,3.79,3.92,4.31,4.40,0.12,5.75,0.73,5.61,0.36,42.19,0.17,C3'-endo
55,55,0.32,G,G,G,0,0,1,0,0,),38,1,cWW,cW-W,5.15,2.95,1.06,1.31,3.69,4.93,5.04,3.25,BI,anti,A,4.68,4.69,2.97,3.61,3.27,3.65,4.10,4.19,0.01,5.81,0.73,5.54,0.46,44.05,0.31,C3'-endo
56,56,0.32,G,G,G,0,0,1,0,0,),37,1,cWW,cW-W,5.20,2.90,1.03,1.38,3.75,4.94,5.10,3.28,BI,anti,A,4.68,4.72,2.99,3.73,3.21,3.76,4.00,4.16,0.13,5.73,0.75,5.59,0.36,43.26,0.16,C3'-endo
57,57,0.33,G,G,G,0,0,1,0,0,),36,1,cWW,cW-W,5.23,2.90,1.07,1.42,3.68,4.85,5.12,3.27,BI,anti,A,4.60,4.61,3.07,3.60,3.32,3.61,3.98,3.87,0.05,5.82,0.67,5.63,0.38,39.60,0.25,C3'-endo
58,58,0.33,A,A,A,1,0,0,0,0,),35,1,cWW,cW-W,5.19,3.08,0.87,1.46,3.82,4.98,5.12,3.44,BI,anti,A,4.47,4.66,3.05,3.82,3.16,3.85,3.58,4.40,0.09,5.81,0.65,5.67,0.34,38.00,0.19,C3'-endo
59,59,0.34,C,C,C,0,1,0,0,0,),34,1,cWW,cW-W,5.05,2.83,1.10,1.41,3.74,5.65,4.37,3.54,BI,anti,.,4.36,4.64,2.85,4.17,3.14,3.88,3.98,4.11,0.04,5.82,0.69,5.60,0.40,40.84,0.26,C3'-endo
60,60,0.34,G,G,G,0,0,1,0,0,),33,1,cWW,cW-W,3.78,2.01,2.62,1.51,3.81,5.06,5.03,3.13,BI,anti,A,4.73,4.72,2.90,3.16,3.08,3.35,3.69,3.84,0.25,5.70,0.69,5.72,0.20,39.62,6.25,C2'-exo
61,61,0.35,G,G,G,0,0,1,0,0,),32,1,cWW,cW-W,4.97,3.29,0.93,1.45,3.80,5.02,5.07,3.37,BI,anti,A,4.54,4.64,2.96,3.82,3.17,3.87,3.78,4.51,0.09,5.80,0.66,5.65,0.34,38.77,0.19,C3'-endo
62,62,0.36,C,C,C,0,1,0,0,0,),31,1,cWW,cW-W,5.01,2.94,1.05,1.42,3.85,5.20,4.93,3.50,BI,anti,A,4.41,4.68,2.87,4.04,3.14,4.03,4.03,4.64,0.08,5.79,0.69,5.62,0.37,40.73,0.21,C3'-endo
63,63,0.36,U,U,U,0,0,0,1,0,),30,1,cWW,cW-W,4.97,2.81,1.29,1.33,3.76,5.06,4.99,3.48,BI,anti,.,4.37,4.59,2.89,3.78,3.28,3.79,4.24,4.73,6.20,5.89,0.68,5.53,0.53,43.28,0.44,C3'-endo
64,64,0.37,G,G,G,0,0,1,0,0,.,29,1,tSH,tm-M,5.13,2.87,0.95,1.38,3.61,4.87,5.02,3.57,BI,anti,.,4.35,4.70,2.77,3.02,3.13,2.68,4.42,2.44,0.15,5.72,0.74,5.61,0.33,42.93,0.12,C3'-endo
65,65,0.37,A,A,A,1,0,0,0,0,.,28,1,tHW,tM-W,4.41,1.38,2.92,1.47,4.00,4.99,5.30,3.17,BI,anti,A,4.70,4.73,3.51,2.88,3.02,3.26,2.64,4.21,0.19,5.72,0.71,5.67,0.27,40.48,0.06,C3'-endo
66,66,0.38,A,A,A,1,0,0,0,0,.,26,1,tHH,tM+M,5.24,2.82,0.97,1.42,3.51,4.97,4.82,3.42,BI,anti,A,4.50,4.59,2.84,3.62,3.26,3.58,4.42,3.76,0.14,5.74,0.71,5.63,0.33,41.25,0.13,C3'-endo
67,67,0.39,A,A,A,1,0,0,0,0,.,25,1,tHS,tM-m,5.09,3.05,1.00,1.37,3.73,5.01,5.00,3.54,BI,anti,A,4.35,4.68,2.98,3.76,3.14,3.77,3.54,4.23,0.12,5.72,0.77,5.57,0.38,44.69,0.17,C3'-endo
68,68,0.39,G,G,G,0,0,1,0,0,.,126,1,cWH,cW+M,5.13,2.84,1.10,1.39,4.03,5.09,5.23,3.47,BI,anti,.,4.43,4.81,2.99,4.11,3.22,4.11,3.93,4.93,0.05,5.81,0.69,5.61,0.40,40.65,0.25,C3'-endo
69,69,0.40,G,G,G,0,0,1,0,0,.,"23,24,127",3,"cWW,cWW,tSW","cW-W,cW-W,tm+W",5.10,2.92,0.86,1.36,3.77,5.05,5.01,3.19,BI,anti,.,4.83,4.82,2.66,3.84,3.04,3.93,4.32,4.44,0.19,5.65,0.81,5.56,0.34,46.56,0.09,C3'-endo
70,70,0.40,C,C,C,0,1,0,0,0,),22,1,cWW,cW-W,5.10,3.16,1.12,1.43,3.78,5.12,4.95,3.29,BI,anti,.,4.64,4.67,3.17,4.02,3.42,4.11,4.16,5.06,0.11,5.76,0.71,5.62,0.35,41.35,0.17,C3'-endo
71,71,0.41,G,G,G,0,0,1,0,0,.,21,1,tSH,tm-M,5.19,2.93,1.01,1.62,5.03,3.57,1.45,3.56,BII,anti,.,3.33,4.23,3.39,3.20,3.71,3.44,4.85,3.12,0.14,5.80,0.62,5.74,0.26,35.46,0.09,C3'-endo
72,72,0.41,A,A,A,1,0,0,0,0,.,20,1,tHS,tM-m,4.36,2.74,0.95,1.68,4.57,4.17,0.39,4.31,..,anti,.,1.09,4.29,3.11,4.51,2.94,4.49,2.59,4.98,0.07,5.95,0.45,5.86,0.23,26.46,0.19,C3'-endo
73,73,0.42,G,G,G,0,0,1,0,0,),19,1,cWW,cW-W,1.74,4.56,3.24,1.53,3.95,4.93,5.30,3.36,BI,anti,A,4.58,4.71,2.77,3.54,3.43,3.40,4.16,3.77,0.30,5.65,0.72,5.72,0.17,41.42,6.19,C2'-exo
74,74,0.43,G,G,G,0,0,1,0,0,),18,1,cWW,cW-W,5.14,2.80,1.08,1.36,3.57,4.95,4.90,3.34,BI,anti,A,4.64,4.69,2.85,3.58,3.15,3.58,3.89,3.98,0.10,5.73,0.76,5.56,0.40,44.46,0.20,C3'-endo
75,75,0.43,G,G,G,0,0,1,0,0,),17,1,cWW,cW-W,5.09,3.03,1.00,1.44,3.78,5.02,5.04,3.33,BI,anti,A,4.65,4.72,3.02,3.88,3.20,3.90,3.82,4.44,0.16,5.73,0.71,5.64,0.31,41.09,0.11,C3'-endo
76,76,0.44,C,C,C,0,1,0,0,0,),16,1,cWW,cW-W,5.18,2.96,0.94,1.35,3.68,5.00,4.96,3.47,BI,anti,A,4.49,4.69,2.89,3.72,3.18,3.73,4.05,4.12,0.09,5.75,0.76,5.56,0.41,44.49,0.22,C3'-endo
77,77,0.44,G,G,G,0,0,1,0,0,),15,1,cWW,cW-W,5.24,2.94,0.98,1.38,3.53,5.09,4.72,3.41,BI,anti,.,4.52,4.61,3.01,4.22,3.23,4.07,3.87,4.42,0.04,5.81,0.71,5.58,0.42,42.02,0.27,C3'-endo
78,78,0.45,C,C,C,0,1,0,0,0,),14,1,cWW,cW-W,2.47,3.58,3.40,1.40,3.55,5.09,4.74,3.24,BI,anti,.,4.50,4.50,3.15,3.05,3.43,3.36,4.16,3.61,6.25,5.87,0.67,5.58,0.47,40.86,0.37,C3'-endo
79,79,0.45,C,C,C,0,1,0,0,0,),12,1,cWW,cW-W,4.92,3.61,1.01,2.48,4.76,1.21,3.54,4.10,..,anti,.,1.06,0.96,3.53,1.78,3.81,1.71,3.95,2.33,5.87,0.65,5.66,0.41,0.00,37.99,2.81,C2'-endo
80,80,0.46,G,G,G,0,0,1,0,0,.,81,1,cSH,cm+M,3.41,3.54,3.31,2.23,4.95,1.52,3.43,4.97,..,anti,.,0.71,0.80,5.41,1.29,4.92,1.14,4.35,1.21,5.61,0.75,5.76,0.16,0.32,42.10,2.37,C1'-exo
81,81,0.47,A,A,A,1,0,0,0,0,.,"14,80",2,"tSS,cHS","tm+m,cM+m",1.31,3.20,3.36,1.47,4.30,5.46,5.12,3.65,..,anti,.,3.78,4.57,2.78,4.53,2.38,4.66,2.38,5.44,6.14,6.00,0.57,5.62,0.52,37.95,0.53,C3'-endo
82,82,0.47,A,A,A,1,0,0,0,0,(,113,1,cWW,cW-W,2.01,3.77,3.34,1.34,3.60,4.97,4.92,3.41,BI,anti,A,4.58,4.68,2.44,3.08,3.20,3.16,4.44,3.51,0.14,5.70,0.78,5.56,0.38,45.46,0.16,C3'-endo
83,83,0.48,G,G,G,0,0,1,0,0,(,112,1,cWW,cW-W,5.15,2.98,0.96,1.36,3.80,4.92,5.17,3.42,BI,anti,A,4.57,4.78,2.95,3.72,3.12,3.71,3.63,4.08,0.09,5.75,0.76,5.55,0.41,44.51,0.22,C3'-endo
84,84,0.48,G,G,G,0,0,1,0,0,(,111,1,cWW,cW-W,5.21,2.82,1.04,1.31,3.59,5.06,4.81,3.27,BI,anti,A,4.74,4.75,2.90,3.67,3.12,3.72,3.82,4.31,0.05,5.76,0.77,5.53,0.45,45.81,0.26,C3'-endo
85,85,0.49,G,G,G,0,0,1,0,0,(,109,1,cWW,cW-W,5.16,3.07,1.04,1.45,3.83,5.09,5.03,3.33,BI,anti,A,4.59,4.67,3.13,3.99,3.36,4.01,4.17,4.77,0.13,5.77,0.69,5.65,0.32,39.71,0.15,C3'-endo
86,86,0.49,U,U,U,0,0,0,1,0,(,108,1,cWW,cW-W,5.06,2.95,0.95,1.38,3.72,4.93,5.07,3.49,BI,anti,A,4.47,4.70,2.77,3.70,3.12,3.71,4.24,4.10,0.12,5.73,0.76,5.58,0.37,43.94,0.17,C3'-endo
87,87,0.50,G,G,G,0,0,1,0,0,(,107,1,cWW,cW-W,5.15,2.98,0.96,1.39,3.70,4.98,5.00,3.37,BI,anti,A,4.57,4.66,2.94,3.72,3.12,3.73,3.76,4.18,0.04,5.81,0.70,5.59,0.41,41.77,0.27,C3'-endo
88,88,0.51,C,C,C,0,1,0,0,0,(,106,1,cWW,cW-W,5.08,3.05,0.89,1.35,3.77,5.03,5.02,3.45,BI,anti,A,4.51,4.74,2.87,3.75,3.04,3.78,3.75,4.28,0.11,5.72,0.78,5.55,0.39,45.30,0.19,C3'-endo
89,89,0.51,A,A,A,1,0,0,0,0,(,105,1,cWW,cW-W,5.09,2.97,1.01,1.31,3.52,5.02,4.78,3.37,BI,anti,A,4.65,4.71,2.86,3.55,3.11,3.57,3.91,3.89,0.10,5.71,0.80,5.53,0.41,46.47,0.20,C3'-endo
90,90,0.52,G,G,G,0,0,1,0,0,(,104,1,cWW,cW-W,5.07,3.14,0.96,1.37,3.66,4.99,4.95,3.37,BI,anti,A,4.66,4.75,3.00,3.70,3.14,3.74,3.65,4.22,0.10,5.74,0.75,5.57,0.39,44.09,0.20,C3'-endo
91,91,0.52,A,A,A,1,0,0,0,0,(,103,1,cWW,cW-W,5.21,2.95,0.96,1.36,3.62,5.09,4.81,3.38,BI,anti,A,4.61,4.70,2.97,3.73,3.20,3.75,3.95,4.15,0.12,5.72,0.77,5.57,0.38,44.53,0.17,C3'-endo
92,92,0.53,G,G,G,0,0,1,0,0,(,102,1,cWW,cW-W,5.03,3.07,1.08,1.39,3.81,5.07,5.01,3.43,BI,anti,A,4.50,4.69,3.02,3.89,3.24,3.92,3.88,4.62,0.04,5.81,0.70,5.59,0.41,41.55,0.26,C3'-endo
93,93,0.53,U,U,U,0,0,0,1,0,(,101,1,cWW,cW-W,5.16,3.00,0.90,1.40,4.29,4.39,6.19,3.62,..,anti,.,3.92,4.75,3.00,3.45,3.25,4.08,4.16,4.21,0.05,5.81,0.70,5.59,0.41,41.40,0.26,C3'-endo
94,94,0.54,U,U,U,0,0,0,1,0,.,97,1,tWH,tW-M,4.72,4.02,1.08,2.32,3.89,4.68,5.49,3.97,BI,anti,.,2.23,2.16,3.61,4.82,3.32,3.95,3.29,3.16,5.84,0.58,5.78,0.26,0.11,32.97,2.62,C2'-endo
95,95,0.55,C,C,C,0,1,0,0,0,],49,1,cWW,cW-W,2.88,3.11,0.95,1.43,3.61,5.03,4.87,3.57,BI,anti,A,4.33,4.60,0.61,3.73,1.21,3.73,1.11,4.05,0.07,5.79,0.70,5.61,0.38,40.97,0.23,C3'-endo
96,96,0.55,C,C,C,0,1,0,0,0,],48,1,cWW,cW-W,5.03,3.13,0.95,1.37,3.71,4.93,5.06,3.48,BI,anti,A,4.38,4.60,2.92,3.65,3.09,3.69,3.63,4.11,0.01,5.82,0.70,5.57,0.44,42.29,0.31,C3'-endo
97,97,0.56,U,U,U,0,0,0,1,0,],"47,94",2,"cWW,tHW","cW-W,tM-W",5.13,2.99,0.91,1.40,3.70,4.96,5.02,3.53,BI,anti,A,4.34,4.59,2.88,3.70,3.08,3.70,3.69,4.08,0.05,5.81,0.69,5.60,0.40,40.79,0.26,C3'-endo
98,98,0.56,C,C,C,0,1,0,0,0,],46,1,cWW,cW-W,5.04,3.06,0.96,1.37,3.55,5.03,4.80,3.48,BI,anti,A,4.50,4.64,2.85,3.61,3.03,3.62,3.65,3.99,0.08,5.76,0.74,5.57,0.40,43.32,0.22,C3'-endo
99,99,0.57,C,C,C,0,1,0,0,0,],45,1,cWW,cW-W,5.02,3.17,0.94,1.39,3.72,5.05,4.95,3.42,BI,anti,A,4.55,4.69,2.93,3.78,3.08,3.82,3.63,4.36,0.10,5.75,0.73,5.59,0.38,42.83,0.19,C3'-endo
100,100,0.57,C,C,C,0,1,0,0,0,],44,1,cWW,cW-W,5.08,2.92,1.10,1.36,3.68,5.04,4.92,3.36,BI,anti,A,4.62,4.69,2.91,3.76,3.19,3.79,4.03,4.44,0.06,5.77,0.74,5.56,0.42,43.83,0.25,C3'-endo
101,101,0.58,G,G,G,0,0,1,0,0,),93,1,cWW,cW-W,5.11,3.01,1.06,1.46,3.85,5.03,5.10,3.37,BI,anti,A,4.51,4.63,3.05,3.96,3.31,3.97,4.21,4.73,0.09,5.80,0.67,5.65,0.34,38.88,0.19,C3'-endo
102,102,0.59,C,C,C,0,1,0,0,0,),92,1,cWW,cW-W,5.15,2.86,0.93,1.39,3.70,5.00,4.98,3.53,BI,anti,A,4.39,4.65,2.80,3.75,3.15,3.77,4.25,4.20,0.10,5.77,0.71,5.61,0.36,41.60,0.19,C3'-endo
103,103,0.59,U,U,U,0,0,0,1,0,),91,1,cWW,cW-W,5.05,3.14,0.91,1.42,3.73,4.91,5.10,3.44,BI,anti,A,4.53,4.68,2.90,3.69,3.08,3.72,3.75,4.18,0.10,5.75,0.73,5.60,0.37,42.40,0.19,C3'-endo
104,104,0.60,C,C,C,0,1,0,0,0,),90,1,cWW,cW-W,5.17,2.94,0.92,1.37,3.69,5.07,4.90,3.45,BI,anti,A,4.53,4.71,2.88,3.77,3.08,3.77,3.79,4.17,0.12,5.72,0.77,5.57,0.38,44.55,0.17,C3'-endo
105,105,0.60,U,U,U,0,0,0,1,0,),89,1,cWW,cW-W,5.08,3.08,0.99,1.34,3.55,4.95,4.88,3.41,BI,anti,A,4.57,4.66,2.93,3.50,3.15,3.53,3.82,3.83,0.08,5.75,0.76,5.55,0.42,44.88,0.23,C3'-endo
106,106,0.61,G,G,G,0,0,1,0,0,),88,1,cWW,cW-W,5.10,3.09,0.94,1.39,3.74,5.06,4.96,3.41,BI,anti,A,4.56,4.72,2.99,3.83,3.11,3.87,3.56,4.45,0.11,5.74,0.75,5.58,0.38,43.69,0.19,C3'-endo
107,107,0.61,C,C,C,0,1,0,0,0,),87,1,cWW,cW-W,5.13,2.94,1.02,1.34,3.68,4.94,5.02,3.44,BI,anti,A,4.54,4.69,2.90,3.65,3.18,3.68,4.07,4.08,0.06,5.77,0.74,5.56,0.42,43.91,0.24,C3'-endo
108,108,0.62,A,A,A,1,0,0,0,0,),86,1,cWW,cW-W,5.22,2.96,1.01,1.44,3.71,5.04,4.95,3.46,BI,anti,A,4.42,4.60,3.04,3.84,3.24,3.86,3.85,4.52,0.05,5.82,0.68,5.62,0.39,39.98,0.25,C3'-endo
109,109,0.63,U,U,U,0,0,0,1,0,),85,1,cWW,cW-W,5.10,2.94,1.03,1.46,4.35,4.92,5.72,3.61,..,anti,.,3.84,4.61,3.10,4.21,3.34,4.16,4.19,4.00,0.03,5.86,0.63,5.65,0.38,37.47,0.28,C3'-endo
110,110,0.63,G,G,G,0,0,1,0,0,.,,0,,,4.62,2.73,3.34,1.74,4.67,3.18,1.50,1.31,BII,syn,.,-0.27,4.14,4.97,2.29,5.01,2.11,5.22,1.37,0.15,5.94,0.40,5.96,0.12,22.74,6.24,C2'-exo
111,111,0.64,C,C,C,0,1,0,0,0,),84,1,cWW,cW-W,2.14,3.57,1.23,1.45,3.75,5.01,5.02,3.34,BI,anti,A,4.59,4.65,1.18,3.89,1.27,3.90,1.62,4.19,0.15,5.75,0.70,5.66,0.30,40.11,0.12,C3'-endo
112,112,0.64,C,C,C,0,1,0,0,0,),83,1,cWW,cW-W,5.01,3.09,1.03,1.39,3.73,4.99,5.02,3.40,BI,anti,A,4.50,4.63,2.93,3.75,3.14,3.75,3.71,4.08,0.02,5.83,0.70,5.57,0.44,41.96,0.30,C3'-endo
113,113,0.65,U,U,U,0,0,0,1,0,),82,1,cWW,cW-W,5.05,2.98,1.03,1.38,4.20,4.68,5.80,3.48,..,anti,.,4.28,4.67,3.02,4.29,3.18,3.78,3.67,3.11,6.19,5.91,0.66,5.56,0.52,41.74,0.45,C3'-endo
114,114,0.66,G,G,G,0,0,1,0,0,(,140,1,cWW,cW-W,1.49,3.29,0.80,1.47,3.66,5.12,4.83,3.20,BI,anti,A,4.78,4.75,5.42,3.87,5.83,3.96,6.00,4.54,0.20,5.70,0.72,5.66,0.27,41.40,0.05,C3'-endo
115,115,0.66,G,G,G,0,0,1,0,0,(,139,1,cWW,cW-W,5.11,3.15,0.96,1.45,3.82,4.77,5.34,3.40,BI,anti,A,4.53,4.69,3.06,3.65,3.32,3.65,4.14,3.87,0.12,5.76,0.71,5.63,0.34,40.94,0.16,C3'-endo
116,116,0.67,G,G,G,0,0,1,0,0,.,138,1,cWW,cW-W,5.14,2.81,0.93,1.34,3.59,5.13,4.74,3.37,BI,anti,A,4.64,4.73,2.75,3.76,2.94,3.76,3.43,4.19,0.10,5.71,0.80,5.53,0.42,46.59,0.20,C3'-endo
117,117,0.67,G,G,G,0,0,1,0,0,(,137,1,cWW,cW-W,5.07,2.95,1.30,1.43,3.66,4.95,4.99,3.26,BI,anti,A,4.58,4.59,3.15,3.70,3.43,3.70,4.18,4.17,0.07,5.82,0.67,5.64,0.37,39.12,0.23,C3'-endo
118,118,0.68,G,G,G,0,0,1,0,0,(,136,1,cWW,cW-W,5.08,3.14,0.86,1.44,3.78,5.06,5.00,3.44,BI,anti,A,4.48,4.68,2.94,3.88,3.12,3.90,3.82,4.40,0.13,5.75,0.71,5.64,0.32,40.90,0.14,C3'-endo
119,119,0.68,U,U,U,0,0,0,1,0,(,135,1,cWW,cW-W,5.06,2.91,1.05,1.35,3.71,5.00,5.00,3.47,BI,anti,A,4.50,4.70,2.84,3.72,3.14,3.73,3.94,4.23,0.06,5.77,0.75,5.55,0.43,44.09,0.25,C3'-endo
120,120,0.69,A,A,A,1,0,0,0,0,(,134,1,cWW,cW-W,5.21,2.97,0.92,1.37,3.71,4.93,5.06,3.51,BI,anti,A,4.38,4.65,2.94,3.64,3.16,3.67,3.92,4.14,0.06,5.79,0.72,5.58,0.41,42.49,0.25,C3'-endo
121,121,0.70,U,U,U,0,0,0,1,0,(,133,1,cWW,cW-W,5.12,2.83,1.10,1.43,3.75,5.15,4.88,3.52,BI,anti,A,4.36,4.63,2.95,3.93,3.19,3.84,3.89,4.20,0.07,5.81,0.68,5.63,0.38,40.01,0.23,C3'-endo
122,122,0.70,G,G,G,0,0,1,0,0,(,132,1,cWW,cW-W,4.67,2.82,1.39,1.29,3.57,4.94,4.91,3.31,BI,anti,A,4.61,4.64,2.68,3.49,3.02,3.46,3.79,3.86,6.26,5.79,0.78,5.47,0.52,47.62,0.35,C3'-endo
123,123,0.71,G,G,G,0,0,1,0,0,(,131,1,cWW,cW-W,4.98,3.16,1.03,1.33,3.72,5.04,4.96,3.28,BI,anti,A,4.71,4.74,2.94,3.71,3.05,3.76,3.65,4.16,0.10,5.73,0.78,5.55,0.40,45.27,0.20,C3'-endo
124,124,0.71,G,G,G,0,0,1,0,0,(,130,1,cWW,cW-W,5.07,3.03,1.12,1.38,3.85,5.26,4.87,3.32,BI,anti,.,4.60,4.67,3.05,4.12,3.25,4.18,3.87,5.14,0.01,5.83,0.69,5.58,0.44,41.70,0.31,C3'-endo
125,125,0.72,G,G,G,0,0,1,0,0,.,129,1,tSH,tm-M,4.93,3.23,0.96,1.44,3.96,5.01,5.23,3.67,BI,anti,.,4.00,4.75,2.88,4.37,3.25,3.66,4.51,2.63,0.05,5.86,0.62,5.67,0.36,36.71,0.25,C3'-endo
126,126,0.72,A,A,A,1,0,0,0,0,.,"24,68",2,"cWS,cHW","cW-m,cM+W",2.98,2.98,0.83,1.47,3.83,5.07,5.04,3.31,BI,anti,.,4.37,4.48,0.50,3.96,0.91,4.03,0.50,4.89,0.08,5.81,0.67,5.64,0.36,39.29,0.21,C3'-endo
127,127,0.73,A,A,A,1,0,0,0,0,.,69,1,tWS,tW+m,5.19,2.94,1.03,1.51,3.24,4.95,4.57,3.76,BI,anti,.,3.59,4.02,3.01,3.51,3.42,3.05,4.54,1.84,0.06,5.87,0.58,5.72,0.32,34.19,0.23,C3'-endo
128,128,0.74,U,U,U,0,0,0,1,0,.,,0,,,3.91,3.02,1.05,1.34,3.93,5.10,5.12,1.49,BI,syn,.,-0.20,4.29,2.00,4.03,1.94,4.23,1.27,4.41,6.03,6.06,0.59,5.53,0.64,42.95,0.66,C4'-exo
129,129,0.74,A,A,A,1,0,0,0,0,.,125,1,tHS,tM-m,5.33,2.81,1.21,1.46,4.19,5.17,5.31,3.06,..,anti,.,4.82,4.81,3.30,4.40,3.77,4.43,4.25,5.40,0.19,5.72,0.71,5.67,0.27,40.65,0.06,C3'-endo
130,130,0.75,C,C,C,0,1,0,0,0,),124,1,cWW,cW-W,5.16,2.97,0.81,1.47,3.59,5.02,4.85,3.46,BI,anti,A,4.53,4.65,2.62,3.79,3.16,3.78,4.70,4.11,0.17,5.71,0.73,5.63,0.31,42.21,0.09,C3'-endo
131,131,0.75,C,C,C,0,1,0,0,0,),123,1,cWW,cW-W,5.13,3.06,0.94,1.34,3.72,5.01,4.99,3.46,BI,anti,A,4.48,4.68,2.94,3.75,3.13,3.79,3.74,4.27,0.04,5.78,0.75,5.54,0.44,44.35,0.27,C3'-endo
132,132,0.76,C,C,C,0,1,0,0,0,),122,1,cWW,cW-W,5.20,2.99,0.99,1.32,3.75,4.83,5.20,3.35,BI,anti,A,4.61,4.71,2.99,3.56,3.21,3.62,3.93,3.97,0.04,5.76,0.77,5.52,0.46,45.84,0.27,C3'-endo
133,133,0.76,A,A,A,1,0,0,0,0,),121,1,cWW,cW-W,5.26,2.96,0.98,1.44,3.75,4.95,5.08,3.50,BI,anti,A,4.34,4.59,3.11,3.75,3.25,3.75,3.73,4.20,0.10,5.79,0.68,5.64,0.35,39.81,0.19,C3'-endo
134,134,0.77,U,U,U,0,0,0,1,0,),120,1,cWW,cW-W,5.12,2.85,0.94,1.38,3.61,4.95,4.94,3.56,BI,anti,A,4.35,4.63,2.80,3.63,3.07,3.62,3.80,4.01,0.05,5.79,0.72,5.58,0.41,42.67,0.25,C3'-endo
135,135,0.78,A,A,A,1,0,0,0,0,),119,1,cWW,cW-W,5.10,3.02,0.98,1.44,3.71,4.94,5.05,3.50,BI,anti,A,4.42,4.65,2.98,3.71,3.15,3.72,3.75,4.14,0.10,5.78,0.69,5.64,0.35,39.99,0.18,C3'-endo
136,136,0.78,C,C,C,0,1,0,0,0,),118,1,cWW,cW-W,5.08,2.87,1.01,1.39,3.74,5.05,4.97,3.52,BI,anti,A,4.38,4.65,2.87,3.82,3.11,3.82,3.80,4.35,0.11,5.74,0.75,5.58,0.37,43.71,0.18,C3'-endo
137,137,0.79,C,C,C,0,1,0,0,0,),117,1,cWW,cW-W,5.10,2.99,0.99,1.35,4.38,3.81,0.57,3.46,..,anti,A,4.28,4.82,3.05,3.71,3.24,3.61,3.99,3.69,0.10,5.72,0.78,5.55,0.40,45.36,0.19,C3'-endo
138,138,0.79,A,A,A,1,0,0,0,0,.,116,1,cWW,cW-W,1.74,4.43,3.11,1.48,3.76,5.19,4.86,3.21,BI,anti,A,4.77,4.76,2.61,3.83,2.92,3.69,3.29,4.19,0.21,5.70,0.72,5.67,0.25,41.27,0.03,C3'-endo
139,139,0.80,C,C,C,0,1,0,0,0,),115,1,cWW,cW-W,5.16,3.08,0.94,1.36,3.77,5.06,5.00,3.42,BI,anti,A,4.51,4.67,2.98,3.85,3.32,3.91,4.22,4.62,0.05,5.78,0.74,5.56,0.43,43.78,0.26,C3'-endo
140,140,0.80,U,U,U,0,0,0,1,0,),114,1,cWW,cW-W,5.15,2.98,0.96,1.35,3.86,4.72,5.42,3.47,BI,anti,A,4.48,4.75,2.92,3.55,3.20,3.56,4.17,3.72,0.09,5.75,0.75,5.56,0.40,44.18,0.21,C3'-endo
141,141,0.81,G,G,G,0,0,1,0,0,.,"162,163",2,"cWW,tSH","cW-W,tm-M",5.17,2.74,1.02,1.35,3.83,5.01,5.10,3.39,BI,anti,A,4.54,4.71,2.90,3.86,3.03,3.88,3.36,4.55,0.02,5.81,0.72,5.55,0.45,43.03,0.30,C3'-endo
142,142,0.82,U,U,U,0,0,0,1,0,(,161,1,cWW,cW-W,5.15,2.98,0.94,1.36,4.00,4.55,5.73,3.51,..,anti,A,4.32,4.73,2.94,3.50,3.18,3.53,4.12,3.89,0.05,5.78,0.74,5.55,0.44,44.18,0.27,C3'-endo
143,143,0.82,C,C,C,0,1,0,0,0,(,160,1,cWW,cW-W,5.17,2.40,1.17,1.43,3.65,4.99,4.94,3.53,BI,anti,A,4.39,4.64,2.79,3.83,3.04,3.70,3.63,4.07,0.12,5.75,0.72,5.62,0.34,41.66,0.15,C3'-endo
144,144,0.83,A,A,A,1,0,0,0,0,(,159,1,cWW,cW-W,5.11,3.06,0.89,1.40,3.72,4.97,5.04,3.45,BI,anti,A,4.49,4.68,2.90,3.74,3.11,3.78,3.81,4.28,0.10,5.76,0.73,5.59,0.37,42.44,0.19,C3'-endo
145,145,0.83,C,C,C,0,1,0,0,0,(,158,1,cWW,cW-W,5.15,2.98,0.91,1.34,3.77,4.94,5.11,3.51,BI,anti,A,4.40,4.71,2.86,3.69,3.08,3.70,3.84,3.98,0.12,5.71,0.78,5.56,0.38,45.30,0.17,C3'-endo
146,146,0.84,G,G,G,0,0,1,0,0,(,157,1,cWW,cW-W,5.06,3.03,0.99,1.33,3.79,5.07,5.00,3.34,BI,anti,A,4.65,4.75,2.87,3.81,3.02,3.84,3.53,4.39,0.04,5.78,0.75,5.54,0.45,44.77,0.27,C3'-endo
147,147,0.84,G,G,G,0,0,1,0,0,(,156,1,cWW,cW-W,5.12,2.92,1.13,1.31,3.58,4.87,5.00,3.32,BI,anti,A,4.66,4.69,2.94,3.43,3.23,3.44,4.11,3.71,0.02,5.79,0.76,5.52,0.47,45.41,0.30,C3'-endo
148,148,0.85,A,A,A,1,0,0,0,0,(,155,1,cWW,cW-W,5.04,3.12,0.95,1.38,3.68,5.04,4.91,3.36,BI,anti,A,4.65,4.73,2.94,3.73,3.02,3.77,3.45,4.22,0.15,5.69,0.78,5.58,0.35,44.92,0.13,C3'-endo
149,149,0.86,G,G,G,0,0,1,0,0,(,154,1,cWW,cW-W,5.10,2.97,1.11,1.42,3.83,5.12,4.99,3.34,BI,anti,.,4.62,4.71,3.03,3.95,3.27,3.98,3.97,4.86,0.10,5.78,0.70,5.62,0.36,40.66,0.19,C3'-endo
150,150,0.86,G,G,G,0,0,1,0,0,.,,0,,,4.89,2.88,1.25,1.53,3.74,5.22,4.80,3.35,BI,anti,.,4.57,4.63,2.88,4.10,3.29,4.18,4.55,5.08,0.15,5.79,0.63,5.73,0.26,36.03,0.09,C3'-endo
151,151,0.87,U,U,U,0,0,0,1,0,.,,0,,,4.99,2.87,1.49,2.51,4.83,2.35,2.48,4.16,BII,anti,.,0.47,0.49,3.65,2.74,4.25,3.05,5.26,3.63,5.94,0.61,5.65,0.45,6.22,37.02,2.92,C2'-endo
152,152,0.87,C,C,C,0,1,0,0,0,.,,0,,,2.88,4.16,2.24,2.51,5.25,1.69,3.56,3.88,..,anti,.,0.04,0.53,3.99,2.29,3.97,1.61,4.14,0.62,5.84,0.70,5.60,0.44,6.28,40.98,2.82,C2'-endo
153,153,0.88,U,U,U,0,0,0,1,0,.,,0,,,3.64,2.62,1.54,2.28,4.17,2.37,1.80,5.07,BII,anti,.,1.55,1.72,2.94,2.11,2.92,1.84,1.93,2.74,5.57,0.81,5.69,0.19,0.32,45.75,2.40,C1'-exo
154,154,0.89,C,C,C,0,1,0,0,0,),149,1,cWW,cW-W,5.15,2.18,0.84,1.31,3.64,4.92,5.01,3.37,BI,anti,A,4.55,4.62,2.98,3.70,3.01,3.63,3.82,3.91,6.26,5.83,0.72,5.53,0.49,44.15,0.35,C3'-endo
155,155,0.89,U,U,U,0,0,0,1,0,),148,1,cWW,cW-W,5.08,3.04,1.01,1.40,3.79,5.05,5.02,3.41,BI,anti,A,4.52,4.67,2.99,3.85,3.13,3.87,3.67,4.47,0.07,5.78,0.72,5.59,0.39,42.32,0.23,C3'-endo
156,156,0.90,C,C,C,0,1,0,0,0,),147,1,cWW,cW-W,5.08,2.81,1.16,1.36,3.53,4.95,4.86,3.42,BI,anti,A,4.53,4.61,2.86,3.54,3.21,3.51,4.16,3.79,0.03,5.80,0.73,5.55,0.45,43.54,0.29,C3'-endo
157,157,0.90,C,C,C,0,1,0,0,0,),146,1,cWW,cW-W,5.01,3.22,0.92,1.35,3.80,5.04,5.04,3.43,BI,anti,A,4.54,4.73,2.97,3.78,3.05,3.82,3.50,4.23,0.12,5.72,0.77,5.56,0.39,44.89,0.18,C3'-endo
158,158,0.91,G,G,G,0,0,1,0,0,),145,1,cWW,cW-W,5.11,2.87,1.12,1.30,3.61,5.10,4.79,3.32,BI,anti,A,4.65,4.68,2.90,3.68,3.17,3.68,3.86,4.18,6.27,5.82,0.74,5.52,0.49,44.70,0.34,C3'-endo
159,159,0.91,U,U,U,0,0,0,1,0,),144,1,cWW,cW-W,4.94,3.13,1.05,1.33,3.67,5.04,4.91,3.42,BI,anti,A,4.59,4.73,2.90,3.69,3.11,3.72,3.87,4.20,0.07,5.74,0.78,5.53,0.43,45.73,0.23,C3'-endo
160,160,0.92,G,G,G,0,0,1,0,0,),143,1,cWW,cW-W,5.12,2.92,1.08,1.35,3.58,4.85,5.01,3.42,BI,anti,A,4.51,4.63,2.97,3.49,3.21,3.49,3.95,3.68,0.04,5.79,0.74,5.55,0.44,43.97,0.28,C3'-endo
161,161,0.93,G,G,G,0,0,1,0,0,),142,1,cWW,cW-W,5.25,2.92,0.99,1.41,3.68,4.91,5.04,3.51,BI,anti,.,4.28,4.53,3.08,3.70,3.22,3.86,3.57,4.55,0.00,5.85,0.67,5.60,0.43,40.37,0.32,C3'-endo
162,162,0.93,A,A,A,1,0,0,0,0,.,141,1,cWW,cW-W,5.28,2.79,1.32,2.62,4.03,3.83,0.20,4.22,..,anti,.,1.42,1.40,3.26,4.15,4.00,3.48,4.69,3.37,5.94,0.66,5.58,0.52,6.17,40.96,2.97,C2'-endo
163,163,0.94,G,G,G,0,0,1,0,0,.,"11,141",2,"tWH,tHS","tW-M,tM-m",0.21,2.99,4.95,2.57,4.59,1.41,3.19,3.94,..,anti,.,0.49,0.66,2.87,1.36,2.89,0.73,2.90,6.24,5.84,0.71,5.59,0.46,6.27,41.66,2.83,C2'-endo
164,164,0.94,A,A,A,1,0,0,0,0,.,,0,,,1.74,2.92,1.05,2.51,4.50,5.36,5.42,4.05,..,anti,.,1.27,1.31,0.47,5.70,0.83,5.42,1.30,5.88,5.99,0.56,5.68,0.45,6.18,34.91,2.98,C2'-endo
165,165,0.95,G,G,G,0,0,1,0,0,.,10,1,cWW,cW-W,5.23,3.11,1.03,1.43,3.77,5.08,4.97,3.25,BI,anti,A,4.61,4.64,2.89,3.96,3.72,3.98,4.15,4.66,0.09,5.78,0.70,5.61,0.37,41.09,0.20,C3'-endo
166,166,0.95,C,C,C,0,1,0,0,0,),9,1,cWW,cW-W,5.19,3.03,0.91,1.35,3.64,5.00,4.92,3.46,BI,anti,A,4.47,4.64,2.92,3.67,3.21,3.72,4.23,4.15,0.07,5.76,0.74,5.56,0.41,43.83,0.23,C3'-endo
167,167,0.96,C,C,C,0,1,0,0,0,),8,1,cWW,cW-W,5.17,3.11,0.86,1.44,3.78,5.21,4.86,3.48,BI,anti,.,4.39,4.60,2.99,4.01,3.17,4.00,3.78,4.41,0.09,5.77,0.71,5.60,0.37,41.77,0.20,C3'-endo
168,168,0.97,G,G,G,0,0,1,0,0,),7,1,cWW,cW-W,4.77,2.83,1.51,1.25,3.70,4.93,5.06,3.22,BI,anti,A,4.50,4.53,2.90,3.49,3.24,3.51,3.98,4.04,6.20,5.86,0.74,5.47,0.57,46.82,0.43,C3'-endo
169,169,0.97,U,U,U,0,0,0,1,0,),6,1,cWW,cW-W,5.15,3.06,0.82,1.30,3.64,4.94,4.98,3.46,BI,anti,.,4.48,4.67,2.87,4.04,3.04,3.90,3.77,4.26,0.07,5.73,0.79,5.51,0.44,46.75,0.24,C3'-endo
170,170,0.98,C,C,C,0,1,0,0,0,),5,1,cWW,cW-W,2.48,3.52,3.30,1.40,3.75,4.91,5.13,3.29,BI,anti,A,4.71,4.74,2.93,3.08,3.16,3.22,3.88,3.64,0.20,5.67,0.77,5.60,0.31,44.45,0.07,C3'-endo
171,171,0.98,G,G,G,0,0,1,0,0,),4,1,cWW,cW-W,5.14,3.07,0.92,1.46,3.77,4.96,5.09,3.38,BI,anti,A,4.58,4.68,2.99,3.82,3.16,3.83,3.68,4.29,0.14,5.75,0.70,5.65,0.31,40.38,0.13,C3'-endo
172,172,0.99,G,G,G,0,0,1,0,0,),3,1,cWW,cW-W,5.20,2.87,0.96,1.37,3.76,5.09,4.95,3.37,BI,anti,A,4.61,4.72,2.90,3.87,3.15,3.90,3.93,4.63,0.06,5.77,0.73,5.57,0.41,43.33,0.24,C3'-endo
173,173,0.99,U,U,U,0,0,0,1,0,),2,1,cWW,cW-W,5.07,2.87,1.17,1.42,3.73,5.17,4.84,3.45,BI,anti,A,4.46,4.62,2.95,3.70,3.30,3.65,4.37,3.82,0.07,5.81,0.68,5.63,0.37,39.91,0.23,C3'-endo
174,174,1.00,CCC,c,C,0,0,0,0,1,),1,1,cWW,cW-W,4.08,2.15,2.52,2.16,,,,3.43,n/a,anti,-,,,,,,,,,6.13,0.46,5.63,0.57,6.05,37.69,3.24,C3'-exo
