index_chain,old_nt_resnum,nt_position,nt_name,nt_code,nt_align_code,is_A,is_C,is_G,is_U,is_other,dbn,paired,nb_interact,pair_type_LW,pair_type_DSSR,alpha,beta,gamma,delta,epsilon,zeta,epsilon_zeta,chi,bb_type,glyco_bond,form,ssZp,Dp,eta,theta,eta_prime,theta_prime,eta_base,theta_base,v0,v1,v2,v3,v4,amplitude,phase_angle,puckering
1,15,0.01,G,G,G,0,0,1,0,0,(,67,1,cWW,cW-W,,,3.27,1.51,3.43,5.31,4.40,3.30,BI,anti,A,3.89,4.23,,,,,,,0.04,5.88,0.60,5.69,0.35,35.67,0.26,C3'-endo
2,16,0.03,G,G,G,0,0,1,0,0,(,66,1,cWW,cW-W,4.65,3.45,0.87,1.46,3.10,4.82,4.56,3.69,BI,anti,A,3.98,4.30,2.67,3.71,3.00,3.65,3.76,4.15,0.00,5.86,0.66,5.61,0.42,39.83,0.32,C3'-endo
3,17,0.04,A,A,A,1,0,0,0,0,(,65,1,cWW,cW-W,3.14,3.76,2.52,1.40,3.73,4.79,5.22,3.35,BI,anti,A,4.40,4.56,2.86,4.08,3.08,3.86,3.81,4.36,0.02,5.87,0.63,5.65,0.38,37.64,0.29,C3'-endo
4,18,0.06,C,C,C,0,1,0,0,0,(,64,1,cWW,cW-W,2.48,3.65,3.08,1.42,3.95,5.02,5.21,3.21,BI,anti,A,4.69,4.77,2.67,3.54,3.01,3.63,3.95,4.11,0.06,5.82,0.67,5.63,0.37,39.29,0.24,C3'-endo
5,19,0.07,A,A,A,1,0,0,0,0,(,63,1,cWW,cW-W,5.06,3.24,0.94,1.36,3.65,5.21,4.72,3.50,BI,anti,A,4.10,4.59,2.91,3.82,3.14,3.87,3.79,4.34,0.01,5.86,0.66,5.60,0.42,40.03,0.32,C3'-endo
6,20,0.09,U,U,U,0,0,0,1,0,(,62,1,cWW,cW-W,5.02,3.05,1.11,1.40,3.90,5.03,5.15,3.45,BI,anti,A,4.28,4.65,2.98,3.91,3.26,3.91,3.98,4.31,6.24,5.88,0.68,5.57,0.48,41.71,0.38,C3'-endo
7,21,0.10,A,A,A,1,0,0,0,0,(,61,1,cWW,cW-W,5.19,2.97,0.88,1.57,4.04,4.99,5.33,3.80,..,anti,.,3.73,4.21,2.97,4.77,3.21,4.07,3.81,3.15,6.10,6.04,0.56,5.61,0.54,38.42,0.59,C3'-endo
8,22,0.12,C,C,C,0,1,0,0,0,(,38,1,cWW,cW-W,2.73,3.67,0.89,2.54,4.98,1.44,3.54,4.03,..,anti,.,1.17,0.54,0.89,2.62,1.61,1.68,1.08,1.24,5.94,0.55,5.74,0.36,6.27,32.42,2.84,C2'-endo
9,23,0.13,A,A,A,1,0,0,0,0,.,32,1,tWS,tW+m,1.01,3.27,2.82,1.60,4.35,4.90,5.74,1.49,..,syn,.,-0.17,4.36,2.05,4.63,1.65,4.60,1.75,4.36,6.17,6.01,0.52,5.68,0.45,34.36,0.51,C3'-endo
10,24,0.15,A,A,A,1,0,0,0,0,.,,0,,,1.37,2.11,0.71,1.54,4.21,1.87,2.34,3.33,..,anti,.,4.25,4.59,4.28,1.16,4.91,1.16,5.13,1.54,0.00,5.88,0.62,5.64,0.40,37.57,0.32,C3'-endo
11,25,0.16,U,U,U,0,0,0,1,0,(,31,1,cWW,cW-W,4.44,2.75,0.96,1.50,3.65,4.86,5.07,3.36,BI,anti,A,4.67,4.66,2.76,3.73,3.18,3.67,3.34,3.96,0.11,5.76,0.71,5.62,0.35,41.16,0.17,C3'-endo
12,26,0.18,C,C,C,0,1,0,0,0,.,30,1,cWW,cW-W,5.25,3.14,0.75,1.44,3.70,5.08,4.90,3.48,BI,anti,A,4.41,4.68,2.95,3.79,3.08,3.85,3.65,4.22,0.14,5.75,0.73,5.61,0.33,42.08,0.14,C3'-endo
13,27,0.19,G,G,G,0,0,1,0,0,(,29,1,cWW,cW-W,5.09,3.16,0.94,1.32,3.58,5.17,4.69,3.43,BI,anti,.,4.43,4.73,2.95,4.11,3.17,3.88,3.76,4.23,6.14,5.92,0.71,5.48,0.60,46.52,0.49,C3'-endo
14,28,0.21,C,C,C,0,1,0,0,0,(,28,1,cWW,cW-W,2.67,3.05,3.23,1.36,3.63,5.08,4.83,3.25,BI,anti,A,4.84,4.88,2.92,2.91,3.05,3.15,3.74,3.58,0.21,5.67,0.76,5.65,0.27,43.40,0.03,C3'-endo
15,29,0.22,G,G,G,0,0,1,0,0,(,27,1,cWW,cW-W,5.14,3.09,0.88,1.49,3.90,4.92,5.26,3.36,BI,anti,A,4.57,4.75,3.09,3.87,3.28,3.89,3.71,4.39,0.09,5.80,0.68,5.64,0.35,39.64,0.20,C3'-endo
16,30,0.24,U,U,U,0,0,0,1,0,(,26,1,cWW,cW-W,5.01,2.94,0.93,1.40,3.70,4.88,5.10,3.41,BI,anti,A,4.61,4.82,2.72,3.67,2.95,3.67,3.76,4.07,0.07,5.79,0.70,5.61,0.39,41.06,0.23,C3'-endo
17,31,0.25,G,G,G,0,0,1,0,0,(,25,1,cWW,cW-W,5.17,2.81,1.02,1.44,3.54,5.13,4.69,3.23,BI,anti,A,4.83,4.75,2.88,3.81,3.15,3.81,3.89,4.39,0.17,5.69,0.76,5.61,0.32,43.84,0.10,C3'-endo
18,32,0.27,G,G,G,0,0,1,0,0,.,,0,,,5.22,3.15,0.84,1.42,3.58,4.98,4.88,3.42,BI,anti,.,4.51,4.66,3.06,3.64,3.31,3.66,4.20,3.72,0.15,5.70,0.76,5.60,0.33,43.89,0.12,C3'-endo
19,33,0.28,A,A,A,1,0,0,0,0,.,52,1,tWH,tW-M,5.30,3.09,0.87,1.36,3.67,5.06,4.90,3.35,BI,anti,A,4.40,4.55,3.08,3.78,3.21,3.97,3.42,4.79,0.00,5.84,0.69,5.58,0.45,41.71,0.32,C3'-endo
20,34,0.30,U,U,U,0,0,0,1,0,.,"23,51",2,"cSS,tWH","cm-m,tW-M",5.41,2.94,0.93,2.50,4.35,2.82,1.53,4.00,BII,anti,.,2.45,1.55,3.33,2.71,3.87,2.84,4.78,3.24,5.96,0.52,5.76,0.35,6.26,31.17,2.86,C2'-endo
21,35,0.31,A,A,A,1,0,0,0,0,.,50,1,tHW,tM-W,5.05,3.18,0.83,2.48,4.61,1.06,3.55,3.76,..,anti,.,1.27,1.34,4.03,1.64,3.86,0.64,3.75,5.66,6.03,0.46,5.79,0.36,6.22,28.61,2.95,C2'-endo
22,36,0.33,U,U,U,0,0,0,1,0,.,,0,,,1.84,2.55,1.02,2.53,4.72,4.95,6.05,4.03,..,anti,.,0.56,0.89,0.15,5.57,0.89,5.13,1.87,5.79,5.74,0.59,5.87,0.12,0.27,33.70,2.36,C1'-exo
23,37,0.34,G,G,G,0,0,1,0,0,[,"20,47,51",3,"cSS,cWW,c.H","cm-m,cW-W,c.+M",4.92,3.21,1.02,1.47,3.72,5.04,4.96,3.70,BI,anti,A,3.77,4.67,2.68,3.88,3.48,3.90,3.78,4.34,0.13,5.76,0.72,5.63,0.33,41.69,0.15,C3'-endo
24,38,0.36,G,G,G,0,0,1,0,0,[,"46,52",2,"cWW,tSW","cW-W,tm+W",5.22,2.94,0.88,1.43,3.76,1.97,1.79,3.81,..,anti,.,4.20,4.70,2.96,1.32,3.20,1.22,3.88,1.52,0.07,5.83,0.62,5.67,0.35,36.61,0.23,C3'-endo
25,39,0.37,C,C,C,0,1,0,0,0,),17,1,cWW,cW-W,1.53,4.04,3.15,1.54,3.56,5.08,4.76,3.19,BI,anti,A,4.64,4.53,2.85,3.48,3.16,3.44,3.41,3.75,0.18,5.76,0.65,5.73,0.24,37.02,0.04,C3'-endo
26,40,0.39,A,A,A,1,0,0,0,0,),16,1,cWW,cW-W,4.81,3.45,0.93,1.39,3.61,5.04,4.86,3.53,BI,anti,A,4.15,4.68,2.90,3.72,3.09,3.72,3.62,4.17,0.02,5.84,0.70,5.59,0.42,41.68,0.29,C3'-endo
27,41,0.40,C,C,C,0,1,0,0,0,),15,1,cWW,cW-W,5.17,3.00,0.90,1.34,3.71,5.08,4.91,3.40,BI,anti,A,4.67,4.75,2.89,3.74,3.06,3.74,3.78,4.18,0.12,5.71,0.78,5.56,0.39,45.52,0.17,C3'-endo
28,42,0.42,G,G,G,0,0,1,0,0,),14,1,cWW,cW-W,5.06,2.92,1.04,1.38,3.52,5.03,4.77,3.27,BI,anti,A,4.74,4.72,2.88,3.59,3.14,3.59,3.91,3.82,0.10,5.73,0.77,5.55,0.40,45.01,0.20,C3'-endo
29,43,0.43,C,C,C,0,1,0,0,0,),13,1,cWW,cW-W,5.24,3.07,0.84,1.29,3.66,5.11,4.83,3.42,BI,anti,A,4.48,4.71,3.02,3.70,3.16,3.78,3.60,4.53,0.05,5.75,0.79,5.51,0.46,46.81,0.26,C3'-endo
30,44,0.45,A,A,A,1,0,0,0,0,.,12,1,cWW,cW-W,5.16,3.01,0.95,1.41,3.47,5.05,4.70,3.43,BI,anti,A,4.66,4.67,2.88,3.62,3.18,3.62,4.23,3.69,0.12,5.76,0.71,5.63,0.34,41.17,0.16,C3'-endo
31,45,0.46,A,A,A,1,0,0,0,0,),11,1,cWW,cW-W,5.05,3.20,0.98,1.49,3.65,5.04,4.90,3.42,BI,anti,.,4.22,4.68,3.02,3.87,3.19,3.93,3.46,4.82,6.28,5.83,0.72,5.54,0.47,43.70,0.33,C3'-endo
32,46,0.48,G,G,G,0,0,1,0,0,[,"9,39",2,"tSW,cWW","tm+W,cW-W",5.29,2.99,0.84,1.48,3.51,1.09,2.42,3.63,..,anti,.,4.18,4.55,2.92,0.41,3.28,6.13,4.48,4.27,0.12,5.76,0.71,5.62,0.34,41.50,0.16,C3'-endo
33,47,0.49,A,A,A,1,0,0,0,0,.,,0,,,0.83,2.14,0.81,1.37,3.34,4.66,4.97,3.31,BI,anti,.,4.56,4.46,4.57,3.32,5.52,3.18,1.10,3.09,6.25,5.86,0.69,5.57,0.47,42.19,0.36,C3'-endo
34,48,0.51,U,U,U,0,0,0,1,0,.,,0,,,5.28,3.09,0.89,1.44,3.40,1.32,2.09,3.58,..,anti,.,4.37,4.58,3.17,5.95,3.14,5.15,3.14,4.44,0.14,5.75,0.69,5.65,0.31,40.01,0.12,C3'-endo
35,49,0.52,C,C,C,0,1,0,0,0,.,,0,,,5.79,3.81,3.07,2.45,5.15,2.48,2.67,3.36,BII,anti,.,1.42,1.92,1.46,2.09,2.09,2.41,2.12,2.86,0.03,0.22,5.91,0.41,6.00,23.17,3.56,C3'-exo
36,50,0.54,C,C,C,0,1,0,0,0,.,61,1,cWS,cW-m,4.81,2.90,0.99,1.49,3.94,5.08,5.14,3.36,BI,anti,.,4.34,4.56,3.78,4.06,3.70,4.06,3.77,4.93,0.01,5.84,0.67,5.59,0.42,40.51,0.31,C3'-endo
37,51,0.55,C,C,C,0,1,0,0,0,.,0,1,tWS,tW+m,5.01,2.97,0.87,1.44,3.80,5.08,5.01,3.39,BI,anti,A,4.67,4.78,2.69,3.93,3.06,3.99,4.31,4.64,0.05,5.77,0.74,5.55,0.44,44.03,0.26,C3'-endo
38,52,0.57,G,G,G,0,0,1,0,0,),"8,59",2,"cWW,cSW","cW-W,cm-W",5.18,2.98,1.06,1.46,3.94,4.91,5.32,3.53,BI,anti,.,4.00,4.59,3.12,3.96,3.43,4.03,4.31,4.91,6.23,5.93,0.61,5.62,0.44,37.81,0.41,C3'-endo
39,53,0.58,C,C,C,0,1,0,0,0,],32,1,cWW,cW-W,5.38,2.75,0.75,1.58,4.34,2.02,2.32,3.86,..,anti,.,3.38,4.53,2.96,1.48,3.28,1.42,4.34,1.62,6.24,5.89,0.66,5.59,0.47,40.95,0.38,C3'-endo
40,54,0.60,C,C,C,0,1,0,0,0,(,58,1,cWW,cW-W,4.83,2.30,0.98,1.31,3.38,4.75,4.91,3.48,BI,anti,A,4.55,4.57,2.68,3.39,3.05,3.29,3.38,3.67,6.11,5.90,0.74,5.43,0.66,48.73,0.52,C3'-endo
41,55,0.61,G,G,G,0,0,1,0,0,(,57,1,cWW,cW-W,5.25,3.19,0.80,1.54,3.77,4.86,5.20,3.44,BI,anti,A,4.26,4.63,3.09,3.72,3.15,3.74,3.67,4.23,0.13,5.77,0.69,5.67,0.31,40.05,0.13,C3'-endo
42,56,0.63,G,G,G,0,0,1,0,0,(,56,1,cWW,cW-W,5.07,2.83,1.00,1.34,3.50,5.10,4.69,3.43,BI,anti,A,4.51,4.69,2.74,3.67,3.03,3.63,3.82,3.85,0.14,5.72,0.76,5.59,0.36,44.09,0.15,C3'-endo
43,57,0.64,G,G,G,0,0,1,0,0,(,55,1,cWW,cW-W,5.12,3.10,0.90,1.52,3.78,5.04,5.03,3.29,BI,anti,A,4.67,4.69,2.99,3.93,3.19,3.96,3.70,4.75,0.07,5.79,0.71,5.60,0.39,41.94,0.22,C3'-endo
44,58,0.66,C,C,C,0,1,0,0,0,(,54,1,cWW,cW-W,4.99,2.92,0.98,1.41,3.58,5.02,4.84,3.43,BI,anti,A,4.60,4.75,2.78,3.74,3.14,3.74,4.29,4.21,0.12,5.70,0.81,5.55,0.39,47.05,0.17,C3'-endo
45,59,0.67,A,A,A,1,0,0,0,0,(,53,1,cWW,cW-W,5.20,2.91,1.07,1.56,3.77,5.07,4.99,3.34,BI,anti,.,4.17,4.61,3.12,4.02,3.38,4.04,4.12,4.90,0.10,5.83,0.61,5.71,0.30,35.35,0.17,C3'-endo
46,60,0.69,C,C,C,0,1,0,0,0,],24,1,cWW,cW-W,5.26,2.87,0.88,1.43,3.68,4.92,5.05,3.50,BI,anti,A,4.21,4.55,2.84,3.69,3.27,3.69,4.51,4.03,0.11,5.80,0.68,5.64,0.33,39.40,0.18,C3'-endo
47,61,0.70,C,C,C,0,1,0,0,0,],"23,51",2,"cWW,cSW","cW-W,cm-W",5.30,2.94,0.90,1.47,4.14,4.80,5.62,3.72,..,anti,.,3.37,4.65,3.14,4.46,3.31,4.53,3.79,4.88,0.12,5.77,0.69,5.64,0.33,40.00,0.16,C3'-endo
48,62,0.72,G,G,G,0,0,1,0,0,.,49,1,cSH,cm+M,3.31,3.54,3.35,2.42,3.77,2.63,1.14,4.65,..,anti,.,1.31,1.57,4.04,1.48,4.35,1.62,4.48,1.88,5.94,0.51,5.80,0.31,0.01,29.58,2.79,C2'-endo
49,63,0.73,U,U,U,0,0,0,1,0,.,48,1,cHS,cM+m,5.19,2.51,0.77,2.38,4.29,1.64,2.66,3.82,..,anti,.,0.71,1.15,3.29,2.16,3.35,1.54,3.27,1.02,5.78,0.61,5.81,0.21,0.18,34.01,2.51,C1'-exo
50,64,0.75,A,A,A,1,0,0,0,0,.,21,1,tWH,tW-M,1.32,3.72,3.09,1.61,3.66,5.03,4.91,4.52,BI,anti,.,0.73,4.41,2.59,3.43,2.56,3.54,2.24,3.01,0.24,5.79,0.56,5.84,0.13,32.13,6.19,C2'-exo
51,65,0.76,A,A,A,1,0,0,0,0,.,"20,23,47",3,"tHW,cH.,cWS","tM-W,cM+.,cW-m",5.07,2.94,1.04,2.65,3.85,3.78,0.07,5.09,..,anti,.,2.23,1.70,2.88,4.02,3.58,3.07,3.09,3.99,5.93,0.61,5.67,0.45,6.21,36.29,2.92,C2'-endo
52,66,0.78,A,A,A,1,0,0,0,0,.,"19,24",2,"tHW,tWS","tM-W,tW+m",1.00,4.28,3.50,1.29,3.93,5.33,4.89,3.27,BI,anti,.,4.95,4.88,2.57,3.19,2.42,3.07,3.55,2.78,0.09,5.73,0.79,5.54,0.42,45.99,0.21,C3'-endo
53,67,0.79,U,U,U,0,0,0,1,0,),45,1,cWW,cW-W,4.48,1.79,3.08,1.43,3.80,4.91,5.17,3.20,BI,anti,A,4.59,4.71,3.84,2.65,3.66,3.04,3.44,3.67,0.20,5.74,0.65,5.73,0.23,37.35,0.02,C3'-endo
54,68,0.81,G,G,G,0,0,1,0,0,),44,1,cWW,cW-W,5.11,2.96,0.95,1.46,3.68,5.00,4.97,3.38,BI,anti,A,4.55,4.78,2.91,3.85,3.17,3.87,3.84,4.52,0.04,5.84,0.66,5.63,0.38,38.92,0.27,C3'-endo
55,69,0.82,U,U,U,0,0,0,1,0,),43,1,cWW,cW-W,5.32,2.99,0.83,1.45,3.73,4.89,5.13,3.56,BI,anti,A,4.12,4.68,2.99,3.67,3.29,3.67,4.23,3.93,0.21,5.74,0.67,5.71,0.24,38.16,0.03,C3'-endo
56,70,0.84,C,C,C,0,1,0,0,0,),42,1,cWW,cW-W,5.37,2.94,0.75,1.49,3.73,4.94,5.07,3.68,BI,anti,A,3.70,4.62,2.98,3.75,3.17,3.70,3.63,4.19,0.16,5.72,0.72,5.63,0.31,41.28,0.10,C3'-endo
57,71,0.85,C,C,C,0,1,0,0,0,),41,1,cWW,cW-W,5.05,2.62,1.06,1.38,3.62,5.17,4.74,3.43,BI,anti,A,4.45,4.76,2.71,3.84,2.99,3.81,3.80,4.31,0.11,5.72,0.77,5.56,0.39,44.94,0.19,C3'-endo
58,72,0.87,G,G,G,0,0,1,0,0,),40,1,cWW,cW-W,4.97,3.05,1.02,1.40,3.62,4.85,5.05,3.46,BI,anti,.,4.56,4.70,2.92,3.91,3.21,3.91,4.06,4.13,0.01,5.82,0.72,5.55,0.45,43.48,0.31,C3'-endo
59,73,0.88,A,A,A,1,0,0,0,0,.,38,1,cWS,cW-m,3.20,3.31,3.21,1.51,3.59,5.21,4.67,3.44,BI,anti,A,4.13,4.65,3.54,3.35,3.64,3.47,3.99,4.20,0.19,5.73,0.68,5.69,0.26,39.05,0.06,C3'-endo
60,74,0.90,C,C,C,0,1,0,0,0,{,0,1,cWW,cW-W,5.05,3.07,0.91,1.45,3.61,5.07,4.82,3.60,BI,anti,A,4.18,4.64,2.86,3.80,3.21,3.82,4.16,4.33,0.10,5.77,0.71,5.62,0.36,41.65,0.19,C3'-endo
61,75,0.91,U,U,U,0,0,0,1,0,),"7,36",2,"cWW,cSW","cW-W,cm-W",5.20,3.08,0.84,1.54,3.49,4.92,4.85,3.47,BI,anti,A,4.25,4.56,2.84,3.68,3.15,3.69,3.98,4.11,0.04,5.82,0.69,5.60,0.40,40.84,0.26,C3'-endo
62,76,0.93,A,A,A,1,0,0,0,0,),6,1,cWW,cW-W,5.01,3.12,1.02,1.44,3.80,4.85,5.23,3.50,BI,anti,A,4.31,4.63,2.99,3.78,3.15,3.78,3.77,4.24,0.00,5.85,0.69,5.58,0.44,41.67,0.32,C3'-endo
63,77,0.94,U,U,U,0,0,0,1,0,),5,1,cWW,cW-W,5.31,2.88,0.78,1.47,3.77,4.91,5.15,3.50,BI,anti,A,4.41,4.72,2.87,3.78,3.06,3.80,3.78,4.25,0.15,5.74,0.70,5.65,0.30,40.64,0.11,C3'-endo
64,78,0.96,G,G,G,0,0,1,0,0,),4,1,cWW,cW-W,5.31,2.88,0.85,1.49,3.49,5.05,4.72,3.40,BI,anti,A,4.47,4.54,2.90,3.74,3.20,3.73,3.95,4.14,0.01,5.87,0.63,5.64,0.39,37.65,0.31,C3'-endo
65,79,0.97,U,U,U,0,0,0,1,0,),3,1,cWW,cW-W,5.25,3.17,0.74,1.41,3.32,5.16,4.44,3.60,BI,anti,A,4.22,4.50,3.01,3.99,3.21,3.90,3.85,4.44,0.03,5.85,0.65,5.63,0.40,38.99,0.29,C3'-endo
66,80,0.99,C,C,C,0,1,0,0,0,),2,1,cWW,cW-W,3.02,3.32,2.71,1.45,4.14,5.00,5.42,3.23,..,anti,A,4.44,4.70,2.88,3.75,3.14,3.79,3.97,4.31,0.07,5.82,0.66,5.64,0.36,38.82,0.23,C3'-endo
67,81,1.00,C,C,C,0,1,0,0,0,),1,1,cWW,cW-W,5.08,3.04,0.85,1.44,,,,3.87,..,anti,-,,,,,,,,,6.23,5.91,0.63,5.61,0.46,39.17,0.39,C3'-endo
