index_chain,old_nt_resnum,nt_position,nt_name,nt_code,nt_align_code,is_A,is_C,is_G,is_U,is_other,dbn,paired,nb_interact,pair_type_LW,pair_type_DSSR,alpha,beta,gamma,delta,epsilon,zeta,epsilon_zeta,chi,bb_type,glyco_bond,form,ssZp,Dp,eta,theta,eta_prime,theta_prime,eta_base,theta_base,v0,v1,v2,v3,v4,amplitude,phase_angle,puckering
1,1,0.02,GTP,g,G,0,0,0,0,1,(,53,1,cWW,cW-W,,,1.18,1.38,3.84,5.23,4.89,2.89,BI,anti,A,4.84,4.87,,,,,,,5.87,5.97,0.84,5.22,1.01,62.96,0.70,C4'-exo
2,2,0.04,U,U,U,0,0,0,1,0,(,52,1,cWW,cW-W,4.91,3.21,0.93,1.50,3.72,4.90,5.10,3.53,BI,anti,A,4.37,4.64,2.83,3.71,3.17,3.74,4.31,4.23,0.10,5.79,0.67,5.66,0.33,39.02,0.17,C3'-endo
3,3,0.06,U,U,U,0,0,0,1,0,(,51,1,cWW,cW-W,4.98,2.90,1.03,1.45,3.65,4.94,4.99,3.37,BI,anti,A,4.61,4.67,2.80,3.74,3.06,3.70,3.84,4.14,0.06,5.80,0.71,5.59,0.40,41.74,0.24,C3'-endo
4,4,0.08,C,C,C,0,1,0,0,0,(,50,1,cWW,cW-W,5.21,2.94,0.95,1.43,3.61,4.97,4.92,3.48,BI,anti,A,4.46,4.63,2.96,3.71,3.19,3.72,3.93,4.00,0.11,5.76,0.71,5.63,0.35,41.46,0.17,C3'-endo
5,5,0.09,C,C,C,0,1,0,0,0,(,49,1,cWW,cW-W,5.12,3.12,0.93,1.39,3.59,5.02,4.85,3.48,BI,anti,A,4.38,4.56,2.97,3.66,3.16,3.68,3.67,4.04,0.01,5.79,0.76,5.52,0.48,45.55,0.31,C3'-endo
6,6,0.11,C,C,C,0,1,0,0,0,(,48,1,cWW,cW-W,4.95,2.94,1.13,1.32,3.73,5.19,4.82,3.38,BI,anti,.,4.46,4.59,2.87,3.97,3.08,4.01,3.68,4.93,6.27,5.81,0.77,5.50,0.51,46.64,0.34,C3'-endo
7,7,0.13,G,G,G,0,0,1,0,0,.,0,1,tSW,tm+W,4.89,3.13,1.14,1.47,4.10,2.88,1.22,3.41,BII,anti,.,4.38,4.69,2.97,2.00,3.31,2.29,4.53,2.95,0.00,5.86,0.67,5.61,0.42,40.13,0.32,C3'-endo
8,8,0.15,A,A,A,1,0,0,0,0,.,36,1,tHS,tM-m,5.33,2.83,1.05,1.40,4.01,4.96,5.34,3.37,BI,anti,.,4.06,4.31,3.90,4.00,3.66,4.00,2.94,4.97,6.19,5.91,0.69,5.52,0.53,43.55,0.44,C3'-endo
9,9,0.17,A,A,A,1,0,0,0,0,(,"31,35",2,"tH.,cWW","tM+.,cW-W",5.30,2.80,0.86,1.38,3.57,4.74,5.11,3.71,BI,anti,A,4.04,4.60,2.73,3.97,3.09,3.75,4.40,3.83,0.09,5.79,0.70,5.63,0.35,40.66,0.19,C3'-endo
10,10,0.19,A,A,A,1,0,0,0,0,(,34,1,cWW,cW-W,2.17,3.51,3.55,1.54,3.99,5.04,5.23,3.44,BI,anti,A,4.45,4.77,2.90,3.41,3.04,3.47,3.44,3.98,0.17,5.78,0.64,5.73,0.24,36.63,0.06,C3'-endo
11,11,0.21,G,G,G,0,0,1,0,0,(,33,1,cWW,cW-W,5.06,2.85,0.98,1.31,3.89,4.84,5.33,3.30,BI,anti,A,4.74,4.86,2.73,3.64,3.00,3.71,3.76,4.18,0.15,5.68,0.80,5.55,0.37,46.42,0.14,C3'-endo
12,12,0.23,G,G,G,0,0,1,0,0,(,32,1,cWW,cW-W,5.41,2.73,1.01,1.31,3.64,5.13,4.79,3.28,BI,anti,A,4.69,4.71,3.00,3.79,3.28,3.79,4.03,4.39,0.05,5.75,0.78,5.51,0.46,46.56,0.26,C3'-endo
13,13,0.25,A,A,A,1,0,0,0,0,.,28,1,cWW,cW-W,4.88,3.25,1.01,1.34,3.96,4.94,5.31,3.42,BI,anti,A,4.54,4.82,2.91,3.84,3.09,3.94,3.98,4.68,0.16,5.69,0.79,5.57,0.36,45.59,0.13,C3'-endo
14,14,0.26,U,U,U,0,0,0,1,0,(,27,1,cWW,cW-W,5.29,2.75,1.11,1.38,3.67,4.69,5.27,3.45,BI,anti,A,4.53,4.67,2.98,3.98,3.32,3.73,4.35,3.97,0.09,5.77,0.71,5.60,0.37,41.79,0.20,C3'-endo
15,15,0.28,G,G,G,0,0,1,0,0,(,26,1,cWW,cW-W,2.31,3.41,3.29,1.62,4.20,4.78,5.70,3.18,..,anti,A,4.71,4.76,2.78,3.56,2.94,3.65,3.53,3.96,0.36,5.68,0.62,5.85,0.05,36.88,6.03,C2'-exo
16,16,0.30,G,G,G,0,0,1,0,0,(,25,1,cWW,cW-W,5.49,2.73,0.72,1.27,3.63,4.89,5.03,3.34,BI,anti,A,4.60,4.66,2.75,3.52,3.05,3.55,3.60,4.10,6.21,5.84,0.75,5.47,0.55,46.91,0.41,C3'-endo
17,17,0.32,C,C,C,0,1,0,0,0,(,24,1,cWW,cW-W,5.25,2.82,1.00,1.24,4.05,4.77,5.56,3.28,..,anti,A,4.63,4.76,2.97,3.76,3.12,3.82,3.88,4.26,0.14,5.67,0.84,5.51,0.40,48.73,0.17,C3'-endo
18,18,0.34,G,G,G,0,0,1,0,0,(,23,1,cWW,cW-W,5.52,2.63,0.96,1.23,4.04,4.89,5.43,3.33,BI,anti,A,4.51,4.71,2.96,3.85,3.19,3.89,3.88,4.58,6.28,5.77,0.82,5.44,0.53,49.62,0.33,C3'-endo
19,19,0.36,G,G,G,0,0,1,0,0,.,22,1,tSH,tm-M,5.30,2.78,1.00,1.29,4.05,4.93,5.40,3.32,BI,anti,.,4.62,4.79,2.92,4.42,3.15,3.62,4.12,2.60,6.26,5.81,0.76,5.49,0.51,46.33,0.35,C3'-endo
20,20,0.38,A,A,A,1,0,0,0,0,.,,0,,,2.47,2.80,1.20,1.58,3.97,5.24,5.01,3.32,BI,anti,.,4.58,4.67,0.10,4.28,0.69,4.26,0.40,4.99,0.25,5.71,0.67,5.74,0.19,38.41,6.24,C2'-exo
21,21,0.40,A,A,A,1,0,0,0,0,.,,0,,,4.82,2.82,1.46,1.59,3.73,5.07,4.95,3.39,BI,anti,.,4.26,4.35,2.91,3.93,3.45,3.86,4.68,4.75,0.00,5.97,0.49,5.78,0.32,29.81,0.32,C3'-endo
22,22,0.42,A,A,A,1,0,0,0,0,.,19,1,tHS,tM-m,4.91,2.97,1.02,1.51,4.13,5.43,4.99,3.60,..,anti,.,4.06,4.71,2.86,4.50,3.20,4.63,4.39,5.15,0.19,5.74,0.67,5.71,0.25,38.56,0.05,C3'-endo
23,23,0.43,C,C,C,0,1,0,0,0,),18,1,cWW,cW-W,5.01,2.43,1.75,1.35,3.65,4.93,5.00,3.28,BI,anti,A,4.56,4.59,2.99,3.46,3.75,3.34,4.84,3.57,6.23,5.87,0.70,5.54,0.51,43.65,0.39,C3'-endo
24,24,0.45,G,G,G,0,0,1,0,0,),17,1,cWW,cW-W,5.06,2.86,1.13,1.35,3.82,5.03,5.08,3.30,BI,anti,A,4.67,4.74,2.95,3.80,3.11,3.83,3.60,4.57,0.03,5.79,0.74,5.54,0.45,44.20,0.28,C3'-endo
25,25,0.47,C,C,C,0,1,0,0,0,),16,1,cWW,cW-W,5.02,2.84,1.15,1.33,4.04,4.69,5.63,3.32,..,anti,A,4.61,4.77,2.91,3.76,3.20,3.81,4.25,4.31,0.10,5.74,0.78,5.55,0.40,45.35,0.20,C3'-endo
26,26,0.49,C,C,C,0,1,0,0,0,),15,1,cWW,cW-W,5.58,2.53,0.96,1.40,3.79,4.79,5.28,3.32,BI,anti,.,4.55,4.60,3.01,3.66,3.30,3.61,4.08,3.69,6.27,5.86,0.68,5.58,0.45,41.23,0.34,C3'-endo
27,27,0.51,A,A,A,1,0,0,0,0,),14,1,cWW,cW-W,5.04,2.98,0.94,1.45,4.45,4.39,0.05,3.35,..,anti,.,4.13,4.42,3.07,3.63,3.12,3.67,3.31,3.88,6.16,6.01,0.55,5.65,0.47,35.95,0.51,C3'-endo
28,28,0.53,G,G,G,0,0,1,0,0,.,13,1,cWW,cW-W,4.99,2.21,1.24,1.29,0.68,2.42,4.54,3.62,..,anti,.,2.93,3.31,3.30,4.31,3.40,4.40,3.65,4.81,0.01,5.81,0.73,5.54,0.47,43.87,0.32,C3'-endo
29,29,0.55,A,A,A,1,0,0,0,0,.,,0,,,5.58,2.66,0.37,2.44,3.62,4.19,5.70,4.25,BI,anti,.,1.68,1.87,3.23,3.46,3.97,2.67,4.24,2.05,6.10,0.43,5.78,0.41,6.13,28.82,3.11,C2'-endo
30,30,0.57,U,U,U,0,0,0,1,0,.,,0,,,5.79,4.22,2.46,1.19,3.37,1.72,1.65,3.47,..,anti,.,4.49,4.63,5.94,0.15,6.11,6.06,0.26,5.28,0.06,5.69,0.88,5.41,0.51,52.00,0.26,C3'-endo
31,31,0.58,G,G,G,0,0,1,0,0,.,"9,36",2,"t.H,tHW","t.+M,tM-W",4.75,2.75,2.25,2.18,4.58,5.21,5.66,3.77,..,anti,.,1.13,1.30,4.88,5.18,5.42,4.51,6.28,4.33,5.51,0.81,5.75,0.10,0.42,46.83,2.28,C1'-exo
32,32,0.60,C,C,C,0,1,0,0,0,),12,1,cWW,cW-W,2.42,3.36,1.08,1.42,3.59,4.90,4.97,3.12,BI,anti,A,4.64,4.63,0.06,3.59,1.04,3.68,1.87,3.92,0.07,5.80,0.69,5.62,0.38,40.70,0.23,C3'-endo
33,33,0.62,C,C,C,0,1,0,0,0,),11,1,cWW,cW-W,4.99,3.25,1.01,1.48,3.67,4.19,5.76,3.42,..,anti,A,4.54,4.61,3.00,3.70,3.13,3.75,3.51,4.12,0.01,5.88,0.62,5.65,0.39,37.35,0.31,C3'-endo
34,34,0.64,U,U,U,0,0,0,1,0,),10,1,cWW,cW-W,0.42,2.04,0.19,1.24,3.86,4.97,5.17,3.51,BI,anti,A,4.29,4.67,3.02,3.77,3.13,3.81,3.64,4.12,6.18,5.88,0.73,5.49,0.57,46.01,0.44,C3'-endo
35,35,0.66,U,U,U,0,0,0,1,0,),9,1,cWW,cW-W,5.11,2.78,1.23,1.37,3.94,5.38,4.84,3.43,BI,anti,.,4.27,4.50,3.01,4.26,3.22,4.43,3.72,5.21,6.03,6.07,0.57,5.56,0.62,41.37,0.67,C4'-exo
36,36,0.68,G,G,G,0,0,1,0,0,.,"8,31",2,"tSH,tWH","tm-M,tW-M",5.01,3.07,1.24,2.55,4.30,3.26,1.05,4.37,BII,anti,.,1.90,1.81,3.10,3.24,3.94,3.10,4.90,3.40,5.70,0.84,5.54,0.43,0.10,47.21,2.70,C2'-endo
37,37,0.70,U,U,U,0,0,0,1,0,.,,0,,,4.90,2.75,0.85,2.43,5.05,3.34,1.71,4.06,BII,anti,.,0.17,0.57,3.63,3.40,3.66,3.28,3.84,4.12,5.64,0.76,5.67,0.26,0.24,43.52,2.51,C1'-exo
38,38,0.72,A,A,A,1,0,0,0,0,.,48,1,tWS,tW+m,3.91,2.90,0.74,1.53,3.84,5.07,5.05,3.25,BI,anti,.,4.66,4.69,2.50,4.09,2.52,4.15,3.49,4.87,0.20,5.71,0.71,5.68,0.27,41.01,0.05,C3'-endo
39,39,0.74,A,A,A,1,0,0,0,0,.,,0,,,5.25,2.83,0.93,1.44,3.78,5.06,5.00,3.45,BI,anti,A,4.45,4.65,2.88,3.92,3.30,3.90,4.42,4.58,0.08,5.77,0.73,5.59,0.39,42.69,0.22,C3'-endo
40,40,0.75,C,C,C,0,1,0,0,0,(,47,1,cWW,cW-W,4.88,2.90,1.15,1.37,3.71,4.93,5.07,3.42,BI,anti,A,4.64,4.80,2.77,3.71,3.07,3.69,4.13,3.94,0.14,5.71,0.76,5.58,0.36,44.31,0.15,C3'-endo
41,41,0.77,C,C,C,0,1,0,0,0,(,46,1,cWW,cW-W,5.38,2.95,0.84,1.26,3.77,5.07,4.98,3.38,BI,anti,A,4.54,4.70,3.03,3.74,3.18,3.78,3.68,4.30,6.28,5.78,0.80,5.47,0.52,48.63,0.32,C3'-endo
42,42,0.79,G,G,G,0,0,1,0,0,.,45,1,tSH,tm-M,4.94,3.05,1.06,1.34,4.03,4.76,5.55,3.34,BI,anti,.,4.67,4.89,2.87,4.13,3.06,3.41,3.80,2.41,0.01,5.78,0.78,5.50,0.50,46.86,0.31,C3'-endo
43,43,0.81,A,A,A,1,0,0,0,0,.,,0,,,2.79,2.98,1.02,1.54,3.78,4.98,5.09,3.52,BI,anti,A,4.14,4.43,0.47,3.88,0.91,3.83,0.45,4.18,0.07,5.88,0.58,5.73,0.30,33.72,0.21,C3'-endo
44,44,0.83,A,A,A,1,0,0,0,0,.,,0,,,4.93,2.93,1.20,1.45,3.70,5.00,4.98,3.65,BI,anti,.,4.00,4.50,2.92,3.73,3.17,3.74,3.80,4.22,0.04,5.85,0.65,5.65,0.38,38.46,0.27,C3'-endo
45,45,0.85,A,A,A,1,0,0,0,0,.,42,1,tHS,tM-m,4.95,3.07,1.05,1.48,3.86,5.29,4.85,3.90,BI,anti,.,3.30,4.56,2.97,4.81,3.22,4.87,3.87,5.27,0.04,5.86,0.63,5.66,0.37,37.48,0.27,C3'-endo
46,46,0.87,G,G,G,0,0,1,0,0,),41,1,cWW,cW-W,2.37,3.81,3.31,1.53,3.85,5.11,5.02,3.14,BI,anti,A,4.83,4.81,2.98,3.49,3.72,3.55,4.77,3.92,0.36,5.62,0.71,5.77,0.11,41.50,6.11,C2'-exo
47,47,0.89,G,G,G,0,0,1,0,0,),40,1,cWW,cW-W,5.10,3.02,1.12,1.41,3.95,5.41,4.82,3.20,BI,anti,.,4.71,4.72,3.06,4.32,3.35,4.18,3.98,3.72,6.28,5.81,0.74,5.53,0.48,44.67,0.32,C3'-endo
48,48,0.91,G,G,G,0,0,1,0,0,),"6,38",2,"cWW,tSW","cW-W,tm+W",4.98,2.86,3.17,1.50,3.84,5.05,5.07,3.32,BI,anti,A,4.69,4.78,4.98,3.19,5.25,3.37,5.34,3.88,0.18,5.72,0.73,5.66,0.29,41.69,0.07,C3'-endo
49,49,0.92,G,G,G,0,0,1,0,0,),5,1,cWW,cW-W,5.06,2.92,1.15,1.40,3.70,5.15,4.84,3.32,BI,anti,A,4.56,4.63,2.97,3.82,3.27,3.77,3.94,4.20,6.21,5.85,0.73,5.49,0.54,45.66,0.41,C3'-endo
50,50,0.94,G,G,G,0,0,1,0,0,),4,1,cWW,cW-W,4.76,2.83,1.49,1.28,3.45,5.16,4.57,3.30,BI,anti,A,4.53,4.58,2.94,3.55,3.24,3.56,4.01,4.07,6.27,5.78,0.80,5.46,0.53,48.47,0.34,C3'-endo
51,51,0.96,A,A,A,1,0,0,0,0,),3,1,cWW,cW-W,4.99,3.15,1.01,1.38,3.63,4.95,4.97,3.50,BI,anti,A,4.29,4.53,2.99,3.66,3.22,3.69,3.95,4.14,0.05,5.79,0.74,5.56,0.43,43.96,0.26,C3'-endo
52,52,0.98,A,A,A,1,0,0,0,0,),2,1,cWW,cW-W,5.21,2.85,1.01,1.40,3.57,5.18,4.67,3.50,BI,anti,A,4.38,4.58,2.96,3.86,3.21,3.84,3.89,4.56,0.02,5.80,0.75,5.55,0.46,44.68,0.30,C3'-endo
53,53,1.00,U,U,U,0,0,0,1,0,),1,1,cWW,cW-W,4.89,3.09,1.04,1.42,,,,3.55,n/a,anti,-,,,,,,,,,6.25,5.89,0.65,5.61,0.45,39.86,0.36,C3'-endo
