index_chain,old_nt_resnum,nt_position,nt_name,nt_code,nt_align_code,is_A,is_C,is_G,is_U,is_other,dbn,paired,nb_interact,pair_type_LW,pair_type_DSSR,alpha,beta,gamma,delta,epsilon,zeta,epsilon_zeta,chi,bb_type,glyco_bond,form,ssZp,Dp,eta,theta,eta_prime,theta_prime,eta_base,theta_base,v0,v1,v2,v3,v4,amplitude,phase_angle,puckering
54,57,0.02,G,G,G,0,0,1,0,0,),0,1,cWW,cW-W,,5.24,1.43,1.21,3.77,4.57,5.48,3.39,BI,anti,A,4.51,4.70,,3.87,,3.78,,4.07,6.25,5.77,0.84,5.41,0.57,51.47,0.36,C3'-endo
55,58,0.04,C,C,C,0,1,0,0,0,),0,1,cWW,cW-W,5.60,2.49,0.93,1.36,3.82,4.97,5.14,3.38,BI,anti,A,4.55,4.71,3.05,3.86,3.22,3.81,3.92,4.18,0.03,5.78,0.76,5.52,0.46,45.44,0.28,C3'-endo
56,59,0.05,U,U,U,0,0,0,1,0,),0,1,cWW,cW-W,5.22,2.96,0.93,1.34,3.93,4.89,5.32,3.33,BI,anti,A,4.58,4.71,2.98,3.75,3.17,3.84,3.84,4.64,0.02,5.81,0.73,5.55,0.45,43.65,0.30,C3'-endo
57,60,0.07,U,U,U,0,0,0,1,0,.,0,1,cWW,cW-W,5.24,2.76,0.97,1.44,3.77,5.30,4.76,3.42,BI,anti,.,4.50,4.67,2.86,4.17,3.18,4.21,4.25,5.08,0.09,5.77,0.72,5.60,0.38,42.17,0.20,C3'-endo
58,61,0.09,U,U,U,0,0,0,1,0,.,0,1,t.H,t.-M,5.27,3.37,0.69,1.76,5.22,3.40,1.82,4.40,BII,anti,.,0.32,3.28,3.57,3.99,3.87,3.66,4.87,3.48,6.14,6.25,0.18,6.01,0.26,15.81,0.85,C4'-exo
59,62,0.11,G,G,G,0,0,1,0,0,.,"0,27",2,"tW.,cSS","tW+.,cm-m",0.98,3.74,3.30,1.42,4.18,4.25,6.21,3.69,..,anti,B,3.30,4.15,2.16,2.95,2.27,3.13,2.27,3.69,6.01,6.06,0.60,5.51,0.66,44.02,0.68,C4'-exo
60,63,0.12,A,A,A,1,0,0,0,0,.,0,1,tSS,tm+m,5.59,2.27,0.75,1.47,3.81,5.13,4.97,4.04,BI,anti,.,2.76,4.35,2.86,3.73,3.09,3.42,3.70,2.82,6.08,6.04,0.57,5.58,0.57,39.73,0.61,C3'-endo
61,64,0.14,U,U,U,0,0,0,1,0,(,24,1,cWW,cW-W,5.26,4.61,5.08,2.60,4.21,3.33,0.89,4.70,BII,anti,B,1.42,1.38,2.88,2.52,2.62,2.43,2.10,3.13,5.76,0.77,5.57,0.43,0.05,44.09,2.75,C2'-endo
62,65,0.16,U,U,U,0,0,0,1,0,(,23,1,cWW,cW-W,0.99,3.97,3.53,1.48,3.55,5.01,4.82,3.54,BI,anti,A,4.24,4.46,2.62,3.10,2.54,3.17,3.44,3.57,0.07,5.81,0.67,5.64,0.36,39.41,0.22,C3'-endo
63,66,0.18,U,U,U,0,0,0,1,0,(,22,1,cWW,cW-W,5.04,3.09,0.92,1.44,3.62,4.98,4.92,3.58,BI,anti,A,4.30,4.58,2.86,3.71,3.06,3.72,3.64,4.24,0.06,5.80,0.69,5.61,0.39,40.86,0.24,C3'-endo
64,67,0.20,G,G,G,0,0,1,0,0,(,21,1,cWW,cW-W,5.14,2.93,0.96,1.40,3.59,5.10,4.77,3.30,BI,anti,A,4.60,4.61,2.86,3.78,3.12,3.80,3.94,4.30,0.08,5.76,0.74,5.58,0.39,43.33,0.22,C3'-endo
65,68,0.21,G,G,G,0,0,1,0,0,(,20,1,cWW,cW-W,5.03,3.30,0.92,1.44,3.59,4.96,4.91,3.64,BI,anti,A,4.14,4.58,2.98,3.65,3.17,3.67,3.90,4.02,0.04,5.79,0.72,5.57,0.43,42.94,0.27,C3'-endo
66,69,0.23,U,U,U,0,0,0,1,0,.,17,1,tWH,tW-M,5.07,2.98,1.00,1.42,3.90,4.92,5.27,3.60,BI,anti,.,4.07,4.62,2.95,3.85,3.11,3.91,3.64,4.57,0.00,5.84,0.70,5.56,0.45,42.45,0.32,C3'-endo
67,70,0.25,G,G,G,0,0,1,0,0,.,0,1,tSH,tm-M,5.11,2.90,1.04,1.44,3.88,5.43,4.73,3.55,BI,anti,.,4.31,4.75,2.93,4.25,3.21,3.46,4.09,2.39,0.04,5.81,0.70,5.59,0.42,41.70,0.27,C3'-endo
68,71,0.27,A,A,A,1,0,0,0,0,.,,0,,,3.48,2.14,0.79,1.39,3.87,4.94,5.22,3.07,BI,anti,.,4.44,4.42,0.56,3.97,0.96,3.97,0.50,4.88,6.05,6.07,0.55,5.58,0.59,40.04,0.65,C4'-exo
69,72,0.29,A,A,A,1,0,0,0,0,.,,0,,,5.17,2.82,1.08,1.64,3.98,5.22,5.05,3.56,BI,anti,.,3.88,4.25,3.05,4.33,3.39,4.30,4.59,4.40,0.00,6.01,0.42,5.85,0.27,25.62,0.32,C3'-endo
70,73,0.30,A,A,A,1,0,0,0,0,.,13,1,tHW,tM-W,5.14,3.53,0.97,1.65,4.26,5.08,5.47,4.59,..,anti,.,0.40,2.57,3.47,4.34,3.75,3.83,3.92,3.74,5.64,0.36,0.03,5.88,0.66,38.46,1.52,O4'-endo
71,74,0.32,U,U,U,0,0,0,1,0,.,,0,,,3.84,2.41,5.04,2.72,4.24,5.41,5.12,4.33,..,anti,.,1.12,1.49,5.67,5.25,6.20,5.16,6.28,5.42,6.26,0.39,5.71,0.57,5.93,34.13,3.42,C3'-exo
72,75,0.34,U,U,U,0,0,0,1,0,.,,0,,,4.69,3.83,0.97,2.37,4.12,5.06,5.35,4.15,..,anti,.,1.80,1.73,3.00,4.89,3.78,4.76,3.97,5.44,5.70,0.72,5.73,0.23,0.22,39.81,2.49,C1'-exo
73,76,0.36,C,C,C,0,1,0,0,0,),12,1,cWW,cW-W,4.85,3.61,0.58,1.71,3.55,5.25,4.59,3.30,BI,anti,A,4.50,4.48,2.74,4.08,3.34,4.13,3.99,4.60,0.32,5.74,0.55,5.91,0.04,32.55,6.03,C2'-exo
74,77,0.38,C,C,C,0,1,0,0,0,),11,1,cWW,cW-W,4.28,3.39,1.34,1.47,3.71,5.02,4.97,3.29,BI,anti,A,4.52,4.54,2.73,3.86,3.10,3.84,3.86,4.24,6.25,5.88,0.66,5.59,0.46,40.63,0.37,C3'-endo
75,78,0.39,A,A,A,1,0,0,0,0,),10,1,cWW,cW-W,4.95,3.10,0.98,1.36,3.83,4.96,5.15,3.41,BI,anti,A,4.43,4.63,2.83,3.76,3.05,3.81,3.73,4.36,6.24,5.84,0.73,5.51,0.51,45.03,0.38,C3'-endo
76,79,0.41,A,A,A,1,0,0,0,0,),9,1,cWW,cW-W,5.18,2.86,1.10,1.33,3.66,4.95,4.99,3.62,BI,anti,A,4.15,4.59,2.95,3.59,3.22,3.57,3.98,4.20,6.19,5.89,0.71,5.50,0.56,44.94,0.44,C3'-endo
77,80,0.43,A,A,A,1,0,0,0,0,),8,1,cWW,cW-W,5.08,2.81,1.10,1.45,3.49,4.87,4.90,3.51,BI,anti,.,4.38,4.58,2.87,4.03,3.14,3.78,4.05,3.82,0.05,5.83,0.67,5.63,0.38,39.32,0.25,C3'-endo
78,81,0.45,A,A,A,1,0,0,0,0,],0,1,cWW,cW-W,2.40,3.50,3.38,1.54,3.89,5.07,5.11,3.15,BI,anti,A,4.77,4.71,3.00,3.37,3.18,3.52,3.59,4.31,0.07,5.88,0.57,5.74,0.31,33.47,0.22,C3'-endo
79,82,0.46,C,C,C,0,1,0,0,0,],0,1,cWW,cW-W,5.13,2.94,1.04,1.47,3.70,4.88,5.11,3.44,BI,anti,A,4.40,4.56,2.95,3.66,3.31,3.69,4.31,3.92,0.07,5.83,0.65,5.66,0.35,37.92,0.22,C3'-endo
80,83,0.48,C,C,C,0,1,0,0,0,),"0,6",2,"cWW,cSS","cW-W,cm-m",5.19,2.98,1.03,1.47,3.96,4.40,5.84,3.43,..,anti,.,4.14,4.39,3.17,3.62,3.34,3.72,3.69,4.33,6.16,5.97,0.60,5.60,0.51,39.01,0.50,C3'-endo
81,84,0.50,G,G,G,0,0,1,0,0,),"0,0",2,"tWW,cWW","tW+W,cW-W",5.79,2.44,0.73,1.63,3.50,3.31,0.19,3.97,..,anti,.,2.97,3.84,3.05,2.13,3.35,2.38,4.08,2.99,6.11,6.13,0.41,5.77,0.44,29.45,0.66,C4'-exo
82,85,0.52,A,A,A,1,0,0,0,0,.,42,1,cWW,cW-W,5.33,3.20,0.99,1.44,3.60,5.21,4.67,3.33,BI,anti,A,4.55,4.55,3.80,3.86,3.40,3.88,3.02,4.62,0.01,5.81,0.72,5.55,0.46,43.35,0.30,C3'-endo
83,86,0.54,C,C,C,0,1,0,0,0,(,41,1,cWW,cW-W,4.79,3.02,1.12,1.41,3.75,5.04,5.00,3.30,BI,anti,A,4.63,4.67,2.83,3.79,3.15,3.80,4.21,4.36,0.05,5.78,0.74,5.55,0.44,43.93,0.26,C3'-endo
84,87,0.55,A,A,A,1,0,0,0,0,(,40,1,cWW,cW-W,4.96,3.10,0.93,1.47,3.69,5.08,4.90,3.36,BI,anti,A,4.49,4.58,2.84,3.82,3.08,3.85,3.92,4.26,0.10,5.79,0.67,5.65,0.34,39.21,0.18,C3'-endo
85,88,0.57,G,G,G,0,0,1,0,0,(,39,1,cWW,cW-W,4.89,3.14,1.12,1.47,3.97,4.69,5.57,3.51,BI,anti,.,4.20,4.55,3.02,3.87,3.24,3.94,3.82,4.66,6.26,5.91,0.60,5.66,0.41,36.52,0.35,C3'-endo
86,89,0.59,U,U,U,0,0,0,1,0,.,36,1,tWH,tW-M,5.80,2.61,0.53,1.47,3.39,4.62,5.05,4.06,BI,anti,.,3.08,4.20,2.88,4.23,3.22,3.75,4.15,3.45,6.17,5.99,0.56,5.65,0.47,36.23,0.50,C3'-endo
87,90,0.61,A,A,A,1,0,0,0,0,.,0,1,tHS,tM-m,3.07,4.71,5.70,2.65,4.07,3.37,0.71,4.83,BII,anti,.,1.48,1.47,0.67,2.64,0.81,2.80,0.44,2.53,5.94,0.64,5.62,0.49,6.18,38.70,2.96,C2'-endo
88,91,0.62,G,G,G,0,0,1,0,0,.,,0,,,3.09,3.38,1.54,2.46,4.65,4.95,5.99,3.97,..,anti,.,0.46,0.58,2.57,5.18,2.61,4.96,2.51,5.35,5.84,0.66,5.66,0.39,0.03,38.45,2.78,C2'-endo
89,92,0.64,A,A,A,1,0,0,0,0,.,33,1,tHW,tM-W,5.28,3.52,0.85,2.53,4.84,3.68,1.17,4.44,BII,anti,.,0.29,0.65,3.42,4.48,4.21,3.56,4.35,2.78,5.93,0.60,5.67,0.42,6.23,35.93,2.90,C2'-endo
90,93,0.66,G,G,G,0,0,1,0,0,],"0,0",2,"tSS,cWW","tm+m,cW-W",1.16,3.54,1.03,1.66,4.00,4.92,5.36,3.12,BI,anti,A,4.29,4.39,6.01,4.07,0.30,4.20,0.83,4.40,0.18,5.81,0.57,5.80,0.19,32.61,0.01,C3'-endo
91,94,0.68,U,U,U,0,0,0,1,0,],0,1,cWW,cW-W,4.89,3.04,1.34,2.27,4.70,5.13,5.86,3.89,..,anti,.,1.13,1.19,3.42,5.34,3.80,5.08,4.09,5.67,5.74,0.65,5.78,0.19,0.22,36.62,2.47,C1'-exo
92,95,0.70,C,C,C,0,1,0,0,0,),32,1,cWW,cW-W,4.89,3.31,0.76,1.50,3.77,5.08,4.98,3.31,BI,anti,A,4.49,4.56,2.38,3.87,3.13,3.92,3.65,4.47,0.12,5.78,0.68,5.66,0.32,39.14,0.15,C3'-endo
93,96,0.71,U,U,U,0,0,0,1,0,),31,1,cWW,cW-W,4.59,3.02,1.36,1.36,4.18,4.85,5.62,3.19,..,anti,A,4.65,4.73,2.83,3.94,3.08,3.96,3.88,4.52,0.10,5.74,0.76,5.55,0.39,44.47,0.20,C3'-endo
94,97,0.73,G,G,G,0,0,1,0,0,),30,1,cWW,cW-W,5.45,2.81,0.82,1.41,4.04,4.50,5.83,3.40,..,anti,A,4.41,4.64,2.95,3.45,3.20,3.52,4.02,3.79,6.25,5.87,0.66,5.58,0.46,40.61,0.37,C3'-endo
95,98,0.75,G,G,G,0,0,1,0,0,.,29,1,cWW,cW-W,5.03,2.60,1.13,1.49,4.33,0.36,3.96,3.72,..,anti,.,3.59,4.68,3.02,5.95,3.13,5.18,3.45,4.37,0.09,5.78,0.69,5.62,0.36,40.46,0.20,C3'-endo
96,99,0.77,A,A,A,1,0,0,0,0,.,,0,,,2.94,2.26,1.34,2.79,4.38,1.77,2.61,3.68,..,anti,.,0.04,0.94,0.61,2.57,2.21,1.07,2.10,0.33,5.89,0.79,5.41,0.66,6.11,50.33,3.01,C2'-endo
97,100,0.79,U,U,U,0,0,0,1,0,.,,0,,,1.86,3.18,0.60,2.52,4.58,5.39,5.47,4.01,..,anti,.,1.05,1.51,0.47,5.67,0.59,5.45,1.03,6.00,6.19,0.39,5.76,0.48,6.03,30.12,3.30,C3'-exo
98,101,0.80,G,G,G,0,0,1,0,0,.,,0,,,5.01,3.69,1.17,1.52,3.99,4.70,5.57,3.33,..,anti,A,4.55,4.64,3.25,3.88,3.92,3.93,4.00,4.57,0.09,5.83,0.62,5.70,0.32,36.36,0.19,C3'-endo
99,102,0.82,A,A,A,1,0,0,0,0,.,,0,,,5.49,2.55,0.76,1.40,3.71,4.91,5.08,3.32,BI,anti,A,4.57,4.63,2.79,3.79,3.12,3.84,4.09,4.54,0.06,5.80,0.71,5.60,0.40,41.70,0.24,C3'-endo
100,103,0.84,G,G,G,0,0,1,0,0,.,,0,,,5.30,2.85,1.00,1.51,3.64,3.83,6.09,3.43,..,anti,.,4.31,4.44,3.00,3.31,3.34,3.31,4.35,3.11,0.07,5.83,0.66,5.65,0.36,38.72,0.23,C3'-endo
101,104,0.86,A,A,A,1,0,0,0,0,.,"0,0",2,"tHS,tSS","tM-m,tm+m",0.21,1.98,0.57,1.34,3.76,5.97,4.07,3.95,..,anti,.,3.20,4.54,3.28,4.73,3.26,4.67,3.06,5.17,6.13,5.96,0.63,5.54,0.57,42.07,0.53,C3'-endo
102,105,0.88,G,G,G,0,0,1,0,0,),0,1,cWW,cW-W,4.08,2.42,2.21,1.41,3.60,5.12,4.76,3.26,BI,anti,A,4.57,4.56,2.90,3.33,3.53,3.38,4.56,3.98,0.01,5.85,0.67,5.60,0.43,40.43,0.32,C3'-endo
103,106,0.89,A,A,A,1,0,0,0,0,),0,1,cWW,cW-W,4.95,3.29,0.91,1.42,3.33,4.95,4.66,3.46,BI,anti,A,4.41,4.51,2.90,3.84,3.14,3.72,3.95,4.17,0.02,5.83,0.68,5.59,0.43,40.73,0.30,C3'-endo
104,107,0.91,A,A,A,1,0,0,0,0,),0,1,cWW,cW-W,2.83,3.33,2.88,1.56,4.29,4.68,5.89,3.17,..,anti,A,4.77,4.84,2.89,3.67,3.08,3.73,3.85,4.07,0.40,5.59,0.71,5.78,0.07,42.09,6.05,C2'-exo
105,108,0.93,G,G,G,0,0,1,0,0,),0,1,cWW,cW-W,5.68,2.44,0.94,1.28,3.62,5.01,4.90,3.18,BI,anti,A,4.66,4.64,2.92,3.67,3.29,3.66,3.96,3.99,6.26,5.82,0.74,5.51,0.51,45.21,0.36,C3'-endo
106,109,0.95,A,A,A,1,0,0,0,0,),0,1,cWW,cW-W,5.19,3.04,1.00,1.38,3.55,5.26,4.58,3.30,BI,anti,A,4.47,4.49,3.03,3.87,3.26,3.84,3.84,4.45,6.17,5.93,0.65,5.55,0.54,42.04,0.48,C3'-endo
107,110,0.96,U,U,U,0,0,0,1,0,),0,1,cWW,cW-W,4.63,3.07,1.37,1.36,3.54,5.11,4.72,3.37,BI,anti,A,4.51,4.52,2.86,3.68,3.16,3.69,4.09,4.51,6.17,5.92,0.66,5.53,0.55,42.87,0.48,C3'-endo
108,111,0.98,U,U,U,0,0,0,1,0,),0,1,cWW,cW-W,4.98,3.08,0.92,1.41,3.84,5.08,5.04,3.49,BI,anti,.,4.42,4.68,2.83,3.59,3.08,3.53,4.18,3.36,0.10,5.78,0.70,5.62,0.35,40.74,0.19,C3'-endo
109,112,1.00,C,C,C,0,1,0,0,0,),0,1,cWW,cW-W,4.37,1.92,2.61,2.13,,,,3.42,n/a,anti,-,,,,,,,,,0.10,6.27,6.22,0.13,6.14,8.12,4.21,C4'-endo
