index_chain,old_nt_resnum,nt_position,nt_name,nt_code,nt_align_code,is_A,is_C,is_G,is_U,is_other,dbn,paired,nb_interact,pair_type_LW,pair_type_DSSR,alpha,beta,gamma,delta,epsilon,zeta,epsilon_zeta,chi,bb_type,glyco_bond,form,ssZp,Dp,eta,theta,eta_prime,theta_prime,eta_base,theta_base,v0,v1,v2,v3,v4,amplitude,phase_angle,puckering
1,-7,0.01,U,U,U,0,0,0,1,0,(,27,1,cWW,cW-W,,,0.79,1.53,3.46,5.69,4.05,3.28,BI,anti,.,4.55,4.55,,,,,,,0.19,5.75,0.64,5.73,0.23,36.83,0.03,C3'-endo
2,-6,0.01,C,C,C,0,1,0,0,0,(,26,1,cWW,cW-W,3.29,2.61,2.57,1.63,4.10,4.99,5.40,3.26,..,anti,A,4.67,4.75,2.80,3.62,3.16,3.70,4.29,4.13,0.30,5.69,0.64,5.80,0.12,36.96,6.13,C2'-exo
3,-5,0.02,C,C,C,0,1,0,0,0,(,25,1,cWW,cW-W,5.13,3.13,0.76,1.46,3.60,4.89,5.00,3.50,BI,anti,A,4.31,4.49,2.76,3.59,3.07,3.61,3.73,3.85,6.25,5.90,0.63,5.62,0.44,38.60,0.37,C3'-endo
4,-4,0.03,A,A,A,1,0,0,0,0,(,24,1,cWW,cW-W,5.29,2.88,0.91,1.41,3.52,4.99,4.82,3.42,BI,anti,A,4.39,4.46,2.96,3.61,3.16,3.61,3.59,4.21,6.19,5.92,0.64,5.57,0.51,40.84,0.45,C3'-endo
5,-3,0.03,G,G,G,0,0,1,0,0,(,"23,34",2,"cWW,tSW","cW-W,tm+W",5.20,3.04,0.81,1.45,3.79,5.07,5.00,3.51,BI,anti,A,4.36,4.67,2.95,3.89,3.13,3.92,3.94,4.47,0.09,5.79,0.69,5.62,0.36,40.42,0.20,C3'-endo
6,-2,0.04,U,U,U,0,0,0,1,0,(,22,1,cWW,cW-W,5.18,3.01,0.87,1.36,3.70,4.97,5.02,3.60,BI,anti,A,4.23,4.67,2.86,3.64,3.14,3.65,3.96,4.00,0.02,5.78,0.75,5.52,0.47,45.26,0.30,C3'-endo
7,-1,0.05,A,A,A,1,0,0,0,0,(,21,1,cWW,cW-W,5.19,2.91,0.94,1.38,3.67,5.23,4.72,3.48,BI,anti,A,4.44,4.66,2.89,3.86,3.10,3.87,3.67,4.33,0.03,5.78,0.75,5.53,0.46,44.89,0.28,C3'-endo
8,not resolved,0.05,-,-,-,0,0,0,0,1,,,0,,,,,,,,,,,,,,,,,,,,,,,,,,,,,
9,1,0.06,G,G,G,0,0,1,0,0,(,20,1,cWW,cW-W,4.96,2.85,1.33,1.35,3.67,5.34,4.61,3.26,BI,anti,.,4.57,4.58,2.98,3.99,3.34,4.00,4.13,5.06,6.13,5.93,0.68,5.50,0.59,44.76,0.51,C3'-endo
10,2,0.07,G,G,G,0,0,1,0,0,.,19,1,tSH,tm-M,4.98,3.18,0.84,1.46,3.97,2.37,1.60,3.64,..,anti,.,4.06,4.75,2.88,1.28,3.25,1.39,4.61,1.83,0.09,5.78,0.69,5.63,0.36,40.50,0.19,C3'-endo
11,3,0.07,A,A,A,1,0,0,0,0,.,54,1,cSS,cm-m,4.94,2.53,0.61,1.43,4.21,4.01,0.20,3.59,..,anti,.,4.02,4.82,2.98,2.87,3.15,3.57,3.13,3.56,0.17,5.70,0.75,5.62,0.32,43.09,0.10,C3'-endo
12,4,0.08,A,A,A,1,0,0,0,0,.,,0,,,5.25,3.79,0.94,2.63,3.88,6.24,3.92,4.85,..,anti,.,1.38,1.58,4.09,6.11,3.68,4.91,3.12,4.83,5.88,0.70,5.57,0.50,6.22,42.07,2.91,C2'-endo
13,5,0.09,C,C,C,0,1,0,0,0,[,146,1,cWW,cW-W,4.41,4.69,4.41,1.49,3.83,5.01,5.11,3.29,BI,anti,A,4.62,4.67,0.90,2.68,1.70,3.09,2.19,3.80,0.12,5.79,0.66,5.67,0.32,38.40,0.16,C3'-endo
14,6,0.10,A,A,A,1,0,0,0,0,[,145,1,cWW,cW-W,5.10,3.24,0.77,1.54,3.67,5.06,4.90,3.53,BI,anti,A,4.36,4.61,2.89,3.74,3.13,3.69,3.85,3.92,0.12,5.80,0.64,5.69,0.30,37.09,0.14,C3'-endo
15,7,0.10,C,C,C,0,1,0,0,0,[,144,1,cWW,cW-W,4.65,2.78,1.38,1.35,3.91,4.87,5.32,3.27,BI,anti,A,4.70,4.78,2.79,3.67,2.98,3.72,3.49,4.26,0.09,5.72,0.79,5.52,0.42,46.26,0.21,C3'-endo
16,8,0.11,U,U,U,0,0,0,1,0,[,143,1,cWW,cW-W,5.37,3.03,0.77,1.45,3.64,5.02,4.91,3.38,BI,anti,A,4.54,4.61,3.01,3.73,3.23,3.74,3.97,4.21,0.04,5.82,0.68,5.61,0.40,40.27,0.27,C3'-endo
17,9,0.12,A,A,A,1,0,0,0,0,[,142,1,cWW,cW-W,5.17,2.95,0.84,1.41,3.70,5.02,4.96,3.28,BI,anti,A,4.67,4.70,2.83,3.75,3.06,3.77,3.84,4.15,0.11,5.74,0.75,5.58,0.38,43.54,0.19,C3'-endo
18,10,0.12,U,U,U,0,0,0,1,0,[,141,1,cWW,cW-W,5.28,3.04,0.83,1.35,3.53,5.13,4.69,3.42,BI,anti,A,4.53,4.64,2.93,3.66,3.16,3.71,3.83,4.16,0.03,5.76,0.78,5.50,0.48,46.67,0.28,C3'-endo
19,11,0.13,A,A,A,1,0,0,0,0,.,10,1,tHS,tM-m,5.18,3.08,1.00,1.40,4.05,5.17,5.17,3.50,..,anti,.,4.25,4.68,3.15,4.17,3.34,4.33,3.95,5.26,6.25,5.86,0.68,5.57,0.47,41.73,0.36,C3'-endo
20,12,0.14,C,C,C,0,1,0,0,0,),9,1,cWW,cW-W,5.31,2.71,1.00,1.47,3.75,4.79,5.25,3.37,BI,anti,A,4.60,4.70,2.81,3.65,3.40,3.64,4.77,3.76,0.17,5.71,0.73,5.63,0.31,42.27,0.09,C3'-endo
21,13,0.14,U,U,U,0,0,0,1,0,),7,1,cWW,cW-W,5.15,3.17,0.81,1.47,3.70,4.90,5.08,3.45,BI,anti,A,4.48,4.65,2.98,3.69,3.07,3.73,3.37,4.10,0.13,5.74,0.72,5.62,0.34,41.81,0.14,C3'-endo
22,14,0.15,A,A,A,1,0,0,0,0,),6,1,cWW,cW-W,5.26,2.87,0.94,1.43,3.68,4.91,5.05,3.40,BI,anti,A,4.51,4.62,2.96,3.67,3.19,3.68,3.80,4.18,0.05,5.80,0.70,5.59,0.40,41.54,0.25,C3'-endo
23,15,0.16,C,C,C,0,1,0,0,0,),5,1,cWW,cW-W,5.16,3.06,0.86,1.46,3.72,5.00,5.00,3.58,BI,anti,A,4.31,4.70,2.95,3.78,3.13,3.79,3.84,4.13,0.16,5.72,0.72,5.64,0.31,41.46,0.11,C3'-endo
24,16,0.16,U,U,U,0,0,0,1,0,),"4,33",2,"cWW,cSW","cW-W,cm-W",5.23,3.00,0.78,1.36,3.78,4.82,5.24,3.63,BI,anti,A,4.15,4.74,2.86,3.61,3.07,3.68,3.66,4.04,0.08,5.74,0.77,5.54,0.42,45.17,0.22,C3'-endo
25,17,0.17,G,G,G,0,0,1,0,0,),3,1,cWW,cW-W,5.38,2.75,1.01,1.46,3.34,4.97,4.65,3.54,BI,anti,A,4.28,4.40,2.99,4.04,3.29,3.82,3.86,4.27,6.26,5.90,0.62,5.63,0.43,38.20,0.36,C3'-endo
26,18,0.18,G,G,G,0,0,1,0,0,),"2,30",2,"cWW,cSS","cW-W,cm-m",2.75,3.45,2.96,1.54,3.63,5.06,4.85,3.12,BI,anti,A,4.61,4.63,2.85,3.36,3.17,3.58,4.08,3.88,0.20,5.72,0.68,5.70,0.25,39.27,0.03,C3'-endo
27,19,0.18,A,A,A,1,0,0,0,0,),1,1,cWW,cW-W,5.09,3.80,0.92,2.27,1.18,4.63,2.83,4.31,..,anti,.,0.50,0.49,3.21,2.77,3.96,2.34,4.13,2.92,0.01,0.18,5.99,0.30,6.08,17.73,3.51,C3'-exo
28,20,0.19,U,U,U,0,0,0,1,0,.,,0,,,3.51,3.90,2.98,2.85,3.69,2.05,1.64,3.21,..,anti,.,0.28,1.54,3.21,2.45,3.75,0.69,3.99,5.86,6.01,0.68,5.48,0.67,6.04,46.01,3.12,C2'-endo
29,21,0.20,A,A,A,1,0,0,0,0,.,,0,,,1.14,3.73,1.63,2.82,4.72,4.97,6.03,4.05,..,anti,.,0.36,0.57,0.69,5.85,1.24,5.19,1.85,5.74,5.93,0.73,5.48,0.63,6.11,46.37,3.03,C2'-endo
30,22,0.20,A,A,A,1,0,0,0,0,.,26,1,cSS,cm-m,5.35,3.00,0.60,1.59,3.87,1.97,1.91,3.79,..,anti,.,3.66,4.51,2.60,1.01,3.42,1.16,3.90,2.15,0.04,5.92,0.52,5.77,0.30,30.86,0.25,C3'-endo
31,23,0.21,U,U,U,0,0,0,1,0,.,,0,,,5.15,2.54,0.92,1.54,4.23,4.84,5.67,0.29,..,syn,.,-3.94,4.18,3.45,4.15,3.78,4.11,3.47,4.55,6.12,6.08,0.47,5.71,0.46,32.42,0.60,C3'-endo
32,24,0.22,C,C,C,0,1,0,0,0,.,,0,,,5.23,2.60,0.86,1.39,3.77,5.28,4.77,0.68,BI,syn,.,-3.58,4.42,2.59,4.10,2.98,4.18,3.82,3.77,6.05,6.04,0.59,5.55,0.61,41.81,0.64,C4'-exo
33,25,0.22,A,A,A,1,0,0,0,0,.,24,1,cWS,cW-m,5.17,2.87,1.24,1.36,3.63,4.76,5.16,3.51,BI,anti,A,4.36,4.61,3.07,3.46,3.59,3.48,3.61,3.98,6.26,5.84,0.72,5.53,0.49,43.80,0.36,C3'-endo
34,26,0.23,A,A,A,1,0,0,0,0,.,5,1,tWS,tW+m,5.39,2.80,0.96,1.56,3.86,5.10,5.04,3.55,BI,anti,.,4.24,4.60,3.15,4.14,3.34,4.18,3.98,5.21,0.11,5.82,0.62,5.72,0.29,35.65,0.14,C3'-endo
35,27,0.24,A,A,A,1,0,0,0,0,.,,0,,,5.30,2.90,0.73,1.40,1.77,1.00,0.77,3.74,..,anti,.,3.34,3.72,2.97,4.40,3.59,4.38,4.96,5.32,0.30,5.63,0.75,5.69,0.19,42.88,6.21,C2'-exo
36,28,0.24,G,G,G,0,0,1,0,0,.,,0,,,3.17,3.25,1.76,2.78,3.17,0.18,3.00,4.52,..,anti,.,1.86,1.86,2.23,0.28,3.69,5.38,4.78,6.22,6.16,0.52,5.58,0.64,5.95,40.49,3.29,C3'-exo
37,29,0.25,A,A,A,1,0,0,0,0,.,98,1,t.S,t.+m,3.92,4.44,0.97,1.50,3.06,4.84,4.51,3.40,BI,anti,.,4.42,4.43,3.04,3.58,3.80,3.87,3.57,3.92,0.28,5.64,0.74,5.69,0.20,42.27,6.23,C2'-exo
38,30,0.26,C,C,C,0,1,0,0,0,.,,0,,,2.51,1.90,5.26,2.88,3.91,1.18,2.73,4.28,..,anti,.,1.06,1.40,4.04,1.11,3.90,0.95,3.53,1.39,0.11,0.34,5.66,0.70,5.77,40.28,3.62,C3'-exo
39,31,0.27,A,A,A,1,0,0,0,0,.,110,1,cWS,cW-m,3.60,3.68,0.90,1.45,3.76,5.13,4.92,3.26,BI,anti,A,4.73,4.77,2.30,3.89,2.52,4.02,2.68,4.69,0.22,5.68,0.73,5.65,0.27,41.94,0.04,C3'-endo
40,32,0.27,A,A,A,1,0,0,0,0,.,100,1,tWS,tW+m,5.13,3.10,0.93,1.57,3.76,5.26,4.78,3.42,BI,anti,.,4.50,4.63,3.01,4.12,3.32,4.16,4.23,4.98,0.14,5.79,0.63,5.71,0.28,36.50,0.11,C3'-endo
41,33,0.28,A,A,A,1,0,0,0,0,.,,0,,,4.92,2.84,1.23,1.51,3.57,5.24,4.61,3.37,BI,anti,.,4.51,4.57,2.83,3.99,3.36,4.06,4.64,4.78,0.10,5.78,0.69,5.64,0.35,40.14,0.18,C3'-endo
42,34,0.29,U,U,U,0,0,0,1,0,.,,0,,,5.05,3.02,1.37,2.43,3.91,1.99,1.92,3.91,..,anti,.,1.95,1.92,3.23,1.75,3.97,1.49,4.91,2.03,5.86,0.60,5.73,0.33,0.06,34.70,2.72,C2'-endo
43,35,0.29,C,C,C,0,1,0,0,0,[,107,1,cWW,cW-W,5.01,2.89,0.89,1.45,3.93,4.79,5.43,3.27,BI,anti,A,4.54,4.59,3.42,3.68,3.41,3.67,3.23,3.96,6.25,5.89,0.64,5.60,0.46,39.49,0.38,C3'-endo
44,36,0.30,U,U,U,0,0,0,1,0,[,106,1,cWW,cW-W,4.82,2.87,1.14,1.35,3.87,4.77,5.39,3.20,BI,anti,A,4.68,4.71,2.76,3.64,2.92,3.68,3.40,4.16,6.28,5.79,0.77,5.49,0.51,46.41,0.33,C3'-endo
45,37,0.31,G,G,G,0,0,1,0,0,[,105,1,cWW,cW-W,5.48,2.81,0.74,1.37,3.80,4.77,5.31,3.50,BI,anti,A,4.36,4.68,2.96,3.61,3.16,3.64,3.85,4.20,0.03,5.78,0.76,5.52,0.46,45.19,0.29,C3'-endo
46,38,0.31,C,C,C,0,1,0,0,0,[,104,1,cWW,cW-W,5.37,2.73,0.88,1.43,3.70,5.06,4.92,3.54,BI,anti,A,4.37,4.69,2.90,3.84,3.11,3.81,3.90,4.15,0.12,5.74,0.74,5.60,0.36,42.85,0.17,C3'-endo
47,39,0.32,C,C,C,0,1,0,0,0,[,103,1,cWW,cW-W,5.13,2.96,1.06,1.38,3.59,4.94,4.93,3.44,BI,anti,A,4.48,4.61,2.95,3.56,3.22,3.56,3.89,3.90,6.26,5.84,0.71,5.54,0.49,43.24,0.36,C3'-endo
48,40,0.33,C,C,C,0,1,0,0,0,(,52,1,cWW,cW-W,5.09,3.04,0.97,1.36,3.68,5.00,4.97,3.48,BI,anti,A,4.45,4.69,2.94,3.69,3.10,3.68,3.63,3.81,0.03,5.77,0.76,5.52,0.47,45.53,0.28,C3'-endo
49,41,0.33,G,G,G,0,0,1,0,0,.,,0,,,5.35,2.99,0.75,1.26,3.72,4.68,5.32,3.54,BI,anti,.,4.32,4.71,2.90,3.73,3.06,3.14,3.42,2.31,6.24,5.80,0.79,5.44,0.56,48.89,0.37,C3'-endo
50,42,0.34,A,A,A,1,0,0,0,0,.,,0,,,2.86,3.17,1.03,1.58,3.95,4.71,5.52,3.79,BI,anti,.,3.50,4.36,0.81,3.81,0.99,3.88,0.49,4.59,6.24,6.00,0.48,5.76,0.36,30.12,0.40,C3'-endo
51,43,0.35,A,A,A,1,0,0,0,0,.,,0,,,5.28,2.71,0.94,1.68,3.51,4.80,5.00,3.96,BI,anti,.,3.32,4.16,2.87,4.57,3.25,4.59,4.12,5.11,0.01,6.01,0.42,5.86,0.26,25.01,0.30,C3'-endo
52,44,0.35,G,G,G,0,0,1,0,0,),48,1,cWW,cW-W,3.12,4.50,3.13,2.66,4.61,5.08,5.81,4.57,..,anti,.,0.99,0.95,5.06,4.23,4.97,4.63,5.07,5.23,5.81,0.76,5.54,0.50,6.26,44.72,2.84,C2'-endo
53,45,0.36,G,G,G,0,0,1,0,0,.,,0,,,5.23,3.20,0.84,2.37,4.86,4.68,0.17,4.45,..,anti,.,0.62,1.02,3.12,5.06,4.00,4.80,4.15,5.20,5.83,0.59,5.78,0.26,0.11,33.47,2.62,C2'-endo
54,46,0.37,G,G,G,0,0,1,0,0,(,"11,139",2,"cSS,cWW","cm-m,cW-W",5.40,3.77,0.99,2.39,4.94,3.72,1.22,4.42,..,anti,.,0.49,0.52,3.98,4.55,4.62,3.81,4.49,3.37,5.71,0.74,5.67,0.31,0.16,41.50,2.59,C2'-endo
55,47,0.37,C,C,C,0,1,0,0,0,.,,0,,,0.83,3.20,0.89,2.43,4.91,4.23,0.68,4.10,..,anti,.,0.55,0.62,5.55,5.36,0.04,4.94,0.52,5.54,5.85,0.64,5.70,0.35,0.05,36.46,2.74,C2'-endo
56,48,0.38,U,U,U,0,0,0,1,0,(,138,1,cWW,cW-W,1.18,2.87,5.79,1.67,3.62,5.03,4.87,3.30,BI,anti,A,4.63,4.64,3.44,3.59,4.10,3.71,4.12,3.95,0.35,5.66,0.65,5.82,0.08,38.16,6.07,C2'-exo
57,49,0.39,U,U,U,0,0,0,1,0,(,137,1,cWW,cW-W,5.14,2.95,0.95,1.39,3.67,4.99,4.96,3.49,BI,anti,A,4.44,4.68,2.91,3.70,3.17,3.69,3.58,3.99,0.06,5.76,0.76,5.54,0.44,44.97,0.25,C3'-endo
58,50,0.39,G,G,G,0,0,1,0,0,(,136,1,cWW,cW-W,5.24,2.81,1.09,1.37,3.62,5.01,4.89,3.27,BI,anti,A,4.57,4.59,3.02,3.64,3.27,3.64,3.86,4.10,6.24,5.86,0.70,5.54,0.50,43.22,0.38,C3'-endo
59,51,0.40,A,A,A,1,0,0,0,0,(,135,1,cWW,cW-W,5.24,3.08,0.81,1.43,3.42,5.08,4.62,3.47,BI,anti,A,4.39,4.49,2.96,4.04,3.19,3.87,3.89,4.42,0.00,5.84,0.68,5.58,0.44,41.22,0.32,C3'-endo
60,52,0.41,G,G,G,0,0,1,0,0,(,134,1,cWW,cW-W,2.70,3.21,2.98,1.51,4.10,4.88,5.51,3.24,..,anti,A,4.74,4.83,2.74,3.53,2.99,3.64,3.92,4.31,0.34,5.60,0.75,5.71,0.16,43.13,6.16,C2'-exo
61,53,0.41,A,A,A,1,0,0,0,0,(,133,1,cWW,cW-W,5.51,2.85,0.69,1.41,3.67,4.90,5.06,3.34,BI,anti,A,4.61,4.68,2.87,3.64,3.19,3.70,4.11,4.22,0.11,5.74,0.74,5.59,0.37,42.95,0.18,C3'-endo
62,54,0.42,A,A,A,1,0,0,0,0,(,132,1,cWW,cW-W,5.29,2.79,1.04,1.49,3.79,5.02,5.05,3.31,BI,anti,A,4.65,4.71,3.04,3.93,3.30,3.90,4.09,4.46,0.17,5.73,0.71,5.65,0.29,40.84,0.09,C3'-endo
63,55,0.43,C,C,C,0,1,0,0,0,(,95,1,cWW,cW-W,5.22,2.92,0.93,1.41,3.66,4.94,5.01,3.32,BI,anti,A,4.60,4.65,2.90,3.66,3.21,3.67,4.17,3.99,0.08,5.76,0.75,5.56,0.41,43.83,0.22,C3'-endo
64,56,0.44,A,A,A,1,0,0,0,0,(,94,1,cWW,cW-W,5.21,2.97,0.90,1.42,3.84,4.89,5.23,3.47,BI,anti,A,4.41,4.69,2.98,3.78,3.16,3.79,3.70,4.07,0.09,5.76,0.74,5.58,0.39,43.25,0.21,C3'-endo
65,57,0.44,U,U,U,0,0,0,1,0,(,93,1,cWW,cW-W,5.35,2.89,0.79,1.29,3.37,4.53,5.12,3.47,BI,anti,A,4.44,4.56,2.84,3.74,3.07,3.70,3.64,4.22,6.21,5.83,0.77,5.45,0.57,48.28,0.41,C3'-endo
66,not resolved,0.45,-,-,-,0,0,0,0,1,,,0,,,,,,,,,,,,,,,,,,,,,,,,,,,,,
67,not resolved,0.46,-,-,-,0,0,0,0,1,,,0,,,,,,,,,,,,,,,,,,,,,,,,,,,,,
68,not resolved,0.46,-,-,-,0,0,0,0,1,,,0,,,,,,,,,,,,,,,,,,,,,,,,,,,,,
69,not resolved,0.47,-,-,-,0,0,0,0,1,,,0,,,,,,,,,,,,,,,,,,,,,,,,,,,,,
70,not resolved,0.48,-,-,-,0,0,0,0,1,,,0,,,,,,,,,,,,,,,,,,,,,,,,,,,,,
71,not resolved,0.48,-,-,-,0,0,0,0,1,,,0,,,,,,,,,,,,,,,,,,,,,,,,,,,,,
72,not resolved,0.49,-,-,-,0,0,0,0,1,,,0,,,,,,,,,,,,,,,,,,,,,,,,,,,,,
73,not resolved,0.50,-,-,-,0,0,0,0,1,,,0,,,,,,,,,,,,,,,,,,,,,,,,,,,,,
74,not resolved,0.50,-,-,-,0,0,0,0,1,,,0,,,,,,,,,,,,,,,,,,,,,,,,,,,,,
75,1001,0.51,A,A,A,1,0,0,0,0,(,92,1,cWW,cW-W,2.90,4.15,2.62,1.28,4.86,3.91,0.95,3.11,..,anti,A,4.44,4.63,3.05,3.91,3.18,3.72,3.86,4.12,6.26,5.79,0.78,5.47,0.53,47.50,0.35,C3'-endo
76,1002,0.52,C,C,C,0,1,0,0,0,(,91,1,cWW,cW-W,1.36,4.44,3.41,1.54,4.20,4.85,5.63,3.13,..,anti,A,4.78,4.79,2.69,3.55,2.94,3.58,3.67,4.07,0.26,5.69,0.69,5.72,0.19,39.37,6.24,C2'-exo
77,1003,0.52,C,C,C,0,1,0,0,0,(,90,1,cWW,cW-W,5.39,2.91,0.72,1.37,3.70,4.96,5.03,3.42,BI,anti,A,4.52,4.69,2.82,3.67,3.11,3.73,3.89,4.13,0.05,5.77,0.76,5.54,0.44,44.81,0.26,C3'-endo
78,1004,0.53,C,C,C,0,1,0,0,0,(,89,1,cWW,cW-W,5.47,3.14,0.62,1.37,3.33,5.14,4.48,3.48,BI,anti,A,4.43,4.55,3.03,3.99,3.21,3.93,3.79,4.68,0.05,5.78,0.73,5.56,0.43,43.51,0.26,C3'-endo
79,1005,0.54,A,A,A,1,0,0,0,0,.,,0,,,2.79,3.40,2.83,1.55,4.33,4.91,5.70,3.08,..,anti,.,4.82,4.84,2.86,3.88,3.17,3.94,4.29,4.60,0.31,5.64,0.71,5.74,0.15,40.70,6.17,C2'-exo
80,1006,0.54,U,U,U,0,0,0,1,0,.,82,1,cSW,cm-W,5.49,2.82,0.80,1.35,3.90,4.79,5.39,3.56,BI,anti,.,4.23,4.73,2.87,3.58,3.25,3.81,4.22,3.94,0.02,5.79,0.75,5.52,0.47,45.23,0.30,C3'-endo
81,1007,0.55,U,U,U,0,0,0,1,0,.,,0,,,5.22,3.60,1.13,2.23,5.15,0.85,4.31,3.78,..,anti,.,0.41,0.53,4.11,1.63,4.13,1.41,4.00,1.14,5.63,0.72,5.77,0.15,0.31,40.95,2.37,C1'-exo
82,1008,0.56,G,G,G,0,0,1,0,0,.,80,1,cWS,cW-m,3.22,3.51,1.54,1.49,4.11,4.87,5.52,4.59,..,anti,.,0.16,4.76,2.54,3.84,2.58,4.01,2.36,4.37,0.14,5.74,0.71,5.63,0.32,41.27,0.13,C3'-endo
83,1009,0.56,C,C,C,0,1,0,0,0,.,,0,,,5.33,3.98,1.44,2.46,3.90,2.37,1.53,4.09,..,anti,.,1.66,1.78,4.22,2.35,4.45,2.02,4.05,2.43,5.70,0.77,5.62,0.34,0.15,43.54,2.62,C2'-endo
84,1010,0.57,A,A,A,1,0,0,0,0,.,,0,,,5.07,2.20,0.98,1.41,3.83,4.88,5.24,3.13,BI,anti,A,4.62,4.62,3.05,3.89,3.09,3.86,3.33,4.49,6.27,5.84,0.70,5.55,0.48,42.85,0.35,C3'-endo
85,1011,0.58,C,C,C,0,1,0,0,0,.,,0,,,5.39,3.03,0.81,1.66,3.54,2.75,0.80,3.70,..,anti,.,3.86,4.25,3.07,1.93,3.36,1.16,4.28,0.26,0.04,5.95,0.48,5.82,0.26,28.00,0.24,C3'-endo
86,1012,0.59,U,U,U,0,0,0,1,0,.,,0,,,1.18,3.28,1.75,1.30,3.96,5.79,4.45,3.44,..,anti,.,4.13,4.50,0.30,4.08,0.70,3.38,1.89,2.32,0.39,5.40,1.03,5.46,0.28,59.11,6.23,C2'-exo
87,1013,0.59,C,C,C,0,1,0,0,0,.,,0,,,5.31,5.15,4.30,1.61,3.72,5.23,4.78,3.35,BI,anti,.,4.61,4.67,2.30,3.29,2.01,3.60,1.12,4.69,0.27,5.71,0.64,5.78,0.16,37.00,6.20,C2'-exo
88,1014,0.60,C,C,C,0,1,0,0,0,.,,0,,,2.86,3.49,2.73,1.54,4.19,4.44,6.03,3.44,..,anti,.,4.40,4.79,2.68,3.23,3.25,3.07,4.64,3.01,0.24,5.68,0.71,5.69,0.23,40.78,6.28,C2'-exo
89,1015,0.61,G,G,G,0,0,1,0,0,),78,1,cWW,cW-W,5.28,3.47,2.96,1.63,3.87,4.94,5.21,3.32,BI,anti,A,4.66,4.75,5.66,3.58,5.72,3.57,5.60,3.77,0.42,5.58,0.71,5.79,0.05,42.19,6.03,C2'-exo
90,1016,0.61,G,G,G,0,0,1,0,0,),77,1,cWW,cW-W,5.36,2.99,0.80,1.40,3.72,5.11,4.89,3.38,BI,anti,A,4.56,4.67,2.96,3.83,3.22,3.87,3.69,4.37,0.06,5.78,0.74,5.56,0.42,43.50,0.25,C3'-endo
91,1017,0.62,G,G,G,0,0,1,0,0,),76,1,cWW,cW-W,5.11,3.00,1.08,1.36,3.85,4.71,5.42,3.28,BI,anti,A,4.67,4.73,3.01,3.48,3.26,3.52,4.05,3.80,0.01,5.80,0.74,5.53,0.47,44.65,0.31,C3'-endo
92,1018,0.63,U,U,U,0,0,0,1,0,),75,1,cWW,cW-W,5.09,2.85,1.03,1.41,3.77,5.06,5.00,3.51,BI,anti,A,4.39,4.71,2.91,3.85,3.03,3.86,3.47,4.33,0.09,5.76,0.73,5.59,0.38,42.81,0.20,C3'-endo
93,67,0.63,A,A,A,1,0,0,0,0,),65,1,cWW,cW-W,5.22,3.06,0.84,1.38,3.69,5.01,4.96,3.46,BI,anti,A,4.48,4.69,2.91,3.72,3.17,3.77,3.94,4.29,0.05,5.77,0.75,5.54,0.44,44.50,0.26,C3'-endo
94,68,0.64,U,U,U,0,0,0,1,0,),64,1,cWW,cW-W,5.33,2.90,0.96,1.43,3.82,4.94,5.17,3.45,BI,anti,.,4.44,4.65,3.08,3.82,3.33,3.94,4.07,4.14,0.04,5.81,0.69,5.60,0.41,41.06,0.26,C3'-endo
95,69,0.65,G,G,G,0,0,1,0,0,),63,1,cWW,cW-W,5.45,2.90,1.06,2.25,4.74,5.13,5.89,4.11,..,anti,.,1.13,1.12,3.61,5.33,3.98,5.18,4.21,5.71,5.66,0.70,5.76,0.17,0.28,39.95,2.41,C1'-exo
96,70,0.65,C,C,C,0,1,0,0,0,.,,0,,,5.25,3.05,0.77,1.52,3.89,2.17,1.72,4.16,..,anti,.,2.39,4.38,2.64,1.43,3.40,0.89,3.83,4.97,6.16,6.02,0.52,5.68,0.47,34.51,0.53,C3'-endo
97,71,0.66,A,A,A,1,0,0,0,0,.,,0,,,0.67,3.24,0.94,2.61,4.88,2.95,1.93,4.43,BII,anti,.,0.30,0.35,5.90,3.01,0.14,2.59,2.15,2.71,5.92,0.66,5.60,0.49,6.20,40.19,2.93,C2'-endo
98,72,0.67,G,G,G,0,0,1,0,0,(,"37,111",2,"tS.,cWW","tm+.,cW-W",4.74,1.00,3.13,1.38,3.68,5.06,4.91,3.19,BI,anti,A,4.73,4.71,4.62,2.38,4.07,2.89,4.24,3.51,0.08,5.73,0.79,5.52,0.44,46.58,0.23,C3'-endo
99,73,0.67,A,A,A,1,0,0,0,0,(,110,1,cWW,cW-W,5.13,3.16,0.93,1.32,3.78,4.83,5.23,3.32,BI,anti,A,4.64,4.73,3.00,3.52,3.19,3.58,3.87,3.93,0.07,5.73,0.80,5.50,0.45,47.24,0.24,C3'-endo
100,74,0.68,G,G,G,0,0,1,0,0,(,"40,109",2,"tSW,cWW","tm+W,cW-W",5.25,2.90,0.95,1.37,3.93,5.05,5.16,3.47,BI,anti,A,4.43,4.80,3.03,3.90,3.15,3.89,3.61,4.22,0.09,5.71,0.80,5.52,0.43,46.71,0.22,C3'-endo
101,75,0.69,G,G,G,0,0,1,0,0,(,108,1,cWW,cW-W,5.12,2.94,1.00,1.28,3.69,1.98,1.71,3.60,..,anti,.,4.22,4.71,2.85,0.17,3.11,6.25,3.71,4.17,6.20,5.84,0.76,5.45,0.59,47.99,0.43,C3'-endo
102,76,0.69,U,U,U,0,0,0,1,0,.,,0,,,5.03,4.13,0.78,2.72,4.09,3.91,0.18,3.93,..,anti,.,1.28,1.29,4.15,3.69,4.92,3.94,0.81,4.56,6.05,0.58,5.59,0.59,6.05,39.98,3.14,C3'-exo
103,77,0.70,G,G,G,0,0,1,0,0,],47,1,cWW,cW-W,4.62,3.68,1.05,1.57,3.79,5.02,5.05,3.19,BI,anti,A,4.64,4.64,3.61,3.97,3.33,4.00,3.67,4.35,0.14,5.78,0.64,5.71,0.28,36.98,0.11,C3'-endo
104,78,0.71,G,G,G,0,0,1,0,0,],46,1,cWW,cW-W,5.24,3.21,0.68,1.49,3.69,4.99,4.98,3.47,BI,anti,A,4.35,4.53,2.95,3.70,3.17,3.75,3.76,4.20,0.05,5.84,0.64,5.66,0.36,37.53,0.24,C3'-endo
105,79,0.71,C,C,C,0,1,0,0,0,],45,1,cWW,cW-W,5.06,3.02,0.89,1.40,3.60,5.14,4.74,3.46,BI,anti,A,4.46,4.62,2.79,3.79,3.03,3.80,3.69,4.28,6.28,5.82,0.72,5.54,0.47,43.53,0.33,C3'-endo
106,80,0.72,A,A,A,1,0,0,0,0,],44,1,cWW,cW-W,5.14,3.08,0.89,1.36,3.73,5.10,4.92,3.47,BI,anti,A,4.40,4.64,2.93,3.77,3.17,3.80,3.91,4.22,6.24,5.84,0.72,5.52,0.51,44.57,0.38,C3'-endo
107,81,0.73,G,G,G,0,0,1,0,0,],43,1,cWW,cW-W,5.06,2.77,1.30,1.32,3.76,5.01,5.03,3.25,BI,anti,A,4.55,4.58,2.98,3.67,3.28,3.68,3.97,4.58,6.11,5.93,0.70,5.46,0.63,46.77,0.53,C3'-endo
108,82,0.73,C,C,C,0,1,0,0,0,),101,1,cWW,cW-W,5.12,2.93,0.93,1.45,3.59,5.05,4.82,3.41,BI,anti,A,4.52,4.62,2.83,3.72,3.12,3.71,4.35,4.01,0.10,5.76,0.72,5.60,0.37,42.30,0.19,C3'-endo
109,83,0.74,C,C,C,0,1,0,0,0,),100,1,cWW,cW-W,5.19,3.14,0.85,1.43,3.69,5.04,4.94,3.45,BI,anti,A,4.45,4.62,3.01,3.74,3.19,3.77,3.72,4.19,0.03,5.81,0.71,5.58,0.43,42.23,0.28,C3'-endo
110,84,0.75,U,U,U,0,0,0,1,0,),"39,99",2,"cSW,cWW","cm-W,cW-W",5.15,2.96,0.89,1.36,3.61,4.95,4.94,3.46,BI,anti,A,4.46,4.63,2.84,3.59,3.09,3.61,3.78,3.98,6.28,5.81,0.74,5.52,0.49,44.87,0.33,C3'-endo
111,85,0.76,C,C,C,0,1,0,0,0,),98,1,cWW,cW-W,5.26,2.87,1.01,1.35,3.78,5.08,4.98,3.24,BI,anti,A,4.67,4.69,3.03,3.82,3.22,3.84,3.80,4.46,6.25,5.84,0.72,5.51,0.51,44.61,0.37,C3'-endo
112,86,0.76,C,C,C,0,1,0,0,0,(,131,1,cWW,cW-W,5.23,3.12,0.78,1.39,3.70,5.06,4.92,3.42,BI,anti,A,4.56,4.73,2.93,3.75,3.17,3.82,4.07,4.41,0.08,5.73,0.78,5.53,0.44,46.09,0.23,C3'-endo
113,87,0.77,G,G,G,0,0,1,0,0,(,130,1,cWW,cW-W,5.25,2.95,0.90,1.43,4.10,4.50,5.89,3.51,..,anti,.,4.16,4.63,3.08,3.54,3.31,3.57,4.07,3.87,6.26,5.87,0.66,5.60,0.45,40.21,0.36,C3'-endo
114,88,0.78,G,G,G,0,0,1,0,0,.,129,1,cWW,cW-W,5.18,2.50,0.93,1.42,3.26,5.04,4.50,3.59,BI,anti,A,4.33,4.55,2.63,4.05,2.91,3.74,3.46,3.89,0.07,5.77,0.73,5.58,0.40,42.84,0.23,C3'-endo
115,89,0.78,U,U,U,0,0,0,1,0,(,128,1,cWW,cW-W,2.60,3.30,3.21,1.51,4.21,4.79,5.71,3.18,..,anti,A,4.75,4.82,2.99,3.50,3.13,3.65,3.70,4.34,0.28,5.64,0.74,5.69,0.20,42.42,6.23,C2'-exo
116,90,0.79,G,G,G,0,0,1,0,0,(,127,1,cWW,cW-W,5.71,2.87,0.39,1.34,3.42,4.87,4.84,3.56,BI,anti,A,4.33,4.61,2.77,3.85,3.07,3.77,3.98,4.09,0.12,5.69,0.80,5.53,0.40,46.86,0.18,C3'-endo
117,91,0.80,G,G,G,0,0,1,0,0,(,126,1,cWW,cW-W,2.65,3.47,3.13,1.56,4.14,4.89,5.53,3.08,..,anti,A,4.81,4.82,2.98,3.56,3.16,3.64,3.78,4.22,0.36,5.59,0.74,5.73,0.12,42.79,6.12,C2'-exo
118,92,0.80,G,G,G,0,0,1,0,0,(,125,1,cWW,cW-W,5.35,2.95,0.77,1.39,3.81,5.10,4.99,3.30,BI,anti,A,4.66,4.74,2.86,3.88,3.15,3.97,3.98,4.59,0.13,5.70,0.78,5.55,0.38,45.54,0.16,C3'-endo
119,93,0.81,U,U,U,0,0,0,1,0,.,,0,,,5.24,3.03,1.00,1.46,3.99,4.72,5.55,3.42,BI,anti,A,4.39,4.65,3.15,4.15,3.43,4.03,4.27,4.57,6.28,5.87,0.64,5.62,0.42,38.80,0.33,C3'-endo
120,94,0.82,U,U,U,0,0,0,1,0,.,,0,,,1.22,3.43,4.48,1.82,3.95,5.16,5.07,3.56,BI,anti,.,4.23,4.65,2.92,4.06,3.14,3.43,4.00,2.33,0.42,5.70,0.51,6.00,6.20,33.00,5.81,C2'-exo
121,95,0.82,A,A,A,1,0,0,0,0,.,,0,,,2.79,3.10,0.83,1.66,3.82,4.98,5.12,3.24,BI,anti,A,4.36,4.38,0.40,4.04,0.90,4.04,0.40,4.60,0.08,5.93,0.49,5.83,0.24,28.27,0.17,C3'-endo
122,96,0.83,A,A,A,1,0,0,0,0,.,,0,,,5.20,2.94,0.80,1.45,3.39,5.04,4.63,3.64,BI,anti,.,4.17,4.48,2.75,4.15,3.13,4.02,4.04,4.38,0.04,5.82,0.68,5.61,0.41,40.59,0.27,C3'-endo
123,97,0.84,A,A,A,1,0,0,0,0,.,,0,,,2.56,3.60,3.32,1.45,3.88,0.08,3.80,3.42,..,anti,.,4.44,4.64,3.12,4.10,3.41,3.87,4.12,4.40,0.02,5.84,0.67,5.61,0.42,39.96,0.30,C3'-endo
124,98,0.84,A,A,A,1,0,0,0,0,.,,0,,,3.92,1.22,3.02,1.56,3.28,0.26,3.01,3.02,..,anti,.,4.41,4.54,3.23,3.80,3.31,4.21,4.27,5.46,0.38,5.59,0.73,5.75,0.10,42.74,6.09,C2'-exo
125,99,0.85,C,C,C,0,1,0,0,0,),118,1,cWW,cW-W,3.58,3.41,1.22,1.43,3.73,4.96,5.05,3.73,BI,anti,.,3.94,4.69,2.20,3.76,3.04,3.79,4.80,4.22,0.10,5.74,0.75,5.58,0.39,43.62,0.19,C3'-endo
126,100,0.86,C,C,C,0,1,0,0,0,),117,1,cWW,cW-W,5.33,2.84,0.93,1.36,3.76,4.87,5.18,3.21,BI,anti,A,4.66,4.67,3.01,3.67,3.26,3.72,3.95,4.18,0.02,5.78,0.76,5.52,0.47,45.24,0.29,C3'-endo
127,101,0.86,C,C,C,0,1,0,0,0,),116,1,cWW,cW-W,5.45,2.95,0.76,1.41,3.94,4.73,5.50,3.35,BI,anti,A,4.53,4.68,3.10,3.73,3.27,3.79,3.90,4.18,0.00,5.83,0.70,5.57,0.45,42.02,0.32,C3'-endo
128,102,0.87,A,A,A,1,0,0,0,0,),115,1,cWW,cW-W,5.47,2.69,0.84,1.42,3.77,4.60,5.45,3.33,BI,anti,.,4.47,4.52,2.97,3.49,3.18,3.51,3.78,4.04,6.18,5.95,0.61,5.60,0.50,39.14,0.47,C3'-endo
129,103,0.88,A,A,A,1,0,0,0,0,.,114,1,cWW,cW-W,5.37,2.67,0.82,1.47,3.76,5.02,5.03,3.54,BI,anti,A,4.35,4.69,2.88,3.89,3.08,3.86,3.82,4.31,0.17,5.71,0.73,5.63,0.31,42.18,0.09,C3'-endo
130,104,0.88,C,C,C,0,1,0,0,0,),113,1,cWW,cW-W,5.16,2.80,1.12,1.45,3.47,5.08,4.67,3.43,BI,anti,A,4.46,4.54,2.91,3.66,3.26,3.76,4.11,3.87,0.03,5.83,0.68,5.61,0.41,40.35,0.28,C3'-endo
131,105,0.89,G,G,G,0,0,1,0,0,),112,1,cWW,cW-W,5.11,3.48,1.02,2.67,5.01,4.67,0.34,4.15,..,anti,.,0.32,0.32,3.63,5.66,4.04,4.95,4.11,4.71,5.90,0.70,5.56,0.52,6.19,42.50,2.93,C2'-endo
132,106,0.90,U,U,U,0,0,0,1,0,),62,1,cWW,cW-W,5.70,2.49,3.04,2.46,3.42,4.45,5.26,4.37,BI,anti,B,2.11,2.11,5.61,2.61,6.22,2.67,0.23,3.38,5.77,0.73,5.63,0.37,0.09,41.30,2.69,C2'-endo
133,107,0.90,U,U,U,0,0,0,1,0,),61,1,cWW,cW-W,3.91,2.57,1.85,1.37,3.55,4.83,5.01,3.49,BI,anti,A,4.36,4.53,2.52,3.29,2.63,3.23,3.47,3.71,6.20,5.88,0.71,5.51,0.55,44.82,0.43,C3'-endo
134,108,0.91,C,C,C,0,1,0,0,0,),60,1,cWW,cW-W,5.27,2.95,0.88,1.46,3.70,4.92,5.07,3.43,BI,anti,A,4.50,4.65,3.01,3.71,3.16,3.71,3.81,4.06,0.10,5.78,0.69,5.63,0.35,40.34,0.18,C3'-endo
135,109,0.92,U,U,U,0,0,0,1,0,),59,1,cWW,cW-W,5.25,3.01,0.79,1.43,3.68,4.98,4.99,3.38,BI,anti,A,4.58,4.68,2.90,3.72,3.09,3.78,3.71,4.41,0.11,5.74,0.74,5.59,0.37,43.02,0.18,C3'-endo
136,110,0.93,C,C,C,0,1,0,0,0,),58,1,cWW,cW-W,5.25,2.95,0.93,1.47,3.67,5.04,4.91,3.56,BI,anti,A,4.33,4.66,3.00,3.81,3.27,3.78,4.14,4.12,0.14,5.74,0.72,5.62,0.34,41.86,0.14,C3'-endo
137,111,0.93,A,A,A,1,0,0,0,0,),57,1,cWW,cW-W,5.17,3.03,0.86,1.47,3.61,4.93,4.96,3.42,BI,anti,A,4.46,4.56,2.89,3.61,3.13,3.60,3.77,3.92,0.05,5.83,0.66,5.63,0.39,39.37,0.26,C3'-endo
138,112,0.94,A,A,A,1,0,0,0,0,),56,1,cWW,cW-W,5.06,2.83,1.11,1.40,3.74,5.09,4.94,3.44,BI,anti,A,4.52,4.71,2.91,3.84,3.13,3.85,3.70,4.64,0.09,5.75,0.74,5.57,0.40,43.64,0.21,C3'-endo
139,113,0.95,C,C,C,0,1,0,0,0,),54,1,cWW,cW-W,5.06,2.96,1.05,1.49,3.67,5.20,4.75,3.49,BI,anti,A,4.43,4.64,2.90,3.97,3.23,3.95,4.37,4.45,0.13,5.75,0.71,5.63,0.34,41.10,0.15,C3'-endo
140,114,0.95,A,A,A,1,0,0,0,0,.,,0,,,4.98,3.08,1.05,1.44,3.83,1.86,1.97,3.48,..,anti,.,4.32,4.58,2.97,0.68,3.28,0.83,4.07,1.53,6.27,5.87,0.65,5.61,0.43,39.35,0.34,C3'-endo
141,115,0.96,A,A,A,1,0,0,0,0,],18,1,cWW,cW-W,5.00,2.80,0.71,1.56,3.82,5.04,5.06,3.46,BI,anti,A,4.49,4.72,3.13,4.02,3.60,4.00,3.47,4.33,0.25,5.69,0.68,5.73,0.19,38.98,6.24,C2'-exo
142,116,0.97,U,U,U,0,0,0,1,0,],17,1,cWW,cW-W,5.18,3.09,0.77,1.41,3.57,5.03,4.82,3.69,BI,anti,A,4.10,4.64,2.82,3.64,3.09,3.65,3.77,4.08,0.07,5.76,0.74,5.57,0.41,43.47,0.23,C3'-endo
143,117,0.97,A,A,A,1,0,0,0,0,],16,1,cWW,cW-W,5.23,3.03,0.76,1.34,3.86,4.85,5.30,3.39,BI,anti,A,4.56,4.78,2.88,3.67,3.05,3.77,3.71,4.42,0.15,5.67,0.83,5.52,0.39,47.84,0.15,C3'-endo
144,118,0.98,G,G,G,0,0,1,0,0,],15,1,cWW,cW-W,5.43,2.90,0.75,1.43,3.80,4.86,5.22,3.35,BI,anti,A,4.64,4.75,2.96,3.73,3.17,3.77,4.03,4.21,0.20,5.67,0.77,5.61,0.30,44.20,0.07,C3'-endo
145,119,0.99,U,U,U,0,0,0,1,0,],14,1,cWW,cW-W,5.37,2.84,0.85,1.39,3.62,4.98,4.93,3.29,BI,anti,A,4.63,4.66,2.92,3.72,3.17,3.73,3.92,3.99,0.15,5.69,0.78,5.57,0.36,45.11,0.14,C3'-endo
146,120,0.99,G,G,G,0,0,1,0,0,],13,1,cWW,cW-W,5.49,2.98,0.85,1.41,4.29,4.10,0.19,3.51,..,anti,.,3.96,4.56,3.25,3.93,3.43,3.82,3.85,3.64,6.25,5.91,0.62,5.63,0.42,37.79,0.37,C3'-endo
147,121,1.00,A23,a,A,0,0,0,0,1,.,,0,,,2.04,4.44,2.77,1.68,,,,3.24,n/a,anti,-,,,,,,,,,5.76,0.24,0.11,5.86,0.60,33.95,1.38,O4'-endo
