index_chain,old_nt_resnum,nt_position,nt_name,nt_code,nt_align_code,is_A,is_C,is_G,is_U,is_other,dbn,paired,nb_interact,pair_type_LW,pair_type_DSSR,alpha,beta,gamma,delta,epsilon,zeta,epsilon_zeta,chi,bb_type,glyco_bond,form,ssZp,Dp,eta,theta,eta_prime,theta_prime,eta_base,theta_base,v0,v1,v2,v3,v4,amplitude,phase_angle,puckering
1,1,0.05,G,G,G,0,0,1,0,0,(,0,1,cWW,cW-W,,,1.27,1.39,3.93,4.85,5.36,3.11,BI,anti,A,4.62,4.76,,,,,,,6.25,5.85,0.69,5.53,0.49,42.80,0.38,C3'-endo
2,2,0.10,G,G,G,0,0,1,0,0,(,"0,0",2,"cWW,cWW","cW-W,cW-W",4.93,2.75,1.18,1.39,3.76,4.96,5.08,3.19,BI,anti,A,4.56,4.61,2.84,3.68,3.08,3.67,4.08,4.00,0.15,5.69,0.79,5.54,0.36,45.91,0.14,C3'-endo
3,3,0.14,G,G,G,0,0,1,0,0,(,"0,0",2,"cWW,tSW","cW-W,tm-W",5.35,3.19,0.65,1.53,3.52,5.10,4.71,3.37,BI,anti,A,4.52,4.57,3.00,3.74,3.18,3.79,3.76,4.16,0.24,5.69,0.72,5.68,0.23,41.06,6.28,C2'-exo
4,4,0.19,C,C,C,0,1,0,0,0,(,0,1,cWW,cW-W,5.08,3.13,0.98,1.46,3.62,4.99,4.91,3.44,BI,anti,A,4.46,4.62,3.00,3.71,3.25,3.73,3.86,4.19,0.00,5.84,0.69,5.57,0.45,41.72,0.32,C3'-endo
5,5,0.24,U,U,U,0,0,0,1,0,(,0,1,cWW,cW-W,5.20,3.13,0.71,1.51,3.66,4.91,5.04,3.46,BI,anti,A,4.36,4.52,2.87,3.70,3.08,3.74,3.79,4.35,0.19,5.71,0.74,5.64,0.28,42.57,0.07,C3'-endo
6,6,0.29,C,C,C,0,1,0,0,0,(,0,1,cWW,cW-W,5.39,2.94,0.76,1.39,3.74,4.84,5.18,3.55,BI,anti,A,4.37,4.72,2.92,3.65,3.11,3.69,3.95,3.93,0.18,5.70,0.74,5.63,0.30,42.71,0.08,C3'-endo
7,7,0.33,C,C,C,0,1,0,0,0,(,0,1,cWW,cW-W,5.43,2.77,0.99,1.31,3.85,5.04,5.09,3.46,BI,anti,A,4.44,4.70,3.03,3.83,3.23,3.84,3.69,4.38,0.10,5.72,0.79,5.53,0.41,46.43,0.20,C3'-endo
8,8,0.38,G,G,G,0,0,1,0,0,(,0,1,cWW,cW-W,5.01,2.97,1.16,1.30,3.67,2.41,1.26,3.37,..,anti,.,4.65,4.75,2.88,1.29,3.15,1.53,4.00,2.17,0.12,5.69,0.80,5.53,0.40,46.81,0.18,C3'-endo
9,9,0.43,G,G,G,0,0,1,0,0,.,,0,,,6.19,2.79,0.18,1.85,4.62,2.33,2.30,4.55,BII,anti,.,-0.14,4.50,4.04,2.15,3.91,1.80,2.96,1.70,0.48,5.75,0.40,6.16,6.06,30.67,5.54,C1'-endo
10,10,0.48,A,A,A,1,0,0,0,0,.,,0,,,5.15,2.50,5.14,1.66,3.55,4.18,5.65,3.15,BI,anti,.,3.73,3.87,1.64,3.47,1.48,3.87,2.00,4.83,6.06,6.20,0.33,5.82,0.44,27.30,0.80,C4'-exo
11,11,0.52,A,A,A,1,0,0,0,0,.,,0,,,1.42,1.71,0.54,1.33,4.22,3.38,0.85,5.05,BII,anti,.,-1.96,4.62,3.98,3.55,4.09,3.49,4.36,3.17,6.19,5.92,0.66,5.56,0.52,41.68,0.45,C3'-endo
12,12,0.57,A,A,A,1,0,0,0,0,.,0,1,cWS,cW-m,2.08,4.56,2.72,1.51,3.34,4.78,4.85,3.89,BI,anti,.,3.57,4.15,2.53,4.30,2.87,3.90,2.76,4.75,6.16,6.06,0.47,5.73,0.43,31.40,0.55,C3'-endo
13,13,0.62,C,C,C,0,1,0,0,0,.,0,1,cWW,cW-W,3.09,4.30,2.04,1.25,3.58,4.96,4.90,4.13,BI,anti,.,2.77,4.60,2.48,3.74,2.97,3.59,4.17,3.82,6.23,5.83,0.75,5.49,0.54,46.54,0.38,C3'-endo
14,14,0.67,C,C,C,0,1,0,0,0,[,0,1,cWW,cW-W,5.09,2.90,1.16,1.32,3.71,4.73,5.27,3.38,BI,anti,.,4.61,4.70,2.97,3.56,3.14,3.60,3.67,3.61,0.13,5.70,0.80,5.54,0.39,46.43,0.17,C3'-endo
15,15,0.71,G,G,G,0,0,1,0,0,[,0,1,cWW,cW-W,4.17,3.48,1.47,1.43,4.05,3.97,0.08,3.58,..,anti,A,4.22,4.78,2.83,3.68,2.84,3.56,2.93,3.57,0.11,5.76,0.71,5.63,0.35,41.10,0.17,C3'-endo
16,16,0.76,C,C,C,0,1,0,0,0,[,"0,0",2,"cWW,cWW","cW-W,cW-W",1.86,4.29,3.32,1.63,4.23,5.09,5.42,3.37,..,anti,.,4.41,4.61,3.09,3.89,3.18,3.91,3.38,4.60,0.21,5.81,0.56,5.83,0.16,31.87,6.24,C2'-exo
17,17,0.81,G,G,G,0,0,1,0,0,(,0,1,cWW,cW-W,5.20,3.00,0.72,1.42,3.80,5.02,5.07,3.12,BI,anti,.,4.65,4.65,2.65,3.82,3.10,3.91,4.18,4.61,0.06,5.80,0.70,5.60,0.39,41.07,0.24,C3'-endo
18,18,0.86,G,G,G,0,0,1,0,0,(,0,1,cWW,cW-W,5.05,3.00,1.02,1.43,4.24,4.92,5.60,3.09,..,anti,A,4.84,4.85,3.01,3.82,3.25,3.74,4.20,3.90,0.22,5.66,0.77,5.62,0.28,43.89,0.04,C3'-endo
19,19,0.90,C,C,C,0,1,0,0,0,(,0,1,cWW,cW-W,4.29,2.09,2.12,1.51,4.36,4.37,6.26,2.95,..,anti,A,4.84,4.83,2.93,3.90,3.06,3.76,3.48,4.14,0.34,5.64,0.71,5.75,0.12,40.99,6.13,C2'-exo
20,20,0.95,G,G,G,0,0,1,0,0,(,0,1,cWW,cW-W,2.05,4.00,3.37,1.53,4.03,4.53,5.78,3.06,..,anti,A,4.69,4.71,2.76,3.81,3.13,3.74,3.94,4.31,0.29,5.67,0.70,5.74,0.16,40.22,6.19,C2'-exo
21,21,1.00,C,C,C,0,1,0,0,0,(,0,1,cWW,cW-W,3.03,3.74,2.67,1.58,,,,3.35,n/a,anti,-,,,,,,,,,0.12,5.86,0.56,5.78,0.25,32.37,0.12,C3'-endo
