index_chain,old_nt_resnum,nt_position,nt_name,nt_code,nt_align_code,is_A,is_C,is_G,is_U,is_other,dbn,paired,nb_interact,pair_type_LW,pair_type_DSSR,alpha,beta,gamma,delta,epsilon,zeta,epsilon_zeta,chi,bb_type,glyco_bond,form,ssZp,Dp,eta,theta,eta_prime,theta_prime,eta_base,theta_base,v0,v1,v2,v3,v4,amplitude,phase_angle,puckering
1,6,0.08,A,A,A,1,0,0,0,0,),0,1,cWW,cW-W,,2.73,0.87,1.55,3.61,4.92,4.97,3.82,BI,anti,.,3.68,4.49,,3.76,,3.76,,4.17,0.26,5.67,0.72,5.69,0.21,41.48,6.25,C2'-exo
2,7,0.15,A,A,A,1,0,0,0,0,),0,1,cWW,cW-W,5.00,3.06,1.05,1.56,3.22,5.99,3.51,3.87,BI,anti,A,3.81,4.46,2.99,4.36,3.29,4.01,3.93,4.35,0.21,5.67,0.74,5.64,0.28,42.66,0.05,C3'-endo
3,8,0.23,C,C,C,0,1,0,0,0,),0,1,cWW,cW-W,3.63,2.31,2.34,1.40,3.54,5.02,4.80,3.48,BI,anti,A,4.43,4.59,2.78,3.34,3.12,3.29,3.95,3.60,0.17,5.69,0.78,5.59,0.34,45.02,0.11,C3'-endo
4,9,0.31,C,C,C,0,1,0,0,0,),0,1,cWW,cW-W,3.46,3.08,2.37,1.45,4.10,4.90,5.49,3.31,..,anti,A,4.92,5.06,2.79,3.72,2.99,3.72,3.52,4.30,0.38,5.50,0.84,5.66,0.17,48.74,6.14,C2'-exo
5,10,0.38,U,U,U,0,0,0,1,0,),0,1,cWW,cW-W,5.15,2.30,1.43,1.47,4.37,4.56,6.09,3.18,..,anti,A,4.55,4.62,3.10,3.81,3.43,3.77,4.34,4.15,0.09,5.80,0.67,5.65,0.34,39.08,0.19,C3'-endo
6,11,0.46,A,A,A,1,0,0,0,0,),0,1,cWW,cW-W,5.40,2.60,0.67,1.26,3.15,4.59,4.84,3.43,BI,anti,A,4.55,4.62,2.73,3.68,3.01,3.69,3.73,4.06,0.08,5.70,0.81,5.49,0.46,47.55,0.23,C3'-endo
7,12,0.54,C,C,C,0,1,0,0,0,),0,1,cWW,cW-W,2.88,4.36,2.50,1.25,4.19,4.70,5.77,3.01,..,anti,A,4.44,4.48,2.93,3.73,3.16,3.68,3.75,4.46,6.18,5.86,0.76,5.44,0.60,48.58,0.45,C3'-endo
8,13,0.62,U,U,U,0,0,0,1,0,),0,1,cWW,cW-W,5.30,2.71,1.00,1.35,4.09,4.59,5.79,3.46,..,anti,A,4.47,4.83,2.94,3.69,3.14,3.72,4.22,4.03,0.25,5.60,0.82,5.58,0.29,47.05,0.02,C3'-endo
9,14,0.69,A,A,A,1,0,0,0,0,),0,1,cWW,cW-W,5.42,2.41,0.89,1.42,3.80,4.46,5.63,3.40,BI,anti,A,4.51,4.64,2.85,3.66,3.10,3.61,3.67,4.03,0.01,5.84,0.68,5.60,0.43,40.82,0.31,C3'-endo
10,15,0.77,C,C,C,0,1,0,0,0,),0,1,cWW,cW-W,5.91,2.54,0.45,1.32,3.17,4.41,5.04,3.63,BI,anti,A,4.23,4.50,2.89,3.61,3.09,3.63,3.83,3.85,0.15,5.66,0.83,5.52,0.39,48.01,0.15,C3'-endo
11,16,0.85,C,C,C,0,1,0,0,0,),0,1,cWW,cW-W,2.79,4.45,2.63,1.30,4.10,4.77,5.60,3.13,..,anti,.,4.50,4.53,3.03,3.85,3.26,3.85,3.69,4.42,6.19,5.90,0.70,5.51,0.54,44.38,0.44,C3'-endo
12,17,0.92,U,U,U,0,0,0,1,0,),0,1,cWW,cW-W,5.53,3.06,0.66,1.63,3.41,4.94,4.75,3.46,BI,anti,A,4.16,4.20,2.95,3.69,3.23,3.72,4.11,4.04,0.13,5.86,0.55,5.80,0.22,31.49,0.09,C3'-endo
13,18,1.00,C,C,C,0,1,0,0,0,),0,1,cWW,cW-W,5.29,3.34,0.65,1.55,,,,3.60,n/a,anti,-,,,,,,,,,0.22,5.72,0.67,5.72,0.22,38.25,0.00,C3'-endo
