index_chain,old_nt_resnum,nt_position,nt_name,nt_code,nt_align_code,is_A,is_C,is_G,is_U,is_other,dbn,paired,nb_interact,pair_type_LW,pair_type_DSSR,alpha,beta,gamma,delta,epsilon,zeta,epsilon_zeta,chi,bb_type,glyco_bond,form,ssZp,Dp,eta,theta,eta_prime,theta_prime,eta_base,theta_base,v0,v1,v2,v3,v4,amplitude,phase_angle,puckering
1,0,0.09,U,U,U,0,0,0,1,0,.,,0,,,,,1.06,1.37,3.94,5.19,5.04,3.29,BI,anti,.,4.83,4.83,,,,,,,0.05,5.80,0.71,5.58,0.41,42.13,0.26,C3'-endo
2,1,0.18,C,C,C,0,1,0,0,0,.,,0,,,5.45,2.77,1.06,1.61,3.46,4.48,5.26,3.51,BI,anti,.,4.06,4.30,3.02,3.35,3.71,3.25,5.06,3.19,0.12,5.86,0.55,5.79,0.24,31.59,0.11,C3'-endo
3,2,0.27,G,G,G,0,0,1,0,0,),0,1,cWW,cW-W,5.43,2.98,1.01,1.36,3.38,4.95,4.71,3.60,BI,anti,A,4.26,4.49,3.30,3.46,3.28,3.47,3.25,3.90,6.20,5.89,0.70,5.52,0.54,43.98,0.43,C3'-endo
4,3,0.36,A,A,A,1,0,0,0,0,),0,1,cWW,cW-W,5.38,2.99,0.88,1.43,3.62,5.05,4.86,3.57,BI,anti,A,4.05,4.52,3.13,3.78,3.31,3.77,3.88,4.38,0.03,5.85,0.65,5.64,0.39,38.57,0.28,C3'-endo
5,4,0.45,C,C,C,0,1,0,0,0,),0,1,cWW,cW-W,5.16,2.94,0.91,1.42,3.45,5.20,4.54,3.55,BI,anti,A,4.36,4.58,2.82,3.78,3.11,3.76,4.03,4.11,0.07,5.81,0.68,5.63,0.37,39.98,0.23,C3'-endo
6,5,0.55,C,C,C,0,1,0,0,0,),0,1,cWW,cW-W,4.93,3.21,1.00,1.45,3.54,4.92,4.91,3.49,BI,anti,A,4.45,4.52,2.92,3.64,3.16,3.68,3.78,4.23,6.21,5.93,0.61,5.61,0.47,38.62,0.43,C3'-endo
7,6,0.64,A,A,A,1,0,0,0,0,),0,1,cWW,cW-W,5.40,2.78,0.89,1.46,3.64,4.94,4.99,3.41,BI,anti,A,4.34,4.46,3.01,3.74,3.29,3.69,4.09,4.03,6.22,5.93,0.61,5.63,0.45,37.86,0.41,C3'-endo
8,7,0.73,G,G,G,0,0,1,0,0,),0,1,cWW,cW-W,5.11,2.80,1.14,1.41,3.59,5.01,4.86,3.29,BI,anti,A,4.69,4.60,2.89,3.72,3.16,3.67,3.83,4.05,6.21,5.92,0.65,5.57,0.49,40.92,0.43,C3'-endo
9,8,0.82,G,G,G,0,0,1,0,0,),0,1,cWW,cW-W,4.73,3.15,1.23,1.47,3.37,5.00,4.66,3.35,BI,anti,A,4.60,4.51,2.82,3.59,3.08,3.59,3.78,4.05,6.22,5.90,0.65,5.58,0.48,40.63,0.41,C3'-endo
10,9,0.91,C,C,C,0,1,0,0,0,),0,1,cWW,cW-W,4.77,3.22,1.27,1.59,3.64,5.15,4.77,3.41,BI,anti,A,4.58,4.57,3.04,4.05,3.26,4.00,3.93,4.53,0.03,5.84,0.66,5.62,0.40,39.32,0.28,C3'-endo
11,10,1.00,U,U,U,0,0,0,1,0,.,0,1,cWW,cW-W,4.77,3.30,1.12,1.33,,,,3.71,n/a,anti,-,,,,,,,,,0.01,5.88,0.62,5.66,0.39,36.96,0.30,C3'-endo
