index_chain,old_nt_resnum,nt_position,nt_name,nt_code,nt_align_code,is_A,is_C,is_G,is_U,is_other,dbn,paired,nb_interact,pair_type_LW,pair_type_DSSR,alpha,beta,gamma,delta,epsilon,zeta,epsilon_zeta,chi,bb_type,glyco_bond,form,ssZp,Dp,eta,theta,eta_prime,theta_prime,eta_base,theta_base,v0,v1,v2,v3,v4,amplitude,phase_angle,puckering
1,1,0.09,C,C,C,0,1,0,0,0,.,,0,,,,,1.14,1.60,3.61,4.00,5.89,2.91,..,anti,.,4.43,4.62,,,,,,,0.33,5.69,0.62,5.83,0.08,36.25,6.08,C2'-exo
2,2,0.18,A,A,A,1,0,0,0,0,.,0,1,cWW,cW-W,5.79,2.89,0.87,1.18,1.40,0.86,0.54,3.45,..,anti,.,3.75,3.64,4.01,3.98,3.88,3.82,3.40,4.32,0.09,5.77,0.72,5.60,0.37,42.26,0.20,C3'-endo
3,3,0.27,A,A,A,1,0,0,0,0,),0,1,cWW,cW-W,1.74,3.27,2.95,1.54,4.17,4.85,5.61,3.23,..,anti,A,4.32,4.58,2.89,3.59,3.21,3.67,4.01,4.21,0.17,5.82,0.56,5.80,0.20,32.32,0.04,C3'-endo
4,4,0.36,C,C,C,0,1,0,0,0,),0,1,cWW,cW-W,5.40,2.66,0.81,1.37,3.71,4.98,5.02,3.43,BI,anti,A,4.45,4.62,2.74,3.75,3.09,3.74,3.89,4.20,0.01,5.83,0.70,5.58,0.44,41.87,0.30,C3'-endo
5,5,0.45,C,C,C,0,1,0,0,0,),0,1,cWW,cW-W,5.12,2.92,1.03,1.44,3.45,5.19,4.55,3.41,BI,anti,A,4.43,4.47,2.88,3.77,3.17,3.76,3.92,4.27,6.25,5.89,0.63,5.62,0.44,38.72,0.37,C3'-endo
6,6,0.55,A,A,A,1,0,0,0,0,),0,1,cWW,cW-W,5.22,3.19,0.78,1.42,3.59,5.03,4.85,3.57,BI,anti,A,4.08,4.50,3.00,3.68,3.26,3.68,4.03,4.05,0.02,5.85,0.66,5.61,0.41,39.67,0.30,C3'-endo
7,7,0.64,G,G,G,0,0,1,0,0,),0,1,cWW,cW-W,5.17,2.86,1.08,1.36,3.64,4.96,4.96,3.37,BI,anti,A,4.77,4.65,2.93,3.63,3.16,3.61,3.79,3.94,6.23,5.91,0.64,5.60,0.47,39.70,0.41,C3'-endo
8,8,0.73,G,G,G,0,0,1,0,0,),0,1,cWW,cW-W,5.25,2.97,0.94,1.37,3.57,4.93,4.92,3.39,BI,anti,A,4.65,4.59,2.97,3.54,3.18,3.59,3.77,4.10,6.23,5.89,0.66,5.58,0.48,40.90,0.39,C3'-endo
9,9,0.82,C,C,C,0,1,0,0,0,),0,1,cWW,cW-W,5.16,2.90,1.15,1.53,3.58,5.03,4.84,3.40,BI,anti,A,4.58,4.56,3.05,4.28,3.33,4.08,4.07,4.65,0.06,5.84,0.64,5.65,0.36,37.98,0.24,C3'-endo
10,10,0.91,U,U,U,0,0,0,1,0,.,0,1,cWW,cW-W,2.94,3.33,2.89,1.47,4.59,3.66,0.93,3.50,..,anti,.,3.56,4.52,2.96,0.73,3.25,6.07,4.13,4.35,0.15,5.82,0.59,5.76,0.24,34.14,0.08,C3'-endo
11,11,1.00,U,U,U,0,0,0,1,0,.,,0,,,3.39,0.29,4.73,1.70,,,,2.84,n/a,anti,-,,,,,,,,,0.17,5.85,0.51,5.85,0.17,29.01,6.28,C2'-exo
