index_chain,old_nt_resnum,nt_position,nt_name,nt_code,nt_align_code,is_A,is_C,is_G,is_U,is_other,dbn,paired,nb_interact,pair_type_LW,pair_type_DSSR,alpha,beta,gamma,delta,epsilon,zeta,epsilon_zeta,chi,bb_type,glyco_bond,form,ssZp,Dp,eta,theta,eta_prime,theta_prime,eta_base,theta_base,v0,v1,v2,v3,v4,amplitude,phase_angle,puckering
1,1,0.01,G,G,G,0,0,1,0,0,(,72,1,cWW,cW-W,,4.22,1.24,1.43,3.29,4.71,4.86,3.50,BI,anti,A,4.36,4.39,,3.93,,3.80,,4.07,6.25,5.87,0.67,5.58,0.46,41.16,0.36,C3'-endo
2,2,0.03,C,C,C,0,1,0,0,0,(,71,1,cWW,cW-W,2.72,3.71,2.93,1.44,3.93,5.11,5.10,3.29,BI,anti,.,4.65,4.73,2.84,3.81,3.08,3.80,3.68,4.38,0.07,5.81,0.67,5.63,0.36,39.53,0.23,C3'-endo
3,3,0.04,G,G,G,0,0,1,0,0,(,70,1,cWW,cW-W,5.49,3.08,0.62,1.33,3.70,4.47,5.52,3.49,BI,anti,.,4.46,4.63,2.91,3.67,3.23,3.53,4.13,3.40,6.24,5.88,0.68,5.56,0.48,42.17,0.38,C3'-endo
4,4,0.05,G,G,G,0,0,1,0,0,(,69,1,cWW,cW-W,1.88,3.88,3.78,1.51,3.61,5.05,4.85,3.27,BI,anti,.,4.61,4.64,3.15,3.48,3.15,3.51,3.19,4.21,0.10,5.82,0.64,5.68,0.32,37.40,0.18,C3'-endo
5,5,0.07,A,A,A,1,0,0,0,0,(,68,1,cWW,cW-W,2.84,3.30,2.91,1.52,4.40,4.75,5.94,3.05,..,anti,A,4.80,4.86,2.85,3.69,3.16,3.82,4.15,4.48,0.29,5.68,0.67,5.75,0.16,38.58,6.19,C2'-exo
6,6,0.08,U,U,U,0,0,0,1,0,(,67,1,cWW,cW-W,5.38,2.60,1.06,1.46,3.91,4.86,5.34,3.33,BI,anti,A,4.57,4.67,2.89,3.87,3.30,3.88,4.24,4.41,0.01,5.84,0.68,5.59,0.43,41.08,0.30,C3'-endo
7,7,0.09,U,U,U,0,0,0,1,0,(,66,1,cWW,cW-W,4.97,3.02,1.13,1.79,5.78,4.07,1.71,3.52,..,anti,.,2.02,2.74,3.62,5.22,3.75,5.16,4.38,5.61,6.20,6.06,0.42,5.79,0.36,27.67,0.51,C3'-endo
8,8,0.11,U,U,U,0,0,0,1,0,.,"14,21",2,"tWH,tSW","tW-M,tm+W",5.68,2.99,0.95,1.44,3.53,4.08,5.73,3.31,BI,anti,.,4.56,4.59,3.08,2.46,3.69,3.20,3.92,3.08,0.05,5.80,0.71,5.58,0.41,41.91,0.26,C3'-endo
9,9,0.12,A,A,A,1,0,0,0,0,.,23,1,tHH,tM+M,4.75,4.17,0.85,1.58,0.86,1.87,5.28,4.45,..,anti,.,0.43,2.77,4.15,4.83,3.47,4.19,2.80,4.26,0.25,5.73,0.63,5.78,0.16,36.38,6.21,C2'-exo
10,10,0.13,A,A,A,1,0,0,0,0,.,"25,45",2,"cWW,cHS","cW-W,cM+m",2.15,3.84,0.94,1.57,3.72,5.00,5.00,3.25,BI,anti,A,4.63,4.64,1.36,3.93,2.07,4.03,2.34,4.64,0.20,5.76,0.64,5.74,0.22,36.49,0.02,C3'-endo
11,11,0.14,C,C,C,0,1,0,0,0,(,24,1,cWW,cW-W,5.28,2.92,0.88,1.49,3.65,5.07,4.86,3.40,BI,anti,A,4.30,4.50,2.96,3.96,3.30,3.95,4.18,4.48,0.03,5.87,0.63,5.66,0.38,37.38,0.28,C3'-endo
12,12,0.16,U,U,U,0,0,0,1,0,(,23,1,cWW,cW-W,5.54,2.89,0.62,1.34,3.62,4.58,5.33,3.42,BI,anti,.,4.44,4.57,2.92,3.86,3.23,3.73,4.12,3.79,6.24,5.90,0.65,5.60,0.46,39.99,0.38,C3'-endo
13,13,0.17,C,C,C,0,1,0,0,0,(,22,1,cWW,cW-W,2.29,3.91,3.24,1.47,3.27,5.13,4.42,3.50,BI,anti,.,4.47,4.44,2.88,3.51,3.15,3.30,3.50,3.29,6.26,5.90,0.62,5.64,0.42,37.62,0.35,C3'-endo
14,14,0.18,A,A,A,1,0,0,0,0,.,"8,21",2,"tHW,cWS","tM-W,cW-m",2.92,3.17,3.07,1.45,4.22,5.00,5.50,3.11,..,anti,.,4.78,4.71,3.07,3.61,3.17,3.77,3.38,4.92,6.26,5.89,0.64,5.61,0.44,38.95,0.36,C3'-endo
15,15,0.20,G,G,G,0,0,1,0,0,.,48,1,tWW,tW+W,4.84,2.95,1.21,1.61,4.29,5.12,5.46,3.74,..,anti,.,3.71,4.75,2.90,3.92,3.30,3.67,4.58,2.88,0.17,5.78,0.63,5.73,0.24,35.98,0.06,C3'-endo
16,16,0.21,U,U,U,0,0,0,1,0,.,59,1,tWW,tW+W,4.45,1.39,2.76,1.93,3.20,0.11,3.10,3.66,..,anti,-,,,3.97,4.27,3.55,4.69,2.86,,6.01,0.19,6.24,6.17,0.24,15.42,1.73,O4'-endo
17,17,0.22,U,U,U,0,0,0,1,0,.,,0,,,1.06,2.33,5.89,1.57,2.90,2.90,6.28,,..,n/a,-,,,3.69,1.26,4.54,1.51,0.00,0.00,0.11,5.79,0.67,5.66,0.32,38.65,0.16,C3'-endo
18,18,0.24,G,G,G,0,0,1,0,0,.,55,1,tWW,tW+W,6.27,3.21,0.71,1.46,2.94,5.00,4.22,3.62,BI,anti,.,3.89,4.21,4.21,3.05,4.08,3.32,,3.86,0.07,5.81,0.66,5.64,0.36,39.09,0.23,C3'-endo
19,19,0.25,G,G,G,0,0,1,0,0,[,56,1,cWW,cW-W,5.01,4.07,1.39,1.64,0.33,5.59,1.03,4.68,..,anti,.,-0.56,2.65,4.60,1.81,4.47,1.79,4.20,2.00,0.13,5.81,0.62,5.72,0.28,35.57,0.12,C3'-endo
20,20,0.26,G,G,G,0,0,1,0,0,.,57,1,tWS,tW+m,3.81,4.49,1.19,1.59,3.91,2.41,1.50,5.32,..,anti,.,-2.50,4.66,2.86,1.97,2.78,2.06,2.99,2.26,0.17,5.79,0.61,5.75,0.24,35.11,0.06,C3'-endo
21,21,0.28,A,A,A,1,0,0,0,0,.,"8,14",2,"tWS,cSW","tW+m,cm-W",0.16,2.82,5.64,1.58,3.42,4.41,5.30,4.35,BI,anti,.,1.98,4.58,3.30,3.15,3.12,2.88,3.28,2.62,0.33,5.66,0.66,5.80,0.10,38.41,6.11,C2'-exo
22,22,0.29,G,G,G,0,0,1,0,0,),"13,46",2,"cWW,tHW","cW-W,tM-W",1.52,3.71,3.80,1.55,3.31,4.86,4.73,3.58,BI,anti,.,4.09,4.41,2.92,2.91,2.69,2.94,2.59,3.01,0.23,5.73,0.64,5.75,0.19,36.97,6.25,C2'-exo
23,23,0.30,A,A,A,1,0,0,0,0,),"9,12",2,"tHH,cWW","tM+M,cW-W",3.06,3.15,2.63,1.53,3.91,5.13,5.06,3.22,BI,anti,A,4.71,4.78,2.72,3.75,2.86,3.73,3.07,4.19,0.28,5.69,0.67,5.75,0.16,38.41,6.20,C2'-exo
24,24,0.32,G,G,G,0,0,1,0,0,),11,1,cWW,cW-W,5.08,3.38,0.63,1.42,3.53,5.28,4.54,3.38,BI,anti,A,4.62,4.66,2.74,3.82,2.98,3.96,3.75,4.85,0.10,5.78,0.70,5.62,0.35,40.72,0.19,C3'-endo
25,25,0.33,C,C,C,0,1,0,0,0,.,10,1,cWW,cW-W,5.06,3.17,0.96,1.48,3.40,5.43,4.26,3.50,BI,anti,A,4.34,4.54,2.93,3.99,3.33,3.98,4.49,4.71,0.14,5.76,0.68,5.66,0.30,39.45,0.12,C3'-endo
26,26,0.34,G,G,G,0,0,1,0,0,.,44,1,cWW,cW-W,4.86,3.64,0.65,1.61,3.76,5.02,5.02,3.48,BI,anti,.,4.45,4.68,2.92,3.92,3.16,3.98,4.15,4.35,0.29,5.70,0.63,5.80,0.13,36.65,6.15,C2'-exo
27,27,0.36,C,C,C,0,1,0,0,0,(,43,1,cWW,cW-W,5.98,3.33,0.06,1.59,3.28,5.50,4.06,3.54,BI,anti,A,4.32,4.44,3.12,3.66,3.36,3.76,3.90,4.12,0.25,5.72,0.64,5.77,0.17,36.85,6.22,C2'-exo
28,28,0.37,C,C,C,0,1,0,0,0,.,,0,,,5.19,3.79,0.34,1.58,,,,3.88,..,anti,-,,,,,,,,,0.24,5.73,0.64,5.77,0.17,36.64,6.23,C2'-exo
29,not resolved,0.38,-,-,-,0,0,0,0,1,,,0,,,,,,,,,,,,,,,,,,,,,,,,,,,,,
30,not resolved,0.39,-,-,-,0,0,0,0,1,,,0,,,,,,,,,,,,,,,,,,,,,,,,,,,,,
31,not resolved,0.41,-,-,-,0,0,0,0,1,,,0,,,,,,,,,,,,,,,,,,,,,,,,,,,,,
32,not resolved,0.42,-,-,-,0,0,0,0,1,,,0,,,,,,,,,,,,,,,,,,,,,,,,,,,,,
33,not resolved,0.43,-,-,-,0,0,0,0,1,,,0,,,,,,,,,,,,,,,,,,,,,,,,,,,,,
34,not resolved,0.45,-,-,-,0,0,0,0,1,,,0,,,,,,,,,,,,,,,,,,,,,,,,,,,,,
35,not resolved,0.46,-,-,-,0,0,0,0,1,,,0,,,,,,,,,,,,,,,,,,,,,,,,,,,,,
36,not resolved,0.47,-,-,-,0,0,0,0,1,,,0,,,,,,,,,,,,,,,,,,,,,,,,,,,,,
37,not resolved,0.49,-,-,-,0,0,0,0,1,,,0,,,,,,,,,,,,,,,,,,,,,,,,,,,,,
38,not resolved,0.50,-,-,-,0,0,0,0,1,,,0,,,,,,,,,,,,,,,,,,,,,,,,,,,,,
39,not resolved,0.51,-,-,-,0,0,0,0,1,,,0,,,,,,,,,,,,,,,,,,,,,,,,,,,,,
40,not resolved,0.53,-,-,-,0,0,0,0,1,,,0,,,,,,,,,,,,,,,,,,,,,,,,,,,,,
41,not resolved,0.54,-,-,-,0,0,0,0,1,,,0,,,,,,,,,,,,,,,,,,,,,,,,,,,,,
42,not resolved,0.55,-,-,-,0,0,0,0,1,,,0,,,,,,,,,,,,,,,,,,,,,,,,,,,,,
43,43,0.57,G,G,G,0,0,1,0,0,),27,1,cWW,cW-W,,0.51,3.63,1.59,3.74,4.68,5.35,3.33,BI,anti,.,4.60,4.66,,2.28,,2.78,,3.17,0.23,5.73,0.64,5.76,0.19,36.83,6.25,C2'-exo
44,44,0.58,A,A,A,1,0,0,0,0,.,26,1,cWW,cW-W,0.25,2.99,5.97,1.60,3.67,5.22,4.73,3.74,BI,anti,.,3.95,4.63,3.13,3.79,3.27,3.96,3.57,4.85,0.24,5.73,0.64,5.77,0.18,36.42,6.24,C2'-exo
45,45,0.59,G,G,G,0,0,1,0,0,.,10,1,cSH,cm+M,4.88,3.07,1.00,1.36,0.74,2.04,4.98,3.54,..,anti,.,2.98,3.42,3.37,4.21,3.72,4.08,4.64,4.04,0.15,5.76,0.68,5.67,0.29,39.18,0.11,C3'-endo
46,46,0.61,G,G,G,0,0,1,0,0,.,22,1,tWH,tW-M,5.78,2.72,5.24,1.48,1.16,1.54,5.90,4.69,..,anti,.,0.50,2.76,3.11,4.22,3.45,3.60,3.42,2.44,0.19,5.77,0.62,5.75,0.21,35.30,0.02,C3'-endo
47,47,0.62,U,U,U,0,0,0,1,0,.,,0,,,0.73,2.83,0.81,1.47,2.99,1.19,1.80,1.51,..,syn,.,-1.45,4.13,5.41,6.06,6.28,5.37,1.08,4.70,0.11,5.80,0.66,5.66,0.32,38.34,0.17,C3'-endo
48,48,0.63,C,C,C,0,1,0,0,0,.,15,1,tWW,tW+W,3.47,4.47,2.53,1.64,3.75,1.67,2.08,3.46,..,anti,.,2.08,2.51,4.20,1.17,5.21,0.45,5.39,4.53,5.76,0.24,0.12,5.86,0.59,33.76,1.37,O4'-endo
49,49,0.64,C,C,C,0,1,0,0,0,(,65,1,cWW,cW-W,0.85,2.93,0.72,1.47,3.57,4.93,4.92,3.32,BI,anti,A,4.67,4.56,5.22,3.64,5.66,3.69,1.76,3.99,0.07,5.82,0.67,5.64,0.36,39.21,0.23,C3'-endo
50,50,0.66,U,U,U,0,0,0,1,0,(,64,1,cWW,cW-W,5.16,3.16,0.95,1.48,3.54,4.98,4.84,3.35,BI,anti,A,4.38,4.55,3.08,3.69,3.25,3.73,3.72,4.27,0.12,5.79,0.66,5.67,0.32,38.36,0.16,C3'-endo
51,51,0.67,G,G,G,0,0,1,0,0,(,63,1,cWW,cW-W,5.19,2.97,0.93,1.49,3.75,5.06,4.97,3.35,BI,anti,A,4.64,4.66,2.98,3.95,3.23,3.94,4.02,4.34,0.12,5.78,0.68,5.66,0.32,39.44,0.15,C3'-endo
52,52,0.68,U,U,U,0,0,0,1,0,(,62,1,cWW,cW-W,4.95,3.04,1.10,1.43,3.59,5.03,4.84,3.44,BI,anti,A,4.40,4.56,2.85,3.72,3.15,3.70,3.91,3.92,0.02,5.83,0.69,5.59,0.42,41.51,0.29,C3'-endo
53,53,0.70,G,G,G,0,0,1,0,0,(,61,1,cWW,cW-W,5.10,2.99,1.15,1.43,3.41,5.16,4.54,3.35,BI,anti,A,4.18,4.39,3.00,3.72,3.29,3.70,3.79,4.51,6.16,5.93,0.67,5.53,0.55,43.41,0.48,C3'-endo
54,54,0.71,U,U,U,0,0,0,1,0,.,58,1,tWH,tW-M,4.92,3.33,0.90,1.52,3.97,4.93,5.33,3.63,BI,anti,.,4.04,4.72,3.03,4.18,3.21,4.03,4.20,4.26,0.07,5.82,0.65,5.65,0.35,38.29,0.22,C3'-endo
55,55,0.72,U,U,U,0,0,0,1,0,.,18,1,tWW,tW+W,0.85,3.72,4.76,1.65,3.18,0.62,2.56,3.59,..,anti,.,4.17,4.35,3.04,4.56,3.20,3.75,3.75,2.78,0.30,5.74,0.57,5.87,0.08,33.16,6.08,C2'-exo
56,56,0.74,C,C,C,0,1,0,0,0,],19,1,cWW,cW-W,2.53,2.05,0.81,1.42,4.01,5.16,5.14,3.37,BI,anti,.,4.37,4.54,0.01,4.32,0.97,4.16,0.61,4.97,6.18,5.97,0.58,5.63,0.48,37.44,0.48,C3'-endo
57,57,0.75,G,G,G,0,0,1,0,0,.,20,1,tSW,tm+W,4.55,2.74,1.45,1.51,4.32,4.06,0.26,3.18,..,anti,.,4.69,4.80,2.72,3.95,3.11,4.14,4.40,4.22,0.11,5.77,0.68,5.64,0.33,39.78,0.16,C3'-endo
58,58,0.76,A,A,A,1,0,0,0,0,.,54,1,tHW,tM-W,0.73,2.36,0.31,2.05,5.96,2.24,3.73,4.88,BII,anti,.,-0.50,0.31,4.14,3.74,4.35,3.01,4.26,2.49,5.93,0.29,6.16,6.21,0.26,19.66,1.95,C1'-exo
59,59,0.78,U,U,U,0,0,0,1,0,.,16,1,tWW,tW+W,1.12,3.15,0.91,1.45,3.83,5.26,4.85,3.35,BI,anti,.,4.35,4.62,0.18,4.17,0.42,4.23,0.90,4.93,0.08,5.82,0.65,5.66,0.35,38.35,0.21,C3'-endo
60,60,0.79,C,C,C,0,1,0,0,0,.,,0,,,4.74,3.10,1.24,1.83,5.53,4.27,1.27,3.59,..,anti,.,2.34,2.47,3.43,5.10,3.76,5.03,4.62,5.58,5.97,6.28,0.30,5.79,0.51,29.73,0.95,C4'-exo
61,61,0.80,C,C,C,0,1,0,0,0,),53,1,cWW,cW-W,5.41,2.62,0.81,1.39,3.99,4.70,5.57,3.23,BI,anti,A,4.56,4.74,2.54,3.78,3.20,3.83,3.74,4.32,0.07,5.81,0.68,5.63,0.37,39.73,0.23,C3'-endo
62,62,0.82,A,A,A,1,0,0,0,0,),52,1,cWW,cW-W,5.46,2.79,0.73,1.44,3.88,4.79,5.38,3.50,BI,anti,A,4.25,4.65,2.96,3.80,3.17,3.84,3.87,4.30,0.07,5.79,0.70,5.61,0.38,41.16,0.22,C3'-endo
63,63,0.83,C,C,C,0,1,0,0,0,),51,1,cWW,cW-W,5.45,2.71,0.80,1.38,3.58,5.04,4.83,3.58,BI,anti,A,4.33,4.59,2.83,3.72,3.11,3.70,3.86,4.11,0.01,5.82,0.71,5.57,0.44,42.76,0.30,C3'-endo
64,64,0.84,A,A,A,1,0,0,0,0,),50,1,cWW,cW-W,4.85,3.12,1.14,1.51,3.74,5.11,4.91,3.31,BI,anti,.,4.54,4.63,2.90,3.95,3.12,3.91,3.80,4.15,0.02,5.85,0.65,5.63,0.40,38.89,0.29,C3'-endo
65,65,0.86,G,G,G,0,0,1,0,0,),49,1,cWW,cW-W,5.04,2.95,1.14,1.40,3.34,4.84,4.78,3.36,BI,anti,A,4.55,4.29,2.88,3.34,3.23,3.32,3.83,3.92,5.98,6.08,0.61,5.49,0.69,45.46,0.70,C4'-exo
66,66,0.87,A,A,A,1,0,0,0,0,),7,1,cWW,cW-W,5.05,3.09,0.99,1.50,3.40,5.22,4.46,3.22,BI,anti,A,4.35,4.43,2.98,3.79,3.12,3.82,3.91,4.30,0.09,5.83,0.64,5.68,0.33,37.18,0.20,C3'-endo
67,67,0.88,A,A,A,1,0,0,0,0,),6,1,cWW,cW-W,4.88,3.39,0.90,1.50,3.38,5.31,4.35,3.56,BI,anti,A,4.10,4.51,2.93,3.86,3.19,3.84,3.94,4.22,0.08,5.80,0.68,5.63,0.36,39.87,0.21,C3'-endo
68,68,0.89,U,U,U,0,0,0,1,0,),5,1,cWW,cW-W,4.94,3.27,0.90,1.40,3.54,5.27,4.56,3.61,BI,anti,A,4.29,4.64,2.87,3.83,3.11,3.89,3.80,4.40,0.04,5.80,0.72,5.57,0.42,43.04,0.27,C3'-endo
69,69,0.91,U,U,U,0,0,0,1,0,),4,1,cWW,cW-W,5.15,3.02,1.05,1.37,3.28,4.92,4.65,3.41,BI,anti,.,4.34,4.43,2.97,3.31,3.37,3.28,4.22,3.42,6.20,5.90,0.67,5.55,0.51,42.47,0.43,C3'-endo
70,70,0.92,C,C,C,0,1,0,0,0,),3,1,cWW,cW-W,5.16,3.30,0.78,1.39,3.15,5.22,4.21,3.51,BI,anti,.,4.37,4.45,3.02,3.89,3.07,3.74,3.32,3.91,0.04,5.83,0.68,5.61,0.40,40.29,0.28,C3'-endo
71,71,0.93,G,G,G,0,0,1,0,0,),2,1,cWW,cW-W,2.72,3.17,3.15,1.53,4.04,4.87,5.46,3.16,..,anti,A,4.68,4.77,3.03,3.35,3.19,3.50,3.67,4.22,0.21,5.72,0.68,5.70,0.23,38.91,0.02,C3'-endo
72,72,0.95,C,C,C,0,1,0,0,0,),1,1,cWW,cW-W,5.34,2.87,0.87,1.42,3.69,5.09,4.89,3.55,BI,anti,A,4.40,4.70,2.91,3.83,3.21,3.83,4.10,4.26,0.12,5.76,0.70,5.64,0.33,40.52,0.15,C3'-endo
73,73,0.96,A,A,A,1,0,0,0,0,.,,0,,,5.28,3.05,0.77,1.39,3.83,4.89,5.22,3.48,BI,anti,A,4.46,4.78,2.94,3.70,3.19,3.79,3.90,4.29,0.12,5.74,0.74,5.59,0.36,43.02,0.16,C3'-endo
74,74,0.97,C,C,C,0,1,0,0,0,.,,0,,,5.35,2.89,0.91,1.47,3.61,5.20,4.69,3.54,BI,anti,A,4.35,4.58,3.00,3.94,3.26,3.95,3.97,4.66,0.03,5.85,0.66,5.62,0.40,39.15,0.29,C3'-endo
75,75,0.99,C,C,C,0,1,0,0,0,.,,0,,,4.93,3.10,1.06,1.44,3.52,0.69,2.83,3.51,..,anti,.,4.36,4.56,2.85,5.98,3.23,5.24,4.28,4.42,0.08,5.81,0.67,5.65,0.35,38.97,0.20,C3'-endo
76,76,1.00,A,A,A,1,0,0,0,0,.,,0,,,2.03,3.27,0.92,1.63,,,,3.81,n/a,anti,-,,,,,,,,,0.10,5.87,0.55,5.77,0.26,31.96,0.15,C3'-endo
