index_chain,old_nt_resnum,nt_position,nt_name,nt_code,nt_align_code,is_A,is_C,is_G,is_U,is_other,dbn,paired,nb_interact,pair_type_LW,pair_type_DSSR,alpha,beta,gamma,delta,epsilon,zeta,epsilon_zeta,chi,bb_type,glyco_bond,form,ssZp,Dp,eta,theta,eta_prime,theta_prime,eta_base,theta_base,v0,v1,v2,v3,v4,amplitude,phase_angle,puckering
1,1,0.01,G,G,G,0,0,1,0,0,(,93,1,cWW,cW-W,,2.72,0.99,1.57,3.62,5.23,4.68,3.13,BI,anti,A,4.47,4.51,,4.10,,4.02,,4.54,0.12,5.81,0.63,5.70,0.29,36.58,0.14,C3'-endo
2,2,0.02,G,G,G,0,0,1,0,0,(,92,1,cWW,cW-W,4.74,3.34,0.93,1.51,3.58,4.89,4.97,3.33,BI,anti,A,4.58,4.61,2.75,3.65,3.07,3.68,4.01,4.01,0.08,5.81,0.67,5.64,0.36,39.15,0.21,C3'-endo
3,3,0.03,C,C,C,0,1,0,0,0,(,91,1,cWW,cW-W,5.51,3.00,0.65,1.46,3.72,4.96,5.04,3.45,BI,anti,A,4.46,4.62,3.05,3.71,3.23,3.77,3.75,4.15,0.02,5.84,0.68,5.60,0.42,40.62,0.30,C3'-endo
4,4,0.04,U,U,U,0,0,0,1,0,(,90,1,cWW,cW-W,4.86,2.85,1.35,1.38,4.01,4.97,5.33,3.31,BI,anti,.,4.50,4.63,2.97,3.90,3.19,3.90,3.77,4.72,6.25,5.88,0.67,5.58,0.46,40.92,0.36,C3'-endo
5,5,0.05,U,U,U,0,0,0,1,0,(,89,1,cWW,cW-W,5.12,2.79,1.10,1.40,3.82,4.66,5.44,3.44,BI,anti,A,4.47,4.68,2.84,3.49,3.18,3.47,4.33,3.57,0.08,5.81,0.67,5.65,0.35,39.13,0.21,C3'-endo
6,6,0.06,A,A,A,1,0,0,0,0,(,88,1,cWW,cW-W,5.17,2.85,0.89,1.42,3.81,4.79,5.31,3.60,BI,anti,A,4.17,4.71,2.84,3.74,2.95,3.75,3.25,4.11,0.10,5.77,0.72,5.60,0.37,42.23,0.20,C3'-endo
7,7,0.07,U,U,U,0,0,0,1,0,(,87,1,cWW,cW-W,5.63,2.93,0.59,1.43,3.56,5.05,4.79,3.61,BI,anti,A,4.26,4.64,2.95,3.70,3.15,3.74,3.75,4.16,0.11,5.76,0.71,5.62,0.35,41.33,0.17,C3'-endo
8,8,0.09,C,C,C,0,1,0,0,0,(,86,1,cWW,cW-W,5.24,3.09,0.85,1.51,3.81,2.99,0.81,3.72,..,anti,.,3.98,4.60,3.05,2.21,3.26,1.60,3.84,4.67,0.01,5.86,0.66,5.61,0.42,39.65,0.32,C3'-endo
9,9,0.10,A,A,A,1,0,0,0,0,.,,0,,,1.41,3.22,0.92,2.79,5.18,3.82,1.37,4.91,..,anti,.,-0.49,0.54,0.10,4.87,0.70,4.53,3.55,5.42,6.18,0.47,5.65,0.59,5.98,36.83,3.31,C3'-exo
10,10,0.11,A,A,A,1,0,0,0,0,.,0,1,t.W,t.+W,5.58,2.49,0.62,1.43,3.59,5.24,4.64,3.36,BI,anti,A,4.65,4.62,2.92,4.03,3.57,4.04,3.85,4.73,0.05,5.83,0.67,5.62,0.38,39.84,0.25,C3'-endo
11,11,0.12,G,G,G,0,0,1,0,0,.,44,1,cSS,cm-m,4.95,3.35,0.96,1.56,4.09,4.42,5.96,3.59,..,anti,.,4.09,4.72,3.11,3.63,3.36,3.74,4.31,4.06,0.10,5.82,0.62,5.70,0.30,35.79,0.17,C3'-endo
12,12,0.13,A,A,A,1,0,0,0,0,.,43,1,cSS,cm-m,5.36,2.58,0.89,1.47,4.37,3.50,0.87,4.12,BII,anti,.,1.93,4.76,3.08,2.53,3.21,2.93,3.57,2.87,0.10,5.80,0.67,5.66,0.33,38.79,0.18,C3'-endo
13,13,0.14,G,G,G,0,0,1,0,0,(,41,1,cWW,cW-W,4.82,3.20,0.59,1.46,3.64,4.43,5.49,4.18,BI,anti,.,2.57,4.53,3.17,3.43,2.70,2.89,2.41,2.51,0.03,5.85,0.65,5.63,0.39,39.01,0.29,C3'-endo
14,14,0.15,A,A,A,1,0,0,0,0,.,,0,,,0.93,3.44,1.67,2.26,5.44,3.53,1.91,3.19,BII,anti,.,0.95,1.11,0.37,0.40,0.36,5.32,0.20,0.16,6.06,0.38,5.90,0.27,6.25,22.60,2.90,C2'-endo
15,15,0.16,G,G,G,0,0,1,0,0,(,40,1,cWW,cW-W,3.57,4.12,2.95,1.47,4.47,4.02,0.46,2.79,..,anti,A,4.88,4.80,2.08,3.86,3.54,3.68,2.79,3.98,0.09,5.80,0.68,5.63,0.35,39.81,0.20,C3'-endo
16,16,0.17,G,G,G,0,0,1,0,0,(,39,1,cWW,cW-W,2.06,4.11,3.22,1.38,4.34,4.52,6.11,2.82,..,anti,A,4.77,4.83,2.72,3.57,2.97,3.67,3.62,4.25,0.16,5.74,0.71,5.65,0.30,40.92,0.11,C3'-endo
17,17,0.18,U,U,U,0,0,0,1,0,(,38,1,cWW,cW-W,6.02,2.63,0.36,1.42,3.86,5.13,5.02,3.37,BI,anti,.,4.62,4.74,2.94,4.06,3.19,4.20,4.00,5.07,0.02,5.83,0.68,5.59,0.42,40.97,0.29,C3'-endo
18,18,0.19,G,G,G,0,0,1,0,0,.,37,1,tSH,tm-M,5.37,2.91,1.03,1.56,4.14,3.98,0.16,3.70,..,anti,B,3.55,4.52,3.24,3.96,3.62,3.94,4.73,4.58,0.03,5.87,0.61,5.67,0.37,36.60,0.28,C3'-endo
19,19,0.20,G,G,G,0,0,1,0,0,.,36,1,tSH,tm-M,2.01,4.52,3.23,1.62,2.90,4.28,4.90,3.68,BI,anti,.,3.06,3.53,3.38,2.45,3.62,2.73,4.43,2.93,0.11,5.84,0.58,5.75,0.27,33.60,0.14,C3'-endo
20,20,0.21,A,A,A,1,0,0,0,0,.,"32,35",2,"tWS,tHS","tW+m,tM-m",3.65,4.11,1.99,1.57,0.72,0.35,0.37,3.44,..,anti,.,1.85,1.99,3.61,3.07,3.54,2.84,3.55,3.08,6.23,5.97,0.53,5.71,0.39,33.09,0.41,C3'-endo
21,21,0.22,G,G,G,0,0,1,0,0,(,31,1,cWW,cW-W,2.52,3.44,2.89,1.54,3.36,5.36,4.28,3.52,BI,anti,A,4.54,4.61,3.50,3.53,3.70,3.49,4.23,3.77,0.22,5.67,0.73,5.66,0.25,42.08,0.02,C3'-endo
22,22,0.23,G,G,G,0,0,1,0,0,(,30,1,cWW,cW-W,5.08,3.36,0.85,1.48,3.32,5.04,4.57,3.45,BI,anti,A,4.56,4.48,3.00,3.52,3.32,3.55,3.93,3.81,6.28,5.85,0.68,5.58,0.44,41.21,0.33,C3'-endo
23,23,0.24,G,G,G,0,0,1,0,0,(,"29,62",2,"cWW,tSW","cW-W,tm+W",4.89,3.19,1.14,1.41,3.96,1.31,2.65,3.40,..,anti,.,4.66,4.71,3.07,0.05,3.16,5.71,3.55,4.03,0.00,5.87,0.65,5.62,0.42,39.46,0.32,C3'-endo
24,24,0.26,A,A,A,1,0,0,0,0,.,85,1,tWS,tW-m,4.29,4.23,2.25,1.56,4.36,4.41,6.23,3.00,..,anti,.,4.34,4.47,4.87,4.13,5.88,4.11,1.16,4.64,6.28,5.90,0.61,5.66,0.40,36.71,0.33,C3'-endo
25,25,0.27,C,C,C,0,1,0,0,0,[,68,1,cWW,cW-W,5.84,2.38,0.51,1.44,3.73,5.06,4.96,3.53,BI,anti,A,4.01,4.38,2.80,3.98,3.16,3.94,4.08,4.38,6.15,5.97,0.63,5.56,0.53,41.00,0.51,C3'-endo
26,26,0.28,U,U,U,0,0,0,1,0,.,67,1,cWW,cW-W,5.27,3.34,0.50,1.54,3.49,5.18,4.59,3.82,BI,anti,.,3.72,4.43,2.88,3.73,3.05,3.78,3.72,4.43,0.07,5.84,0.61,5.69,0.33,36.00,0.21,C3'-endo
27,27,0.29,G,G,G,0,0,1,0,0,[,66,1,cWW,cW-W,4.88,3.23,0.76,1.45,3.35,4.98,4.65,3.65,BI,anti,.,4.30,4.60,2.65,4.03,2.94,3.93,3.83,4.24,0.16,5.76,0.67,5.68,0.28,38.79,0.10,C3'-endo
28,28,0.30,G,G,G,0,0,1,0,0,[,65,1,cWW,cW-W,2.54,3.66,3.27,1.44,4.19,5.05,5.42,3.13,..,anti,.,4.68,4.77,3.13,3.69,3.37,3.83,4.03,4.85,0.15,5.75,0.69,5.66,0.30,39.71,0.11,C3'-endo
29,29,0.31,C,C,C,0,1,0,0,0,),23,1,cWW,cW-W,5.51,2.81,0.63,1.46,3.28,4.97,4.59,3.47,BI,anti,.,4.44,4.50,2.67,4.02,3.19,3.85,4.61,4.02,0.09,5.79,0.69,5.63,0.36,40.37,0.20,C3'-endo
30,30,0.32,C,C,C,0,1,0,0,0,),"22,61",2,"cWW,cSW","cW-W,cm-W",2.59,3.59,3.21,1.53,3.71,5.03,4.95,3.12,BI,anti,A,4.64,4.62,3.08,3.35,3.32,3.45,3.91,3.86,0.11,5.80,0.66,5.67,0.32,38.21,0.17,C3'-endo
31,31,0.33,C,C,C,0,1,0,0,0,),21,1,cWW,cW-W,5.17,3.14,0.83,1.46,3.70,5.16,4.83,3.38,BI,anti,A,4.50,4.57,2.96,3.93,3.20,3.97,3.79,4.67,6.27,5.89,0.62,5.63,0.41,37.94,0.34,C3'-endo
32,32,0.34,G,G,G,0,0,1,0,0,.,20,1,tSW,tm+W,4.98,3.19,0.79,1.39,3.65,3.66,6.27,3.45,..,anti,.,4.53,4.66,2.68,2.88,2.96,3.10,3.99,2.65,6.24,5.87,0.69,5.55,0.48,42.57,0.38,C3'-endo
33,33,0.35,A,A,A,1,0,0,0,0,.,,0,,,1.35,2.71,4.78,2.39,0.33,5.10,1.52,1.34,..,syn,.,-0.22,0.15,3.72,0.94,3.33,0.37,2.56,5.85,6.16,0.42,5.74,0.48,6.06,31.20,3.24,C3'-exo
34,34,0.36,U,U,U,0,0,0,1,0,.,,0,,,3.14,2.98,0.50,1.47,0.88,3.55,3.61,3.61,..,anti,.,2.18,2.25,0.53,5.99,0.83,5.77,1.45,6.01,6.25,5.93,0.58,5.67,0.41,35.75,0.37,C3'-endo
35,35,0.37,G,G,G,0,0,1,0,0,.,20,1,tSH,tm-M,4.84,1.87,2.09,1.66,4.19,3.51,0.68,3.05,BII,anti,.,3.54,4.00,3.16,2.17,3.80,2.45,4.12,2.88,6.26,5.91,0.60,5.65,0.42,36.65,0.36,C3'-endo
36,36,0.38,A,A,A,1,0,0,0,0,.,19,1,tHS,tM-m,5.23,2.68,0.93,1.57,3.89,5.13,5.05,3.05,BI,anti,A,4.62,4.59,3.45,4.19,3.30,4.16,3.25,4.67,0.05,5.85,0.63,5.66,0.36,37.21,0.25,C3'-endo
37,37,0.39,A,A,A,1,0,0,0,0,.,18,1,tHS,tM-m,5.18,3.10,0.79,1.48,3.33,5.66,3.95,3.51,BI,anti,.,4.33,4.36,2.82,4.17,3.23,4.22,4.18,5.20,6.27,5.88,0.63,5.63,0.42,38.29,0.34,C3'-endo
38,38,0.40,A,A,A,1,0,0,0,0,),17,1,cWW,cW-W,4.53,3.42,0.96,1.48,3.63,4.89,5.02,3.61,BI,anti,A,4.36,4.64,2.73,3.63,3.20,3.65,4.54,3.95,0.02,5.86,0.65,5.63,0.40,38.90,0.30,C3'-endo
39,39,0.41,C,C,C,0,1,0,0,0,),16,1,cWW,cW-W,5.13,3.06,0.85,1.47,3.52,5.11,4.69,3.64,BI,anti,A,4.32,4.64,2.86,3.75,3.03,3.74,3.54,4.07,0.12,5.77,0.69,5.65,0.32,39.90,0.15,C3'-endo
40,40,0.43,C,C,C,0,1,0,0,0,),15,1,cWW,cW-W,5.34,3.23,0.67,1.40,3.66,5.16,4.79,3.58,BI,anti,A,4.39,4.71,3.01,3.78,3.20,3.89,3.77,4.51,0.10,5.78,0.70,5.63,0.35,40.52,0.19,C3'-endo
41,41,0.44,C,C,C,0,1,0,0,0,),13,1,cWW,cW-W,5.25,3.14,0.81,1.52,3.30,5.51,4.07,3.53,BI,anti,.,4.39,4.44,2.94,4.02,3.28,4.05,4.15,4.75,6.28,5.88,0.64,5.63,0.42,38.72,0.33,C3'-endo
42,42,0.45,G,G,G,0,0,1,0,0,(,60,1,cWW,cW-W,4.73,3.20,1.16,1.42,3.59,5.11,4.76,3.26,BI,anti,A,4.65,4.60,2.92,3.77,3.35,3.81,4.48,4.41,0.01,5.86,0.65,5.62,0.41,39.14,0.31,C3'-endo
43,43,0.46,G,G,G,0,0,1,0,0,(,"12,59",2,"cSS,cWW","cm-m,cW-W",5.04,3.09,1.08,1.49,3.25,5.19,4.34,3.35,BI,anti,A,4.22,4.32,2.97,3.70,3.32,3.66,4.22,4.09,0.03,5.86,0.63,5.66,0.38,37.49,0.28,C3'-endo
44,44,0.47,C,C,C,0,1,0,0,0,(,"11,58",2,"cSS,cWW","cm-m,cW-W",4.74,3.22,1.28,1.50,3.67,5.28,4.67,3.23,BI,anti,.,4.31,4.50,3.07,4.07,3.31,4.07,4.00,5.11,0.04,5.84,0.66,5.63,0.39,39.04,0.27,C3'-endo
45,45,0.48,A,A,A,1,0,0,0,0,.,0,1,cSW,cm-W,4.95,3.07,1.07,1.59,3.71,4.54,5.46,3.72,BI,anti,B,3.54,4.42,2.95,3.70,3.37,3.78,4.75,4.35,0.10,5.83,0.62,5.70,0.31,35.87,0.18,C3'-endo
46,46,0.49,G,G,G,0,0,1,0,0,.,"47,56",2,"cSH,...","cm+M,....",5.92,2.50,0.66,1.54,2.31,4.55,4.04,4.12,..,anti,.,1.89,2.72,3.17,2.76,3.69,2.39,4.36,2.28,6.28,5.94,0.53,5.73,0.36,31.97,0.34,C3'-endo
47,47,0.50,C,C,C,0,1,0,0,0,(,"46,56",2,"cHS,cWW","cM+m,cW-W",4.00,3.49,1.32,1.53,3.79,5.05,5.03,3.32,BI,anti,.,4.45,4.54,2.49,3.98,2.28,4.00,2.37,4.64,0.07,5.83,0.64,5.67,0.34,37.35,0.22,C3'-endo
48,48,0.51,C,C,C,0,1,0,0,0,(,55,1,cWW,cW-W,5.05,3.06,0.88,1.45,3.62,5.04,4.86,3.31,BI,anti,A,4.66,4.67,2.79,3.76,3.12,3.80,4.11,4.17,0.08,5.80,0.68,5.63,0.37,40.07,0.21,C3'-endo
49,49,0.52,A,A,A,1,0,0,0,0,(,54,1,cWW,cW-W,5.00,3.30,0.91,1.46,3.86,4.74,5.41,3.47,BI,anti,A,4.54,4.72,3.04,4.02,3.18,3.86,3.70,4.30,0.06,5.80,0.69,5.61,0.39,40.79,0.24,C3'-endo
50,50,0.53,G,G,G,0,0,1,0,0,.,53,1,tSH,tm-M,1.22,3.48,4.34,1.79,4.50,4.64,6.15,3.35,..,anti,.,4.68,4.94,2.92,4.27,3.02,3.62,3.76,2.64,0.51,5.58,0.63,5.93,6.19,40.19,5.82,C2'-exo
51,51,0.54,A,A,A,1,0,0,0,0,.,,0,,,2.85,3.73,0.88,2.64,2.94,4.76,4.47,4.25,BI,anti,.,2.62,2.14,0.11,4.62,1.14,4.12,0.57,5.03,6.15,0.48,5.67,0.55,6.02,35.40,3.25,C3'-exo
52,52,0.55,A,A,A,1,0,0,0,0,.,,0,,,2.81,3.38,2.82,1.53,3.97,5.07,5.19,3.36,BI,anti,.,4.19,4.50,2.81,3.64,3.15,3.65,4.50,4.51,0.01,5.88,0.62,5.65,0.40,37.60,0.31,C3'-endo
53,53,0.56,A,A,A,1,0,0,0,0,.,50,1,tHS,tM-m,4.69,2.66,1.40,1.48,4.50,5.59,5.19,3.43,..,anti,.,4.19,4.63,2.87,4.72,3.20,4.80,4.28,5.39,6.28,5.88,0.63,5.63,0.41,38.44,0.33,C3'-endo
54,54,0.57,U,U,U,0,0,0,1,0,),49,1,cWW,cW-W,4.66,2.23,2.16,1.46,3.72,4.90,5.10,3.33,BI,anti,.,4.56,4.63,2.94,3.28,3.70,3.28,4.89,3.65,0.07,5.82,0.66,5.64,0.37,39.07,0.23,C3'-endo
55,55,0.59,G,G,G,0,0,1,0,0,),48,1,cWW,cW-W,4.93,2.79,1.34,1.41,3.61,5.01,4.89,3.08,BI,anti,A,4.67,4.59,2.94,3.70,3.22,3.67,3.86,4.00,6.24,5.89,0.65,5.59,0.46,40.38,0.38,C3'-endo
56,56,0.60,G,G,G,0,0,1,0,0,),"46,47",2,"...,cWW","....,cW-W",5.11,3.45,0.71,1.47,3.27,5.68,3.88,3.49,BI,anti,.,4.43,4.46,2.98,4.20,3.10,4.02,3.65,4.14,0.03,5.85,0.66,5.63,0.39,39.08,0.28,C3'-endo
57,57,0.61,U,U,U,0,0,0,1,0,.,0,1,cWH,cW+M,3.09,2.65,2.95,1.45,4.04,5.27,5.05,3.25,BI,anti,.,4.78,4.77,2.94,3.57,3.16,3.82,3.59,4.75,0.07,5.80,0.68,5.62,0.37,40.18,0.23,C3'-endo
58,58,0.62,G,G,G,0,0,1,0,0,),44,1,cWW,cW-W,5.22,2.94,0.97,1.44,3.82,4.78,5.33,3.31,BI,anti,A,4.54,4.67,2.85,3.74,3.38,3.79,4.67,4.55,6.28,5.84,0.70,5.57,0.45,42.19,0.32,C3'-endo
59,59,0.63,C,C,C,0,1,0,0,0,),43,1,cWW,cW-W,5.47,2.70,0.89,1.47,3.61,5.11,4.79,3.47,BI,anti,A,4.40,4.60,2.97,3.87,3.28,3.83,4.33,4.16,0.10,5.79,0.68,5.64,0.34,39.78,0.18,C3'-endo
60,60,0.64,C,C,C,0,1,0,0,0,),42,1,cWW,cW-W,5.09,3.39,0.75,1.56,3.27,2.79,0.48,3.52,..,anti,.,4.16,4.34,2.97,1.82,3.19,1.74,3.78,4.53,0.10,5.81,0.63,5.68,0.32,36.97,0.18,C3'-endo
61,61,0.65,A,A,A,1,0,0,0,0,.,30,1,cWS,cW-m,0.18,2.24,2.63,1.49,3.81,5.17,4.92,3.22,BI,anti,.,4.42,4.55,5.99,3.30,5.70,3.50,2.87,4.45,0.02,5.87,0.62,5.65,0.39,37.46,0.30,C3'-endo
62,62,0.66,A,A,A,1,0,0,0,0,.,23,1,tWS,tW+m,4.89,3.04,1.15,1.51,3.15,1.43,1.72,3.60,..,anti,.,3.94,4.15,2.82,0.33,3.30,5.31,4.50,3.94,0.00,5.89,0.61,5.66,0.39,36.64,0.32,C3'-endo
63,63,0.67,U,U,U,0,0,0,1,0,.,,0,,,1.06,2.74,0.88,2.77,3.92,4.89,5.32,4.22,BI,anti,.,1.47,1.47,5.16,5.73,0.64,4.39,1.57,3.92,6.09,0.53,5.64,0.55,6.06,36.80,3.17,C3'-exo
64,64,0.68,U,U,U,0,0,0,1,0,(,85,1,cWW,cW-W,2.77,3.42,0.29,1.56,0.28,3.27,3.29,3.59,..,anti,.,1.67,1.82,0.66,5.52,1.43,4.42,1.68,3.71,6.12,6.04,0.52,5.65,0.50,35.79,0.58,C3'-endo
65,65,0.69,C,C,C,0,1,0,0,0,],28,1,cWW,cW-W,1.07,3.92,0.84,1.44,3.40,5.09,4.60,3.45,BI,anti,A,4.54,4.54,5.38,3.58,0.39,3.70,1.05,4.16,0.03,5.84,0.67,5.62,0.40,39.83,0.28,C3'-endo
66,66,0.70,C,C,C,0,1,0,0,0,],27,1,cWW,cW-W,4.99,3.31,1.01,1.49,3.59,5.34,4.54,3.38,BI,anti,.,4.47,4.54,3.08,4.06,3.25,4.13,3.80,4.92,0.01,5.86,0.65,5.63,0.40,38.95,0.30,C3'-endo
67,67,0.71,U,U,U,0,0,0,1,0,.,26,1,cWW,cW-W,4.96,3.01,1.26,1.47,3.41,4.43,5.27,3.65,BI,anti,B,3.74,4.18,3.05,3.80,3.53,3.73,4.64,4.16,6.19,5.95,0.60,5.61,0.48,38.40,0.46,C3'-endo
68,68,0.72,G,G,G,0,0,1,0,0,],25,1,cWW,cW-W,2.94,4.14,2.41,1.40,0.34,3.07,3.56,3.58,..,anti,.,2.08,2.78,3.46,5.09,3.53,5.04,4.04,5.50,6.18,5.94,0.63,5.58,0.50,40.51,0.46,C3'-endo
69,69,0.73,C,C,C,0,1,0,0,0,(,82,1,cWW,cW-W,6.00,1.94,0.19,1.51,3.09,5.46,3.92,3.58,BI,anti,A,3.93,4.02,2.23,4.13,3.05,3.83,3.62,4.12,6.21,5.95,0.59,5.63,0.46,37.48,0.44,C3'-endo
70,70,0.74,A,A,A,1,0,0,0,0,(,81,1,cWW,cW-W,3.40,2.75,2.48,1.49,4.46,5.12,5.62,3.09,..,anti,.,4.72,4.76,2.92,3.53,3.05,3.21,3.71,3.13,0.07,5.82,0.65,5.65,0.36,38.42,0.23,C3'-endo
71,71,0.76,G,G,G,0,0,1,0,0,.,81,1,cWW,cW-W,4.19,1.48,2.20,1.51,3.27,5.89,3.66,2.77,BI,anti,.,4.42,4.63,2.40,4.22,2.72,4.08,2.93,4.93,0.19,5.73,0.68,5.69,0.26,39.28,0.05,C3'-endo
72,72,0.77,C,C,C,0,1,0,0,0,(,"79,80",2,"cWW,cWW","cW-W,cW-W",3.79,4.58,0.70,1.47,3.16,5.25,4.19,4.18,BI,anti,.,3.01,4.39,2.48,3.56,2.94,3.64,4.27,3.86,0.13,5.76,0.69,5.65,0.32,40.20,0.14,C3'-endo
73,73,0.78,G,G,G,0,0,1,0,0,(,78,1,cWW,cW-W,4.89,3.29,1.14,1.48,3.43,5.38,4.33,3.52,BI,anti,.,4.20,4.31,3.10,4.12,3.29,4.04,3.59,4.87,6.12,6.00,0.59,5.58,0.55,40.09,0.56,C3'-endo
74,74,0.79,G,G,G,0,0,1,0,0,.,77,1,tSH,tm-M,4.18,3.40,1.25,1.34,3.66,4.76,5.19,3.51,BI,anti,.,4.47,4.66,2.51,4.02,2.88,3.29,4.08,2.26,6.25,5.85,0.71,5.53,0.50,43.89,0.37,C3'-endo
75,75,0.80,A,A,A,1,0,0,0,0,.,,0,,,1.94,2.89,2.01,1.58,4.31,4.85,5.74,3.08,..,anti,.,4.14,4.24,0.55,3.96,0.88,3.96,0.45,4.63,6.06,6.18,0.37,5.79,0.45,29.23,0.75,C4'-exo
76,76,0.81,A,A,A,1,0,0,0,0,.,,0,,,5.14,2.67,1.32,1.53,3.64,5.22,4.70,3.52,BI,anti,.,4.17,4.46,2.80,4.01,3.28,3.93,4.31,4.62,0.08,5.84,0.63,5.68,0.33,36.69,0.21,C3'-endo
77,77,0.82,A,A,A,1,0,0,0,0,.,74,1,tHS,tM-m,4.89,2.96,1.16,1.52,4.02,5.59,4.72,3.67,..,anti,.,3.79,4.51,2.96,4.50,3.33,4.54,4.35,5.28,6.27,5.90,0.61,5.65,0.41,37.24,0.35,C3'-endo
78,78,0.83,C,C,C,0,1,0,0,0,),73,1,cWW,cW-W,4.53,2.43,1.85,1.47,3.70,5.04,4.94,3.22,BI,anti,A,4.74,4.67,2.75,3.64,3.48,3.57,4.78,3.90,0.07,5.83,0.65,5.65,0.36,38.19,0.23,C3'-endo
79,79,0.84,G,G,G,0,0,1,0,0,),72,1,cWW,cW-W,5.39,3.13,0.71,1.44,3.56,5.26,4.59,3.53,BI,anti,A,4.40,4.60,3.03,3.87,3.28,3.93,3.90,4.55,0.03,5.84,0.68,5.61,0.41,40.27,0.28,C3'-endo
80,80,0.85,U,U,U,0,0,0,1,0,.,72,1,cWW,cW-W,5.14,3.17,0.83,1.45,3.29,5.10,4.47,3.65,BI,anti,A,4.17,4.36,2.92,3.55,3.27,3.53,4.16,3.73,6.25,5.90,0.63,5.63,0.43,38.36,0.37,C3'-endo
81,81,0.86,U,U,U,0,0,0,1,0,),"70,71",2,"cWW,cWW","cW-W,cW-W",4.87,3.17,1.01,1.48,3.38,5.12,4.54,3.90,BI,anti,A,3.76,4.49,2.87,3.68,3.06,3.63,3.45,3.97,0.01,5.87,0.64,5.62,0.41,38.76,0.32,C3'-endo
82,82,0.87,G,G,G,0,0,1,0,0,),69,1,cWW,cW-W,4.99,3.24,0.81,1.50,3.08,5.40,3.97,3.53,BI,anti,A,4.46,4.31,2.83,3.77,3.06,3.74,3.68,4.17,0.05,5.84,0.65,5.65,0.37,38.28,0.26,C3'-endo
83,83,0.88,A,A,A,1,0,0,0,0,.,,0,,,4.12,3.13,1.81,1.55,3.66,5.05,4.89,3.29,BI,anti,A,4.59,4.52,2.99,3.82,3.32,3.80,4.07,4.49,6.26,5.91,0.60,5.65,0.41,36.65,0.35,C3'-endo
84,84,0.89,A,A,A,1,0,0,0,0,.,,0,,,5.11,2.93,0.96,1.49,3.80,5.06,5.02,3.28,BI,anti,.,4.61,4.60,2.90,3.99,3.26,4.01,4.31,4.84,6.25,5.89,0.65,5.59,0.46,40.15,0.37,C3'-endo
85,85,0.90,A,A,A,1,0,0,0,0,),"24,64",2,"tSW,cWW","tm-W,cW-W",5.09,3.09,0.82,1.41,3.70,5.16,4.83,3.33,BI,anti,A,4.63,4.72,2.78,3.90,3.08,3.97,4.28,4.44,0.10,5.78,0.69,5.63,0.35,40.45,0.19,C3'-endo
86,86,0.91,G,G,G,0,0,1,0,0,),8,1,cWW,cW-W,5.22,3.07,0.95,1.46,3.41,5.05,4.64,3.43,BI,anti,A,4.21,4.36,3.01,3.63,3.35,3.62,4.12,4.08,6.22,5.90,0.66,5.57,0.48,40.98,0.41,C3'-endo
87,87,0.93,A,A,A,1,0,0,0,0,),7,1,cWW,cW-W,5.18,3.30,0.69,1.46,3.45,5.24,4.49,3.62,BI,anti,A,4.16,4.55,2.97,3.74,3.10,3.78,3.75,4.19,0.12,5.77,0.69,5.65,0.32,40.12,0.15,C3'-endo
88,88,0.94,U,U,U,0,0,0,1,0,),6,1,cWW,cW-W,5.10,3.27,0.75,1.45,3.49,4.96,4.82,3.58,BI,anti,A,4.38,4.61,2.90,3.51,3.13,3.58,3.78,3.97,0.08,5.80,0.69,5.63,0.36,40.16,0.21,C3'-endo
89,89,0.95,G,G,G,0,0,1,0,0,),5,1,cWW,cW-W,5.21,3.11,0.87,1.52,3.52,5.17,4.63,3.54,BI,anti,A,4.31,4.53,3.06,3.84,3.23,3.85,3.75,4.31,0.09,5.82,0.64,5.67,0.33,37.65,0.20,C3'-endo
90,90,0.96,A,A,A,1,0,0,0,0,),4,1,cWW,cW-W,5.01,3.17,0.80,1.50,3.56,5.02,4.83,3.69,BI,anti,A,4.16,4.61,2.78,3.73,3.06,3.75,3.83,4.14,0.04,5.81,0.71,5.58,0.41,42.13,0.27,C3'-endo
91,91,0.97,G,G,G,0,0,1,0,0,),3,1,cWW,cW-W,5.26,3.13,0.79,1.48,3.25,4.85,4.68,3.58,BI,anti,A,4.34,4.45,2.94,3.94,3.19,3.86,3.83,4.33,0.06,5.84,0.63,5.67,0.35,37.34,0.23,C3'-endo
92,92,0.98,C,C,C,0,1,0,0,0,),2,1,cWW,cW-W,2.66,3.84,2.99,1.48,4.14,4.74,5.69,3.06,..,anti,A,4.79,4.73,3.01,3.55,3.33,3.58,4.16,4.01,0.03,5.84,0.65,5.63,0.39,38.88,0.28,C3'-endo
93,93,0.99,C,C,C,0,1,0,0,0,),1,1,cWW,cW-W,5.15,3.05,0.79,1.55,3.26,4.98,4.56,3.55,BI,anti,.,4.19,4.33,2.79,3.74,3.05,3.66,3.72,4.41,0.07,5.83,0.63,5.67,0.35,37.29,0.22,C3'-endo
94,94,1.00,G,G,G,0,0,1,0,0,.,,0,,,3.40,3.13,2.35,1.97,,,,3.42,n/a,anti,-,,,,,,,,,0.44,5.76,0.39,6.13,6.11,29.02,5.61,C1'-endo
