index_chain,old_nt_resnum,nt_position,nt_name,nt_code,nt_align_code,is_A,is_C,is_G,is_U,is_other,dbn,paired,nb_interact,pair_type_LW,pair_type_DSSR,alpha,beta,gamma,delta,epsilon,zeta,epsilon_zeta,chi,bb_type,glyco_bond,form,ssZp,Dp,eta,theta,eta_prime,theta_prime,eta_base,theta_base,v0,v1,v2,v3,v4,amplitude,phase_angle,puckering
1,2957,0.05,G,G,G,0,0,1,0,0,(,19,1,cWW,cW-W,,2.83,5.32,1.59,3.50,5.53,4.25,3.50,BI,anti,A,4.54,4.71,,3.77,,3.94,,4.73,0.37,5.64,0.66,5.82,0.07,38.89,6.05,C2'-exo
2,2958,0.10,A,A,A,1,0,0,0,0,(,18,1,cWW,cW-W,4.59,3.49,1.07,1.38,3.24,5.09,4.43,3.56,BI,anti,.,4.33,4.45,2.78,3.66,3.20,3.52,4.19,3.66,6.26,5.88,0.65,5.60,0.44,39.66,0.35,C3'-endo
3,2959,0.15,C,C,C,0,1,0,0,0,(,17,1,cWW,cW-W,3.30,2.94,2.71,1.50,4.79,4.68,0.11,3.20,..,anti,A,4.55,4.80,3.14,3.69,3.13,3.77,3.42,4.14,0.30,5.66,0.70,5.74,0.16,40.10,6.18,C2'-exo
4,2960,0.20,C,C,C,0,1,0,0,0,(,16,1,cWW,cW-W,4.99,2.11,1.71,1.31,4.65,4.75,6.18,3.16,..,anti,A,4.61,4.71,2.91,3.66,3.25,3.50,3.82,4.32,6.25,5.86,0.70,5.54,0.49,43.15,0.37,C3'-endo
5,2961,0.25,G,G,G,0,0,1,0,0,(,14,1,cWW,cW-W,4.70,1.80,1.78,1.35,4.88,4.06,0.82,2.78,..,anti,A,4.86,4.84,2.71,3.89,2.94,3.92,4.09,4.42,0.22,5.67,0.76,5.63,0.27,43.43,0.04,C3'-endo
6,2962,0.30,U,U,U,0,0,0,1,0,(,13,1,cWW,cW-W,6.08,2.14,0.53,1.33,3.55,5.03,4.80,3.35,BI,anti,A,4.59,4.59,2.69,3.78,3.05,3.71,3.94,4.11,6.21,5.90,0.67,5.55,0.51,42.11,0.42,C3'-endo
7,2963,0.35,C,C,C,0,1,0,0,0,(,12,1,cWW,cW-W,5.00,3.32,0.78,1.33,3.59,5.26,4.62,3.63,BI,anti,.,4.28,4.71,2.83,3.77,2.91,3.84,3.60,4.14,0.10,5.74,0.75,5.57,0.39,43.88,0.20,C3'-endo
8,2964,0.40,G,G,G,0,0,1,0,0,.,11,1,tSH,tm-M,5.39,3.11,0.85,1.33,3.72,5.35,4.65,3.56,BI,anti,.,4.19,4.48,3.11,4.51,3.37,3.78,3.86,2.95,6.09,6.03,0.58,5.57,0.57,40.50,0.60,C3'-endo
9,2965,0.45,U,U,U,0,0,0,1,0,.,,0,,,2.15,2.52,1.41,1.46,3.64,5.56,4.36,3.52,BI,anti,.,4.27,4.50,6.12,4.27,0.53,4.20,0.40,5.13,6.26,5.94,0.56,5.69,0.39,34.35,0.37,C3'-endo
10,2966,0.50,G,G,G,0,0,1,0,0,.,,0,,,4.89,3.52,0.82,1.57,3.59,5.01,4.87,4.14,BI,anti,.,2.93,4.57,2.92,3.79,3.39,3.81,4.62,3.84,0.24,5.76,0.60,5.81,0.16,34.28,6.21,C2'-exo
11,2967,0.55,A,A,A,1,0,0,0,0,.,8,1,tHS,tM-m,5.58,3.01,0.47,1.46,2.81,1.29,1.52,4.25,..,anti,.,2.66,3.94,2.92,4.97,3.24,4.82,3.46,5.26,6.27,5.95,0.53,5.73,0.36,32.26,0.35,C3'-endo
12,2968,0.60,G,G,G,0,0,1,0,0,),7,1,cWW,cW-W,3.60,1.38,2.53,1.51,3.14,5.61,3.82,3.25,BI,anti,A,4.40,4.39,3.22,2.90,3.72,3.30,4.63,3.93,0.22,5.73,0.67,5.72,0.21,38.19,6.28,C2'-exo
13,2969,0.65,A,A,A,1,0,0,0,0,),6,1,cWW,cW-W,4.51,4.00,0.85,1.59,3.18,4.93,4.54,3.59,BI,anti,A,4.13,4.29,2.98,3.88,3.27,3.88,4.04,4.21,0.18,5.82,0.56,5.81,0.19,32.08,0.01,C3'-endo
14,2970,0.70,C,C,C,0,1,0,0,0,),5,1,cWW,cW-W,3.08,3.46,2.99,2.37,4.87,5.63,5.53,3.24,..,anti,.,1.33,1.25,4.00,4.78,3.94,4.69,4.27,4.70,5.96,0.48,5.84,0.27,0.03,27.49,2.75,C2'-endo
15,2971,0.75,A,A,A,1,0,0,0,0,.,,0,,,5.59,4.62,0.49,2.49,5.20,1.26,3.94,4.04,..,anti,.,-0.01,0.30,4.25,1.86,5.08,1.48,5.20,1.35,5.78,0.70,5.65,0.36,0.08,39.95,2.69,C2'-endo
16,2972,0.80,G,G,G,0,0,1,0,0,),4,1,cWW,cW-W,3.93,4.77,4.35,1.47,2.96,5.19,4.06,3.31,BI,anti,A,4.25,4.33,1.48,2.55,1.04,3.12,1.17,3.64,0.19,5.73,0.69,5.69,0.26,39.37,0.05,C3'-endo
17,2973,0.85,G,G,G,0,0,1,0,0,),3,1,cWW,cW-W,3.64,4.27,1.65,1.37,3.42,5.34,4.36,3.29,BI,anti,.,4.44,4.44,2.85,4.03,3.14,3.96,3.68,4.36,6.20,5.92,0.64,5.57,0.50,40.73,0.44,C3'-endo
18,2974,0.90,U,U,U,0,0,0,1,0,),2,1,cWW,cW-W,5.02,3.48,0.80,1.35,3.61,4.91,4.99,3.47,BI,anti,A,4.38,4.55,3.00,3.44,3.21,3.49,3.96,3.90,6.25,5.88,0.67,5.58,0.46,41.01,0.37,C3'-endo
19,2975,0.95,U,U,U,0,0,0,1,0,),1,1,cWW,cW-W,4.91,2.91,1.24,1.38,3.56,5.01,4.83,3.45,BI,anti,A,4.42,4.53,2.87,3.58,3.03,3.56,3.59,3.96,0.01,5.87,0.63,5.63,0.40,38.13,0.31,C3'-endo
20,2976,1.00,A,A,A,1,0,0,0,0,.,,0,,,5.17,3.46,0.58,1.50,,,,3.72,n/a,anti,-,,,,,,,,,0.27,5.70,0.66,5.76,0.16,38.16,6.20,C2'-exo
