index_chain,old_nt_resnum,nt_position,nt_name,nt_code,nt_align_code,is_A,is_C,is_G,is_U,is_other,dbn,paired,nb_interact,pair_type_LW,pair_type_DSSR,alpha,beta,gamma,delta,epsilon,zeta,epsilon_zeta,chi,bb_type,glyco_bond,form,ssZp,Dp,eta,theta,eta_prime,theta_prime,eta_base,theta_base,v0,v1,v2,v3,v4,amplitude,phase_angle,puckering
1,1,0.01,G,G,G,0,0,1,0,0,(,118,1,cWW,cW-W,,,4.96,1.57,3.53,5.41,4.40,3.84,BI,anti,.,3.87,4.53,,,,,,,0.29,5.65,0.72,5.72,0.17,41.30,6.19,C2'-exo
2,2,0.02,U,U,U,0,0,0,1,0,(,117,1,cWW,cW-W,4.84,3.04,1.20,1.20,3.70,4.69,5.29,3.44,BI,anti,A,4.54,4.72,2.79,3.35,3.22,3.38,4.16,3.68,0.02,5.76,0.79,5.49,0.48,47.44,0.29,C3'-endo
3,3,0.03,C,C,C,0,1,0,0,0,(,116,1,cWW,cW-W,5.44,2.56,1.17,1.32,3.93,4.88,5.33,3.24,BI,anti,A,4.63,4.72,3.13,3.70,3.29,3.63,3.74,3.90,0.11,5.73,0.76,5.57,0.38,44.49,0.18,C3'-endo
4,4,0.03,U,U,U,0,0,0,1,0,(,115,1,cWW,cW-W,5.07,2.80,1.13,1.29,3.90,4.94,5.24,3.20,BI,anti,A,4.82,4.82,2.93,3.70,3.08,3.70,3.64,4.25,0.12,5.72,0.76,5.57,0.38,44.38,0.18,C3'-endo
5,5,0.04,A,A,A,1,0,0,0,0,(,"113,114",2,"cWW,cWW","cW-W,cW-W",5.41,2.95,0.57,1.25,4.07,4.89,5.46,3.20,..,anti,A,4.75,4.95,2.85,3.70,3.01,3.82,3.83,4.34,0.16,5.69,0.78,5.58,0.35,45.15,0.13,C3'-endo
6,6,0.05,C,C,C,0,1,0,0,0,(,113,1,cWW,cW-W,5.25,2.53,1.20,1.23,3.81,6.04,4.05,3.03,..,anti,.,5.01,4.88,2.94,4.45,3.23,4.14,4.08,4.17,0.14,5.70,0.79,5.57,0.37,45.52,0.15,C3'-endo
7,7,0.06,G,G,G,0,0,1,0,0,.,,0,,,3.80,2.07,2.89,1.06,4.07,4.66,5.69,2.71,..,anti,.,5.12,5.02,2.97,2.65,3.18,2.98,3.74,3.85,0.10,5.69,0.85,5.51,0.43,49.42,0.20,C3'-endo
8,8,0.07,G,G,G,0,0,1,0,0,.,,0,,,5.42,2.84,0.87,1.29,4.25,4.71,5.82,2.93,..,anti,A,5.08,4.97,3.15,3.82,3.22,3.90,4.03,4.29,0.28,5.62,0.78,5.66,0.22,44.92,6.25,C2'-exo
9,9,0.07,C,C,C,0,1,0,0,0,.,13,1,tWW,tW+W,5.35,2.41,1.14,1.19,4.02,5.22,5.09,2.75,BI,anti,.,4.82,4.85,2.84,4.62,3.13,4.61,3.99,5.44,0.16,5.67,0.81,5.55,0.36,46.92,0.13,C3'-endo
10,10,0.08,C,C,C,0,1,0,0,0,.,,0,,,3.17,3.50,2.92,2.59,3.62,3.88,6.03,3.24,..,anti,.,1.35,1.95,3.05,2.94,3.95,2.60,5.40,3.28,6.00,0.60,5.61,0.52,6.13,38.50,3.05,C2'-endo
11,11,0.09,A,A,A,1,0,0,0,0,.,66,1,tWS,tW+m,5.81,4.01,1.13,1.65,3.37,4.15,5.51,3.30,BI,anti,.,3.78,3.99,4.84,3.43,4.63,2.71,4.08,3.10,6.27,6.01,0.44,5.82,0.30,26.76,0.36,C3'-endo
12,12,0.10,U,U,U,0,0,0,1,0,.,108,1,tSS,tm+m,1.54,3.60,1.01,2.41,4.21,5.04,5.45,5.02,..,anti,.,1.33,1.71,6.20,5.62,0.01,5.25,5.35,5.35,5.92,0.57,5.75,0.34,0.01,32.63,2.79,C2'-endo
13,13,0.11,A,A,A,1,0,0,0,0,.,9,1,tWW,tW+W,3.90,4.00,1.18,2.56,4.54,4.91,5.91,4.50,..,anti,.,-0.32,0.31,2.38,5.31,3.34,5.08,3.44,5.83,5.89,0.70,5.54,0.53,6.19,43.59,2.94,C2'-endo
14,14,0.12,C,C,C,0,1,0,0,0,(,65,1,cWW,cW-W,5.43,2.97,0.63,1.45,4.15,4.94,5.50,3.06,..,anti,A,4.89,4.86,2.88,3.99,3.59,4.08,4.00,4.49,0.28,5.67,0.68,5.75,0.16,39.40,6.19,C2'-exo
15,15,0.12,C,C,C,0,1,0,0,0,(,64,1,cWW,cW-W,5.32,2.59,1.09,1.21,3.89,4.99,5.17,3.09,BI,anti,A,4.87,4.78,2.90,3.74,3.24,3.73,4.00,4.22,6.27,5.83,0.73,5.53,0.49,44.27,0.35,C3'-endo
16,16,0.13,A,A,A,1,0,0,0,0,(,"61,62",2,"cWW,cWW","cW-W,cW-W",5.28,2.79,0.96,1.17,4.36,5.05,5.60,3.08,..,anti,A,4.94,4.91,3.00,3.90,3.18,3.85,3.92,4.43,6.23,5.87,0.70,5.54,0.51,43.53,0.39,C3'-endo
17,17,0.14,C,C,C,0,1,0,0,0,(,61,1,cWW,cW-W,4.70,2.05,1.94,1.18,4.11,4.96,5.44,2.69,..,anti,.,4.93,4.95,2.69,3.56,3.01,3.48,4.03,3.99,0.20,5.64,0.83,5.57,0.32,47.47,0.07,C3'-endo
18,18,0.15,C,C,C,0,1,0,0,0,(,60,1,cWW,cW-W,4.77,2.84,1.41,1.23,4.21,4.89,5.60,2.78,..,anti,.,5.00,4.96,2.89,3.69,3.05,3.68,3.88,3.78,0.29,5.59,0.82,5.63,0.24,47.03,6.25,C2'-exo
19,19,0.16,C,C,C,0,1,0,0,0,(,59,1,cWW,cW-W,4.89,2.47,1.56,1.36,4.30,4.70,5.88,2.63,..,anti,A,4.50,4.78,2.97,3.79,3.17,3.86,3.57,4.19,0.08,5.77,0.72,5.59,0.39,42.48,0.22,C3'-endo
20,20,0.17,U,U,U,0,0,0,1,0,(,58,1,cWW,cW-W,5.14,2.95,1.10,1.78,3.26,4.82,4.72,3.39,BI,anti,.,2.91,3.33,2.90,4.17,3.30,3.84,3.89,4.18,6.03,0.03,0.19,5.94,0.37,21.43,1.05,C4'-exo
21,21,0.17,G,G,G,0,0,1,0,0,(,57,1,cWW,cW-W,2.18,2.89,3.78,2.06,3.99,3.31,0.68,3.89,BII,anti,.,2.40,3.47,3.01,1.70,3.17,1.73,3.75,1.83,0.32,6.05,0.06,0.12,6.01,17.92,4.92,O4'-exo
22,22,0.18,A,A,A,1,0,0,0,0,.,,0,,,4.47,2.38,0.91,1.32,3.86,4.39,5.75,2.48,BI,anti,.,1.80,3.53,2.51,4.09,2.33,4.22,2.46,4.65,5.71,0.09,0.38,5.56,0.81,46.57,1.08,C4'-exo
23,23,0.19,A,A,A,1,0,0,0,0,.,,0,,,1.14,2.21,5.64,2.59,3.25,4.55,4.99,4.58,BI,anti,B,1.12,1.99,2.80,3.86,3.26,3.65,3.89,4.20,0.19,0.16,5.86,0.54,5.83,30.80,3.81,C4'-endo
24,24,0.20,C,C,C,0,1,0,0,0,.,117,1,cSS,cm-m,5.29,3.00,0.44,1.49,3.10,5.37,4.02,4.30,BI,anti,.,2.46,4.03,2.60,3.68,2.79,3.73,3.53,4.51,6.26,5.92,0.60,5.66,0.41,36.66,0.36,C3'-endo
25,25,0.21,G,G,G,0,0,1,0,0,.,,0,,,4.64,2.98,1.52,1.40,3.72,5.18,4.82,3.75,BI,anti,A,3.99,4.69,3.00,3.93,3.40,3.81,4.41,4.05,0.23,5.68,0.73,5.68,0.24,41.93,0.01,C3'-endo
26,26,0.22,C,C,C,0,1,0,0,0,.,53,1,cWW,cW-W,5.29,2.74,0.94,1.11,3.94,4.95,5.27,3.27,BI,anti,.,4.71,4.88,2.80,4.18,3.10,4.14,3.76,4.86,6.14,5.90,0.74,5.45,0.62,47.90,0.49,C3'-endo
27,27,0.23,G,G,G,0,0,1,0,0,(,"51,52,55",3,"cWW,cWW,cSW","cW-W,cW-W,cm-W",2.75,3.53,3.06,1.44,4.28,4.76,5.80,2.99,..,anti,A,5.08,4.96,2.90,3.42,3.26,3.47,4.47,3.83,0.39,5.57,0.76,5.74,0.10,44.34,6.09,C2'-exo
28,28,0.23,C,C,C,0,1,0,0,0,(,"51,54",2,"cWW,cSW","cW-W,cm-W",5.17,2.39,1.31,1.30,4.22,5.34,5.16,2.84,..,anti,.,4.95,4.87,2.86,4.44,3.16,4.48,3.87,5.24,0.20,5.65,0.82,5.58,0.32,46.89,0.08,C3'-endo
29,29,0.24,C,C,C,0,1,0,0,0,(,"48,50",2,"cWW,cSW","cW-W,cm-W",4.91,3.08,1.40,1.61,3.76,4.14,5.90,3.16,..,anti,.,3.70,4.16,2.99,3.87,3.61,3.86,5.00,3.95,0.08,5.86,0.59,5.73,0.30,34.11,0.19,C3'-endo
30,30,0.25,C,C,C,0,1,0,0,0,(,47,1,cWW,cW-W,0.68,1.99,6.08,1.42,2.88,5.13,4.04,3.77,BI,anti,.,3.58,3.95,2.77,3.76,3.01,3.80,3.37,4.28,6.26,5.90,0.62,5.64,0.43,37.85,0.36,C3'-endo
31,31,0.26,G,G,G,0,0,1,0,0,(,"33,46",2,"cSH,cWW","cm+M,cW-W",3.48,3.91,2.15,1.27,3.37,5.05,4.61,3.52,BI,anti,.,3.90,4.20,2.89,3.56,3.22,3.57,3.90,4.05,6.10,5.99,0.63,5.53,0.58,42.71,0.57,C3'-endo
32,32,0.27,A,A,A,1,0,0,0,0,(,"34,45",2,"cSH,cWW","cm+M,cW-W",5.04,3.21,1.32,2.44,4.65,2.43,2.22,4.02,BII,anti,.,1.32,1.22,3.64,2.44,3.96,2.13,4.41,2.17,5.86,0.63,5.70,0.36,0.03,36.21,2.76,C2'-endo
33,33,0.28,U,U,U,0,0,0,1,0,.,31,1,cHS,cM+m,3.41,3.28,0.61,1.44,4.18,4.86,5.60,2.84,..,anti,A,4.97,4.92,2.24,3.87,1.96,4.00,2.16,4.43,0.34,5.59,0.76,5.71,0.15,43.90,6.15,C2'-exo
34,34,0.28,C,C,C,0,1,0,0,0,.,"32,46",2,"cHS,cWS","cM+m,cW-m",5.04,2.61,1.39,1.37,3.99,4.99,5.29,2.91,BI,anti,A,4.61,4.72,2.98,3.89,3.29,3.85,4.00,4.22,0.14,5.75,0.70,5.65,0.32,40.65,0.13,C3'-endo
35,35,0.29,U,U,U,0,0,0,1,0,.,45,1,cWS,cW-m,5.25,3.07,0.74,1.34,3.87,5.26,4.89,3.35,BI,anti,.,4.62,4.75,2.83,4.02,3.06,4.11,3.76,5.01,0.07,5.78,0.71,5.59,0.39,41.99,0.23,C3'-endo
36,36,0.30,C,C,C,0,1,0,0,0,(,41,1,cWW,cW-W,5.20,2.90,0.96,1.28,3.65,4.98,4.96,3.27,BI,anti,A,4.75,4.74,2.80,3.55,3.23,3.51,4.57,3.72,0.10,5.73,0.78,5.55,0.41,45.50,0.20,C3'-endo
37,37,0.31,G,G,G,0,0,1,0,0,.,,0,,,5.16,2.89,0.94,1.31,3.86,4.29,5.85,3.16,..,anti,.,4.87,4.83,2.87,3.70,3.01,3.59,3.48,3.62,0.10,5.73,0.77,5.56,0.39,44.83,0.19,C3'-endo
38,38,0.32,U,U,U,0,0,0,1,0,.,40,1,tSH,tm-M,2.01,4.02,3.58,1.53,4.37,5.28,5.37,2.89,..,anti,.,4.93,4.92,3.21,4.22,3.25,3.47,3.52,2.58,0.39,5.58,0.73,5.77,0.07,42.98,6.06,C2'-exo
39,39,0.33,C,C,C,0,1,0,0,0,.,,0,,,3.24,2.74,0.45,1.85,3.53,5.03,4.78,3.99,BI,anti,.,2.59,3.42,0.13,4.56,0.85,4.30,0.30,4.87,0.02,6.15,0.19,6.10,0.10,11.05,0.22,C3'-endo
40,40,0.33,U,U,U,0,0,0,1,0,.,38,1,tHS,tM-m,2.54,3.56,2.84,1.39,4.64,4.53,0.11,3.67,..,anti,.,3.32,4.57,2.69,4.25,3.09,4.17,3.91,4.65,6.20,5.93,0.63,5.59,0.50,40.08,0.44,C3'-endo
41,41,0.34,G,G,G,0,0,1,0,0,),"36,44",2,"cWW,tSW","cW-W,tm+W",0.84,2.61,1.22,2.25,4.28,1.83,2.46,4.73,..,anti,.,1.18,1.64,4.69,1.62,5.36,1.13,5.16,1.36,5.75,0.66,5.76,0.23,0.19,36.78,2.51,C2'-endo
42,42,0.35,A,A,A,1,0,0,0,0,.,,0,,,3.66,3.55,6.27,1.55,4.23,4.89,5.63,2.65,..,anti,.,5.10,5.05,1.79,3.80,1.76,4.04,2.11,4.82,0.55,5.48,0.74,5.87,6.20,46.56,5.86,C2'-exo
43,43,0.36,U,U,U,0,0,0,1,0,.,44,1,cWH,cW+M,4.94,2.95,1.18,1.50,3.76,5.29,4.75,2.73,BI,anti,.,4.38,4.75,2.83,4.22,3.20,4.20,4.27,4.70,0.39,5.56,0.77,5.73,0.11,45.02,6.10,C2'-exo
44,44,0.37,C,C,C,0,1,0,0,0,.,"41,43",2,"tWS,cHW","tW+m,cM+W",4.68,3.51,1.09,1.52,3.27,5.42,4.13,3.29,BI,anti,A,3.95,4.26,2.79,4.01,3.21,3.99,4.26,4.70,0.09,5.79,0.68,5.64,0.35,39.95,0.19,C3'-endo
45,45,0.38,U,U,U,0,0,0,1,0,),"32,35",2,"cWW,cSW","cW-W,cm-W",4.71,3.62,0.82,1.37,3.40,5.22,4.46,3.75,BI,anti,A,3.71,4.42,2.86,3.68,3.15,3.78,4.15,4.43,0.17,5.69,0.77,5.60,0.32,44.27,0.10,C3'-endo
46,46,0.38,C,C,C,0,1,0,0,0,),"31,34",2,"cWW,cSW","cW-W,cm-W",5.17,2.94,1.03,1.47,3.33,5.18,4.43,3.63,BI,anti,.,3.82,4.18,3.04,3.80,3.40,3.76,4.25,4.09,0.07,5.85,0.62,5.68,0.34,36.45,0.22,C3'-endo
47,47,0.39,G,G,G,0,0,1,0,0,),30,1,cWW,cW-W,4.57,3.54,1.01,1.32,3.32,5.01,4.59,3.70,BI,anti,.,4.06,4.54,2.76,4.03,2.95,3.99,3.53,4.24,6.27,5.83,0.71,5.55,0.47,43.14,0.33,C3'-endo
48,48,0.40,G,G,G,0,0,1,0,0,),29,1,cWW,cW-W,2.61,3.79,3.36,1.47,4.26,4.53,6.01,3.11,..,anti,.,4.69,4.57,3.38,3.29,3.61,3.56,4.15,4.40,6.16,6.03,0.51,5.68,0.46,34.09,0.53,C3'-endo
49,49,0.41,A,A,A,1,0,0,0,0,.,50,1,cSH,cm+M,5.48,2.33,1.22,2.15,4.06,3.23,0.83,3.43,BII,anti,.,3.28,2.69,3.09,2.71,3.67,2.35,4.64,2.34,5.72,0.60,5.87,0.10,0.30,34.55,2.32,C1'-exo
50,50,0.42,A,A,A,1,0,0,0,0,.,"29,49",2,"cWS,cHS","cW-m,cM+m",4.51,2.65,0.56,1.41,3.93,4.39,5.82,2.78,..,anti,.,4.90,4.89,2.48,4.06,2.27,4.06,2.40,4.38,0.24,5.68,0.72,5.69,0.23,41.26,6.27,C2'-exo
51,51,0.42,G,G,G,0,0,1,0,0,),"27,28,54",3,"cWW,cWW,c.H","cW-W,cW-W,c.+M",2.59,3.99,3.09,1.58,4.25,4.77,5.76,2.80,..,anti,A,4.22,4.59,3.11,3.67,3.39,3.70,4.05,4.15,0.23,5.74,0.63,5.77,0.18,36.31,6.24,C2'-exo
52,52,0.43,C,C,C,0,1,0,0,0,),27,1,cWW,cW-W,5.23,2.90,0.82,1.51,3.45,5.42,4.32,3.47,BI,anti,.,4.00,4.28,2.75,3.65,3.12,3.47,3.87,3.25,0.12,5.81,0.63,5.70,0.29,36.37,0.14,C3'-endo
53,53,0.44,U,U,U,0,0,0,1,0,.,"26,56",2,"cWW,cWH","cW-W,cW+M",4.15,1.65,3.14,2.75,4.61,2.74,1.87,3.39,BII,anti,Z,0.60,0.87,4.45,1.68,4.12,1.79,3.85,1.51,6.27,0.43,5.63,0.66,5.88,39.12,3.44,C3'-exo
54,54,0.45,A,A,A,1,0,0,0,0,.,"28,51",2,"cWS,cH.","cW-m,cM+.",5.57,2.84,4.86,1.81,4.46,4.58,6.16,2.40,..,anti,.,3.91,4.56,2.16,3.60,1.81,3.89,1.82,4.16,0.46,5.66,0.54,6.00,6.17,35.27,5.78,C2'-exo
55,55,0.46,A,A,A,1,0,0,0,0,.,27,1,cWS,cW-m,5.29,2.43,1.25,1.46,3.36,5.47,4.17,2.91,BI,anti,A,2.85,4.05,2.76,4.16,3.33,4.05,3.65,4.62,6.10,6.01,0.60,5.57,0.57,40.76,0.58,C3'-endo
56,56,0.47,G,G,G,0,0,1,0,0,.,53,1,cHW,cM+W,4.71,4.04,0.61,1.53,2.18,0.55,1.64,4.25,..,anti,.,1.45,2.92,3.03,4.33,3.43,4.33,4.29,5.44,0.30,5.70,0.63,5.81,0.11,36.73,6.13,C2'-exo
57,57,0.47,C,C,C,0,1,0,0,0,),21,1,cWW,cW-W,3.90,2.80,1.23,1.13,3.96,4.93,5.31,3.79,BI,anti,.,3.53,4.79,2.58,3.69,3.18,3.72,4.55,4.31,0.13,5.71,0.79,5.57,0.38,45.72,0.16,C3'-endo
58,58,0.48,A,A,A,1,0,0,0,0,),20,1,cWW,cW-W,5.55,2.62,0.74,1.09,4.17,4.78,5.68,3.11,..,anti,A,4.71,4.90,2.84,3.68,3.05,3.72,3.94,4.28,0.23,5.62,0.83,5.57,0.31,47.85,0.05,C3'-endo
59,59,0.49,G,G,G,0,0,1,0,0,),19,1,cWW,cW-W,5.42,2.57,0.94,1.11,4.75,3.94,0.82,2.77,..,anti,.,4.93,4.94,3.00,3.91,3.10,3.82,3.92,4.06,0.27,5.60,0.83,5.60,0.27,47.47,0.00,C3'-endo
60,60,0.50,G,G,G,0,0,1,0,0,),18,1,cWW,cW-W,1.52,4.48,3.47,1.44,4.43,4.85,5.87,2.61,..,anti,.,5.06,5.02,2.93,3.58,3.06,3.67,3.66,4.28,0.42,5.54,0.77,5.75,0.07,45.36,6.05,C2'-exo
61,61,0.51,G,G,G,0,0,1,0,0,),"16,17",2,"cWW,cWW","cW-W,cW-W",5.06,3.00,1.15,1.50,3.80,4.92,5.17,2.96,BI,anti,A,4.62,4.61,3.01,3.75,3.31,3.91,4.18,4.21,0.09,5.83,0.62,5.69,0.32,36.30,0.19,C3'-endo
62,62,0.52,U,U,U,0,0,0,1,0,),16,1,cWW,cW-W,5.24,2.94,1.26,2.61,3.96,5.57,4.67,3.77,..,anti,.,1.26,1.51,3.29,6.12,3.94,5.26,4.34,4.43,5.91,0.67,5.59,0.50,6.20,40.86,2.93,C2'-endo
63,63,0.53,C,C,C,0,1,0,0,0,.,,0,,,3.09,3.73,4.48,1.79,3.55,1.18,2.37,4.65,..,anti,.,0.97,4.26,4.98,5.87,5.66,5.90,0.33,5.63,0.29,5.83,0.44,6.00,0.00,26.32,5.96,C2'-exo
64,64,0.53,G,G,G,0,0,1,0,0,),15,1,cWW,cW-W,0.90,2.85,5.41,1.37,3.52,4.86,4.94,3.06,BI,anti,A,4.76,4.73,3.64,3.28,4.09,3.50,4.90,4.12,0.24,5.67,0.74,5.67,0.24,42.32,0.01,C3'-endo
65,65,0.54,G,G,G,0,0,1,0,0,),14,1,cWW,cW-W,3.53,3.53,2.21,1.36,4.23,5.15,5.36,3.06,..,anti,.,4.91,4.91,2.88,4.18,3.04,4.19,3.59,4.89,0.28,5.66,0.72,5.70,0.19,41.53,6.23,C2'-exo
66,66,0.55,G,G,G,0,0,1,0,0,(,"11,109",2,"tSW,cWW","tm+W,cW-W",5.24,2.88,1.08,1.34,3.78,5.04,5.02,3.20,BI,anti,A,4.81,4.80,2.92,3.79,3.36,3.81,4.59,4.47,0.15,5.70,0.77,5.59,0.35,44.33,0.13,C3'-endo
67,67,0.56,C,C,C,0,1,0,0,0,(,108,1,cWW,cW-W,5.26,2.89,0.85,1.49,3.71,5.16,4.83,3.25,BI,anti,A,4.67,4.67,2.89,3.96,3.21,3.96,4.23,4.41,0.19,5.72,0.70,5.68,0.26,40.17,0.05,C3'-endo
68,68,0.57,C,C,C,0,1,0,0,0,(,107,1,cWW,cW-W,5.00,3.09,1.03,1.35,3.82,5.64,4.46,3.21,BI,anti,A,4.65,4.67,2.94,4.03,3.23,3.83,4.02,4.28,6.26,5.86,0.68,5.58,0.46,41.38,0.35,C3'-endo
69,69,0.57,U,U,U,0,0,0,1,0,(,106,1,cWW,cW-W,3.91,1.73,2.66,1.77,4.38,4.70,5.97,2.88,..,anti,.,4.74,4.78,3.11,3.74,3.18,3.63,3.97,4.04,0.53,5.58,0.61,5.97,6.14,40.10,5.77,C2'-exo
70,70,0.58,G,G,G,0,0,1,0,0,(,105,1,cWW,cW-W,1.75,3.50,3.62,1.54,4.18,4.83,5.63,2.99,..,anti,A,4.98,4.92,2.44,3.32,2.77,3.53,3.59,3.91,0.44,5.58,0.70,5.83,0.01,41.93,5.98,C2'-exo
71,71,0.59,G,G,G,0,0,1,0,0,(,104,1,cWW,cW-W,5.36,2.60,1.08,1.34,3.97,4.92,5.34,3.10,BI,anti,A,4.62,4.68,2.98,3.93,3.32,3.96,3.86,4.76,6.27,5.85,0.70,5.56,0.47,42.43,0.34,C3'-endo
72,72,0.60,U,U,U,0,0,0,1,0,.,103,1,tWH,tW-M,5.46,2.91,0.65,1.13,1.88,1.18,0.70,3.44,..,anti,.,3.69,3.83,3.07,4.28,3.46,4.21,4.57,4.98,0.18,5.69,0.76,5.61,0.32,43.78,0.10,C3'-endo
73,73,0.61,U,U,U,0,0,0,1,0,.,102,1,tSH,tm-M,3.83,2.79,1.14,1.35,3.39,0.68,2.72,3.62,..,anti,.,4.13,4.41,2.62,5.87,3.20,5.16,4.36,4.59,6.22,5.91,0.64,5.59,0.47,39.90,0.41,C3'-endo
74,74,0.62,A,A,A,1,0,0,0,0,.,101,1,tHH,tM+M,1.64,3.17,1.81,2.53,4.59,2.70,1.89,3.98,BII,anti,.,-0.21,0.56,1.12,2.61,2.12,2.28,2.21,2.60,5.83,0.68,5.64,0.40,0.03,39.53,2.77,C2'-endo
75,75,0.62,G,G,G,0,0,1,0,0,.,76,1,cSH,cm+M,4.88,1.62,2.84,2.19,3.39,2.59,0.80,4.02,..,anti,.,3.25,2.76,5.48,0.41,4.76,1.06,4.62,1.71,5.50,0.80,5.77,0.08,0.43,46.42,2.26,C1'-exo
76,76,0.63,U,U,U,0,0,0,1,0,.,"75,100",2,"cHS,tWH","cM+m,tW-M",5.33,2.56,0.50,1.43,3.90,5.11,5.08,2.98,BI,anti,A,4.92,4.82,2.99,4.07,2.83,4.11,2.81,4.56,0.21,5.72,0.69,5.70,0.24,39.47,0.02,C3'-endo
77,77,0.64,A,A,A,1,0,0,0,0,.,99,1,tHS,tM-m,5.09,2.98,1.04,1.36,4.00,5.22,5.06,3.14,BI,anti,.,4.84,4.77,2.94,4.14,3.25,4.20,4.08,5.03,6.25,5.88,0.65,5.60,0.45,40.11,0.37,C3'-endo
78,78,0.65,C,C,C,0,1,0,0,0,(,98,1,cWW,cW-W,5.08,2.85,1.08,1.34,3.75,5.15,4.88,3.07,BI,anti,A,4.86,4.75,2.79,3.84,3.25,3.88,4.58,4.30,0.06,5.78,0.73,5.58,0.41,43.00,0.24,C3'-endo
79,79,0.66,U,U,U,0,0,0,1,0,(,97,1,cWW,cW-W,4.90,2.86,1.46,1.39,3.60,4.13,5.75,3.06,BI,anti,.,4.26,4.46,3.04,3.38,3.41,3.35,4.21,3.41,6.24,5.88,0.67,5.57,0.48,41.39,0.39,C3'-endo
80,80,0.67,U,U,U,0,0,0,1,0,.,96,1,cWW,cW-W,0.68,2.48,5.85,1.39,3.37,5.23,4.42,3.57,BI,anti,.,4.29,4.58,3.12,3.98,3.05,4.01,3.13,4.85,0.23,5.69,0.71,5.69,0.23,40.79,6.28,C2'-exo
81,81,0.68,G,G,G,0,0,1,0,0,(,95,1,cWW,cW-W,2.91,3.54,2.55,1.27,4.27,4.89,5.66,3.07,..,anti,.,4.86,4.89,2.63,3.81,3.04,3.81,4.24,4.02,0.33,5.59,0.79,5.67,0.18,45.29,6.19,C2'-exo
82,82,0.68,G,G,G,0,0,1,0,0,(,94,1,cWW,cW-W,5.42,2.70,1.10,1.13,4.60,4.13,0.47,3.08,..,anti,A,4.81,4.91,3.11,3.38,3.31,3.48,3.77,3.90,6.14,5.89,0.75,5.43,0.63,48.78,0.49,C3'-endo
83,83,0.69,A,A,A,1,0,0,0,0,.,93,1,cWW,cW-W,5.20,2.16,1.19,1.30,4.95,4.03,0.92,3.26,..,anti,.,4.40,4.89,3.11,3.83,3.13,3.12,3.52,2.79,0.02,5.80,0.72,5.55,0.45,43.23,0.30,C3'-endo
84,84,0.70,U,U,U,0,0,0,1,0,.,,0,,,0.61,4.18,1.24,2.55,4.08,0.99,3.10,3.32,..,anti,.,-0.96,1.67,5.84,1.82,0.14,1.07,6.14,1.07,5.73,0.76,5.61,0.38,0.11,43.17,2.67,C2'-endo
85,85,0.71,G,G,G,0,0,1,0,0,(,92,1,cWW,cW-W,1.49,1.58,3.35,1.52,4.01,4.95,5.34,2.97,BI,anti,A,4.98,4.91,1.41,2.70,1.32,3.09,1.38,3.70,0.36,5.61,0.70,5.78,0.09,41.15,6.08,C2'-exo
86,86,0.72,G,G,G,0,0,1,0,0,(,91,1,cWW,cW-W,5.14,2.92,1.05,1.43,4.09,5.07,5.30,3.17,..,anti,.,4.78,4.81,3.05,4.07,3.28,4.09,3.86,4.77,0.15,5.75,0.68,5.67,0.30,39.38,0.11,C3'-endo
87,87,0.72,G,G,G,0,0,1,0,0,.,90,1,tSH,tm-M,5.15,2.68,1.07,1.31,4.35,4.88,5.75,3.07,..,anti,.,4.99,4.92,2.88,4.56,3.24,3.72,4.32,2.71,0.05,5.80,0.70,5.59,0.41,41.76,0.26,C3'-endo
88,88,0.73,A,A,A,1,0,0,0,0,.,,0,,,2.54,2.79,1.07,1.59,3.88,5.26,4.90,3.14,BI,anti,.,4.50,4.55,6.25,4.35,0.69,4.28,0.44,5.08,0.14,5.81,0.61,5.74,0.25,34.89,0.09,C3'-endo
89,89,0.74,G,G,G,0,0,1,0,0,.,,0,,,4.64,2.98,1.38,1.55,3.26,5.17,4.37,3.30,BI,anti,.,4.03,4.11,2.71,4.01,3.30,3.85,4.67,4.56,6.26,5.98,0.49,5.76,0.35,30.14,0.37,C3'-endo
90,90,0.75,A,A,A,1,0,0,0,0,.,87,1,tHS,tM-m,3.59,3.42,2.09,1.53,4.08,5.00,5.36,3.56,..,anti,.,3.94,4.50,2.88,4.65,3.22,4.70,4.25,5.21,0.14,5.79,0.64,5.70,0.28,36.98,0.12,C3'-endo
91,91,0.76,C,C,C,0,1,0,0,0,),86,1,cWW,cW-W,2.06,4.24,3.42,1.45,3.87,5.09,5.06,3.09,BI,anti,A,4.81,4.77,3.02,3.35,3.75,3.38,4.94,3.79,0.27,5.66,0.73,5.70,0.20,41.59,6.24,C2'-exo
92,92,0.77,C,C,C,0,1,0,0,0,),85,1,cWW,cW-W,5.11,2.88,1.09,1.26,3.71,5.06,4.94,3.02,BI,anti,A,4.85,4.79,2.89,3.64,3.18,3.61,3.94,4.00,0.12,5.72,0.78,5.56,0.38,45.21,0.17,C3'-endo
93,93,0.78,G,G,G,0,0,1,0,0,.,83,1,cWW,cW-W,5.19,3.04,0.94,1.22,4.03,4.94,5.37,2.90,BI,anti,A,5.03,4.91,3.02,3.65,3.14,3.76,3.80,4.27,0.21,5.64,0.81,5.59,0.31,46.53,0.06,C3'-endo
94,94,0.78,C,C,C,0,1,0,0,0,),82,1,cWW,cW-W,5.09,2.69,1.27,1.35,3.61,5.09,4.80,2.87,BI,anti,.,4.56,4.66,2.93,3.69,3.26,3.69,4.08,3.85,0.20,5.67,0.78,5.60,0.31,44.98,0.07,C3'-endo
95,95,0.79,C,C,C,0,1,0,0,0,),81,1,cWW,cW-W,5.01,3.26,0.96,1.47,3.52,5.27,4.53,3.16,BI,anti,A,4.23,4.46,2.98,3.95,3.21,4.01,3.64,4.66,0.06,5.82,0.66,5.63,0.37,39.03,0.24,C3'-endo
96,96,0.80,U,U,U,0,0,0,1,0,.,80,1,cWW,cW-W,4.92,3.67,0.72,1.57,3.46,5.07,4.67,3.76,BI,anti,.,3.79,4.37,2.99,4.18,3.21,3.91,4.07,4.03,0.20,5.77,0.61,5.77,0.20,34.86,0.00,C3'-endo
97,97,0.81,G,G,G,0,0,1,0,0,),79,1,cWW,cW-W,2.20,3.31,3.34,1.47,3.87,5.08,5.07,3.20,BI,anti,A,4.85,4.82,2.69,3.24,2.86,3.39,3.38,3.87,0.31,5.60,0.77,5.69,0.18,44.03,6.19,C2'-exo
98,98,0.82,G,G,G,0,0,1,0,0,),78,1,cWW,cW-W,4.88,2.93,1.33,1.27,4.10,5.11,5.27,3.15,..,anti,.,4.87,4.88,2.96,4.02,3.24,4.09,3.92,4.93,0.08,5.74,0.78,5.53,0.43,46.00,0.23,C3'-endo
99,99,0.82,G,G,G,0,0,1,0,0,.,77,1,tSH,tm-M,5.05,2.78,1.27,1.48,4.08,3.55,0.53,3.09,..,anti,.,4.89,4.78,2.92,2.93,3.37,2.64,4.68,2.51,0.13,5.77,0.69,5.66,0.31,39.68,0.14,C3'-endo
100,100,0.83,A,A,A,1,0,0,0,0,.,76,1,tHW,tM-W,0.99,4.37,4.11,1.47,4.19,5.02,5.46,3.05,..,anti,.,4.96,4.93,3.46,3.18,3.09,3.46,2.74,4.26,0.36,5.61,0.72,5.75,0.11,41.91,6.11,C2'-exo
101,101,0.84,A,A,A,1,0,0,0,0,.,74,1,tHH,tM+M,5.13,2.93,1.07,1.35,3.94,5.02,5.21,3.20,BI,anti,.,4.81,4.83,2.87,3.80,3.24,3.75,4.26,3.83,0.15,5.71,0.75,5.59,0.34,43.62,0.13,C3'-endo
102,102,0.85,U,U,U,0,0,0,1,0,.,73,1,tHS,tM-m,4.57,2.69,1.84,1.15,4.19,4.82,5.66,3.11,..,anti,.,4.99,4.96,2.98,3.57,3.14,3.62,3.48,4.44,0.03,5.76,0.79,5.51,0.47,46.78,0.28,C3'-endo
103,103,0.86,A,A,A,1,0,0,0,0,.,72,1,tHW,tM-W,5.18,2.43,1.29,1.28,4.37,5.27,5.37,2.87,..,anti,.,5.11,5.00,2.92,4.48,3.21,4.48,4.39,5.28,0.22,5.66,0.78,5.62,0.28,44.57,0.04,C3'-endo
104,104,0.87,C,C,C,0,1,0,0,0,),71,1,cWW,cW-W,5.16,3.10,0.92,1.33,3.59,5.49,4.38,3.22,BI,anti,A,4.72,4.74,2.76,4.05,3.28,3.89,4.75,4.13,0.21,5.69,0.73,5.66,0.26,41.92,0.03,C3'-endo
105,105,0.88,C,C,C,0,1,0,0,0,),70,1,cWW,cW-W,3.54,2.60,2.50,1.50,4.59,4.56,0.03,2.84,..,anti,.,4.89,4.87,2.96,3.89,3.13,3.74,3.74,3.93,0.31,5.63,0.72,5.73,0.15,41.77,6.17,C2'-exo
106,106,0.88,G,G,G,0,0,1,0,0,),69,1,cWW,cW-W,1.37,3.92,4.07,1.50,4.16,4.92,5.52,3.00,..,anti,A,4.91,4.88,2.81,3.20,3.01,3.43,3.53,4.28,0.33,5.63,0.72,5.74,0.14,41.59,6.15,C2'-exo
107,107,0.89,G,G,G,0,0,1,0,0,),68,1,cWW,cW-W,5.01,2.88,1.10,1.38,3.66,5.10,4.84,3.19,BI,anti,A,4.70,4.71,2.73,3.82,3.09,3.81,4.15,4.22,0.18,5.69,0.75,5.62,0.31,43.32,0.09,C3'-endo
108,108,0.90,G,G,G,0,0,1,0,0,),"12,67",2,"tSS,cWW","tm+m,cW-W",5.15,3.17,1.00,1.50,3.78,4.92,5.14,3.41,BI,anti,A,4.37,4.55,3.13,3.83,3.36,3.92,4.04,4.44,0.08,5.83,0.64,5.67,0.33,37.20,0.20,C3'-endo
109,109,0.91,U,U,U,0,0,0,1,0,),66,1,cWW,cW-W,5.18,2.80,1.22,1.64,3.09,3.91,5.46,3.51,..,anti,.,3.86,3.74,2.99,2.40,3.49,2.02,4.28,2.03,6.04,6.24,0.30,5.83,0.44,26.69,0.87,C4'-exo
110,110,0.92,G,G,G,0,0,1,0,0,.,,0,,,5.14,1.66,3.27,1.43,3.88,4.41,5.75,2.87,..,anti,A,4.93,4.87,4.74,2.76,4.26,3.01,4.03,3.55,0.31,5.62,0.75,5.71,0.17,43.08,6.18,C2'-exo
111,111,0.93,C,C,C,0,1,0,0,0,.,,0,,,2.45,3.89,2.97,1.60,4.64,5.53,5.39,2.64,..,anti,.,4.65,4.91,2.90,4.40,3.13,4.10,3.75,4.40,0.44,5.54,0.76,5.77,0.04,44.90,6.02,C2'-exo
112,112,0.93,U,U,U,0,0,0,1,0,.,113,1,cWH,cW+M,4.15,1.56,2.61,1.59,3.52,5.07,4.73,2.60,BI,anti,.,3.16,4.57,2.81,2.88,3.20,3.07,4.23,2.93,0.44,5.52,0.77,5.75,0.06,45.72,6.04,C2'-exo
113,113,0.94,G,G,G,0,0,1,0,0,),"5,6,112",3,"cWW,cWW,cHW","cW-W,cW-W,cM+W",4.77,3.65,0.98,1.45,4.17,4.66,5.79,3.00,..,anti,A,4.32,4.51,3.14,3.73,3.15,3.84,2.95,4.20,6.28,5.86,0.66,5.60,0.44,40.29,0.34,C3'-endo
114,114,0.95,U,U,U,0,0,0,1,0,),5,1,cWW,cW-W,4.93,2.46,1.50,1.33,4.00,4.70,5.59,3.13,..,anti,A,4.04,4.44,2.95,3.98,3.21,3.78,3.72,4.37,6.25,5.86,0.69,5.56,0.48,42.31,0.37,C3'-endo
115,115,0.96,A,A,A,1,0,0,0,0,),4,1,cWW,cW-W,0.62,3.03,5.12,1.58,3.15,5.13,4.30,3.52,BI,anti,A,4.35,4.51,2.65,3.60,2.86,3.73,3.88,4.17,0.40,5.59,0.71,5.80,0.06,41.79,6.03,C2'-exo
116,116,0.97,G,G,G,0,0,1,0,0,),3,1,cWW,cW-W,2.99,3.89,2.58,1.31,3.85,5.65,4.48,3.08,BI,anti,.,4.47,4.53,2.89,3.97,3.31,3.60,3.94,3.72,6.18,5.94,0.63,5.57,0.51,40.72,0.47,C3'-endo
117,117,0.97,G,G,G,0,0,1,0,0,),"2,24",2,"cWW,cSS","cW-W,cm-m",3.74,1.61,2.91,1.64,4.17,4.83,5.62,3.06,..,anti,A,4.64,4.78,3.00,3.11,3.00,3.42,3.38,4.14,0.45,5.64,0.59,5.93,6.23,37.14,5.87,C2'-exo
118,118,0.98,C,C,C,0,1,0,0,0,),1,1,cWW,cW-W,5.61,2.78,0.61,1.51,3.64,5.13,4.79,3.49,BI,anti,A,4.27,4.49,2.87,3.93,3.24,3.93,4.11,4.30,0.10,5.83,0.61,5.71,0.30,35.52,0.17,C3'-endo
119,119,0.99,U,U,U,0,0,0,1,0,.,,0,,,4.91,3.08,1.11,1.34,3.55,0.70,2.85,3.52,..,anti,.,4.40,4.59,2.85,6.05,3.15,5.70,3.82,5.07,6.22,5.91,0.64,5.59,0.48,39.98,0.41,C3'-endo
120,120,1.00,U,U,U,0,0,0,1,0,.,,0,,,1.66,3.72,5.39,1.63,,,,3.24,n/a,anti,-,,,,,,,,,0.14,5.88,0.50,5.85,0.19,28.44,0.06,C3'-endo
