index_chain,old_nt_resnum,nt_position,nt_name,nt_code,nt_align_code,is_A,is_C,is_G,is_U,is_other,dbn,paired,nb_interact,pair_type_LW,pair_type_DSSR,alpha,beta,gamma,delta,epsilon,zeta,epsilon_zeta,chi,bb_type,glyco_bond,form,ssZp,Dp,eta,theta,eta_prime,theta_prime,eta_base,theta_base,v0,v1,v2,v3,v4,amplitude,phase_angle,puckering
1,1,0.01,C,C,C,0,1,0,0,0,.,"73,74",2,"cWW,cWW","cW-W,cW-W",,,2.93,1.44,4.21,4.99,5.50,3.39,..,anti,.,4.50,4.79,,,,,,,0.11,5.81,0.64,5.69,0.31,37.02,0.16,C3'-endo
2,2,0.03,G,G,G,0,0,1,0,0,(,72,1,cWW,cW-W,5.27,3.14,0.83,1.41,3.93,4.18,6.03,3.24,..,anti,A,4.71,4.76,2.93,3.96,3.27,3.96,4.18,4.37,0.13,5.77,0.69,5.65,0.32,39.84,0.15,C3'-endo
3,3,0.04,C,C,C,0,1,0,0,0,(,71,1,cWW,cW-W,2.48,4.27,2.99,1.38,4.00,5.34,4.95,3.16,BI,anti,.,4.74,4.76,2.75,4.07,3.12,4.01,3.87,4.05,0.12,5.77,0.69,5.64,0.33,40.12,0.16,C3'-endo
4,4,0.05,G,G,G,0,0,1,0,0,(,70,1,cWW,cW-W,5.32,3.78,0.49,2.62,3.18,4.33,5.14,4.55,BI,anti,B,2.42,2.31,2.87,3.63,3.40,3.38,3.74,4.36,5.87,0.68,5.61,0.45,6.26,40.00,2.85,C2'-endo
5,5,0.06,G,G,G,0,0,1,0,0,(,69,1,cWW,cW-W,4.73,2.95,1.01,1.30,3.41,5.23,4.47,3.50,BI,anti,A,4.44,4.59,2.58,3.65,2.64,3.65,3.92,3.96,0.03,5.81,0.71,5.58,0.43,42.21,0.28,C3'-endo
6,6,0.08,G,G,G,0,0,1,0,0,(,68,1,cWW,cW-W,5.24,3.08,1.12,1.38,3.37,5.04,4.61,3.51,BI,anti,A,4.26,4.38,3.18,3.77,3.47,3.78,4.03,4.07,6.23,5.94,0.59,5.64,0.44,36.96,0.41,C3'-endo
7,7,0.09,G,G,G,0,0,1,0,0,(,67,1,cWW,cW-W,3.35,3.13,2.89,2.58,4.59,5.82,5.05,3.98,..,anti,.,0.76,0.98,3.95,5.22,3.95,5.36,4.19,5.93,5.97,0.57,5.68,0.44,6.20,35.04,2.95,C2'-endo
8,8,0.10,U,U,U,0,0,0,1,0,.,14,1,tWH,tW-M,5.01,3.50,1.01,1.42,4.13,3.75,0.38,3.47,..,anti,.,4.30,4.69,2.95,3.26,3.66,3.43,3.83,3.10,0.00,5.89,0.61,5.66,0.39,36.94,0.32,C3'-endo
9,9,0.12,G,G,G,0,0,1,0,0,.,,0,,,1.26,3.03,4.88,2.55,4.59,4.57,0.01,4.65,..,anti,.,0.61,1.07,3.74,5.00,3.44,4.34,2.82,4.57,5.93,0.58,5.70,0.39,6.25,34.63,2.86,C2'-endo
10,10,0.13,G,G,G,0,0,1,0,0,(,"26,46",2,"cWW,cHS","cW-W,cM+m",2.85,3.57,1.32,1.42,3.87,4.93,5.22,3.13,BI,anti,A,4.68,4.70,0.83,3.84,1.84,3.89,2.47,4.16,0.05,5.84,0.64,5.66,0.36,37.52,0.24,C3'-endo
11,11,0.14,A,A,A,1,0,0,0,0,(,25,1,cWW,cW-W,5.06,3.16,0.99,1.40,3.68,5.00,4.96,3.58,BI,anti,.,4.25,4.58,2.97,3.69,3.16,3.76,3.62,4.44,6.27,5.90,0.62,5.64,0.42,37.61,0.35,C3'-endo
12,12,0.16,G,G,G,0,0,1,0,0,(,24,1,cWW,cW-W,4.98,3.23,0.84,1.47,3.30,5.38,4.20,3.71,BI,anti,A,4.07,4.50,2.78,4.10,3.02,3.97,3.92,4.20,0.15,5.78,0.64,5.71,0.27,36.97,0.10,C3'-endo
13,13,0.17,C,C,C,0,1,0,0,0,(,23,1,cWW,cW-W,3.30,3.11,2.68,1.44,3.64,5.43,4.50,3.53,BI,anti,.,4.35,4.60,2.96,3.64,3.28,3.44,3.86,3.58,0.07,5.84,0.63,5.68,0.34,36.88,0.22,C3'-endo
14,14,0.18,A,A,A,1,0,0,0,0,.,"8,22",2,"tHW,cWS","tM-W,cW-m",3.61,2.35,2.72,1.42,4.28,5.33,5.24,2.93,..,anti,.,4.84,4.84,2.95,3.82,3.06,4.01,3.46,4.89,0.19,5.72,0.70,5.67,0.27,40.30,0.06,C3'-endo
15,15,0.19,G,G,G,0,0,1,0,0,.,49,1,tWW,tW+W,5.43,3.20,0.72,1.38,4.45,4.61,6.12,3.64,..,anti,.,3.67,4.70,3.06,4.10,3.51,4.42,4.65,5.22,6.27,5.88,0.64,5.62,0.42,38.79,0.34,C3'-endo
16,16,0.21,C,C,C,0,1,0,0,0,.,60,1,tS.,tm+.,5.84,2.67,0.93,2.55,3.81,5.49,4.60,4.65,BI,anti,.,1.66,1.84,3.11,5.91,3.88,5.22,4.62,5.77,5.89,0.63,5.67,0.40,6.28,37.17,2.83,C2'-endo
17,17,0.22,C,C,C,0,1,0,0,0,.,,0,,,2.49,3.20,3.14,1.35,4.35,0.58,3.77,4.62,..,anti,.,-0.38,4.71,2.54,5.45,3.27,5.02,3.84,5.18,6.25,5.90,0.64,5.61,0.45,39.31,0.38,C3'-endo
18,17A,0.23,U,U,U,0,0,0,1,0,.,,0,,,2.88,2.30,1.77,1.37,4.70,4.36,0.34,3.80,..,anti,.,2.94,4.69,1.39,4.80,2.15,4.36,2.79,4.29,0.01,5.87,0.64,5.63,0.41,38.75,0.32,C3'-endo
19,18,0.25,G,G,G,0,0,1,0,0,.,56,1,tWS,tW+m,3.67,4.19,4.28,2.58,4.03,4.86,5.46,3.63,..,anti,.,1.56,1.63,5.48,4.11,5.75,4.15,5.70,4.56,5.98,0.56,5.69,0.43,6.20,34.61,2.95,C2'-endo
20,19,0.26,G,G,G,0,0,1,0,0,{,57,1,cWW,cW-W,2.66,3.11,3.17,2.57,5.10,4.43,0.67,4.56,..,anti,.,0.04,0.15,3.56,5.13,3.95,5.04,4.28,5.62,5.90,0.63,5.66,0.42,6.26,37.24,2.85,C2'-endo
21,20,0.27,U,U,U,0,0,0,1,0,.,60,1,cHH,cM-M,2.76,4.07,2.69,1.37,4.29,5.31,5.26,4.04,..,anti,.,2.42,4.74,2.12,4.32,3.04,4.13,3.17,4.39,6.28,5.88,0.63,5.63,0.41,38.10,0.33,C3'-endo
22,21,0.29,A,A,A,1,0,0,0,0,.,14,1,cSW,cm-W,5.91,3.77,1.24,1.45,3.15,4.55,4.88,4.22,BI,anti,.,2.81,4.42,4.19,2.98,4.69,2.84,4.80,2.74,0.12,5.79,0.66,5.67,0.31,38.24,0.15,C3'-endo
23,22,0.30,G,G,G,0,0,1,0,0,),"13,47",2,"cWW,tHW","cW-W,tM-W",4.84,2.82,1.28,1.39,3.62,4.82,5.08,3.57,BI,anti,.,4.33,4.68,2.83,3.52,2.77,3.44,2.81,3.33,0.09,5.80,0.68,5.64,0.35,39.48,0.19,C3'-endo
24,23,0.31,C,C,C,0,1,0,0,0,),12,1,cWW,cW-W,5.24,2.91,1.02,1.36,3.79,4.92,5.15,3.60,BI,anti,A,4.22,4.68,3.03,3.69,3.13,3.71,3.22,4.16,6.28,5.87,0.65,5.61,0.43,39.62,0.33,C3'-endo
25,24,0.32,U,U,U,0,0,0,1,0,),11,1,cWW,cW-W,4.99,3.10,0.94,1.38,3.57,5.36,4.50,3.62,BI,anti,.,4.25,4.66,2.79,3.91,2.98,3.93,3.65,4.35,0.09,5.79,0.69,5.63,0.36,40.21,0.20,C3'-endo
26,25,0.34,C,C,C,0,1,0,0,0,),10,1,cWW,cW-W,4.93,2.95,1.34,1.32,4.05,4.91,5.43,3.27,BI,anti,.,4.64,4.72,3.06,3.81,3.39,3.89,4.15,4.81,6.26,5.87,0.67,5.58,0.45,40.92,0.35,C3'-endo
27,26,0.35,G,G,G,0,0,1,0,0,.,45,1,cWW,cW-W,5.24,2.55,1.23,1.40,3.62,5.25,4.65,3.41,BI,anti,A,4.52,4.63,2.83,3.97,3.29,3.86,4.59,4.35,0.05,5.83,0.66,5.63,0.38,39.20,0.26,C3'-endo
28,27,0.36,U,U,U,0,0,0,1,0,(,44,1,cWW,cW-W,4.91,3.36,0.90,1.38,3.52,5.33,4.48,3.47,BI,anti,A,4.49,4.62,2.85,3.84,3.10,3.92,3.97,4.58,0.07,5.82,0.66,5.64,0.36,38.97,0.23,C3'-endo
29,28,0.38,C,C,C,0,1,0,0,0,(,43,1,cWW,cW-W,4.93,3.46,0.87,1.43,3.55,5.16,4.67,3.44,BI,anti,A,4.49,4.60,2.93,3.73,3.19,3.74,4.08,3.89,0.08,5.83,0.64,5.67,0.33,37.48,0.20,C3'-endo
30,29,0.39,G,G,G,0,0,1,0,0,(,42,1,cWW,cW-W,5.08,3.15,0.89,1.31,3.53,5.17,4.64,3.43,BI,anti,A,4.47,4.57,2.85,3.63,3.06,3.68,3.45,4.30,6.27,5.86,0.67,5.59,0.45,40.84,0.34,C3'-endo
31,30,0.40,G,G,G,0,0,1,0,0,(,"0,41",2,"tSS,cWW","tm+m,cW-W",5.23,3.11,0.91,1.38,3.39,5.18,4.49,3.38,BI,anti,.,4.47,4.51,2.99,4.06,3.26,3.93,4.13,4.29,0.03,5.85,0.65,5.63,0.39,38.77,0.28,C3'-endo
32,31,0.42,G,G,G,0,0,1,0,0,(,40,1,cWW,cW-W,2.92,3.33,2.96,1.40,4.48,4.52,6.25,3.13,..,anti,A,4.68,4.77,3.01,3.45,3.25,3.60,3.92,4.38,0.08,5.81,0.66,5.65,0.35,38.78,0.21,C3'-endo
33,32,0.43,C,C,C,0,1,0,0,0,.,39,1,tWH,tW-M,5.40,2.32,1.12,1.38,4.41,4.99,5.70,3.25,..,anti,.,4.53,4.71,2.94,4.38,3.25,4.29,4.18,4.88,0.02,5.85,0.65,5.62,0.40,39.18,0.30,C3'-endo
34,33,0.44,U,U,U,0,0,0,1,0,.,37,1,tWH,tW-M,5.06,3.11,0.79,1.40,3.73,5.25,4.76,3.86,BI,anti,.,3.54,4.58,2.57,4.15,2.94,3.44,3.90,2.38,6.24,5.92,0.60,5.64,0.43,37.07,0.39,C3'-endo
35,34,0.45,C,C,C,0,1,0,0,0,],0,1,cWW,cW-W,3.08,2.59,0.91,1.44,4.47,4.60,6.14,2.97,..,anti,A,4.64,4.68,0.69,4.00,1.03,3.99,0.62,4.42,0.04,5.87,0.61,5.67,0.36,36.52,0.27,C3'-endo
36,35,0.47,A,A,A,1,0,0,0,0,],0,1,cWW,cW-W,5.08,2.50,1.12,1.40,3.71,4.79,5.20,3.27,BI,anti,A,4.60,4.63,2.62,3.61,2.96,3.54,3.76,3.70,0.02,5.87,0.62,5.65,0.38,37.30,0.29,C3'-endo
37,36,0.48,U,U,U,0,0,0,1,0,],"0,34",2,"cWW,tHW","cW-W,tM-W",5.29,2.99,0.81,1.38,3.39,5.13,4.54,3.42,BI,anti,A,4.49,4.56,2.91,4.03,3.06,3.94,3.51,4.45,0.05,5.82,0.67,5.62,0.38,39.66,0.25,C3'-endo
38,37,0.49,A,A,A,1,0,0,0,0,],0,1,cWW,cW-W,3.17,3.44,2.64,1.41,4.50,4.89,5.89,3.14,..,anti,.,4.56,4.67,2.98,3.91,3.23,3.99,4.04,4.78,0.02,5.88,0.62,5.66,0.38,37.05,0.30,C3'-endo
39,38,0.51,A,A,A,1,0,0,0,0,.,33,1,tHW,tM-W,5.16,2.27,1.42,1.35,4.17,5.17,5.29,3.14,..,anti,.,4.68,4.72,2.74,4.25,3.25,4.23,4.44,5.17,6.27,5.87,0.66,5.60,0.44,40.08,0.34,C3'-endo
40,39,0.52,C,C,C,0,1,0,0,0,),32,1,cWW,cW-W,5.26,2.87,0.95,1.35,3.91,4.77,5.42,3.64,BI,anti,A,4.05,4.70,2.78,3.67,3.27,3.70,4.69,4.19,0.02,5.84,0.68,5.60,0.42,40.61,0.30,C3'-endo
41,40,0.53,C,C,C,0,1,0,0,0,),31,1,cWW,cW-W,5.22,2.95,0.88,1.39,3.68,5.07,4.89,3.63,BI,anti,A,4.21,4.69,2.86,3.77,3.03,3.79,3.71,4.09,0.12,5.77,0.69,5.64,0.33,40.32,0.16,C3'-endo
42,41,0.55,C,C,C,0,1,0,0,0,),"0,30",2,"cSS,cWW","cm-m,cW-W",5.02,3.20,0.96,1.39,3.45,5.23,4.51,3.44,BI,anti,A,4.53,4.61,2.90,3.73,3.12,3.74,3.68,4.20,0.07,5.81,0.67,5.64,0.36,39.19,0.22,C3'-endo
43,42,0.56,G,G,G,0,0,1,0,0,),29,1,cWW,cW-W,4.88,3.30,0.99,1.38,3.40,5.25,4.44,3.53,BI,anti,A,4.41,4.59,2.87,3.69,3.11,3.70,3.85,3.90,0.08,5.80,0.68,5.63,0.36,39.96,0.21,C3'-endo
44,43,0.57,A,A,A,1,0,0,0,0,),28,1,cWW,cW-W,5.10,2.97,1.27,1.35,3.58,4.92,4.93,3.40,BI,anti,A,4.46,4.54,3.14,3.52,3.44,3.53,3.90,4.04,6.24,5.90,0.64,5.60,0.46,39.31,0.39,C3'-endo
45,44,0.58,A,A,A,1,0,0,0,0,.,27,1,cWW,cW-W,5.15,2.95,1.08,1.42,3.66,5.23,4.71,3.50,BI,anti,A,4.43,4.66,3.02,3.96,3.23,3.98,3.95,4.64,0.08,5.82,0.65,5.66,0.34,38.01,0.21,C3'-endo
46,45,0.60,G,G,G,0,0,1,0,0,.,10,1,cSH,cm+M,5.11,3.10,1.04,1.49,3.88,4.84,5.32,3.65,BI,anti,.,4.01,4.56,3.07,3.70,3.41,3.87,4.34,4.19,0.02,5.91,0.57,5.71,0.35,33.84,0.29,C3'-endo
47,46,0.61,G,G,G,0,0,1,0,0,.,23,1,tWH,tW-M,5.05,3.71,0.84,1.43,2.93,4.83,4.38,4.40,BI,anti,.,2.25,4.28,3.23,2.63,3.30,2.51,3.55,2.54,0.09,5.82,0.64,5.68,0.33,37.42,0.19,C3'-endo
48,47,0.62,U,U,U,0,0,0,1,0,.,,0,,,4.75,4.88,4.65,1.43,3.39,1.38,2.01,3.09,..,anti,.,4.38,4.49,1.89,4.77,1.23,5.04,0.95,4.36,0.05,5.86,0.62,5.68,0.35,36.63,0.25,C3'-endo
49,48,0.64,C,C,C,0,1,0,0,0,.,15,1,tWW,tW+W,5.24,3.28,1.25,2.56,3.52,2.31,1.21,3.64,..,anti,.,1.68,2.03,3.83,1.84,5.02,1.00,6.26,4.49,5.92,0.61,5.68,0.41,6.25,35.95,2.86,C2'-endo
50,49,0.65,G,G,G,0,0,1,0,0,(,66,1,cWW,cW-W,5.85,3.94,1.43,1.40,3.63,4.50,5.41,3.47,BI,anti,A,4.47,4.68,5.31,4.08,5.58,3.98,2.18,4.36,0.11,5.78,0.68,5.65,0.33,39.71,0.17,C3'-endo
51,50,0.66,U,U,U,0,0,0,1,0,(,65,1,cWW,cW-W,2.69,4.01,2.90,1.41,4.29,4.83,5.74,3.30,..,anti,A,4.58,4.80,2.87,3.84,3.15,3.79,3.88,4.42,0.10,5.80,0.65,5.67,0.32,38.02,0.17,C3'-endo
52,51,0.68,C,C,C,0,1,0,0,0,(,64,1,cWW,cW-W,5.18,2.73,1.02,1.36,3.53,4.26,5.56,3.68,BI,anti,.,4.12,4.59,2.69,3.58,3.06,3.73,4.05,3.78,0.00,5.87,0.65,5.62,0.42,39.08,0.32,C3'-endo
53,52,0.69,G,G,G,0,0,1,0,0,(,63,1,cWW,cW-W,0.61,2.09,0.17,2.51,3.28,4.88,4.68,4.24,BI,anti,.,2.31,2.25,2.94,4.33,3.45,3.69,3.64,4.29,5.85,0.66,5.66,0.38,0.03,38.15,2.77,C2'-endo
54,53,0.70,G,G,G,0,0,1,0,0,(,62,1,cWW,cW-W,3.71,2.18,2.39,1.39,3.22,5.00,4.50,3.17,BI,anti,.,4.38,4.42,2.74,3.05,2.86,3.36,3.86,4.13,0.02,5.87,0.63,5.65,0.39,37.69,0.30,C3'-endo
55,54,0.71,U,U,U,0,0,0,1,0,.,59,1,tWH,tW-M,4.12,4.44,1.10,1.43,3.70,5.13,4.85,3.36,BI,anti,A,4.63,4.71,3.06,4.11,2.96,4.20,3.65,4.62,0.13,5.78,0.67,5.68,0.30,38.45,0.13,C3'-endo
56,55,0.73,U,U,U,0,0,0,1,0,.,19,1,tSW,tm+W,5.51,2.79,1.08,1.36,3.95,5.06,5.17,3.65,BI,anti,.,3.98,4.67,3.24,4.16,3.62,3.42,4.39,2.49,6.25,5.89,0.64,5.61,0.44,39.22,0.37,C3'-endo
57,56,0.74,C,C,C,0,1,0,0,0,},20,1,cWW,cW-W,3.20,2.66,0.81,1.43,4.35,4.89,5.75,3.44,..,anti,.,4.16,4.57,0.67,4.13,0.99,4.11,0.59,4.78,6.23,5.95,0.58,5.65,0.44,36.44,0.41,C3'-endo
58,57,0.75,A,A,A,1,0,0,0,0,.,,0,,,4.82,2.47,1.48,1.42,3.99,5.00,5.28,3.47,BI,anti,.,4.24,4.54,2.71,3.82,3.10,3.96,4.05,4.25,6.21,5.97,0.56,5.66,0.44,35.46,0.45,C3'-endo
59,58,0.77,A,A,A,1,0,0,0,0,.,55,1,tHW,tM-W,5.37,3.73,1.03,2.64,4.99,3.08,1.91,5.06,BII,anti,.,-0.03,0.26,4.03,3.96,4.39,3.09,4.42,2.62,5.94,0.62,5.64,0.46,6.20,37.68,2.94,C2'-endo
60,59,0.78,A,A,A,1,0,0,0,0,.,"16,21",2,"t.S,cHH","t.+m,cM-M",1.19,3.55,1.12,1.45,3.87,5.24,4.92,3.35,BI,anti,.,4.42,4.55,0.26,4.13,0.47,4.35,0.90,5.40,6.26,5.92,0.59,5.67,0.40,35.94,0.36,C3'-endo
61,60,0.79,U,U,U,0,0,0,1,0,.,,0,,,5.12,2.89,1.35,2.53,4.00,5.79,4.49,4.17,..,anti,.,1.66,1.66,3.16,5.72,3.99,5.19,5.16,5.65,5.91,0.61,5.69,0.39,6.27,35.62,2.83,C2'-endo
62,61,0.81,C,C,C,0,1,0,0,0,),54,1,cWW,cW-W,4.70,3.47,0.36,1.39,3.85,4.74,5.40,3.64,BI,anti,A,4.10,4.69,2.14,3.38,2.89,3.53,3.53,4.02,0.01,5.87,0.63,5.64,0.40,37.95,0.31,C3'-endo
63,62,0.82,C,C,C,0,1,0,0,0,),53,1,cWW,cW-W,5.26,2.59,1.12,1.36,3.59,5.19,4.68,3.14,BI,anti,.,4.56,4.58,2.88,4.22,3.13,3.89,3.74,4.16,6.28,5.88,0.64,5.62,0.42,38.84,0.33,C3'-endo
64,63,0.83,G,G,G,0,0,1,0,0,),52,1,cWW,cW-W,2.85,2.96,2.94,1.42,4.08,4.92,5.44,2.92,..,anti,.,4.80,4.81,2.60,3.43,2.84,3.56,3.58,3.98,0.14,5.78,0.66,5.68,0.29,38.37,0.13,C3'-endo
65,64,0.84,G,G,G,0,0,1,0,0,),51,1,cWW,cW-W,5.42,3.08,0.80,1.38,2.98,5.05,4.21,3.57,BI,anti,.,4.10,4.17,2.97,3.82,3.30,3.80,3.88,4.79,6.22,5.95,0.59,5.64,0.45,36.84,0.43,C3'-endo
66,65,0.86,C,C,C,0,1,0,0,0,),50,1,cWW,cW-W,3.06,3.92,2.38,1.39,3.86,5.13,5.01,3.31,BI,anti,.,4.63,4.71,2.73,4.02,3.16,3.91,4.52,4.35,0.07,5.82,0.66,5.65,0.35,38.48,0.22,C3'-endo
67,66,0.87,C,C,C,0,1,0,0,0,),7,1,cWW,cW-W,5.00,3.52,0.66,1.40,3.40,4.42,5.26,3.26,BI,anti,.,4.57,4.56,2.78,3.57,2.98,3.55,3.80,3.34,0.07,5.82,0.66,5.64,0.36,38.88,0.22,C3'-endo
68,67,0.88,C,C,C,0,1,0,0,0,),6,1,cWW,cW-W,2.64,4.01,2.92,1.40,3.74,5.28,4.74,3.36,BI,anti,A,4.61,4.70,2.74,3.85,3.00,3.71,3.01,4.16,0.09,5.80,0.67,5.65,0.34,39.09,0.19,C3'-endo
69,68,0.90,C,C,C,0,1,0,0,0,),5,1,cWW,cW-W,5.40,3.43,0.48,1.38,3.69,4.99,4.98,3.69,BI,anti,A,4.06,4.68,2.96,3.56,3.19,3.69,3.95,4.30,0.06,5.83,0.66,5.64,0.37,38.91,0.24,C3'-endo
70,69,0.91,C,C,C,0,1,0,0,0,),4,1,cWW,cW-W,5.30,2.85,0.96,1.39,3.50,5.22,4.57,3.64,BI,anti,A,4.20,4.59,2.93,3.78,3.22,3.72,3.97,3.99,0.04,5.84,0.65,5.63,0.39,38.91,0.27,C3'-endo
71,70,0.92,G,G,G,0,0,1,0,0,),3,1,cWW,cW-W,5.23,3.31,0.64,1.30,3.54,5.12,4.70,3.62,BI,anti,A,4.23,4.67,2.89,3.53,3.06,3.62,3.60,4.02,0.05,5.80,0.72,5.57,0.42,42.55,0.26,C3'-endo
72,71,0.94,C,C,C,0,1,0,0,0,),2,1,cWW,cW-W,5.27,2.95,1.07,1.32,3.59,4.82,5.05,3.26,BI,anti,.,4.62,4.62,3.06,4.03,3.31,3.91,3.90,4.65,0.01,5.84,0.68,5.59,0.43,40.98,0.31,C3'-endo
73,72,0.95,A,A,A,1,0,0,0,0,.,1,1,cWW,cW-W,2.73,3.71,2.95,1.45,4.74,4.19,0.55,3.23,..,anti,A,4.42,4.68,3.01,4.00,3.24,3.84,4.28,4.33,0.08,5.83,0.63,5.68,0.33,36.91,0.21,C3'-endo
74,73,0.96,A,A,A,1,0,0,0,0,.,1,1,cWW,cW-W,1.62,4.26,3.40,1.43,4.69,2.16,2.53,3.17,BII,anti,.,4.64,4.83,2.63,0.92,2.95,1.07,3.76,1.61,0.15,5.76,0.68,5.68,0.29,39.09,0.10,C3'-endo
75,74,0.97,C,C,C,0,1,0,0,0,>,0,1,cWW,cW-W,4.31,2.65,1.05,1.50,3.70,4.12,5.86,3.31,..,anti,A,4.58,4.61,2.92,3.78,3.19,3.78,3.12,3.77,0.08,5.85,0.60,5.71,0.31,35.25,0.20,C3'-endo
76,75,0.99,C,C,C,0,1,0,0,0,>,0,1,cWW,cW-W,0.87,2.18,5.94,1.54,4.11,5.73,4.67,3.98,..,anti,.,2.91,4.64,3.19,4.33,3.17,4.22,3.22,3.74,0.06,5.89,0.56,5.74,0.30,32.82,0.22,C3'-endo
77,76,1.00,A,A,A,1,0,0,0,0,.,0,1,tWS,tW+m,4.28,1.39,3.16,2.52,,,,4.34,n/a,anti,-,,,,,,,,,5.83,0.67,5.67,0.37,0.05,38.17,2.74,C2'-endo
