index_chain,old_nt_resnum,nt_position,nt_name,nt_code,nt_align_code,is_A,is_C,is_G,is_U,is_other,dbn,paired,nb_interact,pair_type_LW,pair_type_DSSR,alpha,beta,gamma,delta,epsilon,zeta,epsilon_zeta,chi,bb_type,glyco_bond,form,ssZp,Dp,eta,theta,eta_prime,theta_prime,eta_base,theta_base,v0,v1,v2,v3,v4,amplitude,phase_angle,puckering
1,1,0.03,A,A,A,1,0,0,0,0,(,22,1,cWW,cW-W,,,5.12,1.44,3.51,5.17,4.63,3.45,BI,anti,A,4.40,4.53,,,,,,,0.04,5.83,0.67,5.62,0.40,39.75,0.27,C3'-endo
2,2,0.06,G,G,G,0,0,1,0,0,(,"21,23,24",3,"cWW,tSW,tS.","cW-W,tm-W,tm-.",5.07,2.91,1.03,1.41,3.63,4.92,5.00,3.44,BI,anti,A,4.51,4.67,2.88,3.65,3.21,3.64,4.18,4.10,0.05,5.79,0.72,5.58,0.41,42.54,0.25,C3'-endo
3,3,0.09,A,A,A,1,0,0,0,0,(,"20,25",2,"cWW,tSH","cW-W,tm+M",5.24,2.97,0.86,1.41,3.78,4.79,5.27,3.52,BI,anti,A,4.42,4.74,2.95,3.70,3.14,3.71,3.84,4.02,0.10,5.77,0.72,5.60,0.37,41.95,0.20,C3'-endo
4,4,0.12,G,G,G,0,0,1,0,0,(,"19,27",2,"cWW,c.H","cW-W,c.+M",5.43,2.68,0.92,1.36,3.42,4.97,4.73,3.34,BI,anti,A,4.66,4.59,2.87,3.56,3.15,3.56,3.78,3.96,6.25,5.86,0.69,5.56,0.48,42.38,0.37,C3'-endo
5,5,0.15,G,G,G,0,0,1,0,0,(,"18,28",2,"cWW,tSW","cW-W,tm+W",5.23,3.18,0.98,1.50,3.39,4.37,5.31,3.66,BI,anti,.,4.15,4.47,3.20,2.99,3.38,2.97,3.93,2.83,0.10,5.82,0.63,5.70,0.31,36.49,0.17,C3'-endo
6,6,0.18,U,U,U,0,0,0,1,0,.,"29,30,0",3,"cWH,cWH,.HS","cW+M,cW+M,.M+m",5.27,2.93,0.84,1.42,3.76,4.91,5.14,3.60,BI,anti,A,4.11,4.61,3.08,3.71,2.95,3.75,2.76,4.20,0.01,5.85,0.67,5.60,0.42,40.16,0.31,C3'-endo
7,7,0.21,U,U,U,0,0,0,1,0,.,30,1,cWH,cW+M,5.12,3.01,0.84,1.42,3.60,1.26,2.34,3.74,..,anti,.,4.00,4.63,2.81,0.50,3.02,5.62,3.67,4.37,0.04,5.83,0.67,5.62,0.39,39.63,0.27,C3'-endo
8,8,0.24,C,C,C,0,1,0,0,0,.,34,1,cWW,cW-W,1.25,2.10,1.11,1.46,3.76,5.21,4.83,3.20,BI,anti,.,4.76,4.71,5.23,4.22,0.36,4.07,1.65,4.78,0.07,5.81,0.67,5.63,0.37,39.67,0.23,C3'-endo
9,9,0.26,U,U,U,0,0,0,1,0,[,33,1,cWW,cW-W,4.98,3.15,0.96,1.45,4.10,4.92,5.46,3.45,..,anti,A,4.38,4.79,2.94,4.00,3.27,4.00,4.45,4.41,0.13,5.76,0.69,5.64,0.33,40.22,0.15,C3'-endo
10,10,0.29,A,A,A,1,0,0,0,0,[,32,1,cWW,cW-W,5.10,2.81,0.97,1.34,3.63,4.90,5.01,3.39,BI,anti,A,4.66,4.68,2.66,3.55,2.96,3.56,3.70,4.06,6.27,5.82,0.73,5.53,0.49,44.54,0.34,C3'-endo
11,11,0.32,G,G,G,0,0,1,0,0,[,31,1,cWW,cW-W,5.22,2.89,0.99,1.47,,,,3.47,n/a,anti,-,,,,,,,,,0.07,5.80,0.69,5.61,0.38,40.74,0.23,C3'-endo
12,not resolved,0.35,-,-,-,0,0,0,0,1,,,0,,,,,,,,,,,,,,,,,,,,,,,,,,,,,
13,not resolved,0.38,-,-,-,0,0,0,0,1,,,0,,,,,,,,,,,,,,,,,,,,,,,,,,,,,
14,not resolved,0.41,-,-,-,0,0,0,0,1,,,0,,,,,,,,,,,,,,,,,,,,,,,,,,,,,
15,not resolved,0.44,-,-,-,0,0,0,0,1,,,0,,,,,,,,,,,,,,,,,,,,,,,,,,,,,
16,not resolved,0.47,-,-,-,0,0,0,0,1,,,0,,,,,,,,,,,,,,,,,,,,,,,,,,,,,
17,17,0.50,C,C,C,0,1,0,0,0,{,0,1,.WW,.W-W,,,0.92,1.46,3.52,5.09,4.72,3.41,BI,anti,.,4.57,4.58,,,,,,,0.06,5.83,0.66,5.64,0.37,38.88,0.24,C3'-endo
18,18,0.53,C,C,C,0,1,0,0,0,),"5,29",2,"cWW,cSW","cW-W,cm-W",5.10,3.36,0.88,1.44,3.58,5.05,4.82,3.37,BI,anti,A,4.47,4.56,3.08,3.71,3.24,3.78,3.73,4.31,0.02,5.85,0.65,5.62,0.40,39.19,0.30,C3'-endo
19,19,0.56,C,C,C,0,1,0,0,0,),"4,27",2,"cWW,cSW","cW-W,cm-W",5.23,3.06,0.88,1.42,3.46,5.12,4.63,3.47,BI,anti,A,4.33,4.54,2.95,3.70,3.21,3.72,3.98,4.11,0.02,5.84,0.67,5.61,0.41,40.13,0.29,C3'-endo
20,20,0.59,U,U,U,0,0,0,1,0,),"3,26",2,"cWW,cSW","cW-W,cm-W",5.21,3.14,0.93,1.43,3.22,4.83,4.67,3.53,BI,anti,A,4.01,4.25,3.09,3.79,3.35,3.67,3.95,4.16,0.00,5.88,0.62,5.65,0.40,37.40,0.32,C3'-endo
21,21,0.62,C,C,C,0,1,0,0,0,),"2,25",2,"cWW,cSW","cW-W,cm-W",2.72,3.65,2.92,1.58,3.90,5.02,5.16,3.36,BI,anti,A,4.28,4.56,2.95,3.70,3.20,3.83,3.97,4.21,0.16,5.80,0.60,5.75,0.23,34.49,0.07,C3'-endo
22,22,0.65,U,U,U,0,0,0,1,0,),1,1,cWW,cW-W,5.19,3.19,0.94,2.34,5.23,1.65,3.58,4.14,..,anti,.,0.60,0.90,3.50,2.21,3.93,2.22,4.34,2.27,6.10,0.38,5.85,0.34,6.18,24.65,3.05,C2'-endo
23,23,0.68,A,A,A,1,0,0,0,0,.,2,1,tWS,tW-m,4.07,3.50,0.87,1.97,1.17,5.08,2.38,4.53,..,anti,.,-0.01,0.42,3.16,2.66,3.56,1.52,3.38,2.06,0.00,0.22,5.93,0.37,6.05,21.49,3.48,C3'-exo
24,24,0.71,U,U,U,0,0,0,1,0,.,2,1,t.S,t.-m,2.43,3.42,3.05,1.53,3.78,5.24,4.81,1.62,BI,...,.,-0.20,4.24,2.58,3.17,2.21,3.07,3.05,1.73,0.02,5.91,0.56,5.72,0.34,33.45,0.29,C3'-endo
25,25,0.74,A,A,A,1,0,0,0,0,.,"3,21",2,"tHS,cWS","tM+m,cW-m",4.17,1.55,2.68,2.12,3.12,4.76,4.64,4.35,BI,anti,B,2.24,2.67,3.61,2.43,3.45,2.79,2.27,3.18,6.28,0.23,5.93,0.36,6.06,21.09,3.45,C3'-exo
26,26,0.76,A,A,A,1,0,0,0,0,.,20,1,cWS,cW-m,5.50,2.99,0.87,2.22,3.44,4.46,5.26,4.56,BI,anti,.,2.47,2.24,3.08,3.79,3.49,3.43,3.83,3.90,6.06,0.41,5.84,0.33,6.21,25.58,2.97,C2'-endo
27,27,0.79,A,A,A,1,0,0,0,0,.,"4,19",2,"cH.,cWS","cM+.,cW-m",4.70,3.04,1.01,1.37,3.38,5.15,4.51,3.33,BI,anti,.,4.32,4.31,2.63,3.60,2.63,3.66,3.35,4.61,6.09,6.01,0.60,5.55,0.58,41.53,0.58,C3'-endo
28,28,0.82,A,A,A,1,0,0,0,0,.,5,1,tWS,tW+m,4.88,3.25,0.99,1.50,3.36,4.90,4.74,3.63,BI,anti,.,4.11,4.47,2.91,3.40,3.21,3.52,4.39,2.86,0.13,5.79,0.65,5.69,0.30,37.54,0.13,C3'-endo
29,29,0.85,A,A,A,1,0,0,0,0,.,"6,18",2,"cHW,cWS","cM+W,cW-m",5.23,3.55,0.72,2.00,2.59,5.08,3.79,4.82,BI,anti,.,2.27,2.12,3.06,3.92,3.32,3.35,2.69,4.11,6.14,0.34,5.87,0.35,6.15,23.52,3.14,C2'-endo
30,30,0.88,A,A,A,1,0,0,0,0,.,"6,7,0",3,"cHW,cHW,..S","cM+W,cM+W,..+m",2.69,3.28,3.02,1.43,3.50,5.24,4.54,3.40,BI,anti,A,4.47,4.50,2.86,3.33,2.84,3.42,3.87,4.23,6.26,5.88,0.65,5.60,0.45,39.95,0.36,C3'-endo
31,31,0.91,C,C,C,0,1,0,0,0,],11,1,cWW,cW-W,5.09,3.17,0.86,1.40,3.76,4.91,5.14,3.54,BI,anti,A,4.27,4.67,2.93,3.69,3.21,3.76,4.23,4.36,0.03,5.82,0.69,5.59,0.42,41.16,0.28,C3'-endo
32,32,0.94,U,U,U,0,0,0,1,0,],10,1,cWW,cW-W,5.09,2.97,0.95,1.47,3.53,5.05,4.76,3.46,BI,anti,A,4.47,4.59,2.83,3.75,3.09,3.76,3.91,4.17,0.08,5.81,0.66,5.65,0.35,38.87,0.21,C3'-endo
33,33,0.97,A,A,A,1,0,0,0,0,],9,1,cWW,cW-W,5.06,3.18,0.97,1.56,3.77,5.03,5.03,3.54,BI,anti,.,4.03,4.50,3.05,3.95,3.26,3.94,3.87,4.67,0.08,5.84,0.62,5.69,0.32,36.10,0.20,C3'-endo
34,34,1.00,A,A,A,1,0,0,0,0,.,8,1,cWW,cW-W,4.90,2.96,1.01,1.39,,,,3.70,n/a,anti,-,,,,,,,,,0.08,5.81,0.66,5.65,0.35,38.90,0.21,C3'-endo
