index_chain,old_nt_resnum,nt_position,nt_name,nt_code,nt_align_code,is_A,is_C,is_G,is_U,is_other,dbn,paired,nb_interact,pair_type_LW,pair_type_DSSR,alpha,beta,gamma,delta,epsilon,zeta,epsilon_zeta,chi,bb_type,glyco_bond,form,ssZp,Dp,eta,theta,eta_prime,theta_prime,eta_base,theta_base,v0,v1,v2,v3,v4,amplitude,phase_angle,puckering
1,1,0.11,U,U,U,0,0,0,1,0,.,,0,,,,,0.95,1.42,3.65,4.82,5.11,3.58,BI,anti,.,4.29,4.68,,,,,,,6.23,5.86,0.70,5.52,0.52,43.73,0.40,C3'-endo
2,2,0.22,G,G,G,0,0,1,0,0,.,,0,,,5.22,3.45,0.93,1.46,3.62,5.01,4.89,4.04,BI,anti,.,3.16,4.64,3.44,3.73,3.45,3.47,3.63,3.23,0.12,5.79,0.66,5.68,0.31,38.20,0.15,C3'-endo
3,3,0.33,U,U,U,0,0,0,1,0,.,,0,,,3.07,2.34,3.05,1.49,3.79,4.87,5.20,3.58,BI,anti,.,4.03,4.51,2.94,2.81,2.78,3.16,2.55,3.68,6.26,5.86,0.68,5.59,0.47,41.59,0.35,C3'-endo
4,4,0.44,A,A,A,1,0,0,0,0,.,,0,,,5.08,3.08,1.27,1.41,3.68,5.09,4.87,3.64,BI,anti,.,4.15,4.66,3.22,3.85,3.43,3.91,3.92,4.61,6.28,5.82,0.73,5.54,0.47,44.19,0.32,C3'-endo
5,5,0.56,A,A,A,1,0,0,0,0,.,,0,,,5.36,3.09,0.78,1.60,3.84,4.94,5.19,3.65,BI,anti,.,4.09,4.56,3.11,3.97,3.41,4.02,4.30,4.83,0.13,5.82,0.59,5.76,0.26,33.73,0.11,C3'-endo
6,6,0.67,A,A,A,1,0,0,0,0,.,,0,,,5.32,2.86,0.71,1.52,3.67,1.92,1.75,3.81,..,anti,.,3.81,4.65,2.83,0.69,3.17,0.74,4.23,1.12,0.13,5.83,0.59,5.76,0.26,33.74,0.11,C3'-endo
7,7,0.78,A,A,A,1,0,0,0,0,.,,0,,,4.65,2.83,0.78,1.52,4.04,5.30,5.02,3.30,..,anti,.,4.62,4.71,2.87,4.59,3.34,4.07,3.56,3.85,0.05,5.82,0.68,5.62,0.39,40.08,0.26,C3'-endo
8,8,0.89,U,U,U,0,0,0,1,0,.,,0,,,3.06,1.84,3.20,1.52,3.90,4.54,5.64,3.57,BI,anti,.,4.21,4.62,2.60,2.33,2.73,2.82,2.64,3.32,0.05,5.82,0.67,5.63,0.38,39.35,0.25,C3'-endo
9,9,1.00,C,C,C,0,1,0,0,0,.,,0,,,5.49,3.30,0.84,1.52,,,,4.02,n/a,anti,-,,,,,,,,,0.02,5.90,0.58,5.70,0.36,34.70,0.29,C3'-endo
