index_chain,old_nt_resnum,nt_position,nt_name,nt_code,nt_align_code,is_A,is_C,is_G,is_U,is_other,dbn,paired,nb_interact,pair_type_LW,pair_type_DSSR,alpha,beta,gamma,delta,epsilon,zeta,epsilon_zeta,chi,bb_type,glyco_bond,form,ssZp,Dp,eta,theta,eta_prime,theta_prime,eta_base,theta_base,v0,v1,v2,v3,v4,amplitude,phase_angle,puckering
1,141,0.01,A,A,A,1,0,0,0,0,.,,0,,,,,4.83,1.50,1.44,0.52,0.92,4.45,..,anti,.,1.49,2.90,,,,,,,0.06,5.85,0.62,5.68,0.35,36.54,0.24,C3'-endo
2,142,0.02,G,G,G,0,0,1,0,0,.,,0,,,2.87,3.56,1.31,1.19,4.05,4.39,5.93,3.19,..,anti,.,4.39,4.49,2.28,3.45,2.47,3.60,2.98,4.43,6.05,5.95,0.75,5.38,0.71,51.23,0.58,C3'-endo
3,143,0.03,A,A,A,1,0,0,0,0,(,95,1,cWW,cW-W,5.80,2.15,0.87,1.30,3.69,4.10,5.87,3.31,..,anti,.,4.48,4.55,2.86,3.85,3.16,3.75,4.17,4.62,6.12,5.94,0.70,5.47,0.62,46.33,0.53,C3'-endo
4,144,0.04,U,U,U,0,0,0,1,0,(,94,1,cWW,cW-W,2.80,4.33,2.42,1.48,3.94,4.03,6.19,3.02,..,anti,.,4.82,4.83,2.53,3.73,2.87,3.56,4.17,3.27,0.29,5.62,0.76,5.67,0.21,43.65,6.23,C2'-exo
5,145,0.05,A,A,A,1,0,0,0,0,(,93,1,cWW,cW-W,3.13,3.51,2.49,1.86,3.65,4.79,5.14,3.02,BI,anti,.,4.35,4.44,2.66,4.16,2.80,4.10,2.86,4.58,0.37,5.80,0.42,6.07,6.19,27.42,5.76,C2'-exo
6,146,0.06,G,G,G,0,0,1,0,0,.,,0,,,3.77,3.79,2.14,2.69,3.44,3.04,0.40,3.20,..,anti,.,0.63,1.76,2.61,2.92,3.59,2.41,4.41,2.74,6.01,0.62,5.56,0.58,6.09,41.31,3.09,C2'-endo
7,147,0.07,U,U,U,0,0,0,1,0,.,45,1,cWW,cW-W,4.26,2.90,3.31,1.45,3.71,3.89,6.10,2.84,..,anti,.,4.01,4.14,5.11,2.78,4.37,3.05,3.76,3.67,5.93,6.20,0.46,5.61,0.65,39.65,0.85,C4'-exo
8,148,0.08,C,C,C,0,1,0,0,0,(,44,1,cWW,cW-W,2.71,4.37,2.53,1.49,3.98,4.19,6.07,2.93,..,anti,.,4.49,4.56,2.68,4.19,2.95,3.80,3.62,3.85,6.20,5.97,0.57,5.65,0.45,36.22,0.46,C3'-endo
9,149,0.09,G,G,G,0,0,1,0,0,(,43,1,cWW,cW-W,2.30,4.32,3.00,1.29,4.12,4.73,5.67,2.55,..,anti,.,4.46,4.78,2.67,3.53,2.97,3.57,3.55,4.54,5.94,6.08,0.64,5.43,0.75,48.72,0.73,C4'-exo
10,150,0.11,U,U,U,0,0,0,1,0,.,,0,,,4.76,2.83,1.37,1.47,4.36,4.50,6.15,3.71,..,anti,A,3.68,4.79,3.02,3.77,3.24,3.71,4.39,4.14,0.22,5.67,0.75,5.64,0.26,42.75,0.03,C3'-endo
11,151,0.12,G,G,G,0,0,1,0,0,(,41,1,cWW,cW-W,5.35,2.05,1.13,1.37,3.80,4.08,6.00,3.14,..,anti,.,4.77,4.74,2.57,3.91,2.95,3.72,3.79,3.94,0.06,5.79,0.72,5.57,0.41,42.78,0.25,C3'-endo
12,152,0.13,G,G,G,0,0,1,0,0,(,40,1,cWW,cW-W,2.51,4.29,2.96,1.37,4.44,4.41,0.03,2.83,..,anti,.,4.81,4.84,2.97,3.76,3.17,3.74,3.77,3.94,0.20,5.67,0.78,5.59,0.31,44.92,0.08,C3'-endo
13,153,0.14,G,G,G,0,0,1,0,0,(,"37,38",2,"cHW,cWW","cM-W,cW-W",6.08,2.68,0.47,1.38,3.30,5.37,4.21,3.75,BI,anti,.,3.80,4.28,3.06,3.75,3.29,3.73,3.73,4.65,6.12,5.97,0.64,5.53,0.58,42.90,0.54,C3'-endo
14,154,0.15,U,U,U,0,0,0,1,0,(,"36,37",2,"cWW,cWW","cW-W,cW-W",4.44,2.90,1.49,1.39,3.82,5.05,5.05,3.30,BI,anti,A,4.66,4.73,2.76,3.83,3.11,3.79,4.37,4.19,0.03,5.80,0.72,5.56,0.45,43.31,0.29,C3'-endo
15,155,0.16,U,U,U,0,0,0,1,0,(,36,1,cWW,cW-W,4.85,2.79,1.45,1.32,4.10,4.85,5.53,3.17,..,anti,A,4.63,4.69,2.99,3.71,3.27,3.65,4.00,4.22,6.15,5.89,0.74,5.45,0.61,47.69,0.48,C3'-endo
16,156,0.17,C,C,C,0,1,0,0,0,(,35,1,cWW,cW-W,4.63,2.59,1.50,1.40,4.24,4.63,5.89,3.15,..,anti,A,4.78,4.82,2.77,3.80,2.96,3.80,3.80,4.49,0.08,5.77,0.72,5.58,0.39,42.38,0.23,C3'-endo
17,157,0.18,C,C,C,0,1,0,0,0,(,34,1,cWW,cW-W,5.45,2.65,0.84,1.25,3.92,4.80,5.41,3.29,BI,anti,A,4.50,4.67,2.81,3.67,3.06,3.66,4.07,3.77,6.20,5.84,0.79,5.43,0.59,49.53,0.42,C3'-endo
18,158,0.19,C,C,C,0,1,0,0,0,(,33,1,cWW,cW-W,5.52,2.71,1.01,1.31,3.72,5.09,4.92,3.23,BI,anti,A,4.62,4.64,3.09,3.74,3.26,3.72,3.58,4.30,6.07,5.99,0.65,5.49,0.63,44.87,0.59,C3'-endo
19,159,0.20,U,U,U,0,0,0,1,0,(,32,1,cWW,cW-W,4.93,2.87,1.14,1.28,3.79,5.13,4.94,3.27,BI,anti,A,4.57,4.66,2.78,3.78,3.06,3.79,3.96,4.17,6.14,5.92,0.70,5.47,0.59,45.88,0.50,C3'-endo
20,160,0.21,U,U,U,0,0,0,1,0,(,31,1,cWW,cW-W,4.86,2.90,1.43,1.33,3.69,4.62,5.35,3.10,BI,anti,.,4.58,4.59,2.95,3.26,3.25,3.30,3.96,3.45,6.06,5.94,0.73,5.41,0.68,49.76,0.57,C3'-endo
21,161,0.22,U,U,U,0,0,0,1,0,(,30,1,cWW,cW-W,4.90,3.07,1.13,1.38,4.02,4.96,5.35,3.34,BI,anti,A,4.49,4.71,3.01,3.86,2.97,3.82,3.16,4.41,6.24,5.84,0.73,5.51,0.51,45.12,0.37,C3'-endo
22,162,0.23,C,C,C,0,1,0,0,0,(,29,1,cWW,cW-W,4.69,2.77,1.36,1.36,4.26,4.51,6.03,3.10,..,anti,A,4.82,4.86,2.73,3.70,2.94,3.77,3.83,4.14,6.26,5.85,0.69,5.56,0.47,42.05,0.35,C3'-endo
23,163,0.24,U,U,U,0,0,0,1,0,(,28,1,cWW,cW-W,5.70,2.52,0.87,1.30,3.74,4.53,5.50,3.17,BI,anti,.,4.60,4.62,2.99,3.24,3.25,3.29,3.91,3.29,6.13,5.92,0.72,5.46,0.61,47.20,0.51,C3'-endo
24,164,0.25,G,G,G,0,0,1,0,0,.,27,1,tWH,tW-M,5.00,2.77,1.41,1.52,3.97,4.78,5.47,3.29,BI,anti,.,4.45,4.54,3.30,4.37,3.28,3.63,3.23,2.66,6.00,6.11,0.53,5.58,0.62,40.57,0.72,C4'-exo
25,165,0.26,G,G,G,0,0,1,0,0,.,,0,,,2.56,3.31,1.14,1.42,3.26,5.33,4.21,3.67,BI,anti,.,3.84,4.15,0.43,3.89,0.92,3.62,0.55,3.75,6.08,5.99,0.65,5.51,0.62,44.39,0.58,C3'-endo
26,166,0.27,A,A,A,1,0,0,0,0,.,"69,73",2,"cSS,tWW","cm-m,tW+W",2.91,2.43,3.11,1.67,4.01,5.18,5.11,3.23,BI,anti,.,4.59,4.65,2.85,3.44,2.88,3.64,3.23,4.60,0.16,5.78,0.62,5.73,0.24,35.87,0.07,C3'-endo
27,167,0.28,G,G,G,0,0,1,0,0,.,"24,74",2,"tHW,tSS","tM-W,tm+m",5.06,3.03,0.93,1.40,3.74,5.67,4.35,3.53,BI,anti,.,4.38,4.82,2.82,5.07,3.22,5.21,4.39,5.31,0.17,5.64,0.82,5.54,0.37,47.04,0.12,C3'-endo
28,168,0.29,G,G,G,0,0,1,0,0,),23,1,cWW,cW-W,2.54,4.04,3.41,1.25,3.77,5.14,4.91,3.16,BI,anti,.,4.73,4.74,3.35,3.28,4.13,3.40,5.09,3.91,0.06,5.70,0.86,5.44,0.51,50.83,0.26,C3'-endo
29,169,0.31,G,G,G,0,0,1,0,0,),22,1,cWW,cW-W,5.07,3.35,1.01,1.43,3.52,5.19,4.62,3.24,BI,anti,A,4.44,4.42,3.07,3.83,3.31,3.82,4.00,4.41,6.01,6.02,0.66,5.46,0.69,47.25,0.64,C4'-exo
30,170,0.32,A,A,A,1,0,0,0,0,),21,1,cWW,cW-W,4.64,3.34,0.98,1.42,3.33,6.24,3.37,3.44,..,anti,.,4.45,4.51,2.66,4.17,2.89,3.88,3.80,4.05,6.28,5.83,0.72,5.55,0.47,43.55,0.33,C3'-endo
31,171,0.33,G,G,G,0,0,1,0,0,),20,1,cWW,cW-W,3.61,1.37,3.16,1.62,3.64,5.25,4.67,3.25,BI,anti,.,4.70,4.70,3.21,3.18,3.23,3.41,3.70,3.78,0.46,5.56,0.72,5.81,0.01,43.10,5.97,C2'-exo
32,172,0.34,A,A,A,1,0,0,0,0,),19,1,cWW,cW-W,3.19,3.25,2.77,1.44,4.50,4.75,6.04,3.10,..,anti,A,4.63,4.70,3.03,3.64,3.34,3.69,3.87,4.37,0.07,5.79,0.71,5.60,0.39,41.70,0.23,C3'-endo
33,173,0.35,G,G,G,0,0,1,0,0,),18,1,cWW,cW-W,5.13,2.50,1.11,1.21,3.75,4.32,5.72,3.33,BI,anti,.,4.59,4.73,2.58,3.75,2.95,3.64,3.93,3.82,6.26,5.75,0.86,5.38,0.58,52.42,0.35,C3'-endo
34,174,0.36,G,G,G,0,0,1,0,0,),17,1,cWW,cW-W,2.27,4.16,3.37,1.44,4.45,4.57,6.17,3.07,..,anti,A,4.57,4.62,3.20,3.55,3.32,3.62,3.74,4.43,0.10,5.78,0.70,5.62,0.35,40.94,0.19,C3'-endo
35,175,0.37,G,G,G,0,0,1,0,0,),16,1,cWW,cW-W,5.80,2.57,0.47,1.31,3.54,4.77,5.05,3.53,BI,anti,.,4.38,4.69,2.67,3.95,2.99,3.84,4.10,4.11,0.08,5.68,0.85,5.46,0.47,50.26,0.23,C3'-endo
36,176,0.38,A,A,A,1,0,0,0,0,),"14,15",2,"cWW,cWW","cW-W,cW-W",2.33,3.69,3.41,1.53,3.97,5.17,5.08,3.14,BI,anti,.,4.77,4.77,3.01,3.63,3.25,3.73,3.91,4.33,0.35,5.60,0.75,5.70,0.15,43.52,6.15,C2'-exo
37,177,0.39,A,A,A,1,0,0,0,0,),"13,14",2,"cWH,cWW","cW-M,cW-W",4.94,3.01,1.26,1.38,3.96,3.43,0.52,3.37,..,anti,.,4.36,4.56,2.98,3.52,3.35,3.63,4.20,3.92,6.07,5.99,0.65,5.49,0.64,45.16,0.59,C3'-endo
38,178,0.40,U,U,U,0,0,0,1,0,),13,1,cWW,cW-W,2.26,5.22,2.33,1.17,1.48,1.33,0.16,3.27,..,anti,.,2.77,2.85,2.86,4.74,3.40,2.81,3.79,2.11,5.92,6.11,0.61,5.44,0.76,48.30,0.75,C4'-exo
39,179,0.41,U,U,U,0,0,0,1,0,.,84,1,cWS,cW-m,1.71,1.45,0.95,1.37,4.84,4.29,0.55,3.38,..,anti,.,3.17,3.70,6.04,4.13,0.98,4.18,0.94,4.80,5.90,6.17,0.53,5.53,0.72,44.26,0.82,C4'-exo
40,180,0.42,C,C,C,0,1,0,0,0,),12,1,cWW,cW-W,5.89,3.59,1.11,1.52,2.90,0.85,2.05,3.21,..,anti,.,4.26,4.47,4.31,4.60,4.49,4.13,4.30,3.84,0.47,5.49,0.80,5.73,0.06,47.65,6.03,C2'-exo
41,181,0.43,C,C,C,0,1,0,0,0,),11,1,cWW,cW-W,4.64,5.50,4.60,1.98,3.51,4.54,5.25,3.57,BI,anti,.,4.25,4.51,3.18,3.08,3.27,3.40,3.40,4.24,0.60,5.63,0.48,6.14,6.00,37.69,5.52,C1'-endo
42,182,0.44,A,A,A,1,0,0,0,0,.,,0,,,2.70,4.47,2.31,1.27,4.05,4.74,5.60,3.19,..,anti,.,4.60,4.88,2.43,4.45,2.99,4.06,4.03,4.38,0.02,5.75,0.81,5.46,0.50,48.35,0.30,C3'-endo
43,183,0.45,C,C,C,0,1,0,0,0,),"9,44",2,"cWW,cWH","cW-W,cW+M",2.00,3.38,3.91,1.48,3.55,5.13,4.71,3.50,BI,anti,.,4.50,4.69,2.90,3.08,3.10,3.21,3.99,3.49,0.35,5.55,0.82,5.64,0.19,47.22,6.19,C2'-exo
44,184,0.46,G,G,G,0,0,1,0,0,),"8,43",2,"cWW,cHW","cW-W,cM+W",4.34,3.44,1.10,1.47,4.07,5.23,5.13,3.09,..,anti,.,5.05,4.95,2.65,4.49,2.78,4.67,3.15,5.04,0.17,5.77,0.65,5.70,0.26,37.49,0.08,C3'-endo
45,185,0.47,U,U,U,0,0,0,1,0,.,7,1,cWW,cW-W,6.02,2.68,0.93,1.36,4.33,4.16,0.17,3.28,..,anti,.,4.58,4.74,3.53,3.56,4.12,3.59,5.05,3.16,6.23,5.85,0.67,5.54,0.51,41.47,0.40,C3'-endo
46,186,0.48,U,U,U,0,0,0,1,0,.,,0,,,5.66,2.32,0.36,1.42,3.43,5.37,4.34,3.67,BI,anti,.,4.08,4.40,2.55,3.91,2.70,3.10,2.48,2.07,6.17,5.95,0.63,5.58,0.52,40.41,0.48,C3'-endo
47,187,0.49,G,G,G,0,0,1,0,0,.,,0,,,3.38,2.15,0.62,1.40,4.41,3.52,0.89,3.23,BII,anti,.,4.49,4.68,0.63,3.70,0.80,3.59,0.44,4.72,0.11,5.73,0.77,5.55,0.39,44.89,0.19,C3'-endo
48,188,0.51,A,A,A,1,0,0,0,0,.,,0,,,1.97,4.35,2.97,1.44,5.07,2.24,2.83,0.20,BII,syn,.,-3.95,4.30,3.09,2.16,2.99,1.92,4.14,1.74,6.25,5.89,0.63,5.62,0.44,38.73,0.37,C3'-endo
49,189,0.52,C,C,C,0,1,0,0,0,(,91,1,cWW,cW-W,0.78,4.38,3.22,1.48,3.05,4.96,4.37,2.40,BI,anti,.,2.10,3.98,2.91,3.08,2.99,3.26,3.57,4.04,6.04,6.11,0.50,5.63,0.56,37.22,0.69,C4'-exo
50,190,0.53,C,C,C,0,1,0,0,0,.,,0,,,4.25,4.32,1.08,1.59,4.05,4.75,5.59,2.78,..,anti,.,4.51,4.75,3.30,4.37,3.16,4.12,3.74,2.87,0.31,5.67,0.67,5.78,0.12,38.61,6.14,C2'-exo
51,191,0.54,G,G,G,0,0,1,0,0,(,89,1,cWW,cW-W,1.23,4.32,4.47,1.38,3.55,4.08,5.75,3.10,..,anti,A,4.41,4.57,3.47,2.60,3.44,2.88,2.60,3.95,0.01,5.81,0.74,5.53,0.47,44.77,0.31,C3'-endo
52,192,0.55,G,G,G,0,0,1,0,0,(,88,1,cWW,cW-W,2.70,4.53,2.38,1.34,4.01,5.10,5.20,2.69,BI,anti,.,4.65,4.90,2.49,4.11,2.77,3.98,4.06,4.51,0.03,5.76,0.80,5.48,0.48,47.64,0.29,C3'-endo
53,193,0.56,G,G,G,0,0,1,0,0,(,87,1,cWW,cW-W,5.35,3.92,0.34,1.61,3.46,4.38,5.36,3.42,BI,anti,.,4.47,4.65,3.18,3.92,3.27,4.27,4.13,4.81,0.47,5.55,0.71,5.82,6.28,43.14,5.95,C2'-exo
54,194,0.57,G,G,G,0,0,1,0,0,.,,0,,,2.30,5.11,2.88,1.47,3.67,4.56,5.39,3.10,BI,anti,.,4.04,4.12,3.09,3.60,3.99,3.38,4.82,3.92,6.05,6.12,0.48,5.66,0.54,35.85,0.70,C4'-exo
55,195,0.58,G,G,G,0,0,1,0,0,.,"84,85",2,"tSH,tSW","tm-M,tm-W",4.01,3.23,2.91,1.86,2.26,0.75,1.51,4.67,..,anti,.,1.36,3.23,4.46,4.27,4.44,3.43,4.60,2.57,0.37,5.75,0.50,5.98,6.25,30.95,5.89,C2'-exo
56,196,0.59,A,A,A,1,0,0,0,0,.,85,1,tHW,tM-W,2.55,2.57,0.45,2.36,5.62,2.44,3.17,5.52,BII,...,.,0.72,0.65,0.82,3.35,1.61,2.58,1.03,2.04,5.73,0.68,5.75,0.23,0.19,37.64,2.51,C1'-exo
57,197,0.60,A,A,A,1,0,0,0,0,.,,0,,,2.01,2.61,0.39,1.62,3.82,5.33,4.77,2.70,BI,anti,.,3.79,4.38,0.40,4.48,0.52,4.56,1.03,5.71,6.24,6.02,0.45,5.79,0.34,28.35,0.42,C3'-endo
58,198,0.61,C,C,C,0,1,0,0,0,.,,0,,,4.59,3.40,1.17,1.89,6.21,3.62,2.60,3.85,..,anti,.,0.99,2.31,3.55,5.17,3.95,4.92,5.34,5.50,0.04,6.11,0.24,6.06,0.12,13.90,0.18,C3'-endo
59,199,0.62,C,C,C,0,1,0,0,0,(,84,1,cWW,cW-W,5.37,2.16,0.67,1.34,3.29,5.42,4.16,2.94,BI,anti,.,4.09,4.36,2.12,4.09,2.99,4.04,3.49,4.27,6.17,5.91,0.68,5.52,0.55,43.84,0.46,C3'-endo
60,200,0.63,G,G,G,0,0,1,0,0,(,83,1,cWW,cW-W,4.30,3.76,1.36,1.43,3.51,5.42,4.37,3.40,BI,anti,.,3.87,3.94,2.95,3.95,3.25,3.83,3.78,4.34,5.70,0.07,0.43,5.51,0.85,49.07,1.04,C4'-exo
61,201,0.64,G,G,G,0,0,1,0,0,(,82,1,cWW,cW-W,4.30,2.51,2.07,1.37,3.69,4.43,5.54,3.19,BI,anti,.,4.20,4.24,2.95,3.62,3.21,3.63,4.01,4.71,5.91,6.16,0.54,5.50,0.71,44.85,0.81,C4'-exo
62,202,0.65,C,C,C,0,1,0,0,0,.,81,1,cWH,cW-M,2.72,4.16,2.72,1.47,4.30,5.63,4.96,3.07,..,anti,.,4.52,4.56,2.79,4.48,3.19,4.27,4.56,4.71,6.20,5.94,0.62,5.59,0.49,39.30,0.45,C3'-endo
63,203,0.66,C,C,C,0,1,0,0,0,.,"79,80",2,"tWH,tWH","tW-M,tW-M",4.41,2.13,2.54,1.45,3.51,3.80,5.99,3.07,..,anti,.,4.12,4.14,3.24,1.64,3.57,2.13,4.51,2.47,5.86,6.26,0.44,5.59,0.70,41.65,0.92,C4'-exo
64,204,0.67,A,A,A,1,0,0,0,0,.,79,1,tHW,tM-W,4.69,3.11,1.27,1.37,4.26,4.97,5.57,3.17,..,anti,.,4.66,4.76,3.27,4.19,2.93,4.27,2.66,5.08,6.27,5.79,0.79,5.47,0.52,47.73,0.34,C3'-endo
65,205,0.68,G,G,G,0,0,1,0,0,.,78,1,tHW,tM-W,5.26,2.66,1.16,1.38,3.87,5.27,4.89,3.13,BI,anti,.,4.66,4.66,2.85,4.13,3.32,4.12,4.61,4.99,6.11,5.94,0.69,5.47,0.61,46.16,0.53,C3'-endo
66,206,0.69,G,G,G,0,0,1,0,0,.,77,1,cWW,cW-W,4.67,2.80,1.41,1.36,4.03,5.04,5.28,3.22,BI,anti,.,4.55,4.64,2.77,4.00,3.22,3.98,4.57,4.66,6.21,5.86,0.75,5.47,0.54,46.69,0.41,C3'-endo
67,207,0.71,C,C,C,0,1,0,0,0,(,76,1,cWW,cW-W,5.17,3.07,1.01,1.36,3.58,6.03,3.83,3.37,..,anti,.,4.31,4.45,2.92,4.37,3.21,4.11,4.23,4.52,6.15,5.95,0.66,5.54,0.55,42.84,0.50,C3'-endo
68,208,0.72,C,C,C,0,1,0,0,0,(,75,1,cWW,cW-W,3.55,1.95,2.73,1.54,4.46,4.46,0.00,3.14,..,anti,A,4.78,4.86,2.90,3.04,3.13,3.25,3.89,3.87,0.24,5.68,0.72,5.68,0.23,41.41,6.28,C2'-exo
69,209,0.73,C,C,C,0,1,0,0,0,(,"26,74",2,"cSS,cWW","cm-m,cW-W",5.47,2.75,0.51,1.48,3.78,5.29,4.77,3.33,BI,anti,.,4.76,4.86,2.71,4.11,2.92,4.13,3.65,4.74,0.03,5.81,0.70,5.57,0.44,42.03,0.29,C3'-endo
70,210,0.74,G,G,G,0,0,1,0,0,.,73,1,tSH,tm-M,4.87,2.94,1.12,1.34,4.32,4.39,6.21,3.31,..,anti,.,4.58,4.88,2.91,4.19,3.26,3.49,4.22,2.56,6.25,5.84,0.72,5.53,0.50,44.26,0.37,C3'-endo
71,211,0.75,G,G,G,0,0,1,0,0,.,,0,,,1.93,3.33,1.59,1.54,3.94,5.21,5.01,3.33,BI,anti,.,4.40,4.60,0.31,4.14,0.75,4.17,0.41,4.91,6.23,5.90,0.65,5.60,0.47,40.05,0.39,C3'-endo
72,212,0.76,A,A,A,1,0,0,0,0,.,,0,,,4.91,2.74,1.39,1.47,3.74,5.19,4.84,3.34,BI,anti,.,4.30,4.43,2.89,3.94,3.43,3.88,4.60,4.97,6.02,6.00,0.69,5.44,0.70,48.70,0.63,C3'-endo
73,213,0.77,A,A,A,1,0,0,0,0,.,"26,70",2,"tWW,tHS","tW+W,tM-m",4.88,3.17,0.82,1.65,3.63,5.73,4.18,3.67,BI,anti,.,4.13,4.68,2.73,4.44,3.11,4.48,4.56,5.02,0.31,5.60,0.77,5.66,0.20,44.38,6.21,C2'-exo
74,214,0.78,G,G,G,0,0,1,0,0,),"27,69",2,"tSS,cWW","tm+m,cW-W",4.66,2.77,1.61,1.40,3.40,5.34,4.34,3.39,BI,anti,A,4.29,4.40,3.00,3.70,3.69,3.61,4.79,4.09,0.02,5.76,0.79,5.49,0.50,47.60,0.30,C3'-endo
75,215,0.79,G,G,G,0,0,1,0,0,),68,1,cWW,cW-W,4.83,3.16,1.11,1.41,3.29,5.00,4.57,3.41,BI,anti,.,4.22,4.31,2.96,3.97,3.26,3.80,4.05,4.10,6.12,5.97,0.64,5.55,0.57,42.36,0.53,C3'-endo
76,216,0.80,G,G,G,0,0,1,0,0,),67,1,cWW,cW-W,2.56,3.49,3.25,1.58,4.19,4.71,5.76,3.06,..,anti,.,4.25,4.36,3.11,3.27,3.28,3.39,3.87,3.92,6.23,5.91,0.64,5.58,0.46,39.82,0.41,C3'-endo
77,217,0.81,A,A,A,1,0,0,0,0,.,66,1,cWW,cW-W,4.56,2.83,1.20,1.44,3.92,5.35,4.85,3.36,BI,anti,.,4.46,4.68,2.60,4.29,2.83,4.32,3.49,4.67,0.03,5.76,0.79,5.49,0.48,47.18,0.29,C3'-endo
78,218,0.82,G,G,G,0,0,1,0,0,.,65,1,tWH,tW-M,5.22,2.97,1.28,1.35,3.54,4.25,5.57,3.29,BI,anti,.,4.35,4.39,3.14,2.90,3.67,2.93,4.50,2.89,5.90,6.11,0.63,5.43,0.78,49.64,0.76,C4'-exo
79,219,0.83,C,C,C,0,1,0,0,0,.,"63,64",2,"tHW,tWH","tM-W,tW-M",5.16,2.83,0.95,1.36,3.60,4.79,5.09,3.39,BI,anti,.,4.44,4.54,3.00,4.14,2.91,3.93,2.81,4.51,5.96,6.07,0.63,5.45,0.72,47.58,0.70,C4'-exo
80,220,0.84,A,A,A,1,0,0,0,0,.,63,1,tHW,tM-W,2.16,3.54,3.48,1.63,3.60,5.42,4.46,3.23,BI,anti,.,4.60,4.61,2.90,3.65,3.15,3.75,4.15,4.66,0.15,5.82,0.58,5.77,0.23,33.39,0.08,C3'-endo
81,221,0.85,A,A,A,1,0,0,0,0,.,62,1,cHW,cM-W,4.30,3.29,1.35,1.45,3.86,5.28,4.86,3.36,BI,anti,.,4.53,4.68,2.71,4.14,3.18,4.15,4.41,5.07,0.01,5.82,0.72,5.55,0.46,43.37,0.31,C3'-endo
82,222,0.86,C,C,C,0,1,0,0,0,),61,1,cWW,cW-W,5.13,3.00,0.91,1.52,3.74,4.96,5.06,3.45,BI,anti,A,4.41,4.58,2.87,3.79,3.30,3.79,4.62,4.39,6.22,5.94,0.58,5.64,0.44,36.71,0.42,C3'-endo
83,223,0.87,C,C,C,0,1,0,0,0,),60,1,cWW,cW-W,5.06,2.87,0.93,1.38,3.65,4.51,5.42,3.41,BI,anti,.,4.43,4.59,2.71,3.95,3.01,3.83,3.99,4.19,0.08,5.73,0.81,5.50,0.44,47.66,0.23,C3'-endo
84,224,0.88,G,G,G,0,0,1,0,0,),"39,55,59",3,"cSW,tHS,cWW","cm-W,tM-m,cW-W",2.48,3.93,3.23,1.49,4.21,4.24,6.26,3.00,..,anti,.,4.66,4.68,3.04,3.89,3.23,3.90,3.94,4.70,0.16,5.77,0.67,5.69,0.27,38.46,0.09,C3'-endo
85,225,0.89,U,U,U,0,0,0,1,0,.,"55,56",2,"tWS,tWH","tW-m,tW-M",2.31,4.53,2.88,1.41,4.69,4.13,0.57,2.81,..,anti,A,4.54,4.57,2.87,3.68,3.32,3.70,4.48,4.21,0.05,5.80,0.72,5.57,0.42,42.59,0.26,C3'-endo
86,226,0.91,G,G,G,0,0,1,0,0,.,,0,,,5.77,2.01,0.82,1.28,3.58,4.61,5.25,3.26,BI,anti,.,4.48,4.52,2.74,4.48,3.10,4.45,3.97,5.23,6.09,5.95,0.71,5.44,0.65,47.68,0.56,C3'-endo
87,227,0.92,C,C,C,0,1,0,0,0,),53,1,cWW,cW-W,2.82,4.82,2.34,1.24,3.84,5.31,4.81,3.02,BI,anti,.,4.34,4.38,2.67,4.33,3.30,4.10,4.61,4.48,5.86,6.15,0.60,5.42,0.80,50.00,0.82,C4'-exo
88,228,0.93,C,C,C,0,1,0,0,0,),52,1,cWW,cW-W,5.03,3.42,0.89,1.42,3.49,4.62,5.15,3.76,BI,anti,.,3.52,4.06,2.96,3.66,3.25,3.39,4.04,3.86,5.87,6.23,0.47,5.56,0.72,42.96,0.90,C4'-exo
89,229,0.94,C,C,C,0,1,0,0,0,),51,1,cWW,cW-W,1.76,3.12,3.53,1.88,3.68,5.18,4.79,3.20,BI,anti,.,5.11,4.68,2.47,3.69,2.53,3.75,3.34,4.22,0.56,5.62,0.51,6.07,6.06,37.24,5.62,C1'-endo
90,230,0.95,G,G,G,0,0,1,0,0,.,,0,,,3.49,3.07,2.31,1.59,3.93,4.38,5.83,2.96,..,anti,.,4.36,4.65,2.66,3.61,3.20,3.60,4.16,3.76,0.63,5.37,0.85,5.77,6.21,52.75,5.88,C2'-exo
91,231,0.96,G,G,G,0,0,1,0,0,),49,1,cWW,cW-W,3.62,3.54,2.14,1.64,4.01,4.21,6.08,2.87,..,anti,.,4.74,4.85,2.82,4.04,2.91,4.10,3.31,4.43,0.42,5.57,0.71,5.80,0.04,42.28,6.01,C2'-exo
92,232,0.97,C,C,C,0,1,0,0,0,.,,0,,,3.23,3.83,2.80,2.59,3.31,5.53,4.06,3.18,BI,anti,.,1.37,2.17,2.66,5.30,3.56,3.95,4.20,4.08,6.15,0.45,5.70,0.51,6.04,33.29,3.24,C3'-exo
93,233,0.98,U,U,U,0,0,0,1,0,),5,1,cWW,cW-W,2.96,2.27,2.67,1.57,3.95,5.26,4.97,2.61,BI,anti,.,3.22,3.88,2.43,3.50,2.82,3.67,3.46,4.72,5.95,0.01,0.29,5.79,0.52,30.34,0.98,C4'-exo
94,234,0.99,A,A,A,1,0,0,0,0,),4,1,cWW,cW-W,4.95,2.85,0.79,1.31,3.61,4.74,5.15,3.31,BI,anti,.,4.62,4.63,2.37,3.31,2.87,3.48,4.31,4.19,6.19,5.87,0.73,5.48,0.57,46.16,0.44,C3'-endo
95,235,1.00,U,U,U,0,0,0,1,0,),3,1,cWW,cW-W,4.61,3.10,1.53,1.72,,,,3.38,n/a,anti,-,,,,,,,,,0.34,5.74,0.53,5.94,0.01,31.97,5.97,C2'-exo
