index_chain,old_nt_resnum,nt_position,nt_name,nt_code,nt_align_code,is_A,is_C,is_G,is_U,is_other,dbn,paired,nb_interact,pair_type_LW,pair_type_DSSR,alpha,beta,gamma,delta,epsilon,zeta,epsilon_zeta,chi,bb_type,glyco_bond,form,ssZp,Dp,eta,theta,eta_prime,theta_prime,eta_base,theta_base,v0,v1,v2,v3,v4,amplitude,phase_angle,puckering
1,13,0.01,G,G,G,0,0,1,0,0,(,71,1,cWW,cW-W,,2.64,0.78,1.45,3.68,5.01,4.96,3.23,BI,anti,A,4.71,4.71,,3.83,,3.80,,3.98,0.18,5.70,0.74,5.63,0.30,42.62,0.08,C3'-endo
2,14,0.03,G,G,G,0,0,1,0,0,(,70,1,cWW,cW-W,5.22,3.11,0.91,1.39,3.76,4.98,5.06,3.35,BI,anti,A,4.57,4.67,3.06,3.74,3.24,3.82,3.69,4.53,0.03,5.80,0.72,5.56,0.44,43.07,0.29,C3'-endo
3,15,0.04,C,C,C,0,1,0,0,0,(,69,1,cWW,cW-W,5.23,2.91,0.95,1.46,3.62,5.02,4.89,3.47,BI,anti,A,4.41,4.56,2.95,3.77,3.25,3.76,4.21,4.17,0.02,5.84,0.67,5.62,0.41,39.75,0.29,C3'-endo
4,16,0.06,U,U,U,0,0,0,1,0,(,68,1,cWW,cW-W,5.09,3.07,0.94,1.46,3.75,4.84,5.19,3.39,BI,anti,A,4.44,4.56,2.95,3.70,3.17,3.72,3.83,4.20,6.27,5.87,0.66,5.60,0.45,40.27,0.34,C3'-endo
5,17,0.07,U,U,U,0,0,0,1,0,.,67,1,cWW,cW-W,5.22,2.76,1.02,1.42,3.64,5.01,4.92,3.54,BI,anti,A,4.26,4.52,2.90,3.77,3.16,3.74,3.88,4.32,6.23,5.90,0.65,5.58,0.48,40.64,0.40,C3'-endo
6,18,0.08,C,C,C,0,1,0,0,0,(,66,1,cWW,cW-W,5.12,2.99,0.92,1.44,3.53,5.11,4.70,3.56,BI,anti,A,4.32,4.58,2.84,3.76,3.12,3.75,4.01,4.19,0.01,5.82,0.70,5.57,0.44,42.28,0.31,C3'-endo
7,19,0.10,A,A,A,1,0,0,0,0,(,65,1,cWW,cW-W,4.98,3.06,1.08,1.44,3.73,4.92,5.10,3.43,BI,anti,A,4.46,4.61,2.94,3.74,3.19,3.76,3.91,4.25,0.02,5.81,0.71,5.56,0.44,42.59,0.30,C3'-endo
8,20,0.11,U,U,U,0,0,0,1,0,(,64,1,cWW,cW-W,5.25,2.98,0.89,1.41,3.65,5.12,4.81,3.53,BI,anti,A,4.28,4.57,2.95,3.86,3.18,3.87,3.91,4.29,6.23,5.88,0.68,5.55,0.49,42.22,0.39,C3'-endo
9,21,0.13,A,A,A,1,0,0,0,0,(,63,1,cWW,cW-W,5.03,3.12,0.96,1.44,4.27,4.82,5.74,3.65,..,anti,.,3.60,4.50,3.07,4.70,3.26,4.07,3.84,3.07,6.09,6.01,0.61,5.54,0.60,42.11,0.59,C3'-endo
10,22,0.14,U,U,U,0,0,0,1,0,(,40,1,cWW,cW-W,2.85,3.66,1.00,2.60,4.90,1.67,3.23,3.95,..,anti,Z,0.38,0.49,1.02,2.47,1.77,1.84,1.17,1.38,5.90,0.63,5.66,0.42,6.25,37.15,2.86,C2'-endo
11,23,0.15,A,A,A,1,0,0,0,0,.,34,1,tWS,tW+m,2.78,3.36,1.03,1.50,4.21,4.84,5.66,1.82,..,...,.,1.13,4.47,1.99,4.79,1.77,4.56,1.70,4.27,6.28,5.85,0.67,5.58,0.45,40.88,0.33,C3'-endo
12,24,0.17,A,A,A,1,0,0,0,0,.,,0,,,1.21,2.56,0.91,1.49,3.59,2.21,1.37,3.44,..,anti,.,4.09,4.28,4.63,0.98,5.25,0.96,5.26,1.44,0.08,5.80,0.68,5.63,0.37,39.69,0.22,C3'-endo
13,25,0.18,U,U,U,0,0,0,1,0,(,33,1,cWW,cW-W,4.95,2.64,0.74,1.40,3.61,4.98,4.92,3.33,BI,anti,A,4.68,4.72,2.86,3.77,3.25,3.77,3.31,4.18,0.14,5.70,0.77,5.56,0.37,44.89,0.16,C3'-endo
14,26,0.20,C,C,C,0,1,0,0,0,(,32,1,cWW,cW-W,5.31,3.00,0.85,1.40,3.63,4.99,4.92,3.43,BI,anti,A,4.53,4.68,3.01,3.73,3.23,3.76,3.95,4.19,0.10,5.72,0.79,5.52,0.42,46.41,0.21,C3'-endo
15,27,0.21,C,C,C,0,1,0,0,0,(,31,1,cWW,cW-W,5.16,3.05,0.93,1.42,3.54,5.04,4.79,3.35,BI,anti,A,4.57,4.64,2.98,3.67,3.21,3.69,3.90,4.03,0.05,5.75,0.78,5.50,0.46,46.51,0.27,C3'-endo
16,28,0.23,G,G,G,0,0,1,0,0,(,30,1,cWW,cW-W,5.12,3.08,0.94,1.41,3.58,5.02,4.85,3.42,BI,anti,A,4.43,4.56,3.02,3.70,3.22,3.74,3.78,4.21,0.08,5.75,0.76,5.54,0.42,44.62,0.23,C3'-endo
17,29,0.24,A,A,A,1,0,0,0,0,(,29,1,cWW,cW-W,5.27,3.03,0.87,1.42,3.46,5.08,4.66,3.64,BI,anti,.,4.17,4.54,3.02,4.17,3.25,3.97,3.93,4.20,0.04,5.80,0.70,5.59,0.42,41.65,0.27,C3'-endo
18,30,0.25,A,A,A,1,0,0,0,0,(,28,1,cWW,cW-W,2.47,3.44,3.28,1.46,3.73,5.25,4.76,3.27,BI,anti,.,4.61,4.66,2.94,3.42,3.19,3.58,3.79,4.48,0.05,5.80,0.70,5.59,0.41,41.25,0.26,C3'-endo
19,31,0.27,U,U,U,0,0,0,1,0,.,27,1,cWW,cW-W,5.00,3.11,0.95,1.43,3.66,5.05,4.89,3.49,BI,anti,A,4.39,4.61,2.86,3.82,3.24,3.85,4.40,4.44,0.04,5.80,0.71,5.57,0.42,42.17,0.27,C3'-endo
20,32,0.28,G,G,G,0,0,1,0,0,.,,0,,,5.08,3.02,0.99,1.36,3.38,4.98,4.68,3.61,BI,anti,.,4.17,4.47,2.91,3.83,3.21,3.54,4.06,3.25,0.02,5.80,0.74,5.54,0.46,44.14,0.30,C3'-endo
21,33,0.30,A,A,A,1,0,0,0,0,.,54,1,tWH,tW-M,2.72,3.12,3.15,1.45,3.70,5.05,4.93,3.32,BI,anti,A,4.52,4.59,2.95,3.18,2.96,3.47,2.89,4.34,0.08,5.78,0.71,5.60,0.39,41.65,0.22,C3'-endo
22,34,0.31,U,U,U,0,0,0,1,0,.,"25,53",2,"cSS,tWH","cm-m,tW-M",5.27,2.96,1.08,2.41,4.50,2.87,1.63,3.90,BII,anti,.,1.84,1.79,3.41,2.81,3.91,2.91,4.78,3.31,5.88,0.57,5.78,0.28,0.08,32.40,2.68,C2'-endo
23,35,0.32,A,A,A,1,0,0,0,0,.,52,1,tHW,tM-W,5.09,3.07,0.75,2.49,4.50,1.12,3.39,3.64,..,anti,.,1.18,1.20,3.89,1.66,3.83,0.69,3.86,5.69,5.95,0.57,5.71,0.39,6.24,34.25,2.88,C2'-endo
24,36,0.34,U,U,U,0,0,0,1,0,.,,0,,,1.73,2.65,0.95,2.61,4.77,5.09,5.96,4.14,..,anti,.,0.60,0.80,0.07,5.81,0.77,5.32,1.79,5.94,5.72,0.81,5.55,0.44,0.07,46.23,2.73,C2'-endo
25,37,0.35,G,G,G,0,0,1,0,0,[,"22,49,53",3,"cSS,cWW,c.H","cm-m,cW-W,c.+M",5.02,3.33,0.91,1.50,3.58,5.16,4.71,3.79,BI,anti,A,3.81,4.52,2.63,3.91,3.44,3.93,3.67,4.41,0.16,5.74,0.71,5.64,0.31,41.17,0.11,C3'-endo
26,38,0.37,G,G,G,0,0,1,0,0,[,"48,54",2,"cWW,tSW","cW-W,tm+W",5.07,3.09,0.83,1.49,3.77,1.97,1.81,3.88,..,anti,.,3.55,4.74,2.90,0.84,3.15,0.96,3.85,1.46,6.28,5.86,0.66,5.61,0.43,39.94,0.32,C3'-endo
27,39,0.38,U,U,U,0,0,0,1,0,.,19,1,cWW,cW-W,4.99,2.52,0.85,1.43,3.67,5.19,4.76,3.37,BI,anti,A,4.36,4.49,2.98,4.02,3.46,3.96,3.54,4.55,0.04,5.80,0.72,5.56,0.43,43.04,0.28,C3'-endo
28,40,0.39,U,U,U,0,0,0,1,0,),18,1,cWW,cW-W,5.08,3.16,0.80,1.40,3.37,5.12,4.53,3.57,BI,anti,.,4.21,4.48,2.82,3.97,3.13,3.75,4.08,3.71,6.28,5.81,0.74,5.52,0.48,44.63,0.33,C3'-endo
29,41,0.41,U,U,U,0,0,0,1,0,),17,1,cWW,cW-W,2.65,3.18,3.19,1.42,3.68,4.95,5.02,3.40,BI,anti,A,4.50,4.63,2.93,3.05,3.07,3.19,3.30,3.79,0.11,5.74,0.74,5.59,0.37,42.88,0.18,C3'-endo
30,42,0.42,C,C,C,0,1,0,0,0,),16,1,cWW,cW-W,5.16,2.93,0.88,1.35,3.59,5.06,4.80,3.50,BI,anti,A,4.42,4.67,2.82,3.72,3.07,3.73,3.85,4.14,0.07,5.73,0.80,5.50,0.44,47.18,0.24,C3'-endo
31,43,0.44,G,G,G,0,0,1,0,0,),15,1,cWW,cW-W,5.17,3.02,0.93,1.37,3.65,5.06,4.88,3.36,BI,anti,A,4.57,4.67,2.97,3.70,3.18,3.72,3.87,4.14,0.11,5.69,0.83,5.49,0.43,48.68,0.20,C3'-endo
32,44,0.45,G,G,G,0,0,1,0,0,),14,1,cWW,cW-W,5.19,3.08,0.91,1.42,3.65,5.07,4.86,3.33,BI,anti,A,4.62,4.68,3.01,3.71,3.22,3.71,3.90,4.07,0.08,5.75,0.76,5.54,0.42,44.56,0.23,C3'-endo
33,45,0.46,A,A,A,1,0,0,0,0,),13,1,cWW,cW-W,5.14,2.97,1.04,1.34,3.76,5.15,4.89,3.36,BI,anti,.,4.59,4.71,2.99,3.88,3.20,3.96,3.81,4.83,0.07,5.74,0.78,5.52,0.44,45.75,0.24,C3'-endo
34,46,0.48,G,G,G,0,0,1,0,0,[,"11,41",2,"tSW,cWW","tm+W,cW-W",5.26,3.02,0.90,1.46,4.30,4.68,5.90,3.62,..,anti,.,3.85,4.72,3.14,3.97,3.45,4.21,4.52,4.54,0.04,5.83,0.66,5.62,0.39,39.40,0.27,C3'-endo
35,47,0.49,C,C,C,0,1,0,0,0,.,,0,,,5.15,3.24,0.94,2.62,4.47,5.05,5.71,4.01,..,anti,.,1.16,1.15,3.26,5.33,3.68,4.67,3.98,4.63,5.95,0.62,5.62,0.49,6.18,38.70,2.97,C2'-endo
36,48,0.51,U,U,U,0,0,0,1,0,.,,0,,,5.19,2.76,3.23,2.67,4.88,5.33,5.82,4.58,..,anti,.,0.25,0.37,5.94,4.88,0.11,5.10,0.14,5.45,5.82,0.78,5.51,0.53,6.24,46.21,2.87,C2'-endo
37,49,0.52,U,U,U,0,0,0,1,0,.,64,1,cWS,cW-m,5.09,3.25,0.86,2.31,4.67,3.15,1.52,4.37,BII,anti,.,0.77,0.91,2.86,3.56,3.73,3.13,3.74,3.54,5.62,0.76,5.71,0.21,0.28,43.00,2.44,C1'-exo
38,50,0.54,C,C,C,0,1,0,0,0,.,63,1,cWS,cW-m,1.13,3.66,3.12,1.50,3.85,5.13,5.00,3.26,BI,anti,.,4.71,4.75,2.24,3.62,2.27,3.71,2.93,4.59,0.16,5.72,0.72,5.64,0.31,41.33,0.11,C3'-endo
39,51,0.55,C,C,C,0,1,0,0,0,.,,0,,,5.17,3.02,0.93,1.54,3.82,5.16,4.94,3.39,BI,anti,.,4.45,4.59,2.95,4.12,3.35,4.16,4.55,4.98,0.13,5.77,0.68,5.66,0.32,39.35,0.15,C3'-endo
40,52,0.56,A,A,A,1,0,0,0,0,),10,1,cWW,cW-W,5.12,2.92,0.98,1.48,3.69,5.07,4.90,3.56,BI,anti,.,4.21,4.54,2.90,3.88,3.32,3.88,4.50,4.68,0.04,5.83,0.66,5.62,0.39,39.29,0.27,C3'-endo
41,53,0.58,C,C,C,0,1,0,0,0,],34,1,cWW,cW-W,5.05,2.97,1.00,1.55,4.22,1.60,2.62,3.90,..,anti,.,3.02,4.62,3.05,1.35,3.31,1.25,4.29,1.59,0.00,5.89,0.60,5.68,0.39,36.01,0.32,C3'-endo
42,54,0.59,C,C,C,0,1,0,0,0,(,60,1,cWW,cW-W,1.57,3.81,3.13,1.55,3.66,5.11,4.84,3.27,BI,anti,A,4.58,4.62,2.87,3.55,3.15,3.56,3.55,3.96,0.27,5.68,0.68,5.73,0.18,39.17,6.21,C2'-exo
43,55,0.61,A,A,A,1,0,0,0,0,(,59,1,cWW,cW-W,5.09,3.08,0.92,1.49,3.64,4.97,4.96,3.58,BI,anti,A,4.09,4.42,2.94,3.77,3.24,3.75,3.89,4.21,0.07,5.77,0.73,5.57,0.41,43.18,0.24,C3'-endo
44,56,0.62,A,A,A,1,0,0,0,0,(,58,1,cWW,cW-W,5.04,2.98,0.92,1.43,3.61,5.08,4.81,3.62,BI,anti,A,4.25,4.69,2.79,3.77,3.03,3.75,3.77,4.17,0.13,5.71,0.76,5.57,0.37,44.28,0.16,C3'-endo
45,57,0.63,G,G,G,0,0,1,0,0,(,57,1,cWW,cW-W,5.08,2.96,1.05,1.42,3.55,5.03,4.80,3.49,BI,anti,A,4.49,4.65,2.92,3.68,3.20,3.67,3.94,4.21,0.11,5.72,0.77,5.56,0.39,44.69,0.19,C3'-endo
46,58,0.65,A,A,A,1,0,0,0,0,(,56,1,cWW,cW-W,5.07,2.92,1.02,1.42,3.65,5.03,4.90,3.43,BI,anti,A,4.59,4.72,2.85,3.81,3.13,3.80,4.02,4.18,0.17,5.67,0.79,5.57,0.35,45.84,0.11,C3'-endo
47,59,0.66,G,G,G,0,0,1,0,0,(,55,1,cWW,cW-W,5.15,2.81,1.31,1.43,3.70,5.07,4.91,3.23,BI,anti,.,4.47,4.53,3.12,3.88,3.44,3.89,4.15,4.81,6.25,5.84,0.73,5.51,0.51,44.63,0.37,C3'-endo
48,60,0.68,C,C,C,0,1,0,0,0,],26,1,cWW,cW-W,5.16,2.92,0.94,1.52,3.66,4.86,5.09,3.53,BI,anti,A,4.17,4.43,2.89,3.76,3.28,3.72,4.56,4.08,0.08,5.80,0.69,5.61,0.37,40.78,0.22,C3'-endo
49,61,0.69,C,C,C,0,1,0,0,0,],"25,53",2,"cWW,cSW","cW-W,cm-W",5.26,2.88,0.93,1.47,4.03,4.94,5.37,3.59,..,anti,.,3.92,4.53,3.09,4.54,3.25,4.56,3.80,4.90,0.06,5.79,0.72,5.58,0.41,42.41,0.25,C3'-endo
50,62,0.70,U,U,U,0,0,0,1,0,.,,0,,,3.67,3.82,3.11,1.59,4.34,2.90,1.44,4.05,BII,anti,.,1.59,2.39,4.10,1.56,4.26,1.83,4.54,1.96,5.54,0.40,0.07,5.77,0.80,46.04,1.48,O4'-endo
51,63,0.72,U,U,U,0,0,0,1,0,.,,0,,,4.85,2.50,0.64,2.43,4.61,1.05,3.56,3.75,..,anti,.,0.57,1.25,3.09,1.85,3.22,1.31,3.21,0.91,5.63,0.80,5.65,0.28,0.23,44.54,2.52,C2'-endo
52,64,0.73,A,A,A,1,0,0,0,0,.,23,1,tWH,tW-M,1.60,3.18,3.19,1.85,3.89,4.93,5.24,4.55,BI,anti,.,0.70,4.56,2.59,3.56,2.61,3.67,2.34,3.06,0.53,5.66,0.48,6.10,6.07,35.06,5.61,C1'-endo
53,65,0.75,A,A,A,1,0,0,0,0,.,"22,25,49",3,"tHW,cH.,cWS","tM-W,cM+.,cW-m",5.27,2.84,0.97,2.60,3.85,3.59,0.26,4.95,..,anti,B,1.98,2.01,2.83,3.88,3.53,3.04,3.00,3.92,5.73,0.82,5.54,0.45,0.06,46.28,2.74,C2'-endo
54,66,0.76,A,A,A,1,0,0,0,0,.,"21,26",2,"tHW,tWS","tM-W,tW+m",1.14,4.09,3.51,1.38,4.02,5.30,5.00,3.29,BI,anti,.,4.69,4.85,2.62,3.32,2.52,3.24,3.63,2.94,0.14,5.70,0.79,5.56,0.37,45.73,0.15,C3'-endo
55,67,0.77,C,C,C,0,1,0,0,0,),47,1,cWW,cW-W,4.59,1.82,3.06,1.47,3.75,4.93,5.10,3.31,BI,anti,A,4.58,4.63,3.94,2.69,3.86,3.06,3.65,3.64,0.05,5.83,0.67,5.62,0.39,39.47,0.26,C3'-endo
56,68,0.79,U,U,U,0,0,0,1,0,),46,1,cWW,cW-W,5.11,3.12,0.89,1.44,3.62,4.91,5.00,3.43,BI,anti,A,4.36,4.51,2.96,3.66,3.16,3.68,3.75,4.16,0.05,5.77,0.75,5.54,0.43,44.39,0.26,C3'-endo
57,69,0.80,C,C,C,0,1,0,0,0,),45,1,cWW,cW-W,5.20,2.82,1.05,1.47,3.49,5.08,4.69,3.51,BI,anti,A,4.30,4.48,2.97,3.76,3.25,3.70,3.96,4.10,0.08,5.78,0.70,5.61,0.38,41.17,0.22,C3'-endo
58,70,0.82,U,U,U,0,0,0,1,0,),44,1,cWW,cW-W,5.03,3.15,0.94,1.43,3.74,4.96,5.06,3.43,BI,anti,A,4.26,4.47,2.99,3.80,3.20,3.82,3.85,4.41,6.28,5.83,0.71,5.55,0.46,42.93,0.33,C3'-endo
59,71,0.83,U,U,U,0,0,0,1,0,),43,1,cWW,cW-W,5.22,2.91,0.76,1.37,3.60,4.95,4.93,3.56,BI,anti,A,4.36,4.69,2.77,3.62,3.03,3.64,3.90,4.04,0.10,5.72,0.78,5.54,0.41,45.74,0.20,C3'-endo
60,72,0.85,G,G,G,0,0,1,0,0,),42,1,cWW,cW-W,5.27,2.96,0.91,1.47,3.51,4.87,4.92,3.60,BI,anti,.,4.27,4.59,3.04,3.93,3.25,3.88,3.85,4.04,0.06,5.79,0.69,5.61,0.39,40.86,0.24,C3'-endo
61,73,0.86,A,A,A,1,0,0,0,0,.,,0,,,3.17,3.38,3.14,1.51,3.73,5.13,4.89,3.43,BI,anti,A,4.42,4.58,3.47,3.45,3.63,3.57,3.97,4.41,0.19,5.71,0.72,5.65,0.28,41.09,0.07,C3'-endo
62,74,0.87,C,C,C,0,1,0,0,0,.,,0,,,5.21,2.97,0.90,1.50,3.68,4.93,5.04,3.54,BI,anti,A,4.23,4.51,2.94,3.78,3.33,3.80,4.42,4.37,0.12,5.77,0.69,5.64,0.33,40.03,0.16,C3'-endo
63,75,0.89,U,U,U,0,0,0,1,0,),"9,38",2,"cWW,cSW","cW-W,cm-W",5.20,2.88,0.88,1.43,3.55,4.98,4.86,3.58,BI,anti,A,4.27,4.60,2.85,3.70,3.14,3.68,3.99,4.03,0.08,5.76,0.74,5.56,0.41,43.72,0.23,C3'-endo
64,76,0.90,A,A,A,1,0,0,0,0,),"8,37",2,"cWW,cSW","cW-W,cm-W",5.20,3.03,0.86,1.43,3.64,4.99,4.93,3.63,BI,anti,A,4.12,4.57,2.96,3.75,3.14,3.77,3.72,4.21,0.07,5.76,0.75,5.56,0.41,43.98,0.23,C3'-endo
65,77,0.92,U,U,U,0,0,0,1,0,),7,1,cWW,cW-W,5.20,2.94,0.88,1.40,3.61,5.04,4.85,3.56,BI,anti,A,4.29,4.60,2.88,3.72,3.12,3.72,3.80,4.15,0.07,5.77,0.74,5.56,0.41,43.52,0.24,C3'-endo
66,78,0.93,G,G,G,0,0,1,0,0,),6,1,cWW,cW-W,5.05,3.03,1.04,1.43,3.62,4.96,4.95,3.44,BI,anti,A,4.47,4.61,2.94,3.64,3.16,3.66,3.84,4.17,0.03,5.81,0.71,5.58,0.43,42.21,0.29,C3'-endo
67,79,0.94,G,G,G,0,0,1,0,0,.,5,1,cWW,cW-W,5.11,2.97,1.00,1.45,3.60,5.05,4.84,3.54,BI,anti,A,4.39,4.64,2.95,3.75,3.19,3.73,3.94,4.24,0.12,5.74,0.73,5.60,0.36,42.34,0.17,C3'-endo
68,80,0.96,A,A,A,1,0,0,0,0,),4,1,cWW,cW-W,5.19,3.01,0.84,1.41,3.62,5.09,4.81,3.60,BI,anti,A,4.30,4.72,2.88,3.76,3.13,3.77,3.95,4.19,0.19,5.67,0.78,5.59,0.32,44.77,0.09,C3'-endo
69,81,0.97,G,G,G,0,0,1,0,0,),3,1,cWW,cW-W,5.22,2.90,0.95,1.36,3.89,5.03,5.15,3.42,BI,anti,.,4.54,4.80,2.98,3.90,3.22,3.97,3.92,4.72,0.10,5.72,0.79,5.54,0.41,45.89,0.20,C3'-endo
70,82,0.99,U,U,U,0,0,0,1,0,),2,1,cWW,cW-W,5.38,2.78,0.92,1.37,3.59,4.74,5.13,3.43,BI,anti,.,4.48,4.61,2.92,3.83,3.30,3.62,4.41,3.54,0.01,5.81,0.73,5.55,0.46,43.62,0.31,C3'-endo
71,83,1.00,C,C,C,0,1,0,0,0,),1,1,cWW,cW-W,2.89,3.15,2.77,1.64,,,,3.40,n/a,anti,-,,,,,,,,,0.28,5.75,0.57,5.86,0.10,33.19,6.12,C2'-exo
