index_chain,old_nt_resnum,nt_position,nt_name,nt_code,nt_align_code,is_A,is_C,is_G,is_U,is_other,dbn,paired,nb_interact,pair_type_LW,pair_type_DSSR,alpha,beta,gamma,delta,epsilon,zeta,epsilon_zeta,chi,bb_type,glyco_bond,form,ssZp,Dp,eta,theta,eta_prime,theta_prime,eta_base,theta_base,v0,v1,v2,v3,v4,amplitude,phase_angle,puckering
1,1484,0.04,G,G,G,0,0,1,0,0,),0,1,cWW,cW-W,,,1.05,1.44,3.84,5.02,5.11,3.30,BI,anti,A,4.64,4.72,,,,,,,0.17,5.69,0.77,5.58,0.34,44.66,0.12,C3'-endo
2,1485,0.09,G,G,G,0,0,1,0,0,),0,1,cWW,cW-W,5.01,2.93,1.05,1.39,3.78,4.88,5.18,3.31,BI,anti,A,4.67,4.75,2.82,3.67,3.06,3.70,3.84,4.11,0.06,5.74,0.79,5.51,0.46,46.53,0.25,C3'-endo
3,1486,0.13,G,G,G,0,0,1,0,0,),0,1,cWW,cW-W,5.40,2.87,0.97,1.44,3.46,5.09,4.65,3.33,BI,anti,A,4.54,4.53,3.09,3.66,3.33,3.65,3.99,4.09,6.24,5.89,0.65,5.58,0.48,40.52,0.39,C3'-endo
4,1487,0.17,5BU,u,U,0,0,0,0,1,),0,1,cWW,cW-W,5.17,3.05,0.82,1.44,3.52,4.83,4.97,3.55,BI,anti,A,4.25,4.50,2.94,4.03,3.17,3.88,3.85,4.28,6.18,6.00,0.54,5.67,0.45,35.24,0.49,C3'-endo
5,1488,0.22,G,G,G,0,0,1,0,0,),0,1,cWW,cW-W,2.36,3.53,3.30,1.65,3.73,4.95,5.06,3.21,BI,anti,A,4.57,4.58,2.86,3.35,3.14,3.44,3.91,3.97,0.25,5.72,0.64,5.77,0.17,36.66,6.22,C2'-exo
6,1489,0.26,G,G,G,0,0,1,0,0,),0,1,cWW,cW-W,5.13,3.21,0.76,1.46,3.60,5.10,4.78,3.43,BI,anti,A,4.50,4.63,2.89,3.82,3.12,3.88,3.84,4.48,0.13,5.73,0.75,5.59,0.36,43.49,0.16,C3'-endo
7,1490,0.30,U,U,U,0,0,0,1,0,),0,1,cWW,cW-W,4.93,3.06,1.09,1.39,3.66,5.01,4.93,3.53,BI,anti,A,4.28,4.60,2.90,3.75,3.18,3.72,4.04,3.91,0.01,5.77,0.79,5.48,0.50,47.54,0.31,C3'-endo
8,1491,0.35,G,G,G,0,0,1,0,0,),0,1,cWW,cW-W,5.04,3.12,0.89,1.47,3.84,3.70,0.14,3.66,..,anti,.,3.92,4.57,2.89,2.28,3.05,2.25,3.44,1.80,6.15,5.97,0.60,5.59,0.52,39.70,0.51,C3'-endo
9,1492,0.39,A,A,A,1,0,0,0,0,.,,0,,,5.10,3.64,4.82,2.49,5.06,4.72,0.35,5.76,..,...,.,1.99,1.99,2.29,4.70,1.78,4.75,1.57,6.01,5.50,0.96,5.54,0.32,0.28,52.95,2.50,C1'-exo
10,1493,0.43,A,A,A,1,0,0,0,0,.,0,1,cHW,cM+W,5.48,3.02,1.01,1.13,3.77,5.41,4.64,0.12,BI,syn,.,-4.70,4.70,2.97,3.90,3.70,4.04,3.31,3.96,6.03,5.95,0.75,5.37,0.74,51.96,0.60,C3'-endo
11,1494,0.48,G,G,G,0,0,1,0,0,),0,1,cWW,cW-W,5.00,3.09,1.13,1.32,3.76,5.08,4.97,3.05,BI,anti,A,4.57,4.60,3.01,3.81,3.39,3.94,3.53,4.84,6.19,5.89,0.70,5.50,0.56,44.57,0.46,C3'-endo
12,1495,0.52,U,U,U,0,0,0,1,0,.,0,1,cWW,cW-W,5.11,3.05,0.91,1.45,4.26,4.50,6.05,3.45,..,anti,.,4.13,4.59,3.07,3.81,3.34,3.86,4.41,4.30,0.02,5.83,0.69,5.60,0.42,41.21,0.29,C3'-endo
13,1496,0.57,C,C,C,0,1,0,0,0,),0,1,cWW,cW-W,5.34,2.43,0.87,1.44,3.75,4.86,5.17,3.60,BI,anti,A,4.25,4.66,2.68,3.82,2.95,3.69,3.65,3.86,0.02,5.79,0.75,5.53,0.47,45.10,0.30,C3'-endo
14,1497,0.61,G,G,G,0,0,1,0,0,),0,1,cWW,cW-W,5.26,2.75,1.02,1.34,3.59,5.09,4.78,3.39,BI,anti,.,4.49,4.59,2.93,3.77,3.15,3.80,3.65,4.60,6.11,5.91,0.74,5.42,0.66,49.11,0.52,C3'-endo
15,1498,0.65,U,U,U,0,0,0,1,0,.,0,1,cWW,cW-W,5.11,2.98,1.00,1.36,3.72,3.20,0.52,3.45,..,anti,.,4.36,4.58,2.98,1.95,3.28,2.06,4.35,2.30,6.16,5.92,0.69,5.50,0.57,44.78,0.48,C3'-endo
16,1499,0.70,A,A,A,1,0,0,0,0,.,0,1,tHW,tM-W,5.15,2.64,0.55,1.59,3.63,5.31,4.61,3.34,BI,anti,A,4.57,4.61,2.86,4.17,2.77,4.17,2.59,4.82,0.23,5.70,0.68,5.73,0.21,38.98,6.26,C2'-exo
17,1500,0.74,A,A,A,1,0,0,0,0,.,0,1,cWW,cW-W,4.75,3.09,1.18,1.47,3.84,5.18,4.95,3.42,BI,anti,.,4.43,4.64,2.87,4.11,3.28,4.12,4.35,4.87,0.07,5.76,0.74,5.56,0.42,43.77,0.24,C3'-endo
18,1501,0.78,C,C,C,0,1,0,0,0,),0,1,cWW,cW-W,4.86,3.12,1.00,1.39,3.65,5.07,4.87,3.46,BI,anti,A,4.51,4.72,2.75,3.76,3.11,3.79,4.23,4.29,0.05,5.73,0.81,5.47,0.49,48.23,0.28,C3'-endo
19,1502,0.83,G,G,G,0,0,1,0,0,),0,1,cWW,cW-W,4.99,3.12,0.89,1.52,3.51,4.92,4.87,3.39,BI,anti,A,4.48,4.51,2.84,3.62,3.07,3.65,3.86,4.03,0.08,5.79,0.70,5.62,0.37,40.80,0.21,C3'-endo
20,1503,0.87,C,C,C,0,1,0,0,0,),0,1,cWW,cW-W,5.13,3.14,0.92,1.44,3.65,4.96,4.96,3.44,BI,anti,A,4.46,4.61,2.97,3.71,3.13,3.71,3.71,4.06,0.07,5.76,0.77,5.54,0.43,45.27,0.24,C3'-endo
21,1504,0.91,G,G,G,0,0,1,0,0,),0,1,cWW,cW-W,5.22,3.08,0.80,1.41,3.39,5.21,4.46,3.48,BI,anti,A,4.45,4.58,2.88,3.70,3.08,3.76,3.70,4.27,0.09,5.73,0.78,5.54,0.41,45.69,0.21,C3'-endo
22,1505,0.96,G,G,G,0,0,1,0,0,),0,1,cWW,cW-W,4.90,3.13,1.19,1.48,3.79,4.95,5.12,3.39,BI,anti,A,4.50,4.61,3.10,3.86,3.36,3.86,4.09,4.40,0.03,5.81,0.70,5.58,0.43,41.68,0.29,C3'-endo
23,1506,1.00,C,C,C,0,1,0,0,0,.,,0,,,5.19,2.79,0.96,1.43,,,,3.50,n/a,anti,-,,,,,,,,,6.17,5.96,0.61,5.59,0.51,39.43,0.48,C3'-endo
