index_chain,old_nt_resnum,nt_position,nt_name,nt_code,nt_align_code,is_A,is_C,is_G,is_U,is_other,dbn,paired,nb_interact,pair_type_LW,pair_type_DSSR,alpha,beta,gamma,delta,epsilon,zeta,epsilon_zeta,chi,bb_type,glyco_bond,form,ssZp,Dp,eta,theta,eta_prime,theta_prime,eta_base,theta_base,v0,v1,v2,v3,v4,amplitude,phase_angle,puckering
1,1,0.04,C,C,C,0,1,0,0,0,),0,1,cWW,cW-W,,,1.28,1.29,3.70,4.86,5.12,3.29,BI,anti,A,4.52,4.62,,,,,,,6.20,5.83,0.77,5.44,0.59,48.12,0.42,C3'-endo
2,2,0.09,C,C,C,0,1,0,0,0,),0,1,cWW,cW-W,5.21,2.81,0.82,1.33,3.68,4.93,5.03,3.42,BI,anti,A,4.49,4.61,2.75,3.71,2.99,3.71,3.87,4.05,0.05,5.76,0.77,5.53,0.44,45.39,0.26,C3'-endo
3,3,0.13,G,G,G,0,0,1,0,0,),0,1,cWW,cW-W,5.22,2.94,0.98,1.32,3.52,5.04,4.77,3.41,BI,anti,A,4.45,4.58,2.93,3.66,3.12,3.71,3.73,4.28,6.26,5.79,0.79,5.45,0.53,48.33,0.35,C3'-endo
4,4,0.17,C,C,C,0,1,0,0,0,),0,1,cWW,cW-W,5.10,3.04,1.05,1.40,3.63,4.88,5.03,3.50,BI,anti,A,4.27,4.50,2.98,3.77,3.23,3.76,4.04,4.04,0.13,5.75,0.73,5.61,0.34,42.35,0.16,C3'-endo
5,5,0.22,C,C,C,0,1,0,0,0,),0,1,cWW,cW-W,5.39,3.05,0.74,1.35,3.51,4.95,4.84,3.55,BI,anti,.,4.27,4.57,2.94,4.04,3.07,3.88,3.55,4.07,6.19,5.86,0.73,5.49,0.57,46.12,0.43,C3'-endo
6,6,0.26,G,G,G,0,0,1,0,0,),0,1,cWW,cW-W,2.41,3.44,3.36,1.49,3.91,4.92,5.27,3.26,BI,anti,A,4.74,4.71,2.88,3.34,3.09,3.48,3.61,4.30,0.11,5.82,0.63,5.69,0.30,36.37,0.16,C3'-endo
7,7,0.30,C,C,C,0,1,0,0,0,),0,1,cWW,cW-W,5.26,2.97,0.71,1.49,3.66,4.92,5.02,3.41,BI,anti,A,4.62,4.72,2.73,3.75,3.03,3.75,4.08,4.11,0.13,5.67,0.84,5.49,0.41,48.82,0.18,C3'-endo
8,8,0.35,G,G,G,0,0,1,0,0,.,,0,,,5.19,2.99,0.93,1.34,3.82,4.96,5.14,3.49,BI,anti,A,4.44,4.71,3.05,3.68,3.20,3.72,3.80,4.30,0.27,5.58,0.83,5.57,0.28,47.83,0.01,C3'-endo
9,9,0.39,C,C,C,0,1,0,0,0,.,0,1,cWS,cW-m,5.12,3.00,0.88,1.45,3.67,5.09,4.87,3.53,BI,anti,.,4.46,4.71,2.83,3.90,3.05,3.94,3.87,4.58,0.09,5.75,0.73,5.57,0.39,43.01,0.21,C3'-endo
10,10,0.43,C,C,C,0,1,0,0,0,),0,1,cWW,cW-W,5.14,3.02,0.99,1.33,3.64,5.07,4.85,3.45,BI,anti,A,4.62,4.77,2.95,3.73,3.26,3.76,4.23,4.26,0.12,5.71,0.77,5.55,0.39,44.99,0.18,C3'-endo
11,11,0.48,A,A,A,1,0,0,0,0,),0,1,cWW,cW-W,5.07,2.96,1.14,1.37,3.52,5.10,4.70,3.32,BI,anti,A,4.54,4.59,3.03,3.74,3.29,3.69,4.06,4.01,6.27,5.85,0.69,5.59,0.46,41.86,0.33,C3'-endo
12,12,0.52,5BU,u,U,0,0,0,0,1,),0,1,cWW,cW-W,4.91,3.20,0.97,1.26,3.68,5.02,4.95,3.57,BI,anti,A,4.37,4.80,2.89,3.67,3.03,3.72,3.58,4.11,0.02,5.78,0.73,5.52,0.47,44.11,0.31,C3'-endo
13,13,0.57,G,G,G,0,0,1,0,0,),0,1,cWW,cW-W,5.08,2.84,0.96,1.32,3.68,5.00,4.96,3.40,BI,anti,A,4.54,4.72,2.87,3.69,3.11,3.73,3.73,4.38,6.26,5.81,0.77,5.51,0.51,46.72,0.34,C3'-endo
14,14,0.61,C,C,C,0,1,0,0,0,.,0,1,cWW,cW-W,5.12,2.91,1.03,1.36,3.50,5.08,4.70,3.55,BI,anti,A,4.38,4.64,2.98,3.73,3.23,3.76,4.14,4.03,0.17,5.70,0.75,5.62,0.31,43.36,0.09,C3'-endo
15,15,0.65,C,C,C,0,1,0,0,0,),0,1,cWW,cW-W,5.06,3.31,0.77,1.64,4.23,3.83,0.40,3.93,..,anti,.,3.05,4.50,3.12,3.33,3.26,2.90,3.64,3.25,6.21,5.96,0.56,5.66,0.43,35.60,0.43,C3'-endo
16,16,0.70,U,U,U,0,0,0,1,0,.,,0,,,0.84,3.81,0.81,1.68,0.74,4.68,2.35,4.01,..,anti,.,1.25,1.37,5.99,1.79,6.17,1.17,5.52,0.87,5.88,0.17,0.10,5.96,0.44,25.50,1.35,O4'-endo
17,17,0.74,G,G,G,0,0,1,0,0,),0,1,cWW,cW-W,2.00,2.11,3.03,1.57,3.94,5.07,5.15,3.28,BI,anti,A,4.49,4.58,1.07,3.19,1.00,3.46,1.32,4.32,0.29,5.70,0.66,5.77,0.14,38.18,6.17,C2'-exo
18,18,0.78,U,U,U,0,0,0,1,0,),0,1,cWW,cW-W,5.15,2.92,0.87,1.43,3.56,4.83,5.02,3.40,BI,anti,.,4.66,4.74,2.73,3.45,3.14,3.38,4.20,3.41,0.12,5.74,0.73,5.63,0.35,42.50,0.15,C3'-endo
19,19,0.83,G,G,G,0,0,1,0,0,),0,1,cWW,cW-W,4.95,3.07,0.93,1.23,3.46,5.38,4.36,3.33,BI,anti,A,4.75,4.80,2.85,3.75,2.84,3.81,3.05,4.26,0.07,5.74,0.78,5.50,0.45,46.10,0.26,C3'-endo
20,20,0.87,G,G,G,0,0,1,0,0,),0,1,cWW,cW-W,4.90,3.27,1.06,1.31,3.79,4.93,5.14,3.46,BI,anti,A,4.40,4.64,3.04,3.72,3.28,3.75,3.96,4.30,0.02,5.77,0.77,5.47,0.49,46.68,0.31,C3'-endo
21,21,0.91,C,C,C,0,1,0,0,0,),0,1,cWW,cW-W,5.15,2.69,1.13,1.22,3.62,5.11,4.79,3.44,BI,anti,A,4.58,4.84,2.88,3.71,3.09,3.72,3.89,4.13,0.03,5.73,0.82,5.46,0.51,48.97,0.29,C3'-endo
22,22,0.96,G,G,G,0,0,1,0,0,),0,1,cWW,cW-W,5.02,3.00,0.96,1.40,3.61,5.00,4.89,3.38,BI,anti,A,4.64,4.74,2.85,3.69,3.12,3.72,3.85,4.15,0.14,5.67,0.82,5.54,0.39,47.46,0.15,C3'-endo
23,23,1.00,G,G,G,0,0,1,0,0,),0,1,cWW,cW-W,5.16,2.99,1.06,1.45,,,,3.48,n/a,anti,-,,,,,,,,,0.06,5.81,0.68,5.63,0.37,39.95,0.23,C3'-endo
