index_chain,old_nt_resnum,nt_position,nt_name,nt_code,nt_align_code,is_A,is_C,is_G,is_U,is_other,dbn,paired,nb_interact,pair_type_LW,pair_type_DSSR,alpha,beta,gamma,delta,epsilon,zeta,epsilon_zeta,chi,bb_type,glyco_bond,form,ssZp,Dp,eta,theta,eta_prime,theta_prime,eta_base,theta_base,v0,v1,v2,v3,v4,amplitude,phase_angle,puckering
17,688,0.07,G,G,G,0,0,1,0,0,],0,1,cWW,cW-W,,,1.74,1.48,4.09,4.71,5.66,3.09,..,anti,A,4.85,4.84,,,,,,,0.29,5.68,0.68,5.76,0.15,38.94,6.18,C2'-exo
18,689,0.13,C,C,C,0,1,0,0,0,],0,1,cWW,cW-W,5.69,2.82,0.66,1.48,4.01,4.59,5.70,3.47,..,anti,.,4.46,4.81,3.09,4.07,3.35,3.87,4.17,3.91,0.20,5.75,0.64,5.74,0.21,36.60,0.01,C3'-endo
19,690,0.20,C,C,C,0,1,0,0,0,),0,1,cWW,cW-W,1.35,3.74,4.30,1.62,4.07,5.06,5.30,3.30,BI,anti,A,4.71,4.84,3.04,3.43,3.11,3.68,3.50,4.40,0.39,5.67,0.61,5.88,0.02,36.43,5.98,C2'-exo
20,691,0.27,C,C,C,0,1,0,0,0,),0,1,cWW,cW-W,5.41,2.83,0.85,1.37,3.74,4.93,5.10,3.31,BI,anti,A,4.68,4.71,2.84,3.69,3.29,3.67,4.25,3.79,0.09,5.79,0.69,5.62,0.36,40.57,0.20,C3'-endo
21,692,0.33,G,G,G,0,0,1,0,0,),0,1,cWW,cW-W,5.18,2.89,1.06,1.30,3.64,4.88,5.04,3.19,BI,anti,A,4.68,4.65,2.93,3.55,3.13,3.58,3.53,4.07,6.25,5.86,0.69,5.55,0.48,42.66,0.37,C3'-endo
22,693,0.40,G,G,G,0,0,1,0,0,),0,1,cWW,cW-W,5.57,3.04,0.67,1.40,3.35,5.20,4.44,3.43,BI,anti,A,4.54,4.56,3.07,3.63,3.25,3.68,3.96,4.13,0.08,5.81,0.66,5.65,0.35,38.81,0.20,C3'-endo
23,694,0.47,A,A,A,1,0,0,0,0,),0,1,cWW,cW-W,4.88,3.38,0.95,1.47,3.48,5.25,4.52,3.48,BI,anti,A,4.44,4.58,2.94,3.84,3.15,3.83,3.79,4.16,0.14,5.80,0.63,5.72,0.27,36.33,0.11,C3'-endo
24,695,0.53,C,C,C,0,1,0,0,0,),0,1,cWW,cW-W,4.83,3.15,1.16,1.34,3.42,5.16,4.55,3.47,BI,anti,A,4.51,4.58,2.87,3.65,3.16,3.64,3.81,4.08,6.26,5.88,0.65,5.60,0.45,40.13,0.36,C3'-endo
25,696,0.60,G,G,G,0,0,1,0,0,),0,1,cWW,cW-W,4.88,3.17,1.10,1.37,3.44,5.17,4.56,3.33,BI,anti,A,4.58,4.60,2.89,3.71,3.13,3.72,3.88,4.22,0.05,5.82,0.69,5.61,0.40,40.66,0.26,C3'-endo
26,697,0.67,A,A,A,1,0,0,0,0,),0,1,cWW,cW-W,5.00,3.24,1.10,1.38,3.47,5.10,4.66,3.55,BI,anti,A,4.23,4.50,3.07,3.65,3.30,3.64,4.04,4.02,6.26,5.89,0.63,5.62,0.43,38.68,0.36,C3'-endo
27,698,0.73,G,G,G,0,0,1,0,0,),0,1,cWW,cW-W,5.13,3.12,0.88,1.38,3.41,5.15,4.54,3.60,BI,anti,A,4.21,4.53,2.91,3.64,3.12,3.68,3.76,4.27,0.05,5.81,0.69,5.61,0.39,40.94,0.25,C3'-endo
28,699,0.80,A,A,A,1,0,0,0,0,),0,1,cWW,cW-W,4.99,3.13,1.06,1.46,3.83,4.95,5.17,3.55,BI,anti,A,4.31,4.68,3.01,3.90,3.25,3.87,4.04,4.28,0.12,5.80,0.65,5.68,0.30,37.85,0.15,C3'-endo
29,700,0.87,G,G,G,0,0,1,0,0,),0,1,cWW,cW-W,5.43,2.93,0.74,1.38,3.58,5.00,4.86,3.59,BI,anti,A,4.29,4.59,2.88,3.59,3.14,3.62,3.87,3.84,0.04,5.84,0.65,5.63,0.39,38.81,0.27,C3'-endo
30,701,0.93,A,A,A,1,0,0,0,0,),0,1,cWW,cW-W,5.02,3.27,0.80,1.34,3.85,4.65,5.48,3.63,BI,anti,A,4.16,4.73,2.87,3.59,2.97,3.69,3.33,4.13,0.06,5.77,0.74,5.57,0.41,43.37,0.24,C3'-endo
31,702,1.00,C,C,C,0,1,0,0,0,),0,1,cWW,cW-W,5.74,2.57,0.79,1.34,,,,3.74,..,anti,-,,,,,,,,,6.26,5.88,0.66,5.59,0.45,40.19,0.36,C3'-endo
