index_chain,old_nt_resnum,nt_position,nt_name,nt_code,nt_align_code,is_A,is_C,is_G,is_U,is_other,dbn,paired,nb_interact,pair_type_LW,pair_type_DSSR,alpha,beta,gamma,delta,epsilon,zeta,epsilon_zeta,chi,bb_type,glyco_bond,form,ssZp,Dp,eta,theta,eta_prime,theta_prime,eta_base,theta_base,v0,v1,v2,v3,v4,amplitude,phase_angle,puckering
1,1,0.03,G,G,G,0,0,1,0,0,(,31,1,cWW,cW-W,,,1.33,1.33,3.65,4.96,4.98,3.39,BI,anti,A,4.36,4.50,,,,,,,6.27,5.80,0.78,5.48,0.51,47.23,0.34,C3'-endo
2,2,0.06,G,G,G,0,0,1,0,0,(,30,1,cWW,cW-W,4.86,2.99,1.16,1.36,3.60,5.07,4.81,3.44,BI,anti,A,4.47,4.63,2.82,3.76,3.06,3.72,3.87,4.17,0.07,5.75,0.78,5.53,0.43,45.77,0.24,C3'-endo
3,3,0.09,A,A,A,1,0,0,0,0,(,29,1,cWW,cW-W,5.15,2.98,1.05,1.28,3.53,5.12,4.70,3.41,BI,anti,A,4.57,4.70,3.00,3.60,3.22,3.62,3.97,4.02,0.02,5.78,0.78,5.50,0.48,46.60,0.30,C3'-endo
4,4,0.11,A,A,A,1,0,0,0,0,(,28,1,cWW,cW-W,4.91,3.15,1.05,1.42,3.79,5.14,4.93,3.45,BI,anti,A,4.52,4.74,2.97,3.85,3.14,3.82,3.73,4.08,0.13,5.73,0.73,5.61,0.35,42.51,0.15,C3'-endo
5,5,0.14,G,G,G,0,0,1,0,0,(,27,1,cWW,cW-W,4.64,2.64,1.70,1.29,3.91,4.85,5.34,3.14,BI,anti,A,4.73,4.74,2.89,3.55,3.20,3.55,3.81,4.07,0.02,5.77,0.78,5.50,0.48,46.81,0.30,C3'-endo
6,6,0.17,U,U,U,0,0,0,1,0,(,26,1,cWW,cW-W,5.05,3.11,0.96,1.35,3.80,5.06,5.03,3.47,BI,anti,A,4.50,4.74,2.89,3.78,3.03,3.79,3.77,4.09,0.19,5.66,0.81,5.57,0.33,46.33,0.09,C3'-endo
7,7,0.20,A,A,A,1,0,0,0,0,(,25,1,cWW,cW-W,5.00,3.14,0.98,1.33,3.55,6.13,3.70,3.51,..,anti,.,4.51,4.72,2.85,4.24,3.04,3.96,3.59,3.97,0.05,5.77,0.75,5.54,0.44,44.43,0.26,C3'-endo
8,8,0.23,G,G,G,0,0,1,0,0,(,24,1,cWW,cW-W,3.74,1.67,2.94,1.39,3.14,5.19,4.24,3.16,BI,anti,A,4.54,4.56,3.40,2.61,3.37,3.16,3.71,4.00,0.17,5.67,0.79,5.58,0.34,45.45,0.11,C3'-endo
9,9,0.26,A,A,A,1,0,0,0,0,(,23,1,cWW,cW-W,3.88,4.23,1.36,1.26,3.45,4.65,5.09,3.38,BI,anti,.,4.54,4.61,2.83,3.90,3.02,3.83,3.94,4.06,0.05,5.76,0.79,5.50,0.46,47.06,0.27,C3'-endo
10,10,0.29,U,U,U,0,0,0,1,0,(,22,1,cWW,cW-W,2.53,3.74,3.37,1.55,4.05,4.81,5.52,3.19,..,anti,A,4.67,4.70,3.19,3.43,3.34,3.49,3.87,3.80,0.29,5.71,0.64,5.79,0.13,36.71,6.16,C2'-exo
11,11,0.31,G,G,G,0,0,1,0,0,(,21,1,cWW,cW-W,5.29,2.73,1.04,1.30,3.62,5.04,4.86,3.25,BI,anti,A,4.69,4.70,2.92,3.71,3.19,3.72,3.72,4.24,6.28,5.81,0.75,5.52,0.49,45.17,0.33,C3'-endo
12,12,0.34,G,G,G,0,0,1,0,0,(,20,1,cWW,cW-W,5.15,2.99,0.98,1.38,3.67,4.96,4.99,3.34,BI,anti,A,4.52,4.60,2.94,3.75,3.21,3.79,4.04,4.34,0.05,5.77,0.76,5.54,0.43,45.03,0.26,C3'-endo
13,13,0.37,U,U,U,0,0,0,1,0,.,,0,,,5.31,3.04,0.86,1.42,3.73,5.17,4.84,3.54,BI,anti,.,4.34,4.62,3.03,4.01,3.22,4.07,4.01,4.85,6.27,5.85,0.69,5.57,0.46,41.83,0.35,C3'-endo
14,14,0.40,U,U,U,0,0,0,1,0,.,,0,,,5.06,3.10,0.97,1.47,3.90,4.95,5.23,3.52,BI,anti,.,4.40,4.75,2.97,4.30,3.29,3.62,4.36,2.14,0.08,5.81,0.65,5.67,0.34,37.98,0.20,C3'-endo
15,15,0.43,C,C,C,0,1,0,0,0,.,,0,,,2.94,3.08,0.87,1.34,3.80,5.24,4.84,0.33,BI,syn,.,-4.40,4.60,0.59,3.99,0.91,4.08,0.36,3.58,6.22,5.88,0.69,5.54,0.51,43.33,0.41,C3'-endo
16,16,0.46,A,A,A,1,0,0,0,0,.,,0,,,5.06,2.95,1.00,1.51,3.96,5.02,5.22,3.55,BI,anti,.,4.23,4.61,2.95,4.52,3.34,4.25,3.10,3.28,0.00,5.93,0.55,5.71,0.36,33.32,0.32,C3'-endo
17,17,0.49,A,A,A,1,0,0,0,0,.,,0,,,1.83,3.60,4.27,2.00,6.04,3.44,2.60,4.02,..,anti,.,-0.20,2.17,4.19,4.46,4.17,3.42,3.10,2.61,5.33,0.97,5.70,0.05,0.55,55.97,2.21,C1'-exo
18,18,0.51,G,G,G,0,0,1,0,0,.,,0,,,1.22,3.45,0.79,1.41,3.80,5.35,4.73,3.71,BI,anti,.,3.92,4.59,5.21,4.65,0.43,4.81,1.38,5.24,6.23,5.90,0.63,5.60,0.46,39.40,0.39,C3'-endo
19,19,0.54,U,U,U,0,0,0,1,0,.,,0,,,3.83,4.51,1.37,2.17,4.64,4.74,6.18,4.17,..,anti,.,0.94,1.36,3.07,5.17,3.63,4.93,4.16,5.51,5.85,0.51,5.88,0.17,0.16,28.80,2.49,C1'-exo
20,20,0.57,C,C,C,0,1,0,0,0,),12,1,cWW,cW-W,5.07,3.21,0.61,1.44,3.86,4.81,5.34,3.53,BI,anti,A,4.36,4.70,2.55,3.69,3.12,3.82,3.64,4.32,0.21,5.70,0.73,5.66,0.26,41.64,0.04,C3'-endo
21,21,0.60,C,C,C,0,1,0,0,0,),11,1,cWW,cW-W,5.45,2.88,0.85,1.46,3.62,5.09,4.81,3.53,BI,anti,.,4.24,4.48,3.05,4.32,3.29,4.08,3.91,4.38,0.10,5.79,0.67,5.65,0.34,39.01,0.19,C3'-endo
22,22,0.63,A,A,A,1,0,0,0,0,),10,1,cWW,cW-W,2.44,3.41,3.22,1.42,3.66,5.06,4.89,3.24,BI,anti,A,4.64,4.65,2.80,3.15,3.11,3.26,3.83,3.75,0.08,5.79,0.69,5.63,0.37,40.69,0.21,C3'-endo
23,23,0.66,U,U,U,0,0,0,1,0,),9,1,cWW,cW-W,5.01,3.12,1.00,1.32,3.81,4.88,5.22,3.36,BI,anti,A,4.61,4.73,2.93,3.70,3.12,3.78,3.77,4.41,0.04,5.76,0.77,5.51,0.46,46.10,0.27,C3'-endo
24,24,0.69,U,U,U,0,0,0,1,0,),8,1,cWW,cW-W,5.38,2.79,0.95,1.38,3.53,4.69,5.12,3.29,BI,anti,.,4.55,4.57,2.95,3.36,3.25,3.38,4.16,3.46,0.08,5.76,0.74,5.58,0.39,43.16,0.21,C3'-endo
25,25,0.71,U,U,U,0,0,0,1,0,),7,1,cWW,cW-W,5.30,3.09,0.83,1.37,3.78,4.97,5.09,3.44,BI,anti,A,4.53,4.74,3.11,3.74,3.10,3.77,3.23,4.17,0.14,5.71,0.76,5.58,0.36,44.15,0.15,C3'-endo
26,26,0.74,A,A,A,1,0,0,0,0,),6,1,cWW,cW-W,4.96,2.91,1.12,1.43,3.71,4.92,5.07,3.43,BI,anti,A,4.55,4.70,2.87,3.71,3.10,3.72,3.75,4.32,0.08,5.80,0.68,5.63,0.36,39.88,0.21,C3'-endo
27,27,0.77,C,C,C,0,1,0,0,0,),5,1,cWW,cW-W,5.13,2.83,1.13,1.48,3.82,5.09,5.01,3.70,BI,anti,A,4.03,4.64,3.01,4.00,3.29,3.91,4.13,4.20,0.15,5.78,0.66,5.69,0.28,37.87,0.11,C3'-endo
28,28,0.80,U,U,U,0,0,0,1,0,),4,1,cWW,cW-W,5.01,3.02,0.95,1.26,3.90,4.12,6.06,3.50,..,anti,A,4.36,4.72,2.76,3.55,3.01,3.45,3.62,3.63,6.25,5.81,0.77,5.47,0.53,47.20,0.36,C3'-endo
29,29,0.83,U,U,U,0,0,0,1,0,),3,1,cWW,cW-W,1.91,4.20,3.44,1.47,4.15,4.81,5.62,3.19,..,anti,A,4.69,4.76,2.99,3.47,3.07,3.55,3.43,4.09,0.29,5.64,0.75,5.68,0.20,42.99,6.22,C2'-exo
30,30,0.86,C,C,C,0,1,0,0,0,),2,1,cWW,cW-W,5.53,2.76,0.83,1.40,3.69,4.92,5.05,3.37,BI,anti,A,4.49,4.58,2.98,3.69,3.29,3.72,4.07,4.16,0.02,5.81,0.71,5.56,0.44,42.73,0.30,C3'-endo
31,31,0.89,C,C,C,0,1,0,0,0,),1,1,cWW,cW-W,5.29,2.95,0.88,1.46,3.62,4.99,4.91,3.49,BI,anti,A,4.30,4.47,3.04,3.72,3.27,3.72,3.92,3.86,0.10,5.78,0.69,5.63,0.35,40.16,0.19,C3'-endo
32,32,0.91,A,A,A,1,0,0,0,0,.,,0,,,5.03,3.06,1.02,1.35,3.91,4.96,5.23,3.82,BI,anti,.,3.64,4.54,2.95,3.86,3.12,3.92,3.44,4.52,0.04,5.78,0.74,5.55,0.44,44.07,0.27,C3'-endo
33,33,0.94,C,C,C,0,1,0,0,0,.,,0,,,5.32,2.95,0.88,1.37,4.20,5.16,5.32,3.47,..,anti,.,4.12,4.60,3.09,4.76,3.31,4.75,4.04,5.22,6.22,5.91,0.64,5.59,0.48,39.96,0.41,C3'-endo
34,34,0.97,C,C,C,0,1,0,0,0,.,,0,,,4.09,4.17,1.12,1.38,3.48,5.34,4.42,3.59,BI,anti,.,4.28,4.49,2.40,3.95,2.85,4.03,3.59,4.83,6.28,5.83,0.71,5.55,0.46,42.96,0.33,C3'-endo
35,35,1.00,A,A,A,1,0,0,0,0,.,,0,,,4.71,3.06,1.48,1.56,,,,3.28,n/a,anti,-,,,,,,,,,0.14,5.84,0.57,5.78,0.23,32.70,0.09,C3'-endo
