index_chain,old_nt_resnum,nt_position,nt_name,nt_code,nt_align_code,is_A,is_C,is_G,is_U,is_other,dbn,paired,nb_interact,pair_type_LW,pair_type_DSSR,alpha,beta,gamma,delta,epsilon,zeta,epsilon_zeta,chi,bb_type,glyco_bond,form,ssZp,Dp,eta,theta,eta_prime,theta_prime,eta_base,theta_base,v0,v1,v2,v3,v4,amplitude,phase_angle,puckering
1,1,0.01,G,G,G,0,0,1,0,0,(,88,1,cWW,cW-W,,2.63,1.17,1.35,3.78,4.92,5.14,3.11,BI,anti,A,4.72,4.71,,3.68,,3.68,,4.04,0.14,5.72,0.76,5.59,0.35,44.04,0.15,C3'-endo
2,2,0.02,G,G,G,0,0,1,0,0,(,87,1,cWW,cW-W,5.04,3.07,1.12,1.37,3.93,4.80,5.42,3.33,BI,anti,A,4.62,4.74,3.03,3.71,3.20,3.76,3.80,4.21,0.15,5.71,0.77,5.59,0.34,44.22,0.13,C3'-endo
3,3,0.03,C,C,C,0,1,0,0,0,(,86,1,cWW,cW-W,5.33,2.77,1.03,1.40,3.82,4.90,5.20,3.47,BI,anti,A,4.40,4.64,3.01,3.74,3.23,3.73,3.91,4.14,0.04,5.81,0.71,5.59,0.41,41.86,0.26,C3'-endo
4,4,0.05,U,U,U,0,0,0,1,0,(,85,1,cWW,cW-W,5.16,3.02,0.92,1.42,3.85,4.78,5.35,3.41,BI,anti,A,4.51,4.67,2.94,3.64,3.12,3.69,3.77,4.14,0.11,5.75,0.72,5.61,0.36,42.01,0.17,C3'-endo
5,5,0.06,C,C,C,0,1,0,0,0,(,84,1,cWW,cW-W,5.31,2.87,0.87,1.45,3.73,5.05,4.96,3.50,BI,anti,A,4.36,4.60,2.92,3.87,3.12,3.87,3.78,4.38,0.04,5.84,0.66,5.63,0.39,39.12,0.27,C3'-endo
6,6,0.07,U,U,U,0,0,0,1,0,(,83,1,cWW,cW-W,4.99,3.07,1.00,1.37,3.70,4.73,5.26,3.42,BI,anti,A,4.55,4.68,2.84,3.49,3.09,3.53,3.89,3.81,0.07,5.76,0.75,5.55,0.42,44.19,0.24,C3'-endo
7,7,0.08,G,G,G,0,0,1,0,0,(,"0,82",2,"tS.,cWW","tm+.,cW-W",5.17,2.91,0.95,1.41,3.79,5.22,4.85,3.44,BI,anti,.,4.46,4.67,2.95,4.09,3.07,4.12,3.49,4.92,0.06,5.77,0.75,5.55,0.42,44.16,0.25,C3'-endo
8,8,0.09,G,G,G,0,0,1,0,0,.,81,1,tSH,tm-M,4.96,3.03,1.13,1.44,4.22,3.32,0.90,3.55,BII,anti,.,4.06,4.68,3.02,2.46,3.37,2.72,4.47,3.03,0.01,5.85,0.67,5.60,0.43,40.34,0.31,C3'-endo
9,9,0.10,A,A,A,1,0,0,0,0,.,80,1,tHS,tM-m,5.23,2.40,1.01,1.55,3.76,4.91,5.13,3.46,BI,anti,A,4.42,4.58,3.31,3.93,3.21,3.84,3.05,4.36,0.10,5.84,0.60,5.73,0.29,34.60,0.17,C3'-endo
10,10,0.11,G,G,G,0,0,1,0,0,.,"31,79",2,"cSS,c.W","cm-m,c.-W",5.16,2.93,0.98,1.53,4.48,4.29,0.19,3.77,..,anti,.,3.19,4.56,3.21,3.80,3.41,3.90,4.15,4.39,0.08,5.85,0.59,5.72,0.30,34.70,0.19,C3'-endo
11,11,0.12,A,A,A,1,0,0,0,0,.,73,1,t.S,t.+m,5.42,2.32,0.89,1.50,3.54,4.90,4.92,4.22,BI,anti,.,2.49,4.44,2.76,4.56,3.10,3.74,3.73,2.85,0.00,5.93,0.55,5.72,0.36,33.23,0.32,C3'-endo
12,12,0.14,G,G,G,0,0,1,0,0,(,28,1,cWW,cW-W,2.11,1.54,3.12,1.69,3.77,4.52,5.53,4.85,BI,anti,.,-0.48,4.56,1.18,3.12,1.37,3.05,1.24,3.21,0.31,5.74,0.55,5.89,0.05,32.67,6.05,C2'-exo
13,13,0.15,A,A,A,1,0,0,0,0,.,,0,,,2.98,4.22,5.15,2.74,5.29,4.29,0.99,4.70,..,anti,.,0.43,1.13,0.16,5.30,0.20,5.06,5.81,2.22,5.86,0.79,5.47,0.60,6.17,47.56,2.94,C2'-endo
14,14,0.16,A,A,A,1,0,0,0,0,(,27,1,cWW,cW-W,1.06,2.46,0.84,1.47,4.10,4.94,5.44,3.32,..,anti,A,4.59,4.75,4.09,4.06,4.99,4.03,1.90,4.63,0.14,5.77,0.67,5.68,0.29,38.48,0.11,C3'-endo
15,15,0.17,C,C,C,0,1,0,0,0,(,26,1,cWW,cW-W,5.10,2.67,1.13,1.33,3.79,4.89,5.18,3.42,BI,anti,A,4.50,4.69,2.74,3.65,3.10,3.62,4.14,3.94,0.04,5.79,0.74,5.54,0.44,44.16,0.28,C3'-endo
16,16,0.18,C,C,C,0,1,0,0,0,(,25,1,cWW,cW-W,5.23,3.06,0.83,1.31,3.76,4.98,5.07,3.41,BI,anti,A,4.55,4.74,2.91,3.67,3.04,3.76,3.58,4.24,0.07,5.75,0.78,5.52,0.44,45.95,0.24,C3'-endo
17,17,0.19,G,G,G,0,0,1,0,0,(,24,1,cWW,cW-W,5.19,2.99,1.02,1.40,3.60,4.88,5.00,3.36,BI,anti,.,4.57,4.63,2.98,3.55,3.22,3.56,3.92,3.36,0.03,5.80,0.72,5.56,0.44,43.13,0.28,C3'-endo
18,18,0.20,U,U,U,0,0,0,1,0,.,,0,,,4.92,3.40,0.94,1.38,3.57,0.87,2.70,3.75,..,anti,.,3.85,4.39,2.98,6.08,3.00,5.39,2.87,3.81,6.10,6.01,0.60,5.57,0.57,40.74,0.58,C3'-endo
19,19,0.22,U,U,U,0,0,0,1,0,.,,0,,,1.73,2.47,6.03,2.53,0.19,3.31,3.16,2.82,..,anti,.,-0.13,0.68,4.92,5.93,0.07,5.28,1.44,5.49,0.04,0.29,5.79,0.52,5.92,30.72,3.54,C3'-exo
20,20,0.23,U,U,U,0,0,0,1,0,.,,0,,,5.43,2.13,0.65,2.39,4.15,3.54,0.62,3.85,..,anti,.,1.20,1.73,2.39,3.75,3.59,3.37,3.79,2.76,5.60,0.84,5.61,0.31,0.23,46.84,2.53,C2'-endo
21,21,0.24,A,A,A,1,0,0,0,0,.,,0,,,3.26,3.61,1.26,1.32,,,,5.24,..,anti,-,,,,,,,,,5.86,6.21,0.51,5.52,0.76,45.46,0.87,C4'-exo
22,not resolved,0.25,-,-,-,0,0,0,0,1,,,0,,,,,,,,,,,,,,,,,,,,,,,,,,,,,
23,23,0.26,U,U,U,0,0,0,1,0,.,,0,,,,3.86,1.92,2.25,5.03,4.87,0.16,3.49,..,anti,.,1.53,2.05,,5.34,,4.92,,5.28,6.28,0.17,6.02,0.27,6.11,16.12,3.46,C3'-exo
24,24,0.27,C,C,C,0,1,0,0,0,),17,1,cWW,cW-W,4.88,3.17,0.47,1.46,3.56,5.14,4.71,3.53,BI,anti,A,4.39,4.61,1.94,3.65,2.69,3.72,3.23,4.07,0.20,5.68,0.75,5.64,0.29,43.19,0.06,C3'-endo
25,25,0.28,G,G,G,0,0,1,0,0,),16,1,cWW,cW-W,4.80,3.25,1.10,1.43,3.72,4.78,5.22,3.42,BI,anti,.,4.44,4.60,2.94,4.08,3.13,3.95,3.62,4.41,0.06,5.79,0.72,5.58,0.41,42.43,0.25,C3'-endo
26,26,0.30,G,G,G,0,0,1,0,0,),15,1,cWW,cW-W,2.06,3.58,3.70,1.62,3.87,5.03,5.12,3.18,BI,anti,A,4.66,4.67,3.05,3.32,3.27,3.47,4.09,3.89,0.30,5.72,0.60,5.83,0.10,34.93,6.12,C2'-exo
27,27,0.31,U,U,U,0,0,0,1,0,),14,1,cWW,cW-W,4.90,3.18,0.99,1.41,3.66,4.95,5.00,3.57,BI,anti,A,4.29,4.63,2.82,3.66,3.09,3.67,3.63,4.08,0.04,5.81,0.69,5.60,0.41,41.22,0.26,C3'-endo
28,28,0.32,C,C,C,0,1,0,0,0,),12,1,cWW,cW-W,5.11,2.88,0.95,1.41,3.76,4.93,5.12,3.57,BI,anti,A,4.29,4.70,2.84,3.76,3.06,3.75,3.73,4.16,0.10,5.75,0.75,5.58,0.39,43.69,0.20,C3'-endo
29,29,0.33,G,G,G,0,0,1,0,0,(,74,1,cWW,cW-W,5.38,2.88,0.83,1.33,3.53,4.88,4.93,3.46,BI,anti,.,4.50,4.64,2.94,4.00,3.17,3.90,3.86,4.39,0.06,5.77,0.75,5.55,0.43,44.36,0.25,C3'-endo
30,30,0.34,C,C,C,0,1,0,0,0,(,73,1,cWW,cW-W,2.47,3.60,3.31,1.54,3.80,5.02,5.07,3.46,BI,anti,A,4.43,4.61,3.02,3.42,3.30,3.51,4.11,4.01,0.17,5.77,0.64,5.72,0.25,36.99,0.07,C3'-endo
31,31,0.35,C,C,C,0,1,0,0,0,(,"10,72",2,"cSS,cWW","cm-m,cW-W",5.23,3.16,0.82,1.47,3.66,5.04,4.91,3.48,BI,anti,.,4.21,4.39,3.01,3.78,3.25,3.90,3.89,5.31,0.04,5.86,0.62,5.67,0.36,36.84,0.26,C3'-endo
32,32,0.36,G,G,G,0,0,1,0,0,.,71,1,cHW,cM+W,5.10,2.97,1.27,2.27,3.83,3.27,0.55,0.93,..,syn,.,-2.19,2.18,3.17,3.25,3.65,2.29,5.12,1.30,5.57,0.79,5.72,0.17,0.34,44.77,2.38,C1'-exo
33,33,0.38,A,A,A,1,0,0,0,0,.,,0,,,1.35,3.81,1.51,2.48,4.82,2.97,1.86,3.92,BII,anti,.,0.78,0.75,0.85,3.28,0.97,3.14,1.26,3.52,5.86,0.64,5.67,0.38,0.02,37.30,2.78,C2'-endo
34,34,0.39,A,A,A,1,0,0,0,0,.,71,1,tHS,tM-m,5.50,3.19,1.20,1.46,4.23,5.19,5.33,3.23,..,anti,.,4.69,4.79,4.77,4.37,4.59,4.47,4.60,5.21,0.16,5.72,0.72,5.64,0.31,41.69,0.10,C3'-endo
35,35,0.40,G,G,G,0,0,1,0,0,(,70,1,cWW,cW-W,5.21,2.67,1.13,1.34,4.00,5.05,5.24,3.19,BI,anti,.,4.72,4.76,2.79,3.99,3.35,4.03,4.66,4.75,0.13,5.71,0.78,5.56,0.38,45.45,0.17,C3'-endo
36,36,0.41,G,G,G,0,0,1,0,0,(,68,1,cWW,cW-W,5.17,2.94,1.05,1.40,3.81,4.95,5.14,3.28,BI,anti,A,4.64,4.69,2.91,3.81,3.27,3.84,4.39,4.55,0.08,5.76,0.75,5.56,0.41,43.97,0.23,C3'-endo
37,37,0.42,A,A,A,1,0,0,0,0,(,67,1,cWW,cW-W,5.23,2.88,0.98,1.40,3.76,4.97,5.07,3.30,BI,anti,A,4.68,4.74,2.94,3.75,3.22,3.77,4.28,4.02,0.19,5.68,0.76,5.62,0.30,43.91,0.07,C3'-endo
38,38,0.43,G,G,G,0,0,1,0,0,(,66,1,cWW,cW-W,5.22,3.15,0.91,1.46,3.89,4.78,5.39,3.44,BI,anti,.,4.42,4.64,3.14,3.70,3.28,3.85,3.71,5.27,0.09,5.82,0.64,5.67,0.33,37.41,0.19,C3'-endo
39,39,0.44,C,C,C,0,1,0,0,0,.,64,1,tHH,tM+M,5.45,2.92,0.96,2.42,3.62,4.04,5.87,0.89,..,syn,.,-2.25,2.35,3.09,3.61,3.58,3.43,5.03,3.60,5.71,0.78,5.60,0.37,0.13,44.08,2.65,C2'-endo
40,40,0.45,A,A,A,1,0,0,0,0,.,,0,,,5.10,3.21,0.66,1.48,3.78,4.93,5.13,3.55,BI,anti,A,4.36,4.69,3.10,3.72,3.05,3.81,3.23,4.51,0.15,5.75,0.69,5.67,0.29,39.69,0.11,C3'-endo
41,41,0.47,A,A,A,1,0,0,0,0,.,"0,62",2,"tSS,tHS","tm+m,tM-m",5.07,2.83,1.06,1.51,3.90,5.10,5.08,3.54,BI,anti,.,4.32,4.71,2.92,4.09,3.20,4.09,4.11,4.81,0.15,5.79,0.64,5.71,0.27,36.84,0.10,C3'-endo
42,42,0.48,G,G,G,0,0,1,0,0,(,61,1,cWW,cW-W,5.07,2.96,0.97,1.51,3.81,5.04,5.05,3.36,BI,anti,A,4.54,4.63,2.85,3.97,3.24,3.99,4.33,4.68,0.14,5.80,0.63,5.72,0.27,36.04,0.11,C3'-endo
43,43,0.49,C,C,C,0,1,0,0,0,(,60,1,cWW,cW-W,5.11,2.97,0.92,1.38,4.01,4.66,5.63,3.52,..,anti,A,4.26,4.70,2.88,3.65,3.18,3.68,4.18,3.92,0.07,5.79,0.72,5.58,0.40,42.61,0.24,C3'-endo
44,44,0.50,U,U,U,0,0,0,1,0,(,59,1,cWW,cW-W,5.18,2.67,1.06,1.36,3.77,5.00,5.05,3.43,BI,anti,A,4.50,4.68,2.85,3.80,3.03,3.77,3.48,4.39,0.04,5.79,0.74,5.54,0.45,44.25,0.28,C3'-endo
45,45,0.51,C,C,C,0,1,0,0,0,(,58,1,cWW,cW-W,5.00,2.96,1.10,1.39,3.79,4.93,5.15,3.23,BI,anti,.,4.76,4.77,2.90,3.75,3.14,3.72,4.11,5.24,0.19,5.68,0.77,5.60,0.32,44.47,0.09,C3'-endo
46,46,0.52,U,U,U,0,0,0,1,0,.,57,1,cHW,cM+W,5.31,3.00,0.75,1.27,3.42,4.71,4.99,0.25,BI,syn,.,-4.58,4.62,2.85,3.69,3.04,3.66,4.88,3.14,0.04,5.75,0.79,5.50,0.47,47.08,0.27,C3'-endo
47,47,0.53,G,G,G,0,0,1,0,0,(,56,1,cWW,cW-W,2.83,3.69,2.92,1.52,4.09,4.81,5.57,3.14,..,anti,A,4.67,4.69,3.00,3.66,3.19,3.68,2.89,4.15,0.18,5.79,0.62,5.75,0.23,35.35,0.05,C3'-endo
48,48,0.55,C,C,C,0,1,0,0,0,(,55,1,cWW,cW-W,5.42,2.83,0.73,1.36,3.88,4.83,5.33,3.45,BI,anti,A,4.48,4.73,2.86,3.69,3.12,3.71,3.86,4.02,0.05,5.79,0.72,5.57,0.42,42.94,0.26,C3'-endo
49,49,0.56,G,G,G,0,0,1,0,0,(,54,1,cWW,cW-W,5.18,2.79,0.99,1.37,3.64,0.69,2.96,3.40,..,anti,.,4.52,4.62,2.84,6.27,3.06,5.50,3.61,4.04,6.23,5.88,0.68,5.56,0.49,42.08,0.40,C3'-endo
50,50,0.57,G,G,G,0,0,1,0,0,.,,0,,,1.36,2.03,0.67,2.31,4.43,4.96,5.75,3.78,..,anti,.,1.43,1.40,4.89,5.25,6.16,4.77,1.12,5.38,5.82,0.61,5.77,0.26,0.12,34.21,2.61,C2'-endo
51,51,0.58,A,A,A,1,0,0,0,0,.,,0,,,4.54,3.01,0.90,1.64,3.71,4.84,5.16,4.42,BI,anti,.,1.57,4.34,2.20,3.79,2.96,3.79,3.78,4.22,0.13,5.87,0.52,5.83,0.21,29.75,0.08,C3'-endo
52,52,0.59,A,A,A,1,0,0,0,0,.,,0,,,5.17,2.82,0.97,1.48,3.05,4.76,4.57,3.64,BI,anti,.,4.09,4.26,2.85,3.24,3.23,2.78,3.85,1.69,0.15,5.77,0.67,5.69,0.29,38.42,0.10,C3'-endo
53,53,0.60,A,A,A,1,0,0,0,0,.,,0,,,4.02,3.15,1.03,2.19,4.27,5.01,5.54,5.28,..,anti,.,0.99,1.54,2.28,4.83,2.21,4.77,1.43,5.52,5.54,0.80,5.73,0.14,0.38,45.85,2.33,C1'-exo
54,54,0.61,C,C,C,0,1,0,0,0,),49,1,cWW,cW-W,5.00,2.97,0.77,1.41,3.63,4.94,4.97,3.45,BI,anti,A,4.50,4.66,2.46,3.62,3.20,3.64,3.72,4.01,0.11,5.75,0.73,5.60,0.36,42.45,0.18,C3'-endo
55,55,0.62,G,G,G,0,0,1,0,0,),48,1,cWW,cW-W,5.22,3.01,0.91,1.43,3.76,5.01,5.04,3.35,BI,anti,A,4.66,4.75,2.99,3.78,3.15,3.83,3.73,4.37,0.17,5.72,0.73,5.63,0.31,41.89,0.10,C3'-endo
56,56,0.64,C,C,C,0,1,0,0,0,),47,1,cWW,cW-W,5.09,3.01,1.03,1.38,3.63,4.92,4.99,3.47,BI,anti,A,4.50,4.67,2.90,3.58,3.17,3.55,4.01,3.81,0.13,5.73,0.75,5.59,0.36,43.53,0.16,C3'-endo
57,57,0.65,A,A,A,1,0,0,0,0,.,46,1,cWH,cW+M,5.07,2.96,0.99,1.38,3.66,4.98,4.96,3.31,BI,anti,A,4.69,4.73,2.86,3.67,3.01,3.68,3.55,4.10,0.17,5.69,0.77,5.59,0.33,44.35,0.11,C3'-endo
58,58,0.66,G,G,G,0,0,1,0,0,),45,1,cWW,cW-W,5.06,3.08,1.00,1.40,3.66,5.00,4.94,3.27,BI,anti,A,4.71,4.72,2.92,3.71,3.12,3.75,3.84,4.16,0.20,5.66,0.78,5.59,0.31,45.01,0.07,C3'-endo
59,59,0.67,A,A,A,1,0,0,0,0,),44,1,cWW,cW-W,5.03,3.21,0.97,1.39,3.83,4.91,5.20,3.38,BI,anti,A,4.58,4.73,3.00,3.74,3.15,3.78,3.77,4.18,0.16,5.72,0.75,5.61,0.33,43.10,0.12,C3'-endo
60,60,0.68,G,G,G,0,0,1,0,0,),43,1,cWW,cW-W,5.24,2.87,0.99,1.36,3.89,4.98,5.20,3.30,BI,anti,A,4.65,4.74,2.97,3.84,3.16,3.89,3.81,4.58,0.11,5.74,0.75,5.58,0.38,43.63,0.19,C3'-endo
61,61,0.69,U,U,U,0,0,0,1,0,),42,1,cWW,cW-W,5.14,3.00,0.94,1.40,3.92,5.21,4.99,3.52,BI,anti,.,4.31,4.68,2.89,4.11,3.15,4.14,4.11,4.94,0.09,5.77,0.73,5.59,0.38,42.85,0.20,C3'-endo
62,62,0.70,G,G,G,0,0,1,0,0,.,41,1,tSH,tm-M,5.02,2.92,1.09,1.23,4.24,3.52,0.72,3.59,..,anti,.,3.85,4.78,2.81,2.57,3.17,2.81,4.33,2.85,0.08,5.70,0.85,5.45,0.47,50.03,0.24,C3'-endo
63,63,0.72,A,A,A,1,0,0,0,0,.,,0,,,5.40,2.40,0.83,1.27,3.54,4.89,4.93,3.60,BI,anti,A,4.21,4.58,3.13,3.54,2.95,3.48,2.62,3.85,6.17,5.87,0.76,5.45,0.60,48.17,0.45,C3'-endo
64,64,0.73,A,A,A,1,0,0,0,0,.,39,1,tHH,tM+M,5.16,2.95,0.98,1.40,3.80,5.01,5.08,3.60,BI,anti,.,4.19,4.69,2.99,3.58,3.12,2.90,3.69,2.03,0.03,5.81,0.71,5.57,0.43,42.51,0.28,C3'-endo
65,65,0.74,A,A,A,1,0,0,0,0,.,,0,,,3.77,2.05,1.07,2.28,3.95,5.86,4.36,3.90,..,anti,.,1.95,1.98,1.03,6.27,1.48,5.49,0.96,5.87,5.59,0.75,5.76,0.13,0.35,42.96,2.34,C1'-exo
66,66,0.75,C,C,C,0,1,0,0,0,),38,1,cWW,cW-W,3.69,4.04,0.91,1.50,3.56,5.20,4.64,3.46,BI,anti,A,4.44,4.57,1.98,3.80,2.76,3.89,3.28,4.43,0.17,5.73,0.69,5.67,0.28,39.94,0.08,C3'-endo
67,67,0.76,U,U,U,0,0,0,1,0,),37,1,cWW,cW-W,4.80,3.07,1.18,1.45,3.73,4.92,5.10,3.38,BI,anti,A,4.45,4.53,2.91,3.69,3.21,3.71,3.97,4.05,6.26,5.90,0.62,5.63,0.42,37.95,0.36,C3'-endo
68,68,0.77,C,C,C,0,1,0,0,0,),36,1,cWW,cW-W,5.03,3.01,1.14,1.44,4.30,4.51,6.07,3.34,..,anti,.,4.30,4.53,3.18,4.06,3.30,4.35,3.77,5.33,6.23,5.92,0.62,5.62,0.45,38.35,0.40,C3'-endo
69,69,0.78,C,C,C,0,1,0,0,0,.,70,1,cSH,cm+M,5.95,2.03,1.18,2.13,4.49,2.94,1.55,3.89,BII,anti,.,1.36,1.43,3.40,2.58,4.09,2.29,5.16,2.45,5.72,0.57,5.91,0.06,0.31,33.62,2.27,C1'-exo
70,70,0.80,C,C,C,0,1,0,0,0,),"35,69",2,"cWW,cHS","cW-W,cM+m",4.56,2.92,0.03,1.53,3.85,5.15,4.98,3.23,BI,anti,.,4.83,4.82,2.44,3.96,2.20,4.12,2.46,4.97,0.31,5.63,0.73,5.72,0.16,41.94,6.17,C2'-exo
71,71,0.81,A,A,A,1,0,0,0,0,.,"32,34",2,"cWH,tSH","cW+M,tm-M",5.03,2.95,1.10,1.50,3.72,5.31,4.69,3.30,BI,anti,.,4.69,4.72,2.91,4.17,3.35,4.14,4.54,4.85,0.20,5.70,0.72,5.66,0.27,41.57,0.05,C3'-endo
72,72,0.82,G,G,G,0,0,1,0,0,),31,1,cWW,cW-W,4.88,3.09,0.99,1.40,3.78,4.92,5.15,3.26,BI,anti,A,4.68,4.71,2.75,3.75,3.15,3.83,4.38,4.38,0.15,5.71,0.76,5.59,0.34,43.98,0.13,C3'-endo
73,73,0.83,G,G,G,0,0,1,0,0,),"11,30",2,"tS.,cWW","tm+.,cW-W",5.23,2.94,1.08,1.47,3.68,4.28,5.68,3.24,BI,anti,.,4.56,4.59,3.04,3.86,3.32,3.84,4.16,3.93,0.13,5.74,0.73,5.62,0.34,42.33,0.15,C3'-endo
74,74,0.84,C,C,C,0,1,0,0,0,),29,1,cWW,cW-W,0.73,2.11,6.17,1.47,4.22,3.67,0.55,3.72,..,anti,.,3.49,4.38,3.22,2.44,3.30,2.98,3.51,4.62,6.12,6.03,0.55,5.62,0.52,37.43,0.58,C3'-endo
75,75,0.85,A,A,A,1,0,0,0,0,.,,0,,,5.35,3.97,1.25,1.41,3.78,5.09,4.97,3.20,BI,anti,.,4.73,4.73,4.87,4.05,4.35,4.16,3.10,4.82,0.21,5.66,0.78,5.61,0.29,44.75,0.06,C3'-endo
76,76,0.86,A,A,A,1,0,0,0,0,.,,0,,,5.14,3.01,1.08,1.47,3.93,5.29,4.92,3.38,BI,anti,.,4.54,4.69,3.06,4.29,3.40,4.29,4.41,4.94,0.12,5.78,0.68,5.66,0.32,39.28,0.15,C3'-endo
77,77,0.88,A,A,A,1,0,0,0,0,.,,0,,,4.95,2.96,1.14,1.30,3.86,5.09,5.05,3.30,BI,anti,.,4.57,4.66,2.79,3.89,3.23,3.94,4.34,4.88,6.15,5.92,0.70,5.49,0.58,45.52,0.49,C3'-endo
78,78,0.89,A,A,A,1,0,0,0,0,.,,0,,,5.04,3.03,0.98,1.45,3.87,5.14,5.01,3.36,BI,anti,.,4.62,4.76,2.83,4.06,3.16,4.13,4.44,4.94,0.15,5.74,0.72,5.63,0.32,41.45,0.13,C3'-endo
79,79,0.90,G,G,G,0,0,1,0,0,.,10,1,cW.,cW-.,5.09,2.95,1.12,1.48,4.07,5.08,5.27,3.33,..,anti,.,4.55,4.72,3.03,4.18,3.43,4.20,4.61,4.89,0.23,5.69,0.72,5.69,0.23,41.09,0.01,C3'-endo
80,80,0.91,G,G,G,0,0,1,0,0,.,9,1,tSH,tm-M,5.21,2.81,1.05,1.34,4.31,3.37,0.94,3.48,BII,anti,.,4.16,4.75,2.98,2.46,3.34,2.69,4.37,2.89,0.00,5.81,0.73,5.54,0.47,43.95,0.32,C3'-endo
81,81,0.92,A,A,A,1,0,0,0,0,.,8,1,tHS,tM-m,5.14,2.37,0.90,1.41,4.12,5.30,5.10,3.49,..,anti,.,4.36,4.83,3.19,4.49,3.03,4.55,2.82,5.31,0.11,5.74,0.75,5.58,0.38,43.74,0.18,C3'-endo
82,82,0.93,C,C,C,0,1,0,0,0,),7,1,cWW,cW-W,5.13,2.69,1.18,1.44,3.72,5.03,4.97,3.44,BI,anti,A,4.50,4.67,2.77,3.88,3.46,3.82,4.83,4.35,0.07,5.78,0.72,5.59,0.39,42.41,0.22,C3'-endo
83,83,0.94,A,A,A,1,0,0,0,0,),6,1,cWW,cW-W,5.16,2.96,0.93,1.40,4.08,4.63,5.73,3.34,..,anti,A,4.58,4.78,2.97,3.62,3.22,3.65,4.09,3.84,0.13,5.71,0.77,5.57,0.37,44.93,0.15,C3'-endo
84,84,0.95,G,G,G,0,0,1,0,0,),"0,5",2,"tSS,cWW","tm+m,cW-W",5.09,2.73,1.03,1.37,3.82,4.88,5.22,3.39,BI,anti,A,4.54,4.68,2.79,3.72,2.93,3.73,3.32,4.23,0.09,5.75,0.75,5.56,0.40,43.95,0.22,C3'-endo
85,85,0.97,A,A,A,1,0,0,0,0,),4,1,cWW,cW-W,5.28,2.88,1.00,1.37,3.76,5.05,5.00,3.37,BI,anti,A,4.56,4.67,2.96,3.78,3.19,3.77,3.97,4.17,0.05,5.77,0.75,5.54,0.44,44.39,0.26,C3'-endo
86,86,0.98,G,G,G,0,0,1,0,0,),3,1,cWW,cW-W,4.91,2.79,1.40,1.33,3.95,4.93,5.31,3.23,BI,anti,A,4.70,4.74,2.97,3.77,3.22,3.80,3.93,4.47,0.02,5.80,0.73,5.54,0.46,43.99,0.30,C3'-endo
87,87,0.99,U,U,U,0,0,0,1,0,),2,1,cWW,cW-W,5.23,2.78,1.14,1.40,3.68,4.80,5.16,3.41,BI,anti,.,4.40,4.51,3.01,3.56,3.33,3.56,4.28,3.43,6.25,5.87,0.67,5.58,0.47,41.14,0.37,C3'-endo
88,88,1.00,CCC,c,C,0,0,0,0,1,),1,1,cWW,cW-W,5.22,2.91,1.11,1.78,,,,3.79,n/a,anti,-,,,,,,,,,5.75,0.29,0.03,5.93,0.56,32.62,1.51,O4'-endo
