index_chain,old_nt_resnum,nt_position,nt_name,nt_code,nt_align_code,is_A,is_C,is_G,is_U,is_other,dbn,paired,nb_interact,pair_type_LW,pair_type_DSSR,alpha,beta,gamma,delta,epsilon,zeta,epsilon_zeta,chi,bb_type,glyco_bond,form,ssZp,Dp,eta,theta,eta_prime,theta_prime,eta_base,theta_base,v0,v1,v2,v3,v4,amplitude,phase_angle,puckering
1,1,0.01,G,G,G,0,0,1,0,0,(,88,1,cWW,cW-W,,2.44,1.24,1.35,3.82,4.92,5.19,3.08,BI,anti,A,4.73,4.72,,3.73,,3.68,,3.94,0.09,5.75,0.75,5.57,0.40,43.83,0.21,C3'-endo
2,2,0.02,G,G,G,0,0,1,0,0,(,87,1,cWW,cW-W,5.10,3.11,1.02,1.34,3.81,4.91,5.19,3.39,BI,anti,A,4.56,4.72,3.02,3.64,3.16,3.70,3.67,4.22,0.06,5.77,0.75,5.55,0.42,44.23,0.25,C3'-endo
3,3,0.03,C,C,C,0,1,0,0,0,(,86,1,cWW,cW-W,5.17,2.80,1.10,1.37,3.77,4.93,5.13,3.44,BI,anti,A,4.49,4.68,2.96,3.71,3.19,3.71,3.94,4.17,0.09,5.75,0.75,5.56,0.40,44.08,0.22,C3'-endo
4,4,0.05,U,U,U,0,0,0,1,0,(,85,1,cWW,cW-W,5.22,3.00,0.88,1.39,3.85,4.88,5.25,3.38,BI,anti,A,4.54,4.69,2.97,3.70,3.16,3.76,3.86,4.24,0.11,5.75,0.73,5.60,0.36,42.44,0.17,C3'-endo
5,5,0.06,C,C,C,0,1,0,0,0,(,84,1,cWW,cW-W,5.18,2.94,0.94,1.42,3.82,5.01,5.10,3.45,BI,anti,A,4.47,4.68,2.92,3.87,3.12,3.89,3.82,4.38,0.11,5.76,0.72,5.61,0.36,41.81,0.18,C3'-endo
6,6,0.07,U,U,U,0,0,0,1,0,(,83,1,cWW,cW-W,5.07,2.98,1.03,1.36,3.74,4.70,5.32,3.46,BI,anti,A,4.48,4.67,2.87,3.50,3.14,3.52,3.92,3.79,6.28,5.82,0.73,5.54,0.47,43.90,0.33,C3'-endo
7,7,0.08,G,G,G,0,0,1,0,0,(,"0,82",2,"tS.,cWW","tm+.,cW-W",5.14,2.90,0.95,1.39,3.81,5.25,4.84,3.43,BI,anti,.,4.50,4.70,2.92,4.09,3.02,4.13,3.45,4.96,0.09,5.75,0.75,5.57,0.40,43.99,0.21,C3'-endo
8,8,0.09,G,G,G,0,0,1,0,0,.,81,1,tSH,tm-M,4.85,3.02,1.26,1.42,4.28,3.30,0.98,3.47,BII,anti,.,4.26,4.78,3.03,2.45,3.38,2.69,4.52,2.98,0.06,5.81,0.68,5.63,0.38,39.86,0.24,C3'-endo
9,9,0.10,A,A,A,1,0,0,0,0,.,80,1,tHS,tM-m,5.21,2.38,1.04,1.50,3.69,5.01,4.96,3.45,BI,anti,.,4.39,4.54,3.34,3.91,3.27,3.84,3.07,4.43,0.11,5.82,0.62,5.71,0.30,36.05,0.16,C3'-endo
10,10,0.11,G,G,G,0,0,1,0,0,.,79,1,c.W,c.-W,5.02,3.05,1.03,1.57,4.44,4.40,0.05,3.78,..,anti,.,3.23,4.56,3.19,3.87,3.41,3.95,4.21,4.45,0.14,5.82,0.60,5.75,0.25,34.52,0.10,C3'-endo
11,11,0.12,A,A,A,1,0,0,0,0,.,73,1,tSS,tm+m,5.29,2.28,1.05,1.47,3.72,4.90,5.10,4.10,BI,anti,.,2.75,4.46,2.77,4.70,3.13,3.83,3.79,2.89,6.23,5.94,0.60,5.64,0.44,37.17,0.41,C3'-endo
12,12,0.14,G,G,G,0,0,1,0,0,(,28,1,cWW,cW-W,1.99,1.67,2.97,1.61,3.52,4.63,5.18,4.87,BI,anti,.,-0.32,4.52,1.00,2.96,1.28,2.79,1.18,2.74,0.33,5.68,0.63,5.83,0.08,37.04,6.09,C2'-exo
13,13,0.15,A,A,A,1,0,0,0,0,.,,0,,,3.16,4.17,5.33,2.84,4.67,5.52,5.43,4.35,..,anti,.,0.06,0.15,0.38,5.14,0.44,4.93,6.20,2.49,6.08,0.63,5.49,0.70,5.97,45.83,3.22,C3'-exo
14,14,0.16,A,A,A,1,0,0,0,0,(,27,1,cWW,cW-W,5.25,3.98,1.57,1.44,4.02,4.90,5.41,3.40,BI,anti,A,4.54,4.79,4.08,4.09,4.95,4.10,1.44,4.68,0.19,5.72,0.71,5.67,0.27,40.52,0.06,C3'-endo
15,15,0.17,C,C,C,0,1,0,0,0,(,26,1,cWW,cW-W,5.39,2.71,0.87,1.35,3.64,4.95,4.97,3.51,BI,anti,A,4.42,4.67,2.80,3.64,3.15,3.62,4.17,3.91,0.09,5.75,0.76,5.56,0.40,44.39,0.21,C3'-endo
16,16,0.18,C,C,C,0,1,0,0,0,(,25,1,cWW,cW-W,5.18,3.05,0.88,1.31,3.78,4.97,5.09,3.44,BI,anti,A,4.47,4.71,2.94,3.69,3.08,3.76,3.59,4.28,0.05,5.75,0.79,5.51,0.46,46.79,0.26,C3'-endo
17,17,0.19,G,G,G,0,0,1,0,0,(,24,1,cWW,cW-W,5.21,2.98,1.00,1.40,3.53,4.99,4.82,3.46,BI,anti,.,4.51,4.64,3.00,3.58,3.24,3.56,3.97,3.33,0.08,5.77,0.73,5.58,0.40,43.09,0.22,C3'-endo
18,18,0.20,U,U,U,0,0,0,1,0,.,,0,,,4.83,3.43,0.86,1.34,3.48,0.89,2.59,3.75,..,anti,.,3.93,4.46,2.88,6.22,2.90,5.40,2.79,4.05,6.16,5.94,0.65,5.55,0.55,42.14,0.49,C3'-endo
19,19,0.22,U,U,U,0,0,0,1,0,.,,0,,,1.26,2.05,0.80,2.28,4.35,5.44,5.19,4.39,..,anti,.,1.18,1.29,4.98,5.86,0.06,5.40,1.25,5.61,5.72,0.67,5.76,0.21,0.22,37.81,2.49,C1'-exo
20,20,0.23,U,U,U,0,0,0,1,0,.,,0,,,4.31,3.79,1.01,2.53,4.74,3.35,1.39,4.25,BII,anti,.,0.70,0.75,2.65,3.56,3.56,3.28,3.75,2.60,5.78,0.75,5.59,0.44,0.04,42.91,2.76,C2'-endo
21,21,0.24,A,A,A,1,0,0,0,0,.,,0,,,5.05,2.75,5.73,1.90,0.83,1.52,5.59,5.79,..,...,.,0.91,1.38,2.60,3.57,2.59,3.08,2.07,2.29,5.70,0.51,6.04,6.20,0.42,32.89,2.02,C1'-exo
22,22,0.25,A,A,A,1,0,0,0,0,.,,0,,,3.76,3.52,4.51,2.43,4.19,5.07,5.40,1.51,..,syn,.,-0.18,2.16,1.09,4.11,1.12,4.35,1.24,4.41,0.06,0.19,5.93,0.40,5.99,23.00,3.62,C3'-exo
23,23,0.26,U,U,U,0,0,0,1,0,.,,0,,,4.88,3.20,1.03,2.29,4.71,4.99,6.00,3.79,..,anti,.,1.25,1.34,3.11,5.40,3.83,4.98,3.80,5.44,5.88,0.52,5.84,0.23,0.10,29.48,2.61,C2'-endo
24,24,0.27,C,C,C,0,1,0,0,0,),17,1,cWW,cW-W,4.39,3.26,0.89,1.39,3.55,5.07,4.77,3.47,BI,anti,A,4.45,4.58,1.91,3.65,2.70,3.71,3.37,4.09,0.06,5.77,0.75,5.56,0.42,44.09,0.25,C3'-endo
25,25,0.28,G,G,G,0,0,1,0,0,),16,1,cWW,cW-W,4.85,3.24,1.03,1.36,3.64,4.76,5.17,3.43,BI,anti,.,4.47,4.63,2.88,3.98,3.05,3.89,3.63,4.31,0.05,5.77,0.75,5.54,0.44,44.60,0.26,C3'-endo
26,26,0.30,G,G,G,0,0,1,0,0,),15,1,cWW,cW-W,2.36,3.62,3.45,1.60,4.03,4.87,5.45,3.13,..,anti,A,4.69,4.70,3.10,3.35,3.30,3.48,4.05,3.92,0.28,5.72,0.63,5.80,0.13,36.13,6.17,C2'-exo
27,27,0.31,U,U,U,0,0,0,1,0,),14,1,cWW,cW-W,5.15,3.01,0.83,1.39,3.76,4.91,5.13,3.47,BI,anti,A,4.46,4.68,2.83,3.68,3.06,3.70,3.65,4.14,0.09,5.77,0.72,5.60,0.37,42.00,0.20,C3'-endo
28,28,0.32,C,C,C,0,1,0,0,0,),12,1,cWW,cW-W,5.22,2.87,0.91,1.38,3.73,5.01,5.00,3.51,BI,anti,A,4.43,4.71,2.87,3.74,3.08,3.74,3.78,4.17,0.10,5.73,0.77,5.57,0.39,44.72,0.19,C3'-endo
29,29,0.33,G,G,G,0,0,1,0,0,(,74,1,cWW,cW-W,5.17,2.95,0.98,1.41,3.58,4.97,4.90,3.45,BI,anti,.,4.51,4.63,2.95,4.15,3.19,4.00,3.90,4.48,0.07,5.79,0.71,5.60,0.39,41.55,0.23,C3'-endo
30,30,0.34,C,C,C,0,1,0,0,0,(,73,1,cWW,cW-W,2.31,3.47,3.47,1.53,3.71,5.08,4.92,3.41,BI,anti,A,4.56,4.67,2.98,3.27,3.26,3.42,4.13,3.91,0.20,5.73,0.67,5.71,0.24,38.69,0.03,C3'-endo
31,31,0.35,C,C,C,0,1,0,0,0,(,72,1,cWW,cW-W,5.13,3.20,0.87,1.43,3.54,4.98,4.84,3.49,BI,anti,.,4.32,4.49,3.00,3.61,3.24,3.76,3.86,5.15,0.07,5.82,0.66,5.65,0.36,38.72,0.22,C3'-endo
32,32,0.36,G,G,G,0,0,1,0,0,.,71,1,cHW,cM+W,5.13,3.13,1.15,2.48,3.76,3.30,0.45,1.12,..,syn,.,-2.22,2.23,3.12,3.57,3.60,2.48,5.01,1.47,5.68,0.82,5.57,0.38,0.13,46.11,2.65,C2'-endo
33,33,0.38,A,A,A,1,0,0,0,0,.,,0,,,1.54,3.94,1.38,2.66,4.77,3.01,1.76,4.03,BII,anti,.,0.37,0.37,0.80,3.40,1.05,3.12,1.18,3.51,6.00,0.61,5.60,0.53,6.13,39.16,3.04,C2'-endo
34,34,0.39,A,A,A,1,0,0,0,0,.,71,1,tHS,tM-m,5.41,3.46,1.07,1.42,4.15,5.11,5.32,3.26,..,anti,.,4.67,4.79,4.71,4.26,4.47,4.42,4.52,5.24,0.14,5.72,0.75,5.60,0.35,43.51,0.14,C3'-endo
35,35,0.40,G,G,G,0,0,1,0,0,(,70,1,cWW,cW-W,5.33,2.70,1.03,1.41,3.96,5.07,5.17,3.20,BI,anti,.,4.76,4.78,2.88,4.05,3.41,4.11,4.71,4.82,0.14,5.73,0.73,5.62,0.33,42.39,0.13,C3'-endo
36,36,0.41,G,G,G,0,0,1,0,0,(,68,1,cWW,cW-W,5.20,2.86,1.09,1.46,3.86,5.02,5.12,3.24,BI,anti,A,4.62,4.66,2.98,3.96,3.39,3.97,4.53,4.71,0.12,5.77,0.70,5.64,0.34,40.47,0.16,C3'-endo
37,37,0.42,A,A,A,1,0,0,0,0,(,67,1,cWW,cW-W,5.18,2.98,0.90,1.43,3.73,4.90,5.12,3.44,BI,anti,A,4.49,4.67,2.86,3.68,3.19,3.70,4.31,3.93,0.15,5.74,0.72,5.63,0.32,41.64,0.13,C3'-endo
38,38,0.43,G,G,G,0,0,1,0,0,(,66,1,cWW,cW-W,5.15,3.16,0.90,1.46,3.96,4.31,5.94,3.49,..,anti,.,4.34,4.69,3.11,3.63,3.19,3.82,3.54,3.70,0.11,5.78,0.69,5.64,0.34,40.05,0.17,C3'-endo
39,39,0.44,C,C,C,0,1,0,0,0,.,64,1,tWH,tW-M,6.11,2.28,0.80,2.30,3.69,4.08,5.90,4.17,..,anti,.,2.28,2.30,3.14,3.73,3.68,3.46,3.60,4.11,5.59,0.81,5.67,0.24,0.28,45.73,2.46,C1'-exo
40,40,0.45,A,A,A,1,0,0,0,0,.,,0,,,4.93,3.18,0.81,1.41,3.74,4.96,5.06,3.59,BI,anti,.,4.20,4.61,3.06,3.68,3.02,3.77,3.80,4.58,6.24,5.88,0.67,5.57,0.48,41.50,0.38,C3'-endo
41,41,0.47,A,A,A,1,0,0,0,0,.,"0,62",2,"tSS,tHS","tm+m,tM-m",5.06,2.85,1.02,1.50,3.87,5.15,5.00,3.65,BI,anti,.,4.08,4.67,2.90,4.09,3.19,4.09,4.18,4.72,0.10,5.82,0.63,5.70,0.31,36.60,0.17,C3'-endo
42,42,0.48,G,G,G,0,0,1,0,0,(,61,1,cWW,cW-W,5.01,2.93,1.03,1.42,3.80,5.08,5.01,3.40,BI,anti,A,4.54,4.67,2.81,3.92,3.20,3.94,4.20,4.65,0.06,5.81,0.68,5.62,0.38,40.01,0.24,C3'-endo
43,43,0.49,C,C,C,0,1,0,0,0,(,60,1,cWW,cW-W,5.10,3.00,0.99,1.44,3.87,4.92,5.23,3.45,BI,anti,A,4.42,4.63,2.94,3.80,3.24,3.80,4.24,4.14,0.06,5.83,0.66,5.64,0.37,39.03,0.24,C3'-endo
44,44,0.50,U,U,U,0,0,0,1,0,(,59,1,cWW,cW-W,5.11,3.01,0.83,1.35,3.74,4.99,5.02,3.49,BI,anti,A,4.45,4.70,2.78,3.68,2.97,3.73,3.57,4.36,0.06,5.76,0.75,5.55,0.42,44.33,0.24,C3'-endo
45,45,0.51,C,C,C,0,1,0,0,0,(,58,1,cWW,cW-W,5.05,2.86,1.15,1.41,3.68,4.99,4.98,3.36,BI,anti,A,4.62,4.68,2.91,3.73,3.19,3.69,4.09,3.94,0.13,5.74,0.73,5.61,0.34,42.50,0.15,C3'-endo
46,46,0.52,U,U,U,0,0,0,1,0,(,57,1,cWW,cW-W,5.06,3.06,0.96,1.34,3.72,4.90,5.10,3.39,BI,anti,A,4.57,4.69,2.88,3.61,3.06,3.65,3.60,4.16,0.05,5.77,0.75,5.54,0.44,44.56,0.26,C3'-endo
47,47,0.53,G,G,G,0,0,1,0,0,(,56,1,cWW,cW-W,5.15,2.87,1.05,1.43,3.64,4.93,4.99,3.31,BI,anti,A,4.58,4.62,2.93,3.68,3.16,3.66,3.91,3.96,0.08,5.79,0.70,5.61,0.38,41.12,0.22,C3'-endo
48,48,0.55,C,C,C,0,1,0,0,0,(,55,1,cWW,cW-W,5.14,3.08,0.91,1.36,3.83,4.89,5.22,3.43,BI,anti,A,4.50,4.70,2.97,3.70,3.12,3.72,3.65,4.10,0.07,5.78,0.73,5.58,0.40,42.79,0.24,C3'-endo
49,49,0.56,G,G,G,0,0,1,0,0,(,54,1,cWW,cW-W,5.21,2.90,0.94,1.35,3.59,0.83,2.75,3.41,..,anti,.,4.54,4.65,2.87,0.01,3.07,5.47,3.69,4.06,0.00,5.84,0.69,5.58,0.44,41.49,0.32,C3'-endo
50,50,0.57,G,G,G,0,0,1,0,0,.,,0,,,1.37,2.13,0.56,2.40,4.31,4.94,5.66,3.80,..,anti,.,1.32,1.33,4.87,5.27,6.21,4.75,1.11,5.34,5.86,0.62,5.71,0.34,0.05,35.78,2.74,C2'-endo
51,51,0.58,A,A,A,1,0,0,0,0,.,,0,,,4.24,3.11,1.12,1.56,3.67,4.90,5.05,4.36,BI,anti,.,1.81,4.34,2.16,3.77,2.93,3.77,3.76,4.20,0.06,5.89,0.56,5.74,0.31,32.98,0.22,C3'-endo
52,52,0.59,A,A,A,1,0,0,0,0,.,,0,,,5.10,2.95,0.98,1.53,3.23,4.73,4.78,3.68,BI,anti,.,4.02,4.28,2.90,3.22,3.23,2.74,3.82,1.69,0.11,5.82,0.62,5.72,0.29,35.72,0.15,C3'-endo
53,53,0.60,A,A,A,1,0,0,0,0,.,,0,,,4.45,2.82,0.81,2.11,4.01,5.27,5.02,5.11,BI,anti,.,1.32,1.92,2.22,4.91,2.13,4.78,1.40,5.49,5.51,0.78,5.79,0.06,0.45,45.88,2.23,C1'-exo
54,54,0.61,C,C,C,0,1,0,0,0,),49,1,cWW,cW-W,4.41,3.26,1.11,1.39,3.64,5.00,4.93,3.40,BI,anti,A,4.57,4.66,2.41,3.68,3.16,3.69,3.70,4.14,0.06,5.78,0.73,5.57,0.41,43.20,0.24,C3'-endo
55,55,0.62,G,G,G,0,0,1,0,0,),48,1,cWW,cW-W,5.11,3.01,0.96,1.39,3.78,4.97,5.09,3.34,BI,anti,A,4.67,4.75,2.94,3.74,3.13,3.78,3.83,4.28,0.16,5.71,0.76,5.60,0.34,43.60,0.12,C3'-endo
56,56,0.64,C,C,C,0,1,0,0,0,),47,1,cWW,cW-W,5.14,2.90,1.07,1.36,3.70,4.95,5.03,3.47,BI,anti,A,4.50,4.71,2.94,3.67,3.19,3.64,3.98,4.02,0.10,5.74,0.76,5.57,0.39,44.30,0.20,C3'-endo
57,57,0.65,A,A,A,1,0,0,0,0,),46,1,cWW,cW-W,5.17,2.90,0.99,1.33,3.77,4.85,5.21,3.32,BI,anti,A,4.67,4.75,2.92,3.62,3.11,3.66,3.77,4.13,0.12,5.71,0.77,5.56,0.38,44.98,0.17,C3'-endo
58,58,0.66,G,G,G,0,0,1,0,0,),45,1,cWW,cW-W,5.34,2.89,0.84,1.38,3.41,4.60,5.09,3.40,BI,anti,A,4.55,4.61,2.91,3.75,3.14,3.67,3.89,3.86,0.18,5.69,0.77,5.59,0.32,44.42,0.10,C3'-endo
59,59,0.67,A,A,A,1,0,0,0,0,),44,1,cWW,cW-W,3.07,3.85,2.55,1.32,4.34,4.63,5.99,3.06,..,anti,A,4.82,4.83,2.91,3.77,3.03,3.78,3.45,4.26,0.14,5.70,0.79,5.55,0.38,45.80,0.16,C3'-endo
60,60,0.68,G,G,G,0,0,1,0,0,),43,1,cWW,cW-W,5.50,2.54,0.88,1.26,3.91,5.04,5.15,3.23,BI,anti,A,4.65,4.70,2.85,3.89,3.12,3.92,3.91,4.64,6.24,5.83,0.76,5.48,0.53,46.65,0.38,C3'-endo
61,61,0.69,U,U,U,0,0,0,1,0,),42,1,cWW,cW-W,5.05,3.13,0.93,1.37,3.84,5.27,4.86,3.56,BI,anti,.,4.27,4.69,2.85,4.06,3.09,4.14,4.09,5.01,0.06,5.77,0.75,5.55,0.42,44.22,0.24,C3'-endo
62,62,0.70,G,G,G,0,0,1,0,0,.,41,1,tSH,tm-M,4.98,2.95,1.15,1.29,4.24,3.43,0.81,3.66,BII,anti,.,3.74,4.80,2.90,2.52,3.29,2.74,4.45,2.81,0.09,5.73,0.80,5.52,0.43,46.78,0.22,C3'-endo
63,63,0.72,A,A,A,1,0,0,0,0,.,,0,,,5.38,2.43,0.75,1.30,3.59,4.89,4.98,3.59,BI,anti,A,4.21,4.59,3.13,3.59,2.94,3.55,2.65,3.94,6.20,5.86,0.73,5.48,0.56,46.09,0.43,C3'-endo
64,64,0.73,A,A,A,1,0,0,0,0,.,"0,39",2,"tWS,tHW","tW+m,tM-W",5.13,2.95,0.96,1.39,3.72,4.43,5.57,3.64,BI,anti,.,4.19,4.74,2.94,3.65,3.09,3.02,3.70,2.06,0.11,5.75,0.74,5.59,0.38,43.05,0.19,C3'-endo
65,65,0.74,A,A,A,1,0,0,0,0,.,,0,,,2.84,3.41,1.09,1.80,0.68,2.66,4.31,3.99,..,anti,.,1.10,1.41,1.42,5.33,1.67,5.06,1.11,5.71,6.16,6.27,0.13,6.08,0.20,12.21,0.90,C4'-exo
66,66,0.75,C,C,C,0,1,0,0,0,),38,1,cWW,cW-W,5.58,2.24,0.22,1.50,3.90,5.21,4.97,3.08,BI,anti,.,4.53,4.54,2.67,4.28,3.45,4.32,3.78,5.08,6.28,5.91,0.59,5.68,0.39,35.86,0.33,C3'-endo
67,67,0.76,U,U,U,0,0,0,1,0,),37,1,cWW,cW-W,5.00,3.08,0.84,1.39,3.70,4.89,5.09,3.46,BI,anti,A,4.42,4.60,2.69,3.60,3.10,3.66,4.28,3.97,0.01,5.85,0.68,5.59,0.43,40.91,0.31,C3'-endo
68,68,0.77,C,C,C,0,1,0,0,0,),36,1,cWW,cW-W,5.20,3.03,0.99,1.50,3.89,5.20,4.98,3.51,BI,anti,.,4.13,4.42,3.14,4.15,3.26,4.35,3.66,5.26,6.21,5.97,0.55,5.68,0.43,34.75,0.44,C3'-endo
69,69,0.78,U,U,U,0,0,0,1,0,.,70,1,cSH,cm+M,5.13,2.93,1.27,2.42,4.78,2.00,2.79,4.31,..,anti,.,0.83,0.89,3.47,2.34,4.14,2.10,5.08,2.36,5.85,0.60,5.74,0.31,0.07,34.37,2.69,C2'-endo
70,70,0.80,C,C,C,0,1,0,0,0,),"35,69",2,"cWW,cHS","cW-W,cM+m",3.14,3.73,0.96,1.41,3.85,5.07,5.06,3.25,BI,anti,.,4.74,4.75,2.44,3.94,2.18,4.09,2.47,4.90,0.17,5.71,0.74,5.62,0.31,42.72,0.10,C3'-endo
71,71,0.81,A,A,A,1,0,0,0,0,.,"32,34",2,"cWH,tSH","cW+M,tm-M",5.14,2.98,1.04,1.52,3.90,5.21,4.97,3.20,BI,anti,.,4.78,4.77,2.99,4.24,3.35,4.26,4.46,4.99,0.21,5.71,0.70,5.69,0.24,40.06,0.02,C3'-endo
72,72,0.82,G,G,G,0,0,1,0,0,),31,1,cWW,cW-W,5.07,2.94,0.96,1.34,3.64,5.05,4.88,3.27,BI,anti,A,4.69,4.71,2.74,3.75,3.21,3.79,4.49,4.30,0.10,5.72,0.79,5.53,0.41,46.33,0.20,C3'-endo
73,73,0.83,G,G,G,0,0,1,0,0,),"11,30",2,"tSS,cWW","tm+m,cW-W",5.16,3.02,1.08,1.47,3.62,5.14,4.76,3.30,BI,anti,A,4.52,4.56,3.09,3.89,3.36,3.84,4.14,4.00,0.09,5.77,0.71,5.61,0.37,41.75,0.20,C3'-endo
74,74,0.84,C,C,C,0,1,0,0,0,),29,1,cWW,cW-W,4.98,3.39,0.77,1.41,4.41,3.16,1.25,3.68,BII,anti,.,3.46,4.56,3.07,2.23,3.18,2.70,3.48,3.99,6.14,5.95,0.65,5.53,0.56,42.76,0.51,C3'-endo
75,75,0.85,A,A,A,1,0,0,0,0,.,,0,,,5.69,3.36,0.94,1.56,4.21,4.95,5.54,3.36,..,anti,.,4.43,4.67,4.72,4.22,4.29,4.36,3.25,4.75,0.19,5.77,0.63,5.75,0.22,35.91,0.03,C3'-endo
76,76,0.86,A,A,A,1,0,0,0,0,.,,0,,,5.26,3.27,1.04,1.43,3.66,5.41,4.53,3.47,BI,anti,.,4.49,4.69,3.23,4.13,3.54,4.18,4.08,5.05,0.09,5.78,0.71,5.61,0.37,41.46,0.21,C3'-endo
77,77,0.88,A,A,A,1,0,0,0,0,.,,0,,,4.77,3.05,1.16,1.41,4.06,5.05,5.29,3.32,..,anti,.,4.62,4.78,2.87,4.05,3.30,4.11,4.54,4.90,0.12,5.75,0.73,5.60,0.36,42.51,0.17,C3'-endo
78,78,0.89,A,A,A,1,0,0,0,0,.,,0,,,5.15,2.84,0.98,1.37,3.96,5.04,5.21,3.36,BI,anti,.,4.59,4.79,2.81,3.98,3.19,4.07,4.37,4.79,0.19,5.67,0.78,5.59,0.32,44.87,0.09,C3'-endo
79,79,0.90,G,G,G,0,0,1,0,0,.,10,1,cW.,cW-.,5.27,2.79,1.14,1.41,4.11,5.01,5.38,3.33,..,anti,.,4.54,4.73,3.10,4.10,3.46,4.12,4.52,4.86,0.18,5.70,0.75,5.63,0.30,42.84,0.08,C3'-endo
80,80,0.91,G,G,G,0,0,1,0,0,.,9,1,tSH,tm-M,5.28,2.83,0.96,1.39,4.30,3.42,0.88,3.56,BII,anti,.,4.00,4.76,2.99,2.48,3.31,2.68,4.36,2.90,0.08,5.78,0.71,5.60,0.38,41.81,0.21,C3'-endo
81,81,0.92,A,A,A,1,0,0,0,0,.,8,1,tHS,tM-m,5.03,2.33,1.00,1.46,4.10,5.36,5.02,3.36,..,anti,.,4.55,4.76,3.15,4.52,3.05,4.52,2.91,5.29,0.13,5.76,0.70,5.64,0.32,40.51,0.14,C3'-endo
82,82,0.93,C,C,C,0,1,0,0,0,),7,1,cWW,cW-W,5.00,2.73,1.22,1.39,3.75,5.05,4.99,3.40,BI,anti,A,4.58,4.71,2.73,3.83,3.38,3.79,4.80,4.32,0.12,5.73,0.76,5.57,0.38,44.29,0.17,C3'-endo
83,83,0.94,A,A,A,1,0,0,0,0,),6,1,cWW,cW-W,5.09,2.94,1.01,1.36,4.14,4.52,5.90,3.32,..,anti,A,4.61,4.81,2.98,3.60,3.21,3.64,4.05,3.88,0.08,5.75,0.76,5.56,0.41,44.50,0.22,C3'-endo
84,84,0.95,G,G,G,0,0,1,0,0,),"0,5",2,"tSS,cWW","tm+m,cW-W",5.32,2.61,0.90,1.33,3.82,4.97,5.14,3.37,BI,anti,A,4.61,4.75,2.84,3.77,2.98,3.76,3.42,4.19,0.11,5.72,0.77,5.55,0.40,44.99,0.19,C3'-endo
85,85,0.97,A,A,A,1,0,0,0,0,),4,1,cWW,cW-W,5.20,2.93,1.00,1.37,3.70,5.07,4.92,3.39,BI,anti,A,4.61,4.71,2.95,3.74,3.19,3.72,3.92,4.16,0.06,5.77,0.73,5.56,0.42,43.32,0.25,C3'-endo
86,86,0.98,G,G,G,0,0,1,0,0,),3,1,cWW,cW-W,4.98,2.87,1.16,1.30,3.74,5.07,4.95,3.30,BI,anti,A,4.71,4.78,2.88,3.75,3.12,3.83,3.88,4.60,0.08,5.73,0.79,5.52,0.44,46.75,0.23,C3'-endo
87,87,0.99,U,U,U,0,0,0,1,0,),2,1,cWW,cW-W,5.15,2.91,1.13,1.46,3.67,4.83,5.13,3.44,BI,anti,.,4.46,4.58,3.04,3.65,3.39,3.63,4.46,3.46,0.10,5.80,0.67,5.66,0.33,38.80,0.18,C3'-endo
88,88,1.00,CCC,c,C,0,0,0,0,1,),1,1,cWW,cW-W,5.25,2.89,1.13,1.78,,,,3.80,n/a,anti,-,,,,,,,,,5.80,0.25,0.06,5.93,0.53,30.27,1.45,O4'-endo
