index_chain,old_nt_resnum,nt_position,nt_name,nt_code,nt_align_code,is_A,is_C,is_G,is_U,is_other,dbn,paired,nb_interact,pair_type_LW,pair_type_DSSR,alpha,beta,gamma,delta,epsilon,zeta,epsilon_zeta,chi,bb_type,glyco_bond,form,ssZp,Dp,eta,theta,eta_prime,theta_prime,eta_base,theta_base,v0,v1,v2,v3,v4,amplitude,phase_angle,puckering
1,6,0.03,U,U,U,0,0,0,1,0,.,,0,,,,4.43,3.00,1.89,4.79,4.35,0.44,1.44,..,syn,.,-0.69,1.00,,3.83,,3.98,,4.38,5.58,0.59,6.02,6.15,0.53,39.35,1.96,C1'-exo
2,7,0.06,C,C,C,0,1,0,0,0,.,,0,,,5.14,2.39,0.98,1.38,3.62,5.10,4.81,3.61,BI,anti,A,4.31,4.67,2.47,3.88,3.12,3.74,3.70,4.07,0.11,5.74,0.74,5.59,0.37,43.35,0.18,C3'-endo
3,8,0.10,U,U,U,0,0,0,1,0,.,,0,,,5.09,3.01,1.01,1.27,4.08,4.93,5.43,3.40,..,anti,.,4.47,4.79,2.96,3.86,3.14,3.98,3.82,4.78,0.12,5.71,0.79,5.54,0.39,46.06,0.18,C3'-endo
4,9,0.13,U,U,U,0,0,0,1,0,.,5,1,cSS,cm-m,5.32,2.84,0.90,1.35,3.75,3.84,6.19,3.33,..,anti,.,4.58,4.65,2.79,3.01,3.14,3.05,4.30,2.43,0.25,5.59,0.87,5.54,0.31,49.80,0.04,C3'-endo
5,10,0.16,G,G,G,0,0,1,0,0,.,4,1,cSS,cm-m,1.03,3.10,5.10,2.67,3.99,1.44,2.55,1.05,..,syn,.,-1.17,1.33,3.53,1.11,3.23,0.41,2.38,5.68,5.90,0.70,5.54,0.54,6.18,43.14,2.95,C2'-endo
6,11,0.19,U,U,U,0,0,0,1,0,.,,0,,,1.18,3.18,1.18,2.49,4.79,5.53,5.54,4.09,..,anti,.,0.68,0.83,0.19,6.12,0.71,5.88,1.46,0.05,5.96,0.58,5.68,0.43,6.22,35.28,2.92,C2'-endo
7,12,0.23,G,G,G,0,0,1,0,0,.,,0,,,4.70,3.68,1.39,2.47,3.74,3.01,0.72,4.32,..,anti,.,1.97,2.03,2.79,2.79,3.74,2.55,3.74,2.99,5.96,0.55,5.72,0.40,6.23,33.24,2.90,C2'-endo
8,13,0.26,A,A,A,1,0,0,0,0,.,,0,,,5.16,2.74,0.63,1.42,3.58,5.33,4.54,3.22,BI,anti,.,4.65,4.64,3.06,4.06,2.85,4.12,3.21,4.93,0.09,5.77,0.71,5.61,0.37,41.62,0.20,C3'-endo
9,14,0.29,U,U,U,0,0,0,1,0,.,,0,,,4.85,3.35,0.89,1.43,3.73,4.81,5.20,3.43,BI,anti,A,4.51,4.66,2.85,3.69,3.18,3.79,4.36,4.37,0.12,5.74,0.74,5.59,0.36,43.05,0.17,C3'-endo
10,15,0.32,G,G,G,0,0,1,0,0,.,,0,,,5.37,2.89,0.96,1.57,3.58,5.24,4.63,3.41,BI,anti,.,4.37,4.44,3.09,4.15,3.33,4.13,4.10,4.90,0.08,5.91,0.51,5.80,0.25,29.92,0.17,C3'-endo
11,16,0.35,A,A,A,1,0,0,0,0,.,,0,,,4.53,3.39,1.12,1.52,3.58,4.52,5.34,3.65,BI,anti,.,4.16,4.49,2.70,3.26,3.12,2.85,4.29,2.53,0.09,5.81,0.66,5.66,0.34,38.68,0.20,C3'-endo
12,17,0.39,A,A,A,1,0,0,0,0,.,,0,,,5.31,3.57,4.71,2.53,4.64,4.03,0.61,4.53,..,anti,.,0.62,0.66,1.80,3.28,1.45,3.02,0.77,2.57,5.83,0.75,5.54,0.50,6.25,44.28,2.86,C2'-endo
13,18,0.42,A,A,A,1,0,0,0,0,(,0,1,cWW,cW-W,5.37,3.36,3.15,1.44,3.82,5.01,5.09,3.31,BI,anti,A,4.65,4.73,6.10,3.32,0.14,3.39,0.75,3.87,0.03,5.82,0.70,5.58,0.43,41.87,0.29,C3'-endo
14,19,0.45,C,C,C,0,1,0,0,0,(,0,1,cWW,cW-W,4.99,2.80,1.26,1.26,3.77,4.75,5.30,3.29,BI,anti,A,4.67,4.73,2.83,3.61,3.13,3.62,3.89,4.18,0.05,5.68,0.89,5.40,0.53,52.89,0.27,C3'-endo
15,20,0.48,A,A,A,1,0,0,0,0,(,0,1,cWW,cW-W,5.56,2.64,0.96,1.31,3.56,5.34,4.51,3.26,BI,anti,.,4.62,4.63,3.03,4.04,3.27,3.84,4.12,4.09,0.09,5.73,0.79,5.53,0.42,46.42,0.22,C3'-endo
16,21,0.52,C,C,C,0,1,0,0,0,(,0,1,cWW,cW-W,3.39,2.73,2.67,1.47,3.80,4.94,5.15,3.14,BI,anti,.,4.69,4.68,2.92,3.22,3.13,3.31,3.77,3.55,0.25,5.63,0.81,5.60,0.28,46.20,0.02,C3'-endo
17,22,0.55,U,U,U,0,0,0,1,0,(,0,1,cWW,cW-W,5.18,3.10,0.96,1.31,3.49,5.06,4.71,3.32,BI,anti,A,4.54,4.57,3.01,3.55,3.18,3.58,3.54,4.05,0.01,5.74,0.83,5.45,0.52,49.78,0.31,C3'-endo
18,23,0.58,C,C,C,0,1,0,0,0,(,0,1,cWW,cW-W,4.99,3.10,1.09,1.36,3.67,4.98,4.97,3.52,BI,anti,A,4.39,4.66,3.03,3.70,3.19,3.73,3.83,4.26,0.07,5.74,0.77,5.52,0.44,45.62,0.25,C3'-endo
19,24,0.61,A,A,A,1,0,0,0,0,(,0,1,cWW,cW-W,5.05,3.04,1.02,1.41,3.72,5.03,4.97,3.39,BI,anti,A,4.50,4.64,3.01,3.81,3.20,3.84,3.94,4.17,0.05,5.83,0.66,5.63,0.39,39.28,0.26,C3'-endo
20,25,0.65,U,U,U,0,0,0,1,0,(,0,1,cWW,cW-W,5.12,3.17,0.80,1.37,3.60,4.96,4.93,3.65,BI,anti,A,4.17,4.63,2.89,3.56,3.09,3.57,3.65,3.83,6.25,5.86,0.68,5.57,0.48,41.83,0.36,C3'-endo
21,26,0.68,G,G,G,0,0,1,0,0,(,0,1,cWW,cW-W,4.98,2.83,1.12,1.32,3.59,5.12,4.75,3.50,BI,anti,A,4.40,4.63,2.83,3.66,3.04,3.63,3.52,4.13,0.10,5.74,0.78,5.55,0.41,45.49,0.21,C3'-endo
22,27,0.71,G,G,G,0,0,1,0,0,(,0,1,cWW,cW-W,4.94,3.13,0.98,1.43,4.08,5.09,5.27,3.49,..,anti,.,4.38,4.82,2.95,4.72,3.10,4.72,3.81,4.80,0.18,5.70,0.74,5.62,0.31,42.65,0.10,C3'-endo
23,28,0.74,U,U,U,0,0,0,1,0,.,,0,,,3.97,4.33,1.25,2.30,4.41,1.82,2.59,4.17,..,anti,.,1.58,1.68,2.72,2.37,3.27,2.13,3.68,2.60,5.58,0.81,5.69,0.22,0.29,45.24,2.43,C1'-exo
24,29,0.77,C,C,C,0,1,0,0,0,.,,0,,,1.40,3.07,4.78,1.45,3.81,5.10,5.00,3.26,BI,anti,A,4.75,4.78,3.93,3.20,3.55,3.53,3.48,4.43,0.28,5.59,0.81,5.62,0.25,46.39,6.26,C2'-exo
25,30,0.81,U,U,U,0,0,0,1,0,.,,0,,,5.16,3.01,1.13,1.53,4.04,5.08,5.25,3.51,BI,anti,.,4.24,4.56,3.18,4.24,3.50,4.40,4.33,5.24,0.08,5.85,0.61,5.70,0.32,35.65,0.21,C3'-endo
26,31,0.84,G,G,G,0,0,1,0,0,.,,0,,,5.15,2.99,1.30,2.43,4.00,2.33,1.67,4.45,..,anti,.,1.43,1.59,3.17,2.70,3.93,2.61,4.86,2.88,5.88,0.59,5.74,0.32,0.05,33.94,2.74,C2'-endo
27,32,0.87,A,A,A,1,0,0,0,0,.,,0,,,0.28,2.20,6.17,2.78,4.90,2.21,2.68,4.19,BII,anti,.,0.04,0.06,3.61,3.10,3.66,2.67,3.65,3.35,6.05,0.60,5.57,0.60,6.05,40.82,3.15,C3'-exo
28,33,0.90,A,A,A,1,0,0,0,0,.,,0,,,4.91,2.07,1.42,1.36,3.69,4.74,5.24,3.29,BI,anti,.,4.31,4.41,3.46,3.49,3.56,3.38,4.33,3.77,6.03,6.07,0.57,5.56,0.62,41.60,0.67,C4'-exo
29,34,0.94,G,G,G,0,0,1,0,0,.,,0,,,4.99,2.75,1.25,1.41,3.41,4.70,4.99,3.35,BI,anti,A,4.58,4.59,2.87,3.97,3.14,3.80,3.85,4.19,0.07,5.78,0.72,5.59,0.40,42.59,0.23,C3'-endo
30,35,0.97,A,A,A,1,0,0,0,0,.,,0,,,3.05,3.93,2.57,1.25,4.07,3.94,0.13,2.97,..,anti,.,4.80,4.82,2.75,3.48,3.04,3.75,3.85,4.91,0.04,5.75,0.80,5.49,0.48,47.73,0.27,C3'-endo
31,36,1.00,C,C,C,0,1,0,0,0,.,,0,,,3.21,3.88,2.80,2.29,,,,5.24,n/a,anti,-,,,,,,,,,0.06,0.11,6.06,0.26,6.08,15.14,3.67,C3'-exo
