index_chain,old_nt_resnum,nt_position,nt_name,nt_code,nt_align_code,is_A,is_C,is_G,is_U,is_other,dbn,paired,nb_interact,pair_type_LW,pair_type_DSSR,alpha,beta,gamma,delta,epsilon,zeta,epsilon_zeta,chi,bb_type,glyco_bond,form,ssZp,Dp,eta,theta,eta_prime,theta_prime,eta_base,theta_base,v0,v1,v2,v3,v4,amplitude,phase_angle,puckering
1,1,0.02,G,G,G,0,0,1,0,0,.,,0,,,,2.19,0.58,1.49,4.18,5.01,5.45,3.11,..,anti,.,4.09,4.23,,4.48,,4.46,,5.41,6.10,6.13,0.41,5.75,0.45,30.30,0.67,C4'-exo
2,2,0.04,G,G,G,0,0,1,0,0,.,,0,,,5.74,2.89,0.09,1.33,3.90,5.17,5.01,3.80,BI,anti,.,3.57,4.78,2.47,3.66,2.89,3.80,4.31,4.48,0.13,5.74,0.74,5.60,0.35,43.03,0.16,C3'-endo
3,3,0.07,G,G,G,0,0,1,0,0,.,,0,,,4.48,2.33,2.33,1.61,4.30,4.60,5.98,3.93,..,anti,.,3.07,4.90,3.45,3.48,3.64,3.61,4.36,4.01,0.36,5.70,0.58,5.89,0.03,34.41,6.00,C2'-exo
4,4,0.09,G,G,G,0,0,1,0,0,.,,0,,,5.51,2.25,1.16,1.32,3.70,4.57,5.41,3.80,BI,anti,.,3.71,4.69,2.81,3.02,3.33,2.44,4.02,2.44,0.11,5.76,0.73,5.60,0.36,42.26,0.18,C3'-endo
5,5,0.11,G,G,G,0,0,1,0,0,.,,0,,,5.53,4.30,3.07,1.51,5.08,3.92,1.16,3.25,..,anti,.,3.01,3.33,0.65,3.85,0.43,3.23,6.19,2.30,5.96,6.26,0.33,5.76,0.54,31.59,0.93,C4'-exo
6,6,0.13,G,G,G,0,0,1,0,0,.,,0,,,1.08,3.50,1.08,1.57,4.49,1.62,2.87,4.26,..,anti,.,1.39,4.89,5.74,1.70,0.08,1.04,0.54,0.10,0.37,5.66,0.63,5.85,0.05,37.28,6.03,C2'-exo
7,7,0.16,G,G,G,0,0,1,0,0,.,,0,,,1.10,1.80,2.65,1.45,4.23,4.60,5.91,3.19,..,anti,A,4.78,4.84,0.80,2.88,1.06,3.10,2.15,3.25,0.17,5.76,0.66,5.70,0.26,37.72,0.08,C3'-endo
8,8,0.18,G,G,G,0,0,1,0,0,.,,0,,,5.23,2.11,1.76,1.51,4.61,4.57,0.04,3.12,..,anti,.,3.76,3.92,3.45,4.23,3.62,3.91,3.79,3.58,6.04,6.19,0.36,5.78,0.47,29.46,0.80,C4'-exo
9,9,0.20,G,G,G,0,0,1,0,0,.,,0,,,0.75,3.25,1.10,1.40,4.48,5.46,5.30,3.23,..,anti,.,4.05,4.22,5.03,4.29,5.40,4.18,5.54,4.77,6.04,6.13,0.46,5.67,0.54,35.09,0.72,C4'-exo
10,10,0.22,G,G,G,0,0,1,0,0,.,,0,,,4.58,1.46,2.75,1.39,4.25,5.83,4.70,3.22,..,anti,.,4.64,4.75,3.12,3.95,3.29,4.27,4.15,5.28,0.02,5.87,0.63,5.65,0.38,37.58,0.29,C3'-endo
11,11,0.24,G,G,G,0,0,1,0,0,.,,0,,,5.01,3.22,0.60,1.41,4.04,5.45,4.87,3.56,..,anti,.,4.23,4.73,2.47,4.07,3.17,4.06,4.60,4.37,0.02,5.90,0.58,5.70,0.36,34.89,0.29,C3'-endo
12,12,0.27,G,G,G,0,0,1,0,0,.,,0,,,4.37,2.01,2.58,1.46,4.55,4.29,0.26,3.28,..,anti,.,4.35,4.63,3.32,2.94,3.49,3.34,4.00,4.44,0.02,5.91,0.56,5.71,0.35,33.73,0.30,C3'-endo
13,13,0.29,G,G,G,0,0,1,0,0,.,,0,,,5.28,2.11,1.52,2.56,3.44,4.09,5.63,3.98,BI,anti,.,1.80,1.92,2.54,4.82,3.78,3.75,4.82,3.85,6.00,0.54,5.70,0.43,6.19,33.80,2.98,C2'-endo
14,14,0.31,G,G,G,0,0,1,0,0,.,,0,,,2.08,1.76,0.49,1.48,4.81,3.54,1.27,3.07,BII,anti,.,4.27,4.35,5.00,3.98,5.08,3.30,5.02,2.23,6.22,6.00,0.50,5.73,0.39,31.61,0.44,C3'-endo
15,15,0.33,G,G,G,0,0,1,0,0,.,,0,,,1.59,3.61,1.02,1.55,4.44,1.44,3.00,3.51,..,anti,.,4.20,4.78,0.30,1.65,0.56,1.23,0.67,5.73,0.22,5.78,0.58,5.82,0.16,33.09,6.23,C2'-exo
16,16,0.36,G,G,G,0,0,1,0,0,.,,0,,,1.15,1.33,2.96,1.37,3.66,5.37,4.58,3.59,BI,anti,.,4.26,4.58,0.83,2.76,0.72,3.23,2.35,4.18,6.21,5.94,0.60,5.62,0.46,37.83,0.43,C3'-endo
17,17,0.38,G,G,G,0,0,1,0,0,.,,0,,,5.24,3.51,0.58,1.63,1.40,1.43,6.25,3.92,..,anti,.,2.22,2.38,3.32,4.34,3.79,3.94,4.73,3.69,0.00,6.03,0.39,5.89,0.25,23.52,0.32,C3'-endo
18,18,0.40,G,G,G,0,0,1,0,0,.,,0,,,2.81,2.93,4.10,2.18,4.18,5.14,5.32,2.64,..,anti,.,1.58,2.30,5.31,3.98,5.54,4.25,5.73,5.77,5.91,0.42,5.98,0.10,0.17,23.70,2.40,C1'-exo
19,19,0.42,G,G,G,0,0,1,0,0,.,,0,,,5.19,2.70,0.50,1.38,3.65,5.60,4.33,4.20,BI,anti,.,2.46,4.72,2.16,4.25,2.93,4.33,4.70,4.72,0.16,5.74,0.71,5.65,0.30,40.82,0.11,C3'-endo
20,20,0.44,G,G,G,0,0,1,0,0,.,,0,,,5.01,3.36,1.06,1.38,4.01,4.70,5.60,3.49,BI,anti,.,4.37,4.73,3.18,4.15,3.61,4.09,4.24,4.68,0.00,5.89,0.61,5.66,0.39,36.87,0.32,C3'-endo
21,21,0.47,G,G,G,0,0,1,0,0,.,,0,,,1.64,4.02,4.02,1.65,4.15,4.16,6.28,3.48,..,anti,.,4.36,4.75,3.29,2.95,3.50,3.35,4.42,3.30,0.28,5.80,0.50,5.92,0.06,29.55,6.06,C2'-exo
22,22,0.49,G,G,G,0,0,1,0,0,.,,0,,,6.19,2.28,0.70,2.47,4.39,3.61,0.78,4.32,..,anti,.,1.27,1.25,3.37,4.15,3.89,3.69,3.68,3.38,5.82,0.66,5.70,0.34,0.08,37.25,2.70,C2'-endo
23,23,0.51,G,G,G,0,0,1,0,0,.,,0,,,0.42,2.93,1.01,1.63,5.01,3.70,1.31,3.16,..,anti,.,4.00,4.24,5.26,4.22,5.37,3.50,5.84,2.70,0.07,5.97,0.42,5.89,0.21,24.67,0.17,C3'-endo
24,24,0.53,G,G,G,0,0,1,0,0,.,,0,,,1.63,3.42,0.91,1.54,4.23,2.47,1.76,4.50,BII,anti,.,0.66,4.80,6.07,1.39,0.33,0.85,0.50,0.10,0.20,5.79,0.58,5.80,0.18,33.43,6.26,C2'-exo
25,25,0.56,G,G,G,0,0,1,0,0,.,,0,,,5.11,3.66,3.95,1.34,3.66,4.81,5.13,3.74,BI,anti,A,3.92,4.60,1.06,2.70,1.25,2.99,2.09,3.33,6.22,5.91,0.64,5.59,0.48,39.99,0.42,C3'-endo
26,26,0.58,G,G,G,0,0,1,0,0,.,,0,,,5.40,2.83,1.11,1.93,3.99,3.85,0.14,3.81,..,anti,.,2.85,3.04,3.34,4.21,3.58,3.87,3.85,3.53,5.90,0.28,6.20,6.15,0.32,21.12,1.80,O4'-endo
27,27,0.60,G,G,G,0,0,1,0,0,.,,0,,,2.48,4.55,5.00,1.53,3.40,5.73,3.95,0.09,BI,syn,.,-4.48,4.51,5.35,3.79,5.34,4.16,5.71,4.42,0.18,5.81,0.58,5.79,0.20,33.13,0.02,C3'-endo
28,28,0.62,G,G,G,0,0,1,0,0,.,,0,,,3.10,4.10,1.80,1.32,3.70,5.34,4.64,3.55,BI,anti,.,4.34,4.67,2.34,4.18,3.16,4.18,3.66,5.13,6.25,5.88,0.66,5.59,0.46,40.61,0.37,C3'-endo
29,29,0.64,G,G,G,0,0,1,0,0,.,,0,,,5.08,3.22,0.80,1.51,4.05,4.75,5.59,3.36,..,anti,.,4.63,4.83,2.92,4.22,3.30,4.09,4.63,4.26,0.25,5.74,0.62,5.78,0.16,35.85,6.22,C2'-exo
30,30,0.67,G,G,G,0,0,1,0,0,.,,0,,,1.35,3.76,4.48,1.68,3.72,4.53,5.48,3.65,BI,anti,A,4.25,4.73,3.23,3.46,3.38,3.74,3.91,4.27,0.38,5.72,0.52,5.96,6.25,32.09,5.90,C2'-exo
31,31,0.69,G,G,G,0,0,1,0,0,.,,0,,,2.24,4.56,3.16,1.46,3.81,3.63,0.18,3.12,..,anti,.,4.14,4.36,3.05,2.47,3.69,1.98,4.48,6.28,6.16,6.05,0.48,5.72,0.44,32.04,0.55,C3'-endo
32,32,0.71,G,G,G,0,0,1,0,0,.,,0,,,2.27,2.34,1.15,1.40,5.02,3.36,1.66,3.35,BII,anti,.,3.89,4.45,0.44,3.46,0.52,2.93,2.30,2.15,6.27,5.93,0.58,5.68,0.39,35.25,0.35,C3'-endo
33,33,0.73,G,G,G,0,0,1,0,0,.,,0,,,1.25,3.65,0.91,1.49,4.52,1.39,3.13,3.40,..,anti,.,4.29,4.72,0.10,1.69,0.27,1.45,0.46,0.08,0.10,5.86,0.57,5.75,0.28,33.27,0.16,C3'-endo
34,34,0.76,G,G,G,0,0,1,0,0,.,,0,,,1.11,1.17,3.11,1.35,4.08,4.76,5.60,0.28,..,syn,.,-4.36,4.66,0.70,2.48,0.45,2.94,2.05,2.55,6.20,5.94,0.61,5.61,0.48,38.50,0.44,C3'-endo
35,35,0.78,G,G,G,0,0,1,0,0,.,,0,,,5.29,2.31,1.40,1.35,3.60,5.72,4.17,3.63,BI,anti,.,4.22,4.63,2.88,4.86,3.34,4.13,3.11,3.52,6.28,5.87,0.66,5.61,0.43,39.83,0.33,C3'-endo
36,36,0.80,G,G,G,0,0,1,0,0,.,,0,,,2.17,2.30,0.18,1.44,3.51,5.62,4.18,3.22,BI,anti,.,3.87,4.10,4.98,4.26,5.60,4.31,5.80,5.23,6.05,6.14,0.43,5.71,0.51,32.87,0.73,C4'-exo
37,37,0.82,G,G,G,0,0,1,0,0,.,,0,,,4.72,2.94,1.39,1.29,3.59,5.67,4.21,3.57,BI,anti,.,4.18,4.44,2.86,4.62,3.42,4.49,4.74,5.38,6.10,6.03,0.57,5.58,0.56,39.60,0.59,C3'-endo
38,38,0.84,G,G,G,0,0,1,0,0,.,,0,,,2.63,3.26,2.93,1.53,4.54,4.59,6.23,3.23,..,anti,.,4.26,4.42,2.76,4.00,3.30,3.98,4.61,4.79,6.24,6.02,0.44,5.80,0.33,27.74,0.41,C3'-endo
39,39,0.87,G,G,G,0,0,1,0,0,.,,0,,,1.41,4.28,3.91,1.60,4.24,5.71,4.81,3.49,..,anti,.,4.28,4.71,3.06,3.70,3.37,3.81,4.48,3.85,0.17,5.86,0.50,5.87,0.15,28.41,6.26,C2'-exo
40,40,0.89,G,G,G,0,0,1,0,0,.,,0,,,4.52,1.79,3.06,1.39,4.60,4.53,0.07,3.10,..,anti,.,4.52,4.59,3.62,2.78,3.86,3.13,4.17,3.73,6.24,5.93,0.59,5.65,0.42,36.42,0.39,C3'-endo
41,41,0.91,G,G,G,0,0,1,0,0,.,,0,,,5.03,4.04,2.54,1.44,4.42,4.11,0.31,3.30,..,anti,.,4.34,4.59,5.28,3.06,5.30,2.51,4.90,1.63,6.26,5.95,0.54,5.71,0.38,33.23,0.37,C3'-endo
42,42,0.93,G,G,G,0,0,1,0,0,.,,0,,,3.32,2.33,0.11,1.51,4.37,1.19,3.18,3.41,..,anti,.,4.37,4.73,0.63,1.36,0.78,0.82,1.05,5.79,0.11,5.87,0.55,5.79,0.25,31.53,0.13,C3'-endo
43,43,0.96,G,G,G,0,0,1,0,0,.,,0,,,1.27,1.42,3.10,1.33,3.38,5.01,4.66,3.55,BI,anti,.,4.26,4.38,1.09,2.69,1.12,3.12,2.33,4.13,6.12,6.02,0.56,5.61,0.53,38.15,0.57,C3'-endo
44,44,0.98,G,G,G,0,0,1,0,0,.,,0,,,3.05,3.63,2.71,1.50,4.59,4.91,5.97,3.60,..,anti,.,3.63,4.48,3.10,4.02,3.37,3.63,4.45,3.27,6.26,5.99,0.48,5.77,0.34,29.72,0.37,C3'-endo
45,45,1.00,G,G,G,0,0,1,0,0,.,,0,,,4.46,2.38,4.72,1.46,,,,0.07,n/a,syn,-,,,,,,,,,6.13,6.08,0.45,5.72,0.45,31.70,0.61,C3'-endo
