index_chain,old_nt_resnum,nt_position,nt_name,nt_code,nt_align_code,is_A,is_C,is_G,is_U,is_other,dbn,paired,nb_interact,pair_type_LW,pair_type_DSSR,alpha,beta,gamma,delta,epsilon,zeta,epsilon_zeta,chi,bb_type,glyco_bond,form,ssZp,Dp,eta,theta,eta_prime,theta_prime,eta_base,theta_base,v0,v1,v2,v3,v4,amplitude,phase_angle,puckering
1,1,0.11,U,U,U,0,0,0,1,0,.,,0,,,,,3.30,1.54,3.76,4.91,5.13,3.57,BI,anti,.,4.33,4.66,,,,,,,0.16,5.82,0.57,5.79,0.22,32.86,0.05,C3'-endo
2,2,0.22,G,G,G,0,0,1,0,0,.,,0,,,5.19,3.45,0.97,1.50,3.58,5.20,4.66,3.87,BI,anti,.,3.50,4.64,3.41,3.87,3.51,3.54,3.70,3.28,0.02,5.84,0.69,5.60,0.42,41.23,0.29,C3'-endo
3,3,0.33,U,U,U,0,0,0,1,0,.,,0,,,3.05,2.07,2.99,1.54,3.79,4.76,5.32,3.69,BI,anti,.,3.98,4.56,2.71,2.64,2.60,2.99,2.36,3.47,0.05,5.83,0.66,5.64,0.38,38.89,0.25,C3'-endo
4,4,0.44,G,G,G,0,0,1,0,0,.,,0,,,5.43,3.23,0.86,1.46,3.43,5.05,4.67,3.76,BI,anti,A,4.01,4.59,3.31,3.60,3.45,3.62,3.81,3.93,0.13,5.73,0.73,5.61,0.34,42.13,0.14,C3'-endo
5,5,0.56,C,C,C,0,1,0,0,0,.,,0,,,5.16,3.11,0.80,1.49,3.74,4.97,5.05,3.64,BI,anti,A,4.17,4.61,2.96,3.85,3.13,3.91,3.61,4.50,0.03,5.85,0.64,5.64,0.39,38.21,0.28,C3'-endo
6,6,0.67,C,C,C,0,1,0,0,0,.,,0,,,5.35,3.11,0.65,1.50,3.66,2.30,1.37,3.59,..,anti,.,4.29,4.65,2.94,1.09,3.19,1.18,3.98,1.62,0.05,5.84,0.64,5.65,0.37,37.82,0.25,C3'-endo
7,7,0.78,A,A,A,1,0,0,0,0,.,,0,,,5.11,2.35,0.63,1.51,3.86,5.05,5.09,3.49,BI,anti,.,4.36,4.61,2.86,4.20,3.16,3.89,3.19,3.70,0.00,5.84,0.69,5.59,0.44,41.33,0.32,C3'-endo
8,8,0.89,U,U,U,0,0,0,1,0,.,,0,,,3.05,2.22,3.32,1.58,3.60,4.85,5.03,3.65,BI,anti,.,3.92,4.29,3.09,2.50,3.05,2.98,2.94,3.45,0.10,5.82,0.63,5.70,0.31,36.39,0.17,C3'-endo
9,9,1.00,A,A,A,1,0,0,0,0,.,,0,,,5.25,3.71,0.85,1.76,,,,4.22,n/a,anti,-,,,,,,,,,0.01,6.01,0.41,5.87,0.26,24.62,0.30,C3'-endo
