index_chain,old_nt_resnum,nt_position,nt_name,nt_code,nt_align_code,is_A,is_C,is_G,is_U,is_other,dbn,paired,nb_interact,pair_type_LW,pair_type_DSSR,alpha,beta,gamma,delta,epsilon,zeta,epsilon_zeta,chi,bb_type,glyco_bond,form,ssZp,Dp,eta,theta,eta_prime,theta_prime,eta_base,theta_base,v0,v1,v2,v3,v4,amplitude,phase_angle,puckering
1,26,0.03,U,U,U,0,0,0,1,0,),0,1,cWW,cW-W,,,1.10,1.34,3.63,4.95,4.96,3.20,BI,anti,A,4.69,4.65,,,,,,,0.02,5.84,0.68,5.60,0.42,40.51,0.30,C3'-endo
2,27,0.06,A,A,A,1,0,0,0,0,),0,1,cWW,cW-W,5.05,3.10,0.98,1.39,4.00,4.71,5.57,3.50,BI,anti,A,4.42,4.82,2.97,3.79,3.10,3.85,3.79,4.26,0.14,5.75,0.71,5.64,0.31,40.73,0.13,C3'-endo
3,28,0.09,C,C,C,0,1,0,0,0,),0,1,cWW,cW-W,5.56,2.55,0.91,1.36,3.81,4.91,5.19,3.26,BI,anti,A,4.64,4.67,2.92,3.78,3.22,3.76,3.93,4.14,6.27,5.86,0.67,5.59,0.44,40.48,0.33,C3'-endo
4,29,0.12,U,U,U,0,0,0,1,0,),0,1,cWW,cW-W,5.08,3.00,1.02,1.35,3.73,4.94,5.08,3.35,BI,anti,A,4.45,4.58,2.88,3.69,3.08,3.68,3.74,4.15,6.22,5.92,0.63,5.60,0.47,39.73,0.41,C3'-endo
5,30,0.16,G,G,G,0,0,1,0,0,),0,1,cWW,cW-W,5.43,2.97,0.77,1.32,3.44,4.60,5.13,3.45,BI,anti,A,4.36,4.49,2.96,3.83,3.15,3.84,3.87,4.40,6.20,5.94,0.62,5.59,0.49,39.76,0.45,C3'-endo
6,31,0.19,U,U,U,0,0,0,1,0,),0,1,cWW,cW-W,2.68,4.16,2.84,1.32,4.25,4.06,0.20,3.04,..,anti,A,4.53,4.61,2.91,3.81,3.25,3.60,4.10,3.98,6.20,5.95,0.61,5.60,0.48,39.12,0.45,C3'-endo
7,32,0.22,C,C,C,0,1,0,0,0,),0,1,cWW,cW-W,2.14,4.21,3.06,1.31,4.34,4.54,6.09,3.02,..,anti,A,4.79,4.80,2.61,3.60,2.87,3.58,3.61,3.93,0.10,5.77,0.72,5.59,0.37,42.20,0.20,C3'-endo
8,33,0.25,C,C,C,0,1,0,0,0,),0,1,cWW,cW-W,5.63,2.63,0.75,1.26,3.75,5.11,4.92,3.33,BI,anti,A,4.57,4.67,2.85,3.80,3.06,3.80,3.70,4.30,6.23,5.85,0.73,5.49,0.52,45.48,0.39,C3'-endo
9,34,0.28,A,A,A,1,0,0,0,0,.,,0,,,5.10,3.03,1.04,1.26,3.96,3.82,0.14,3.14,..,anti,.,4.82,4.78,2.94,2.89,3.14,2.95,3.94,2.43,6.25,5.83,0.75,5.50,0.52,45.89,0.37,C3'-endo
10,35,0.31,A,A,A,1,0,0,0,0,.,,0,,,0.67,3.33,5.20,2.61,3.70,1.52,2.19,0.76,..,syn,.,-1.50,1.71,3.46,1.02,3.22,0.37,2.44,5.76,5.92,0.63,5.64,0.45,6.23,37.95,2.90,C2'-endo
11,36,0.34,U,U,U,0,0,0,1,0,.,,0,,,1.54,3.47,0.82,2.53,4.56,5.66,5.18,4.52,..,anti,.,0.35,0.88,0.34,5.92,0.78,5.80,1.40,0.13,5.92,0.59,5.71,0.38,6.27,34.60,2.84,C2'-endo
12,37,0.38,G,G,G,0,0,1,0,0,.,0,1,tSH,tm-M,4.78,3.84,1.27,2.56,4.07,2.92,1.15,4.47,BII,anti,.,1.35,1.51,3.12,2.88,4.01,2.71,3.78,3.18,5.92,0.60,5.69,0.41,6.25,35.59,2.87,C2'-endo
13,38,0.41,A,A,A,1,0,0,0,0,.,0,1,tHS,tM-m,5.01,2.84,0.56,1.49,3.88,5.32,4.85,3.54,BI,anti,.,4.24,4.62,3.13,4.23,2.89,4.22,3.25,5.04,0.04,5.90,0.57,5.72,0.33,33.52,0.26,C3'-endo
14,39,0.44,G,G,G,0,0,1,0,0,),0,1,cWW,cW-W,4.77,2.89,1.14,1.32,3.78,4.83,5.24,3.30,BI,anti,.,4.72,4.76,2.55,3.68,3.01,3.69,4.31,3.91,0.09,5.77,0.72,5.59,0.38,42.40,0.21,C3'-endo
15,40,0.47,C,C,C,0,1,0,0,0,),0,1,cWW,cW-W,5.80,2.90,0.73,1.42,3.55,5.35,4.49,3.37,BI,anti,.,4.29,4.39,3.24,3.95,3.45,4.13,3.86,5.06,6.18,6.00,0.53,5.68,0.45,34.48,0.49,C3'-endo
16,41,0.50,G,G,G,0,0,1,0,0,.,0,1,tSW,tm+W,5.05,3.28,1.08,2.68,4.54,5.82,5.00,4.27,..,anti,.,0.86,0.80,3.34,5.88,4.03,5.00,5.01,5.22,5.90,0.68,5.59,0.49,6.21,40.73,2.91,C2'-endo
17,42,0.53,C,C,C,0,1,0,0,0,.,,0,,,3.69,1.24,3.54,2.38,3.98,0.30,3.68,3.07,..,anti,.,2.50,2.56,3.34,4.31,3.88,4.07,4.23,5.44,6.22,0.24,5.97,0.28,6.14,17.94,3.27,C3'-exo
18,43,0.56,A,A,A,1,0,0,0,0,.,,0,,,3.74,0.79,2.74,2.28,4.77,6.20,4.86,1.04,..,syn,.,-0.73,2.22,2.95,4.08,3.17,4.33,4.56,3.96,6.16,0.25,6.01,0.21,6.23,16.00,3.01,C2'-endo
19,44,0.59,U,U,U,0,0,0,1,0,.,0,1,tWS,tW+m,4.11,0.94,3.48,2.74,3.99,3.68,0.31,3.46,..,anti,.,1.03,1.34,3.49,1.80,3.83,2.00,3.66,2.64,6.06,0.57,5.60,0.58,6.06,39.19,3.15,C3'-exo
20,45,0.62,A,A,A,1,0,0,0,0,.,,0,,,6.08,4.17,0.97,2.61,4.01,1.00,3.01,4.24,..,anti,.,1.46,1.49,5.25,1.45,5.31,0.87,4.75,1.09,5.88,0.66,5.62,0.45,6.25,39.38,2.86,C2'-endo
21,46,0.66,G,G,G,0,0,1,0,0,),0,1,cWW,cW-W,1.37,2.84,3.59,1.36,3.71,4.97,5.02,3.22,BI,anti,A,4.76,4.71,2.27,2.88,2.35,3.18,2.46,3.71,0.08,5.80,0.69,5.62,0.37,40.63,0.22,C3'-endo
22,47,0.69,U,U,U,0,0,0,1,0,),0,1,cWW,cW-W,5.37,2.93,1.12,1.41,3.81,5.42,4.67,3.40,BI,anti,.,4.39,4.59,3.23,4.24,3.48,4.38,4.01,5.22,6.25,5.91,0.61,5.64,0.42,37.36,0.37,C3'-endo
23,48,0.72,G,G,G,0,0,1,0,0,.,0,1,tSH,tm-M,5.01,3.49,0.99,2.67,4.02,2.78,1.24,4.46,BII,anti,.,1.75,1.58,3.08,2.70,3.80,2.71,4.82,2.98,5.94,0.64,5.61,0.49,6.18,39.34,2.96,C2'-endo
24,49,0.75,A,A,A,1,0,0,0,0,.,0,1,tHS,tM-m,4.99,3.12,0.75,2.61,4.04,3.26,0.78,3.99,BII,anti,.,1.71,1.62,3.46,3.68,3.40,3.13,3.44,3.04,5.98,0.57,5.68,0.44,6.19,35.14,2.96,C2'-endo
25,50,0.78,G,G,G,0,0,1,0,0,),0,1,cWW,cW-W,0.84,4.98,4.32,1.44,3.40,5.19,4.49,3.40,BI,anti,A,4.54,4.57,4.42,2.36,3.97,2.82,4.05,3.37,0.11,5.81,0.64,5.68,0.31,37.33,0.16,C3'-endo
26,51,0.81,G,G,G,0,0,1,0,0,),0,1,cWW,cW-W,4.82,3.17,1.19,1.38,3.43,5.11,4.60,3.26,BI,anti,A,4.56,4.56,2.92,3.61,3.19,3.59,3.85,3.80,0.05,5.83,0.66,5.63,0.38,39.15,0.25,C3'-endo
27,52,0.84,G,G,G,0,0,1,0,0,),0,1,cWW,cW-W,5.04,3.41,0.91,1.41,3.60,5.07,4.82,3.50,BI,anti,A,4.40,4.59,3.07,3.69,3.17,3.74,3.53,4.33,0.04,5.86,0.63,5.66,0.37,37.23,0.27,C3'-endo
28,53,0.88,C,C,C,0,1,0,0,0,),0,1,cWW,cW-W,5.18,3.09,0.83,1.37,3.70,5.04,4.95,3.52,BI,anti,A,4.45,4.75,2.88,3.71,3.10,3.77,3.93,4.25,0.14,5.74,0.71,5.63,0.32,41.26,0.13,C3'-endo
29,54,0.91,A,A,A,1,0,0,0,0,),0,1,cWW,cW-W,5.25,3.27,0.72,1.38,3.62,5.00,4.90,3.56,BI,anti,A,4.38,4.71,2.94,3.61,3.11,3.70,3.80,4.19,0.19,5.70,0.74,5.64,0.28,42.20,0.06,C3'-endo
30,55,0.94,G,G,G,0,0,1,0,0,),0,1,cWW,cW-W,5.33,2.97,0.89,1.41,3.55,5.17,4.66,3.42,BI,anti,A,4.54,4.66,2.96,3.83,3.22,3.81,3.98,3.96,0.22,5.68,0.74,5.66,0.25,42.39,0.02,C3'-endo
31,56,0.97,U,U,U,0,0,0,1,0,),0,1,cWW,cW-W,4.75,3.29,1.22,1.36,3.66,5.07,4.87,3.49,BI,anti,A,4.48,4.68,2.95,3.75,3.16,3.79,3.59,4.31,0.03,5.83,0.67,5.61,0.40,40.14,0.28,C3'-endo
32,57,1.00,A,A,A,1,0,0,0,0,),0,1,cWW,cW-W,5.21,3.07,1.00,1.43,,,,3.63,n/a,anti,-,,,,,,,,,6.26,5.92,0.58,5.68,0.40,35.39,0.36,C3'-endo
