index_chain,old_nt_resnum,nt_position,nt_name,nt_code,nt_align_code,is_A,is_C,is_G,is_U,is_other,dbn,paired,nb_interact,pair_type_LW,pair_type_DSSR,alpha,beta,gamma,delta,epsilon,zeta,epsilon_zeta,chi,bb_type,glyco_bond,form,ssZp,Dp,eta,theta,eta_prime,theta_prime,eta_base,theta_base,v0,v1,v2,v3,v4,amplitude,phase_angle,puckering
1,1,0.05,U,U,U,0,0,0,1,0,.,,0,,,,,1.23,1.41,3.63,4.84,5.07,3.34,BI,anti,.,4.56,4.61,,,,,,,0.02,5.87,0.62,5.66,0.38,37.01,0.29,C3'-endo
2,2,0.11,U,U,U,0,0,0,1,0,.,,0,,,5.00,3.24,0.93,1.38,3.73,5.11,4.90,3.39,BI,anti,A,4.57,4.69,2.97,3.83,3.02,3.89,3.34,4.65,0.07,5.81,0.68,5.63,0.37,39.82,0.23,C3'-endo
3,3,0.16,G,G,G,0,0,1,0,0,(,0,1,cWW,cW-W,5.16,3.07,0.86,1.35,3.67,5.08,4.87,3.50,BI,anti,A,4.46,4.72,2.85,3.75,3.13,3.80,4.19,4.24,0.11,5.75,0.73,5.59,0.37,42.73,0.18,C3'-endo
4,4,0.21,G,G,G,0,0,1,0,0,(,0,1,cWW,cW-W,5.22,2.95,1.05,1.38,3.41,5.23,4.47,3.48,BI,anti,.,4.47,4.58,2.99,4.13,3.31,3.86,4.04,3.97,0.06,5.82,0.67,5.63,0.38,39.45,0.25,C3'-endo
5,5,0.26,G,G,G,0,0,1,0,0,(,0,1,cWW,cW-W,2.75,3.13,3.15,1.40,3.84,4.97,5.15,3.18,BI,anti,A,4.75,4.74,2.88,3.21,3.08,3.40,3.57,4.19,0.09,5.79,0.68,5.63,0.36,39.89,0.20,C3'-endo
6,6,0.32,C,C,C,0,1,0,0,0,(,0,1,cWW,cW-W,5.18,2.94,1.08,1.45,3.77,5.08,4.97,3.43,BI,anti,A,4.39,4.64,3.02,3.92,3.32,3.87,4.27,4.12,0.09,5.83,0.62,5.69,0.32,36.41,0.19,C3'-endo
7,7,0.37,C,C,C,0,1,0,0,0,(,0,1,cWW,cW-W,5.07,3.24,0.76,1.32,3.30,4.94,4.64,3.58,BI,anti,.,4.26,4.49,2.78,3.71,3.01,3.52,3.56,4.82,6.25,5.87,0.67,5.57,0.47,41.38,0.37,C3'-endo
8,8,0.42,G,G,G,0,0,1,0,0,.,0,1,cHW,cM+W,2.58,3.32,3.17,1.41,3.82,5.20,4.90,0.17,BI,syn,.,-4.76,4.75,2.82,3.48,2.92,3.60,4.63,3.22,0.17,5.73,0.71,5.65,0.29,40.88,0.09,C3'-endo
9,9,0.47,G,G,G,0,0,1,0,0,(,0,1,cWW,cW-W,5.04,3.36,0.94,1.38,3.69,5.00,4.97,3.39,BI,anti,A,4.54,4.69,2.99,3.69,3.27,3.77,3.04,4.20,0.12,5.75,0.72,5.61,0.35,41.70,0.17,C3'-endo
10,10,0.53,C,C,C,0,1,0,0,0,(,0,1,cWW,cW-W,5.21,3.06,0.94,1.40,3.43,4.94,4.77,3.56,BI,anti,.,4.29,4.54,3.01,3.95,3.25,3.69,3.87,4.92,0.06,5.83,0.65,5.65,0.36,38.39,0.23,C3'-endo
11,11,0.58,G,G,G,0,0,1,0,0,.,0,1,cHW,cM+W,2.55,3.30,3.17,1.42,3.76,5.20,4.84,0.19,BI,syn,.,-4.76,4.75,2.78,3.43,2.93,3.58,4.64,3.23,0.15,5.75,0.69,5.66,0.30,39.87,0.11,C3'-endo
12,12,0.63,G,G,G,0,0,1,0,0,(,0,1,cWW,cW-W,5.10,3.27,0.88,1.42,3.62,5.04,4.86,3.28,BI,anti,A,4.66,4.68,2.95,3.73,3.27,3.79,3.11,4.22,0.12,5.77,0.69,5.65,0.32,40.03,0.15,C3'-endo
13,13,0.68,C,C,C,0,1,0,0,0,(,0,1,cWW,cW-W,5.13,3.16,0.92,1.39,3.77,5.05,5.00,3.44,BI,anti,A,4.52,4.73,3.00,3.84,3.19,3.87,3.83,4.48,0.08,5.79,0.70,5.62,0.37,40.91,0.21,C3'-endo
14,14,0.74,G,G,G,0,0,1,0,0,.,0,1,cWH,cW+M,5.09,2.90,1.05,1.37,3.49,5.00,4.77,3.30,BI,anti,A,4.67,4.65,2.83,3.57,3.16,3.54,4.14,3.73,0.09,5.77,0.71,5.61,0.37,41.36,0.20,C3'-endo
15,15,0.79,G,G,G,0,0,1,0,0,(,0,1,cWW,cW-W,5.04,3.19,0.96,1.35,3.64,4.98,4.95,3.35,BI,anti,A,4.67,4.73,2.99,3.64,3.10,3.69,3.50,4.10,0.09,5.76,0.73,5.59,0.38,42.71,0.20,C3'-endo
16,16,0.84,G,G,G,0,0,1,0,0,(,0,1,cWW,cW-W,5.24,2.94,1.02,1.39,3.66,5.09,4.85,3.38,BI,anti,A,4.62,4.70,3.05,3.83,3.28,3.86,3.91,4.53,0.07,5.80,0.68,5.62,0.38,40.29,0.23,C3'-endo
17,17,0.89,U,U,U,0,0,0,1,0,(,0,1,cWW,cW-W,5.17,2.99,0.94,1.41,3.74,4.85,5.18,3.49,BI,anti,A,4.41,4.68,2.94,3.65,3.25,3.64,4.24,3.89,0.09,5.80,0.67,5.65,0.35,39.19,0.20,C3'-endo
18,18,0.95,C,C,C,0,1,0,0,0,(,0,1,cWW,cW-W,5.08,2.98,0.97,1.36,3.66,5.04,4.91,3.51,BI,anti,A,4.37,4.66,2.87,3.74,3.02,3.74,3.49,4.00,0.06,5.80,0.70,5.60,0.40,41.36,0.25,C3'-endo
19,19,1.00,C,C,C,0,1,0,0,0,(,0,1,cWW,cW-W,5.24,3.00,0.96,1.33,,,,3.53,..,anti,-,,,,,,,,,6.22,5.91,0.64,5.58,0.48,40.31,0.42,C3'-endo
