index_chain,old_nt_resnum,nt_position,nt_name,nt_code,nt_align_code,is_A,is_C,is_G,is_U,is_other,dbn,paired,nb_interact,pair_type_LW,pair_type_DSSR,alpha,beta,gamma,delta,epsilon,zeta,epsilon_zeta,chi,bb_type,glyco_bond,form,ssZp,Dp,eta,theta,eta_prime,theta_prime,eta_base,theta_base,v0,v1,v2,v3,v4,amplitude,phase_angle,puckering
1,3,0.06,G,G,G,0,0,1,0,0,),0,1,cWW,cW-W,,3.30,0.90,1.36,3.65,4.99,4.94,3.33,BI,anti,A,4.66,4.71,,3.60,,3.64,,3.97,0.11,5.75,0.73,5.60,0.36,42.33,0.17,C3'-endo
2,4,0.12,G,G,G,0,0,1,0,0,),0,1,cWW,cW-W,5.05,2.92,1.23,1.35,3.56,5.02,4.82,3.26,BI,anti,A,4.70,4.68,2.99,3.61,3.22,3.60,3.80,3.84,0.08,5.77,0.72,5.60,0.38,41.89,0.21,C3'-endo
3,5,0.18,G,G,G,0,0,1,0,0,),0,1,cWW,cW-W,5.07,3.19,1.01,1.36,3.84,5.10,5.02,3.33,BI,anti,A,4.65,4.73,3.06,3.89,3.19,3.94,3.64,4.62,0.07,5.79,0.71,5.60,0.39,41.58,0.24,C3'-endo
4,6,0.24,C,C,C,0,1,0,0,0,),0,1,cWW,cW-W,5.13,3.06,0.95,1.34,3.59,4.99,4.88,3.50,BI,anti,A,4.47,4.68,2.88,3.57,3.17,3.61,4.16,3.96,0.07,5.78,0.72,5.58,0.41,42.73,0.24,C3'-endo
5,7,0.29,C,C,C,0,1,0,0,0,),0,1,cWW,cW-W,5.24,3.12,0.88,1.37,3.33,4.96,4.66,3.57,BI,anti,.,4.28,4.51,3.02,3.84,3.21,3.62,3.73,4.88,0.04,5.84,0.65,5.63,0.38,38.88,0.27,C3'-endo
6,8,0.35,G,G,G,0,0,1,0,0,.,0,1,cHW,cM+W,2.64,3.32,3.14,1.44,3.80,5.17,4.92,0.11,BI,syn,.,-4.71,4.72,2.87,3.46,3.00,3.59,4.66,3.27,0.15,5.77,0.66,5.69,0.28,38.13,0.11,C3'-endo
7,9,0.41,G,G,G,0,0,1,0,0,),0,1,cWW,cW-W,5.04,3.27,0.89,1.40,3.68,5.09,4.87,3.31,BI,anti,A,4.66,4.71,2.90,3.80,3.20,3.86,3.09,4.31,0.14,5.74,0.71,5.63,0.32,41.28,0.13,C3'-endo
8,10,0.47,C,C,C,0,1,0,0,0,),0,1,cWW,cW-W,5.13,3.14,0.90,1.36,3.72,5.07,4.93,3.42,BI,anti,A,4.59,4.74,2.95,3.79,3.17,3.83,3.87,4.41,0.09,5.77,0.72,5.60,0.37,41.88,0.21,C3'-endo
9,11,0.53,G,G,G,0,0,1,0,0,.,0,1,cWH,cW+M,5.12,2.90,1.07,1.37,3.43,5.01,4.70,3.30,BI,anti,A,4.66,4.63,2.89,3.53,3.22,3.51,4.15,3.71,0.08,5.79,0.70,5.61,0.38,41.28,0.22,C3'-endo
10,12,0.59,G,G,G,0,0,1,0,0,),0,1,cWW,cW-W,5.02,3.27,0.97,1.38,3.67,4.99,4.97,3.44,BI,anti,A,4.50,4.69,3.06,3.70,3.15,3.74,3.51,4.18,0.11,5.76,0.71,5.61,0.36,41.61,0.18,C3'-endo
11,13,0.65,C,C,C,0,1,0,0,0,),0,1,cWW,cW-W,5.24,2.94,0.93,1.36,3.58,5.16,4.70,3.48,BI,anti,A,4.47,4.65,2.93,3.79,3.17,3.80,3.87,4.40,0.07,5.79,0.71,5.60,0.39,41.72,0.23,C3'-endo
12,14,0.71,G,G,G,0,0,1,0,0,.,0,1,cWH,cW+M,5.04,3.09,1.00,1.39,3.57,4.98,4.87,3.38,BI,anti,A,4.63,4.69,2.89,3.61,3.19,3.59,4.12,3.76,0.11,5.77,0.70,5.63,0.34,40.55,0.17,C3'-endo
13,15,0.76,G,G,G,0,0,1,0,0,),0,1,cWW,cW-W,5.08,3.15,0.90,1.35,3.64,5.04,4.88,3.35,BI,anti,A,4.64,4.71,2.92,3.68,3.04,3.74,3.44,4.22,0.07,5.77,0.73,5.58,0.40,42.86,0.23,C3'-endo
14,16,0.82,G,G,G,0,0,1,0,0,),0,1,cWW,cW-W,5.20,2.95,1.05,1.36,3.71,5.09,4.90,3.34,BI,anti,A,4.62,4.69,3.01,3.84,3.27,3.87,4.01,4.56,0.03,5.82,0.70,5.58,0.43,41.96,0.29,C3'-endo
15,17,0.88,U,U,U,0,0,0,1,0,),0,1,cWW,cW-W,5.13,2.98,1.07,1.39,3.49,4.92,4.85,3.43,BI,anti,.,4.47,4.58,2.93,3.51,3.28,3.49,4.32,3.54,0.04,5.84,0.65,5.64,0.38,38.87,0.27,C3'-endo
16,18,0.94,C,C,C,0,1,0,0,0,),0,1,cWW,cW-W,5.10,3.23,0.94,1.39,3.61,5.01,4.88,3.58,BI,anti,A,4.22,4.58,3.05,3.64,3.11,3.66,3.29,3.97,0.01,5.87,0.64,5.63,0.41,38.49,0.31,C3'-endo
17,19,1.00,C,C,C,0,1,0,0,0,),0,1,cWW,cW-W,5.15,3.12,0.86,1.40,,,,3.69,n/a,anti,-,,,,,,,,,6.28,5.89,0.62,5.65,0.41,37.33,0.34,C3'-endo
