index_chain,old_nt_resnum,nt_position,nt_name,nt_code,nt_align_code,is_A,is_C,is_G,is_U,is_other,dbn,paired,nb_interact,pair_type_LW,pair_type_DSSR,alpha,beta,gamma,delta,epsilon,zeta,epsilon_zeta,chi,bb_type,glyco_bond,form,ssZp,Dp,eta,theta,eta_prime,theta_prime,eta_base,theta_base,v0,v1,v2,v3,v4,amplitude,phase_angle,puckering
1,22,0.02,GTP,g,G,0,0,0,0,1,(,66,1,cWW,cW-W,,,0.82,1.48,3.81,4.87,5.22,3.20,BI,anti,A,4.72,4.70,,,,,,,0.12,5.82,0.61,5.71,0.28,35.50,0.14,C3'-endo
2,23,0.03,G,G,G,0,0,1,0,0,(,65,1,cWW,cW-W,4.93,3.15,1.10,1.44,3.92,4.85,5.35,3.30,BI,anti,A,4.58,4.64,3.05,3.83,3.18,3.90,3.55,4.68,6.26,5.89,0.64,5.62,0.44,38.86,0.35,C3'-endo
3,24,0.05,C,C,C,0,1,0,0,0,(,64,1,cWW,cW-W,5.38,2.74,0.90,1.44,3.52,4.82,4.99,3.52,BI,anti,A,4.26,4.42,2.92,4.00,3.27,3.75,4.33,4.11,6.22,5.94,0.60,5.64,0.45,37.38,0.41,C3'-endo
4,25,0.06,U,U,U,0,0,0,1,0,(,63,1,cWW,cW-W,2.25,3.12,3.46,1.66,4.23,4.86,5.65,3.21,..,anti,A,4.75,4.83,2.79,3.49,2.92,3.68,3.60,4.32,0.45,5.63,0.61,5.91,6.24,37.94,5.89,C2'-exo
5,26,0.08,U,U,U,0,0,0,1,0,(,62,1,cWW,cW-W,5.41,2.62,0.97,1.41,3.73,4.98,5.03,3.39,BI,anti,A,4.51,4.62,2.83,3.78,3.26,3.75,4.14,4.27,0.06,5.81,0.68,5.62,0.38,40.20,0.24,C3'-endo
6,27,0.09,A,A,A,1,0,0,0,0,(,61,1,cWW,cW-W,5.02,2.98,1.01,1.44,3.78,4.92,5.14,3.38,BI,anti,A,4.57,4.70,2.88,3.78,3.11,3.81,3.94,4.36,0.08,5.79,0.70,5.61,0.38,40.91,0.22,C3'-endo
7,28,0.11,U,U,U,0,0,0,1,0,(,60,1,cWW,cW-W,5.29,2.86,0.93,1.43,3.76,4.96,5.09,3.49,BI,anti,A,4.38,4.62,2.96,3.75,3.25,3.72,4.09,3.94,0.17,5.72,0.73,5.63,0.30,42.16,0.10,C3'-endo
8,29,0.12,A,A,A,1,0,0,0,0,(,59,1,cWW,cW-W,4.74,3.10,1.16,1.51,4.72,4.27,0.45,3.58,..,anti,.,3.70,4.67,3.10,4.84,3.18,4.17,3.52,3.17,0.07,5.82,0.65,5.66,0.35,37.88,0.22,C3'-endo
9,30,0.14,C,C,C,0,1,0,0,0,(,37,1,cWW,cW-W,2.46,4.17,1.24,2.73,5.05,1.48,3.57,4.25,..,anti,Z,-0.05,0.85,0.89,2.90,1.88,1.70,1.24,0.82,5.82,0.82,5.44,0.60,6.19,49.72,2.92,C2'-endo
10,31,0.15,A,A,A,1,0,0,0,0,.,31,1,tWS,tW+m,1.02,3.10,2.87,1.81,4.50,4.87,5.91,1.80,..,...,.,1.35,3.70,2.19,3.85,1.66,3.89,1.20,3.77,6.26,6.07,0.34,5.92,0.25,21.32,0.38,C3'-endo
11,32,0.17,G,G,G,0,0,1,0,0,.,"12,30",2,"cSH,cWW","cm+M,cW-W",5.28,2.11,3.21,2.27,4.19,3.05,1.14,4.25,BII,anti,.,1.64,1.75,5.24,1.32,5.36,1.63,4.98,1.94,5.66,0.72,5.73,0.21,0.26,40.84,2.45,C1'-exo
12,33,0.18,G,G,G,0,0,1,0,0,(,"11,30",2,"cHS,cWW","cM+m,cW-W",4.12,2.66,0.84,1.45,3.95,4.85,5.39,3.17,BI,anti,A,4.71,4.71,2.54,3.92,2.32,3.93,2.59,4.52,0.10,5.79,0.67,5.64,0.34,39.20,0.19,C3'-endo
13,34,0.20,G,G,G,0,0,1,0,0,(,29,1,cWW,cW-W,5.49,3.01,0.58,1.49,3.76,5.01,5.04,3.24,BI,anti,A,4.64,4.67,2.92,3.80,3.16,3.87,4.08,4.31,0.23,5.71,0.69,5.71,0.22,39.26,6.28,C2'-exo
14,35,0.21,U,U,U,0,0,0,1,0,(,28,1,cWW,cW-W,5.18,3.18,0.77,1.44,3.58,5.07,4.80,3.53,BI,anti,A,4.39,4.62,2.91,3.71,3.14,3.73,3.81,4.18,0.13,5.73,0.74,5.60,0.35,43.01,0.15,C3'-endo
15,36,0.23,A,A,A,1,0,0,0,0,(,27,1,cWW,cW-W,5.06,3.02,0.96,1.41,3.54,5.24,4.58,3.41,BI,anti,A,4.55,4.64,2.87,3.80,3.11,3.75,3.83,4.03,0.11,5.74,0.74,5.59,0.37,43.01,0.18,C3'-endo
16,37,0.24,G,G,G,0,0,1,0,0,(,26,1,cWW,cW-W,4.26,2.78,1.93,1.41,3.85,4.95,5.18,3.30,BI,anti,A,4.64,4.71,2.93,3.66,3.22,3.65,3.82,4.37,0.10,5.78,0.70,5.63,0.35,40.65,0.18,C3'-endo
17,38,0.26,C,C,C,0,1,0,0,0,(,25,1,cWW,cW-W,5.16,2.98,0.87,1.42,3.77,4.96,5.10,3.50,BI,anti,A,4.37,4.66,2.83,3.77,3.09,3.81,4.11,4.33,0.08,5.74,0.77,5.54,0.41,45.34,0.22,C3'-endo
18,39,0.27,A,A,A,1,0,0,0,0,.,,0,,,5.02,2.84,1.24,1.49,4.02,5.08,5.22,3.30,BI,anti,.,4.56,4.67,3.07,4.11,3.31,4.22,4.06,4.53,0.03,5.86,0.63,5.65,0.38,37.66,0.28,C3'-endo
19,40,0.29,U,U,U,0,0,0,1,0,.,,0,,,4.83,3.60,1.01,2.48,4.95,1.61,3.34,4.05,..,anti,.,0.41,0.74,3.45,2.52,3.80,1.98,4.18,2.18,6.01,0.54,5.70,0.44,6.18,33.53,2.99,C2'-endo
20,41,0.30,A,A,A,1,0,0,0,0,.,23,1,cWS,cW-m,1.41,3.53,3.11,1.50,4.08,5.01,5.35,3.32,..,anti,.,4.60,4.73,2.83,3.58,2.57,3.73,2.91,3.97,0.12,5.79,0.66,5.68,0.31,38.47,0.14,C3'-endo
21,42,0.32,A,A,A,1,0,0,0,0,.,,0,,,5.26,3.47,0.65,2.51,4.69,1.61,3.09,3.68,..,anti,.,0.91,0.86,3.38,1.99,3.73,1.28,3.98,0.82,5.80,0.72,5.61,0.41,0.05,41.78,2.76,C2'-endo
22,43,0.33,U,U,U,0,0,0,1,0,.,,0,,,2.09,2.72,0.65,2.40,3.96,5.48,4.76,3.97,..,anti,.,1.43,1.70,0.27,5.82,0.51,5.56,0.77,6.03,5.67,0.78,5.63,0.32,0.18,43.95,2.58,C2'-endo
23,44,0.35,G,G,G,0,0,1,0,0,[,"20,47",2,"cSW,cWW","cm-W,cW-W",3.57,3.97,2.09,1.33,4.08,4.81,5.56,3.11,..,anti,A,4.70,4.73,2.84,3.91,3.67,3.88,4.03,4.16,0.08,5.72,0.80,5.50,0.45,47.28,0.24,C3'-endo
24,45,0.36,G,G,G,0,0,1,0,0,[,46,1,cWW,cW-W,5.45,2.76,0.98,1.41,4.02,1.91,2.11,3.36,..,anti,.,4.27,4.41,3.13,0.86,3.34,1.01,3.91,1.75,6.10,6.03,0.57,5.59,0.56,39.31,0.59,C3'-endo
25,46,0.38,G,G,G,0,0,1,0,0,),17,1,cWW,cW-W,4.95,2.67,0.65,1.50,3.66,5.03,4.91,3.20,BI,anti,A,4.79,4.76,2.94,3.87,3.37,3.88,3.34,4.10,0.28,5.65,0.71,5.72,0.18,40.87,6.21,C2'-exo
26,47,0.39,C,C,C,0,1,0,0,0,),16,1,cWW,cW-W,4.95,3.08,1.18,1.43,3.54,5.13,4.69,3.50,BI,anti,A,4.38,4.56,2.98,3.83,3.28,3.80,3.85,4.10,0.15,5.71,0.76,5.60,0.34,43.63,0.13,C3'-endo
27,48,0.41,U,U,U,0,0,0,1,0,),15,1,cWW,cW-W,4.67,3.35,1.24,1.41,3.64,4.96,4.97,3.41,BI,anti,A,4.46,4.58,2.97,3.64,3.16,3.63,3.73,4.16,6.27,5.82,0.73,5.52,0.49,44.61,0.34,C3'-endo
28,49,0.42,A,A,A,1,0,0,0,0,),14,1,cWW,cW-W,4.85,2.85,1.22,1.45,3.93,4.84,5.37,3.39,BI,anti,A,4.46,4.64,2.88,3.76,3.08,3.73,3.87,4.21,0.04,5.83,0.68,5.60,0.40,40.48,0.28,C3'-endo
29,50,0.44,C,C,C,0,1,0,0,0,),13,1,cWW,cW-W,5.09,2.74,1.10,1.39,3.84,5.09,5.03,3.45,BI,anti,A,4.47,4.71,2.83,3.93,3.07,3.93,3.87,4.66,0.13,5.71,0.77,5.57,0.37,44.78,0.16,C3'-endo
30,51,0.45,U,U,U,0,0,0,1,0,),"11,12",2,"cWW,cWW","cW-W,cW-W",5.12,2.96,0.98,1.44,3.67,5.07,4.89,3.49,BI,anti,A,4.46,4.67,2.86,3.84,3.20,3.88,4.29,4.64,0.06,5.79,0.70,5.60,0.39,41.53,0.24,C3'-endo
31,52,0.47,G,G,G,0,0,1,0,0,[,"10,38",2,"tSW,cWW","tm+W,cW-W",5.27,3.10,0.80,1.48,3.32,1.41,1.91,3.73,..,anti,.,4.04,4.53,2.99,0.45,3.32,0.05,4.37,4.30,0.23,5.67,0.75,5.66,0.25,42.71,0.01,C3'-endo
32,53,0.48,A,A,A,1,0,0,0,0,.,,0,,,0.46,2.41,0.89,1.42,3.63,5.09,4.83,3.33,BI,anti,A,4.46,4.54,4.50,3.91,5.27,3.87,1.03,4.52,6.28,5.85,0.67,5.60,0.43,40.30,0.32,C3'-endo
33,54,0.50,C,C,C,0,1,0,0,0,.,,0,,,5.12,3.01,1.08,1.58,3.71,0.74,2.97,3.52,..,anti,.,4.20,4.41,3.05,5.88,3.38,5.18,4.36,4.43,0.09,5.89,0.53,5.80,0.25,30.69,0.16,C3'-endo
34,55,0.52,C,C,C,0,1,0,0,0,.,,0,,,3.01,2.51,0.93,2.37,4.55,2.05,2.51,4.11,..,anti,.,0.90,0.99,1.07,2.10,2.10,1.85,2.03,2.44,5.71,0.72,5.69,0.28,0.18,40.35,2.56,C2'-endo
35,56,0.53,C,C,C,0,1,0,0,0,.,59,1,cWS,cW-m,4.68,2.64,0.91,1.42,3.63,5.11,4.80,3.22,BI,anti,.,4.63,4.61,3.06,4.23,3.07,4.11,3.52,5.00,0.02,5.82,0.69,5.59,0.42,41.46,0.29,C3'-endo
36,57,0.55,C,C,C,0,1,0,0,0,.,0,1,tWS,tW+m,3.39,3.34,2.27,1.52,4.35,5.42,5.21,3.21,..,anti,.,4.62,4.74,2.74,4.36,3.13,4.29,4.48,4.88,0.29,5.66,0.71,5.72,0.17,40.95,6.20,C2'-exo
37,58,0.56,G,G,G,0,0,1,0,0,),9,1,cWW,cW-W,4.49,2.33,2.16,1.41,4.12,4.93,5.48,3.07,..,anti,.,4.67,4.69,2.91,3.60,3.41,3.68,4.56,4.72,0.08,5.78,0.72,5.59,0.39,42.41,0.22,C3'-endo
38,59,0.58,C,C,C,0,1,0,0,0,],31,1,cWW,cW-W,5.23,2.83,1.00,1.50,4.28,1.74,2.54,3.65,..,anti,.,3.75,4.61,3.05,1.46,3.36,1.33,4.58,1.62,0.09,5.81,0.65,5.67,0.33,37.68,0.18,C3'-endo
39,60,0.59,C,C,C,0,1,0,0,0,(,56,1,cWW,cW-W,1.74,3.76,2.79,1.47,4.19,4.73,5.74,3.05,..,anti,A,4.71,4.72,2.65,3.72,2.88,3.69,3.21,4.05,0.16,5.75,0.68,5.67,0.28,39.34,0.10,C3'-endo
40,61,0.61,U,U,U,0,0,0,1,0,(,55,1,cWW,cW-W,5.50,2.86,0.67,1.38,3.53,5.19,4.62,3.52,BI,anti,A,4.39,4.57,2.82,3.74,3.07,3.77,3.72,4.41,6.27,5.86,0.67,5.59,0.45,40.83,0.34,C3'-endo
41,62,0.62,U,U,U,0,0,0,1,0,(,54,1,cWW,cW-W,4.86,3.05,1.21,1.39,3.83,4.82,5.29,3.39,BI,anti,A,4.57,4.70,2.96,3.59,3.23,3.61,4.12,3.89,0.12,5.76,0.71,5.62,0.34,41.02,0.16,C3'-endo
42,63,0.64,C,C,C,0,1,0,0,0,(,53,1,cWW,cW-W,5.03,3.02,0.97,1.44,3.72,5.02,4.99,3.53,BI,anti,A,4.38,4.68,2.89,3.74,3.04,3.72,3.50,4.06,0.11,5.74,0.74,5.59,0.38,43.23,0.18,C3'-endo
43,64,0.65,A,A,A,1,0,0,0,0,(,52,1,cWW,cW-W,4.89,2.83,1.25,1.40,3.87,4.79,5.37,3.26,BI,anti,A,4.67,4.71,2.92,3.62,3.16,3.62,3.77,3.99,0.04,5.79,0.73,5.55,0.44,43.60,0.27,C3'-endo
44,65,0.67,A,A,A,1,0,0,0,0,(,51,1,cWW,cW-W,5.20,2.98,0.77,1.41,3.56,5.04,4.80,3.46,BI,anti,A,4.48,4.65,2.87,3.67,3.03,3.75,3.64,4.53,0.12,5.68,0.81,5.51,0.41,47.33,0.18,C3'-endo
45,66,0.68,A,A,A,1,0,0,0,0,(,50,1,cWW,cW-W,5.09,2.97,1.03,1.56,3.68,5.34,4.62,3.56,BI,anti,.,4.38,4.69,2.99,4.13,3.30,3.99,4.33,3.92,0.29,5.63,0.75,5.69,0.19,42.79,6.21,C2'-exo
46,67,0.70,C,C,C,0,1,0,0,0,],24,1,cWW,cW-W,4.73,2.85,1.58,1.18,3.65,5.05,4.88,3.47,BI,anti,.,4.34,4.57,2.96,3.48,3.28,3.60,3.62,3.81,6.11,5.91,0.74,5.43,0.65,48.98,0.52,C3'-endo
47,68,0.71,C,C,C,0,1,0,0,0,],23,1,cWW,cW-W,5.33,3.18,1.07,2.31,4.72,3.32,1.40,4.13,BII,anti,.,1.06,1.05,3.68,3.93,3.97,3.52,4.12,2.58,5.63,0.75,5.73,0.20,0.28,42.11,2.43,C1'-exo
48,69,0.73,U,U,U,0,0,0,1,0,.,,0,,,1.07,2.49,0.92,1.37,3.35,2.26,1.09,3.24,..,anti,.,4.57,4.56,5.08,0.67,5.53,0.36,0.42,3.48,0.09,5.71,0.80,5.52,0.43,47.14,0.21,C3'-endo
49,70,0.74,A,A,A,1,0,0,0,0,.,,0,,,5.25,3.52,1.08,2.34,3.92,3.57,0.35,3.99,..,anti,.,1.90,2.03,4.20,2.62,4.82,2.13,1.48,2.01,6.00,0.42,5.90,0.23,0.03,24.00,2.75,C2'-endo
50,71,0.76,U,U,U,0,0,0,1,0,),45,1,cWW,cW-W,5.44,4.70,4.75,1.58,3.31,4.74,4.85,3.80,BI,anti,.,3.55,3.93,3.04,2.55,2.44,2.71,2.22,3.08,6.16,6.04,0.48,5.71,0.44,32.10,0.54,C3'-endo
51,72,0.77,U,U,U,0,0,0,1,0,),44,1,cWW,cW-W,2.21,3.40,3.26,1.55,3.77,4.95,5.10,3.38,BI,anti,A,4.54,4.64,2.68,3.32,2.81,3.42,3.35,3.93,0.24,5.71,0.68,5.73,0.20,38.97,6.26,C2'-exo
52,73,0.79,U,U,U,0,0,0,1,0,),43,1,cWW,cW-W,5.39,2.85,0.82,1.39,3.59,5.21,4.66,3.51,BI,anti,A,4.36,4.58,2.93,3.83,3.23,3.77,3.95,4.08,0.04,5.80,0.72,5.56,0.43,43.01,0.28,C3'-endo
53,74,0.80,G,G,G,0,0,1,0,0,),42,1,cWW,cW-W,4.62,3.05,1.28,1.29,3.57,5.07,4.78,3.35,BI,anti,A,4.59,4.66,2.73,3.56,2.98,3.56,3.61,3.89,6.24,5.83,0.75,5.49,0.53,46.22,0.38,C3'-endo
54,75,0.82,G,G,G,0,0,1,0,0,),41,1,cWW,cW-W,5.13,3.18,0.86,1.31,3.31,4.78,4.81,3.40,BI,anti,A,4.51,4.55,2.92,3.74,3.10,3.72,3.66,4.25,0.01,5.79,0.76,5.51,0.48,45.72,0.31,C3'-endo
55,76,0.83,A,A,A,1,0,0,0,0,),40,1,cWW,cW-W,3.03,3.89,2.54,1.22,4.41,4.54,6.15,3.04,..,anti,A,4.76,4.80,2.84,3.63,3.05,3.66,3.84,4.11,0.10,5.67,0.86,5.45,0.46,50.66,0.22,C3'-endo
56,77,0.85,G,G,G,0,0,1,0,0,),39,1,cWW,cW-W,5.28,2.35,1.29,1.25,3.88,4.84,5.33,3.08,BI,anti,A,4.82,4.80,2.86,3.69,3.12,3.64,3.89,4.03,0.09,5.69,0.85,5.46,0.46,49.72,0.23,C3'-endo
57,78,0.86,A,A,A,1,0,0,0,0,.,,0,,,5.39,3.00,0.88,1.34,3.63,5.23,4.68,3.42,BI,anti,A,4.58,4.73,3.07,3.82,3.23,3.88,3.89,4.50,0.09,5.74,0.76,5.55,0.41,44.67,0.21,C3'-endo
58,79,0.88,C,C,C,0,1,0,0,0,[,0,1,cWW,cW-W,4.98,3.30,0.99,1.42,3.81,5.07,5.03,3.37,BI,anti,A,4.58,4.70,3.03,3.87,3.28,3.94,4.12,4.60,0.10,5.77,0.70,5.63,0.35,40.71,0.18,C3'-endo
59,80,0.89,U,U,U,0,0,0,1,0,),"8,35",2,"cWW,cSW","cW-W,cm-W",5.02,3.04,1.00,1.36,3.57,5.03,4.82,3.37,BI,anti,A,4.57,4.66,2.84,3.64,3.14,3.68,4.10,4.10,0.09,5.71,0.81,5.51,0.44,47.31,0.22,C3'-endo
60,81,0.91,A,A,A,1,0,0,0,0,),7,1,cWW,cW-W,5.13,3.14,0.91,1.49,3.40,5.22,4.46,3.62,BI,anti,A,4.15,4.45,2.99,3.84,3.21,3.82,3.85,4.22,0.11,5.78,0.68,5.65,0.34,39.84,0.17,C3'-endo
61,82,0.92,U,U,U,0,0,0,1,0,),6,1,cWW,cW-W,4.73,3.26,1.14,1.41,3.57,5.12,4.74,3.39,BI,anti,A,4.52,4.58,2.90,3.78,3.15,3.77,3.83,4.30,6.26,5.87,0.66,5.59,0.45,40.38,0.35,C3'-endo
62,83,0.94,A,A,A,1,0,0,0,0,),5,1,cWW,cW-W,5.07,3.04,0.97,1.42,3.51,5.11,4.69,3.54,BI,anti,A,4.30,4.52,2.94,3.69,3.19,3.68,4.01,4.15,0.02,5.87,0.63,5.65,0.39,37.77,0.30,C3'-endo
63,84,0.95,A,A,A,1,0,0,0,0,),4,1,cWW,cW-W,4.60,3.02,1.32,1.38,3.88,4.96,5.20,3.47,BI,anti,A,4.45,4.74,2.80,3.80,3.05,3.81,3.79,4.46,0.11,5.75,0.73,5.60,0.37,42.64,0.18,C3'-endo
64,85,0.97,G,G,G,0,0,1,0,0,),3,1,cWW,cW-W,5.03,2.87,1.16,1.48,3.90,4.96,5.22,3.39,BI,anti,A,4.55,4.72,2.94,3.89,3.22,3.88,4.17,4.50,0.12,5.78,0.67,5.66,0.32,39.07,0.15,C3'-endo
65,86,0.98,U,U,U,0,0,0,1,0,),2,1,cWW,cW-W,5.01,2.68,1.35,1.56,3.94,4.97,5.25,3.31,BI,anti,.,4.43,4.48,2.99,3.99,3.34,3.92,4.31,3.85,0.01,5.94,0.52,5.75,0.33,31.53,0.31,C3'-endo
66,87,1.00,CCC,c,C,0,0,0,0,1,),1,1,cWW,cW-W,4.95,2.95,1.18,1.75,,,,3.81,n/a,anti,-,,,,,,,,,5.63,0.36,0.04,5.85,0.68,39.50,1.51,O4'-endo
