index_chain,old_nt_resnum,nt_position,nt_name,nt_code,nt_align_code,is_A,is_C,is_G,is_U,is_other,dbn,paired,nb_interact,pair_type_LW,pair_type_DSSR,alpha,beta,gamma,delta,epsilon,zeta,epsilon_zeta,chi,bb_type,glyco_bond,form,ssZp,Dp,eta,theta,eta_prime,theta_prime,eta_base,theta_base,v0,v1,v2,v3,v4,amplitude,phase_angle,puckering
1,1,0.05,U,U,U,0,0,0,1,0,.,,0,,,,,0.72,1.42,3.77,5.06,4.99,3.38,BI,anti,A,4.56,4.69,,,,,,,0.10,5.81,0.65,5.67,0.32,37.87,0.18,C3'-endo
2,2,0.11,U,U,U,0,0,0,1,0,.,,0,,,5.26,3.02,0.88,1.40,4.22,4.86,5.64,3.48,..,anti,.,4.23,4.73,3.08,4.48,3.32,3.76,4.03,2.59,0.02,5.88,0.61,5.67,0.37,36.30,0.29,C3'-endo
3,3,0.16,G,G,G,0,0,1,0,0,(,0,1,cWW,cW-W,2.88,3.17,0.75,1.51,3.88,5.07,5.10,3.17,BI,anti,A,4.75,4.77,0.36,4.05,0.82,4.10,0.40,4.51,0.18,5.77,0.63,5.74,0.23,35.97,0.04,C3'-endo
4,4,0.21,G,G,G,0,0,1,0,0,(,0,1,cWW,cW-W,5.24,2.93,0.96,1.35,3.51,5.01,4.79,3.30,BI,anti,.,4.65,4.63,2.91,3.56,3.26,3.55,4.07,3.71,0.03,5.82,0.68,5.60,0.41,40.55,0.28,C3'-endo
5,5,0.26,G,G,G,0,0,1,0,0,(,0,1,cWW,cW-W,5.05,3.27,0.83,1.34,3.69,5.12,4.85,3.41,BI,anti,A,4.54,4.69,2.95,3.76,3.03,3.83,3.35,4.48,0.02,5.83,0.69,5.59,0.42,41.37,0.29,C3'-endo
6,6,0.32,C,C,C,0,1,0,0,0,(,0,1,cWW,cW-W,5.14,2.97,0.95,1.30,3.74,5.06,4.96,3.41,BI,anti,A,4.66,4.76,2.88,3.75,3.14,3.76,4.06,4.32,0.01,5.83,0.71,5.57,0.44,42.40,0.30,C3'-endo
7,7,0.37,C,C,C,0,1,0,0,0,(,0,1,cWW,cW-W,5.04,2.93,1.11,1.33,3.50,5.14,4.64,3.35,BI,anti,.,4.77,4.70,2.88,3.65,3.16,3.63,4.03,3.77,0.06,5.77,0.74,5.55,0.42,43.80,0.25,C3'-endo
8,8,0.42,U,U,U,0,0,0,1,0,.,0,1,cWW,cW-W,5.17,3.24,0.90,1.33,3.69,4.95,5.02,3.46,BI,anti,A,4.33,4.58,3.09,3.57,3.24,3.66,3.57,4.38,6.22,5.90,0.66,5.57,0.49,40.95,0.41,C3'-endo
9,9,0.47,G,G,G,0,0,1,0,0,(,0,1,cWW,cW-W,5.19,2.95,0.91,1.42,3.54,5.11,4.71,3.48,BI,anti,A,4.47,4.62,2.85,3.76,3.11,3.74,4.05,4.02,0.12,5.78,0.68,5.66,0.32,39.21,0.15,C3'-endo
10,10,0.53,C,C,C,0,1,0,0,0,(,0,1,cWW,cW-W,5.35,3.10,0.84,1.39,3.58,5.03,4.84,3.52,BI,anti,A,4.36,4.58,3.07,3.66,3.30,3.65,3.83,3.85,6.27,5.89,0.63,5.63,0.41,37.96,0.34,C3'-endo
11,11,0.58,U,U,U,0,0,0,1,0,.,0,1,cWW,cW-W,5.66,3.24,0.30,1.40,3.28,5.36,4.20,3.69,BI,anti,A,4.08,4.42,2.96,3.61,3.10,3.66,3.49,4.43,6.27,5.90,0.61,5.65,0.41,37.26,0.34,C3'-endo
12,12,0.63,G,G,G,0,0,1,0,0,(,0,1,cWW,cW-W,4.02,2.94,1.99,1.51,4.06,4.76,5.58,3.31,..,anti,.,4.46,4.64,2.94,4.26,3.24,4.00,4.20,4.18,0.10,5.86,0.56,5.77,0.26,32.47,0.15,C3'-endo
13,13,0.68,C,C,C,0,1,0,0,0,(,0,1,cWW,cW-W,2.00,3.76,3.64,1.41,4.01,4.89,5.40,3.18,BI,anti,A,4.66,4.71,2.82,3.29,3.12,3.51,3.74,4.34,0.04,5.85,0.63,5.65,0.37,37.60,0.26,C3'-endo
14,14,0.74,U,U,U,0,0,0,1,0,.,0,1,cWW,cW-W,5.55,2.81,0.94,1.48,4.22,4.33,6.18,3.57,..,anti,.,3.71,4.36,3.25,4.11,3.55,3.84,4.46,3.86,6.18,6.04,0.48,5.73,0.42,31.51,0.51,C3'-endo
15,15,0.79,G,G,G,0,0,1,0,0,(,0,1,cWW,cW-W,1.71,4.00,3.36,1.41,1.19,1.54,5.93,3.38,..,anti,.,2.83,3.01,3.50,3.42,3.31,3.48,3.52,3.88,0.11,5.80,0.65,5.68,0.31,37.94,0.15,C3'-endo
16,16,0.84,G,G,G,0,0,1,0,0,(,0,1,cWW,cW-W,0.79,3.40,3.17,1.39,3.86,5.14,5.01,3.37,BI,anti,A,4.59,4.74,2.08,3.48,2.61,3.56,3.32,4.30,0.12,5.80,0.63,5.70,0.29,36.56,0.14,C3'-endo
17,17,0.89,U,U,U,0,0,0,1,0,(,0,1,cWW,cW-W,5.09,3.01,0.90,1.34,3.69,4.81,5.16,3.48,BI,anti,A,4.51,4.73,2.76,3.49,3.09,3.52,4.09,3.84,0.02,5.81,0.72,5.55,0.45,43.18,0.30,C3'-endo
18,18,0.95,C,C,C,0,1,0,0,0,(,0,1,cWW,cW-W,5.18,2.76,1.12,1.40,3.65,5.05,4.88,3.50,BI,anti,A,4.35,4.60,2.97,3.76,3.16,3.69,3.68,3.96,0.06,5.81,0.68,5.62,0.38,40.28,0.24,C3'-endo
19,19,1.00,C,C,C,0,1,0,0,0,(,0,1,cWW,cW-W,4.94,3.13,0.97,1.34,,,,3.45,n/a,anti,-,,,,,,,,,0.03,5.80,0.72,5.56,0.43,42.95,0.28,C3'-endo
