index_chain,old_nt_resnum,nt_position,nt_name,nt_code,nt_align_code,is_A,is_C,is_G,is_U,is_other,dbn,paired,nb_interact,pair_type_LW,pair_type_DSSR,alpha,beta,gamma,delta,epsilon,zeta,epsilon_zeta,chi,bb_type,glyco_bond,form,ssZp,Dp,eta,theta,eta_prime,theta_prime,eta_base,theta_base,v0,v1,v2,v3,v4,amplitude,phase_angle,puckering
1,201,0.01,G,G,G,0,0,1,0,0,(,125,1,cWW,cW-W,,,3.24,1.44,3.64,4.96,4.97,3.07,BI,anti,A,4.68,4.62,,,,,,,6.28,5.86,0.66,5.61,0.43,39.98,0.32,C3'-endo
2,202,0.02,G,G,G,0,0,1,0,0,(,124,1,cWW,cW-W,5.05,3.23,0.98,1.49,3.40,5.15,4.53,3.71,BI,anti,A,3.92,4.51,3.01,3.73,3.22,3.70,3.87,3.84,0.11,5.80,0.65,5.67,0.32,38.02,0.16,C3'-endo
3,203,0.02,C,C,C,0,1,0,0,0,(,123,1,cWW,cW-W,4.98,3.13,1.09,1.42,3.60,5.09,4.79,3.66,BI,anti,.,3.94,4.42,3.00,3.76,3.23,3.79,3.58,4.55,6.16,5.97,0.60,5.60,0.50,38.86,0.49,C3'-endo
4,204,0.03,U,U,U,0,0,0,1,0,(,122,1,cWW,cW-W,5.08,3.09,0.91,1.48,3.57,5.14,4.72,3.73,BI,anti,.,3.86,4.58,2.90,3.84,3.20,3.87,4.17,4.48,0.12,5.79,0.65,5.68,0.31,37.90,0.15,C3'-endo
5,205,0.04,U,U,U,0,0,0,1,0,(,121,1,cWW,cW-W,5.20,2.96,0.90,1.42,3.62,4.84,5.06,3.66,BI,anti,A,4.04,4.65,2.91,3.54,3.26,3.52,4.14,3.63,0.10,5.76,0.73,5.60,0.37,42.46,0.19,C3'-endo
6,206,0.05,A,A,A,1,0,0,0,0,(,120,1,cWW,cW-W,5.05,2.98,0.93,1.46,3.58,5.18,4.69,3.64,BI,anti,A,4.28,4.67,2.83,3.88,2.97,3.86,3.29,4.40,0.09,5.79,0.69,5.63,0.36,40.13,0.20,C3'-endo
7,207,0.06,U,U,U,0,0,0,1,0,(,119,1,cWW,cW-W,5.06,3.07,0.95,1.41,3.76,4.86,5.18,3.64,BI,anti,A,4.12,4.74,2.91,3.63,3.19,3.66,4.03,3.97,0.09,5.77,0.72,5.59,0.38,42.32,0.21,C3'-endo
8,208,0.06,C,C,C,0,1,0,0,0,(,118,1,cWW,cW-W,5.14,2.88,1.02,1.47,4.30,3.00,1.31,3.58,BII,anti,-,,,3.07,2.45,3.22,2.43,3.64,,6.28,5.84,0.70,5.57,0.46,42.10,0.33,C3'-endo
9,209,0.07,A,A,A,1,0,0,0,0,.,,0,,,0.90,2.93,0.82,2.23,5.84,3.57,2.26,,..,n/a,-,,,5.90,5.25,5.94,4.92,0.00,0.00,6.26,0.23,5.94,0.34,6.09,20.38,3.40,C3'-exo
10,210,0.08,A,A,A,1,0,0,0,0,.,0,1,t.W,t.+W,5.70,2.59,0.82,1.43,3.70,5.06,4.92,3.64,BI,anti,.,3.99,4.59,3.09,3.89,3.69,3.93,,4.73,0.06,5.84,0.63,5.67,0.35,37.09,0.24,C3'-endo
11,211,0.09,G,G,G,0,0,1,0,0,.,44,1,cSS,cm-m,5.19,3.08,0.86,1.47,3.82,4.76,5.34,3.80,BI,anti,.,3.63,4.70,2.97,3.66,3.28,3.69,4.28,3.78,0.18,5.77,0.64,5.74,0.23,36.44,0.04,C3'-endo
12,212,0.10,A,A,A,1,0,0,0,0,.,"43,91",2,"cSS,tWS","cm-m,tW+m",5.19,2.95,0.80,1.56,3.67,3.46,0.21,3.79,..,anti,.,3.88,4.58,2.85,2.20,3.01,2.61,3.27,2.90,0.14,5.80,0.62,5.72,0.27,35.86,0.11,C3'-endo
13,213,0.10,G,G,G,0,0,1,0,0,(,41,1,cWW,cW-W,5.19,3.30,0.84,1.52,3.41,4.56,5.14,3.91,BI,anti,-,,,3.58,3.75,3.14,3.60,2.67,,0.13,5.79,0.64,5.70,0.28,36.86,0.12,C3'-endo
14,214,0.11,A,A,A,1,0,0,0,0,.,,0,,,3.77,4.36,4.93,1.44,2.78,2.36,0.42,,..,n/a,-,,,0.39,5.29,0.05,4.46,0.00,0.00,0.06,5.82,0.65,5.65,0.36,38.50,0.23,C3'-endo
15,215,0.12,G,G,G,0,0,1,0,0,(,40,1,cWW,cW-W,4.26,4.12,1.18,1.42,3.26,5.14,4.40,3.87,BI,anti,A,3.70,4.51,3.64,3.66,5.02,3.62,,3.76,0.05,5.78,0.75,5.56,0.43,44.13,0.26,C3'-endo
16,216,0.13,G,G,G,0,0,1,0,0,(,39,1,cWW,cW-W,5.11,3.21,0.87,1.39,3.23,5.39,4.13,3.73,BI,anti,.,3.96,4.46,2.96,4.12,3.13,3.99,3.49,4.41,0.02,5.83,0.68,5.60,0.42,40.96,0.29,C3'-endo
17,217,0.13,U,U,U,0,0,0,1,0,(,38,1,cWW,cW-W,2.79,3.19,3.10,1.46,4.48,4.45,0.04,3.38,..,anti,.,4.19,4.73,3.08,3.91,3.32,4.00,4.04,4.97,0.12,5.79,0.67,5.66,0.32,38.68,0.16,C3'-endo
18,218,0.14,G,G,G,0,0,1,0,0,.,"36,37",2,"tWH,tSH","tW-M,tm-M",1.87,4.38,3.35,1.51,4.44,3.97,0.46,3.21,..,anti,.,4.51,4.72,2.88,3.66,3.35,3.79,4.62,4.43,0.20,5.76,0.63,5.75,0.21,36.32,0.01,C3'-endo
19,219,0.15,G,G,G,0,0,1,0,0,.,,0,,,2.20,4.36,3.15,2.11,3.16,4.36,5.09,3.62,BI,anti,.,2.46,2.63,2.47,3.35,3.56,2.89,4.40,2.87,6.18,0.30,5.91,0.33,6.15,21.35,3.19,C3'-exo
20,220,0.16,A,A,A,1,0,0,0,0,.,35,1,tHS,tM-m,5.08,3.69,1.03,1.92,0.97,1.20,6.06,4.33,..,anti,.,0.74,0.56,3.62,3.61,3.75,2.85,3.50,3.17,6.24,0.25,5.92,0.34,6.10,20.96,3.34,C3'-exo
21,221,0.17,G,G,G,0,0,1,0,0,(,31,1,cWW,cW-W,3.52,1.47,3.17,1.52,3.56,5.33,4.51,3.46,BI,anti,A,4.45,4.70,4.16,2.73,3.68,3.16,4.16,3.76,0.30,5.63,0.74,5.70,0.18,42.69,6.20,C2'-exo
22,222,0.17,G,G,G,0,0,1,0,0,(,30,1,cWW,cW-W,5.14,3.27,0.85,1.40,3.34,5.22,4.40,3.73,BI,anti,A,3.85,4.53,2.97,3.65,3.31,3.66,4.00,3.91,0.09,5.75,0.75,5.57,0.39,44.07,0.20,C3'-endo
23,223,0.18,G,G,G,0,0,1,0,0,(,"29,94",2,"cWW,tSW","cW-W,tm+W",5.00,3.32,0.91,1.32,3.56,2.26,1.30,3.71,..,anti,.,3.99,4.56,2.88,0.23,3.06,5.44,3.52,3.73,6.25,5.86,0.70,5.55,0.48,43.05,0.36,C3'-endo
24,224,0.19,A,A,A,1,0,0,0,0,.,117,1,cWS,cW-m,4.91,4.25,1.28,1.60,3.36,5.28,4.37,4.03,BI,anti,.,2.92,4.33,4.70,4.07,6.03,4.00,1.22,4.49,0.16,5.81,0.59,5.77,0.23,33.90,0.06,C3'-endo
25,225,0.20,C,C,C,0,1,0,0,0,[,100,1,cWW,cW-W,4.85,3.15,0.99,1.44,3.92,5.07,5.13,3.72,BI,anti,.,3.83,4.66,2.86,4.02,3.16,4.09,3.92,4.73,0.01,5.88,0.63,5.65,0.39,37.64,0.31,C3'-endo
26,226,0.21,U,U,U,0,0,0,1,0,.,99,1,cWW,cW-W,5.02,3.15,0.94,1.47,4.15,4.68,5.76,3.76,..,anti,.,3.50,4.61,2.94,3.77,3.22,3.79,4.00,4.11,6.28,5.89,0.62,5.64,0.41,37.51,0.34,C3'-endo
27,227,0.21,G,G,G,0,0,1,0,0,[,98,1,cWW,cW-W,4.96,2.64,1.07,1.41,3.45,4.98,4.75,3.56,BI,anti,.,4.25,4.53,2.58,4.17,2.86,3.95,3.43,4.29,0.04,5.80,0.72,5.58,0.42,42.50,0.27,C3'-endo
28,228,0.22,G,G,G,0,0,1,0,0,[,97,1,cWW,cW-W,2.61,3.60,3.23,1.51,3.97,5.06,5.19,3.34,BI,anti,.,4.10,4.55,3.10,3.55,3.38,3.65,4.11,4.64,0.08,5.83,0.63,5.68,0.33,36.96,0.21,C3'-endo
29,229,0.23,C,C,C,0,1,0,0,0,),23,1,cWW,cW-W,5.24,2.77,0.85,1.39,3.24,5.03,4.50,3.62,BI,anti,A,4.25,4.46,2.65,3.97,3.13,3.78,4.46,4.05,6.28,5.85,0.68,5.58,0.45,41.25,0.33,C3'-endo
30,230,0.24,C,C,C,0,1,0,0,0,),"22,93",2,"cWW,cSW","cW-W,cm-W",2.75,3.46,3.04,1.47,3.95,4.97,5.26,3.35,BI,anti,A,4.45,4.74,2.98,3.50,3.21,3.58,3.84,4.19,0.15,5.73,0.72,5.63,0.31,41.36,0.12,C3'-endo
31,231,0.25,C,C,C,0,1,0,0,0,),21,1,cWW,cW-W,5.29,2.99,0.83,1.37,3.84,5.02,5.11,3.64,BI,anti,A,3.91,4.70,2.92,3.85,3.19,3.91,3.99,4.40,0.07,5.76,0.76,5.54,0.42,44.91,0.24,C3'-endo
32,232,0.25,G,G,G,0,0,1,0,0,.,33,1,cSW,cm-W,5.19,3.20,0.74,1.34,3.36,4.12,5.53,3.75,BI,anti,.,3.94,4.53,2.78,3.07,3.03,3.13,3.75,2.67,0.03,5.82,0.71,5.57,0.43,42.57,0.28,C3'-endo
33,233,0.26,A,A,A,1,0,0,0,0,.,32,1,cWS,cW-m,1.22,2.88,5.05,1.73,1.46,4.57,3.17,1.16,..,syn,.,-1.42,1.04,3.45,1.01,3.27,0.36,2.64,5.70,6.14,0.34,5.88,0.33,6.17,22.83,3.11,C2'-endo
34,234,0.27,U,U,U,0,0,0,1,0,.,,0,,,4.76,2.53,5.09,2.14,1.19,4.09,3.39,4.13,..,anti,.,0.43,0.96,0.18,0.24,0.69,6.01,1.37,0.15,0.28,0.02,5.99,0.46,5.82,27.90,4.05,C4'-endo
35,235,0.28,G,G,G,0,0,1,0,0,.,20,1,tSH,tm-M,4.58,0.94,2.72,2.16,4.18,3.58,0.60,3.28,..,anti,.,2.96,3.01,3.19,1.85,3.56,2.44,3.60,2.86,6.26,0.23,5.95,0.34,6.09,20.08,3.41,C3'-exo
36,236,0.29,A,A,A,1,0,0,0,0,.,18,1,tHW,tM-W,5.36,2.94,0.69,1.40,3.69,5.29,4.68,3.66,BI,anti,.,4.10,4.75,3.40,3.98,3.18,4.06,3.19,4.60,0.19,5.71,0.73,5.65,0.28,41.70,0.07,C3'-endo
37,237,0.29,A,A,A,1,0,0,0,0,.,18,1,tHS,tM-m,5.13,3.15,0.98,1.39,3.73,5.42,4.59,3.66,BI,anti,.,4.02,4.72,3.01,4.14,3.36,4.20,4.17,5.10,0.10,5.76,0.73,5.59,0.38,42.67,0.19,C3'-endo
38,238,0.30,A,A,A,1,0,0,0,0,),17,1,cWW,cW-W,5.01,3.33,0.78,1.44,3.28,4.92,4.65,3.81,BI,anti,A,3.97,4.55,2.79,3.88,3.24,3.81,4.48,4.09,0.15,5.77,0.67,5.67,0.29,38.91,0.11,C3'-endo
39,239,0.31,C,C,C,0,1,0,0,0,),16,1,cWW,cW-W,2.83,3.59,2.86,1.49,4.30,4.69,5.90,3.38,..,anti,A,4.33,4.76,2.97,3.71,3.18,3.78,3.71,4.28,0.15,5.78,0.65,5.70,0.27,37.65,0.10,C3'-endo
40,240,0.32,C,C,C,0,1,0,0,0,),15,1,cWW,cW-W,5.64,2.82,0.55,1.36,3.40,4.78,4.90,3.75,BI,anti,A,3.85,4.54,2.83,3.92,3.12,3.88,3.84,4.23,0.04,5.81,0.70,5.59,0.41,41.50,0.27,C3'-endo
41,241,0.33,C,C,C,0,1,0,0,0,),13,1,cWW,cW-W,2.61,3.88,3.06,1.39,4.28,5.01,5.55,3.26,..,anti,.,4.31,4.73,3.04,3.93,3.31,4.01,3.91,5.03,0.06,5.80,0.71,5.58,0.40,42.07,0.25,C3'-endo
42,242,0.33,G,G,G,0,0,1,0,0,(,92,1,cWW,cW-W,5.62,2.68,0.70,1.38,3.35,4.87,4.76,3.65,BI,anti,A,4.06,4.51,2.71,3.94,3.25,3.84,4.68,4.25,0.04,5.81,0.70,5.59,0.41,41.55,0.27,C3'-endo
43,243,0.34,G,G,G,0,0,1,0,0,(,"12,91",2,"cSS,cWW","cm-m,cW-W",2.80,3.60,2.97,1.48,3.89,4.99,5.18,3.35,BI,anti,A,4.29,4.72,2.95,3.57,3.25,3.60,3.99,4.04,0.21,5.71,0.69,5.69,0.24,39.80,0.02,C3'-endo
44,244,0.35,C,C,C,0,1,0,0,0,(,"11,90",2,"cSS,cWW","cm-m,cW-W",5.25,3.12,0.87,1.53,3.50,5.24,4.55,3.77,BI,anti,.,3.50,4.39,2.99,3.92,3.27,3.97,3.89,4.85,0.08,5.82,0.64,5.66,0.34,37.62,0.21,C3'-endo
45,245,0.36,A,A,A,1,0,0,0,0,.,0,1,cSW,cm-W,5.09,2.98,0.98,1.51,3.66,4.54,5.41,3.73,BI,anti,.,3.86,4.54,2.93,3.55,3.35,3.73,4.49,4.25,0.09,5.82,0.64,5.67,0.33,37.24,0.20,C3'-endo
46,246,0.37,A,A,A,1,0,0,0,0,.,47,1,cSH,cm+M,5.78,2.60,0.92,1.88,2.64,4.48,4.44,4.24,BI,anti,.,2.07,2.11,3.02,3.14,3.71,2.48,4.29,2.24,6.18,0.31,5.89,0.35,6.13,22.62,3.21,C3'-exo
47,247,0.37,C,C,C,0,1,0,0,0,(,"46,88",2,"cHS,cWW","cM+m,cW-W",4.78,3.16,0.89,1.38,3.87,4.90,5.26,3.69,BI,anti,A,4.01,4.72,2.62,3.76,2.35,3.87,2.27,4.41,0.00,5.85,0.68,5.59,0.44,41.06,0.32,C3'-endo
48,248,0.38,C,C,C,0,1,0,0,0,(,87,1,cWW,cW-W,5.36,2.97,0.82,1.46,3.71,4.88,5.11,3.74,BI,anti,.,3.67,4.49,3.00,3.70,3.25,3.71,3.90,4.02,6.20,5.94,0.60,5.62,0.47,38.22,0.44,C3'-endo
49,249,0.39,A,A,A,1,0,0,0,0,(,86,1,cWW,cW-W,5.19,2.99,0.83,1.38,3.25,4.82,4.71,3.70,BI,anti,A,4.07,4.45,2.83,3.82,3.05,3.69,3.57,4.06,6.27,5.87,0.66,5.60,0.44,39.89,0.34,C3'-endo
50,250,0.40,C,C,C,0,1,0,0,0,(,85,1,cWW,cW-W,2.63,3.71,3.04,1.47,3.97,5.17,5.08,3.33,BI,anti,A,4.44,4.71,2.96,3.79,3.20,3.82,3.87,4.51,0.13,5.79,0.65,5.68,0.30,37.72,0.14,C3'-endo
51,251,0.40,U,U,U,0,0,0,1,0,(,84,1,cWW,cW-W,5.25,3.14,0.75,1.39,3.74,4.92,5.10,3.78,BI,anti,A,3.65,4.62,2.87,3.67,3.22,3.69,4.16,3.78,0.02,5.84,0.69,5.59,0.43,41.12,0.30,C3'-endo
52,252,0.41,A,A,A,1,0,0,0,0,(,83,1,cWW,cW-W,5.36,2.76,0.93,1.34,3.56,5.04,4.81,3.59,BI,anti,A,4.03,4.37,2.89,3.67,3.13,3.65,3.39,4.20,6.10,6.00,0.62,5.55,0.58,42.00,0.57,C3'-endo
53,253,0.42,G,G,G,0,0,1,0,0,(,82,1,cWW,cW-W,5.30,2.93,0.84,1.33,3.55,5.16,4.67,3.64,BI,anti,A,3.84,4.48,2.89,3.71,3.14,3.73,3.93,4.50,6.16,5.94,0.66,5.54,0.54,42.48,0.48,C3'-endo
54,254,0.43,U,U,U,0,0,0,1,0,(,81,1,cWW,cW-W,5.15,2.83,1.07,1.40,3.64,4.90,5.02,3.55,BI,anti,.,4.11,4.51,2.91,3.61,3.25,3.63,4.29,4.30,6.21,5.90,0.66,5.56,0.50,41.52,0.42,C3'-endo
55,255,0.44,C,C,C,0,1,0,0,0,(,80,1,cWW,cW-W,5.10,2.92,1.05,1.52,3.54,5.20,4.63,3.62,BI,anti,A,4.08,4.54,2.92,3.95,3.20,3.87,4.09,4.40,0.07,5.82,0.66,5.65,0.35,38.57,0.22,C3'-endo
56,256,0.44,U,U,U,0,0,0,1,0,(,79,1,cWW,cW-W,4.91,3.19,0.93,1.42,3.71,4.81,5.19,3.70,BI,anti,A,4.05,4.71,2.83,3.57,3.09,3.58,3.94,3.71,0.05,5.81,0.69,5.61,0.39,40.76,0.25,C3'-endo
57,257,0.45,A,A,A,1,0,0,0,0,(,78,1,cWW,cW-W,5.16,2.84,0.94,1.43,3.45,5.00,4.74,3.63,BI,anti,A,4.33,4.52,2.85,3.62,3.04,3.59,3.37,4.09,6.26,5.88,0.65,5.60,0.45,39.94,0.36,C3'-endo
58,258,0.46,G,G,G,0,0,1,0,0,(,77,1,cWW,cW-W,5.19,3.01,0.88,1.45,3.54,5.20,4.63,3.70,BI,anti,A,4.04,4.62,2.94,3.84,3.17,3.79,3.91,4.19,0.12,5.76,0.71,5.63,0.34,41.20,0.16,C3'-endo
59,259,0.47,C,C,C,0,1,0,0,0,(,76,1,cWW,cW-W,5.09,3.09,0.83,1.36,3.53,5.09,4.72,3.68,BI,anti,A,4.16,4.65,2.80,3.62,3.05,3.71,3.78,4.17,0.04,5.80,0.71,5.58,0.42,42.33,0.27,C3'-endo
60,260,0.48,G,G,G,0,0,1,0,0,(,75,1,cWW,cW-W,5.12,3.30,0.83,1.45,3.43,5.04,4.67,3.81,BI,anti,A,3.79,4.55,3.00,3.60,3.20,3.62,3.78,3.78,0.09,5.80,0.68,5.64,0.35,39.47,0.19,C3'-endo
61,261,0.48,U,U,U,0,0,0,1,0,(,74,1,cWW,cW-W,5.17,3.13,0.87,1.45,3.29,4.96,4.61,3.75,BI,anti,A,3.86,4.39,2.97,4.00,3.16,3.85,3.50,4.37,0.02,5.85,0.66,5.62,0.40,39.41,0.29,C3'-endo
62,262,0.49,C,C,C,0,1,0,0,0,(,73,1,cWW,cW-W,2.60,3.62,3.03,1.44,3.72,5.29,4.72,3.34,BI,anti,A,4.54,4.68,2.82,3.64,3.15,3.65,4.05,4.07,0.12,5.77,0.69,5.64,0.33,40.04,0.16,C3'-endo
63,263,0.50,A,A,A,1,0,0,0,0,(,72,1,cWW,cW-W,5.12,3.54,0.61,1.36,3.63,4.18,5.74,3.89,BI,anti,.,3.51,4.66,2.90,3.44,3.10,3.37,3.71,3.35,0.02,5.83,0.69,5.58,0.43,41.65,0.30,C3'-endo
64,264,0.51,G,G,G,0,0,1,0,0,.,"71,72",2,"cWW,cWW","cW-W,cW-W",2.12,4.21,3.14,1.49,3.86,4.98,5.16,3.16,BI,anti,.,4.74,4.75,2.77,4.20,2.95,3.96,3.13,4.73,0.13,5.77,0.68,5.66,0.31,39.38,0.13,C3'-endo
65,265,0.52,C,C,C,0,1,0,0,0,(,70,1,cWW,cW-W,2.88,3.56,2.86,1.53,4.38,5.05,5.61,3.40,..,anti,.,4.10,4.52,2.86,4.06,3.27,4.19,4.45,5.21,0.03,5.89,0.58,5.70,0.34,34.52,0.27,C3'-endo
66,266,0.52,U,U,U,0,0,0,1,0,.,,0,,,5.28,2.57,0.96,1.53,4.63,2.86,1.77,3.53,BII,anti,.,3.90,4.71,2.85,2.74,3.40,2.15,4.68,1.20,0.08,5.81,0.66,5.66,0.34,38.39,0.20,C3'-endo
67,267,0.53,U,U,U,0,0,0,1,0,.,,0,,,1.43,3.81,1.27,1.67,6.01,3.19,2.82,3.73,..,anti,.,1.50,2.89,1.50,5.88,1.48,5.41,1.69,5.78,0.02,5.94,0.52,5.75,0.33,31.39,0.30,C3'-endo
68,268,0.54,C,C,C,0,1,0,0,0,.,,0,,,2.55,4.35,3.03,1.48,1.54,5.64,2.18,3.28,..,anti,.,1.53,2.01,3.62,0.97,3.82,0.86,3.88,0.94,6.19,6.07,0.42,5.80,0.36,27.34,0.51,C3'-endo
69,269,0.55,G,G,G,0,0,1,0,0,.,,0,,,3.61,1.50,2.83,1.38,3.66,0.92,2.74,0.14,..,syn,.,-4.75,4.66,2.71,4.31,2.12,4.61,2.52,4.60,6.28,5.86,0.67,5.59,0.44,40.73,0.34,C3'-endo
70,270,0.56,G,G,G,0,0,1,0,0,),65,1,cWW,cW-W,3.69,1.76,2.88,1.51,3.69,4.25,5.73,3.30,BI,anti,A,4.51,4.56,3.37,2.74,3.94,2.98,4.61,3.33,0.08,5.84,0.62,5.69,0.32,36.07,0.20,C3'-endo
71,271,0.56,C,C,C,0,1,0,0,0,.,64,1,cWW,cW-W,2.58,4.03,2.84,1.41,3.87,5.17,4.99,3.28,BI,anti,A,4.64,4.74,2.65,3.93,2.95,3.82,3.46,4.36,0.10,5.77,0.71,5.62,0.35,41.32,0.18,C3'-endo
72,272,0.57,U,U,U,0,0,0,1,0,),"63,64",2,"cWW,cWW","cW-W,cW-W",5.19,3.18,0.86,1.44,3.50,5.06,4.72,3.75,BI,anti,.,3.79,4.46,2.94,3.65,3.26,3.69,4.15,4.28,6.25,5.90,0.63,5.61,0.45,39.07,0.38,C3'-endo
73,273,0.58,G,G,G,0,0,1,0,0,),62,1,cWW,cW-W,5.12,3.06,0.95,1.46,3.53,4.88,4.93,3.69,BI,anti,A,4.01,4.58,2.98,3.59,3.24,3.60,4.00,3.94,0.10,5.79,0.67,5.65,0.34,39.23,0.18,C3'-endo
74,274,0.59,A,A,A,1,0,0,0,0,),61,1,cWW,cW-W,5.38,2.81,0.83,1.45,3.59,5.14,4.73,3.70,BI,anti,.,3.99,4.55,2.96,3.89,3.20,3.88,3.76,4.63,0.04,5.84,0.66,5.63,0.39,39.15,0.27,C3'-endo
75,275,0.60,C,C,C,0,1,0,0,0,),60,1,cWW,cW-W,5.19,2.97,0.82,1.38,4.08,4.67,5.69,3.68,..,anti,A,3.85,4.80,2.91,3.67,3.18,3.67,4.20,3.84,0.07,5.79,0.72,5.58,0.40,42.50,0.24,C3'-endo
76,276,0.60,G,G,G,0,0,1,0,0,),59,1,cWW,cW-W,5.12,2.53,1.06,1.40,3.41,5.06,4.64,3.44,BI,anti,A,4.53,4.58,2.62,3.65,2.90,3.57,3.35,3.80,0.02,5.81,0.72,5.56,0.44,42.90,0.30,C3'-endo
77,277,0.61,C,C,C,0,1,0,0,0,),58,1,cWW,cW-W,5.12,3.28,0.88,1.48,3.74,4.95,5.06,3.81,BI,anti,.,3.63,4.59,3.13,3.82,3.25,3.90,3.65,4.54,0.05,5.85,0.63,5.66,0.36,37.33,0.26,C3'-endo
78,278,0.62,U,U,U,0,0,0,1,0,),57,1,cWW,cW-W,5.39,2.85,0.79,1.44,3.63,4.89,5.03,3.72,BI,anti,A,3.90,4.58,2.92,3.65,3.24,3.61,4.08,3.68,0.05,5.85,0.64,5.66,0.37,37.64,0.25,C3'-endo
79,279,0.63,A,A,A,1,0,0,0,0,),56,1,cWW,cW-W,5.24,2.87,0.87,1.39,3.52,5.03,4.77,3.65,BI,anti,A,4.12,4.53,2.86,3.64,3.04,3.65,3.35,4.08,6.24,5.89,0.66,5.58,0.47,40.63,0.38,C3'-endo
80,280,0.63,G,G,G,0,0,1,0,0,),55,1,cWW,cW-W,5.16,3.10,0.88,1.46,3.48,5.17,4.59,3.73,BI,anti,A,3.85,4.49,2.94,3.78,3.16,3.73,3.80,3.97,0.03,5.84,0.66,5.62,0.40,39.66,0.29,C3'-endo
81,281,0.64,G,G,G,0,0,1,0,0,),54,1,cWW,cW-W,5.07,3.07,1.00,1.38,3.44,5.14,4.58,3.62,BI,anti,A,4.11,4.46,2.92,3.64,3.17,3.67,3.66,4.44,6.18,5.93,0.65,5.56,0.52,41.33,0.46,C3'-endo
82,282,0.65,C,C,C,0,1,0,0,0,),53,1,cWW,cW-W,5.06,3.10,0.94,1.47,3.63,5.07,4.84,3.72,BI,anti,A,3.93,4.54,2.94,3.82,3.21,3.85,4.19,4.38,0.01,5.88,0.62,5.65,0.39,37.41,0.31,C3'-endo
83,283,0.66,U,U,U,0,0,0,1,0,),52,1,cWW,cW-W,5.12,3.03,0.92,1.43,3.60,4.99,4.89,3.69,BI,anti,A,3.98,4.55,2.89,3.69,3.19,3.67,3.95,4.04,6.26,5.89,0.64,5.62,0.43,38.90,0.35,C3'-endo
84,284,0.67,A,A,A,1,0,0,0,0,),51,1,cWW,cW-W,5.17,2.96,0.94,1.42,3.56,5.12,4.73,3.64,BI,anti,A,4.01,4.57,2.88,3.77,3.11,3.77,3.72,4.31,0.03,5.82,0.70,5.59,0.42,41.48,0.28,C3'-endo
85,285,0.67,G,G,G,0,0,1,0,0,),50,1,cWW,cW-W,5.11,3.11,0.94,1.44,3.28,5.19,4.37,3.69,BI,anti,A,3.96,4.41,2.91,3.63,3.22,3.58,4.02,3.77,0.00,5.86,0.66,5.61,0.43,39.97,0.32,C3'-endo
86,286,0.68,U,U,U,0,0,0,1,0,),49,1,cWW,cW-W,5.04,3.14,1.00,1.43,4.00,4.85,5.43,3.70,BI,anti,A,3.78,4.56,3.11,4.06,3.26,3.88,3.60,4.34,6.19,5.95,0.61,5.60,0.49,39.16,0.46,C3'-endo
87,287,0.69,G,G,G,0,0,1,0,0,),48,1,cWW,cW-W,0.94,3.80,4.47,1.66,3.73,5.38,4.64,3.54,BI,anti,A,4.28,4.70,2.84,3.41,2.98,3.61,3.77,4.14,0.34,5.68,0.63,5.83,0.08,36.91,6.08,C2'-exo
88,288,0.70,G,G,G,0,0,1,0,0,),47,1,cWW,cW-W,5.23,3.36,0.58,1.33,3.56,5.20,4.64,3.83,BI,anti,.,3.68,4.65,2.85,4.12,3.18,3.96,3.83,4.02,0.02,5.83,0.68,5.59,0.42,40.94,0.30,C3'-endo
89,289,0.71,U,U,U,0,0,0,1,0,.,0,1,cWH,cW+M,1.78,3.46,4.04,1.44,3.65,5.48,4.45,3.43,BI,anti,.,4.50,4.67,3.06,3.30,3.19,3.65,3.48,4.68,0.01,5.82,0.71,5.56,0.45,42.69,0.31,C3'-endo
90,290,0.71,G,G,G,0,0,1,0,0,),44,1,cWW,cW-W,5.06,3.16,0.94,1.43,3.55,5.32,4.52,3.69,BI,anti,A,3.95,4.66,2.92,3.94,3.44,3.96,4.71,4.59,0.16,5.72,0.74,5.62,0.32,42.47,0.11,C3'-endo
91,291,0.72,C,C,C,0,1,0,0,0,),"12,43",2,"tSW,cWW","tm+W,cW-W",5.00,3.09,1.01,1.43,3.54,5.05,4.77,3.66,BI,anti,A,4.17,4.58,2.87,3.67,3.25,3.68,4.21,3.84,6.28,5.86,0.66,5.60,0.43,40.00,0.33,C3'-endo
92,292,0.73,C,C,C,0,1,0,0,0,),42,1,cWW,cW-W,5.20,3.33,0.76,1.41,2.95,3.04,6.19,3.84,..,anti,.,3.46,4.01,3.07,1.78,3.26,1.74,3.55,4.95,6.23,5.93,0.61,5.63,0.45,37.81,0.41,C3'-endo
93,293,0.74,A,A,A,1,0,0,0,0,.,30,1,cWS,cW-m,0.36,2.36,2.65,1.55,3.89,5.21,4.96,3.15,BI,anti,A,4.69,4.58,6.10,3.42,5.75,3.55,2.61,4.33,0.07,5.86,0.59,5.71,0.32,34.43,0.22,C3'-endo
94,294,0.75,A,A,A,1,0,0,0,0,.,23,1,tWS,tW+m,4.40,2.68,1.64,1.67,4.80,5.55,5.53,3.27,..,anti,.,4.36,4.59,2.96,6.10,3.35,5.09,4.36,3.88,6.28,5.85,0.68,5.59,0.44,41.17,0.33,C3'-endo
95,295,0.75,U,U,U,0,0,0,1,0,.,,0,,,1.94,1.70,1.74,2.33,4.12,5.39,5.02,3.38,..,anti,.,2.06,1.83,5.51,5.56,0.73,4.31,1.57,3.81,5.87,0.58,5.76,0.31,0.06,33.01,2.71,C2'-endo
96,296,0.76,U,U,U,0,0,0,1,0,(,117,1,cWW,cW-W,2.59,3.21,0.85,1.87,5.23,4.38,0.85,3.70,..,anti,.,0.58,0.87,0.70,5.34,1.54,4.55,1.72,3.86,5.74,0.32,0.01,5.96,0.54,32.14,1.56,O4'-endo
97,297,0.77,C,C,C,0,1,0,0,0,],28,1,cWW,cW-W,1.57,3.61,1.04,1.39,3.50,5.04,4.74,3.59,BI,anti,A,4.17,4.54,5.57,3.59,0.26,3.64,0.99,4.08,6.25,5.85,0.71,5.54,0.49,43.74,0.36,C3'-endo
98,298,0.78,C,C,C,0,1,0,0,0,],27,1,cWW,cW-W,4.97,3.16,1.00,1.37,3.60,5.13,4.75,3.64,BI,anti,A,3.99,4.62,2.90,3.75,3.07,3.81,3.68,4.36,0.04,5.78,0.76,5.53,0.45,45.47,0.27,C3'-endo
99,299,0.79,U,U,U,0,0,0,1,0,.,26,1,cWW,cW-W,5.02,3.17,1.08,1.40,3.82,5.26,4.84,3.65,BI,anti,.,3.84,4.68,3.08,4.10,3.32,4.20,4.02,4.81,0.08,5.78,0.72,5.59,0.39,42.45,0.22,C3'-endo
100,300,0.79,G,G,G,0,0,1,0,0,],25,1,cWW,cW-W,5.26,2.86,1.28,1.72,4.75,4.97,6.07,3.62,..,anti,.,2.28,2.84,3.56,5.24,3.94,5.05,4.69,5.51,5.93,0.04,0.27,5.80,0.52,30.15,1.04,C4'-exo
101,301,0.80,C,C,C,0,1,0,0,0,(,114,1,cWW,cW-W,4.22,3.79,1.17,1.43,3.41,5.37,4.32,3.78,BI,anti,A,4.04,4.62,2.13,3.95,2.82,3.90,3.39,4.25,0.02,5.82,0.71,5.57,0.43,42.56,0.29,C3'-endo
102,302,0.81,A,A,A,1,0,0,0,0,(,113,1,cWW,cW-W,5.05,3.33,0.73,1.34,3.01,5.25,4.04,3.78,BI,anti,.,4.03,4.37,2.85,3.77,3.13,3.65,3.81,3.59,6.24,5.85,0.72,5.53,0.51,44.09,0.38,C3'-endo
103,303,0.82,G,G,G,0,0,1,0,0,(,112,1,cWW,cW-W,2.80,3.33,3.14,1.44,3.42,5.27,4.43,3.30,BI,anti,A,4.21,4.42,3.13,3.28,3.31,3.39,3.49,4.27,6.21,5.91,0.65,5.58,0.48,40.66,0.42,C3'-endo
104,304,0.83,C,C,C,0,1,0,0,0,(,"111,112",2,"cWW,cWW","cW-W,cW-W",4.88,3.47,0.86,1.45,3.46,5.09,4.66,3.82,BI,anti,A,3.76,4.54,2.90,3.63,3.14,3.70,4.19,3.94,0.05,5.81,0.70,5.60,0.40,41.16,0.26,C3'-endo
105,305,0.83,G,G,G,0,0,1,0,0,(,110,1,cWW,cW-W,5.02,3.36,0.89,1.41,3.52,5.38,4.42,3.75,BI,anti,.,3.79,4.58,2.98,3.94,3.12,3.99,3.48,4.73,0.04,5.80,0.71,5.58,0.41,42.08,0.26,C3'-endo
106,306,0.84,G,G,G,0,0,1,0,0,.,109,1,tSH,tm-M,5.14,3.22,0.74,1.35,3.32,6.02,3.58,3.77,BI,anti,.,3.93,4.54,2.86,4.32,3.22,3.46,4.26,2.55,0.01,5.82,0.71,5.56,0.44,42.64,0.30,C3'-endo
107,307,0.85,A,A,A,1,0,0,0,0,.,,0,,,2.92,1.79,1.10,1.46,4.12,4.85,5.55,3.22,..,anti,.,4.31,4.34,0.24,4.15,0.84,3.98,0.49,4.86,6.15,6.00,0.56,5.63,0.49,37.08,0.52,C3'-endo
108,308,0.86,A,A,A,1,0,0,0,0,.,,0,,,5.05,2.70,1.00,1.50,3.43,5.16,4.54,3.61,BI,anti,.,4.24,4.48,2.62,3.82,3.07,3.75,4.41,4.46,0.09,5.81,0.65,5.67,0.33,37.92,0.19,C3'-endo
109,309,0.87,A,A,A,1,0,0,0,0,.,106,1,tHS,tM-m,4.83,3.06,1.10,1.56,3.68,5.78,4.18,3.65,BI,anti,.,4.21,4.66,2.90,4.60,3.21,4.67,4.24,5.33,0.16,5.76,0.66,5.70,0.27,37.99,0.09,C3'-endo
110,310,0.87,C,C,C,0,1,0,0,0,),105,1,cWW,cW-W,4.84,2.87,1.25,1.37,3.50,5.11,4.67,3.50,BI,anti,A,4.42,4.64,2.81,3.68,3.59,3.61,4.88,3.89,0.03,5.78,0.75,5.54,0.45,44.69,0.28,C3'-endo
111,311,0.88,G,G,G,0,0,1,0,0,),104,1,cWW,cW-W,5.32,3.06,0.82,1.34,3.19,5.13,4.34,3.65,BI,anti,A,4.02,4.45,2.98,3.95,3.25,3.91,3.83,4.63,0.03,5.78,0.77,5.52,0.46,45.80,0.28,C3'-endo
112,312,0.89,U,U,U,0,0,0,1,0,),"103,104",2,"cWW,cWW","cW-W,cW-W",2.94,3.66,2.72,1.36,4.12,4.34,6.07,3.40,..,anti,.,4.26,4.76,2.90,3.27,3.26,3.36,4.30,3.55,0.07,5.79,0.72,5.58,0.40,42.50,0.24,C3'-endo
113,313,0.90,U,U,U,0,0,0,1,0,),102,1,cWW,cW-W,5.60,2.71,0.65,1.39,3.93,4.43,5.78,3.67,..,anti,A,3.91,4.73,3.05,3.70,3.07,3.74,3.27,3.88,0.03,5.83,0.68,5.60,0.41,40.58,0.28,C3'-endo
114,314,0.90,G,G,G,0,0,1,0,0,),101,1,cWW,cW-W,6.01,2.39,0.56,1.30,3.01,5.26,4.03,3.61,BI,anti,.,4.14,4.30,2.90,3.90,3.17,3.74,3.55,4.25,6.15,5.93,0.68,5.51,0.57,44.13,0.49,C3'-endo
115,315,0.91,A,A,A,1,0,0,0,0,.,,0,,,2.90,3.27,2.99,1.48,4.32,4.26,0.05,3.40,..,anti,A,4.28,4.81,3.12,3.76,3.31,3.75,4.13,4.37,0.21,5.72,0.70,5.68,0.25,40.22,0.03,C3'-endo
116,316,0.92,A,A,A,1,0,0,0,0,.,,0,,,2.03,4.24,3.26,1.51,4.39,5.12,5.55,3.19,..,anti,.,4.63,4.83,2.87,4.05,3.21,4.08,4.10,4.98,0.24,5.70,0.69,5.71,0.21,39.52,6.27,C2'-exo
117,317,0.93,A,A,A,1,0,0,0,0,),"24,96",2,"cSW,cWW","cm-W,cW-W",5.41,2.89,0.70,1.36,3.56,4.91,4.93,3.68,BI,anti,.,4.11,4.67,2.64,4.10,3.15,3.97,4.50,4.30,0.06,5.80,0.71,5.59,0.40,41.71,0.25,C3'-endo
118,318,0.94,G,G,G,0,0,1,0,0,),8,1,cWW,cW-W,2.47,3.61,3.32,1.47,3.98,4.84,5.43,3.33,BI,anti,A,4.33,4.68,3.02,3.32,3.27,3.47,3.91,4.13,0.11,5.79,0.68,5.65,0.33,39.32,0.18,C3'-endo
119,319,0.94,A,A,A,1,0,0,0,0,),7,1,cWW,cW-W,5.44,2.77,0.78,1.39,3.75,4.93,5.11,3.70,BI,anti,A,3.83,4.57,2.90,3.75,3.19,3.75,3.99,4.15,6.26,5.87,0.67,5.59,0.45,40.80,0.35,C3'-endo
120,320,0.95,U,U,U,0,0,0,1,0,),6,1,cWW,cW-W,5.18,3.00,0.80,1.40,3.69,4.75,5.22,3.67,BI,anti,A,3.97,4.68,2.81,3.50,2.99,3.58,3.61,3.89,0.08,5.76,0.75,5.57,0.40,44.01,0.22,C3'-endo
121,321,0.96,G,G,G,0,0,1,0,0,),5,1,cWW,cW-W,5.27,2.79,1.09,1.47,3.67,5.15,4.80,3.60,BI,anti,A,3.90,4.55,3.06,3.94,3.27,3.85,3.69,4.26,0.06,5.83,0.66,5.65,0.36,38.62,0.23,C3'-endo
122,322,0.97,A,A,A,1,0,0,0,0,),4,1,cWW,cW-W,5.10,3.01,0.93,1.35,3.61,5.07,4.82,3.66,BI,anti,A,3.96,4.57,2.85,3.68,3.14,3.75,3.86,4.47,6.24,5.87,0.69,5.55,0.49,42.50,0.38,C3'-endo
123,323,0.98,G,G,G,0,0,1,0,0,),3,1,cWW,cW-W,5.29,3.13,0.72,1.44,3.20,5.17,4.31,3.79,BI,anti,A,3.85,4.45,2.91,3.99,3.20,3.79,4.13,4.03,0.08,5.80,0.68,5.63,0.36,39.84,0.21,C3'-endo
124,324,0.98,C,C,C,0,1,0,0,0,),2,1,cWW,cW-W,2.70,3.26,3.02,1.47,4.01,5.24,5.05,3.38,BI,anti,.,4.68,4.86,2.84,3.76,3.04,3.85,3.63,4.53,0.21,5.71,0.70,5.69,0.24,39.98,0.03,C3'-endo
125,325,0.99,C,C,C,0,1,0,0,0,),1,1,cWW,cW-W,5.25,3.14,0.89,1.37,3.57,5.06,4.79,3.70,BI,anti,A,3.90,4.58,2.93,3.65,3.34,3.70,4.28,4.19,0.02,5.82,0.70,5.58,0.43,41.93,0.29,C3'-endo
126,326,1.00,A,A,A,1,0,0,0,0,.,,0,,,5.20,3.03,0.88,1.32,,,,3.72,n/a,anti,-,,,,,,,,,0.00,5.86,0.66,5.61,0.42,39.87,0.32,C3'-endo
