index_chain,old_nt_resnum,nt_position,nt_name,nt_code,nt_align_code,is_A,is_C,is_G,is_U,is_other,dbn,paired,nb_interact,pair_type_LW,pair_type_DSSR,alpha,beta,gamma,delta,epsilon,zeta,epsilon_zeta,chi,bb_type,glyco_bond,form,ssZp,Dp,eta,theta,eta_prime,theta_prime,eta_base,theta_base,v0,v1,v2,v3,v4,amplitude,phase_angle,puckering
1,1,0.10,G,G,G,0,0,1,0,0,),0,1,cWW,cW-W,,,1.32,1.38,3.95,4.52,5.71,3.12,..,anti,A,4.71,4.72,,,,,,,0.14,5.68,0.81,5.53,0.39,46.97,0.16,C3'-endo
2,2,0.20,C,C,C,0,1,0,0,0,),0,1,cWW,cW-W,5.54,2.58,0.80,1.38,3.78,4.88,5.18,3.33,BI,anti,A,4.44,4.55,2.94,3.81,3.16,3.80,3.75,4.20,0.01,5.78,0.81,5.49,0.49,48.28,0.30,C3'-endo
3,3,0.30,G,G,G,0,0,1,0,0,),0,1,cWW,cW-W,5.20,3.10,0.92,1.42,3.68,4.93,5.03,3.46,BI,anti,A,4.40,4.58,2.99,3.65,3.13,3.65,3.81,4.06,0.07,5.75,0.76,5.53,0.42,44.92,0.24,C3'-endo
4,4,0.40,C,C,C,0,1,0,0,0,),0,1,cWW,cW-W,5.32,3.05,0.69,1.35,3.40,4.91,4.77,3.47,BI,anti,A,4.59,4.76,2.95,3.95,3.07,3.88,3.69,4.38,0.05,5.74,0.78,5.51,0.47,46.23,0.27,C3'-endo
5,5,0.50,G,G,G,0,0,1,0,0,),0,1,cWW,cW-W,2.21,3.59,3.37,1.54,3.89,4.99,5.18,3.20,BI,anti,A,4.87,4.86,2.88,3.41,3.17,3.48,4.06,3.95,0.27,5.68,0.70,5.73,0.18,39.98,6.21,C2'-exo
6,6,0.60,C,C,C,0,1,0,0,0,),0,1,cWW,cW-W,5.37,3.13,0.63,1.49,3.46,5.22,4.52,3.47,BI,anti,A,4.50,4.65,2.96,3.71,3.20,3.76,3.88,4.08,0.32,5.61,0.77,5.69,0.19,44.38,6.20,C2'-exo
7,7,0.70,G,G,G,0,0,1,0,0,),0,1,cWW,cW-W,4.96,3.19,0.98,1.49,3.37,4.68,4.97,3.41,BI,anti,A,4.42,4.49,2.97,3.71,3.23,3.69,3.79,4.18,0.07,5.72,0.81,5.51,0.45,47.86,0.23,C3'-endo
8,8,0.80,C,C,C,0,1,0,0,0,),0,1,cWW,cW-W,0.02,2.49,0.13,1.38,3.17,5.30,4.15,3.53,BI,anti,A,4.36,4.53,2.95,3.56,3.17,3.59,3.94,3.89,0.14,5.65,0.87,5.50,0.42,50.32,0.16,C3'-endo
9,9,0.90,G,G,G,0,0,1,0,0,),0,1,cWW,cW-W,4.72,3.22,1.09,1.50,3.51,4.61,5.18,3.53,BI,anti,A,4.22,4.42,2.90,3.95,3.12,3.90,3.65,4.34,0.24,5.65,0.78,5.63,0.26,44.97,0.02,C3'-endo
10,10,1.00,C,C,C,0,1,0,0,0,),0,1,cWW,cW-W,2.90,3.89,2.95,1.71,,,,3.13,n/a,anti,-,,,,,,,,,6.24,6.10,0.32,5.94,0.25,20.07,0.43,C3'-endo
