index_chain,old_nt_resnum,nt_position,nt_name,nt_code,nt_align_code,is_A,is_C,is_G,is_U,is_other,dbn,paired,nb_interact,pair_type_LW,pair_type_DSSR,alpha,beta,gamma,delta,epsilon,zeta,epsilon_zeta,chi,bb_type,glyco_bond,form,ssZp,Dp,eta,theta,eta_prime,theta_prime,eta_base,theta_base,v0,v1,v2,v3,v4,amplitude,phase_angle,puckering
1,1,0.08,G,G,G,0,0,1,0,0,.,,0,,,,,1.30,1.49,3.62,5.04,4.86,3.38,BI,anti,A,4.30,4.54,,,,,,,0.05,5.81,0.69,5.61,0.40,40.88,0.25,C3'-endo
2,2,0.17,A,A,A,1,0,0,0,0,.,,0,,,5.09,3.09,0.91,1.45,3.89,5.07,5.11,3.54,BI,anti,A,4.14,4.76,3.00,3.96,3.21,3.96,3.97,4.46,0.10,5.77,0.71,5.62,0.36,41.34,0.19,C3'-endo
3,3,0.25,U,U,U,0,0,0,1,0,.,,0,,,5.12,2.74,1.05,1.28,3.57,5.03,4.82,3.42,BI,anti,A,4.46,4.66,2.71,3.59,3.07,3.57,3.94,3.92,6.18,5.87,0.75,5.46,0.58,47.48,0.44,C3'-endo
4,4,0.33,C,C,C,0,1,0,0,0,.,,0,,,5.15,3.13,0.95,1.40,3.65,4.80,5.13,3.51,BI,anti,A,4.32,4.69,3.02,3.52,3.19,3.55,3.74,3.87,0.00,5.82,0.71,5.55,0.46,43.06,0.32,C3'-endo
5,5,0.42,A,A,A,1,0,0,0,0,(,0,1,cWW,cW-W,5.34,2.90,0.78,1.40,3.74,4.96,5.06,3.62,BI,anti,A,4.14,4.67,2.95,3.73,3.10,3.76,3.57,4.18,0.09,5.76,0.74,5.58,0.38,43.17,0.20,C3'-endo
6,6,0.50,C,C,C,0,1,0,0,0,(,0,1,cWW,cW-W,5.24,2.88,0.92,1.37,3.49,5.28,4.50,3.55,BI,anti,A,4.48,4.65,2.88,3.83,3.14,3.83,3.84,4.45,0.02,5.79,0.75,5.53,0.47,44.77,0.30,C3'-endo
7,7,0.58,U,U,U,0,0,0,1,0,(,0,1,cWW,cW-W,4.91,3.16,1.04,1.41,3.31,4.77,4.82,3.39,BI,anti,.,4.52,4.56,2.91,3.19,3.23,3.24,4.21,3.16,0.10,5.76,0.72,5.60,0.37,42.01,0.19,C3'-endo
8,8,0.67,U,U,U,0,0,0,1,0,.,0,1,cWW,cW-W,5.02,3.43,0.87,1.41,3.76,4.87,5.18,3.51,BI,anti,A,4.34,4.66,3.14,3.74,3.03,3.84,2.86,4.48,0.03,5.82,0.70,5.58,0.43,41.86,0.29,C3'-endo
9,9,0.75,C,C,C,0,1,0,0,0,.,0,1,cWW,cW-W,5.67,2.84,0.60,1.37,3.45,5.35,4.39,3.66,BI,anti,.,4.26,4.51,2.98,4.23,3.24,4.05,4.08,4.55,0.05,5.80,0.71,5.59,0.40,41.93,0.25,C3'-endo
10,10,0.83,G,G,G,0,0,1,0,0,(,0,1,cWW,cW-W,2.78,3.03,2.95,1.49,3.67,5.22,4.74,3.08,BI,anti,A,5.18,4.58,2.71,3.41,3.04,3.52,3.99,4.13,0.24,5.69,0.71,5.69,0.23,40.64,6.28,C2'-exo
11,11,0.92,G,G,G,0,0,1,0,0,(,0,1,cWW,cW-W,4.96,3.44,0.82,1.45,3.61,5.20,4.69,3.28,BI,anti,A,4.73,4.73,2.91,3.85,3.14,3.94,3.97,4.39,0.14,5.71,0.76,5.59,0.35,44.23,0.14,C3'-endo
12,12,1.00,U,U,U,0,0,0,1,0,(,0,1,cWW,cW-W,5.05,3.23,1.07,1.31,,,,3.31,n/a,anti,-,,,,,,,,,0.06,5.78,0.72,5.58,0.41,42.65,0.24,C3'-endo
