index_chain,old_nt_resnum,nt_position,nt_name,nt_code,nt_align_code,is_A,is_C,is_G,is_U,is_other,dbn,paired,nb_interact,pair_type_LW,pair_type_DSSR,alpha,beta,gamma,delta,epsilon,zeta,epsilon_zeta,chi,bb_type,glyco_bond,form,ssZp,Dp,eta,theta,eta_prime,theta_prime,eta_base,theta_base,v0,v1,v2,v3,v4,amplitude,phase_angle,puckering
1,1,0.04,GTP,g,G,0,0,0,0,1,.,,0,,,,,0.87,1.61,3.82,2.68,1.14,3.50,..,anti,.,3.98,4.44,,,,,,,0.03,5.87,0.60,5.67,0.37,36.04,0.28,C3'-endo
2,2,0.07,G,G,G,0,0,1,0,0,.,,0,,,5.15,2.56,0.71,1.38,3.69,5.10,4.87,3.10,BI,anti,A,4.72,4.66,3.05,3.88,3.08,3.89,2.95,4.18,0.11,5.78,0.67,5.65,0.33,39.11,0.17,C3'-endo
3,3,0.11,C,C,C,0,1,0,0,0,(,18,1,cWW,cW-W,5.10,3.28,0.97,1.37,3.68,5.04,4.92,3.37,BI,anti,A,4.59,4.71,3.05,3.75,3.26,3.83,3.83,4.34,6.27,5.87,0.65,5.60,0.44,39.87,0.35,C3'-endo
4,4,0.14,G,G,G,0,0,1,0,0,(,"17,20",2,"cWW,tSS","cW-W,tm+m",5.25,2.99,0.96,1.39,3.73,4.84,5.17,3.31,BI,anti,A,4.65,4.69,3.01,3.61,3.29,3.61,4.07,3.92,0.05,5.79,0.72,5.58,0.41,42.56,0.25,C3'-endo
5,5,0.18,C,C,C,0,1,0,0,0,(,16,1,cWW,cW-W,5.38,2.96,0.84,1.31,3.79,4.94,5.13,3.46,BI,anti,A,4.39,4.78,3.01,3.64,3.14,3.69,3.64,4.07,0.08,5.78,0.72,5.60,0.38,42.11,0.22,C3'-endo
6,6,0.21,G,G,G,0,0,1,0,0,(,15,1,cWW,cW-W,5.16,2.84,1.06,1.37,3.53,5.12,4.69,3.32,BI,anti,A,4.58,4.67,2.90,3.75,3.16,3.76,3.78,4.28,0.04,5.81,0.70,5.58,0.41,41.59,0.27,C3'-endo
7,7,0.25,G,G,G,0,0,1,0,0,(,"14,24",2,"cWW,tSW","cW-W,tm+W",5.20,3.26,0.80,1.40,3.56,5.17,4.67,3.58,BI,anti,.,4.22,4.64,3.02,4.12,3.24,3.84,4.00,3.63,6.28,5.88,0.64,5.62,0.42,38.64,0.33,C3'-endo
8,8,0.29,C,C,C,0,1,0,0,0,.,"12,26",2,"tWH,tWW","tW-M,tW+W",2.65,2.98,3.23,1.38,3.69,1.13,2.56,3.31,..,anti,.,4.79,4.72,2.81,5.88,2.90,5.25,2.96,3.94,0.00,5.84,0.69,5.58,0.44,41.68,0.31,C3'-endo
9,9,0.32,A,A,A,1,0,0,0,0,.,,0,,,1.05,2.33,0.94,1.51,4.20,5.27,5.21,3.02,..,anti,.,4.52,4.64,5.18,4.63,6.21,4.55,1.39,5.44,0.05,5.85,0.64,5.64,0.38,38.19,0.26,C3'-endo
10,10,0.36,C,C,C,0,1,0,0,0,[,28,1,cWW,cW-W,4.91,3.13,0.86,1.38,3.70,5.06,4.92,3.43,BI,anti,A,4.40,4.68,2.54,3.75,3.07,3.83,4.54,4.24,0.10,5.78,0.70,5.63,0.35,40.61,0.19,C3'-endo
11,11,0.39,C,C,C,0,1,0,0,0,[,27,1,cWW,cW-W,5.12,3.12,0.90,1.42,3.71,5.11,4.88,3.29,BI,anti,A,4.53,4.63,2.99,3.82,3.20,3.85,3.82,4.31,0.04,5.82,0.70,5.58,0.42,41.78,0.28,C3'-endo
12,12,0.43,G,G,G,0,0,1,0,0,[,"8,26",2,"tHW,cWW","tM-W,cW-W",5.18,3.10,0.88,1.52,4.25,4.06,0.19,3.58,..,anti,.,3.85,4.65,3.17,3.23,3.36,2.84,3.98,2.38,0.03,5.87,0.62,5.65,0.38,37.17,0.29,C3'-endo
13,13,0.46,U,U,U,0,0,0,1,0,.,,0,,,5.27,2.52,5.08,2.62,4.77,5.13,5.93,3.99,..,anti,.,-0.06,0.32,1.57,5.26,1.45,5.07,0.94,5.59,5.84,0.67,5.64,0.41,0.01,39.38,2.79,C2'-endo
14,14,0.50,C,C,C,0,1,0,0,0,),"7,25",2,"cWW,cSW","cW-W,cm-W",5.00,3.85,0.89,1.32,3.53,5.08,4.73,3.38,BI,anti,A,4.20,4.52,2.96,3.55,3.63,3.70,3.77,4.31,6.28,5.85,0.67,5.59,0.44,40.32,0.33,C3'-endo
15,15,0.54,C,C,C,0,1,0,0,0,),"6,23",2,"cWW,cSW","cW-W,cm-W",5.00,3.22,0.85,1.40,3.64,5.15,4.78,3.53,BI,anti,A,4.14,4.63,2.90,3.79,3.12,3.83,3.83,4.26,0.10,5.76,0.73,5.61,0.36,42.44,0.18,C3'-endo
16,16,0.57,G,G,G,0,0,1,0,0,),5,1,cWW,cW-W,5.09,3.03,0.99,1.38,3.46,5.02,4.72,3.45,BI,anti,.,4.40,4.54,2.93,4.05,3.21,3.93,3.90,4.39,6.24,5.90,0.63,5.61,0.45,39.11,0.38,C3'-endo
17,17,0.61,C,C,C,0,1,0,0,0,),4,1,cWW,cW-W,2.60,3.49,3.22,1.53,3.66,4.97,4.98,3.31,BI,anti,A,4.46,4.59,3.03,3.23,3.33,3.46,4.18,3.80,0.14,5.79,0.62,5.72,0.26,35.86,0.10,C3'-endo
18,18,0.64,G,G,G,0,0,1,0,0,),3,1,cWW,cW-W,5.27,3.41,0.90,2.71,4.49,1.41,3.08,3.99,..,anti,.,1.40,1.24,3.41,2.24,3.87,1.79,4.13,2.32,5.75,0.71,5.66,0.32,0.13,40.57,2.64,C2'-endo
19,19,0.68,G,G,G,0,0,1,0,0,.,,0,,,1.40,3.36,5.13,2.79,4.87,1.35,3.52,3.07,..,anti,.,0.50,0.81,5.02,1.74,4.77,1.23,4.39,0.94,6.08,0.53,5.67,0.52,6.08,35.34,3.14,C2'-endo
20,20,0.71,A,A,A,1,0,0,0,0,.,4,1,tSS,tm+m,1.18,3.32,3.12,1.49,3.46,2.25,1.21,4.00,..,anti,.,3.27,4.13,2.44,0.17,2.11,0.43,2.21,1.20,6.20,5.95,0.59,5.62,0.47,37.84,0.45,C3'-endo
21,21,0.75,A,A,A,1,0,0,0,0,.,,0,,,4.93,2.89,0.98,1.51,3.64,5.08,4.84,3.34,BI,anti,A,4.49,4.65,3.27,3.92,3.60,3.87,3.36,4.42,0.00,5.87,0.64,5.62,0.41,38.90,0.32,C3'-endo
22,22,0.79,C,C,C,0,1,0,0,0,.,,0,,,5.37,3.03,0.70,1.45,3.56,5.25,4.59,3.60,BI,anti,.,4.27,4.61,2.91,4.38,3.17,4.28,4.08,4.88,0.04,5.85,0.63,5.65,0.37,37.70,0.27,C3'-endo
23,23,0.82,A,A,A,1,0,0,0,0,.,15,1,cWS,cW-m,2.55,3.35,3.30,1.48,3.78,5.07,4.99,3.30,BI,anti,A,4.61,4.72,2.93,3.33,3.36,3.52,4.41,4.32,0.11,5.80,0.65,5.68,0.31,37.91,0.16,C3'-endo
24,24,0.86,A,A,A,1,0,0,0,0,.,7,1,tWS,tW+m,5.14,2.91,1.06,1.49,4.03,4.96,5.35,3.41,..,anti,.,4.21,4.74,3.00,3.63,3.36,3.38,4.35,2.86,0.07,5.83,0.66,5.65,0.35,38.54,0.22,C3'-endo
25,25,0.89,A,A,A,1,0,0,0,0,.,14,1,cWS,cW-m,4.50,1.60,2.44,1.46,3.71,5.16,4.83,3.44,BI,anti,A,4.26,4.60,3.15,3.20,3.06,3.34,2.73,4.06,0.08,5.83,0.63,5.69,0.32,36.73,0.19,C3'-endo
26,26,0.93,C,C,C,0,1,0,0,0,],"8,12",2,"tWW,cWW","tW+W,cW-W",5.00,3.06,0.99,1.45,3.80,4.83,5.25,3.53,BI,anti,A,4.24,4.67,2.86,3.73,3.17,3.75,4.12,4.09,6.28,5.86,0.66,5.60,0.43,40.09,0.32,C3'-endo
27,27,0.96,G,G,G,0,0,1,0,0,],11,1,cWW,cW-W,5.33,2.97,0.84,1.39,3.51,5.11,4.69,3.52,BI,anti,.,4.02,4.56,2.93,4.16,3.14,3.98,3.68,4.39,6.26,5.89,0.64,5.60,0.44,39.39,0.36,C3'-endo
28,28,1.00,G,G,G,0,0,1,0,0,],10,1,cWW,cW-W,2.59,3.42,3.23,1.33,,,,3.12,n/a,anti,-,,,,,,,,,0.06,5.82,0.67,5.63,0.37,39.60,0.24,C3'-endo
