index_chain,old_nt_resnum,nt_position,nt_name,nt_code,nt_align_code,is_A,is_C,is_G,is_U,is_other,dbn,paired,nb_interact,pair_type_LW,pair_type_DSSR,alpha,beta,gamma,delta,epsilon,zeta,epsilon_zeta,chi,bb_type,glyco_bond,form,ssZp,Dp,eta,theta,eta_prime,theta_prime,eta_base,theta_base,v0,v1,v2,v3,v4,amplitude,phase_angle,puckering
1,1,0.07,G,G,G,0,0,1,0,0,(,0,1,cWW,cW-W,,,0.14,1.62,3.83,4.99,5.12,3.16,BI,anti,A,4.61,4.65,,,,,,,0.37,5.64,0.66,5.82,0.06,38.91,6.05,C2'-exo
2,2,0.14,G,G,G,0,0,1,0,0,(,0,1,cWW,cW-W,5.06,2.99,1.04,1.36,3.83,4.98,5.13,3.28,BI,anti,A,4.70,4.76,2.87,3.80,3.14,3.82,3.82,4.27,0.21,5.68,0.75,5.64,0.27,42.88,0.04,C3'-endo
3,3,0.21,G,G,G,0,0,1,0,0,(,0,1,cWW,cW-W,5.27,3.05,0.85,1.39,3.47,5.10,4.66,3.36,BI,anti,A,4.57,4.60,2.84,3.67,3.10,3.70,3.92,4.08,0.15,5.71,0.75,5.60,0.34,43.49,0.13,C3'-endo
4,4,0.29,A,A,A,1,0,0,0,0,(,0,1,cWW,cW-W,4.67,3.19,1.42,1.33,3.72,5.00,5.00,3.39,BI,anti,A,4.58,4.72,2.94,3.71,3.17,3.67,3.80,4.03,0.12,5.74,0.74,5.60,0.36,42.98,0.17,C3'-endo
5,5,0.36,G,G,G,0,0,1,0,0,(,0,1,cWW,cW-W,5.14,2.97,1.07,1.26,3.75,4.72,5.31,3.22,BI,anti,A,4.76,4.76,2.88,3.49,3.09,3.53,3.80,3.85,0.15,5.69,0.79,5.57,0.36,45.47,0.13,C3'-endo
6,6,0.43,A,A,A,1,0,0,0,0,(,0,1,cWW,cW-W,5.52,2.79,0.94,1.40,3.86,4.72,5.43,3.27,BI,anti,A,4.76,4.80,3.12,3.67,3.26,3.69,3.75,3.93,0.20,5.70,0.72,5.66,0.27,41.48,0.05,C3'-endo
7,7,0.50,A,A,A,1,0,0,0,0,(,0,1,cWW,cW-W,5.38,2.84,0.89,1.39,3.76,4.82,5.22,3.47,BI,anti,A,4.51,4.73,3.01,3.72,3.18,3.74,3.64,4.34,0.09,5.78,0.70,5.61,0.37,41.21,0.20,C3'-endo
8,8,0.57,C,C,C,0,1,0,0,0,(,0,1,cWW,cW-W,5.41,2.71,0.93,1.40,3.79,4.95,5.12,3.62,BI,anti,A,4.20,4.70,2.95,3.80,3.22,3.73,4.10,4.03,0.14,5.74,0.71,5.64,0.32,41.16,0.13,C3'-endo
9,9,0.64,A,A,A,1,0,0,0,0,(,0,1,cWW,cW-W,5.06,3.11,0.78,1.20,1.19,1.70,5.77,3.32,..,anti,A,3.88,3.88,3.17,3.90,3.35,3.88,3.86,4.03,0.16,5.69,0.79,5.57,0.35,45.41,0.13,C3'-endo
10,10,0.71,A,A,A,1,0,0,0,0,(,0,1,cWW,cW-W,4.04,2.51,1.00,1.24,3.00,4.92,4.37,3.47,BI,anti,A,4.15,4.16,2.57,3.57,3.07,3.48,3.53,3.99,6.00,6.07,0.59,5.51,0.67,44.18,0.69,C4'-exo
11,11,0.79,C,C,C,0,1,0,0,0,.,0,1,cWW,cW-W,3.57,3.92,1.97,1.25,4.06,4.69,5.65,3.78,..,anti,.,3.44,4.68,2.90,3.68,3.02,3.69,3.69,4.11,6.16,5.93,0.67,5.53,0.55,43.15,0.48,C3'-endo
12,12,0.86,G,G,G,0,0,1,0,0,(,0,1,cWW,cW-W,5.19,2.53,1.29,1.25,4.07,4.61,5.74,3.10,..,anti,A,4.83,4.85,3.01,3.65,3.22,3.64,3.87,4.22,0.08,5.76,0.74,5.57,0.40,43.59,0.22,C3'-endo
13,13,0.93,C,C,C,0,1,0,0,0,(,0,1,cWW,cW-W,5.68,2.77,0.51,1.42,4.15,4.59,5.84,3.41,..,anti,A,4.50,4.83,2.97,3.74,3.10,3.88,3.91,4.29,0.25,5.65,0.75,5.66,0.24,43.22,6.28,C2'-exo
14,14,1.00,G,G,G,0,0,1,0,0,(,0,1,cWW,cW-W,5.30,2.76,1.00,1.60,,,,3.43,n/a,anti,-,,,,,,,,,0.03,5.94,0.51,5.77,0.30,30.35,0.27,C3'-endo
