index_chain,old_nt_resnum,nt_position,nt_name,nt_code,nt_align_code,is_A,is_C,is_G,is_U,is_other,dbn,paired,nb_interact,pair_type_LW,pair_type_DSSR,alpha,beta,gamma,delta,epsilon,zeta,epsilon_zeta,chi,bb_type,glyco_bond,form,ssZp,Dp,eta,theta,eta_prime,theta_prime,eta_base,theta_base,v0,v1,v2,v3,v4,amplitude,phase_angle,puckering
1,1,0.06,G,G,G,0,0,1,0,0,(,0,1,cWW,cW-W,,,0.66,1.47,3.91,4.78,5.42,3.17,BI,anti,A,4.68,4.65,,,,,,,0.00,5.87,0.64,5.63,0.41,38.56,0.32,C3'-endo
2,2,0.11,C,C,C,0,1,0,0,0,(,0,1,cWW,cW-W,5.22,2.81,1.00,1.42,3.58,4.98,4.88,3.54,BI,anti,A,4.37,4.61,2.82,3.74,3.16,3.72,4.28,4.03,0.10,5.75,0.74,5.59,0.37,42.91,0.19,C3'-endo
3,3,0.17,A,A,A,1,0,0,0,0,(,0,1,cWW,cW-W,5.08,3.08,1.11,1.49,3.49,5.10,4.68,3.25,BI,anti,A,4.17,4.32,3.03,3.82,3.27,3.81,3.85,4.44,0.01,5.88,0.62,5.65,0.39,37.15,0.31,C3'-endo
4,4,0.22,U,U,U,0,0,0,1,0,(,0,1,cWW,cW-W,5.06,3.03,1.12,1.35,3.54,4.96,4.87,3.63,BI,anti,A,4.21,4.63,2.96,3.58,3.26,3.53,4.19,3.81,0.10,5.77,0.72,5.61,0.36,41.85,0.19,C3'-endo
5,5,0.28,G,G,G,0,0,1,0,0,(,0,1,cWW,cW-W,5.12,2.83,1.05,1.39,3.84,5.08,5.04,3.57,BI,anti,A,4.20,4.69,2.93,3.91,3.10,3.89,3.61,4.45,0.10,5.78,0.70,5.62,0.35,40.68,0.19,C3'-endo
6,6,0.33,C,C,C,0,1,0,0,0,(,0,1,cWW,cW-W,5.17,2.77,1.12,1.31,3.81,4.93,5.17,3.37,BI,anti,A,4.56,4.70,2.85,3.67,3.19,3.63,4.13,4.03,0.02,5.82,0.71,5.57,0.43,42.46,0.29,C3'-endo
7,7,0.39,G,G,G,0,0,1,0,0,(,0,1,cWW,cW-W,4.84,2.78,1.37,1.30,3.85,4.74,5.40,3.34,BI,anti,A,4.60,4.74,2.80,3.55,3.02,3.55,3.73,3.92,0.08,5.76,0.75,5.57,0.40,43.81,0.22,C3'-endo
8,8,0.44,A,A,A,1,0,0,0,0,(,0,1,cWW,cW-W,5.41,2.85,0.96,1.38,3.84,5.13,5.00,3.43,BI,anti,.,4.51,4.76,3.09,3.98,3.24,4.01,3.80,4.56,0.15,5.73,0.72,5.63,0.32,41.73,0.12,C3'-endo
9,9,0.50,C,C,C,0,1,0,0,0,(,0,1,cWW,cW-W,5.21,2.90,1.16,1.25,3.87,4.92,5.23,3.62,BI,anti,A,4.10,4.72,2.99,3.70,3.35,3.70,4.26,4.15,6.26,5.83,0.73,5.52,0.49,44.67,0.35,C3'-endo
10,10,0.56,C,C,C,0,1,0,0,0,(,0,1,cWW,cW-W,5.07,2.74,1.30,1.24,3.49,4.89,4.89,3.44,BI,anti,A,4.53,4.64,2.76,3.49,3.09,3.41,3.90,3.64,0.01,5.78,0.78,5.50,0.49,46.70,0.31,C3'-endo
11,11,0.61,U,U,U,0,0,0,1,0,(,0,1,cWW,cW-W,5.38,3.06,0.86,1.31,3.61,5.08,4.81,3.38,BI,anti,A,4.61,4.69,3.01,3.70,3.09,3.77,3.54,4.23,0.16,5.69,0.77,5.59,0.33,44.63,0.11,C3'-endo
12,12,0.67,C,C,C,0,1,0,0,0,(,0,1,cWW,cW-W,4.58,3.16,1.58,1.41,3.38,4.97,4.69,3.20,BI,anti,A,4.58,4.57,2.91,3.89,3.23,3.82,4.02,4.13,0.16,5.71,0.74,5.62,0.32,42.86,0.11,C3'-endo
13,13,0.72,U,U,U,0,0,0,1,0,(,0,1,cWW,cW-W,3.90,3.76,1.88,1.46,3.58,5.43,4.43,3.49,BI,anti,A,4.36,4.49,2.90,3.99,3.15,3.65,3.75,3.68,6.24,5.93,0.59,5.66,0.42,36.26,0.39,C3'-endo
14,14,0.78,G,G,G,0,0,1,0,0,(,0,1,cWW,cW-W,3.89,2.13,2.42,1.53,4.18,4.91,5.55,3.17,..,anti,A,4.79,4.80,2.94,3.46,3.05,3.54,3.43,4.15,0.22,5.74,0.64,5.75,0.20,36.62,6.27,C2'-exo
15,15,0.83,U,U,U,0,0,0,1,0,(,"0,0",2,"cWW,cWW","cW-W,cW-W",4.87,2.92,1.08,1.40,3.70,4.83,5.15,3.59,BI,anti,.,4.29,4.65,2.66,3.66,3.01,3.68,3.86,4.16,0.01,5.86,0.66,5.61,0.42,39.65,0.31,C3'-endo
16,16,0.89,U,U,U,0,0,0,1,0,(,0,1,cWW,cW-W,5.33,2.88,0.91,1.37,3.58,5.05,4.82,3.41,BI,anti,A,4.56,4.66,2.94,3.73,3.19,3.72,3.93,4.05,0.13,5.73,0.74,5.60,0.35,43.12,0.15,C3'-endo
17,17,0.94,U,U,U,0,0,0,1,0,(,0,1,cWW,cW-W,5.05,2.99,1.23,1.38,3.50,5.24,4.54,3.21,BI,anti,A,4.61,4.61,3.00,3.89,3.26,3.85,3.93,4.36,0.11,5.76,0.72,5.61,0.35,41.63,0.18,C3'-endo
18,18,1.00,G,G,G,0,0,1,0,0,(,0,1,cWW,cW-W,4.64,3.58,0.98,1.40,,,,3.65,n/a,anti,-,,,,,,,,,0.06,5.81,0.69,5.61,0.38,40.48,0.24,C3'-endo
