index_chain,old_nt_resnum,nt_position,nt_name,nt_code,nt_align_code,is_A,is_C,is_G,is_U,is_other,dbn,paired,nb_interact,pair_type_LW,pair_type_DSSR,alpha,beta,gamma,delta,epsilon,zeta,epsilon_zeta,chi,bb_type,glyco_bond,form,ssZp,Dp,eta,theta,eta_prime,theta_prime,eta_base,theta_base,v0,v1,v2,v3,v4,amplitude,phase_angle,puckering
1,28,0.07,G,G,G,0,0,1,0,0,[,15,1,cWW,cW-W,,,3.51,2.42,5.14,1.39,3.75,0.43,..,syn,.,4.44,4.43,,,,,,,5.85,0.61,5.74,0.32,0.07,34.43,2.70,C2'-endo
2,29,0.13,G,G,G,0,0,1,0,0,.,,0,,,0.83,3.22,5.12,1.54,3.75,4.90,5.13,3.58,BI,anti,.,4.08,4.44,4.05,3.69,3.68,3.78,4.01,4.80,0.04,5.90,0.56,5.73,0.32,33.11,0.26,C3'-endo
3,30,0.20,G,G,G,0,0,1,0,0,[,"13,14",2,"cWW,cWW","cW-W,cW-W",2.63,3.66,2.82,1.57,3.67,5.14,4.81,3.06,BI,anti,A,4.33,4.44,2.52,3.74,3.07,3.71,4.33,4.28,0.09,5.88,0.55,5.77,0.27,32.01,0.17,C3'-endo
4,31,0.27,A,A,A,1,0,0,0,0,[,12,1,cWW,cW-W,4.89,3.38,0.90,1.55,3.99,4.88,5.39,3.37,BI,anti,.,4.33,4.58,3.00,3.99,3.24,4.08,4.03,4.75,0.08,5.86,0.58,5.73,0.30,33.80,0.19,C3'-endo
5,32,0.33,U,U,U,0,0,0,1,0,.,11,1,cWW,cW-W,5.27,2.75,0.96,1.51,3.75,5.36,4.68,3.43,BI,anti,.,4.36,4.45,2.87,4.26,3.24,4.20,4.18,4.78,0.03,5.89,0.58,5.71,0.34,34.24,0.27,C3'-endo
6,33,0.40,U,U,U,0,0,0,1,0,.,9,1,tSH,tm-M,4.84,3.43,0.78,1.38,3.72,5.12,4.88,3.91,BI,anti,.,3.51,4.60,2.70,4.00,3.04,3.33,3.95,2.28,6.28,5.88,0.64,5.63,0.42,38.47,0.33,C3'-endo
7,34,0.47,G,G,G,0,0,1,0,0,),0,1,cWW,cW-W,3.16,2.73,0.77,1.52,4.19,4.75,5.72,3.23,..,anti,A,4.42,4.59,0.69,4.03,0.96,4.02,0.51,4.34,0.09,5.86,0.59,5.73,0.29,34.14,0.18,C3'-endo
8,35,0.53,A,A,A,1,0,0,0,0,),0,1,cWW,cW-W,5.13,2.73,1.00,1.44,3.27,5.25,4.31,3.47,BI,anti,.,4.24,4.35,2.68,4.17,3.03,3.91,3.70,4.32,0.00,5.90,0.60,5.67,0.39,36.15,0.32,C3'-endo
9,36,0.60,A,A,A,1,0,0,0,0,),"0,0,6",3,"tSW,cWW,tHS","tm+W,cW-W,tM-m",2.63,3.21,3.14,1.49,3.98,4.96,5.30,3.07,BI,anti,A,4.63,4.72,2.89,3.39,3.16,3.55,4.03,4.34,0.13,5.79,0.65,5.69,0.29,37.75,0.13,C3'-endo
10,37,0.67,A,A,A,1,0,0,0,0,.,,0,,,5.10,2.88,1.03,1.48,3.92,5.21,4.99,3.23,BI,anti,.,4.68,4.72,2.87,4.22,3.20,4.24,4.18,5.16,0.06,5.85,0.62,5.68,0.35,36.49,0.24,C3'-endo
11,38,0.73,A,A,A,1,0,0,0,0,.,5,1,cWW,cW-W,5.09,3.07,0.92,1.49,3.70,5.14,4.84,3.60,BI,anti,A,4.19,4.63,2.82,3.95,3.26,3.96,4.59,4.60,0.08,5.84,0.61,5.70,0.31,35.69,0.19,C3'-endo
12,39,0.80,U,U,U,0,0,0,1,0,],4,1,cWW,cW-W,5.13,3.03,0.86,1.42,3.83,4.74,5.37,3.68,BI,anti,A,4.12,4.74,2.81,3.60,3.13,3.62,4.09,4.23,0.07,5.83,0.64,5.66,0.35,37.71,0.22,C3'-endo
13,40,0.87,C,C,C,0,1,0,0,0,],3,1,cWW,cW-W,5.17,2.51,1.19,1.45,2.65,2.25,0.40,3.51,..,anti,.,4.14,4.14,2.70,6.24,3.23,4.39,4.20,4.07,0.12,5.79,0.65,5.68,0.31,37.85,0.15,C3'-endo
14,41,0.93,C,C,C,0,1,0,0,0,.,3,1,cWW,cW-W,2.64,1.67,1.20,1.47,3.52,4.84,4.96,4.12,BI,anti,.,2.90,4.48,0.40,4.31,2.34,3.71,2.71,3.44,0.04,5.88,0.60,5.69,0.35,35.54,0.27,C3'-endo
15,42,1.00,C,C,C,0,1,0,0,0,],1,1,cWW,cW-W,1.57,3.80,5.14,2.82,,,,3.92,n/a,anti,-,,,,,,,,,6.02,0.55,5.68,0.47,6.15,34.99,3.03,C2'-endo
