index_chain,old_nt_resnum,nt_position,nt_name,nt_code,nt_align_code,is_A,is_C,is_G,is_U,is_other,dbn,paired,nb_interact,pair_type_LW,pair_type_DSSR,alpha,beta,gamma,delta,epsilon,zeta,epsilon_zeta,chi,bb_type,glyco_bond,form,ssZp,Dp,eta,theta,eta_prime,theta_prime,eta_base,theta_base,v0,v1,v2,v3,v4,amplitude,phase_angle,puckering
1,1,0.03,G,G,G,0,0,1,0,0,(,35,1,cWW,cW-W,,3.08,1.08,1.38,3.67,4.86,5.09,3.33,BI,anti,A,4.57,4.61,,3.55,,3.56,,3.92,6.27,5.89,0.63,5.63,0.42,38.19,0.35,C3'-endo
2,2,0.06,A,A,A,1,0,0,0,0,(,34,1,cWW,cW-W,5.16,2.95,0.93,1.38,3.69,5.13,4.85,3.32,BI,anti,A,4.64,4.68,2.91,3.82,3.07,3.84,3.63,4.45,0.04,5.84,0.65,5.63,0.39,38.91,0.27,C3'-endo
3,3,0.09,G,G,G,0,0,1,0,0,(,33,1,cWW,cW-W,5.09,3.03,0.95,1.35,3.83,4.96,5.15,3.31,BI,anti,A,4.67,4.73,2.88,3.77,3.14,3.86,4.06,4.64,0.04,5.83,0.67,5.62,0.40,39.83,0.27,C3'-endo
4,4,0.11,C,C,C,0,1,0,0,0,.,32,1,tW.,tW-.,5.34,2.86,1.05,1.49,4.09,4.87,5.50,3.41,..,anti,.,4.33,4.57,3.18,4.05,3.45,4.23,4.42,5.01,6.27,5.94,0.54,5.72,0.36,32.93,0.34,C3'-endo
5,5,0.14,A,A,A,1,0,0,0,0,.,31,1,tSH,tm-M,5.48,2.74,1.10,2.50,4.12,2.97,1.15,4.41,BII,anti,.,1.69,1.71,3.22,2.88,3.94,2.74,4.82,2.92,5.85,0.62,5.71,0.34,0.05,35.74,2.73,C2'-endo
6,6,0.17,A,A,A,1,0,0,0,0,.,"27,30",2,"t.S,tHS","t.+m,tM-m",5.20,2.79,0.61,2.67,4.85,2.77,2.07,4.18,BII,anti,.,0.31,0.37,3.57,3.09,3.61,2.79,3.60,3.35,5.92,0.64,5.62,0.48,6.21,39.06,2.92,C2'-endo
7,7,0.20,G,G,G,0,0,1,0,0,(,26,1,cWW,cW-W,4.64,1.73,1.98,1.36,3.76,4.90,5.15,3.21,BI,anti,A,4.68,4.64,3.55,3.44,3.67,3.35,4.35,3.98,6.26,5.89,0.64,5.61,0.44,39.04,0.36,C3'-endo
8,8,0.23,A,A,A,1,0,0,0,0,(,25,1,cWW,cW-W,5.35,2.98,0.85,1.42,3.34,4.94,4.68,3.47,BI,anti,.,4.43,4.51,2.96,3.93,3.23,3.75,4.17,3.86,0.08,5.83,0.64,5.67,0.33,37.41,0.21,C3'-endo
9,9,0.26,G,G,G,0,0,1,0,0,(,24,1,cWW,cW-W,2.70,3.39,3.18,1.45,4.13,4.91,5.50,3.15,..,anti,A,4.73,4.74,3.00,3.53,3.13,3.66,3.54,4.26,0.10,5.84,0.60,5.72,0.30,35.03,0.18,C3'-endo
10,10,0.29,C,C,C,0,1,0,0,0,(,23,1,cWW,cW-W,5.40,2.71,0.99,1.34,3.73,5.04,4.97,3.29,BI,anti,A,4.56,4.59,2.88,3.77,3.26,3.77,4.12,4.28,6.22,5.93,0.62,5.61,0.46,38.67,0.42,C3'-endo
11,11,0.31,C,C,C,0,1,0,0,0,(,22,1,cWW,cW-W,5.04,3.04,1.06,1.34,3.82,5.04,5.07,3.44,BI,anti,A,4.45,4.66,2.91,3.82,3.14,3.86,3.93,4.57,6.28,5.86,0.67,5.59,0.44,40.52,0.33,C3'-endo
12,12,0.34,A,A,A,1,0,0,0,0,.,,0,,,5.21,2.87,1.01,1.39,3.88,4.96,5.20,3.33,BI,anti,A,4.63,4.72,2.91,3.84,3.22,3.85,4.22,4.37,0.02,5.87,0.64,5.64,0.39,38.15,0.30,C3'-endo
13,13,0.37,U,U,U,0,0,0,1,0,.,15,1,c.W,c.-W,5.18,2.89,1.02,1.34,3.81,5.02,5.07,3.51,BI,anti,.,4.39,4.69,2.89,3.66,3.15,3.92,3.96,4.08,0.00,5.85,0.67,5.60,0.43,40.47,0.32,C3'-endo
14,14,0.40,U,U,U,0,0,0,1,0,.,,0,,,5.04,4.04,0.96,2.41,4.94,1.38,3.56,3.97,..,anti,.,0.46,0.52,3.99,1.76,4.05,1.39,4.01,1.17,5.83,0.63,5.72,0.32,0.08,36.01,2.68,C2'-endo
15,15,0.43,G,G,G,0,0,1,0,0,.,13,1,cW.,cW-.,3.54,2.66,1.52,1.45,4.34,4.94,5.68,4.43,..,anti,.,0.76,4.74,2.49,3.94,2.57,4.06,2.44,4.41,0.08,5.83,0.64,5.68,0.33,37.43,0.20,C3'-endo
16,16,0.46,C,C,C,0,1,0,0,0,.,,0,,,5.39,4.08,1.18,2.56,4.26,2.31,1.95,3.98,BII,anti,.,1.20,1.24,4.22,2.46,4.48,2.20,4.17,2.51,5.85,0.67,5.64,0.41,0.01,39.02,2.80,C2'-endo
17,17,0.49,A,A,A,1,0,0,0,0,.,,0,,,4.95,2.49,0.78,1.41,3.77,4.86,5.19,3.49,BI,anti,A,4.36,4.58,3.06,3.79,2.99,3.78,3.19,4.35,6.26,5.92,0.59,5.66,0.41,36.19,0.37,C3'-endo
18,18,0.51,C,C,C,0,1,0,0,0,.,,0,,,5.30,2.76,1.01,1.45,4.44,2.49,1.96,3.48,BII,anti,.,4.05,4.60,3.16,2.05,3.35,1.58,4.12,5.77,6.27,5.91,0.60,5.67,0.40,36.17,0.34,C3'-endo
19,19,0.54,U,U,U,0,0,0,1,0,.,,0,,,0.70,3.38,0.86,1.41,3.29,4.83,4.75,3.49,BI,anti,A,4.47,4.55,5.75,3.81,5.89,3.81,1.73,4.43,0.12,5.80,0.65,5.68,0.31,37.81,0.15,C3'-endo
20,20,0.57,C,C,C,0,1,0,0,0,.,,0,,,3.21,3.84,2.37,1.40,4.07,4.59,5.76,3.19,..,anti,.,4.72,4.77,2.80,3.73,3.08,3.74,3.98,4.56,0.12,5.78,0.68,5.65,0.32,39.55,0.16,C3'-endo
21,21,0.60,C,C,C,0,1,0,0,0,.,,0,,,5.86,3.04,0.64,1.37,3.47,4.80,4.96,5.47,BI,anti,.,-2.91,4.59,3.31,3.24,3.44,3.26,4.28,3.87,0.05,5.82,0.68,5.61,0.39,40.27,0.26,C3'-endo
22,22,0.63,G,G,G,0,0,1,0,0,),11,1,cWW,cW-W,5.20,3.59,2.70,1.42,3.73,5.05,4.96,3.34,BI,anti,A,4.65,4.71,5.12,3.65,5.06,3.59,4.35,4.00,0.10,5.81,0.64,5.68,0.32,37.43,0.18,C3'-endo
23,23,0.66,G,G,G,0,0,1,0,0,),10,1,cWW,cW-W,5.26,2.96,1.02,1.34,3.69,5.17,4.80,3.31,BI,anti,A,4.61,4.66,3.00,3.81,3.28,3.85,4.02,4.41,0.02,5.85,0.66,5.61,0.41,39.74,0.30,C3'-endo
24,24,0.69,U,U,U,0,0,0,1,0,),9,1,cWW,cW-W,5.04,3.03,1.14,1.40,3.64,4.84,5.09,3.42,BI,anti,A,4.50,4.61,2.99,3.54,3.30,3.50,4.16,3.64,6.28,5.88,0.62,5.64,0.41,37.71,0.33,C3'-endo
25,25,0.71,U,U,U,0,0,0,1,0,),8,1,cWW,cW-W,5.20,2.84,1.00,1.33,3.66,5.11,4.84,3.43,BI,anti,A,4.47,4.61,2.90,3.76,3.06,3.76,3.42,4.45,6.28,5.87,0.65,5.62,0.42,39.25,0.33,C3'-endo
26,26,0.74,U,U,U,0,0,0,1,0,),7,1,cWW,cW-W,5.02,2.95,1.16,1.38,3.67,5.03,4.92,3.35,BI,anti,A,4.58,4.65,2.91,3.73,3.21,3.72,4.22,4.10,0.03,5.84,0.66,5.62,0.39,39.30,0.28,C3'-endo
27,27,0.77,G,G,G,0,0,1,0,0,.,6,1,tS.,tm+.,5.11,3.19,0.83,1.42,4.04,3.91,0.13,3.55,..,anti,.,4.27,4.78,2.99,3.29,3.14,3.42,3.71,2.89,0.09,5.81,0.66,5.65,0.34,38.85,0.20,C3'-endo
28,28,0.80,A,A,A,1,0,0,0,0,.,,0,,,0.81,3.02,5.21,2.75,3.88,1.39,2.49,0.96,..,syn,.,-1.02,1.36,3.32,1.14,3.21,0.39,2.58,5.76,5.94,0.68,5.55,0.55,6.15,42.40,2.99,C2'-endo
29,29,0.83,U,U,U,0,0,0,1,0,.,,0,,,1.21,3.39,1.02,2.66,5.02,5.30,6.00,4.11,..,anti,.,0.22,0.28,0.20,6.10,0.78,5.85,1.41,0.05,5.95,0.62,5.63,0.47,6.19,38.00,2.95,C2'-endo
30,30,0.86,G,G,G,0,0,1,0,0,.,6,1,tSH,tm-M,5.20,3.41,1.13,2.48,3.82,2.96,0.86,4.36,..,anti,.,1.62,1.81,2.87,2.61,3.82,2.50,3.76,2.97,5.98,0.52,5.76,0.37,6.24,31.11,2.89,C2'-endo
31,31,0.89,A,A,A,1,0,0,0,0,.,5,1,tHS,tM-m,4.79,2.93,0.74,1.49,3.84,4.80,5.32,3.30,BI,anti,A,4.64,4.71,3.07,3.76,2.79,3.80,3.06,4.03,0.13,5.82,0.61,5.73,0.27,35.36,0.12,C3'-endo
32,32,0.91,C,C,C,0,1,0,0,0,.,4,1,t.W,t.-W,5.30,2.79,0.99,1.35,3.99,5.32,4.96,3.44,BI,anti,.,4.46,4.76,2.99,4.26,3.19,4.34,3.66,5.17,0.05,5.82,0.69,5.60,0.40,40.69,0.26,C3'-endo
33,33,0.94,C,C,C,0,1,0,0,0,),3,1,cWW,cW-W,5.10,2.97,1.07,1.40,3.76,4.90,5.14,3.44,BI,anti,A,4.54,4.70,2.84,3.73,3.36,3.75,4.66,4.15,0.05,5.83,0.66,5.63,0.37,39.13,0.25,C3'-endo
34,34,0.97,U,U,U,0,0,0,1,0,),2,1,cWW,cW-W,5.31,3.08,0.82,1.44,3.80,4.97,5.11,3.34,BI,anti,A,4.55,4.65,3.04,3.81,3.21,3.85,3.81,4.22,0.06,5.86,0.61,5.69,0.34,35.95,0.23,C3'-endo
35,35,1.00,C,C,C,0,1,0,0,0,),1,1,cWW,cW-W,5.22,2.88,0.97,1.38,,,,3.53,n/a,anti,-,,,,,,,,,6.23,5.93,0.60,5.63,0.45,37.44,0.41,C3'-endo
