index_chain,old_nt_resnum,nt_position,nt_name,nt_code,nt_align_code,is_A,is_C,is_G,is_U,is_other,dbn,paired,nb_interact,pair_type_LW,pair_type_DSSR,alpha,beta,gamma,delta,epsilon,zeta,epsilon_zeta,chi,bb_type,glyco_bond,form,ssZp,Dp,eta,theta,eta_prime,theta_prime,eta_base,theta_base,v0,v1,v2,v3,v4,amplitude,phase_angle,puckering
1,-2,0.00,G,G,G,0,0,1,0,0,{,188,1,cWW,cW-W,,,1.99,1.42,3.16,4.62,4.82,3.10,BI,anti,-,,,,,,,,,6.06,6.08,0.53,5.61,0.57,38.42,0.66,C4'-exo
2,-1,0.01,G,G,G,0,0,1,0,0,.,,0,,,3.28,4.44,1.24,1.50,4.21,3.09,1.12,,BII,n/a,-,,,2.25,3.30,2.39,3.40,0.00,0.00,0.23,5.71,0.67,5.73,0.21,38.51,6.27,C2'-exo
3,0,0.01,G,G,G,0,0,1,0,0,.,186,1,cHW,cM+W,1.71,4.79,3.27,1.51,4.38,3.85,0.53,5.62,..,syn,-,,,3.74,2.74,3.57,2.96,,,0.09,5.85,0.59,5.72,0.30,34.44,0.19,C3'-endo
4,1,0.01,G,G,G,0,0,1,0,0,.,,0,,,2.76,2.94,3.21,2.38,4.42,5.79,4.91,,..,n/a,-,,,3.81,5.18,3.38,4.82,0.00,0.00,5.88,0.62,5.70,0.37,0.02,35.88,2.79,C2'-endo
5,2,0.01,U,U,U,0,0,0,1,0,.,,0,,,2.89,1.89,4.60,2.78,4.35,5.45,5.19,3.87,..,anti,.,0.64,0.90,3.87,5.04,4.64,5.03,,5.11,6.00,0.63,5.57,0.57,6.10,40.96,3.07,C2'-endo
6,3,0.02,G,G,G,0,0,1,0,0,[,264,1,cWW,cW-W,5.29,3.73,0.96,1.58,3.85,5.24,4.89,3.01,BI,anti,.,4.96,4.79,3.52,4.24,4.26,4.40,4.84,5.19,0.10,5.82,0.63,5.70,0.31,36.62,0.16,C3'-endo
7,4,0.02,U,U,U,0,0,0,1,0,<,110,1,cWW,cW-W,5.27,3.09,0.80,1.70,3.78,5.02,5.04,3.57,BI,anti,.,4.06,4.31,3.06,4.05,3.56,4.21,4.71,5.16,0.02,5.92,0.55,5.72,0.34,33.08,0.30,C3'-endo
8,5,0.02,G,G,G,0,0,1,0,0,.,263,1,cSW,cm-W,5.02,3.16,1.14,2.74,4.56,5.19,5.65,4.48,..,anti,.,0.56,0.79,3.24,5.95,3.97,5.42,4.93,0.02,6.08,0.53,5.65,0.54,6.07,36.26,3.15,C3'-exo
9,6,0.02,C,C,C,0,1,0,0,0,(,269,1,cWW,cW-W,4.36,4.18,1.41,1.52,3.82,4.29,5.81,3.27,..,anti,A,4.42,4.36,2.95,3.78,3.68,3.85,3.49,4.24,6.21,5.93,0.62,5.60,0.47,39.17,0.43,C3'-endo
10,7,0.03,C,C,C,0,1,0,0,0,(,"268,321",2,"cWW,cSS","cW-W,cm-m",6.15,2.39,0.64,1.48,3.67,4.85,5.10,3.45,BI,anti,A,4.35,4.50,3.04,3.78,3.24,3.76,3.82,4.21,6.20,5.94,0.61,5.61,0.48,38.69,0.45,C3'-endo
11,8,0.03,C,C,C,0,1,0,0,0,(,267,1,cWW,cW-W,5.03,2.97,0.95,1.42,3.67,4.88,5.07,3.29,BI,anti,A,4.46,4.44,2.79,3.69,3.02,3.72,3.77,4.29,6.08,6.00,0.63,5.52,0.60,43.39,0.58,C3'-endo
12,9,0.03,G,G,G,0,0,1,0,0,(,266,1,cWW,cW-W,5.18,2.86,1.07,1.33,3.73,4.85,5.16,3.28,BI,anti,A,4.46,4.54,2.82,3.70,3.05,3.75,3.94,4.09,6.18,5.89,0.72,5.49,0.56,45.64,0.44,C3'-endo
13,10,0.03,G,G,G,0,0,1,0,0,(,265,1,cWW,cW-W,5.33,2.88,1.36,1.36,3.97,4.88,5.37,3.37,BI,anti,.,4.20,4.46,3.27,3.82,3.45,3.79,3.95,4.43,6.09,6.03,0.57,5.59,0.56,39.56,0.59,C3'-endo
14,11,0.04,C,C,C,0,1,0,0,0,{,111,1,cWW,cW-W,5.15,2.98,0.88,1.41,3.68,4.98,4.99,3.92,BI,anti,.,3.48,4.65,2.77,3.60,3.00,3.58,3.88,3.48,6.24,5.88,0.66,5.58,0.47,40.84,0.38,C3'-endo
15,12,0.04,A,A,A,1,0,0,0,0,.,261,1,tHW,tM-W,4.40,2.60,2.83,2.43,3.88,3.52,0.36,3.69,..,anti,.,2.05,2.12,4.30,3.18,4.25,2.62,4.02,1.93,5.66,0.78,5.65,0.29,0.21,43.78,2.55,C2'-endo
16,13,0.04,U,U,U,0,0,0,1,0,.,,0,,,2.21,4.17,1.04,2.64,5.04,4.23,0.80,4.17,..,anti,.,0.36,0.35,1.04,5.22,1.47,4.74,0.90,5.32,5.88,0.66,5.63,0.44,6.26,39.02,2.85,C2'-endo
17,14,0.04,G,G,G,0,0,1,0,0,(,260,1,cWW,cW-W,4.68,2.97,0.91,1.44,3.74,5.01,5.01,3.25,BI,anti,A,4.64,4.69,2.49,3.82,3.15,3.84,3.70,4.13,0.11,5.76,0.71,5.62,0.35,41.48,0.18,C3'-endo
18,15,0.05,G,G,G,0,0,1,0,0,(,259,1,cWW,cW-W,4.98,3.03,1.18,1.45,4.05,4.27,6.07,3.21,..,anti,A,4.48,4.57,2.98,3.92,3.22,3.75,3.79,4.10,6.22,5.85,0.75,5.49,0.53,46.22,0.39,C3'-endo
19,16,0.05,G,G,G,0,0,1,0,0,(,258,1,cWW,cW-W,1.82,3.91,3.76,1.60,4.33,4.93,5.68,3.04,..,anti,A,4.83,4.85,3.05,3.46,3.13,3.61,3.76,4.22,0.33,5.69,0.61,5.85,0.07,35.66,6.06,C2'-exo
20,17,0.05,U,U,U,0,0,0,1,0,(,257,1,cWW,cW-W,5.08,2.96,0.97,1.38,3.50,5.07,4.72,3.52,BI,anti,A,4.42,4.61,2.66,3.68,3.04,3.70,3.89,4.33,0.00,5.85,0.68,5.59,0.44,41.18,0.32,C3'-endo
21,18,0.05,G,G,G,0,0,1,0,0,(,256,1,cWW,cW-W,5.05,3.04,1.09,1.44,3.83,4.56,5.55,3.39,BI,anti,A,4.56,4.72,2.97,3.71,3.21,3.73,4.11,3.95,0.16,5.77,0.66,5.70,0.27,37.91,0.09,C3'-endo
22,19,0.06,C,C,C,0,1,0,0,0,(,255,1,cWW,cW-W,6.05,2.83,0.26,1.47,3.52,5.03,4.77,3.77,BI,anti,A,3.99,4.61,2.94,3.65,3.07,3.72,3.51,4.10,0.16,5.76,0.67,5.69,0.27,38.44,0.08,C3'-endo
23,20,0.06,A,A,A,1,0,0,0,0,(,254,1,cWW,cW-W,4.94,3.03,1.21,1.43,3.52,5.01,4.79,3.42,BI,anti,A,4.56,4.62,2.86,3.75,3.14,3.70,3.79,4.20,0.11,5.73,0.75,5.58,0.37,43.64,0.17,C3'-endo
24,21,0.06,G,G,G,0,0,1,0,0,(,253,1,cWW,cW-W,5.37,3.12,0.72,1.40,3.71,4.95,5.04,3.48,BI,anti,A,4.47,4.71,2.99,3.62,3.16,3.69,3.95,4.03,0.26,5.67,0.71,5.71,0.20,40.86,6.24,C2'-exo
25,22,0.06,U,U,U,0,0,0,1,0,(,252,1,cWW,cW-W,5.14,3.01,1.06,1.43,3.74,4.89,5.13,3.51,BI,anti,.,4.32,4.55,2.85,3.77,3.08,3.77,3.68,4.02,0.18,5.70,0.75,5.62,0.30,43.14,0.09,C3'-endo
26,23,0.07,C,C,C,0,1,0,0,0,(,251,1,cWW,cW-W,5.19,2.89,1.38,1.42,3.42,5.15,4.56,3.04,BI,anti,A,4.42,4.45,3.10,3.71,3.38,3.70,3.97,3.92,6.23,5.89,0.67,5.57,0.49,41.69,0.40,C3'-endo
27,24,0.07,U,U,U,0,0,0,1,0,(,"124,250",2,"t.H,cWW","t.-M,cW-W",4.77,3.41,1.22,1.59,3.97,3.54,0.43,3.63,..,anti,.,3.62,4.24,3.16,2.52,3.33,2.83,3.70,2.68,6.19,6.02,0.50,5.72,0.42,32.22,0.49,C3'-endo
28,25,0.07,A,A,A,1,0,0,0,0,.,,0,,,5.02,2.50,1.31,2.63,3.73,1.86,1.87,4.13,..,anti,.,1.78,1.82,3.02,2.17,3.45,0.95,3.03,5.10,5.80,0.73,5.61,0.41,0.04,41.83,2.76,C2'-endo
29,26,0.07,U,U,U,0,0,0,1,0,.,45,1,tWH,tW-M,0.37,3.47,1.17,1.68,3.39,5.25,4.43,3.35,BI,anti,A,4.25,4.20,5.42,4.16,5.62,4.06,1.61,4.53,0.04,6.04,0.34,5.95,0.19,20.07,0.22,C3'-endo
30,27,0.08,A,A,A,1,0,0,0,0,.,44,1,tHS,tM-m,4.43,3.12,1.49,1.30,4.25,5.22,5.31,3.33,..,anti,.,4.24,4.55,2.79,4.13,3.11,4.21,3.97,5.07,6.16,5.96,0.63,5.58,0.52,40.76,0.49,C3'-endo
31,28,0.08,G,G,G,0,0,1,0,0,(,43,1,cWW,cW-W,4.74,2.58,1.81,1.41,4.19,4.96,5.51,3.12,..,anti,A,4.72,4.75,2.82,3.76,3.33,3.69,4.68,3.99,0.17,5.78,0.63,5.73,0.24,36.21,0.06,C3'-endo
32,29,0.08,G,G,G,0,0,1,0,0,(,42,1,cWW,cW-W,4.70,2.61,1.83,1.24,4.34,4.68,5.95,3.13,..,anti,A,4.71,4.79,2.93,3.59,3.17,3.62,3.85,3.99,0.19,5.72,0.71,5.67,0.27,40.55,0.06,C3'-endo
33,30,0.08,G,G,G,0,0,1,0,0,(,41,1,cWW,cW-W,5.21,2.54,1.47,1.37,3.99,4.84,5.43,3.18,BI,anti,A,4.62,4.70,3.10,3.68,3.32,3.70,3.92,4.15,0.08,5.81,0.68,5.63,0.37,39.85,0.22,C3'-endo
34,31,0.09,U,U,U,0,0,0,1,0,.,38,1,tWH,tW-M,5.38,3.17,0.80,1.40,3.98,5.20,5.06,3.84,BI,anti,.,3.51,4.74,3.11,4.13,3.27,4.22,3.86,4.96,0.14,5.76,0.69,5.66,0.30,39.60,0.12,C3'-endo
35,32,0.09,G,G,G,0,0,1,0,0,.,248,1,tSW,tm+W,5.12,2.74,1.18,1.33,3.93,5.25,4.96,3.48,BI,anti,.,4.42,4.84,2.83,4.43,3.27,3.56,4.34,2.42,0.03,5.81,0.71,5.58,0.43,42.34,0.28,C3'-endo
36,33,0.09,A,A,A,1,0,0,0,0,.,,0,,,2.89,2.59,0.93,1.65,4.23,4.58,5.94,3.33,..,anti,A,4.39,4.58,0.31,4.10,0.87,4.14,0.44,4.82,0.16,5.79,0.62,5.74,0.24,35.53,0.07,C3'-endo
37,34,0.09,G,G,G,0,0,1,0,0,.,,0,,,5.64,2.61,0.93,1.54,4.02,4.99,5.31,3.69,BI,anti,.,3.86,4.51,3.03,4.20,3.41,4.22,4.42,4.34,6.17,6.01,0.54,5.67,0.46,35.03,0.50,C3'-endo
38,35,0.10,A,A,A,1,0,0,0,0,.,34,1,tHW,tM-W,5.38,3.61,0.81,2.17,4.19,3.35,0.84,4.95,BII,anti,.,0.60,1.92,3.58,3.41,3.86,2.70,3.99,1.91,5.70,0.61,5.86,0.10,0.30,35.53,2.31,C1'-exo
39,36,0.10,G,G,G,0,0,1,0,0,.,,0,,,1.31,3.59,1.58,1.75,4.00,5.03,5.26,3.04,..,anti,A,4.22,4.26,0.69,4.24,0.75,4.26,0.92,4.42,0.15,5.85,0.54,5.81,0.21,31.18,0.06,C3'-endo
40,37,0.10,U,U,U,0,0,0,1,0,.,,0,,,4.91,3.12,1.22,2.25,4.64,5.00,5.92,3.84,..,anti,.,1.57,1.52,3.31,5.14,3.75,4.90,4.14,5.47,5.65,0.81,5.62,0.31,0.21,45.54,2.56,C2'-endo
41,38,0.10,C,C,C,0,1,0,0,0,),33,1,cWW,cW-W,4.95,3.16,0.80,1.49,3.65,5.03,4.91,3.04,BI,anti,A,4.58,4.55,2.33,3.74,3.05,3.82,3.73,4.35,6.14,5.97,0.62,5.58,0.53,40.48,0.51,C3'-endo
42,39,0.11,C,C,C,0,1,0,0,0,),32,1,cWW,cW-W,5.01,3.08,1.06,1.39,3.86,4.57,5.57,3.37,BI,anti,A,4.41,4.61,2.96,3.83,3.20,3.72,3.93,4.05,6.19,5.95,0.60,5.62,0.48,38.17,0.46,C3'-endo
43,40,0.11,C,C,C,0,1,0,0,0,),31,1,cWW,cW-W,1.20,3.48,4.72,1.89,3.83,5.31,4.81,3.52,BI,anti,.,4.29,4.56,3.10,3.74,3.21,3.95,3.78,4.90,0.41,5.81,0.37,6.14,6.12,26.89,5.60,C1'-endo
44,41,0.11,G,G,G,0,0,1,0,0,.,30,1,tSH,tm-M,4.96,3.02,1.09,1.52,3.72,4.74,5.26,3.46,BI,anti,.,4.38,4.57,2.70,3.05,3.27,2.75,4.52,2.67,0.00,5.93,0.56,5.71,0.36,33.59,0.32,C3'-endo
45,42,0.11,A,A,A,1,0,0,0,0,.,29,1,tHW,tM-W,4.42,1.27,3.05,1.73,4.18,5.84,4.62,2.92,..,anti,.,4.83,4.82,3.65,3.76,3.13,4.20,2.80,5.21,0.36,5.76,0.48,5.99,6.25,30.00,5.88,C2'-exo
46,43,0.12,A,A,A,1,0,0,0,0,(,68,1,cWW,cW-W,4.66,2.61,1.49,1.36,4.17,4.79,5.66,3.41,..,anti,A,4.33,4.67,2.59,3.77,3.42,3.75,4.91,4.37,6.19,5.99,0.55,5.66,0.44,35.10,0.47,C3'-endo
47,44,0.12,C,C,C,0,1,0,0,0,(,67,1,cWW,cW-W,5.24,3.12,0.70,1.69,3.50,5.02,4.77,3.46,BI,anti,A,4.56,4.54,2.73,3.76,2.98,3.74,3.92,4.01,0.11,5.78,0.67,5.66,0.32,38.97,0.16,C3'-endo
48,45,0.12,U,U,U,0,0,0,1,0,(,66,1,cWW,cW-W,4.95,3.02,1.03,1.46,3.92,4.77,5.43,3.42,BI,anti,A,4.34,4.55,2.86,3.68,3.08,3.74,3.63,4.26,6.23,5.92,0.61,5.62,0.45,38.21,0.40,C3'-endo
49,46,0.12,G,G,G,0,0,1,0,0,(,65,1,cWW,cW-W,5.26,2.73,1.30,1.34,4.01,4.85,5.45,3.24,BI,anti,A,4.43,4.51,2.95,3.71,3.21,3.74,3.98,4.22,6.28,5.91,0.59,5.68,0.39,35.53,0.34,C3'-endo
50,47,0.13,U,U,U,0,0,0,1,0,(,64,1,cWW,cW-W,5.09,3.34,1.13,1.23,3.23,5.72,3.80,3.28,BI,anti,.,4.65,4.64,3.02,4.18,3.21,4.21,3.95,5.11,0.05,5.76,0.78,5.52,0.45,46.31,0.26,C3'-endo
51,48,0.13,G,G,G,0,0,1,0,0,.,63,1,tSH,tm-M,4.00,3.81,1.33,1.46,3.05,4.71,4.62,3.69,BI,anti,.,4.02,4.25,2.75,2.87,3.24,2.58,4.57,2.39,6.21,5.90,0.66,5.56,0.50,41.44,0.42,C3'-endo
52,49,0.13,A,A,A,1,0,0,0,0,.,62,1,tHW,tM-W,4.52,1.88,2.14,1.52,4.59,3.59,0.99,3.02,..,anti,.,4.51,4.63,3.26,2.52,2.96,2.50,2.71,2.04,0.05,5.70,0.87,5.44,0.50,51.54,0.26,C3'-endo
53,50,0.14,A,A,A,1,0,0,0,0,.,201,1,cHW,cM+W,2.53,2.54,2.98,2.31,5.29,2.22,3.07,3.99,BII,anti,.,0.80,0.40,3.74,2.02,3.16,2.36,2.38,2.03,5.79,0.66,5.71,0.30,0.12,37.58,2.64,C2'-endo
54,51,0.14,G,G,G,0,0,1,0,0,[,208,1,cWW,cW-W,0.92,2.21,0.61,1.40,4.06,4.62,5.73,2.85,..,anti,A,4.81,4.67,5.21,3.80,5.15,3.86,5.75,4.35,6.14,5.95,0.66,5.53,0.56,42.91,0.50,C3'-endo
55,52,0.14,G,G,G,0,0,1,0,0,[,207,1,cWW,cW-W,5.20,2.95,0.94,1.51,3.77,4.82,5.23,3.25,BI,anti,A,4.55,4.54,2.97,3.82,3.14,3.84,3.88,4.31,6.27,5.90,0.60,5.66,0.40,36.60,0.34,C3'-endo
56,53,0.14,C,C,C,0,1,0,0,0,[,206,1,cWW,cW-W,5.43,2.79,0.83,1.47,3.71,4.95,5.04,3.34,BI,anti,.,4.46,4.54,2.90,3.81,3.15,3.78,3.91,4.04,6.28,5.86,0.67,5.60,0.43,40.49,0.33,C3'-endo
57,54,0.15,A,A,A,1,0,0,0,0,[,205,1,cWW,cW-W,4.99,2.98,1.18,1.25,3.75,5.14,4.90,3.52,BI,anti,A,4.13,4.52,2.82,3.73,3.04,3.69,3.59,4.02,6.11,6.00,0.62,5.56,0.57,41.59,0.56,C3'-endo
58,55,0.15,G,G,G,0,0,1,0,0,[,204,1,cWW,cW-W,4.88,2.79,1.63,1.18,4.14,5.01,5.41,3.31,..,anti,A,4.20,4.48,2.99,3.67,3.20,3.68,3.76,4.09,6.12,5.96,0.66,5.52,0.58,43.73,0.53,C3'-endo
59,56,0.15,A,A,A,1,0,0,0,0,[,203,1,cWW,cW-W,4.91,2.87,1.46,1.46,3.83,4.66,5.46,3.31,BI,anti,.,4.47,4.44,2.96,3.94,3.19,3.75,3.80,4.18,6.08,5.98,0.67,5.48,0.64,45.72,0.58,C3'-endo
60,57,0.15,A,A,A,1,0,0,0,0,[,202,1,cWW,cW-W,1.78,3.72,3.98,1.73,4.04,5.60,4.73,3.24,..,anti,.,4.01,4.24,3.45,3.81,3.48,4.35,4.14,5.48,0.28,5.74,0.58,5.85,0.10,33.59,6.13,C2'-exo
61,58,0.16,G,G,G,0,0,1,0,0,.,62,1,cSH,cm+M,5.19,2.68,1.05,2.39,2.57,3.41,5.45,4.44,..,anti,.,2.37,2.26,2.25,2.63,3.84,1.92,5.10,2.11,5.78,0.73,5.63,0.38,0.08,41.42,2.71,C2'-endo
62,59,0.16,U,U,U,0,0,0,1,0,.,"52,61",2,"tWH,cHS","tW-M,cM+m",5.34,2.96,0.78,1.71,3.89,4.58,5.59,3.51,..,anti,.,4.19,4.41,3.10,4.07,2.94,4.06,2.79,4.48,6.24,5.96,0.55,5.70,0.39,34.14,0.39,C3'-endo
63,60,0.16,A,A,A,1,0,0,0,0,.,51,1,tHS,tM-m,0.01,2.92,6.11,1.79,3.70,5.36,4.63,3.64,BI,anti,.,4.11,4.54,3.00,4.07,3.21,4.19,3.83,5.10,0.27,5.74,0.59,5.83,0.12,34.34,6.16,C2'-exo
64,61,0.16,A,A,A,1,0,0,0,0,),50,1,cWW,cW-W,4.59,2.50,1.43,1.37,3.91,5.00,5.19,3.27,BI,anti,A,4.73,4.83,2.71,3.78,3.26,3.78,4.52,4.19,0.23,5.69,0.71,5.69,0.23,40.43,0.00,C3'-endo
65,62,0.17,C,C,C,0,1,0,0,0,),49,1,cWW,cW-W,5.22,2.98,0.96,1.52,3.80,4.79,5.29,3.50,BI,anti,A,4.18,4.45,2.97,3.79,3.24,3.78,3.96,4.14,0.05,5.85,0.62,5.67,0.35,36.62,0.25,C3'-endo
66,63,0.17,A,A,A,1,0,0,0,0,),48,1,cWW,cW-W,5.41,2.79,0.95,1.45,3.53,4.83,4.98,3.25,BI,anti,A,4.65,4.52,2.94,3.63,3.15,3.68,3.79,4.26,6.18,5.99,0.55,5.65,0.46,35.96,0.49,C3'-endo
67,64,0.17,G,G,G,0,0,1,0,0,),47,1,cWW,cW-W,5.63,2.99,0.52,1.56,3.09,5.57,3.80,3.48,BI,anti,A,4.33,4.28,2.91,4.06,3.17,4.01,4.02,4.54,0.06,5.98,0.42,5.88,0.23,24.75,0.20,C3'-endo
68,65,0.17,U,U,U,0,0,0,1,0,),46,1,cWW,cW-W,4.16,3.29,1.61,1.35,4.44,0.90,3.54,3.31,..,anti,.,4.43,4.69,3.07,6.06,3.32,5.54,4.12,5.37,6.15,5.97,0.60,5.59,0.52,39.39,0.51,C3'-endo
69,66,0.18,U,U,U,0,0,0,1,0,.,124,1,tWW,tW+W,4.10,5.45,5.10,1.79,3.85,4.71,5.42,3.35,BI,anti,A,4.17,4.16,2.25,2.52,2.71,2.88,3.35,3.26,0.12,6.02,0.29,6.06,0.07,16.56,6.18,C2'-exo
70,67,0.18,A,A,A,1,0,0,0,0,.,"123,251",2,"tHS,tWS","tM-m,tW+m",5.02,2.78,1.24,1.54,4.27,4.95,5.60,3.62,..,anti,.,3.59,4.36,2.97,4.89,3.17,4.90,3.42,5.43,6.15,5.99,0.58,5.61,0.51,38.22,0.52,C3'-endo
71,68,0.18,G,G,G,0,0,1,0,0,(,122,1,cWW,cW-W,2.28,4.08,3.43,1.37,4.11,4.46,5.94,3.14,..,anti,.,4.60,4.65,2.81,3.09,3.52,3.20,4.59,3.36,0.03,5.84,0.66,5.63,0.39,39.38,0.28,C3'-endo
72,69,0.18,C,C,C,0,1,0,0,0,(,121,1,cWW,cW-W,5.59,2.57,1.00,1.33,3.56,4.55,5.29,3.31,BI,anti,.,4.07,4.31,2.97,3.96,3.15,3.83,3.41,4.19,6.09,5.98,0.67,5.49,0.62,45.21,0.57,C3'-endo
73,70,0.19,C,C,C,0,1,0,0,0,(,120,1,cWW,cW-W,2.88,3.98,3.01,1.14,4.27,4.80,5.75,3.05,..,anti,A,4.26,4.54,2.91,3.63,3.18,3.66,3.84,4.36,6.02,6.02,0.65,5.47,0.67,46.56,0.64,C4'-exo
74,71,0.19,U,U,U,0,0,0,1,0,.,119,1,tWH,tW-M,5.28,2.48,1.55,1.51,3.70,4.35,5.64,3.06,BI,anti,.,3.78,3.95,3.07,3.18,3.44,3.18,4.39,3.36,5.83,0.02,0.38,5.63,0.70,40.53,1.00,C4'-exo
75,72,0.19,A,A,A,1,0,0,0,0,.,,0,,,5.40,3.20,0.63,1.38,3.41,5.29,4.40,3.40,BI,anti,.,4.29,4.42,3.15,3.78,3.08,3.89,3.24,4.77,6.27,5.86,0.68,5.58,0.45,41.14,0.34,C3'-endo
76,73,0.19,A,A,A,1,0,0,0,0,.,117,1,tHS,tM-m,4.93,3.01,1.10,1.42,3.97,5.25,5.00,3.32,BI,anti,.,4.50,4.65,2.97,4.27,3.28,4.36,4.39,5.29,6.24,5.92,0.60,5.64,0.43,37.26,0.38,C3'-endo
77,74,0.20,C,C,C,0,1,0,0,0,(,116,1,cWW,cW-W,5.27,2.92,0.94,1.48,3.57,4.86,4.99,3.43,BI,anti,A,4.48,4.58,2.76,3.64,3.35,3.65,4.82,3.89,0.18,5.76,0.64,5.73,0.24,36.94,0.04,C3'-endo
78,75,0.20,G,G,G,0,0,1,0,0,(,115,1,cWW,cW-W,4.93,3.26,1.06,1.35,3.53,5.25,4.56,3.33,BI,anti,A,4.64,4.70,2.91,3.83,3.04,3.84,3.53,4.22,0.13,5.74,0.73,5.61,0.34,42.37,0.15,C3'-endo
79,76,0.20,C,C,C,0,1,0,0,0,(,114,1,cWW,cW-W,5.16,3.24,1.03,1.37,3.94,5.02,5.20,3.56,BI,anti,.,4.21,4.75,3.20,3.95,3.41,4.09,4.03,4.96,0.04,5.80,0.72,5.57,0.42,42.47,0.27,C3'-endo
80,77,0.20,A,A,A,1,0,0,0,0,.,112,1,cSW,cm-W,5.42,2.68,1.02,1.59,3.68,3.64,0.04,3.48,..,anti,.,4.46,4.54,2.92,2.77,3.43,2.83,4.69,2.91,0.06,5.83,0.65,5.65,0.36,38.34,0.24,C3'-endo
81,78,0.21,A,A,A,1,0,0,0,0,.,107,1,tHS,tM-m,5.64,2.49,0.61,1.47,4.04,4.96,5.36,3.38,..,anti,.,4.53,4.83,3.11,4.38,2.91,4.46,2.78,4.97,0.19,5.71,0.72,5.65,0.28,41.47,0.07,C3'-endo
82,79,0.21,G,G,G,0,0,1,0,0,(,106,1,cWW,cW-W,5.70,2.49,0.96,1.46,3.49,4.99,4.78,3.16,BI,anti,A,4.57,4.48,2.90,3.80,3.50,3.73,4.66,4.27,6.18,5.90,0.70,5.51,0.55,44.63,0.45,C3'-endo
83,80,0.21,G,G,G,0,0,1,0,0,(,105,1,cWW,cW-W,4.68,2.99,1.41,1.45,3.96,4.57,5.67,2.96,..,anti,.,4.54,4.58,2.91,3.74,3.14,3.78,4.06,3.98,0.00,5.85,0.68,5.59,0.43,41.07,0.32,C3'-endo
84,81,0.21,G,G,G,0,0,1,0,0,(,104,1,cWW,cW-W,5.70,2.65,1.01,1.34,3.49,5.15,4.63,3.33,BI,anti,A,4.16,4.28,3.12,3.80,3.34,3.78,3.75,4.47,6.06,6.06,0.56,5.59,0.58,39.72,0.64,C4'-exo
85,82,0.22,U,U,U,0,0,0,1,0,(,103,1,cWW,cW-W,4.86,3.39,0.99,1.42,0.56,3.23,3.62,3.77,..,anti,.,2.13,2.77,3.51,5.04,3.69,3.99,4.46,2.95,6.24,5.94,0.57,5.66,0.42,35.74,0.40,C3'-endo
86,83,0.22,G,G,G,0,0,1,0,0,.,,0,,,6.06,4.29,0.89,2.46,0.10,3.15,3.23,3.05,..,anti,.,-0.52,0.51,5.11,5.88,0.40,5.19,1.17,5.40,6.05,0.51,5.71,0.46,6.13,33.12,3.07,C2'-endo
87,84,0.22,U,U,U,0,0,0,1,0,(,102,1,cWW,cW-W,5.89,2.58,0.29,1.38,3.82,5.07,5.04,3.25,BI,anti,A,4.58,4.57,2.97,3.82,3.77,3.78,4.11,4.36,6.10,6.00,0.60,5.56,0.57,41.04,0.57,C3'-endo
88,85,0.22,C,C,C,0,1,0,0,0,(,101,1,cWW,cW-W,4.03,2.63,2.03,1.38,4.38,4.66,6.01,3.17,..,anti,A,4.75,4.88,2.83,3.54,3.04,3.59,3.84,3.92,0.17,5.72,0.73,5.64,0.30,41.77,0.09,C3'-endo
89,86,0.23,C,C,C,0,1,0,0,0,(,100,1,cWW,cW-W,4.86,2.86,1.29,1.24,4.05,4.70,5.64,3.31,BI,anti,.,4.55,4.75,2.79,3.55,3.02,3.58,3.57,3.85,0.01,5.81,0.73,5.54,0.46,44.16,0.31,C3'-endo
90,87,0.23,G,G,G,0,0,1,0,0,(,99,1,cWW,cW-W,5.30,3.18,1.00,1.16,3.58,5.41,4.46,3.48,BI,anti,A,4.35,4.62,3.03,3.86,3.14,3.94,3.59,4.72,0.06,5.72,0.85,5.47,0.47,50.00,0.25,C3'-endo
91,88,0.23,U,U,U,0,0,0,1,0,(,98,1,cWW,cW-W,4.87,3.63,0.95,1.59,3.62,4.88,5.02,3.62,BI,anti,A,4.30,4.54,2.97,3.76,3.26,3.75,4.29,4.02,0.08,5.86,0.58,5.73,0.30,34.02,0.19,C3'-endo
92,89,0.23,G,G,G,0,0,1,0,0,(,97,1,cWW,cW-W,4.94,2.65,1.31,1.47,4.24,4.65,5.87,3.20,..,anti,A,4.47,4.54,2.91,3.83,3.08,3.78,3.56,4.16,6.21,5.92,0.64,5.58,0.49,40.31,0.43,C3'-endo
93,90,0.24,G,G,G,0,0,1,0,0,.,96,1,tSH,tm-M,5.13,2.42,1.30,1.24,4.43,4.72,5.99,3.18,..,anti,.,4.49,4.64,2.77,4.22,2.98,3.44,3.61,2.55,6.07,5.98,0.67,5.47,0.64,46.32,0.59,C3'-endo
94,91,0.24,C,C,C,0,1,0,0,0,.,,0,,,2.97,2.73,0.97,1.60,4.00,5.01,5.26,3.68,BI,anti,.,3.82,4.42,0.42,4.15,0.90,4.15,0.51,5.00,6.13,6.01,0.56,5.62,0.51,37.73,0.55,C3'-endo
95,92,0.24,G,G,G,0,0,1,0,0,.,276,1,cSS,cm-m,5.05,2.75,1.08,1.65,3.84,4.62,5.50,3.86,BI,anti,.,3.26,4.26,2.88,3.63,3.36,3.58,4.49,3.81,0.06,5.90,0.55,5.75,0.30,32.23,0.23,C3'-endo
96,93,0.24,A,A,A,1,0,0,0,0,.,"93,284",2,"tHS,tSS","tM-m,tm+m",5.47,2.87,0.59,1.50,3.66,5.47,4.47,4.13,BI,anti,.,2.57,4.58,2.97,4.75,3.12,4.85,3.49,5.29,0.21,5.76,0.61,5.77,0.19,35.01,6.27,C2'-exo
97,94,0.25,C,C,C,0,1,0,0,0,),92,1,cWW,cW-W,2.48,3.78,3.13,1.61,3.82,4.97,5.14,3.38,BI,anti,A,4.53,4.60,2.91,3.51,3.74,3.47,4.70,3.79,0.26,5.70,0.68,5.74,0.18,38.99,6.23,C2'-exo
98,95,0.25,A,A,A,1,0,0,0,0,),91,1,cWW,cW-W,5.09,2.81,1.27,1.52,4.11,4.84,5.55,3.23,..,anti,A,4.46,4.54,3.11,3.88,3.33,3.88,3.86,4.50,6.27,5.91,0.60,5.65,0.41,36.90,0.35,C3'-endo
99,96,0.25,U,U,U,0,0,0,1,0,),90,1,cWW,cW-W,5.13,2.74,1.03,1.48,3.87,4.70,5.45,3.36,BI,anti,A,4.36,4.55,2.75,3.62,3.06,3.58,4.01,3.85,6.27,5.84,0.71,5.55,0.47,42.96,0.34,C3'-endo
100,97,0.26,G,G,G,0,0,1,0,0,),89,1,cWW,cW-W,4.92,2.92,1.21,1.22,3.83,4.92,5.19,3.37,BI,anti,A,4.43,4.67,2.78,3.72,2.94,3.73,3.47,4.03,6.21,5.85,0.76,5.47,0.57,47.75,0.41,C3'-endo
101,98,0.26,G,G,G,0,0,1,0,0,),88,1,cWW,cW-W,5.27,2.66,1.41,1.25,3.93,4.94,5.27,3.11,BI,anti,A,4.59,4.58,3.06,3.70,3.30,3.68,3.87,4.23,5.96,6.08,0.61,5.48,0.70,46.32,0.71,C4'-exo
102,99,0.26,A,A,A,1,0,0,0,0,),87,1,cWW,cW-W,5.02,3.06,1.30,1.30,4.01,5.04,5.25,3.43,BI,anti,.,4.33,4.72,3.07,3.87,3.23,3.93,3.99,4.83,6.16,5.93,0.66,5.54,0.55,42.76,0.48,C3'-endo
103,100,0.26,A,A,A,1,0,0,0,0,),85,1,cWW,cW-W,5.26,3.14,0.72,1.41,3.59,5.37,4.50,3.62,BI,anti,A,4.36,4.84,2.81,3.91,3.12,3.98,4.32,4.53,0.21,5.71,0.70,5.69,0.24,40.23,0.02,C3'-endo
104,101,0.27,U,U,U,0,0,0,1,0,),84,1,cWW,cW-W,4.80,2.97,1.26,1.22,3.89,4.70,5.48,3.29,BI,anti,A,4.76,4.81,2.84,3.53,3.22,3.50,4.17,3.60,0.11,5.74,0.74,5.59,0.37,43.17,0.18,C3'-endo
105,102,0.27,C,C,C,0,1,0,0,0,),83,1,cWW,cW-W,5.47,2.74,0.91,1.38,3.66,5.16,4.78,3.47,BI,anti,A,4.51,4.69,2.94,3.95,3.08,3.93,3.41,4.40,0.01,5.82,0.72,5.55,0.46,43.34,0.31,C3'-endo
106,103,0.27,U,U,U,0,0,0,1,0,),82,1,cWW,cW-W,5.20,2.99,0.99,1.41,3.48,4.97,4.80,3.41,BI,anti,A,4.41,4.42,3.01,3.73,3.35,3.79,4.17,4.59,6.12,5.95,0.67,5.51,0.59,44.19,0.53,C3'-endo
107,104,0.27,G,G,G,0,0,1,0,0,.,81,1,tSH,tm-M,5.49,2.64,0.85,1.52,4.04,1.66,2.38,3.45,..,anti,.,3.92,4.22,3.10,0.76,3.39,0.89,4.37,1.53,6.06,6.15,0.41,5.73,0.49,31.78,0.73,C4'-exo
108,105,0.28,A,A,A,1,0,0,0,0,.,,0,,,4.86,3.09,0.64,1.73,3.72,5.15,4.85,5.24,BI,anti,.,-2.23,4.72,3.12,4.64,3.60,3.84,3.55,2.85,0.54,5.53,0.69,5.90,6.19,43.54,5.84,C2'-exo
109,106,0.28,A,A,A,1,0,0,0,0,.,377,1,tSS,tm+m,2.61,2.91,1.33,1.39,3.90,4.29,5.89,4.50,..,anti,.,0.73,4.49,0.60,2.94,1.03,3.21,0.89,4.08,6.06,6.05,0.56,5.58,0.58,39.62,0.64,C4'-exo
110,107,0.28,G,G,G,0,0,1,0,0,>,7,1,cWW,cW-W,5.64,3.57,0.40,1.91,3.52,3.68,6.12,2.52,..,anti,.,3.31,4.49,3.56,1.83,3.43,2.86,3.59,3.08,0.54,5.59,0.58,6.00,6.13,39.06,5.73,C2'-exo
111,108,0.28,G,G,G,0,0,1,0,0,},14,1,cWW,cW-W,5.11,4.65,0.11,2.79,3.18,3.94,5.52,4.48,..,anti,.,1.00,1.27,4.06,3.63,3.12,3.31,1.97,3.28,0.17,0.29,5.67,0.72,5.72,41.29,3.70,C3'-exo
112,109,0.29,A,A,A,1,0,0,0,0,.,80,1,cWS,cW-m,1.79,2.34,0.69,1.60,3.36,1.69,1.67,3.54,..,anti,.,3.84,3.99,5.23,0.62,5.35,0.26,5.57,0.54,6.15,6.03,0.51,5.69,0.46,33.83,0.54,C3'-endo
113,110,0.29,A,A,A,1,0,0,0,0,.,262,1,cHW,cM+W,0.35,3.86,5.65,2.66,4.23,0.73,3.50,1.19,..,syn,.,-1.14,1.39,4.33,0.58,4.81,0.48,4.82,0.10,5.84,0.73,5.56,0.48,6.26,43.02,2.85,C2'-endo
114,111,0.29,G,G,G,0,0,1,0,0,),79,1,cWW,cW-W,1.79,3.01,5.12,1.49,3.65,5.11,4.82,3.20,BI,anti,A,4.48,4.51,4.20,3.15,4.27,3.38,5.01,4.10,6.18,5.95,0.61,5.61,0.49,38.89,0.47,C3'-endo
115,112,0.29,C,C,C,0,1,0,0,0,),78,1,cWW,cW-W,5.13,3.25,0.70,1.41,3.36,4.71,4.94,3.38,BI,anti,.,4.45,4.52,2.86,3.84,3.07,3.88,3.82,4.25,6.25,5.86,0.68,5.56,0.48,41.94,0.37,C3'-endo
116,113,0.30,G,G,G,0,0,1,0,0,),77,1,cWW,cW-W,2.71,4.16,2.91,1.29,4.15,5.08,5.35,2.93,..,anti,.,4.36,4.35,3.01,3.90,3.38,3.90,4.03,5.07,5.93,6.15,0.55,5.53,0.69,44.01,0.78,C4'-exo
117,114,0.30,G,G,G,0,0,1,0,0,.,"76,0",2,"tSH,.HS","tm-M,.M+m",4.85,2.91,1.39,1.53,4.09,4.95,5.42,3.41,..,anti,.,4.20,4.43,2.92,4.04,3.32,4.12,4.80,5.45,6.24,5.93,0.60,5.65,0.43,36.88,0.39,C3'-endo
118,115,0.30,A,A,A,1,0,0,0,0,.,0,1,.WS,.W+m,5.07,2.85,1.12,2.12,4.06,2.15,1.91,4.28,..,anti,.,1.80,3.93,2.99,2.47,3.54,2.32,5.01,2.46,0.24,6.11,0.05,0.08,6.09,13.16,4.94,O4'-exo
119,116,0.30,C,C,C,0,1,0,0,0,.,74,1,tHW,tM-W,2.09,4.60,2.39,1.04,4.38,5.46,5.20,3.01,..,anti,.,4.45,4.44,2.86,4.69,2.73,4.68,2.89,5.50,5.86,6.18,0.56,5.47,0.77,47.59,0.84,C4'-exo
120,117,0.31,G,G,G,0,0,1,0,0,),"73,0",2,"cWW,.HS","cW-W,.M+m",4.90,2.88,1.37,1.41,3.62,4.75,5.15,3.28,BI,anti,.,4.62,4.63,2.53,3.49,3.30,3.45,4.89,3.59,0.13,5.72,0.77,5.58,0.37,44.58,0.16,C3'-endo
121,118,0.31,G,G,G,0,0,1,0,0,),72,1,cWW,cW-W,5.39,2.98,0.96,1.53,3.73,4.93,5.09,3.35,BI,anti,.,4.52,4.57,3.14,3.89,3.26,3.90,3.57,4.06,0.11,5.82,0.62,5.71,0.30,36.03,0.16,C3'-endo
122,119,0.31,C,C,C,0,1,0,0,0,),71,1,cWW,cW-W,5.32,2.62,1.34,1.32,3.95,4.77,5.47,3.06,BI,anti,A,4.49,4.52,2.97,3.74,3.30,3.75,3.81,4.53,5.92,6.10,0.63,5.44,0.76,48.89,0.75,C4'-exo
123,120,0.31,A,A,A,1,0,0,0,0,.,70,1,tSH,tm-M,5.05,3.14,1.21,1.37,4.31,3.34,0.97,3.39,BII,anti,.,4.07,4.55,3.17,2.57,3.32,2.97,4.26,3.05,6.07,6.02,0.61,5.55,0.60,42.31,0.60,C3'-endo
124,121,0.32,A,A,A,1,0,0,0,0,.,"27,69",2,"tH.,tWW","tM-.,tW+W",5.76,2.97,0.37,2.54,4.54,2.77,1.77,0.96,BII,syn,.,-0.56,0.86,3.84,3.04,3.64,3.02,3.16,3.64,5.81,0.67,5.68,0.35,0.07,38.36,2.71,C2'-endo
125,122,0.32,A,A,A,1,0,0,0,0,.,247,1,tHS,tM-m,5.81,3.08,0.35,1.36,2.84,0.29,2.55,3.48,..,anti,.,4.17,4.36,4.02,4.40,3.86,4.46,3.82,5.46,0.11,5.75,0.72,5.61,0.35,41.80,0.17,C3'-endo
126,123,0.32,C,C,C,0,1,0,0,0,(,246,1,cWW,cW-W,3.86,2.74,1.59,1.51,3.77,4.03,6.02,3.46,..,anti,A,4.30,4.45,2.54,3.69,3.29,3.64,4.78,3.91,6.15,6.04,0.50,5.69,0.45,33.56,0.54,C3'-endo
127,124,0.32,C,C,C,0,1,0,0,0,(,245,1,cWW,cW-W,0.47,1.98,0.38,1.49,3.56,4.88,4.96,3.45,BI,anti,A,4.17,4.23,2.98,3.72,3.12,3.63,3.61,3.99,5.97,6.13,0.52,5.58,0.64,40.88,0.76,C4'-exo
128,125,0.33,U,U,U,0,0,0,1,0,(,244,1,cWW,cW-W,4.37,2.70,1.75,1.39,4.28,4.81,5.74,3.31,..,anti,A,4.31,4.66,2.92,3.73,3.06,3.72,3.62,4.31,0.02,5.87,0.64,5.63,0.40,38.27,0.30,C3'-endo
129,126,0.33,U,U,U,0,0,0,1,0,(,243,1,cWW,cW-W,5.13,2.65,1.21,1.46,4.45,4.15,0.30,3.12,..,anti,A,4.68,4.70,2.96,3.85,3.21,3.69,4.07,3.91,0.10,5.78,0.70,5.63,0.35,40.72,0.18,C3'-endo
130,127,0.33,C,C,C,0,1,0,0,0,(,242,1,cWW,cW-W,1.27,3.97,4.07,1.80,4.02,4.85,5.45,3.12,BI,anti,.,4.56,4.63,2.96,3.84,3.05,3.75,3.55,3.80,0.46,5.71,0.46,6.07,6.13,32.06,5.68,C2'-exo
131,128,0.33,G,G,G,0,0,1,0,0,(,"177,241",2,"tSS,cWW","tm+m,cW-W",2.47,3.35,3.50,1.36,4.02,5.09,5.22,3.15,BI,anti,A,4.80,4.82,2.79,3.32,3.09,3.50,3.41,4.38,0.09,5.77,0.71,5.61,0.37,41.64,0.20,C3'-endo
132,129,0.34,G,G,G,0,0,1,0,0,(,237,1,cWW,cW-W,4.87,2.76,1.39,1.46,4.12,4.85,5.55,3.16,..,anti,A,4.68,4.72,2.94,3.95,3.28,3.94,4.36,4.50,0.08,5.76,0.75,5.57,0.40,43.80,0.22,C3'-endo
133,130,0.34,U,U,U,0,0,0,1,0,(,236,1,cWW,cW-W,5.20,2.71,1.12,1.48,3.89,4.44,5.74,3.40,..,anti,A,4.23,4.40,2.80,3.63,3.18,3.65,4.11,4.19,6.14,5.97,0.63,5.56,0.54,41.23,0.52,C3'-endo
134,131,0.34,C,C,C,0,1,0,0,0,(,235,1,cWW,cW-W,5.61,2.44,1.00,1.46,3.63,4.99,4.92,3.31,BI,anti,A,4.36,4.41,2.94,3.82,3.19,3.71,3.96,3.99,6.08,6.02,0.59,5.56,0.58,41.15,0.60,C3'-endo
135,132,0.34,U,U,U,0,0,0,1,0,(,234,1,cWW,cW-W,4.91,2.98,1.30,1.34,3.96,4.87,5.37,3.20,BI,anti,A,4.47,4.56,3.02,3.67,3.21,3.70,3.78,4.22,6.14,5.95,0.65,5.53,0.56,42.74,0.51,C3'-endo
136,133,0.35,G,G,G,0,0,1,0,0,(,233,1,cWW,cW-W,5.48,3.30,0.42,1.51,3.86,2.09,1.77,3.81,..,anti,.,3.78,4.73,2.91,0.65,3.04,0.82,3.71,3.66,0.23,5.67,0.73,5.67,0.24,41.93,0.01,C3'-endo
137,134,0.35,A,A,A,1,0,0,0,0,.,145,1,tHS,tM-m,4.29,2.87,2.15,1.61,3.79,5.20,4.88,3.11,BI,anti,.,4.42,4.42,4.05,3.90,4.34,3.90,1.82,4.92,0.00,5.96,0.50,5.76,0.33,30.26,0.32,C3'-endo
138,135,0.35,G,G,G,0,0,1,0,0,(,144,1,cWW,cW-W,5.14,2.89,0.79,1.63,4.10,4.87,5.51,3.51,..,anti,.,4.16,4.50,2.89,4.24,3.31,4.30,4.65,5.12,0.08,5.86,0.58,5.73,0.30,33.73,0.20,C3'-endo
139,136,0.35,G,G,G,0,0,1,0,0,.,143,1,tSH,tm-M,5.70,2.61,0.46,1.46,4.27,4.95,5.60,3.68,..,anti,.,3.50,4.49,2.92,4.20,3.34,3.81,4.42,3.67,6.17,5.98,0.58,5.63,0.48,37.37,0.49,C3'-endo
140,137,0.36,A,A,A,1,0,0,0,0,.,,0,,,3.55,2.48,5.19,1.36,1.41,5.09,2.60,0.59,..,syn,.,-3.06,3.23,5.70,1.50,5.93,1.25,5.80,1.17,6.21,5.95,0.58,5.64,0.45,36.89,0.44,C3'-endo
141,138,0.36,A,A,A,1,0,0,0,0,.,153,1,tHW,tM-W,3.50,2.94,2.02,1.39,3.75,1.49,2.25,4.73,..,anti,.,0.14,4.50,2.22,0.45,2.19,0.05,2.90,0.10,6.05,6.03,0.60,5.53,0.62,42.84,0.63,C4'-exo
142,139,0.36,C,C,C,0,1,0,0,0,.,,0,,,0.59,3.04,3.97,1.39,3.81,5.31,4.79,3.43,BI,anti,.,4.69,4.84,2.09,3.42,2.42,3.69,3.05,4.77,0.13,5.78,0.66,5.69,0.29,37.87,0.13,C3'-endo
143,140,0.36,A,A,A,1,0,0,0,0,.,139,1,tHS,tM-m,4.22,3.19,1.57,1.54,4.65,4.67,6.26,2.87,..,anti,.,4.85,4.86,2.94,4.30,3.39,4.31,4.68,4.93,0.31,5.65,0.70,5.75,0.15,40.41,6.16,C2'-exo
144,141,0.37,C,C,C,0,1,0,0,0,),138,1,cWW,cW-W,5.29,2.19,1.20,1.31,4.23,4.42,6.08,2.80,..,anti,.,4.77,4.77,2.70,4.17,3.18,4.24,4.41,5.16,0.00,5.81,0.74,5.53,0.47,44.47,0.32,C3'-endo
145,142,0.37,G,G,G,0,0,1,0,0,.,137,1,tSH,tm-M,0.24,2.14,0.38,1.57,3.58,5.14,4.73,3.54,BI,anti,.,4.27,4.43,2.95,4.36,3.40,3.52,4.80,2.49,6.21,5.98,0.54,5.69,0.43,34.20,0.45,C3'-endo
146,143,0.37,A,A,A,1,0,0,0,0,.,386,1,cHS,cM+m,3.12,2.62,0.67,1.42,3.97,4.96,5.30,3.39,BI,anti,.,4.50,4.71,0.50,3.97,0.89,4.02,0.53,4.79,0.07,5.81,0.67,5.64,0.36,39.17,0.22,C3'-endo
147,144,0.38,A,A,A,1,0,0,0,0,.,,0,,,5.31,2.80,0.92,1.56,4.35,3.45,0.90,3.55,BII,anti,.,4.03,4.56,3.13,2.35,3.43,2.29,4.43,2.79,0.15,5.79,0.62,5.73,0.26,35.85,0.09,C3'-endo
148,145,0.38,C,C,C,0,1,0,0,0,(,232,1,cWW,cW-W,5.74,4.32,5.70,1.53,3.25,4.94,4.59,3.36,BI,anti,A,4.45,4.45,3.79,3.11,3.38,3.40,2.89,4.05,0.12,5.79,0.66,5.68,0.31,37.98,0.14,C3'-endo
149,146,0.38,U,U,U,0,0,0,1,0,(,231,1,cWW,cW-W,3.49,3.95,1.93,1.49,3.63,4.10,5.81,3.52,..,anti,A,4.06,4.28,2.71,3.79,3.04,3.76,3.65,3.95,6.13,6.02,0.56,5.62,0.52,37.90,0.56,C3'-endo
150,147,0.38,U,U,U,0,0,0,1,0,(,230,1,cWW,cW-W,0.63,1.92,6.25,1.37,3.06,4.68,4.66,3.83,BI,anti,A,3.83,4.17,2.80,3.66,2.98,3.55,3.41,4.16,6.05,6.03,0.61,5.52,0.63,43.49,0.63,C4'-exo
151,148,0.39,C,C,C,0,1,0,0,0,(,229,1,cWW,cW-W,2.77,3.69,2.89,1.49,4.48,4.54,6.22,3.11,..,anti,A,4.64,4.74,2.97,3.59,3.07,3.66,3.92,4.00,0.27,5.65,0.74,5.69,0.20,42.23,6.24,C2'-exo
152,149,0.39,A,A,A,1,0,0,0,0,(,228,1,cWW,cW-W,5.50,2.42,1.07,1.25,4.26,4.43,6.11,2.92,..,anti,A,4.78,4.75,2.94,3.67,3.21,3.72,3.81,4.31,6.17,5.90,0.70,5.50,0.56,44.68,0.46,C3'-endo
153,150,0.39,U,U,U,0,0,0,1,0,.,141,1,tWH,tW-M,5.55,2.62,0.83,1.42,3.97,4.10,6.15,3.38,..,anti,.,4.61,4.75,2.99,3.07,3.16,3.29,3.95,3.01,0.07,5.82,0.66,5.64,0.36,38.74,0.23,C3'-endo
154,151,0.39,A,A,A,1,0,0,0,0,.,,0,,,5.74,3.37,0.28,2.46,3.30,1.83,1.47,0.93,..,syn,.,-1.72,2.08,3.39,1.25,3.30,0.41,2.83,5.85,5.80,0.71,5.63,0.40,0.05,40.88,2.74,C2'-endo
155,152,0.40,U,U,U,0,0,0,1,0,.,,0,,,0.77,4.01,1.07,1.68,0.57,3.62,3.23,4.14,..,anti,.,0.82,0.87,0.31,6.28,0.77,6.06,1.34,0.13,5.81,0.20,0.13,5.88,0.55,30.98,1.33,O4'-endo
156,153,0.40,G,G,G,0,0,1,0,0,.,,0,,,5.24,2.90,1.04,2.33,4.16,1.85,2.32,4.18,..,anti,.,1.60,1.71,2.78,1.73,3.52,1.57,3.37,2.21,5.85,0.61,5.73,0.32,0.07,34.93,2.70,C2'-endo
157,154,0.40,A,A,A,1,0,0,0,0,.,225,1,tHW,tM-W,5.26,2.88,0.37,1.66,3.99,5.50,4.77,3.25,..,anti,.,4.75,4.75,3.21,4.61,3.24,4.69,3.39,5.57,0.27,5.77,0.55,5.87,0.09,31.96,6.12,C2'-exo
158,155,0.40,G,G,G,0,0,1,0,0,.,183,1,cWW,cW-W,4.46,2.84,1.48,1.34,3.81,4.92,5.17,3.28,BI,anti,A,4.67,4.72,2.45,3.75,3.20,3.68,4.77,3.94,0.20,5.68,0.77,5.62,0.30,44.14,0.07,C3'-endo
159,156,0.41,G,G,G,0,0,1,0,0,(,224,1,cWW,cW-W,5.28,3.04,1.03,1.37,3.85,4.52,5.61,3.34,BI,anti,A,4.64,4.75,3.07,4.00,3.23,3.94,3.79,4.44,0.13,5.75,0.70,5.64,0.32,40.66,0.14,C3'-endo
160,157,0.41,C,C,C,0,1,0,0,0,(,223,1,cWW,cW-W,2.32,3.88,3.37,1.77,4.24,4.85,5.67,2.98,..,anti,A,4.39,4.51,3.22,3.66,3.44,3.73,4.31,4.13,0.36,5.71,0.55,5.92,0.01,33.43,5.97,C2'-exo
161,158,0.41,U,U,U,0,0,0,1,0,(,222,1,cWW,cW-W,5.51,2.88,0.60,1.32,3.68,4.88,5.09,3.71,BI,anti,.,3.92,4.61,2.64,3.69,2.99,3.69,3.68,4.82,0.04,5.81,0.71,5.58,0.42,42.48,0.27,C3'-endo
162,159,0.41,A,A,A,1,0,0,0,0,.,221,1,cHW,cM+W,5.76,2.84,0.54,1.30,3.37,5.08,4.58,0.94,BI,syn,.,-3.44,4.24,2.86,3.98,3.01,3.75,4.40,3.49,5.82,6.25,0.48,5.53,0.76,45.21,0.92,C4'-exo
163,160,0.42,G,G,G,0,0,1,0,0,.,220,1,cHW,cM+W,1.81,3.46,4.42,1.22,3.85,4.57,5.56,0.07,BI,syn,.,-4.67,4.64,3.26,3.10,3.26,3.28,3.32,3.13,6.09,5.98,0.65,5.51,0.61,44.22,0.57,C3'-endo
164,161,0.42,G,G,G,0,0,1,0,0,.,,0,,,2.61,3.87,2.81,1.51,4.28,5.81,4.75,3.31,..,anti,.,4.65,4.87,2.57,4.41,2.99,3.92,2.92,3.64,0.36,5.61,0.72,5.76,0.10,41.70,6.10,C2'-exo
165,162,0.42,U,U,U,0,0,0,1,0,.,"218,219",2,"c.W,cWW","c.-W,cW-W",3.91,1.40,3.13,1.56,3.86,5.24,4.91,3.33,BI,anti,.,4.70,4.75,3.08,3.58,3.13,3.77,3.21,4.44,0.21,5.74,0.65,5.74,0.21,37.22,6.28,C2'-exo
166,163,0.42,A,A,A,1,0,0,0,0,(,217,1,cWW,cW-W,1.27,2.60,4.71,1.48,3.85,5.01,5.12,3.56,BI,anti,A,4.41,4.80,2.39,3.27,2.82,3.53,3.81,4.29,0.24,5.70,0.68,5.73,0.20,39.10,6.25,C2'-exo
167,164,0.43,U,U,U,0,0,0,1,0,.,216,1,cWW,cW-W,5.50,2.72,0.82,1.25,4.05,4.14,6.19,3.67,..,anti,A,3.76,4.68,2.91,3.57,3.23,3.42,4.01,3.65,6.19,5.92,0.67,5.54,0.53,42.59,0.45,C3'-endo
168,165,0.43,C,C,C,0,1,0,0,0,(,215,1,cWW,cW-W,1.61,4.15,3.59,1.60,4.20,5.14,5.34,3.18,..,anti,.,4.71,4.76,2.88,3.81,2.95,3.88,3.46,4.45,0.48,5.58,0.66,5.88,6.24,41.05,5.90,C2'-exo
169,166,0.43,A,A,A,1,0,0,0,0,(,214,1,cWW,cW-W,5.41,3.20,0.87,1.25,3.58,4.62,5.25,3.52,BI,anti,.,4.39,4.66,2.88,3.82,3.31,3.79,4.26,4.10,0.12,5.72,0.77,5.57,0.37,44.83,0.16,C3'-endo
170,167,0.43,A,A,A,1,0,0,0,0,(,213,1,cWW,cW-W,2.45,3.96,3.40,1.46,4.17,4.86,5.60,3.36,..,anti,.,4.61,4.91,3.31,3.63,3.48,3.87,4.00,4.73,0.24,5.72,0.65,5.76,0.18,37.00,6.23,C2'-exo
171,168,0.44,U,U,U,0,0,0,1,0,(,212,1,cWW,cW-W,6.14,2.76,0.47,1.96,1.68,2.00,5.97,4.59,..,anti,.,1.06,1.12,3.17,5.74,4.04,4.99,4.94,5.60,5.97,0.44,5.89,0.23,0.05,25.03,2.69,C2'-endo
172,169,0.44,G,G,G,0,0,1,0,0,(,200,1,cWW,cW-W,4.11,3.31,0.85,1.44,4.29,4.58,5.99,3.33,..,anti,A,4.50,4.74,2.86,3.73,3.60,3.86,3.77,4.26,0.16,5.68,0.80,5.56,0.35,46.48,0.13,C3'-endo
173,170,0.44,G,G,G,0,0,1,0,0,(,199,1,cWW,cW-W,5.20,2.38,1.42,1.38,4.07,4.58,5.77,3.19,..,anti,A,4.50,4.55,2.80,3.79,3.16,3.75,3.81,4.25,6.19,5.89,0.71,5.51,0.54,44.85,0.43,C3'-endo
174,171,0.44,A,A,A,1,0,0,0,0,(,198,1,cWW,cW-W,5.54,2.55,1.16,1.23,4.14,4.74,5.69,3.22,..,anti,A,4.41,4.53,3.03,3.90,3.25,3.90,4.02,4.63,5.97,6.09,0.60,5.49,0.69,45.43,0.72,C4'-exo
175,172,0.45,U,U,U,0,0,0,1,0,(,197,1,cWW,cW-W,5.64,2.70,0.86,1.41,3.98,5.16,5.10,3.50,BI,anti,.,4.06,4.42,2.99,4.13,3.21,4.21,4.18,5.01,5.87,6.22,0.47,5.57,0.71,42.62,0.88,C4'-exo
176,173,0.45,G,G,G,0,0,1,0,0,.,195,1,tSH,tm-M,4.91,3.25,1.02,1.53,3.74,4.51,5.51,3.87,BI,anti,.,3.25,4.33,2.92,3.10,3.29,2.83,4.26,2.59,6.09,6.01,0.61,5.55,0.58,41.50,0.58,C3'-endo
177,174,0.45,A,A,A,1,0,0,0,0,.,"131,194",2,"tSS,tHS","tm+m,tM-m",4.47,2.09,1.78,1.07,4.06,5.27,5.07,3.27,..,anti,.,4.64,4.80,2.63,3.86,2.54,3.96,2.42,4.77,6.08,5.94,0.74,5.42,0.67,49.56,0.55,C3'-endo
178,175,0.45,G,G,G,0,0,1,0,0,(,193,1,cWW,cW-W,5.16,2.87,1.24,1.62,3.81,4.74,5.35,3.27,BI,anti,A,4.52,4.53,3.03,3.75,3.61,3.71,4.88,3.98,0.07,5.82,0.65,5.66,0.35,38.25,0.21,C3'-endo
179,176,0.46,U,U,U,0,0,0,1,0,(,192,1,cWW,cW-W,5.22,2.89,0.92,1.37,3.55,5.18,4.65,3.32,BI,anti,A,4.44,4.53,2.89,3.81,3.14,3.82,3.72,4.45,6.19,5.90,0.69,5.52,0.54,44.01,0.44,C3'-endo
180,177,0.46,U,U,U,0,0,0,1,0,(,191,1,cWW,cW-W,4.80,3.16,1.23,1.29,3.79,4.91,5.17,3.46,BI,anti,A,4.44,4.71,2.91,3.65,3.17,3.65,4.09,4.05,6.23,5.86,0.71,5.52,0.51,44.00,0.39,C3'-endo
181,178,0.46,U,U,U,0,0,0,1,0,(,190,1,cWW,cW-W,5.44,3.04,0.73,1.41,3.56,2.84,0.71,3.63,..,anti,.,4.16,4.57,3.00,1.29,3.18,1.46,3.80,2.21,0.06,5.82,0.67,5.63,0.37,39.34,0.24,C3'-endo
182,179,0.46,G,G,G,0,0,1,0,0,.,223,1,tSS,tm+m,4.57,2.57,1.50,1.38,4.42,1.48,2.94,3.14,..,anti,.,4.69,4.79,3.30,1.39,3.35,1.49,2.91,1.77,0.14,5.71,0.76,5.59,0.35,43.88,0.14,C3'-endo
183,180,0.47,C,C,C,0,1,0,0,0,.,158,1,cWW,cW-W,2.13,4.48,2.51,1.50,4.62,4.42,0.20,3.60,..,anti,.,3.20,3.74,3.46,3.79,3.57,3.32,3.18,3.08,5.94,6.21,0.43,5.64,0.62,37.88,0.86,C4'-exo
184,181,0.47,A,A,A,1,0,0,0,0,.,,0,,,6.12,4.13,1.31,1.40,4.26,4.43,6.11,3.68,..,anti,.,3.85,4.88,5.39,3.99,5.62,4.11,5.62,4.77,0.15,5.78,0.65,5.70,0.28,37.66,0.10,C3'-endo
185,182,0.47,U,U,U,0,0,0,1,0,.,,0,,,5.73,2.28,0.82,1.39,4.23,5.06,5.45,3.65,..,anti,.,3.93,4.80,3.00,3.99,3.29,3.65,4.16,3.09,0.06,5.81,0.67,5.63,0.37,39.70,0.23,C3'-endo
186,183,0.47,A,A,A,1,0,0,0,0,.,3,1,cWH,cW+M,4.17,1.76,2.13,1.51,3.74,4.57,5.46,3.47,BI,anti,.,4.50,4.70,2.59,3.32,2.78,3.34,2.56,3.83,0.17,5.78,0.62,5.74,0.24,35.86,0.06,C3'-endo
187,184,0.48,A,A,A,1,0,0,0,0,.,,0,,,6.17,2.41,0.32,1.35,4.25,4.58,5.96,3.13,..,anti,A,4.69,4.74,3.13,3.94,3.33,4.05,3.99,4.66,0.02,5.84,0.67,5.61,0.41,40.28,0.29,C3'-endo
188,185,0.48,C,C,C,0,1,0,0,0,},1,1,cWW,cW-W,5.49,2.52,0.92,1.28,3.26,5.15,4.38,3.59,BI,anti,.,4.32,4.50,2.69,3.69,3.05,3.68,3.99,4.42,6.22,5.87,0.70,5.54,0.51,43.49,0.40,C3'-endo
189,186,0.48,A,A,A,1,0,0,0,0,.,,0,,,4.58,3.70,1.02,1.40,4.09,4.52,5.85,3.49,..,anti,A,4.25,4.75,2.97,3.74,3.03,3.89,3.93,4.37,0.27,5.68,0.69,5.73,0.18,39.61,6.21,C2'-exo
190,187,0.48,A,A,A,1,0,0,0,0,),181,1,cWW,cW-W,5.79,2.47,0.93,1.46,3.99,4.86,5.42,3.41,BI,anti,A,4.51,4.73,3.10,3.96,3.36,3.89,4.06,4.16,0.20,5.73,0.68,5.70,0.25,39.26,0.04,C3'-endo
191,188,0.49,A,A,A,1,0,0,0,0,),180,1,cWW,cW-W,5.05,2.78,1.27,1.28,3.99,4.38,5.89,3.21,..,anti,A,4.61,4.68,2.86,3.63,3.11,3.71,3.77,4.14,0.04,5.84,0.65,5.63,0.39,38.91,0.27,C3'-endo
192,189,0.49,A,A,A,1,0,0,0,0,),179,1,cWW,cW-W,6.13,2.35,0.70,1.36,3.56,4.53,5.31,3.46,BI,anti,A,4.22,4.38,2.99,3.98,3.23,3.82,3.88,4.32,6.16,5.96,0.62,5.59,0.51,39.97,0.49,C3'-endo
193,190,0.49,C,C,C,0,1,0,0,0,),178,1,cWW,cW-W,2.67,3.84,3.05,1.55,4.19,5.16,5.31,3.09,..,anti,.,4.68,4.69,2.96,3.87,3.17,3.90,4.04,4.62,0.17,5.77,0.64,5.72,0.25,36.95,0.06,C3'-endo
194,191,0.49,A,A,A,1,0,0,0,0,.,177,1,tSH,tm-M,5.07,2.93,1.16,1.56,3.58,3.97,5.89,3.32,..,anti,.,4.46,4.38,2.85,2.71,3.33,2.84,4.47,3.03,6.17,5.97,0.58,5.62,0.49,37.77,0.49,C3'-endo
195,192,0.50,A,A,A,1,0,0,0,0,.,176,1,tHS,tM-m,5.16,2.90,1.13,1.58,4.00,5.08,5.20,3.40,..,anti,.,4.12,4.45,3.53,4.06,3.35,4.02,3.15,4.82,0.08,5.87,0.57,5.74,0.29,33.01,0.19,C3'-endo
196,193,0.50,A,A,A,1,0,0,0,0,.,242,1,tSS,tm+m,4.78,2.83,1.06,1.50,4.28,4.92,5.65,3.49,..,anti,A,4.19,4.73,2.72,4.09,3.04,4.07,4.14,4.15,0.18,5.77,0.64,5.72,0.24,36.60,0.05,C3'-endo
197,194,0.50,G,G,G,0,0,1,0,0,),175,1,cWW,cW-W,5.13,2.77,1.24,1.36,3.71,4.34,5.66,3.45,BI,anti,A,4.35,4.43,2.70,3.71,3.07,3.44,3.49,3.97,5.91,6.13,0.58,5.48,0.74,46.75,0.78,C4'-exo
198,195,0.51,U,U,U,0,0,0,1,0,),174,1,cWW,cW-W,1.80,3.98,3.72,1.70,4.20,4.80,5.69,3.15,..,anti,.,4.78,4.82,3.12,3.28,3.11,3.49,3.94,3.90,0.52,5.54,0.68,5.89,6.21,42.68,5.86,C2'-exo
199,196,0.51,C,C,C,0,1,0,0,0,),173,1,cWW,cW-W,5.54,2.98,0.64,1.24,3.38,5.29,4.38,3.25,BI,anti,A,4.66,4.70,2.95,3.67,3.23,3.74,3.78,4.18,0.11,5.71,0.80,5.53,0.41,46.75,0.19,C3'-endo
200,197,0.51,C,C,C,0,1,0,0,0,),172,1,cWW,cW-W,4.56,3.35,1.24,1.58,3.72,4.79,5.21,3.42,BI,anti,A,4.33,4.46,2.93,3.80,3.16,3.90,3.81,4.07,6.24,5.89,0.66,5.58,0.47,40.97,0.38,C3'-endo
201,198,0.51,U,U,U,0,0,0,1,0,.,53,1,cWH,cW+M,4.98,2.85,1.41,2.23,5.04,1.96,3.08,3.62,..,anti,.,0.81,0.80,3.68,2.20,3.89,1.87,4.09,1.94,5.61,0.71,5.81,0.10,0.36,41.12,2.30,C1'-exo
202,199,0.52,U,U,U,0,0,0,1,0,],60,1,cWW,cW-W,1.66,2.68,3.01,1.38,3.85,4.88,5.25,3.07,BI,anti,.,4.36,4.45,2.54,2.95,2.21,3.13,2.15,3.55,6.16,5.90,0.73,5.47,0.59,46.88,0.47,C3'-endo
203,200,0.52,U,U,U,0,0,0,1,0,],59,1,cWW,cW-W,5.35,3.02,0.90,1.29,3.68,3.98,5.98,3.36,..,anti,A,4.37,4.54,2.91,3.37,3.07,3.41,3.58,3.60,6.18,5.85,0.77,5.44,0.59,48.79,0.43,C3'-endo
204,201,0.52,C,C,C,0,1,0,0,0,],58,1,cWW,cW-W,2.60,4.35,2.85,1.21,4.04,4.81,5.51,3.12,..,anti,.,4.33,4.43,2.74,3.76,2.97,3.66,3.31,4.18,6.13,5.98,0.61,5.56,0.54,40.77,0.54,C3'-endo
205,202,0.52,U,U,U,0,0,0,1,0,],57,1,cWW,cW-W,5.04,2.95,1.48,1.17,4.24,4.51,6.02,3.17,..,anti,A,4.75,4.82,3.04,3.50,3.16,3.53,3.93,3.99,6.24,5.91,0.64,5.60,0.46,39.55,0.39,C3'-endo
206,203,0.53,G,G,G,0,0,1,0,0,],56,1,cWW,cW-W,5.49,2.64,0.84,1.35,3.86,4.90,5.24,3.40,BI,anti,A,4.67,4.85,2.90,3.77,3.03,3.75,3.69,4.43,0.11,5.79,0.67,5.65,0.33,39.24,0.17,C3'-endo
207,204,0.53,C,C,C,0,1,0,0,0,],55,1,cWW,cW-W,5.25,2.95,0.90,1.41,3.75,4.82,5.21,3.58,BI,anti,A,4.39,4.75,2.84,3.71,3.09,3.72,4.15,3.94,0.25,5.67,0.72,5.69,0.22,41.47,6.27,C2'-exo
208,205,0.53,C,C,C,0,1,0,0,0,],54,1,cWW,cW-W,5.39,2.91,0.95,1.37,3.49,0.03,3.46,3.19,..,anti,.,4.63,4.63,3.02,4.56,3.23,4.07,3.71,4.17,0.05,5.81,0.70,5.60,0.40,41.27,0.25,C3'-endo
209,206,0.53,A,A,A,1,0,0,0,0,.,,0,,,3.31,1.57,2.74,1.39,1.54,1.49,0.04,3.39,..,anti,.,3.88,3.85,3.40,2.27,3.29,2.50,3.68,4.10,0.27,5.70,0.66,5.76,0.16,37.86,6.19,C2'-exo
210,207,0.54,A,A,A,1,0,0,0,0,.,,0,,,4.35,4.62,1.57,1.57,3.47,0.75,2.72,6.05,..,syn,.,-3.15,3.69,5.13,0.44,5.41,0.37,4.00,0.75,5.80,0.14,0.22,5.78,0.62,34.89,1.20,C4'-exo
211,208,0.54,A,A,A,1,0,0,0,0,.,,0,,,2.88,4.36,1.75,1.21,4.30,4.00,0.30,3.02,..,anti,A,4.89,4.89,2.84,3.80,3.40,3.90,3.82,4.03,0.20,5.63,0.83,5.56,0.33,47.91,0.08,C3'-endo
212,209,0.54,G,G,G,0,0,1,0,0,),171,1,cWW,cW-W,6.22,1.89,0.88,1.21,4.03,4.79,5.52,3.07,BI,anti,A,4.57,4.59,3.17,3.87,3.37,3.82,3.78,4.43,6.10,5.96,0.69,5.48,0.62,46.02,0.55,C3'-endo
213,210,0.54,U,U,U,0,0,0,1,0,),170,1,cWW,cW-W,4.92,2.94,1.29,1.45,3.58,4.83,5.04,3.37,BI,anti,A,4.43,4.48,2.72,3.71,3.01,3.69,4.03,4.13,0.01,5.84,0.68,5.59,0.43,41.13,0.30,C3'-endo
214,211,0.55,U,U,U,0,0,0,1,0,),169,1,cWW,cW-W,5.33,2.99,1.06,1.36,3.74,4.65,5.38,3.31,BI,anti,A,4.66,4.70,3.06,3.59,3.25,3.61,3.96,3.98,0.02,5.84,0.67,5.61,0.41,40.39,0.29,C3'-endo
215,212,0.55,G,G,G,0,0,1,0,0,),168,1,cWW,cW-W,5.64,2.72,0.82,1.41,3.62,4.39,5.51,3.56,BI,anti,A,4.28,4.54,2.96,3.66,3.17,3.69,3.81,4.10,0.12,5.73,0.75,5.59,0.36,43.84,0.16,C3'-endo
216,213,0.55,G,G,G,0,0,1,0,0,.,167,1,cWW,cW-W,0.01,2.36,0.63,1.32,4.13,4.29,6.12,3.58,..,anti,.,4.13,4.80,3.21,3.54,3.32,3.56,3.85,3.75,6.28,5.92,0.57,5.69,0.38,34.72,0.34,C3'-endo
217,214,0.55,U,U,U,0,0,0,1,0,),166,1,cWW,cW-W,5.43,2.18,1.08,1.28,3.81,5.04,5.05,3.44,BI,anti,A,4.44,4.65,2.75,3.97,2.96,3.84,3.41,4.38,0.00,5.83,0.71,5.56,0.45,42.80,0.32,C3'-endo
218,215,0.56,A,A,A,1,0,0,0,0,.,165,1,cW.,cW-.,4.83,3.11,1.21,1.26,3.79,5.60,4.48,3.44,BI,anti,.,4.49,4.75,2.74,3.84,2.97,3.50,3.94,2.88,0.14,5.71,0.77,5.58,0.35,44.44,0.14,C3'-endo
219,216,0.56,C,C,C,0,1,0,0,0,.,165,1,cWW,cW-W,3.98,1.53,3.02,1.49,4.05,4.89,5.44,3.52,BI,anti,.,4.36,4.80,3.21,3.34,3.02,3.54,2.51,4.51,0.23,5.73,0.66,5.74,0.20,37.60,6.27,C2'-exo
220,217,0.56,A,A,A,1,0,0,0,0,.,163,1,cWH,cW+M,3.36,3.62,2.10,1.40,4.72,4.13,0.59,3.17,..,anti,.,4.75,4.92,2.56,4.16,3.00,3.91,4.14,3.73,0.25,5.67,0.72,5.70,0.21,41.02,6.25,C2'-exo
221,218,0.56,G,G,G,0,0,1,0,0,.,162,1,cWH,cW+M,1.36,4.47,3.73,1.51,4.17,4.74,5.71,3.14,..,anti,A,4.84,4.83,3.03,3.09,3.12,3.34,3.29,4.13,0.23,5.70,0.70,5.70,0.22,39.98,6.27,C2'-exo
222,219,0.57,A,A,A,1,0,0,0,0,),161,1,cWW,cW-W,4.95,3.02,0.98,1.61,3.74,4.80,5.22,3.18,BI,anti,.,4.53,4.53,2.79,3.83,3.06,3.81,3.98,4.05,0.17,5.80,0.59,5.78,0.21,33.85,0.04,C3'-endo
223,220,0.57,G,G,G,0,0,1,0,0,),"160,182",2,"cWW,tSS","cW-W,tm+m",5.38,2.84,0.91,1.33,4.29,4.10,0.20,3.24,..,anti,A,4.57,4.76,3.06,3.94,3.23,3.90,3.73,4.17,0.10,5.76,0.72,5.60,0.36,42.06,0.19,C3'-endo
224,221,0.57,U,U,U,0,0,0,1,0,),159,1,cWW,cW-W,1.95,4.21,3.62,1.72,3.53,0.87,2.66,3.21,..,anti,.,4.26,4.28,3.40,4.64,3.46,4.18,3.94,3.98,0.24,5.82,0.49,5.92,0.08,28.51,6.11,C2'-exo
225,222,0.57,A,A,A,1,0,0,0,0,.,157,1,tWH,tW-M,4.39,5.32,4.54,2.32,1.33,1.33,0.00,4.23,..,anti,.,0.72,0.71,3.19,3.35,3.48,2.92,3.49,2.32,0.05,0.23,5.88,0.45,5.97,25.70,3.58,C3'-exo
226,223,0.58,A,A,A,1,0,0,0,0,.,,0,,,1.58,2.31,0.09,1.87,3.81,3.85,6.24,4.18,..,anti,.,2.50,4.00,5.28,3.28,6.20,3.02,0.47,0.18,0.06,6.05,0.31,6.00,0.14,17.72,0.13,C3'-endo
227,224,0.58,A,A,A,1,0,0,0,0,.,,0,,,2.80,2.56,0.49,2.36,4.99,1.73,3.25,0.86,..,syn,.,-0.19,1.27,0.49,2.77,0.68,2.63,3.29,3.26,5.55,0.85,5.64,0.23,0.32,48.11,2.44,C1'-exo
228,225,0.58,U,U,U,0,0,0,1,0,),152,1,cWW,cW-W,1.39,4.40,3.33,1.62,3.79,4.63,5.44,3.57,BI,anti,.,4.38,4.73,3.59,3.51,3.74,3.37,4.47,3.39,0.36,5.62,0.71,5.77,0.11,41.23,6.10,C2'-exo
229,226,0.58,G,G,G,0,0,1,0,0,),151,1,cWW,cW-W,6.18,2.54,0.40,1.24,3.06,5.18,4.17,3.37,BI,anti,A,4.41,4.36,2.95,3.63,3.24,3.70,3.61,4.36,6.08,5.98,0.67,5.48,0.63,45.72,0.57,C3'-endo
230,227,0.59,A,A,A,1,0,0,0,0,),150,1,cWW,cW-W,3.93,3.81,1.65,1.38,3.60,4.93,4.96,3.38,BI,anti,A,4.38,4.43,2.86,3.72,3.08,3.69,3.95,4.02,6.17,5.98,0.59,5.62,0.49,38.16,0.49,C3'-endo
231,228,0.59,A,A,A,1,0,0,0,0,),149,1,cWW,cW-W,5.02,3.15,1.00,1.39,3.22,5.34,4.16,3.47,BI,anti,A,4.50,4.51,2.85,3.72,3.06,3.69,3.67,4.23,6.25,5.87,0.67,5.58,0.47,41.19,0.37,C3'-endo
232,229,0.59,G,G,G,0,0,1,0,0,),148,1,cWW,cW-W,4.73,3.09,1.27,1.28,4.16,4.46,5.99,3.17,..,anti,A,4.64,4.71,3.03,3.55,3.25,3.64,4.07,4.34,0.03,5.83,0.68,5.61,0.40,40.48,0.28,C3'-endo
233,230,0.59,C,C,C,0,1,0,0,0,),136,1,cWW,cW-W,5.63,2.70,0.58,1.37,3.69,5.07,4.89,3.38,BI,anti,A,4.66,4.75,2.80,3.83,2.93,3.84,3.83,4.13,0.25,5.67,0.73,5.69,0.22,41.58,6.26,C2'-exo
234,231,0.60,A,A,A,1,0,0,0,0,),135,1,cWW,cW-W,5.30,2.98,0.98,1.55,3.68,4.26,5.71,3.14,BI,anti,.,4.62,4.57,3.07,3.93,3.33,3.88,3.97,4.00,0.10,5.85,0.58,5.74,0.29,33.89,0.17,C3'-endo
235,232,0.60,G,G,G,0,0,1,0,0,),134,1,cWW,cW-W,2.51,4.24,3.08,1.34,3.94,4.83,5.39,2.94,BI,anti,A,4.54,4.67,2.90,3.58,3.25,3.55,3.73,4.22,6.24,5.90,0.63,5.61,0.45,39.08,0.39,C3'-endo
236,233,0.60,A,A,A,1,0,0,0,0,),133,1,cWW,cW-W,5.36,3.07,0.70,1.42,3.86,4.95,5.20,3.42,BI,anti,A,4.43,4.65,2.94,3.80,3.12,3.83,4.02,4.42,0.05,5.83,0.66,5.64,0.37,38.99,0.25,C3'-endo
237,234,0.60,U,U,U,0,0,0,1,0,),132,1,cWW,cW-W,5.19,2.92,1.04,1.61,4.36,3.57,0.79,3.46,..,anti,.,4.13,4.62,3.04,2.66,3.24,2.18,4.04,4.00,0.17,5.77,0.65,5.71,0.26,37.11,0.07,C3'-endo
238,235,0.61,U,U,U,0,0,0,1,0,.,,0,,,6.27,4.16,1.53,2.33,3.66,2.85,0.81,4.30,..,anti,.,1.94,1.98,5.91,2.61,6.21,1.81,4.14,1.08,5.83,0.58,5.80,0.23,0.13,32.44,2.58,C2'-endo
239,236,0.61,G,G,G,0,0,1,0,0,.,,0,,,2.31,2.60,1.04,1.49,3.46,1.01,2.45,3.58,..,anti,.,4.08,4.28,0.52,6.23,0.68,5.75,1.21,5.34,6.21,5.97,0.56,5.67,0.43,35.40,0.43,C3'-endo
240,237,0.61,A,A,A,1,0,0,0,0,.,,0,,,0.63,3.77,6.03,2.75,3.20,1.27,1.93,4.18,..,anti,.,1.74,2.00,4.44,0.96,5.35,1.26,6.00,2.82,5.93,0.69,5.55,0.56,6.15,42.74,2.98,C2'-endo
241,238,0.61,U,U,U,0,0,0,1,0,),131,1,cWW,cW-W,1.30,2.21,5.85,1.33,3.59,4.97,4.90,3.35,BI,anti,.,4.70,4.71,3.91,3.41,3.52,3.53,2.19,4.01,6.22,5.90,0.65,5.57,0.49,40.62,0.41,C3'-endo
242,239,0.62,G,G,G,0,0,1,0,0,),"130,196",2,"cWW,tSS","cW-W,tm+m",5.23,3.48,0.47,1.63,3.70,4.72,5.27,3.35,BI,anti,.,4.62,4.61,2.94,4.00,2.98,3.91,3.50,4.20,0.21,5.73,0.66,5.73,0.22,37.89,0.01,C3'-endo
243,240,0.62,A,A,A,1,0,0,0,0,),129,1,cWW,cW-W,2.39,3.37,3.48,1.67,3.86,5.13,5.01,3.17,BI,anti,A,4.75,4.74,3.10,3.33,3.26,3.52,3.79,4.00,0.36,5.63,0.68,5.80,0.08,39.97,6.07,C2'-exo
244,241,0.62,A,A,A,1,0,0,0,0,),128,1,cWW,cW-W,5.23,3.20,0.63,1.55,3.54,4.98,4.84,3.54,BI,anti,A,4.28,4.49,2.78,3.66,3.13,3.71,3.80,4.18,0.11,5.77,0.70,5.63,0.34,40.57,0.18,C3'-endo
245,242,0.62,G,G,G,0,0,1,0,0,),127,1,cWW,cW-W,4.89,3.09,1.18,1.39,3.63,4.99,4.92,3.34,BI,anti,A,4.44,4.50,2.81,3.73,3.07,3.76,3.81,4.15,0.00,5.85,0.68,5.59,0.43,40.97,0.32,C3'-endo
246,243,0.63,G,G,G,0,0,1,0,0,),126,1,cWW,cW-W,4.85,3.23,1.41,1.33,3.96,4.82,5.42,3.41,BI,anti,.,4.25,4.57,3.02,3.84,3.23,3.91,3.86,4.84,6.16,5.90,0.72,5.48,0.58,46.23,0.47,C3'-endo
247,244,0.63,G,G,G,0,0,1,0,0,.,125,1,tSH,tm-M,5.64,2.85,0.77,1.38,3.93,4.42,5.79,3.57,..,anti,.,4.16,4.70,2.97,3.39,3.22,3.24,4.40,3.75,0.20,5.69,0.73,5.65,0.27,42.08,0.05,C3'-endo
248,245,0.63,A,A,A,1,0,0,0,0,.,35,1,tWS,tW+m,5.76,3.02,2.69,2.74,3.97,1.67,2.29,3.96,..,anti,.,0.73,1.02,5.89,1.09,5.83,1.16,4.97,1.01,5.99,0.61,5.58,0.54,6.13,40.43,3.05,C2'-endo
249,246,0.64,A,A,A,1,0,0,0,0,.,,0,,,3.04,4.09,1.12,2.60,4.86,3.75,1.11,3.58,..,anti,.,0.88,0.88,2.59,4.16,2.57,4.11,2.41,4.44,5.94,0.59,5.70,0.41,6.24,34.87,2.88,C2'-endo
250,247,0.64,A,A,A,1,0,0,0,0,),27,1,cWW,cW-W,5.00,1.62,2.07,1.33,3.72,5.08,4.93,3.36,BI,anti,A,4.48,4.62,3.47,3.49,3.94,3.35,4.52,3.84,0.05,5.75,0.79,5.51,0.46,46.82,0.26,C3'-endo
251,248,0.64,G,G,G,0,0,1,0,0,),"26,70",2,"cWW,tSW","cW-W,tm+W",4.77,2.98,1.47,1.35,4.02,4.71,5.58,3.24,BI,anti,A,4.56,4.64,2.92,3.69,3.20,3.71,4.01,4.20,6.26,5.83,0.74,5.52,0.49,44.87,0.35,C3'-endo
252,249,0.64,A,A,A,1,0,0,0,0,),25,1,cWW,cW-W,5.40,2.98,0.87,1.49,3.86,4.70,5.45,3.55,BI,anti,A,4.22,4.60,3.02,3.59,3.20,3.63,3.90,4.01,0.03,5.84,0.66,5.63,0.39,39.16,0.28,C3'-endo
253,250,0.65,C,C,C,0,1,0,0,0,),24,1,cWW,cW-W,5.03,2.62,1.41,1.41,3.98,4.27,5.99,3.55,..,anti,A,3.99,4.55,2.95,3.69,3.20,3.64,3.78,4.02,6.26,5.87,0.67,5.58,0.46,41.13,0.35,C3'-endo
254,251,0.65,U,U,U,0,0,0,1,0,),23,1,cWW,cW-W,0.05,2.31,0.32,1.29,3.39,5.22,4.45,3.38,BI,anti,A,4.58,4.56,2.95,3.74,3.14,3.75,3.79,4.26,6.15,5.92,0.69,5.51,0.57,44.75,0.49,C3'-endo
255,252,0.65,G,G,G,0,0,1,0,0,),22,1,cWW,cW-W,4.65,3.07,1.41,1.40,3.90,4.86,5.33,3.47,BI,anti,A,4.33,4.61,2.95,3.69,3.18,3.64,3.95,3.99,0.01,5.85,0.66,5.61,0.42,40.02,0.31,C3'-endo
256,253,0.65,C,C,C,0,1,0,0,0,),21,1,cWW,cW-W,4.70,2.83,1.45,1.35,3.72,5.17,4.84,3.60,BI,anti,A,4.22,4.71,2.71,3.90,2.94,3.85,3.58,4.32,0.03,5.82,0.70,5.58,0.43,41.73,0.29,C3'-endo
257,254,0.66,A,A,A,1,0,0,0,0,),20,1,cWW,cW-W,4.85,3.17,1.21,1.35,3.75,4.89,5.14,3.28,BI,anti,A,4.69,4.69,2.88,3.68,3.17,3.70,3.99,4.39,6.20,5.90,0.67,5.55,0.51,42.42,0.43,C3'-endo
258,255,0.66,U,U,U,0,0,0,1,0,),19,1,cWW,cW-W,5.13,2.80,1.18,1.41,4.07,4.72,5.63,3.32,..,anti,A,4.58,4.71,3.03,3.80,3.25,3.82,4.18,4.36,0.05,5.84,0.64,5.65,0.37,37.96,0.25,C3'-endo
259,256,0.66,U,U,U,0,0,0,1,0,),18,1,cWW,cW-W,5.42,2.55,1.09,1.30,3.84,4.64,5.48,3.45,BI,anti,A,4.39,4.64,2.92,3.46,3.22,3.42,4.07,3.46,6.27,5.87,0.67,5.59,0.44,40.66,0.34,C3'-endo
260,257,0.66,C,C,C,0,1,0,0,0,),17,1,cWW,cW-W,5.12,2.82,1.10,1.32,3.72,4.97,5.04,3.58,BI,anti,A,4.21,4.64,2.87,3.73,2.98,3.72,3.20,4.13,0.08,5.77,0.73,5.59,0.39,42.79,0.22,C3'-endo
261,258,0.67,U,U,U,0,0,0,1,0,.,15,1,tWH,tW-M,5.29,2.91,0.99,1.42,3.72,4.58,5.43,3.48,BI,anti,.,4.34,4.57,2.91,3.51,3.16,3.50,3.86,3.53,0.05,5.78,0.74,5.56,0.42,43.83,0.26,C3'-endo
262,259,0.67,U,U,U,0,0,0,1,0,.,113,1,cWH,cW+M,5.72,2.85,0.77,1.32,3.81,3.90,6.19,3.52,..,anti,.,4.30,4.65,3.28,3.27,3.31,2.84,3.37,2.47,6.16,5.91,0.70,5.49,0.58,45.44,0.48,C3'-endo
263,260,0.67,A,A,A,1,0,0,0,0,.,"8,381",2,"cWS,tHS","cW-m,tM-m",1.15,2.28,3.17,2.62,4.18,5.18,5.28,3.85,..,anti,.,1.37,1.35,1.85,3.67,1.46,3.64,0.94,3.51,5.86,0.69,5.61,0.45,6.26,40.12,2.84,C2'-endo
264,261,0.67,C,C,C,0,1,0,0,0,],6,1,cWW,cW-W,5.30,4.25,4.95,2.82,5.02,4.90,0.12,4.79,..,anti,.,-0.08,0.09,2.77,4.94,3.16,4.99,3.17,5.87,6.05,0.62,5.54,0.62,6.04,42.57,3.15,C3'-exo
265,262,0.68,C,C,C,0,1,0,0,0,),13,1,cWW,cW-W,5.05,3.31,1.01,1.40,3.68,5.10,4.86,3.30,BI,anti,A,4.21,4.43,2.67,3.83,3.43,3.87,3.25,4.45,6.24,5.90,0.64,5.61,0.45,39.45,0.38,C3'-endo
266,263,0.68,C,C,C,0,1,0,0,0,),12,1,cWW,cW-W,4.95,3.21,1.01,1.36,3.93,4.81,5.40,3.62,BI,anti,A,3.94,4.61,2.91,3.68,3.08,3.74,3.86,4.28,6.26,5.89,0.64,5.61,0.44,38.94,0.36,C3'-endo
267,264,0.68,G,G,G,0,0,1,0,0,),11,1,cWW,cW-W,5.40,2.80,0.92,1.42,3.85,5.02,5.11,3.24,BI,anti,A,4.69,4.71,2.91,3.84,3.12,3.80,3.89,4.14,0.12,5.75,0.73,5.61,0.35,42.19,0.17,C3'-endo
268,265,0.68,G,G,G,0,0,1,0,0,),10,1,cWW,cW-W,4.77,2.79,1.43,1.25,4.05,4.68,5.65,3.15,..,anti,A,4.72,4.74,2.81,3.56,3.04,3.64,3.72,4.22,0.06,5.79,0.73,5.57,0.42,43.14,0.25,C3'-endo
269,266,0.69,G,G,G,0,0,1,0,0,),"9,322",2,"cWW,tSS","cW-W,tm+m",5.55,2.76,0.96,1.50,3.88,5.04,5.12,3.32,BI,anti,.,4.57,4.67,3.16,4.00,3.38,4.04,4.14,3.59,0.05,5.86,0.62,5.67,0.36,36.82,0.26,C3'-endo
270,267,0.69,G,G,G,0,0,1,0,0,(,"289,323",2,"cWW,tSS","cW-W,tm+m",5.06,3.43,0.71,2.57,3.82,2.30,1.52,4.40,..,anti,.,2.44,2.04,2.88,2.07,3.30,1.89,3.04,2.44,5.72,0.78,5.59,0.38,0.12,44.32,2.67,C2'-endo
271,268,0.69,A,A,A,1,0,0,0,0,.,288,1,tHW,tM-W,5.05,2.43,0.95,1.46,4.18,4.73,5.73,3.11,..,anti,.,4.87,4.79,3.23,4.44,3.17,4.29,3.36,5.14,0.19,5.71,0.71,5.67,0.27,40.92,0.06,C3'-endo
272,269,0.69,G,G,G,0,0,1,0,0,.,287,1,tH.,tM-.,2.60,3.60,2.85,1.56,4.41,5.04,5.65,2.93,..,anti,.,4.83,4.79,2.58,4.05,3.09,4.04,4.54,5.05,0.33,5.70,0.61,5.85,0.07,35.58,6.06,C2'-exo
273,270,0.70,G,G,G,0,0,1,0,0,.,286,1,cWW,cW-W,5.03,2.95,0.99,1.61,3.97,4.59,5.66,3.09,..,anti,A,4.87,4.80,2.63,3.95,3.07,4.00,4.57,4.16,0.21,5.73,0.66,5.73,0.22,37.91,0.01,C3'-endo
274,271,0.70,U,U,U,0,0,0,1,0,(,285,1,cWW,cW-W,5.72,2.42,1.06,1.38,3.95,4.87,5.37,3.23,BI,anti,A,4.28,4.40,3.12,3.89,3.45,3.87,3.95,4.71,6.07,6.04,0.58,5.56,0.58,40.85,0.62,C3'-endo
275,272,0.70,C,C,C,0,1,0,0,0,(,284,1,cWW,cW-W,5.19,2.90,1.05,1.38,3.78,4.85,5.22,3.65,BI,anti,.,4.00,4.54,2.86,3.63,3.15,3.63,4.28,3.92,6.27,5.87,0.66,5.60,0.44,39.94,0.34,C3'-endo
276,273,0.70,U,U,U,0,0,0,1,0,(,"95,283",2,"cSS,cWW","cm-m,cW-W",5.23,3.03,0.90,1.37,3.71,4.99,5.00,3.23,BI,anti,A,4.46,4.56,2.96,3.66,3.11,3.65,3.59,4.13,6.24,5.87,0.68,5.56,0.48,41.97,0.38,C3'-endo
277,274,0.71,G,G,G,0,0,1,0,0,(,282,1,cWW,cW-W,4.86,2.90,1.20,1.31,4.36,4.73,5.91,3.37,..,anti,.,4.39,4.81,2.90,3.95,3.04,4.03,3.71,4.76,0.09,5.75,0.74,5.57,0.40,43.65,0.21,C3'-endo
278,275,0.71,G,G,G,0,0,1,0,0,.,281,1,tSH,tm-M,5.40,2.37,1.18,1.10,4.22,5.38,5.12,3.38,..,anti,.,4.36,4.79,2.73,4.34,3.08,3.42,4.13,2.43,6.20,5.86,0.74,5.48,0.56,46.73,0.42,C3'-endo
279,276,0.71,A,A,A,1,0,0,0,0,.,,0,,,3.42,1.88,1.07,1.43,3.96,4.92,5.32,3.06,BI,anti,.,3.90,4.24,0.23,4.18,0.84,4.02,0.43,4.93,6.04,6.10,0.51,5.63,0.56,37.50,0.69,C4'-exo
280,277,0.71,A,A,A,1,0,0,0,0,.,,0,,,5.11,3.03,0.98,1.55,3.37,5.09,4.57,3.73,BI,anti,.,3.79,4.28,2.81,3.78,3.19,3.72,4.56,4.54,0.04,5.85,0.64,5.65,0.38,38.14,0.27,C3'-endo
281,278,0.72,A,A,A,1,0,0,0,0,.,278,1,tHS,tM-m,4.90,2.97,1.10,1.65,3.77,5.78,4.28,3.68,..,anti,.,3.92,4.48,2.88,4.62,3.19,4.52,4.29,5.12,0.17,5.78,0.62,5.75,0.23,35.70,0.05,C3'-endo
282,279,0.72,C,C,C,0,1,0,0,0,),277,1,cWW,cW-W,4.00,2.37,2.19,1.59,4.30,4.87,5.71,3.10,..,anti,A,4.72,4.76,2.75,3.68,3.40,3.69,4.65,4.25,0.40,5.60,0.69,5.80,0.05,40.96,6.03,C2'-exo
283,280,0.72,A,A,A,1,0,0,0,0,),276,1,cWW,cW-W,5.11,3.01,1.17,1.46,3.28,5.24,4.33,3.32,BI,anti,.,4.38,4.40,2.97,4.27,3.35,4.04,4.26,4.18,0.03,5.82,0.68,5.60,0.41,40.68,0.28,C3'-endo
284,281,0.72,G,G,G,0,0,1,0,0,),"96,275",2,"tSS,cWW","tm+m,cW-W",2.47,3.50,3.21,1.47,3.78,4.93,5.14,3.13,BI,anti,A,4.64,4.57,2.91,3.21,3.23,3.35,3.79,4.05,6.22,5.88,0.68,5.55,0.50,42.33,0.40,C3'-endo
285,282,0.73,A,A,A,1,0,0,0,0,),274,1,cWW,cW-W,5.12,3.18,0.78,1.43,3.66,4.84,5.10,3.27,BI,anti,A,4.63,4.68,2.91,3.60,3.11,3.64,3.94,3.91,0.03,5.82,0.69,5.59,0.42,41.49,0.28,C3'-endo
286,283,0.73,A,A,A,1,0,0,0,0,.,273,1,cWW,cW-W,5.22,2.67,1.12,1.38,3.92,4.92,5.28,3.47,BI,anti,.,4.39,4.79,2.98,4.01,3.20,4.04,3.68,4.88,6.20,5.88,0.70,5.52,0.54,44.30,0.42,C3'-endo
287,284,0.73,G,G,G,0,0,1,0,0,.,272,1,t.H,t.-M,5.68,2.74,0.70,1.36,3.74,5.02,5.00,3.63,BI,anti,.,4.13,4.66,2.94,3.44,3.37,3.37,4.60,2.85,0.09,5.76,0.75,5.58,0.39,43.61,0.21,C3'-endo
288,285,0.73,U,U,U,0,0,0,1,0,.,271,1,tWH,tW-M,4.25,2.00,2.83,2.67,5.16,4.18,0.98,3.86,..,anti,.,0.19,0.22,4.63,3.80,4.13,4.36,3.44,5.09,6.03,0.56,5.65,0.51,6.12,36.23,3.07,C2'-endo
289,286,0.74,C,C,C,0,1,0,0,0,),270,1,cWW,cW-W,5.54,2.12,0.78,2.41,3.63,3.57,0.06,4.86,..,anti,.,1.72,2.27,2.21,4.11,3.47,4.25,4.08,5.66,5.75,0.70,5.69,0.30,0.15,39.39,2.60,C2'-endo
290,287,0.74,A,A,A,1,0,0,0,0,.,,0,,,2.07,1.82,0.25,1.39,3.76,4.37,5.68,3.35,BI,anti,.,4.70,4.78,4.54,3.93,4.07,3.53,3.16,2.70,0.22,5.70,0.71,5.69,0.24,40.59,0.01,C3'-endo
291,288,0.74,G,G,G,0,0,1,0,0,.,362,1,tWH,tW-M,1.89,2.90,3.65,1.61,3.91,4.93,5.26,3.82,BI,anti,.,3.51,4.45,2.47,3.15,2.27,3.54,1.62,4.44,0.06,5.87,0.58,5.71,0.32,34.42,0.23,C3'-endo
292,289,0.74,C,C,C,0,1,0,0,0,.,,0,,,5.39,2.63,1.17,2.36,3.73,1.45,2.28,4.77,..,anti,.,1.78,1.83,3.05,1.51,3.81,0.45,4.60,5.42,5.68,0.77,5.65,0.30,0.19,43.29,2.57,C2'-endo
293,290,0.75,A,A,A,1,0,0,0,0,.,330,1,cSW,cm-W,1.30,2.84,0.94,1.32,3.00,5.04,4.23,3.66,BI,anti,.,4.01,4.36,5.84,3.30,0.11,3.47,1.59,2.95,0.05,5.80,0.70,5.60,0.40,41.21,0.25,C3'-endo
294,291,0.75,G,G,G,0,0,1,0,0,.,329,1,tSH,tm-M,4.35,4.06,1.22,1.97,1.15,4.99,2.44,4.68,..,anti,.,1.02,1.12,3.19,2.55,3.57,2.29,2.99,2.88,6.07,0.23,6.12,0.05,0.10,13.23,2.37,C1'-exo
295,292,0.75,A,A,A,1,0,0,0,0,.,328,1,tHS,tM-m,4.19,4.40,1.22,1.45,3.29,5.20,4.38,3.31,BI,anti,A,4.50,4.44,2.84,3.96,2.52,3.90,3.00,4.11,0.09,5.78,0.70,5.62,0.36,40.79,0.20,C3'-endo
296,293,0.76,A,A,A,1,0,0,0,0,.,327,1,tHS,tM-m,4.11,3.11,2.02,1.33,4.51,4.43,0.07,3.25,..,anti,.,4.57,4.82,3.13,3.89,3.26,4.05,3.74,4.89,0.11,5.78,0.69,5.64,0.34,39.95,0.17,C3'-endo
297,294,0.76,G,G,G,0,0,1,0,0,(,326,1,cWW,cW-W,6.05,2.25,0.65,1.32,3.34,4.61,5.02,3.19,BI,anti,A,4.63,4.60,2.81,3.89,3.29,3.83,4.52,4.10,0.02,5.85,0.67,5.61,0.42,40.02,0.30,C3'-endo
298,295,0.76,U,U,U,0,0,0,1,0,(,325,1,cWW,cW-W,3.01,4.15,2.60,1.35,4.44,4.58,6.14,3.14,..,anti,A,4.44,4.58,3.14,3.77,3.33,3.78,3.90,3.97,6.28,5.84,0.70,5.57,0.45,42.09,0.32,C3'-endo
299,296,0.76,C,C,C,0,1,0,0,0,(,324,1,cWW,cW-W,5.63,3.12,0.34,1.50,3.72,5.04,4.97,3.80,BI,anti,.,3.70,4.54,2.84,3.75,2.96,3.83,3.33,4.51,0.04,5.87,0.61,5.68,0.36,36.24,0.27,C3'-endo
300,297,0.77,A,A,A,1,0,0,0,0,.,,0,,,5.01,3.26,0.60,1.15,1.38,1.11,0.26,3.21,..,anti,.,4.31,4.29,2.92,3.47,3.17,3.47,4.00,3.39,0.19,5.62,0.87,5.52,0.36,49.87,0.11,C3'-endo
301,298,0.77,U,U,U,0,0,0,1,0,(,323,1,cWW,cW-W,4.13,2.81,0.96,1.32,3.70,1.03,2.66,3.54,..,anti,.,4.38,4.76,2.95,5.93,3.08,5.17,3.15,4.76,0.01,5.85,0.67,5.60,0.43,40.34,0.31,C3'-endo
302,299,0.77,A,A,A,1,0,0,0,0,.,322,1,tHH,tM+M,2.83,2.42,0.92,2.70,4.73,1.82,2.91,3.88,..,anti,.,0.84,1.10,0.73,3.22,2.12,2.43,2.44,2.61,5.68,0.83,5.56,0.39,0.13,46.77,2.66,C2'-endo
303,300,0.77,G,G,G,0,0,1,0,0,.,304,1,cSH,cm+M,1.49,4.30,4.37,2.41,3.47,2.74,0.73,4.45,..,anti,.,2.06,2.14,5.32,0.61,4.72,1.01,4.48,1.51,5.69,0.74,5.68,0.27,0.20,41.66,2.54,C2'-endo
304,301,0.78,U,U,U,0,0,0,1,0,.,"303,321",2,"cHS,tWH","cM+m,tW-M",4.54,2.38,1.08,1.50,4.36,4.24,0.11,2.90,..,anti,A,4.52,4.58,2.79,4.03,2.66,4.05,2.72,4.69,0.05,5.80,0.71,5.59,0.40,41.73,0.25,C3'-endo
305,302,0.78,A,A,A,1,0,0,0,0,.,320,1,tHS,tM-m,6.16,2.21,0.46,1.49,3.74,4.39,5.64,3.32,BI,anti,.,4.39,4.41,2.85,4.31,3.16,4.26,4.15,5.12,6.09,6.04,0.56,5.60,0.55,39.10,0.60,C3'-endo
306,303,0.78,C,C,C,0,1,0,0,0,(,319,1,cWW,cW-W,2.34,4.44,2.99,1.37,4.45,4.78,5.95,3.24,..,anti,A,4.57,4.74,2.91,3.82,3.35,3.80,4.60,4.31,6.27,5.88,0.64,5.61,0.43,39.15,0.34,C3'-endo
307,304,0.78,C,C,C,0,1,0,0,0,(,318,1,cWW,cW-W,5.39,2.85,0.83,1.33,3.92,4.68,5.52,3.71,BI,anti,.,3.79,4.57,2.84,3.58,3.16,3.67,3.95,4.27,6.11,5.98,0.63,5.54,0.58,42.44,0.55,C3'-endo
308,305,0.79,C,C,C,0,1,0,0,0,(,317,1,cWW,cW-W,5.48,3.10,0.47,1.53,3.35,5.14,4.49,3.73,BI,anti,.,4.12,4.54,2.85,3.67,3.01,3.73,3.76,4.30,0.24,5.69,0.70,5.71,0.21,40.34,6.26,C2'-exo
309,306,0.79,U,U,U,0,0,0,1,0,.,316,1,cWH,cW+M,4.90,3.24,0.99,1.37,3.64,4.55,5.37,3.81,BI,anti,.,3.85,4.69,2.84,3.82,3.07,3.65,3.88,3.92,0.26,5.66,0.73,5.69,0.22,41.94,6.26,C2'-exo
310,307,0.79,G,G,G,0,0,1,0,0,.,315,1,cWW,cW-W,2.40,3.53,3.29,1.71,4.03,5.45,4.86,2.58,..,anti,.,4.27,4.79,2.90,4.20,3.01,4.32,3.69,4.73,0.52,5.59,0.60,5.97,6.16,39.31,5.78,C2'-exo
311,308,0.79,U,U,U,0,0,0,1,0,.,,0,,,4.63,3.92,1.26,2.26,3.44,4.15,5.57,4.06,BI,anti,.,2.27,2.25,2.99,3.45,3.67,2.62,4.41,1.53,5.87,0.58,5.77,0.29,0.07,32.91,2.69,C2'-endo
312,309,0.80,U,U,U,0,0,0,1,0,.,,0,,,3.59,2.45,6.17,1.60,3.71,4.14,5.86,2.78,..,anti,.,4.40,4.75,0.29,2.63,0.27,1.99,0.60,5.83,0.48,5.56,0.69,5.86,6.25,42.09,5.92,C2'-exo
313,310,0.80,C,C,C,0,1,0,0,0,.,,0,,,4.33,1.91,0.08,1.75,4.36,2.90,1.46,5.72,BII,syn,.,-4.18,4.65,1.24,1.95,1.20,1.94,2.81,2.49,0.39,5.71,0.53,5.96,6.24,32.90,5.88,C2'-exo
314,311,0.80,G,G,G,0,0,1,0,0,.,,0,,,4.27,1.04,2.72,2.52,3.70,1.50,2.20,1.87,..,...,.,-0.10,2.61,4.70,6.19,4.08,0.79,4.75,1.02,0.10,0.20,5.88,0.47,5.92,26.63,3.68,C3'-exo
315,312,0.80,C,C,C,0,1,0,0,0,.,310,1,cWW,cW-W,0.23,1.81,6.04,1.47,3.99,3.51,0.48,3.33,..,anti,.,4.71,4.80,3.10,3.42,2.98,3.41,3.11,3.74,0.23,5.73,0.64,5.75,0.19,36.95,6.26,C2'-exo
316,313,0.81,A,A,A,1,0,0,0,0,.,309,1,cHW,cM+W,1.75,4.73,3.45,1.41,4.41,4.85,5.84,5.99,..,syn,.,-4.31,4.37,3.54,3.55,3.33,3.69,3.59,3.41,6.09,6.03,0.58,5.58,0.57,40.11,0.60,C3'-endo
317,314,0.81,G,G,G,0,0,1,0,0,),308,1,cWW,cW-W,5.53,2.55,0.70,1.35,3.48,5.08,4.68,3.42,BI,anti,A,4.50,4.55,2.57,3.68,3.08,3.65,3.21,4.13,6.19,5.91,0.67,5.55,0.52,42.35,0.45,C3'-endo
318,315,0.81,G,G,G,0,0,1,0,0,),"307,0",2,"cWW,.HH","cW-W,.M+M",4.79,3.05,1.17,1.43,3.71,5.11,4.88,3.25,BI,anti,A,4.64,4.61,2.84,3.91,3.07,3.88,3.85,4.46,6.28,5.86,0.66,5.61,0.43,39.77,0.33,C3'-endo
319,316,0.81,G,G,G,0,0,1,0,0,),"306,0",2,"cWW,.HH","cW-W,.M+M",5.02,3.05,1.10,1.46,3.44,5.42,4.30,3.25,BI,anti,.,4.36,4.43,2.98,3.93,3.29,3.97,4.22,4.89,0.05,5.80,0.70,5.60,0.40,41.59,0.25,C3'-endo
320,317,0.82,G,G,G,0,0,1,0,0,.,305,1,tSH,tm-M,4.94,3.03,0.93,1.45,3.50,4.11,5.68,3.60,BI,anti,.,4.31,4.67,2.83,3.10,3.29,2.81,4.61,2.60,0.21,5.68,0.75,5.64,0.28,43.17,0.05,C3'-endo
321,318,0.82,A,A,A,1,0,0,0,0,.,"10,304",2,"cSS,tHW","cm-m,tM-W",1.26,3.54,4.71,1.63,3.65,4.90,5.03,3.55,BI,anti,.,4.18,4.40,3.49,2.88,3.10,3.22,2.70,4.09,0.04,5.88,0.59,5.69,0.35,35.29,0.27,C3'-endo
322,319,0.82,A,A,A,1,0,0,0,0,.,"269,302",2,"tSS,tHH","tm+m,tM+M",4.65,3.09,1.26,1.71,4.36,4.26,0.10,3.86,..,anti,.,2.82,4.22,3.19,3.73,3.41,3.93,4.14,4.56,0.12,5.85,0.57,5.76,0.26,33.10,0.13,C3'-endo
323,320,0.82,G,G,G,0,0,1,0,0,),"270,301",2,"tSS,cWW","tm+m,cW-W",5.67,3.00,0.43,1.99,3.68,5.13,4.83,5.07,BI,anti,.,-1.07,4.30,3.21,4.30,3.42,4.22,3.92,4.42,0.41,5.75,0.45,6.06,6.17,30.03,5.73,C2'-exo
324,321,0.83,G,G,G,0,0,1,0,0,),299,1,cWW,cW-W,4.64,2.97,1.60,1.38,3.90,4.51,5.67,3.32,..,anti,A,4.34,4.50,2.93,3.62,3.33,3.63,3.62,4.07,6.19,5.93,0.65,5.57,0.51,41.18,0.45,C3'-endo
325,322,0.83,A,A,A,1,0,0,0,0,),298,1,cWW,cW-W,5.84,2.33,0.79,1.33,3.45,5.23,4.51,3.46,BI,anti,A,4.43,4.54,2.84,3.79,3.12,3.66,3.82,4.07,6.08,6.01,0.62,5.53,0.60,43.02,0.59,C3'-endo
326,323,0.83,C,C,C,0,1,0,0,0,),297,1,cWW,cW-W,4.55,2.74,1.66,1.35,4.41,4.69,6.00,3.24,..,anti,.,4.58,4.71,3.12,3.90,3.26,4.08,3.92,5.16,6.20,5.92,0.65,5.57,0.50,41.05,0.43,C3'-endo
327,324,0.83,G,G,G,0,0,1,0,0,.,296,1,tSH,tm-M,5.79,2.66,0.57,1.50,4.05,4.52,5.82,3.89,..,anti,.,3.39,4.78,2.95,3.76,3.40,3.87,4.71,4.48,0.21,5.70,0.71,5.68,0.25,40.66,0.03,C3'-endo
328,325,0.84,G,G,G,0,0,1,0,0,.,295,1,tSH,tm-M,5.37,2.39,1.21,1.76,3.05,4.36,4.97,4.04,BI,anti,.,3.30,3.86,2.78,3.19,3.41,2.81,4.24,2.91,0.08,5.90,0.51,5.80,0.26,29.89,0.18,C3'-endo
329,326,0.84,A,A,A,1,0,0,0,0,.,294,1,tHS,tM-m,5.15,3.13,0.92,1.45,4.18,4.74,5.72,3.30,..,anti,.,4.54,4.72,3.21,4.44,2.98,4.37,3.06,5.18,0.14,5.75,0.71,5.64,0.32,40.98,0.13,C3'-endo
330,327,0.84,A,A,A,1,0,0,0,0,.,293,1,cWS,cW-m,2.03,3.80,3.55,1.67,3.57,5.52,4.33,3.23,BI,anti,.,4.62,4.62,2.87,3.66,3.32,3.79,4.63,4.57,0.39,5.65,0.62,5.87,0.02,37.33,5.99,C2'-exo
331,328,0.84,C,C,C,0,1,0,0,0,(,357,1,cWW,cW-W,4.67,3.29,1.12,1.34,4.03,4.47,5.84,3.61,..,anti,A,3.95,4.63,2.80,3.61,3.25,3.71,4.34,4.16,6.23,5.90,0.65,5.59,0.47,40.42,0.39,C3'-endo
332,329,0.85,A,A,A,1,0,0,0,0,(,356,1,cWW,cW-W,5.69,2.61,0.82,1.49,3.81,4.67,5.42,3.34,BI,anti,A,4.41,4.46,3.02,3.77,3.18,3.77,3.75,4.10,6.18,5.98,0.56,5.65,0.47,36.42,0.48,C3'-endo
333,330,0.85,A,A,A,1,0,0,0,0,(,355,1,cWW,cW-W,5.60,2.87,0.52,1.50,3.26,5.17,4.37,3.38,BI,anti,A,4.22,4.26,2.77,3.78,2.99,3.78,3.63,4.09,6.26,5.92,0.59,5.67,0.40,35.96,0.35,C3'-endo
334,331,0.85,G,G,G,0,0,1,0,0,(,354,1,cWW,cW-W,4.28,3.30,1.73,1.42,4.00,4.92,5.36,3.20,BI,anti,A,4.42,4.39,3.02,3.87,3.22,3.86,3.74,4.62,5.98,6.14,0.51,5.59,0.63,40.10,0.76,C4'-exo
335,332,0.85,U,U,U,0,0,0,1,0,(,353,1,cWW,cW-W,5.09,2.87,1.12,1.23,3.14,4.69,4.73,3.56,BI,anti,.,4.07,4.28,2.83,3.48,3.17,3.66,4.22,3.62,6.17,5.92,0.67,5.54,0.54,42.98,0.47,C3'-endo
336,333,0.86,A,A,A,1,0,0,0,0,.,350,1,tHW,tM-W,1.95,2.02,5.56,2.43,1.37,5.40,2.25,4.97,..,anti,.,0.84,0.88,3.61,3.06,3.94,2.35,3.64,1.55,6.24,0.37,5.76,0.52,5.98,31.18,3.39,C3'-exo
337,334,0.86,U,U,U,0,0,0,1,0,.,353,1,cWS,cW-m,4.10,4.46,5.91,2.05,3.26,5.99,3.56,3.75,BI,anti,.,3.79,4.29,1.93,4.24,1.47,4.42,0.96,4.96,0.60,5.65,0.44,6.17,5.98,36.68,5.47,C1'-endo
338,335,0.86,G,G,G,0,0,1,0,0,(,349,1,cWW,cW-W,4.34,4.01,1.12,1.50,3.47,4.60,5.15,3.37,BI,anti,.,4.41,4.46,3.19,4.21,3.68,4.20,4.10,4.46,0.12,5.83,0.60,5.74,0.27,34.59,0.13,C3'-endo
339,336,0.86,G,G,G,0,0,1,0,0,(,348,1,cWW,cW-W,2.83,4.22,3.02,1.35,4.20,5.08,5.40,2.87,..,anti,A,4.14,4.31,3.09,3.69,3.45,3.42,4.04,3.79,5.94,6.11,0.59,5.48,0.72,46.05,0.75,C4'-exo
340,337,0.87,C,C,C,0,1,0,0,0,(,347,1,cWW,cW-W,3.92,2.03,2.14,1.62,4.31,4.83,5.76,3.20,..,anti,A,4.42,4.61,2.51,3.68,2.78,3.65,3.42,4.11,0.26,5.68,0.70,5.72,0.19,39.92,6.24,C2'-exo
341,338,0.87,G,G,G,0,0,1,0,0,(,346,1,cWW,cW-W,5.45,3.30,0.50,1.42,3.56,4.85,4.99,3.61,BI,anti,.,4.26,4.67,2.76,3.89,2.99,3.92,3.74,4.40,0.22,5.70,0.71,5.68,0.24,40.60,0.02,C3'-endo
342,339,0.87,U,U,U,0,0,0,1,0,.,345,1,tSW,tm+W,2.72,3.52,3.21,1.78,4.56,4.27,0.29,2.82,..,anti,.,4.51,4.67,3.38,2.96,3.57,2.42,4.27,1.39,0.41,5.68,0.57,5.93,6.25,34.92,5.90,C2'-exo
343,340,0.88,U,U,U,0,0,0,1,0,.,,0,,,4.40,2.14,6.08,2.51,4.87,4.30,0.57,3.69,..,anti,.,1.27,1.75,1.20,6.14,1.44,5.62,1.17,5.64,0.06,0.26,5.83,0.51,5.93,28.92,3.58,C3'-exo
344,341,0.88,C,C,C,0,1,0,0,0,.,,0,,,3.78,4.18,1.89,2.43,0.31,5.69,0.91,4.30,..,anti,Z,-0.59,1.49,1.56,2.79,3.82,0.69,3.76,0.80,5.84,0.70,5.61,0.44,0.00,41.01,2.81,C2'-endo
345,342,0.88,G,G,G,0,0,1,0,0,.,342,1,tWS,tW+m,3.63,2.48,2.28,1.64,4.10,4.69,5.69,0.76,..,syn,.,-2.85,3.94,2.46,4.22,2.30,4.48,2.23,4.63,6.04,6.20,0.35,5.78,0.47,29.43,0.82,C4'-exo
346,343,0.88,C,C,C,0,1,0,0,0,),341,1,cWW,cW-W,2.12,4.61,3.33,1.37,4.03,4.65,5.67,3.93,..,anti,.,3.15,4.78,3.07,3.24,3.95,3.11,4.67,3.40,0.30,5.64,0.73,5.71,0.17,42.13,6.19,C2'-exo
347,344,0.89,G,G,G,0,0,1,0,0,),340,1,cWW,cW-W,5.27,2.68,0.99,1.36,3.97,4.94,5.31,3.02,BI,anti,A,4.83,4.80,2.84,3.88,2.96,3.92,3.50,4.42,0.26,5.66,0.74,5.68,0.22,42.40,6.26,C2'-exo
348,345,0.89,C,C,C,0,1,0,0,0,),339,1,cWW,cW-W,4.98,2.95,1.31,1.54,3.70,4.27,5.71,3.33,BI,anti,.,4.54,4.58,2.94,3.73,3.26,3.69,4.14,3.73,0.18,5.75,0.66,5.71,0.25,37.82,0.06,C3'-endo
349,346,0.89,C,C,C,0,1,0,0,0,),338,1,cWW,cW-W,0.37,2.31,0.16,1.47,3.39,5.10,4.58,3.48,BI,anti,A,4.31,4.33,3.02,3.71,3.18,3.76,3.45,4.36,6.14,6.00,0.57,5.62,0.51,37.78,0.53,C3'-endo
350,347,0.89,U,U,U,0,0,0,1,0,.,336,1,tWH,tW-M,4.71,3.16,1.37,1.45,3.95,4.85,5.39,3.31,BI,anti,A,4.52,4.60,3.03,3.85,3.27,3.98,4.09,4.36,6.23,5.90,0.65,5.58,0.48,40.61,0.40,C3'-endo
351,348,0.90,A,A,A,1,0,0,0,0,.,352,1,cSH,cm+M,5.38,3.11,0.99,2.28,4.77,2.62,2.15,4.29,BII,anti,.,0.53,1.24,3.61,2.43,3.91,2.22,4.31,2.43,5.92,0.56,5.75,0.34,0.01,32.37,2.79,C2'-endo
352,349,0.90,A,A,A,1,0,0,0,0,.,351,1,cHS,cM+m,3.87,2.80,0.63,1.49,4.03,4.71,5.60,3.34,..,anti,.,4.63,4.74,2.39,4.19,2.22,4.30,2.54,5.24,0.06,5.83,0.65,5.65,0.36,38.50,0.24,C3'-endo
353,350,0.90,G,G,G,0,0,1,0,0,),"335,337",2,"cWW,cSW","cW-W,cm-W",6.11,2.46,0.40,1.45,3.45,5.22,4.52,3.68,BI,anti,A,4.20,4.58,2.74,3.91,3.23,3.91,4.60,4.57,0.15,5.72,0.73,5.63,0.32,42.24,0.12,C3'-endo
354,351,0.90,C,C,C,0,1,0,0,0,),334,1,cWW,cW-W,4.88,3.29,1.05,1.44,3.69,4.36,5.61,3.76,BI,anti,A,3.89,4.62,2.86,3.70,3.14,3.72,4.11,3.92,0.15,5.75,0.70,5.65,0.31,40.52,0.12,C3'-endo
355,352,0.91,U,U,U,0,0,0,1,0,),333,1,cWW,cW-W,0.48,2.51,6.07,1.41,3.02,5.60,3.69,3.89,BI,anti,A,3.81,4.57,2.99,3.73,3.11,3.79,3.47,4.26,0.21,5.67,0.75,5.63,0.28,43.18,0.05,C3'-endo
356,353,0.91,U,U,U,0,0,0,1,0,),332,1,cWW,cW-W,5.13,3.14,0.57,1.32,3.02,5.17,4.13,3.65,BI,anti,A,4.31,4.57,2.88,3.65,3.18,3.62,3.90,3.89,0.09,5.74,0.77,5.55,0.41,45.23,0.21,C3'-endo
357,354,0.91,G,G,G,0,0,1,0,0,),331,1,cWW,cW-W,3.34,3.53,2.28,1.43,4.51,1.70,2.81,3.13,..,anti,.,4.78,4.83,3.06,0.98,3.18,1.09,3.62,1.45,0.10,5.76,0.73,5.60,0.37,42.43,0.19,C3'-endo
358,355,0.91,A,A,A,1,0,0,0,0,.,391,1,tHS,tM-m,3.72,4.08,0.69,1.62,3.60,4.79,5.09,3.36,BI,anti,.,4.48,4.50,2.77,4.23,2.83,4.32,2.67,4.94,0.16,5.87,0.49,5.87,0.17,28.20,0.00,C3'-endo
359,356,0.92,A,A,A,1,0,0,0,0,(,390,1,cWW,cW-W,2.51,4.03,2.93,1.45,4.26,4.90,5.64,2.89,..,anti,.,4.80,4.76,2.81,3.83,3.40,3.78,4.55,4.31,0.23,5.69,0.71,5.69,0.23,40.46,6.28,C2'-exo
360,357,0.92,C,C,C,0,1,0,0,0,(,389,1,cWW,cW-W,5.10,2.99,1.29,1.39,3.60,4.48,5.40,3.55,BI,anti,.,4.44,4.72,2.93,3.49,3.28,3.49,4.21,3.83,0.05,5.82,0.68,5.61,0.40,40.46,0.26,C3'-endo
361,358,0.92,C,C,C,0,1,0,0,0,(,388,1,cWW,cW-W,6.20,2.70,0.24,1.44,4.40,5.42,5.27,3.29,..,anti,.,4.58,4.79,3.21,4.20,3.24,4.05,3.64,3.80,0.19,5.72,0.70,5.67,0.27,40.36,0.06,C3'-endo
362,359,0.92,G,G,G,0,0,1,0,0,(,"291,387",2,"tHW,cWW","tM-W,cW-W",4.48,1.47,3.02,1.57,3.40,5.61,4.08,3.19,BI,anti,A,4.46,4.45,3.66,2.90,3.52,3.35,3.44,4.22,0.14,5.83,0.56,5.79,0.23,32.38,0.07,C3'-endo
363,360,0.93,C,C,C,0,1,0,0,0,(,386,1,cWW,cW-W,4.63,3.30,0.84,1.38,3.33,5.21,4.40,3.50,BI,anti,A,4.28,4.44,2.71,3.61,3.16,3.69,4.26,4.21,6.28,5.84,0.70,5.56,0.46,42.30,0.33,C3'-endo
364,361,0.93,C,C,C,0,1,0,0,0,(,385,1,cWW,cW-W,4.88,3.37,0.84,1.64,3.54,4.47,5.36,3.38,BI,anti,A,4.23,4.29,2.92,3.59,3.13,3.65,3.82,3.90,0.08,5.86,0.59,5.72,0.30,34.59,0.19,C3'-endo
365,362,0.93,G,G,G,0,0,1,0,0,(,384,1,cWW,cW-W,5.97,2.53,0.62,1.53,3.74,4.72,5.30,3.54,BI,anti,A,4.00,4.32,3.07,3.74,3.24,3.74,3.62,4.19,6.24,5.92,0.61,5.64,0.44,37.53,0.39,C3'-endo
366,363,0.93,U,U,U,0,0,0,1,0,(,383,1,cWW,cW-W,5.38,2.86,0.72,1.49,3.70,4.98,5.00,3.53,BI,anti,A,4.34,4.54,2.78,3.83,3.01,3.83,3.72,4.38,6.23,5.98,0.52,5.71,0.39,32.80,0.42,C3'-endo
367,364,0.94,A,A,A,1,0,0,0,0,(,382,1,cWW,cW-W,4.97,2.92,1.22,1.31,4.11,4.64,5.75,3.38,..,anti,A,4.45,4.72,2.86,3.90,3.10,3.96,3.95,4.59,0.12,5.71,0.79,5.55,0.39,45.88,0.18,C3'-endo
368,365,0.94,U,U,U,0,0,0,1,0,(,381,1,cWW,cW-W,5.90,2.40,0.86,1.27,3.85,4.42,5.72,3.36,..,anti,.,4.45,4.57,2.93,3.52,3.26,3.46,4.21,3.21,6.14,5.91,0.71,5.48,0.59,46.21,0.49,C3'-endo
369,366,0.94,A,A,A,1,0,0,0,0,(,378,1,cWW,cW-W,5.82,2.49,0.69,1.17,3.50,4.39,5.39,3.35,BI,anti,.,4.41,4.41,2.73,3.67,2.81,3.51,2.74,3.76,5.85,6.16,0.59,5.44,0.80,49.66,0.82,C4'-exo
370,367,0.94,C,C,C,0,1,0,0,0,(,377,1,cWW,cW-W,2.37,4.00,3.48,1.40,4.15,4.91,5.52,3.04,..,anti,A,4.86,4.78,3.13,3.28,3.17,3.36,3.63,3.78,6.23,5.91,0.63,5.60,0.46,39.39,0.40,C3'-endo
371,368,0.95,C,C,C,0,1,0,0,0,(,376,1,cWW,cW-W,5.09,3.37,0.77,1.43,3.76,5.54,4.50,3.64,BI,anti,.,4.08,4.64,2.87,4.74,3.03,4.09,3.59,2.72,6.27,5.86,0.67,5.58,0.45,41.05,0.34,C3'-endo
372,369,0.95,G,G,G,0,0,1,0,0,.,375,1,tSW,tm+W,2.42,3.30,1.36,1.95,4.99,2.84,2.14,3.55,BII,anti,.,2.14,2.42,1.09,2.74,1.61,2.51,0.62,2.21,6.01,0.17,6.27,6.14,0.27,16.04,1.61,O4'-endo
373,370,0.95,A,A,A,1,0,0,0,0,.,,0,,,2.65,2.99,1.13,1.30,3.94,5.06,5.17,3.14,BI,anti,.,4.61,4.61,1.63,3.96,1.60,4.05,1.73,5.04,0.02,5.83,0.70,5.58,0.43,41.73,0.30,C3'-endo
374,371,0.95,A,A,A,1,0,0,0,0,.,,0,,,5.34,3.09,0.87,1.41,3.74,5.34,4.68,3.35,BI,anti,A,4.77,4.84,2.97,4.15,3.28,4.18,4.59,4.74,0.18,5.81,0.56,5.81,0.19,32.07,0.01,C3'-endo
375,372,0.96,C,C,C,0,1,0,0,0,.,372,1,tWS,tW+m,4.78,3.13,1.16,1.32,3.78,5.24,4.82,3.24,BI,anti,.,4.65,4.63,2.81,4.03,3.18,4.09,4.15,5.05,6.11,6.00,0.61,5.56,0.56,41.20,0.56,C3'-endo
376,373,0.96,G,G,G,0,0,1,0,0,),371,1,cWW,cW-W,4.73,3.26,1.13,1.49,3.78,4.86,5.21,3.51,BI,anti,.,4.42,4.70,2.79,4.20,3.15,4.04,4.45,4.36,0.23,5.70,0.69,5.71,0.22,39.67,6.27,C2'-exo
377,374,0.96,G,G,G,0,0,1,0,0,),"109,370",2,"tSS,cWW","tm+m,cW-W",2.27,3.38,3.63,1.61,3.95,4.98,5.25,3.17,BI,anti,A,4.86,4.86,3.04,3.34,3.29,3.49,4.12,3.74,0.40,5.62,0.67,5.83,0.03,39.86,6.01,C2'-exo
378,375,0.96,U,U,U,0,0,0,1,0,),369,1,cWW,cW-W,5.11,3.03,1.11,1.47,3.71,1.24,2.47,3.38,..,anti,.,4.26,4.33,3.07,0.53,3.33,5.75,3.67,3.79,6.08,6.07,0.53,5.62,0.55,37.44,0.64,C4'-exo
379,376,0.97,A,A,A,1,0,0,0,0,.,,0,,,1.14,2.31,0.99,2.46,4.51,4.52,6.27,5.05,..,anti,.,0.46,1.05,5.40,5.52,0.60,4.45,2.07,4.55,5.86,0.67,5.63,0.42,6.28,39.28,2.82,C2'-endo
380,377,0.97,C,C,C,0,1,0,0,0,.,,0,,,1.06,2.50,3.38,1.44,3.25,1.51,1.74,3.27,..,anti,.,4.55,4.58,0.78,5.69,1.40,5.09,1.97,3.89,0.24,5.68,0.70,5.70,0.21,40.32,6.26,C2'-exo
381,378,0.97,G,G,G,0,0,1,0,0,),"263,368",2,"tSH,cWW","tm-M,cW-W",1.17,3.26,0.06,1.65,3.42,5.48,4.23,3.51,BI,anti,A,4.56,4.68,5.16,3.96,6.09,4.04,0.97,4.66,0.45,5.63,0.59,5.94,6.22,36.96,5.86,C2'-exo
382,379,0.97,U,U,U,0,0,0,1,0,),367,1,cWW,cW-W,4.69,3.13,1.06,1.49,3.99,4.79,5.49,3.53,BI,anti,A,4.21,4.72,2.86,3.82,3.23,3.87,4.13,4.34,0.12,5.78,0.67,5.65,0.32,39.14,0.16,C3'-endo
383,380,0.98,A,A,A,1,0,0,0,0,),366,1,cWW,cW-W,5.25,3.03,0.69,1.56,3.61,4.91,4.98,3.52,BI,anti,A,4.43,4.60,2.83,3.75,3.06,3.76,3.75,4.31,0.17,5.76,0.67,5.70,0.26,38.21,0.07,C3'-endo
384,381,0.98,C,C,C,0,1,0,0,0,),365,1,cWW,cW-W,5.28,2.87,0.71,1.34,3.86,4.95,5.19,3.72,BI,anti,A,3.80,4.64,2.72,3.77,2.95,3.80,3.78,4.11,0.18,5.70,0.75,5.62,0.31,43.29,0.09,C3'-endo
385,382,0.98,G,G,G,0,0,1,0,0,),364,1,cWW,cW-W,5.18,2.92,1.19,1.33,3.54,5.06,4.76,3.27,BI,anti,A,4.67,4.68,2.88,3.68,3.16,3.67,3.81,4.12,0.06,5.75,0.78,5.52,0.44,45.97,0.25,C3'-endo
386,383,0.98,G,G,G,0,0,1,0,0,),"146,363",2,"cSH,cWW","cm+M,cW-W",4.78,3.29,1.21,1.46,3.72,4.29,5.71,3.14,..,anti,A,4.78,4.73,2.97,3.80,3.15,3.87,3.89,4.29,0.04,5.81,0.70,5.59,0.41,41.76,0.27,C3'-endo
387,384,0.99,U,U,U,0,0,0,1,0,),362,1,cWW,cW-W,0.34,2.09,0.32,1.39,3.37,4.32,5.34,3.45,BI,anti,.,4.26,4.33,3.00,3.60,3.28,3.34,3.98,3.34,6.08,6.00,0.63,5.52,0.61,43.25,0.59,C3'-endo
388,385,0.99,G,G,G,0,0,1,0,0,),361,1,cWW,cW-W,2.41,3.59,3.16,1.55,4.13,4.67,5.74,3.03,..,anti,A,4.89,4.83,2.84,3.35,2.82,3.48,3.06,4.06,0.35,5.60,0.75,5.72,0.13,43.49,6.14,C2'-exo
389,386,0.99,G,G,G,0,0,1,0,0,),360,1,cWW,cW-W,5.53,2.62,0.91,1.49,3.71,4.45,5.55,3.17,BI,anti,.,4.63,4.57,3.00,3.61,3.34,3.60,4.18,3.74,0.10,5.81,0.65,5.68,0.32,37.70,0.17,C3'-endo
390,387,0.99,U,U,U,0,0,0,1,0,),359,1,cWW,cW-W,5.91,2.59,0.61,1.43,3.13,5.71,3.70,3.06,BI,anti,.,4.10,4.30,2.97,4.22,3.17,4.32,3.61,5.21,0.01,5.85,0.67,5.61,0.42,40.46,0.30,C3'-endo
391,388,1.00,G,G,G,0,0,1,0,0,.,358,1,tSH,tm-M,4.42,3.91,1.16,2.46,3.64,2.78,0.86,4.17,..,anti,.,2.71,2.63,3.01,3.04,3.61,2.95,4.79,3.34,6.01,0.53,5.71,0.43,6.19,33.24,2.98,C2'-endo
392,389,1.00,U,U,U,0,0,0,1,0,.,,0,,,0.01,2.26,6.26,1.54,,,,3.43,n/a,anti,-,,,,,,,,,0.18,5.78,0.61,5.76,0.22,35.08,0.03,C3'-endo
