index_chain,old_nt_resnum,nt_position,nt_name,nt_code,nt_align_code,is_A,is_C,is_G,is_U,is_other,dbn,paired,nb_interact,pair_type_LW,pair_type_DSSR,alpha,beta,gamma,delta,epsilon,zeta,epsilon_zeta,chi,bb_type,glyco_bond,form,ssZp,Dp,eta,theta,eta_prime,theta_prime,eta_base,theta_base,v0,v1,v2,v3,v4,amplitude,phase_angle,puckering
1,-2,0.00,G,G,G,0,0,1,0,0,{,"187,188",2,"cWW,cWW","cW-W,cW-W",,,0.18,1.48,3.80,5.05,5.03,3.02,BI,anti,-,,,,,,,,,0.33,5.64,0.69,5.77,0.11,40.12,6.12,C2'-exo
2,-1,0.01,G,G,G,0,0,1,0,0,.,,0,,,4.24,3.26,1.00,1.68,4.70,3.31,1.38,,BII,n/a,-,,,2.51,3.92,2.72,4.03,0.00,0.00,0.40,5.68,0.57,5.93,6.26,34.97,5.92,C2'-exo
3,0,0.01,G,G,G,0,0,1,0,0,.,186,1,cHW,cM+W,2.13,4.55,3.12,1.37,4.16,3.48,0.68,5.51,..,...,-,,,3.20,1.85,3.30,2.03,,,6.26,5.88,0.64,5.61,0.44,39.28,0.35,C3'-endo
4,1,0.01,G,G,G,0,0,1,0,0,.,,0,,,3.76,2.41,2.49,2.22,3.84,0.22,3.62,,..,n/a,-,,,4.05,5.71,3.53,5.57,0.00,0.00,5.77,0.63,5.77,0.23,0.17,35.43,2.54,C2'-endo
5,2,0.01,U,U,U,0,0,0,1,0,.,,0,,,2.18,1.62,5.31,2.77,4.57,4.91,5.94,4.49,..,anti,.,0.73,0.97,3.76,5.13,4.35,4.94,,5.23,5.86,0.74,5.52,0.53,6.21,44.79,2.91,C2'-endo
6,3,0.02,G,G,G,0,0,1,0,0,[,264,1,cWW,cW-W,5.51,3.73,0.72,1.65,3.58,5.48,4.39,3.16,BI,anti,.,4.80,4.62,3.53,4.33,4.23,4.43,4.66,5.21,0.23,5.78,0.57,5.83,0.14,32.80,6.20,C2'-exo
7,4,0.02,U,U,U,0,0,0,1,0,<,110,1,cWW,cW-W,4.19,3.37,1.65,1.61,4.33,4.67,5.95,3.35,..,anti,.,4.00,4.29,3.11,4.00,3.58,4.20,4.70,5.12,6.26,5.93,0.57,5.68,0.40,34.90,0.37,C3'-endo
8,5,0.02,G,G,G,0,0,1,0,0,.,263,1,cSW,cm-W,5.43,2.83,0.79,2.74,5.29,4.75,0.54,4.45,..,anti,.,0.47,0.28,3.20,6.01,4.02,5.42,4.93,0.01,6.03,0.60,5.60,0.56,6.09,39.27,3.09,C2'-endo
9,6,0.02,C,C,C,0,1,0,0,0,(,269,1,cWW,cW-W,5.83,3.32,0.53,1.64,3.72,4.81,5.19,3.31,BI,anti,A,4.58,4.56,2.90,3.77,3.67,3.89,3.59,4.39,0.10,5.80,0.66,5.66,0.33,38.45,0.18,C3'-endo
10,7,0.03,C,C,C,0,1,0,0,0,(,"268,321",2,"cWW,cSS","cW-W,cm-m",5.44,3.07,0.76,1.55,3.54,4.86,4.96,3.60,BI,anti,A,4.11,4.36,2.92,3.66,3.19,3.67,3.88,4.12,6.26,5.91,0.60,5.65,0.41,36.85,0.35,C3'-endo
11,8,0.03,C,C,C,0,1,0,0,0,(,267,1,cWW,cW-W,5.05,3.06,1.07,1.40,3.64,5.22,4.71,3.33,BI,anti,A,4.46,4.52,2.95,3.90,3.11,3.85,3.74,4.24,6.19,5.96,0.60,5.62,0.48,38.28,0.46,C3'-endo
12,9,0.03,G,G,G,0,0,1,0,0,(,266,1,cWW,cW-W,4.91,2.76,1.32,1.29,4.03,4.53,5.78,3.05,..,anti,.,4.70,4.69,2.82,3.61,3.11,3.69,3.88,4.07,6.16,5.91,0.71,5.49,0.57,45.48,0.47,C3'-endo
13,10,0.03,G,G,G,0,0,1,0,0,(,265,1,cWW,cW-W,5.60,2.49,1.25,1.19,4.03,4.67,5.65,3.40,..,anti,B,3.95,4.33,3.17,3.75,3.36,3.73,3.85,4.57,6.02,6.07,0.59,5.53,0.64,43.08,0.67,C4'-exo
14,11,0.04,C,C,C,0,1,0,0,0,{,111,1,cWW,cW-W,5.79,2.67,0.52,1.44,3.71,5.02,4.98,3.87,BI,anti,.,3.49,4.59,2.85,3.61,3.05,3.61,4.10,3.54,0.03,5.82,0.70,5.59,0.42,41.71,0.28,C3'-endo
15,12,0.04,A,A,A,1,0,0,0,0,.,261,1,tHW,tM-W,4.23,2.30,3.04,2.47,3.72,4.17,5.84,3.74,..,anti,.,1.67,1.81,4.52,3.13,4.29,2.71,4.04,1.90,5.92,0.59,5.70,0.39,6.26,34.87,2.84,C2'-endo
16,13,0.04,U,U,U,0,0,0,1,0,.,,0,,,2.72,3.60,0.83,2.79,3.97,4.76,5.50,4.08,..,anti,.,0.88,0.98,0.71,5.21,1.36,4.69,0.85,5.25,6.06,0.59,5.56,0.61,6.03,41.25,3.16,C3'-exo
17,14,0.04,G,G,G,0,0,1,0,0,(,260,1,cWW,cW-W,4.10,3.92,1.09,1.40,3.45,5.23,4.50,3.43,BI,anti,.,4.53,4.64,2.55,3.84,3.08,3.87,3.63,4.02,0.21,5.69,0.73,5.65,0.27,42.07,0.04,C3'-endo
18,15,0.05,G,G,G,0,0,1,0,0,(,259,1,cWW,cW-W,5.07,2.92,1.20,1.31,3.88,4.25,5.91,3.10,..,anti,A,4.71,4.66,3.07,3.81,3.31,3.75,3.73,4.23,6.09,5.96,0.69,5.47,0.63,46.31,0.55,C3'-endo
19,16,0.05,G,G,G,0,0,1,0,0,(,258,1,cWW,cW-W,2.47,4.11,3.01,1.35,4.50,4.03,0.47,2.89,..,anti,A,4.68,4.74,2.90,3.65,3.12,3.73,3.92,4.52,0.12,5.73,0.76,5.58,0.37,44.03,0.17,C3'-endo
20,17,0.05,U,U,U,0,0,0,1,0,(,257,1,cWW,cW-W,0.26,2.14,0.14,1.35,3.33,5.07,4.55,3.40,BI,anti,A,4.67,4.67,2.81,3.61,3.06,3.60,4.13,3.86,0.09,5.76,0.73,5.60,0.38,42.42,0.20,C3'-endo
21,18,0.05,G,G,G,0,0,1,0,0,(,256,1,cWW,cW-W,5.05,3.00,1.10,1.40,3.93,4.76,5.46,3.39,BI,anti,A,4.61,4.77,3.05,3.71,3.22,3.70,3.71,4.20,0.12,5.79,0.66,5.68,0.31,38.34,0.14,C3'-endo
22,19,0.06,C,C,C,0,1,0,0,0,(,255,1,cWW,cW-W,5.01,2.73,1.13,1.29,3.82,4.36,5.74,3.27,..,anti,A,4.69,4.70,2.67,3.64,2.91,3.69,3.77,4.17,0.14,5.74,0.72,5.62,0.33,41.90,0.14,C3'-endo
23,20,0.06,A,A,A,1,0,0,0,0,(,254,1,cWW,cW-W,0.04,2.43,0.48,1.46,3.67,4.92,5.04,3.43,BI,anti,A,4.57,4.69,3.09,3.83,3.25,3.83,3.95,4.24,0.19,5.74,0.68,5.70,0.25,38.92,0.05,C3'-endo
24,21,0.06,G,G,G,0,0,1,0,0,(,253,1,cWW,cW-W,5.33,2.93,0.94,1.51,3.78,4.74,5.32,3.39,BI,anti,A,4.42,4.61,3.03,3.72,3.27,3.72,3.99,3.88,0.21,5.73,0.67,5.72,0.23,38.34,0.02,C3'-endo
25,22,0.06,U,U,U,0,0,0,1,0,(,252,1,cWW,cW-W,5.45,2.82,0.81,1.52,3.64,4.94,4.99,3.39,BI,anti,.,4.41,4.47,2.82,3.80,3.05,3.76,3.54,4.01,0.00,5.83,0.71,5.57,0.45,42.53,0.31,C3'-endo
26,23,0.07,C,C,C,0,1,0,0,0,(,251,1,cWW,cW-W,4.86,2.64,1.82,1.33,3.80,5.05,5.03,3.16,BI,anti,A,4.52,4.50,3.09,3.58,3.36,3.54,3.91,3.92,6.12,5.99,0.62,5.56,0.56,41.48,0.55,C3'-endo
27,24,0.07,U,U,U,0,0,0,1,0,(,"124,250",2,"t.H,cWW","t.-M,cW-W",5.10,3.45,0.85,1.63,3.65,3.64,0.02,3.65,..,anti,.,3.75,4.28,3.08,2.54,3.22,2.84,3.73,2.67,6.27,5.92,0.58,5.66,0.40,35.51,0.36,C3'-endo
28,25,0.07,A,A,A,1,0,0,0,0,.,,0,,,5.50,2.42,1.15,2.32,3.55,2.20,1.35,4.21,..,anti,.,1.88,2.09,3.22,2.08,3.49,1.17,3.04,4.39,5.73,0.67,5.76,0.22,0.20,37.37,2.50,C1'-exo
29,26,0.07,U,U,U,0,0,0,1,0,.,45,1,tWH,tW-M,0.57,3.50,0.75,1.65,3.50,5.14,4.65,3.22,BI,anti,A,4.40,4.40,5.33,3.95,5.40,3.98,2.36,4.45,0.07,5.92,0.50,5.81,0.26,29.17,0.20,C3'-endo
30,27,0.08,A,A,A,1,0,0,0,0,.,44,1,tHS,tM-m,4.81,3.24,1.00,1.37,3.94,5.18,5.05,3.40,BI,anti,.,4.49,4.76,2.87,4.14,3.08,4.32,3.81,5.04,6.24,5.92,0.61,5.64,0.44,37.66,0.39,C3'-endo
31,28,0.08,G,G,G,0,0,1,0,0,(,43,1,cWW,cW-W,5.44,2.57,1.21,1.32,4.01,4.81,5.48,3.36,BI,anti,A,4.47,4.64,2.94,3.76,3.53,3.72,4.73,3.96,0.14,5.73,0.74,5.61,0.33,43.04,0.13,C3'-endo
32,29,0.08,G,G,G,0,0,1,0,0,(,42,1,cWW,cW-W,4.90,2.74,1.62,1.25,4.00,4.76,5.52,3.22,BI,anti,A,4.59,4.65,2.83,3.65,3.11,3.64,3.70,4.06,6.24,5.87,0.70,5.55,0.49,43.03,0.38,C3'-endo
33,30,0.08,G,G,G,0,0,1,0,0,(,41,1,cWW,cW-W,5.16,2.80,1.51,1.30,3.97,4.88,5.38,3.23,BI,anti,A,4.57,4.66,3.18,3.74,3.36,3.75,4.01,4.31,6.26,5.89,0.64,5.61,0.44,39.45,0.36,C3'-endo
34,31,0.09,U,U,U,0,0,0,1,0,.,38,1,tWH,tW-M,5.48,3.01,0.82,1.40,4.21,4.70,5.79,3.60,..,anti,.,3.98,4.75,3.12,4.11,3.29,4.23,4.03,4.92,0.09,5.79,0.69,5.63,0.36,40.41,0.20,C3'-endo
35,32,0.09,G,G,G,0,0,1,0,0,.,248,1,tSW,tm+W,5.94,2.43,0.74,1.28,3.43,6.05,3.66,3.60,BI,anti,.,4.35,4.59,2.93,4.51,3.38,3.56,4.39,2.58,6.00,6.07,0.59,5.53,0.66,43.55,0.69,C4'-exo
36,33,0.09,A,A,A,1,0,0,0,0,.,,0,,,3.04,1.79,1.07,1.34,4.16,4.87,5.58,3.18,..,anti,.,4.11,4.28,0.18,4.23,0.81,4.17,0.47,5.04,5.90,6.25,0.41,5.65,0.64,38.24,0.91,C4'-exo
37,34,0.09,G,G,G,0,0,1,0,0,.,,0,,,5.21,3.00,1.13,1.52,3.95,5.09,5.14,3.78,BI,anti,.,3.40,4.23,2.92,4.16,3.32,4.21,4.55,4.39,6.15,6.01,0.56,5.64,0.49,37.01,0.53,C3'-endo
38,35,0.10,A,A,A,1,0,0,0,0,.,34,1,tHW,tM-W,5.16,3.59,1.04,2.19,4.31,3.09,1.22,4.86,BII,anti,.,0.94,1.81,3.54,3.22,3.83,2.57,4.00,1.87,5.65,0.64,5.87,0.07,0.35,37.47,2.26,C1'-exo
39,36,0.10,G,G,G,0,0,1,0,0,.,,0,,,1.45,3.68,1.47,1.54,3.99,4.98,5.29,3.12,BI,anti,.,4.11,4.31,0.84,4.16,0.86,4.24,0.97,4.32,0.03,5.95,0.49,5.79,0.29,28.99,0.27,C3'-endo
40,37,0.10,U,U,U,0,0,0,1,0,.,,0,,,5.26,2.95,1.05,2.27,4.27,4.90,5.65,3.85,..,anti,.,1.94,1.68,3.22,5.27,3.69,4.93,4.00,5.51,5.60,0.81,5.66,0.24,0.27,45.77,2.47,C1'-exo
41,38,0.10,C,C,C,0,1,0,0,0,),33,1,cWW,cW-W,3.78,3.78,1.58,1.37,3.94,4.73,5.49,2.91,BI,anti,A,4.42,4.43,2.28,3.74,3.03,3.79,3.77,4.19,6.06,6.03,0.60,5.54,0.61,42.33,0.62,C3'-endo
42,39,0.11,C,C,C,0,1,0,0,0,),32,1,cWW,cW-W,5.35,2.85,0.93,1.41,3.70,4.24,5.74,3.35,BI,anti,A,4.16,4.34,2.98,3.85,3.21,3.81,3.85,4.20,6.12,6.01,0.58,5.60,0.53,39.11,0.55,C3'-endo
43,40,0.11,C,C,C,0,1,0,0,0,),31,1,cWW,cW-W,2.42,4.30,3.12,1.38,4.37,4.96,5.69,2.91,..,anti,.,4.43,4.53,3.02,3.88,3.25,3.89,3.88,4.97,6.18,5.99,0.56,5.64,0.47,36.64,0.49,C3'-endo
44,41,0.11,G,G,G,0,0,1,0,0,.,30,1,tSH,tm-M,5.12,3.03,0.96,1.47,3.99,4.60,5.67,3.56,BI,anti,.,4.28,4.78,2.75,3.00,3.15,2.70,4.60,2.57,0.10,5.76,0.73,5.60,0.37,42.55,0.19,C3'-endo
45,42,0.11,A,A,A,1,0,0,0,0,.,29,1,tHW,tM-W,4.44,1.14,2.89,1.56,4.65,5.31,5.63,2.89,..,anti,.,4.84,4.82,3.51,3.60,3.01,4.04,2.67,5.17,0.19,5.75,0.65,5.72,0.24,37.52,0.04,C3'-endo
46,43,0.12,A,A,A,1,0,0,0,0,(,68,1,cWW,cW-W,5.15,2.78,1.08,1.37,3.87,5.02,5.13,3.52,BI,anti,A,4.31,4.75,2.60,3.83,3.36,3.81,4.93,4.26,0.05,5.81,0.69,5.60,0.40,41.02,0.25,C3'-endo
47,44,0.12,C,C,C,0,1,0,0,0,(,67,1,cWW,cW-W,5.03,2.94,0.98,1.48,3.43,5.24,4.47,3.50,BI,anti,A,4.39,4.45,2.77,3.85,3.07,3.79,3.83,4.40,6.21,5.91,0.66,5.56,0.50,41.59,0.43,C3'-endo
48,45,0.12,U,U,U,0,0,0,1,0,(,66,1,cWW,cW-W,4.85,3.06,1.01,1.52,3.97,4.66,5.59,3.26,BI,anti,A,4.69,4.67,2.83,3.67,3.08,3.72,4.01,4.11,6.28,5.89,0.63,5.63,0.41,38.09,0.34,C3'-endo
49,46,0.12,G,G,G,0,0,1,0,0,(,65,1,cWW,cW-W,5.12,2.58,1.35,1.38,4.03,4.71,5.60,3.09,..,anti,A,4.46,4.44,2.89,3.67,3.13,3.69,3.78,4.27,6.18,6.03,0.50,5.70,0.43,32.97,0.51,C3'-endo
50,47,0.13,U,U,U,0,0,0,1,0,(,64,1,cWW,cW-W,5.33,3.02,1.08,1.52,3.63,5.38,4.54,3.25,BI,anti,.,4.45,4.51,3.04,4.18,3.24,4.20,4.05,5.08,0.14,5.76,0.69,5.66,0.31,39.92,0.13,C3'-endo
51,48,0.13,G,G,G,0,0,1,0,0,.,63,1,tSH,tm-M,5.07,3.30,0.69,1.43,3.14,4.82,4.60,3.75,BI,anti,.,3.82,4.22,2.78,2.88,3.26,2.57,4.55,2.44,0.02,5.83,0.68,5.60,0.42,40.61,0.30,C3'-endo
52,49,0.13,A,A,A,1,0,0,0,0,.,"62,172",2,"tHW,cSS","tM-W,cm-m",4.26,1.92,2.36,1.42,3.46,5.11,4.63,3.12,BI,anti,.,4.57,4.48,3.25,2.51,2.85,2.50,2.68,2.00,0.19,5.70,0.74,5.64,0.29,42.50,0.07,C3'-endo
53,50,0.14,A,A,A,1,0,0,0,0,.,201,1,cHW,cM+W,3.30,1.38,3.32,2.78,3.97,3.66,0.31,4.11,..,anti,.,1.22,1.22,3.63,1.86,3.13,2.10,2.36,1.97,5.99,0.65,5.53,0.60,6.09,43.21,3.08,C2'-endo
54,51,0.14,G,G,G,0,0,1,0,0,[,208,1,cWW,cW-W,6.10,3.97,1.06,0.99,1.48,1.33,0.14,3.16,..,anti,A,4.28,4.16,5.52,3.92,5.45,3.90,5.78,4.02,0.24,5.57,0.91,5.51,0.34,52.22,0.06,C3'-endo
55,52,0.14,G,G,G,0,0,1,0,0,[,207,1,cWW,cW-W,4.12,3.37,0.40,1.64,3.28,5.22,4.35,3.53,BI,anti,A,4.24,4.35,2.90,3.71,3.14,3.79,3.52,4.33,0.17,5.75,0.67,5.69,0.27,38.77,0.08,C3'-endo
56,53,0.14,C,C,C,0,1,0,0,0,[,206,1,cWW,cW-W,5.06,3.11,0.85,1.41,3.55,5.08,4.75,3.48,BI,anti,A,4.39,4.54,2.91,3.73,3.20,3.76,3.94,4.26,6.26,5.86,0.67,5.59,0.45,40.97,0.35,C3'-endo
57,54,0.15,A,A,A,1,0,0,0,0,[,205,1,cWW,cW-W,4.86,3.21,1.02,1.47,3.55,5.18,4.66,3.51,BI,anti,A,4.29,4.43,2.84,3.82,3.09,3.71,3.84,4.02,6.19,5.94,0.62,5.60,0.49,39.51,0.45,C3'-endo
58,55,0.15,G,G,G,0,0,1,0,0,[,204,1,cWW,cW-W,4.12,2.67,2.10,1.26,4.28,4.90,5.67,3.16,..,anti,.,4.68,4.79,2.88,3.62,3.04,3.63,3.62,4.00,0.06,5.80,0.70,5.60,0.39,41.31,0.24,C3'-endo
59,56,0.15,A,A,A,1,0,0,0,0,[,203,1,cWW,cW-W,5.79,3.09,0.41,1.23,2.82,6.19,2.92,3.35,BI,anti,.,4.58,4.45,2.97,3.91,3.21,3.83,3.87,4.40,0.03,5.77,0.78,5.50,0.47,46.37,0.29,C3'-endo
60,57,0.15,A,A,A,1,0,0,0,0,[,202,1,cWW,cW-W,3.17,2.51,2.86,1.80,4.25,5.24,5.29,3.43,..,anti,.,3.88,4.31,3.42,3.92,3.56,4.37,4.32,5.44,0.36,5.66,0.65,5.84,0.05,38.18,6.04,C2'-exo
61,58,0.16,G,G,G,0,0,1,0,0,.,62,1,cSH,cm+M,5.47,2.29,1.28,2.74,3.63,2.46,1.17,4.09,..,anti,.,1.59,2.09,2.25,2.74,3.93,1.88,5.12,2.09,5.71,0.85,5.49,0.47,0.06,49.27,2.75,C2'-endo
62,59,0.16,U,U,U,0,0,0,1,0,.,"52,61",2,"tWH,cHS","tW-M,cM+m",4.79,3.13,0.73,1.71,3.77,4.48,5.57,3.54,BI,anti,.,4.33,4.54,3.14,4.11,2.95,4.06,2.78,4.43,0.12,5.84,0.57,5.76,0.26,33.13,0.13,C3'-endo
63,60,0.16,A,A,A,1,0,0,0,0,.,51,1,tHS,tM-m,1.07,2.47,5.27,1.80,3.11,5.56,3.83,3.85,BI,anti,.,3.77,4.35,2.96,4.07,3.16,4.18,3.75,5.11,0.43,5.67,0.56,5.96,6.22,35.36,5.86,C2'-exo
64,61,0.16,A,A,A,1,0,0,0,0,),50,1,cWW,cW-W,2.93,3.29,2.47,1.56,4.42,4.56,6.14,3.20,..,anti,A,4.66,4.82,2.80,3.74,3.35,3.81,4.59,4.19,0.35,5.68,0.62,5.85,0.05,36.70,6.04,C2'-exo
65,62,0.17,C,C,C,0,1,0,0,0,),49,1,cWW,cW-W,5.74,2.47,0.74,1.40,3.63,4.88,5.04,3.21,BI,anti,A,4.45,4.51,2.86,3.74,3.20,3.74,3.92,4.23,6.26,5.86,0.67,5.58,0.45,40.79,0.35,C3'-endo
66,63,0.17,A,A,A,1,0,0,0,0,),48,1,cWW,cW-W,5.40,2.96,0.78,1.60,3.63,4.41,5.50,3.44,BI,anti,A,4.43,4.48,2.95,3.65,3.16,3.70,3.93,4.22,6.22,5.96,0.56,5.68,0.42,34.95,0.42,C3'-endo
67,64,0.17,G,G,G,0,0,1,0,0,),47,1,cWW,cW-W,6.07,2.61,0.37,1.45,2.81,5.34,3.75,3.44,BI,anti,A,4.02,4.04,2.91,4.05,3.17,3.98,3.92,4.34,0.09,5.92,0.49,5.84,0.23,28.09,0.14,C3'-endo
68,65,0.17,U,U,U,0,0,0,1,0,),46,1,cWW,cW-W,3.35,3.90,2.24,1.15,4.69,0.78,3.91,3.01,..,anti,.,4.19,4.36,3.03,6.15,3.27,5.53,3.88,5.39,5.95,6.13,0.55,5.53,0.68,43.43,0.77,C4'-exo
69,66,0.18,U,U,U,0,0,0,1,0,.,124,1,tWW,tW+W,3.75,5.84,4.84,1.84,3.80,4.91,5.18,3.09,BI,anti,.,4.46,4.35,2.28,2.61,2.77,2.99,3.42,3.13,0.27,5.94,0.30,6.13,6.22,19.66,5.76,C2'-exo
70,67,0.18,A,A,A,1,0,0,0,0,.,"123,251",2,"tHS,tSS","tM-m,tm+m",4.93,3.04,1.06,1.55,4.14,5.11,5.31,3.77,..,anti,.,3.25,4.36,2.95,4.86,3.18,4.86,3.21,5.38,6.11,6.05,0.52,5.66,0.50,35.52,0.59,C3'-endo
71,68,0.18,G,G,G,0,0,1,0,0,(,122,1,cWW,cW-W,2.03,3.90,3.62,1.54,3.80,4.91,5.17,3.15,BI,anti,.,4.67,4.67,2.91,3.11,3.53,3.27,4.59,3.45,0.23,5.72,0.66,5.74,0.19,38.01,6.25,C2'-exo
72,69,0.18,C,C,C,0,1,0,0,0,(,121,1,cWW,cW-W,5.09,2.94,1.13,1.45,4.10,4.48,5.91,3.33,..,anti,.,4.43,4.66,3.04,4.07,3.24,3.83,3.49,4.13,6.17,5.88,0.74,5.47,0.58,47.06,0.45,C3'-endo
73,70,0.19,C,C,C,0,1,0,0,0,(,120,1,cWW,cW-W,1.52,3.96,3.96,1.60,4.33,4.82,5.79,3.31,..,anti,A,4.53,4.78,3.04,3.41,3.12,3.66,3.74,4.36,0.32,5.66,0.67,5.78,0.12,38.80,6.13,C2'-exo
74,71,0.19,U,U,U,0,0,0,1,0,.,119,1,tWH,tW-M,5.61,2.56,1.00,1.41,3.07,4.82,4.53,3.37,BI,anti,.,3.90,3.95,2.91,3.18,3.47,3.16,4.40,3.34,6.02,6.13,0.49,5.63,0.58,37.60,0.73,C4'-exo
75,72,0.19,A,A,A,1,0,0,0,0,.,118,1,tHS,tM-m,4.71,3.59,1.20,1.38,3.67,5.15,4.80,3.15,BI,anti,.,4.55,4.48,3.26,3.85,3.15,3.92,3.28,4.88,6.07,6.02,0.61,5.54,0.61,42.70,0.60,C3'-endo
76,73,0.19,A,A,A,1,0,0,0,0,.,117,1,tHS,tM-m,4.87,2.97,1.17,1.41,4.12,5.35,5.05,3.33,..,anti,.,4.45,4.66,2.95,4.30,3.28,4.39,4.50,5.27,0.02,5.86,0.65,5.63,0.40,38.84,0.30,C3'-endo
77,74,0.20,C,C,C,0,1,0,0,0,(,116,1,cWW,cW-W,4.95,2.75,1.30,1.36,4.07,4.55,5.80,3.16,..,anti,A,4.67,4.73,2.75,3.58,3.33,3.63,4.74,3.95,0.08,5.83,0.64,5.67,0.34,37.47,0.22,C3'-endo
78,75,0.20,G,G,G,0,0,1,0,0,(,115,1,cWW,cW-W,5.47,2.81,0.90,1.44,3.72,4.89,5.11,3.26,BI,anti,A,4.58,4.59,2.91,3.80,3.09,3.80,3.65,4.31,0.03,5.85,0.66,5.62,0.40,39.24,0.29,C3'-endo
79,76,0.20,C,C,C,0,1,0,0,0,(,114,1,cWW,cW-W,5.31,3.07,1.04,1.44,3.99,4.92,5.35,3.49,BI,anti,.,4.40,4.76,3.12,4.04,3.31,4.14,4.09,4.94,0.13,5.72,0.75,5.59,0.35,43.59,0.15,C3'-endo
80,77,0.20,A,A,A,1,0,0,0,0,.,112,1,cSW,cm-W,5.58,2.64,0.85,1.51,3.62,3.87,6.03,3.40,..,anti,.,4.58,4.61,2.97,2.86,3.44,2.87,4.63,2.87,0.02,5.84,0.68,5.60,0.42,40.46,0.29,C3'-endo
81,78,0.21,A,A,A,1,0,0,0,0,.,107,1,tHS,tM-m,5.85,2.84,0.19,1.62,3.86,5.20,4.94,3.66,BI,anti,.,4.12,4.76,3.11,4.30,2.97,4.45,2.84,5.02,0.34,5.64,0.69,5.77,0.11,40.07,6.12,C2'-exo
82,79,0.21,G,G,G,0,0,1,0,0,(,106,1,cWW,cW-W,5.48,2.57,1.04,1.54,3.75,4.80,5.23,3.16,BI,anti,A,4.58,4.50,2.87,3.80,3.51,3.72,4.59,4.29,6.18,5.96,0.61,5.60,0.49,39.24,0.47,C3'-endo
83,80,0.21,G,G,G,0,0,1,0,0,(,105,1,cWW,cW-W,4.87,2.68,1.48,1.39,4.11,4.73,5.66,2.88,..,anti,.,4.46,4.58,2.96,3.68,3.19,3.71,4.12,3.91,0.08,5.81,0.67,5.64,0.35,39.48,0.21,C3'-endo
84,81,0.21,G,G,G,0,0,1,0,0,(,104,1,cWW,cW-W,5.10,2.88,1.31,1.38,3.66,5.16,4.78,3.25,BI,anti,A,4.38,4.52,3.05,3.87,3.23,3.82,3.62,4.40,6.17,5.97,0.59,5.61,0.50,38.42,0.49,C3'-endo
85,82,0.22,U,U,U,0,0,0,1,0,(,103,1,cWW,cW-W,5.28,3.30,0.45,1.35,0.62,2.37,4.53,3.56,..,anti,.,3.16,3.64,3.35,4.26,3.56,3.26,4.31,2.40,0.19,5.71,0.72,5.65,0.28,41.63,0.07,C3'-endo
86,83,0.22,G,G,G,0,0,1,0,0,.,,0,,,1.99,2.51,6.24,2.30,5.02,3.42,1.60,2.85,BII,anti,.,1.43,1.40,6.17,4.80,0.89,4.84,1.31,5.45,6.00,0.47,5.82,0.31,6.26,27.73,2.85,C2'-endo
87,84,0.22,U,U,U,0,0,0,1,0,(,102,1,cWW,cW-W,0.89,2.07,0.43,1.26,3.81,4.81,5.28,3.37,BI,anti,A,4.60,4.73,3.59,3.73,3.84,3.72,3.65,4.13,6.24,5.84,0.73,5.51,0.52,45.21,0.38,C3'-endo
88,85,0.22,C,C,C,0,1,0,0,0,(,101,1,cWW,cW-W,5.06,2.73,1.31,1.38,4.30,4.60,5.98,3.20,..,anti,A,4.61,4.74,3.08,3.65,3.23,3.65,3.90,3.80,0.11,5.77,0.71,5.61,0.36,41.58,0.18,C3'-endo
89,86,0.23,C,C,C,0,1,0,0,0,(,100,1,cWW,cW-W,4.82,2.69,1.46,1.37,4.10,4.68,5.70,3.15,..,anti,A,4.63,4.70,2.83,3.62,3.01,3.58,3.39,3.86,6.28,5.85,0.69,5.57,0.45,41.90,0.33,C3'-endo
90,87,0.23,G,G,G,0,0,1,0,0,(,99,1,cWW,cW-W,5.51,3.17,0.69,1.33,3.61,5.33,4.56,3.46,BI,anti,A,4.61,4.77,3.02,3.83,3.13,3.95,3.64,4.72,0.16,5.68,0.79,5.58,0.34,45.43,0.11,C3'-endo
91,88,0.23,U,U,U,0,0,0,1,0,(,98,1,cWW,cW-W,4.94,3.42,0.92,1.63,3.62,4.61,5.29,3.63,BI,anti,A,4.19,4.45,2.84,3.67,3.20,3.70,4.24,3.97,6.21,5.95,0.57,5.65,0.44,36.17,0.43,C3'-endo
92,89,0.23,G,G,G,0,0,1,0,0,(,97,1,cWW,cW-W,5.46,2.68,0.98,1.40,3.97,4.80,5.45,3.32,BI,anti,A,4.43,4.55,2.94,3.82,3.09,3.78,3.53,4.29,6.06,6.03,0.61,5.54,0.61,42.53,0.61,C3'-endo
93,90,0.24,G,G,G,0,0,1,0,0,.,96,1,tSH,tm-M,5.18,2.64,1.15,1.39,4.24,5.17,5.35,3.25,..,anti,.,4.55,4.61,2.88,4.35,3.06,3.52,3.80,2.66,6.12,5.97,0.65,5.52,0.58,43.25,0.54,C3'-endo
94,91,0.24,C,C,C,0,1,0,0,0,.,,0,,,3.39,2.21,0.72,1.47,3.72,5.18,4.82,3.78,BI,anti,.,3.57,4.28,0.16,4.16,0.78,4.13,0.44,5.02,6.03,6.09,0.54,5.59,0.60,39.86,0.68,C4'-exo
95,92,0.24,G,G,G,0,0,1,0,0,.,276,1,cSS,cm-m,4.82,3.18,1.24,1.64,3.77,4.80,5.26,3.92,BI,anti,.,3.28,4.46,2.98,3.69,3.39,3.64,4.53,3.62,0.15,5.81,0.60,5.75,0.24,34.34,0.08,C3'-endo
96,93,0.24,A,A,A,1,0,0,0,0,.,"93,284",2,"tHS,tWS","tM-m,tW+m",5.37,3.07,0.58,1.59,3.46,5.50,4.24,4.23,BI,anti,.,2.50,4.36,2.96,4.81,3.16,4.90,3.32,5.29,0.15,5.79,0.63,5.72,0.27,36.28,0.10,C3'-endo
97,94,0.25,C,C,C,0,1,0,0,0,),92,1,cWW,cW-W,2.22,4.00,3.23,1.57,3.99,4.71,5.57,3.07,..,anti,A,4.71,4.71,2.91,3.44,3.75,3.42,4.68,3.68,0.25,5.71,0.66,5.75,0.18,37.99,6.23,C2'-exo
98,95,0.25,A,A,A,1,0,0,0,0,),91,1,cWW,cW-W,5.42,2.47,1.15,1.46,4.27,4.76,5.80,3.11,..,anti,A,4.57,4.62,3.10,3.89,3.32,3.84,3.81,4.43,6.24,5.89,0.66,5.58,0.47,40.73,0.38,C3'-endo
99,96,0.25,U,U,U,0,0,0,1,0,),90,1,cWW,cW-W,4.96,2.39,1.31,1.50,4.22,4.67,5.83,3.02,..,anti,A,4.72,4.63,2.75,3.75,3.04,3.66,3.96,3.85,6.26,5.85,0.69,5.56,0.46,42.05,0.35,C3'-endo
100,97,0.26,G,G,G,0,0,1,0,0,),89,1,cWW,cW-W,5.04,2.53,1.22,1.29,3.98,4.79,5.47,3.32,BI,anti,A,4.37,4.68,2.74,3.69,2.95,3.69,3.44,4.03,6.28,5.78,0.80,5.46,0.52,48.26,0.33,C3'-endo
101,98,0.26,G,G,G,0,0,1,0,0,),88,1,cWW,cW-W,5.35,2.62,1.22,1.19,3.74,4.98,5.05,3.13,BI,anti,A,4.50,4.53,2.98,3.65,3.24,3.66,3.84,4.03,5.95,6.04,0.69,5.41,0.76,50.94,0.68,C4'-exo
102,99,0.26,A,A,A,1,0,0,0,0,),87,1,cWW,cW-W,5.12,3.05,1.24,1.29,3.81,5.18,4.92,3.42,BI,anti,.,4.35,4.56,3.06,3.95,3.27,3.99,3.82,5.03,5.97,6.09,0.59,5.51,0.69,44.95,0.71,C4'-exo
103,100,0.26,A,A,A,1,0,0,0,0,),85,1,cWW,cW-W,5.05,3.19,0.89,1.29,3.99,4.93,5.35,3.73,BI,anti,A,3.78,4.85,2.77,3.79,3.08,3.88,4.42,4.40,0.23,5.71,0.69,5.71,0.22,39.35,6.28,C2'-exo
104,101,0.27,U,U,U,0,0,0,1,0,),84,1,cWW,cW-W,5.38,2.67,1.15,1.42,3.79,4.79,5.28,3.56,BI,anti,A,4.23,4.59,2.90,3.67,3.27,3.57,4.09,3.83,0.04,5.82,0.69,5.60,0.41,40.99,0.27,C3'-endo
105,102,0.27,C,C,C,0,1,0,0,0,),83,1,cWW,cW-W,5.05,2.79,1.30,1.30,3.98,4.94,5.32,3.39,BI,anti,.,4.47,4.69,2.84,3.88,3.01,3.91,3.57,4.35,0.11,5.77,0.71,5.62,0.35,41.42,0.18,C3'-endo
106,103,0.27,U,U,U,0,0,0,1,0,),82,1,cWW,cW-W,5.38,2.81,1.12,1.39,3.80,4.86,5.22,3.09,BI,anti,.,4.71,4.58,3.00,3.76,3.32,3.79,4.11,4.72,6.12,5.98,0.62,5.55,0.56,41.72,0.54,C3'-endo
107,104,0.27,G,G,G,0,0,1,0,0,.,81,1,tSH,tm-M,5.41,2.88,0.89,1.58,4.00,1.83,2.17,3.56,..,anti,.,3.94,4.45,3.11,0.83,3.35,0.96,4.50,1.46,6.21,5.98,0.54,5.69,0.42,33.88,0.44,C3'-endo
108,105,0.28,A,A,A,1,0,0,0,0,.,,0,,,4.84,3.12,0.43,1.83,3.57,5.29,4.56,5.13,BI,anti,.,-1.59,4.67,2.98,4.59,3.43,3.75,3.48,2.75,0.55,5.50,0.70,5.89,6.18,44.62,5.84,C2'-exo
109,106,0.28,A,A,A,1,0,0,0,0,.,377,1,tSS,tm+m,2.70,2.79,1.16,1.27,3.78,4.29,5.78,4.42,BI,anti,.,0.99,4.54,0.49,3.01,0.98,3.21,0.90,4.04,6.03,6.07,0.57,5.56,0.61,41.43,0.67,C4'-exo
110,107,0.28,G,G,G,0,0,1,0,0,>,7,1,cWW,cW-W,5.48,3.04,1.01,1.54,4.30,3.29,1.01,2.02,BII,...,.,3.19,4.77,3.64,1.71,3.47,2.87,3.64,3.17,0.23,5.76,0.61,5.79,0.17,34.83,6.23,C2'-exo
111,108,0.28,G,G,G,0,0,1,0,0,},14,1,cWW,cW-W,4.74,4.44,0.25,2.96,3.41,3.48,6.22,4.44,..,anti,.,1.11,1.10,4.00,3.55,3.09,3.27,1.82,3.23,0.01,0.44,5.59,0.71,5.83,42.26,3.47,C3'-exo
112,109,0.29,A,A,A,1,0,0,0,0,.,80,1,cWS,cW-m,1.65,2.24,0.93,1.54,3.65,1.30,2.36,3.46,..,anti,.,4.17,4.23,5.31,0.53,5.33,0.24,5.55,0.48,6.08,6.11,0.46,5.69,0.50,33.64,0.68,C4'-exo
113,110,0.29,A,A,A,1,0,0,0,0,.,262,1,cHW,cM+W,0.59,3.60,5.35,2.60,4.31,0.80,3.51,1.44,..,syn,.,-1.43,1.50,4.18,0.59,4.71,0.52,4.81,0.10,5.99,0.62,5.58,0.55,6.12,40.22,3.05,C2'-endo
114,111,0.29,G,G,G,0,0,1,0,0,),79,1,cWW,cW-W,1.79,3.09,4.83,1.50,3.78,4.90,5.16,3.21,BI,anti,A,4.71,4.71,4.02,2.99,4.09,3.28,4.97,3.81,0.14,5.76,0.69,5.66,0.31,39.65,0.13,C3'-endo
115,112,0.29,C,C,C,0,1,0,0,0,),78,1,cWW,cW-W,5.16,2.90,1.01,1.47,4.09,4.63,5.74,3.28,..,anti,.,4.44,4.56,3.06,4.14,3.26,3.96,3.68,4.35,6.16,5.96,0.62,5.58,0.52,40.01,0.49,C3'-endo
116,113,0.30,G,G,G,0,0,1,0,0,),77,1,cWW,cW-W,1.44,3.82,4.14,1.59,3.74,5.64,4.38,3.24,BI,anti,.,4.66,4.68,3.00,3.66,3.18,3.90,3.96,5.03,0.33,5.67,0.65,5.80,0.10,37.99,6.11,C2'-exo
117,114,0.30,G,G,G,0,0,1,0,0,.,"76,0",2,"tSH,.HS","tm-M,.M+m",4.74,3.21,1.05,1.50,4.08,4.55,5.81,3.51,..,anti,.,4.26,4.70,2.88,3.88,3.40,4.04,4.78,5.28,0.10,5.81,0.65,5.68,0.32,37.89,0.17,C3'-endo
118,115,0.30,A,A,A,1,0,0,0,0,.,"75,0",2,"tSH,.WS","tm-M,.W+m",5.93,2.65,0.42,1.64,2.29,4.97,3.60,4.32,..,anti,.,1.99,3.86,3.04,2.82,3.56,2.46,4.90,2.54,0.45,5.66,0.56,5.97,6.20,35.55,5.83,C2'-exo
119,116,0.30,C,C,C,0,1,0,0,0,.,74,1,tHW,tM-W,4.59,3.24,1.22,1.28,4.33,5.67,4.95,3.34,..,anti,.,4.43,4.71,2.99,4.56,2.78,4.67,2.97,5.51,6.13,5.99,0.61,5.57,0.54,40.46,0.54,C3'-endo
120,117,0.31,G,G,G,0,0,1,0,0,),73,1,cWW,cW-W,4.43,2.18,2.09,1.54,4.09,4.86,5.52,3.14,..,anti,A,4.70,4.72,2.69,3.55,3.44,3.47,4.87,3.70,0.35,5.68,0.61,5.86,0.05,36.28,6.03,C2'-exo
121,118,0.31,G,G,G,0,0,1,0,0,),72,1,cWW,cW-W,4.88,2.56,1.68,1.36,4.30,4.70,5.88,3.04,..,anti,A,4.72,4.75,3.14,3.83,3.30,3.87,3.75,4.00,0.17,5.78,0.63,5.73,0.25,36.34,0.06,C3'-endo
122,119,0.31,C,C,C,0,1,0,0,0,),71,1,cWW,cW-W,5.77,2.32,1.05,1.27,3.67,5.01,4.95,3.14,BI,anti,A,4.37,4.36,2.82,3.73,3.22,3.71,3.70,4.51,5.85,6.14,0.62,5.40,0.82,51.59,0.81,C4'-exo
123,120,0.31,A,A,A,1,0,0,0,0,.,70,1,tSH,tm-M,4.94,3.25,1.21,1.42,4.18,3.56,0.62,3.46,..,anti,.,3.97,4.43,3.16,2.53,3.30,2.95,4.25,3.15,6.08,6.06,0.54,5.61,0.55,38.21,0.63,C3'-endo
124,121,0.32,A,A,A,1,0,0,0,0,.,"27,69",2,"tH.,tWW","tM-.,tW+W",5.30,2.86,0.91,2.29,4.87,2.93,1.94,0.84,BII,syn,.,-1.06,0.79,3.91,2.99,3.65,3.03,3.23,3.67,5.57,0.79,5.71,0.17,0.35,45.22,2.38,C1'-exo
125,122,0.32,A,A,A,1,0,0,0,0,.,247,1,tHS,tM-m,5.40,3.37,0.45,1.53,3.21,5.67,3.82,3.51,BI,anti,.,4.35,4.52,3.97,4.49,3.85,4.57,3.75,5.45,0.29,5.65,0.72,5.72,0.17,41.18,6.19,C2'-exo
126,123,0.32,C,C,C,0,1,0,0,0,(,246,1,cWW,cW-W,3.03,3.76,2.28,1.31,4.16,4.67,5.77,3.32,..,anti,A,4.51,4.77,2.74,3.55,3.44,3.49,4.81,3.60,6.23,5.94,0.60,5.64,0.44,37.14,0.40,C3'-endo
127,124,0.32,C,C,C,0,1,0,0,0,(,245,1,cWW,cW-W,5.01,2.57,1.41,1.38,4.22,4.80,5.70,3.13,..,anti,A,4.49,4.59,2.99,3.80,3.12,3.75,3.45,4.13,6.22,5.90,0.65,5.58,0.48,40.74,0.41,C3'-endo
128,125,0.33,U,U,U,0,0,0,1,0,(,244,1,cWW,cW-W,5.20,2.86,1.03,1.20,3.83,4.82,5.29,3.50,BI,anti,A,4.24,4.65,2.76,3.51,2.99,3.61,3.67,4.31,6.22,5.86,0.72,5.50,0.54,45.26,0.41,C3'-endo
129,126,0.33,U,U,U,0,0,0,1,0,(,243,1,cWW,cW-W,5.50,2.91,0.83,1.52,3.66,4.47,5.48,3.42,BI,anti,.,4.50,4.57,2.95,3.89,3.18,3.74,4.09,3.85,0.20,5.72,0.70,5.69,0.25,40.09,0.04,C3'-endo
130,127,0.33,C,C,C,0,1,0,0,0,(,242,1,cWW,cW-W,2.59,3.61,3.27,1.60,4.25,5.54,4.99,3.02,..,anti,.,4.72,4.73,3.05,4.00,3.17,3.74,3.59,3.81,0.32,5.67,0.65,5.80,0.11,37.86,6.12,C2'-exo
131,128,0.33,G,G,G,0,0,1,0,0,(,"177,241",2,"tSS,cWW","tm+m,cW-W",3.82,1.87,2.83,1.59,4.30,4.89,5.68,3.06,..,anti,.,4.80,4.74,2.84,3.28,3.02,3.58,3.38,4.47,0.24,5.74,0.63,5.78,0.17,36.12,6.23,C2'-exo
132,129,0.34,G,G,G,0,0,1,0,0,(,237,1,cWW,cW-W,5.15,2.49,1.31,1.34,4.27,4.72,5.83,3.09,..,anti,A,4.67,4.75,2.82,3.84,3.29,3.79,4.39,4.33,6.24,5.88,0.67,5.57,0.47,41.23,0.38,C3'-endo
133,130,0.34,U,U,U,0,0,0,1,0,(,236,1,cWW,cW-W,5.07,2.85,1.07,1.44,3.72,4.87,5.14,3.37,BI,anti,A,4.52,4.62,2.83,3.71,3.08,3.72,3.96,4.24,0.02,5.83,0.69,5.59,0.43,41.29,0.30,C3'-endo
134,131,0.34,C,C,C,0,1,0,0,0,(,235,1,cWW,cW-W,5.37,2.86,0.92,1.44,3.73,5.02,5.00,3.48,BI,anti,.,4.34,4.57,3.00,3.81,3.25,3.78,4.03,4.06,6.28,5.92,0.57,5.69,0.38,34.65,0.33,C3'-endo
135,132,0.34,U,U,U,0,0,0,1,0,(,234,1,cWW,cW-W,5.09,2.97,1.23,1.33,3.87,4.90,5.26,3.12,BI,anti,A,4.69,4.64,3.06,3.70,3.27,3.71,3.83,4.14,6.17,5.95,0.63,5.57,0.52,40.80,0.48,C3'-endo
136,133,0.35,G,G,G,0,0,1,0,0,(,233,1,cWW,cW-W,5.57,3.20,0.34,1.53,3.82,1.36,2.46,3.81,..,anti,.,3.69,4.60,2.91,0.60,3.07,0.79,3.67,3.31,0.16,5.77,0.65,5.70,0.27,37.48,0.09,C3'-endo
137,134,0.35,A,A,A,1,0,0,0,0,.,145,1,tHS,tM-m,2.63,3.96,3.31,1.50,3.56,5.64,4.20,3.24,BI,anti,.,4.61,4.64,4.22,3.77,4.39,3.91,2.18,4.91,0.26,5.67,0.71,5.72,0.19,40.59,6.23,C2'-exo
138,135,0.35,G,G,G,0,0,1,0,0,(,144,1,cWW,cW-W,5.11,2.82,0.71,1.62,4.10,4.77,5.62,3.55,..,anti,.,4.05,4.45,2.83,4.26,3.38,4.33,4.71,5.13,6.28,5.95,0.53,5.74,0.35,31.88,0.33,C3'-endo
139,136,0.35,G,G,G,0,0,1,0,0,.,143,1,tSH,tm-M,5.74,2.46,0.63,1.40,3.98,4.96,5.30,3.66,BI,anti,.,3.82,4.49,2.83,4.23,3.27,3.75,4.34,3.87,6.07,6.05,0.57,5.58,0.58,40.15,0.63,C3'-endo
140,137,0.36,A,A,A,1,0,0,0,0,.,,0,,,3.02,2.66,5.57,1.30,1.31,5.34,2.25,0.02,..,syn,.,-3.71,3.72,5.66,1.62,5.93,1.25,5.59,1.29,0.15,5.73,0.73,5.62,0.32,42.13,0.12,C3'-endo
141,138,0.36,A,A,A,1,0,0,0,0,.,"153,227",2,"tHW,cW.","tM-W,cW+.",3.57,2.62,1.97,1.47,4.06,1.23,2.84,4.63,..,anti,.,0.17,4.43,2.25,0.37,2.18,0.01,2.96,0.11,6.19,5.96,0.59,5.62,0.48,38.06,0.46,C3'-endo
142,139,0.36,C,C,C,0,1,0,0,0,.,,0,,,1.23,3.05,3.46,1.37,4.27,4.76,5.80,3.26,..,anti,.,4.80,4.91,2.16,3.41,2.50,3.73,3.10,4.83,0.08,5.78,0.72,5.59,0.39,42.42,0.22,C3'-endo
143,140,0.36,A,A,A,1,0,0,0,0,.,139,1,tHS,tM-m,5.66,2.36,0.91,1.47,3.89,5.26,4.92,3.24,BI,anti,.,4.65,4.69,2.87,4.36,3.41,4.33,4.75,4.97,0.10,5.83,0.61,5.71,0.30,35.59,0.16,C3'-endo
144,141,0.37,C,C,C,0,1,0,0,0,),138,1,cWW,cW-W,5.24,2.83,0.90,1.31,3.87,5.34,4.82,3.02,BI,anti,.,4.68,4.67,2.71,4.20,3.22,4.28,4.51,5.08,0.01,5.81,0.73,5.55,0.45,43.62,0.31,C3'-endo
145,142,0.37,G,G,G,0,0,1,0,0,.,137,1,tSH,tm-M,4.89,3.09,1.49,1.44,3.75,5.27,4.76,3.60,BI,anti,.,4.22,4.60,3.12,4.23,3.58,3.43,4.77,2.38,6.18,5.93,0.64,5.57,0.51,40.98,0.46,C3'-endo
146,143,0.37,A,A,A,1,0,0,0,0,.,364,1,cWS,cW-m,3.27,2.67,0.51,1.55,3.73,5.04,4.97,3.62,BI,anti,.,4.20,4.60,0.43,4.00,0.86,4.04,0.49,4.95,0.13,5.82,0.60,5.74,0.26,34.59,0.11,C3'-endo
147,144,0.38,A,A,A,1,0,0,0,0,.,,0,,,5.23,3.06,0.84,1.71,3.83,3.20,0.63,3.80,..,anti,.,3.75,4.47,3.02,2.10,3.36,2.16,4.51,2.51,0.23,5.83,0.49,5.91,0.10,28.34,6.14,C2'-exo
148,145,0.38,C,C,C,0,1,0,0,0,(,232,1,cWW,cW-W,5.67,3.63,0.23,1.49,3.47,3.94,5.81,4.08,..,anti,.,3.06,4.27,3.74,3.16,3.40,3.45,2.93,3.71,6.07,6.06,0.55,5.59,0.57,39.43,0.63,C4'-exo
149,146,0.38,U,U,U,0,0,0,1,0,(,231,1,cWW,cW-W,0.71,1.74,0.31,1.48,3.22,4.33,5.17,3.90,BI,anti,.,3.55,3.88,2.91,3.78,3.08,3.73,3.30,4.35,5.80,0.04,0.39,5.62,0.72,41.91,1.01,C4'-exo
150,147,0.38,U,U,U,0,0,0,1,0,(,230,1,cWW,cW-W,0.72,2.36,5.88,1.72,3.21,4.80,4.69,3.79,BI,anti,A,3.77,4.12,2.96,3.88,3.10,3.75,3.89,4.16,0.16,5.86,0.51,5.84,0.18,29.50,0.02,C3'-endo
151,148,0.39,C,C,C,0,1,0,0,0,(,229,1,cWW,cW-W,2.36,3.62,3.19,1.61,4.30,4.59,5.99,3.20,..,anti,A,4.58,4.66,2.96,3.39,3.15,3.48,3.83,3.91,0.24,5.72,0.65,5.76,0.18,37.34,6.23,C2'-exo
152,149,0.39,A,A,A,1,0,0,0,0,(,228,1,cWW,cW-W,5.32,2.51,1.04,1.30,4.04,4.78,5.54,3.01,BI,anti,A,4.81,4.78,2.83,3.79,3.11,3.80,3.76,4.35,6.26,5.84,0.71,5.55,0.47,43.01,0.35,C3'-endo
153,150,0.39,U,U,U,0,0,0,1,0,.,141,1,tWH,tW-M,5.12,2.99,1.03,1.39,3.97,4.31,5.95,3.64,..,anti,.,4.09,4.77,2.94,3.07,3.12,3.25,3.90,2.66,0.10,5.78,0.68,5.64,0.34,39.72,0.18,C3'-endo
154,151,0.39,A,A,A,1,0,0,0,0,.,,0,,,5.75,3.84,6.11,1.89,2.05,3.18,5.16,5.89,..,syn,.,-2.06,2.75,3.55,1.23,3.33,0.53,2.58,6.11,0.35,5.91,0.26,6.21,6.11,21.37,5.48,C1'-endo
155,152,0.40,U,U,U,0,0,0,1,0,.,,0,,,1.84,4.16,0.71,2.32,5.26,3.94,1.32,3.09,..,anti,.,0.03,0.19,0.49,5.70,0.86,5.47,1.42,5.91,5.75,0.67,5.73,0.26,0.17,37.77,2.57,C2'-endo
156,153,0.40,G,G,G,0,0,1,0,0,.,,0,,,0.96,2.26,0.58,2.21,3.86,2.09,1.77,4.97,..,anti,.,1.59,2.16,3.52,1.92,4.39,1.79,4.19,2.52,5.67,0.72,5.73,0.21,0.25,40.40,2.46,C1'-exo
157,154,0.40,A,A,A,1,0,0,0,0,.,"225,228",2,"tHW,tWS","tM-W,tW+m",5.23,2.61,0.67,1.39,4.09,5.06,5.31,3.55,..,anti,.,4.17,4.78,3.14,4.75,3.14,4.84,3.41,5.41,0.23,5.70,0.70,5.70,0.22,39.84,6.28,C2'-exo
158,155,0.40,G,G,G,0,0,1,0,0,[,183,1,cWW,cW-W,0.55,2.45,0.07,2.08,3.02,4.65,4.66,4.11,BI,anti,.,3.32,3.06,2.85,3.56,3.62,3.42,4.70,4.32,5.69,0.58,5.93,0.03,0.35,34.59,2.20,C1'-exo
159,156,0.41,G,G,G,0,0,1,0,0,(,224,1,cWW,cW-W,5.03,2.98,1.08,1.28,3.49,4.59,5.18,3.56,BI,anti,.,4.28,4.55,2.81,3.81,2.98,3.72,4.16,4.53,6.17,5.87,0.76,5.44,0.60,48.43,0.45,C3'-endo
160,157,0.41,C,C,C,0,1,0,0,0,(,223,1,cWW,cW-W,2.69,3.93,2.84,1.46,4.26,4.83,5.72,2.99,..,anti,.,4.75,4.76,2.84,3.85,3.16,3.82,4.40,4.14,0.32,5.63,0.74,5.71,0.16,42.61,6.18,C2'-exo
161,158,0.41,U,U,U,0,0,0,1,0,.,,0,,,5.39,3.15,0.74,1.29,3.74,4.84,5.19,3.82,BI,anti,.,3.60,4.68,2.88,3.55,3.08,3.58,3.65,4.75,0.01,5.85,0.68,5.59,0.43,41.01,0.31,C3'-endo
162,159,0.41,A,A,A,1,0,0,0,0,.,222,1,cHW,cM+W,5.41,2.82,0.95,1.31,3.47,6.07,3.68,0.58,..,syn,.,-4.00,4.26,2.93,4.26,3.07,3.85,4.39,3.50,5.88,6.20,0.50,5.54,0.72,43.82,0.86,C4'-exo
163,160,0.42,G,G,G,0,0,1,0,0,.,221,1,cHW,cM+W,3.52,1.67,2.92,1.35,2.98,0.88,2.10,0.31,..,syn,.,-4.31,4.28,3.16,3.43,3.07,3.62,3.22,3.60,6.18,5.95,0.62,5.59,0.50,39.88,0.47,C3'-endo
164,161,0.42,G,G,G,0,0,1,0,0,.,221,1,cHW,cM+W,4.94,4.90,4.98,2.49,4.36,5.39,5.26,2.03,..,...,.,0.95,2.23,3.18,3.92,3.48,3.57,3.60,3.06,0.12,0.18,5.89,0.47,5.91,26.66,3.71,C3'-exo
165,162,0.42,U,U,U,0,0,0,1,0,.,"218,219",2,"c.W,cWW","c.-W,cW-W",3.74,1.47,2.20,1.53,3.92,5.22,4.98,3.74,BI,anti,.,3.90,4.72,1.82,4.21,2.57,3.91,2.19,4.29,0.19,5.77,0.63,5.75,0.22,36.05,0.03,C3'-endo
166,163,0.42,A,A,A,1,0,0,0,0,(,217,1,cWW,cW-W,1.70,3.25,4.07,1.46,3.81,5.02,5.07,3.17,BI,anti,A,4.79,4.77,2.68,3.20,3.07,3.53,4.02,4.23,0.33,5.63,0.71,5.75,0.13,40.99,6.14,C2'-exo
167,164,0.43,U,U,U,0,0,0,1,0,.,216,1,cWW,cW-W,4.47,3.83,1.25,1.40,3.77,4.89,5.16,3.85,BI,anti,.,3.67,4.74,2.98,3.73,3.13,3.72,3.73,4.23,0.07,5.81,0.67,5.64,0.37,39.38,0.23,C3'-endo
168,165,0.43,C,C,C,0,1,0,0,0,.,215,1,cWW,cW-W,4.81,2.56,1.50,1.43,3.76,5.12,4.93,3.36,BI,anti,A,4.62,4.71,2.78,3.94,3.12,3.81,3.97,4.07,0.22,5.73,0.67,5.72,0.22,38.40,0.01,C3'-endo
169,166,0.43,A,A,A,1,0,0,0,0,(,214,1,cWW,cW-W,5.27,3.44,0.66,1.34,3.26,4.81,4.74,3.81,BI,anti,A,3.87,4.54,2.93,3.64,3.14,3.61,3.75,3.88,0.19,5.68,0.77,5.61,0.30,44.31,0.07,C3'-endo
170,167,0.43,A,A,A,1,0,0,0,0,(,213,1,cWW,cW-W,2.44,3.69,3.48,1.72,4.55,5.19,5.64,3.43,..,anti,.,4.12,4.75,3.48,3.73,3.56,3.88,3.96,4.53,0.39,5.73,0.50,5.99,6.22,31.45,5.85,C2'-exo
171,168,0.44,U,U,U,0,0,0,1,0,(,212,1,cWW,cW-W,4.53,1.93,2.46,2.86,4.00,5.80,4.48,4.01,..,anti,.,1.28,1.30,4.02,4.67,4.09,4.92,4.72,5.45,6.17,0.47,5.65,0.58,5.99,36.51,3.29,C3'-exo
172,169,0.44,G,G,G,0,0,1,0,0,(,"52,200",2,"cSS,cWW","cm-m,cW-W",4.38,3.89,1.31,1.37,3.92,4.92,5.29,3.33,BI,anti,A,4.49,4.62,2.93,3.87,3.70,3.91,3.98,4.64,6.24,5.84,0.73,5.51,0.51,45.16,0.37,C3'-endo
173,170,0.44,G,G,G,0,0,1,0,0,(,199,1,cWW,cW-W,4.68,2.79,1.49,1.45,4.23,4.51,6.00,3.13,..,anti,A,4.67,4.69,2.74,3.79,3.03,3.78,4.11,4.08,0.05,5.81,0.68,5.61,0.39,40.36,0.25,C3'-endo
174,171,0.44,A,A,A,1,0,0,0,0,(,198,1,cWW,cW-W,5.74,2.84,0.76,1.53,3.85,4.80,5.34,3.42,BI,anti,A,4.26,4.48,3.08,3.91,3.28,3.95,3.85,4.58,6.12,5.98,0.62,5.56,0.55,41.25,0.54,C3'-endo
175,172,0.45,U,U,U,0,0,0,1,0,(,197,1,cWW,cW-W,5.61,2.74,0.87,1.40,4.01,4.97,5.33,3.43,BI,anti,.,4.20,4.36,3.02,4.10,3.29,4.13,4.15,5.10,5.89,6.21,0.48,5.57,0.70,42.30,0.86,C4'-exo
176,173,0.45,G,G,G,0,0,1,0,0,.,195,1,tSH,tm-M,5.78,3.11,0.11,1.41,2.90,5.21,3.97,3.95,BI,anti,.,3.38,4.48,2.86,3.07,3.19,2.85,4.37,2.62,0.24,5.68,0.72,5.68,0.23,40.97,6.28,C2'-exo
177,174,0.45,A,A,A,1,0,0,0,0,.,"131,194",2,"tSS,tHS","tm+m,tM-m",3.71,2.57,2.05,1.33,4.17,5.21,5.24,3.36,..,anti,.,4.50,4.80,2.66,3.89,2.57,4.03,2.48,4.78,6.27,5.83,0.73,5.53,0.49,44.29,0.35,C3'-endo
178,175,0.45,G,G,G,0,0,1,0,0,(,193,1,cWW,cW-W,5.01,2.39,1.65,1.56,4.08,4.46,5.90,3.10,..,anti,A,4.69,4.70,2.96,3.80,3.60,3.76,4.86,4.08,0.16,5.80,0.62,5.74,0.25,35.48,0.08,C3'-endo
179,176,0.46,U,U,U,0,0,0,1,0,(,192,1,cWW,cW-W,5.76,2.49,0.78,1.33,3.72,4.99,5.02,3.45,BI,anti,A,4.20,4.52,2.96,3.81,3.21,3.76,3.80,4.22,6.16,5.91,0.69,5.51,0.56,44.72,0.47,C3'-endo
180,177,0.46,U,U,U,0,0,0,1,0,(,191,1,cWW,cW-W,5.00,2.96,1.09,1.30,3.58,5.04,4.83,3.54,BI,anti,A,4.30,4.62,2.84,3.59,3.09,3.59,3.86,3.96,6.26,5.83,0.73,5.52,0.49,44.78,0.35,C3'-endo
181,178,0.46,U,U,U,0,0,0,1,0,(,190,1,cWW,cW-W,5.09,3.37,0.78,1.52,3.35,2.81,0.54,3.76,..,anti,.,4.09,4.54,2.91,1.33,3.05,1.45,3.63,2.13,0.24,5.71,0.67,5.73,0.20,38.43,6.26,C2'-exo
182,179,0.46,G,G,G,0,0,1,0,0,.,,0,,,5.12,2.24,1.24,1.42,4.27,1.11,3.15,3.02,..,anti,.,4.71,4.72,3.16,1.35,3.33,1.47,3.07,1.86,0.11,5.77,0.70,5.63,0.34,40.66,0.17,C3'-endo
183,180,0.47,C,C,C,0,1,0,0,0,],158,1,cWW,cW-W,1.95,5.01,2.29,1.29,4.42,4.78,5.92,3.43,..,anti,.,3.67,4.10,3.39,4.10,3.67,3.47,3.22,3.00,5.89,6.21,0.48,5.57,0.69,42.28,0.86,C4'-exo
184,181,0.47,A,A,A,1,0,0,0,0,.,,0,,,0.18,4.34,1.13,1.46,3.74,4.99,5.04,3.37,BI,anti,.,4.74,4.82,5.27,4.09,5.46,4.19,5.52,4.85,0.27,5.66,0.72,5.70,0.20,41.29,6.23,C2'-exo
185,182,0.47,U,U,U,0,0,0,1,0,.,,0,,,5.54,2.73,0.88,1.48,4.36,4.70,5.94,3.41,..,anti,.,4.41,4.80,3.24,4.02,3.58,3.99,4.55,4.18,0.21,5.74,0.65,5.74,0.21,37.34,0.00,C3'-endo
186,183,0.47,A,A,A,1,0,0,0,0,.,3,1,cWH,cW+M,4.83,2.59,1.41,1.28,3.47,4.88,4.87,4.43,BI,anti,.,1.62,4.64,2.67,3.45,3.01,3.28,3.51,3.44,6.23,5.87,0.70,5.54,0.50,43.15,0.39,C3'-endo
187,184,0.48,A,A,A,1,0,0,0,0,.,1,1,cWW,cW-W,5.33,2.78,0.93,1.33,3.91,4.94,5.25,3.16,BI,anti,A,4.65,4.66,2.98,3.83,3.10,3.89,3.48,4.77,6.26,5.88,0.65,5.60,0.45,39.83,0.36,C3'-endo
188,185,0.48,C,C,C,0,1,0,0,0,},1,1,cWW,cW-W,5.20,2.84,1.05,1.40,3.97,4.88,5.38,3.48,BI,anti,.,4.41,4.74,2.94,3.82,3.23,3.74,4.40,3.96,0.10,5.81,0.64,5.68,0.32,37.47,0.18,C3'-endo
189,186,0.48,A,A,A,1,0,0,0,0,.,,0,,,4.70,2.84,1.20,1.34,3.83,4.90,5.21,3.27,BI,anti,.,4.71,4.75,2.56,3.75,2.77,3.81,3.32,4.40,0.08,5.79,0.70,5.61,0.37,40.81,0.22,C3'-endo
190,187,0.48,A,A,A,1,0,0,0,0,),181,1,cWW,cW-W,5.34,2.98,0.97,1.44,3.89,5.15,5.02,3.48,BI,anti,A,4.46,4.75,3.09,4.10,3.35,4.09,4.19,4.63,0.17,5.75,0.68,5.68,0.27,39.23,0.08,C3'-endo
191,188,0.49,A,A,A,1,0,0,0,0,),180,1,cWW,cW-W,4.99,3.01,1.14,1.26,3.91,4.32,5.87,3.42,..,anti,A,4.46,4.70,2.80,3.36,3.14,3.45,4.07,3.68,0.04,5.81,0.71,5.59,0.41,41.94,0.27,C3'-endo
192,189,0.49,A,A,A,1,0,0,0,0,),179,1,cWW,cW-W,5.88,2.51,0.66,1.37,3.36,4.85,4.80,3.64,BI,anti,A,4.09,4.45,2.98,4.06,3.13,3.94,3.48,4.27,0.03,5.83,0.68,5.61,0.41,40.43,0.28,C3'-endo
193,190,0.49,C,C,C,0,1,0,0,0,),178,1,cWW,cW-W,2.90,3.93,2.82,1.23,4.03,5.01,5.31,3.10,BI,anti,.,4.64,4.59,2.89,3.75,3.24,3.78,3.96,4.74,5.98,6.13,0.53,5.57,0.63,40.93,0.74,C4'-exo
194,191,0.49,A,A,A,1,0,0,0,0,.,177,1,tSH,tm-M,5.43,3.26,0.64,1.61,3.00,4.52,4.76,3.57,BI,anti,.,4.08,4.12,2.96,2.85,3.31,2.88,4.56,2.99,0.14,5.82,0.59,5.75,0.25,34.22,0.10,C3'-endo
195,192,0.50,A,A,A,1,0,0,0,0,.,176,1,tHS,tM-m,5.27,3.33,0.98,1.56,3.68,5.24,4.72,3.47,BI,anti,.,4.18,4.46,3.46,4.07,3.33,4.06,3.15,4.86,0.12,5.83,0.58,5.75,0.26,33.48,0.12,C3'-endo
196,193,0.50,A,A,A,1,0,0,0,0,.,242,1,tSS,tm+m,4.81,3.05,0.97,1.46,3.98,5.17,5.10,3.64,BI,anti,A,3.96,4.70,2.77,4.10,3.12,4.05,4.23,4.35,0.01,5.86,0.66,5.61,0.42,39.49,0.32,C3'-endo
197,194,0.50,G,G,G,0,0,1,0,0,),175,1,cWW,cW-W,4.53,2.72,1.67,1.31,4.00,4.46,5.82,3.31,..,anti,.,4.60,4.65,2.71,3.82,3.06,3.56,3.69,3.97,6.10,5.96,0.67,5.49,0.61,44.93,0.55,C3'-endo
198,195,0.51,U,U,U,0,0,0,1,0,),174,1,cWW,cW-W,1.74,3.85,3.83,1.59,4.15,4.78,5.66,3.06,..,anti,A,4.93,4.88,3.02,3.09,3.09,3.31,3.83,3.72,0.40,5.59,0.71,5.80,0.05,41.73,6.03,C2'-exo
199,196,0.51,C,C,C,0,1,0,0,0,),173,1,cWW,cW-W,5.51,3.13,0.57,1.57,3.58,4.98,4.88,3.51,BI,anti,A,4.37,4.58,2.94,3.74,3.19,3.79,3.71,4.26,0.24,5.61,0.81,5.59,0.28,46.54,0.02,C3'-endo
200,197,0.51,C,C,C,0,1,0,0,0,),172,1,cWW,cW-W,5.05,3.00,1.01,1.64,4.19,4.51,5.96,3.31,..,anti,.,4.26,4.51,3.02,3.80,3.24,3.91,3.90,3.81,0.06,5.78,0.74,5.56,0.41,43.65,0.24,C3'-endo
201,198,0.51,U,U,U,0,0,0,1,0,.,53,1,cWH,cW+M,5.08,2.56,1.54,2.30,4.97,2.37,2.60,3.68,BII,anti,.,1.36,1.11,3.72,2.07,3.90,1.81,3.80,1.92,5.50,0.79,5.78,0.06,0.46,46.49,2.24,C1'-exo
202,199,0.52,U,U,U,0,0,0,1,0,],60,1,cWW,cW-W,2.49,1.90,2.77,1.38,4.00,4.69,5.60,3.08,..,anti,A,4.40,4.46,2.66,2.84,2.27,3.09,2.12,3.54,6.27,5.85,0.70,5.56,0.46,42.77,0.34,C3'-endo
203,200,0.52,U,U,U,0,0,0,1,0,],59,1,cWW,cW-W,5.67,2.95,0.65,1.29,3.61,4.82,5.07,3.50,BI,anti,.,4.34,4.60,2.88,3.45,3.01,3.50,3.53,3.49,0.01,5.81,0.73,5.55,0.46,43.66,0.31,C3'-endo
204,201,0.52,C,C,C,0,1,0,0,0,],58,1,cWW,cW-W,5.50,2.85,0.95,1.39,3.60,4.80,5.08,3.76,BI,anti,A,3.66,4.33,3.03,3.54,3.17,3.56,3.26,4.06,6.02,6.08,0.56,5.56,0.62,41.31,0.68,C4'-exo
205,202,0.52,U,U,U,0,0,0,1,0,],57,1,cWW,cW-W,5.15,3.08,0.98,1.43,3.61,4.75,5.15,3.25,BI,anti,A,4.58,4.56,2.88,3.57,3.02,3.60,3.70,4.12,6.26,5.89,0.64,5.62,0.44,38.94,0.36,C3'-endo
206,203,0.53,G,G,G,0,0,1,0,0,],56,1,cWW,cW-W,5.49,2.90,0.76,1.41,3.87,4.77,5.38,3.45,BI,anti,A,4.58,4.82,3.00,3.65,3.14,3.67,3.83,3.89,0.21,5.73,0.66,5.72,0.23,38.04,0.01,C3'-endo
207,204,0.53,C,C,C,0,1,0,0,0,],55,1,cWW,cW-W,5.14,2.85,1.04,1.32,3.79,4.89,5.18,3.55,BI,anti,A,4.33,4.74,2.79,3.78,3.00,3.79,3.51,4.10,0.12,5.75,0.72,5.62,0.34,41.77,0.16,C3'-endo
208,205,0.53,C,C,C,0,1,0,0,0,],54,1,cWW,cW-W,5.40,2.94,1.06,1.26,3.50,0.06,3.44,3.61,..,anti,.,4.29,4.63,3.02,4.64,3.28,4.12,3.89,4.06,0.03,5.77,0.77,5.52,0.46,45.96,0.28,C3'-endo
209,206,0.53,A,A,A,1,0,0,0,0,.,,0,,,3.11,1.66,2.96,1.31,1.36,1.13,0.23,3.58,..,anti,.,3.50,3.66,3.31,2.91,3.30,3.09,3.47,3.75,0.12,5.77,0.68,5.65,0.32,39.67,0.15,C3'-endo
210,207,0.54,A,A,A,1,0,0,0,0,.,,0,,,0.73,2.88,6.15,1.45,3.54,1.73,1.81,0.06,..,syn,.,-4.67,4.66,4.51,0.78,4.90,0.91,4.74,0.88,0.26,5.64,0.76,5.65,0.23,43.80,6.26,C2'-exo
211,208,0.54,A,A,A,1,0,0,0,0,.,,0,,,2.10,4.23,2.58,1.76,4.57,4.57,0.00,2.97,..,anti,.,4.26,4.25,3.09,4.08,3.39,3.98,4.16,4.42,0.13,5.88,0.51,5.83,0.21,29.33,0.08,C3'-endo
212,209,0.54,G,G,G,0,0,1,0,0,),171,1,cWW,cW-W,5.27,2.37,0.99,1.35,4.21,4.30,6.19,3.18,..,anti,A,4.60,4.66,2.69,3.68,3.12,3.70,4.00,3.85,6.18,5.92,0.66,5.55,0.53,42.38,0.45,C3'-endo
213,210,0.54,U,U,U,0,0,0,1,0,),170,1,cWW,cW-W,5.76,2.35,0.78,1.34,3.41,4.98,4.72,3.49,BI,anti,A,4.16,4.27,2.82,3.66,3.10,3.59,3.53,4.20,6.00,6.04,0.64,5.47,0.69,46.60,0.66,C4'-exo
214,211,0.55,U,U,U,0,0,0,1,0,),169,1,cWW,cW-W,4.84,2.87,1.39,1.29,3.85,5.02,5.11,3.22,BI,anti,.,4.63,4.66,2.85,3.91,3.08,3.97,4.03,4.54,0.07,5.77,0.74,5.57,0.41,43.83,0.24,C3'-endo
215,212,0.55,G,G,G,0,0,1,0,0,.,168,1,cWW,cW-W,5.44,2.74,1.35,1.32,4.28,4.23,0.05,3.38,..,anti,.,4.45,4.74,3.37,3.46,3.70,3.45,4.55,3.36,6.20,5.96,0.58,5.64,0.45,36.93,0.44,C3'-endo
216,213,0.55,G,G,G,0,0,1,0,0,.,167,1,cWW,cW-W,5.32,2.25,1.03,1.35,3.89,5.34,4.83,3.58,BI,anti,A,4.14,4.65,2.76,4.08,2.88,3.80,2.95,4.17,6.19,5.96,0.59,5.62,0.48,38.01,0.46,C3'-endo
217,214,0.55,U,U,U,0,0,0,1,0,),166,1,cWW,cW-W,4.21,2.11,2.21,1.37,4.03,4.95,5.36,3.00,BI,anti,A,4.83,4.79,2.67,3.57,2.99,3.59,3.87,4.24,0.24,5.70,0.70,5.71,0.22,39.83,6.27,C2'-exo
218,215,0.56,A,A,A,1,0,0,0,0,.,165,1,cW.,cW-.,4.88,3.51,0.92,1.38,3.66,5.75,4.19,3.55,BI,anti,.,4.42,4.73,2.77,3.87,2.95,3.51,3.84,2.87,0.17,5.71,0.73,5.64,0.30,42.02,0.09,C3'-endo
219,216,0.56,C,C,C,0,1,0,0,0,.,165,1,cWW,cW-W,4.19,1.28,3.26,1.57,4.37,4.65,6.00,3.46,..,anti,.,4.22,4.70,3.44,3.41,3.17,3.60,2.59,4.69,0.22,5.76,0.61,5.78,0.18,34.84,6.25,C2'-exo
220,217,0.56,A,A,A,1,0,0,0,0,.,,0,,,2.40,3.86,2.84,1.47,4.64,4.24,0.40,3.27,..,anti,.,4.60,4.93,2.43,4.08,3.00,3.78,4.34,3.69,0.36,5.62,0.71,5.77,0.10,41.15,6.09,C2'-exo
221,218,0.56,G,G,G,0,0,1,0,0,.,"163,164",2,"cWH,cWH","cW+M,cW+M",1.70,3.95,3.54,1.33,4.72,3.92,0.80,3.43,..,anti,.,4.07,4.89,2.53,3.23,2.76,3.13,3.04,3.28,0.31,5.62,0.75,5.69,0.18,43.28,6.20,C2'-exo
222,219,0.57,A,A,A,1,0,0,0,0,.,162,1,cWH,cW+M,1.20,4.59,3.53,1.71,3.21,5.85,3.64,2.78,BI,anti,.,4.08,4.52,3.24,3.95,3.19,4.05,3.55,4.73,0.50,5.59,0.61,5.95,6.18,39.38,5.82,C2'-exo
223,220,0.57,G,G,G,0,0,1,0,0,),160,1,cWW,cW-W,3.49,4.23,1.26,1.39,4.10,3.93,0.17,3.26,..,anti,A,4.77,4.82,2.56,3.91,3.07,3.88,4.13,3.95,0.04,5.84,0.66,5.63,0.39,39.31,0.27,C3'-endo
224,221,0.57,U,U,U,0,0,0,1,0,),159,1,cWW,cW-W,1.90,4.50,3.33,1.63,3.80,0.54,3.26,3.12,..,anti,.,4.11,4.25,3.14,4.84,3.34,4.18,3.67,3.91,0.05,5.94,0.49,5.81,0.27,28.73,0.22,C3'-endo
225,222,0.57,A,A,A,1,0,0,0,0,.,157,1,tWH,tW-M,3.72,0.09,4.17,2.66,3.63,3.76,6.15,4.43,..,anti,.,1.49,1.75,2.99,2.51,3.32,2.59,3.36,2.10,6.10,0.49,5.69,0.50,6.08,33.80,3.16,C3'-exo
226,223,0.58,A,A,A,1,0,0,0,0,.,,0,,,1.27,2.32,1.70,1.44,0.57,3.89,2.97,3.30,..,anti,.,2.85,2.95,0.29,5.57,0.24,5.82,0.62,6.01,0.03,5.86,0.62,5.66,0.37,36.98,0.27,C3'-endo
227,224,0.58,A,A,A,1,0,0,0,0,.,141,1,c.W,c.+W,5.24,4.08,0.94,2.32,5.27,2.04,3.23,0.73,..,syn,.,0.08,1.17,3.72,2.99,3.98,2.94,3.78,3.56,5.53,0.82,5.69,0.17,0.37,47.26,2.37,C1'-exo
228,225,0.58,U,U,U,0,0,0,1,0,),"152,157",2,"cWW,tSW","cW-W,tm+W",4.95,2.07,1.62,1.31,3.56,4.88,4.96,3.69,BI,anti,A,3.95,4.49,3.69,3.52,4.02,3.24,4.62,3.44,6.16,5.91,0.71,5.49,0.58,45.64,0.48,C3'-endo
229,226,0.58,G,G,G,0,0,1,0,0,),151,1,cWW,cW-W,5.16,2.96,1.02,1.36,3.36,5.20,4.44,3.39,BI,anti,A,4.43,4.47,2.92,3.65,3.07,3.67,3.56,4.16,6.27,5.83,0.72,5.54,0.48,43.83,0.34,C3'-endo
230,227,0.59,A,A,A,1,0,0,0,0,),150,1,cWW,cW-W,4.71,3.51,1.04,1.54,3.53,4.86,4.95,3.45,BI,anti,A,4.35,4.42,2.92,3.65,3.12,3.67,3.84,3.95,0.04,5.87,0.61,5.68,0.36,36.17,0.27,C3'-endo
231,228,0.59,A,A,A,1,0,0,0,0,),149,1,cWW,cW-W,5.18,2.90,1.11,1.24,3.50,5.34,4.45,3.43,BI,anti,.,4.56,4.66,2.89,3.83,3.11,3.77,3.65,4.09,0.01,5.82,0.72,5.55,0.46,43.53,0.31,C3'-endo
232,229,0.59,G,G,G,0,0,1,0,0,),148,1,cWW,cW-W,4.99,3.29,1.09,1.31,3.97,4.65,5.60,3.29,BI,anti,A,4.66,4.72,3.06,3.50,3.25,3.56,3.85,4.24,6.18,5.91,0.68,5.53,0.54,43.14,0.46,C3'-endo
233,230,0.59,C,C,C,0,1,0,0,0,),136,1,cWW,cW-W,5.22,2.60,1.03,1.18,3.79,5.00,5.07,3.33,BI,anti,A,4.60,4.71,2.69,3.77,2.90,3.79,3.86,4.32,0.12,5.70,0.80,5.54,0.39,46.65,0.18,C3'-endo
234,231,0.60,A,A,A,1,0,0,0,0,),135,1,cWW,cW-W,5.43,3.01,0.91,1.35,3.55,4.55,5.28,3.26,BI,anti,.,4.63,4.62,2.98,3.93,3.24,3.89,4.15,4.21,0.11,5.76,0.72,5.62,0.35,41.74,0.17,C3'-endo
235,232,0.60,G,G,G,0,0,1,0,0,),134,1,cWW,cW-W,2.83,4.01,2.97,1.38,4.22,4.58,5.92,3.03,..,anti,A,4.77,4.77,2.99,3.58,3.26,3.58,3.92,4.13,0.11,5.77,0.71,5.62,0.35,41.18,0.17,C3'-endo
236,233,0.60,A,A,A,1,0,0,0,0,),133,1,cWW,cW-W,5.48,2.46,1.07,1.33,4.16,4.73,5.71,3.13,..,anti,A,4.59,4.64,2.97,3.88,3.21,3.90,4.02,4.58,6.27,5.87,0.66,5.60,0.44,40.08,0.34,C3'-endo
237,234,0.60,U,U,U,0,0,0,1,0,),132,1,cWW,cW-W,5.43,2.78,0.89,1.38,4.01,3.42,0.59,3.57,..,anti,.,4.05,4.64,2.91,2.62,3.13,2.16,4.09,4.26,0.15,5.73,0.72,5.63,0.32,41.85,0.12,C3'-endo
238,235,0.61,U,U,U,0,0,0,1,0,.,,0,,,0.93,3.59,1.18,2.40,3.62,2.93,0.70,3.36,..,anti,.,1.25,2.01,5.92,2.55,6.14,1.85,3.89,0.89,5.82,0.64,5.71,0.32,0.08,36.38,2.69,C2'-endo
239,236,0.61,G,G,G,0,0,1,0,0,.,,0,,,2.79,2.85,0.43,1.61,2.86,1.52,1.34,3.79,..,anti,.,3.64,3.93,0.57,6.23,0.69,5.75,1.35,5.28,0.19,5.82,0.54,5.83,0.17,31.12,6.27,C2'-exo
240,237,0.61,A,A,A,1,0,0,0,0,.,,0,,,0.41,3.97,5.91,2.76,3.20,1.82,1.38,3.83,..,anti,.,1.44,1.84,4.44,0.99,5.34,1.21,6.04,2.80,5.97,0.65,5.56,0.55,6.13,41.51,3.02,C2'-endo
241,238,0.61,U,U,U,0,0,0,1,0,),131,1,cWW,cW-W,2.11,2.62,4.55,1.66,4.09,4.84,5.53,3.29,..,anti,.,4.79,4.89,3.88,3.34,3.47,3.56,2.15,4.02,0.42,5.64,0.60,5.91,6.26,36.77,5.91,C2'-exo
242,239,0.62,G,G,G,0,0,1,0,0,),"130,196",2,"cWW,tSS","cW-W,tm+m",5.64,3.14,0.36,1.50,3.67,4.92,5.03,3.36,BI,anti,.,4.54,4.61,2.95,4.09,3.15,3.96,3.55,4.44,0.07,5.75,0.77,5.54,0.43,45.31,0.23,C3'-endo
243,240,0.62,A,A,A,1,0,0,0,0,),129,1,cWW,cW-W,1.92,3.38,3.84,1.62,3.56,5.36,4.48,3.34,BI,anti,A,4.65,4.67,3.05,3.21,3.22,3.43,3.97,4.00,0.35,5.63,0.68,5.78,0.10,39.80,6.10,C2'-exo
244,241,0.62,A,A,A,1,0,0,0,0,),128,1,cWW,cW-W,4.64,3.28,1.01,1.48,3.74,4.89,5.14,3.45,BI,anti,A,4.46,4.64,2.73,3.74,3.06,3.76,3.81,4.11,0.10,5.77,0.70,5.62,0.35,40.85,0.18,C3'-endo
245,242,0.62,G,G,G,0,0,1,0,0,),127,1,cWW,cW-W,5.38,2.89,0.88,1.28,3.69,5.01,4.97,3.29,BI,anti,A,4.71,4.75,2.96,3.70,3.16,3.74,3.74,4.15,6.23,5.86,0.72,5.52,0.52,44.58,0.39,C3'-endo
246,243,0.63,G,G,G,0,0,1,0,0,),126,1,cWW,cW-W,5.43,2.82,0.87,1.28,3.76,4.65,5.39,3.36,BI,anti,.,4.51,4.64,2.99,3.90,3.24,3.86,3.89,4.82,6.11,5.97,0.66,5.51,0.60,44.13,0.55,C3'-endo
247,244,0.63,G,G,G,0,0,1,0,0,.,125,1,tSH,tm-M,2.55,3.52,3.14,1.55,4.62,4.17,0.46,3.22,..,anti,.,4.61,4.91,2.97,3.49,3.21,3.35,4.45,3.90,0.50,5.60,0.62,5.94,6.19,39.58,5.83,C2'-exo
248,245,0.63,A,A,A,1,0,0,0,0,.,35,1,tWS,tW+m,0.10,2.86,2.11,2.53,4.08,1.44,2.63,4.10,..,anti,.,0.95,1.29,5.51,1.26,5.80,1.11,4.94,1.00,5.78,0.71,5.64,0.37,0.08,40.96,2.70,C2'-endo
249,246,0.64,A,A,A,1,0,0,0,0,.,,0,,,3.06,4.18,1.00,2.65,4.47,3.99,0.49,3.79,..,anti,.,1.02,1.02,2.49,4.12,2.59,4.08,2.44,4.45,5.98,0.63,5.59,0.53,6.14,39.98,3.02,C2'-endo
250,247,0.64,A,A,A,1,0,0,0,0,),27,1,cWW,cW-W,4.97,1.72,2.18,1.48,3.72,5.06,4.95,3.36,BI,anti,A,4.48,4.63,3.63,3.39,3.94,3.34,4.55,3.81,0.17,5.70,0.76,5.61,0.32,43.88,0.10,C3'-endo
251,248,0.64,G,G,G,0,0,1,0,0,),"26,70",2,"cWW,tSS","cW-W,tm+m",5.04,2.90,1.18,1.40,3.81,4.91,5.18,3.41,BI,anti,A,4.44,4.63,2.87,3.71,3.19,3.70,4.00,4.15,0.04,5.77,0.77,5.52,0.45,45.87,0.27,C3'-endo
252,249,0.64,A,A,A,1,0,0,0,0,),25,1,cWW,cW-W,4.92,2.89,1.34,1.34,4.25,4.46,6.07,3.36,..,anti,A,4.46,4.75,2.98,3.58,3.19,3.62,3.88,3.94,0.11,5.74,0.75,5.58,0.37,43.45,0.18,C3'-endo
253,250,0.65,C,C,C,0,1,0,0,0,),24,1,cWW,cW-W,5.38,2.31,1.23,1.39,3.96,4.72,5.52,3.44,BI,anti,A,4.32,4.62,2.92,3.77,3.13,3.70,3.65,4.16,6.24,5.88,0.68,5.56,0.48,41.85,0.38,C3'-endo
254,251,0.65,U,U,U,0,0,0,1,0,),23,1,cWW,cW-W,5.55,2.84,0.78,1.32,3.57,5.27,4.58,3.47,BI,anti,A,4.56,4.74,3.03,3.78,3.24,3.78,3.98,4.34,0.07,5.79,0.71,5.60,0.39,41.67,0.23,C3'-endo
255,252,0.65,G,G,G,0,0,1,0,0,),22,1,cWW,cW-W,5.26,3.37,0.40,1.50,3.24,4.74,4.79,3.79,BI,anti,A,3.99,4.61,2.89,3.66,3.10,3.67,3.91,3.95,0.24,5.71,0.66,5.74,0.19,38.08,6.25,C2'-exo
256,253,0.65,C,C,C,0,1,0,0,0,),21,1,cWW,cW-W,2.79,3.86,2.76,1.54,4.14,4.98,5.44,3.64,..,anti,A,3.83,4.60,2.95,3.94,3.24,3.82,3.72,4.19,0.08,5.84,0.60,5.71,0.31,35.23,0.20,C3'-endo
257,254,0.66,A,A,A,1,0,0,0,0,),20,1,cWW,cW-W,5.02,2.84,1.09,1.22,3.91,4.66,5.54,3.19,BI,anti,A,4.81,4.79,2.65,3.59,2.98,3.66,3.71,4.51,6.17,5.89,0.73,5.48,0.58,46.30,0.46,C3'-endo
258,255,0.66,U,U,U,0,0,0,1,0,),19,1,cWW,cW-W,5.57,2.44,0.95,1.43,4.13,4.51,5.91,3.21,..,anti,A,4.56,4.62,2.99,3.80,3.26,3.79,4.37,4.06,0.06,5.81,0.68,5.62,0.38,40.27,0.23,C3'-endo
259,256,0.66,U,U,U,0,0,0,1,0,),18,1,cWW,cW-W,5.51,2.32,1.20,1.33,3.97,4.35,5.90,3.33,..,anti,A,4.56,4.64,2.93,3.42,3.19,3.37,3.77,3.53,6.14,5.96,0.64,5.55,0.55,41.85,0.51,C3'-endo
260,257,0.66,C,C,C,0,1,0,0,0,),17,1,cWW,cW-W,5.35,2.61,0.90,1.36,3.72,4.88,5.12,3.47,BI,anti,A,4.36,4.59,2.80,3.74,2.89,3.75,3.27,4.14,0.05,5.79,0.74,5.56,0.42,43.81,0.26,C3'-endo
261,258,0.67,U,U,U,0,0,0,1,0,.,15,1,tWH,tW-M,5.25,2.93,1.17,1.32,3.68,4.23,5.74,3.59,BI,anti,.,4.18,4.61,3.02,3.53,3.27,3.51,3.91,3.44,0.06,5.78,0.74,5.57,0.42,43.70,0.24,C3'-endo
262,259,0.67,U,U,U,0,0,0,1,0,.,113,1,cWH,cW+M,0.29,2.13,0.55,1.20,3.75,4.00,6.03,3.45,..,anti,.,4.15,4.34,3.28,3.44,3.34,2.93,3.35,2.57,5.93,6.11,0.60,5.47,0.74,47.15,0.75,C4'-exo
263,260,0.67,A,A,A,1,0,0,0,0,.,"8,381",2,"cWS,tHS","cW-m,tM-m",1.33,2.36,2.88,2.81,4.46,5.27,5.47,3.89,..,anti,.,0.56,1.06,1.89,3.83,1.47,3.66,0.94,3.50,5.81,0.76,5.55,0.48,6.28,44.15,2.82,C2'-endo
264,261,0.67,C,C,C,0,1,0,0,0,],6,1,cWW,cW-W,5.37,4.57,4.46,2.72,4.94,5.15,6.07,4.84,..,anti,.,0.36,0.41,2.66,4.68,3.08,4.91,3.12,5.97,5.90,0.73,5.49,0.59,6.15,45.77,2.98,C2'-endo
265,262,0.68,C,C,C,0,1,0,0,0,),13,1,cWW,cW-W,5.00,3.32,1.09,1.46,3.96,4.93,5.31,3.21,BI,anti,A,4.50,4.64,2.72,3.88,3.47,3.94,3.17,4.35,0.07,5.85,0.62,5.68,0.34,36.37,0.23,C3'-endo
266,263,0.68,C,C,C,0,1,0,0,0,),12,1,cWW,cW-W,5.18,3.12,0.96,1.38,3.84,4.87,5.25,3.43,BI,anti,A,4.33,4.55,2.90,3.65,3.10,3.70,3.77,4.18,6.26,5.89,0.64,5.61,0.44,39.00,0.36,C3'-endo
267,264,0.68,G,G,G,0,0,1,0,0,),11,1,cWW,cW-W,5.20,3.01,1.03,1.36,3.89,4.97,5.20,3.28,BI,anti,A,4.61,4.66,2.90,3.77,3.03,3.81,3.72,4.19,0.10,5.79,0.68,5.64,0.34,39.81,0.18,C3'-endo
268,265,0.68,G,G,G,0,0,1,0,0,),10,1,cWW,cW-W,5.16,2.71,1.36,1.21,3.94,4.70,5.52,3.18,BI,anti,A,4.73,4.71,2.89,3.63,3.17,3.65,3.89,4.19,0.02,5.85,0.66,5.62,0.41,39.43,0.29,C3'-endo
269,266,0.69,G,G,G,0,0,1,0,0,),"9,322",2,"cWW,tSS","cW-W,tm+m",5.88,2.89,0.56,1.57,3.56,5.17,4.68,3.47,BI,anti,.,4.25,4.47,3.14,3.88,3.31,4.01,4.04,3.65,0.18,5.74,0.69,5.68,0.27,39.39,0.07,C3'-endo
270,267,0.69,G,G,G,0,0,1,0,0,(,"289,323",2,"cWW,tSS","cW-W,tm+m",4.96,3.52,0.86,2.47,3.52,2.30,1.22,4.50,..,anti,.,2.30,2.15,2.94,2.17,3.38,1.97,3.13,2.48,5.77,0.70,5.66,0.34,0.11,39.94,2.66,C2'-endo
271,268,0.69,A,A,A,1,0,0,0,0,.,288,1,tHW,tM-W,5.68,2.18,0.58,1.58,3.85,5.27,4.86,3.13,BI,anti,.,4.90,4.65,3.21,4.41,3.17,4.33,3.36,5.20,6.21,5.90,0.66,5.57,0.49,41.17,0.42,C3'-endo
272,269,0.69,G,G,G,0,0,1,0,0,.,287,1,tH.,tM-.,4.57,2.97,1.20,1.43,3.92,4.99,5.22,3.27,BI,anti,.,4.63,4.64,2.59,3.96,3.12,3.96,4.55,4.90,6.21,5.91,0.65,5.58,0.49,40.71,0.43,C3'-endo
273,270,0.70,G,G,G,0,0,1,0,0,.,286,1,cWW,cW-W,5.06,2.62,1.16,1.45,3.99,4.98,5.29,3.11,BI,anti,.,4.91,4.86,2.77,4.01,3.13,3.94,4.51,5.43,0.18,5.71,0.73,5.65,0.29,41.69,0.08,C3'-endo
274,271,0.70,U,U,U,0,0,0,1,0,.,285,1,cHW,cM+W,5.68,3.28,0.23,1.23,2.46,0.26,2.19,0.33,..,syn,.,-4.27,4.26,3.07,3.85,3.33,3.94,5.10,3.47,0.17,5.67,0.81,5.56,0.35,46.98,0.12,C3'-endo
275,272,0.70,C,C,C,0,1,0,0,0,(,284,1,cWW,cW-W,3.90,2.94,1.51,1.38,3.88,4.93,5.23,3.43,BI,anti,.,4.23,4.53,2.84,3.67,3.27,3.63,3.00,4.02,6.25,5.88,0.66,5.59,0.46,40.52,0.37,C3'-endo
276,273,0.70,U,U,U,0,0,0,1,0,(,"95,283",2,"cSS,cWW","cm-m,cW-W",5.20,3.18,0.85,1.37,3.67,4.93,5.02,3.30,BI,anti,A,4.50,4.63,2.90,3.61,3.05,3.69,3.67,4.09,0.10,5.75,0.73,5.59,0.37,42.79,0.19,C3'-endo
277,274,0.71,G,G,G,0,0,1,0,0,(,282,1,cWW,cW-W,5.34,2.78,0.96,1.32,4.29,4.69,5.88,3.41,..,anti,.,4.30,4.76,3.08,4.15,3.26,4.06,3.79,4.91,0.04,5.74,0.82,5.48,0.48,48.50,0.27,C3'-endo
278,275,0.71,G,G,G,0,0,1,0,0,.,281,1,tSH,tm-M,1.01,3.63,4.47,1.79,4.15,5.20,5.22,3.44,..,anti,.,4.60,4.95,2.79,4.29,3.02,3.57,4.21,2.45,0.55,5.64,0.50,6.09,6.06,36.61,5.61,C1'-endo
279,276,0.71,A,A,A,1,0,0,0,0,.,,0,,,2.56,3.03,0.99,1.70,3.56,4.63,5.22,3.36,BI,anti,.,4.13,4.32,0.12,4.19,0.82,4.08,0.38,4.74,0.22,5.79,0.57,5.82,0.16,32.65,6.23,C2'-exo
280,277,0.71,A,A,A,1,0,0,0,0,.,,0,,,2.83,4.03,2.66,1.49,3.96,5.02,5.23,3.33,BI,anti,.,4.22,4.48,2.87,3.91,3.32,3.83,4.43,4.71,0.06,5.82,0.67,5.63,0.37,39.41,0.23,C3'-endo
281,278,0.72,A,A,A,1,0,0,0,0,.,278,1,tHS,tM-m,4.97,2.82,1.04,1.60,3.84,5.47,4.66,3.49,BI,anti,.,4.28,4.53,2.74,4.54,3.18,4.57,4.45,5.27,0.02,5.86,0.64,5.63,0.40,38.50,0.30,C3'-endo
282,279,0.72,C,C,C,0,1,0,0,0,),277,1,cWW,cW-W,5.03,2.75,1.07,1.33,3.19,5.26,4.21,3.27,BI,anti,A,4.66,4.60,2.64,3.63,3.39,3.55,4.75,3.89,6.24,5.82,0.76,5.49,0.52,46.48,0.37,C3'-endo
283,280,0.72,A,A,A,1,0,0,0,0,),276,1,cWW,cW-W,4.80,3.03,1.24,1.47,3.89,4.65,5.53,3.34,BI,anti,.,4.44,4.62,3.05,4.14,3.25,3.93,3.87,4.25,0.06,5.82,0.67,5.64,0.37,39.22,0.23,C3'-endo
284,281,0.72,G,G,G,0,0,1,0,0,),"96,275",2,"tSW,cWW","tm+W,cW-W",1.98,3.56,3.82,1.76,3.69,5.15,4.83,3.30,BI,anti,A,4.50,4.59,3.11,3.31,3.26,3.49,3.98,3.98,0.41,5.61,0.67,5.83,0.03,39.90,6.00,C2'-exo
285,282,0.73,A,A,A,1,0,0,0,0,.,274,1,cWH,cW+M,4.68,3.13,1.14,1.31,3.87,4.83,5.32,3.15,BI,anti,A,4.52,4.66,2.82,3.57,3.14,3.59,3.79,3.89,6.23,5.86,0.72,5.52,0.51,44.39,0.39,C3'-endo
286,283,0.73,A,A,A,1,0,0,0,0,.,273,1,cWW,cW-W,4.96,2.98,1.20,1.51,3.81,5.04,5.05,3.45,BI,anti,.,4.44,4.68,2.98,4.03,3.16,4.04,3.67,4.85,0.03,5.81,0.70,5.59,0.42,41.91,0.28,C3'-endo
287,284,0.73,G,G,G,0,0,1,0,0,.,272,1,t.H,t.-M,5.53,2.88,0.68,1.48,3.77,4.90,5.15,3.55,BI,anti,.,4.34,4.71,2.97,3.47,3.38,3.44,4.58,2.92,0.18,5.68,0.77,5.60,0.32,44.46,0.09,C3'-endo
288,285,0.73,U,U,U,0,0,0,1,0,.,271,1,tWH,tW-M,4.14,2.25,2.67,2.56,5.08,4.38,0.69,3.83,..,anti,.,0.36,0.41,4.56,3.96,4.13,4.41,3.45,5.21,5.94,0.59,5.68,0.42,6.23,35.48,2.90,C2'-endo
289,286,0.74,C,C,C,0,1,0,0,0,),270,1,cWW,cW-W,5.81,1.98,0.62,1.46,0.84,2.06,5.07,4.76,..,anti,.,0.71,1.94,2.60,4.27,3.66,4.28,4.26,5.57,5.87,6.28,0.39,5.65,0.66,38.90,0.96,C4'-exo
290,287,0.74,A,A,A,1,0,0,0,0,.,,0,,,3.49,3.91,1.59,1.24,4.01,5.43,4.86,3.07,..,anti,.,4.68,4.66,3.64,3.79,3.76,3.29,3.30,2.76,0.32,5.61,0.75,5.70,0.17,43.43,6.18,C2'-exo
291,288,0.74,G,G,G,0,0,1,0,0,.,"362,386",2,"tWH,cWH","tW-M,cW+M",4.35,0.35,3.69,1.57,3.80,5.54,4.54,3.51,BI,anti,.,4.11,4.33,2.99,2.95,2.52,3.63,1.65,4.61,6.26,5.97,0.51,5.74,0.36,31.53,0.37,C3'-endo
292,289,0.74,C,C,C,0,1,0,0,0,.,361,1,tWH,tW-M,4.99,3.25,0.92,2.64,3.56,1.43,2.13,4.30,..,anti,.,1.79,1.83,2.68,1.67,3.70,0.56,4.74,5.08,5.84,0.72,5.57,0.48,6.26,42.59,2.85,C2'-endo
293,290,0.75,A,A,A,1,0,0,0,0,.,330,1,cSW,cm-W,1.33,3.16,0.75,1.50,2.89,4.55,4.63,3.66,BI,anti,.,3.90,4.08,5.80,3.35,0.08,3.53,1.95,3.08,0.07,5.87,0.57,5.74,0.30,33.39,0.21,C3'-endo
294,291,0.75,G,G,G,0,0,1,0,0,.,329,1,tSH,tm-M,3.55,4.45,1.87,1.61,1.14,5.11,2.31,4.23,..,anti,.,1.38,1.46,3.15,2.50,3.53,2.26,3.04,2.87,5.84,0.22,0.07,5.96,0.49,27.84,1.43,O4'-endo
295,292,0.75,A,A,A,1,0,0,0,0,.,328,1,tHS,tM-m,4.06,4.52,1.28,1.30,3.49,4.65,5.12,3.20,BI,anti,.,4.67,4.63,3.01,4.03,2.65,3.97,3.01,4.18,0.07,5.77,0.74,5.56,0.41,43.84,0.23,C3'-endo
296,293,0.76,A,A,A,1,0,0,0,0,.,327,1,tHS,tM-m,2.78,3.79,3.13,1.44,4.27,5.26,5.30,3.25,..,anti,.,4.60,4.76,3.12,4.05,3.32,4.11,3.87,4.98,0.20,5.72,0.69,5.69,0.24,39.51,0.03,C3'-endo
297,294,0.76,G,G,G,0,0,1,0,0,(,326,1,cWW,cW-W,5.03,3.04,1.09,1.46,4.06,4.20,6.15,3.35,..,anti,.,4.56,4.74,2.75,3.82,3.27,3.65,4.58,3.65,0.06,5.84,0.64,5.66,0.35,37.69,0.23,C3'-endo
298,295,0.76,U,U,U,0,0,0,1,0,(,"325,326",2,"cWW,cWW","cW-W,cW-W",1.62,4.10,3.88,1.71,4.48,5.00,5.76,3.14,..,anti,A,4.65,4.74,3.26,3.69,3.25,3.85,3.47,4.44,0.39,5.67,0.59,5.90,6.28,35.77,5.95,C2'-exo
299,296,0.76,C,C,C,0,1,0,0,0,(,324,1,cWW,cW-W,5.32,3.27,0.57,1.53,3.92,4.48,5.72,3.82,..,anti,.,3.53,4.51,2.70,3.68,3.07,3.81,3.82,4.43,0.05,5.87,0.60,5.69,0.34,35.44,0.25,C3'-endo
300,297,0.77,A,A,A,1,0,0,0,0,.,,0,,,5.99,2.53,0.41,1.49,3.22,4.97,4.54,3.47,BI,anti,.,4.38,4.43,2.82,3.48,3.11,3.46,3.89,3.34,0.09,5.78,0.69,5.63,0.36,40.38,0.20,C3'-endo
301,298,0.77,U,U,U,0,0,0,1,0,(,323,1,cWW,cW-W,4.88,3.11,1.13,1.49,3.90,0.43,3.47,3.90,..,anti,.,3.39,4.63,3.08,5.88,3.16,5.14,3.15,4.53,0.04,5.86,0.62,5.67,0.36,36.66,0.26,C3'-endo
302,299,0.77,A,A,A,1,0,0,0,0,.,322,1,tHH,tM+M,2.37,2.38,1.71,2.31,4.96,1.86,3.10,3.38,..,anti,.,1.00,1.02,1.44,2.43,2.13,2.34,2.15,2.54,5.75,0.55,5.92,0.06,0.29,31.95,2.27,C1'-exo
303,300,0.77,G,G,G,0,0,1,0,0,.,304,1,cSH,cm+M,1.45,4.31,4.25,2.39,3.21,2.43,0.79,4.31,..,anti,.,2.57,2.44,5.18,0.60,4.70,1.06,4.51,1.61,5.73,0.69,5.73,0.25,0.19,38.52,2.54,C2'-endo
304,301,0.78,U,U,U,0,0,0,1,0,.,"303,321",2,"cHS,tWH","cM+m,tW-M",5.75,2.33,0.19,1.50,3.64,5.06,4.87,2.94,BI,anti,A,4.33,4.50,2.88,3.90,2.75,3.96,2.78,4.34,0.06,5.82,0.66,5.64,0.37,39.03,0.24,C3'-endo
305,302,0.78,A,A,A,1,0,0,0,0,.,320,1,tHS,tM-m,4.89,3.15,1.08,1.46,3.65,4.72,5.21,3.54,BI,anti,.,4.24,4.49,2.85,4.32,3.15,4.36,3.85,5.20,6.28,5.86,0.66,5.61,0.43,39.64,0.33,C3'-endo
306,303,0.78,C,C,C,0,1,0,0,0,(,319,1,cWW,cW-W,2.96,4.35,2.52,1.27,4.14,4.67,5.75,3.29,..,anti,A,4.57,4.67,2.87,3.82,3.42,3.76,4.65,4.33,6.09,6.01,0.60,5.56,0.58,41.41,0.58,C3'-endo
307,304,0.78,C,C,C,0,1,0,0,0,(,318,1,cWW,cW-W,5.71,2.80,0.51,1.36,3.70,4.95,5.03,3.72,BI,anti,.,3.98,4.70,2.94,3.74,3.17,3.81,4.03,4.37,0.01,5.86,0.66,5.61,0.42,39.87,0.31,C3'-endo
308,305,0.79,C,C,C,0,1,0,0,0,(,317,1,cWW,cW-W,5.56,2.99,0.55,1.41,3.62,4.28,5.62,3.84,BI,anti,.,3.72,4.63,2.97,3.62,3.19,3.57,3.90,3.52,0.11,5.81,0.64,5.69,0.30,36.95,0.16,C3'-endo
309,306,0.79,U,U,U,0,0,0,1,0,.,316,1,cWH,cW+M,2.69,3.97,2.71,1.37,4.28,4.38,6.19,3.46,..,anti,.,4.33,4.82,2.72,4.11,2.88,3.96,3.01,4.22,0.12,5.77,0.69,5.65,0.32,39.69,0.15,C3'-endo
310,307,0.79,G,G,G,0,0,1,0,0,.,,0,,,1.81,4.45,3.68,1.65,4.42,5.36,5.34,2.86,..,anti,.,4.36,4.45,3.43,3.98,3.62,4.17,4.30,5.06,0.10,5.87,0.54,5.79,0.25,31.21,0.14,C3'-endo
311,308,0.79,U,U,U,0,0,0,1,0,.,315,1,cSW,cm-W,5.06,2.94,0.96,1.34,3.34,3.88,5.74,3.66,..,anti,.,4.08,4.33,2.48,3.13,3.17,2.72,4.48,2.07,6.03,6.07,0.58,5.55,0.62,41.95,0.67,C4'-exo
312,309,0.80,U,U,U,0,0,0,1,0,.,,0,,,0.74,1.92,3.17,1.76,4.46,4.24,0.21,2.78,..,anti,.,4.87,4.97,0.46,2.26,0.14,1.92,0.12,0.33,0.57,5.54,0.63,5.97,6.12,42.00,5.74,C2'-exo
313,310,0.80,C,C,C,0,1,0,0,0,.,,0,,,4.10,1.90,0.15,1.57,4.18,2.48,1.71,5.29,BII,anti,.,-2.96,4.79,1.14,1.75,1.18,1.88,1.77,2.18,0.30,5.69,0.65,5.80,0.12,37.35,6.14,C2'-exo
314,311,0.80,G,G,G,0,0,1,0,0,.,,0,,,4.77,1.47,2.21,2.53,3.12,2.02,1.10,2.91,..,anti,.,-0.09,1.99,0.31,4.19,4.51,0.31,4.88,0.72,5.96,0.61,5.64,0.47,6.19,37.47,2.96,C2'-endo
315,312,0.80,C,C,C,0,1,0,0,0,.,311,1,cWS,cW-m,5.04,2.51,0.77,1.30,0.40,2.69,3.99,4.03,..,anti,.,1.72,3.63,3.41,3.93,3.57,3.61,3.39,4.34,0.09,5.76,0.73,5.59,0.38,42.96,0.20,C3'-endo
316,313,0.81,A,A,A,1,0,0,0,0,.,309,1,cHW,cM+W,5.88,4.81,3.98,1.50,4.47,5.21,5.54,6.02,..,syn,.,-4.64,4.64,3.09,3.36,3.06,3.74,3.82,3.67,0.04,5.88,0.58,5.71,0.34,34.45,0.26,C3'-endo
317,314,0.81,G,G,G,0,0,1,0,0,),"308,0",2,"cWW,.HH","cW-W,.M+M",4.98,2.28,1.50,1.32,4.22,4.69,5.81,3.27,..,anti,A,4.46,4.64,2.64,3.72,3.31,3.64,3.62,3.99,0.03,5.82,0.69,5.60,0.41,41.08,0.28,C3'-endo
318,315,0.81,G,G,G,0,0,1,0,0,),307,1,cWW,cW-W,5.50,2.90,0.63,1.39,3.67,5.31,4.65,3.27,BI,anti,.,4.62,4.64,2.76,3.93,2.94,3.90,3.61,4.33,0.03,5.81,0.71,5.57,0.43,42.33,0.28,C3'-endo
319,316,0.81,G,G,G,0,0,1,0,0,),306,1,cWW,cW-W,4.10,2.74,2.18,1.33,4.15,4.95,5.48,3.01,..,anti,.,4.68,4.68,2.96,3.74,3.25,3.83,4.00,4.89,0.03,5.82,0.71,5.58,0.43,42.16,0.29,C3'-endo
320,317,0.82,G,G,G,0,0,1,0,0,.,"305,0",2,"tSH,.HH","tm-M,.M+M",5.51,2.79,0.83,1.49,3.35,4.03,5.60,3.45,BI,anti,.,4.46,4.49,2.77,3.09,3.24,2.81,4.70,2.62,0.12,5.79,0.66,5.68,0.31,38.11,0.15,C3'-endo
321,318,0.82,A,A,A,1,0,0,0,0,.,"10,304",2,"cSS,tHW","cm-m,tM-W",1.50,3.42,4.78,1.71,3.65,4.78,5.16,3.64,BI,anti,.,3.88,4.24,3.56,2.96,3.18,3.28,2.75,4.17,0.01,5.95,0.51,5.76,0.32,30.49,0.31,C3'-endo
322,319,0.82,A,A,A,1,0,0,0,0,.,"269,302",2,"tSS,tHH","tm+m,tM+M",5.25,2.83,1.06,1.62,4.29,4.23,0.06,4.02,..,anti,.,2.36,4.26,3.22,3.70,3.43,3.90,4.20,4.60,6.28,5.93,0.56,5.71,0.36,33.64,0.33,C3'-endo
323,320,0.82,G,G,G,0,0,1,0,0,),"270,301",2,"tSS,cWW","tm+m,cW-W",5.73,2.79,0.56,1.93,3.78,4.97,5.09,4.97,BI,anti,.,-0.81,4.29,3.21,4.26,3.43,4.17,4.00,4.41,0.34,5.80,0.44,6.03,6.23,27.58,5.84,C2'-exo
324,321,0.83,G,G,G,0,0,1,0,0,),299,1,cWW,cW-W,5.01,2.66,1.33,1.35,3.89,4.86,5.31,3.45,BI,anti,A,4.18,4.49,2.91,3.66,3.28,3.62,3.58,4.06,6.24,5.89,0.65,5.59,0.46,40.14,0.38,C3'-endo
325,322,0.83,A,A,A,1,0,0,0,0,),298,1,cWW,cW-W,5.06,2.84,1.16,1.47,3.53,5.15,4.66,3.26,BI,anti,A,4.55,4.49,2.84,3.82,3.10,3.75,3.85,4.06,6.14,6.03,0.52,5.67,0.48,35.12,0.54,C3'-endo
326,323,0.83,C,C,C,0,1,0,0,0,),"297,298",2,"cWW,cWW","cW-W,cW-W",4.71,3.10,1.39,1.44,3.99,5.01,5.27,3.45,BI,anti,.,4.19,4.42,3.05,3.99,3.28,4.12,3.84,5.13,6.06,6.04,0.58,5.56,0.60,41.30,0.63,C4'-exo
327,324,0.83,G,G,G,0,0,1,0,0,.,296,1,tSH,tm-M,5.16,2.79,1.13,1.45,4.54,4.03,0.50,3.66,..,anti,.,3.63,4.77,3.03,3.70,3.47,3.84,4.71,4.52,0.15,5.72,0.74,5.62,0.32,42.75,0.12,C3'-endo
328,325,0.84,G,G,G,0,0,1,0,0,.,295,1,tSH,tm-M,5.61,1.98,1.16,1.62,2.80,4.53,4.56,3.98,BI,anti,.,3.36,3.81,2.70,3.15,3.39,2.70,4.27,2.79,6.24,5.98,0.50,5.75,0.37,30.96,0.40,C3'-endo
329,326,0.84,A,A,A,1,0,0,0,0,.,294,1,tHS,tM-m,4.99,3.50,0.92,1.47,3.74,6.20,3.83,3.35,..,anti,.,4.67,4.74,3.22,4.61,2.97,4.42,2.99,5.15,0.14,5.76,0.69,5.65,0.31,39.89,0.13,C3'-endo
330,327,0.84,A,A,A,1,0,0,0,0,.,293,1,cWS,cW-m,3.74,1.75,2.53,1.51,3.17,5.41,4.04,3.02,BI,anti,.,4.46,4.53,2.93,3.47,3.30,3.72,4.62,4.47,0.38,5.64,0.65,5.84,0.04,38.53,6.02,C2'-exo
331,328,0.84,C,C,C,0,1,0,0,0,(,357,1,cWW,cW-W,3.50,4.53,1.31,1.22,2.72,5.60,3.40,3.38,BI,anti,A,4.33,4.24,2.59,3.87,3.08,3.88,4.17,4.33,6.15,5.90,0.73,5.47,0.60,46.94,0.48,C3'-endo
332,329,0.85,A,A,A,1,0,0,0,0,(,356,1,cWW,cW-W,4.11,3.93,1.29,1.52,3.64,4.70,5.22,3.46,BI,anti,A,4.14,4.26,3.04,3.67,3.22,3.66,3.91,3.99,6.10,6.05,0.54,5.62,0.53,37.56,0.60,C3'-endo
333,330,0.85,A,A,A,1,0,0,0,0,(,355,1,cWW,cW-W,5.19,2.74,1.00,1.51,3.72,4.75,5.26,3.30,BI,anti,A,4.32,4.32,2.82,3.84,3.00,3.83,3.56,4.26,6.09,6.08,0.49,5.66,0.51,35.06,0.64,C4'-exo
334,331,0.85,G,G,G,0,0,1,0,0,(,354,1,cWW,cW-W,5.58,2.63,0.91,1.47,3.95,4.93,5.30,3.26,BI,anti,A,4.18,4.14,3.00,3.87,3.24,3.77,3.92,4.30,5.87,6.26,0.43,5.61,0.69,40.89,0.93,C4'-exo
335,332,0.85,U,U,U,0,0,0,1,0,(,353,1,cWW,cW-W,4.53,2.43,1.82,1.42,3.90,4.90,5.28,3.19,BI,anti,.,4.39,4.34,2.81,3.40,3.06,3.65,3.86,3.67,6.10,6.05,0.54,5.62,0.53,37.50,0.60,C3'-endo
336,333,0.86,A,A,A,1,0,0,0,0,.,350,1,tHW,tM-W,5.05,4.13,0.93,2.69,5.48,2.12,3.36,4.76,BII,anti,.,0.71,0.77,3.79,3.31,4.10,2.47,3.89,1.60,5.84,0.69,5.62,0.42,0.01,40.23,2.79,C2'-endo
337,334,0.86,U,U,U,0,0,0,1,0,.,353,1,cWS,cW-m,2.30,2.83,0.96,1.68,4.47,5.17,5.58,3.21,..,anti,.,4.40,4.58,1.57,4.66,1.38,4.69,0.93,4.96,0.28,5.73,0.60,5.83,0.11,34.50,6.13,C2'-exo
338,335,0.86,G,G,G,0,0,1,0,0,(,349,1,cWW,cW-W,5.13,3.82,0.89,1.68,3.65,5.39,4.55,3.35,BI,anti,.,4.16,4.27,3.26,4.18,3.64,4.09,4.07,4.49,6.25,5.95,0.56,5.69,0.40,34.33,0.38,C3'-endo
339,336,0.86,G,G,G,0,0,1,0,0,(,348,1,cWW,cW-W,3.88,2.47,2.41,1.43,3.50,5.28,4.50,3.25,BI,anti,.,4.28,4.36,2.90,3.36,3.27,3.61,3.99,3.69,6.16,5.98,0.58,5.61,0.50,38.31,0.51,C3'-endo
340,337,0.87,C,C,C,0,1,0,0,0,(,"347,348",2,"cWW,cWW","cW-W,cW-W",4.85,4.03,0.73,2.78,3.11,4.17,5.22,5.16,BI,anti,.,1.75,2.35,2.82,3.81,3.19,3.48,3.39,4.16,6.09,0.59,5.54,0.65,5.99,42.72,3.22,C3'-exo
341,338,0.87,G,G,G,0,0,1,0,0,(,346,1,cWW,cW-W,5.88,3.11,0.15,1.39,3.44,5.16,4.56,3.65,BI,anti,A,4.24,4.62,2.90,3.51,2.87,3.68,3.81,4.29,0.15,5.73,0.73,5.62,0.33,42.18,0.13,C3'-endo
342,339,0.87,U,U,U,0,0,0,1,0,.,345,1,tWW,tW+W,4.82,3.27,1.28,1.52,3.38,4.52,5.14,3.43,BI,anti,.,4.36,4.42,3.04,3.65,3.36,2.83,4.08,1.64,0.08,5.84,0.61,5.70,0.32,35.79,0.20,C3'-endo
343,340,0.88,U,U,U,0,0,0,1,0,.,,0,,,2.60,3.23,1.33,2.64,4.74,4.76,6.26,3.13,..,anti,.,0.65,0.74,1.11,0.06,1.46,5.68,1.06,5.55,6.12,0.50,5.66,0.54,6.04,35.64,3.20,C3'-exo
344,341,0.88,C,C,C,0,1,0,0,0,.,,0,,,3.67,4.38,1.62,2.33,0.04,5.71,0.61,4.30,..,anti,Z,-0.56,1.02,2.12,2.28,3.60,0.93,3.78,0.89,5.83,0.65,5.69,0.35,0.06,37.34,2.72,C2'-endo
345,342,0.88,G,G,G,0,0,1,0,0,.,342,1,tWW,tW+W,2.50,3.05,3.00,1.50,3.28,5.30,4.27,0.78,BI,syn,.,-3.56,4.08,2.44,3.92,2.13,4.29,2.23,4.42,6.02,6.14,0.48,5.64,0.57,36.87,0.74,C4'-exo
346,343,0.88,C,C,C,0,1,0,0,0,),341,1,cWW,cW-W,2.47,4.21,2.98,1.49,3.72,4.81,5.19,3.44,BI,anti,A,4.53,4.67,2.88,3.56,3.94,3.32,4.72,3.46,0.28,5.66,0.71,5.72,0.18,40.87,6.21,C2'-exo
347,344,0.89,G,G,G,0,0,1,0,0,),340,1,cWW,cW-W,4.85,2.99,1.27,1.41,3.96,4.85,5.39,3.15,BI,anti,A,4.73,4.75,2.90,3.83,3.03,3.85,3.47,4.20,0.23,5.68,0.73,5.67,0.24,41.99,0.01,C3'-endo
348,345,0.89,C,C,C,0,1,0,0,0,),"339,340",2,"cWW,cWW","cW-W,cW-W",5.07,2.72,1.40,1.42,3.69,4.84,5.13,3.44,BI,anti,.,4.44,4.56,2.92,3.68,3.25,3.61,3.96,3.90,6.26,5.90,0.63,5.63,0.43,38.38,0.36,C3'-endo
349,346,0.89,C,C,C,0,1,0,0,0,),338,1,cWW,cW-W,5.16,3.10,1.06,1.27,3.76,5.09,4.95,3.27,BI,anti,A,4.64,4.66,3.00,3.73,3.12,3.77,3.64,4.22,6.27,5.86,0.68,5.59,0.45,41.08,0.34,C3'-endo
350,347,0.89,U,U,U,0,0,0,1,0,.,336,1,tWH,tW-M,5.03,2.95,1.35,1.33,4.07,4.81,5.55,3.47,..,anti,A,4.25,4.70,3.14,3.79,3.36,3.95,4.01,4.45,6.19,5.89,0.70,5.51,0.54,44.13,0.44,C3'-endo
351,348,0.90,A,A,A,1,0,0,0,0,.,352,1,cSH,cm+M,5.33,2.87,1.20,2.15,4.17,2.90,1.27,4.12,BII,anti,.,1.56,2.04,3.38,2.56,3.75,2.25,4.28,2.30,5.85,0.55,5.84,0.21,0.14,30.78,2.56,C2'-endo
352,349,0.90,A,A,A,1,0,0,0,0,.,351,1,cHS,cM+m,5.07,2.37,0.17,1.43,3.71,5.23,4.76,3.44,BI,anti,.,4.45,4.63,2.50,4.08,2.32,4.18,2.48,5.15,6.19,5.92,0.66,5.55,0.52,42.00,0.45,C3'-endo
353,350,0.90,G,G,G,0,0,1,0,0,),"335,337",2,"cWW,cSW","cW-W,cm-W",5.03,2.99,0.97,1.35,3.74,5.09,4.93,3.67,BI,anti,A,4.14,4.69,2.74,3.90,3.19,3.92,4.53,4.64,0.16,5.70,0.76,5.60,0.33,44.03,0.11,C3'-endo
354,351,0.90,C,C,C,0,1,0,0,0,),334,1,cWW,cW-W,5.20,3.04,0.89,1.38,4.02,4.50,5.81,3.68,..,anti,A,3.90,4.80,2.86,3.79,3.13,3.88,4.14,4.25,0.13,5.70,0.79,5.55,0.38,45.87,0.16,C3'-endo
355,352,0.91,U,U,U,0,0,0,1,0,),333,1,cWW,cW-W,6.02,2.59,0.62,1.41,3.35,5.20,4.43,3.89,BI,anti,A,3.70,4.48,3.08,3.77,3.34,3.69,3.88,4.08,6.20,5.94,0.61,5.61,0.48,38.73,0.44,C3'-endo
356,353,0.91,U,U,U,0,0,0,1,0,),332,1,cWW,cW-W,4.82,3.03,1.01,1.30,3.82,4.73,5.37,3.58,BI,anti,A,4.19,4.67,2.68,3.56,2.87,3.60,3.56,3.93,0.04,5.83,0.68,5.61,0.40,40.19,0.27,C3'-endo
357,354,0.91,G,G,G,0,0,1,0,0,),331,1,cWW,cW-W,5.45,2.62,1.13,1.32,4.21,1.68,2.53,3.22,..,anti,.,4.75,4.83,3.14,1.07,3.29,1.17,3.77,1.45,0.00,5.83,0.71,5.56,0.46,42.91,0.32,C3'-endo
358,355,0.91,A,A,A,1,0,0,0,0,.,391,1,tHS,tM-m,3.32,4.19,1.11,1.25,3.39,5.18,4.49,3.86,BI,anti,.,3.78,4.68,2.65,4.15,2.73,4.25,2.59,4.94,0.06,5.80,0.70,5.61,0.39,41.27,0.24,C3'-endo
359,356,0.92,A,A,A,1,0,0,0,0,(,390,1,cWW,cW-W,3.08,3.73,2.57,1.52,4.11,5.00,5.39,3.11,..,anti,.,4.78,4.75,2.91,3.98,3.47,3.78,4.66,3.81,0.30,5.68,0.66,5.78,0.13,37.97,6.15,C2'-exo
360,357,0.92,C,C,C,0,1,0,0,0,(,389,1,cWW,cW-W,4.07,2.82,2.20,1.41,4.10,4.61,5.77,3.31,..,anti,.,4.81,4.91,2.91,3.53,3.15,3.59,3.57,4.07,0.12,5.80,0.64,5.69,0.30,36.97,0.15,C3'-endo
361,358,0.92,C,C,C,0,1,0,0,0,(,"292,388",2,"tHW,cWW","tM-W,cW-W",5.93,2.92,0.32,1.46,4.33,5.37,5.24,3.08,..,anti,.,4.72,4.70,3.23,4.14,3.38,4.03,3.96,3.50,0.09,5.80,0.67,5.64,0.35,39.30,0.20,C3'-endo
362,359,0.92,G,G,G,0,0,1,0,0,(,"291,387",2,"tHW,cWW","tM-W,cW-W",4.62,1.64,2.91,1.47,4.03,4.72,5.60,3.10,..,anti,.,4.57,4.51,3.54,2.83,3.48,3.22,3.10,4.27,6.17,5.94,0.63,5.57,0.52,40.75,0.47,C3'-endo
363,360,0.93,C,C,C,0,1,0,0,0,(,"380,386",2,"cHS,cWW","cM+m,cW-W",5.82,2.73,0.33,1.55,3.63,4.89,5.02,3.41,BI,anti,A,4.46,4.53,2.79,3.67,3.15,3.71,4.39,4.16,0.09,5.80,0.67,5.65,0.35,39.08,0.20,C3'-endo
364,361,0.93,C,C,C,0,1,0,0,0,(,"146,385",2,"cSW,cWW","cm-W,cW-W",5.15,3.03,0.84,1.65,3.89,4.53,5.64,3.61,BI,anti,.,4.03,4.43,2.97,3.59,3.17,3.62,3.80,3.88,0.03,5.89,0.59,5.69,0.36,35.44,0.28,C3'-endo
365,362,0.93,G,G,G,0,0,1,0,0,(,384,1,cWW,cW-W,5.30,2.66,1.00,1.53,4.05,4.66,5.67,3.27,..,anti,A,4.29,4.39,3.05,3.77,3.19,3.76,3.58,4.18,6.27,5.90,0.62,5.64,0.42,37.63,0.35,C3'-endo
366,363,0.93,U,U,U,0,0,0,1,0,(,383,1,cWW,cW-W,5.21,2.82,0.79,1.51,3.61,5.02,4.87,3.57,BI,anti,A,4.29,4.51,2.67,3.85,2.94,3.83,3.64,4.41,0.02,5.86,0.63,5.65,0.39,37.76,0.29,C3'-endo
367,364,0.94,A,A,A,1,0,0,0,0,(,382,1,cWW,cW-W,4.74,3.14,1.24,1.46,3.85,4.63,5.50,3.34,BI,anti,A,4.61,4.67,2.88,3.91,3.11,3.96,3.95,4.50,6.27,5.90,0.61,5.65,0.41,37.30,0.35,C3'-endo
368,365,0.94,U,U,U,0,0,0,1,0,(,381,1,cWW,cW-W,6.13,2.45,0.48,1.37,3.51,4.81,4.98,3.83,BI,anti,.,3.70,4.42,2.89,3.53,3.23,3.44,4.05,3.37,6.13,5.96,0.64,5.54,0.56,42.45,0.52,C3'-endo
369,366,0.94,A,A,A,1,0,0,0,0,(,378,1,cWW,cW-W,5.30,2.90,0.86,1.27,3.46,4.62,5.12,3.27,BI,anti,.,4.46,4.29,2.82,3.76,2.87,3.64,2.98,3.81,5.85,6.23,0.48,5.55,0.74,44.28,0.90,C4'-exo
370,367,0.94,C,C,C,0,1,0,0,0,(,377,1,cWW,cW-W,2.60,3.85,3.32,1.29,4.12,4.81,5.60,3.05,..,anti,A,4.62,4.54,3.10,3.16,3.21,3.23,3.57,3.54,5.99,6.07,0.60,5.50,0.68,45.07,0.70,C4'-exo
371,368,0.95,C,C,C,0,1,0,0,0,(,376,1,cWW,cW-W,4.81,2.44,1.59,1.17,4.30,5.58,5.00,3.01,..,anti,.,4.49,4.56,2.81,4.87,3.00,4.05,3.45,2.76,5.96,6.07,0.63,5.45,0.72,47.69,0.70,C4'-exo
372,369,0.95,G,G,G,0,0,1,0,0,.,375,1,tSW,tm+W,3.01,2.81,1.05,1.92,4.78,2.95,1.83,3.58,BII,anti,.,2.48,2.75,0.83,2.83,1.43,2.52,0.65,2.19,6.01,0.19,6.25,6.16,0.25,15.67,1.70,O4'-endo
373,370,0.95,A,A,A,1,0,0,0,0,.,,0,,,2.65,3.03,1.29,1.35,4.02,4.85,5.46,3.14,BI,anti,.,4.67,4.67,1.74,4.01,1.69,4.09,1.74,5.09,6.20,5.93,0.64,5.59,0.49,40.27,0.44,C3'-endo
374,371,0.95,A,A,A,1,0,0,0,0,.,,0,,,5.79,2.59,0.58,1.44,3.71,5.30,4.69,3.36,BI,anti,A,4.57,4.64,2.84,4.15,3.26,4.13,4.66,4.89,0.08,5.82,0.63,5.68,0.33,37.04,0.20,C3'-endo
375,372,0.96,C,C,C,0,1,0,0,0,.,372,1,tWS,tW+m,4.49,3.10,1.36,1.34,4.16,4.91,5.54,3.32,..,anti,.,4.44,4.70,2.77,3.97,3.11,4.09,4.23,5.13,0.00,5.87,0.66,5.61,0.42,39.68,0.32,C3'-endo
376,373,0.96,G,G,G,0,0,1,0,0,),371,1,cWW,cW-W,5.46,2.85,0.83,1.63,3.75,4.77,5.27,3.52,BI,anti,A,4.36,4.64,2.89,4.25,3.30,3.99,4.66,4.16,0.28,5.65,0.71,5.72,0.18,41.08,6.20,C2'-exo
377,374,0.96,G,G,G,0,0,1,0,0,),"109,370",2,"tSS,cWW","tm+m,cW-W",1.96,3.35,3.77,1.63,3.58,5.31,4.55,3.26,BI,anti,.,4.64,4.64,2.92,3.30,3.14,3.49,3.87,3.63,0.46,5.53,0.76,5.79,0.02,45.31,5.99,C2'-exo
378,375,0.96,U,U,U,0,0,0,1,0,),369,1,cWW,cW-W,4.81,3.39,1.21,1.47,3.71,1.16,2.55,3.53,..,anti,.,4.21,4.42,3.14,0.48,3.40,5.56,3.58,3.80,6.14,5.98,0.60,5.59,0.53,39.57,0.53,C3'-endo
379,376,0.97,A,A,A,1,0,0,0,0,.,,0,,,1.36,2.20,0.97,2.41,4.43,4.72,5.99,4.89,..,anti,.,0.76,1.09,5.39,5.65,0.74,4.43,2.04,4.47,5.81,0.71,5.63,0.40,0.04,40.63,2.75,C2'-endo
380,377,0.97,C,C,C,0,1,0,0,0,.,363,1,cSH,cm+M,1.39,2.76,2.85,1.37,3.68,1.11,2.56,3.16,..,anti,.,4.68,4.63,0.60,5.85,1.36,5.13,1.96,3.94,0.03,5.82,0.70,5.59,0.41,41.46,0.28,C3'-endo
381,378,0.97,G,G,G,0,0,1,0,0,),"263,368",2,"tSH,cWW","tm-M,cW-W",1.70,2.66,6.26,1.49,3.57,5.38,4.47,3.49,BI,anti,A,4.50,4.69,5.14,3.98,6.11,4.07,1.02,4.72,0.30,5.63,0.73,5.71,0.17,42.27,6.19,C2'-exo
382,379,0.97,U,U,U,0,0,0,1,0,),367,1,cWW,cW-W,4.54,3.40,1.17,1.49,3.73,4.83,5.19,3.56,BI,anti,A,4.33,4.64,2.80,3.74,3.16,3.78,4.07,4.34,0.03,5.86,0.62,5.65,0.38,37.26,0.28,C3'-endo
383,380,0.98,A,A,A,1,0,0,0,0,),366,1,cWW,cW-W,5.44,3.07,0.59,1.55,3.78,4.81,5.26,3.62,BI,anti,A,4.23,4.68,2.90,3.75,3.08,3.77,3.84,4.23,0.13,5.82,0.59,5.75,0.25,34.13,0.11,C3'-endo
384,381,0.98,C,C,C,0,1,0,0,0,),365,1,cWW,cW-W,5.66,3.08,0.33,1.47,3.44,4.91,4.82,3.88,BI,anti,A,3.69,4.60,2.76,3.87,2.95,3.87,3.69,4.19,0.30,5.62,0.75,5.68,0.19,43.26,6.21,C2'-exo
385,382,0.98,G,G,G,0,0,1,0,0,),364,1,cWW,cW-W,2.99,3.60,2.84,1.36,4.26,4.82,5.72,3.01,..,anti,A,4.89,4.88,2.95,3.71,3.28,3.71,3.97,4.17,0.34,5.60,0.77,5.70,0.16,44.29,6.16,C2'-exo
386,383,0.98,G,G,G,0,0,1,0,0,),"291,363",2,"cHW,cWW","cM+W,cW-W",5.49,2.96,0.72,1.32,3.83,4.75,5.36,3.17,BI,anti,A,4.84,4.80,2.88,3.67,3.09,3.78,3.84,4.31,0.04,5.78,0.76,5.53,0.45,45.43,0.28,C3'-endo
387,384,0.99,U,U,U,0,0,0,1,0,),362,1,cWW,cW-W,5.68,2.73,0.72,1.34,3.19,4.71,4.76,3.29,BI,anti,.,4.36,4.32,2.94,3.55,3.27,3.37,4.10,3.04,0.03,5.80,0.73,5.55,0.44,43.90,0.29,C3'-endo
388,385,0.99,G,G,G,0,0,1,0,0,),361,1,cWW,cW-W,3.25,3.36,2.68,1.49,3.87,4.97,5.19,3.21,BI,anti,A,4.65,4.67,2.90,3.51,2.91,3.54,2.76,4.10,0.15,5.74,0.72,5.63,0.32,41.42,0.12,C3'-endo
389,386,0.99,G,G,G,0,0,1,0,0,),360,1,cWW,cW-W,5.00,2.78,1.37,1.45,3.97,4.38,5.87,3.21,..,anti,A,4.72,4.72,3.04,3.70,3.36,3.70,4.20,4.03,0.05,5.85,0.63,5.66,0.37,37.55,0.25,C3'-endo
390,387,0.99,U,U,U,0,0,0,1,0,),359,1,cWW,cW-W,6.13,2.50,0.35,1.42,3.32,5.46,4.14,3.16,BI,anti,.,4.44,4.45,2.93,3.99,3.14,4.16,3.75,5.00,6.24,5.91,0.63,5.62,0.45,38.75,0.39,C3'-endo
391,388,1.00,G,G,G,0,0,1,0,0,.,358,1,tSH,tm-M,4.67,3.70,1.22,2.41,3.66,2.87,0.79,4.25,..,anti,.,2.34,2.49,3.16,3.14,3.69,3.01,4.66,3.12,6.06,0.45,5.79,0.38,6.19,28.37,3.01,C2'-endo
392,389,1.00,U,U,U,0,0,0,1,0,.,,0,,,0.04,1.96,0.43,1.69,,,,3.94,n/a,anti,-,,,,,,,,,5.79,0.30,6.27,6.01,0.48,28.76,1.59,O4'-endo
