index_chain,old_nt_resnum,nt_position,nt_name,nt_code,nt_align_code,is_A,is_C,is_G,is_U,is_other,dbn,paired,nb_interact,pair_type_LW,pair_type_DSSR,alpha,beta,gamma,delta,epsilon,zeta,epsilon_zeta,chi,bb_type,glyco_bond,form,ssZp,Dp,eta,theta,eta_prime,theta_prime,eta_base,theta_base,v0,v1,v2,v3,v4,amplitude,phase_angle,puckering
1,1,0.00,G,G,G,0,0,1,0,0,.,,0,,,,3.75,1.09,2.50,4.27,1.59,2.67,3.93,..,anti,.,1.37,1.37,,1.45,,1.12,,1.50,6.06,0.54,5.64,0.53,6.09,36.59,3.12,C2'-endo
2,2,0.01,U,U,U,0,0,0,1,0,.,,0,,,3.71,2.39,3.25,1.65,4.55,4.48,0.07,4.73,..,anti,.,0.04,3.17,4.37,3.93,4.21,3.78,3.94,2.67,5.75,0.13,0.28,5.69,0.71,39.96,1.15,C4'-exo
3,3,0.01,G,G,G,0,0,1,0,0,[,261,1,cWW,cW-W,1.50,2.65,0.68,1.61,3.74,5.25,4.77,3.04,BI,anti,.,4.65,4.62,4.62,4.28,5.40,4.33,0.48,5.23,0.13,5.78,0.67,5.67,0.30,38.62,0.13,C3'-endo
4,4,0.01,U,U,U,0,0,0,1,0,<,107,1,cWW,cW-W,5.42,3.16,0.61,1.72,3.45,5.25,4.49,3.84,BI,anti,B,3.40,4.13,3.03,4.09,3.55,4.23,4.85,4.98,0.19,5.79,0.58,5.80,0.19,33.34,6.27,C2'-exo
5,5,0.01,G,G,G,0,0,1,0,0,.,260,1,cSW,cm-W,4.68,3.28,1.16,2.49,5.37,4.44,0.93,4.39,..,anti,.,0.80,0.67,3.30,5.86,3.99,5.39,4.73,6.25,5.87,0.70,5.58,0.47,6.24,41.87,2.87,C2'-endo
6,6,0.02,C,C,C,0,1,0,0,0,(,266,1,cWW,cW-W,5.97,3.04,0.51,1.53,3.67,4.81,5.14,3.31,BI,anti,A,4.75,4.63,2.96,3.74,3.68,3.85,3.54,4.34,0.11,5.78,0.69,5.64,0.34,40.09,0.18,C3'-endo
7,7,0.02,C,C,C,0,1,0,0,0,(,265,1,cWW,cW-W,5.50,2.97,0.61,1.44,3.37,5.11,4.54,3.42,BI,anti,A,4.58,4.56,2.96,3.70,3.16,3.72,3.84,4.06,0.03,5.81,0.71,5.58,0.43,42.45,0.28,C3'-endo
8,8,0.02,C,C,C,0,1,0,0,0,(,264,1,cWW,cW-W,4.71,3.20,1.16,1.42,3.83,4.77,5.34,3.30,BI,anti,A,4.49,4.59,2.87,3.75,3.07,3.77,3.67,4.20,6.20,5.91,0.67,5.55,0.50,42.35,0.42,C3'-endo
9,9,0.02,G,G,G,0,0,1,0,0,(,263,1,cWW,cW-W,5.42,2.65,1.03,1.30,3.71,4.94,5.06,3.15,BI,anti,A,4.66,4.67,2.87,3.73,3.12,3.76,3.89,4.28,6.22,5.84,0.76,5.47,0.55,47.23,0.40,C3'-endo
10,10,0.03,G,G,G,0,0,1,0,0,(,262,1,cWW,cW-W,5.23,2.95,1.17,1.31,3.91,4.90,5.30,3.48,BI,anti,A,4.13,4.59,3.20,3.72,3.35,3.74,4.04,4.26,6.21,5.90,0.67,5.56,0.51,42.20,0.42,C3'-endo
11,11,0.03,C,C,C,0,1,0,0,0,{,108,1,cWW,cW-W,5.37,2.74,0.88,1.42,3.92,4.90,5.30,3.63,BI,anti,.,4.11,4.69,2.88,3.63,3.10,3.63,3.84,3.56,0.00,5.85,0.67,5.60,0.43,40.34,0.32,C3'-endo
12,12,0.03,A,A,A,1,0,0,0,0,.,258,1,tHW,tM-W,4.42,2.28,2.86,2.59,3.75,4.01,6.02,3.77,..,anti,.,1.85,1.85,4.44,3.20,4.25,2.65,4.02,1.87,5.83,0.70,5.61,0.43,0.01,41.03,2.81,C2'-endo
13,13,0.03,U,U,U,0,0,0,1,0,.,,0,,,1.83,3.57,1.63,2.68,4.85,4.78,0.07,4.04,..,anti,.,0.21,0.30,0.90,5.46,1.48,4.80,0.89,5.39,5.92,0.64,5.62,0.47,6.22,38.98,2.91,C2'-endo
14,14,0.04,G,G,G,0,0,1,0,0,(,257,1,cWW,cW-W,4.68,3.12,0.94,1.34,3.64,5.09,4.83,3.31,BI,anti,A,4.70,4.79,2.24,3.72,3.04,3.79,3.56,4.07,0.14,5.67,0.83,5.52,0.40,48.01,0.16,C3'-endo
15,15,0.04,G,G,G,0,0,1,0,0,(,256,1,cWW,cW-W,5.18,3.08,0.98,1.25,3.81,4.63,5.46,3.31,BI,anti,.,4.57,4.66,2.98,3.93,3.23,3.76,3.75,4.11,6.06,6.03,0.60,5.55,0.59,42.08,0.61,C3'-endo
16,16,0.04,G,G,G,0,0,1,0,0,(,255,1,cWW,cW-W,1.64,3.56,4.23,1.63,3.92,5.25,4.95,3.36,BI,anti,A,4.66,4.76,3.05,3.49,3.12,3.64,3.77,4.52,0.36,5.71,0.57,5.90,0.02,34.33,5.99,C2'-exo
17,17,0.04,U,U,U,0,0,0,1,0,(,254,1,cWW,cW-W,4.90,2.86,1.18,1.43,4.01,4.63,5.67,3.21,BI,anti,A,4.88,4.88,2.78,3.64,3.18,3.67,4.32,3.97,0.18,5.71,0.74,5.63,0.30,42.31,0.09,C3'-endo
18,18,0.05,G,G,G,0,0,1,0,0,(,253,1,cWW,cW-W,5.46,2.81,0.75,1.41,3.70,4.96,5.02,3.46,BI,anti,A,4.49,4.71,2.95,3.74,3.17,3.74,3.73,4.24,0.13,5.75,0.72,5.62,0.34,41.94,0.15,C3'-endo
19,19,0.05,C,C,C,0,1,0,0,0,(,252,1,cWW,cW-W,5.37,3.07,0.63,1.37,3.54,5.12,4.70,3.54,BI,anti,A,4.44,4.72,2.89,3.65,3.08,3.70,3.85,4.05,0.16,5.71,0.75,5.61,0.32,43.19,0.11,C3'-endo
20,20,0.05,A,A,A,1,0,0,0,0,(,251,1,cWW,cW-W,5.08,2.99,1.02,1.45,3.77,4.60,5.45,3.37,BI,anti,A,4.57,4.65,2.91,3.67,3.15,3.70,3.76,4.09,0.10,5.78,0.69,5.63,0.35,40.36,0.19,C3'-endo
21,21,0.05,G,G,G,0,0,1,0,0,(,250,1,cWW,cW-W,5.80,2.53,0.81,1.27,3.75,4.92,5.11,3.42,BI,anti,A,4.50,4.68,2.97,3.71,3.20,3.72,3.86,4.11,0.09,5.76,0.74,5.58,0.39,43.61,0.21,C3'-endo
22,22,0.06,U,U,U,0,0,0,1,0,(,249,1,cWW,cW-W,5.20,2.90,1.13,1.44,3.68,5.03,4.94,3.40,BI,anti,A,4.62,4.67,2.94,3.88,3.19,3.82,3.87,4.20,6.27,5.87,0.67,5.59,0.45,40.60,0.35,C3'-endo
23,23,0.06,C,C,C,0,1,0,0,0,(,248,1,cWW,cW-W,5.14,2.89,1.20,1.34,3.48,5.03,4.74,3.25,BI,anti,A,4.53,4.43,3.01,3.62,3.31,3.61,4.06,3.90,6.10,5.98,0.65,5.51,0.61,44.17,0.56,C3'-endo
24,24,0.06,U,U,U,0,0,0,1,0,(,"121,247",2,"t.H,cWW","t.-M,cW-W",4.32,3.30,1.58,1.59,4.16,3.55,0.61,3.46,BII,anti,.,3.71,4.19,3.10,2.47,3.23,2.80,3.66,2.65,6.18,5.95,0.61,5.60,0.49,39.36,0.46,C3'-endo
25,25,0.06,A,A,A,1,0,0,0,0,.,,0,,,4.62,2.80,1.41,2.61,3.83,1.97,1.86,4.31,..,anti,.,1.54,1.73,3.23,2.02,3.47,1.10,3.02,4.34,5.87,0.65,5.66,0.40,0.01,37.93,2.80,C2'-endo
26,26,0.07,U,U,U,0,0,0,1,0,.,42,1,tWH,tW-M,0.23,3.51,1.01,1.53,3.43,5.35,4.36,3.37,BI,anti,A,4.41,4.45,5.29,4.07,5.37,4.06,2.33,4.43,0.12,5.82,0.61,5.73,0.27,35.02,0.13,C3'-endo
27,27,0.07,A,A,A,1,0,0,0,0,.,41,1,tHS,tM-m,4.85,3.26,0.98,1.44,3.78,5.51,4.55,3.53,BI,anti,.,4.06,4.45,2.86,4.20,3.16,4.30,3.85,5.13,6.18,5.94,0.64,5.58,0.50,40.91,0.46,C3'-endo
28,28,0.07,G,G,G,0,0,1,0,0,(,40,1,cWW,cW-W,4.51,2.70,1.70,1.44,4.08,4.83,5.53,3.16,..,anti,.,4.73,4.77,2.81,3.72,3.38,3.67,4.68,3.79,0.19,5.71,0.73,5.65,0.28,41.66,0.07,C3'-endo
29,29,0.07,G,G,G,0,0,1,0,0,(,39,1,cWW,cW-W,5.13,2.71,1.42,1.14,3.94,4.94,5.29,3.07,BI,anti,.,4.85,4.79,2.94,3.67,3.19,3.69,3.66,4.22,6.12,5.93,0.71,5.47,0.62,46.87,0.52,C3'-endo
30,30,0.08,G,G,G,0,0,1,0,0,(,38,1,cWW,cW-W,5.10,2.79,1.51,1.42,3.97,4.79,5.46,3.22,BI,anti,A,4.51,4.59,3.14,3.73,3.39,3.71,4.19,4.22,6.20,5.96,0.58,5.64,0.45,36.64,0.45,C3'-endo
31,31,0.08,U,U,U,0,0,0,1,0,.,35,1,tWH,tW-M,5.26,3.10,0.86,1.52,4.25,4.52,6.02,3.52,..,anti,.,4.14,4.70,3.02,4.07,3.19,4.17,3.90,5.05,0.06,5.83,0.65,5.64,0.37,38.57,0.24,C3'-endo
32,32,0.08,G,G,G,0,0,1,0,0,.,245,1,tSW,tm+W,5.96,2.33,0.60,1.48,3.70,4.74,5.25,3.58,BI,anti,.,4.41,4.71,2.74,4.22,3.16,3.42,4.37,2.35,6.27,5.85,0.70,5.56,0.47,42.43,0.34,C3'-endo
33,33,0.08,A,A,A,1,0,0,0,0,.,,0,,,2.58,3.11,1.22,1.55,4.02,4.86,5.45,3.38,BI,anti,.,4.46,4.59,0.56,3.99,0.94,4.06,0.48,4.94,6.23,5.94,0.58,5.66,0.43,36.43,0.41,C3'-endo
34,34,0.09,G,G,G,0,0,1,0,0,.,,0,,,5.42,2.91,0.82,1.60,3.66,5.24,4.71,3.79,BI,anti,.,3.77,4.41,2.95,4.12,3.34,4.19,4.50,4.23,0.08,5.84,0.62,5.69,0.32,36.18,0.20,C3'-endo
35,35,0.09,A,A,A,1,0,0,0,0,.,31,1,tHW,tM-W,4.93,3.74,1.15,2.20,4.54,2.99,1.55,4.73,BII,anti,.,1.60,1.64,3.64,3.37,3.90,2.68,3.92,1.94,5.59,0.76,5.75,0.15,0.34,43.13,2.35,C1'-exo
36,36,0.09,G,G,G,0,0,1,0,0,.,,0,,,1.48,3.83,1.22,1.72,3.72,5.01,4.99,3.22,BI,anti,A,4.06,4.34,0.74,4.14,0.82,4.21,0.89,4.50,0.05,5.90,0.55,5.75,0.31,32.29,0.24,C3'-endo
37,37,0.10,U,U,U,0,0,0,1,0,.,,0,,,4.71,3.11,1.52,2.39,4.33,5.12,5.49,3.99,..,anti,.,1.31,1.54,3.32,5.31,3.78,4.92,4.25,5.52,5.69,0.78,5.61,0.34,0.16,44.39,2.62,C2'-endo
38,38,0.10,C,C,C,0,1,0,0,0,),30,1,cWW,cW-W,4.44,3.72,0.78,1.50,3.18,5.16,4.30,3.18,BI,anti,A,4.50,4.42,2.13,3.59,2.91,3.69,3.65,4.02,0.07,5.77,0.75,5.57,0.41,43.91,0.23,C3'-endo
39,39,0.10,C,C,C,0,1,0,0,0,),29,1,cWW,cW-W,4.48,3.44,1.33,1.41,3.52,4.79,5.02,3.34,BI,anti,A,4.29,4.38,3.01,3.96,3.19,3.88,3.66,4.26,6.26,5.90,0.62,5.63,0.43,38.23,0.36,C3'-endo
40,40,0.10,C,C,C,0,1,0,0,0,),28,1,cWW,cW-W,1.35,3.09,4.91,1.97,3.70,5.25,4.73,3.57,BI,anti,.,4.13,4.42,3.10,3.80,3.30,3.97,3.97,4.99,0.41,5.73,0.48,6.02,6.20,31.30,5.80,C2'-exo
41,41,0.11,G,G,G,0,0,1,0,0,.,27,1,tSH,tm-M,4.86,3.29,1.09,1.37,3.65,4.45,5.48,3.63,BI,anti,.,4.16,4.64,2.78,2.84,3.27,2.69,4.56,2.59,0.08,5.79,0.70,5.62,0.36,41.03,0.21,C3'-endo
42,42,0.11,A,A,A,1,0,0,0,0,.,26,1,tHW,tM-W,4.52,2.16,2.32,1.25,4.48,5.36,5.40,3.01,..,anti,.,4.67,4.81,3.39,3.98,3.10,4.18,2.80,5.23,6.23,5.84,0.73,5.50,0.52,45.34,0.38,C3'-endo
43,43,0.11,A,A,A,1,0,0,0,0,(,65,1,cWW,cW-W,5.07,2.86,1.14,1.45,3.78,5.00,5.07,3.37,BI,anti,A,4.39,4.60,2.68,3.78,3.36,3.74,4.88,4.28,6.25,5.85,0.72,5.53,0.50,44.13,0.37,C3'-endo
44,44,0.11,C,C,C,0,1,0,0,0,(,64,1,cWW,cW-W,4.89,2.86,1.12,1.39,3.99,4.91,5.36,3.28,BI,anti,A,4.80,4.82,2.90,3.83,3.11,3.80,3.90,4.32,6.22,5.91,0.64,5.58,0.48,40.24,0.41,C3'-endo
45,45,0.12,U,U,U,0,0,0,1,0,(,63,1,cWW,cW-W,5.21,2.90,0.70,1.46,3.71,4.89,5.10,3.31,BI,anti,A,4.75,4.72,2.75,3.63,3.01,3.68,3.89,4.13,6.28,5.84,0.71,5.56,0.46,42.72,0.33,C3'-endo
46,46,0.12,G,G,G,0,0,1,0,0,(,62,1,cWW,cW-W,4.92,2.84,1.23,1.42,3.96,4.67,5.57,3.21,BI,anti,A,4.69,4.70,2.94,3.71,3.17,3.75,3.86,4.25,0.02,5.82,0.71,5.57,0.44,42.64,0.29,C3'-endo
47,47,0.12,U,U,U,0,0,0,1,0,(,61,1,cWW,cW-W,5.65,2.95,0.62,1.53,3.37,5.51,4.14,3.47,BI,anti,.,4.75,4.55,3.02,4.23,3.25,4.25,4.01,5.13,6.24,5.95,0.56,5.68,0.41,35.01,0.40,C3'-endo
48,48,0.12,G,G,G,0,0,1,0,0,.,60,1,tSH,tm-M,4.52,3.31,1.21,1.26,3.27,4.69,4.86,3.70,BI,anti,.,3.99,4.47,2.77,2.81,3.28,2.56,4.59,2.39,6.20,5.86,0.75,5.47,0.57,47.40,0.42,C3'-endo
49,49,0.13,A,A,A,1,0,0,0,0,.,59,1,tHW,tM-W,4.62,1.76,2.28,1.49,4.13,4.20,6.21,3.03,..,anti,.,4.45,4.50,3.24,2.48,2.94,2.50,2.66,2.01,6.27,5.88,0.63,5.63,0.42,38.47,0.34,C3'-endo
50,50,0.13,A,A,A,1,0,0,0,0,.,198,1,cHW,cM+W,0.00,4.29,4.70,2.73,3.91,3.42,0.48,4.47,..,anti,.,0.58,0.99,3.63,1.97,3.14,2.18,2.30,1.92,6.08,0.53,5.65,0.53,6.07,36.00,3.15,C3'-exo
51,51,0.13,G,G,G,0,0,1,0,0,[,205,1,cWW,cW-W,6.13,3.45,1.49,1.57,3.95,4.86,5.37,3.00,BI,anti,A,4.65,4.55,5.32,3.83,5.21,3.86,5.78,4.15,0.16,5.75,0.70,5.66,0.29,40.12,0.10,C3'-endo
52,52,0.13,G,G,G,0,0,1,0,0,[,204,1,cWW,cW-W,5.07,3.43,0.97,1.53,3.72,4.97,5.04,3.35,BI,anti,A,4.48,4.60,3.05,3.79,3.22,3.84,3.76,4.36,0.12,5.75,0.73,5.60,0.36,42.41,0.17,C3'-endo
53,53,0.14,C,C,C,0,1,0,0,0,[,203,1,cWW,cW-W,4.92,3.15,1.08,1.47,3.74,4.91,5.11,3.53,BI,anti,A,4.28,4.60,2.90,3.72,3.15,3.74,3.91,4.24,0.03,5.83,0.69,5.59,0.42,41.50,0.29,C3'-endo
54,54,0.14,A,A,A,1,0,0,0,0,[,202,1,cWW,cW-W,5.15,2.96,0.95,1.30,3.56,4.82,5.02,3.40,BI,anti,A,4.44,4.57,2.82,3.81,3.05,3.73,3.83,3.95,0.01,5.86,0.66,5.62,0.41,39.35,0.30,C3'-endo
55,55,0.14,G,G,G,0,0,1,0,0,[,201,1,cWW,cW-W,3.18,3.52,2.76,1.39,4.39,4.82,5.85,3.08,..,anti,A,4.79,4.81,2.97,3.63,3.13,3.65,3.61,4.10,0.07,5.80,0.69,5.61,0.38,40.79,0.23,C3'-endo
56,56,0.14,A,A,A,1,0,0,0,0,[,200,1,cWW,cW-W,5.21,3.01,1.07,1.52,3.66,4.80,5.15,3.32,BI,anti,.,4.57,4.50,2.99,4.04,3.25,3.85,3.96,4.15,6.28,5.83,0.71,5.55,0.47,43.12,0.33,C3'-endo
57,57,0.15,A,A,A,1,0,0,0,0,[,199,1,cWW,cW-W,2.32,3.35,3.54,1.75,4.15,5.24,5.20,3.23,..,anti,.,4.15,4.26,3.32,3.77,3.42,4.26,3.97,5.48,0.22,5.75,0.62,5.77,0.19,35.69,6.25,C2'-exo
58,58,0.15,G,G,G,0,0,1,0,0,.,59,1,cSH,cm+M,5.43,2.54,1.08,2.86,3.47,2.51,0.96,4.49,..,anti,.,1.72,1.88,2.29,2.73,3.88,1.92,5.17,2.27,5.78,0.83,5.44,0.55,6.26,50.38,2.86,C2'-endo
59,59,0.15,U,U,U,0,0,0,1,0,.,"49,58",2,"tWH,cHS","tW-M,cM+m",4.80,3.00,0.80,1.75,3.73,5.06,4.95,3.34,BI,anti,A,4.30,4.38,3.08,4.07,2.91,4.05,2.93,4.34,0.19,5.81,0.57,5.81,0.19,32.38,0.00,C3'-endo
60,60,0.15,A,A,A,1,0,0,0,0,.,48,1,tHS,tM-m,5.00,3.40,0.74,1.66,3.65,5.21,4.72,3.67,BI,anti,.,3.94,4.41,2.92,4.08,3.18,4.20,3.71,5.15,0.08,5.84,0.62,5.70,0.32,36.07,0.19,C3'-endo
61,61,0.16,A,A,A,1,0,0,0,0,),47,1,cWW,cW-W,5.44,2.97,0.45,1.64,3.33,4.90,4.71,3.67,BI,anti,A,4.26,4.51,2.76,3.73,3.29,3.74,4.58,4.17,0.26,5.68,0.71,5.72,0.20,40.48,6.23,C2'-exo
62,62,0.16,C,C,C,0,1,0,0,0,),46,1,cWW,cW-W,5.76,2.77,0.49,1.57,3.56,4.84,5.00,3.43,BI,anti,A,4.61,4.63,2.97,3.75,3.22,3.76,3.92,4.07,0.09,5.81,0.64,5.67,0.33,37.42,0.19,C3'-endo
63,63,0.16,A,A,A,1,0,0,0,0,),45,1,cWW,cW-W,5.54,2.98,0.58,1.59,3.18,5.13,4.33,3.48,BI,anti,A,4.34,4.37,2.98,3.71,3.21,3.73,3.79,4.15,0.14,5.78,0.64,5.71,0.28,36.85,0.11,C3'-endo
64,64,0.16,G,G,G,0,0,1,0,0,),44,1,cWW,cW-W,5.13,2.95,0.80,1.37,3.06,5.54,3.80,3.42,BI,anti,A,4.44,4.35,2.91,4.04,3.18,3.95,3.85,4.40,6.20,5.96,0.59,5.62,0.47,37.84,0.45,C3'-endo
65,65,0.17,U,U,U,0,0,0,1,0,),43,1,cWW,cW-W,3.54,3.23,2.21,1.35,4.31,1.18,3.13,3.19,..,anti,.,4.63,4.67,3.01,6.10,3.25,5.69,3.99,5.49,6.14,6.02,0.55,5.63,0.51,37.16,0.55,C3'-endo
66,66,0.17,U,U,U,0,0,0,1,0,.,121,1,tWW,tW+W,4.27,5.00,5.30,1.42,3.54,5.00,4.82,3.28,BI,anti,A,4.39,4.40,2.14,2.43,2.55,2.81,3.29,3.21,6.26,5.96,0.54,5.73,0.37,32.91,0.36,C3'-endo
67,67,0.17,A,A,A,1,0,0,0,0,.,"120,248",2,"tHS,tSS","tM-m,tm+m",5.06,2.92,1.02,1.61,4.19,5.13,5.35,3.71,..,anti,.,3.56,4.44,3.07,4.95,3.19,4.87,3.39,5.37,6.10,6.07,0.49,5.67,0.49,34.52,0.62,C3'-endo
68,68,0.17,G,G,G,0,0,1,0,0,(,119,1,cWW,cW-W,2.15,3.73,3.63,1.39,3.68,5.04,4.93,3.28,BI,anti,.,4.54,4.65,2.86,3.03,3.44,3.21,4.49,3.46,0.09,5.78,0.71,5.62,0.36,41.33,0.20,C3'-endo
69,69,0.18,C,C,C,0,1,0,0,0,(,118,1,cWW,cW-W,5.16,2.96,1.17,1.40,3.79,4.60,5.47,3.29,BI,anti,.,4.21,4.40,3.05,4.00,3.27,3.83,3.59,4.23,5.95,6.13,0.55,5.54,0.68,43.23,0.76,C4'-exo
70,70,0.18,C,C,C,0,1,0,0,0,(,117,1,cWW,cW-W,1.99,3.64,3.79,1.55,4.11,5.08,5.31,3.25,..,anti,A,4.58,4.72,2.91,3.48,3.11,3.62,3.85,4.36,0.23,5.74,0.64,5.75,0.19,36.76,6.25,C2'-exo
71,71,0.18,U,U,U,0,0,0,1,0,.,116,1,tWH,tW-M,5.28,2.95,1.11,1.52,3.34,4.69,4.93,3.40,BI,anti,.,3.94,4.10,3.11,3.19,3.51,3.23,4.43,3.41,6.15,6.05,0.48,5.71,0.44,32.41,0.55,C3'-endo
72,72,0.19,A,A,A,1,0,0,0,0,.,115,1,tHS,tM-m,4.87,3.25,1.14,1.38,3.83,5.10,5.02,3.19,BI,anti,.,4.52,4.54,3.18,3.93,3.17,3.97,3.32,4.90,6.02,6.04,0.62,5.51,0.65,44.50,0.64,C4'-exo
73,73,0.19,A,A,A,1,0,0,0,0,.,114,1,tHS,tM-m,4.88,2.94,1.20,1.39,4.30,5.06,5.52,3.34,..,anti,.,4.46,4.76,2.92,4.19,3.22,4.29,4.42,5.11,6.23,5.89,0.67,5.57,0.48,41.51,0.39,C3'-endo
74,74,0.19,C,C,C,0,1,0,0,0,(,113,1,cWW,cW-W,5.21,2.72,1.16,1.47,3.82,4.78,5.32,3.27,BI,anti,A,4.65,4.72,2.82,3.74,3.36,3.69,4.66,4.11,6.24,5.88,0.68,5.56,0.48,41.80,0.38,C3'-endo
75,75,0.19,G,G,G,0,0,1,0,0,(,112,1,cWW,cW-W,5.47,3.11,0.51,1.24,3.10,5.63,3.76,3.39,BI,anti,A,4.66,4.67,2.92,3.70,3.09,3.78,3.82,4.30,0.12,5.71,0.79,5.55,0.39,45.72,0.18,C3'-endo
76,76,0.20,C,C,C,0,1,0,0,0,(,111,1,cWW,cW-W,4.65,3.24,1.19,1.37,3.73,5.19,4.82,3.29,BI,anti,.,4.71,4.77,3.06,4.02,3.32,4.09,4.08,5.00,0.02,5.81,0.73,5.55,0.45,43.62,0.30,C3'-endo
77,77,0.20,A,A,A,1,0,0,0,0,.,109,1,cSW,cm-W,5.35,2.86,0.77,1.48,3.33,4.27,5.35,3.54,BI,anti,.,4.35,4.51,2.89,2.89,3.36,2.89,4.68,2.86,0.18,5.72,0.71,5.65,0.29,41.00,0.08,C3'-endo
78,78,0.20,A,A,A,1,0,0,0,0,.,104,1,tHS,tM-m,5.38,2.87,0.76,1.50,3.87,5.19,4.96,3.43,BI,anti,.,4.44,4.71,3.11,4.27,2.95,4.39,2.80,5.03,0.14,5.74,0.72,5.64,0.32,41.38,0.13,C3'-endo
79,79,0.20,G,G,G,0,0,1,0,0,(,103,1,cWW,cW-W,5.55,2.55,0.94,1.38,3.58,5.02,4.84,3.26,BI,anti,A,4.53,4.58,2.84,3.82,3.45,3.77,4.64,4.31,6.23,5.84,0.75,5.49,0.53,46.34,0.39,C3'-endo
80,80,0.21,G,G,G,0,0,1,0,0,(,102,1,cWW,cW-W,5.02,3.02,1.15,1.37,3.74,4.79,5.24,3.14,BI,anti,.,4.60,4.65,3.01,3.66,3.22,3.73,4.08,3.90,6.28,5.83,0.72,5.55,0.46,43.75,0.32,C3'-endo
81,81,0.21,G,G,G,0,0,1,0,0,(,101,1,cWW,cW-W,5.44,2.82,1.13,1.31,3.57,5.26,4.60,3.31,BI,anti,A,4.04,4.21,3.14,3.92,3.38,3.86,3.71,4.49,5.99,6.07,0.61,5.51,0.67,44.80,0.68,C4'-exo
82,82,0.21,U,U,U,0,0,0,1,0,(,100,1,cWW,cW-W,4.81,3.31,1.11,1.38,0.38,3.36,3.30,3.63,..,anti,.,2.43,3.05,3.45,4.76,3.64,3.75,4.42,2.70,6.20,5.90,0.67,5.55,0.51,42.29,0.43,C3'-endo
83,83,0.21,G,G,G,0,0,1,0,0,.,,0,,,5.95,4.30,1.07,2.10,0.52,3.25,3.55,2.16,..,...,.,-1.00,1.04,5.30,6.00,0.49,5.11,1.21,5.55,5.72,0.63,5.82,0.15,0.26,35.70,2.40,C1'-exo
84,84,0.22,U,U,U,0,0,0,1,0,(,99,1,cWW,cW-W,4.56,2.82,1.15,1.27,4.37,4.52,6.13,3.28,..,anti,A,4.43,4.73,2.65,3.55,3.60,3.61,3.70,3.92,0.04,5.82,0.69,5.60,0.41,41.16,0.27,C3'-endo
85,85,0.22,C,C,C,0,1,0,0,0,(,98,1,cWW,cW-W,4.84,2.79,1.49,1.39,4.31,4.52,6.06,3.33,..,anti,A,4.38,4.70,2.99,3.61,3.13,3.61,3.58,3.91,0.08,5.77,0.74,5.57,0.40,43.42,0.22,C3'-endo
86,86,0.22,C,C,C,0,1,0,0,0,(,97,1,cWW,cW-W,5.06,2.99,1.17,1.48,3.96,4.66,5.58,3.45,BI,anti,.,4.25,4.61,2.92,3.67,3.07,3.66,3.59,3.82,0.14,5.72,0.76,5.59,0.35,44.06,0.14,C3'-endo
87,87,0.22,G,G,G,0,0,1,0,0,(,96,1,cWW,cW-W,5.27,2.99,1.10,1.29,4.08,4.65,5.72,3.22,..,anti,A,4.80,4.80,3.08,3.78,3.20,3.84,3.55,4.62,6.22,5.83,0.78,5.47,0.55,48.16,0.39,C3'-endo
88,88,0.23,U,U,U,0,0,0,1,0,(,95,1,cWW,cW-W,5.83,2.78,0.41,1.44,3.42,5.18,4.52,3.36,BI,anti,A,4.66,4.58,2.85,3.76,3.11,3.78,4.19,4.10,6.19,5.97,0.57,5.64,0.47,36.78,0.47,C3'-endo
89,89,0.23,G,G,G,0,0,1,0,0,(,94,1,cWW,cW-W,5.08,3.26,0.62,1.16,2.78,5.84,3.22,3.52,BI,anti,A,4.38,4.49,2.81,3.79,3.02,3.79,3.59,4.27,6.19,5.84,0.80,5.43,0.60,50.28,0.42,C3'-endo
90,90,0.23,G,G,G,0,0,1,0,0,.,93,1,tSH,tm-M,3.68,3.40,1.80,1.37,4.38,4.69,5.97,3.36,..,anti,.,4.17,4.63,2.93,4.27,3.14,3.54,3.80,2.69,6.22,5.84,0.77,5.47,0.55,47.53,0.39,C3'-endo
91,91,0.23,C,C,C,0,1,0,0,0,.,,0,,,2.74,3.02,1.00,1.59,3.83,5.19,4.92,3.86,BI,anti,.,3.31,4.44,0.33,4.15,0.81,4.16,0.47,5.01,6.14,5.98,0.60,5.59,0.54,39.81,0.53,C3'-endo
92,92,0.24,G,G,G,0,0,1,0,0,.,273,1,cSS,cm-m,4.61,3.18,1.37,1.50,3.78,4.83,5.23,3.95,BI,anti,.,3.13,4.48,2.94,3.61,3.40,3.61,4.49,3.78,0.18,5.77,0.63,5.74,0.23,36.15,0.04,C3'-endo
93,93,0.24,A,A,A,1,0,0,0,0,.,"90,281",2,"tHS,tWS","tM-m,tW+m",5.22,3.08,0.69,1.75,3.93,4.93,5.28,4.15,BI,anti,.,2.46,4.53,2.96,4.83,3.16,4.89,3.46,5.24,0.21,5.70,0.71,5.67,0.25,40.76,0.03,C3'-endo
94,94,0.24,C,C,C,0,1,0,0,0,),89,1,cWW,cW-W,2.12,4.16,3.34,1.55,3.97,4.82,5.43,3.06,BI,anti,A,4.93,4.81,2.97,3.43,3.74,3.46,4.67,3.89,0.35,5.66,0.66,5.81,0.08,38.53,6.08,C2'-exo
95,95,0.24,A,A,A,1,0,0,0,0,),88,1,cWW,cW-W,5.80,2.91,0.46,1.50,3.54,5.08,4.74,3.41,BI,anti,A,4.58,4.59,3.03,3.81,3.29,3.87,3.97,4.51,0.08,5.80,0.69,5.63,0.37,40.16,0.21,C3'-endo
96,96,0.25,U,U,U,0,0,0,1,0,),87,1,cWW,cW-W,5.38,2.80,0.66,1.50,3.45,4.91,4.83,3.51,BI,anti,A,4.33,4.43,2.82,3.68,3.13,3.65,4.06,3.78,0.01,5.84,0.68,5.59,0.43,40.88,0.31,C3'-endo
97,97,0.25,G,G,G,0,0,1,0,0,),86,1,cWW,cW-W,5.08,2.87,0.95,1.25,3.28,5.27,4.30,3.38,BI,anti,A,4.46,4.51,2.74,3.69,2.92,3.67,3.34,4.08,6.23,5.82,0.79,5.46,0.56,48.84,0.38,C3'-endo
98,98,0.25,G,G,G,0,0,1,0,0,),85,1,cWW,cW-W,5.02,3.03,1.17,1.33,3.62,5.07,4.83,3.31,BI,anti,A,4.38,4.55,3.04,3.74,3.26,3.80,3.95,4.13,6.23,5.82,0.77,5.47,0.55,47.79,0.38,C3'-endo
99,99,0.25,A,A,A,1,0,0,0,0,),84,1,cWW,cW-W,4.96,3.00,1.48,1.16,4.00,5.05,5.23,3.23,BI,anti,.,4.24,4.46,3.05,3.87,3.32,3.89,3.87,4.88,5.89,6.14,0.59,5.48,0.75,47.47,0.78,C4'-exo
100,100,0.26,A,A,A,1,0,0,0,0,),82,1,cWW,cW-W,5.10,3.14,1.05,1.34,3.94,5.13,5.09,3.60,BI,anti,A,4.13,4.78,2.87,3.92,3.12,3.96,4.38,4.58,0.08,5.76,0.75,5.57,0.40,43.83,0.22,C3'-endo
101,101,0.26,U,U,U,0,0,0,1,0,),81,1,cWW,cW-W,4.96,3.00,1.25,1.40,3.88,4.74,5.42,3.53,BI,anti,A,4.34,4.69,2.86,3.59,3.23,3.54,4.19,3.78,0.11,5.75,0.73,5.60,0.36,42.58,0.18,C3'-endo
102,102,0.26,C,C,C,0,1,0,0,0,),80,1,cWW,cW-W,5.13,2.99,0.99,1.41,3.74,5.08,4.94,3.50,BI,anti,.,4.50,4.75,2.89,3.86,3.05,3.85,3.53,4.29,6.27,5.83,0.72,5.54,0.48,43.78,0.33,C3'-endo
103,103,0.26,U,U,U,0,0,0,1,0,),79,1,cWW,cW-W,5.34,2.97,0.77,1.47,3.76,4.83,5.21,3.32,BI,anti,.,4.77,4.71,3.01,3.74,3.30,3.86,4.07,4.71,6.13,5.93,0.69,5.49,0.59,45.27,0.50,C3'-endo
104,104,0.27,G,G,G,0,0,1,0,0,.,78,1,tSH,tm-M,5.47,2.65,0.78,1.51,4.14,1.61,2.53,3.50,..,anti,.,4.16,4.57,3.13,0.75,3.43,0.89,4.45,1.27,6.08,6.03,0.59,5.57,0.57,40.81,0.60,C3'-endo
105,105,0.27,A,A,A,1,0,0,0,0,.,,0,,,4.42,3.46,0.78,1.96,3.71,4.71,5.28,5.14,BI,anti,.,-1.56,4.52,2.94,4.42,3.37,3.72,3.41,2.74,0.52,5.61,0.55,6.02,6.12,37.51,5.71,C2'-exo
106,106,0.27,A,A,A,1,0,0,0,0,.,374,1,tSS,tm+m,2.80,3.32,1.04,1.08,2.90,4.90,4.28,4.91,BI,anti,.,-0.65,4.31,0.85,2.72,1.09,3.02,0.95,3.95,6.23,5.82,0.79,5.45,0.57,48.96,0.39,C3'-endo
107,107,0.28,G,G,G,0,0,1,0,0,>,4,1,cWW,cW-W,4.43,3.47,1.53,1.68,4.33,3.07,1.25,2.04,BII,...,.,3.26,4.59,3.60,1.74,3.42,2.90,3.56,3.10,0.26,5.73,0.63,5.78,0.15,36.48,6.20,C2'-exo
108,108,0.28,G,G,G,0,0,1,0,0,},11,1,cWW,cW-W,4.40,4.19,0.91,2.64,3.73,3.28,0.45,4.47,..,anti,.,0.95,1.46,4.02,3.64,3.11,3.33,1.93,3.25,5.91,0.63,5.64,0.44,6.23,37.76,2.89,C2'-endo
109,109,0.28,A,A,A,1,0,0,0,0,.,77,1,cWS,cW-m,1.27,2.53,0.95,1.59,3.71,1.21,2.50,3.49,..,anti,.,4.18,4.35,5.27,0.58,5.27,0.25,5.58,0.41,6.24,5.97,0.52,5.72,0.38,32.64,0.40,C3'-endo
110,110,0.28,A,A,A,1,0,0,0,0,.,259,1,cHW,cM+W,1.05,3.41,5.14,2.60,3.85,1.07,2.78,1.08,..,syn,.,-1.42,1.59,4.24,0.54,4.74,0.51,4.94,0.15,5.90,0.66,5.62,0.46,6.23,39.38,2.89,C2'-endo
111,111,0.29,G,G,G,0,0,1,0,0,),76,1,cWW,cW-W,1.56,3.55,4.81,1.64,3.89,4.87,5.30,3.03,BI,anti,A,4.47,4.52,4.21,3.10,4.25,3.40,5.05,4.13,0.16,5.79,0.63,5.73,0.25,36.05,0.08,C3'-endo
112,112,0.29,C,C,C,0,1,0,0,0,),75,1,cWW,cW-W,5.41,2.97,0.73,1.39,3.44,5.33,4.40,3.46,BI,anti,A,4.47,4.51,2.80,3.93,3.10,3.91,3.84,4.29,6.27,5.89,0.62,5.64,0.41,37.87,0.34,C3'-endo
113,113,0.29,G,G,G,0,0,1,0,0,),74,1,cWW,cW-W,4.36,3.15,1.77,1.32,3.85,5.19,4.95,3.14,BI,anti,.,4.57,4.60,2.95,3.85,3.26,3.92,3.97,4.91,6.07,6.00,0.66,5.49,0.63,45.47,0.59,C3'-endo
114,114,0.29,G,G,G,0,0,1,0,0,.,73,1,tSH,tm-M,4.92,2.98,1.34,1.48,4.05,4.83,5.49,3.54,BI,anti,.,3.96,4.49,3.08,3.88,3.46,4.05,4.72,5.16,6.24,5.93,0.59,5.65,0.43,36.79,0.40,C3'-endo
115,115,0.30,A,A,A,1,0,0,0,0,.,72,1,tSH,tm-M,5.41,2.92,0.97,2.51,3.92,2.89,1.03,4.31,BII,anti,.,2.24,2.75,3.00,2.71,3.64,2.44,4.87,2.66,6.18,0.34,5.85,0.39,6.11,24.79,3.23,C3'-exo
116,116,0.30,C,C,C,0,1,0,0,0,.,71,1,tHW,tM-W,4.24,3.04,1.06,1.40,4.39,5.40,5.28,3.39,..,anti,.,4.36,4.77,2.98,4.61,2.70,4.77,2.84,5.35,0.12,5.77,0.69,5.64,0.33,40.19,0.16,C3'-endo
117,117,0.30,G,G,G,0,0,1,0,0,),70,1,cWW,cW-W,5.25,2.71,1.41,1.29,3.63,4.87,5.05,3.34,BI,anti,A,4.64,4.66,2.84,3.46,3.60,3.45,4.85,3.77,0.02,5.78,0.78,5.50,0.48,46.83,0.29,C3'-endo
118,118,0.30,G,G,G,0,0,1,0,0,),69,1,cWW,cW-W,5.16,2.92,1.23,1.26,3.71,5.37,4.63,3.30,BI,anti,A,4.65,4.70,3.12,3.90,3.28,3.88,3.79,4.16,6.27,5.81,0.77,5.50,0.50,46.97,0.33,C3'-endo
119,119,0.31,C,C,C,0,1,0,0,0,),68,1,cWW,cW-W,4.88,3.00,1.27,1.37,3.68,4.95,5.01,3.21,BI,anti,A,4.73,4.68,2.93,3.63,3.23,3.70,3.88,4.43,6.13,5.92,0.72,5.46,0.61,47.25,0.51,C3'-endo
120,120,0.31,A,A,A,1,0,0,0,0,.,67,1,tSH,tm-M,5.11,2.99,1.07,1.42,4.41,3.44,0.97,3.33,BII,anti,.,4.33,4.69,3.23,2.54,3.40,2.98,4.25,3.12,6.13,5.94,0.68,5.50,0.58,44.82,0.51,C3'-endo
121,121,0.31,A,A,A,1,0,0,0,0,.,"24,66",2,"tH.,tWW","tM-.,tW+W",4.77,3.28,1.07,2.46,4.79,2.83,1.96,1.05,BII,syn,.,-0.71,0.53,3.93,3.05,3.71,3.07,3.22,3.74,5.79,0.74,5.59,0.42,0.04,42.72,2.76,C2'-endo
122,122,0.31,A,A,A,1,0,0,0,0,.,244,1,tHS,tM-m,5.81,3.05,0.26,1.64,3.49,5.55,4.22,3.56,BI,anti,.,4.28,4.55,4.00,4.36,3.83,4.36,3.72,5.27,0.23,5.70,0.69,5.71,0.22,39.66,6.27,C2'-exo
123,123,0.32,C,C,C,0,1,0,0,0,(,243,1,cWW,cW-W,3.72,3.06,1.91,1.49,4.01,4.85,5.45,3.11,..,anti,A,4.76,4.70,2.62,3.71,3.22,3.69,4.64,3.84,0.18,5.70,0.75,5.63,0.29,42.95,0.08,C3'-endo
124,124,0.32,C,C,C,0,1,0,0,0,(,242,1,cWW,cW-W,5.22,2.91,1.10,1.41,3.88,4.99,5.18,3.31,BI,anti,A,4.48,4.51,3.07,3.76,3.27,3.74,3.66,4.17,6.13,6.00,0.58,5.60,0.52,38.72,0.54,C3'-endo
125,125,0.32,U,U,U,0,0,0,1,0,(,241,1,cWW,cW-W,4.81,2.91,1.33,1.28,3.97,4.87,5.38,3.36,BI,anti,A,4.39,4.63,2.78,3.62,2.99,3.69,3.69,4.25,0.04,5.85,0.65,5.63,0.39,38.67,0.27,C3'-endo
126,126,0.32,U,U,U,0,0,0,1,0,(,240,1,cWW,cW-W,5.24,2.90,1.22,1.36,3.80,4.84,5.25,3.39,BI,anti,A,4.33,4.50,2.95,3.66,3.22,3.67,4.02,3.90,6.26,5.87,0.67,5.58,0.46,40.94,0.36,C3'-endo
127,127,0.33,C,C,C,0,1,0,0,0,(,239,1,cWW,cW-W,5.17,3.05,1.25,1.42,3.67,4.89,5.06,3.45,BI,anti,.,4.25,4.46,2.99,4.04,3.19,3.81,3.63,3.94,6.09,6.00,0.62,5.53,0.59,42.74,0.58,C3'-endo
128,128,0.33,G,G,G,0,0,1,0,0,(,"174,238",2,"tSS,cWW","tm+m,cW-W",2.80,3.01,3.38,1.53,4.07,4.93,5.42,3.26,..,anti,A,4.55,4.61,2.96,3.31,3.08,3.51,3.49,4.41,0.12,5.82,0.62,5.72,0.28,36.08,0.14,C3'-endo
129,129,0.33,G,G,G,0,0,1,0,0,(,"234,236",2,"cWW,...","cW-W,....",5.20,2.96,1.12,1.51,3.67,5.06,4.89,3.45,BI,anti,A,4.32,4.50,2.91,3.90,3.28,3.82,4.35,4.36,0.03,5.78,0.75,5.53,0.46,45.07,0.29,C3'-endo
130,130,0.33,U,U,U,0,0,0,1,0,(,233,1,cWW,cW-W,4.87,3.07,0.99,1.54,3.70,4.81,5.17,3.30,BI,anti,A,4.74,4.66,2.78,3.68,3.07,3.73,3.97,4.44,0.00,5.80,0.75,5.52,0.48,45.12,0.32,C3'-endo
131,131,0.34,C,C,C,0,1,0,0,0,(,232,1,cWW,cW-W,5.33,2.95,0.78,1.53,3.50,5.08,4.70,3.51,BI,anti,A,4.33,4.57,3.05,3.77,3.34,3.74,4.29,3.97,0.18,5.73,0.69,5.68,0.27,39.92,0.07,C3'-endo
132,132,0.34,U,U,U,0,0,0,1,0,(,231,1,cWW,cW-W,5.37,3.14,0.54,1.67,3.53,4.85,4.96,3.48,BI,anti,A,4.40,4.50,2.93,3.71,3.16,3.74,3.67,4.19,0.16,5.72,0.73,5.63,0.32,42.23,0.11,C3'-endo
133,133,0.34,G,G,G,0,0,1,0,0,(,230,1,cWW,cW-W,5.49,3.06,0.43,1.49,3.97,1.37,2.60,3.60,..,anti,.,4.25,4.84,2.98,0.64,3.12,0.82,3.70,3.27,0.13,5.73,0.74,5.60,0.35,43.02,0.15,C3'-endo
134,134,0.34,A,A,A,1,0,0,0,0,.,142,1,tHS,tM-m,3.11,3.74,3.08,1.61,4.01,5.08,5.21,3.29,BI,anti,.,4.42,4.48,4.12,3.81,4.37,3.85,2.15,4.89,0.10,5.83,0.60,5.72,0.29,34.89,0.16,C3'-endo
135,135,0.35,G,G,G,0,0,1,0,0,(,141,1,cWW,cW-W,5.32,2.83,0.69,1.51,4.39,4.58,6.10,3.49,..,anti,.,4.19,4.75,2.85,4.17,3.29,4.28,4.64,5.12,0.02,5.84,0.66,5.62,0.41,39.50,0.29,C3'-endo
136,136,0.35,G,G,G,0,0,1,0,0,.,140,1,tSH,tm-M,5.69,2.48,0.65,1.42,4.28,4.80,5.76,3.83,..,anti,.,3.15,4.57,2.91,4.16,3.31,3.80,4.38,3.55,6.22,5.88,0.69,5.54,0.50,42.97,0.40,C3'-endo
137,137,0.35,A,A,A,1,0,0,0,0,.,,0,,,3.65,2.75,5.00,1.46,1.16,5.42,2.02,0.76,..,syn,.,-2.55,2.94,5.82,1.52,5.93,1.19,5.86,1.07,6.21,6.00,0.51,5.72,0.40,32.30,0.45,C3'-endo
138,138,0.35,A,A,A,1,0,0,0,0,.,"150,224",2,"tHW,cWH","tM-W,cW+M",3.03,2.79,2.38,1.42,4.13,2.09,2.04,4.67,..,anti,.,-0.06,4.57,2.30,0.41,2.10,0.11,2.78,0.13,6.26,5.87,0.66,5.58,0.45,40.63,0.36,C3'-endo
139,139,0.36,C,C,C,0,1,0,0,0,.,,0,,,5.37,3.79,4.69,1.69,3.46,5.57,4.17,3.68,BI,anti,.,4.32,4.59,2.16,3.47,2.44,3.76,3.06,4.79,0.25,5.78,0.55,5.86,0.11,31.69,6.16,C2'-exo
140,140,0.36,A,A,A,1,0,0,0,0,.,136,1,tHS,tM-m,4.32,3.01,1.56,1.38,4.29,5.00,5.58,3.46,..,anti,.,4.34,4.87,2.88,4.27,3.42,4.32,4.68,5.03,0.20,5.72,0.70,5.68,0.26,40.29,0.04,C3'-endo
141,141,0.36,C,C,C,0,1,0,0,0,),135,1,cWW,cW-W,5.71,2.78,0.62,1.41,3.56,5.47,4.37,3.39,BI,anti,.,4.69,4.70,2.76,4.18,3.25,4.27,4.46,5.08,0.05,5.81,0.69,5.61,0.39,40.62,0.25,C3'-endo
142,142,0.37,G,G,G,0,0,1,0,0,.,134,1,tSH,tm-M,4.90,3.23,1.15,1.51,3.57,5.07,4.79,3.66,BI,anti,.,4.10,4.52,3.01,4.14,3.52,3.43,4.74,2.39,6.21,5.92,0.63,5.59,0.48,39.81,0.42,C3'-endo
143,143,0.37,A,A,A,1,0,0,0,0,.,"361,383",2,"cWS,cHS","cW-m,cM+m",3.39,3.00,0.31,1.74,4.00,4.72,5.56,3.41,BI,anti,.,4.37,4.55,0.63,3.89,0.91,4.02,0.52,4.94,0.22,5.77,0.59,5.80,0.16,33.64,6.24,C2'-exo
144,144,0.37,A,A,A,1,0,0,0,0,.,383,1,tWS,tW+m,5.37,2.76,0.94,1.72,3.92,3.39,0.53,3.72,..,anti,.,3.62,4.19,3.10,2.28,3.47,2.20,4.54,2.65,0.14,5.94,0.40,5.94,0.13,23.07,6.28,C2'-exo
145,145,0.37,C,C,C,0,1,0,0,0,(,229,1,cWW,cW-W,5.81,3.98,6.14,1.40,3.12,4.94,4.46,3.58,BI,anti,A,4.13,4.26,3.86,3.11,3.48,3.39,3.03,4.03,6.26,5.89,0.63,5.62,0.44,38.72,0.36,C3'-endo
146,146,0.38,U,U,U,0,0,0,1,0,(,228,1,cWW,cW-W,3.68,3.99,1.66,1.35,3.63,4.81,5.10,3.56,BI,anti,A,4.26,4.50,2.73,3.71,2.94,3.69,3.55,4.10,6.19,5.94,0.62,5.60,0.49,39.41,0.45,C3'-endo
147,147,0.38,U,U,U,0,0,0,1,0,(,227,1,cWW,cW-W,5.52,3.08,0.62,1.59,3.48,4.39,5.37,3.53,BI,anti,A,4.25,4.35,2.92,3.93,3.08,3.89,3.75,4.33,0.08,5.87,0.57,5.75,0.29,33.03,0.19,C3'-endo
148,148,0.38,C,C,C,0,1,0,0,0,(,226,1,cWW,cW-W,2.64,4.13,3.01,1.36,4.44,4.55,6.17,3.07,..,anti,A,4.63,4.69,2.95,3.45,3.23,3.44,3.97,3.78,0.07,5.77,0.73,5.57,0.40,43.06,0.23,C3'-endo
149,149,0.38,A,A,A,1,0,0,0,0,(,225,1,cWW,cW-W,5.09,2.54,1.31,1.23,4.34,4.53,6.09,3.04,..,anti,A,4.79,4.80,2.91,3.79,3.07,3.83,3.61,4.41,0.04,5.79,0.73,5.56,0.43,43.55,0.27,C3'-endo
150,150,0.39,U,U,U,0,0,0,1,0,.,138,1,tWH,tW-M,5.68,2.55,0.89,1.31,4.00,4.24,6.05,3.33,..,anti,.,4.61,4.73,2.96,3.03,3.17,3.18,4.01,2.78,0.03,5.81,0.71,5.57,0.43,42.67,0.29,C3'-endo
151,151,0.39,A,A,A,1,0,0,0,0,.,,0,,,5.74,3.72,6.05,2.54,3.88,2.20,1.68,1.38,..,syn,.,-1.52,1.72,3.30,1.49,3.05,0.85,2.49,5.87,5.96,0.61,5.65,0.47,6.19,37.19,2.96,C2'-endo
152,152,0.39,U,U,U,0,0,0,1,0,.,,0,,,0.11,4.18,1.35,1.82,1.05,2.86,4.47,2.62,..,anti,.,-0.80,1.22,6.12,0.23,0.31,6.13,1.46,6.14,5.70,0.52,6.01,6.23,0.40,33.02,2.07,C1'-exo
153,153,0.39,G,G,G,0,0,1,0,0,.,,0,,,6.03,2.47,0.26,2.56,4.31,1.72,2.60,4.22,..,anti,.,1.31,1.30,2.89,1.86,3.70,1.72,3.97,2.31,5.93,0.65,5.61,0.49,6.20,39.65,2.94,C2'-endo
154,154,0.40,A,A,A,1,0,0,0,0,.,"222,225",2,"tHW,tWS","tM-W,tW+m",4.82,3.08,0.66,1.37,4.24,5.20,5.33,3.51,..,anti,.,4.25,4.88,3.19,4.41,3.16,4.59,3.21,5.33,0.23,5.71,0.68,5.71,0.21,39.20,6.27,C2'-exo
155,155,0.40,G,G,G,0,0,1,0,0,[,180,1,cWW,cW-W,5.28,2.73,1.12,1.38,3.89,4.66,5.51,3.26,BI,anti,A,4.81,4.83,2.78,3.83,3.39,3.81,4.69,4.10,0.16,5.68,0.79,5.57,0.35,45.63,0.12,C3'-endo
156,156,0.40,G,G,G,0,0,1,0,0,(,221,1,cWW,cW-W,5.82,2.66,0.63,1.30,3.36,5.35,4.29,3.33,BI,anti,A,4.62,4.61,3.02,3.83,3.26,3.86,3.90,4.68,6.26,5.80,0.78,5.48,0.52,47.71,0.34,C3'-endo
157,157,0.40,C,C,C,0,1,0,0,0,(,220,1,cWW,cW-W,4.37,3.04,1.57,1.53,3.65,5.00,4.93,3.29,BI,anti,A,4.40,4.40,2.90,3.79,3.29,3.74,4.46,4.15,6.25,5.92,0.61,5.64,0.43,37.63,0.38,C3'-endo
158,158,0.41,U,U,U,0,0,0,1,0,(,219,1,cWW,cW-W,5.24,3.37,0.63,1.62,3.42,5.15,4.55,3.53,BI,anti,.,4.16,4.33,2.95,3.80,3.13,3.75,3.80,4.81,0.17,5.77,0.65,5.72,0.25,37.21,0.07,C3'-endo
159,159,0.41,A,A,A,1,0,0,0,0,.,218,1,cHW,cM+W,5.03,3.34,0.75,1.37,3.23,5.03,4.49,0.79,BI,syn,.,-3.91,4.17,2.76,3.84,2.90,3.62,4.26,3.51,5.80,6.25,0.49,5.51,0.78,46.63,0.92,C4'-exo
160,160,0.41,G,G,G,0,0,1,0,0,.,217,1,cHW,cM+W,1.81,3.44,4.15,1.25,3.88,5.12,5.05,0.29,BI,syn,.,-4.53,4.70,3.05,3.03,3.06,3.38,3.33,3.24,6.22,5.89,0.68,5.55,0.50,42.41,0.41,C3'-endo
161,161,0.41,G,G,G,0,0,1,0,0,(,216,1,cWW,cW-W,5.00,3.13,1.11,1.43,3.92,5.36,4.85,3.58,BI,anti,.,4.19,4.73,2.89,4.07,3.23,3.88,3.06,3.92,0.24,5.69,0.71,5.69,0.22,40.54,6.28,C2'-exo
162,162,0.42,U,U,U,0,0,0,1,0,(,215,1,cWW,cW-W,3.97,2.14,2.63,1.45,4.55,4.42,0.13,2.88,..,anti,.,4.92,4.91,3.04,3.77,3.14,3.91,3.54,4.71,0.40,5.58,0.73,5.77,0.07,42.81,6.05,C2'-exo
163,163,0.42,A,A,A,1,0,0,0,0,(,214,1,cWW,cW-W,0.39,2.34,0.01,1.28,3.45,5.19,4.54,3.59,BI,anti,A,4.41,4.67,2.65,3.62,3.04,3.66,4.14,4.23,0.00,5.80,0.75,5.52,0.48,45.19,0.32,C3'-endo
164,164,0.42,U,U,U,0,0,0,1,0,(,213,1,cWW,cW-W,4.95,2.82,1.31,1.26,4.14,3.80,0.34,3.36,..,anti,A,4.52,4.80,3.01,3.59,3.23,3.51,4.01,3.52,0.07,5.76,0.75,5.56,0.41,44.07,0.23,C3'-endo
165,165,0.42,C,C,C,0,1,0,0,0,(,212,1,cWW,cW-W,2.28,4.40,2.80,1.04,4.48,4.35,0.13,3.22,..,anti,.,4.48,4.81,2.57,3.60,2.72,3.58,2.93,3.90,0.06,5.74,0.80,5.50,0.45,47.18,0.25,C3'-endo
166,166,0.43,A,A,A,1,0,0,0,0,(,211,1,cWW,cW-W,5.68,2.09,1.41,1.10,4.45,4.14,0.30,3.11,..,anti,A,4.56,4.67,3.13,3.70,3.34,3.55,3.95,3.97,0.11,5.73,0.78,5.55,0.39,45.48,0.19,C3'-endo
167,167,0.43,A,A,A,1,0,0,0,0,(,210,1,cWW,cW-W,1.42,4.35,3.94,1.99,4.48,4.60,6.16,3.03,..,anti,A,4.84,4.84,3.51,3.71,3.45,4.08,4.10,4.68,0.67,5.61,0.43,6.24,5.89,39.85,5.37,C1'-endo
168,168,0.43,U,U,U,0,0,0,1,0,(,209,1,cWW,cW-W,6.11,2.23,0.87,2.06,2.90,0.66,2.24,3.94,..,anti,.,0.93,1.58,2.88,6.05,4.01,5.09,4.78,5.53,5.69,0.63,5.84,0.12,0.30,36.31,2.34,C1'-exo
169,169,0.43,G,G,G,0,0,1,0,0,(,197,1,cWW,cW-W,3.69,3.66,1.23,1.41,3.96,4.92,5.32,3.27,BI,anti,A,4.78,4.82,2.75,3.81,3.51,3.90,3.79,4.34,0.04,5.80,0.71,5.58,0.42,42.37,0.27,C3'-endo
170,170,0.44,G,G,G,0,0,1,0,0,(,196,1,cWW,cW-W,5.15,2.71,1.04,1.45,3.85,4.62,5.52,3.31,BI,anti,A,4.74,4.66,2.81,3.72,3.14,3.70,3.89,4.11,6.21,5.88,0.70,5.52,0.52,43.69,0.41,C3'-endo
171,171,0.44,A,A,A,1,0,0,0,0,(,195,1,cWW,cW-W,5.84,2.74,0.66,1.46,3.85,4.71,5.42,3.34,BI,anti,A,4.35,4.51,3.06,3.85,3.24,3.91,3.91,4.60,6.11,6.05,0.52,5.64,0.51,36.34,0.60,C3'-endo
172,172,0.44,U,U,U,0,0,0,1,0,(,194,1,cWW,cW-W,5.72,2.57,0.78,1.51,4.12,5.05,5.35,3.42,..,anti,.,4.23,4.46,3.05,4.24,3.31,4.28,4.18,4.98,6.03,6.05,0.60,5.54,0.63,43.02,0.65,C4'-exo
173,173,0.44,G,G,G,0,0,1,0,0,.,192,1,tSH,tm-M,5.03,3.01,1.07,1.41,4.12,4.31,6.10,3.50,..,anti,.,3.43,4.11,2.93,3.06,3.31,2.86,4.23,2.62,5.70,0.03,0.47,5.50,0.87,49.91,1.01,C4'-exo
174,174,0.45,A,A,A,1,0,0,0,0,.,"128,191",2,"tSS,tHS","tm+m,tM-m",4.59,2.13,1.54,1.05,3.48,5.56,4.20,3.47,BI,anti,.,4.59,4.77,2.53,3.86,2.52,3.92,2.40,4.79,6.04,5.99,0.70,5.43,0.69,48.70,0.61,C3'-endo
175,175,0.45,G,G,G,0,0,1,0,0,(,190,1,cWW,cW-W,5.04,2.87,1.06,1.43,3.25,5.26,4.28,3.27,BI,anti,A,4.33,4.34,2.88,3.80,3.49,3.75,4.87,3.92,0.06,5.80,0.72,5.59,0.40,42.61,0.24,C3'-endo
176,176,0.45,U,U,U,0,0,0,1,0,(,189,1,cWW,cW-W,4.80,3.28,1.16,1.35,3.61,5.10,4.79,3.38,BI,anti,A,4.33,4.53,3.05,3.75,3.25,3.76,3.69,4.29,0.02,5.80,0.75,5.53,0.46,45.07,0.29,C3'-endo
177,177,0.46,U,U,U,0,0,0,1,0,(,188,1,cWW,cW-W,4.41,3.14,1.64,1.39,4.03,4.90,5.42,3.37,BI,anti,A,4.39,4.66,2.97,3.83,3.21,3.77,3.99,4.26,6.27,5.90,0.62,5.63,0.42,37.96,0.35,C3'-endo
178,178,0.46,U,U,U,0,0,0,1,0,(,187,1,cWW,cW-W,5.41,3.12,0.60,1.35,2.89,2.96,6.22,3.83,..,anti,.,3.76,4.35,2.96,1.05,3.20,1.24,3.95,2.00,0.12,5.78,0.68,5.65,0.33,39.55,0.16,C3'-endo
179,179,0.46,G,G,G,0,0,1,0,0,.,220,1,tSS,tm+m,5.40,2.61,1.05,1.38,4.04,1.86,2.19,3.35,..,anti,.,4.46,4.68,3.26,1.52,3.39,1.47,3.04,1.81,0.11,5.75,0.74,5.59,0.36,42.93,0.18,C3'-endo
180,180,0.46,C,C,C,0,1,0,0,0,],155,1,cWW,cW-W,1.44,4.45,2.90,1.45,4.83,4.07,0.76,3.14,..,anti,.,4.26,4.51,3.23,3.85,3.37,3.33,3.21,2.85,0.02,5.87,0.63,5.64,0.39,37.94,0.30,C3'-endo
181,181,0.47,A,A,A,1,0,0,0,0,{,0,1,cWW,cW-W,0.98,3.41,1.15,1.44,4.27,4.72,5.84,3.34,..,anti,A,4.56,4.79,5.52,3.96,5.86,4.00,5.86,4.68,0.10,5.78,0.69,5.63,0.35,40.46,0.18,C3'-endo
182,182,0.47,U,U,U,0,0,0,1,0,{,0,1,cWW,cW-W,5.39,2.77,0.82,1.43,3.67,4.93,5.03,3.50,BI,anti,A,4.33,4.62,2.78,3.74,3.09,3.72,4.12,4.21,6.24,5.86,0.71,5.54,0.49,43.44,0.38,C3'-endo
183,183,0.47,A,A,A,1,0,0,0,0,{,0,1,cWW,cW-W,5.19,3.05,0.72,1.47,3.43,4.85,4.86,3.45,BI,anti,A,4.53,4.56,2.75,3.46,2.97,3.49,3.76,3.78,0.10,5.70,0.81,5.52,0.42,47.36,0.20,C3'-endo
184,184,0.47,A,A,A,1,0,0,0,0,{,0,1,cWW,cW-W,5.47,3.10,0.65,1.67,3.63,4.84,5.07,3.53,BI,anti,A,4.28,4.55,3.10,3.84,3.23,3.89,3.66,4.23,0.25,5.65,0.74,5.67,0.23,42.49,6.27,C2'-exo
185,185,0.48,C,C,C,0,1,0,0,0,.,0,1,tWW,tW+W,5.50,2.70,0.85,1.34,3.33,5.19,4.43,3.41,BI,anti,A,4.33,4.39,2.88,3.76,3.23,3.76,3.87,4.43,6.03,6.02,0.65,5.49,0.66,45.79,0.63,C3'-endo
186,186,0.48,A,A,A,1,0,0,0,0,.,,0,,,4.61,3.17,1.35,1.40,4.03,4.97,5.35,3.29,BI,anti,.,4.46,4.62,2.98,3.94,3.17,3.98,4.08,4.78,6.28,5.87,0.66,5.61,0.43,39.88,0.33,C3'-endo
187,187,0.48,A,A,A,1,0,0,0,0,),178,1,cWW,cW-W,5.15,3.05,0.96,1.59,3.88,4.90,5.26,3.45,BI,anti,A,4.49,4.67,2.90,3.86,3.19,3.83,4.29,4.07,0.18,5.75,0.67,5.70,0.25,38.26,0.06,C3'-endo
188,188,0.48,A,A,A,1,0,0,0,0,),177,1,cWW,cW-W,4.91,2.71,1.41,1.24,3.83,4.94,5.17,3.29,BI,anti,A,4.53,4.63,2.87,3.62,3.14,3.62,3.70,4.14,6.16,5.94,0.65,5.55,0.54,42.08,0.49,C3'-endo
189,189,0.49,A,A,A,1,0,0,0,0,),176,1,cWW,cW-W,5.14,2.80,1.13,1.35,3.80,5.04,5.05,3.48,BI,anti,A,4.41,4.70,2.85,3.87,3.10,3.82,3.91,4.25,0.04,5.79,0.73,5.56,0.43,43.41,0.27,C3'-endo
190,190,0.49,C,C,C,0,1,0,0,0,),175,1,cWW,cW-W,5.04,2.62,1.45,1.21,3.96,5.03,5.21,3.19,BI,anti,.,4.75,4.78,2.96,3.83,3.24,3.88,4.04,4.69,6.16,5.91,0.71,5.49,0.57,45.75,0.47,C3'-endo
191,191,0.49,A,A,A,1,0,0,0,0,.,174,1,tSH,tm-M,5.41,2.93,0.84,1.51,3.23,4.25,5.26,3.43,BI,anti,.,4.43,4.37,2.96,2.78,3.36,2.87,4.53,3.03,6.21,5.91,0.65,5.58,0.49,40.79,0.43,C3'-endo
192,192,0.49,A,A,A,1,0,0,0,0,.,173,1,tHS,tM-m,5.32,3.03,1.06,1.55,3.82,5.10,5.01,3.40,BI,anti,.,4.08,4.44,3.53,4.01,3.36,4.01,3.14,4.89,0.11,5.78,0.69,5.64,0.34,40.03,0.17,C3'-endo
193,193,0.50,A,A,A,1,0,0,0,0,.,239,1,tSS,tm+m,5.03,3.00,0.75,1.57,4.00,5.00,5.29,3.59,BI,anti,A,4.25,4.77,2.73,4.08,3.05,4.08,4.24,4.22,0.18,5.75,0.66,5.71,0.25,37.99,0.05,C3'-endo
194,194,0.50,G,G,G,0,0,1,0,0,),172,1,cWW,cW-W,5.19,2.80,1.07,1.30,3.53,4.72,5.09,3.43,BI,anti,A,4.47,4.50,2.81,3.82,3.18,3.57,3.66,4.12,6.01,6.02,0.66,5.45,0.70,47.53,0.65,C4'-exo
195,195,0.50,U,U,U,0,0,0,1,0,),171,1,cWW,cW-W,2.09,3.51,3.61,1.62,4.06,4.67,5.67,3.28,..,anti,A,4.78,4.83,2.96,3.20,3.05,3.39,3.94,3.80,0.40,5.62,0.67,5.83,0.04,39.96,6.01,C2'-exo
196,196,0.50,C,C,C,0,1,0,0,0,),170,1,cWW,cW-W,5.96,2.96,0.26,1.41,3.51,4.93,4.86,3.52,BI,anti,A,4.41,4.62,3.01,3.56,3.23,3.66,3.72,3.97,0.21,5.64,0.79,5.60,0.30,45.57,0.05,C3'-endo
197,197,0.51,C,C,C,0,1,0,0,0,),169,1,cWW,cW-W,5.46,2.74,0.79,1.39,3.23,5.43,4.08,3.47,BI,anti,A,4.34,4.38,2.97,3.89,3.20,3.96,3.66,4.03,0.04,5.80,0.73,5.56,0.44,43.45,0.28,C3'-endo
198,198,0.51,U,U,U,0,0,0,1,0,.,50,1,cWH,cW+M,4.72,3.21,1.26,2.41,4.90,1.69,3.20,3.87,..,anti,.,0.92,0.73,3.56,2.21,3.88,1.79,4.00,1.83,5.53,0.73,5.83,0.03,0.46,43.83,2.20,C1'-exo
199,199,0.51,U,U,U,0,0,0,1,0,],57,1,cWW,cW-W,1.73,2.44,3.25,1.41,3.57,5.19,4.66,3.51,BI,anti,.,4.38,4.67,2.65,2.84,2.20,3.10,2.08,3.45,0.03,5.81,0.72,5.56,0.44,43.09,0.29,C3'-endo
200,200,0.51,U,U,U,0,0,0,1,0,],56,1,cWW,cW-W,4.64,3.43,1.05,1.28,3.37,4.94,4.72,3.41,BI,anti,A,4.46,4.46,2.79,3.46,3.01,3.48,3.46,3.89,6.09,5.98,0.66,5.51,0.62,44.66,0.56,C3'-endo
201,201,0.52,C,C,C,0,1,0,0,0,],55,1,cWW,cW-W,3.92,3.19,2.02,1.47,4.01,4.14,6.15,3.32,..,anti,A,4.44,4.60,2.88,3.49,3.02,3.57,3.57,3.79,0.05,5.82,0.69,5.62,0.39,40.57,0.26,C3'-endo
202,202,0.52,U,U,U,0,0,0,1,0,],54,1,cWW,cW-W,0.10,2.29,0.39,1.37,3.54,4.86,4.96,3.50,BI,anti,A,4.31,4.51,2.99,3.62,3.13,3.62,3.49,4.11,6.14,5.96,0.63,5.56,0.54,41.15,0.51,C3'-endo
203,203,0.52,G,G,G,0,0,1,0,0,],53,1,cWW,cW-W,5.14,3.07,1.06,1.39,3.99,4.77,5.50,3.44,BI,anti,A,4.62,4.90,3.04,3.73,3.15,3.73,3.82,4.07,0.13,5.73,0.73,5.61,0.34,42.34,0.15,C3'-endo
204,204,0.52,C,C,C,0,1,0,0,0,],52,1,cWW,cW-W,5.29,3.01,0.71,1.42,3.74,4.89,5.13,3.65,BI,anti,A,4.17,4.69,2.77,3.69,2.98,3.78,3.65,4.26,0.17,5.70,0.74,5.62,0.31,42.78,0.09,C3'-endo
205,205,0.53,C,C,C,0,1,0,0,0,],51,1,cWW,cW-W,5.37,2.98,1.10,1.36,3.80,5.04,5.05,3.62,BI,anti,.,4.05,4.61,3.15,4.35,3.41,4.08,4.08,4.23,0.06,5.78,0.74,5.57,0.41,43.70,0.24,C3'-endo
206,206,0.53,A,A,A,1,0,0,0,0,.,,0,,,2.67,3.29,3.15,1.14,1.49,1.46,0.03,3.32,..,anti,.,4.06,3.92,3.28,2.80,3.37,2.95,3.81,3.80,6.25,5.83,0.73,5.51,0.51,44.98,0.36,C3'-endo
207,207,0.53,A,A,A,1,0,0,0,0,.,,0,,,4.47,4.33,1.28,1.20,3.53,2.35,1.18,5.06,..,anti,.,-1.30,4.59,4.71,0.76,4.78,0.75,4.25,1.18,6.14,5.94,0.67,5.52,0.57,43.63,0.50,C3'-endo
208,208,0.53,A,A,A,1,0,0,0,0,.,,0,,,4.46,2.66,0.69,1.48,3.95,4.53,5.71,3.24,..,anti,A,4.68,4.72,2.52,3.79,2.96,3.85,3.45,3.95,0.24,5.69,0.70,5.71,0.21,40.04,6.26,C2'-exo
209,209,0.54,G,G,G,0,0,1,0,0,),168,1,cWW,cW-W,5.82,2.46,0.85,1.24,4.13,4.59,5.83,3.17,..,anti,A,4.68,4.72,3.11,3.78,3.29,3.84,3.63,4.43,6.13,5.94,0.68,5.50,0.59,44.78,0.51,C3'-endo
210,210,0.54,U,U,U,0,0,0,1,0,),167,1,cWW,cW-W,5.73,2.61,0.79,1.40,3.33,5.16,4.46,3.45,BI,anti,A,4.21,4.33,2.92,3.83,3.23,3.73,4.16,4.09,6.25,5.85,0.72,5.53,0.50,43.97,0.37,C3'-endo
211,211,0.54,U,U,U,0,0,0,1,0,),166,1,cWW,cW-W,4.07,3.19,2.02,1.32,3.93,4.70,5.51,3.16,BI,anti,A,4.52,4.59,3.04,3.47,3.25,3.53,3.91,4.21,6.27,5.84,0.71,5.55,0.47,43.10,0.34,C3'-endo
212,212,0.54,G,G,G,0,0,1,0,0,),165,1,cWW,cW-W,5.68,2.84,0.61,1.37,3.46,4.97,4.78,3.56,BI,anti,A,4.32,4.54,2.83,3.61,3.08,3.64,4.04,3.79,0.26,5.64,0.77,5.65,0.23,44.14,6.26,C2'-exo
213,213,0.55,G,G,G,0,0,1,0,0,),164,1,cWW,cW-W,4.81,3.04,1.45,1.40,4.10,4.20,6.18,3.37,..,anti,A,4.48,4.74,3.10,3.57,3.18,3.61,3.47,3.93,0.06,5.85,0.63,5.67,0.35,37.00,0.23,C3'-endo
214,214,0.55,U,U,U,0,0,0,1,0,),163,1,cWW,cW-W,5.98,2.15,0.75,1.23,3.80,5.01,5.08,3.47,BI,anti,A,4.48,4.73,2.88,3.88,3.08,3.81,3.63,4.25,6.24,5.88,0.67,5.57,0.48,41.47,0.38,C3'-endo
215,215,0.55,A,A,A,1,0,0,0,0,),162,1,cWW,cW-W,5.01,3.09,1.08,1.31,3.78,5.58,4.49,3.45,BI,anti,.,4.62,4.83,2.85,3.88,3.03,3.65,3.82,3.40,0.15,5.74,0.71,5.63,0.32,41.22,0.12,C3'-endo
216,216,0.56,C,C,C,0,1,0,0,0,),161,1,cWW,cW-W,4.01,1.68,2.93,1.59,4.50,5.03,5.75,3.29,..,anti,.,4.50,4.75,3.34,3.43,3.27,3.59,3.17,4.45,0.30,5.72,0.60,5.84,0.09,34.88,6.10,C2'-exo
217,217,0.56,A,A,A,1,0,0,0,0,.,160,1,cWH,cW+M,4.75,2.83,1.12,1.21,4.33,4.47,6.15,3.26,..,anti,.,4.81,5.00,2.38,4.01,2.81,3.76,3.90,3.63,0.15,5.70,0.78,5.57,0.36,45.01,0.14,C3'-endo
218,218,0.56,G,G,G,0,0,1,0,0,.,159,1,cWH,cW+M,1.28,4.29,3.97,1.45,3.82,5.08,5.02,3.29,BI,anti,.,4.79,4.84,3.04,3.07,3.08,3.35,3.31,4.02,0.34,5.61,0.73,5.73,0.13,42.57,6.13,C2'-exo
219,219,0.56,A,A,A,1,0,0,0,0,),158,1,cWW,cW-W,5.35,3.09,0.83,1.38,4.02,4.81,5.49,3.38,BI,anti,A,4.55,4.76,3.03,3.79,3.30,3.88,4.11,4.46,0.22,5.69,0.74,5.66,0.26,42.18,0.03,C3'-endo
220,220,0.57,G,G,G,0,0,1,0,0,),"157,179",2,"cWW,tSS","cW-W,tm+m",5.20,2.72,1.25,1.37,4.26,4.43,6.11,3.33,..,anti,.,4.54,4.80,3.04,4.20,3.27,4.05,4.09,4.48,0.24,5.66,0.75,5.66,0.24,42.72,0.00,C3'-endo
221,221,0.57,U,U,U,0,0,0,1,0,),156,1,cWW,cW-W,1.94,4.03,3.53,1.61,5.08,5.36,6.01,2.95,..,anti,.,4.86,4.84,3.21,4.16,3.38,3.96,4.20,3.69,0.38,5.63,0.67,5.83,0.05,39.38,6.03,C2'-exo
222,222,0.57,A,A,A,1,0,0,0,0,.,154,1,tWH,tW-M,5.40,5.42,4.55,2.90,3.36,4.66,4.99,4.23,BI,anti,.,1.57,1.57,3.34,3.14,3.49,2.81,3.27,2.33,0.08,0.34,5.68,0.66,5.82,38.10,3.58,C3'-exo
223,223,0.57,A,A,A,1,0,0,0,0,.,,0,,,2.52,2.15,0.56,1.31,4.80,3.42,1.38,3.48,BII,anti,.,3.48,4.25,5.88,3.43,0.08,2.92,0.36,0.92,6.03,6.06,0.59,5.53,0.63,42.96,0.66,C4'-exo
224,224,0.58,A,A,A,1,0,0,0,0,.,138,1,cHW,cM+W,1.61,3.23,0.78,2.81,4.89,1.56,3.33,1.07,..,syn,.,-0.47,1.71,6.20,3.15,0.57,2.68,2.22,3.17,5.70,0.83,5.53,0.43,0.09,47.60,2.71,C2'-endo
225,225,0.58,U,U,U,0,0,0,1,0,),"149,154",2,"cWW,tSW","cW-W,tm+W",1.77,4.20,3.39,1.64,3.66,4.99,4.96,3.48,BI,anti,.,4.40,4.60,3.97,3.22,3.94,3.20,4.55,3.37,0.29,5.65,0.72,5.71,0.18,41.41,6.21,C2'-exo
226,226,0.58,G,G,G,0,0,1,0,0,),148,1,cWW,cW-W,4.88,3.20,1.15,1.31,3.42,5.17,4.53,3.39,BI,anti,A,4.44,4.51,2.86,3.68,3.11,3.72,3.56,4.17,0.04,5.77,0.77,5.53,0.45,45.59,0.27,C3'-endo
227,227,0.58,A,A,A,1,0,0,0,0,),147,1,cWW,cW-W,4.91,3.42,1.07,1.37,3.46,5.23,4.51,3.58,BI,anti,A,4.24,4.52,3.03,3.76,3.22,3.76,3.85,4.11,6.27,5.87,0.66,5.60,0.44,40.08,0.34,C3'-endo
228,228,0.59,A,A,A,1,0,0,0,0,),146,1,cWW,cW-W,4.77,3.25,1.13,1.25,3.20,5.48,4.01,3.40,BI,anti,A,4.50,4.52,2.89,3.68,3.14,3.68,3.77,4.26,6.21,5.88,0.70,5.52,0.53,44.14,0.42,C3'-endo
229,229,0.59,G,G,G,0,0,1,0,0,),145,1,cWW,cW-W,4.65,3.25,1.17,1.49,4.06,4.50,5.84,3.22,..,anti,A,4.64,4.66,3.01,3.66,3.23,3.73,4.06,4.49,6.26,5.87,0.66,5.59,0.45,40.37,0.35,C3'-endo
230,230,0.59,C,C,C,0,1,0,0,0,),133,1,cWW,cW-W,5.60,2.70,0.66,1.41,3.74,4.82,5.20,3.52,BI,anti,A,4.38,4.67,2.80,3.78,3.06,3.78,4.12,4.15,0.18,5.70,0.75,5.62,0.31,43.26,0.09,C3'-endo
231,231,0.59,A,A,A,1,0,0,0,0,),132,1,cWW,cW-W,5.51,2.83,0.78,1.47,3.65,4.92,5.01,3.31,BI,anti,A,4.68,4.68,2.89,3.69,3.14,3.70,3.84,3.92,0.11,5.75,0.72,5.61,0.36,41.97,0.17,C3'-endo
232,232,0.60,G,G,G,0,0,1,0,0,),131,1,cWW,cW-W,4.94,3.02,1.30,1.45,3.61,4.96,4.93,3.30,BI,anti,A,4.55,4.52,3.01,3.72,3.26,3.69,3.75,4.16,6.24,5.88,0.67,5.57,0.48,41.34,0.39,C3'-endo
233,233,0.60,A,A,A,1,0,0,0,0,),130,1,cWW,cW-W,5.33,3.14,0.79,1.45,3.34,5.40,4.22,3.38,BI,anti,A,4.41,4.44,3.04,3.93,3.27,3.96,4.00,4.76,6.24,5.86,0.70,5.54,0.50,43.01,0.38,C3'-endo
234,234,0.60,U,U,U,0,0,0,1,0,),129,1,cWW,cW-W,4.63,3.23,1.09,1.49,4.06,3.11,0.95,3.62,BII,anti,.,3.83,4.57,2.86,2.40,3.18,2.11,4.26,4.11,6.26,5.89,0.64,5.61,0.44,39.30,0.36,C3'-endo
235,235,0.60,U,U,U,0,0,0,1,0,.,,0,,,0.94,3.57,0.88,2.40,4.20,2.50,1.70,3.95,BII,anti,.,1.80,1.59,6.04,2.50,6.11,1.89,3.95,1.10,5.79,0.67,5.70,0.31,0.11,37.73,2.65,C2'-endo
236,236,0.61,G,G,G,0,0,1,0,0,.,129,1,...,....,1.68,2.99,1.10,1.70,3.23,0.87,2.36,3.62,..,anti,.,3.69,3.96,0.34,6.24,0.54,5.77,1.14,5.35,0.01,5.94,0.54,5.74,0.34,32.45,0.31,C3'-endo
237,237,0.61,A,A,A,1,0,0,0,0,.,,0,,,1.38,3.41,5.28,2.81,3.55,1.45,2.10,3.97,..,anti,.,1.72,1.76,4.48,0.83,5.31,1.31,5.96,2.72,5.91,0.73,5.49,0.59,6.15,45.86,2.98,C2'-endo
238,238,0.61,U,U,U,0,0,0,1,0,),128,1,cWW,cW-W,1.45,2.70,5.26,1.70,3.75,4.99,5.04,3.53,BI,anti,.,4.34,4.69,3.94,3.42,3.43,3.62,2.27,3.98,0.44,5.66,0.56,5.95,6.22,35.25,5.86,C2'-exo
239,239,0.61,G,G,G,0,0,1,0,0,),"127,193",2,"cWW,tSS","cW-W,tm+m",4.84,3.47,0.98,1.55,3.89,4.63,5.54,3.26,BI,anti,.,4.41,4.57,2.98,4.04,3.10,3.91,3.43,4.28,0.04,5.78,0.75,5.54,0.44,44.39,0.27,C3'-endo
240,240,0.62,A,A,A,1,0,0,0,0,),126,1,cWW,cW-W,2.26,3.32,3.61,1.64,3.66,5.22,4.73,3.35,BI,anti,A,4.63,4.70,2.97,3.29,3.13,3.46,3.81,3.91,0.39,5.62,0.67,5.82,0.05,39.66,6.03,C2'-exo
241,241,0.62,A,A,A,1,0,0,0,0,),125,1,cWW,cW-W,4.97,3.23,0.94,1.36,3.61,5.10,4.79,3.40,BI,anti,A,4.57,4.67,2.88,3.65,3.16,3.66,3.78,4.04,0.02,5.82,0.72,5.56,0.44,42.93,0.30,C3'-endo
242,242,0.62,G,G,G,0,0,1,0,0,),124,1,cWW,cW-W,4.92,3.15,1.08,1.26,3.80,5.26,4.82,3.32,BI,anti,A,4.70,4.79,2.94,3.83,3.08,3.84,3.67,4.23,0.06,5.78,0.73,5.58,0.41,42.91,0.24,C3'-endo
243,243,0.62,G,G,G,0,0,1,0,0,),123,1,cWW,cW-W,4.33,2.80,1.98,1.39,4.39,4.86,5.82,3.13,..,anti,.,4.64,4.69,3.03,3.85,3.28,3.89,3.94,4.89,6.25,5.89,0.66,5.59,0.45,40.44,0.37,C3'-endo
244,244,0.63,G,G,G,0,0,1,0,0,.,122,1,tSH,tm-M,5.09,2.71,1.21,1.39,4.48,4.07,0.40,3.33,..,anti,.,4.42,4.81,2.89,3.65,3.23,3.40,4.51,3.89,0.25,5.67,0.73,5.68,0.23,41.91,6.27,C2'-exo
245,245,0.63,A,A,A,1,0,0,0,0,.,32,1,tWS,tW+m,0.84,3.35,1.09,2.33,3.45,2.11,1.34,4.32,..,anti,.,0.71,1.50,5.27,1.59,5.64,1.22,4.88,1.05,5.92,0.40,5.99,0.09,0.17,22.93,2.39,C1'-exo
246,246,0.63,A,A,A,1,0,0,0,0,.,,0,,,3.47,3.43,1.05,2.51,4.26,3.61,0.65,3.65,..,anti,.,1.18,1.37,2.23,4.00,2.43,4.01,2.29,4.36,5.88,0.68,5.60,0.47,6.24,40.45,2.87,C2'-endo
247,247,0.63,A,A,A,1,0,0,0,0,),24,1,cWW,cW-W,5.93,1.45,1.92,1.21,3.77,4.98,5.08,3.28,BI,anti,A,4.62,4.71,3.49,3.63,3.96,3.38,4.54,3.83,6.17,5.86,0.76,5.44,0.60,48.63,0.45,C3'-endo
248,248,0.64,G,G,G,0,0,1,0,0,),"23,67",2,"cWW,tSS","cW-W,tm+m",5.23,3.03,0.94,1.42,3.64,5.09,4.84,3.44,BI,anti,A,4.44,4.63,2.96,3.76,3.22,3.77,4.03,4.27,0.08,5.73,0.79,5.53,0.43,46.58,0.23,C3'-endo
249,249,0.64,A,A,A,1,0,0,0,0,),22,1,cWW,cW-W,4.95,2.92,1.20,1.39,4.13,4.61,5.81,3.28,..,anti,A,4.65,4.77,3.02,3.58,3.23,3.62,3.98,4.10,0.02,5.79,0.75,5.52,0.47,45.15,0.30,C3'-endo
250,250,0.64,C,C,C,0,1,0,0,0,),21,1,cWW,cW-W,5.19,2.73,0.99,1.48,3.69,4.82,5.15,3.43,BI,anti,A,4.51,4.66,2.87,3.64,3.11,3.61,3.84,3.88,0.09,5.74,0.77,5.55,0.40,44.89,0.21,C3'-endo
251,251,0.65,U,U,U,0,0,0,1,0,),20,1,cWW,cW-W,5.31,2.92,0.93,1.41,3.81,5.03,5.07,3.45,BI,anti,A,4.51,4.72,3.04,3.81,3.21,3.79,3.71,4.27,0.09,5.77,0.71,5.61,0.37,41.38,0.20,C3'-endo
252,252,0.65,G,G,G,0,0,1,0,0,),19,1,cWW,cW-W,5.09,3.10,0.91,1.39,3.47,5.26,4.49,3.48,BI,anti,A,4.46,4.62,2.87,3.73,3.12,3.74,3.89,4.24,0.10,5.79,0.68,5.65,0.34,39.54,0.18,C3'-endo
253,253,0.65,C,C,C,0,1,0,0,0,),18,1,cWW,cW-W,4.71,3.05,1.23,1.38,3.72,5.05,4.95,3.42,BI,anti,A,4.53,4.69,2.84,3.84,3.13,3.84,3.93,4.17,0.05,5.78,0.73,5.56,0.43,43.39,0.26,C3'-endo
254,254,0.65,A,A,A,1,0,0,0,0,),17,1,cWW,cW-W,5.21,2.88,1.08,1.25,3.64,5.11,4.82,3.32,BI,anti,.,4.46,4.58,2.91,3.74,3.22,3.73,3.86,4.60,6.12,5.93,0.71,5.47,0.61,46.45,0.52,C3'-endo
255,255,0.66,U,U,U,0,0,0,1,0,),16,1,cWW,cW-W,4.68,2.84,1.44,1.39,4.24,4.62,5.90,3.08,..,anti,A,4.79,4.72,2.90,3.70,3.17,3.70,4.37,4.00,6.26,5.89,0.65,5.61,0.44,39.53,0.36,C3'-endo
256,256,0.66,U,U,U,0,0,0,1,0,),15,1,cWW,cW-W,5.08,2.34,1.55,1.27,4.18,4.27,6.19,3.29,..,anti,A,4.29,4.55,2.96,3.42,3.20,3.39,3.77,3.59,6.19,5.93,0.64,5.57,0.50,40.87,0.45,C3'-endo
257,257,0.66,C,C,C,0,1,0,0,0,),14,1,cWW,cW-W,5.79,2.56,0.59,1.41,3.65,4.93,5.00,3.56,BI,anti,A,4.28,4.63,2.83,3.79,2.92,3.80,3.33,4.25,0.15,5.68,0.81,5.55,0.37,46.75,0.14,C3'-endo
258,258,0.66,U,U,U,0,0,0,1,0,.,12,1,tWH,tW-M,5.34,2.97,0.98,1.45,3.64,4.75,5.17,3.55,BI,anti,.,4.19,4.56,3.04,3.52,3.32,3.51,4.05,3.46,6.27,5.81,0.77,5.51,0.50,46.40,0.33,C3'-endo
259,259,0.67,U,U,U,0,0,0,1,0,.,110,1,cWH,cW+M,4.96,3.17,1.25,1.45,4.04,3.92,0.11,3.67,..,anti,.,3.67,4.44,3.15,3.35,3.22,2.83,3.24,2.43,6.04,6.06,0.58,5.56,0.61,41.71,0.65,C4'-exo
260,260,0.67,A,A,A,1,0,0,0,0,.,"5,378",2,"cWS,tHS","cW-m,tM-m",0.98,3.12,2.87,2.45,4.96,4.53,0.43,3.81,..,anti,.,1.46,1.03,1.78,3.77,1.45,3.67,1.02,3.51,5.71,0.75,5.68,0.29,0.18,41.27,2.57,C2'-endo
261,261,0.67,C,C,C,0,1,0,0,0,],3,1,cWW,cW-W,5.64,4.12,4.86,2.72,4.89,4.98,6.19,4.98,..,anti,.,0.43,0.60,2.72,4.94,3.10,5.01,3.09,5.94,5.87,0.66,5.64,0.43,6.27,38.78,2.83,C2'-endo
262,262,0.67,C,C,C,0,1,0,0,0,),10,1,cWW,cW-W,5.17,3.05,0.97,1.33,3.87,4.99,5.16,3.17,BI,anti,A,4.54,4.63,2.66,3.84,3.41,3.89,3.16,4.43,6.17,5.97,0.60,5.61,0.49,38.72,0.48,C3'-endo
263,263,0.68,C,C,C,0,1,0,0,0,),9,1,cWW,cW-W,5.39,3.17,0.60,1.31,3.59,5.19,4.68,3.46,BI,anti,A,4.35,4.65,2.93,3.71,3.10,3.79,3.87,4.24,0.05,5.81,0.70,5.59,0.41,41.49,0.26,C3'-endo
264,264,0.68,G,G,G,0,0,1,0,0,),8,1,cWW,cW-W,4.96,3.09,1.13,1.29,3.88,4.99,5.18,3.32,BI,anti,A,4.47,4.62,2.92,3.76,3.15,3.75,3.78,4.20,6.13,5.93,0.70,5.49,0.59,45.64,0.50,C3'-endo
265,265,0.68,G,G,G,0,0,1,0,0,),7,1,cWW,cW-W,5.10,2.79,1.27,1.23,3.73,4.99,5.02,3.19,BI,anti,A,4.69,4.67,2.89,3.62,3.14,3.67,3.91,4.23,6.18,5.88,0.74,5.47,0.58,47.06,0.45,C3'-endo
266,266,0.68,G,G,G,0,0,1,0,0,),"6,319",2,"cWW,tSS","cW-W,tm+m",5.07,2.98,1.22,1.41,3.93,4.86,5.35,3.41,BI,anti,.,4.26,4.55,3.09,3.87,3.32,3.95,4.08,3.72,6.19,5.89,0.72,5.50,0.55,45.32,0.43,C3'-endo
267,267,0.69,G,G,G,0,0,1,0,0,(,"286,320",2,"cWW,tSS","cW-W,tm+m",5.26,3.17,0.75,2.44,3.80,2.27,1.53,4.26,..,anti,.,3.23,2.60,2.86,2.21,3.23,2.01,3.18,2.46,5.62,0.79,5.68,0.23,0.27,44.35,2.46,C1'-exo
268,268,0.69,A,A,A,1,0,0,0,0,.,285,1,tHW,tM-W,5.34,2.30,0.77,1.44,4.07,5.15,5.21,3.02,..,anti,.,4.95,4.77,3.26,4.25,3.20,4.23,3.33,5.18,6.25,5.86,0.69,5.56,0.48,42.42,0.36,C3'-endo
269,269,0.69,G,G,G,0,0,1,0,0,.,284,1,tH.,tM-.,5.10,2.81,0.82,1.43,3.58,5.34,4.52,3.29,BI,anti,.,4.71,4.63,2.55,4.07,3.05,4.08,4.58,4.99,0.18,5.76,0.65,5.71,0.25,37.57,0.06,C3'-endo
270,270,0.69,G,G,G,0,0,1,0,0,.,283,1,cWW,cW-W,4.53,3.15,1.36,1.55,4.04,4.95,5.37,3.19,BI,anti,A,4.69,4.72,2.83,4.00,3.23,4.01,4.57,4.31,0.13,5.78,0.67,5.68,0.30,38.51,0.13,C3'-endo
271,271,0.70,U,U,U,0,0,0,1,0,(,282,1,cWW,cW-W,4.91,2.87,1.46,1.38,4.26,4.71,5.83,3.19,..,anti,A,4.54,4.67,3.08,3.78,3.38,3.80,4.03,4.51,6.21,5.88,0.70,5.53,0.52,43.76,0.41,C3'-endo
272,272,0.70,C,C,C,0,1,0,0,0,(,281,1,cWW,cW-W,5.26,2.74,1.03,1.35,3.86,4.86,5.29,3.34,BI,anti,A,4.67,4.75,2.88,3.65,3.15,3.65,4.15,4.06,6.24,5.86,0.70,5.55,0.50,42.93,0.38,C3'-endo
273,273,0.70,U,U,U,0,0,0,1,0,(,"92,280",2,"cSS,cWW","cm-m,cW-W",5.36,3.27,0.51,1.53,3.51,5.08,4.72,3.42,BI,anti,A,4.44,4.60,2.97,3.66,3.12,3.72,3.73,3.93,0.29,5.60,0.80,5.64,0.22,45.66,6.24,C2'-exo
274,274,0.70,G,G,G,0,0,1,0,0,(,279,1,cWW,cW-W,5.11,2.82,0.99,1.25,3.80,5.23,4.85,3.35,BI,anti,.,4.42,4.61,2.92,4.00,3.12,4.02,3.50,4.98,6.19,5.82,0.81,5.42,0.61,50.94,0.41,C3'-endo
275,275,0.71,G,G,G,0,0,1,0,0,.,278,1,tSH,tm-M,5.17,2.95,0.68,1.28,3.49,5.79,3.99,3.32,BI,anti,.,4.86,4.82,2.67,4.24,3.00,3.40,4.30,2.42,0.03,5.79,0.77,5.54,0.46,45.59,0.28,C3'-endo
276,276,0.71,A,A,A,1,0,0,0,0,.,,0,,,2.96,2.13,1.03,1.55,4.15,4.75,5.69,3.09,..,anti,B,3.79,4.09,0.34,4.16,0.87,4.01,0.39,4.89,5.76,0.02,0.43,5.57,0.77,45.04,0.99,C4'-exo
277,277,0.71,A,A,A,1,0,0,0,0,.,,0,,,4.72,2.74,1.61,1.64,4.05,4.71,5.63,3.55,..,anti,.,3.79,4.41,2.88,3.82,3.25,3.78,4.54,4.68,0.09,5.82,0.64,5.68,0.32,37.37,0.19,C3'-endo
278,278,0.71,A,A,A,1,0,0,0,0,.,275,1,tHS,tM-m,5.19,2.75,0.97,1.66,3.97,5.34,4.91,3.73,BI,anti,.,3.82,4.63,2.81,4.57,3.17,4.57,4.34,5.15,0.14,5.79,0.65,5.69,0.29,37.74,0.12,C3'-endo
279,279,0.72,C,C,C,0,1,0,0,0,),274,1,cWW,cW-W,5.16,2.62,1.14,1.24,3.22,5.34,4.17,3.24,BI,anti,A,4.70,4.67,2.76,3.68,3.47,3.66,4.72,4.09,0.07,5.73,0.81,5.50,0.46,47.82,0.24,C3'-endo
280,280,0.72,A,A,A,1,0,0,0,0,),273,1,cWW,cW-W,5.04,3.10,0.90,1.40,3.23,5.02,4.49,3.40,BI,anti,.,4.31,4.40,2.98,4.11,3.30,3.91,4.05,4.18,6.27,5.82,0.76,5.52,0.49,45.77,0.33,C3'-endo
281,281,0.72,G,G,G,0,0,1,0,0,),"93,272",2,"tSW,cWW","tm+W,cW-W",2.63,3.62,3.18,1.41,3.80,5.05,5.03,3.05,BI,anti,A,4.50,4.60,2.98,3.31,3.22,3.39,3.87,3.93,0.03,5.82,0.69,5.59,0.42,41.25,0.28,C3'-endo
282,282,0.72,A,A,A,1,0,0,0,0,),271,1,cWW,cW-W,4.91,3.23,1.06,1.35,3.60,4.97,4.91,3.49,BI,anti,A,4.17,4.62,2.91,3.58,3.11,3.63,3.83,3.95,0.13,5.69,0.81,5.53,0.39,46.88,0.17,C3'-endo
283,283,0.73,A,A,A,1,0,0,0,0,.,270,1,cWW,cW-W,4.90,2.85,1.32,1.54,4.02,4.97,5.34,3.38,BI,anti,.,4.50,4.68,2.98,4.12,3.21,4.12,3.73,4.87,6.20,5.90,0.68,5.56,0.51,42.73,0.42,C3'-endo
284,284,0.73,G,G,G,0,0,1,0,0,.,269,1,t.H,t.-M,5.18,2.89,1.13,1.37,4.01,4.90,5.39,3.36,BI,anti,.,4.54,4.71,2.94,3.40,3.38,3.32,4.57,2.81,6.19,5.91,0.67,5.55,0.52,42.48,0.44,C3'-endo
285,285,0.73,U,U,U,0,0,0,1,0,.,268,1,tWH,tW-M,4.45,1.49,2.86,2.89,4.69,4.85,6.13,3.84,..,anti,.,0.46,0.35,4.73,3.78,4.10,4.43,3.41,5.33,6.09,0.56,5.58,0.61,6.02,40.22,3.20,C3'-exo
286,286,0.74,C,C,C,0,1,0,0,0,),267,1,cWW,cW-W,5.43,2.33,0.57,1.50,3.15,3.65,5.78,4.82,..,anti,.,0.62,3.90,2.20,2.99,3.24,3.00,4.06,5.72,5.98,6.12,0.54,5.56,0.65,41.86,0.74,C4'-exo
287,287,0.74,A,A,A,1,0,0,0,0,.,,0,,,1.80,1.70,1.49,1.39,4.10,5.37,5.02,3.73,..,anti,.,3.73,4.64,5.27,4.20,5.27,3.38,2.78,2.60,0.39,5.59,0.73,5.77,0.08,42.70,6.07,C2'-exo
288,288,0.74,G,G,G,0,0,1,0,0,.,359,1,tWH,tW-M,5.51,4.88,4.61,1.72,3.66,5.24,4.70,3.60,BI,anti,.,3.99,4.28,2.49,2.87,2.21,3.37,1.66,4.20,0.17,5.81,0.59,5.78,0.22,33.59,0.04,C3'-endo
289,289,0.74,C,C,C,0,1,0,0,0,.,358,1,tWH,tW-M,4.76,2.87,1.30,2.46,3.77,1.66,2.10,3.67,..,anti,.,2.08,1.94,2.80,1.76,3.63,0.66,4.48,4.98,5.69,0.76,5.65,0.30,0.18,42.70,2.58,C2'-endo
290,290,0.75,A,A,A,1,0,0,0,0,.,327,1,cSW,cm-W,1.85,2.87,0.42,1.40,3.09,4.80,4.57,3.78,BI,anti,.,3.92,4.46,5.87,3.27,0.01,3.50,2.04,2.98,0.07,5.81,0.69,5.62,0.38,40.35,0.23,C3'-endo
291,291,0.75,G,G,G,0,0,1,0,0,.,326,1,tSH,tm-M,4.14,3.66,1.87,2.63,3.55,2.66,0.89,4.51,..,anti,.,2.06,1.94,2.92,2.76,3.48,2.26,2.94,2.80,5.90,0.69,5.56,0.52,6.20,42.43,2.93,C2'-endo
292,292,0.75,A,A,A,1,0,0,0,0,.,325,1,tHS,tM-m,5.49,2.69,0.32,1.45,3.75,5.06,4.97,3.21,BI,anti,.,4.76,4.75,3.04,3.88,2.74,3.93,3.03,3.93,0.30,5.64,0.74,5.70,0.18,42.34,6.20,C2'-exo
293,293,0.75,A,A,A,1,0,0,0,0,.,324,1,tHS,tM-m,5.07,2.91,1.42,1.17,4.09,5.22,5.15,3.37,..,anti,.,4.42,4.72,3.12,4.06,3.33,4.13,3.59,5.03,6.18,5.91,0.69,5.52,0.55,43.89,0.46,C3'-endo
294,294,0.76,G,G,G,0,0,1,0,0,(,323,1,cWW,cW-W,5.20,3.02,0.99,1.43,3.56,4.79,5.05,3.25,BI,anti,.,4.72,4.69,2.82,3.94,3.29,3.85,4.65,4.16,0.12,5.75,0.71,5.63,0.34,41.19,0.16,C3'-endo
295,295,0.76,U,U,U,0,0,0,1,0,(,322,1,cWW,cW-W,1.32,3.05,4.94,1.90,3.78,5.23,4.84,3.64,BI,anti,A,4.14,4.64,3.28,3.71,3.45,3.81,3.99,4.08,0.53,5.63,0.53,6.04,6.11,36.71,5.68,C2'-exo
296,296,0.76,C,C,C,0,1,0,0,0,(,321,1,cWW,cW-W,5.18,3.40,0.37,1.46,3.48,5.17,4.60,3.73,BI,anti,A,4.07,4.60,2.66,3.60,2.93,3.74,3.34,4.47,0.14,5.71,0.77,5.58,0.35,44.47,0.14,C3'-endo
297,297,0.76,A,A,A,1,0,0,0,0,.,,0,,,4.98,3.18,0.94,1.35,3.58,5.01,4.86,3.47,BI,anti,.,4.55,4.73,2.92,3.51,3.19,3.49,4.07,3.31,0.11,5.73,0.76,5.57,0.38,44.09,0.18,C3'-endo
298,298,0.77,U,U,U,0,0,0,1,0,(,320,1,cWW,cW-W,5.01,3.20,1.02,1.43,3.52,0.91,2.62,3.80,..,anti,.,3.85,4.59,3.09,5.86,3.16,5.19,3.11,4.70,0.11,5.80,0.64,5.69,0.31,37.31,0.16,C3'-endo
299,299,0.77,A,A,A,1,0,0,0,0,.,319,1,tHH,tM+M,2.59,2.62,1.17,2.56,4.75,2.13,2.62,3.82,..,anti,.,0.93,0.81,1.01,2.98,2.17,2.35,2.32,2.58,5.77,0.75,5.60,0.40,0.07,42.70,2.73,C2'-endo
300,300,0.77,G,G,G,0,0,1,0,0,.,301,1,cSH,cm+M,0.97,4.37,4.66,2.47,3.02,2.85,0.17,4.67,..,anti,.,1.90,2.01,5.15,0.70,4.61,1.09,4.43,1.47,5.92,0.58,5.72,0.37,6.28,34.08,2.82,C2'-endo
301,301,0.77,U,U,U,0,0,0,1,0,.,"300,318",2,"cHS,tWH","cM+m,tW-M",5.30,2.71,0.49,1.53,3.45,5.30,4.43,3.38,BI,anti,A,4.29,4.37,2.78,4.05,2.66,4.05,2.71,4.59,0.06,5.85,0.63,5.67,0.35,36.98,0.24,C3'-endo
302,302,0.78,A,A,A,1,0,0,0,0,.,317,1,tHS,tM-m,4.39,3.37,1.41,1.30,3.63,5.01,4.91,3.34,BI,anti,.,4.39,4.51,2.79,4.25,3.14,4.30,4.03,5.25,6.12,5.96,0.66,5.51,0.58,43.80,0.53,C3'-endo
303,303,0.78,C,C,C,0,1,0,0,0,(,316,1,cWW,cW-W,3.14,4.00,2.37,1.32,4.29,4.40,6.17,3.28,..,anti,A,4.66,4.88,2.83,3.73,3.38,3.72,4.78,3.85,0.10,5.83,0.62,5.70,0.30,35.90,0.17,C3'-endo
304,304,0.78,C,C,C,0,1,0,0,0,(,315,1,cWW,cW-W,5.96,2.70,0.34,1.37,3.61,4.91,4.98,3.95,BI,anti,.,3.41,4.71,2.98,3.57,3.12,3.59,3.48,3.79,0.06,5.80,0.69,5.60,0.39,40.94,0.25,C3'-endo
305,305,0.78,C,C,C,0,1,0,0,0,(,314,1,cWW,cW-W,5.39,3.04,0.71,1.39,3.46,4.67,5.07,3.42,BI,anti,.,4.45,4.48,2.92,3.90,3.08,3.93,3.48,4.76,6.24,5.92,0.61,5.63,0.44,38.01,0.39,C3'-endo
306,306,0.79,U,U,U,0,0,0,1,0,.,,0,,,2.92,3.96,2.64,1.31,4.43,3.96,0.46,3.07,..,anti,.,4.90,4.91,2.79,3.77,3.18,3.56,4.36,4.02,0.28,5.63,0.76,5.67,0.22,43.85,6.24,C2'-exo
307,307,0.79,G,G,G,0,0,1,0,0,.,312,1,cWW,cW-W,2.15,3.81,3.07,1.82,3.73,5.38,4.64,2.60,BI,anti,.,3.89,4.65,2.54,4.67,2.85,4.56,3.81,4.74,0.55,5.60,0.56,6.02,6.10,38.91,5.69,C2'-exo
308,308,0.79,U,U,U,0,0,0,1,0,.,,0,,,3.90,4.40,1.57,2.33,3.49,3.86,5.91,4.50,..,anti,.,2.05,2.08,2.71,3.14,3.52,2.00,4.23,1.31,5.82,0.66,5.69,0.34,0.07,37.41,2.71,C2'-endo
309,309,0.79,U,U,U,0,0,0,1,0,.,,0,,,4.07,1.74,0.25,2.37,3.34,2.86,0.48,3.71,..,anti,.,2.33,2.50,0.49,2.11,0.68,1.08,0.76,5.92,5.80,0.66,5.70,0.32,0.10,37.47,2.66,C2'-endo
310,310,0.80,C,C,C,0,1,0,0,0,.,,0,,,3.51,2.09,0.37,1.64,5.30,1.71,3.59,4.96,..,anti,.,-1.93,4.12,1.33,1.83,1.71,1.78,2.70,2.06,0.14,5.83,0.57,5.78,0.23,32.52,0.08,C3'-endo
311,311,0.80,G,G,G,0,0,1,0,0,.,,0,,,3.75,1.84,3.09,2.18,4.40,2.41,1.99,1.71,BII,...,.,1.21,3.86,4.50,1.41,4.37,1.80,4.91,1.26,0.45,5.99,0.04,0.22,5.86,25.81,4.80,O4'-exo
312,312,0.80,C,C,C,0,1,0,0,0,.,307,1,cWW,cW-W,2.58,4.44,1.19,1.50,2.87,4.12,5.04,3.78,..,anti,.,3.70,3.90,2.28,3.13,2.06,2.64,2.28,3.08,6.17,6.04,0.48,5.72,0.42,31.76,0.52,C3'-endo
313,313,0.80,A,A,A,1,0,0,0,0,.,,0,,,1.83,4.04,3.56,1.43,4.39,4.93,5.75,0.49,..,syn,.,-3.88,4.65,3.16,3.58,2.86,3.76,3.51,3.45,6.27,5.90,0.62,5.65,0.41,37.38,0.34,C3'-endo
314,314,0.81,G,G,G,0,0,1,0,0,),305,1,cWW,cW-W,4.98,2.96,1.03,1.51,3.78,4.88,5.19,3.45,BI,anti,A,4.49,4.67,2.67,3.84,3.12,3.81,3.08,4.15,0.13,5.81,0.61,5.73,0.27,35.18,0.11,C3'-endo
315,315,0.81,G,G,G,0,0,1,0,0,),304,1,cWW,cW-W,5.38,2.93,0.89,1.44,3.57,5.86,3.99,3.32,BI,anti,.,4.51,4.53,2.98,4.23,3.25,3.95,3.92,4.19,0.03,5.84,0.67,5.62,0.40,39.72,0.28,C3'-endo
316,316,0.81,G,G,G,0,0,1,0,0,),303,1,cWW,cW-W,3.63,1.78,2.95,1.76,3.97,5.42,4.84,3.05,BI,anti,.,4.45,4.57,3.15,3.53,3.24,3.81,3.84,4.99,0.37,5.69,0.58,5.89,0.02,34.97,5.98,C2'-exo
317,317,0.81,G,G,G,0,0,1,0,0,.,302,1,tSH,tm-M,4.64,3.10,1.19,1.55,3.63,4.18,5.73,3.58,..,anti,.,4.40,4.65,2.55,3.16,3.20,2.82,4.74,2.63,0.20,5.74,0.66,5.72,0.23,37.98,0.03,C3'-endo
318,318,0.82,A,A,A,1,0,0,0,0,.,301,1,tHW,tM-W,0.77,4.07,4.87,1.63,3.68,5.05,4.92,3.46,BI,anti,.,4.26,4.50,3.49,2.87,3.08,3.25,2.73,4.06,0.18,5.81,0.57,5.80,0.19,32.49,0.01,C3'-endo
319,319,0.82,A,A,A,1,0,0,0,0,.,"266,299",2,"tSS,tHH","tm+m,tM+M",4.90,3.28,1.15,1.65,3.82,4.81,5.29,4.19,BI,anti,.,2.09,4.18,3.21,3.71,3.50,3.91,4.16,4.64,0.14,5.86,0.53,5.81,0.21,30.62,0.07,C3'-endo
320,320,0.82,G,G,G,0,0,1,0,0,),"267,298",2,"tSS,cWW","tm+m,cW-W",4.90,3.51,1.00,1.77,3.32,5.62,3.98,4.90,BI,anti,.,-0.57,4.47,3.19,4.34,3.39,4.22,3.95,4.39,0.42,5.66,0.58,5.93,6.25,35.75,5.89,C2'-exo
321,321,0.83,G,G,G,0,0,1,0,0,),296,1,cWW,cW-W,4.78,3.25,0.96,1.38,3.36,5.16,4.49,3.60,BI,anti,A,4.22,4.47,2.89,3.58,3.28,3.61,3.61,3.99,0.05,5.82,0.68,5.62,0.40,40.17,0.26,C3'-endo
322,322,0.83,A,A,A,1,0,0,0,0,),295,1,cWW,cW-W,4.80,2.86,1.33,1.40,3.63,5.14,4.78,3.33,BI,anti,A,4.52,4.56,2.88,3.82,3.18,3.72,3.79,4.08,6.17,5.96,0.61,5.59,0.50,39.59,0.48,C3'-endo
323,323,0.83,C,C,C,0,1,0,0,0,),294,1,cWW,cW-W,4.77,2.98,1.42,1.25,4.09,5.04,5.33,3.34,..,anti,.,4.33,4.63,3.03,3.90,3.23,4.04,3.85,5.07,6.15,5.95,0.65,5.54,0.55,42.60,0.50,C3'-endo
324,324,0.83,G,G,G,0,0,1,0,0,.,293,1,tSH,tm-M,5.66,3.04,0.58,1.58,3.55,5.20,4.64,3.81,BI,anti,.,3.79,4.57,3.03,3.93,3.44,4.12,4.68,4.84,0.25,5.71,0.67,5.74,0.19,38.53,6.24,C2'-exo
325,325,0.84,G,G,G,0,0,1,0,0,.,292,1,tSH,tm-M,4.99,3.22,1.20,2.59,3.68,3.07,0.61,4.52,..,anti,.,1.84,1.92,3.03,2.87,3.78,2.52,4.56,2.92,6.06,0.52,5.69,0.48,6.12,33.87,3.09,C2'-endo
326,326,0.84,A,A,A,1,0,0,0,0,.,291,1,tHS,tM-m,5.00,3.06,0.58,1.54,3.66,5.29,4.66,3.41,BI,anti,.,4.48,4.58,3.06,4.53,2.81,4.40,3.12,5.16,0.20,5.75,0.64,5.74,0.21,36.73,0.01,C3'-endo
327,327,0.84,A,A,A,1,0,0,0,0,.,290,1,cWS,cW-m,2.54,3.25,3.12,1.70,3.96,4.98,5.27,3.15,BI,anti,A,4.76,4.67,2.80,3.51,3.25,3.68,4.52,4.31,0.21,5.77,0.60,5.79,0.18,34.31,6.26,C2'-exo
328,328,0.84,C,C,C,0,1,0,0,0,(,354,1,cWW,cW-W,5.19,2.73,1.14,1.36,4.12,4.46,5.94,3.25,..,anti,A,4.44,4.58,2.90,3.73,3.34,3.79,4.27,4.46,6.20,5.92,0.65,5.57,0.50,41.28,0.44,C3'-endo
329,329,0.85,A,A,A,1,0,0,0,0,(,353,1,cWW,cW-W,5.91,2.84,0.32,1.47,3.24,5.26,4.27,3.52,BI,anti,A,4.32,4.44,2.87,3.70,3.05,3.73,3.95,4.09,0.13,5.75,0.71,5.64,0.33,40.97,0.14,C3'-endo
330,330,0.85,A,A,A,1,0,0,0,0,(,352,1,cWW,cW-W,4.71,3.56,0.91,1.48,3.13,5.40,4.01,3.34,BI,anti,A,4.27,4.28,2.91,3.82,3.10,3.83,3.68,4.07,0.05,5.84,0.64,5.65,0.37,37.89,0.25,C3'-endo
331,331,0.85,G,G,G,0,0,1,0,0,(,351,1,cWW,cW-W,4.33,3.31,1.46,1.37,3.58,5.26,4.60,3.36,BI,anti,A,4.41,4.42,2.89,3.87,3.15,3.87,3.63,4.54,6.02,6.08,0.57,5.55,0.63,42.17,0.68,C4'-exo
332,332,0.85,U,U,U,0,0,0,1,0,(,350,1,cWW,cW-W,4.76,3.18,1.29,1.31,3.55,4.42,5.42,3.55,BI,anti,.,4.01,4.38,2.98,3.55,3.28,3.74,4.23,3.64,6.18,5.90,0.71,5.51,0.55,44.80,0.45,C3'-endo
333,333,0.86,A,A,A,1,0,0,0,0,.,347,1,tHW,tM-W,1.42,2.58,5.59,2.93,5.06,2.50,2.56,4.96,BII,anti,.,-0.17,0.26,3.92,3.12,4.08,2.33,3.70,1.59,6.14,0.56,5.55,0.66,5.96,42.38,3.27,C3'-exo
334,334,0.86,U,U,U,0,0,0,1,0,.,350,1,cWS,cW-m,5.80,3.27,3.49,1.85,4.85,5.24,5.89,4.12,..,anti,.,1.57,4.81,1.65,4.41,1.25,4.57,0.93,5.05,0.52,5.58,0.61,5.95,6.17,39.92,5.79,C2'-exo
335,335,0.86,G,G,G,0,0,1,0,0,(,346,1,cWW,cW-W,5.24,3.93,0.77,1.64,3.41,5.01,4.69,3.55,BI,anti,A,4.28,4.45,3.08,4.20,3.61,4.10,3.93,4.47,0.24,5.74,0.61,5.79,0.16,35.03,6.21,C2'-exo
336,336,0.86,G,G,G,0,0,1,0,0,(,345,1,cWW,cW-W,2.49,3.41,3.26,1.74,4.11,4.80,5.59,3.10,..,anti,A,4.58,4.55,3.05,3.35,3.33,3.46,4.05,3.78,0.22,5.74,0.64,5.75,0.20,36.82,6.27,C2'-exo
337,337,0.87,C,C,C,0,1,0,0,0,(,344,1,cWW,cW-W,4.52,2.94,1.37,1.23,3.88,4.94,5.23,3.45,BI,anti,A,4.40,4.74,2.61,3.69,2.91,3.65,3.42,4.24,6.28,5.80,0.76,5.51,0.49,46.15,0.32,C3'-endo
338,338,0.87,G,G,G,0,0,1,0,0,(,343,1,cWW,cW-W,5.58,3.14,0.64,1.51,3.40,5.51,4.18,3.53,BI,anti,.,4.41,4.57,3.01,4.46,3.23,4.27,4.15,4.68,0.30,5.64,0.73,5.71,0.17,42.12,6.20,C2'-exo
339,339,0.87,U,U,U,0,0,0,1,0,.,342,1,tSW,tm+W,2.45,2.90,3.45,1.65,4.12,3.94,0.17,3.09,..,anti,.,4.71,4.81,2.95,2.42,3.29,2.08,4.15,1.32,0.41,5.62,0.65,5.85,0.02,39.21,5.99,C2'-exo
340,340,0.87,U,U,U,0,0,0,1,0,.,,0,,,5.30,2.32,5.22,2.12,1.15,2.08,5.36,3.37,..,anti,.,0.76,0.89,1.45,5.96,1.43,5.55,1.18,5.63,0.22,6.28,6.09,0.33,5.94,20.05,4.11,C4'-endo
341,341,0.88,C,C,C,0,1,0,0,0,.,,0,,,2.70,4.49,2.06,2.27,0.31,5.46,1.13,4.42,..,anti,Z,0.28,1.43,1.68,2.84,3.97,0.76,3.94,0.78,5.69,0.74,5.68,0.28,0.20,41.93,2.55,C2'-endo
342,342,0.88,G,G,G,0,0,1,0,0,.,339,1,tWS,tW+m,3.14,2.91,2.56,1.43,3.95,4.74,5.50,0.61,BI,syn,.,-3.59,4.30,2.34,4.05,2.14,4.32,2.05,4.14,5.98,6.16,0.47,5.63,0.60,37.76,0.79,C4'-exo
343,343,0.88,C,C,C,0,1,0,0,0,),338,1,cWW,cW-W,2.08,4.57,3.33,1.69,4.09,4.59,5.78,2.78,..,anti,.,4.18,4.47,3.41,3.23,4.07,3.31,4.47,3.52,0.23,5.78,0.57,5.83,0.15,32.99,6.21,C2'-exo
344,344,0.88,G,G,G,0,0,1,0,0,),337,1,cWW,cW-W,5.45,2.67,0.72,1.40,3.94,4.84,5.38,3.22,BI,anti,A,4.64,4.67,2.83,3.82,3.08,3.87,3.55,4.42,0.08,5.79,0.70,5.61,0.38,41.12,0.22,C3'-endo
345,345,0.89,C,C,C,0,1,0,0,0,),336,1,cWW,cW-W,5.10,2.70,1.38,1.43,3.52,5.13,4.67,3.40,BI,anti,.,4.45,4.49,2.89,3.84,3.25,3.74,4.15,4.04,6.26,5.89,0.64,5.62,0.43,39.06,0.35,C3'-endo
346,346,0.89,C,C,C,0,1,0,0,0,),335,1,cWW,cW-W,4.64,3.53,1.28,1.30,3.82,5.04,5.06,3.18,BI,anti,A,4.65,4.60,2.98,3.73,3.17,3.78,3.75,4.41,6.02,6.07,0.57,5.55,0.62,41.69,0.67,C4'-exo
347,347,0.89,U,U,U,0,0,0,1,0,.,333,1,tWH,tW-M,4.43,3.08,1.84,1.37,4.04,5.11,5.21,3.31,BI,anti,A,4.37,4.55,3.03,3.92,3.29,4.01,4.14,4.57,6.23,5.90,0.66,5.57,0.48,40.89,0.40,C3'-endo
348,348,0.89,A,A,A,1,0,0,0,0,.,349,1,cSH,cm+M,5.31,3.26,0.99,2.33,4.27,2.47,1.80,4.28,BII,anti,.,1.21,1.61,3.38,2.40,3.79,2.18,4.43,2.34,5.83,0.64,5.70,0.34,0.07,36.55,2.71,C2'-endo
349,349,0.90,A,A,A,1,0,0,0,0,.,348,1,cHS,cM+m,2.85,3.40,1.55,1.50,4.48,4.74,6.02,3.31,..,anti,.,4.58,4.85,2.49,4.27,2.29,4.34,2.52,5.18,0.23,5.72,0.66,5.74,0.20,37.72,6.26,C2'-exo
350,350,0.90,G,G,G,0,0,1,0,0,),"332,334",2,"cWW,cSW","cW-W,cm-W",5.59,2.73,0.71,1.37,3.93,4.95,5.26,3.49,BI,anti,A,4.44,4.83,2.80,3.98,3.26,3.98,4.55,4.54,0.23,5.64,0.80,5.60,0.29,45.96,0.04,C3'-endo
351,351,0.90,C,C,C,0,1,0,0,0,),331,1,cWW,cW-W,5.76,2.98,0.31,1.44,3.35,5.26,4.37,3.59,BI,anti,A,4.52,4.74,2.90,3.67,3.18,3.72,4.08,4.08,0.15,5.75,0.70,5.65,0.31,40.15,0.12,C3'-endo
352,352,0.90,U,U,U,0,0,0,1,0,),330,1,cWW,cW-W,5.41,3.27,0.27,1.51,3.26,5.37,4.17,3.67,BI,anti,A,4.28,4.58,2.88,3.73,3.07,3.82,3.64,4.49,0.24,5.70,0.69,5.71,0.21,39.49,6.27,C2'-exo
353,353,0.91,U,U,U,0,0,0,1,0,),329,1,cWW,cW-W,5.27,3.06,0.70,1.40,3.52,5.01,4.80,3.92,BI,anti,A,3.52,4.68,2.94,3.61,3.24,3.62,4.10,3.81,0.18,5.69,0.76,5.62,0.31,43.60,0.08,C3'-endo
354,354,0.91,G,G,G,0,0,1,0,0,),328,1,cWW,cW-W,5.22,2.95,0.86,1.31,3.30,2.67,0.63,3.42,..,anti,.,4.66,4.68,2.93,1.12,3.10,1.13,3.48,1.37,0.07,5.78,0.72,5.59,0.40,42.23,0.23,C3'-endo
355,355,0.91,A,A,A,1,0,0,0,0,.,388,1,tHS,tM-m,5.41,2.75,0.07,1.53,3.67,5.01,4.94,3.69,BI,anti,.,4.16,4.65,2.63,4.16,2.73,4.25,2.70,5.01,0.13,5.83,0.58,5.76,0.25,33.36,0.10,C3'-endo
356,356,0.92,A,A,A,1,0,0,0,0,(,387,1,cWW,cW-W,3.10,3.53,2.67,1.50,4.20,5.13,5.35,3.18,..,anti,A,4.72,4.78,2.86,3.87,3.38,3.77,4.58,3.98,0.34,5.66,0.65,5.81,0.09,38.15,6.09,C2'-exo
357,357,0.92,C,C,C,0,1,0,0,0,(,386,1,cWW,cW-W,4.47,2.51,2.13,1.56,4.21,4.81,5.68,3.12,..,anti,.,4.57,4.62,3.08,3.56,3.34,3.63,3.91,3.99,0.18,5.80,0.58,5.79,0.20,33.17,0.01,C3'-endo
358,358,0.92,C,C,C,0,1,0,0,0,(,"289,385",2,"tHW,cWW","tM-W,cW-W",5.35,3.22,0.79,1.30,4.34,5.42,5.20,3.43,..,anti,.,4.26,4.77,3.07,4.08,3.26,3.94,3.76,3.85,6.26,5.84,0.72,5.53,0.49,44.17,0.35,C3'-endo
359,359,0.92,G,G,G,0,0,1,0,0,(,"288,384",2,"tHW,cWW","tM-W,cW-W",4.66,1.36,2.92,1.52,4.14,4.98,5.44,3.18,..,anti,A,4.75,4.74,3.50,2.89,3.40,3.30,3.47,4.20,0.16,5.72,0.72,5.64,0.30,41.43,0.10,C3'-endo
360,360,0.93,C,C,C,0,1,0,0,0,(,"377,383",2,"cHS,cWW","cM+m,cW-W",5.10,2.89,1.04,1.35,3.69,4.95,5.03,3.65,BI,anti,A,3.99,4.47,2.80,3.73,3.23,3.74,4.30,4.36,6.15,5.97,0.61,5.58,0.53,40.26,0.51,C3'-endo
361,361,0.93,C,C,C,0,1,0,0,0,(,"143,382",2,"cSW,cWW","cm-W,cW-W",5.60,3.11,0.34,1.72,3.41,4.91,4.78,3.43,BI,anti,A,4.52,4.41,2.87,3.57,3.07,3.61,3.93,3.84,0.15,5.79,0.63,5.71,0.27,36.32,0.10,C3'-endo
362,362,0.93,G,G,G,0,0,1,0,0,(,381,1,cWW,cW-W,5.18,3.12,0.83,1.58,3.82,4.83,5.27,3.51,BI,anti,A,4.10,4.44,3.09,3.77,3.25,3.77,3.59,4.28,0.07,5.84,0.62,5.68,0.34,36.58,0.22,C3'-endo
363,363,0.93,U,U,U,0,0,0,1,0,(,380,1,cWW,cW-W,5.10,2.80,1.01,1.46,3.96,4.76,5.47,3.38,BI,anti,A,4.58,4.68,2.78,3.81,3.03,3.83,3.80,4.31,0.03,5.87,0.62,5.67,0.37,36.89,0.28,C3'-endo
364,364,0.94,A,A,A,1,0,0,0,0,(,379,1,cWW,cW-W,5.47,2.99,0.69,1.41,3.51,5.24,4.55,3.54,BI,anti,A,4.41,4.64,2.90,3.86,3.15,3.89,3.91,4.65,6.24,5.84,0.74,5.51,0.52,45.43,0.37,C3'-endo
365,365,0.94,U,U,U,0,0,0,1,0,(,378,1,cWW,cW-W,5.04,3.27,0.68,1.47,3.25,5.08,4.45,3.65,BI,anti,.,4.19,4.49,2.82,3.49,3.13,3.48,4.20,3.31,0.09,5.76,0.73,5.59,0.38,42.80,0.20,C3'-endo
366,366,0.94,A,A,A,1,0,0,0,0,(,375,1,cWW,cW-W,4.86,3.20,1.09,1.15,3.30,5.58,4.01,3.42,BI,anti,.,4.41,4.41,2.86,3.94,2.98,3.73,2.98,3.90,5.99,6.09,0.57,5.53,0.67,43.45,0.71,C4'-exo
367,367,0.94,C,C,C,0,1,0,0,0,(,374,1,cWW,cW-W,3.16,2.64,3.06,1.38,3.39,5.22,4.45,3.42,BI,anti,A,4.55,4.55,3.13,2.99,3.20,3.18,3.61,3.60,6.27,5.89,0.63,5.62,0.43,38.67,0.35,C3'-endo
368,368,0.95,C,C,C,0,1,0,0,0,(,373,1,cWW,cW-W,4.24,3.39,1.39,1.38,4.55,4.72,6.12,3.37,..,anti,.,4.26,4.71,2.89,4.77,3.03,4.14,3.48,2.76,6.13,5.91,0.73,5.47,0.61,47.23,0.49,C3'-endo
369,369,0.95,G,G,G,0,0,1,0,0,.,372,1,tSW,tm+W,2.39,3.60,1.68,2.19,4.56,3.32,1.24,3.75,BII,anti,.,1.07,1.64,1.19,2.79,1.70,2.58,0.70,2.32,5.85,0.56,5.81,0.24,0.12,31.54,2.60,C2'-endo
370,370,0.95,A,A,A,1,0,0,0,0,.,,0,,,2.88,2.92,1.01,1.50,3.84,5.14,4.99,3.18,BI,anti,.,4.58,4.58,1.67,4.07,1.58,4.13,1.76,5.08,0.01,5.85,0.66,5.61,0.42,39.78,0.31,C3'-endo
371,371,0.95,A,A,A,1,0,0,0,0,.,,0,,,5.01,3.08,0.97,1.48,3.90,5.16,5.02,3.39,BI,anti,A,4.38,4.67,2.87,4.11,3.28,4.10,4.60,4.82,0.10,5.77,0.72,5.61,0.37,42.16,0.19,C3'-endo
372,372,0.96,C,C,C,0,1,0,0,0,.,369,1,tWS,tW+m,4.30,3.15,1.59,1.52,4.00,5.13,5.16,3.39,..,anti,.,4.32,4.66,2.84,4.17,3.19,4.21,4.27,5.04,0.08,5.79,0.72,5.59,0.38,42.16,0.22,C3'-endo
373,373,0.96,G,G,G,0,0,1,0,0,),368,1,cWW,cW-W,5.24,2.95,0.81,1.32,3.50,5.22,4.56,3.61,BI,anti,.,4.23,4.65,2.74,4.18,3.19,4.06,4.40,4.43,0.09,5.75,0.75,5.57,0.40,43.90,0.21,C3'-endo
374,374,0.96,G,G,G,0,0,1,0,0,),"106,367",2,"tSS,cWW","tm+m,cW-W",2.83,3.32,3.04,1.44,3.74,4.80,5.23,3.12,BI,anti,A,4.94,4.83,3.02,3.21,3.33,3.38,4.13,3.65,0.13,5.73,0.73,5.61,0.35,42.56,0.15,C3'-endo
375,375,0.96,U,U,U,0,0,0,1,0,),366,1,cWW,cW-W,5.75,2.86,0.50,1.52,3.28,1.50,1.77,3.68,..,anti,.,3.97,4.21,3.06,0.54,3.30,5.65,3.66,3.84,6.13,6.03,0.53,5.65,0.49,35.85,0.56,C3'-endo
376,376,0.97,A,A,A,1,0,0,0,0,.,,0,,,0.95,2.53,1.03,2.55,4.66,4.62,0.05,5.03,..,anti,.,0.73,0.84,5.37,5.64,0.70,4.47,2.03,4.48,5.76,0.74,5.62,0.38,0.09,42.26,2.70,C2'-endo
377,377,0.97,C,C,C,0,1,0,0,0,.,360,1,cSH,cm+M,1.14,2.76,2.99,1.52,3.57,1.13,2.44,3.42,..,anti,.,4.49,4.57,0.68,5.67,1.38,5.09,1.94,3.93,0.19,5.70,0.72,5.65,0.28,41.55,0.07,C3'-endo
378,378,0.97,G,G,G,0,0,1,0,0,),"260,365",2,"tSH,cWW","tm-M,cW-W",1.02,3.18,0.35,1.74,3.54,5.14,4.69,3.38,BI,anti,A,4.44,4.48,5.17,3.98,6.11,4.05,0.95,4.77,0.28,5.76,0.56,5.88,0.08,32.34,6.10,C2'-exo
379,379,0.97,U,U,U,0,0,0,1,0,),364,1,cWW,cW-W,5.40,3.06,0.47,1.34,3.13,5.77,3.64,3.67,BI,anti,A,4.13,4.65,2.89,3.87,3.25,3.90,4.26,4.33,0.20,5.67,0.78,5.60,0.30,44.54,0.07,C3'-endo
380,380,0.98,A,A,A,1,0,0,0,0,),363,1,cWW,cW-W,4.91,3.42,0.44,1.68,3.45,5.12,4.61,3.73,BI,anti,A,3.98,4.44,2.80,3.73,3.07,3.76,3.75,4.35,0.32,5.66,0.68,5.78,0.12,39.40,6.13,C2'-exo
381,381,0.98,C,C,C,0,1,0,0,0,),362,1,cWW,cW-W,4.90,3.02,1.01,1.33,3.73,4.76,5.25,3.53,BI,anti,A,4.33,4.77,2.79,3.97,3.05,3.86,3.87,4.18,0.14,5.71,0.77,5.58,0.36,44.42,0.15,C3'-endo
382,382,0.98,G,G,G,0,0,1,0,0,),361,1,cWW,cW-W,2.25,3.40,3.53,1.68,3.93,5.02,5.19,3.28,BI,anti,A,4.65,4.72,2.93,3.50,3.17,3.57,3.88,4.09,0.42,5.62,0.65,5.86,6.28,39.37,5.96,C2'-exo
383,383,0.98,G,G,G,0,0,1,0,0,),"143,144,360",3,"cSH,tSW,cWW","cm+M,tm+W,cW-W",5.39,3.14,0.62,1.46,3.55,5.17,4.67,3.28,BI,anti,A,4.72,4.64,2.83,3.77,3.10,3.87,3.89,4.39,0.14,5.73,0.73,5.62,0.33,42.18,0.13,C3'-endo
384,384,0.99,U,U,U,0,0,0,1,0,),359,1,cWW,cW-W,4.99,3.25,1.03,1.45,3.27,5.04,4.51,3.44,BI,anti,.,4.39,4.37,3.01,3.51,3.30,3.37,4.05,3.29,6.25,5.90,0.63,5.62,0.44,38.78,0.37,C3'-endo
385,385,0.99,G,G,G,0,0,1,0,0,),358,1,cWW,cW-W,4.04,2.80,1.90,1.36,3.96,4.73,5.51,3.19,BI,anti,A,4.62,4.70,2.72,3.50,2.82,3.50,2.99,3.74,0.19,5.69,0.76,5.61,0.30,43.91,0.08,C3'-endo
386,386,0.99,G,G,G,0,0,1,0,0,),357,1,cWW,cW-W,5.39,2.68,1.25,1.40,3.67,4.97,4.99,3.20,BI,anti,A,4.63,4.63,3.13,3.72,3.39,3.70,3.89,4.05,0.07,5.79,0.71,5.60,0.39,41.86,0.23,C3'-endo
387,387,0.99,U,U,U,0,0,0,1,0,),356,1,cWW,cW-W,5.05,3.06,1.13,1.38,3.96,4.96,5.28,3.28,BI,anti,.,4.46,4.57,3.06,3.98,3.27,4.17,3.87,5.01,6.26,5.86,0.69,5.57,0.47,41.97,0.36,C3'-endo
388,388,1.00,G,G,G,0,0,1,0,0,.,355,1,tSH,tm-M,5.96,3.10,0.62,2.29,3.59,3.36,0.23,4.14,..,anti,.,2.96,2.97,3.20,3.14,3.71,3.08,4.71,3.03,6.06,0.41,5.85,0.32,6.22,25.12,2.94,C2'-endo
389,389,1.00,U,U,U,0,0,0,1,0,.,,0,,,5.96,2.54,0.41,1.81,,,,4.01,n/a,anti,-,,,,,,,,,5.78,0.47,6.02,6.26,0.33,28.84,2.11,C1'-exo
