index_chain,old_nt_resnum,nt_position,nt_name,nt_code,nt_align_code,is_A,is_C,is_G,is_U,is_other,dbn,paired,nb_interact,pair_type_LW,pair_type_DSSR,alpha,beta,gamma,delta,epsilon,zeta,epsilon_zeta,chi,bb_type,glyco_bond,form,ssZp,Dp,eta,theta,eta_prime,theta_prime,eta_base,theta_base,v0,v1,v2,v3,v4,amplitude,phase_angle,puckering
1,1,0.01,G,G,G,0,0,1,0,0,(,"81,84",2,"cWW,t.W","cW-W,t.+W",,3.32,1.28,1.47,3.70,5.11,4.87,3.13,BI,anti,.,4.69,4.66,,4.29,,4.06,,4.22,0.11,5.79,0.67,5.67,0.32,38.67,0.16,C3'-endo
2,2,0.02,G,G,G,0,0,1,0,0,(,80,1,cWW,cW-W,2.95,3.08,2.89,1.46,3.75,5.07,4.96,3.22,BI,anti,A,4.70,4.67,2.71,3.35,3.01,3.44,3.59,4.01,0.10,5.79,0.67,5.65,0.33,39.23,0.18,C3'-endo
3,3,0.03,G,G,G,0,0,1,0,0,(,79,1,cWW,cW-W,4.95,3.06,1.10,1.44,3.71,5.00,4.99,3.33,BI,anti,A,4.58,4.61,2.93,3.74,3.20,3.75,3.96,4.25,0.05,5.84,0.65,5.64,0.38,38.63,0.26,C3'-endo
4,4,0.04,C,C,C,0,1,0,0,0,(,78,1,cWW,cW-W,5.00,2.95,1.13,1.44,3.71,4.98,5.01,3.53,BI,anti,A,4.35,4.59,2.95,3.74,3.21,3.72,3.95,4.08,0.03,5.85,0.64,5.64,0.38,38.34,0.27,C3'-endo
5,5,0.05,U,U,U,0,0,0,1,0,(,77,1,cWW,cW-W,5.01,2.98,1.04,1.43,3.72,5.01,4.99,3.56,BI,anti,A,4.28,4.58,2.89,3.77,3.12,3.75,3.72,4.16,0.01,5.86,0.64,5.63,0.40,38.46,0.30,C3'-endo
6,6,0.06,A,A,A,1,0,0,0,0,(,76,1,cWW,cW-W,5.02,3.06,0.90,1.45,3.60,2.94,0.67,3.57,..,anti,.,4.22,4.51,2.82,1.94,3.04,2.10,3.69,4.04,0.02,5.88,0.62,5.66,0.39,37.10,0.30,C3'-endo
7,7,0.07,A,A,A,1,0,0,0,0,.,,0,,,0.53,2.94,0.99,1.50,3.88,4.92,5.24,3.63,BI,anti,.,4.09,4.63,5.11,3.86,4.82,3.85,2.95,4.40,0.08,5.84,0.62,5.69,0.33,36.28,0.21,C3'-endo
8,8,0.08,A,A,A,1,0,0,0,0,.,,0,,,4.94,2.76,1.21,1.48,3.54,4.86,4.96,3.62,BI,anti,.,4.21,4.54,2.80,4.18,3.15,4.04,3.99,4.70,0.07,5.84,0.63,5.67,0.34,36.96,0.23,C3'-endo
9,9,0.09,A,A,A,1,0,0,0,0,.,13,1,tWW,tW+W,3.08,3.80,2.46,1.49,4.07,5.13,5.22,3.43,..,anti,.,4.33,4.62,2.76,4.13,3.17,4.09,4.18,4.97,0.05,5.86,0.61,5.69,0.34,36.11,0.24,C3'-endo
10,10,0.10,G,G,G,0,0,1,0,0,.,"13,69",2,"tWW,tSW","tW+W,tm+W",5.06,2.85,0.97,1.47,3.90,5.19,5.00,3.59,BI,anti,.,4.18,4.66,2.72,4.46,3.18,3.63,4.45,2.64,0.06,5.84,0.64,5.66,0.36,37.59,0.24,C3'-endo
11,11,0.11,C,C,C,0,1,0,0,0,{,70,1,cWW,cW-W,2.82,2.56,1.10,1.47,3.95,5.19,5.04,3.77,BI,anti,.,3.69,4.59,0.34,4.20,0.89,4.19,0.56,4.82,0.02,5.87,0.62,5.66,0.38,36.97,0.29,C3'-endo
12,12,0.12,A,A,A,1,0,0,0,0,.,,0,,,5.00,3.01,1.10,1.47,3.76,4.61,5.43,3.68,BI,anti,.,3.99,4.56,2.91,4.05,3.34,3.97,4.27,4.39,0.03,5.88,0.61,5.67,0.37,36.49,0.28,C3'-endo
13,13,0.13,U,U,U,0,0,0,1,0,.,"9,10",2,"tWW,tWW","tW+W,tW+W",1.73,2.61,4.90,2.43,4.50,4.16,0.34,0.98,..,syn,.,-0.91,1.20,3.57,4.15,3.66,3.57,3.96,2.77,5.94,0.56,5.73,0.37,6.26,33.07,2.85,C2'-endo
14,14,0.14,G,G,G,0,0,1,0,0,(,75,1,cWW,cW-W,1.12,3.36,1.20,1.50,3.77,5.03,5.02,3.32,BI,anti,A,4.61,4.65,5.63,3.91,0.02,3.92,0.58,4.41,0.11,5.81,0.64,5.69,0.31,37.20,0.16,C3'-endo
15,15,0.15,G,G,G,0,0,1,0,0,(,74,1,cWW,cW-W,5.06,2.99,0.99,1.45,3.77,4.99,5.07,3.42,BI,anti,A,4.47,4.61,2.91,3.80,3.19,3.81,3.97,4.33,0.05,5.85,0.64,5.65,0.37,37.87,0.26,C3'-endo
16,16,0.16,U,U,U,0,0,0,1,0,(,73,1,cWW,cW-W,5.04,2.94,1.03,1.43,3.80,5.04,5.05,3.56,BI,anti,A,4.29,4.62,2.89,3.84,3.14,3.81,3.91,4.37,0.03,5.85,0.65,5.63,0.39,39.03,0.28,C3'-endo
17,17,0.17,G,G,G,0,0,1,0,0,(,72,1,cWW,cW-W,4.82,2.85,1.24,1.42,3.67,5.01,4.94,3.28,BI,anti,A,4.67,4.63,2.76,3.72,3.07,3.69,3.96,4.09,0.05,5.83,0.67,5.62,0.39,39.87,0.26,C3'-endo
18,18,0.18,G,G,G,0,0,1,0,0,(,71,1,cWW,cW-W,5.03,2.87,1.27,1.44,3.49,4.95,4.83,3.30,BI,anti,.,4.42,4.48,3.03,4.13,3.33,3.98,4.05,4.55,0.02,5.87,0.63,5.65,0.39,37.66,0.29,C3'-endo
19,19,0.19,G,G,G,0,0,1,0,0,.,,0,,,2.75,3.62,2.98,1.49,4.25,4.61,5.92,3.34,..,anti,.,4.37,4.63,3.00,3.43,3.32,3.50,4.26,3.52,0.06,5.85,0.61,5.69,0.34,36.11,0.23,C3'-endo
20,20,0.20,A,A,A,1,0,0,0,0,.,,0,,,5.09,3.00,0.74,1.46,4.12,2.77,1.35,4.04,BII,anti,.,2.62,4.65,2.84,1.86,2.95,2.11,3.03,2.54,0.04,5.86,0.63,5.66,0.37,37.27,0.27,C3'-endo
21,21,0.21,A,A,A,1,0,0,0,0,.,,0,,,5.20,2.47,0.91,1.50,4.28,4.70,5.86,3.91,..,anti,.,2.96,4.63,3.52,4.01,3.43,3.98,3.19,4.51,0.06,5.86,0.60,5.70,0.33,35.48,0.23,C3'-endo
22,22,0.22,A,A,A,1,0,0,0,0,.,62,1,tWS,tW+m,5.05,2.50,1.15,1.48,3.63,4.87,5.05,3.83,BI,anti,.,3.72,4.56,2.66,4.02,3.06,3.56,3.86,2.92,0.06,5.85,0.63,5.68,0.34,36.78,0.23,C3'-endo
23,23,0.23,G,G,G,0,0,1,0,0,(,40,1,cWW,cW-W,2.66,1.79,3.54,2.43,4.30,3.97,0.32,4.51,..,anti,.,1.31,1.50,2.87,3.72,2.70,3.68,2.18,3.26,5.92,0.59,5.71,0.37,6.27,34.36,2.83,C2'-endo
24,24,0.24,U,U,U,0,0,0,1,0,.,,0,,,0.83,1.66,2.62,1.46,3.76,1.13,2.64,3.46,..,anti,.,4.39,4.57,5.66,5.72,6.05,5.69,0.36,4.88,0.03,5.86,0.63,5.66,0.38,37.42,0.28,C3'-endo
25,25,0.25,G,G,G,0,0,1,0,0,(,39,1,cWW,cW-W,1.24,2.96,5.22,1.47,3.81,5.01,5.08,3.32,BI,anti,A,4.59,4.66,3.82,3.26,4.28,3.50,5.55,4.32,0.09,5.81,0.65,5.67,0.34,38.04,0.20,C3'-endo
26,26,0.25,A,A,A,1,0,0,0,0,(,38,1,cWW,cW-W,5.06,3.02,0.94,1.45,3.82,5.09,5.01,3.37,BI,anti,A,4.55,4.65,2.88,3.93,3.13,3.96,3.93,4.66,0.06,5.83,0.65,5.65,0.37,38.48,0.24,C3'-endo
27,27,0.26,C,C,C,0,1,0,0,0,(,37,1,cWW,cW-W,5.03,2.94,1.07,1.42,3.68,4.95,5.02,3.53,BI,anti,A,4.36,4.58,2.86,3.68,3.20,3.66,4.20,4.02,0.02,5.86,0.65,5.63,0.40,39.03,0.30,C3'-endo
28,28,0.27,G,G,G,0,0,1,0,0,(,36,1,cWW,cW-W,5.10,2.99,0.98,1.43,3.69,4.89,5.08,3.41,BI,anti,A,4.45,4.57,2.95,3.62,3.14,3.64,3.73,3.95,0.02,5.86,0.64,5.64,0.39,38.15,0.29,C3'-endo
29,29,0.28,U,U,U,0,0,0,1,0,.,33,1,tWH,tW-M,5.11,2.92,1.04,1.46,3.97,5.12,5.13,3.63,BI,anti,.,3.99,4.58,3.04,4.09,3.21,4.13,3.66,4.94,0.01,5.88,0.62,5.66,0.39,37.10,0.30,C3'-endo
30,30,0.29,G,G,G,0,0,1,0,0,.,59,1,tSH,tm-M,5.03,2.88,1.08,1.46,3.79,5.12,4.95,3.70,BI,anti,.,3.96,4.61,2.82,4.37,3.24,3.57,4.34,2.56,0.03,5.86,0.63,5.65,0.38,37.51,0.28,C3'-endo
31,31,0.30,U,U,U,0,0,0,1,0,.,,0,,,2.67,2.81,1.13,1.46,3.85,5.21,4.93,3.51,BI,anti,.,4.32,4.60,0.38,4.11,0.84,4.12,0.50,4.98,0.03,5.86,0.63,5.66,0.38,37.38,0.28,C3'-endo
32,32,0.31,A,A,A,1,0,0,0,0,.,,0,,,4.93,2.91,1.19,1.48,3.96,5.17,5.07,3.70,BI,anti,.,3.86,4.65,2.91,4.10,3.34,4.12,4.52,4.35,0.06,5.85,0.63,5.67,0.35,36.97,0.24,C3'-endo
33,33,0.32,A,A,A,1,0,0,0,0,.,29,1,tHW,tM-W,5.06,3.80,0.75,1.45,3.50,4.65,5.13,4.53,BI,anti,.,1.36,4.33,3.20,3.20,3.37,2.94,3.63,2.91,6.24,5.95,0.56,5.67,0.42,35.17,0.40,C3'-endo
34,34,0.33,U,U,U,0,0,0,1,0,.,,0,,,4.54,3.29,4.68,2.44,4.51,5.12,5.67,4.26,..,anti,.,0.82,1.12,0.70,4.51,0.46,4.67,0.07,5.16,5.93,0.58,5.71,0.39,6.26,34.27,2.86,C2'-endo
35,35,0.34,U,U,U,0,0,0,1,0,.,,0,,,5.00,3.53,1.06,2.44,4.01,5.18,5.11,3.66,BI,anti,.,1.35,1.65,3.07,5.46,3.91,5.01,4.13,5.52,5.86,0.65,5.67,0.39,0.02,37.48,2.79,C2'-endo
36,36,0.35,C,C,C,0,1,0,0,0,),28,1,cWW,cW-W,3.81,3.77,1.17,1.43,3.68,4.96,5.00,3.43,BI,anti,A,4.46,4.58,2.07,3.72,2.85,3.77,3.66,4.16,0.03,5.85,0.65,5.64,0.39,38.72,0.28,C3'-endo
37,37,0.36,G,G,G,0,0,1,0,0,),27,1,cWW,cW-W,5.02,3.04,1.01,1.45,3.75,5.04,5.00,3.38,BI,anti,A,4.47,4.60,2.94,3.83,3.13,3.85,3.72,4.37,0.04,5.85,0.63,5.66,0.37,37.63,0.26,C3'-endo
38,38,0.37,U,U,U,0,0,0,1,0,),26,1,cWW,cW-W,4.99,3.08,0.95,1.44,3.76,5.02,5.02,3.54,BI,anti,A,4.32,4.61,2.86,3.80,3.11,3.82,3.88,4.30,0.04,5.84,0.65,5.64,0.38,38.62,0.27,C3'-endo
39,39,0.38,C,C,C,0,1,0,0,0,),25,1,cWW,cW-W,5.03,3.00,1.00,1.41,3.81,5.83,4.26,3.49,..,anti,.,4.38,4.61,2.88,4.25,3.12,3.97,3.83,3.95,0.01,5.86,0.65,5.62,0.42,39.30,0.32,C3'-endo
40,40,0.39,C,C,C,0,1,0,0,0,),23,1,cWW,cW-W,3.88,1.75,2.90,1.46,3.70,5.01,4.98,3.43,BI,anti,.,4.41,4.55,3.18,3.29,3.22,3.46,3.46,4.25,0.03,5.86,0.63,5.65,0.38,37.52,0.28,C3'-endo
41,41,0.40,A,A,A,1,0,0,0,0,{,63,1,cWW,cW-W,2.58,3.56,3.02,1.47,3.95,5.19,5.05,3.09,BI,anti,.,4.70,4.70,2.71,3.74,3.14,3.80,4.24,4.62,0.09,5.81,0.66,5.66,0.34,38.67,0.19,C3'-endo
42,42,0.41,C,C,C,0,1,0,0,0,.,62,1,cWW,cW-W,5.07,3.10,0.95,1.44,3.60,4.52,5.36,3.58,BI,anti,.,4.23,4.49,2.86,3.21,3.25,3.26,4.36,3.35,0.00,5.89,0.62,5.65,0.40,37.41,0.32,C3'-endo
43,43,0.42,A,A,A,1,0,0,0,0,(,52,1,cWW,cW-W,5.27,2.95,0.88,1.48,3.83,5.00,5.11,3.52,BI,anti,A,4.25,4.58,3.13,3.89,3.11,3.89,3.17,4.33,0.05,5.86,0.62,5.68,0.35,36.35,0.25,C3'-endo
44,44,0.43,U,U,U,0,0,0,1,0,(,51,1,cWW,cW-W,5.07,2.99,0.88,1.42,3.64,1.98,1.66,3.67,..,anti,.,4.12,4.55,2.78,0.32,3.05,5.94,3.75,4.16,0.01,5.86,0.64,5.63,0.41,38.69,0.31,C3'-endo
45,45,0.44,U,U,U,0,0,0,1,0,[,98,1,cWW,cW-W,5.03,3.97,1.63,1.45,3.76,5.13,4.92,3.43,BI,anti,A,4.48,4.62,4.80,4.08,5.73,4.03,1.16,4.53,0.05,5.84,0.65,5.65,0.37,38.19,0.24,C3'-endo
46,46,0.45,A,A,A,1,0,0,0,0,.,95,1,cWW,cW-W,4.98,3.12,0.93,1.43,3.84,5.10,5.02,3.39,BI,anti,.,4.49,4.62,2.86,3.92,3.13,3.98,3.97,4.48,0.03,5.86,0.64,5.64,0.39,38.18,0.29,C3'-endo
47,47,0.46,C,C,C,0,1,0,0,0,[,94,1,cWW,cW-W,5.03,3.41,0.71,1.44,3.72,4.97,5.04,3.45,BI,anti,A,4.42,4.58,2.87,3.65,3.07,3.74,3.76,4.17,0.04,5.85,0.64,5.65,0.37,38.10,0.26,C3'-endo
48,48,0.47,U,U,U,0,0,0,1,0,[,93,1,cWW,cW-W,5.05,2.99,0.99,1.42,3.73,4.98,5.03,3.53,BI,anti,A,4.31,4.59,2.90,3.73,3.12,3.74,3.69,4.24,0.02,5.85,0.65,5.63,0.40,38.89,0.29,C3'-endo
49,49,0.48,U,U,U,0,0,0,1,0,[,92,1,cWW,cW-W,5.01,2.90,1.11,1.44,3.58,4.87,4.99,3.57,BI,anti,.,4.27,4.52,2.88,4.13,3.16,3.92,3.91,4.26,0.02,5.86,0.64,5.64,0.39,38.04,0.29,C3'-endo
50,50,0.49,G,G,G,0,0,1,0,0,[,91,1,cWW,cW-W,2.32,3.62,3.38,1.49,3.86,5.11,5.04,3.21,BI,anti,.,4.55,4.63,2.95,3.44,3.20,3.58,3.93,4.55,0.08,5.83,0.64,5.68,0.33,37.28,0.20,C3'-endo
51,51,0.50,A,A,A,1,0,0,0,0,),44,1,cWW,cW-W,5.03,2.88,1.08,1.48,3.73,5.00,5.02,3.45,BI,anti,A,4.43,4.63,2.84,3.83,3.25,3.81,4.50,4.22,0.09,5.81,0.65,5.67,0.33,37.75,0.19,C3'-endo
52,52,0.51,U,U,U,0,0,0,1,0,),43,1,cWW,cW-W,5.09,2.92,1.07,1.47,4.17,2.36,1.80,3.61,BII,anti,.,3.94,4.58,3.07,1.58,3.29,1.72,3.93,2.35,0.02,5.88,0.61,5.66,0.38,36.63,0.30,C3'-endo
53,53,0.52,A,A,A,1,0,0,0,0,.,67,1,cWW,cW-W,5.16,2.24,0.94,1.46,3.96,5.21,5.04,3.02,BI,anti,A,4.70,4.70,3.27,4.32,3.47,4.23,3.38,4.79,0.09,5.81,0.66,5.66,0.34,38.72,0.19,C3'-endo
54,54,0.53,C,C,C,0,1,0,0,0,(,66,1,cWW,cW-W,5.00,3.24,0.87,1.44,3.83,5.07,5.04,3.55,BI,anti,A,4.28,4.60,2.84,3.88,3.18,3.92,4.20,4.52,0.02,5.86,0.64,5.64,0.39,38.22,0.29,C3'-endo
55,55,0.54,G,G,G,0,0,1,0,0,(,65,1,cWW,cW-W,5.04,3.11,0.83,1.42,3.74,5.02,5.00,3.32,BI,anti,A,4.63,4.64,2.78,3.74,3.03,3.80,3.87,4.35,0.04,5.83,0.66,5.63,0.39,39.44,0.26,C3'-endo
56,56,0.55,G,G,G,0,0,1,0,0,(,64,1,cWW,cW-W,5.00,2.88,1.19,1.43,3.78,5.09,4.97,3.36,BI,anti,A,4.56,4.62,2.96,3.89,3.24,3.89,4.04,4.59,0.03,5.85,0.65,5.64,0.39,38.49,0.28,C3'-endo
57,57,0.56,U,U,U,0,0,0,1,0,.,61,1,tWH,tW-M,5.03,2.97,1.10,1.46,3.90,3.14,0.76,3.58,BII,anti,.,4.14,4.57,2.97,1.46,3.29,3.31,4.25,3.62,0.02,5.88,0.62,5.66,0.38,37.00,0.29,C3'-endo
58,58,0.57,U,U,U,0,0,0,1,0,.,,0,,,2.50,1.43,4.21,2.47,4.09,5.76,4.62,4.12,..,anti,.,1.65,1.58,4.04,5.30,1.88,4.83,1.17,4.43,5.90,0.62,5.68,0.40,6.27,36.30,2.83,C2'-endo
59,59,0.58,A,A,A,1,0,0,0,0,.,30,1,tHS,tM-m,1.82,2.07,3.25,2.49,4.05,3.72,0.33,4.68,..,anti,.,1.10,1.56,1.80,2.54,2.44,2.71,2.77,2.52,5.94,0.59,5.68,0.41,6.24,35.41,2.89,C2'-endo
60,60,0.59,U,U,U,0,0,0,1,0,.,,0,,,3.17,3.33,1.48,2.47,4.37,4.15,0.22,3.85,..,anti,.,1.34,1.28,2.20,5.07,2.46,4.82,2.48,5.14,5.92,0.60,5.68,0.40,6.25,35.76,2.86,C2'-endo
61,61,0.60,A,A,A,1,0,0,0,0,.,57,1,tHW,tM-W,1.01,2.20,0.01,2.50,4.57,3.92,0.65,4.47,..,anti,.,0.55,0.86,3.54,4.65,4.26,3.73,4.44,3.04,5.91,0.63,5.66,0.43,6.25,37.12,2.87,C2'-endo
62,62,0.61,C,C,C,0,1,0,0,0,.,"22,42",2,"tSW,cWW","tm+W,cW-W",1.15,3.48,1.20,1.48,3.79,4.99,5.08,3.47,BI,anti,A,4.28,4.53,5.91,3.86,0.19,4.02,0.68,4.37,0.04,5.86,0.62,5.67,0.36,36.60,0.26,C3'-endo
63,63,0.62,U,U,U,0,0,0,1,0,},41,1,cWW,cW-W,4.80,3.19,1.35,2.48,3.58,0.29,3.30,3.89,..,anti,.,2.02,2.01,2.95,0.21,3.56,5.73,4.04,5.83,5.91,0.62,5.67,0.41,6.26,36.78,2.85,C2'-endo
64,64,0.63,C,C,C,0,1,0,0,0,),56,1,cWW,cW-W,3.72,3.83,0.38,1.43,3.62,4.98,4.92,3.62,BI,anti,A,4.20,4.54,1.71,3.37,2.44,3.53,3.07,4.01,0.02,5.87,0.64,5.64,0.40,38.18,0.30,C3'-endo
65,65,0.64,C,C,C,0,1,0,0,0,),55,1,cWW,cW-W,4.98,2.94,1.11,1.42,3.74,5.03,4.98,3.60,BI,anti,A,4.21,4.57,2.92,3.79,3.13,3.78,3.65,4.32,6.28,5.87,0.64,5.63,0.42,38.66,0.33,C3'-endo
66,66,0.65,G,G,G,0,0,1,0,0,),54,1,cWW,cW-W,5.04,3.03,0.95,1.43,3.74,4.97,5.06,3.38,BI,anti,A,4.54,4.62,2.87,3.72,3.12,3.76,3.91,4.36,0.04,5.85,0.65,5.64,0.39,38.65,0.27,C3'-endo
67,67,0.66,A,A,A,1,0,0,0,0,.,53,1,cWW,cW-W,5.02,2.83,1.17,1.46,3.77,5.08,4.97,3.42,BI,anti,A,4.51,4.64,2.93,3.91,3.22,3.89,4.08,4.57,0.07,5.82,0.65,5.65,0.36,38.35,0.22,C3'-endo
68,68,0.67,A,A,A,1,0,0,0,0,.,,0,,,5.02,2.90,1.09,1.45,3.95,2.10,1.85,3.41,..,anti,.,4.53,4.71,2.93,1.44,3.25,1.49,4.25,1.23,0.08,5.81,0.66,5.65,0.35,38.70,0.21,C3'-endo
69,69,0.68,U,U,U,0,0,0,1,0,.,10,1,tWS,tW+m,2.90,4.15,1.24,2.49,4.46,5.23,5.51,3.55,..,anti,.,1.01,1.12,2.47,5.61,2.61,5.20,2.66,5.05,5.94,0.59,5.68,0.42,6.23,35.34,2.90,C2'-endo
70,70,0.69,G,G,G,0,0,1,0,0,},11,1,cWW,cW-W,5.05,3.25,0.10,2.49,4.19,5.03,5.44,5.05,..,anti,.,0.73,1.33,2.17,5.08,3.02,4.84,3.27,5.47,5.91,0.62,5.67,0.42,6.25,36.63,2.87,C2'-endo
71,71,0.70,C,C,C,0,1,0,0,0,),18,1,cWW,cW-W,4.09,3.46,1.29,1.43,3.72,4.95,5.06,3.46,BI,anti,A,4.42,4.58,2.31,3.73,3.05,3.76,3.46,4.17,0.03,5.86,0.64,5.64,0.39,38.20,0.28,C3'-endo
72,72,0.71,C,C,C,0,1,0,0,0,),17,1,cWW,cW-W,5.07,3.05,0.97,1.44,3.70,4.96,5.03,3.50,BI,anti,A,4.37,4.58,2.94,3.70,3.15,3.72,3.75,4.14,0.03,5.85,0.64,5.64,0.38,38.28,0.28,C3'-endo
73,73,0.72,A,A,A,1,0,0,0,0,),16,1,cWW,cW-W,5.05,2.95,1.04,1.44,3.76,5.02,5.02,3.41,BI,anti,A,4.49,4.62,2.92,3.81,3.15,3.82,3.80,4.43,0.04,5.84,0.65,5.64,0.38,38.45,0.27,C3'-endo
74,74,0.73,C,C,C,0,1,0,0,0,),15,1,cWW,cW-W,5.02,2.90,1.12,1.44,3.70,4.98,5.00,3.54,BI,anti,A,4.32,4.57,2.91,3.74,3.21,3.70,4.10,4.06,0.03,5.85,0.64,5.64,0.38,38.17,0.27,C3'-endo
75,75,0.74,C,C,C,0,1,0,0,0,),14,1,cWW,cW-W,5.01,2.94,1.07,1.42,3.59,4.83,5.04,3.58,BI,anti,.,4.27,4.52,2.88,3.49,3.13,3.45,3.76,3.38,0.01,5.86,0.64,5.63,0.41,38.62,0.31,C3'-endo
76,76,0.75,U,U,U,0,0,0,1,0,),6,1,cWW,cW-W,5.12,3.07,0.84,1.42,3.75,4.99,5.05,3.66,BI,anti,A,4.05,4.57,2.93,3.72,2.99,3.73,3.07,4.18,0.00,5.87,0.64,5.63,0.41,38.54,0.32,C3'-endo
77,77,0.75,A,A,A,1,0,0,0,0,),5,1,cWW,cW-W,5.04,3.00,0.88,1.41,3.63,4.86,5.05,3.49,BI,anti,A,4.42,4.59,2.77,3.52,2.99,3.53,3.65,3.81,0.02,5.85,0.66,5.62,0.40,39.24,0.29,C3'-endo
78,78,0.76,G,G,G,0,0,1,0,0,),4,1,cWW,cW-W,5.04,2.80,1.23,1.46,3.64,4.76,5.17,3.51,BI,anti,.,4.30,4.52,3.01,4.05,3.22,3.77,3.67,3.95,0.03,5.87,0.62,5.67,0.37,36.71,0.28,C3'-endo
79,79,0.77,C,C,C,0,1,0,0,0,),3,1,cWW,cW-W,2.17,3.46,3.47,1.50,4.06,5.06,5.28,3.26,BI,anti,A,4.70,4.75,2.80,3.45,2.96,3.55,3.51,4.12,0.16,5.76,0.67,5.68,0.28,38.81,0.09,C3'-endo
80,80,0.78,C,C,C,0,1,0,0,0,),2,1,cWW,cW-W,4.72,2.80,1.46,1.38,3.85,5.07,5.07,3.39,BI,anti,.,4.54,4.65,2.80,3.80,3.14,3.80,3.91,4.31,0.01,5.84,0.68,5.59,0.43,40.94,0.31,C3'-endo
81,81,0.79,C,C,C,0,1,0,0,0,),1,1,cWW,cW-W,4.91,2.78,1.49,1.38,3.84,5.03,5.10,3.37,BI,anti,A,4.57,4.65,3.04,3.79,3.37,3.80,4.19,4.47,0.02,5.84,0.68,5.59,0.43,40.84,0.30,C3'-endo
82,82,0.80,A,A,A,1,0,0,0,0,.,,0,,,5.09,2.92,1.12,1.47,4.25,1.20,3.04,3.65,..,anti,.,3.79,4.62,3.11,1.11,3.37,0.83,4.26,5.06,0.02,5.88,0.62,5.66,0.38,36.93,0.30,C3'-endo
83,83,0.81,A,A,A,1,0,0,0,0,.,,0,,,2.51,4.57,4.53,2.45,1.05,3.29,4.04,4.20,..,anti,.,-0.12,0.70,0.86,5.09,0.56,5.50,2.23,0.30,6.15,0.41,5.77,0.45,6.08,29.38,3.21,C3'-exo
84,84,0.82,A,A,A,1,0,0,0,0,.,1,1,tW.,tW+.,5.11,2.10,1.50,1.45,3.79,5.25,4.83,3.41,BI,anti,.,4.52,4.64,2.69,4.10,3.47,3.94,2.99,4.74,0.05,5.84,0.65,5.65,0.37,38.46,0.25,C3'-endo
85,85,0.83,G,G,G,0,0,1,0,0,.,,0,,,4.86,3.00,1.13,1.46,3.56,1.47,2.09,3.48,..,anti,.,4.45,4.60,2.78,6.03,3.24,5.22,4.51,4.72,0.08,5.82,0.64,5.67,0.34,37.74,0.20,C3'-endo
86,86,0.84,U,U,U,0,0,0,1,0,.,,0,,,5.37,4.29,3.32,2.54,4.23,2.96,1.27,3.38,BII,anti,.,0.59,1.30,1.46,2.36,2.05,1.98,2.35,1.37,5.89,0.66,5.62,0.45,6.25,39.41,2.87,C2'-endo
87,87,0.85,A,A,A,1,0,0,0,0,.,,0,,,1.71,3.81,1.22,1.46,3.85,5.61,4.53,3.67,BI,anti,.,3.83,4.26,0.92,4.67,0.80,4.23,0.60,3.73,6.15,6.04,0.51,5.68,0.47,34.31,0.55,C3'-endo
88,88,0.86,G,G,G,0,0,1,0,0,(,101,1,cWW,cW-W,4.46,3.75,4.40,1.47,3.76,5.13,4.91,3.30,BI,anti,A,4.59,4.63,6.28,3.02,0.29,3.30,0.40,4.10,0.06,5.83,0.65,5.66,0.36,38.06,0.23,C3'-endo
89,89,0.87,A,A,A,1,0,0,0,0,(,100,1,cWW,cW-W,5.04,3.17,0.81,1.43,3.75,4.93,5.11,3.43,BI,anti,A,4.49,4.65,2.83,3.68,3.10,3.74,3.98,4.08,0.06,5.82,0.66,5.64,0.37,39.07,0.24,C3'-endo
90,90,0.88,G,G,G,0,0,1,0,0,(,99,1,cWW,cW-W,5.15,2.98,0.94,1.43,3.89,3.01,0.88,3.62,BII,anti,.,4.07,4.62,2.98,1.48,3.16,2.06,3.64,3.65,0.01,5.87,0.64,5.64,0.40,38.28,0.31,C3'-endo
91,91,0.89,C,C,C,0,1,0,0,0,],50,1,cWW,cW-W,5.03,3.87,1.25,1.50,3.83,5.09,5.03,3.53,BI,anti,.,4.19,4.50,4.57,4.10,4.00,4.10,2.40,4.54,0.02,5.90,0.58,5.70,0.36,34.78,0.29,C3'-endo
92,92,0.90,A,A,A,1,0,0,0,0,],49,1,cWW,cW-W,4.73,3.35,0.81,1.45,3.68,4.92,5.05,3.49,BI,anti,A,4.37,4.60,2.63,3.61,2.87,3.67,3.57,4.10,0.06,5.84,0.64,5.65,0.36,38.04,0.24,C3'-endo
93,93,0.91,A,A,A,1,0,0,0,0,],48,1,cWW,cW-W,5.03,2.87,1.13,1.45,3.57,4.85,5.01,3.58,BI,anti,A,4.27,4.56,2.91,4.12,3.17,3.88,3.77,4.15,0.05,5.84,0.64,5.66,0.36,37.79,0.25,C3'-endo
94,94,0.92,G,G,G,0,0,1,0,0,],47,1,cWW,cW-W,2.46,3.58,3.18,1.47,3.78,5.10,4.96,3.21,BI,anti,A,4.71,4.68,2.81,3.44,3.09,3.53,3.77,4.20,0.09,5.80,0.67,5.65,0.34,39.07,0.19,C3'-endo
95,95,0.93,G,G,G,0,0,1,0,0,.,46,1,cWW,cW-W,5.04,2.93,1.19,1.45,3.56,4.90,4.94,3.33,BI,anti,.,4.37,4.50,2.98,4.23,3.36,4.12,4.29,5.01,0.03,5.86,0.62,5.66,0.37,37.06,0.27,C3'-endo
96,96,0.94,A,A,A,1,0,0,0,0,.,,0,,,2.80,3.84,2.71,1.49,4.03,5.09,5.23,3.32,BI,anti,.,4.44,4.61,2.76,3.98,3.24,4.06,4.55,4.92,0.06,5.86,0.61,5.69,0.34,36.02,0.24,C3'-endo
97,97,0.95,G,G,G,0,0,1,0,0,.,,0,,,5.10,3.00,1.19,2.46,4.46,2.07,2.39,4.05,..,anti,.,1.17,1.37,3.27,2.45,3.89,1.78,4.90,1.83,5.99,0.53,5.74,0.39,6.22,31.96,2.92,C2'-endo
98,98,0.96,A,A,A,1,0,0,0,0,],45,1,cWW,cW-W,0.74,3.47,3.80,1.48,3.96,5.04,5.20,3.22,BI,anti,A,4.64,4.68,2.72,3.27,2.36,3.50,2.52,4.35,0.09,5.82,0.65,5.67,0.33,37.68,0.19,C3'-endo
99,99,0.97,C,C,C,0,1,0,0,0,),90,1,cWW,cW-W,5.10,2.99,0.95,1.45,3.72,4.97,5.04,3.48,BI,anti,A,4.40,4.59,2.86,3.74,3.20,3.74,4.18,4.09,0.05,5.84,0.65,5.65,0.37,38.25,0.26,C3'-endo
100,100,0.98,U,U,U,0,0,0,1,0,),89,1,cWW,cW-W,5.02,2.93,1.07,1.43,3.75,5.01,5.03,3.59,BI,anti,A,4.21,4.57,2.90,3.78,3.13,3.77,3.71,4.32,0.01,5.87,0.64,5.64,0.40,38.18,0.31,C3'-endo
101,101,0.99,C,C,C,0,1,0,0,0,),88,1,cWW,cW-W,4.93,2.92,1.17,1.45,3.74,5.06,4.97,3.54,BI,anti,A,4.29,4.56,2.90,3.83,3.17,3.78,3.96,4.20,0.02,5.87,0.63,5.65,0.39,37.60,0.29,C3'-endo
102,102,1.00,A,A,A,1,0,0,0,0,.,,0,,,4.50,2.92,1.54,1.44,,,,3.34,n/a,anti,-,,,,,,,,,0.04,5.85,0.63,5.65,0.38,37.75,0.27,C3'-endo
