index_chain,old_nt_resnum,nt_position,nt_name,nt_code,nt_align_code,is_A,is_C,is_G,is_U,is_other,dbn,paired,nb_interact,pair_type_LW,pair_type_DSSR,alpha,beta,gamma,delta,epsilon,zeta,epsilon_zeta,chi,bb_type,glyco_bond,form,ssZp,Dp,eta,theta,eta_prime,theta_prime,eta_base,theta_base,v0,v1,v2,v3,v4,amplitude,phase_angle,puckering
1,2,0.07,U,U,U,0,0,0,1,0,.,,0,,,,3.50,4.93,1.48,4.23,4.66,5.86,3.48,..,anti,.,4.28,4.72,,3.03,,3.38,,3.92,0.10,5.80,0.66,5.66,0.33,38.38,0.18,C3'-endo
2,3,0.14,U,U,U,0,0,0,1,0,.,,0,,,5.09,3.07,0.92,1.49,3.99,3.80,0.19,3.78,..,anti,.,3.58,4.57,3.00,3.60,3.14,3.55,3.47,3.57,0.00,5.88,0.62,5.65,0.40,37.42,0.32,C3'-endo
3,4,0.21,C,C,C,0,1,0,0,0,.,,0,,,1.99,4.48,3.12,1.49,4.21,3.97,0.24,3.75,..,anti,B,3.53,4.62,2.99,3.70,3.14,3.55,3.29,3.98,0.00,5.87,0.64,5.63,0.41,38.48,0.32,C3'-endo
4,5,0.29,U,U,U,0,0,0,1,0,.,,0,,,2.22,4.38,2.98,1.48,4.31,4.93,5.67,3.55,..,anti,.,3.94,4.65,2.82,3.99,3.15,3.90,3.80,4.55,0.05,5.85,0.63,5.66,0.36,37.24,0.25,C3'-endo
5,6,0.36,C,C,C,0,1,0,0,0,.,,0,,,5.10,2.84,0.91,1.42,4.07,4.40,5.95,3.78,..,anti,.,3.58,4.71,2.69,3.50,3.06,3.51,4.00,3.83,6.28,5.85,0.67,5.59,0.44,40.67,0.33,C3'-endo
6,7,0.43,U,U,U,0,0,0,1,0,.,,0,,,5.30,2.26,0.99,1.40,4.10,4.77,5.61,3.79,..,anti,.,3.54,4.82,2.77,4.39,2.95,3.98,3.45,3.87,0.07,5.76,0.75,5.56,0.41,44.27,0.23,C3'-endo
7,8,0.50,U,U,U,0,0,0,1,0,.,,0,,,1.38,4.60,5.02,1.34,4.30,5.81,4.77,4.83,..,anti,.,-0.91,4.44,4.13,3.71,4.05,4.05,4.23,4.89,6.08,6.02,0.61,5.54,0.60,42.11,0.60,C3'-endo
8,9,0.57,U,U,U,0,0,0,1,0,.,,0,,,4.60,3.04,0.87,1.39,3.26,4.49,5.05,3.73,BI,anti,.,4.07,4.44,2.07,3.57,2.89,3.37,3.94,3.05,6.25,5.86,0.69,5.56,0.47,42.27,0.36,C3'-endo
9,10,0.64,U,U,U,0,0,0,1,0,.,,0,,,2.39,3.92,3.18,1.52,3.92,5.19,5.01,3.51,BI,anti,.,4.20,4.61,3.00,3.77,3.09,3.83,2.99,4.80,0.08,5.82,0.64,5.67,0.34,37.55,0.20,C3'-endo
10,11,0.71,A,A,A,1,0,0,0,0,.,,0,,,5.14,3.06,0.86,1.44,3.96,4.07,6.17,3.97,..,anti,.,3.06,4.79,2.87,3.73,3.28,3.58,4.48,3.42,0.11,5.76,0.71,5.61,0.36,41.59,0.18,C3'-endo
11,12,0.79,U,U,U,0,0,0,1,0,.,,0,,,1.93,4.25,3.34,1.45,3.89,4.98,5.19,3.27,BI,anti,A,4.70,4.75,2.93,3.45,3.04,3.50,3.11,4.25,0.11,5.77,0.70,5.63,0.34,40.68,0.17,C3'-endo
12,13,0.86,C,C,C,0,1,0,0,0,.,,0,,,5.44,2.93,0.83,1.48,3.60,4.97,4.92,3.78,BI,anti,.,3.78,4.45,3.02,4.26,3.35,4.08,4.32,4.55,0.06,5.87,0.60,5.70,0.34,35.38,0.24,C3'-endo
13,14,0.93,U,U,U,0,0,0,1,0,.,,0,,,2.56,3.53,3.07,1.47,4.10,4.49,5.89,3.50,..,anti,A,4.27,4.72,2.78,3.80,3.13,3.69,3.92,4.07,0.10,5.80,0.66,5.66,0.33,38.45,0.18,C3'-endo
14,15,1.00,U,U,U,0,0,0,1,0,.,,0,,,2.53,3.78,3.03,1.39,,,,3.85,n/a,anti,-,,,,,,,,,0.04,5.84,0.66,5.63,0.39,39.10,0.27,C3'-endo
