index_chain,old_nt_resnum,nt_position,nt_name,nt_code,nt_align_code,is_A,is_C,is_G,is_U,is_other,dbn,paired,nb_interact,pair_type_LW,pair_type_DSSR,alpha,beta,gamma,delta,epsilon,zeta,epsilon_zeta,chi,bb_type,glyco_bond,form,ssZp,Dp,eta,theta,eta_prime,theta_prime,eta_base,theta_base,v0,v1,v2,v3,v4,amplitude,phase_angle,puckering
1,1,0.08,A,A,A,1,0,0,0,0,(,0,1,cWW,cW-W,,,2.97,1.41,4.34,5.48,5.15,3.48,..,anti,.,4.29,4.88,,,,,,,0.14,5.77,0.68,5.67,0.31,39.21,0.13,C3'-endo
2,2,0.17,U,U,U,0,0,0,1,0,.,,0,,,4.54,1.55,3.03,1.43,3.47,4.95,4.81,3.19,BI,anti,.,4.55,4.57,3.66,2.91,3.66,3.21,3.75,4.17,0.10,5.82,0.63,5.69,0.31,36.73,0.17,C3'-endo
3,3,0.25,C,C,C,0,1,0,0,0,(,0,1,cWW,cW-W,3.01,3.70,2.63,1.38,4.15,4.80,5.63,3.42,..,anti,.,4.39,4.73,2.79,3.73,3.14,3.74,4.27,4.48,0.06,5.84,0.65,5.66,0.36,38.01,0.23,C3'-endo
4,4,0.33,C,C,C,0,1,0,0,0,(,0,1,cWW,cW-W,5.39,2.64,0.88,1.33,3.95,4.68,5.55,3.40,BI,anti,A,4.56,4.78,2.81,3.65,3.12,3.65,4.16,3.83,0.05,5.81,0.69,5.61,0.39,40.60,0.25,C3'-endo
5,5,0.42,G,G,G,0,0,1,0,0,(,0,1,cWW,cW-W,5.41,2.62,0.94,1.31,3.66,4.96,4.98,3.38,BI,anti,A,4.57,4.66,2.88,3.67,3.08,3.67,3.53,4.18,6.27,5.85,0.69,5.57,0.45,41.70,0.34,C3'-endo
6,6,0.50,C,C,C,0,1,0,0,0,(,0,1,cWW,cW-W,5.35,2.88,1.00,1.39,3.57,5.23,4.63,3.56,BI,anti,A,4.29,4.53,3.06,3.85,3.31,3.77,4.07,4.04,6.28,5.89,0.62,5.65,0.41,37.42,0.33,C3'-endo
7,7,0.58,G,G,G,0,0,1,0,0,(,0,1,cWW,cW-W,4.62,3.07,1.26,1.26,3.56,4.66,5.18,3.28,BI,anti,.,4.74,4.69,2.69,3.26,2.97,3.27,3.58,3.59,6.28,5.85,0.68,5.58,0.45,41.49,0.33,C3'-endo
8,8,0.67,G,G,G,0,0,1,0,0,(,0,1,cWW,cW-W,5.54,2.70,1.07,1.37,3.82,5.09,5.01,3.27,BI,anti,A,4.63,4.68,3.25,3.94,3.36,3.91,3.78,4.40,0.05,5.83,0.66,5.63,0.38,39.41,0.26,C3'-endo
9,9,0.75,C,C,C,0,1,0,0,0,(,0,1,cWW,cW-W,5.36,3.10,0.75,1.33,3.27,4.90,4.65,3.57,BI,anti,A,4.33,4.47,2.88,3.82,3.19,3.72,4.05,4.22,6.27,5.86,0.67,5.60,0.44,40.42,0.34,C3'-endo
10,10,0.83,C,C,C,0,1,0,0,0,(,0,1,cWW,cW-W,2.74,3.67,2.97,1.41,4.55,4.54,0.01,3.32,..,anti,.,4.45,4.80,3.02,3.61,3.20,3.69,3.95,4.40,0.12,5.79,0.66,5.67,0.31,38.45,0.15,C3'-endo
11,11,0.92,C,C,C,0,1,0,0,0,(,0,1,cWW,cW-W,5.27,2.38,1.13,1.39,3.83,4.86,5.26,3.26,BI,anti,A,4.65,4.70,2.72,3.76,3.10,3.68,4.07,3.87,0.06,5.83,0.65,5.66,0.36,38.12,0.23,C3'-endo
12,12,1.00,U,U,U,0,0,0,1,0,(,0,1,cWW,cW-W,4.98,3.07,1.01,1.43,,,,3.39,n/a,anti,-,,,,,,,,,0.04,5.86,0.62,5.67,0.36,36.87,0.26,C3'-endo
