index_chain,old_nt_resnum,nt_position,nt_name,nt_code,nt_align_code,is_A,is_C,is_G,is_U,is_other,dbn,paired,nb_interact,pair_type_LW,pair_type_DSSR,alpha,beta,gamma,delta,epsilon,zeta,epsilon_zeta,chi,bb_type,glyco_bond,form,ssZp,Dp,eta,theta,eta_prime,theta_prime,eta_base,theta_base,v0,v1,v2,v3,v4,amplitude,phase_angle,puckering
1,1,0.03,U,U,U,0,0,0,1,0,.,,0,,,,3.34,1.47,1.47,3.69,3.04,0.65,3.64,..,anti,.,4.08,4.43,,1.62,,2.03,,2.79,6.19,5.98,0.55,5.66,0.45,35.63,0.47,C3'-endo
2,2,0.06,U,U,U,0,0,0,1,0,.,,0,,,5.10,3.39,0.93,1.55,4.33,1.50,2.83,3.65,..,anti,.,3.92,4.60,3.99,1.21,3.51,0.94,2.64,1.04,0.06,5.89,0.56,5.74,0.31,32.69,0.23,C3'-endo
3,3,0.09,U,U,U,0,0,0,1,0,.,,0,,,0.80,3.23,3.74,1.53,3.94,5.36,4.87,3.27,BI,anti,.,4.44,4.54,2.42,3.61,2.54,3.83,3.04,5.00,0.06,5.87,0.60,5.71,0.33,35.46,0.22,C3'-endo
4,4,0.11,U,U,U,0,0,0,1,0,.,,0,,,4.97,3.23,0.81,1.44,4.20,5.00,5.49,4.12,..,anti,.,2.24,4.59,2.84,4.16,3.24,4.38,4.50,4.66,6.23,5.93,0.61,5.62,0.45,37.98,0.41,C3'-endo
5,5,0.14,U,U,U,0,0,0,1,0,.,,0,,,5.12,3.40,1.16,2.38,4.05,2.00,2.05,4.02,..,anti,.,1.76,1.69,3.34,1.96,3.81,1.81,4.00,2.29,5.77,0.69,5.69,0.31,0.12,38.62,2.63,C2'-endo
6,6,0.17,U,U,U,0,0,0,1,0,.,,0,,,5.29,2.34,0.68,1.51,4.22,4.82,5.69,3.48,..,anti,.,4.11,4.58,3.27,4.65,3.29,4.47,3.37,5.12,0.05,5.87,0.60,5.69,0.34,35.41,0.25,C3'-endo
7,7,0.20,U,U,U,0,0,0,1,0,.,,0,,,1.58,3.83,4.04,1.78,4.50,5.43,5.36,3.81,..,anti,.,2.93,4.24,3.14,3.80,3.42,3.58,4.44,3.61,0.18,5.94,0.37,6.00,0.07,21.69,6.13,C2'-exo
8,8,0.23,U,U,U,0,0,0,1,0,.,,0,,,4.10,1.68,2.16,1.43,4.13,2.63,1.49,3.49,BII,anti,.,4.32,4.75,2.19,1.21,2.63,1.45,2.86,2.44,0.11,5.78,0.68,5.65,0.33,39.61,0.17,C3'-endo
9,9,0.26,U,U,U,0,0,0,1,0,.,,0,,,5.46,2.91,0.74,1.52,4.57,1.83,2.74,3.27,..,anti,.,4.56,4.76,4.04,1.67,3.84,1.32,2.93,1.26,0.19,5.72,0.70,5.68,0.26,40.23,0.05,C3'-endo
10,10,0.29,U,U,U,0,0,0,1,0,.,,0,,,0.67,3.57,3.66,1.53,4.12,5.19,5.21,3.26,..,anti,.,4.37,4.33,2.64,3.60,2.58,3.83,2.91,5.01,6.15,6.06,0.48,5.71,0.45,32.47,0.56,C3'-endo
11,11,0.31,U,U,U,0,0,0,1,0,.,,0,,,5.09,2.89,0.81,1.45,4.11,5.17,5.22,3.76,..,anti,.,3.71,4.74,2.68,4.27,3.17,4.39,4.51,4.61,0.04,5.85,0.64,5.64,0.38,38.27,0.27,C3'-endo
12,12,0.34,U,U,U,0,0,0,1,0,.,,0,,,5.18,3.49,0.90,2.24,4.62,1.43,3.19,3.94,..,anti,.,1.56,1.31,3.46,1.75,3.84,1.92,4.13,2.36,5.76,0.62,5.80,0.19,0.21,35.11,2.48,C1'-exo
13,13,0.37,U,U,U,0,0,0,1,0,.,,0,,,3.19,3.98,1.73,1.51,3.73,4.95,5.07,3.68,BI,anti,.,4.03,4.56,3.11,4.45,3.04,4.09,3.05,4.04,0.07,5.87,0.58,5.73,0.31,34.08,0.21,C3'-endo
14,14,0.40,U,U,U,0,0,0,1,0,.,,0,,,1.77,3.37,3.86,1.55,4.13,5.05,5.37,3.58,..,anti,.,4.03,4.57,2.77,3.46,2.95,3.70,3.28,4.61,0.05,5.91,0.54,5.75,0.30,32.07,0.24,C3'-endo
15,15,0.43,U,U,U,0,0,0,1,0,.,,0,,,5.22,2.88,0.80,1.41,3.72,2.55,1.17,3.57,..,anti,.,4.29,4.64,2.68,1.35,3.13,1.54,4.21,2.44,0.04,5.82,0.69,5.60,0.40,40.73,0.26,C3'-endo
16,16,0.46,U,U,U,0,0,0,1,0,.,,0,,,5.35,2.76,0.85,1.57,4.73,1.68,3.04,3.47,..,anti,.,3.85,4.49,3.86,1.77,3.81,1.48,2.96,1.48,0.14,5.80,0.62,5.73,0.26,35.57,0.10,C3'-endo
17,17,0.49,U,U,U,0,0,0,1,0,.,,0,,,1.02,3.53,3.44,1.57,4.10,5.10,5.28,3.28,..,anti,.,3.92,4.21,2.77,3.65,2.71,3.79,3.01,4.96,6.18,6.05,0.46,5.75,0.40,30.43,0.51,C3'-endo
18,18,0.51,U,U,U,0,0,0,1,0,.,,0,,,5.13,2.82,0.84,1.41,4.07,5.09,5.26,3.96,..,anti,.,2.92,4.57,2.67,4.16,3.11,4.28,4.46,4.42,6.20,5.94,0.61,5.61,0.48,38.84,0.45,C3'-endo
19,19,0.54,U,U,U,0,0,0,1,0,.,,0,,,4.90,3.45,1.14,2.25,4.31,2.17,2.14,3.92,..,anti,.,1.16,1.44,3.29,1.95,3.67,1.87,3.85,2.25,5.66,0.71,5.75,0.19,0.27,40.29,2.42,C1'-exo
20,20,0.57,U,U,U,0,0,0,1,0,.,,0,,,4.95,2.89,0.44,1.60,3.83,5.05,5.06,3.49,BI,anti,.,4.16,4.46,3.10,3.97,3.01,4.02,3.10,4.70,0.13,5.86,0.55,5.80,0.23,31.41,0.09,C3'-endo
21,21,0.60,U,U,U,0,0,0,1,0,.,,0,,,5.02,2.96,0.99,1.44,4.03,4.70,5.61,3.84,..,anti,.,3.43,4.65,2.88,3.72,3.18,3.75,4.06,4.07,0.01,5.88,0.62,5.65,0.39,37.31,0.31,C3'-endo
22,22,0.63,U,U,U,0,0,0,1,0,.,,0,,,5.19,2.68,1.03,1.48,3.91,3.14,0.77,3.64,BII,anti,.,3.98,4.50,2.90,1.81,3.12,2.23,3.58,2.89,6.24,5.95,0.55,5.69,0.41,34.45,0.40,C3'-endo
23,23,0.66,U,U,U,0,0,0,1,0,.,,0,,,5.11,3.54,0.70,1.63,4.38,1.36,3.01,3.65,..,anti,.,3.79,4.54,4.02,1.14,3.49,0.96,2.68,1.12,0.13,5.89,0.49,5.85,0.20,28.41,0.08,C3'-endo
24,24,0.69,U,U,U,0,0,0,1,0,.,,0,,,0.91,3.13,3.80,1.74,4.23,5.08,5.43,3.44,..,anti,B,3.98,4.25,2.59,3.72,2.73,3.92,3.22,4.96,0.13,5.96,0.39,5.96,0.12,22.45,6.27,C2'-exo
25,25,0.71,U,U,U,0,0,0,1,0,.,,0,,,5.19,2.85,0.76,1.41,4.04,5.28,5.05,4.14,BI,anti,.,2.27,4.54,2.64,4.28,3.11,4.39,4.26,4.54,6.19,5.95,0.61,5.60,0.49,39.10,0.46,C3'-endo
26,26,0.74,U,U,U,0,0,0,1,0,.,,0,,,5.06,3.55,1.00,2.23,4.38,2.05,2.33,3.90,..,anti,.,1.19,1.38,3.41,1.77,3.82,1.77,3.99,2.11,5.59,0.75,5.76,0.15,0.34,42.89,2.35,C1'-exo
27,27,0.77,U,U,U,0,0,0,1,0,.,,0,,,4.71,3.12,0.65,1.50,3.75,4.88,5.15,3.56,BI,anti,.,4.14,4.38,3.18,4.18,3.07,4.04,3.02,4.58,6.19,6.02,0.50,5.71,0.43,32.58,0.49,C3'-endo
28,28,0.80,U,U,U,0,0,0,1,0,.,,0,,,1.86,3.47,3.79,1.62,4.24,5.16,5.36,3.36,..,anti,.,4.43,4.66,2.90,3.69,3.13,3.87,3.95,4.71,0.24,5.75,0.60,5.80,0.15,34.70,6.21,C2'-exo
29,29,0.83,U,U,U,0,0,0,1,0,.,,0,,,5.05,3.06,0.88,1.47,3.66,2.71,0.95,3.69,..,anti,.,4.04,4.48,2.67,1.31,3.14,1.60,4.16,2.33,6.25,5.92,0.59,5.65,0.42,36.56,0.38,C3'-endo
30,30,0.86,U,U,U,0,0,0,1,0,.,,0,,,4.96,3.12,0.91,1.59,4.64,1.70,2.94,3.60,..,anti,.,3.57,4.42,3.78,1.71,3.57,1.36,2.82,1.27,0.04,5.91,0.54,5.75,0.32,32.25,0.26,C3'-endo
31,31,0.89,U,U,U,0,0,0,1,0,.,,0,,,0.82,3.36,3.52,1.47,3.88,5.28,4.88,3.47,BI,anti,.,4.21,4.45,2.45,3.51,2.40,3.72,2.71,4.89,6.19,5.97,0.57,5.64,0.47,36.71,0.47,C3'-endo
32,32,0.91,U,U,U,0,0,0,1,0,.,,0,,,4.94,3.03,1.05,1.49,4.21,5.22,5.27,4.18,..,anti,.,1.96,4.40,2.95,4.44,3.34,4.51,4.59,4.70,6.15,6.02,0.53,5.66,0.48,35.34,0.54,C3'-endo
33,33,0.94,U,U,U,0,0,0,1,0,.,,0,,,5.05,3.31,1.07,2.02,4.05,2.17,1.88,3.70,..,anti,.,1.95,2.06,3.15,1.67,3.63,1.67,3.89,2.12,5.58,0.63,5.95,6.23,0.47,39.71,2.08,C1'-exo
34,34,0.97,U,U,U,0,0,0,1,0,.,,0,,,5.11,2.63,0.40,1.44,3.78,4.92,5.14,3.40,BI,anti,A,4.61,4.76,2.91,3.81,2.93,3.96,3.02,4.31,0.18,5.71,0.73,5.64,0.30,42.22,0.08,C3'-endo
35,35,1.00,U,U,U,0,0,0,1,0,.,,0,,,5.37,2.81,1.35,2.44,,,,3.71,n/a,anti,-,,,,,,,,,5.84,0.66,5.66,0.38,0.03,38.23,2.76,C2'-endo
