index_chain,old_nt_resnum,nt_position,nt_name,nt_code,nt_align_code,is_A,is_C,is_G,is_U,is_other,dbn,paired,nb_interact,pair_type_LW,pair_type_DSSR,alpha,beta,gamma,delta,epsilon,zeta,epsilon_zeta,chi,bb_type,glyco_bond,form,ssZp,Dp,eta,theta,eta_prime,theta_prime,eta_base,theta_base,v0,v1,v2,v3,v4,amplitude,phase_angle,puckering
1,1,0.06,G,G,G,0,0,1,0,0,(,0,1,cWW,cW-W,,,1.05,1.40,3.74,4.87,5.16,3.25,BI,anti,A,4.69,4.70,,,,,,,0.08,5.81,0.66,5.65,0.35,38.82,0.21,C3'-endo
2,2,0.11,G,G,G,0,0,1,0,0,(,0,1,cWW,cW-W,5.32,2.97,0.88,1.41,3.83,4.94,5.17,3.32,BI,anti,A,4.63,4.71,3.02,3.81,3.20,3.84,3.82,4.39,0.08,5.82,0.65,5.66,0.34,38.04,0.21,C3'-endo
3,3,0.17,C,C,C,0,1,0,0,0,(,0,1,cWW,cW-W,5.21,2.92,0.93,1.38,3.80,5.06,5.02,3.45,BI,anti,A,4.51,4.72,2.88,3.85,3.13,3.85,3.97,4.31,0.08,5.80,0.68,5.64,0.36,39.64,0.21,C3'-endo
4,4,0.22,U,U,U,0,0,0,1,0,(,0,1,cWW,cW-W,5.11,2.84,1.17,1.33,3.58,4.93,4.93,3.40,BI,anti,A,4.55,4.63,2.88,3.55,3.21,3.52,4.02,3.98,0.01,5.85,0.67,5.61,0.42,40.05,0.31,C3'-endo
5,5,0.28,U,U,U,0,0,0,1,0,(,0,1,cWW,cW-W,5.21,2.87,1.01,1.37,3.59,5.03,4.85,3.43,BI,anti,A,4.54,4.66,2.92,3.67,3.15,3.64,3.89,4.01,0.09,5.79,0.69,5.63,0.36,40.16,0.20,C3'-endo
6,6,0.33,U,U,U,0,0,0,1,0,(,0,1,cWW,cW-W,5.16,3.01,1.02,1.41,3.71,5.11,4.88,3.36,BI,anti,A,4.61,4.70,3.01,3.86,3.20,3.90,3.84,4.43,0.10,5.80,0.65,5.67,0.32,37.90,0.17,C3'-endo
7,7,0.39,U,U,U,0,0,0,1,0,(,0,1,cWW,cW-W,5.22,3.07,0.87,1.41,3.55,4.78,5.05,3.49,BI,anti,.,4.39,4.56,2.93,4.01,3.24,3.82,4.08,3.92,0.03,5.85,0.64,5.64,0.38,38.16,0.28,C3'-endo
8,8,0.44,G,G,G,0,0,1,0,0,(,0,1,cWW,cW-W,2.33,3.64,3.41,1.39,3.80,4.90,5.19,3.14,BI,anti,A,4.78,4.75,2.92,3.14,3.10,3.31,3.56,3.88,0.08,5.81,0.67,5.64,0.36,39.00,0.22,C3'-endo
9,9,0.50,A,A,A,1,0,0,0,0,(,0,1,cWW,cW-W,5.29,3.13,0.73,1.44,3.89,4.81,5.37,3.44,BI,anti,A,4.51,4.76,3.01,3.79,3.17,3.86,3.80,4.37,0.13,5.79,0.65,5.69,0.29,37.79,0.13,C3'-endo
10,10,0.56,C,C,C,0,1,0,0,0,(,0,1,cWW,cW-W,5.50,2.72,0.87,1.36,3.68,5.05,4.91,3.45,BI,anti,A,4.50,4.67,2.95,3.79,3.21,3.77,4.00,4.15,0.04,5.84,0.66,5.62,0.39,39.50,0.27,C3'-endo
11,11,0.61,C,C,C,0,1,0,0,0,(,0,1,cWW,cW-W,5.22,3.07,0.85,1.36,3.67,4.97,4.99,3.52,BI,anti,A,4.40,4.65,2.92,3.64,3.14,3.66,3.80,3.95,0.02,5.86,0.65,5.62,0.41,39.28,0.30,C3'-endo
12,12,0.67,U,U,U,0,0,0,1,0,(,0,1,cWW,cW-W,5.35,3.01,0.77,1.34,3.56,4.65,5.19,3.55,BI,anti,.,4.36,4.60,2.92,3.85,3.10,3.73,3.59,4.00,6.28,5.87,0.65,5.62,0.42,39.13,0.33,C3'-endo
13,13,0.72,U,U,U,0,0,0,1,0,(,0,1,cWW,cW-W,2.26,3.79,3.50,1.46,4.09,4.97,5.40,3.19,..,anti,A,4.73,4.77,3.09,3.47,3.23,3.59,3.78,4.20,0.13,5.80,0.64,5.70,0.28,36.74,0.13,C3'-endo
14,14,0.78,U,U,U,0,0,0,1,0,(,0,1,cWW,cW-W,5.27,3.08,0.72,1.39,3.64,4.98,4.94,3.42,BI,anti,A,4.54,4.65,2.78,3.64,3.07,3.68,3.90,4.13,0.05,5.84,0.65,5.64,0.37,38.48,0.25,C3'-endo
15,15,0.83,A,A,A,1,0,0,0,0,(,0,1,cWW,cW-W,5.20,3.04,0.84,1.39,3.75,5.04,4.99,3.53,BI,anti,A,4.37,4.70,2.90,3.80,3.08,3.86,3.72,4.44,0.07,5.82,0.66,5.64,0.36,38.89,0.22,C3'-endo
16,16,0.89,U,U,U,0,0,0,1,0,(,0,1,cWW,cW-W,5.26,2.95,0.90,1.37,3.77,4.80,5.25,3.53,BI,anti,A,4.37,4.69,2.92,3.60,3.19,3.61,4.04,3.84,0.06,5.83,0.67,5.63,0.37,39.30,0.24,C3'-endo
17,17,0.94,G,G,G,0,0,1,0,0,(,0,1,cWW,cW-W,5.29,2.93,0.81,1.35,3.62,5.02,4.88,3.54,BI,anti,A,4.38,4.67,2.86,3.66,3.00,3.69,3.44,4.14,0.06,5.81,0.69,5.61,0.38,40.46,0.24,C3'-endo
18,18,1.00,C,C,C,0,1,0,0,0,(,0,1,cWW,cW-W,5.19,2.93,1.10,1.40,,,,3.53,n/a,anti,-,,,,,,,,,0.03,5.86,0.63,5.65,0.38,37.65,0.28,C3'-endo
