index_chain,old_nt_resnum,nt_position,nt_name,nt_code,nt_align_code,is_A,is_C,is_G,is_U,is_other,dbn,paired,nb_interact,pair_type_LW,pair_type_DSSR,alpha,beta,gamma,delta,epsilon,zeta,epsilon_zeta,chi,bb_type,glyco_bond,form,ssZp,Dp,eta,theta,eta_prime,theta_prime,eta_base,theta_base,v0,v1,v2,v3,v4,amplitude,phase_angle,puckering
1,401,0.05,G,G,G,0,0,1,0,0,.,0,1,cWW,cW-W,,3.05,3.36,1.57,3.78,5.03,5.03,3.14,BI,anti,A,4.69,4.67,,3.20,,3.43,,4.15,0.26,5.69,0.68,5.73,0.19,39.25,6.23,C2'-exo
2,402,0.11,C,C,C,0,1,0,0,0,.,0,1,cWW,cW-W,4.99,2.97,1.18,1.45,3.73,4.83,5.18,3.36,BI,anti,A,4.51,4.61,2.97,3.64,3.31,3.65,4.18,4.06,6.25,5.90,0.62,5.63,0.43,38.30,0.37,C3'-endo
3,403,0.16,U,U,U,0,0,0,1,0,.,,0,,,5.06,2.99,0.99,1.47,3.68,5.08,4.88,3.58,BI,anti,A,4.28,4.58,2.86,3.90,3.08,3.88,3.73,4.38,0.09,5.83,0.63,5.69,0.32,36.78,0.19,C3'-endo
4,404,0.21,G,G,G,0,0,1,0,0,.,0,1,cWW,cW-W,5.09,3.20,0.96,1.36,3.61,5.01,4.89,3.57,BI,anti,.,4.41,4.71,2.86,3.65,3.12,3.63,3.94,3.56,0.10,5.78,0.69,5.63,0.35,40.47,0.19,C3'-endo
5,405,0.26,C,C,C,0,1,0,0,0,.,0,1,cWW,cW-W,5.16,2.84,1.37,1.20,3.48,5.13,4.63,3.56,BI,anti,A,4.24,4.46,3.08,3.55,3.31,3.47,3.45,3.77,6.00,6.05,0.64,5.47,0.70,46.97,0.67,C4'-exo
6,406,0.32,U,U,U,0,0,0,1,0,.,0,1,cWW,cW-W,4.87,3.29,0.98,1.26,3.65,4.97,4.96,3.50,BI,anti,A,4.42,4.68,2.81,3.50,2.92,3.61,3.43,4.27,6.20,5.86,0.75,5.47,0.57,46.91,0.43,C3'-endo
7,407,0.37,G,G,G,0,0,1,0,0,.,0,1,cWW,cW-W,4.97,3.05,1.07,1.43,3.66,5.11,4.83,3.25,BI,anti,A,4.66,4.67,2.89,3.88,3.11,3.88,3.96,4.32,0.07,5.78,0.72,5.58,0.40,42.62,0.23,C3'-endo
8,408,0.42,C,C,C,0,1,0,0,0,.,0,1,cWW,cW-W,5.44,3.11,0.78,1.36,3.60,4.94,4.94,3.34,BI,anti,.,4.64,4.60,3.02,3.80,3.30,3.57,4.11,3.15,6.28,5.89,0.62,5.65,0.40,37.57,0.33,C3'-endo
9,409,0.47,U,U,U,0,0,0,1,0,.,0,1,cWW,cW-W,3.04,2.74,2.93,1.42,3.60,5.55,4.33,3.50,BI,anti,.,4.45,4.66,2.66,3.59,2.71,3.75,2.46,4.62,0.10,5.81,0.65,5.67,0.32,37.91,0.18,C3'-endo
10,410,0.53,G,G,G,0,0,1,0,0,.,0,1,cWW,cW-W,4.43,3.14,1.55,1.50,3.79,4.85,5.23,3.20,BI,anti,A,4.62,4.68,2.82,3.73,3.38,3.70,4.67,3.88,0.20,5.75,0.66,5.72,0.23,37.73,0.03,C3'-endo
11,411,0.58,C,C,C,0,1,0,0,0,.,0,1,cWW,cW-W,5.42,3.19,0.72,1.46,3.47,5.02,4.73,3.46,BI,anti,.,4.46,4.59,3.12,3.60,3.27,3.60,3.66,3.64,0.07,5.76,0.74,5.56,0.41,43.84,0.23,C3'-endo
12,412,0.63,U,U,U,0,0,0,1,0,.,0,1,cWW,cW-W,5.14,3.00,1.01,1.29,3.82,5.04,5.06,3.30,BI,anti,.,4.61,4.62,3.06,3.78,3.17,3.86,3.35,4.75,6.15,5.90,0.71,5.48,0.59,45.93,0.48,C3'-endo
13,413,0.68,G,G,G,0,0,1,0,0,.,0,1,cWW,cW-W,5.04,2.96,0.98,1.37,3.70,5.07,4.92,3.28,BI,anti,A,4.66,4.71,2.82,3.83,3.14,3.87,4.31,4.51,0.04,5.79,0.73,5.56,0.43,43.19,0.27,C3'-endo
14,414,0.74,C,C,C,0,1,0,0,0,.,,0,,,5.16,2.98,0.96,1.42,3.53,5.23,4.58,3.50,BI,anti,A,4.37,4.58,2.92,3.90,3.24,3.87,4.20,4.26,0.01,5.82,0.72,5.56,0.45,43.23,0.31,C3'-endo
15,415,0.79,U,U,U,0,0,0,1,0,.,0,1,cWW,cW-W,5.16,3.25,0.82,1.30,3.84,5.05,5.07,3.72,BI,anti,A,3.74,4.67,3.03,3.66,3.23,3.64,3.85,3.85,6.16,5.96,0.63,5.57,0.53,41.06,0.49,C3'-endo
16,416,0.84,G,G,G,0,0,1,0,0,.,0,1,cWW,cW-W,4.79,2.63,1.46,1.30,3.32,5.03,4.57,3.23,BI,anti,A,4.54,4.45,2.68,3.55,2.98,3.51,3.47,4.28,6.14,5.92,0.70,5.49,0.59,45.49,0.49,C3'-endo
17,417,0.89,C,C,C,0,1,0,0,0,.,,0,,,4.07,3.45,1.74,1.52,3.63,5.04,4.87,3.44,BI,anti,A,4.59,4.72,2.89,3.81,3.12,3.71,4.15,3.88,0.19,5.70,0.73,5.65,0.28,41.80,0.06,C3'-endo
18,418,0.95,U,U,U,0,0,0,1,0,.,0,1,cWW,cW-W,5.38,3.13,0.66,1.36,4.48,4.34,0.14,3.38,..,anti,A,4.27,4.75,3.22,3.66,3.36,3.84,3.74,4.39,0.10,5.75,0.74,5.58,0.38,43.32,0.20,C3'-endo
19,419,1.00,G,G,G,0,0,1,0,0,.,0,1,cWW,cW-W,5.40,2.24,1.04,1.41,,,,3.60,n/a,anti,-,,,,,,,,,0.00,5.85,0.68,5.59,0.44,40.84,0.32,C3'-endo
