index_chain,old_nt_resnum,nt_position,nt_name,nt_code,nt_align_code,is_A,is_C,is_G,is_U,is_other,dbn,paired,nb_interact,pair_type_LW,pair_type_DSSR,alpha,beta,gamma,delta,epsilon,zeta,epsilon_zeta,chi,bb_type,glyco_bond,form,ssZp,Dp,eta,theta,eta_prime,theta_prime,eta_base,theta_base,v0,v1,v2,v3,v4,amplitude,phase_angle,puckering
1,690,0.08,U,U,U,0,0,0,1,0,.,,0,,,,3.93,0.96,1.41,4.06,4.19,6.16,3.32,..,anti,.,4.59,4.73,,3.53,,3.75,,4.24,0.05,5.85,0.63,5.67,0.35,37.10,0.24,C3'-endo
2,691,0.17,G,G,G,0,0,1,0,0,.,0,1,cWW,cW-W,5.94,2.33,0.72,1.43,4.50,5.34,5.44,3.27,..,anti,.,4.50,4.71,3.32,4.37,3.41,4.05,3.83,3.89,0.03,5.89,0.60,5.68,0.36,35.73,0.28,C3'-endo
3,692,0.25,U,U,U,0,0,0,1,0,),0,1,cWW,cW-W,4.41,1.41,2.70,1.43,3.98,5.19,5.07,3.12,BI,anti,.,4.71,4.71,3.00,3.18,3.06,3.46,3.24,4.27,0.06,5.85,0.62,5.68,0.34,36.27,0.23,C3'-endo
4,693,0.33,U,U,U,0,0,0,1,0,),0,1,cWW,cW-W,4.99,3.33,0.86,1.45,3.65,5.05,4.89,3.42,BI,anti,A,4.51,4.63,2.81,3.73,3.16,3.76,4.19,4.23,0.06,5.85,0.63,5.67,0.35,36.99,0.23,C3'-endo
5,694,0.42,C,C,C,0,1,0,0,0,),0,1,cWW,cW-W,4.72,3.04,1.20,1.38,3.81,4.80,5.29,3.42,BI,anti,A,4.54,4.71,2.77,3.71,2.98,3.71,3.70,4.02,0.05,5.82,0.68,5.61,0.39,40.55,0.26,C3'-endo
6,695,0.50,C,C,C,0,1,0,0,0,),0,1,cWW,cW-W,5.63,2.78,0.74,1.33,3.31,5.34,4.25,3.43,BI,anti,A,4.49,4.54,2.97,3.73,3.24,3.73,3.85,4.23,0.00,5.85,0.68,5.59,0.44,41.01,0.32,C3'-endo
7,696,0.58,G,G,G,0,0,1,0,0,),0,1,cWW,cW-W,4.71,3.30,1.20,1.38,3.68,5.06,4.91,3.38,BI,anti,A,4.51,4.62,2.97,3.75,3.20,3.79,3.99,4.28,0.05,5.83,0.66,5.63,0.37,39.00,0.25,C3'-endo
8,697,0.67,A,A,A,1,0,0,0,0,),0,1,cWW,cW-W,5.17,2.99,1.11,1.43,3.62,4.93,4.98,3.45,BI,anti,A,4.41,4.56,3.02,3.65,3.31,3.64,4.07,4.03,6.26,5.94,0.56,5.69,0.39,34.32,0.36,C3'-endo
9,698,0.75,G,G,G,0,0,1,0,0,),0,1,cWW,cW-W,5.20,3.06,0.88,1.44,3.42,5.13,4.57,3.65,BI,anti,A,4.18,4.48,2.96,3.69,3.16,3.69,3.76,4.20,0.02,5.87,0.62,5.66,0.38,37.18,0.29,C3'-endo
10,699,0.83,A,A,A,1,0,0,0,0,),0,1,cWW,cW-W,5.07,2.99,0.98,1.48,3.61,4.96,4.93,3.56,BI,anti,A,4.38,4.61,2.94,3.74,3.22,3.73,4.00,4.24,0.05,5.88,0.58,5.71,0.33,34.22,0.25,C3'-endo
11,700,0.92,G,G,G,0,0,1,0,0,),0,1,cWW,cW-W,5.18,2.94,0.95,1.42,3.81,4.77,5.32,3.57,BI,anti,A,4.28,4.64,2.97,3.74,3.20,3.76,3.95,4.11,0.05,5.85,0.63,5.66,0.36,37.47,0.25,C3'-endo
12,701,1.00,A,A,A,1,0,0,0,0,),0,1,cWW,cW-W,5.57,2.87,0.63,1.44,,,,3.85,..,anti,-,,,,,,,,,6.27,5.92,0.58,5.68,0.39,35.51,0.35,C3'-endo
