index_chain,old_nt_resnum,nt_position,nt_name,nt_code,nt_align_code,is_A,is_C,is_G,is_U,is_other,dbn,paired,nb_interact,pair_type_LW,pair_type_DSSR,alpha,beta,gamma,delta,epsilon,zeta,epsilon_zeta,chi,bb_type,glyco_bond,form,ssZp,Dp,eta,theta,eta_prime,theta_prime,eta_base,theta_base,v0,v1,v2,v3,v4,amplitude,phase_angle,puckering
1,687,0.07,G,G,G,0,0,1,0,0,.,,0,,,,4.86,3.76,1.52,4.04,5.68,4.64,3.56,..,anti,.,4.17,4.65,,3.78,,3.90,,4.88,0.12,5.87,0.54,5.79,0.24,31.41,0.12,C3'-endo
2,688,0.13,U,U,U,0,0,0,1,0,.,0,1,cWH,cW+M,3.93,2.77,1.87,1.38,3.79,4.77,5.31,3.40,BI,anti,A,4.58,4.74,2.33,3.58,3.05,3.53,4.49,3.88,0.10,5.79,0.69,5.63,0.35,40.18,0.19,C3'-endo
3,689,0.20,U,U,U,0,0,0,1,0,),0,1,cWW,cW-W,5.69,2.68,0.80,1.36,3.97,4.84,5.42,3.28,BI,anti,A,4.64,4.73,3.09,3.85,3.31,3.89,3.93,4.59,0.04,5.84,0.66,5.63,0.39,39.31,0.27,C3'-endo
4,690,0.27,C,C,C,0,1,0,0,0,),0,1,cWW,cW-W,5.45,2.84,0.72,1.34,3.88,4.64,5.52,3.35,BI,anti,A,4.63,4.75,2.86,3.55,3.10,3.60,4.10,3.83,0.07,5.79,0.70,5.61,0.38,41.09,0.22,C3'-endo
5,691,0.33,G,G,G,0,0,1,0,0,),0,1,cWW,cW-W,5.47,2.63,0.97,1.36,3.88,4.76,5.40,3.27,BI,anti,A,4.63,4.70,3.03,3.67,3.19,3.68,3.59,4.18,0.02,5.86,0.65,5.63,0.40,38.61,0.29,C3'-endo
6,692,0.40,A,A,A,1,0,0,0,0,),0,1,cWW,cW-W,5.29,2.78,0.96,1.40,3.90,4.87,5.32,3.42,BI,anti,A,4.54,4.76,2.95,3.86,3.15,3.86,3.90,4.38,0.05,5.85,0.64,5.66,0.36,37.64,0.25,C3'-endo
7,693,0.47,C,C,C,0,1,0,0,0,),0,1,cWW,cW-W,5.46,2.74,0.88,1.36,3.37,4.76,4.89,3.46,BI,anti,A,4.47,4.53,2.90,3.82,3.23,3.67,4.11,4.02,6.26,5.89,0.63,5.63,0.43,38.38,0.36,C3'-endo
8,694,0.53,G,G,G,0,0,1,0,0,),0,1,cWW,cW-W,2.93,3.70,2.64,1.39,4.17,4.72,5.73,2.98,..,anti,A,4.76,4.77,2.76,3.61,2.99,3.60,3.67,3.94,0.07,5.83,0.65,5.66,0.35,38.15,0.23,C3'-endo
9,695,0.60,A,A,A,1,0,0,0,0,),0,1,cWW,cW-W,5.04,2.73,1.21,1.35,3.65,5.06,4.88,3.26,BI,anti,A,4.73,4.73,2.83,3.73,3.08,3.68,3.72,4.08,0.06,5.81,0.69,5.61,0.39,40.75,0.24,C3'-endo
10,696,0.67,G,G,G,0,0,1,0,0,),0,1,cWW,cW-W,5.01,3.06,1.12,1.34,3.76,4.77,5.27,3.32,BI,anti,A,4.66,4.73,2.96,3.67,3.17,3.75,3.88,4.23,0.07,5.79,0.70,5.60,0.39,41.31,0.23,C3'-endo
11,697,0.73,A,A,A,1,0,0,0,0,),0,1,cWW,cW-W,5.68,2.75,0.80,1.40,3.24,5.13,4.39,3.47,BI,anti,A,4.36,4.43,3.03,3.73,3.35,3.65,4.09,4.03,6.28,5.88,0.63,5.63,0.41,38.36,0.33,C3'-endo
12,698,0.80,G,G,G,0,0,1,0,0,),0,1,cWW,cW-W,4.28,3.38,1.52,1.41,3.81,4.63,5.46,3.45,BI,anti,A,4.43,4.62,2.92,3.67,3.08,3.67,3.72,4.14,0.04,5.86,0.63,5.66,0.37,37.57,0.26,C3'-endo
13,699,0.87,A,A,A,1,0,0,0,0,),0,1,cWW,cW-W,5.71,2.63,0.66,1.43,3.54,5.01,4.82,3.43,BI,anti,A,4.49,4.59,2.95,3.74,3.20,3.73,3.94,4.24,0.05,5.85,0.62,5.67,0.35,36.86,0.25,C3'-endo
14,700,0.93,G,G,G,0,0,1,0,0,),0,1,cWW,cW-W,5.16,3.05,0.89,1.46,3.69,5.02,4.96,3.44,BI,anti,A,4.60,4.73,2.95,3.79,3.18,3.78,3.97,4.15,0.10,5.83,0.61,5.72,0.29,35.29,0.16,C3'-endo
15,701,1.00,A,A,A,1,0,0,0,0,),0,1,cWW,cW-W,4.80,3.00,1.24,1.42,,,,3.53,n/a,anti,-,,,,,,,,,0.03,5.84,0.65,5.63,0.39,38.87,0.28,C3'-endo
