index_chain,old_nt_resnum,nt_position,nt_name,nt_code,nt_align_code,is_A,is_C,is_G,is_U,is_other,dbn,paired,nb_interact,pair_type_LW,pair_type_DSSR,alpha,beta,gamma,delta,epsilon,zeta,epsilon_zeta,chi,bb_type,glyco_bond,form,ssZp,Dp,eta,theta,eta_prime,theta_prime,eta_base,theta_base,v0,v1,v2,v3,v4,amplitude,phase_angle,puckering
1,687,0.07,U,U,U,0,0,0,1,0,.,0,1,cWW,cW-W,,5.18,3.66,1.46,4.80,3.87,0.92,3.36,..,anti,.,4.08,4.54,,3.22,,3.16,,3.20,0.02,5.90,0.58,5.70,0.36,34.71,0.29,C3'-endo
2,688,0.13,C,C,C,0,1,0,0,0,(,0,1,cWW,cW-W,2.13,3.88,2.72,1.47,3.42,5.30,4.41,3.41,BI,anti,A,4.54,4.60,1.86,3.81,2.46,3.60,2.79,3.96,0.13,5.79,0.64,5.70,0.28,37.01,0.12,C3'-endo
3,689,0.20,G,G,G,0,0,1,0,0,(,0,1,cWW,cW-W,4.78,3.40,0.95,1.38,4.10,3.75,0.35,3.39,..,anti,.,4.54,4.81,2.95,3.47,3.13,3.44,3.79,3.30,0.10,5.79,0.69,5.63,0.35,40.18,0.19,C3'-endo
4,690,0.27,A,A,A,1,0,0,0,0,(,0,1,cWW,cW-W,1.74,4.59,3.23,1.44,4.19,5.30,5.18,3.16,..,anti,.,4.75,4.80,2.97,4.06,3.09,4.06,3.10,4.43,0.13,5.79,0.65,5.69,0.29,37.66,0.13,C3'-endo
5,691,0.33,C,C,C,0,1,0,0,0,(,0,1,cWW,cW-W,5.47,3.57,0.54,2.56,3.32,4.32,5.28,4.53,BI,anti,.,2.20,2.10,2.95,3.79,3.59,3.41,4.25,4.15,5.90,0.64,5.65,0.43,6.25,37.85,2.87,C2'-endo
6,692,0.40,G,G,G,0,0,1,0,0,(,0,1,cWW,cW-W,6.16,3.38,5.47,1.49,3.48,5.10,4.65,3.63,BI,anti,A,4.27,4.66,2.62,3.09,2.55,3.27,3.58,3.73,0.22,5.72,0.68,5.71,0.23,39.04,0.01,C3'-endo
7,693,0.47,A,A,A,1,0,0,0,0,(,0,1,cWW,cW-W,5.08,2.94,1.00,1.41,3.66,4.99,4.96,3.46,BI,anti,A,4.54,4.70,2.88,3.71,3.11,3.69,3.64,4.03,0.14,5.76,0.68,5.66,0.31,39.47,0.13,C3'-endo
8,694,0.53,G,G,G,0,0,1,0,0,(,0,1,cWW,cW-W,5.38,3.08,0.66,1.41,4.32,4.50,6.10,3.28,..,anti,A,4.59,4.79,3.08,4.05,3.21,3.92,3.75,4.31,0.12,5.77,0.69,5.65,0.33,39.85,0.16,C3'-endo
9,695,0.60,A,A,A,1,0,0,0,0,(,0,1,cWW,cW-W,1.28,4.19,4.09,1.61,4.28,4.85,5.71,2.96,..,anti,A,4.81,4.82,3.09,3.32,3.16,3.55,3.86,3.96,0.30,5.72,0.61,5.83,0.10,35.22,6.11,C2'-exo
10,696,0.67,G,G,G,0,0,1,0,0,(,0,1,cWW,cW-W,5.55,2.92,0.60,1.34,3.48,5.28,4.48,3.51,BI,anti,A,4.45,4.63,2.76,3.70,3.12,3.71,3.70,4.15,0.05,5.80,0.71,5.58,0.41,42.30,0.26,C3'-endo
11,697,0.73,A,A,A,1,0,0,0,0,(,0,1,cWW,cW-W,4.57,2.87,1.68,1.38,3.77,4.73,5.33,3.18,BI,anti,A,4.64,4.64,3.00,3.49,3.28,3.48,4.00,3.91,6.27,5.89,0.63,5.62,0.43,38.48,0.35,C3'-endo
12,698,0.80,G,G,G,0,0,1,0,0,(,0,1,cWW,cW-W,5.68,2.99,0.48,1.41,3.35,5.19,4.45,3.60,BI,anti,A,4.31,4.56,2.99,3.62,3.15,3.68,3.78,4.18,0.12,5.78,0.67,5.66,0.31,38.81,0.15,C3'-endo
13,699,0.87,A,A,A,1,0,0,0,0,(,0,1,cWW,cW-W,4.72,3.11,1.29,1.42,3.74,4.91,5.11,3.56,BI,anti,A,4.37,4.71,2.96,3.82,3.20,3.81,3.90,4.27,0.08,5.82,0.65,5.65,0.35,38.34,0.22,C3'-endo
14,700,0.93,C,C,C,0,1,0,0,0,(,0,1,cWW,cW-W,5.52,2.81,0.77,1.44,3.51,5.08,4.71,3.50,BI,anti,A,4.35,4.48,2.97,3.74,3.26,3.75,4.05,3.92,6.27,5.93,0.58,5.68,0.39,35.31,0.35,C3'-endo
15,701,1.00,C,C,C,0,1,0,0,0,(,0,1,cWW,cW-W,4.79,3.15,1.37,1.69,,,,3.71,..,anti,-,,,,,,,,,6.03,6.24,0.30,5.82,0.46,27.33,0.88,C4'-exo
