index_chain,old_nt_resnum,nt_position,nt_name,nt_code,nt_align_code,is_A,is_C,is_G,is_U,is_other,dbn,paired,nb_interact,pair_type_LW,pair_type_DSSR,alpha,beta,gamma,delta,epsilon,zeta,epsilon_zeta,chi,bb_type,glyco_bond,form,ssZp,Dp,eta,theta,eta_prime,theta_prime,eta_base,theta_base,v0,v1,v2,v3,v4,amplitude,phase_angle,puckering
1,1,0.05,G,G,G,0,0,1,0,0,(,0,1,cWW,cW-W,,3.02,3.30,1.39,3.76,5.16,4.88,3.22,BI,anti,A,4.93,4.84,,3.25,,3.45,,3.91,0.31,5.65,0.71,5.76,0.14,40.82,6.15,C2'-exo
2,2,0.11,G,G,G,0,0,1,0,0,(,0,1,cWW,cW-W,5.17,3.06,0.99,1.40,3.63,5.10,4.82,3.34,BI,anti,A,4.49,4.59,3.03,3.78,3.32,3.80,3.91,4.33,0.01,5.83,0.69,5.58,0.44,41.65,0.31,C3'-endo
3,3,0.16,C,C,C,0,1,0,0,0,(,0,1,cWW,cW-W,5.02,3.08,1.01,1.41,3.72,4.60,5.40,3.52,BI,anti,.,4.39,4.70,2.94,3.88,3.16,3.67,3.94,4.82,0.03,5.82,0.69,5.59,0.42,41.34,0.28,C3'-endo
4,4,0.21,G,G,G,0,0,1,0,0,.,0,1,cHW,cM+W,1.70,3.54,4.04,1.46,3.94,5.22,5.00,0.16,BI,syn,.,-4.56,4.73,2.92,3.39,2.98,3.62,4.53,3.26,0.28,5.65,0.73,5.70,0.19,41.73,6.22,C2'-exo
5,5,0.26,G,G,G,0,0,1,0,0,(,0,1,cWW,cW-W,5.26,3.17,0.92,1.44,3.65,4.93,5.01,3.37,BI,anti,A,4.58,4.65,2.97,3.69,3.35,3.73,3.11,4.30,0.02,5.83,0.69,5.58,0.43,41.31,0.30,C3'-endo
6,6,0.32,C,C,C,0,1,0,0,0,(,0,1,cWW,cW-W,5.29,3.17,0.71,1.38,3.36,5.01,4.63,3.62,BI,anti,.,4.33,4.65,2.97,3.93,3.15,3.72,3.93,4.84,0.14,5.75,0.70,5.64,0.32,40.57,0.13,C3'-endo
7,7,0.37,G,G,G,0,0,1,0,0,.,0,1,cHW,cM+W,2.56,3.35,3.19,1.36,4.08,5.15,5.22,0.22,..,syn,.,-4.74,4.81,2.85,3.53,2.96,3.68,4.49,3.17,0.05,5.82,0.68,5.61,0.39,40.38,0.25,C3'-endo
8,8,0.42,G,G,G,0,0,1,0,0,(,0,1,cWW,cW-W,5.20,2.99,0.97,1.32,3.76,4.88,5.16,3.36,BI,anti,A,4.50,4.68,2.86,3.66,3.23,3.69,2.96,4.27,0.04,5.78,0.75,5.55,0.44,44.33,0.27,C3'-endo
9,9,0.47,C,C,C,0,1,0,0,0,(,0,1,cWW,cW-W,5.56,2.93,0.67,1.28,3.11,5.16,4.23,3.58,BI,anti,.,4.35,4.55,2.94,3.75,3.19,3.61,4.03,4.76,0.07,5.77,0.73,5.58,0.40,43.20,0.23,C3'-endo
10,10,0.53,G,G,G,0,0,1,0,0,.,0,1,cHW,cM+W,3.02,3.41,2.79,1.32,3.80,5.14,4.95,0.14,BI,syn,.,-4.80,4.73,2.96,3.55,3.13,3.65,4.65,3.25,6.24,5.89,0.66,5.58,0.47,40.62,0.39,C3'-endo
11,11,0.58,G,G,G,0,0,1,0,0,(,0,1,cWW,cW-W,5.22,3.16,0.83,1.48,3.58,4.93,4.94,3.47,BI,anti,A,4.38,4.57,2.97,3.65,3.29,3.69,3.10,4.06,0.07,5.76,0.74,5.56,0.41,43.56,0.23,C3'-endo
12,12,0.63,C,C,C,0,1,0,0,0,(,0,1,cWW,cW-W,5.16,2.96,1.05,1.37,3.77,4.99,5.06,3.50,BI,anti,A,4.22,4.66,3.03,3.77,3.23,3.76,3.79,4.37,0.13,5.70,0.78,5.55,0.38,45.47,0.16,C3'-endo
13,13,0.68,G,G,G,0,0,1,0,0,.,0,1,cWH,cW+M,5.21,2.93,0.83,1.31,3.50,5.14,4.65,3.46,BI,anti,A,4.50,4.70,2.82,3.59,3.06,3.60,3.99,3.77,0.12,5.70,0.80,5.53,0.40,46.70,0.18,C3'-endo
14,14,0.74,G,G,G,0,0,1,0,0,(,0,1,cWW,cW-W,4.87,3.22,1.10,1.41,3.76,4.94,5.10,3.44,BI,anti,A,4.41,4.66,3.00,3.71,3.13,3.75,3.48,4.33,0.06,5.82,0.67,5.63,0.37,39.26,0.24,C3'-endo
15,15,0.79,C,C,C,0,1,0,0,0,(,0,1,cWW,cW-W,5.22,2.93,0.91,1.36,4.17,4.81,5.64,3.54,..,anti,A,4.19,4.87,2.96,3.78,3.16,3.77,3.95,4.10,0.12,5.73,0.75,5.59,0.36,43.50,0.17,C3'-endo
16,16,0.84,G,G,G,0,0,1,0,0,.,0,1,cWH,cW+M,4.86,2.43,1.54,1.22,3.65,5.11,4.82,3.18,BI,anti,A,4.84,4.82,2.76,3.60,3.05,3.53,3.71,3.72,0.12,5.72,0.76,5.58,0.37,44.23,0.17,C3'-endo
17,17,0.89,G,G,G,0,0,1,0,0,(,0,1,cWW,cW-W,5.27,3.19,0.85,1.42,3.64,5.07,4.85,3.30,BI,anti,A,4.61,4.65,3.08,3.72,3.26,3.76,3.70,4.28,0.00,5.85,0.67,5.59,0.44,40.54,0.33,C3'-endo
18,18,0.95,C,C,C,0,1,0,0,0,(,0,1,cWW,cW-W,5.03,3.11,1.06,1.34,3.57,5.36,4.49,3.52,BI,anti,.,4.39,4.64,2.97,3.94,3.21,3.94,3.95,4.36,0.01,5.83,0.69,5.59,0.43,41.35,0.31,C3'-endo
19,19,1.00,C,C,C,0,1,0,0,0,(,0,1,cWW,cW-W,4.99,3.12,1.09,1.20,,,,3.55,n/a,anti,-,,,,,,,,,6.11,5.92,0.73,5.45,0.63,47.90,0.52,C3'-endo
