index_chain,old_nt_resnum,nt_position,nt_name,nt_code,nt_align_code,is_A,is_C,is_G,is_U,is_other,dbn,paired,nb_interact,pair_type_LW,pair_type_DSSR,alpha,beta,gamma,delta,epsilon,zeta,epsilon_zeta,chi,bb_type,glyco_bond,form,ssZp,Dp,eta,theta,eta_prime,theta_prime,eta_base,theta_base,v0,v1,v2,v3,v4,amplitude,phase_angle,puckering
1,1,0.01,U,U,U,0,0,0,1,0,(,120,1,cWW,cW-W,,,0.88,1.45,3.75,5.12,4.91,3.24,BI,anti,A,4.52,4.57,,,,,,,0.02,5.89,0.59,5.70,0.36,34.94,0.29,C3'-endo
2,2,0.02,C,C,C,0,1,0,0,0,(,119,1,cWW,cW-W,5.05,3.24,0.91,1.39,3.55,4.99,4.85,3.49,BI,anti,A,4.40,4.55,2.90,3.57,3.17,3.63,3.91,4.01,6.27,5.90,0.61,5.65,0.41,37.15,0.34,C3'-endo
3,3,0.03,C,C,C,0,1,0,0,0,(,118,1,cWW,cW-W,5.14,3.15,0.87,1.43,3.68,4.91,5.06,3.47,BI,anti,A,4.42,4.61,2.97,3.64,3.12,3.69,3.66,4.12,0.04,5.87,0.62,5.67,0.36,36.65,0.27,C3'-endo
4,4,0.03,C,C,C,0,1,0,0,0,(,117,1,cWW,cW-W,5.25,3.07,0.77,1.43,3.80,5.01,5.07,3.39,BI,anti,A,4.57,4.70,2.93,3.83,3.08,3.90,3.70,4.45,0.08,5.83,0.63,5.69,0.32,36.76,0.20,C3'-endo
5,5,0.04,C,C,C,0,1,0,0,0,(,116,1,cWW,cW-W,5.27,2.81,1.13,1.43,3.64,4.93,5.00,3.43,BI,anti,A,4.36,4.49,3.04,3.66,3.38,3.60,4.20,3.78,6.24,5.95,0.56,5.68,0.41,34.91,0.39,C3'-endo
6,6,0.05,C,C,C,0,1,0,0,0,(,115,1,cWW,cW-W,5.29,3.09,0.69,1.30,3.36,4.95,4.69,3.53,BI,anti,A,4.40,4.56,2.84,3.80,3.00,3.74,3.45,4.20,0.01,5.85,0.68,5.59,0.43,40.86,0.32,C3'-endo
7,7,0.06,G,G,G,0,0,1,0,0,(,114,1,cWW,cW-W,2.88,3.48,2.94,1.46,4.52,4.46,0.06,3.14,..,anti,.,4.72,4.83,3.04,4.06,3.21,3.98,3.89,4.62,0.17,5.77,0.65,5.71,0.26,37.32,0.07,C3'-endo
8,8,0.07,U,U,U,0,0,0,1,0,(,113,1,cWW,cW-W,1.75,4.17,3.70,1.54,4.62,4.41,0.21,3.25,..,anti,.,4.47,4.72,3.03,3.61,3.32,3.47,4.29,3.64,0.14,5.82,0.59,5.76,0.24,33.94,0.08,C3'-endo
9,9,0.07,G,G,G,0,0,1,0,0,(,112,1,cWW,cW-W,1.26,4.12,3.87,1.47,3.90,5.11,5.08,3.14,BI,anti,A,4.79,4.79,2.66,3.26,2.87,3.48,3.33,4.17,0.19,5.75,0.66,5.71,0.24,38.13,0.04,C3'-endo
10,10,0.08,C,C,C,0,1,0,0,0,(,111,1,cWW,cW-W,5.13,3.16,0.97,1.44,3.74,5.16,4.86,3.29,BI,anti,A,4.62,4.67,2.98,3.95,3.29,3.98,4.16,4.55,0.08,5.83,0.63,5.68,0.33,36.96,0.21,C3'-endo
11,11,0.09,C,C,C,0,1,0,0,0,(,110,1,cWW,cW-W,4.95,3.11,1.11,1.45,4.40,4.88,5.81,3.33,..,anti,.,4.35,4.59,3.10,4.25,3.34,4.53,4.12,5.45,6.26,5.94,0.56,5.69,0.39,34.55,0.37,C3'-endo
12,12,0.10,C,C,C,0,1,0,0,0,.,,0,,,5.41,2.34,1.44,2.56,3.57,3.26,0.31,3.70,..,anti,.,1.53,1.97,2.66,3.39,3.99,2.56,5.15,3.04,5.89,0.63,5.67,0.40,6.28,37.06,2.83,C2'-endo
13,13,0.11,A,A,A,1,0,0,0,0,.,69,1,t.S,t.+m,0.43,3.35,0.68,1.46,3.76,4.29,5.75,3.74,BI,anti,.,3.87,4.58,4.90,3.42,4.58,2.80,4.21,3.29,6.28,5.92,0.57,5.70,0.37,34.39,0.33,C3'-endo
14,14,0.12,U,U,U,0,0,0,1,0,.,,0,,,1.20,3.71,1.27,2.58,3.70,0.30,3.40,5.11,..,anti,.,1.08,1.85,5.91,6.19,6.26,5.10,5.41,5.64,5.94,0.60,5.67,0.44,6.22,36.37,2.91,C2'-endo
15,15,0.12,A,A,A,1,0,0,0,0,.,,0,,,3.13,1.36,2.79,1.41,3.31,1.81,1.50,5.26,..,anti,.,-1.75,4.47,2.44,5.18,3.02,5.54,3.51,5.76,0.03,5.86,0.63,5.65,0.38,37.64,0.28,C3'-endo
16,16,0.13,G,G,G,0,0,1,0,0,(,68,1,cWW,cW-W,4.76,2.87,0.34,1.37,3.62,4.81,5.10,3.35,BI,anti,A,4.60,4.63,2.45,3.45,3.10,3.54,3.82,3.96,0.01,5.88,0.63,5.64,0.40,37.75,0.31,C3'-endo
17,17,0.14,C,C,C,0,1,0,0,0,(,67,1,cWW,cW-W,5.45,2.92,0.76,1.35,4.03,4.89,5.42,3.41,BI,anti,.,4.49,4.75,3.05,3.93,3.15,4.06,3.65,4.78,0.05,5.82,0.68,5.62,0.38,39.92,0.25,C3'-endo
18,18,0.15,G,G,G,0,0,1,0,0,(,65,1,cWW,cW-W,5.53,2.67,0.95,1.39,3.36,4.88,4.76,3.31,BI,anti,A,4.52,4.53,2.90,3.89,3.36,3.84,4.47,4.35,0.07,5.83,0.65,5.65,0.36,38.35,0.23,C3'-endo
19,19,0.16,G,G,G,0,0,1,0,0,(,64,1,cWW,cW-W,3.66,3.90,1.85,1.34,3.95,4.68,5.55,3.41,BI,anti,A,4.52,4.77,2.76,3.77,2.96,3.77,3.76,4.11,0.08,5.79,0.69,5.62,0.37,40.75,0.21,C3'-endo
20,20,0.17,C,C,C,0,1,0,0,0,(,63,1,cWW,cW-W,5.51,2.66,1.04,1.36,3.95,4.76,5.47,3.54,BI,anti,.,4.30,4.75,3.13,4.14,3.33,3.89,3.91,4.02,0.03,5.85,0.65,5.63,0.39,38.75,0.28,C3'-endo
21,21,0.17,G,G,G,0,0,1,0,0,(,62,1,cWW,cW-W,1.47,3.77,4.29,1.52,4.14,4.38,6.05,3.25,..,anti,.,4.69,4.78,3.09,3.48,3.18,3.65,3.67,4.57,0.18,5.79,0.61,5.75,0.22,35.21,0.04,C3'-endo
22,22,0.18,U,U,U,0,0,0,1,0,(,61,1,cWW,cW-W,2.23,4.31,3.10,1.42,4.37,4.56,6.09,3.27,..,anti,A,4.59,4.79,2.80,3.57,3.27,3.52,4.41,3.80,0.12,5.79,0.66,5.67,0.31,38.16,0.15,C3'-endo
23,23,0.19,G,G,G,0,0,1,0,0,(,60,1,cWW,cW-W,5.25,2.76,0.83,1.37,4.14,4.34,6.08,3.67,..,anti,.,3.91,4.79,2.80,3.34,2.96,3.45,3.43,2.97,0.06,5.83,0.65,5.65,0.36,38.37,0.24,C3'-endo
24,24,0.20,G,G,G,0,0,1,0,0,.,"27,59",2,"tSW,cWW","tm+W,cW-W",4.78,2.79,1.11,1.60,5.59,1.37,4.22,4.18,..,anti,.,0.95,4.06,3.36,2.09,3.23,1.70,2.69,1.38,0.11,5.86,0.56,5.78,0.25,32.23,0.13,C3'-endo
25,25,0.21,A,A,A,1,0,0,0,0,.,,0,,,2.64,3.47,0.70,1.40,3.32,4.98,4.62,3.45,BI,anti,.,4.38,4.44,1.52,3.95,1.49,4.00,1.88,4.92,0.00,5.89,0.61,5.66,0.39,36.60,0.32,C3'-endo
26,26,0.22,A,A,A,1,0,0,0,0,.,,0,,,2.88,3.84,2.73,1.46,4.29,4.62,5.95,3.38,..,anti,.,4.40,4.71,2.95,4.40,3.35,4.14,4.54,4.88,0.06,5.87,0.59,5.71,0.32,34.71,0.22,C3'-endo
27,27,0.23,C,C,C,0,1,0,0,0,.,24,1,tWS,tW+m,2.35,3.86,2.99,1.40,4.32,4.95,5.65,3.32,..,anti,.,4.57,4.83,2.40,3.92,2.91,3.95,4.12,4.75,0.13,5.77,0.69,5.65,0.32,39.70,0.15,C3'-endo
28,28,0.23,C,C,C,0,1,0,0,0,(,56,1,cWW,cW-W,5.21,2.90,0.96,1.43,3.60,4.95,4.94,3.46,BI,anti,A,4.50,4.62,2.72,3.67,3.16,3.65,4.34,4.11,0.07,5.84,0.63,5.68,0.34,36.88,0.22,C3'-endo
29,29,0.24,A,A,A,1,0,0,0,0,.,58,1,cSW,cm-W,5.17,2.84,1.09,1.45,3.85,4.91,5.22,3.48,BI,anti,A,4.45,4.72,2.98,3.76,3.22,3.69,3.96,3.92,0.09,5.83,0.62,5.69,0.32,36.41,0.19,C3'-endo
30,30,0.25,C,C,C,0,1,0,0,0,(,"52,54,57",3,"c.W,cWW,cSW","c.-W,cW-W,cm-W",4.90,2.59,1.47,1.40,3.57,5.27,4.58,3.49,BI,anti,.,4.38,4.55,2.85,4.50,3.17,4.32,3.74,5.04,0.02,5.87,0.64,5.64,0.39,38.04,0.30,C3'-endo
31,31,0.26,C,C,C,0,1,0,0,0,(,"51,53",2,"cWW,c.W","cW-W,c.-W",2.39,3.67,3.27,1.43,4.29,4.87,5.71,3.29,..,anti,.,4.55,4.76,2.91,3.74,3.43,3.88,4.74,4.53,0.10,5.82,0.64,5.68,0.32,37.20,0.18,C3'-endo
32,32,0.27,C,C,C,0,1,0,0,0,(,50,1,cWW,cW-W,5.88,2.86,0.49,1.45,3.72,5.11,4.89,3.30,BI,anti,.,4.48,4.51,2.96,4.41,3.35,4.19,4.25,4.76,6.23,5.95,0.57,5.67,0.42,35.58,0.41,C3'-endo
33,33,0.28,G,G,G,0,0,1,0,0,(,"35,49",2,"cSH,cWW","cm+M,cW-W",1.74,3.01,3.92,1.61,3.47,5.33,4.42,3.55,BI,anti,.,4.33,4.54,2.59,3.20,2.87,3.52,3.83,4.14,0.17,5.82,0.56,5.80,0.19,32.21,0.02,C3'-endo
34,34,0.28,U,U,U,0,0,0,1,0,(,"36,48",2,"cSH,cWW","cm+M,cW-W",4.76,2.95,1.62,2.52,4.07,1.96,2.11,4.20,..,anti,.,1.65,1.61,3.31,2.13,3.98,1.82,4.52,1.78,5.84,0.67,5.65,0.40,0.02,38.95,2.78,C2'-endo
35,35,0.29,U,U,U,0,0,0,1,0,.,33,1,cHS,cM+m,2.91,3.99,1.34,1.40,3.77,5.12,4.93,3.43,BI,anti,A,4.45,4.61,2.38,4.03,2.12,4.05,2.03,4.64,6.28,5.89,0.62,5.64,0.41,37.61,0.34,C3'-endo
36,36,0.30,C,C,C,0,1,0,0,0,.,"34,49",2,"cHS,cWS","cM+m,cW-m",5.16,3.12,0.91,1.31,3.98,4.83,5.43,3.66,BI,anti,.,4.00,4.75,2.94,3.69,3.18,3.77,4.04,4.18,0.01,5.85,0.67,5.59,0.43,40.63,0.31,C3'-endo
37,37,0.31,C,C,C,0,1,0,0,0,.,48,1,cWS,cW-m,5.30,3.09,0.77,1.37,3.89,5.26,4.91,3.50,BI,anti,.,4.39,4.72,2.94,4.07,3.06,4.17,3.56,5.00,0.01,5.86,0.64,5.63,0.40,38.64,0.31,C3'-endo
38,38,0.32,C,C,C,0,1,0,0,0,(,44,1,cWW,cW-W,5.19,3.06,0.83,1.35,3.37,4.85,4.80,3.52,BI,anti,A,4.42,4.56,2.74,3.86,3.20,3.79,4.41,4.29,0.05,5.82,0.68,5.62,0.39,40.03,0.25,C3'-endo
39,39,0.33,A,A,A,1,0,0,0,0,.,46,1,cSW,cm-W,2.97,3.67,2.78,1.45,4.44,3.68,0.76,2.95,..,anti,.,4.77,4.77,3.00,2.82,3.21,2.97,3.99,2.83,0.10,5.82,0.62,5.70,0.30,36.17,0.17,C3'-endo
40,40,0.33,U,U,U,0,0,0,1,0,.,45,1,tSH,tm-M,5.43,1.86,1.24,1.46,3.31,1.77,1.54,3.67,..,anti,.,4.04,4.34,2.89,0.44,3.25,5.96,3.13,4.34,0.01,5.90,0.58,5.69,0.37,34.92,0.31,C3'-endo
41,41,0.34,U,U,U,0,0,0,1,0,.,,0,,,5.46,3.44,1.21,1.41,3.12,1.90,1.21,3.55,..,anti,.,4.14,4.25,4.32,0.05,5.15,5.70,0.47,5.51,6.26,5.93,0.57,5.68,0.40,35.32,0.37,C3'-endo
42,42,0.35,C,C,C,0,1,0,0,0,.,,0,,,4.98,3.40,4.79,1.46,3.18,4.99,4.47,3.89,BI,anti,A,3.71,4.39,1.35,3.21,2.01,3.40,2.91,4.10,0.05,5.87,0.60,5.70,0.34,35.31,0.25,C3'-endo
43,43,0.36,C,C,C,0,1,0,0,0,.,,0,,,2.61,3.85,3.09,1.45,4.42,4.67,6.04,3.21,..,anti,.,4.35,4.54,3.14,4.53,3.44,4.50,4.26,4.73,0.00,5.92,0.56,5.71,0.36,33.95,0.32,C3'-endo
44,44,0.37,G,G,G,0,0,1,0,0,),"38,47",2,"cWW,tSW","cW-W,tm+W",1.17,2.08,1.13,1.54,4.69,2.37,2.33,4.33,BII,anti,.,0.97,4.07,4.50,2.27,5.05,1.59,5.16,1.24,6.13,6.07,0.47,5.71,0.46,32.52,0.60,C3'-endo
45,45,0.38,A,A,A,1,0,0,0,0,.,40,1,tHS,tM-m,0.65,3.41,2.68,1.49,4.12,5.19,5.21,3.03,..,anti,.,4.62,4.63,1.45,4.04,1.47,4.10,1.86,5.10,0.07,5.87,0.58,5.73,0.30,33.69,0.21,C3'-endo
46,46,0.38,A,A,A,1,0,0,0,0,.,39,1,cWS,cW-m,5.37,2.97,0.66,1.42,3.66,4.78,5.17,3.56,BI,anti,A,4.22,4.55,2.70,4.15,3.20,4.05,4.62,4.80,0.02,5.89,0.59,5.69,0.36,35.42,0.29,C3'-endo
47,47,0.39,C,C,C,0,1,0,0,0,.,44,1,tWS,tW+m,2.76,3.77,2.72,1.37,4.31,5.14,5.45,3.25,..,anti,.,4.66,4.80,2.63,4.16,2.99,4.13,4.08,4.77,0.07,5.81,0.67,5.63,0.36,39.48,0.22,C3'-endo
48,48,0.40,A,A,A,1,0,0,0,0,),"34,37",2,"cWW,cSW","cW-W,cm-W",5.27,3.13,0.73,1.36,3.83,4.56,5.55,3.49,BI,anti,A,4.35,4.62,2.73,3.34,3.12,3.43,4.15,3.79,6.24,5.92,0.60,5.64,0.44,37.28,0.39,C3'-endo
49,49,0.41,C,C,C,0,1,0,0,0,),"33,36",2,"cWW,cSW","cW-W,cm-W",5.36,2.52,1.05,1.36,3.57,4.99,4.87,3.72,BI,anti,A,4.01,4.60,2.88,3.68,3.10,3.61,3.60,4.07,0.05,5.83,0.67,5.63,0.38,39.48,0.26,C3'-endo
50,50,0.42,G,G,G,0,0,1,0,0,),32,1,cWW,cW-W,5.16,3.24,0.80,1.44,3.63,4.76,5.16,3.50,BI,anti,A,4.48,4.72,2.95,4.13,3.08,4.07,3.77,4.37,0.18,5.75,0.67,5.70,0.26,38.67,0.06,C3'-endo
51,51,0.42,G,G,G,0,0,1,0,0,),31,1,cWW,cW-W,2.54,3.89,3.20,1.45,4.52,4.39,0.14,3.08,..,anti,.,4.68,4.71,3.12,3.40,3.38,3.59,4.02,4.02,0.06,5.86,0.61,5.69,0.34,36.06,0.23,C3'-endo
52,52,0.43,A,A,A,1,0,0,0,0,.,30,1,cW.,cW-.,5.46,1.82,1.79,1.50,3.70,4.01,5.97,3.29,..,anti,.,4.22,4.27,3.20,2.63,3.73,2.43,4.37,2.15,6.13,6.07,0.48,5.71,0.46,32.72,0.59,C3'-endo
53,53,0.44,A,A,A,1,0,0,0,0,.,31,1,cW.,cW-.,4.22,2.97,1.05,1.42,3.89,4.97,5.20,3.22,BI,anti,.,4.78,4.78,2.44,3.95,2.24,4.03,2.05,4.65,0.13,5.77,0.68,5.67,0.31,39.11,0.13,C3'-endo
54,54,0.45,G,G,G,0,0,1,0,0,),30,1,cWW,cW-W,5.50,2.83,0.95,1.43,4.05,5.20,5.14,3.17,BI,anti,.,4.80,4.82,3.17,4.22,3.51,4.23,4.48,4.49,0.16,5.77,0.65,5.71,0.26,37.52,0.09,C3'-endo
55,55,0.46,U,U,U,0,0,0,1,0,.,,0,,,5.34,3.02,1.00,1.27,3.73,4.75,5.26,3.37,BI,anti,.,4.53,4.63,3.04,3.13,3.41,3.20,4.08,2.92,6.18,5.94,0.62,5.58,0.51,39.98,0.47,C3'-endo
56,56,0.47,G,G,G,0,0,1,0,0,),"28,59",2,"cWW,tSW","cW-W,tm+W",4.72,2.06,2.20,2.51,4.30,1.85,2.45,3.68,..,anti,.,1.31,1.34,4.08,1.20,3.89,1.45,3.46,1.63,5.93,0.59,5.70,0.39,6.26,34.60,2.85,C2'-endo
57,57,0.47,A,A,A,1,0,0,0,0,.,30,1,cWS,cW-m,2.86,4.02,1.42,1.43,3.99,5.09,5.18,3.19,BI,anti,.,4.73,4.75,2.56,4.19,2.31,4.23,2.36,4.84,0.08,5.83,0.64,5.68,0.33,37.10,0.20,C3'-endo
58,58,0.48,A,A,A,1,0,0,0,0,.,29,1,cWS,cW-m,5.12,3.15,0.88,1.41,3.92,5.21,5.00,3.44,BI,anti,.,4.50,4.75,2.89,4.08,3.19,4.14,4.16,5.03,0.08,5.82,0.65,5.66,0.34,38.06,0.20,C3'-endo
59,59,0.49,A,A,A,1,0,0,0,0,.,"24,56",2,"cWW,tWS","cW-W,tW+m",5.00,2.98,0.99,1.38,3.94,5.04,5.18,3.30,BI,anti,.,4.70,4.80,2.73,3.99,3.13,4.05,4.39,4.83,0.10,5.80,0.67,5.65,0.34,39.17,0.18,C3'-endo
60,60,0.50,C,C,C,0,1,0,0,0,),23,1,cWW,cW-W,5.31,2.87,0.99,1.38,3.87,4.75,5.41,3.49,BI,anti,A,4.40,4.71,2.96,3.67,3.32,3.70,4.43,4.12,0.04,5.85,0.65,5.64,0.38,38.60,0.27,C3'-endo
61,61,0.51,G,G,G,0,0,1,0,0,),22,1,cWW,cW-W,5.36,2.72,0.98,1.41,3.81,5.03,5.06,3.29,BI,anti,A,4.58,4.64,2.97,3.91,3.20,3.87,3.85,4.38,0.03,5.87,0.62,5.66,0.37,37.09,0.28,C3'-endo
62,62,0.52,C,C,C,0,1,0,0,0,),21,1,cWW,cW-W,5.02,3.09,0.95,1.38,3.46,4.97,4.77,3.41,BI,anti,.,4.52,4.57,2.78,4.05,3.06,3.92,3.92,4.17,0.02,5.86,0.64,5.64,0.39,38.30,0.29,C3'-endo
63,63,0.53,G,G,G,0,0,1,0,0,),20,1,cWW,cW-W,2.80,3.55,3.08,1.45,4.01,4.84,5.46,3.16,BI,anti,.,4.48,4.52,3.02,3.41,3.27,3.49,3.82,4.33,6.22,5.98,0.54,5.69,0.42,34.08,0.43,C3'-endo
64,64,0.53,C,C,C,0,1,0,0,0,),19,1,cWW,cW-W,5.14,2.85,0.89,1.39,3.91,4.71,5.48,3.60,BI,anti,A,4.17,4.71,2.76,3.68,3.02,3.71,4.06,4.08,0.04,5.85,0.64,5.65,0.37,37.71,0.27,C3'-endo
65,65,0.54,C,C,C,0,1,0,0,0,),18,1,cWW,cW-W,5.35,2.68,1.00,1.44,3.96,5.03,5.22,3.45,BI,anti,.,4.32,4.59,3.02,4.04,3.22,4.13,3.76,4.75,6.27,5.92,0.58,5.68,0.39,35.33,0.34,C3'-endo
66,66,0.55,A,A,A,1,0,0,0,0,.,68,1,cSH,cm+M,5.31,3.31,1.22,1.42,2.31,4.89,3.70,4.48,..,anti,.,1.87,3.79,3.53,2.67,4.00,2.16,4.59,1.86,0.12,5.82,0.61,5.72,0.28,35.57,0.14,C3'-endo
67,67,0.56,G,G,G,0,0,1,0,0,),17,1,cWW,cW-W,4.30,3.30,0.70,1.42,3.74,5.01,5.01,3.14,BI,anti,A,4.66,4.66,2.10,3.71,1.85,3.83,2.01,4.39,0.05,5.86,0.62,5.68,0.35,36.39,0.25,C3'-endo
68,68,0.57,C,C,C,0,1,0,0,0,),"16,66",2,"cWW,cHS","cW-W,cM+m",5.15,3.05,0.99,1.42,3.76,5.18,4.86,3.47,BI,anti,.,4.48,4.69,3.00,3.99,3.25,4.02,3.98,4.68,0.07,5.83,0.64,5.66,0.35,37.73,0.22,C3'-endo
69,69,0.57,G,G,G,0,0,1,0,0,(,"13,108",2,"tS.,cWW","tm+.,cW-W",5.09,3.01,1.02,1.41,3.73,5.18,4.83,3.25,BI,anti,A,4.62,4.63,2.88,3.95,3.25,3.97,4.29,4.65,0.02,5.87,0.62,5.65,0.38,37.33,0.29,C3'-endo
70,70,0.58,C,C,C,0,1,0,0,0,(,107,1,cWW,cW-W,5.07,3.04,1.05,1.37,3.91,4.88,5.31,3.32,BI,anti,A,4.61,4.71,2.94,3.75,3.26,3.82,4.28,4.43,0.04,5.84,0.66,5.63,0.39,39.12,0.27,C3'-endo
71,71,0.59,C,C,C,0,1,0,0,0,(,106,1,cWW,cW-W,5.19,2.81,1.10,1.42,3.78,5.35,4.71,3.31,BI,anti,.,4.54,4.62,2.95,4.18,3.23,4.16,4.10,4.91,0.03,5.86,0.63,5.66,0.37,37.33,0.27,C3'-endo
72,72,0.60,G,G,G,0,0,1,0,0,.,105,1,tSH,tm-M,4.96,3.20,0.95,1.45,4.20,3.57,0.63,3.34,..,anti,.,4.44,4.64,2.94,2.95,3.31,2.73,4.40,2.58,0.00,5.90,0.59,5.67,0.38,35.80,0.32,C3'-endo
73,73,0.61,A,A,A,1,0,0,0,0,.,104,1,tHW,tM-W,0.89,4.45,4.16,1.42,4.02,5.17,5.14,3.14,BI,anti,.,4.61,4.65,3.47,3.16,3.06,3.48,2.72,4.61,0.00,5.90,0.60,5.66,0.39,36.41,0.32,C3'-endo
74,74,0.62,U,U,U,0,0,0,1,0,.,103,1,tHW,tM-W,5.23,2.92,0.80,1.41,4.00,5.14,5.14,3.49,BI,anti,.,4.31,4.66,2.77,4.14,3.19,4.23,4.51,5.06,6.27,5.90,0.61,5.65,0.40,36.87,0.34,C3'-endo
75,75,0.62,G,G,G,0,0,1,0,0,.,102,1,cW.,cW-.,5.29,2.89,0.91,1.38,3.89,4.99,5.19,3.59,BI,anti,A,4.17,4.67,2.87,3.89,3.30,3.93,4.44,4.41,6.27,5.89,0.63,5.62,0.42,38.57,0.35,C3'-endo
76,76,0.63,G,G,G,0,0,1,0,0,.,101,1,tWH,tW-M,5.40,2.95,0.80,1.32,3.14,4.79,4.64,3.71,BI,anti,A,4.07,4.36,2.87,3.70,3.22,3.62,3.98,4.29,6.24,5.89,0.65,5.59,0.46,40.05,0.38,C3'-endo
77,77,0.64,U,U,U,0,0,0,1,0,.,,0,,,2.91,3.88,2.66,1.35,4.10,4.76,5.62,3.42,..,anti,.,4.47,4.80,2.80,3.73,3.07,3.73,4.04,4.13,0.12,5.76,0.71,5.63,0.34,41.14,0.16,C3'-endo
78,78,0.65,A,A,A,1,0,0,0,0,.,99,1,tHS,tM-m,5.46,2.87,1.04,1.41,3.97,5.28,4.98,3.32,BI,anti,.,4.62,4.73,3.21,4.23,3.43,4.29,4.04,5.17,0.05,5.85,0.63,5.67,0.36,37.13,0.25,C3'-endo
79,79,0.66,C,C,C,0,1,0,0,0,(,"0,98",2,"tSH,cWW","tm-M,cW-W",5.22,2.84,0.96,1.35,3.98,4.84,5.43,3.44,BI,anti,A,4.48,4.77,2.80,3.82,3.31,3.89,4.65,4.42,0.05,5.82,0.68,5.61,0.39,40.30,0.26,C3'-endo
80,80,0.67,U,U,U,0,0,0,1,0,(,97,1,cWW,cW-W,5.43,2.59,1.19,1.43,3.68,4.25,5.71,3.35,BI,anti,.,4.32,4.40,3.08,3.43,3.45,3.20,4.25,3.47,6.19,5.99,0.53,5.68,0.44,34.40,0.47,C3'-endo
81,81,0.68,G,G,G,0,0,1,0,0,.,96,1,tWW,tW+W,0.92,3.17,5.08,1.43,3.61,5.91,3.98,0.36,BI,syn,.,-4.44,4.59,3.03,3.92,2.84,4.19,3.20,4.38,0.06,5.84,0.64,5.66,0.36,37.55,0.24,C3'-endo
82,82,0.68,G,G,G,0,0,1,0,0,(,95,1,cWW,cW-W,4.31,3.34,1.24,1.36,3.59,5.15,4.72,3.40,BI,anti,A,4.58,4.67,2.58,3.76,3.25,3.77,3.68,4.34,0.05,5.82,0.67,5.63,0.38,39.70,0.25,C3'-endo
83,83,0.69,G,G,G,0,0,1,0,0,(,94,1,cWW,cW-W,5.09,3.12,0.98,1.35,3.79,5.07,5.00,3.19,BI,anti,A,4.76,4.75,2.97,3.81,3.20,3.86,4.08,4.14,0.09,5.79,0.68,5.64,0.34,39.63,0.19,C3'-endo
84,84,0.70,C,C,C,0,1,0,0,0,(,93,1,cWW,cW-W,5.21,3.08,1.03,1.38,3.45,4.74,4.99,3.59,BI,anti,.,4.24,4.46,3.04,3.84,3.31,3.63,3.82,3.81,6.21,5.95,0.58,5.64,0.45,36.85,0.43,C3'-endo
85,85,0.71,G,G,G,0,0,1,0,0,(,92,1,cWW,cW-W,2.37,3.60,3.31,1.38,3.74,5.05,4.98,3.11,BI,anti,A,4.75,4.74,2.84,3.28,3.01,3.39,3.52,3.95,0.10,5.78,0.68,5.64,0.34,39.89,0.18,C3'-endo
86,86,0.72,G,G,G,0,0,1,0,0,(,91,1,cWW,cW-W,5.18,3.22,0.88,1.41,3.62,5.12,4.79,3.21,BI,anti,A,4.67,4.65,3.01,3.77,3.21,3.81,3.94,4.22,0.07,5.84,0.64,5.67,0.34,37.34,0.22,C3'-endo
87,87,0.72,G,G,G,0,0,1,0,0,.,90,1,tSH,tm-M,5.04,3.35,0.78,1.31,3.94,4.80,5.42,3.52,BI,anti,.,4.33,4.80,2.88,3.95,3.02,3.39,3.64,2.40,0.12,5.75,0.72,5.61,0.35,41.97,0.16,C3'-endo
88,88,0.73,C,C,C,0,1,0,0,0,.,,0,,,3.16,3.05,0.93,1.44,3.49,4.66,5.12,3.58,BI,anti,.,4.29,4.54,0.74,4.07,1.05,4.03,0.54,4.77,0.04,5.87,0.61,5.68,0.35,35.94,0.26,C3'-endo
89,89,0.74,G,G,G,0,0,1,0,0,.,,0,,,2.76,4.11,2.77,1.45,4.07,4.63,5.73,3.21,..,anti,A,4.58,4.64,2.84,3.66,3.28,3.57,4.38,4.04,0.03,5.89,0.58,5.70,0.35,34.54,0.28,C3'-endo
90,89A,0.75,A,A,A,1,0,0,0,0,.,87,1,tHS,tM-m,5.42,2.75,0.68,1.39,3.80,5.43,4.65,3.50,BI,anti,.,4.42,4.72,2.79,4.92,3.00,5.00,3.78,5.44,0.10,5.79,0.67,5.65,0.33,39.22,0.18,C3'-endo
91,90,0.76,C,C,C,0,1,0,0,0,),86,1,cWW,cW-W,2.58,3.95,3.33,1.43,3.66,4.95,4.99,3.48,BI,anti,.,4.41,4.59,3.22,3.23,3.99,3.27,5.11,3.72,0.02,5.89,0.60,5.68,0.37,35.99,0.30,C3'-endo
92,91,0.77,C,C,C,0,1,0,0,0,),85,1,cWW,cW-W,5.19,3.05,0.94,1.37,3.71,4.97,5.03,3.46,BI,anti,A,4.51,4.71,2.97,3.68,3.17,3.70,3.80,4.01,0.09,5.79,0.68,5.63,0.36,40.04,0.20,C3'-endo
93,92,0.78,G,G,G,0,0,1,0,0,),84,1,cWW,cW-W,5.15,2.91,1.14,1.35,3.60,4.96,4.92,3.22,BI,anti,A,4.65,4.64,2.97,3.59,3.20,3.58,3.79,3.90,0.03,5.85,0.66,5.62,0.40,39.24,0.28,C3'-endo
94,93,0.78,C,C,C,0,1,0,0,0,),83,1,cWW,cW-W,5.25,3.12,0.85,1.38,3.62,4.97,4.94,3.38,BI,anti,A,4.59,4.66,3.01,3.63,3.16,3.67,3.69,3.99,0.07,5.81,0.67,5.64,0.36,39.28,0.22,C3'-endo
95,94,0.79,C,C,C,0,1,0,0,0,),82,1,cWW,cW-W,5.35,3.08,0.80,1.37,3.80,4.90,5.19,3.47,BI,anti,A,4.45,4.68,3.05,3.70,3.19,3.76,3.67,4.24,0.03,5.85,0.65,5.63,0.39,38.63,0.28,C3'-endo
96,95,0.80,U,U,U,0,0,0,1,0,.,81,1,tWW,tW+W,5.43,2.84,0.79,1.36,3.71,4.76,5.22,3.40,BI,anti,A,4.57,4.68,2.90,4.01,3.14,3.80,3.86,4.10,0.04,5.84,0.66,5.63,0.38,38.99,0.26,C3'-endo
97,96,0.81,G,G,G,0,0,1,0,0,),80,1,cWW,cW-W,2.77,3.38,2.84,1.40,4.04,4.84,5.48,3.11,BI,anti,A,4.81,4.81,2.54,3.53,2.78,3.62,3.42,4.21,0.14,5.76,0.69,5.66,0.31,39.89,0.12,C3'-endo
98,97,0.82,G,G,G,0,0,1,0,0,),79,1,cWW,cW-W,5.45,2.83,0.92,1.42,3.97,5.11,5.14,3.24,BI,anti,.,4.62,4.69,3.07,4.13,3.34,4.20,4.15,5.03,0.04,5.86,0.63,5.66,0.37,37.41,0.27,C3'-endo
99,98,0.82,G,G,G,0,0,1,0,0,.,78,1,tSH,tm-M,5.24,2.80,1.07,1.53,4.05,4.69,5.64,3.14,..,anti,.,4.38,4.46,3.00,3.18,3.45,2.85,4.66,2.58,6.25,5.98,0.50,5.74,0.36,31.14,0.39,C3'-endo
100,99,0.83,A,A,A,1,0,0,0,0,.,,0,,,4.69,0.96,3.21,1.42,4.21,5.17,5.32,2.91,..,anti,.,4.64,4.71,3.73,3.01,3.22,3.46,2.80,4.58,0.03,5.88,0.61,5.68,0.37,36.16,0.28,C3'-endo
101,100,0.84,G,G,G,0,0,1,0,0,.,76,1,tHW,tM-W,5.32,2.89,0.76,1.36,3.58,4.52,5.34,3.39,BI,anti,A,4.47,4.54,2.66,3.93,3.17,3.90,4.58,4.67,6.27,5.89,0.62,5.64,0.42,37.95,0.34,C3'-endo
102,101,0.85,A,A,A,1,0,0,0,0,.,75,1,c.W,c.-W,2.67,4.16,2.77,1.42,4.26,5.12,5.42,3.01,..,anti,.,4.66,4.70,2.80,4.24,3.16,4.15,4.25,5.06,0.02,5.89,0.60,5.68,0.36,35.71,0.29,C3'-endo
103,102,0.86,G,G,G,0,0,1,0,0,.,74,1,tWH,tW-M,5.18,2.90,0.84,1.38,3.60,4.96,4.92,3.41,BI,anti,A,4.56,4.67,2.56,3.63,3.07,3.64,4.55,3.90,0.08,5.80,0.68,5.64,0.35,39.61,0.20,C3'-endo
104,103,0.87,U,U,U,0,0,0,1,0,.,73,1,tWH,tW-M,5.23,3.05,0.96,1.36,3.68,5.12,4.84,3.48,BI,anti,A,4.48,4.69,3.02,3.78,3.18,3.81,3.65,4.23,0.06,5.82,0.68,5.62,0.38,39.84,0.24,C3'-endo
105,104,0.88,A,A,A,1,0,0,0,0,.,72,1,tHS,tM-m,5.07,3.27,0.94,1.33,3.98,5.31,4.95,3.44,BI,anti,.,4.50,4.80,3.02,4.12,3.18,4.27,3.78,4.98,0.03,5.83,0.68,5.61,0.41,40.40,0.28,C3'-endo
106,105,0.88,G,G,G,0,0,1,0,0,),71,1,cWW,cW-W,5.00,2.64,1.51,1.36,3.69,4.97,5.01,3.14,BI,anti,A,4.71,4.69,2.91,3.67,3.52,3.62,4.74,4.08,0.05,5.82,0.68,5.62,0.38,40.05,0.25,C3'-endo
107,106,0.89,G,G,G,0,0,1,0,0,),70,1,cWW,cW-W,5.34,3.07,0.92,1.42,3.81,4.99,5.11,3.30,BI,anti,A,4.64,4.70,3.13,3.83,3.33,3.88,4.04,4.25,0.10,5.82,0.64,5.68,0.32,37.40,0.18,C3'-endo
108,107,0.90,U,U,U,0,0,0,1,0,),69,1,cWW,cW-W,5.31,3.09,0.82,1.36,3.31,4.66,4.94,3.34,BI,anti,.,4.49,4.51,2.94,3.61,3.20,3.74,3.86,3.98,0.04,5.83,0.67,5.62,0.39,39.51,0.27,C3'-endo
109,108,0.91,C,C,C,0,1,0,0,0,.,,0,,,3.40,3.85,2.95,1.54,5.09,1.50,3.59,3.44,..,anti,.,3.28,3.92,4.02,0.97,3.90,1.06,4.00,1.31,6.18,6.05,0.46,5.75,0.40,30.24,0.51,C3'-endo
110,109,0.92,G,G,G,0,0,1,0,0,),11,1,cWW,cW-W,2.89,2.83,3.13,1.38,3.60,5.13,4.75,3.53,BI,anti,A,4.36,4.60,3.78,3.07,3.74,3.25,3.79,3.99,0.01,5.88,0.63,5.65,0.40,37.70,0.32,C3'-endo
111,110,0.93,G,G,G,0,0,1,0,0,),10,1,cWW,cW-W,5.12,3.06,0.84,1.34,3.86,5.01,5.13,3.41,BI,anti,A,4.54,4.74,2.83,3.83,3.06,3.90,3.98,4.53,0.06,5.81,0.69,5.61,0.39,40.91,0.25,C3'-endo
112,111,0.93,U,U,U,0,0,0,1,0,),9,1,cWW,cW-W,5.24,2.88,1.06,1.37,3.41,4.75,4.94,3.36,BI,anti,.,4.52,4.53,2.90,3.28,3.25,3.24,4.19,3.38,0.01,5.86,0.64,5.63,0.40,38.73,0.30,C3'-endo
113,112,0.94,G,G,G,0,0,1,0,0,),8,1,cWW,cW-W,5.26,3.12,0.84,1.42,3.73,5.06,4.94,3.16,BI,anti,A,4.72,4.71,3.08,3.82,3.06,3.88,3.27,4.35,0.09,5.82,0.64,5.67,0.33,37.65,0.19,C3'-endo
114,113,0.95,C,C,C,0,1,0,0,0,),7,1,cWW,cW-W,5.26,3.11,0.82,1.36,3.81,4.81,5.28,3.45,BI,anti,A,4.49,4.70,2.96,3.63,3.20,3.69,3.91,4.05,0.04,5.84,0.67,5.62,0.40,39.74,0.27,C3'-endo
115,114,0.96,G,G,G,0,0,1,0,0,),6,1,cWW,cW-W,5.41,2.81,0.88,1.39,3.48,4.69,5.07,3.37,BI,anti,A,4.49,4.52,2.93,3.96,3.15,3.84,3.73,4.30,6.26,5.91,0.61,5.65,0.42,37.13,0.36,C3'-endo
116,115,0.97,G,G,G,0,0,1,0,0,),5,1,cWW,cW-W,2.57,3.87,3.09,1.42,4.52,4.38,0.14,3.06,..,anti,A,4.71,4.74,3.04,3.47,3.27,3.55,4.04,4.04,0.07,5.85,0.62,5.68,0.34,36.53,0.22,C3'-endo
117,116,0.97,G,G,G,0,0,1,0,0,),4,1,cWW,cW-W,5.47,2.52,0.75,1.35,3.76,4.87,5.17,3.36,BI,anti,A,4.61,4.70,2.71,3.74,2.96,3.75,3.67,4.36,0.05,5.84,0.65,5.64,0.38,38.81,0.26,C3'-endo
118,117,0.98,G,G,G,0,0,1,0,0,),3,1,cWW,cW-W,5.44,2.96,0.73,1.39,3.58,4.84,5.02,3.55,BI,anti,.,4.38,4.68,2.92,4.02,3.14,3.86,4.06,3.91,0.15,5.75,0.70,5.65,0.30,40.24,0.11,C3'-endo
119,118,0.99,G,G,G,0,0,1,0,0,),2,1,cWW,cW-W,2.59,3.49,3.26,1.43,4.08,5.01,5.35,3.14,..,anti,A,4.80,4.80,2.93,3.53,3.10,3.65,3.50,4.37,0.15,5.77,0.67,5.68,0.29,38.60,0.11,C3'-endo
120,119,1.00,A,A,A,1,0,0,0,0,),1,1,cWW,cW-W,5.24,3.19,0.75,1.41,,,,3.47,n/a,anti,-,,,,,,,,,0.08,5.82,0.65,5.66,0.34,37.98,0.20,C3'-endo
