index_chain,old_nt_resnum,nt_position,nt_name,nt_code,nt_align_code,is_A,is_C,is_G,is_U,is_other,dbn,paired,nb_interact,pair_type_LW,pair_type_DSSR,alpha,beta,gamma,delta,epsilon,zeta,epsilon_zeta,chi,bb_type,glyco_bond,form,ssZp,Dp,eta,theta,eta_prime,theta_prime,eta_base,theta_base,v0,v1,v2,v3,v4,amplitude,phase_angle,puckering
1,1,0.01,G,G,G,0,0,1,0,0,(,88,1,cWW,cW-W,,2.32,1.44,1.46,3.88,4.98,5.18,3.07,BI,anti,A,4.71,4.73,,3.93,,3.83,,4.22,0.12,5.81,0.63,5.70,0.29,36.52,0.14,C3'-endo
2,2,0.02,G,G,G,0,0,1,0,0,(,87,1,cWW,cW-W,5.28,3.13,0.78,1.44,3.61,5.20,4.69,3.48,BI,anti,A,4.45,4.64,2.94,3.85,3.20,3.85,3.97,4.23,0.08,5.83,0.64,5.67,0.33,37.38,0.20,C3'-endo
3,3,0.03,A,A,A,1,0,0,0,0,(,86,1,cWW,cW-W,4.96,3.01,1.12,1.29,3.64,5.11,4.81,3.46,BI,anti,A,4.50,4.67,2.84,3.68,3.13,3.68,3.82,4.11,0.01,5.83,0.70,5.58,0.44,41.83,0.31,C3'-endo
4,4,0.04,G,G,G,0,0,1,0,0,(,85,1,cWW,cW-W,5.11,2.87,1.30,1.35,3.60,4.84,5.05,3.37,BI,anti,A,4.48,4.57,3.08,3.48,3.36,3.51,4.05,3.90,6.25,5.90,0.64,5.60,0.45,39.37,0.38,C3'-endo
5,5,0.06,A,A,A,1,0,0,0,0,.,84,1,cWW,cW-W,5.32,3.00,0.92,1.53,3.98,4.96,5.31,3.70,BI,anti,.,3.79,4.52,3.20,4.09,3.34,4.13,3.80,4.98,0.01,5.93,0.54,5.74,0.34,32.34,0.31,C3'-endo
6,6,0.07,G,G,G,0,0,1,0,0,.,37,1,cSH,cm+M,5.29,2.71,0.86,1.40,3.68,4.75,5.21,3.79,BI,anti,.,3.83,4.66,2.70,3.50,3.14,3.61,4.29,3.92,0.01,5.87,0.64,5.63,0.41,38.64,0.31,C3'-endo
7,7,0.08,U,U,U,0,0,0,1,0,.,,0,,,5.25,3.45,1.23,1.32,3.58,5.14,4.72,3.40,BI,anti,A,4.57,4.65,3.61,3.70,3.58,3.76,3.76,4.33,0.07,5.78,0.72,5.58,0.40,42.45,0.23,C3'-endo
8,8,0.09,A,A,A,1,0,0,0,0,.,"44,78",2,"tSS,tHS","tm+m,tM-m",5.05,3.16,1.08,1.40,3.77,5.06,5.00,3.51,BI,anti,.,4.38,4.68,3.06,4.52,3.29,4.51,4.06,5.15,0.05,5.84,0.66,5.64,0.37,38.84,0.25,C3'-endo
9,9,0.10,G,G,G,0,0,1,0,0,(,77,1,cWW,cW-W,2.48,3.88,3.20,1.44,3.71,5.12,4.87,3.18,BI,anti,A,4.67,4.69,2.87,3.50,3.51,3.54,4.76,4.19,0.13,5.79,0.66,5.68,0.30,38.21,0.14,C3'-endo
10,10,0.11,A,A,A,1,0,0,0,0,(,76,1,cWW,cW-W,5.15,3.22,0.89,1.47,3.78,4.93,5.12,3.45,BI,anti,A,4.45,4.66,3.04,3.78,3.31,3.80,4.18,4.10,0.10,5.82,0.63,5.69,0.31,36.70,0.17,C3'-endo
11,11,0.12,U,U,U,0,0,0,1,0,(,75,1,cWW,cW-W,5.04,2.90,1.06,1.35,3.80,4.93,5.15,3.42,BI,anti,A,4.52,4.71,2.84,3.74,3.05,3.74,3.62,4.24,0.03,5.83,0.68,5.60,0.41,40.77,0.28,C3'-endo
12,12,0.13,G,G,G,0,0,1,0,0,(,74,1,cWW,cW-W,5.24,2.87,1.02,1.37,3.66,4.98,4.96,3.30,BI,anti,A,4.62,4.64,2.92,3.68,3.17,3.69,3.98,4.18,0.01,5.87,0.65,5.62,0.41,38.98,0.31,C3'-endo
13,13,0.15,A,A,A,1,0,0,0,0,(,73,1,cWW,cW-W,5.26,3.07,0.89,1.39,3.70,5.04,4.95,3.56,BI,anti,A,4.32,4.68,3.02,3.73,3.20,3.76,3.91,4.14,0.05,5.84,0.64,5.65,0.37,37.94,0.25,C3'-endo
14,14,0.16,U,U,U,0,0,0,1,0,(,72,1,cWW,cW-W,5.18,2.89,0.98,1.35,3.76,5.00,5.04,3.41,BI,anti,A,4.55,4.71,2.89,3.76,3.15,3.78,3.81,4.37,0.06,5.81,0.69,5.61,0.39,40.60,0.24,C3'-endo
15,15,0.17,U,U,U,0,0,0,1,0,(,71,1,cWW,cW-W,5.26,2.86,1.01,1.38,3.80,4.87,5.21,3.48,BI,anti,A,4.42,4.69,2.96,3.66,3.24,3.65,4.11,4.05,0.05,5.83,0.66,5.63,0.38,39.23,0.26,C3'-endo
16,16,0.18,C,C,C,0,1,0,0,0,(,70,1,cWW,cW-W,5.05,2.77,1.18,1.42,3.65,4.91,5.03,3.49,BI,anti,.,4.42,4.62,2.86,4.23,3.11,3.97,3.78,4.12,0.04,5.86,0.63,5.66,0.37,37.38,0.27,C3'-endo
17,17,0.19,G,G,G,0,0,1,0,0,(,69,1,cWW,cW-W,2.17,3.62,3.65,1.42,3.78,5.09,4.97,3.19,BI,anti,A,4.62,4.64,3.04,3.22,3.27,3.41,3.84,4.25,0.04,5.85,0.64,5.65,0.37,38.00,0.26,C3'-endo
18,18,0.20,C,C,C,0,1,0,0,0,(,67,1,cWW,cW-W,5.11,3.07,0.89,1.41,3.72,4.94,5.07,3.48,BI,anti,A,4.46,4.67,2.86,3.76,3.16,3.80,4.18,4.33,0.06,5.82,0.67,5.63,0.37,39.27,0.24,C3'-endo
19,19,0.21,G,G,G,0,0,1,0,0,(,"22,66",2,"cSW,cWW","cm-W,cW-W",5.36,2.93,0.84,1.40,3.75,5.12,4.91,3.46,BI,anti,A,4.40,4.62,2.97,3.90,3.21,3.93,3.97,4.61,0.07,5.82,0.67,5.63,0.37,39.38,0.23,C3'-endo
20,20,0.22,U,U,U,0,0,0,1,0,(,65,1,cWW,cW-W,5.09,2.99,0.99,1.40,3.91,1.93,1.98,3.59,..,anti,.,4.18,4.71,2.91,1.14,3.20,0.25,4.15,5.30,0.06,5.83,0.66,5.64,0.37,39.08,0.24,C3'-endo
21,21,0.24,U,U,U,0,0,0,1,0,.,,0,,,1.37,3.29,0.95,2.57,4.78,5.26,5.80,4.03,..,anti,.,0.76,0.70,0.30,5.78,1.16,5.49,2.25,5.69,5.91,0.62,5.67,0.42,6.25,36.80,2.86,C2'-endo
22,22,0.25,A,A,A,1,0,0,0,0,.,19,1,cWS,cW-m,5.41,3.55,0.81,2.45,3.87,2.96,0.91,4.93,BII,anti,.,1.95,1.98,3.09,2.37,3.96,2.06,4.09,2.41,5.75,0.71,5.68,0.31,0.13,39.72,2.62,C2'-endo
23,23,0.26,A,A,A,1,0,0,0,0,.,"55,67",2,"tHW,tWS","tM-W,tW+m",4.49,2.06,1.29,1.33,3.97,5.22,5.03,3.32,BI,anti,.,4.57,4.70,2.60,4.23,2.55,4.14,2.93,4.96,6.28,5.86,0.66,5.60,0.43,40.19,0.33,C3'-endo
24,24,0.27,G,G,G,0,0,1,0,0,.,54,1,tHW,tM-W,5.16,2.88,1.02,1.37,3.69,5.31,4.67,3.44,BI,anti,.,4.55,4.73,2.78,4.02,3.27,4.04,4.66,4.75,0.10,5.77,0.71,5.62,0.36,41.26,0.19,C3'-endo
25,25,0.28,U,U,U,0,0,0,1,0,.,,0,,,4.98,3.19,0.99,1.39,3.80,5.06,5.02,3.45,BI,anti,A,4.48,4.70,2.89,3.87,3.24,3.92,4.33,4.55,0.06,5.82,0.67,5.63,0.37,39.37,0.24,C3'-endo
26,26,0.29,G,G,G,0,0,1,0,0,.,52,1,cWW,cW-W,5.24,3.03,0.85,1.38,3.74,5.04,4.98,3.23,BI,anti,A,4.78,4.75,2.87,3.80,3.15,3.86,4.11,4.38,0.08,5.79,0.69,5.62,0.36,40.27,0.21,C3'-endo
27,27,0.30,U,U,U,0,0,0,1,0,(,51,1,cWW,cW-W,5.23,3.20,0.88,1.37,3.66,5.01,4.93,3.46,BI,anti,A,4.46,4.65,3.03,3.67,3.24,3.73,3.99,4.16,0.08,5.80,0.69,5.62,0.37,40.20,0.22,C3'-endo
28,28,0.31,G,G,G,0,0,1,0,0,(,50,1,cWW,cW-W,5.19,3.18,0.87,1.38,3.72,5.01,4.99,3.45,BI,anti,A,4.45,4.67,3.01,3.71,3.17,3.75,3.76,4.19,0.05,5.83,0.66,5.64,0.37,38.77,0.25,C3'-endo
29,29,0.33,U,U,U,0,0,0,1,0,(,49,1,cWW,cW-W,5.09,3.03,0.93,1.37,3.61,5.12,4.77,3.46,BI,anti,A,4.52,4.69,2.85,3.74,3.08,3.77,3.75,4.28,0.10,5.78,0.70,5.62,0.36,40.95,0.19,C3'-endo
30,30,0.34,G,G,G,0,0,1,0,0,(,48,1,cWW,cW-W,5.18,3.03,0.92,1.40,3.59,4.96,4.91,3.37,BI,anti,A,4.62,4.68,2.92,3.62,3.20,3.65,4.01,4.06,0.08,5.80,0.67,5.64,0.36,39.36,0.21,C3'-endo
31,31,0.35,U,U,U,0,0,0,1,0,(,47,1,cWW,cW-W,5.28,3.04,0.95,1.41,3.45,5.02,4.71,3.57,BI,anti,A,4.23,4.50,3.07,4.13,3.28,3.94,3.89,4.38,0.03,5.87,0.62,5.66,0.38,37.21,0.28,C3'-endo
32,32,0.36,G,G,G,0,0,1,0,0,(,46,1,cWW,cW-W,2.47,3.51,3.20,1.45,3.75,4.98,5.05,3.17,BI,anti,A,4.70,4.70,2.84,3.29,3.15,3.40,4.02,3.87,0.12,5.81,0.63,5.70,0.30,36.71,0.15,C3'-endo
33,33,0.37,A,A,A,1,0,0,0,0,(,45,1,cWW,cW-W,5.24,3.06,0.92,1.42,3.60,4.92,4.97,3.49,BI,anti,A,4.35,4.57,3.03,3.62,3.27,3.63,3.89,3.86,0.06,5.83,0.65,5.64,0.37,38.58,0.24,C3'-endo
34,34,0.38,A,A,A,1,0,0,0,0,.,44,1,cWW,cW-W,5.26,2.91,0.95,1.39,3.51,5.02,4.77,3.59,BI,anti,.,4.26,4.58,2.96,4.16,3.17,3.94,3.63,4.15,0.02,5.86,0.65,5.63,0.40,38.86,0.30,C3'-endo
35,35,0.39,U,U,U,0,0,0,1,0,.,42,1,tWH,tW-M,2.32,3.46,3.58,1.49,4.34,3.80,0.54,3.35,..,anti,.,4.45,4.71,3.13,2.15,3.29,2.73,3.81,2.83,0.06,5.86,0.60,5.70,0.33,35.22,0.23,C3'-endo
36,36,0.40,G,G,G,0,0,1,0,0,.,,0,,,3.48,2.80,3.27,2.27,4.62,5.39,5.51,4.31,..,anti,.,1.21,1.16,4.84,4.87,4.04,4.55,3.34,4.87,5.75,0.63,5.80,0.18,0.22,35.45,2.46,C1'-exo
37,37,0.42,G,G,G,0,0,1,0,0,[,"6,83",2,"cHS,cWW","cM+m,cW-W",3.42,3.26,0.99,1.41,3.68,4.99,4.98,3.14,BI,anti,A,4.60,4.63,0.94,3.69,1.87,3.77,2.57,4.20,0.04,5.86,0.63,5.66,0.37,37.47,0.27,C3'-endo
38,38,0.43,G,G,G,0,0,1,0,0,[,82,1,cWW,cW-W,5.08,3.30,0.80,1.38,3.59,5.10,4.77,3.42,BI,anti,A,4.55,4.66,2.90,3.68,3.05,3.73,3.68,4.03,0.11,5.78,0.69,5.64,0.33,40.09,0.17,C3'-endo
39,39,0.44,A,A,A,1,0,0,0,0,[,81,1,cWW,cW-W,5.12,3.20,0.90,1.35,3.71,5.16,4.83,3.44,BI,anti,A,4.52,4.70,2.97,3.82,3.13,3.87,3.61,4.44,0.03,5.83,0.67,5.61,0.40,40.06,0.28,C3'-endo
40,40,0.45,U,U,U,0,0,0,1,0,[,80,1,cWW,cW-W,5.12,2.93,1.09,1.31,3.72,5.20,4.81,3.39,BI,anti,A,4.57,4.69,2.94,3.86,3.25,3.90,4.10,4.59,6.28,5.85,0.68,5.59,0.44,40.95,0.33,C3'-endo
41,41,0.46,G,G,G,0,0,1,0,0,[,79,1,cWW,cW-W,5.14,3.07,0.95,1.34,3.22,4.72,4.78,3.61,BI,anti,.,4.26,4.46,2.89,3.07,3.26,3.19,4.28,2.99,6.27,5.87,0.66,5.59,0.44,40.28,0.35,C3'-endo
42,42,0.47,U,U,U,0,0,0,1,0,.,35,1,tHW,tM-W,5.45,3.26,0.92,2.57,3.85,3.48,0.37,4.21,..,anti,.,2.17,1.96,3.40,3.95,3.61,3.02,3.26,2.30,5.91,0.61,5.68,0.40,6.26,36.12,2.85,C2'-endo
43,43,0.48,C,C,C,0,1,0,0,0,.,,0,,,2.24,3.80,1.10,2.55,4.71,4.38,0.33,4.33,..,anti,.,0.65,0.81,1.11,4.84,1.36,4.62,1.00,5.23,5.92,0.60,5.69,0.40,6.26,35.52,2.85,C2'-endo
44,44,0.49,G,G,G,0,0,1,0,0,.,"8,34",2,"tSS,cWW","tm+m,cW-W",5.04,3.13,0.95,1.41,3.84,5.16,4.96,3.11,BI,anti,A,4.79,4.75,2.99,4.00,3.46,4.05,3.88,4.65,0.08,5.82,0.65,5.66,0.35,38.24,0.21,C3'-endo
45,45,0.51,U,U,U,0,0,0,1,0,),33,1,cWW,cW-W,5.12,3.26,0.83,1.38,3.61,4.99,4.90,3.40,BI,anti,A,4.55,4.65,2.87,3.64,3.17,3.72,4.09,4.29,0.04,5.84,0.66,5.63,0.38,39.24,0.26,C3'-endo
46,46,0.52,C,C,C,0,1,0,0,0,),32,1,cWW,cW-W,5.28,2.97,1.00,1.43,3.56,4.95,4.90,3.39,BI,anti,A,4.51,4.57,3.04,3.64,3.31,3.63,4.08,3.97,0.03,5.87,0.62,5.66,0.37,36.97,0.28,C3'-endo
47,47,0.53,A,A,A,1,0,0,0,0,),31,1,cWW,cW-W,5.07,3.10,0.96,1.41,3.68,5.02,4.94,3.51,BI,anti,A,4.39,4.68,2.97,3.76,3.12,3.79,3.66,4.27,0.11,5.79,0.67,5.66,0.33,38.95,0.17,C3'-endo
48,48,0.54,C,C,C,0,1,0,0,0,),30,1,cWW,cW-W,5.19,2.95,0.94,1.41,3.53,5.01,4.80,3.57,BI,anti,A,4.36,4.62,2.89,3.65,3.18,3.65,3.94,4.01,0.07,5.82,0.66,5.64,0.36,38.88,0.23,C3'-endo
49,49,0.55,A,A,A,1,0,0,0,0,),29,1,cWW,cW-W,5.11,3.20,0.89,1.42,3.75,5.03,5.01,3.58,BI,anti,A,4.32,4.73,2.99,3.81,3.13,3.83,3.67,4.30,0.10,5.81,0.65,5.67,0.32,37.85,0.17,C3'-endo
50,50,0.56,C,C,C,0,1,0,0,0,),28,1,cWW,cW-W,5.18,2.89,0.95,1.35,3.66,5.04,4.90,3.53,BI,anti,A,4.42,4.71,2.83,3.72,3.11,3.74,3.88,4.21,0.05,5.81,0.69,5.61,0.40,40.74,0.26,C3'-endo
51,51,0.57,A,A,A,1,0,0,0,0,),27,1,cWW,cW-W,5.25,3.08,0.88,1.37,3.62,4.97,4.93,3.49,BI,anti,A,4.43,4.64,2.99,3.59,3.21,3.60,3.92,3.82,0.04,5.83,0.67,5.62,0.39,39.66,0.27,C3'-endo
52,52,0.58,A,A,A,1,0,0,0,0,.,26,1,cWW,cW-W,5.04,2.96,1.12,1.37,3.74,5.14,4.88,3.49,BI,anti,A,4.42,4.67,2.96,3.87,3.13,3.87,3.54,4.32,0.01,5.85,0.67,5.60,0.42,40.18,0.31,C3'-endo
53,53,0.60,C,C,C,0,1,0,0,0,.,,0,,,5.24,2.89,1.10,1.32,4.02,4.33,5.98,3.52,..,anti,.,4.19,4.58,3.06,3.75,3.35,3.56,4.07,3.73,6.17,5.96,0.61,5.59,0.50,39.49,0.48,C3'-endo
54,54,0.61,G,G,G,0,0,1,0,0,.,24,1,tWH,tW-M,1.63,3.93,3.80,1.57,3.81,5.00,5.09,3.28,BI,anti,.,4.64,4.70,2.97,3.16,3.02,3.41,3.43,3.19,0.20,5.80,0.57,5.81,0.18,32.89,6.27,C2'-exo
55,55,0.62,A,A,A,1,0,0,0,0,.,23,1,tWH,tW-M,5.29,3.33,0.88,2.49,4.63,4.13,0.49,4.30,..,anti,.,1.23,1.02,3.54,4.75,3.86,3.73,3.54,3.25,5.81,0.68,5.67,0.35,0.07,38.55,2.70,C2'-endo
56,56,0.63,A,A,A,1,0,0,0,0,.,65,1,t.S,t.+m,1.20,3.75,1.16,2.68,4.96,1.49,3.47,4.14,..,anti,.,0.20,0.47,6.14,3.09,0.86,2.76,1.05,3.31,5.86,0.69,5.60,0.45,6.26,40.71,2.84,C2'-endo
57,57,0.64,G,G,G,0,0,1,0,0,(,64,1,cWW,cW-W,1.59,4.53,3.30,1.42,3.52,5.19,4.61,3.49,BI,anti,.,4.36,4.56,3.79,3.93,3.96,3.61,4.64,3.86,0.10,5.80,0.66,5.67,0.32,38.15,0.17,C3'-endo
58,58,0.65,C,C,C,0,1,0,0,0,(,63,1,cWW,cW-W,2.64,3.32,3.28,1.48,3.91,4.94,5.25,3.33,BI,anti,A,4.55,4.68,3.00,3.28,3.29,3.42,3.95,3.84,0.08,5.84,0.62,5.69,0.33,36.58,0.21,C3'-endo
59,59,0.66,G,G,G,0,0,1,0,0,.,62,1,tWH,tW-M,5.24,2.95,0.87,1.35,3.98,5.24,5.03,3.48,BI,anti,.,4.43,4.72,2.93,4.43,3.16,3.65,3.71,2.72,6.20,5.96,0.59,5.62,0.47,37.70,0.46,C3'-endo
60,60,0.67,A,A,A,1,0,0,0,0,.,,0,,,2.89,2.53,0.95,1.45,3.99,4.99,5.28,3.37,BI,anti,.,4.30,4.55,0.24,4.09,0.79,4.11,0.49,5.07,0.02,5.88,0.62,5.65,0.39,37.10,0.30,C3'-endo
61,61,0.69,G,G,G,0,0,1,0,0,.,,0,,,5.24,2.78,1.01,1.49,3.51,4.91,4.88,3.76,BI,anti,.,3.87,4.45,2.83,3.62,3.31,3.53,4.65,3.57,0.04,5.88,0.58,5.71,0.33,34.41,0.25,C3'-endo
62,62,0.70,A,A,A,1,0,0,0,0,.,59,1,tHW,tM-W,5.12,3.14,0.79,1.48,3.65,5.35,4.58,3.90,BI,anti,.,3.51,4.55,2.90,4.79,3.01,4.98,3.25,5.32,0.04,5.89,0.59,5.70,0.34,34.84,0.26,C3'-endo
63,63,0.71,G,G,G,0,0,1,0,0,),58,1,cWW,cW-W,2.51,4.08,3.19,1.52,3.77,4.96,5.09,3.25,BI,anti,A,4.63,4.70,3.14,3.52,4.05,3.46,5.05,3.68,0.20,5.78,0.61,5.77,0.21,35.13,0.01,C3'-endo
64,64,0.72,C,C,C,0,1,0,0,0,),57,1,cWW,cW-W,5.41,3.05,0.77,1.36,3.46,5.02,4.73,3.55,BI,anti,.,4.31,4.54,3.01,4.09,3.25,3.96,3.73,4.29,0.01,5.86,0.65,5.62,0.41,39.19,0.31,C3'-endo
65,65,0.73,G,G,G,0,0,1,0,0,),"20,56",2,"cWW,tS.","cW-W,tm+.",2.49,3.56,3.35,1.45,4.07,4.99,5.36,3.13,..,anti,.,4.60,4.68,3.07,3.47,3.29,3.61,3.97,4.62,0.08,5.82,0.65,5.67,0.34,37.74,0.20,C3'-endo
66,66,0.74,C,C,C,0,1,0,0,0,),19,1,cWW,cW-W,5.23,2.81,0.89,1.42,3.72,5.07,4.93,3.46,BI,anti,A,4.45,4.66,2.73,3.85,3.14,3.99,4.42,4.33,0.08,5.81,0.66,5.65,0.35,38.63,0.21,C3'-endo
67,67,0.75,G,G,G,0,0,1,0,0,),"18,23",2,"cWW,tSW","cW-W,tm+W",5.22,3.32,1.01,2.62,4.62,5.10,5.80,4.11,..,anti,.,0.97,0.89,3.48,5.56,3.95,5.03,4.33,5.03,5.93,0.62,5.66,0.44,6.23,37.01,2.90,C2'-endo
68,68,0.76,G,G,G,0,0,1,0,0,.,,0,,,5.29,2.74,3.19,1.58,3.53,1.74,1.79,4.67,..,anti,.,1.06,3.33,5.19,5.75,5.71,6.01,5.97,0.89,5.90,0.08,0.23,5.82,0.53,30.20,1.11,C4'-exo
69,69,0.78,U,U,U,0,0,0,1,0,),17,1,cWW,cW-W,4.98,3.54,0.99,1.48,3.62,4.76,5.15,3.33,BI,anti,.,4.41,4.51,3.72,3.50,4.14,3.59,3.48,3.78,0.03,5.89,0.59,5.69,0.36,35.42,0.28,C3'-endo
70,70,0.79,G,G,G,0,0,1,0,0,),16,1,cWW,cW-W,5.10,3.25,0.85,1.42,3.57,5.09,4.77,3.47,BI,anti,A,4.40,4.60,3.01,3.74,3.04,3.80,3.28,4.34,0.08,5.81,0.66,5.66,0.34,38.40,0.21,C3'-endo
71,71,0.80,A,A,A,1,0,0,0,0,),15,1,cWW,cW-W,5.12,2.98,1.05,1.44,3.53,4.98,4.84,3.56,BI,anti,A,4.29,4.55,2.96,3.67,3.27,3.65,4.07,4.05,0.04,5.86,0.63,5.66,0.37,37.33,0.27,C3'-endo
72,72,0.81,A,A,A,1,0,0,0,0,),14,1,cWW,cW-W,5.20,3.08,0.85,1.45,3.73,5.00,5.01,3.68,BI,anti,A,4.09,4.67,3.00,3.83,3.16,3.84,3.76,4.20,0.07,5.85,0.62,5.69,0.33,36.20,0.22,C3'-endo
73,73,0.82,U,U,U,0,0,0,1,0,),13,1,cWW,cW-W,5.31,2.94,0.77,1.36,3.58,5.13,4.73,3.57,BI,anti,A,4.34,4.64,2.84,3.73,3.10,3.72,3.74,4.18,0.01,5.86,0.66,5.61,0.42,39.56,0.31,C3'-endo
74,74,0.83,C,C,C,0,1,0,0,0,),12,1,cWW,cW-W,5.19,2.94,1.05,1.30,3.78,5.00,5.06,3.45,BI,anti,A,4.47,4.70,3.00,3.67,3.24,3.67,3.95,4.16,6.27,5.86,0.67,5.59,0.44,40.71,0.34,C3'-endo
75,75,0.84,A,A,A,1,0,0,0,0,),11,1,cWW,cW-W,5.00,2.85,1.17,1.36,3.85,4.94,5.19,3.30,BI,anti,A,4.61,4.68,2.86,3.78,3.10,3.77,3.85,4.41,6.28,5.87,0.65,5.62,0.42,39.19,0.33,C3'-endo
76,76,0.85,U,U,U,0,0,0,1,0,),10,1,cWW,cW-W,5.11,2.95,0.95,1.36,3.81,5.14,4.96,3.43,BI,anti,A,4.54,4.73,2.81,3.95,3.06,3.98,3.99,4.61,0.05,5.82,0.68,5.62,0.38,39.96,0.25,C3'-endo
77,77,0.87,U,U,U,0,0,0,1,0,),9,1,cWW,cW-W,5.19,3.02,0.94,1.33,3.80,4.91,5.17,3.50,BI,anti,A,4.46,4.76,2.90,3.73,3.21,3.77,4.16,4.30,0.04,5.81,0.70,5.59,0.41,41.53,0.26,C3'-endo
78,78,0.88,G,G,G,0,0,1,0,0,.,8,1,tSH,tm-M,5.46,2.78,0.84,1.34,3.66,3.91,6.03,3.47,..,anti,.,4.52,4.67,2.92,2.97,3.19,2.94,3.99,2.66,6.27,5.88,0.65,5.61,0.44,39.59,0.35,C3'-endo
79,79,0.89,C,C,C,0,1,0,0,0,],41,1,cWW,cW-W,1.12,3.42,5.30,2.50,4.00,3.59,0.41,4.59,..,anti,.,2.29,1.95,4.03,2.56,3.70,2.77,2.97,3.63,5.73,0.75,5.63,0.35,0.12,42.15,2.65,C2'-endo
80,80,0.90,A,A,A,1,0,0,0,0,],40,1,cWW,cW-W,4.56,2.86,0.75,1.47,3.74,4.98,5.05,3.52,BI,anti,A,4.40,4.68,2.66,3.85,2.56,3.89,3.52,4.10,0.10,5.84,0.60,5.72,0.29,34.86,0.17,C3'-endo
81,81,0.91,U,U,U,0,0,0,1,0,],39,1,cWW,cW-W,5.25,3.27,0.68,1.49,3.57,5.02,4.84,3.69,BI,anti,.,3.98,4.50,2.97,4.23,3.15,4.05,3.54,4.50,0.08,5.86,0.59,5.72,0.30,34.25,0.20,C3'-endo
82,82,0.92,C,C,C,0,1,0,0,0,],38,1,cWW,cW-W,2.36,3.48,3.28,1.41,4.07,4.93,5.42,3.38,..,anti,A,4.53,4.77,2.75,3.38,3.03,3.48,3.82,4.09,0.10,5.79,0.67,5.65,0.33,39.20,0.18,C3'-endo
83,83,0.93,C,C,C,0,1,0,0,0,],37,1,cWW,cW-W,5.17,2.77,1.00,1.31,3.66,5.09,4.85,3.40,BI,anti,A,4.61,4.73,2.72,3.76,3.05,3.78,3.92,4.32,0.04,5.81,0.71,5.58,0.42,42.27,0.27,C3'-endo
84,84,0.94,G,G,G,0,0,1,0,0,.,5,1,cWW,cW-W,5.17,2.98,1.12,1.43,3.71,5.11,4.88,3.28,BI,anti,A,4.55,4.62,3.06,3.94,3.36,3.95,4.20,4.58,0.03,5.87,0.63,5.66,0.38,37.40,0.28,C3'-endo
85,85,0.96,C,C,C,0,1,0,0,0,),4,1,cWW,cW-W,5.28,3.05,0.84,1.40,3.66,5.06,4.88,3.44,BI,anti,A,4.40,4.56,2.96,3.77,3.27,3.81,4.22,4.26,6.26,5.91,0.61,5.64,0.42,37.53,0.36,C3'-endo
86,86,0.97,U,U,U,0,0,0,1,0,),3,1,cWW,cW-W,5.08,3.19,0.86,1.41,3.72,4.90,5.11,3.50,BI,anti,A,4.38,4.62,2.91,3.66,3.10,3.71,3.75,4.25,0.03,5.86,0.64,5.65,0.38,37.95,0.28,C3'-endo
87,87,0.98,C,C,C,0,1,0,0,0,),2,1,cWW,cW-W,5.32,2.83,0.91,1.38,3.71,5.08,4.91,3.56,BI,anti,A,4.25,4.62,2.93,3.81,3.16,3.79,3.92,4.24,0.01,5.88,0.63,5.64,0.40,38.09,0.31,C3'-endo
88,88,0.99,C,C,C,0,1,0,0,0,),1,1,cWW,cW-W,5.12,3.00,1.00,1.33,3.56,5.26,4.59,3.45,BI,anti,A,4.48,4.63,2.85,3.80,3.13,3.82,3.90,4.55,0.02,5.83,0.68,5.59,0.42,40.94,0.29,C3'-endo
89,89,1.00,A,A,A,1,0,0,0,0,.,,0,,,4.88,3.15,1.08,1.39,,,,3.44,n/a,anti,-,,,,,,,,,0.09,5.79,0.68,5.64,0.35,39.87,0.19,C3'-endo
