index_chain,old_nt_resnum,nt_position,nt_name,nt_code,nt_align_code,is_A,is_C,is_G,is_U,is_other,dbn,paired,nb_interact,pair_type_LW,pair_type_DSSR,alpha,beta,gamma,delta,epsilon,zeta,epsilon_zeta,chi,bb_type,glyco_bond,form,ssZp,Dp,eta,theta,eta_prime,theta_prime,eta_base,theta_base,v0,v1,v2,v3,v4,amplitude,phase_angle,puckering
1,1,0.09,A,A,A,1,0,0,0,0,),0,1,cWW,cW-W,,,1.32,1.46,3.88,4.89,5.27,3.24,BI,anti,A,4.62,4.68,,,,,,,0.05,5.86,0.61,5.69,0.35,36.03,0.24,C3'-endo
2,2,0.18,A,A,A,1,0,0,0,0,),0,1,cWW,cW-W,5.09,2.87,1.06,1.41,3.84,4.91,5.21,3.42,BI,anti,A,4.50,4.71,2.88,3.79,3.15,3.80,4.00,4.31,0.09,5.81,0.66,5.65,0.34,38.66,0.20,C3'-endo
3,3,0.27,G,G,G,0,0,1,0,0,),0,1,cWW,cW-W,5.20,2.84,1.02,1.45,3.72,5.02,4.98,3.43,BI,anti,A,4.50,4.65,2.91,3.85,3.20,3.83,4.02,4.49,0.07,5.86,0.61,5.70,0.33,35.67,0.22,C3'-endo
4,4,0.36,A,A,A,1,0,0,0,0,),0,1,cWW,cW-W,5.26,3.12,0.74,1.42,3.59,5.04,4.83,3.71,BI,anti,A,4.10,4.69,2.89,3.67,3.13,3.67,4.09,3.92,0.13,5.77,0.68,5.66,0.31,39.47,0.13,C3'-endo
5,5,0.45,C,C,C,0,1,0,0,0,),0,1,cWW,cW-W,5.15,2.86,1.10,1.37,3.86,4.86,5.28,3.60,BI,anti,A,4.19,4.69,2.98,3.73,3.20,3.75,3.68,4.34,6.28,5.88,0.64,5.63,0.42,38.59,0.33,C3'-endo
6,6,0.55,U,U,U,0,0,0,1,0,),0,1,cWW,cW-W,5.28,2.78,0.94,1.42,3.50,4.90,4.88,3.59,BI,anti,A,4.33,4.59,2.82,3.53,3.15,3.47,4.03,3.78,0.07,5.83,0.64,5.67,0.34,37.44,0.22,C3'-endo
7,7,0.64,G,G,G,0,0,1,0,0,),0,1,cWW,cW-W,5.15,3.33,0.60,1.42,3.65,5.07,4.86,3.38,BI,anti,A,4.64,4.74,2.85,3.68,2.87,3.75,3.38,3.85,0.23,5.67,0.74,5.66,0.25,42.44,0.01,C3'-endo
8,8,0.73,C,C,C,0,1,0,0,0,),0,1,cWW,cW-W,4.87,3.08,1.23,1.36,3.90,5.01,5.17,3.59,BI,anti,.,4.23,4.76,2.98,3.85,3.16,3.89,3.43,4.56,0.06,5.80,0.69,5.61,0.39,40.88,0.24,C3'-endo
9,9,0.82,C,C,C,0,1,0,0,0,.,0,1,cWW,cW-W,5.21,2.92,1.02,1.39,3.85,4.65,5.47,3.43,BI,anti,A,4.51,4.73,2.96,3.60,3.26,3.67,4.20,4.27,0.07,5.82,0.67,5.64,0.37,39.20,0.23,C3'-endo
10,10,0.91,U,U,U,0,0,0,1,0,.,0,1,cWW,cW-W,5.55,2.65,0.84,1.50,4.01,4.18,6.11,3.40,..,anti,A,4.49,4.73,3.07,3.76,3.31,3.82,4.08,4.36,0.15,5.81,0.60,5.75,0.24,34.70,0.08,C3'-endo
11,11,1.00,G,G,G,0,0,1,0,0,.,,0,,,6.22,2.10,0.53,1.40,,,,3.59,n/a,anti,-,,,,,,,,,0.04,5.86,0.63,5.66,0.37,37.25,0.27,C3'-endo
