index_chain,old_nt_resnum,nt_position,nt_name,nt_code,nt_align_code,is_A,is_C,is_G,is_U,is_other,dbn,paired,nb_interact,pair_type_LW,pair_type_DSSR,alpha,beta,gamma,delta,epsilon,zeta,epsilon_zeta,chi,bb_type,glyco_bond,form,ssZp,Dp,eta,theta,eta_prime,theta_prime,eta_base,theta_base,v0,v1,v2,v3,v4,amplitude,phase_angle,puckering
1,1,0.06,G,G,G,0,0,1,0,0,),0,1,cWW,cW-W,,,1.27,1.42,3.95,4.88,5.36,3.18,BI,anti,A,4.57,4.67,,,,,,,0.06,5.82,0.66,5.64,0.36,38.72,0.23,C3'-endo
2,2,0.12,C,C,C,0,1,0,0,0,),0,1,cWW,cW-W,5.12,2.89,0.97,1.40,3.88,4.86,5.30,3.44,BI,anti,A,4.50,4.78,2.85,3.79,3.09,3.79,4.04,4.08,0.15,5.72,0.74,5.62,0.33,42.48,0.12,C3'-endo
3,3,0.19,A,A,A,1,0,0,0,0,),0,1,cWW,cW-W,5.43,2.95,0.68,1.35,3.63,5.03,4.89,3.52,BI,anti,A,4.43,4.70,2.84,3.64,3.05,3.70,3.64,4.10,0.08,5.77,0.73,5.58,0.40,42.98,0.22,C3'-endo
4,4,0.25,G,G,G,0,0,1,0,0,),0,1,cWW,cW-W,5.19,2.94,1.11,1.26,3.24,4.96,4.56,3.42,BI,anti,A,4.37,4.45,3.09,3.75,3.35,3.62,3.96,4.08,6.23,5.89,0.67,5.56,0.49,41.57,0.40,C3'-endo
5,5,0.31,A7E,a,A,0,0,0,0,1,),0,1,cWW,cW-W,2.55,3.26,3.20,1.49,3.99,5.07,5.20,3.42,BI,anti,A,4.59,4.88,2.83,3.71,2.94,3.80,3.65,4.24,0.21,5.78,0.57,5.79,0.18,32.62,6.26,C2'-exo
6,6,0.38,C,C,C,0,1,0,0,0,),0,1,cWW,cW-W,5.30,2.92,0.87,1.32,3.66,5.05,4.89,3.48,BI,anti,A,4.51,4.73,2.85,3.69,3.16,3.71,3.85,4.09,0.05,5.79,0.72,5.57,0.42,42.83,0.26,C3'-endo
7,7,0.44,U,U,U,0,0,0,1,0,),0,1,cWW,cW-W,5.20,3.01,0.91,1.30,3.50,5.14,4.65,3.47,BI,anti,A,4.51,4.66,2.92,3.64,3.15,3.67,3.79,4.14,0.04,5.79,0.74,5.55,0.44,43.78,0.27,C3'-endo
8,8,0.50,U,U,U,0,0,0,1,0,),0,1,cWW,cW-W,5.03,3.12,1.05,1.35,3.58,5.02,4.84,3.48,BI,anti,A,4.43,4.64,2.97,3.64,3.20,3.66,3.90,4.06,0.02,5.81,0.72,5.56,0.44,43.37,0.29,C3'-endo
9,9,0.56,A,A,A,1,0,0,0,0,),0,1,cWW,cW-W,5.09,2.98,1.04,1.38,3.66,4.94,5.00,3.47,BI,anti,A,4.42,4.64,2.91,3.66,3.14,3.64,3.80,4.03,0.05,5.78,0.73,5.56,0.42,43.49,0.25,C3'-endo
10,10,0.62,A,A,A,1,0,0,0,0,),0,1,cWW,cW-W,5.15,3.00,0.99,1.34,3.67,5.02,4.93,3.47,BI,anti,A,4.46,4.71,2.92,3.66,3.11,3.66,3.75,4.02,0.08,5.75,0.76,5.55,0.41,44.44,0.22,C3'-endo
11,11,0.69,G,G,G,0,0,1,0,0,),0,1,cWW,cW-W,5.13,3.09,0.97,1.39,3.77,4.98,5.08,3.39,BI,anti,A,4.56,4.71,2.98,3.75,3.14,3.80,3.72,4.31,0.11,5.77,0.70,5.62,0.35,41.01,0.18,C3'-endo
12,12,0.75,U,U,U,0,0,0,1,0,),0,1,cWW,cW-W,5.23,3.09,0.82,1.34,3.60,5.14,4.74,3.47,BI,anti,A,4.48,4.68,2.92,3.73,3.14,3.75,3.89,4.26,0.07,5.78,0.72,5.59,0.39,42.29,0.22,C3'-endo
13,13,0.81,C,C,C,0,1,0,0,0,),0,1,cWW,cW-W,5.04,3.03,0.99,1.33,3.57,5.13,4.72,3.44,BI,anti,A,4.55,4.71,2.91,3.67,3.13,3.66,3.90,3.94,0.04,5.79,0.73,5.56,0.43,43.36,0.27,C3'-endo
14,14,0.88,U,U,U,0,0,0,1,0,),0,1,cWW,cW-W,4.89,2.99,1.20,1.38,3.56,4.94,4.90,3.35,BI,anti,A,4.51,4.59,2.87,3.56,3.13,3.58,3.71,4.09,0.05,5.78,0.74,5.56,0.42,43.83,0.26,C3'-endo
15,15,0.94,G,G,G,0,0,1,0,0,),0,1,cWW,cW-W,5.10,3.13,0.99,1.42,3.73,5.03,4.98,3.47,BI,anti,A,4.44,4.69,3.02,3.84,3.19,3.85,3.90,4.35,0.15,5.76,0.68,5.67,0.30,39.44,0.11,C3'-endo
16,16,1.00,C,C,C,0,1,0,0,0,),0,1,cWW,cW-W,5.31,2.94,0.87,1.32,,,,3.52,n/a,anti,-,,,,,,,,,0.07,5.77,0.73,5.58,0.40,42.95,0.23,C3'-endo
