index_chain,old_nt_resnum,nt_position,nt_name,nt_code,nt_align_code,is_A,is_C,is_G,is_U,is_other,dbn,paired,nb_interact,pair_type_LW,pair_type_DSSR,alpha,beta,gamma,delta,epsilon,zeta,epsilon_zeta,chi,bb_type,glyco_bond,form,ssZp,Dp,eta,theta,eta_prime,theta_prime,eta_base,theta_base,v0,v1,v2,v3,v4,amplitude,phase_angle,puckering
1,1,0.06,G,G,G,0,0,1,0,0,(,0,1,cWW,cW-W,,,1.27,1.42,3.89,4.92,5.25,3.18,BI,anti,A,4.57,4.66,,,,,,,0.07,5.82,0.66,5.64,0.37,39.06,0.23,C3'-endo
2,2,0.12,C,C,C,0,1,0,0,0,(,0,1,cWW,cW-W,5.07,2.93,0.97,1.40,3.86,4.85,5.29,3.44,BI,anti,A,4.50,4.77,2.85,3.79,3.09,3.78,4.03,4.07,0.14,5.72,0.74,5.61,0.34,42.95,0.14,C3'-endo
3,3,0.19,A,A,A,1,0,0,0,0,(,0,1,cWW,cW-W,5.48,2.90,0.66,1.35,3.61,5.05,4.84,3.52,BI,anti,A,4.41,4.68,2.86,3.65,3.06,3.70,3.65,4.09,0.07,5.78,0.73,5.58,0.40,42.75,0.23,C3'-endo
4,4,0.25,G,G,G,0,0,1,0,0,(,0,1,cWW,cW-W,5.11,2.96,1.16,1.44,3.54,5.06,4.76,3.41,BI,anti,A,4.43,4.53,3.04,3.64,3.31,3.57,3.92,4.04,6.23,5.88,0.67,5.56,0.49,41.64,0.39,C3'-endo
5,5,0.31,A7E,a,A,0,0,0,0,1,(,0,1,cWW,cW-W,4.90,3.19,0.90,1.36,3.86,5.03,5.11,3.45,BI,anti,A,4.61,4.90,2.86,3.78,2.97,3.84,3.66,4.27,0.17,5.75,0.64,5.69,0.27,37.03,0.08,C3'-endo
6,6,0.38,C,C,C,0,1,0,0,0,(,0,1,cWW,cW-W,5.31,2.93,0.84,1.28,3.55,5.20,4.63,3.48,BI,anti,A,4.52,4.72,2.90,3.69,3.17,3.71,3.86,4.09,0.07,5.76,0.74,5.56,0.41,43.63,0.23,C3'-endo
7,7,0.44,U,U,U,0,0,0,1,0,(,0,1,cWW,cW-W,5.08,3.07,0.97,1.31,3.52,5.14,4.66,3.46,BI,anti,A,4.51,4.65,2.92,3.65,3.15,3.68,3.79,4.14,0.04,5.79,0.73,5.55,0.44,43.76,0.28,C3'-endo
8,8,0.50,U,U,U,0,0,0,1,0,(,0,1,cWW,cW-W,5.00,3.13,1.05,1.29,3.55,5.08,4.76,3.47,BI,anti,A,4.47,4.67,2.95,3.63,3.17,3.64,3.87,4.05,0.05,5.79,0.72,5.57,0.42,42.99,0.26,C3'-endo
9,9,0.56,A,A,A,1,0,0,0,0,(,0,1,cWW,cW-W,5.09,2.99,1.05,1.39,3.65,4.94,5.00,3.46,BI,anti,A,4.43,4.64,2.94,3.67,3.16,3.66,3.83,4.05,0.05,5.79,0.73,5.57,0.42,43.08,0.26,C3'-endo
10,10,0.62,A,A,A,1,0,0,0,0,(,0,1,cWW,cW-W,5.16,2.98,0.99,1.35,3.67,5.00,4.95,3.47,BI,anti,A,4.43,4.67,2.93,3.67,3.13,3.67,3.78,4.03,0.06,5.77,0.75,5.55,0.42,44.10,0.25,C3'-endo
11,11,0.69,G,G,G,0,0,1,0,0,(,0,1,cWW,cW-W,5.14,3.07,0.96,1.34,3.70,5.07,4.92,3.41,BI,anti,A,4.54,4.70,2.95,3.75,3.12,3.79,3.71,4.29,0.09,5.77,0.72,5.60,0.38,41.90,0.20,C3'-endo
12,12,0.75,U,U,U,0,0,0,1,0,(,0,1,cWW,cW-W,5.14,3.15,0.87,1.34,3.63,5.10,4.81,3.47,BI,anti,A,4.48,4.68,2.92,3.72,3.14,3.73,3.87,4.25,0.06,5.78,0.72,5.59,0.40,42.29,0.24,C3'-endo
13,13,0.81,C,C,C,0,1,0,0,0,(,0,1,cWW,cW-W,5.05,3.02,1.00,1.35,3.58,5.09,4.77,3.44,BI,anti,A,4.57,4.70,2.90,3.68,3.12,3.67,3.91,3.96,0.05,5.78,0.73,5.57,0.42,43.18,0.26,C3'-endo
14,14,0.88,U,U,U,0,0,0,1,0,(,0,1,cWW,cW-W,4.89,3.04,1.16,1.34,3.53,4.96,4.85,3.37,BI,anti,A,4.54,4.60,2.86,3.55,3.11,3.57,3.70,4.09,0.05,5.77,0.75,5.54,0.43,44.71,0.26,C3'-endo
15,15,0.94,G,G,G,0,0,1,0,0,(,0,1,cWW,cW-W,5.14,3.10,1.01,1.44,3.72,5.04,4.97,3.48,BI,anti,A,4.41,4.66,3.06,3.88,3.24,3.87,3.94,4.38,0.15,5.76,0.68,5.67,0.29,39.40,0.11,C3'-endo
16,16,1.00,C,C,C,0,1,0,0,0,(,0,1,cWW,cW-W,5.31,2.93,0.87,1.36,,,,3.53,n/a,anti,-,,,,,,,,,0.08,5.78,0.72,5.59,0.38,42.08,0.22,C3'-endo
