index_chain,old_nt_resnum,nt_position,nt_name,nt_code,nt_align_code,is_A,is_C,is_G,is_U,is_other,dbn,paired,nb_interact,pair_type_LW,pair_type_DSSR,alpha,beta,gamma,delta,epsilon,zeta,epsilon_zeta,chi,bb_type,glyco_bond,form,ssZp,Dp,eta,theta,eta_prime,theta_prime,eta_base,theta_base,v0,v1,v2,v3,v4,amplitude,phase_angle,puckering
1,1,0.08,G,G,G,0,0,1,0,0,.,,0,,,,,1.09,1.43,3.79,5.05,5.02,3.20,BI,anti,A,4.66,4.69,,,,,,,0.08,5.82,0.64,5.67,0.33,37.47,0.20,C3'-endo
2,2,0.17,C,C,C,0,1,0,0,0,.,,0,,,5.25,3.14,0.80,1.41,3.50,5.34,4.44,3.49,BI,anti,.,4.41,4.56,2.93,4.34,3.20,4.10,3.97,4.39,0.04,5.86,0.63,5.67,0.36,37.06,0.26,C3'-endo
3,3,0.25,G,G,G,0,0,1,0,0,.,,0,,,2.45,3.11,3.29,1.36,3.77,5.00,5.05,3.27,BI,anti,A,4.75,4.76,2.68,3.12,2.96,3.30,3.67,3.89,0.10,5.79,0.68,5.64,0.34,39.67,0.18,C3'-endo
4,4,0.33,A,A,A,1,0,0,0,0,.,,0,,,5.32,2.99,0.89,1.35,3.63,4.94,4.97,3.39,BI,anti,A,4.57,4.66,2.98,3.59,3.23,3.62,3.96,3.96,0.01,5.84,0.68,5.60,0.42,40.66,0.30,C3'-endo
5,5,0.42,A,A,A,1,0,0,0,0,.,,0,,,5.22,2.99,0.98,1.39,3.63,5.09,4.82,3.49,BI,anti,A,4.41,4.62,3.01,3.74,3.20,3.74,3.72,4.17,0.04,5.85,0.64,5.65,0.37,37.83,0.27,C3'-endo
6,6,0.50,U,U,U,0,0,0,1,0,.,,0,,,5.08,3.08,0.94,1.38,3.57,5.14,4.71,3.63,BI,anti,A,4.26,4.65,2.88,3.73,3.12,3.72,3.80,4.14,0.06,5.82,0.67,5.63,0.37,39.36,0.24,C3'-endo
7,7,0.58,U,U,U,0,0,0,1,0,.,,0,,,4.98,3.03,1.07,1.35,3.56,5.09,4.75,3.54,BI,anti,A,4.40,4.64,2.87,3.64,3.12,3.61,3.82,3.91,0.04,5.82,0.68,5.61,0.40,40.41,0.27,C3'-endo
8,8,0.67,C,C,C,0,1,0,0,0,.,,0,,,4.95,3.04,1.10,1.33,3.52,4.95,4.85,3.47,BI,anti,.,4.54,4.66,2.87,3.49,3.08,3.49,3.64,3.72,0.03,5.82,0.69,5.60,0.41,40.95,0.28,C3'-endo
9,9,0.75,G,G,G,0,0,1,0,0,.,,0,,,5.31,3.14,0.83,1.41,3.60,5.15,4.73,3.34,BI,anti,A,4.54,4.59,3.08,3.77,3.19,3.83,3.57,4.33,6.27,5.89,0.62,5.64,0.41,37.56,0.34,C3'-endo
10,10,0.83,C,C,C,0,1,0,0,0,.,,0,,,4.99,3.25,0.95,1.42,3.96,4.84,5.40,3.61,BI,anti,.,4.03,4.61,3.00,3.75,3.20,3.99,3.86,4.27,6.26,5.93,0.58,5.68,0.40,35.34,0.37,C3'-endo
11,11,0.92,U,U,U,0,0,0,1,0,.,,0,,,5.26,3.32,1.01,2.48,4.18,4.84,5.63,4.04,..,anti,.,1.79,1.65,3.41,4.80,3.76,4.56,3.97,5.15,5.89,0.60,5.72,0.35,0.03,34.45,2.77,C2'-endo
12,12,1.00,U,U,U,0,0,0,1,0,.,,0,,,4.76,2.96,1.05,1.34,,,,3.43,n/a,anti,-,,,,,,,,,0.08,5.78,0.71,5.59,0.39,41.98,0.22,C3'-endo
