index_chain,old_nt_resnum,nt_position,nt_name,nt_code,nt_align_code,is_A,is_C,is_G,is_U,is_other,dbn,paired,nb_interact,pair_type_LW,pair_type_DSSR,alpha,beta,gamma,delta,epsilon,zeta,epsilon_zeta,chi,bb_type,glyco_bond,form,ssZp,Dp,eta,theta,eta_prime,theta_prime,eta_base,theta_base,v0,v1,v2,v3,v4,amplitude,phase_angle,puckering
1,24,0.04,U,U,U,0,0,0,1,0,.,,0,,,,,0.90,1.42,4.12,5.25,5.15,3.44,..,anti,.,4.44,4.74,,,,,,,0.03,5.84,0.67,5.61,0.41,40.10,0.28,C3'-endo
2,25,0.09,U,U,U,0,0,0,1,0,.,,0,,,5.18,2.89,0.93,1.39,3.68,5.22,4.74,3.45,BI,anti,A,4.58,4.72,2.69,3.95,3.25,3.98,4.58,4.61,0.13,5.73,0.74,5.60,0.35,42.96,0.15,C3'-endo
3,26,0.13,G,G,G,0,0,1,0,0,),0,1,cWW,cW-W,5.12,3.22,0.88,1.47,3.60,5.05,4.83,3.39,BI,anti,A,4.56,4.62,2.96,3.75,3.28,3.78,4.24,4.30,0.09,5.80,0.68,5.64,0.35,39.45,0.20,C3'-endo
4,27,0.17,C,C,C,0,1,0,0,0,),0,1,cWW,cW-W,5.01,3.07,0.94,1.37,3.68,4.96,5.01,3.40,BI,anti,A,4.64,4.73,2.84,3.66,3.07,3.69,3.88,4.02,0.12,5.72,0.77,5.57,0.37,44.49,0.17,C3'-endo
5,28,0.22,G,G,G,0,0,1,0,0,),0,1,cWW,cW-W,5.13,2.96,1.02,1.40,3.56,5.03,4.81,3.27,BI,anti,A,4.68,4.66,2.92,3.68,3.15,3.66,3.75,3.81,0.07,5.77,0.73,5.58,0.40,43.02,0.22,C3'-endo
6,29,0.26,U,U,U,0,0,0,1,0,.,0,1,cWW,cW-W,5.24,3.15,0.88,1.35,3.73,5.04,4.97,3.49,BI,anti,.,4.39,4.67,3.07,3.76,3.22,3.86,3.57,4.68,6.25,5.86,0.69,5.56,0.48,42.28,0.37,C3'-endo
7,30,0.30,C,C,C,0,1,0,0,0,),0,1,cWW,cW-W,5.28,2.83,0.99,1.49,3.80,5.05,5.03,3.42,BI,anti,A,4.43,4.63,2.99,3.97,3.34,3.95,4.41,4.64,0.05,5.83,0.67,5.63,0.38,39.40,0.25,C3'-endo
8,31,0.35,C,C,C,0,1,0,0,0,.,0,1,cWW,cW-W,5.09,2.89,0.98,1.42,3.57,4.94,4.92,3.47,BI,anti,A,4.48,4.63,2.76,3.63,3.13,3.57,4.22,3.64,0.02,5.82,0.70,5.58,0.43,41.94,0.29,C3'-endo
9,32,0.39,C,C,C,0,1,0,0,0,),0,1,cWW,cW-W,5.05,2.99,0.98,1.37,3.76,4.93,5.12,3.57,BI,anti,A,4.26,4.69,2.88,3.70,3.02,3.71,3.33,4.03,6.26,5.84,0.71,5.54,0.48,43.38,0.35,C3'-endo
10,33,0.43,G,G,G,0,0,1,0,0,),0,1,cWW,cW-W,5.16,2.86,1.05,1.39,3.51,5.02,4.77,3.41,BI,anti,A,4.52,4.52,2.87,3.63,3.13,3.59,3.70,4.07,6.17,5.92,0.67,5.53,0.55,43.12,0.47,C3'-endo
11,34,0.48,5BU,u,U,0,0,0,0,1,),0,1,cWW,cW-W,4.98,3.09,0.99,1.40,3.61,5.02,4.87,3.40,BI,anti,A,4.61,4.67,2.88,3.69,3.07,3.71,3.81,4.26,0.05,5.79,0.73,5.57,0.42,43.05,0.26,C3'-endo
12,35,0.52,C,C,C,0,1,0,0,0,),0,1,cWW,cW-W,5.08,2.96,1.05,1.42,3.61,5.00,4.90,3.43,BI,anti,A,4.58,4.66,2.92,3.70,3.19,3.68,4.01,3.99,0.06,5.80,0.70,5.60,0.40,41.44,0.25,C3'-endo
13,36,0.57,G,G,G,0,0,1,0,0,),0,1,cWW,cW-W,5.13,3.09,0.90,1.38,3.72,4.92,5.08,3.41,BI,anti,A,4.53,4.71,2.94,3.65,3.12,3.68,3.67,4.12,0.05,5.79,0.72,5.57,0.41,42.73,0.25,C3'-endo
14,37,0.61,A,A,A,1,0,0,0,0,),0,1,cWW,cW-W,5.14,2.93,0.97,1.34,3.72,5.04,4.96,3.50,BI,anti,A,4.47,4.76,2.88,3.77,3.08,3.79,3.75,4.27,0.11,5.72,0.78,5.56,0.39,45.21,0.18,C3'-endo
15,38,0.65,C,C,C,0,1,0,0,0,),0,1,cWW,cW-W,5.36,2.87,0.93,1.32,3.53,4.93,4.88,3.47,BI,anti,A,4.49,4.67,2.95,3.51,3.25,3.53,4.07,3.82,0.05,5.75,0.78,5.51,0.45,46.36,0.26,C3'-endo
16,39,0.70,G,G,G,0,0,1,0,0,),0,1,cWW,cW-W,5.13,3.21,0.92,1.44,3.45,4.73,5.01,3.49,BI,anti,.,4.52,4.60,3.04,3.31,3.15,3.35,3.59,3.29,0.09,5.78,0.70,5.61,0.37,41.26,0.21,C3'-endo
17,40,0.74,A,A,A,1,0,0,0,0,.,0,1,cWW,cW-W,5.15,3.20,0.82,1.47,3.68,5.11,4.85,3.61,BI,anti,A,4.24,4.67,3.05,3.85,3.03,3.83,2.99,3.94,0.15,5.74,0.71,5.64,0.32,41.11,0.12,C3'-endo
18,41,0.78,A,A,A,1,0,0,0,0,.,0,1,cWW,cW-W,4.86,2.93,1.17,1.33,3.72,5.13,4.88,3.39,BI,anti,.,4.51,4.67,2.78,3.82,3.04,3.82,3.43,4.61,6.16,5.88,0.74,5.46,0.60,47.51,0.47,C3'-endo
19,42,0.83,G,G,G,0,0,1,0,0,),0,1,cWW,cW-W,5.04,2.95,1.04,1.37,3.54,5.10,4.73,3.34,BI,anti,.,4.73,4.68,2.81,3.70,3.16,3.68,4.34,3.79,0.05,5.78,0.74,5.55,0.43,44.20,0.26,C3'-endo
20,43,0.87,U,U,U,0,0,0,1,0,.,0,1,cWW,cW-W,5.14,3.11,1.09,1.38,3.64,5.09,4.84,3.41,BI,anti,.,4.41,4.46,3.12,3.75,3.32,3.78,3.63,4.66,6.04,6.04,0.61,5.53,0.63,43.13,0.64,C4'-exo
21,44,0.91,C,C,C,0,1,0,0,0,),0,1,cWW,cW-W,4.92,3.06,1.00,1.43,3.75,5.19,4.84,3.47,BI,anti,.,4.48,4.71,2.79,3.98,3.08,3.93,4.24,4.10,0.09,5.77,0.71,5.60,0.37,41.82,0.20,C3'-endo
22,45,0.96,G,G,G,0,0,1,0,0,),0,1,cWW,cW-W,5.00,2.97,1.17,1.29,3.25,5.12,4.42,3.40,BI,anti,A,4.30,4.32,2.85,3.41,3.20,3.40,3.70,3.98,6.00,6.05,0.63,5.48,0.69,46.21,0.68,C4'-exo
23,46,1.00,C,C,C,0,1,0,0,0,),0,1,cWW,cW-W,4.99,3.27,0.95,1.27,,,,3.51,n/a,anti,-,,,,,,,,,0.03,5.83,0.68,5.60,0.42,40.84,0.29,C3'-endo
