index_chain,old_nt_resnum,nt_position,nt_name,nt_code,nt_align_code,is_A,is_C,is_G,is_U,is_other,dbn,paired,nb_interact,pair_type_LW,pair_type_DSSR,alpha,beta,gamma,delta,epsilon,zeta,epsilon_zeta,chi,bb_type,glyco_bond,form,ssZp,Dp,eta,theta,eta_prime,theta_prime,eta_base,theta_base,v0,v1,v2,v3,v4,amplitude,phase_angle,puckering
1,703,0.05,G,G,G,0,0,1,0,0,.,,0,,,,,1.23,1.38,3.86,5.33,4.81,2.81,BI,anti,.,4.33,4.67,,,,,,,0.01,5.87,0.64,5.63,0.41,38.35,0.31,C3'-endo
2,704,0.10,G,G,G,0,0,1,0,0,.,,0,,,3.20,3.34,2.51,1.43,3.88,4.87,5.29,0.83,BI,syn,.,-3.13,4.68,2.56,3.46,3.15,3.59,4.90,3.38,0.06,5.87,0.59,5.71,0.33,34.66,0.23,C3'-endo
3,705,0.14,U,U,U,0,0,0,1,0,.,0,1,cWW,cW-W,5.26,3.64,0.92,1.43,3.61,5.07,4.82,3.38,BI,anti,A,4.56,4.65,3.46,3.70,3.48,3.76,3.03,4.11,0.12,5.79,0.66,5.67,0.31,38.18,0.16,C3'-endo
4,706,0.19,C,C,C,0,1,0,0,0,(,0,1,cWW,cW-W,5.18,2.97,1.16,1.37,4.05,4.72,5.61,3.39,..,anti,A,4.40,4.67,3.19,3.65,3.38,3.65,3.89,3.95,6.28,5.89,0.62,5.64,0.41,37.60,0.34,C3'-endo
5,707,0.24,G,G,G,0,0,1,0,0,(,0,1,cWW,cW-W,5.23,2.78,0.84,1.33,3.76,4.83,5.21,3.49,BI,anti,A,4.49,4.77,2.75,3.63,2.93,3.67,3.47,4.15,0.07,5.79,0.70,5.60,0.39,41.18,0.23,C3'-endo
6,708,0.29,G,G,G,0,0,1,0,0,(,0,1,cWW,cW-W,5.57,2.86,0.77,1.44,3.84,4.77,5.36,3.55,BI,anti,A,4.28,4.67,3.10,3.70,3.28,3.73,3.94,4.15,0.05,5.86,0.62,5.67,0.36,36.71,0.25,C3'-endo
7,709,0.33,C,C,C,0,1,0,0,0,(,0,1,cWW,cW-W,5.41,2.71,0.81,1.34,3.61,5.08,4.81,3.38,BI,anti,A,4.61,4.69,2.81,3.72,3.07,3.69,3.78,4.03,0.07,5.80,0.69,5.62,0.38,40.57,0.23,C3'-endo
8,710,0.38,G,G,G,0,0,1,0,0,(,0,1,cWW,cW-W,5.17,3.12,0.93,1.42,3.83,4.92,5.19,3.39,BI,anti,A,4.57,4.72,3.07,3.74,3.23,3.81,3.79,4.35,0.06,5.83,0.64,5.66,0.36,37.82,0.23,C3'-endo
9,711,0.43,C,C,C,0,1,0,0,0,(,0,1,cWW,cW-W,5.25,2.77,0.97,1.38,3.81,4.98,5.12,3.52,BI,anti,A,4.37,4.70,2.88,3.80,3.18,3.78,3.98,4.13,0.04,5.84,0.66,5.63,0.38,38.95,0.26,C3'-endo
10,712,0.48,C,C,C,0,1,0,0,0,(,0,1,cWW,cW-W,5.16,2.85,1.14,1.36,3.50,5.10,4.69,3.46,BI,anti,A,4.41,4.53,2.92,3.64,3.21,3.59,3.87,4.03,6.27,5.88,0.65,5.61,0.44,39.53,0.35,C3'-endo
11,713,0.52,C,C,C,0,1,0,0,0,(,0,1,cWW,cW-W,5.01,3.07,1.05,1.31,3.60,5.11,4.77,3.43,BI,anti,A,4.54,4.66,2.88,3.71,3.10,3.75,3.82,4.25,0.03,5.82,0.70,5.58,0.42,42.00,0.28,C3'-endo
12,714,0.57,G,G,G,0,0,1,0,0,(,0,1,cWW,cW-W,5.27,3.03,1.03,1.37,3.74,4.66,5.36,3.48,BI,anti,A,4.41,4.65,3.13,3.55,3.38,3.56,4.09,3.91,6.27,5.90,0.61,5.65,0.41,37.37,0.34,C3'-endo
13,715,0.62,A,A,A,1,0,0,0,0,(,0,1,cWW,cW-W,5.68,2.59,0.75,1.36,3.39,4.58,5.10,3.48,BI,anti,A,4.43,4.52,2.95,3.80,3.19,3.66,3.79,4.08,6.28,5.88,0.63,5.63,0.41,38.22,0.33,C3'-endo
14,716,0.67,A,A,A,1,0,0,0,0,(,0,1,cWW,cW-W,2.58,3.89,3.01,1.44,4.22,4.67,5.83,3.06,..,anti,A,4.74,4.75,2.90,3.66,3.12,3.66,3.90,4.17,0.15,5.78,0.64,5.71,0.27,37.07,0.09,C3'-endo
15,717,0.71,C,C,C,0,1,0,0,0,(,0,1,cWW,cW-W,5.73,2.74,0.60,1.42,3.51,5.04,4.76,3.56,BI,anti,A,4.28,4.55,2.84,3.63,3.14,3.63,4.00,3.89,0.08,5.74,0.76,5.55,0.41,44.86,0.22,C3'-endo
16,718,0.76,A,A,A,1,0,0,0,0,(,0,1,cWW,cW-W,4.99,3.15,1.10,1.43,3.60,5.14,4.74,3.28,BI,anti,A,4.59,4.61,2.98,3.82,3.16,3.85,3.65,4.44,0.04,5.78,0.75,5.54,0.45,44.42,0.27,C3'-endo
17,719,0.81,G,G,G,0,0,1,0,0,(,0,1,cWW,cW-W,4.88,3.16,1.16,1.41,3.66,5.00,4.95,3.42,BI,anti,A,4.57,4.68,2.93,3.77,3.22,3.78,4.11,4.28,0.06,5.83,0.64,5.66,0.35,37.94,0.23,C3'-endo
18,720,0.86,G,G,G,0,0,1,0,0,(,0,1,cWW,cW-W,5.41,2.93,0.81,1.37,3.62,4.24,5.67,3.44,BI,anti,A,4.46,4.61,2.98,3.69,3.24,3.62,4.04,4.00,0.03,5.85,0.65,5.63,0.39,39.06,0.28,C3'-endo
19,721,0.90,G,G,G,0,0,1,0,0,(,0,1,cWW,cW-W,2.35,4.19,3.09,1.47,4.35,4.64,5.99,2.96,..,anti,A,4.76,4.77,3.00,3.73,3.16,3.73,3.79,4.26,0.14,5.81,0.62,5.72,0.27,35.95,0.11,C3'-endo
20,722,0.95,A,A,A,1,0,0,0,0,(,0,1,cWW,cW-W,5.65,2.82,0.50,1.39,3.61,4.18,5.71,3.52,BI,anti,A,4.43,4.67,2.78,3.64,3.07,3.72,3.92,3.96,0.09,5.80,0.66,5.66,0.34,38.55,0.19,C3'-endo
21,723,1.00,C,C,C,0,1,0,0,0,(,0,1,cWW,cW-W,2.16,4.42,3.51,2.57,,,,3.51,n/a,anti,-,,,,,,,,,6.02,0.52,5.72,0.42,6.18,32.41,2.99,C2'-endo
