index_chain,old_nt_resnum,nt_position,nt_name,nt_code,nt_align_code,is_A,is_C,is_G,is_U,is_other,dbn,paired,nb_interact,pair_type_LW,pair_type_DSSR,alpha,beta,gamma,delta,epsilon,zeta,epsilon_zeta,chi,bb_type,glyco_bond,form,ssZp,Dp,eta,theta,eta_prime,theta_prime,eta_base,theta_base,v0,v1,v2,v3,v4,amplitude,phase_angle,puckering
1,706,0.05,C,C,C,0,1,0,0,0,.,,0,,,,3.01,1.41,1.62,4.55,4.34,0.21,3.74,..,anti,.,3.25,4.40,,3.79,,3.84,,4.17,0.07,5.88,0.56,5.75,0.30,32.76,0.21,C3'-endo
2,707,0.10,G,G,G,0,0,1,0,0,(,0,1,cWW,cW-W,5.02,2.43,1.23,1.37,3.81,4.86,5.24,3.44,BI,anti,A,4.42,4.59,2.78,3.71,3.06,3.59,3.52,3.91,6.26,5.94,0.56,5.70,0.37,34.33,0.35,C3'-endo
3,708,0.14,G,G,G,0,0,1,0,0,(,0,1,cWW,cW-W,5.14,2.83,1.01,1.35,4.10,4.46,5.92,3.36,..,anti,A,4.58,4.84,2.91,3.65,3.06,3.74,3.65,4.31,0.07,5.77,0.73,5.57,0.42,43.19,0.24,C3'-endo
4,709,0.19,C,C,C,0,1,0,0,0,(,0,1,cWW,cW-W,5.72,2.49,0.75,1.36,3.83,4.88,5.23,3.44,BI,anti,A,4.41,4.58,2.93,3.80,3.16,3.77,3.93,4.30,6.25,5.96,0.54,5.71,0.37,33.37,0.38,C3'-endo
5,710,0.24,G,G,G,0,0,1,0,0,(,0,1,cWW,cW-W,5.22,2.79,1.03,1.38,3.81,5.07,5.03,3.36,BI,anti,A,4.49,4.59,2.86,3.88,3.10,3.84,3.94,4.25,6.26,5.94,0.56,5.70,0.37,34.21,0.36,C3'-endo
6,711,0.29,C,C,C,0,1,0,0,0,(,0,1,cWW,cW-W,5.19,3.03,0.82,1.15,1.35,1.36,6.27,3.49,..,anti,A,3.74,3.78,3.19,3.71,3.47,3.69,4.14,3.97,0.10,5.73,0.78,5.53,0.41,45.42,0.21,C3'-endo
7,712,0.33,C,C,C,0,1,0,0,0,(,0,1,cWW,cW-W,3.70,2.94,0.96,1.38,3.46,5.01,4.73,3.65,BI,anti,A,4.02,4.30,2.58,3.56,2.92,3.53,3.44,4.02,6.19,6.06,0.44,5.78,0.37,28.83,0.50,C3'-endo
8,713,0.38,C,C,C,0,1,0,0,0,(,0,1,cWW,cW-W,5.19,2.79,1.15,1.41,3.76,4.88,5.16,3.36,BI,anti,A,4.36,4.43,3.02,3.73,3.26,3.69,3.98,4.23,6.20,6.05,0.44,5.79,0.36,28.46,0.48,C3'-endo
9,714,0.43,G,G,G,0,0,1,0,0,(,"11,0",2,"tSW,cWW","tm+W,cW-W",5.45,2.90,0.81,1.45,3.67,5.14,4.81,3.50,BI,anti,.,4.19,4.41,3.05,3.90,3.26,4.04,4.02,4.39,0.05,5.94,0.48,5.82,0.26,28.01,0.22,C3'-endo
10,715,0.48,A,A,A,1,0,0,0,0,(,0,1,cWW,cW-W,5.24,3.01,1.05,2.30,4.73,1.53,3.20,4.15,..,anti,Z,1.22,1.34,3.52,2.15,3.97,1.97,4.37,1.47,5.81,0.57,5.84,0.18,0.18,31.75,2.50,C1'-exo
11,715A,0.52,A,A,A,1,0,0,0,0,.,9,1,tWS,tW+m,2.79,4.52,0.61,1.95,1.48,1.48,6.27,2.51,..,anti,.,1.00,1.56,2.22,5.35,2.28,4.84,2.07,4.98,6.28,0.02,6.26,0.03,6.27,1.54,3.42,C3'-exo
12,716,0.57,A,A,A,1,0,0,0,0,(,0,1,cWW,cW-W,0.78,3.48,3.46,1.46,3.63,5.05,4.86,3.20,BI,anti,A,4.58,4.57,2.37,3.13,3.10,3.32,3.75,3.97,0.03,5.90,0.57,5.71,0.34,33.93,0.28,C3'-endo
13,717,0.62,C,C,C,0,1,0,0,0,(,0,1,cWW,cW-W,5.11,3.10,0.94,1.41,3.76,5.00,5.05,3.29,BI,anti,A,4.62,4.63,2.96,3.78,3.21,3.80,4.01,4.27,0.00,5.92,0.58,5.70,0.36,34.72,0.32,C3'-endo
14,718,0.67,A,A,A,1,0,0,0,0,(,0,1,cWW,cW-W,5.07,2.85,1.16,1.37,3.44,5.19,4.53,3.34,BI,anti,A,4.50,4.51,2.86,3.72,3.17,3.66,3.97,4.31,6.27,5.95,0.53,5.73,0.35,32.48,0.34,C3'-endo
15,719,0.71,G,G,G,0,0,1,0,0,(,0,1,cWW,cW-W,4.72,3.54,0.74,1.25,1.49,1.34,0.15,3.32,..,anti,A,4.08,4.04,3.04,3.93,3.24,3.84,4.10,4.07,0.18,5.68,0.77,5.59,0.32,44.60,0.10,C3'-endo
16,720,0.76,G,G,G,0,0,1,0,0,(,0,1,cWW,cW-W,3.88,2.61,1.00,1.02,1.28,1.15,0.13,3.24,..,anti,A,4.27,4.22,2.97,3.90,3.33,3.72,3.90,4.15,0.11,5.65,0.89,5.44,0.45,52.03,0.20,C3'-endo
17,721,0.81,G,G,G,0,0,1,0,0,(,0,1,cWW,cW-W,1.49,3.26,3.07,1.43,3.99,4.86,5.41,3.18,BI,anti,A,4.75,4.81,2.63,3.45,2.97,3.56,3.80,4.07,0.20,5.72,0.71,5.65,0.28,41.02,0.07,C3'-endo
18,722,0.86,A,A,A,1,0,0,0,0,(,0,1,cWW,cW-W,5.67,2.76,0.88,1.43,3.60,5.40,4.49,3.44,BI,anti,A,4.30,4.45,3.12,3.98,3.44,3.82,4.12,4.16,0.05,5.94,0.49,5.79,0.29,29.25,0.25,C3'-endo
19,723,0.90,C,C,C,0,1,0,0,0,(,0,1,cWW,cW-W,4.00,2.46,2.20,1.30,3.81,5.04,5.05,3.15,BI,anti,A,4.74,4.73,2.73,3.50,3.06,3.53,3.84,3.97,0.04,5.88,0.60,5.69,0.33,35.78,0.25,C3'-endo
20,724,0.95,U,U,U,0,0,0,1,0,(,0,1,cWW,cW-W,5.33,3.01,1.06,1.47,4.27,5.28,5.27,3.54,..,anti,.,4.04,4.64,3.33,4.46,3.54,4.39,4.09,4.59,6.26,5.92,0.59,5.67,0.40,35.82,0.35,C3'-endo
21,725,1.00,G,G,G,0,0,1,0,0,.,,0,,,5.30,3.85,0.10,1.41,,,,4.75,..,anti,-,,,,,,,,,0.02,5.88,0.61,5.67,0.38,36.46,0.29,C3'-endo
