index_chain,old_nt_resnum,nt_position,nt_name,nt_code,nt_align_code,is_A,is_C,is_G,is_U,is_other,dbn,paired,nb_interact,pair_type_LW,pair_type_DSSR,alpha,beta,gamma,delta,epsilon,zeta,epsilon_zeta,chi,bb_type,glyco_bond,form,ssZp,Dp,eta,theta,eta_prime,theta_prime,eta_base,theta_base,v0,v1,v2,v3,v4,amplitude,phase_angle,puckering
1,27,0.02,GTP,g,G,0,0,0,0,1,.,,0,,,,,2.15,1.44,4.32,4.76,5.84,2.90,..,anti,A,4.65,4.61,,,,,,,0.01,6.00,0.44,5.84,0.27,26.34,0.30,C3'-endo
2,28,0.04,U,U,U,0,0,0,1,0,.,,0,,,5.81,3.06,0.44,1.46,3.68,5.03,4.94,3.74,BI,anti,.,3.95,4.68,2.81,3.68,3.09,3.79,3.96,4.35,0.16,5.71,0.74,5.62,0.33,42.94,0.12,C3'-endo
3,29,0.06,A,A,A,1,0,0,0,0,.,0,1,...,....,5.01,3.13,1.06,1.47,3.66,5.18,4.77,3.42,BI,anti,A,4.47,4.64,2.99,3.91,3.25,3.89,3.98,4.30,0.17,5.69,0.77,5.60,0.32,44.08,0.10,C3'-endo
4,30,0.09,A,A,A,1,0,0,0,0,.,0,1,cWW,cW-W,4.79,3.01,1.30,1.30,3.86,4.89,5.26,3.19,BI,anti,A,4.72,4.73,2.93,3.66,3.21,3.72,3.95,4.46,6.22,5.87,0.71,5.51,0.53,44.23,0.41,C3'-endo
5,31,0.11,A,A,A,1,0,0,0,0,),0,1,cWW,cW-W,5.36,2.94,0.81,1.52,3.83,4.99,5.12,3.54,BI,anti,A,4.24,4.61,3.00,3.88,3.23,3.86,4.19,4.22,0.05,5.83,0.66,5.63,0.38,39.11,0.25,C3'-endo
6,32,0.13,U,U,U,0,0,0,1,0,),0,1,cWW,cW-W,5.13,2.74,1.09,1.34,3.68,5.13,4.83,3.31,BI,anti,A,4.66,4.70,2.86,3.75,3.15,3.72,3.85,4.22,6.21,5.89,0.69,5.53,0.52,43.58,0.42,C3'-endo
7,33,0.15,G,G,G,0,0,1,0,0,),0,1,cWW,cW-W,5.14,3.19,0.75,1.41,3.47,5.26,4.49,3.38,BI,anti,A,4.37,4.49,2.96,3.67,3.18,3.70,3.93,4.15,0.07,5.77,0.74,5.57,0.41,43.39,0.23,C3'-endo
8,34,0.17,A,A,A,1,0,0,0,0,),0,1,cWW,cW-W,4.59,2.96,1.39,1.39,3.83,5.09,5.02,3.36,BI,anti,A,4.52,4.67,2.87,3.89,3.14,3.91,3.82,4.66,6.25,5.87,0.68,5.56,0.48,42.11,0.37,C3'-endo
9,35,0.19,U,U,U,0,0,0,1,0,),0,1,cWW,cW-W,5.10,2.92,1.09,1.42,3.73,4.94,5.08,3.48,BI,anti,A,4.17,4.47,2.96,3.66,3.32,3.58,4.38,3.60,6.19,5.96,0.60,5.61,0.48,38.65,0.46,C3'-endo
10,36,0.21,A,A,A,1,0,0,0,0,),0,1,cWW,cW-W,4.81,2.81,1.27,1.31,3.70,4.88,5.10,3.42,BI,anti,A,4.35,4.55,2.73,3.57,2.92,3.55,3.20,4.07,6.09,5.99,0.64,5.51,0.60,43.51,0.57,C3'-endo
11,37,0.23,U,U,U,0,0,0,1,0,),0,1,cWW,cW-W,5.04,2.89,1.18,1.30,3.98,4.78,5.49,3.36,BI,anti,A,4.55,4.74,2.96,3.68,3.12,3.71,3.85,4.13,0.02,5.83,0.71,5.57,0.43,42.37,0.30,C3'-endo
12,38,0.26,A,A,A,1,0,0,0,0,),0,1,cWW,cW-W,5.30,2.59,1.18,1.47,3.77,4.93,5.13,3.34,BI,anti,A,4.53,4.58,2.95,3.85,3.24,3.91,3.94,4.34,0.00,5.87,0.64,5.63,0.41,38.50,0.32,C3'-endo
13,39,0.28,G,G,G,0,0,1,0,0,),"0,33",2,"cWW,t.W","cW-W,t.+W",5.28,3.27,0.94,2.52,3.45,2.91,0.54,4.22,..,anti,.,2.73,2.27,3.02,2.42,3.57,2.38,4.19,2.91,5.88,0.66,5.62,0.44,6.26,39.61,2.86,C2'-endo
14,40,0.30,C,C,C,0,1,0,0,0,(,29,1,cWW,cW-W,5.32,3.30,0.84,1.43,3.72,4.96,5.04,3.36,BI,anti,A,4.53,4.61,3.69,3.70,3.27,3.78,3.08,4.40,6.23,5.93,0.59,5.64,0.43,36.81,0.40,C3'-endo
15,41,0.32,C,C,C,0,1,0,0,0,(,28,1,cWW,cW-W,4.95,3.02,1.14,1.37,3.83,4.99,5.12,3.30,BI,anti,A,4.47,4.61,2.95,3.78,3.18,3.78,3.99,4.18,6.23,5.88,0.68,5.55,0.49,42.11,0.40,C3'-endo
16,42,0.34,G,G,G,0,0,1,0,0,(,27,1,cWW,cW-W,5.12,3.00,0.97,1.36,3.82,5.07,5.04,3.38,BI,anti,A,4.57,4.69,2.85,3.82,3.05,3.84,3.73,4.31,6.25,5.85,0.70,5.55,0.48,42.93,0.36,C3'-endo
17,43,0.36,G,G,G,0,0,1,0,0,(,26,1,cWW,cW-W,5.14,3.03,1.14,1.31,3.49,5.44,4.34,3.50,BI,anti,.,4.32,4.50,3.05,3.94,3.32,3.85,4.04,4.58,6.13,5.97,0.64,5.54,0.56,42.21,0.53,C3'-endo
18,44,0.38,U,U,U,0,0,0,1,0,.,23,1,tWW,tW+W,3.87,2.93,1.90,1.31,4.36,0.50,3.86,3.26,..,anti,.,4.63,4.88,2.69,6.25,2.99,5.64,4.06,4.21,0.07,5.77,0.73,5.57,0.40,42.98,0.23,C3'-endo
19,45,0.40,C,C,C,0,1,0,0,0,[,43,1,cWW,cW-W,1.82,2.12,0.25,1.45,3.35,5.17,4.46,3.36,BI,anti,A,4.47,4.48,4.76,3.94,5.70,3.92,0.87,4.35,0.03,5.80,0.74,5.55,0.45,44.17,0.28,C3'-endo
20,46,0.43,C,C,C,0,1,0,0,0,[,42,1,cWW,cW-W,4.44,3.52,1.32,1.49,3.80,4.77,5.31,3.10,BI,anti,A,4.68,4.60,2.97,3.69,3.16,3.71,3.89,3.93,6.19,5.92,0.65,5.56,0.51,41.54,0.45,C3'-endo
21,47,0.45,C,C,C,0,1,0,0,0,[,41,1,cWW,cW-W,5.32,2.89,0.90,1.44,3.48,0.64,2.84,3.36,..,anti,.,4.42,4.41,2.97,5.82,3.19,5.21,3.65,3.80,6.11,6.02,0.57,5.59,0.55,39.24,0.58,C3'-endo
22,48,0.47,A,A,A,1,0,0,0,0,.,40,1,c.W,c.-W,2.69,3.15,0.85,2.87,4.63,2.52,2.12,0.73,BII,syn,.,0.24,1.61,0.95,2.78,2.19,2.50,1.52,3.30,5.71,0.84,5.52,0.46,0.07,47.65,2.73,C2'-endo
23,49,0.49,A,A,A,1,0,0,0,0,.,18,1,tWW,tW+W,5.31,3.71,0.53,2.75,4.90,3.55,1.35,1.30,BII,syn,.,-0.90,1.70,4.48,4.70,4.31,3.73,4.31,2.91,5.58,0.93,5.51,0.38,0.20,52.02,2.60,C2'-endo
24,50,0.51,G,G,G,0,0,1,0,0,},"0,34",2,"cWW,tSS","cW-W,tm+m",1.73,3.60,0.20,1.61,3.47,5.34,4.41,3.15,BI,anti,A,4.57,4.59,5.69,3.93,0.12,4.05,0.65,4.49,0.34,5.69,0.60,5.86,0.06,35.42,6.05,C2'-exo
25,51,0.53,C,C,C,0,1,0,0,0,},0,1,cWW,cW-W,4.18,3.51,1.43,1.46,3.22,2.81,0.42,3.35,..,anti,.,4.34,4.29,2.76,1.25,3.16,0.24,3.83,5.86,6.15,5.96,0.63,5.56,0.54,41.03,0.51,C3'-endo
26,52,0.55,C,C,C,0,1,0,0,0,),17,1,cWW,cW-W,2.80,2.52,0.96,1.35,3.82,4.87,5.24,3.37,BI,anti,A,4.47,4.64,0.79,3.76,1.71,3.73,2.82,4.10,6.24,5.88,0.68,5.56,0.49,42.18,0.39,C3'-endo
27,53,0.57,C,C,C,0,1,0,0,0,),16,1,cWW,cW-W,5.30,3.16,0.64,1.46,3.59,5.07,4.80,3.43,BI,anti,A,4.53,4.62,2.82,3.74,2.96,3.81,3.62,4.23,0.16,5.73,0.72,5.64,0.31,41.56,0.10,C3'-endo
28,54,0.60,G,G,G,0,0,1,0,0,),15,1,cWW,cW-W,4.75,3.09,1.37,1.16,3.66,5.17,4.77,3.34,BI,anti,A,4.42,4.62,2.91,3.68,3.16,3.67,3.82,4.22,6.26,5.83,0.75,5.50,0.50,45.60,0.35,C3'-endo
29,55,0.62,G,G,G,0,0,1,0,0,),14,1,cWW,cW-W,5.24,3.24,0.85,1.45,3.63,4.98,4.93,3.56,BI,anti,.,4.35,4.65,3.00,4.17,3.17,3.96,3.97,4.90,0.17,5.74,0.69,5.67,0.28,39.63,0.09,C3'-endo
30,56,0.64,A,A,A,1,0,0,0,0,.,33,1,cWH,cW+M,1.97,3.34,3.90,1.49,5.08,5.58,5.79,0.43,..,syn,.,-4.00,4.75,3.06,5.36,3.18,4.46,4.53,3.31,0.07,5.76,0.75,5.57,0.41,43.85,0.23,C3'-endo
31,57,0.66,A,A,A,1,0,0,0,0,.,,0,,,2.56,2.03,1.55,1.97,4.36,5.98,4.66,3.07,..,anti,.,3.15,3.06,6.25,4.97,1.27,4.36,0.88,5.13,6.11,0.26,6.03,0.16,0.01,15.36,2.79,C2'-endo
32,58,0.68,A,A,A,1,0,0,0,0,.,,0,,,4.31,1.14,3.38,1.39,3.95,4.89,5.34,5.62,BI,...,.,-3.22,4.17,3.18,2.47,3.32,3.02,4.50,3.32,5.99,6.08,0.59,5.51,0.67,44.04,0.70,C4'-exo
33,59,0.70,A,A,A,1,0,0,0,0,.,"13,30",2,"tW.,cHW","tW+.,cM+W",5.21,2.78,0.98,1.58,4.21,4.56,5.94,3.61,..,anti,.,3.68,4.42,3.04,3.86,3.39,3.89,3.62,4.45,0.04,5.88,0.59,5.70,0.34,35.06,0.26,C3'-endo
34,60,0.72,A,A,A,1,0,0,0,0,.,24,1,tSS,tm+m,5.38,2.48,0.82,1.55,3.75,5.40,4.64,3.91,BI,anti,.,3.25,4.48,2.82,3.93,3.12,3.55,3.89,2.83,0.05,5.85,0.63,5.67,0.35,37.18,0.24,C3'-endo
35,61,0.74,G,G,G,0,0,1,0,0,),0,1,cWW,cW-W,4.90,4.87,4.91,2.63,3.63,3.62,0.01,4.85,..,anti,B,1.35,1.64,2.60,2.40,2.41,2.32,1.87,3.04,6.00,0.58,5.66,0.48,6.16,36.30,3.01,C2'-endo
36,62,0.77,G,G,G,0,0,1,0,0,),0,1,cWW,cW-W,1.35,3.92,3.45,1.59,3.87,4.85,5.30,3.32,BI,anti,A,4.52,4.62,2.63,3.30,2.50,3.36,3.41,3.84,0.15,5.78,0.64,5.71,0.27,37.03,0.10,C3'-endo
37,63,0.79,A,A,A,1,0,0,0,0,),0,1,cWW,cW-W,5.47,2.88,0.57,0.90,2.14,1.38,0.76,3.44,..,anti,A,4.37,4.36,2.87,4.11,3.20,3.90,3.95,4.48,0.05,5.76,0.77,5.53,0.44,45.60,0.26,C3'-endo
38,64,0.81,G,G,G,0,0,1,0,0,),0,1,cWW,cW-W,3.15,2.03,2.02,1.47,4.97,5.83,5.43,2.98,..,anti,.,4.96,4.87,2.87,4.49,3.12,4.13,3.99,5.16,0.22,5.72,0.68,5.72,0.22,39.21,0.00,C3'-endo
39,65,0.83,G,G,G,0,0,1,0,0,.,0,1,tHH,tM+M,4.65,0.85,3.48,1.42,3.91,4.23,5.97,6.08,..,...,.,-4.76,4.73,3.21,2.10,3.27,2.46,4.74,2.41,0.08,5.80,0.67,5.64,0.36,39.16,0.21,C3'-endo
40,66,0.85,A,A,A,1,0,0,0,0,.,22,1,cW.,cW-.,1.39,3.34,4.25,1.89,3.34,6.20,3.43,3.36,..,anti,A,4.25,4.34,3.09,3.95,3.08,3.83,2.94,4.23,0.55,5.60,0.57,6.01,6.11,38.75,5.71,C2'-exo
41,67,0.87,G,G,G,0,0,1,0,0,],21,1,cWW,cW-W,3.39,1.94,2.55,1.58,4.32,4.94,5.67,2.98,..,anti,A,4.89,4.85,2.73,3.25,3.10,3.37,3.85,3.78,0.38,5.61,0.69,5.80,0.07,40.71,6.05,C2'-exo
42,68,0.89,G,G,G,0,0,1,0,0,],20,1,cWW,cW-W,4.75,2.38,1.64,1.56,4.40,4.60,6.09,3.00,..,anti,A,4.73,4.68,2.91,3.79,3.21,3.76,3.83,4.08,0.16,5.77,0.66,5.70,0.27,37.80,0.09,C3'-endo
43,69,0.91,G,G,G,0,0,1,0,0,],19,1,cWW,cW-W,5.15,2.39,1.35,1.36,4.27,4.05,0.22,3.09,..,anti,A,4.55,4.58,2.96,3.52,3.24,3.57,3.86,3.98,6.17,5.93,0.67,5.53,0.54,42.93,0.48,C3'-endo
44,70,0.94,U,U,U,0,0,0,1,0,),0,1,cWW,cW-W,5.95,2.16,0.62,1.28,3.50,5.03,4.75,3.31,BI,anti,A,4.51,4.53,2.87,3.74,3.07,3.70,3.70,4.25,6.05,6.03,0.62,5.52,0.63,43.46,0.63,C3'-endo
45,71,0.96,A,A,A,1,0,0,0,0,),0,1,cWW,cW-W,4.87,3.09,1.18,1.44,3.66,4.98,4.96,3.41,BI,anti,A,4.35,4.54,2.95,3.76,3.16,3.74,3.99,4.10,0.01,5.89,0.60,5.67,0.38,36.30,0.31,C3'-endo
46,72,0.98,U,U,U,0,0,0,1,0,),0,1,cWW,cW-W,4.91,3.00,1.13,1.34,3.85,5.41,4.73,3.44,BI,anti,A,4.44,4.65,2.85,4.00,3.06,3.81,3.69,4.12,6.26,5.89,0.65,5.61,0.44,39.55,0.36,C3'-endo
47,73,1.00,A,A,A,1,0,0,0,0,),0,1,cWW,cW-W,3.85,2.02,2.65,1.77,,,,3.21,..,anti,-,,,,,,,,,0.41,5.73,0.48,6.02,6.20,31.38,5.80,C2'-exo
