index_chain,old_nt_resnum,nt_position,nt_name,nt_code,nt_align_code,is_A,is_C,is_G,is_U,is_other,dbn,paired,nb_interact,pair_type_LW,pair_type_DSSR,alpha,beta,gamma,delta,epsilon,zeta,epsilon_zeta,chi,bb_type,glyco_bond,form,ssZp,Dp,eta,theta,eta_prime,theta_prime,eta_base,theta_base,v0,v1,v2,v3,v4,amplitude,phase_angle,puckering
1,1,0.02,A,A,A,1,0,0,0,0,.,,0,,,,,0.70,2.69,3.42,1.07,2.36,4.28,..,anti,.,2.68,2.38,,,,,,,5.93,0.65,5.61,0.48,6.20,39.42,2.93,C2'-endo
2,2,0.03,U,U,U,0,0,0,1,0,.,,0,,,2.94,4.38,1.87,2.54,4.88,5.12,6.05,3.87,..,anti,.,0.37,0.49,3.06,5.98,3.39,4.88,3.01,3.02,5.86,0.64,5.68,0.38,0.03,37.29,2.78,C2'-endo
3,3,0.05,A,A,A,1,0,0,0,0,.,,0,,,4.99,3.08,3.11,2.63,4.63,1.18,3.45,1.11,..,syn,.,-0.56,1.20,5.39,0.60,6.22,0.75,1.66,1.02,6.08,0.49,5.70,0.49,6.10,33.60,3.13,C2'-endo
4,4,0.07,A,A,A,1,0,0,0,0,.,,0,,,4.27,3.41,0.98,1.44,3.54,5.16,4.66,3.63,BI,anti,.,4.17,4.52,2.87,3.79,3.06,3.86,3.79,4.63,0.03,5.87,0.62,5.66,0.38,37.17,0.29,C3'-endo
5,5,0.08,A,A,A,1,0,0,0,0,.,,0,,,5.05,3.26,0.86,1.70,4.25,4.76,5.78,4.03,..,anti,.,2.57,4.47,3.15,4.21,3.37,4.26,4.23,4.61,0.06,5.98,0.41,5.89,0.21,23.98,0.19,C3'-endo
6,6,0.10,C,C,C,0,1,0,0,0,.,,0,,,5.36,2.79,0.71,1.49,4.04,5.14,5.19,3.73,BI,anti,.,3.57,4.31,2.80,4.27,3.15,4.48,3.61,5.29,6.11,6.08,0.47,5.70,0.48,33.19,0.61,C3'-endo
7,7,0.11,C,C,C,0,1,0,0,0,.,,0,,,5.34,2.86,1.06,2.37,4.64,4.29,0.35,3.87,..,anti,.,1.53,1.49,3.33,5.11,4.01,4.39,4.89,3.39,5.89,0.52,5.84,0.23,0.11,29.53,2.61,C2'-endo
8,8,0.13,G,G,G,0,0,1,0,0,.,,0,,,0.69,2.64,1.95,1.42,3.15,0.37,2.78,1.53,..,syn,.,-2.19,3.75,5.10,4.55,5.97,4.16,0.82,4.16,5.90,6.25,0.40,5.65,0.64,38.08,0.92,C4'-exo
9,9,0.15,C,C,C,0,1,0,0,0,(,0,1,cWW,cW-W,3.55,2.17,4.23,2.24,3.78,3.59,0.19,4.97,..,anti,.,1.26,1.97,4.93,2.54,5.29,2.48,5.40,3.12,5.74,0.62,5.83,0.16,0.24,35.03,2.41,C1'-exo
10,10,0.16,C,C,C,0,1,0,0,0,(,0,1,cWW,cW-W,1.30,3.93,3.57,1.53,4.18,4.41,6.06,4.43,..,anti,.,0.89,4.56,2.75,3.12,2.63,3.27,3.38,3.43,0.04,5.93,0.52,5.77,0.30,30.99,0.26,C3'-endo
11,11,0.18,A,A,A,1,0,0,0,0,(,0,1,cWW,cW-W,5.60,2.52,0.72,1.44,3.96,4.72,5.53,4.55,BI,anti,.,0.64,4.60,2.98,3.77,3.16,3.81,3.32,3.78,6.24,5.93,0.60,5.64,0.43,36.99,0.39,C3'-endo
12,12,0.20,G,G,G,0,0,1,0,0,(,0,1,cWW,cW-W,5.00,2.94,0.95,1.51,3.75,4.78,5.25,4.19,BI,anti,.,2.38,4.34,2.85,3.67,3.01,3.79,3.06,3.68,6.23,5.99,0.52,5.72,0.39,32.48,0.42,C3'-endo
13,13,0.21,U,U,U,0,0,0,1,0,(,0,1,cWW,cW-W,5.02,3.02,1.15,2.47,5.01,4.30,0.71,4.59,..,anti,.,0.40,0.92,3.52,5.04,3.79,4.13,3.61,3.39,5.89,0.57,5.76,0.31,0.05,32.47,2.73,C2'-endo
14,14,0.23,G,G,G,0,0,1,0,0,.,15,1,cWS,cW-m,6.22,3.20,2.79,1.44,3.65,5.41,4.53,1.49,BI,syn,.,-1.68,3.54,5.89,4.19,0.34,4.05,1.31,4.14,5.90,6.27,0.38,5.67,0.64,37.18,0.95,C4'-exo
15,15,0.25,A,A,A,1,0,0,0,0,(,"14,0",2,"cSW,cWW","cm-W,cW-W",1.90,4.02,5.33,2.33,3.49,3.74,6.03,4.96,..,anti,.,1.49,2.07,5.03,2.75,5.41,2.67,5.50,3.07,5.80,0.60,5.80,0.22,0.16,33.85,2.54,C2'-endo
16,16,0.26,U,U,U,0,0,0,1,0,(,0,1,cWW,cW-W,1.66,3.81,3.46,1.55,3.98,4.25,6.02,3.75,..,anti,.,3.44,4.08,2.75,2.91,2.67,3.07,3.16,3.59,6.03,6.20,0.36,5.77,0.48,29.96,0.81,C4'-exo
17,17,0.28,A,A,A,1,0,0,0,0,(,0,1,cWW,cW-W,5.59,2.65,0.53,1.46,3.73,4.91,5.11,4.55,BI,anti,.,0.89,4.65,2.89,3.79,2.98,3.83,3.51,3.74,0.07,5.83,0.64,5.66,0.35,37.71,0.22,C3'-endo
18,18,0.30,A,A,A,1,0,0,0,0,(,0,1,cWW,cW-W,4.92,3.25,1.11,1.46,3.85,4.86,5.27,4.16,BI,anti,.,2.27,4.33,3.08,3.73,3.19,3.88,3.12,3.84,6.10,6.07,0.51,5.66,0.51,35.41,0.61,C3'-endo
19,19,0.31,G,G,G,0,0,1,0,0,(,0,1,cWW,cW-W,5.02,2.95,1.28,2.42,4.76,4.70,0.05,4.86,..,anti,.,0.55,0.97,3.49,4.93,3.83,4.00,3.69,3.35,5.81,0.59,5.80,0.22,0.15,33.02,2.55,C2'-endo
20,20,0.33,U,U,U,0,0,0,1,0,.,,0,,,5.45,3.65,3.31,1.43,3.70,5.44,4.55,1.32,BI,syn,.,-2.17,3.91,5.98,4.15,0.42,4.01,1.43,4.04,5.97,6.20,0.41,5.68,0.58,35.33,0.84,C4'-exo
21,21,0.34,G,G,G,0,0,1,0,0,(,0,1,cWW,cW-W,2.13,3.75,5.29,2.08,3.39,4.26,5.41,4.93,BI,anti,B,1.46,2.23,4.92,2.41,5.26,2.52,5.26,2.91,5.68,0.59,5.91,0.04,0.35,35.26,2.22,C1'-exo
22,22,0.36,G,G,G,0,0,1,0,0,(,0,1,cWW,cW-W,4.86,2.70,1.06,1.38,3.53,4.59,5.22,4.21,BI,anti,.,2.52,4.03,2.71,3.18,2.70,3.17,3.18,3.33,5.98,6.15,0.49,5.60,0.62,39.15,0.77,C4'-exo
23,23,0.38,A,A,A,1,0,0,0,0,(,0,1,cWW,cW-W,4.97,2.87,1.01,1.46,4.12,4.61,5.79,4.46,..,anti,.,0.83,4.67,2.94,3.77,2.96,3.86,3.16,4.04,0.03,5.87,0.62,5.66,0.37,37.21,0.28,C3'-endo
24,24,0.39,A,A,A,1,0,0,0,0,(,0,1,cWW,cW-W,5.21,3.01,0.83,1.53,3.90,4.57,5.62,4.14,BI,anti,.,2.50,4.60,2.98,3.67,3.11,3.86,3.28,3.77,0.09,5.88,0.55,5.77,0.26,31.68,0.16,C3'-endo
25,25,0.41,U,U,U,0,0,0,1,0,(,0,1,cWW,cW-W,5.60,2.81,0.86,2.48,4.78,3.89,0.89,4.53,..,anti,.,0.57,1.09,3.51,5.03,3.88,4.14,3.71,3.35,5.94,0.55,5.76,0.35,6.28,31.75,2.82,C2'-endo
26,26,0.43,G,G,G,0,0,1,0,0,.,27,1,cWS,cW-m,0.67,2.42,2.57,1.46,3.77,5.46,4.59,1.33,BI,syn,.,-1.96,3.56,5.98,4.16,0.25,4.08,1.22,4.15,5.83,0.06,0.31,5.70,0.65,37.15,1.06,C4'-exo
27,27,0.44,C,C,C,0,1,0,0,0,(,"26,0",2,"cSW,cWW","cm-W,cW-W",1.94,3.84,5.37,2.24,3.40,4.14,5.55,4.85,BI,anti,B,1.62,2.18,4.85,2.55,5.29,2.61,5.41,3.10,5.75,0.63,5.80,0.19,0.22,35.53,2.46,C1'-exo
28,28,0.46,C,C,C,0,1,0,0,0,(,0,1,cWW,cW-W,5.28,2.63,0.74,1.33,3.39,4.61,5.06,4.05,BI,anti,.,3.23,4.17,2.73,3.08,2.74,3.11,3.33,3.27,5.99,6.14,0.49,5.60,0.62,39.14,0.77,C4'-exo
29,29,0.48,A,A,A,1,0,0,0,0,(,0,1,cWW,cW-W,4.89,3.02,1.08,1.54,3.97,4.94,5.31,4.29,BI,anti,.,1.90,4.67,2.99,3.99,2.99,3.98,3.16,4.02,0.10,5.83,0.61,5.71,0.30,35.45,0.17,C3'-endo
30,30,0.49,U,U,U,0,0,0,1,0,(,0,1,cWW,cW-W,5.22,3.32,0.70,1.48,3.69,4.85,5.12,4.21,BI,anti,.,2.31,4.44,2.98,3.53,3.16,3.74,3.29,3.47,0.01,5.93,0.55,5.72,0.35,32.99,0.32,C3'-endo
31,31,0.51,G,G,G,0,0,1,0,0,(,0,1,cWW,cW-W,5.18,3.07,1.06,2.56,4.74,4.01,0.74,5.07,..,anti,.,0.27,0.77,3.48,5.06,3.84,4.04,3.42,3.42,5.91,0.60,5.70,0.39,6.27,35.22,2.84,C2'-endo
32,32,0.52,U,U,U,0,0,0,1,0,.,,0,,,0.74,2.55,2.48,1.39,3.81,5.34,4.75,1.33,BI,syn,.,-1.68,4.18,5.90,4.18,0.40,4.02,1.47,4.03,6.03,6.14,0.47,5.66,0.55,35.83,0.73,C4'-exo
33,33,0.54,G,G,G,0,0,1,0,0,(,0,1,cWW,cW-W,2.03,3.85,5.28,2.32,3.77,3.72,0.04,5.17,..,anti,B,1.37,2.01,4.92,2.37,5.26,2.44,5.25,2.86,5.72,0.69,5.74,0.24,0.20,38.76,2.51,C1'-exo
34,34,0.56,G,G,G,0,0,1,0,0,(,0,1,cWW,cW-W,5.23,2.46,0.56,1.30,3.28,4.74,4.83,4.23,BI,anti,.,2.75,4.26,2.59,3.15,2.56,3.17,3.10,3.40,6.07,6.05,0.55,5.59,0.57,39.38,0.63,C4'-exo
35,35,0.57,G,G,G,0,0,1,0,0,(,0,1,cWW,cW-W,5.09,3.17,0.90,1.51,3.72,5.09,4.91,4.40,BI,anti,.,1.73,4.63,3.03,3.90,3.03,3.93,3.27,3.96,0.10,5.84,0.60,5.73,0.29,34.69,0.16,C3'-endo
36,36,0.59,C,C,C,0,1,0,0,0,(,0,1,cWW,cW-W,5.01,3.54,0.72,1.46,3.41,5.09,4.61,4.17,BI,anti,.,2.73,4.42,2.96,3.56,3.11,3.79,3.19,3.77,0.00,5.94,0.54,5.73,0.35,32.49,0.32,C3'-endo
37,37,0.61,U,U,U,0,0,0,1,0,(,0,1,cWW,cW-W,4.84,3.36,1.24,2.57,4.92,4.00,0.92,5.18,..,anti,.,-0.13,0.60,3.57,5.09,3.94,4.16,3.74,3.40,5.92,0.61,5.68,0.41,6.25,36.02,2.86,C2'-endo
38,38,0.62,G,G,G,0,0,1,0,0,.,,0,,,0.35,2.62,2.59,1.52,3.72,5.25,4.76,1.26,BI,syn,.,-2.02,3.84,5.79,4.19,0.20,4.11,1.38,4.11,5.96,6.27,0.32,5.77,0.53,31.18,0.95,C4'-exo
39,39,0.64,U,U,U,0,0,0,1,0,(,0,1,cWW,cW-W,2.29,3.99,4.97,2.38,3.89,3.27,0.62,4.96,..,anti,B,1.75,1.99,5.02,2.37,5.37,2.30,5.29,3.04,5.69,0.73,5.70,0.26,0.21,40.77,2.52,C2'-endo
40,40,0.66,C,C,C,0,1,0,0,0,(,0,1,cWW,cW-W,1.30,4.27,3.37,1.45,3.81,5.15,4.94,3.43,BI,anti,.,4.37,4.54,2.79,3.59,2.68,3.68,3.56,4.67,6.23,5.96,0.55,5.68,0.42,34.68,0.42,C3'-endo
41,41,0.67,G,G,G,0,0,1,0,0,.,0,1,tSH,tm-M,5.33,2.91,0.79,1.37,2.79,0.79,2.01,3.69,..,anti,.,4.01,4.23,2.84,4.78,3.40,4.26,4.75,5.04,0.07,5.84,0.63,5.68,0.34,36.78,0.22,C3'-endo
42,42,0.69,A,A,A,1,0,0,0,0,.,,0,,,2.99,1.88,2.12,1.36,0.57,1.24,5.61,3.11,..,anti,.,3.94,4.02,3.00,3.02,3.20,3.50,4.35,3.59,0.29,5.65,0.73,5.71,0.18,41.79,6.20,C2'-exo
43,43,0.70,G,G,G,0,0,1,0,0,.,,0,,,1.49,4.88,3.64,2.42,4.26,4.23,0.03,1.38,..,syn,.,-0.97,1.56,5.55,3.41,5.36,3.93,5.21,4.17,5.92,0.55,5.77,0.32,0.02,31.73,2.78,C2'-endo
44,44,0.72,U,U,U,0,0,0,1,0,.,,0,,,3.26,3.82,2.81,2.42,0.77,1.79,5.26,3.46,..,anti,.,-0.83,1.14,6.07,1.79,4.57,2.90,4.28,2.36,5.95,0.55,5.73,0.37,6.25,32.66,2.87,C2'-endo
45,45,0.74,U,U,U,0,0,0,1,0,.,,0,,,1.49,2.47,1.92,2.39,0.97,3.04,4.21,3.45,..,anti,.,-1.01,1.56,4.20,4.98,2.73,1.83,2.20,1.73,5.88,0.61,5.72,0.35,0.03,34.81,2.77,C2'-endo
46,46,0.75,C,C,C,0,1,0,0,0,.,,0,,,3.94,4.10,2.37,1.42,3.29,4.75,4.83,2.82,BI,anti,.,3.08,4.04,2.24,3.78,1.26,3.62,1.30,3.74,6.11,6.08,0.47,5.70,0.47,33.11,0.61,C3'-endo
47,47,0.77,C,C,C,0,1,0,0,0,(,60,1,cWW,cW-W,3.64,3.75,2.09,1.44,3.63,5.01,4.91,3.41,BI,anti,A,4.43,4.49,2.86,3.79,3.05,3.72,3.43,4.29,6.24,5.96,0.54,5.71,0.39,33.33,0.39,C3'-endo
48,48,0.79,C,C,C,0,1,0,0,0,(,59,1,cWW,cW-W,4.64,3.24,1.16,1.45,3.35,5.03,4.60,3.18,BI,anti,.,4.46,4.48,2.75,3.64,3.01,3.66,3.92,4.10,0.05,5.87,0.60,5.69,0.34,35.55,0.24,C3'-endo
49,49,0.80,G,G,G,0,0,1,0,0,(,58,1,cWW,cW-W,4.46,3.44,1.37,1.46,3.78,4.69,5.37,2.76,BI,anti,.,4.35,4.70,2.97,3.68,3.11,3.88,3.79,4.24,0.11,5.80,0.65,5.69,0.30,37.46,0.15,C3'-endo
50,50,0.82,G,G,G,0,0,1,0,0,(,57,1,cWW,cW-W,4.50,3.70,1.34,1.49,,,,3.25,..,anti,-,,,,,,,,,0.07,5.88,0.58,5.73,0.31,33.84,0.22,C3'-endo
51,not resolved,0.84,-,-,-,0,0,0,0,1,,,0,,,,,,,,,,,,,,,,,,,,,,,,,,,,,
52,not resolved,0.85,-,-,-,0,0,0,0,1,,,0,,,,,,,,,,,,,,,,,,,,,,,,,,,,,
53,not resolved,0.87,-,-,-,0,0,0,0,1,,,0,,,,,,,,,,,,,,,,,,,,,,,,,,,,,
54,not resolved,0.89,-,-,-,0,0,0,0,1,,,0,,,,,,,,,,,,,,,,,,,,,,,,,,,,,
55,not resolved,0.90,-,-,-,0,0,0,0,1,,,0,,,,,,,,,,,,,,,,,,,,,,,,,,,,,
56,not resolved,0.92,-,-,-,0,0,0,0,1,,,0,,,,,,,,,,,,,,,,,,,,,,,,,,,,,
57,57,0.93,C,C,C,0,1,0,0,0,),50,1,cWW,cW-W,,2.59,0.00,1.46,3.89,5.21,4.96,3.34,BI,anti,A,4.63,4.73,,4.11,,4.21,,4.68,0.14,5.80,0.63,5.73,0.26,36.05,0.10,C3'-endo
58,58,0.95,C,C,C,0,1,0,0,0,),49,1,cWW,cW-W,4.92,3.27,0.97,1.40,3.60,5.15,4.73,3.36,BI,anti,A,4.60,4.63,2.81,3.78,3.16,3.79,3.90,4.25,0.05,5.85,0.62,5.68,0.35,36.55,0.25,C3'-endo
59,59,0.97,G,G,G,0,0,1,0,0,),48,1,cWW,cW-W,4.96,3.08,1.01,1.36,3.36,4.70,4.94,3.41,BI,anti,.,4.52,4.53,2.80,3.48,3.10,3.44,3.88,3.67,0.01,5.86,0.65,5.63,0.41,38.86,0.31,C3'-endo
60,60,0.98,G,G,G,0,0,1,0,0,),47,1,cWW,cW-W,3.52,3.38,2.28,1.54,3.72,4.78,5.22,2.99,BI,anti,.,4.58,4.65,2.80,3.85,2.93,3.86,3.36,4.29,0.13,5.84,0.57,5.77,0.24,32.69,0.10,C3'-endo
61,61,1.00,G,G,G,0,0,1,0,0,.,,0,,,4.10,4.00,1.32,1.55,,,,2.95,..,anti,-,,,,,,,,,6.27,5.99,0.47,5.79,0.32,28.81,0.35,C3'-endo
