index_chain,old_nt_resnum,nt_position,nt_name,nt_code,nt_align_code,is_A,is_C,is_G,is_U,is_other,dbn,paired,nb_interact,pair_type_LW,pair_type_DSSR,alpha,beta,gamma,delta,epsilon,zeta,epsilon_zeta,chi,bb_type,glyco_bond,form,ssZp,Dp,eta,theta,eta_prime,theta_prime,eta_base,theta_base,v0,v1,v2,v3,v4,amplitude,phase_angle,puckering
1,49,0.02,G,G,G,0,0,1,0,0,),0,1,cWW,cW-W,,,3.85,1.66,3.99,4.76,5.51,3.30,BI,anti,A,4.77,4.88,,,,,,,0.55,5.53,0.67,5.92,6.17,43.05,5.81,C2'-exo
2,50,0.04,C,C,C,0,1,0,0,0,),0,1,cWW,cW-W,5.44,2.80,0.77,1.32,3.80,5.06,5.02,3.48,BI,anti,A,4.47,4.76,2.88,3.86,3.12,3.89,3.47,4.30,0.13,5.73,0.74,5.61,0.35,42.69,0.15,C3'-endo
3,51,0.07,A,A,A,1,0,0,0,0,),0,1,cWW,cW-W,5.39,3.08,0.81,1.33,3.52,5.00,4.80,3.44,BI,anti,A,4.53,4.63,2.99,3.55,3.24,3.60,3.95,4.04,0.02,5.84,0.67,5.60,0.42,40.37,0.30,C3'-endo
4,52,0.09,G,G,G,0,0,1,0,0,),0,1,cWW,cW-W,5.16,3.24,0.75,1.31,3.40,5.02,4.66,3.56,BI,anti,A,4.44,4.68,2.90,3.99,3.03,3.94,3.66,4.51,0.15,5.72,0.73,5.62,0.32,42.19,0.12,C3'-endo
5,53,0.11,C,C,C,0,1,0,0,0,),0,1,cWW,cW-W,2.92,3.62,2.76,1.35,4.21,4.76,5.73,3.30,..,anti,A,4.55,4.81,2.89,3.61,3.17,3.65,4.07,4.16,0.23,5.68,0.73,5.67,0.24,41.91,0.01,C3'-endo
6,54,0.13,C,C,C,0,1,0,0,0,),0,1,cWW,cW-W,5.46,2.68,0.82,1.35,3.70,4.91,5.07,3.35,BI,anti,A,4.62,4.68,2.78,3.70,3.06,3.70,3.88,3.94,0.07,5.77,0.74,5.57,0.40,43.57,0.23,C3'-endo
7,55,0.15,G,G,G,0,0,1,0,0,),0,1,cWW,cW-W,4.97,3.12,1.14,1.28,3.66,4.86,5.08,3.26,BI,anti,A,4.66,4.68,2.89,3.57,3.05,3.60,3.56,4.07,6.26,5.83,0.74,5.52,0.49,45.05,0.35,C3'-endo
8,56,0.17,G,G,G,0,0,1,0,0,),0,1,cWW,cW-W,5.25,2.88,1.16,1.36,3.70,4.87,5.11,3.27,BI,anti,A,4.58,4.63,3.10,3.67,3.30,3.76,3.98,4.26,0.07,5.79,0.71,5.60,0.39,41.81,0.24,C3'-endo
9,57,0.20,C,C,C,0,1,0,0,0,),0,1,cWW,cW-W,5.39,2.78,1.41,2.30,4.42,4.89,5.81,3.70,..,anti,-,,,3.80,5.30,4.14,4.36,4.64,,5.99,0.44,5.87,0.26,0.02,25.49,2.77,C2'-endo
10,58,0.22,U,U,U,0,0,0,1,0,.,,0,,,1.59,2.81,0.79,2.18,4.58,5.19,5.68,,..,n/a,-,,,5.31,5.20,0.04,4.95,0.00,0.00,5.73,0.63,5.82,0.15,0.25,35.53,2.41,C1'-exo
11,59,0.24,U,U,U,0,0,0,1,0,),0,1,cWW,cW-W,5.14,4.05,1.37,1.37,3.65,4.83,5.10,3.34,BI,anti,A,4.59,4.64,3.70,3.67,4.31,3.71,,3.99,6.26,5.86,0.68,5.57,0.46,41.65,0.35,C3'-endo
12,60,0.26,G,G,G,0,0,1,0,0,),0,1,cWW,cW-W,5.18,3.10,1.02,1.55,3.65,4.86,5.07,3.63,BI,anti,.,3.97,4.38,3.15,3.73,3.28,3.91,3.70,3.89,0.04,5.88,0.59,5.70,0.35,35.05,0.27,C3'-endo
13,61,0.28,U,U,U,0,0,0,1,0,.,16,1,cWH,cW+M,4.53,3.78,1.55,2.21,4.62,1.69,2.93,4.40,..,anti,.,1.05,1.27,3.74,2.01,3.85,1.27,3.70,0.49,5.63,0.61,5.94,6.27,0.42,37.43,2.13,C1'-exo
14,62,0.30,U,U,U,0,0,0,1,0,.,,0,,,1.96,2.97,0.66,1.44,3.00,1.58,1.42,4.77,..,anti,.,0.68,4.32,0.24,0.80,0.38,6.05,0.89,5.17,0.12,5.73,0.74,5.60,0.36,43.22,0.16,C3'-endo
15,63,0.33,G,G,G,0,0,1,0,0,),0,1,cWW,cW-W,1.00,1.32,3.15,1.71,3.49,5.27,4.50,3.31,BI,anti,A,4.13,4.28,0.69,2.58,1.23,3.19,2.12,3.43,0.22,5.72,0.66,5.74,0.21,37.91,6.27,C2'-exo
16,64,0.35,A,A,A,1,0,0,0,0,),"0,13",2,"cWW,cHW","cW-W,cM+W",4.78,3.73,0.99,2.55,4.47,4.14,0.33,4.23,..,anti,.,1.11,1.12,3.35,4.91,3.77,4.05,3.86,4.43,5.88,0.63,5.68,0.39,6.28,36.47,2.81,C2'-endo
17,65,0.37,G,G,G,0,0,1,0,0,.,"0,22",2,"cWH,cHW","cW+M,cM+W",1.10,2.99,3.19,1.46,3.95,4.98,5.25,1.40,BI,syn,.,-1.34,4.57,1.14,3.19,1.68,3.30,2.69,3.01,0.06,5.87,0.60,5.70,0.33,35.23,0.23,C3'-endo
18,66,0.39,U,U,U,0,0,0,1,0,.,"0,25",2,"t.H,tWW","t.-M,tW+W",5.10,2.52,2.83,2.27,4.69,2.78,1.91,4.22,BII,anti,.,0.24,0.82,5.20,1.93,5.08,1.68,4.19,1.02,5.64,0.73,5.74,0.19,0.28,41.43,2.42,C1'-exo
19,67,0.41,A,A,A,1,0,0,0,0,.,,0,,,1.48,2.62,1.12,2.57,4.82,5.14,5.96,4.69,..,anti,.,0.19,0.51,0.39,5.42,0.90,4.98,1.32,5.59,5.94,0.66,5.59,0.51,6.18,40.30,2.96,C2'-endo
20,68,0.43,G,G,G,0,0,1,0,0,.,"0,24",2,"cWH,cHW","cW+M,cM+W",4.95,2.00,3.29,1.48,3.83,5.09,5.03,4.51,BI,anti,.,0.96,2.88,4.41,3.23,4.81,2.89,4.92,2.24,5.64,0.22,0.25,5.66,0.80,44.96,1.24,C4'-exo
21,69,0.46,A,A,A,1,0,0,0,0,.,,0,,,2.85,3.14,1.06,2.66,4.98,5.01,6.25,4.00,..,anti,.,0.51,0.47,0.99,5.77,1.78,4.80,1.56,4.64,5.89,0.66,5.62,0.46,6.24,39.50,2.87,C2'-endo
22,70,0.48,G,G,G,0,0,1,0,0,.,"0,17",2,"cHW,cWH","cM+W,cW+M",5.35,3.55,5.05,2.53,4.80,2.97,1.83,1.15,BII,syn,.,-1.01,0.81,1.56,2.77,2.34,2.24,2.76,1.69,5.77,0.71,5.66,0.34,0.11,40.01,2.66,C2'-endo
23,71,0.50,U,U,U,0,0,0,1,0,.,,0,,,0.69,3.97,1.05,2.55,3.71,1.91,1.81,4.17,..,anti,.,1.07,1.54,6.23,1.72,0.20,1.20,0.56,6.23,5.93,0.58,5.71,0.39,6.26,34.25,2.85,C2'-endo
24,72,0.52,G,G,G,0,0,1,0,0,.,"0,20",2,"cHW,cWH","cM+W,cW+M",5.49,3.06,2.78,1.35,4.27,5.40,5.15,1.23,..,syn,.,-1.03,4.43,5.83,3.94,5.80,4.02,0.98,3.38,6.01,6.05,0.62,5.50,0.67,44.77,0.66,C4'-exo
25,73,0.54,U,U,U,0,0,0,1,0,.,18,1,tWW,tW+W,5.05,2.51,3.35,1.34,3.62,3.66,6.24,3.26,..,anti,.,3.86,4.07,4.94,1.20,5.17,1.74,4.71,2.14,5.96,6.15,0.52,5.56,0.66,41.63,0.78,C4'-exo
26,74,0.57,G,G,G,0,0,1,0,0,),0,1,cWW,cW-W,4.88,3.04,0.72,1.54,3.64,5.27,4.66,3.10,BI,anti,.,4.65,4.65,2.99,4.02,2.72,4.03,2.57,4.26,0.23,5.73,0.66,5.73,0.21,38.10,6.27,C2'-exo
27,75,0.59,A,A,A,1,0,0,0,0,.,0,1,c.W,c.-W,5.00,3.36,0.89,1.46,3.70,5.28,4.70,3.37,BI,anti,.,4.56,4.61,3.01,3.95,3.25,4.04,3.79,4.90,6.27,5.89,0.63,5.62,0.43,38.54,0.35,C3'-endo
28,76,0.61,G,G,G,0,0,1,0,0,.,0,1,cWW,cW-W,5.05,3.10,0.91,1.44,3.77,5.10,4.95,3.30,BI,anti,A,4.79,4.79,2.90,3.89,3.29,3.92,4.48,4.47,0.21,5.70,0.72,5.67,0.26,41.17,0.03,C3'-endo
29,77,0.63,C,C,C,0,1,0,0,0,),0,1,cWW,cW-W,5.33,3.06,0.69,1.44,3.73,5.21,4.80,3.45,BI,anti,.,4.61,4.75,2.93,3.94,3.20,4.02,4.05,4.66,0.09,5.78,0.69,5.63,0.36,40.24,0.20,C3'-endo
30,78,0.65,U,U,U,0,0,0,1,0,.,0,1,cWW,cW-W,5.11,3.14,0.88,1.42,4.08,4.62,5.74,3.42,..,anti,A,4.40,4.70,3.02,3.63,3.33,3.67,4.19,4.03,6.25,5.88,0.66,5.59,0.46,40.62,0.37,C3'-endo
31,79,0.67,C,C,C,0,1,0,0,0,),0,1,cWW,cW-W,5.14,2.40,1.19,1.45,3.47,4.91,4.84,3.44,BI,anti,A,4.40,4.48,2.69,3.66,3.03,3.54,3.65,3.84,6.19,5.90,0.68,5.53,0.53,43.14,0.44,C3'-endo
32,80,0.70,C,C,C,0,1,0,0,0,),0,1,cWW,cW-W,4.87,3.32,1.03,1.44,3.20,4.99,4.49,3.41,BI,anti,.,4.29,4.34,2.86,4.03,3.05,3.93,3.69,4.16,0.00,5.85,0.69,5.59,0.44,41.35,0.32,C3'-endo
33,81,0.72,G,G,G,0,0,1,0,0,),0,1,cWW,cW-W,2.87,3.68,3.12,1.41,3.72,5.15,4.85,3.17,BI,anti,.,4.12,4.36,3.17,3.52,3.47,3.56,4.04,3.90,6.20,5.95,0.59,5.63,0.46,37.64,0.44,C3'-endo
34,82,0.74,U,U,U,0,0,0,1,0,),0,1,cWW,cW-W,4.88,3.11,1.43,1.51,4.57,3.34,1.24,3.38,BII,anti,.,3.41,3.51,3.40,3.06,3.60,2.76,4.03,2.54,5.79,0.09,0.32,5.68,0.69,39.32,1.09,C4'-exo
35,83,0.76,A,A,A,1,0,0,0,0,.,,0,,,1.12,3.56,3.14,1.41,3.90,5.28,4.90,3.22,BI,anti,.,4.76,4.75,2.01,3.71,1.99,3.81,1.94,4.75,0.09,5.80,0.67,5.65,0.35,39.33,0.19,C3'-endo
36,84,0.78,A,A,A,1,0,0,0,0,.,0,1,cWS,cW-m,4.90,3.11,1.06,1.44,3.82,5.33,4.78,3.31,BI,anti,A,4.62,4.70,2.85,4.12,3.27,4.11,4.55,4.74,0.07,5.80,0.70,5.61,0.38,41.05,0.23,C3'-endo
37,85,0.80,C,C,C,0,1,0,0,0,),"0,0",2,"...,cWW","....,cW-W",4.94,3.06,1.01,1.33,3.82,5.21,4.89,3.34,BI,anti,.,4.58,4.66,2.85,3.95,3.20,4.01,4.19,4.82,6.18,5.89,0.71,5.49,0.56,45.38,0.45,C3'-endo
38,86,0.83,U,U,U,0,0,0,1,0,),0,1,cWW,cW-W,5.15,3.00,0.84,1.30,3.69,5.14,4.83,3.43,BI,anti,A,4.53,4.72,2.73,3.84,3.10,3.90,4.26,4.43,6.25,5.84,0.73,5.52,0.50,44.83,0.36,C3'-endo
39,87,0.85,G,G,G,0,0,1,0,0,),0,1,cWW,cW-W,5.24,3.00,0.96,1.33,3.75,4.90,5.13,3.28,BI,anti,A,4.62,4.69,2.97,3.63,3.28,3.66,4.12,4.19,6.21,5.85,0.75,5.48,0.55,46.59,0.41,C3'-endo
40,88,0.87,G,G,G,0,0,1,0,0,),0,1,cWW,cW-W,5.08,2.90,1.15,1.29,3.66,5.12,4.83,3.18,BI,anti,A,4.70,4.70,2.95,3.74,3.16,3.75,3.95,4.32,6.28,5.83,0.71,5.56,0.46,42.78,0.33,C3'-endo
41,89,0.89,U,U,U,0,0,0,1,0,),0,1,cWW,cW-W,5.06,3.32,0.80,1.45,3.71,4.87,5.13,3.46,BI,anti,A,4.55,4.75,2.91,3.66,3.09,3.71,3.92,4.15,0.15,5.71,0.75,5.60,0.33,43.27,0.12,C3'-endo
42,90,0.91,C,C,C,0,1,0,0,0,),0,1,cWW,cW-W,5.31,2.88,0.86,1.38,3.55,5.03,4.81,3.39,BI,anti,A,4.67,4.69,2.83,3.69,3.08,3.69,3.81,4.07,0.13,5.73,0.74,5.61,0.34,42.67,0.14,C3'-endo
43,91,0.93,G,G,G,0,0,1,0,0,),0,1,cWW,cW-W,5.15,3.08,0.98,1.35,3.65,4.89,5.05,3.32,BI,anti,A,4.75,4.77,2.98,3.58,3.19,3.61,3.86,3.94,0.12,5.74,0.74,5.60,0.36,42.83,0.17,C3'-endo
44,92,0.96,C,C,C,0,1,0,0,0,),0,1,cWW,cW-W,5.15,2.92,1.08,1.39,3.81,4.85,5.25,3.33,BI,anti,A,4.73,4.76,2.98,3.73,3.16,3.75,3.71,4.19,0.11,5.75,0.73,5.60,0.36,42.42,0.17,C3'-endo
45,93,0.98,G,G,G,0,0,1,0,0,),0,1,cWW,cW-W,5.07,2.88,1.13,1.35,3.83,4.84,5.27,3.21,BI,anti,A,4.71,4.73,2.96,3.68,3.18,3.66,3.89,4.11,0.06,5.82,0.68,5.62,0.39,40.28,0.25,C3'-endo
46,94,1.00,U,U,U,0,0,0,1,0,),0,1,cWW,cW-W,5.83,3.34,0.03,1.55,,,,3.63,n/a,anti,A,4.27,4.54,,,,,,,0.49,5.52,0.73,5.82,6.27,44.45,5.94,C2'-exo
