index_chain,old_nt_resnum,nt_position,nt_name,nt_code,nt_align_code,is_A,is_C,is_G,is_U,is_other,dbn,paired,nb_interact,pair_type_LW,pair_type_DSSR,alpha,beta,gamma,delta,epsilon,zeta,epsilon_zeta,chi,bb_type,glyco_bond,form,ssZp,Dp,eta,theta,eta_prime,theta_prime,eta_base,theta_base,v0,v1,v2,v3,v4,amplitude,phase_angle,puckering
1,1,0.01,G,G,G,0,0,1,0,0,(,"0,102",2,"cSW,cWW","cm-W,cW-W",,,1.78,1.45,3.97,4.86,5.39,3.10,BI,anti,A,4.78,4.77,,,,,,,0.15,5.78,0.65,5.70,0.27,37.38,0.10,C3'-endo
2,2,0.02,G,G,G,0,0,1,0,0,(,"0,101",2,"cSW,cWW","cm-W,cW-W",5.19,3.00,0.90,1.43,3.63,5.12,4.79,3.31,BI,anti,A,4.64,4.67,2.86,3.81,3.10,3.82,3.83,4.19,0.11,5.80,0.65,5.68,0.31,37.65,0.16,C3'-endo
3,3,0.03,G,G,G,0,0,1,0,0,(,100,1,cWW,cW-W,5.09,3.25,0.87,1.40,3.68,4.72,5.25,3.37,BI,anti,.,4.57,4.65,2.96,4.01,3.15,3.88,3.78,4.05,0.02,5.86,0.64,5.64,0.39,37.97,0.29,C3'-endo
4,4,0.04,U,U,U,0,0,0,1,0,(,99,1,cWW,cW-W,2.24,3.70,3.53,1.44,4.04,4.84,5.49,3.32,BI,anti,A,4.63,4.76,3.01,3.30,3.19,3.46,3.65,4.26,0.11,5.80,0.64,5.69,0.31,37.40,0.16,C3'-endo
5,5,0.05,G,G,G,0,0,1,0,0,(,98,1,cWW,cW-W,5.45,2.79,0.78,1.39,3.78,4.93,5.13,3.46,BI,anti,A,4.47,4.69,2.87,3.77,3.18,3.77,4.17,4.13,0.05,5.84,0.64,5.65,0.37,38.13,0.25,C3'-endo
6,6,0.06,C,C,C,0,1,0,0,0,(,97,1,cWW,cW-W,5.26,2.83,0.99,1.34,3.75,4.93,5.11,3.58,BI,anti,A,4.28,4.67,2.91,3.70,3.15,3.70,3.78,4.12,6.28,5.87,0.65,5.61,0.43,39.51,0.33,C3'-endo
7,7,0.07,G,G,G,0,0,1,0,0,.,96,1,tSW,tm+W,5.38,2.89,0.86,1.37,4.00,3.88,0.12,3.56,..,anti,.,4.22,4.70,3.02,3.16,3.20,3.22,3.82,2.91,0.02,5.86,0.64,5.63,0.39,38.48,0.29,C3'-endo
8,8,0.08,A,A,A,1,0,0,0,0,.,,0,,,0.74,3.14,5.18,2.55,4.08,1.50,2.59,0.98,..,syn,.,-1.51,1.51,3.41,1.16,3.19,0.58,2.73,5.81,5.88,0.64,5.66,0.41,6.28,37.49,2.82,C2'-endo
9,9,0.09,U,U,U,0,0,0,1,0,.,,0,,,0.82,3.19,1.27,2.57,4.83,5.88,5.24,4.05,..,anti,.,0.47,0.55,0.04,0.09,0.46,6.19,1.30,0.20,5.95,0.59,5.68,0.43,6.22,35.72,2.91,C2'-endo
10,10,0.10,G,G,G,0,0,1,0,0,.,96,1,tSH,tm-M,4.68,3.89,1.05,2.55,4.37,2.49,1.89,4.46,BII,anti,.,1.06,1.23,2.94,2.45,3.67,2.38,3.60,2.94,5.89,0.63,5.67,0.40,6.28,36.99,2.82,C2'-endo
11,11,0.11,A,A,A,1,0,0,0,0,.,95,1,tHS,tM-m,4.57,3.07,0.69,1.45,4.02,5.22,5.08,3.28,BI,anti,.,4.68,4.76,3.16,4.20,2.90,4.32,3.21,5.23,0.12,5.80,0.63,5.70,0.29,36.68,0.14,C3'-endo
12,12,0.12,G,G,G,0,0,1,0,0,(,94,1,cWW,cW-W,5.15,2.84,1.06,1.42,3.70,4.96,5.02,3.37,BI,anti,A,4.58,4.66,2.78,3.74,3.32,3.72,4.66,4.19,0.05,5.85,0.64,5.66,0.37,37.66,0.25,C3'-endo
13,13,0.13,A,A,A,1,0,0,0,0,(,93,1,cWW,cW-W,5.16,2.98,0.95,1.42,3.94,4.72,5.50,3.46,BI,anti,A,4.44,4.73,2.96,3.70,3.16,3.72,3.88,4.14,0.07,5.84,0.64,5.67,0.35,37.50,0.22,C3'-endo
14,14,0.14,A,A,A,1,0,0,0,0,(,92,1,cWW,cW-W,5.27,2.64,1.02,1.38,3.66,5.09,4.85,3.34,BI,anti,A,4.59,4.65,2.82,3.84,3.08,3.78,3.78,4.20,0.01,5.87,0.64,5.64,0.40,38.23,0.31,C3'-endo
15,15,0.15,G,G,G,0,0,1,0,0,(,91,1,cWW,cW-W,5.12,3.00,1.03,1.36,3.75,4.87,5.17,3.32,BI,anti,A,4.59,4.65,2.95,3.60,3.20,3.61,3.95,3.88,6.27,5.89,0.63,5.63,0.42,38.22,0.35,C3'-endo
16,16,0.16,A,A,A,1,0,0,0,0,.,90,1,cWW,cW-W,5.21,3.00,0.81,1.36,4.21,5.30,5.19,3.31,..,anti,.,4.60,4.77,2.95,4.16,3.03,4.20,3.45,5.34,0.05,5.83,0.66,5.64,0.37,38.79,0.25,C3'-endo
17,17,0.17,A,A,A,1,0,0,0,0,.,,0,,,4.62,2.18,2.39,1.38,4.35,5.28,5.35,5.87,..,syn,.,-4.49,4.68,3.32,3.93,3.62,4.07,5.05,4.11,6.26,5.90,0.62,5.63,0.42,38.08,0.35,C3'-endo
18,18,0.18,G,G,G,0,0,1,0,0,.,87,1,tSH,tm-M,5.04,2.90,0.99,1.44,3.92,0.70,3.22,3.61,..,anti,.,4.17,4.71,2.60,6.02,3.19,5.28,3.57,4.67,0.07,5.84,0.63,5.68,0.34,36.71,0.22,C3'-endo
19,19,0.19,A,A,A,1,0,0,0,0,.,86,1,tHH,tM+M,2.70,2.60,1.09,2.51,4.78,2.14,2.65,3.91,..,anti,.,0.67,0.67,0.99,2.87,2.08,2.27,2.23,2.53,5.87,0.65,5.67,0.39,0.01,37.48,2.79,C2'-endo
20,20,0.20,G,G,G,0,0,1,0,0,.,21,1,cSH,cm+M,0.73,4.41,4.73,2.55,3.63,2.61,1.01,4.71,..,anti,.,1.74,1.93,4.94,0.88,4.46,1.18,4.37,1.48,5.88,0.65,5.66,0.41,6.28,37.89,2.82,C2'-endo
21,21,0.21,U,U,U,0,0,0,1,0,.,"20,85",2,"cHS,tWH","cM+m,tW-M",4.79,2.69,0.57,1.42,3.66,5.02,4.92,3.50,BI,anti,A,4.41,4.62,2.63,3.79,2.48,3.82,2.59,4.35,0.03,5.87,0.62,5.67,0.37,36.67,0.27,C3'-endo
22,22,0.22,A,A,A,1,0,0,0,0,.,84,1,tHS,tM-m,5.22,3.02,0.91,1.43,4.08,5.10,5.26,3.26,..,anti,.,4.65,4.74,3.05,4.20,3.26,4.30,4.01,5.17,0.06,5.84,0.63,5.67,0.34,36.98,0.23,C3'-endo
23,23,0.23,U,U,U,0,0,0,1,0,(,83,1,cWW,cW-W,5.30,2.77,0.96,1.41,3.88,5.02,5.14,3.38,BI,anti,.,4.56,4.71,2.83,3.95,3.31,3.96,4.59,4.34,0.05,5.85,0.64,5.66,0.37,37.65,0.26,C3'-endo
24,24,0.24,U,U,U,0,0,0,1,0,(,82,1,cWW,cW-W,5.36,3.22,0.69,1.38,3.86,4.57,5.57,3.39,BI,anti,.,4.51,4.67,3.03,3.97,3.22,3.89,3.83,4.16,0.00,5.88,0.63,5.64,0.40,37.72,0.32,C3'-endo
25,25,0.25,A,A,A,1,0,0,0,0,(,81,1,cWW,cW-W,2.04,3.92,3.62,1.47,3.91,4.56,5.63,3.27,BI,anti,.,4.60,4.66,3.06,3.60,3.24,3.58,3.76,4.47,0.06,5.86,0.60,5.70,0.33,35.08,0.23,C3'-endo
26,26,0.25,A,A,A,1,0,0,0,0,(,80,1,cWW,cW-W,2.69,3.91,2.69,1.41,4.53,5.21,5.61,3.20,..,anti,A,4.66,4.82,2.60,4.09,2.99,3.80,4.14,3.92,0.11,5.80,0.65,5.67,0.32,38.00,0.17,C3'-endo
27,27,0.26,G,G,G,0,0,1,0,0,(,79,1,cWW,cW-W,4.36,1.75,2.32,1.40,4.08,4.65,5.72,3.06,..,anti,A,4.82,4.81,2.66,3.24,2.94,3.35,3.47,3.84,0.15,5.76,0.68,5.67,0.29,39.19,0.10,C3'-endo
28,28,0.27,G,G,G,0,0,1,0,0,(,78,1,cWW,cW-W,5.75,2.69,0.75,1.39,4.21,4.69,5.80,3.21,..,anti,A,4.66,4.73,3.17,3.89,3.38,3.95,4.02,4.72,0.05,5.85,0.63,5.66,0.36,37.52,0.25,C3'-endo
29,29,0.28,A,A,A,1,0,0,0,0,.,,0,,,5.30,2.62,0.92,1.42,4.34,4.89,5.73,3.31,..,anti,.,4.56,4.79,2.88,4.34,3.13,4.52,4.14,5.32,0.09,5.82,0.65,5.67,0.33,37.73,0.19,C3'-endo
30,30,0.29,U,U,U,0,0,0,1,0,.,,0,,,5.70,2.65,1.05,2.48,3.97,1.49,2.48,4.01,..,anti,.,1.65,1.67,3.11,1.99,3.96,1.59,5.01,1.88,5.86,0.63,5.70,0.36,0.04,36.36,2.75,C2'-endo
31,31,0.30,U,U,U,0,0,0,1,0,(,77,1,cWW,cW-W,2.24,4.08,2.52,1.43,3.29,0.37,2.92,3.25,..,anti,.,4.33,4.36,2.68,4.83,2.87,4.10,3.01,4.31,6.26,5.93,0.58,5.68,0.40,35.38,0.36,C3'-endo
32,32,0.31,U,U,U,0,0,0,1,0,(,76,1,cWW,cW-W,3.23,1.46,2.87,1.50,4.42,4.31,0.11,3.22,..,anti,A,4.60,4.74,2.65,3.38,2.91,3.46,3.60,4.25,0.13,5.83,0.59,5.75,0.26,34.27,0.12,C3'-endo
33,33,0.32,A,A,A,1,0,0,0,0,(,75,1,cWW,cW-W,2.19,4.13,3.03,1.41,4.26,4.54,6.00,3.08,..,anti,A,4.78,4.77,2.46,3.60,2.93,3.61,3.98,4.28,0.06,5.84,0.64,5.66,0.36,37.51,0.24,C3'-endo
34,34,0.33,C,C,C,0,1,0,0,0,(,74,1,cWW,cW-W,5.62,2.56,0.77,1.37,3.81,4.75,5.35,3.44,BI,anti,A,4.45,4.67,2.88,3.67,3.16,3.64,4.11,3.73,6.27,5.89,0.62,5.63,0.42,37.92,0.35,C3'-endo
35,35,0.34,U,U,U,0,0,0,1,0,(,73,1,cWW,cW-W,5.39,2.85,0.79,1.37,3.75,4.85,5.18,3.47,BI,anti,A,4.45,4.65,2.91,3.62,3.04,3.66,3.35,4.19,0.01,5.87,0.63,5.64,0.40,38.08,0.32,C3'-endo
36,36,0.35,A,A,A,1,0,0,0,0,(,72,1,cWW,cW-W,5.34,2.90,0.80,1.42,3.85,4.91,5.22,3.47,BI,anti,A,4.47,4.71,2.93,3.83,3.12,3.90,3.84,4.63,0.08,5.82,0.65,5.67,0.34,37.83,0.20,C3'-endo
37,37,0.36,U,U,U,0,0,0,1,0,(,71,1,cWW,cW-W,5.37,2.77,0.94,1.43,3.80,4.90,5.19,3.62,BI,anti,.,4.17,4.67,2.95,3.78,3.27,3.84,4.27,4.92,0.07,5.84,0.63,5.68,0.33,36.93,0.21,C3'-endo
38,38,0.37,G,G,G,0,0,1,0,0,.,70,1,cHW,cM+W,5.45,3.32,0.62,2.44,3.91,2.22,1.70,1.37,..,syn,.,-1.78,1.88,3.20,1.95,3.47,2.04,4.58,3.00,5.83,0.63,5.72,0.32,0.08,36.05,2.69,C2'-endo
39,39,0.38,A,A,A,1,0,0,0,0,.,,0,,,5.62,3.04,0.88,1.42,3.89,5.03,5.15,3.37,BI,anti,.,4.63,4.79,4.13,3.95,3.90,4.00,3.23,4.27,0.17,5.75,0.68,5.68,0.28,39.34,0.08,C3'-endo
40,40,0.39,U,U,U,0,0,0,1,0,.,,0,,,5.35,3.11,0.90,1.35,4.11,5.08,5.32,3.43,..,anti,.,4.39,4.72,3.16,4.09,3.36,4.22,3.83,5.00,0.00,5.87,0.64,5.63,0.41,38.62,0.32,C3'-endo
41,41,0.40,U,U,U,0,0,0,1,0,.,,0,,,5.38,2.85,0.95,1.37,4.12,4.40,6.00,3.60,..,anti,.,4.02,4.67,3.00,3.88,3.39,3.61,4.41,4.51,6.25,5.91,0.62,5.63,0.43,37.91,0.37,C3'-endo
42,42,0.41,A,A,A,1,0,0,0,0,.,46,1,tWH,tW+M,1.39,3.90,4.06,1.46,4.48,5.49,5.28,0.31,..,syn,.,-4.14,4.70,2.96,4.05,2.90,4.34,4.05,4.86,0.07,5.85,0.61,5.69,0.33,36.06,0.22,C3'-endo
43,43,0.42,G,G,G,0,0,1,0,0,.,62,1,tSW,tm+W,4.99,3.09,1.02,1.37,3.90,5.23,4.95,3.59,BI,anti,.,4.22,4.77,2.61,4.33,3.31,3.52,4.16,2.39,0.10,5.78,0.69,5.63,0.34,40.21,0.18,C3'-endo
44,44,0.43,C,C,C,0,1,0,0,0,[,63,1,cWW,cW-W,2.96,2.51,1.03,1.45,3.88,5.16,5.00,3.26,BI,anti,.,4.67,4.71,0.35,4.17,0.84,4.12,0.45,4.63,0.09,5.83,0.63,5.69,0.32,36.68,0.19,C3'-endo
45,45,0.44,G,G,G,0,0,1,0,0,.,57,1,t.W,t.+W,5.10,2.95,1.14,1.43,3.99,4.90,5.37,3.33,BI,anti,.,4.48,4.60,3.02,3.76,3.38,3.98,4.32,4.11,6.24,5.94,0.57,5.67,0.41,35.23,0.39,C3'-endo
46,46,0.45,A,A,A,1,0,0,0,0,.,"42,59",2,"tHW,tWS","tM+W,tW+m",5.38,3.72,0.92,2.62,4.88,3.65,1.23,4.94,BII,anti,.,-0.04,0.37,3.99,4.46,4.23,3.64,4.12,2.93,5.97,0.60,5.65,0.47,6.18,37.09,2.97,C2'-endo
47,47,0.46,C,C,C,0,1,0,0,0,(,69,1,cWW,cW-W,0.98,3.52,0.75,1.44,3.72,5.03,4.98,3.32,BI,anti,A,4.56,4.61,5.50,3.71,6.00,3.77,0.60,4.22,0.01,5.90,0.59,5.68,0.37,35.52,0.30,C3'-endo
48,48,0.47,U,U,U,0,0,0,1,0,.,,0,,,4.85,2.82,1.28,1.39,3.51,5.04,4.75,3.45,BI,anti,A,4.49,4.58,2.76,3.62,3.09,3.56,3.81,3.84,0.01,5.87,0.64,5.64,0.40,38.20,0.30,C3'-endo
49,49,0.48,C,C,C,0,1,0,0,0,(,67,1,cWW,cW-W,5.02,3.28,0.93,1.40,3.57,4.90,4.96,3.36,BI,anti,A,4.55,4.59,2.99,3.51,3.11,3.55,3.62,3.71,0.04,5.85,0.63,5.66,0.37,37.54,0.26,C3'-endo
50,50,0.49,U,U,U,0,0,0,1,0,(,66,1,cWW,cW-W,5.22,3.10,0.84,1.38,3.83,4.90,5.21,3.49,BI,anti,A,4.42,4.69,3.00,3.74,3.09,3.79,3.35,4.35,0.06,5.83,0.65,5.65,0.36,38.24,0.23,C3'-endo
51,51,0.50,A,A,A,1,0,0,0,0,(,65,1,cWW,cW-W,5.31,2.84,0.83,1.37,3.99,4.25,6.02,3.33,..,anti,A,4.61,4.73,2.87,3.95,3.08,3.84,3.86,4.27,0.02,5.86,0.64,5.64,0.40,38.41,0.30,C3'-endo
52,52,0.51,G,G,G,0,0,1,0,0,(,64,1,cWW,cW-W,2.13,4.17,3.24,1.45,4.78,4.25,0.53,2.92,..,anti,.,4.76,4.75,3.01,4.00,3.17,3.93,3.87,4.34,0.13,5.79,0.64,5.70,0.28,37.12,0.12,C3'-endo
53,53,0.52,G,G,G,0,0,1,0,0,.,,0,,,1.54,4.52,3.74,1.50,4.51,4.30,0.21,2.79,..,anti,.,4.47,4.62,3.15,3.71,3.42,4.08,4.23,5.01,0.08,5.86,0.59,5.72,0.31,34.65,0.20,C3'-endo
54,54,0.53,A,A,A,1,0,0,0,0,.,,0,,,0.60,1.99,0.06,2.57,3.35,4.23,5.40,4.34,BI,anti,.,2.15,2.13,2.50,4.15,3.31,3.72,4.51,4.41,5.88,0.66,5.64,0.43,6.26,38.60,2.84,C2'-endo
55,55,0.54,U,U,U,0,0,0,1,0,.,,0,,,6.05,2.97,5.96,1.37,2.82,4.59,4.51,3.98,BI,anti,.,3.48,4.14,2.76,2.30,2.84,1.95,3.84,1.59,0.02,5.87,0.62,5.66,0.38,37.11,0.29,C3'-endo
56,56,0.55,A,A,A,1,0,0,0,0,.,63,1,t.H,t.-M,3.49,2.45,1.63,1.37,3.82,5.02,5.09,3.34,BI,anti,A,4.58,4.67,1.63,3.79,1.58,3.71,1.59,4.38,6.28,5.87,0.64,5.62,0.42,39.01,0.33,C3'-endo
57,57,0.56,G,G,G,0,0,1,0,0,.,45,1,tW.,tW+.,5.26,2.90,0.87,1.35,3.88,4.92,5.24,3.32,BI,anti,A,4.66,4.75,2.84,3.83,3.13,3.88,4.18,4.44,0.06,5.81,0.69,5.61,0.38,40.55,0.24,C3'-endo
58,58,0.57,U,U,U,0,0,0,1,0,.,62,1,tWH,tW-M,5.48,2.82,0.90,1.33,3.93,4.72,5.50,3.55,BI,anti,.,4.26,4.70,3.02,4.27,3.27,4.13,4.08,4.79,0.00,5.86,0.66,5.61,0.42,39.79,0.32,C3'-endo
59,59,0.58,G,G,G,0,0,1,0,0,.,46,1,tSW,tm+W,2.46,3.79,3.18,1.39,4.42,4.44,6.27,3.43,..,anti,.,4.32,4.80,2.81,3.94,3.14,3.22,4.13,2.20,0.10,5.80,0.67,5.66,0.33,38.80,0.18,C3'-endo
60,60,0.59,A,A,A,1,0,0,0,0,.,,0,,,2.14,3.50,1.47,1.50,3.90,4.94,5.25,3.31,BI,anti,.,4.62,4.68,0.42,3.99,0.90,4.01,0.50,4.82,0.08,5.87,0.58,5.73,0.30,34.06,0.20,C3'-endo
61,61,0.60,A,A,A,1,0,0,0,0,.,,0,,,5.31,2.84,0.89,1.46,4.06,5.02,5.32,3.67,BI,anti,.,3.93,4.70,2.97,4.16,3.29,4.21,4.39,4.34,0.05,5.87,0.60,5.70,0.34,35.20,0.25,C3'-endo
62,62,0.61,A,A,A,1,0,0,0,0,.,"43,58",2,"tWS,tHW","tW+m,tM-W",3.93,2.78,2.84,2.62,3.80,4.35,5.73,4.29,..,anti,.,1.65,1.70,3.99,3.22,4.14,3.45,4.17,4.07,5.90,0.65,5.62,0.46,6.23,39.10,2.89,C2'-endo
63,63,0.62,G,G,G,0,0,1,0,0,],"44,56",2,"cWW,tH.","cW-W,tM-.",5.34,3.33,0.61,2.56,4.41,5.12,5.57,4.78,..,anti,.,0.72,1.06,3.46,5.30,3.81,5.12,4.31,5.82,5.90,0.63,5.66,0.42,6.26,37.31,2.85,C2'-endo
64,64,0.63,C,C,C,0,1,0,0,0,),52,1,cWW,cW-W,5.14,3.20,0.71,1.42,3.70,4.95,5.03,3.40,BI,anti,A,4.56,4.67,2.61,3.66,3.36,3.71,3.75,3.94,0.09,5.82,0.64,5.68,0.32,37.29,0.18,C3'-endo
65,65,0.64,U,U,U,0,0,0,1,0,),51,1,cWW,cW-W,5.35,3.01,0.77,1.37,3.78,4.87,5.19,3.48,BI,anti,A,4.45,4.68,2.95,3.69,3.12,3.75,3.52,4.39,0.03,5.85,0.66,5.63,0.39,39.03,0.28,C3'-endo
66,66,0.65,A,A,A,1,0,0,0,0,),50,1,cWW,cW-W,5.52,2.81,0.71,1.37,3.74,4.47,5.55,3.37,BI,anti,A,4.57,4.67,2.89,3.95,3.14,3.85,4.03,4.21,0.04,5.84,0.65,5.63,0.39,38.94,0.27,C3'-endo
67,67,0.66,G,G,G,0,0,1,0,0,),49,1,cWW,cW-W,2.43,3.97,3.14,1.41,4.19,4.54,5.93,3.12,..,anti,A,4.76,4.78,2.86,3.46,3.11,3.50,3.80,4.06,0.10,5.81,0.65,5.68,0.32,37.72,0.17,C3'-endo
68,68,0.67,A,A,A,1,0,0,0,0,.,,0,,,5.66,2.53,0.69,1.35,3.84,4.79,5.33,3.28,BI,anti,A,4.68,4.72,2.83,3.78,3.08,3.81,3.91,4.30,0.04,5.83,0.67,5.62,0.39,39.79,0.26,C3'-endo
69,69,0.68,G,G,G,0,0,1,0,0,),47,1,cWW,cW-W,5.56,2.72,0.85,1.38,3.34,4.86,4.76,3.36,BI,anti,.,4.48,4.50,2.94,3.88,3.25,3.64,4.10,3.58,0.03,5.86,0.64,5.65,0.38,37.93,0.28,C3'-endo
70,70,0.69,G,G,G,0,0,1,0,0,.,38,1,cWH,cW+M,2.73,3.39,3.20,1.39,4.58,3.55,1.03,3.04,BII,anti,.,4.75,4.78,3.09,3.12,3.12,3.18,3.29,3.36,0.08,5.81,0.66,5.65,0.35,38.76,0.21,C3'-endo
71,71,0.70,A,A,A,1,0,0,0,0,),37,1,cWW,cW-W,1.79,4.50,3.10,1.40,4.42,4.73,5.98,2.87,..,anti,A,4.74,4.76,2.86,3.81,2.99,3.75,3.19,4.24,0.07,5.83,0.64,5.66,0.35,37.75,0.23,C3'-endo
72,72,0.71,U,U,U,0,0,0,1,0,),36,1,cWW,cW-W,5.30,2.95,0.70,1.39,4.14,4.15,6.27,3.48,..,anti,A,4.35,4.76,2.78,3.86,3.02,3.73,3.78,3.73,0.05,5.84,0.65,5.65,0.36,38.10,0.24,C3'-endo
73,73,0.72,A,A,A,1,0,0,0,0,),35,1,cWW,cW-W,1.88,4.21,3.35,1.43,3.99,5.03,5.25,3.19,BI,anti,.,4.76,4.77,2.76,3.60,2.97,3.63,3.22,4.30,0.09,5.82,0.65,5.67,0.33,37.72,0.19,C3'-endo
74,74,0.73,G,G,G,0,0,1,0,0,),34,1,cWW,cW-W,5.30,3.09,0.79,1.38,3.46,4.85,4.89,3.51,BI,anti,.,4.45,4.59,2.85,4.02,3.20,3.94,4.19,4.35,0.07,5.82,0.67,5.63,0.37,39.36,0.23,C3'-endo
75,75,0.74,U,U,U,0,0,0,1,0,),33,1,cWW,cW-W,2.61,3.75,3.21,1.42,4.61,4.03,0.58,3.31,..,anti,A,4.44,4.77,3.15,3.72,3.37,3.59,4.06,4.01,0.09,5.81,0.65,5.67,0.33,37.81,0.18,C3'-endo
76,76,0.75,A,A,A,1,0,0,0,0,),32,1,cWW,cW-W,1.82,4.27,3.19,1.40,4.29,4.84,5.73,3.10,..,anti,A,4.83,4.84,2.50,3.77,2.84,3.76,3.54,4.34,0.13,5.77,0.68,5.66,0.31,39.25,0.13,C3'-endo
77,77,0.75,A,A,A,1,0,0,0,0,),31,1,cWW,cW-W,5.48,2.89,0.77,1.36,4.00,5.03,5.25,3.51,BI,anti,.,4.32,4.69,2.90,3.96,3.20,4.06,4.08,4.66,6.28,5.88,0.64,5.63,0.42,38.57,0.34,C3'-endo
78,78,0.76,C,C,C,0,1,0,0,0,),28,1,cWW,cW-W,5.39,3.17,0.70,1.41,3.51,4.88,4.91,3.54,BI,anti,.,4.35,4.54,2.94,3.94,3.25,3.90,4.08,4.36,0.03,5.87,0.63,5.66,0.38,37.34,0.29,C3'-endo
79,79,0.77,C,C,C,0,1,0,0,0,),27,1,cWW,cW-W,3.05,3.50,2.78,1.42,4.18,4.82,5.64,3.18,..,anti,A,4.69,4.75,2.91,3.71,3.15,3.74,3.84,4.31,0.08,5.83,0.64,5.67,0.33,37.26,0.21,C3'-endo
80,80,0.78,U,U,U,0,0,0,1,0,),26,1,cWW,cW-W,5.46,2.90,0.62,1.37,3.77,4.96,5.09,3.47,BI,anti,A,4.46,4.68,2.76,3.73,3.03,3.79,3.86,4.31,0.03,5.85,0.65,5.64,0.39,38.57,0.28,C3'-endo
81,81,0.79,U,U,U,0,0,0,1,0,),25,1,cWW,cW-W,5.27,2.88,0.97,1.35,3.78,4.54,5.52,3.45,BI,anti,.,4.47,4.67,2.94,3.40,3.19,3.37,3.93,3.16,6.28,5.88,0.64,5.63,0.42,38.59,0.33,C3'-endo
82,82,0.80,A,A,A,1,0,0,0,0,),24,1,cWW,cW-W,5.59,2.81,0.51,1.36,3.50,4.72,5.06,3.56,BI,anti,A,4.29,4.51,2.84,3.91,2.87,3.85,2.80,4.46,6.25,5.91,0.62,5.63,0.43,37.89,0.37,C3'-endo
83,83,0.81,A,A,A,1,0,0,0,0,),23,1,cWW,cW-W,2.64,3.83,2.93,1.43,4.34,4.90,5.72,3.13,..,anti,.,4.72,4.77,2.87,3.96,3.15,4.01,4.05,4.90,0.09,5.82,0.63,5.68,0.32,37.00,0.19,C3'-endo
84,84,0.82,G,G,G,0,0,1,0,0,.,22,1,tSH,tm-M,5.47,2.74,0.78,1.42,3.83,4.74,5.37,3.47,BI,anti,.,4.43,4.70,2.76,3.08,3.22,2.84,4.47,2.68,0.04,5.86,0.63,5.66,0.37,37.28,0.27,C3'-endo
85,85,0.83,A,A,A,1,0,0,0,0,.,21,1,tHW,tM-W,4.39,1.35,2.86,1.43,4.20,4.90,5.58,3.06,..,anti,A,4.80,4.80,3.47,2.99,3.04,3.31,2.69,4.21,0.11,5.81,0.64,5.69,0.31,37.33,0.16,C3'-endo
86,86,0.84,A,A,A,1,0,0,0,0,.,19,1,tHH,tM+M,5.17,2.83,0.96,1.43,3.79,4.26,5.82,3.12,..,anti,.,4.73,4.71,2.74,3.19,3.10,3.26,4.25,3.27,0.07,5.83,0.64,5.67,0.35,37.46,0.22,C3'-endo
87,87,0.85,G,G,G,0,0,1,0,0,],"0,18",2,"cWW,tHS","cW-W,tM-m",5.53,2.87,0.71,1.38,3.85,4.75,5.39,3.19,BI,anti,A,4.72,4.72,3.15,3.62,3.05,3.68,2.98,4.01,0.05,5.83,0.65,5.64,0.37,38.67,0.25,C3'-endo
88,88,0.86,G,G,G,0,0,1,0,0,],0,1,cWW,cW-W,5.34,2.88,0.87,1.38,3.61,4.99,4.90,3.33,BI,anti,A,4.61,4.66,2.94,3.66,3.11,3.66,3.64,3.97,0.05,5.83,0.66,5.64,0.37,38.73,0.25,C3'-endo
89,89,0.87,C,C,C,0,1,0,0,0,],0,1,cWW,cW-W,5.14,3.01,1.02,1.41,3.81,5.22,4.87,3.44,BI,anti,.,4.49,4.68,3.01,4.05,3.19,4.09,3.72,4.93,0.03,5.87,0.63,5.65,0.38,37.52,0.29,C3'-endo
90,90,0.88,A,A,A,1,0,0,0,0,.,16,1,cWW,cW-W,5.10,3.03,0.88,1.40,3.98,5.13,5.13,3.43,BI,anti,.,4.52,4.77,2.81,4.08,3.18,4.15,4.39,4.76,0.10,5.80,0.67,5.65,0.34,39.16,0.18,C3'-endo
91,91,0.89,C,C,C,0,1,0,0,0,),15,1,cWW,cW-W,5.18,3.08,0.97,1.37,3.78,4.18,5.88,3.41,..,anti,A,4.50,4.64,2.93,3.69,3.28,3.83,4.19,4.43,0.01,5.88,0.63,5.64,0.40,38.10,0.32,C3'-endo
92,92,0.90,U,U,U,0,0,0,1,0,),14,1,cWW,cW-W,0.64,2.04,6.24,1.39,3.41,4.75,4.95,3.66,BI,anti,.,4.17,4.52,2.96,3.84,3.12,3.68,3.83,3.56,0.02,5.87,0.63,5.65,0.38,37.52,0.29,C3'-endo
93,93,0.91,U,U,U,0,0,0,1,0,),13,1,cWW,cW-W,2.98,3.42,2.61,1.42,4.06,4.76,5.58,3.36,..,anti,A,4.59,4.78,2.60,3.61,2.75,3.62,2.89,4.23,0.11,5.80,0.65,5.68,0.31,37.46,0.16,C3'-endo
94,94,0.92,C,C,C,0,1,0,0,0,),12,1,cWW,cW-W,5.47,2.71,0.82,1.40,4.08,5.11,5.26,3.35,..,anti,.,4.60,4.78,2.93,4.19,3.18,4.35,4.05,5.07,0.09,5.81,0.66,5.66,0.34,38.42,0.19,C3'-endo
95,95,0.93,G,G,G,0,0,1,0,0,.,11,1,tSH,tm-M,5.39,3.09,1.17,2.49,4.65,3.22,1.43,4.33,BII,anti,.,0.77,0.98,3.63,3.06,4.21,3.08,4.97,3.40,5.89,0.60,5.71,0.36,0.02,35.16,2.79,C2'-endo
96,96,0.94,A,A,A,1,0,0,0,0,.,"7,10",2,"tWS,tHS","tW+m,tM-m",4.49,2.82,0.82,2.53,4.88,1.54,3.34,3.92,..,anti,.,0.48,0.50,3.37,2.78,3.39,2.55,3.60,3.09,5.86,0.65,5.67,0.39,0.02,37.44,2.79,C2'-endo
97,97,0.95,G,G,G,0,0,1,0,0,),6,1,cWW,cW-W,1.59,4.49,3.12,1.46,3.78,4.82,5.24,3.34,BI,anti,A,4.63,4.71,3.52,3.47,3.73,3.28,4.36,3.49,0.14,5.79,0.64,5.70,0.28,37.06,0.11,C3'-endo
98,98,0.96,C,C,C,0,1,0,0,0,),5,1,cWW,cW-W,5.21,2.83,1.02,1.43,3.73,5.01,5.01,3.46,BI,anti,A,4.48,4.67,2.93,3.84,3.15,3.85,3.65,4.46,0.06,5.84,0.64,5.66,0.36,37.54,0.24,C3'-endo
99,99,0.97,A,A,A,1,0,0,0,0,),4,1,cWW,cW-W,5.21,2.97,0.93,1.43,3.75,4.84,5.19,3.35,BI,anti,A,4.63,4.71,2.93,3.68,3.23,3.68,4.17,3.72,0.11,5.80,0.65,5.68,0.31,37.95,0.16,C3'-endo
100,100,0.98,C,C,C,0,1,0,0,0,),3,1,cWW,cW-W,5.27,2.98,0.89,1.36,3.77,5.15,4.89,3.60,BI,anti,A,4.24,4.68,2.96,3.88,3.10,3.92,3.35,4.53,0.02,5.85,0.65,5.62,0.40,39.10,0.29,C3'-endo
101,101,0.99,C,C,C,0,1,0,0,0,),2,1,cWW,cW-W,5.05,2.94,1.20,1.34,3.69,4.92,5.06,3.51,BI,anti,.,4.37,4.61,2.94,3.58,3.28,3.70,4.17,3.66,6.23,5.92,0.62,5.62,0.45,38.59,0.40,C3'-endo
102,102,1.00,C,C,C,0,1,0,0,0,),"0,1",2,"cSH,cWW","cm+M,cW-W",5.20,3.25,1.03,2.50,,,,4.22,n/a,anti,-,,,,,,,,,5.87,0.63,5.69,0.37,0.02,36.19,2.78,C2'-endo
