index_chain,old_nt_resnum,nt_position,nt_name,nt_code,nt_align_code,is_A,is_C,is_G,is_U,is_other,dbn,paired,nb_interact,pair_type_LW,pair_type_DSSR,alpha,beta,gamma,delta,epsilon,zeta,epsilon_zeta,chi,bb_type,glyco_bond,form,ssZp,Dp,eta,theta,eta_prime,theta_prime,eta_base,theta_base,v0,v1,v2,v3,v4,amplitude,phase_angle,puckering
1,1,0.01,G,G,G,0,0,1,0,0,(,102,1,cWW,cW-W,,,1.06,1.44,3.96,4.88,5.36,3.07,BI,anti,A,4.82,4.80,,,,,,,0.15,5.77,0.66,5.70,0.28,37.81,0.10,C3'-endo
2,2,0.02,G,G,G,0,0,1,0,0,(,"101,0",2,"cWW,tSW","cW-W,tm+W",5.21,3.03,0.91,1.42,3.61,5.09,4.80,3.31,BI,anti,A,4.62,4.63,2.92,3.76,3.17,3.77,3.89,4.10,0.10,5.81,0.64,5.68,0.32,37.44,0.17,C3'-endo
3,3,0.03,G,G,G,0,0,1,0,0,(,"100,0",2,"cWW,tSS","cW-W,tm+m",5.09,3.28,0.85,1.39,3.70,4.71,5.27,3.39,BI,anti,.,4.52,4.61,2.98,4.01,3.14,3.88,3.69,4.12,0.02,5.87,0.63,5.65,0.39,37.59,0.30,C3'-endo
4,4,0.04,U,U,U,0,0,0,1,0,(,99,1,cWW,cW-W,2.21,3.69,3.52,1.44,4.07,4.82,5.53,3.31,..,anti,A,4.63,4.76,2.97,3.32,3.15,3.48,3.66,4.16,0.12,5.80,0.64,5.69,0.30,37.23,0.15,C3'-endo
5,5,0.05,G,G,G,0,0,1,0,0,(,98,1,cWW,cW-W,5.45,2.81,0.78,1.37,3.79,4.94,5.13,3.48,BI,anti,A,4.44,4.69,2.86,3.74,3.15,3.75,4.02,4.12,0.04,5.84,0.65,5.64,0.38,38.47,0.26,C3'-endo
6,6,0.06,C,C,C,0,1,0,0,0,(,97,1,cWW,cW-W,5.26,2.84,0.99,1.34,3.78,4.97,5.09,3.57,BI,anti,A,4.29,4.68,2.91,3.78,3.14,3.81,3.77,4.45,6.28,5.87,0.66,5.60,0.43,39.86,0.33,C3'-endo
7,7,0.07,G,G,G,0,0,1,0,0,.,96,1,tSW,tm+W,5.39,2.89,0.86,1.37,3.99,3.85,0.13,3.52,..,anti,.,4.34,4.74,3.00,3.12,3.26,3.18,4.13,2.81,0.04,5.84,0.66,5.63,0.38,38.94,0.27,C3'-endo
8,8,0.08,A,A,A,1,0,0,0,0,.,,0,,,0.74,3.14,5.17,2.52,4.07,1.50,2.56,0.98,..,syn,.,-1.63,1.60,3.40,1.12,3.12,0.56,2.59,5.72,5.86,0.66,5.66,0.40,0.01,38.21,2.80,C2'-endo
9,9,0.09,U,U,U,0,0,0,1,0,.,,0,,,0.81,3.17,1.27,2.57,4.82,5.89,5.22,4.06,..,anti,.,0.56,0.67,0.01,0.09,0.45,6.18,1.38,0.19,5.96,0.58,5.68,0.43,6.22,35.38,2.92,C2'-endo
10,10,0.10,G,G,G,0,0,1,0,0,.,96,1,tSH,tm-M,4.68,3.88,1.05,2.55,4.39,2.50,1.90,4.46,BII,anti,.,1.01,1.15,2.95,2.49,3.70,2.42,3.64,3.02,5.89,0.63,5.67,0.40,6.28,37.10,2.82,C2'-endo
11,11,0.11,A,A,A,1,0,0,0,0,.,95,1,tHS,tM-m,4.58,3.06,0.70,1.46,4.03,5.22,5.10,3.28,BI,anti,.,4.67,4.75,3.18,4.24,2.92,4.34,3.27,5.23,0.13,5.80,0.63,5.71,0.28,36.37,0.13,C3'-endo
12,12,0.12,G,G,G,0,0,1,0,0,(,94,1,cWW,cW-W,5.14,2.85,1.04,1.41,3.69,4.95,5.02,3.36,BI,anti,A,4.58,4.64,2.76,3.71,3.28,3.69,4.62,4.13,0.04,5.85,0.63,5.66,0.37,37.47,0.26,C3'-endo
13,13,0.13,A,A,A,1,0,0,0,0,(,93,1,cWW,cW-W,5.16,2.96,0.96,1.43,3.91,4.74,5.46,3.44,BI,anti,A,4.49,4.72,2.95,3.69,3.15,3.70,3.85,4.12,0.07,5.84,0.64,5.67,0.35,37.38,0.22,C3'-endo
14,14,0.14,A,A,A,1,0,0,0,0,(,92,1,cWW,cW-W,5.28,2.62,1.04,1.40,3.65,5.12,4.81,3.34,BI,anti,A,4.61,4.64,2.84,3.89,3.12,3.84,3.83,4.34,0.01,5.87,0.63,5.64,0.40,38.15,0.31,C3'-endo
15,15,0.15,G,G,G,0,0,1,0,0,(,91,1,cWW,cW-W,5.15,2.98,1.07,1.40,3.78,4.99,5.08,3.29,BI,anti,.,4.61,4.64,3.01,3.82,3.32,3.85,4.18,4.71,6.27,5.89,0.62,5.64,0.42,37.97,0.34,C3'-endo
16,16,0.16,A,A,A,1,0,0,0,0,.,90,1,cWW,cW-W,5.24,2.91,0.87,1.42,4.16,5.24,5.20,3.31,..,anti,.,4.64,4.81,2.94,4.12,3.21,4.06,4.36,5.21,0.09,5.81,0.65,5.66,0.34,38.21,0.20,C3'-endo
17,17,0.17,A,A,A,1,0,0,0,0,.,,0,,,4.57,2.13,2.35,1.36,4.33,5.28,5.33,5.92,..,syn,.,-4.61,4.73,3.23,3.91,3.45,4.04,4.95,3.98,6.27,5.89,0.63,5.63,0.42,38.43,0.35,C3'-endo
18,18,0.18,G,G,G,0,0,1,0,0,.,87,1,tSH,tm-M,5.05,2.89,0.99,1.44,3.88,0.68,3.19,3.58,..,anti,.,4.25,4.70,2.59,5.96,3.18,5.21,3.52,4.60,0.07,5.84,0.62,5.68,0.33,36.63,0.22,C3'-endo
19,19,0.19,A,A,A,1,0,0,0,0,.,86,1,tHH,tM+M,2.73,2.57,1.14,2.53,4.82,2.12,2.70,3.92,..,anti,.,0.49,0.52,1.11,2.84,2.18,2.25,2.28,2.53,5.87,0.64,5.67,0.39,0.01,37.48,2.80,C2'-endo
20,20,0.20,G,G,G,0,0,1,0,0,.,21,1,cSH,cm+M,0.76,4.43,4.76,2.58,3.63,2.67,0.96,4.70,..,anti,.,1.91,1.97,5.04,0.97,4.56,1.27,4.47,1.50,5.86,0.67,5.64,0.42,6.28,38.91,2.82,C2'-endo
21,21,0.21,U,U,U,0,0,0,1,0,.,"20,85",2,"cHS,tWH","cM+m,tW-M",4.79,2.69,0.55,1.42,3.66,5.00,4.94,3.50,BI,anti,.,4.40,4.62,2.61,3.77,2.43,3.82,2.50,4.29,0.03,5.87,0.61,5.67,0.37,36.58,0.27,C3'-endo
22,22,0.22,A,A,A,1,0,0,0,0,.,84,1,tHS,tM-m,5.23,3.05,0.93,1.42,4.04,5.08,5.24,3.25,BI,anti,.,4.69,4.75,3.10,4.11,3.29,4.20,3.96,5.08,0.07,5.83,0.63,5.67,0.34,37.20,0.22,C3'-endo
23,23,0.23,U,U,U,0,0,0,1,0,(,83,1,cWW,cW-W,5.29,2.74,0.98,1.41,3.84,5.03,5.09,3.37,BI,anti,.,4.58,4.70,2.82,3.92,3.28,3.92,4.58,4.28,0.05,5.84,0.64,5.65,0.37,37.88,0.25,C3'-endo
24,24,0.24,U,U,U,0,0,0,1,0,(,82,1,cWW,cW-W,5.39,3.22,0.70,1.38,3.86,4.55,5.59,3.39,BI,anti,.,4.47,4.62,3.07,3.93,3.26,3.83,3.85,4.08,6.28,5.89,0.62,5.64,0.41,37.66,0.33,C3'-endo
25,25,0.25,A,A,A,1,0,0,0,0,(,81,1,cWW,cW-W,2.02,3.88,3.63,1.46,3.94,4.57,5.65,3.29,..,anti,A,4.60,4.68,3.03,3.63,3.18,3.62,3.65,4.42,0.06,5.86,0.60,5.70,0.33,35.46,0.23,C3'-endo
26,26,0.25,A,A,A,1,0,0,0,0,(,80,1,cWW,cW-W,2.70,3.91,2.72,1.41,4.53,5.20,5.61,3.19,..,anti,A,4.64,4.78,2.62,4.06,3.01,3.81,4.05,4.05,0.09,5.81,0.65,5.67,0.33,37.99,0.19,C3'-endo
27,27,0.26,G,G,G,0,0,1,0,0,(,79,1,cWW,cW-W,4.38,1.77,2.32,1.41,4.16,4.72,5.72,3.06,..,anti,.,4.84,4.82,2.72,3.41,3.01,3.53,3.64,4.30,0.15,5.76,0.68,5.68,0.29,39.10,0.10,C3'-endo
28,28,0.27,G,G,G,0,0,1,0,0,(,78,1,cWW,cW-W,5.74,2.63,0.75,1.41,4.20,4.71,5.78,3.26,..,anti,.,4.64,4.76,3.07,3.95,3.39,4.00,4.40,4.80,0.06,5.84,0.64,5.66,0.36,37.52,0.24,C3'-endo
29,29,0.28,A,A,A,1,0,0,0,0,.,,0,,,5.31,2.61,0.95,1.43,4.30,4.79,5.79,3.33,..,anti,.,4.53,4.79,2.93,4.18,3.20,4.33,4.27,4.94,0.10,5.82,0.64,5.68,0.32,37.09,0.18,C3'-endo
30,30,0.29,U,U,U,0,0,0,1,0,.,,0,,,5.66,2.68,1.03,2.46,3.92,1.46,2.46,4.01,..,anti,.,1.74,1.74,3.14,1.89,3.87,1.46,4.68,1.71,5.86,0.63,5.70,0.35,0.04,36.13,2.75,C2'-endo
31,31,0.30,U,U,U,0,0,0,1,0,(,77,1,cWW,cW-W,2.21,4.05,2.46,1.43,3.27,0.38,2.88,3.24,..,anti,.,4.31,4.34,2.51,4.82,2.75,4.13,2.90,4.46,6.26,5.93,0.57,5.68,0.39,35.09,0.36,C3'-endo
32,32,0.31,U,U,U,0,0,0,1,0,(,76,1,cWW,cW-W,3.29,1.49,2.87,1.50,4.42,4.29,0.12,3.24,..,anti,A,4.59,4.75,2.74,3.35,2.99,3.42,3.82,4.13,0.13,5.83,0.59,5.75,0.25,34.11,0.11,C3'-endo
33,33,0.32,A,A,A,1,0,0,0,0,(,75,1,cWW,cW-W,2.19,4.11,3.03,1.41,4.24,4.52,6.00,3.07,..,anti,A,4.74,4.75,2.47,3.55,2.91,3.55,3.86,4.03,0.05,5.85,0.63,5.66,0.36,37.35,0.25,C3'-endo
34,34,0.33,C,C,C,0,1,0,0,0,(,74,1,cWW,cW-W,5.60,2.54,0.79,1.37,3.82,4.83,5.27,3.44,BI,anti,A,4.45,4.64,2.89,3.76,3.15,3.76,3.89,4.23,6.26,5.90,0.62,5.63,0.43,38.14,0.36,C3'-endo
35,35,0.34,U,U,U,0,0,0,1,0,(,73,1,cWW,cW-W,5.43,2.83,0.80,1.38,3.78,4.85,5.21,3.47,BI,anti,A,4.42,4.63,2.95,3.69,3.17,3.73,3.89,4.35,0.01,5.88,0.63,5.64,0.40,37.91,0.31,C3'-endo
36,36,0.35,A,A,A,1,0,0,0,0,(,72,1,cWW,cW-W,5.33,2.90,0.80,1.42,3.84,4.87,5.25,3.50,BI,anti,A,4.41,4.73,2.92,3.78,3.12,3.82,3.94,4.42,0.09,5.82,0.64,5.67,0.33,37.58,0.20,C3'-endo
37,37,0.36,U,U,U,0,0,0,1,0,(,71,1,cWW,cW-W,5.33,2.73,0.95,1.44,3.74,4.88,5.14,3.63,BI,anti,.,4.18,4.67,2.89,3.71,3.19,3.75,4.07,4.83,0.08,5.83,0.63,5.69,0.33,36.73,0.20,C3'-endo
38,38,0.37,G,G,G,0,0,1,0,0,.,70,1,cHW,cM+W,5.46,3.27,0.65,2.47,3.95,2.23,1.71,1.37,..,syn,.,-1.65,1.75,3.23,2.03,3.51,2.06,4.65,2.78,5.83,0.64,5.71,0.33,0.07,36.25,2.70,C2'-endo
39,39,0.38,A,A,A,1,0,0,0,0,.,,0,,,5.61,2.99,0.87,1.42,3.91,5.10,5.09,3.35,BI,anti,.,4.65,4.78,4.05,4.05,3.84,4.10,3.46,4.52,0.17,5.74,0.70,5.67,0.28,40.01,0.09,C3'-endo
40,40,0.39,U,U,U,0,0,0,1,0,.,60,1,c.H,c.+M,5.38,3.11,0.91,1.35,4.17,5.10,5.35,3.44,..,anti,.,4.34,4.71,3.20,4.19,3.47,4.32,4.13,5.15,6.28,5.88,0.64,5.62,0.42,39.00,0.33,C3'-endo
41,41,0.40,U,U,U,0,0,0,1,0,.,61,1,cW.,cW+.,5.36,2.86,0.91,1.35,4.11,4.40,5.99,3.60,..,anti,.,4.03,4.68,2.91,3.84,3.34,3.56,4.43,4.55,6.25,5.91,0.62,5.63,0.43,38.10,0.37,C3'-endo
42,42,0.41,A,A,A,1,0,0,0,0,.,46,1,tHH,tM+M,1.37,3.93,4.02,1.44,4.40,5.45,5.24,0.28,..,syn,.,-4.37,4.75,2.90,3.92,2.83,4.18,4.12,4.46,0.09,5.83,0.63,5.69,0.32,36.55,0.19,C3'-endo
43,43,0.42,G,G,G,0,0,1,0,0,.,62,1,tSW,tm+W,5.00,3.09,1.02,1.37,3.94,5.27,4.96,3.59,BI,anti,.,4.22,4.77,2.66,4.40,3.30,3.60,3.90,2.47,0.09,5.79,0.69,5.63,0.35,40.04,0.19,C3'-endo
44,44,0.43,C,C,C,0,1,0,0,0,[,63,1,cWW,cW-W,2.96,2.53,1.05,1.44,3.87,5.16,4.99,3.26,BI,anti,A,4.68,4.71,0.36,4.14,0.90,4.09,0.49,4.74,0.09,5.83,0.63,5.68,0.32,36.90,0.19,C3'-endo
45,45,0.44,G,G,G,0,0,1,0,0,.,57,1,t.W,t.+W,5.08,2.92,1.13,1.44,3.96,4.88,5.36,3.31,BI,anti,.,4.48,4.58,2.96,3.76,3.35,3.97,4.43,4.11,6.25,5.95,0.56,5.69,0.40,34.60,0.38,C3'-endo
46,46,0.45,A,A,A,1,0,0,0,0,.,"42,59",2,"tHH,tWS","tM+M,tW+m",5.38,3.72,0.96,2.65,4.91,3.69,1.22,4.93,..,anti,.,-0.03,0.32,4.02,4.62,4.27,3.75,4.14,3.10,5.97,0.60,5.64,0.48,6.17,37.38,2.98,C2'-endo
47,47,0.46,C,C,C,0,1,0,0,0,(,69,1,cWW,cW-W,1.01,3.52,0.74,1.42,3.72,5.02,4.99,3.33,BI,anti,A,4.53,4.58,5.45,3.64,6.00,3.72,0.58,4.26,0.00,5.90,0.59,5.68,0.38,35.67,0.32,C3'-endo
48,48,0.47,U,U,U,0,0,0,1,0,(,68,1,cWW,cW-W,4.85,2.84,1.26,1.39,3.59,5.07,4.80,3.45,BI,anti,A,4.49,4.60,2.77,3.73,3.08,3.69,3.84,4.14,0.01,5.87,0.64,5.64,0.40,38.24,0.31,C3'-endo
49,49,0.48,C,C,C,0,1,0,0,0,(,67,1,cWW,cW-W,4.99,3.27,0.91,1.40,3.57,4.92,4.94,3.36,BI,anti,A,4.57,4.61,2.90,3.53,3.08,3.57,3.79,3.69,0.05,5.85,0.64,5.66,0.36,37.62,0.25,C3'-endo
50,50,0.49,U,U,U,0,0,0,1,0,(,66,1,cWW,cW-W,5.22,3.06,0.86,1.39,3.79,4.89,5.19,3.50,BI,anti,A,4.41,4.69,2.99,3.70,3.10,3.73,3.36,4.21,0.07,5.83,0.65,5.65,0.36,38.18,0.23,C3'-endo
51,51,0.50,A,A,A,1,0,0,0,0,(,65,1,cWW,cW-W,5.33,2.84,0.86,1.39,3.99,4.19,6.08,3.36,..,anti,A,4.52,4.69,2.95,3.90,3.14,3.79,3.83,4.24,0.01,5.88,0.62,5.65,0.39,37.53,0.31,C3'-endo
52,52,0.51,G,G,G,0,0,1,0,0,(,64,1,cWW,cW-W,2.14,4.16,3.18,1.48,4.78,4.22,0.56,2.93,..,anti,A,4.70,4.71,2.98,4.01,3.14,3.89,3.83,4.31,0.13,5.81,0.62,5.73,0.27,35.62,0.11,C3'-endo
53,53,0.52,G,G,G,0,0,1,0,0,.,,0,,,1.51,4.48,3.64,1.50,4.47,4.27,0.21,2.80,..,anti,.,4.57,4.67,3.00,3.72,3.28,4.06,4.10,4.82,0.09,5.86,0.58,5.73,0.29,34.01,0.18,C3'-endo
54,54,0.53,A,A,A,1,0,0,0,0,.,,0,,,0.61,2.01,0.09,2.60,3.37,4.26,5.38,4.34,BI,anti,.,2.10,2.10,2.57,4.25,3.36,3.82,4.38,4.67,5.88,0.67,5.63,0.44,6.26,39.36,2.85,C2'-endo
55,55,0.54,U,U,U,0,0,0,1,0,.,,0,,,6.06,2.95,5.98,1.39,2.85,4.62,4.52,3.98,BI,anti,.,3.51,4.17,2.74,2.40,2.88,2.03,4.07,1.63,0.02,5.87,0.62,5.66,0.38,37.25,0.29,C3'-endo
56,56,0.55,A,A,A,1,0,0,0,0,.,63,1,cHH,cM-M,3.45,2.45,1.61,1.36,3.80,5.01,5.07,3.37,BI,anti,A,4.55,4.66,1.55,3.75,1.51,3.67,1.49,4.39,6.27,5.88,0.64,5.62,0.43,38.88,0.34,C3'-endo
57,57,0.56,G,G,G,0,0,1,0,0,.,45,1,tW.,tW+.,5.27,2.87,0.89,1.36,3.83,4.88,5.23,3.34,BI,anti,A,4.64,4.74,2.86,3.76,3.15,3.81,4.24,4.21,0.06,5.82,0.68,5.62,0.38,39.96,0.24,C3'-endo
58,58,0.57,U,U,U,0,0,0,1,0,.,62,1,tWH,tW-M,5.50,2.82,0.93,1.36,3.96,4.71,5.53,3.56,BI,anti,.,4.22,4.69,3.13,4.32,3.37,4.18,3.97,4.92,6.28,5.87,0.65,5.62,0.42,39.02,0.33,C3'-endo
59,59,0.58,G,G,G,0,0,1,0,0,.,46,1,tSW,tm+W,2.45,3.80,3.13,1.40,4.41,4.43,6.26,3.44,..,anti,.,4.29,4.83,2.74,3.94,3.11,3.21,4.20,2.09,0.11,5.79,0.66,5.67,0.32,38.50,0.16,C3'-endo
60,60,0.59,A,A,A,1,0,0,0,0,.,40,1,cH.,cM+.,2.14,3.52,1.47,1.51,3.89,4.92,5.26,3.28,BI,anti,A,4.64,4.69,0.46,3.99,0.91,3.99,0.48,4.57,0.09,5.86,0.59,5.73,0.29,34.06,0.18,C3'-endo
61,61,0.60,A,A,A,1,0,0,0,0,.,41,1,c.W,c.+W,5.32,2.86,0.91,1.46,4.05,4.99,5.34,3.68,BI,anti,.,3.92,4.70,3.01,4.10,3.30,4.16,4.17,4.29,0.05,5.87,0.60,5.70,0.34,35.26,0.25,C3'-endo
62,62,0.61,A,A,A,1,0,0,0,0,.,"43,58",2,"tWS,tHW","tW+m,tM-W",3.93,2.77,2.84,2.61,3.79,4.34,5.74,4.32,..,anti,.,1.62,1.67,4.01,3.18,4.13,3.42,4.14,4.05,5.90,0.65,5.63,0.45,6.23,38.70,2.89,C2'-endo
63,63,0.62,G,G,G,0,0,1,0,0,],"44,56",2,"cWW,cHH","cW-W,cM-M",5.33,3.30,0.63,2.57,4.37,5.07,5.58,4.78,..,anti,.,0.79,1.08,3.45,5.22,3.81,5.02,4.30,5.72,5.90,0.64,5.65,0.42,6.26,37.61,2.85,C2'-endo
64,64,0.63,C,C,C,0,1,0,0,0,),52,1,cWW,cW-W,5.11,3.18,0.70,1.43,3.74,4.99,5.03,3.40,BI,anti,A,4.56,4.68,2.60,3.76,3.34,3.82,3.76,4.20,0.10,5.82,0.64,5.68,0.32,37.22,0.18,C3'-endo
65,65,0.64,U,U,U,0,0,0,1,0,),51,1,cWW,cW-W,5.34,3.01,0.74,1.37,3.79,4.86,5.21,3.49,BI,anti,A,4.42,4.69,2.91,3.70,3.12,3.76,3.71,4.30,0.03,5.85,0.65,5.63,0.39,38.84,0.28,C3'-endo
66,66,0.65,A,A,A,1,0,0,0,0,),50,1,cWW,cW-W,5.53,2.84,0.71,1.36,3.73,4.48,5.54,3.37,BI,anti,A,4.56,4.66,2.93,3.93,3.16,3.83,3.92,4.18,0.03,5.84,0.66,5.63,0.39,39.08,0.28,C3'-endo
67,67,0.66,G,G,G,0,0,1,0,0,),49,1,cWW,cW-W,2.43,3.98,3.16,1.42,4.19,4.55,5.92,3.11,..,anti,A,4.76,4.77,2.92,3.45,3.16,3.51,3.81,4.17,0.10,5.81,0.65,5.68,0.32,37.64,0.18,C3'-endo
68,68,0.67,A,A,A,1,0,0,0,0,),48,1,cWW,cW-W,5.68,2.51,0.71,1.36,3.81,4.78,5.31,3.29,BI,anti,A,4.67,4.72,2.85,3.76,3.14,3.78,4.08,4.25,0.04,5.83,0.67,5.62,0.39,39.70,0.26,C3'-endo
69,69,0.68,G,G,G,0,0,1,0,0,),47,1,cWW,cW-W,5.57,2.70,0.88,1.39,3.33,4.88,4.73,3.40,BI,anti,.,4.48,4.50,2.98,3.90,3.31,3.65,4.12,3.56,0.04,5.85,0.64,5.65,0.38,38.04,0.27,C3'-endo
70,70,0.69,G,G,G,0,0,1,0,0,.,38,1,cWH,cW+M,2.72,3.41,3.20,1.39,4.60,3.56,1.04,3.06,BII,anti,.,4.72,4.76,3.10,3.14,3.15,3.16,3.31,3.30,0.08,5.82,0.66,5.65,0.35,38.70,0.22,C3'-endo
71,71,0.70,A,A,A,1,0,0,0,0,),37,1,cWW,cW-W,1.76,4.49,3.07,1.39,4.41,4.78,5.92,2.87,..,anti,A,4.72,4.75,2.76,3.88,2.91,3.81,3.08,4.41,0.06,5.84,0.64,5.66,0.36,37.90,0.24,C3'-endo
72,72,0.71,U,U,U,0,0,0,1,0,),36,1,cWW,cW-W,5.33,2.93,0.70,1.38,4.14,4.18,6.24,3.48,..,anti,A,4.33,4.75,2.77,3.92,3.05,3.82,3.97,4.07,0.05,5.84,0.65,5.64,0.37,38.55,0.25,C3'-endo
73,73,0.72,A,A,A,1,0,0,0,0,),35,1,cWW,cW-W,1.89,4.27,3.39,1.44,3.98,4.99,5.27,3.21,BI,anti,A,4.70,4.73,2.87,3.51,3.11,3.55,3.63,4.17,0.09,5.83,0.64,5.68,0.33,37.17,0.19,C3'-endo
74,74,0.73,G,G,G,0,0,1,0,0,),34,1,cWW,cW-W,5.29,3.08,0.76,1.38,3.47,4.86,4.89,3.53,BI,anti,.,4.39,4.58,2.83,4.02,3.14,3.94,4.04,4.39,0.06,5.82,0.66,5.64,0.37,38.94,0.24,C3'-endo
75,75,0.74,U,U,U,0,0,0,1,0,),33,1,cWW,cW-W,2.58,3.78,3.20,1.43,4.56,4.01,0.55,3.30,..,anti,A,4.43,4.73,3.15,3.64,3.38,3.53,4.10,4.02,0.09,5.82,0.63,5.68,0.32,37.03,0.19,C3'-endo
76,76,0.75,A,A,A,1,0,0,0,0,),32,1,cWW,cW-W,1.79,4.34,3.19,1.43,4.28,4.79,5.77,3.11,..,anti,A,4.76,4.80,2.62,3.71,2.95,3.69,3.71,4.28,0.13,5.79,0.65,5.69,0.30,37.79,0.13,C3'-endo
77,77,0.75,A,A,A,1,0,0,0,0,),31,1,cWW,cW-W,5.43,2.86,0.74,1.38,4.03,4.99,5.32,3.54,BI,anti,.,4.22,4.73,2.87,3.99,3.15,4.07,4.00,4.56,0.01,5.88,0.63,5.64,0.40,37.86,0.32,C3'-endo
78,78,0.76,C,C,C,0,1,0,0,0,),28,1,cWW,cW-W,5.37,3.19,0.70,1.41,3.47,4.84,4.91,3.53,BI,anti,.,4.36,4.53,2.95,3.84,3.22,3.80,3.91,4.21,0.03,5.87,0.62,5.66,0.37,36.98,0.28,C3'-endo
79,79,0.77,C,C,C,0,1,0,0,0,),27,1,cWW,cW-W,3.06,3.49,2.77,1.43,4.15,4.81,5.63,3.18,..,anti,A,4.73,4.78,2.93,3.68,3.14,3.72,3.76,4.24,0.09,5.82,0.63,5.68,0.32,36.98,0.19,C3'-endo
80,80,0.78,U,U,U,0,0,0,1,0,),26,1,cWW,cW-W,5.49,2.91,0.65,1.38,3.76,4.93,5.11,3.46,BI,anti,A,4.47,4.68,2.84,3.71,3.11,3.75,3.87,4.10,0.04,5.85,0.65,5.64,0.38,38.43,0.27,C3'-endo
81,81,0.79,U,U,U,0,0,0,1,0,),25,1,cWW,cW-W,5.24,2.90,0.93,1.37,3.84,4.66,5.47,3.45,BI,anti,A,4.45,4.67,2.92,3.61,3.12,3.63,3.67,3.91,6.27,5.89,0.63,5.62,0.42,38.52,0.35,C3'-endo
82,82,0.80,A,A,A,1,0,0,0,0,),24,1,cWW,cW-W,5.65,2.78,0.54,1.36,3.48,4.71,5.04,3.55,BI,anti,A,4.33,4.53,2.85,3.91,3.02,3.81,3.51,4.27,6.26,5.90,0.63,5.62,0.43,38.43,0.36,C3'-endo
83,83,0.81,A,A,A,1,0,0,0,0,),23,1,cWW,cW-W,2.64,3.82,2.97,1.42,4.28,4.93,5.63,3.11,..,anti,.,4.77,4.79,2.88,3.89,3.13,3.94,3.90,4.78,0.09,5.81,0.65,5.66,0.33,38.17,0.19,C3'-endo
84,84,0.82,G,G,G,0,0,1,0,0,.,22,1,tSH,tm-M,5.52,2.75,0.80,1.39,3.79,4.73,5.34,3.42,BI,anti,.,4.50,4.64,2.83,2.98,3.27,2.73,4.51,2.58,0.03,5.86,0.63,5.65,0.38,37.54,0.28,C3'-endo
85,85,0.83,A,A,A,1,0,0,0,0,.,21,1,tHW,tM-W,4.41,1.32,2.88,1.43,4.23,4.93,5.58,3.06,..,anti,.,4.79,4.79,3.48,3.01,3.02,3.35,2.64,4.25,0.10,5.81,0.64,5.68,0.31,37.44,0.17,C3'-endo
86,86,0.84,A,A,A,1,0,0,0,0,.,19,1,tHH,tM+M,5.20,2.86,0.95,1.41,3.81,4.23,5.86,3.13,..,anti,.,4.67,4.67,2.78,3.14,3.16,3.25,4.28,3.36,0.05,5.85,0.63,5.66,0.36,37.33,0.25,C3'-endo
87,87,0.85,G,G,G,0,0,1,0,0,],"0,18",2,"cWW,tHS","cW-W,tM-m",5.53,2.88,0.70,1.38,3.86,4.78,5.37,3.17,BI,anti,A,4.74,4.74,3.17,3.66,3.05,3.73,3.04,4.06,0.06,5.82,0.66,5.64,0.37,39.17,0.24,C3'-endo
88,88,0.86,G,G,G,0,0,1,0,0,],0,1,cWW,cW-W,5.37,2.89,0.88,1.37,3.58,4.97,4.90,3.33,BI,anti,A,4.60,4.63,2.96,3.60,3.16,3.60,3.71,3.88,0.05,5.83,0.66,5.64,0.37,38.79,0.25,C3'-endo
89,89,0.87,C,C,C,0,1,0,0,0,],0,1,cWW,cW-W,5.16,3.01,1.03,1.41,3.80,5.23,4.86,3.41,BI,anti,.,4.52,4.68,3.04,4.05,3.20,4.09,3.68,4.99,0.03,5.86,0.63,5.65,0.38,37.62,0.28,C3'-endo
90,90,0.88,A,A,A,1,0,0,0,0,.,16,1,cWW,cW-W,5.11,3.02,0.90,1.41,3.95,5.09,5.14,3.43,BI,anti,A,4.50,4.77,2.84,4.03,3.22,4.07,4.48,4.67,0.11,5.79,0.67,5.66,0.33,38.87,0.17,C3'-endo
91,91,0.89,C,C,C,0,1,0,0,0,),15,1,cWW,cW-W,5.14,3.05,0.95,1.38,3.79,4.21,5.86,3.42,..,anti,A,4.52,4.68,2.87,3.74,3.18,3.88,4.09,4.43,0.02,5.87,0.64,5.64,0.40,38.19,0.30,C3'-endo
92,92,0.90,U,U,U,0,0,0,1,0,),14,1,cWW,cW-W,0.66,2.04,6.25,1.40,3.42,4.75,4.95,3.67,BI,anti,A,4.15,4.50,2.98,3.87,3.17,3.73,3.84,3.78,0.02,5.88,0.62,5.65,0.39,37.32,0.30,C3'-endo
93,93,0.91,U,U,U,0,0,0,1,0,),13,1,cWW,cW-W,3.00,3.43,2.62,1.44,4.08,4.75,5.62,3.35,..,anti,A,4.56,4.75,2.66,3.62,2.81,3.65,3.11,4.30,0.11,5.81,0.63,5.69,0.31,36.80,0.16,C3'-endo
94,94,0.92,C,C,C,0,1,0,0,0,),12,1,cWW,cW-W,5.46,2.71,0.79,1.41,4.13,5.14,5.28,3.35,..,anti,.,4.59,4.79,2.93,4.30,3.18,4.47,4.06,5.20,0.09,5.81,0.66,5.66,0.34,38.46,0.19,C3'-endo
95,95,0.93,G,G,G,0,0,1,0,0,.,11,1,tSH,tm-M,5.38,3.09,1.15,2.49,4.65,3.21,1.44,4.31,BII,anti,.,0.74,0.95,3.57,3.03,4.18,3.07,5.00,3.36,5.89,0.61,5.71,0.37,0.01,35.19,2.79,C2'-endo
96,96,0.94,A,A,A,1,0,0,0,0,.,"7,10",2,"tWS,tHS","tW+m,tM-m",4.50,2.86,0.82,2.52,4.88,1.53,3.35,3.89,..,anti,.,0.40,0.46,3.44,2.74,3.42,2.52,3.60,3.06,5.86,0.65,5.67,0.39,0.02,37.77,2.78,C2'-endo
97,97,0.95,G,G,G,0,0,1,0,0,),6,1,cWW,cW-W,1.57,4.48,3.10,1.45,3.81,4.85,5.25,3.33,BI,anti,A,4.65,4.72,3.47,3.56,3.68,3.37,4.32,3.61,0.14,5.78,0.65,5.70,0.28,37.40,0.11,C3'-endo
98,98,0.96,C,C,C,0,1,0,0,0,),5,1,cWW,cW-W,5.23,2.87,1.02,1.40,3.73,4.97,5.05,3.46,BI,anti,A,4.48,4.66,2.96,3.76,3.18,3.77,3.72,4.31,0.05,5.84,0.64,5.65,0.36,37.98,0.25,C3'-endo
99,99,0.97,A,A,A,1,0,0,0,0,),4,1,cWW,cW-W,5.20,2.99,0.92,1.41,3.75,4.83,5.20,3.37,BI,anti,A,4.60,4.70,2.93,3.62,3.17,3.63,3.99,3.71,0.10,5.81,0.65,5.67,0.32,37.91,0.18,C3'-endo
100,100,0.98,C,C,C,0,1,0,0,0,),3,1,cWW,cW-W,5.26,2.97,0.89,1.36,3.75,5.17,4.86,3.59,BI,anti,A,4.26,4.68,2.95,3.88,3.09,3.91,3.35,4.40,0.03,5.85,0.66,5.62,0.40,39.21,0.29,C3'-endo
101,101,0.99,C,C,C,0,1,0,0,0,),2,1,cWW,cW-W,5.07,2.93,1.24,1.35,3.67,4.95,5.00,3.50,BI,anti,A,4.35,4.54,3.00,3.60,3.34,3.74,4.11,4.13,6.22,5.93,0.61,5.61,0.46,38.54,0.42,C3'-endo
102,102,1.00,C,C,C,0,1,0,0,0,),1,1,cWW,cW-W,5.22,3.22,1.07,2.52,,,,4.25,n/a,anti,-,,,,,,,,,5.89,0.61,5.70,0.37,0.01,35.65,2.80,C2'-endo
