index_chain,old_nt_resnum,nt_position,nt_name,nt_code,nt_align_code,is_A,is_C,is_G,is_U,is_other,dbn,paired,nb_interact,pair_type_LW,pair_type_DSSR,alpha,beta,gamma,delta,epsilon,zeta,epsilon_zeta,chi,bb_type,glyco_bond,form,ssZp,Dp,eta,theta,eta_prime,theta_prime,eta_base,theta_base,v0,v1,v2,v3,v4,amplitude,phase_angle,puckering
1,2,0.01,G,G,G,0,0,1,0,0,(,117,1,cWW,cW-W,,4.46,2.57,1.49,3.99,4.70,5.57,3.00,BI,anti,A,4.67,4.70,,3.88,,3.65,,3.74,0.08,5.85,0.59,5.72,0.30,34.68,0.19,C3'-endo
2,3,0.02,C,C,C,0,1,0,0,0,(,116,1,cWW,cW-W,5.03,2.88,1.13,1.39,3.73,5.06,4.95,3.76,BI,anti,.,3.90,4.71,2.89,3.87,3.09,3.88,3.57,4.30,0.10,5.80,0.67,5.65,0.34,39.00,0.19,C3'-endo
3,4,0.03,C,C,C,0,1,0,0,0,(,115,1,cWW,cW-W,4.73,3.28,1.23,1.46,3.57,5.22,4.64,3.46,BI,anti,A,4.46,4.59,2.92,3.90,3.17,3.87,3.84,4.26,0.06,5.86,0.61,5.70,0.33,35.62,0.22,C3'-endo
4,5,0.03,U,U,U,0,0,0,1,0,(,114,1,cWW,cW-W,5.04,2.99,1.06,1.36,3.62,4.73,5.18,3.37,BI,anti,A,4.49,4.56,2.90,3.39,3.22,3.39,3.97,3.65,6.24,5.91,0.62,5.62,0.45,38.39,0.39,C3'-endo
5,6,0.04,G,G,G,0,0,1,0,0,(,113,1,cWW,cW-W,5.19,2.89,0.93,1.38,3.83,4.79,5.32,3.51,BI,anti,A,4.40,4.72,2.94,3.72,3.02,3.75,3.42,4.18,0.06,5.82,0.66,5.64,0.37,39.16,0.24,C3'-endo
6,7,0.05,G,G,G,0,0,1,0,0,(,112,1,cWW,cW-W,5.53,2.67,0.89,1.39,3.84,5.06,5.06,3.32,BI,anti,A,4.62,4.70,3.00,3.95,3.26,3.93,3.96,4.38,0.04,5.85,0.65,5.64,0.38,38.53,0.27,C3'-endo
7,8,0.06,C,C,C,0,1,0,0,0,(,111,1,cWW,cW-W,5.23,3.14,0.84,1.33,3.32,5.36,4.24,3.52,BI,anti,.,4.41,4.53,2.89,4.04,3.17,3.80,3.95,3.78,6.26,5.87,0.66,5.60,0.45,40.08,0.35,C3'-endo
8,9,0.07,G,G,G,0,0,1,0,0,(,110,1,cWW,cW-W,2.75,3.00,3.15,1.40,3.42,5.19,4.51,3.50,BI,anti,A,4.40,4.53,2.91,3.01,3.07,3.17,3.34,3.71,0.04,5.84,0.66,5.64,0.38,38.87,0.26,C3'-endo
9,10,0.08,G,G,G,0,0,1,0,0,(,109,1,cWW,cW-W,4.75,3.13,1.32,1.39,4.11,5.17,5.22,3.29,..,anti,.,4.64,4.75,3.07,4.22,3.25,4.30,3.90,5.27,0.03,5.86,0.64,5.65,0.39,37.94,0.29,C3'-endo
10,11,0.08,C,C,C,0,1,0,0,0,.,108,1,cWW,cW-W,5.32,2.97,0.74,1.42,3.99,5.11,5.17,3.48,BI,anti,.,4.43,4.80,2.79,4.11,3.25,4.31,4.60,4.99,0.13,5.77,0.67,5.67,0.30,38.86,0.13,C3'-endo
11,12,0.09,C,C,C,0,1,0,0,0,.,,0,,,5.32,2.91,1.28,2.52,4.07,2.56,1.52,3.94,BII,anti,.,1.50,1.54,3.30,2.80,4.03,2.58,4.85,3.15,5.88,0.63,5.68,0.38,0.01,36.63,2.80,C2'-endo
12,13,0.10,G,G,G,0,0,1,0,0,.,"15,68",2,"tSS,tSS","tm-m,tm+m",0.02,2.69,0.82,1.38,3.92,3.94,6.26,3.80,..,anti,.,3.62,4.68,4.48,3.19,4.21,2.57,4.04,2.05,6.27,5.90,0.62,5.64,0.42,37.59,0.35,C3'-endo
13,14,0.11,U,U,U,0,0,0,1,0,.,,0,,,1.15,3.90,1.05,2.50,4.56,4.75,6.10,1.83,..,...,.,-0.56,0.92,6.27,5.55,0.13,5.14,0.17,5.21,5.89,0.61,5.69,0.38,0.00,35.78,2.81,C2'-endo
14,15,0.12,A,A,A,1,0,0,0,0,.,,0,,,0.93,3.12,4.83,2.57,4.19,5.66,4.82,0.22,..,syn,.,-0.66,1.35,2.81,5.06,3.47,5.15,3.65,5.84,5.87,0.66,5.64,0.42,6.27,38.75,2.83,C2'-endo
15,16,0.13,G,G,G,0,0,1,0,0,(,"12,67",2,"tSS,cWW","tm-m,cW-W",4.56,3.54,1.29,1.43,3.59,4.42,5.45,3.45,BI,anti,A,4.50,4.61,2.80,3.88,3.62,3.75,3.71,3.89,0.06,5.85,0.62,5.68,0.34,36.37,0.23,C3'-endo
16,17,0.14,C,C,C,0,1,0,0,0,(,66,1,cWW,cW-W,2.37,4.08,3.21,1.39,4.13,5.34,5.08,3.07,..,anti,.,4.75,4.76,2.97,4.02,3.18,4.04,3.65,4.89,0.07,5.82,0.66,5.65,0.35,38.66,0.22,C3'-endo
17,18,0.14,G,G,G,0,0,1,0,0,(,64,1,cWW,cW-W,5.16,3.19,0.76,1.38,4.12,4.58,5.82,3.43,..,anti,A,4.43,4.76,2.79,3.64,3.23,3.75,4.48,4.47,0.05,5.84,0.65,5.64,0.37,38.67,0.25,C3'-endo
18,19,0.15,C,C,C,0,1,0,0,0,(,63,1,cWW,cW-W,5.37,2.46,0.96,1.34,3.75,5.01,5.01,3.52,BI,anti,A,4.41,4.73,2.73,3.85,3.02,3.78,3.96,4.09,0.11,5.77,0.71,5.62,0.35,41.47,0.18,C3'-endo
19,20,0.16,G,G,G,0,0,1,0,0,(,62,1,cWW,cW-W,5.20,3.02,0.97,1.36,3.85,4.93,5.19,3.28,BI,anti,A,4.67,4.72,2.97,3.76,3.17,3.82,3.81,4.38,0.04,5.84,0.66,5.63,0.39,39.40,0.27,C3'-endo
20,21,0.17,G,G,G,0,0,1,0,0,(,61,1,cWW,cW-W,5.22,2.82,1.10,1.39,3.76,5.22,4.82,3.33,BI,anti,A,4.62,4.69,2.97,3.96,3.26,3.93,4.10,4.51,0.04,5.85,0.64,5.65,0.37,38.09,0.26,C3'-endo
21,22,0.18,U,U,U,0,0,0,1,0,(,60,1,cWW,cW-W,4.74,2.72,1.66,1.38,4.06,4.43,5.92,3.35,..,anti,.,4.56,4.72,3.02,3.36,3.38,3.37,4.34,3.46,0.01,5.88,0.63,5.64,0.40,37.72,0.31,C3'-endo
22,23,0.19,G,G,G,0,0,1,0,0,(,59,1,cWW,cW-W,5.26,2.79,0.75,1.43,4.30,3.75,0.55,3.63,..,anti,.,3.90,4.81,2.95,3.22,2.96,3.56,3.10,2.95,0.10,5.81,0.65,5.68,0.32,37.60,0.17,C3'-endo
23,24,0.19,G,G,G,0,0,1,0,0,.,"26,58",2,"tSW,cWW","tm+W,cW-W",5.80,2.42,0.72,2.55,4.14,1.75,2.39,4.82,..,anti,.,0.76,1.67,3.25,2.16,3.52,1.55,2.82,1.57,6.02,0.52,5.72,0.43,6.18,32.53,3.00,C2'-endo
24,25,0.20,U,U,U,0,0,0,1,0,.,,0,,,3.03,3.69,0.86,1.39,4.05,5.07,5.27,3.23,BI,anti,.,4.72,4.76,1.93,4.04,1.82,4.19,2.02,5.11,0.06,5.83,0.65,5.65,0.36,38.27,0.23,C3'-endo
25,26,0.21,C,C,C,0,1,0,0,0,.,,0,,,5.21,2.75,1.13,1.41,3.80,5.31,4.77,3.35,BI,anti,.,4.47,4.57,2.89,4.14,3.32,4.10,4.55,4.99,6.26,5.92,0.59,5.66,0.41,36.23,0.37,C3'-endo
26,27,0.22,C,C,C,0,1,0,0,0,.,23,1,tWS,tW+m,4.88,3.07,1.04,1.38,3.89,5.00,5.17,3.67,BI,anti,.,4.01,4.68,2.76,3.87,3.15,3.94,4.41,4.82,6.28,5.89,0.62,5.64,0.41,37.68,0.33,C3'-endo
27,28,0.23,C,C,C,0,1,0,0,0,(,55,1,cWW,cW-W,5.17,2.80,1.00,1.42,3.78,5.01,5.05,3.53,BI,anti,A,4.39,4.71,2.80,3.90,3.17,3.83,4.35,4.11,0.09,5.82,0.65,5.67,0.33,37.85,0.19,C3'-endo
28,29,0.24,A,A,A,1,0,0,0,0,(,"54,57",2,"cWW,cSW","cW-W,cm-W",5.35,2.96,0.72,1.32,3.96,4.57,5.68,3.48,..,anti,A,4.42,4.78,2.86,3.40,3.06,3.48,3.65,3.92,0.02,5.84,0.68,5.60,0.42,40.58,0.30,C3'-endo
29,30,0.25,C,C,C,0,1,0,0,0,(,"51,53,56",3,"t.W,cWW,cSW","t.-W,cW-W,cm-W",5.25,2.26,1.33,1.43,3.37,6.13,3.52,3.39,..,anti,.,4.46,4.50,2.80,4.82,3.19,4.65,3.86,5.40,0.06,5.85,0.62,5.68,0.34,36.33,0.24,C3'-endo
30,31,0.25,C,C,C,0,1,0,0,0,(,"50,52",2,"cWW,cSW","cW-W,cm-W",4.05,3.30,1.44,1.41,4.26,4.23,0.03,3.62,..,anti,.,3.92,4.79,2.78,3.54,3.49,3.63,4.86,3.77,0.09,5.81,0.66,5.65,0.35,38.79,0.20,C3'-endo
31,32,0.26,U,U,U,0,0,0,1,0,(,49,1,cWW,cW-W,5.53,2.51,0.79,1.43,4.16,4.60,5.85,3.75,..,anti,.,3.64,4.74,3.04,3.86,3.11,3.90,3.29,4.40,0.06,5.85,0.62,5.68,0.34,36.38,0.23,C3'-endo
32,33,0.27,G,G,G,0,0,1,0,0,(,48,1,cWW,cW-W,5.38,2.52,0.97,1.42,3.65,5.11,4.82,3.29,BI,anti,A,4.64,4.65,2.80,3.91,3.13,3.83,3.93,4.16,0.05,5.85,0.63,5.67,0.35,37.08,0.24,C3'-endo
33,34,0.28,A,A,A,1,0,0,0,0,(,47,1,cWW,cW-W,5.18,3.24,0.80,1.41,3.14,4.12,5.30,3.80,BI,anti,.,3.89,4.34,2.94,2.36,3.20,2.01,3.86,1.51,0.00,5.90,0.60,5.67,0.39,36.00,0.32,C3'-endo
34,35,0.29,C,C,C,0,1,0,0,0,.,,0,,,4.89,2.59,0.29,1.34,3.05,5.37,3.97,3.72,BI,anti,.,4.06,4.30,1.87,3.99,1.73,4.07,1.67,4.88,6.23,5.92,0.61,5.62,0.45,38.19,0.41,C3'-endo
35,36,0.30,C,C,C,0,1,0,0,0,.,48,1,cWS,cW-m,3.53,3.88,1.95,1.36,3.97,4.71,5.55,3.35,BI,anti,.,4.61,4.76,2.88,3.75,3.31,3.77,4.42,4.11,0.06,5.82,0.67,5.63,0.38,39.70,0.24,C3'-endo
36,37,0.31,C,C,C,0,1,0,0,0,.,47,1,cWS,cW-m,5.34,3.18,0.74,1.42,4.42,5.07,5.63,3.31,..,anti,.,4.56,4.81,3.22,4.40,3.24,4.49,3.65,5.47,0.11,5.80,0.65,5.68,0.31,37.89,0.15,C3'-endo
37,38,0.31,C,C,C,0,1,0,0,0,(,43,1,cWW,cW-W,5.16,2.83,0.94,1.33,3.68,5.01,4.94,3.71,BI,anti,A,4.01,4.67,2.54,3.68,3.05,3.65,4.41,3.95,0.03,5.83,0.68,5.60,0.41,40.71,0.28,C3'-endo
38,39,0.32,A,A,A,1,0,0,0,0,.,45,1,cSW,cm-W,5.08,2.79,1.22,1.34,3.87,4.20,5.94,3.30,..,anti,.,4.63,4.68,2.95,3.13,3.18,3.34,3.74,3.48,6.25,5.90,0.64,5.61,0.44,39.07,0.37,C3'-endo
39,40,0.33,U,U,U,0,0,0,1,0,.,,0,,,5.53,2.60,1.16,2.60,4.58,5.74,5.13,3.76,..,anti,.,0.85,0.88,3.62,6.03,3.92,5.37,3.84,4.89,5.96,0.59,5.66,0.46,6.20,36.54,2.95,C2'-endo
40,41,0.34,G,G,G,0,0,1,0,0,.,,0,,,5.07,3.15,3.04,1.45,3.57,1.35,2.21,4.00,..,anti,.,3.24,4.36,4.84,6.17,5.58,5.63,6.23,5.54,6.18,6.01,0.52,5.68,0.45,34.08,0.50,C3'-endo
41,42,0.35,C,C,C,0,1,0,0,0,.,,0,,,1.10,2.70,3.10,1.39,3.57,5.61,4.24,3.36,BI,anti,.,4.53,4.56,1.51,3.46,2.07,3.67,2.77,4.71,6.27,5.90,0.62,5.64,0.41,37.63,0.34,C3'-endo
42,43,0.36,C,C,C,0,1,0,0,0,.,,0,,,4.79,3.29,0.92,1.35,4.00,5.13,5.15,3.55,BI,anti,.,4.23,4.71,2.79,3.92,3.21,3.73,4.50,4.31,6.28,5.87,0.64,5.62,0.42,38.76,0.32,C3'-endo
43,44,0.36,G,G,G,0,0,1,0,0,),"37,46",2,"cWW,tSW","cW-W,tm+W",5.30,3.72,2.64,2.45,4.12,2.26,1.86,4.82,..,anti,.,1.19,1.64,5.37,1.76,5.83,1.13,5.26,1.03,5.87,0.62,5.71,0.35,0.04,35.70,2.76,C2'-endo
44,45,0.37,A,A,A,1,0,0,0,0,.,,0,,,2.97,2.85,1.00,1.44,4.21,4.89,5.61,3.24,..,anti,.,4.70,4.80,1.65,4.09,1.66,4.14,1.81,4.89,0.11,5.80,0.64,5.69,0.30,37.22,0.15,C3'-endo
45,46,0.38,A,A,A,1,0,0,0,0,.,38,1,cWS,cW-m,5.21,2.69,1.05,1.40,3.86,5.23,4.91,3.27,BI,anti,.,4.63,4.69,2.77,4.12,3.17,4.11,4.33,4.94,0.06,5.83,0.65,5.65,0.37,38.36,0.24,C3'-endo
46,47,0.39,C,C,C,0,1,0,0,0,.,43,1,tWS,tW+m,5.18,3.16,0.73,1.39,4.17,5.14,5.31,3.27,..,anti,.,4.68,4.82,2.87,4.21,3.19,4.29,4.42,4.81,0.14,5.76,0.68,5.66,0.30,39.41,0.12,C3'-endo
47,48,0.40,U,U,U,0,0,0,1,0,),"33,36",2,"cWW,cSW","cW-W,cm-W",5.29,2.97,0.95,1.28,3.46,4.76,4.99,3.53,BI,anti,A,4.34,4.49,2.81,3.19,3.23,3.16,4.10,3.32,6.16,5.95,0.63,5.57,0.53,40.70,0.49,C3'-endo
48,49,0.41,C,C,C,0,1,0,0,0,),"32,35",2,"cWW,cSW","cW-W,cm-W",5.04,2.69,1.27,1.39,3.47,5.21,4.54,3.75,BI,anti,A,4.00,4.57,2.88,3.94,3.04,3.85,3.36,4.27,0.05,5.84,0.64,5.65,0.37,38.19,0.26,C3'-endo
49,50,0.42,A,A,A,1,0,0,0,0,),31,1,cWW,cW-W,4.32,3.70,1.09,1.39,3.69,5.34,4.63,3.45,BI,anti,.,4.53,4.70,2.67,3.99,2.87,4.07,3.58,4.45,0.08,5.81,0.67,5.64,0.35,39.14,0.21,C3'-endo
50,51,0.42,G,G,G,0,0,1,0,0,),"30,52",2,"cWW,cSH","cW-W,cm+M",4.67,2.72,2.01,1.43,3.83,4.90,5.21,3.17,BI,anti,A,4.54,4.56,3.30,3.52,3.70,3.66,4.43,3.88,6.25,5.94,0.57,5.67,0.41,35.47,0.38,C3'-endo
51,52,0.43,A,A,A,1,0,0,0,0,.,29,1,tW.,tW-.,5.19,3.36,0.93,2.57,4.83,2.52,2.31,4.20,BII,anti,.,0.49,0.68,3.56,2.58,3.88,2.20,4.05,2.19,5.96,0.58,5.68,0.44,6.21,35.59,2.93,C2'-endo
52,53,0.44,A,A,A,1,0,0,0,0,.,"30,50",2,"cWS,cHS","cW-m,cM+m",3.51,2.81,0.72,1.42,4.01,4.84,5.44,3.17,BI,anti,A,4.77,4.77,2.18,3.85,1.97,3.92,2.15,4.28,0.09,5.82,0.65,5.67,0.33,37.74,0.19,C3'-endo
53,54,0.45,G,G,G,0,0,1,0,0,),29,1,cWW,cW-W,5.17,2.51,1.46,1.39,3.87,4.91,5.24,3.19,BI,anti,A,4.72,4.71,3.04,3.80,3.39,3.77,4.10,4.53,0.03,5.86,0.63,5.66,0.38,37.37,0.28,C3'-endo
54,55,0.46,U,U,U,0,0,0,1,0,),"28,56",2,"cWW,cSH","cW-W,cm+M",5.35,2.85,0.90,1.45,4.11,5.16,5.23,3.48,..,anti,.,4.39,4.77,3.03,3.81,3.31,3.70,4.37,3.45,0.11,5.82,0.63,5.70,0.30,36.69,0.16,C3'-endo
55,56,0.47,G,G,G,0,0,1,0,0,),"27,57,58",3,"cWW,cSH,tSW","cW-W,cm+M,tm+W",4.39,1.51,2.89,2.57,4.94,2.99,1.94,3.55,BII,anti,.,0.78,1.08,4.38,1.28,4.00,1.66,3.70,1.65,6.08,0.49,5.71,0.47,6.11,32.80,3.11,C2'-endo
56,57,0.47,A,A,A,1,0,0,0,0,.,"29,54",2,"cWS,cHS","cW-m,cM+m",3.45,2.49,0.86,1.47,4.02,4.97,5.33,3.21,BI,anti,A,4.62,4.67,2.21,4.14,2.05,4.10,2.20,4.49,0.06,5.87,0.59,5.71,0.33,34.88,0.24,C3'-endo
57,58,0.48,A,A,A,1,0,0,0,0,.,"28,55",2,"cWS,cHS","cW-m,cM+m",5.35,2.88,0.86,1.34,3.91,5.09,5.11,3.57,BI,anti,.,4.19,4.68,2.88,3.92,3.20,3.99,3.97,5.03,6.24,5.90,0.64,5.60,0.45,39.48,0.38,C3'-endo
58,59,0.49,A,A,A,1,0,0,0,0,.,"23,55",2,"cWW,tWS","cW-W,tW+m",5.11,2.74,1.04,1.41,3.99,4.81,5.46,3.29,BI,anti,A,4.70,4.80,2.75,3.88,3.16,3.91,4.56,4.63,0.14,5.77,0.68,5.67,0.30,39.12,0.12,C3'-endo
59,60,0.50,C,C,C,0,1,0,0,0,),22,1,cWW,cW-W,5.43,2.69,0.89,1.42,3.90,4.94,5.24,3.26,BI,anti,A,4.75,4.79,2.89,3.93,3.21,3.91,4.32,4.38,0.17,5.74,0.69,5.67,0.28,39.76,0.09,C3'-endo
60,61,0.51,G,G,G,0,0,1,0,0,),21,1,cWW,cW-W,5.04,3.07,0.94,1.44,3.80,4.92,5.17,3.42,BI,anti,A,4.54,4.70,2.84,3.78,3.06,3.80,3.86,4.18,0.09,5.82,0.63,5.69,0.32,36.88,0.19,C3'-endo
61,62,0.52,C,C,C,0,1,0,0,0,),20,1,cWW,cW-W,5.20,2.81,1.05,1.39,3.75,4.70,5.33,3.54,BI,anti,A,4.28,4.60,2.92,3.56,3.18,3.57,3.82,4.08,6.26,5.90,0.61,5.64,0.42,37.41,0.35,C3'-endo
62,63,0.53,C,C,C,0,1,0,0,0,),19,1,cWW,cW-W,5.40,2.64,0.94,1.39,3.40,5.07,4.62,3.46,BI,anti,A,4.46,4.55,2.87,3.90,3.15,3.87,3.94,4.41,0.06,5.83,0.66,5.65,0.36,38.56,0.23,C3'-endo
63,64,0.53,G,G,G,0,0,1,0,0,),18,1,cWW,cW-W,4.11,3.76,1.41,1.40,4.00,4.60,5.68,3.32,..,anti,A,4.67,4.82,2.85,3.74,3.00,3.78,3.78,4.28,0.11,5.78,0.69,5.65,0.33,39.78,0.16,C3'-endo
64,65,0.54,U,U,U,0,0,0,1,0,),17,1,cWW,cW-W,5.41,2.45,1.07,1.47,4.51,4.11,0.41,3.32,..,anti,.,4.45,4.73,3.13,3.70,3.31,3.97,4.03,4.48,0.08,5.85,0.60,5.71,0.31,35.19,0.20,C3'-endo
65,66,0.55,A,A,A,1,0,0,0,0,.,67,1,cSH,cm+M,5.53,2.55,1.63,2.69,4.87,2.88,1.99,4.60,BII,anti,.,0.08,0.51,4.47,2.59,4.61,2.15,4.62,1.98,6.01,0.58,5.63,0.51,6.13,37.38,3.04,C2'-endo
66,67,0.56,G,G,G,0,0,1,0,0,),"16,107",2,"cWW,tHW","cW-W,tM-W",2.79,2.90,0.86,1.50,3.85,4.81,5.32,3.26,BI,anti,A,4.74,4.75,1.62,3.82,1.52,3.84,1.72,3.96,0.17,5.79,0.61,5.75,0.23,34.90,0.05,C3'-endo
67,68,0.57,C,C,C,0,1,0,0,0,),"15,65",2,"cWW,cHS","cW-W,cM+m",5.43,2.93,0.76,1.36,3.60,5.13,4.76,3.54,BI,anti,.,4.39,4.64,2.94,3.79,3.16,3.83,3.56,4.17,0.03,5.84,0.66,5.63,0.39,39.19,0.28,C3'-endo
68,69,0.58,G,G,G,0,0,1,0,0,.,"12,106",2,"tSS,tHS","tm+m,tM-m",5.34,2.92,1.12,1.33,4.04,5.16,5.17,3.13,BI,anti,.,4.69,4.70,3.23,4.13,3.49,4.24,4.10,5.31,6.24,5.90,0.64,5.60,0.46,39.60,0.39,C3'-endo
69,70,0.58,C,C,C,0,1,0,0,0,(,105,1,cWW,cW-W,5.33,2.87,0.83,1.47,3.95,4.71,5.52,3.36,BI,anti,A,4.57,4.71,2.85,3.76,3.32,3.78,4.79,4.04,0.08,5.85,0.60,5.71,0.31,35.21,0.19,C3'-endo
70,71,0.59,C,C,C,0,1,0,0,0,(,104,1,cWW,cW-W,5.36,2.60,1.06,1.35,3.98,5.33,4.94,3.28,BI,anti,.,4.58,4.67,3.00,4.26,3.23,4.28,3.74,5.05,6.27,5.89,0.63,5.64,0.41,38.00,0.34,C3'-endo
71,72,0.60,G,G,G,0,0,1,0,0,.,103,1,tSH,tm-M,5.36,3.06,0.75,1.28,3.71,4.18,5.81,3.60,..,anti,.,4.21,4.65,2.82,2.51,3.28,2.53,4.49,2.56,6.25,5.87,0.68,5.57,0.47,41.44,0.37,C3'-endo
72,73,0.61,A,A,A,1,0,0,0,0,.,102,1,tHW,tM-W,4.55,2.10,2.08,1.30,4.09,4.97,5.40,3.12,..,anti,.,4.69,4.69,3.20,3.63,2.97,3.68,2.69,4.63,6.22,5.92,0.64,5.59,0.48,39.84,0.42,C3'-endo
73,74,0.62,U,U,U,0,0,0,1,0,.,101,1,t.W,t.-W,5.42,2.81,0.76,1.36,4.17,4.86,5.59,3.35,..,anti,.,4.53,4.76,2.87,4.03,3.21,4.11,4.46,5.03,0.03,5.85,0.65,5.63,0.39,38.89,0.28,C3'-endo
74,75,0.63,G,G,G,0,0,1,0,0,.,100,1,cW.,cW-.,5.48,2.77,0.70,1.35,3.83,4.92,5.19,3.48,BI,anti,A,4.43,4.76,2.74,3.76,3.09,3.82,4.34,4.31,0.12,5.76,0.72,5.62,0.34,41.55,0.17,C3'-endo
75,76,0.64,G,G,G,0,0,1,0,0,.,99,1,tWH,tW-M,5.32,2.90,1.01,1.38,3.76,4.76,5.28,3.40,BI,anti,A,4.60,4.75,3.01,3.70,3.26,3.72,4.03,4.17,0.14,5.76,0.69,5.66,0.31,39.72,0.13,C3'-endo
76,77,0.64,U,U,U,0,0,0,1,0,.,98,1,tWH,tW-M,5.75,2.63,0.71,1.35,3.82,5.10,5.00,3.37,BI,anti,.,4.62,4.75,3.00,3.94,3.26,3.95,4.01,4.32,0.11,5.77,0.70,5.63,0.34,40.74,0.17,C3'-endo
77,78,0.65,A,A,A,1,0,0,0,0,.,97,1,tHS,tM-m,5.30,3.25,0.77,1.35,3.69,5.08,4.90,3.35,BI,anti,.,4.61,4.66,2.97,3.72,3.18,3.88,3.87,4.75,0.03,5.83,0.68,5.60,0.41,40.37,0.29,C3'-endo
78,79,0.66,G,G,G,0,0,1,0,0,(,96,1,cWW,cW-W,5.21,2.92,1.15,1.53,3.97,4.99,5.25,3.24,BI,anti,A,4.59,4.65,3.14,4.11,3.49,4.10,4.58,4.67,0.11,5.85,0.57,5.76,0.26,33.06,0.14,C3'-endo
79,80,0.67,U,U,U,0,0,0,1,0,(,95,1,cWW,cW-W,5.29,2.75,1.02,1.49,3.76,4.35,5.70,3.24,BI,anti,.,4.32,4.36,2.92,3.25,3.35,3.27,4.34,3.39,6.17,6.05,0.47,5.73,0.42,31.25,0.53,C3'-endo
80,81,0.68,G,G,G,0,0,1,0,0,(,94,1,cWW,cW-W,5.23,2.95,0.76,1.41,3.76,5.21,4.83,3.36,BI,anti,A,4.58,4.68,2.98,3.99,2.92,4.04,3.08,4.61,0.08,5.82,0.64,5.67,0.33,37.55,0.20,C3'-endo
81,82,0.69,U,U,U,0,0,0,1,0,(,93,1,cWW,cW-W,5.18,3.13,0.83,1.41,3.84,4.91,5.22,3.21,BI,anti,A,4.65,4.67,2.92,3.76,3.23,3.79,4.13,4.31,0.03,5.86,0.62,5.66,0.37,37.11,0.27,C3'-endo
82,83,0.69,G,G,G,0,0,1,0,0,(,92,1,cWW,cW-W,5.24,2.96,0.74,1.33,3.59,5.14,4.74,3.46,BI,anti,A,4.52,4.66,2.72,3.71,2.94,3.74,3.74,4.11,0.04,5.83,0.68,5.60,0.41,40.66,0.28,C3'-endo
83,84,0.70,G,G,G,0,0,1,0,0,(,91,1,cWW,cW-W,5.04,3.02,1.17,1.39,3.52,5.12,4.68,3.35,BI,anti,A,4.56,4.56,2.98,3.70,3.26,3.67,3.89,4.21,6.25,5.92,0.60,5.64,0.43,37.30,0.38,C3'-endo
84,85,0.71,G,G,G,0,0,1,0,0,(,90,1,cWW,cW-W,5.03,3.08,1.02,1.37,3.51,4.93,4.87,3.39,BI,anti,.,4.57,4.61,2.90,3.49,3.15,3.49,4.00,3.75,0.02,5.85,0.65,5.63,0.40,39.02,0.29,C3'-endo
85,86,0.72,G,G,G,0,0,1,0,0,(,89,1,cWW,cW-W,5.23,3.14,0.87,1.36,3.50,5.01,4.77,3.35,BI,anti,.,4.62,4.64,3.01,3.68,3.12,3.27,3.55,2.14,0.07,5.80,0.68,5.62,0.37,40.14,0.23,C3'-endo
86,87,0.73,U,U,U,0,0,0,1,0,.,,0,,,3.89,3.18,0.77,2.45,4.33,4.36,6.25,5.23,..,anti,.,0.89,1.40,1.85,5.02,2.03,4.99,1.00,5.65,5.78,0.70,5.67,0.33,0.10,39.42,2.66,C2'-endo
87,88,0.74,C,C,C,0,1,0,0,0,.,,0,,,0.61,2.30,6.25,2.60,3.97,2.67,1.29,3.77,BII,anti,.,1.48,1.58,3.02,2.21,3.92,1.50,4.04,5.66,5.96,0.60,5.66,0.45,6.20,36.54,2.94,C2'-endo
88,89,0.75,U,U,U,0,0,0,1,0,.,,0,,,4.73,4.00,3.39,2.50,4.57,5.16,5.69,0.39,..,syn,.,-0.84,1.00,1.12,5.07,0.98,5.32,2.89,5.78,5.83,0.68,5.65,0.39,0.04,39.13,2.76,C2'-endo
89,90,0.75,C,C,C,0,1,0,0,0,),85,1,cWW,cW-W,2.42,4.14,3.06,1.38,4.16,5.09,5.36,3.32,..,anti,.,4.64,4.83,2.55,3.80,3.46,3.71,3.92,4.04,0.13,5.76,0.69,5.65,0.31,40.00,0.14,C3'-endo
90,91,0.76,C,C,C,0,1,0,0,0,),84,1,cWW,cW-W,4.76,2.39,1.99,1.43,4.01,4.74,5.55,3.25,BI,anti,.,4.50,4.58,3.15,3.46,3.49,3.45,4.17,3.99,6.24,5.94,0.58,5.66,0.42,35.88,0.39,C3'-endo
91,92,0.77,C,C,C,0,1,0,0,0,),83,1,cWW,cW-W,5.18,2.83,0.95,1.36,3.79,4.74,5.33,3.28,BI,anti,A,4.69,4.73,2.84,3.55,3.06,3.58,3.84,3.82,0.06,5.82,0.68,5.62,0.38,39.95,0.24,C3'-endo
92,93,0.78,C,C,C,0,1,0,0,0,),82,1,cWW,cW-W,5.31,2.78,1.01,1.40,3.89,4.90,5.27,3.49,BI,anti,A,4.39,4.70,3.04,3.79,3.20,3.79,3.60,4.14,0.03,5.87,0.62,5.66,0.38,36.93,0.29,C3'-endo
93,94,0.79,A,A,A,1,0,0,0,0,),81,1,cWW,cW-W,5.37,3.28,0.41,1.43,3.65,5.21,4.72,3.62,BI,anti,A,4.25,4.70,2.80,3.78,2.93,3.89,3.50,4.44,0.15,5.78,0.65,5.70,0.28,37.66,0.11,C3'-endo
94,95,0.80,U,U,U,0,0,0,1,0,),80,1,cWW,cW-W,5.23,2.96,0.95,1.32,3.75,4.84,5.20,3.59,BI,anti,A,4.25,4.69,2.92,3.56,3.26,3.58,4.03,4.04,0.02,5.83,0.69,5.58,0.43,41.51,0.30,C3'-endo
95,96,0.81,G,G,G,0,0,1,0,0,),79,1,cWW,cW-W,5.28,2.94,0.83,1.37,3.70,5.05,4.94,3.41,BI,anti,A,4.59,4.72,2.86,3.77,3.01,3.81,3.69,4.29,0.13,5.76,0.70,5.64,0.33,40.82,0.15,C3'-endo
96,97,0.81,C,C,C,0,1,0,0,0,),78,1,cWW,cW-W,5.35,3.06,0.83,1.41,3.62,5.58,4.33,3.47,BI,anti,.,4.47,4.63,2.99,4.21,3.24,4.19,3.99,4.83,0.07,5.82,0.65,5.66,0.35,38.12,0.22,C3'-endo
97,98,0.82,G,G,G,0,0,1,0,0,.,77,1,tSH,tm-M,4.08,2.81,2.07,1.40,4.41,3.66,0.75,2.95,..,anti,.,4.81,4.79,2.98,2.84,3.40,2.63,4.50,2.49,0.08,5.81,0.66,5.66,0.34,38.39,0.20,C3'-endo
98,99,0.83,A,A,A,1,0,0,0,0,.,76,1,tHW,tM-W,0.71,4.69,4.37,1.55,4.21,5.11,5.39,3.02,..,anti,.,4.72,4.72,3.78,3.20,3.36,3.55,2.92,4.81,0.11,5.87,0.54,5.79,0.25,31.37,0.13,C3'-endo
99,100,0.84,G,G,G,0,0,1,0,0,.,75,1,tHW,tM-W,5.16,2.85,0.85,1.40,4.03,4.78,5.53,3.52,BI,anti,.,4.31,4.75,2.64,3.85,3.12,3.91,4.58,4.63,0.05,5.84,0.64,5.65,0.36,38.04,0.24,C3'-endo
100,101,0.85,A,A,A,1,0,0,0,0,.,74,1,c.W,c.-W,5.37,2.49,1.08,1.42,3.79,5.36,4.71,3.25,BI,anti,.,4.70,4.70,2.84,4.27,3.23,4.18,4.31,4.91,0.08,5.83,0.64,5.67,0.34,37.46,0.21,C3'-endo
101,102,0.86,G,G,G,0,0,1,0,0,.,73,1,tW.,tW-.,4.82,3.19,1.07,1.37,3.55,5.12,4.71,3.45,BI,anti,A,4.50,4.61,2.74,3.69,3.18,3.69,4.44,3.96,0.05,5.83,0.65,5.64,0.37,38.63,0.24,C3'-endo
102,103,0.86,U,U,U,0,0,0,1,0,.,72,1,tWH,tW-M,5.04,3.14,1.04,1.35,3.61,5.06,4.83,3.47,BI,anti,A,4.46,4.61,2.97,3.67,3.18,3.70,3.67,4.22,6.27,5.88,0.65,5.61,0.43,39.20,0.34,C3'-endo
103,104,0.87,A,A,A,1,0,0,0,0,.,71,1,tHS,tM-m,4.95,3.18,1.03,1.37,4.06,5.34,5.00,3.33,..,anti,.,4.63,4.78,2.99,4.26,3.14,4.42,3.82,5.04,0.08,5.81,0.67,5.64,0.36,39.48,0.22,C3'-endo
104,105,0.88,G,G,G,0,0,1,0,0,),70,1,cWW,cW-W,4.94,2.64,1.57,1.39,3.93,4.73,5.48,3.08,BI,anti,A,4.78,4.77,2.94,3.62,3.58,3.59,4.77,3.98,0.10,5.79,0.67,5.65,0.33,39.26,0.18,C3'-endo
105,106,0.89,G,G,G,0,0,1,0,0,),69,1,cWW,cW-W,5.25,2.87,1.06,1.43,3.80,5.32,4.76,3.32,BI,anti,.,4.64,4.70,3.05,4.17,3.23,4.21,3.85,5.05,0.07,5.84,0.63,5.67,0.34,37.26,0.22,C3'-endo
106,107,0.90,G,G,G,0,0,1,0,0,.,68,1,tSH,tm-M,5.11,2.92,1.12,1.43,3.77,4.75,5.30,3.48,BI,anti,.,4.43,4.65,2.93,3.42,3.43,3.81,4.75,3.76,0.05,5.86,0.62,5.68,0.35,36.42,0.24,C3'-endo
107,108,0.91,A,A,A,1,0,0,0,0,.,66,1,tWH,tW-M,4.98,4.03,1.20,2.52,4.34,0.59,3.75,5.13,..,anti,.,0.42,1.26,3.98,0.96,3.91,0.63,3.57,1.06,5.91,0.61,5.69,0.39,6.27,35.66,2.84,C2'-endo
108,109,0.92,A,A,A,1,0,0,0,0,.,10,1,cWW,cW-W,3.06,3.02,3.67,1.39,3.75,5.21,4.82,3.19,BI,anti,.,4.66,4.66,3.90,3.21,4.13,3.40,4.13,4.55,0.03,5.86,0.64,5.64,0.38,38.09,0.28,C3'-endo
109,110,0.92,C,C,C,0,1,0,0,0,),9,1,cWW,cW-W,4.42,3.05,1.44,1.41,4.07,4.84,5.52,3.33,..,anti,A,4.64,4.79,2.72,3.79,3.05,3.77,4.37,4.08,0.12,5.79,0.67,5.66,0.32,38.74,0.16,C3'-endo
110,111,0.93,U,U,U,0,0,0,1,0,),8,1,cWW,cW-W,4.97,2.49,1.48,1.39,4.09,4.36,6.01,3.24,..,anti,.,4.61,4.69,2.94,3.37,3.22,3.37,3.83,3.60,0.01,5.88,0.63,5.64,0.40,37.81,0.32,C3'-endo
111,112,0.94,G,G,G,0,0,1,0,0,),7,1,cWW,cW-W,5.29,2.69,0.88,1.40,3.94,4.50,5.72,3.34,..,anti,A,4.64,4.77,2.94,3.65,2.99,3.68,3.35,4.06,0.11,5.79,0.67,5.66,0.32,38.83,0.16,C3'-endo
112,113,0.95,C,C,C,0,1,0,0,0,),6,1,cWW,cW-W,5.72,2.54,0.74,1.35,3.82,4.83,5.28,3.53,BI,anti,A,4.39,4.76,2.98,3.74,3.17,3.72,3.77,3.91,0.09,5.78,0.70,5.62,0.36,40.68,0.19,C3'-endo
113,114,0.96,C,C,C,0,1,0,0,0,),5,1,cWW,cW-W,5.30,2.89,0.92,1.36,3.62,5.07,4.83,3.40,BI,anti,A,4.53,4.62,2.93,3.74,3.11,3.75,3.58,4.31,0.02,5.86,0.65,5.62,0.40,39.09,0.30,C3'-endo
114,115,0.97,A,A,A,1,0,0,0,0,),4,1,cWW,cW-W,5.27,3.03,0.87,1.39,3.87,4.80,5.36,3.45,BI,anti,A,4.42,4.67,3.01,3.66,3.24,3.69,4.03,4.16,0.03,5.87,0.63,5.65,0.38,37.41,0.29,C3'-endo
115,116,0.97,G,G,G,0,0,1,0,0,),3,1,cWW,cW-W,5.26,2.61,1.07,1.35,3.67,4.88,5.07,3.39,BI,anti,A,4.59,4.67,2.83,3.62,3.10,3.55,3.85,3.79,0.02,5.85,0.66,5.62,0.41,39.56,0.30,C3'-endo
116,117,0.98,G,G,G,0,0,1,0,0,),2,1,cWW,cW-W,5.20,2.89,1.01,1.36,3.85,5.04,5.10,3.28,BI,anti,A,4.66,4.71,2.96,3.86,3.11,3.90,3.62,4.47,0.03,5.84,0.67,5.62,0.40,39.67,0.28,C3'-endo
117,118,0.99,C,C,C,0,1,0,0,0,),1,1,cWW,cW-W,4.93,2.95,1.31,1.40,3.87,5.04,5.12,3.34,BI,anti,A,4.58,4.68,2.99,3.90,3.28,3.86,4.14,4.24,0.03,5.86,0.63,5.65,0.38,37.85,0.28,C3'-endo
118,119,1.00,A,A,A,1,0,0,0,0,.,,0,,,4.86,3.13,1.06,1.37,,,,3.66,n/a,anti,-,,,,,,,,,6.25,5.92,0.61,5.64,0.43,37.47,0.38,C3'-endo
