index_chain,old_nt_resnum,nt_position,nt_name,nt_code,nt_align_code,is_A,is_C,is_G,is_U,is_other,dbn,paired,nb_interact,pair_type_LW,pair_type_DSSR,alpha,beta,gamma,delta,epsilon,zeta,epsilon_zeta,chi,bb_type,glyco_bond,form,ssZp,Dp,eta,theta,eta_prime,theta_prime,eta_base,theta_base,v0,v1,v2,v3,v4,amplitude,phase_angle,puckering
1,1,0.01,G,G,G,0,0,1,0,0,(,120,1,cWW,cW-W,,2.40,3.38,1.51,3.68,5.21,4.75,3.11,BI,anti,A,4.76,4.74,,3.14,,3.40,,3.73,0.30,5.70,0.65,5.79,0.13,37.53,6.15,C2'-exo
2,2,0.02,G,G,G,0,0,1,0,0,(,119,1,cWW,cW-W,4.76,3.19,1.34,1.40,3.90,5.17,5.01,3.25,BI,anti,A,4.61,4.67,3.02,4.06,3.30,4.07,3.67,4.75,0.04,5.83,0.68,5.61,0.39,40.12,0.27,C3'-endo
3,3,0.02,U,U,U,0,0,0,1,0,(,118,1,cWW,cW-W,5.31,3.13,0.70,1.37,3.50,4.93,4.85,3.56,BI,anti,A,4.34,4.54,2.83,3.47,3.18,3.52,4.22,3.88,6.23,5.92,0.62,5.62,0.45,38.44,0.40,C3'-endo
4,4,0.03,U,U,U,0,0,0,1,0,(,117,1,cWW,cW-W,5.21,2.99,0.95,1.40,3.57,5.03,4.82,3.38,BI,anti,A,4.41,4.53,2.96,3.66,3.12,3.64,3.66,4.04,6.28,5.87,0.65,5.62,0.42,39.07,0.33,C3'-endo
5,5,0.04,G,G,G,0,0,1,0,0,(,116,1,cWW,cW-W,5.06,3.14,0.91,1.43,3.90,4.99,5.19,3.42,BI,anti,A,4.43,4.68,2.95,3.82,3.07,3.86,3.68,4.31,6.27,5.88,0.64,5.61,0.43,39.21,0.34,C3'-endo
6,6,0.05,C,C,C,0,1,0,0,0,(,115,1,cWW,cW-W,5.31,3.02,0.76,1.39,3.74,5.75,4.27,3.60,BI,anti,.,4.27,4.70,2.85,4.19,3.11,4.03,3.80,4.11,0.05,5.83,0.65,5.64,0.37,38.65,0.25,C3'-endo
7,7,0.06,G,G,G,0,0,1,0,0,(,114,1,cWW,cW-W,3.89,2.13,2.90,1.33,3.81,4.98,5.12,3.08,BI,anti,A,4.58,4.61,3.21,2.90,3.37,3.17,3.78,3.92,6.24,5.90,0.64,5.60,0.45,39.60,0.38,C3'-endo
8,8,0.07,G,G,G,0,0,1,0,0,(,113,1,cWW,cW-W,5.03,3.22,0.99,1.41,4.02,5.00,5.30,3.39,BI,anti,A,4.51,4.71,3.03,3.91,3.18,3.94,3.92,4.44,0.03,5.86,0.63,5.65,0.38,37.84,0.28,C3'-endo
9,9,0.07,C,C,C,0,1,0,0,0,(,112,1,cWW,cW-W,4.97,2.74,1.16,1.40,4.21,5.26,5.23,3.51,..,anti,.,4.22,4.69,2.82,4.41,3.10,4.59,3.85,5.51,6.27,5.88,0.64,5.62,0.42,38.67,0.34,C3'-endo
10,10,0.08,C,C,C,0,1,0,0,0,.,,0,,,5.41,3.01,1.05,2.59,4.61,2.92,1.69,4.23,BII,anti,.,0.94,1.02,3.35,2.92,4.17,2.83,5.19,3.38,5.92,0.63,5.64,0.45,6.22,38.12,2.90,C2'-endo
11,11,0.09,A,A,A,1,0,0,0,0,.,67,1,tWS,tW+m,5.24,3.35,1.34,1.40,4.12,3.97,0.15,3.19,..,anti,.,4.63,4.74,4.69,3.29,4.39,2.71,4.33,3.02,0.02,5.84,0.67,5.60,0.42,39.94,0.30,C3'-endo
12,12,0.10,U,U,U,0,0,0,1,0,.,,0,,,0.95,3.95,1.03,2.54,4.65,5.08,5.85,4.05,..,anti,.,0.92,0.86,6.18,5.58,0.05,5.22,5.47,5.50,5.87,0.66,5.63,0.43,6.26,39.18,2.84,C2'-endo
13,13,0.11,A,A,A,1,0,0,0,0,.,,0,,,4.78,3.33,0.70,2.51,3.96,5.40,4.84,3.77,BI,anti,.,1.17,1.50,2.31,5.30,3.27,5.08,3.67,5.56,5.84,0.65,5.68,0.36,0.04,37.41,2.75,C2'-endo
14,14,0.12,U,U,U,0,0,0,1,0,(,66,1,cWW,cW-W,4.42,3.41,1.20,1.46,4.02,4.89,5.42,3.26,BI,anti,.,4.73,4.77,2.67,3.98,3.44,4.06,4.12,4.71,0.08,5.84,0.62,5.69,0.32,36.52,0.20,C3'-endo
15,15,0.12,C,C,C,0,1,0,0,0,(,65,1,cWW,cW-W,5.31,2.78,1.11,1.36,4.12,4.77,5.63,3.31,..,anti,A,4.47,4.65,3.06,3.82,3.37,3.83,4.30,4.06,6.27,5.89,0.63,5.63,0.41,38.14,0.34,C3'-endo
16,16,0.13,U,U,U,0,0,0,1,0,(,63,1,cWW,cW-W,5.31,2.95,0.77,1.37,3.67,5.08,4.87,3.54,BI,anti,A,4.32,4.60,2.82,3.70,3.02,3.71,3.48,4.27,6.26,5.88,0.66,5.60,0.45,40.13,0.36,C3'-endo
17,17,0.14,A,A,A,1,0,0,0,0,(,62,1,cWW,cW-W,5.07,2.90,1.05,1.30,3.83,4.81,5.30,3.49,BI,anti,A,4.38,4.70,2.83,3.56,3.08,3.59,3.90,4.08,0.01,5.83,0.70,5.57,0.44,42.11,0.31,C3'-endo
18,18,0.15,C,C,C,0,1,0,0,0,(,61,1,cWW,cW-W,5.16,2.76,1.15,1.35,3.66,4.40,5.54,3.51,BI,anti,A,4.45,4.69,2.89,3.88,3.13,3.74,3.86,3.99,0.05,5.82,0.68,5.61,0.39,40.50,0.25,C3'-endo
19,19,0.16,C,C,C,0,1,0,0,0,(,60,1,cWW,cW-W,2.46,4.10,3.14,1.39,4.29,4.79,5.78,3.18,..,anti,A,4.62,4.75,2.99,3.67,3.21,3.67,3.79,4.28,0.07,5.84,0.64,5.66,0.35,37.50,0.23,C3'-endo
20,20,0.17,A,A,A,1,0,0,0,0,(,59,1,cWW,cW-W,5.38,2.86,0.79,1.39,3.70,4.93,5.06,3.50,BI,anti,A,4.41,4.67,2.79,3.62,3.08,3.62,3.98,3.96,0.05,5.83,0.66,5.63,0.38,39.27,0.26,C3'-endo
21,21,0.17,G,G,G,0,0,1,0,0,(,58,1,cWW,cW-W,4.98,2.82,1.23,1.41,4.40,2.55,1.85,3.32,BII,anti,.,4.50,4.78,3.02,2.15,3.17,2.06,3.70,2.11,0.04,5.83,0.66,5.62,0.39,39.54,0.27,C3'-endo
22,22,0.18,A,A,A,1,0,0,0,0,.,,0,,,1.86,3.75,2.66,1.40,4.61,4.66,6.23,2.87,..,anti,.,4.41,4.52,2.74,4.01,2.57,4.06,2.34,4.94,6.26,5.90,0.62,5.63,0.42,38.07,0.36,C3'-endo
23,23,0.19,A,A,A,1,0,0,0,0,.,,0,,,5.65,2.60,0.58,1.42,3.86,4.82,5.32,3.61,BI,anti,.,4.09,4.62,2.67,3.72,3.07,3.73,4.27,4.31,6.27,5.89,0.62,5.64,0.41,37.37,0.34,C3'-endo
24,24,0.20,A,A,A,1,0,0,0,0,.,,0,,,4.98,2.77,1.07,1.48,3.67,5.12,4.83,3.49,BI,anti,A,4.46,4.67,2.70,3.93,2.99,3.88,3.87,4.41,0.14,5.80,0.63,5.71,0.28,36.56,0.11,C3'-endo
25,25,0.21,G,G,G,0,0,1,0,0,.,,0,,,4.83,2.95,1.37,1.47,3.91,4.92,5.28,3.33,BI,anti,A,4.55,4.68,3.00,3.95,3.33,3.91,4.23,4.37,0.08,5.82,0.64,5.67,0.34,37.63,0.21,C3'-endo
26,26,0.21,C,C,C,0,1,0,0,0,.,"54,57",2,"cWW,cWW","cW-W,cW-W",5.43,2.81,0.70,1.34,3.45,5.38,4.35,3.33,BI,anti,.,4.63,4.58,2.74,4.01,3.08,4.04,3.99,4.72,6.26,5.87,0.67,5.59,0.45,40.64,0.35,C3'-endo
27,27,0.22,A,A,A,1,0,0,0,0,(,"53,56",2,"cWW,cSW","cW-W,cm-W",4.09,3.19,2.04,1.38,4.08,4.71,5.66,3.29,..,anti,A,4.44,4.63,3.10,3.64,3.47,3.65,4.49,4.39,0.05,5.84,0.65,5.64,0.37,38.29,0.26,C3'-endo
28,28,0.23,C,C,C,0,1,0,0,0,(,"52,55",2,"cWW,cSW","cW-W,cm-W",5.37,2.59,1.02,1.44,3.74,5.68,4.35,3.64,BI,anti,.,4.08,4.58,2.90,4.46,3.20,4.47,4.21,5.13,0.05,5.85,0.64,5.66,0.36,37.55,0.25,C3'-endo
29,29,0.24,C,C,C,0,1,0,0,0,(,"49,51",2,"cWW,cSW","cW-W,cm-W",4.55,2.85,1.60,1.34,4.25,4.45,6.08,3.35,..,anti,.,4.52,4.79,2.88,3.57,3.51,3.67,4.72,4.22,0.02,5.83,0.68,5.60,0.42,40.95,0.29,C3'-endo
30,30,0.25,G,G,G,0,0,1,0,0,(,47,1,cWW,cW-W,5.42,2.88,0.76,1.42,3.93,4.91,5.31,3.30,BI,anti,A,4.69,4.78,2.98,3.88,3.07,3.94,3.73,4.28,0.09,5.81,0.66,5.66,0.33,38.33,0.19,C3'-endo
31,31,0.26,U,U,U,0,0,0,1,0,(,46,1,cWW,cW-W,5.38,2.88,0.96,1.40,3.50,5.14,4.65,3.48,BI,anti,A,4.44,4.58,2.96,3.72,3.29,3.84,3.94,4.08,0.03,5.85,0.65,5.63,0.39,38.56,0.28,C3'-endo
32,32,0.26,U,U,U,0,0,0,1,0,(,45,1,cWW,cW-W,4.96,3.46,1.16,2.46,4.86,2.53,2.33,3.98,BII,anti,.,1.16,0.87,3.62,2.67,3.94,2.21,4.18,1.84,5.81,0.62,5.76,0.26,0.12,34.61,2.61,C2'-endo
33,33,0.27,U,U,U,0,0,0,1,0,.,,0,,,2.68,2.77,1.39,1.39,3.99,4.88,5.40,3.30,BI,anti,.,4.40,4.58,1.86,3.91,1.76,3.86,1.69,4.69,6.23,5.92,0.62,5.61,0.46,38.81,0.40,C3'-endo
34,34,0.28,C,C,C,0,1,0,0,0,.,46,1,cWS,cW-m,5.33,2.57,1.08,1.35,4.48,4.39,0.09,3.59,..,anti,.,3.76,4.70,2.98,3.66,3.26,3.74,4.39,4.09,6.28,5.88,0.64,5.63,0.41,38.51,0.33,C3'-endo
35,35,0.29,C,C,C,0,1,0,0,0,.,45,1,cWS,cW-m,5.01,2.65,1.07,1.37,4.16,5.06,5.37,3.26,..,anti,.,4.66,4.75,2.81,4.19,2.91,4.26,3.35,5.08,0.04,5.83,0.67,5.62,0.38,39.47,0.26,C3'-endo
36,36,0.30,C,C,C,0,1,0,0,0,(,41,1,cWW,cW-W,5.46,2.95,0.85,1.41,3.66,4.85,5.09,3.62,BI,anti,A,4.21,4.64,2.92,3.55,3.37,3.53,4.61,3.59,0.07,5.83,0.65,5.66,0.35,37.90,0.22,C3'-endo
37,37,0.31,G,G,G,0,0,1,0,0,.,43,1,cSW,cm-W,5.13,2.95,1.04,1.37,3.52,4.72,5.09,3.56,BI,anti,.,4.26,4.45,2.94,3.85,3.07,3.61,3.31,3.45,6.23,5.92,0.62,5.61,0.46,38.50,0.41,C3'-endo
38,38,0.31,U,U,U,0,0,0,1,0,.,42,1,tSH,tm-M,1.99,3.52,3.88,1.57,3.88,5.50,4.67,3.44,BI,anti,.,4.34,4.58,3.16,4.11,3.18,3.44,3.26,2.59,0.09,5.87,0.56,5.75,0.28,32.83,0.18,C3'-endo
39,39,0.32,C,C,C,0,1,0,0,0,.,,0,,,2.56,2.61,0.90,1.47,4.31,5.04,5.55,3.22,..,anti,.,4.42,4.48,0.01,4.34,0.68,4.32,0.42,5.06,6.20,6.00,0.53,5.69,0.42,33.66,0.46,C3'-endo
40,40,0.33,C,C,C,0,1,0,0,0,.,,0,,,4.99,2.78,1.14,1.47,4.73,4.56,0.17,3.46,..,anti,.,3.64,4.23,2.96,4.37,3.33,4.19,4.33,4.66,6.16,6.02,0.52,5.68,0.46,34.48,0.52,C3'-endo
41,41,0.34,G,G,G,0,0,1,0,0,),"36,44",2,"cWW,tSW","cW-W,tm+W",0.22,3.34,1.33,2.44,3.91,1.83,2.08,5.09,..,anti,.,1.24,1.93,4.70,1.76,5.32,1.25,5.07,1.10,5.79,0.68,5.70,0.32,0.11,38.05,2.65,C2'-endo
42,42,0.35,A,A,A,1,0,0,0,0,.,38,1,tHS,tM-m,2.95,3.48,0.93,1.50,3.71,5.22,4.77,3.28,BI,anti,.,4.28,4.36,1.69,4.04,1.69,4.11,1.86,4.88,6.22,5.99,0.52,5.72,0.40,32.80,0.43,C3'-endo
43,43,0.36,U,U,U,0,0,0,1,0,.,37,1,cWS,cW-m,4.68,3.06,1.27,1.43,4.08,5.20,5.16,3.31,..,anti,.,4.42,4.62,2.83,4.24,3.20,4.18,4.27,5.01,0.04,5.84,0.66,5.63,0.38,38.94,0.26,C3'-endo
44,44,0.36,C,C,C,0,1,0,0,0,.,41,1,tWS,tW+m,4.86,3.10,0.94,1.32,3.79,4.90,5.17,3.46,BI,anti,.,4.55,4.80,2.54,3.68,2.92,3.78,4.16,4.48,0.01,5.83,0.69,5.57,0.44,41.84,0.31,C3'-endo
45,45,0.37,A,A,A,1,0,0,0,0,),"32,35",2,"cWW,cSW","cW-W,cm-W",5.59,3.15,0.51,1.39,3.79,4.81,5.26,3.45,BI,anti,A,4.43,4.69,3.04,3.62,3.20,3.75,4.06,4.21,0.15,5.71,0.75,5.60,0.33,43.49,0.12,C3'-endo
46,46,0.38,A,A,A,1,0,0,0,0,),"31,34",2,"cWW,cSW","cW-W,cm-W",5.43,2.79,0.98,1.38,3.50,5.25,4.54,3.50,BI,anti,A,4.47,4.66,3.02,3.87,3.29,3.84,3.95,4.17,0.18,5.71,0.73,5.63,0.30,42.09,0.09,C3'-endo
47,47,0.39,C,C,C,0,1,0,0,0,),30,1,cWW,cW-W,4.80,3.35,1.02,1.42,3.48,5.10,4.66,3.35,BI,anti,A,4.54,4.56,2.88,3.69,3.13,3.74,3.79,4.18,0.03,5.90,0.58,5.71,0.35,34.39,0.28,C3'-endo
48,48,0.40,U,U,U,0,0,0,1,0,.,,0,,,5.01,3.29,1.02,1.46,3.88,5.10,5.07,3.41,BI,anti,.,4.39,4.62,3.12,3.98,3.26,4.07,3.85,4.11,0.01,5.90,0.60,5.67,0.38,35.91,0.31,C3'-endo
49,49,0.40,G,G,G,0,0,1,0,0,),29,1,cWW,cW-W,5.16,3.11,1.11,2.39,4.86,1.25,3.61,4.34,..,anti,.,1.01,0.79,3.59,1.89,3.92,1.28,3.99,1.27,5.69,0.73,5.70,0.26,0.20,40.67,2.53,C2'-endo
50,50,0.41,U,U,U,0,0,0,1,0,.,,0,,,1.33,3.39,3.14,1.40,4.22,4.93,5.58,3.32,..,anti,.,4.63,4.82,2.45,3.59,2.19,3.72,2.27,4.50,0.11,5.79,0.67,5.66,0.32,39.20,0.17,C3'-endo
51,51,0.42,A,A,A,1,0,0,0,0,.,29,1,cWS,cW-m,5.31,3.50,0.42,1.57,3.59,5.61,4.26,3.29,BI,anti,.,4.61,4.58,2.85,4.27,3.04,4.21,3.95,4.55,0.17,5.85,0.53,5.84,0.17,30.14,0.01,C3'-endo
52,52,0.43,G,G,G,0,0,1,0,0,),28,1,cWW,cW-W,3.51,2.72,2.62,1.47,3.72,5.11,4.90,2.98,BI,anti,A,4.34,4.45,2.97,3.36,3.31,3.50,4.00,4.00,6.24,5.96,0.55,5.69,0.40,34.05,0.40,C3'-endo
53,53,0.44,U,U,U,0,0,0,1,0,),"27,55",2,"cWW,cSH","cW-W,cm+M",5.19,3.36,0.61,1.49,3.38,5.37,4.29,3.66,BI,anti,.,4.12,4.41,2.89,3.59,3.14,3.53,3.79,3.02,0.00,5.91,0.58,5.69,0.38,35.08,0.32,C3'-endo
54,54,0.45,U,U,U,0,0,0,1,0,.,"26,56",2,"cWW,cWH","cW-W,cW+M",4.12,2.09,2.80,2.60,4.78,2.19,2.59,4.02,BII,anti,.,0.81,0.69,4.42,1.32,4.10,1.68,3.47,1.60,5.91,0.63,5.65,0.44,6.24,37.68,2.88,C2'-endo
55,55,0.45,A,A,A,1,0,0,0,0,.,"28,53",2,"cWS,cHS","cW-m,cM+m",3.10,3.65,0.92,1.40,3.96,5.11,5.13,3.42,BI,anti,A,4.35,4.67,2.36,3.98,2.06,4.06,2.04,4.46,0.08,5.81,0.66,5.66,0.35,38.57,0.21,C3'-endo
56,56,0.46,A,A,A,1,0,0,0,0,.,"27,54",2,"cWS,cHW","cW-m,cM+W",5.14,2.69,1.29,1.21,4.12,4.86,5.54,3.35,..,anti,.,4.54,4.78,2.88,3.77,3.24,3.83,3.94,4.41,0.01,5.83,0.69,5.58,0.44,41.75,0.31,C3'-endo
57,57,0.47,G,G,G,0,0,1,0,0,.,26,1,cWW,cW-W,5.39,2.86,1.02,1.44,4.16,5.24,5.20,3.10,..,anti,.,4.70,4.65,3.09,4.37,3.34,4.46,4.17,5.41,6.23,5.91,0.63,5.60,0.46,39.17,0.40,C3'-endo
58,58,0.48,C,C,C,0,1,0,0,0,),21,1,cWW,cW-W,5.11,2.75,1.05,1.43,4.03,4.87,5.45,3.14,BI,anti,A,4.68,4.72,2.71,3.94,3.31,3.94,4.78,4.45,0.03,5.86,0.64,5.65,0.38,37.90,0.28,C3'-endo
59,59,0.49,U,U,U,0,0,0,1,0,),20,1,cWW,cW-W,4.96,2.89,1.17,1.44,4.09,4.93,5.44,3.22,..,anti,A,4.56,4.59,2.89,3.90,3.15,3.82,3.97,4.13,6.23,5.93,0.61,5.62,0.45,38.33,0.41,C3'-endo
60,60,0.50,G,G,G,0,0,1,0,0,),19,1,cWW,cW-W,4.69,2.38,1.74,1.34,4.02,4.61,5.70,3.09,..,anti,A,4.69,4.72,2.75,3.64,3.07,3.59,3.76,4.17,6.28,5.85,0.67,5.59,0.44,40.81,0.33,C3'-endo
61,61,0.50,G,G,G,0,0,1,0,0,),18,1,cWW,cW-W,5.82,2.77,0.53,1.40,3.51,5.14,4.66,3.33,BI,anti,A,4.54,4.59,2.94,3.73,3.16,3.81,4.04,4.40,0.06,5.83,0.65,5.65,0.36,38.59,0.24,C3'-endo
62,62,0.51,U,U,U,0,0,0,1,0,),17,1,cWW,cW-W,4.90,3.09,1.31,1.47,4.08,4.84,5.53,3.59,..,anti,.,3.84,4.48,3.18,3.96,3.42,4.07,4.16,4.12,6.22,5.98,0.53,5.70,0.41,33.41,0.43,C3'-endo
63,63,0.52,A,A,A,1,0,0,0,0,),16,1,cWW,cW-W,5.55,2.86,0.89,2.58,4.38,5.46,5.20,4.33,..,anti,.,1.07,1.15,3.28,5.68,3.85,4.94,3.96,4.25,5.77,0.75,5.60,0.41,0.06,42.86,2.74,C2'-endo
64,64,0.53,A,A,A,1,0,0,0,0,.,,0,,,4.64,3.36,3.46,1.42,3.84,0.91,2.93,4.22,..,anti,.,2.27,4.36,5.04,5.85,5.77,5.83,0.42,5.60,6.16,6.01,0.55,5.65,0.48,36.17,0.52,C3'-endo
65,65,0.54,G,G,G,0,0,1,0,0,),15,1,cWW,cW-W,1.28,2.78,5.11,1.47,3.89,4.80,5.37,3.07,BI,anti,A,4.85,4.77,3.56,3.15,4.04,3.41,4.84,4.02,0.11,5.80,0.65,5.68,0.31,37.92,0.16,C3'-endo
66,66,0.55,A,A,A,1,0,0,0,0,),14,1,cWW,cW-W,4.79,3.10,1.16,1.41,4.11,4.96,5.43,3.11,..,anti,.,4.86,4.80,2.91,4.03,3.01,4.13,3.49,4.95,0.11,5.80,0.66,5.67,0.32,38.22,0.17,C3'-endo
67,67,0.55,G,G,G,0,0,1,0,0,(,"11,111",2,"tSW,cWW","tm+W,cW-W",5.30,2.83,1.09,1.43,3.65,5.28,4.65,3.28,BI,anti,A,4.61,4.62,2.97,4.00,3.39,3.98,4.61,4.63,0.06,5.85,0.62,5.68,0.34,36.46,0.23,C3'-endo
68,68,0.56,C,C,C,0,1,0,0,0,(,110,1,cWW,cW-W,5.01,3.07,1.02,1.42,3.75,4.98,5.05,3.32,BI,anti,A,4.67,4.69,2.92,3.77,3.27,3.80,4.33,4.08,0.03,5.86,0.64,5.64,0.39,38.34,0.28,C3'-endo
69,69,0.57,C,C,C,0,1,0,0,0,(,109,1,cWW,cW-W,5.25,2.93,0.99,1.34,3.73,5.10,4.91,3.42,BI,anti,A,4.36,4.58,2.98,3.78,3.22,3.80,3.77,4.25,6.25,5.90,0.64,5.61,0.44,39.10,0.37,C3'-endo
70,70,0.58,U,U,U,0,0,0,1,0,(,108,1,cWW,cW-W,5.03,3.15,1.00,1.33,3.50,5.13,4.66,3.34,BI,anti,A,4.46,4.54,2.87,3.62,3.13,3.63,3.87,4.01,6.28,5.85,0.70,5.57,0.45,42.17,0.33,C3'-endo
71,71,0.59,G,G,G,0,0,1,0,0,(,107,1,cWW,cW-W,5.12,3.16,1.01,1.40,3.60,4.87,5.01,3.49,BI,anti,A,4.26,4.47,3.05,3.56,3.23,3.65,3.78,4.21,6.21,5.94,0.60,5.62,0.46,37.88,0.43,C3'-endo
72,72,0.60,A,A,A,1,0,0,0,0,(,106,1,cWW,cW-W,5.34,2.96,0.81,1.43,3.95,4.78,5.45,3.70,BI,anti,.,3.97,4.79,3.03,3.61,3.21,3.00,3.88,2.30,0.02,5.87,0.62,5.66,0.38,37.19,0.30,C3'-endo
73,73,0.60,C,C,C,0,1,0,0,0,.,,0,,,5.95,4.01,3.02,1.23,4.19,2.93,1.26,4.52,BII,anti,.,0.13,4.86,0.16,1.82,0.26,1.29,0.24,0.33,0.03,5.81,0.72,5.56,0.43,42.89,0.28,C3'-endo
74,74,0.61,C,C,C,0,1,0,0,0,.,105,1,cWW,cW-W,2.07,3.12,1.33,1.47,4.30,4.63,5.95,3.46,..,anti,.,4.04,4.62,1.07,3.89,1.27,3.89,2.16,4.53,0.07,5.86,0.60,5.71,0.32,35.13,0.22,C3'-endo
75,75,0.62,G,G,G,0,0,1,0,0,.,104,1,tSH,tm-M,5.35,2.32,1.20,1.33,4.40,5.62,5.06,3.63,..,anti,.,3.76,4.67,2.93,4.84,3.19,4.45,4.06,3.78,6.23,5.89,0.65,5.59,0.47,40.46,0.39,C3'-endo
76,76,0.63,A,A,A,1,0,0,0,0,.,103,1,tHH,tM+M,4.64,2.98,0.05,2.23,4.17,3.54,0.63,3.51,..,anti,.,0.78,1.46,1.57,2.76,2.14,2.65,1.90,2.90,5.70,0.60,5.89,0.07,0.32,34.83,2.27,C1'-exo
77,77,0.64,G,G,G,0,0,1,0,0,.,78,1,cSH,cm+M,4.94,1.17,3.27,2.72,3.15,2.75,0.40,4.60,..,anti,.,2.28,2.23,5.52,0.38,4.80,1.06,4.51,1.59,5.80,0.82,5.47,0.55,6.23,48.23,2.87,C2'-endo
78,78,0.64,U,U,U,0,0,0,1,0,.,"77,102",2,"cHS,tWH","cM+m,tW-M",5.07,2.34,1.01,1.40,4.25,4.70,5.83,3.02,..,anti,.,4.52,4.61,2.99,4.08,2.81,4.07,2.76,4.53,6.28,5.90,0.61,5.66,0.40,36.89,0.33,C3'-endo
79,79,0.65,A,A,A,1,0,0,0,0,.,101,1,tHS,tM-m,5.54,2.74,0.80,1.36,3.77,5.26,4.79,3.30,BI,anti,.,4.40,4.49,2.88,4.10,3.19,4.16,4.03,5.10,6.17,5.94,0.65,5.55,0.53,41.94,0.48,C3'-endo
80,80,0.66,G,G,G,0,0,1,0,0,(,100,1,cWW,cW-W,4.77,3.05,1.27,1.36,3.83,5.06,5.05,3.29,BI,anti,A,4.59,4.62,2.75,3.92,3.21,3.92,4.59,4.53,6.24,5.91,0.63,5.61,0.45,39.26,0.39,C3'-endo
81,81,0.67,U,U,U,0,0,0,1,0,(,99,1,cWW,cW-W,5.19,2.89,1.23,1.45,3.62,4.74,5.16,3.45,BI,anti,.,4.26,4.41,3.08,3.46,3.42,3.43,4.35,3.63,6.19,5.98,0.55,5.66,0.45,35.55,0.47,C3'-endo
82,82,0.68,G,G,G,0,0,1,0,0,(,98,1,cWW,cW-W,4.80,3.20,0.98,1.46,3.91,4.95,5.24,3.27,BI,anti,A,4.67,4.64,2.88,3.87,2.89,3.93,3.21,4.38,6.27,5.90,0.60,5.65,0.40,36.75,0.35,C3'-endo
83,83,0.69,U,U,U,0,0,0,1,0,(,97,1,cWW,cW-W,5.11,2.84,1.13,1.35,3.90,5.00,5.19,3.30,BI,anti,A,4.60,4.67,2.86,3.83,3.18,3.82,3.93,4.36,6.25,5.85,0.70,5.55,0.48,42.95,0.36,C3'-endo
84,84,0.69,A,A,A,1,0,0,0,0,(,96,1,cWW,cW-W,5.37,3.29,0.70,1.38,3.74,4.80,5.22,3.74,BI,anti,.,3.84,4.51,3.04,3.37,3.19,3.47,3.91,3.51,6.23,5.92,0.61,5.62,0.45,38.26,0.40,C3'-endo
85,85,0.70,G,G,G,0,0,1,0,0,.,95,1,cWW,cW-W,5.12,3.00,0.97,1.43,4.29,4.16,0.13,3.93,..,anti,.,2.99,4.71,3.06,3.75,3.14,3.20,3.17,3.10,0.07,5.80,0.68,5.63,0.37,40.04,0.22,C3'-endo
86,86,0.71,U,U,U,0,0,0,1,0,.,0,1,cWS,cW-m,1.27,3.75,0.84,2.50,4.20,1.37,2.83,3.88,..,anti,.,2.15,1.83,5.87,1.93,6.17,1.38,5.87,1.20,5.86,0.59,5.75,0.30,0.07,33.59,2.69,C2'-endo
87,87,0.72,G,G,G,0,0,1,0,0,(,94,1,cWW,cW-W,1.33,1.91,3.07,1.36,3.88,4.88,5.28,3.06,BI,anti,A,4.74,4.71,1.31,2.67,1.11,3.02,1.31,3.73,0.05,5.84,0.65,5.64,0.37,38.74,0.25,C3'-endo
88,88,0.73,G,G,G,0,0,1,0,0,(,93,1,cWW,cW-W,5.09,3.10,0.94,1.51,4.05,4.99,5.34,3.24,BI,anti,A,4.68,4.71,3.05,4.09,3.20,4.13,3.85,4.62,0.13,5.78,0.67,5.67,0.31,38.90,0.14,C3'-endo
89,89,0.74,G,G,G,0,0,1,0,0,.,92,1,tSH,tm-M,5.27,2.84,0.91,1.30,4.07,4.95,5.41,3.31,BI,anti,.,4.62,4.74,2.85,4.32,3.18,3.55,4.02,2.65,6.17,5.95,0.63,5.58,0.52,40.63,0.47,C3'-endo
90,90,0.74,U,U,U,0,0,0,1,0,.,,0,,,2.72,2.66,1.17,1.40,4.06,5.10,5.24,3.22,BI,anti,.,4.54,4.59,0.25,4.11,0.79,4.12,0.49,5.06,6.26,5.88,0.65,5.60,0.44,39.96,0.35,C3'-endo
91,91,0.75,G,G,G,0,0,1,0,0,.,,0,,,4.95,2.78,1.37,1.51,3.50,5.17,4.61,3.33,BI,anti,A,4.49,4.47,2.79,3.95,3.31,3.80,4.76,4.51,0.01,5.90,0.59,5.69,0.37,35.18,0.30,C3'-endo
92,92,0.76,A,A,A,1,0,0,0,0,.,89,1,tHS,tM-m,4.23,3.22,1.50,1.55,4.56,5.14,5.70,3.21,..,anti,.,4.47,4.71,2.90,4.64,3.18,4.74,4.24,5.25,0.11,5.76,0.71,5.62,0.35,41.45,0.17,C3'-endo
93,93,0.77,C,C,C,0,1,0,0,0,),88,1,cWW,cW-W,5.29,2.30,1.70,1.27,3.81,4.79,5.30,3.24,BI,anti,A,4.67,4.71,2.90,3.53,3.68,3.46,4.92,3.82,0.03,5.78,0.76,5.52,0.46,45.36,0.28,C3'-endo
94,94,0.78,C,C,C,0,1,0,0,0,),87,1,cWW,cW-W,5.48,2.81,0.94,1.40,3.51,4.96,4.83,3.38,BI,anti,A,4.50,4.55,3.07,3.54,3.32,3.52,3.95,3.86,0.05,5.81,0.69,5.61,0.39,40.53,0.25,C3'-endo
95,95,0.79,A,A,A,1,0,0,0,0,.,85,1,cWW,cW-W,4.68,3.03,1.41,1.39,3.83,5.04,5.07,3.27,BI,anti,A,4.65,4.67,2.99,3.84,3.16,3.80,3.72,4.30,0.04,5.81,0.70,5.58,0.41,41.70,0.27,C3'-endo
96,96,0.79,U,U,U,0,0,0,1,0,),84,1,cWW,cW-W,4.98,2.99,1.17,1.41,3.66,5.08,4.87,3.48,BI,anti,A,4.54,4.70,2.90,3.78,3.19,3.80,4.03,4.27,0.04,5.81,0.69,5.60,0.41,40.92,0.27,C3'-endo
97,97,0.80,A,A,A,1,0,0,0,0,),83,1,cWW,cW-W,5.03,3.37,0.78,1.50,3.69,4.91,5.06,3.51,BI,anti,A,4.30,4.56,2.95,3.71,3.15,3.76,3.82,4.15,0.04,5.87,0.60,5.69,0.35,35.74,0.26,C3'-endo
98,98,0.81,C,C,C,0,1,0,0,0,),82,1,cWW,cW-W,5.14,3.07,0.90,1.32,3.80,5.01,5.08,3.46,BI,anti,.,4.37,4.66,2.91,4.25,3.06,4.07,3.61,4.22,6.28,5.85,0.68,5.58,0.45,41.39,0.33,C3'-endo
99,99,0.82,G,G,G,0,0,1,0,0,),81,1,cWW,cW-W,2.11,3.46,3.77,1.42,3.77,5.20,4.86,3.25,BI,anti,A,4.78,4.76,3.00,3.16,3.19,3.33,3.68,3.86,0.03,5.85,0.65,5.64,0.39,38.47,0.28,C3'-endo
100,100,0.83,C,C,C,0,1,0,0,0,),80,1,cWW,cW-W,4.97,3.00,1.06,1.30,3.74,5.42,4.60,3.37,BI,anti,.,4.64,4.68,2.80,4.01,3.10,4.07,3.82,4.96,6.28,5.84,0.69,5.57,0.45,41.74,0.33,C3'-endo
101,101,0.83,G,G,G,0,0,1,0,0,.,79,1,tSH,tm-M,4.32,2.87,1.83,1.38,4.34,4.17,0.17,3.18,..,anti,.,4.64,4.76,2.90,3.14,3.35,2.79,4.67,2.52,0.06,5.81,0.69,5.62,0.38,40.42,0.24,C3'-endo
102,102,0.84,A,A,A,1,0,0,0,0,.,78,1,tHW,tM-W,0.36,4.94,4.46,1.56,3.80,5.29,4.79,3.25,BI,anti,.,4.59,4.69,3.64,2.92,3.17,3.26,2.70,4.30,0.21,5.74,0.65,5.74,0.21,37.08,6.28,C2'-exo
103,103,0.85,A,A,A,1,0,0,0,0,.,76,1,tHH,tM+M,4.35,3.06,1.48,1.32,4.28,4.62,5.94,3.27,..,anti,A,4.60,4.83,2.66,3.82,3.03,3.87,4.27,4.24,0.13,5.73,0.75,5.59,0.35,43.34,0.15,C3'-endo
104,104,0.86,A,A,A,1,0,0,0,0,.,75,1,tHS,tM-m,5.57,2.37,1.15,1.20,4.28,5.07,5.49,3.16,..,anti,.,4.74,4.82,3.00,4.18,3.28,4.29,3.96,5.02,6.28,5.81,0.76,5.50,0.49,45.89,0.34,C3'-endo
105,105,0.87,C,C,C,0,1,0,0,0,.,74,1,cWW,cW-W,5.25,2.76,1.29,1.41,4.26,4.86,5.68,3.15,..,anti,A,4.67,4.74,3.11,4.10,3.59,4.10,4.78,4.63,0.01,5.84,0.69,5.59,0.43,41.21,0.31,C3'-endo
106,106,0.88,U,U,U,0,0,0,1,0,),72,1,cWW,cW-W,5.37,2.65,1.04,1.33,3.93,4.89,5.32,3.32,BI,anti,.,4.40,4.55,2.85,3.77,3.24,3.75,4.16,4.69,6.16,5.97,0.60,5.59,0.51,39.37,0.50,C3'-endo
107,107,0.88,C,C,C,0,1,0,0,0,),71,1,cWW,cW-W,5.03,2.63,1.24,1.41,3.86,4.75,5.40,3.33,BI,anti,A,4.60,4.67,2.79,3.70,3.12,3.62,4.38,4.05,6.25,5.92,0.61,5.63,0.43,37.78,0.38,C3'-endo
108,108,0.89,A,A,A,1,0,0,0,0,),70,1,cWW,cW-W,5.34,2.73,0.87,1.36,3.87,4.59,5.56,3.43,BI,anti,A,4.47,4.74,2.88,3.60,3.06,3.63,3.79,3.77,0.03,5.82,0.70,5.59,0.42,41.58,0.28,C3'-endo
109,109,0.90,G,G,G,0,0,1,0,0,),69,1,cWW,cW-W,5.69,2.58,0.75,1.34,3.36,4.84,4.81,3.41,BI,anti,.,4.52,4.48,2.94,3.98,3.18,3.86,3.55,4.25,6.22,5.91,0.65,5.58,0.48,40.39,0.41,C3'-endo
110,110,0.91,G,G,G,0,0,1,0,0,),68,1,cWW,cW-W,2.78,3.77,3.02,1.37,4.18,4.78,5.69,3.13,..,anti,A,4.50,4.61,3.03,3.60,3.28,3.74,3.99,4.31,6.24,5.93,0.61,5.63,0.44,37.60,0.40,C3'-endo
111,111,0.92,U,U,U,0,0,0,1,0,),67,1,cWW,cW-W,5.67,2.99,0.70,2.38,3.75,2.69,1.06,4.13,..,anti,.,2.24,2.19,3.10,2.01,3.56,1.85,4.23,2.08,5.90,0.54,5.80,0.28,0.07,30.82,2.69,C2'-endo
112,112,0.93,G,G,G,0,0,1,0,0,),9,1,cWW,cW-W,4.66,1.75,2.89,1.38,4.13,4.56,5.85,3.25,..,anti,A,4.47,4.66,4.51,2.63,4.10,2.95,3.92,3.43,0.07,5.78,0.72,5.59,0.39,42.16,0.23,C3'-endo
113,113,0.93,C,C,C,0,1,0,0,0,),8,1,cWW,cW-W,5.29,2.49,1.10,1.39,3.83,5.14,4.97,3.53,BI,anti,.,4.21,4.58,2.84,4.06,3.09,3.96,3.64,4.71,6.21,5.94,0.61,5.61,0.47,38.35,0.44,C3'-endo
114,114,0.94,U,U,U,0,0,0,1,0,),7,1,cWW,cW-W,4.73,2.86,1.42,1.45,3.63,4.56,5.35,3.50,BI,anti,.,4.44,4.58,2.77,3.31,3.18,3.27,4.34,3.41,0.01,5.91,0.58,5.68,0.37,35.27,0.32,C3'-endo
115,115,0.95,G,G,G,0,0,1,0,0,),6,1,cWW,cW-W,5.43,3.02,0.67,1.39,3.80,4.90,5.18,3.27,BI,anti,A,4.60,4.68,3.07,3.64,3.04,3.69,3.23,4.09,0.07,5.82,0.66,5.64,0.36,39.00,0.23,C3'-endo
116,116,0.96,C,C,C,0,1,0,0,0,),5,1,cWW,cW-W,5.07,2.88,1.15,1.36,4.09,4.73,5.65,3.31,..,anti,A,4.50,4.69,3.00,3.76,3.14,3.78,3.70,4.31,0.00,5.85,0.68,5.58,0.44,41.04,0.32,C3'-endo
117,117,0.97,A,A,A,1,0,0,0,0,),4,1,cWW,cW-W,5.49,2.71,0.75,1.37,3.74,4.92,5.10,3.42,BI,anti,A,4.58,4.72,2.79,3.67,3.04,3.68,3.88,4.10,0.09,5.77,0.72,5.60,0.38,42.11,0.20,C3'-endo
118,118,0.98,A,A,A,1,0,0,0,0,),3,1,cWW,cW-W,5.06,2.82,1.20,1.39,3.85,4.86,5.27,3.33,BI,anti,A,4.70,4.78,2.97,3.77,3.19,3.80,3.87,4.38,0.04,5.84,0.65,5.63,0.38,38.72,0.27,C3'-endo
119,119,0.98,U,U,U,0,0,0,1,0,),2,1,cWW,cW-W,5.46,2.88,0.87,1.49,3.52,5.03,4.77,3.36,BI,anti,A,4.35,4.46,3.05,3.72,3.37,3.65,4.23,3.63,0.03,5.89,0.58,5.70,0.35,34.84,0.28,C3'-endo
120,120,0.99,C,C,C,0,1,0,0,0,),1,1,cWW,cW-W,5.11,3.10,0.88,1.40,3.73,4.20,5.82,3.68,..,anti,.,3.95,4.52,2.96,3.45,3.10,3.30,3.30,3.58,6.20,5.95,0.59,5.62,0.47,37.69,0.45,C3'-endo
121,121,1.00,U,U,U,0,0,0,1,0,.,,0,,,1.58,4.05,5.32,2.71,,,,2.60,..,anti,-,,,,,,,,,6.19,0.42,5.72,0.53,6.01,32.74,3.30,C3'-exo
