index_chain,old_nt_resnum,nt_position,nt_name,nt_code,nt_align_code,is_A,is_C,is_G,is_U,is_other,dbn,paired,nb_interact,pair_type_LW,pair_type_DSSR,alpha,beta,gamma,delta,epsilon,zeta,epsilon_zeta,chi,bb_type,glyco_bond,form,ssZp,Dp,eta,theta,eta_prime,theta_prime,eta_base,theta_base,v0,v1,v2,v3,v4,amplitude,phase_angle,puckering
1,1,0.02,A,A,A,1,0,0,0,0,.,,0,,,,,1.02,1.39,3.92,2.85,1.07,3.64,BII,anti,.,4.05,4.68,,,,,,,0.01,5.88,0.63,5.65,0.40,37.66,0.31,C3'-endo
2,2,0.03,U,U,U,0,0,0,1,0,.,,0,,,5.36,2.75,0.26,2.60,4.74,4.98,6.04,4.04,..,anti,.,0.30,0.78,3.34,5.50,3.37,4.68,2.99,3.18,6.02,0.54,5.69,0.46,6.15,34.26,3.03,C2'-endo
3,3,0.05,A,A,A,1,0,0,0,0,.,,0,,,5.26,3.22,3.02,2.57,4.19,1.39,2.80,1.09,..,syn,.,-1.42,1.39,5.57,0.53,0.11,0.65,1.49,1.01,5.92,0.61,5.67,0.42,6.24,36.25,2.88,C2'-endo
4,4,0.07,A,A,A,1,0,0,0,0,.,,0,,,4.86,2.75,0.73,1.49,3.74,5.07,4.95,3.41,BI,anti,.,4.36,4.51,2.83,3.95,3.13,4.00,3.85,4.72,0.01,5.90,0.58,5.69,0.36,34.95,0.30,C3'-endo
5,5,0.08,A,A,A,1,0,0,0,0,.,,0,,,4.89,3.02,1.21,1.62,4.35,4.84,5.79,3.51,..,anti,.,3.69,4.21,3.15,4.25,3.43,4.17,4.32,4.23,6.23,6.03,0.44,5.80,0.34,27.93,0.43,C3'-endo
6,6,0.10,C,C,C,0,1,0,0,0,.,,0,,,5.15,2.70,0.86,1.37,4.12,5.18,5.22,4.08,..,anti,.,2.33,4.24,2.63,4.23,2.96,4.46,3.26,5.22,6.02,6.12,0.50,5.62,0.59,38.27,0.72,C4'-exo
7,7,0.11,C,C,C,0,1,0,0,0,.,,0,,,5.20,3.03,1.10,2.48,4.24,5.03,5.50,4.06,..,anti,.,1.71,1.74,3.14,5.19,3.89,4.37,4.62,3.19,5.92,0.56,5.76,0.33,0.02,32.17,2.78,C2'-endo
8,8,0.13,G,G,G,0,0,1,0,0,.,9,1,cWS,cW-m,4.73,3.89,3.16,1.50,3.90,5.32,4.86,1.35,BI,syn,.,-1.22,4.04,5.25,4.42,5.95,4.19,0.89,4.05,6.07,6.12,0.45,5.70,0.51,33.45,0.69,C4'-exo
9,9,0.15,G,G,G,0,0,1,0,0,.,8,1,cSW,cm-W,2.06,3.93,5.28,2.28,3.63,3.93,5.98,4.84,..,anti,B,1.64,2.06,4.94,2.33,5.32,2.41,5.26,2.90,5.72,0.65,5.79,0.19,0.23,36.87,2.45,C1'-exo
10,10,0.16,G,G,G,0,0,1,0,0,.,,0,,,4.92,2.38,1.10,1.27,3.68,4.58,5.38,3.80,BI,anti,.,3.66,4.34,2.67,3.26,2.64,3.24,3.24,3.33,6.03,6.06,0.58,5.54,0.63,42.14,0.66,C4'-exo
11,11,0.18,C,C,C,0,1,0,0,0,.,,0,,,5.04,2.91,1.04,1.46,3.91,4.90,5.29,3.92,BI,anti,.,3.15,4.44,3.00,3.86,3.02,3.90,3.16,4.26,6.19,5.99,0.54,5.67,0.44,34.71,0.48,C3'-endo
12,12,0.20,U,U,U,0,0,0,1,0,.,,0,,,4.92,3.22,0.99,1.43,3.89,4.67,5.50,3.70,BI,anti,.,3.77,4.52,2.94,3.56,3.12,3.75,3.56,3.79,6.22,5.94,0.59,5.65,0.44,36.67,0.42,C3'-endo
13,13,0.21,C,C,C,0,1,0,0,0,.,,0,,,5.20,2.91,1.12,2.49,4.73,4.69,0.05,4.22,..,anti,.,0.84,0.84,3.49,5.11,3.80,4.05,3.75,3.23,5.85,0.62,5.72,0.33,0.06,35.60,2.72,C2'-endo
14,14,0.23,C,C,C,0,1,0,0,0,.,,0,,,5.19,3.59,3.55,1.50,3.76,6.28,3.76,4.48,..,anti,.,1.20,4.44,5.98,4.09,0.47,4.03,1.23,4.31,6.24,5.96,0.55,5.70,0.40,34.03,0.40,C3'-endo
15,15,0.25,C,C,C,0,1,0,0,0,.,,0,,,4.10,2.11,4.08,2.27,3.85,3.55,0.30,4.86,..,anti,B,1.51,1.94,4.98,2.46,5.28,2.40,5.41,2.85,5.70,0.66,5.80,0.17,0.26,37.27,2.41,C1'-exo
16,16,0.26,U,U,U,0,0,0,1,0,.,,0,,,1.25,3.88,3.54,1.45,4.10,4.52,5.86,3.69,..,anti,.,3.82,4.69,2.61,3.07,2.48,3.21,3.08,3.58,0.05,5.86,0.61,5.68,0.35,36.18,0.25,C3'-endo
17,17,0.28,G,G,G,0,0,1,0,0,.,,0,,,5.43,2.65,0.83,1.40,4.06,4.82,5.53,4.10,..,anti,.,2.46,4.73,2.97,3.90,3.12,3.92,3.52,4.05,0.02,5.86,0.64,5.64,0.40,38.30,0.30,C3'-endo
18,18,0.30,U,U,U,0,0,0,1,0,.,,0,,,4.84,3.10,1.15,1.41,4.01,4.67,5.62,3.56,..,anti,.,4.00,4.47,2.93,3.65,3.07,3.85,3.29,4.10,6.18,5.98,0.58,5.62,0.48,37.60,0.49,C3'-endo
19,19,0.31,C,C,C,0,1,0,0,0,.,,0,,,5.35,2.99,0.94,2.52,4.89,4.46,0.43,4.44,..,anti,.,0.28,0.66,3.53,5.05,3.86,4.12,4.02,3.32,5.92,0.58,5.71,0.38,6.27,34.41,2.84,C2'-endo
20,20,0.33,G,G,G,0,0,1,0,0,.,21,1,cWS,cW-m,5.56,3.31,3.19,1.51,4.01,6.07,4.22,1.29,..,syn,.,-1.24,4.01,5.84,4.18,0.26,4.13,1.29,4.12,6.05,6.15,0.43,5.71,0.51,32.88,0.73,C4'-exo
21,21,0.34,G,G,G,0,0,1,0,0,.,20,1,cSW,cm-W,4.26,2.14,3.98,2.37,3.63,3.98,5.93,4.82,..,anti,.,1.80,2.08,4.96,2.27,5.30,2.39,5.27,2.64,5.75,0.68,5.73,0.26,0.17,38.10,2.56,C2'-endo
22,22,0.36,U,U,U,0,0,0,1,0,.,,0,,,4.82,2.43,1.15,1.26,3.69,4.62,5.36,3.82,BI,anti,B,3.61,4.31,2.67,3.28,2.63,3.30,2.97,3.59,6.01,6.08,0.57,5.54,0.64,42.20,0.69,C4'-exo
23,23,0.38,U,U,U,0,0,0,1,0,.,,0,,,5.17,2.95,0.94,1.49,4.04,4.85,5.47,4.18,..,anti,.,2.15,4.47,3.09,3.93,3.12,3.99,3.43,4.40,6.20,6.00,0.53,5.69,0.43,33.94,0.47,C3'-endo
24,24,0.39,G,G,G,0,0,1,0,0,.,,0,,,5.01,3.02,0.99,1.47,3.80,4.74,5.34,3.73,BI,anti,.,3.82,4.54,2.88,3.60,3.14,3.75,3.63,3.54,0.01,5.90,0.59,5.68,0.38,35.65,0.31,C3'-endo
25,25,0.41,U,U,U,0,0,0,1,0,.,,0,,,5.26,3.14,0.91,2.57,4.73,4.61,0.12,4.37,..,anti,.,0.74,0.73,3.44,5.12,3.75,4.11,3.49,3.30,5.88,0.64,5.68,0.39,0.01,36.93,2.80,C2'-endo
26,26,0.43,A,A,A,1,0,0,0,0,.,,0,,,5.01,3.54,3.56,1.56,3.82,5.31,4.79,1.37,BI,syn,.,-1.10,3.96,5.88,4.15,0.31,4.11,1.33,4.14,6.07,6.15,0.40,5.75,0.47,30.38,0.72,C4'-exo
27,27,0.44,A,A,A,1,0,0,0,0,.,,0,,,2.11,4.00,5.12,2.24,3.71,3.85,6.14,4.95,..,anti,B,1.57,2.10,4.96,2.30,5.31,2.44,5.30,2.81,5.69,0.67,5.79,0.17,0.26,37.88,2.41,C1'-exo
28,28,0.46,U,U,U,0,0,0,1,0,.,,0,,,5.25,2.52,0.59,1.32,3.35,4.85,4.78,4.22,BI,anti,.,2.64,4.20,2.64,3.28,2.63,3.27,3.09,3.14,6.06,6.07,0.54,5.59,0.58,39.17,0.65,C4'-exo
29,29,0.48,U,U,U,0,0,0,1,0,.,,0,,,4.93,3.11,1.00,1.43,3.68,5.04,4.93,4.42,BI,anti,.,1.50,4.42,2.94,3.80,2.99,3.87,2.92,4.22,6.19,5.98,0.56,5.65,0.46,36.08,0.47,C3'-endo
30,30,0.49,G,G,G,0,0,1,0,0,.,,0,,,4.62,3.37,1.20,1.50,3.87,4.69,5.47,3.87,BI,anti,.,3.33,4.43,2.98,3.66,3.17,3.83,3.51,3.75,6.22,5.97,0.54,5.69,0.41,34.03,0.42,C3'-endo
31,31,0.51,A,A,A,1,0,0,0,0,.,,0,,,5.35,3.01,0.90,2.56,4.69,4.63,0.06,4.70,..,anti,.,0.54,0.87,3.42,5.05,3.78,3.97,3.63,3.14,5.90,0.61,5.69,0.39,6.27,35.77,2.83,C2'-endo
32,32,0.52,U,U,U,0,0,0,1,0,.,,0,,,5.11,3.73,3.52,1.47,4.05,5.14,5.19,4.45,..,anti,.,1.08,4.30,6.04,4.12,0.48,4.04,1.32,4.34,6.13,6.03,0.53,5.65,0.50,35.81,0.57,C3'-endo
33,33,0.54,A,A,A,1,0,0,0,0,.,,0,,,1.94,4.13,5.24,2.30,3.69,3.96,6.02,4.83,..,anti,B,1.73,2.07,4.90,2.26,5.22,2.34,5.35,2.85,5.69,0.69,5.75,0.20,0.24,39.07,2.46,C1'-exo
34,34,0.56,A,A,A,1,0,0,0,0,.,,0,,,4.77,2.33,1.21,1.23,3.67,4.71,5.25,3.60,BI,anti,A,4.15,4.54,2.61,3.30,2.58,3.30,3.21,3.31,6.15,5.94,0.66,5.52,0.56,43.20,0.50,C3'-endo
35,35,0.57,U,U,U,0,0,0,1,0,.,,0,,,5.02,3.12,1.00,1.49,3.81,4.97,5.12,4.01,BI,anti,.,2.96,4.45,3.07,3.85,3.08,3.92,3.13,4.52,6.24,5.96,0.54,5.70,0.40,33.77,0.41,C3'-endo
36,36,0.59,G,G,G,0,0,1,0,0,.,,0,,,4.78,3.16,1.09,1.50,3.94,4.71,5.51,3.68,BI,anti,.,3.94,4.66,2.89,3.70,3.13,3.85,3.82,3.49,0.08,5.84,0.62,5.69,0.32,36.20,0.20,C3'-endo
37,37,0.61,U,U,U,0,0,0,1,0,.,,0,,,5.05,3.10,1.16,2.50,4.85,4.03,0.81,4.35,..,anti,.,0.42,0.53,3.55,4.98,3.80,3.96,3.38,3.14,5.84,0.65,5.68,0.36,0.05,37.33,2.74,C2'-endo
38,38,0.62,U,U,U,0,0,0,1,0,.,,0,,,0.58,2.75,2.48,1.42,3.93,6.11,4.11,4.51,..,anti,.,0.92,4.37,5.87,4.24,0.42,4.05,1.21,4.26,6.12,6.05,0.52,5.65,0.50,35.92,0.59,C3'-endo
39,39,0.64,G,G,G,0,0,1,0,0,.,,0,,,4.16,2.06,4.20,2.31,3.49,4.13,5.65,4.72,BI,anti,B,2.27,2.25,4.98,2.26,5.27,2.34,5.31,3.18,5.70,0.71,5.72,0.24,0.21,39.92,2.51,C2'-endo
40,40,0.66,A,A,A,1,0,0,0,0,.,,0,,,4.54,2.23,1.68,1.26,3.79,5.22,4.85,3.28,BI,anti,.,4.57,4.62,2.72,3.83,2.73,3.79,3.72,4.71,6.17,5.93,0.66,5.54,0.54,42.46,0.47,C3'-endo
41,41,0.67,G,G,G,0,0,1,0,0,.,,0,,,4.98,2.92,1.23,1.43,3.83,5.08,5.02,3.39,BI,anti,A,4.51,4.67,2.92,3.92,3.34,3.92,4.66,4.56,0.06,5.84,0.64,5.66,0.36,37.77,0.24,C3'-endo
42,42,0.69,A,A,A,1,0,0,0,0,.,,0,,,5.12,2.77,1.22,1.42,4.11,5.03,5.37,3.42,..,anti,.,4.34,4.67,3.03,4.15,3.38,3.98,4.36,3.47,0.03,5.85,0.65,5.64,0.39,38.68,0.28,C3'-endo
43,43,0.70,G,G,G,0,0,1,0,0,.,,0,,,5.45,2.97,2.80,1.54,4.46,4.57,6.17,1.19,..,syn,.,-0.80,4.33,5.17,3.37,5.32,3.74,5.52,4.06,6.23,5.99,0.49,5.75,0.37,30.91,0.41,C3'-endo
44,44,0.72,U,U,U,0,0,0,1,0,.,,0,,,5.45,3.58,0.92,2.62,4.83,2.76,2.06,0.93,BII,syn,.,-0.42,0.55,3.96,3.03,4.19,2.16,3.90,1.76,5.85,0.69,5.62,0.43,6.28,40.18,2.82,C2'-endo
45,45,0.74,U,U,U,0,0,0,1,0,.,,0,,,4.61,2.26,5.10,2.91,4.47,2.61,1.85,4.37,BII,anti,.,0.36,0.60,1.27,2.34,1.06,2.13,1.23,2.14,6.12,0.55,5.58,0.63,5.99,40.67,3.23,C3'-exo
46,46,0.75,C,C,C,0,1,0,0,0,(,61,1,cWW,cW-W,3.80,2.74,0.85,1.34,3.55,4.94,4.90,3.41,BI,anti,.,4.51,4.59,2.23,3.55,2.05,3.57,2.24,3.93,6.27,5.87,0.66,5.60,0.44,40.05,0.34,C3'-endo
47,47,0.77,C,C,C,0,1,0,0,0,(,60,1,cWW,cW-W,5.23,3.20,0.94,1.41,3.59,4.97,4.91,3.50,BI,anti,A,4.45,4.63,3.13,3.60,3.25,3.65,3.74,4.00,0.06,5.84,0.64,5.66,0.35,37.57,0.24,C3'-endo
48,48,0.79,C,C,C,0,1,0,0,0,(,59,1,cWW,cW-W,5.17,3.18,0.88,1.43,3.71,5.01,4.98,3.52,BI,anti,A,4.43,4.69,3.02,3.76,3.16,3.81,3.66,4.35,0.09,5.82,0.64,5.68,0.33,37.47,0.19,C3'-endo
49,49,0.80,C,C,C,0,1,0,0,0,(,58,1,cWW,cW-W,5.21,2.99,0.89,1.41,3.57,4.88,4.97,3.43,BI,anti,A,4.55,4.65,2.88,3.56,3.15,3.56,3.97,3.87,0.08,5.81,0.66,5.65,0.35,38.74,0.21,C3'-endo
50,50,0.82,G,G,G,0,0,1,0,0,(,57,1,cWW,cW-W,5.33,3.08,0.73,1.40,3.81,4.76,5.33,3.21,BI,anti,A,4.76,4.75,2.98,3.69,3.07,3.78,3.57,4.11,0.11,5.79,0.67,5.65,0.33,39.24,0.17,C3'-endo
51,51,0.84,C,C,C,0,1,0,0,0,(,56,1,cWW,cW-W,5.73,2.74,0.83,1.36,3.49,5.04,4.73,3.30,BI,anti,.,4.52,4.53,3.15,4.14,3.41,4.05,3.95,4.90,6.28,5.88,0.63,5.63,0.41,38.27,0.33,C3'-endo
52,52,0.85,G,G,G,0,0,1,0,0,.,55,1,tSW,tm+W,3.05,3.60,2.54,1.44,4.11,4.49,5.90,3.09,..,anti,.,4.82,4.81,2.71,3.01,3.14,2.43,4.48,1.52,0.17,5.74,0.69,5.68,0.27,39.39,0.08,C3'-endo
53,53,0.87,C,C,C,0,1,0,0,0,.,,0,,,3.92,2.04,0.85,2.41,4.51,5.43,5.37,4.07,..,anti,.,1.11,1.13,1.42,6.18,1.76,5.49,1.38,5.98,5.82,0.63,5.73,0.30,0.10,35.86,2.66,C2'-endo
54,54,0.89,C,C,C,0,1,0,0,0,.,,0,,,2.97,2.95,3.03,2.54,4.76,2.07,2.69,5.88,..,...,.,-0.22,0.72,3.33,1.11,3.85,1.06,4.07,2.02,5.87,0.64,5.67,0.39,0.01,37.24,2.80,C2'-endo
55,55,0.90,A,A,A,1,0,0,0,0,.,52,1,tWS,tW+m,3.10,2.55,1.53,1.42,3.95,5.84,4.39,0.91,..,syn,.,-2.70,4.44,2.19,4.52,2.12,4.49,3.31,3.87,6.17,6.00,0.54,5.66,0.46,35.51,0.50,C3'-endo
56,56,0.92,G,G,G,0,0,1,0,0,),51,1,cWW,cW-W,4.23,2.39,2.58,1.43,3.49,5.11,4.66,3.41,BI,anti,A,4.42,4.49,3.38,3.05,3.94,3.14,3.98,3.63,6.27,5.91,0.60,5.66,0.40,36.37,0.34,C3'-endo
57,57,0.93,C,C,C,0,1,0,0,0,),50,1,cWW,cW-W,5.03,3.14,0.92,1.32,3.65,5.11,4.83,3.39,BI,anti,A,4.56,4.65,2.87,3.70,3.05,3.73,3.72,4.18,0.01,5.85,0.68,5.59,0.43,40.91,0.31,C3'-endo
58,58,0.95,G,G,G,0,0,1,0,0,),49,1,cWW,cW-W,5.08,2.95,1.11,1.35,3.41,5.03,4.66,3.24,BI,anti,A,4.53,4.51,2.89,3.52,3.18,3.51,3.94,3.88,6.25,5.89,0.65,5.59,0.45,40.06,0.37,C3'-endo
59,59,0.97,G,G,G,0,0,1,0,0,),48,1,cWW,cW-W,5.01,3.25,1.01,1.41,3.74,5.11,4.91,3.29,BI,anti,A,4.63,4.66,3.05,3.86,3.15,3.88,3.69,4.28,0.03,5.86,0.63,5.65,0.38,37.84,0.28,C3'-endo
60,60,0.98,G,G,G,0,0,1,0,0,),47,1,cWW,cW-W,5.14,2.86,1.19,1.32,3.62,5.41,4.49,3.22,BI,anti,.,4.57,4.54,2.97,4.06,3.29,3.88,4.02,4.29,6.20,5.93,0.63,5.59,0.49,39.90,0.44,C3'-endo
61,61,1.00,G,G,G,0,0,1,0,0,),46,1,cWW,cW-W,3.50,2.69,2.68,1.42,,,,3.27,n/a,anti,-,,,,,,,,,0.02,5.88,0.61,5.67,0.37,36.55,0.29,C3'-endo
