index_chain,old_nt_resnum,nt_position,nt_name,nt_code,nt_align_code,is_A,is_C,is_G,is_U,is_other,dbn,paired,nb_interact,pair_type_LW,pair_type_DSSR,alpha,beta,gamma,delta,epsilon,zeta,epsilon_zeta,chi,bb_type,glyco_bond,form,ssZp,Dp,eta,theta,eta_prime,theta_prime,eta_base,theta_base,v0,v1,v2,v3,v4,amplitude,phase_angle,puckering
1,1,0.01,G,G,G,0,0,1,0,0,(,72,1,cWW,cW-W,,,0.95,1.45,3.53,5.08,4.73,3.29,BI,anti,.,4.39,4.36,,,,,,,6.22,5.97,0.55,5.68,0.42,34.66,0.43,C3'-endo
2,2,0.03,C,C,C,0,1,0,0,0,(,71,1,cWW,cW-W,2.73,3.16,2.95,1.47,3.81,5.15,4.94,3.09,BI,anti,A,4.88,4.77,2.59,3.54,2.91,3.67,3.88,4.54,0.14,5.78,0.65,5.70,0.28,37.55,0.11,C3'-endo
3,3,0.04,C,C,C,0,1,0,0,0,(,70,1,cWW,cW-W,5.05,3.28,0.95,1.48,3.58,4.65,5.21,3.71,BI,anti,A,4.14,4.62,2.97,4.00,3.29,3.83,4.36,3.93,0.09,5.83,0.63,5.69,0.32,36.50,0.19,C3'-endo
4,4,0.05,C,C,C,0,1,0,0,0,(,69,1,cWW,cW-W,2.57,3.70,3.02,1.48,4.11,4.91,5.49,3.48,..,anti,A,4.38,4.76,2.79,3.66,3.02,3.64,3.44,4.19,0.11,5.81,0.63,5.70,0.29,36.27,0.15,C3'-endo
5,5,0.07,G,G,G,0,0,1,0,0,(,68,1,cWW,cW-W,4.87,2.96,1.08,1.43,3.40,5.02,4.67,3.41,BI,anti,.,4.69,4.59,2.60,3.57,2.96,3.51,3.84,3.50,0.06,5.83,0.65,5.66,0.36,37.97,0.23,C3'-endo
6,6,0.08,G,G,G,0,0,1,0,0,(,67,1,cWW,cW-W,5.31,3.31,0.84,1.37,3.58,4.83,5.03,3.80,BI,anti,A,3.87,4.61,3.20,3.53,3.28,3.73,3.39,4.24,0.02,5.86,0.64,5.64,0.39,38.22,0.29,C3'-endo
7,7,0.09,A,A,A,1,0,0,0,0,(,66,1,cWW,cW-W,5.69,2.70,1.19,2.45,4.60,5.44,5.45,4.04,..,anti,.,0.80,0.97,3.81,5.59,4.26,5.41,4.64,6.11,5.93,0.57,5.72,0.37,6.27,33.64,2.84,C2'-endo
8,8,0.11,U,U,U,0,0,0,1,0,.,14,1,tWH,tW-M,5.41,3.03,0.83,1.45,4.09,4.08,0.01,2.44,..,anti,.,3.90,4.70,2.83,2.72,3.65,3.70,4.06,3.57,0.11,5.81,0.64,5.69,0.31,37.09,0.16,C3'-endo
9,9,0.12,A,A,A,1,0,0,0,0,.,"23,45",2,"tHH,cSW","tM+M,cm-W",5.00,4.07,1.11,2.56,4.21,4.93,5.56,4.69,..,anti,.,1.09,1.45,4.31,5.35,3.63,4.25,2.89,4.32,5.96,0.57,5.70,0.41,6.23,34.14,2.90,C2'-endo
10,10,0.13,G,G,G,0,0,1,0,0,(,"25,44",2,"cWW,cHW","cW-W,cM+W",3.25,2.56,1.12,1.52,4.01,4.60,5.69,3.09,..,anti,.,4.83,4.69,0.81,3.76,1.71,3.74,2.31,3.67,0.08,5.85,0.60,5.71,0.32,35.15,0.21,C3'-endo
11,11,0.14,C,C,C,0,1,0,0,0,(,"24,25",2,"cWW,cWW","cW-W,cW-W",4.60,3.37,0.93,1.45,3.63,5.12,4.80,3.57,BI,anti,.,4.49,4.70,2.64,3.82,2.68,3.91,2.87,4.36,0.11,5.80,0.65,5.69,0.30,37.45,0.15,C3'-endo
12,12,0.16,U,U,U,0,0,0,1,0,(,23,1,cWW,cW-W,5.22,3.27,0.94,1.46,3.44,5.03,4.70,3.57,BI,anti,.,4.38,4.52,3.11,4.23,3.39,4.20,4.04,4.92,0.06,5.85,0.62,5.69,0.34,36.22,0.23,C3'-endo
13,13,0.17,C,C,C,0,1,0,0,0,(,22,1,cWW,cW-W,2.79,3.74,3.00,1.49,3.53,4.88,4.93,3.55,BI,anti,.,4.26,4.51,2.96,3.55,3.48,3.35,4.62,3.38,0.08,5.84,0.61,5.70,0.31,35.56,0.20,C3'-endo
14,14,0.18,A,A,A,1,0,0,0,0,.,"8,21",2,"tHW,cWS","tM-W,cW-m",3.11,3.01,3.07,1.50,4.45,5.18,5.55,3.16,..,anti,.,4.69,4.71,3.19,4.03,3.18,4.09,3.30,5.20,0.09,5.84,0.61,5.71,0.30,35.68,0.18,C3'-endo
15,15,0.20,G,G,G,0,0,1,0,0,.,48,1,tWW,tW+W,4.67,3.16,0.93,1.33,0.91,1.19,6.01,3.62,..,anti,.,3.07,3.29,2.80,2.75,3.35,2.43,4.63,2.39,0.09,5.84,0.61,5.70,0.31,35.79,0.19,C3'-endo
16,16,0.21,U,U,U,0,0,0,1,0,.,,0,,,3.15,1.37,3.73,1.46,4.44,5.52,5.20,3.89,..,anti,.,2.96,4.75,4.00,4.64,3.46,4.76,3.24,5.43,0.04,5.85,0.64,5.65,0.37,37.83,0.27,C3'-endo
17,17,0.22,C,C,C,0,1,0,0,0,.,,0,,,1.41,1.07,2.64,1.45,3.33,2.79,0.54,5.11,..,anti,.,2.37,2.85,5.99,6.18,6.24,6.00,5.76,2.32,6.24,5.95,0.55,5.68,0.40,34.13,0.40,C3'-endo
18,18,0.24,G,G,G,0,0,1,0,0,.,,0,,,5.34,3.19,3.05,2.47,3.78,5.34,4.72,3.98,BI,anti,.,2.15,2.07,6.28,4.38,0.58,4.03,4.82,4.36,5.93,0.57,5.73,0.37,6.27,33.44,2.84,C2'-endo
19,19,0.25,G,G,G,0,0,1,0,0,.,"56,0",2,"cWW,cWH","cW-W,cW+M",3.14,2.22,2.92,2.48,4.86,5.65,5.49,4.45,..,anti,.,0.23,0.53,3.44,5.05,3.69,5.29,4.02,5.95,5.92,0.58,5.71,0.38,6.27,34.25,2.84,C2'-endo
20,20,0.26,U,U,U,0,0,0,1,0,.,,0,,,4.61,4.03,0.78,1.44,3.68,4.82,5.15,3.69,BI,anti,.,3.95,4.52,2.50,4.18,3.05,4.01,2.94,3.76,0.01,5.90,0.59,5.69,0.37,35.17,0.31,C3'-endo
21,21,0.28,A,A,A,1,0,0,0,0,.,14,1,cSW,cm-W,2.11,4.01,5.13,1.53,3.42,4.12,5.58,3.48,BI,anti,.,4.12,4.31,4.74,2.38,4.80,2.51,4.73,2.33,0.03,5.91,0.56,5.72,0.34,33.49,0.28,C3'-endo
22,22,0.29,G,G,G,0,0,1,0,0,),"13,46",2,"cWW,tHW","cW-W,tM-W",2.54,3.65,2.99,1.46,3.29,4.89,4.68,3.53,BI,anti,.,4.38,4.43,2.70,3.47,2.74,3.23,2.49,3.36,0.05,5.87,0.61,5.69,0.35,35.95,0.25,C3'-endo
23,23,0.30,A,A,A,1,0,0,0,0,),"9,12",2,"tHH,cWW","tM+M,cW-W",2.90,3.27,2.99,1.49,4.15,5.04,5.39,2.80,..,anti,A,4.65,4.72,2.98,3.72,3.06,3.86,3.43,4.76,0.11,5.83,0.61,5.72,0.29,35.39,0.15,C3'-endo
24,24,0.32,G,G,G,0,0,1,0,0,),11,1,cWW,cW-W,5.14,3.12,0.85,1.48,3.57,5.15,4.70,3.60,BI,anti,A,4.29,4.58,2.77,3.90,3.18,3.90,4.34,4.52,0.05,5.86,0.61,5.69,0.34,36.05,0.24,C3'-endo
25,25,0.33,C,C,C,0,1,0,0,0,),"10,11,44",3,"cWW,cWW,c.W","cW-W,cW-W,c.-W",5.32,2.91,0.87,1.39,3.62,5.06,4.85,3.58,BI,anti,A,4.33,4.55,2.94,3.74,3.27,3.77,4.23,4.27,6.27,5.90,0.61,5.65,0.40,37.26,0.34,C3'-endo
26,26,0.34,A,A,A,1,0,0,0,0,.,,0,,,5.26,3.05,0.91,1.47,3.81,5.25,4.84,3.28,BI,anti,.,4.52,4.52,3.06,4.12,3.29,4.20,4.01,5.15,6.27,5.92,0.57,5.69,0.38,34.53,0.34,C3'-endo
27,27,0.36,G,G,G,0,0,1,0,0,(,43,1,cWW,cW-W,5.26,2.92,0.89,1.40,3.75,4.99,5.05,3.62,BI,anti,A,4.21,4.64,2.87,3.77,3.35,3.75,4.67,3.99,0.03,5.88,0.61,5.67,0.37,36.28,0.28,C3'-endo
28,28,0.37,G,G,G,0,0,1,0,0,(,42,1,cWW,cW-W,5.27,3.06,0.73,1.36,3.57,4.92,4.93,3.48,BI,anti,A,4.46,4.54,2.83,3.51,3.03,3.57,3.50,4.20,6.26,5.91,0.61,5.64,0.42,37.55,0.36,C3'-endo
29,29,0.38,G,G,G,0,0,1,0,0,(,41,1,cWW,cW-W,5.27,2.88,0.93,1.45,3.86,4.96,5.18,3.32,BI,anti,A,4.59,4.67,2.98,3.88,3.19,3.88,4.01,4.26,0.07,5.83,0.63,5.68,0.34,37.07,0.21,C3'-endo
30,30,0.39,G,G,G,0,0,1,0,0,(,40,1,cWW,cW-W,5.00,3.04,1.05,1.47,3.43,4.96,4.75,3.47,BI,anti,A,4.38,4.38,2.84,3.58,3.13,3.56,3.80,4.01,6.27,5.93,0.57,5.69,0.39,34.70,0.35,C3'-endo
31,31,0.41,A,A,A,1,0,0,0,0,.,39,1,cWH,cW+M,4.80,3.28,0.95,1.51,3.68,5.21,4.75,3.42,BI,anti,.,4.56,4.66,2.82,4.02,2.95,4.05,3.62,4.44,0.09,5.84,0.61,5.70,0.31,35.74,0.19,C3'-endo
32,32,0.42,U,U,U,0,0,0,1,0,.,38,1,cWW,cW-W,5.14,3.31,0.91,1.44,3.65,5.24,4.70,3.56,BI,anti,.,4.28,4.50,3.07,3.93,3.34,4.02,3.99,4.70,6.28,5.91,0.59,5.67,0.39,35.84,0.34,C3'-endo
33,33,0.43,U,U,U,0,0,0,1,0,.,,0,,,5.15,3.23,0.92,1.46,3.66,5.19,4.75,3.76,BI,anti,.,3.88,4.49,3.05,4.28,3.39,3.52,4.25,2.64,0.01,5.90,0.58,5.69,0.37,34.98,0.31,C3'-endo
34,34,0.45,G,G,G,0,0,1,0,0,.,"0,0",2,"cWW,tWH","cW-W,tW-M",2.71,2.76,0.95,1.52,3.81,5.00,5.09,4.22,BI,anti,B,2.17,4.49,0.27,3.97,0.70,3.95,0.39,4.37,0.04,5.89,0.57,5.72,0.33,33.52,0.25,C3'-endo
35,35,0.46,A,A,A,1,0,0,0,0,.,0,1,cWW,cW-W,5.11,2.95,0.92,1.48,3.78,5.13,4.93,4.06,BI,anti,B,2.97,4.54,2.85,4.02,3.16,4.03,3.75,4.64,0.01,5.90,0.58,5.69,0.37,34.80,0.31,C3'-endo
36,36,0.47,A,A,A,1,0,0,0,0,.,,0,,,5.03,3.07,0.90,1.47,3.19,4.97,4.50,3.87,BI,anti,.,3.71,4.33,2.72,3.91,3.14,3.67,4.01,3.63,0.04,5.88,0.59,5.70,0.34,35.18,0.26,C3'-endo
37,37,0.49,A,A,A,1,0,0,0,0,.,,0,,,2.68,3.47,3.07,1.48,3.83,5.15,4.96,3.45,BI,anti,.,4.36,4.55,2.93,3.59,3.11,3.71,3.36,4.73,0.02,5.90,0.58,5.70,0.36,34.58,0.29,C3'-endo
38,38,0.50,A,A,A,1,0,0,0,0,.,32,1,cWW,cW-W,5.27,2.94,0.89,1.49,3.57,0.80,2.78,3.80,..,anti,.,3.67,4.47,2.93,5.06,3.37,4.65,4.61,5.39,0.07,5.87,0.58,5.72,0.31,33.95,0.22,C3'-endo
39,39,0.51,U,U,U,0,0,0,1,0,.,31,1,cHW,cM+W,5.25,5.42,4.73,1.52,3.87,4.77,5.39,0.71,BI,syn,.,-3.42,4.51,2.99,2.77,3.18,3.21,4.47,2.67,0.08,5.87,0.57,5.74,0.30,33.10,0.20,C3'-endo
40,40,0.53,C,C,C,0,1,0,0,0,),30,1,cWW,cW-W,0.57,2.58,5.55,1.62,3.33,4.74,4.88,3.95,BI,anti,.,3.62,4.51,2.62,3.66,3.00,3.72,2.49,4.16,0.19,5.77,0.62,5.76,0.21,35.50,0.02,C3'-endo
41,41,0.54,C,C,C,0,1,0,0,0,),29,1,cWW,cW-W,2.84,3.78,2.84,1.51,4.24,4.78,5.74,3.01,..,anti,.,4.57,4.62,2.99,3.77,3.24,3.77,3.79,4.65,0.08,5.86,0.59,5.72,0.30,34.37,0.19,C3'-endo
42,42,0.55,C,C,C,0,1,0,0,0,),28,1,cWW,cW-W,5.14,2.79,0.87,1.52,4.30,3.76,0.54,3.36,..,anti,.,4.54,4.75,2.81,3.75,3.10,3.61,4.23,3.41,0.10,5.84,0.61,5.71,0.30,35.22,0.17,C3'-endo
43,43,0.57,C,C,C,0,1,0,0,0,),27,1,cWW,cW-W,1.68,4.41,3.34,1.46,3.91,5.03,5.17,3.06,BI,anti,.,4.74,4.71,2.93,3.54,3.04,3.62,3.10,4.07,0.08,5.83,0.64,5.68,0.33,37.29,0.20,C3'-endo
44,44,0.58,G,G,G,0,0,1,0,0,.,"10,25",2,"cWH,cW.","cW+M,cW-.",5.58,3.13,0.93,1.50,4.18,4.65,5.81,3.39,..,anti,.,4.43,4.68,3.52,3.92,3.80,4.00,4.36,5.08,0.07,5.86,0.59,5.72,0.31,34.54,0.21,C3'-endo
45,45,0.59,U,U,U,0,0,0,1,0,.,9,1,cWS,cW-m,5.38,2.52,0.82,1.44,3.93,4.93,5.28,3.83,BI,anti,.,3.63,4.75,2.73,3.92,3.06,3.96,4.39,4.12,0.09,5.82,0.64,5.68,0.32,37.17,0.18,C3'-endo
46,46,0.61,G,G,G,0,0,1,0,0,.,22,1,tWH,tW-M,5.81,3.67,0.85,2.42,4.21,4.38,6.11,5.40,..,anti,.,0.18,1.54,4.09,4.65,4.29,3.99,4.17,4.22,5.93,0.56,5.74,0.36,6.27,32.90,2.83,C2'-endo
47,47,0.62,U,U,U,0,0,0,1,0,.,,0,,,1.02,3.58,0.72,2.44,3.70,5.24,4.75,5.46,BI,anti,.,3.40,4.41,5.17,5.21,5.84,4.38,5.50,2.41,5.93,0.57,5.73,0.37,6.26,32.93,2.84,C2'-endo
48,48,0.63,C,C,C,0,1,0,0,0,.,15,1,tWW,tW+W,4.08,4.52,3.06,2.50,4.32,1.04,3.28,4.13,..,anti,.,1.32,1.40,5.53,0.75,0.06,0.44,1.94,4.56,5.96,0.55,5.73,0.38,6.24,32.70,2.89,C2'-endo
49,49,0.64,C,C,C,0,1,0,0,0,.,65,1,cWW,cW-W,0.89,2.65,0.83,1.48,3.71,5.28,4.71,3.47,BI,anti,.,4.41,4.62,5.14,4.17,5.37,4.17,1.52,4.58,0.08,5.85,0.61,5.70,0.32,35.53,0.20,C3'-endo
50,50,0.66,U,U,U,0,0,0,1,0,.,,0,,,5.31,3.13,0.90,1.45,3.41,5.11,4.58,3.34,BI,anti,.,4.19,4.27,3.07,4.21,3.49,4.06,4.32,4.98,6.26,5.94,0.56,5.69,0.39,34.59,0.37,C3'-endo
51,51,0.67,U,U,U,0,0,0,1,0,.,64,1,cWW,cW-W,2.54,3.53,3.13,1.48,4.75,4.02,0.72,3.58,..,anti,.,3.48,4.42,3.05,3.79,3.31,3.68,4.51,4.22,6.28,5.91,0.58,5.68,0.38,35.41,0.33,C3'-endo
52,52,0.68,G,G,G,0,0,1,0,0,(,62,1,cWW,cW-W,1.84,4.18,3.08,1.47,4.04,5.08,5.25,2.86,BI,anti,.,4.62,4.67,2.32,3.89,2.77,3.91,3.57,4.74,0.06,5.86,0.60,5.70,0.33,35.49,0.23,C3'-endo
53,53,0.70,G,G,G,0,0,1,0,0,.,"61,62",2,"cWW,cSW","cW-W,cm-W",5.39,2.95,0.95,1.46,3.19,4.78,4.69,3.79,BI,anti,.,3.89,4.35,2.97,3.21,3.50,3.13,4.72,3.34,0.08,5.85,0.61,5.70,0.32,35.73,0.21,C3'-endo
54,54,0.71,U,U,U,0,0,0,1,0,.,,0,,,5.16,3.32,0.71,1.45,3.94,5.20,5.03,2.71,BI,anti,.,4.08,4.57,3.07,4.14,2.94,4.27,3.16,5.49,0.06,5.86,0.61,5.69,0.34,35.77,0.24,C3'-endo
55,55,0.72,U,U,U,0,0,0,1,0,.,,0,,,5.21,3.21,0.88,1.46,3.76,4.68,5.36,0.92,BI,syn,.,-3.05,4.45,3.00,4.15,3.37,3.63,4.83,2.39,6.26,5.93,0.57,5.68,0.39,34.97,0.36,C3'-endo
56,56,0.74,C,C,C,0,1,0,0,0,.,19,1,cWW,cW-W,3.07,3.72,0.70,1.41,3.54,5.54,4.28,3.61,BI,anti,.,4.31,4.52,0.82,4.12,1.06,3.84,0.51,4.03,6.24,5.93,0.58,5.66,0.42,36.08,0.39,C3'-endo
57,57,0.75,G,G,G,0,0,1,0,0,.,,0,,,3.03,2.34,2.90,1.49,3.42,6.23,3.48,2.77,..,anti,.,3.86,4.42,2.70,3.86,2.82,4.20,3.25,4.77,0.03,5.89,0.58,5.69,0.35,34.88,0.28,C3'-endo
58,58,0.76,A,A,A,1,0,0,0,0,.,,0,,,4.59,4.07,1.13,2.56,4.52,3.41,1.11,4.33,BII,anti,.,0.59,1.08,3.63,4.21,4.40,3.41,5.07,2.93,5.97,0.56,5.70,0.42,6.21,34.04,2.93,C2'-endo
59,59,0.78,U,U,U,0,0,0,1,0,.,,0,,,2.19,3.57,0.93,1.41,3.66,5.37,4.57,3.17,BI,anti,.,4.68,4.62,0.64,4.05,0.89,4.31,1.19,5.36,6.28,5.88,0.64,5.62,0.42,38.77,0.33,C3'-endo
60,60,0.79,U,U,U,0,0,0,1,0,.,,0,,,5.21,3.08,1.11,2.52,3.69,5.38,4.59,3.66,BI,anti,.,2.33,2.22,3.02,5.64,3.90,5.01,5.25,5.50,6.01,0.51,5.75,0.39,6.21,31.02,2.95,C2'-endo
61,61,0.80,C,C,C,0,1,0,0,0,.,53,1,cWW,cW-W,3.76,3.92,0.91,1.43,3.65,4.83,5.10,3.23,BI,anti,A,4.65,4.61,1.94,3.55,2.70,3.67,3.67,3.88,0.03,5.87,0.61,5.68,0.36,36.09,0.27,C3'-endo
62,62,0.82,C,C,C,0,1,0,0,0,),"52,53",2,"cWW,cWS","cW-W,cW-m",5.19,3.09,1.00,1.43,3.57,4.97,4.89,4.17,BI,anti,.,2.80,4.60,3.06,3.64,3.21,3.73,3.47,4.10,0.04,5.86,0.62,5.67,0.36,37.04,0.26,C3'-endo
63,63,0.83,G,G,G,0,0,1,0,0,.,,0,,,4.85,3.54,0.93,1.51,3.80,4.99,5.09,3.49,BI,anti,.,4.48,4.68,3.06,3.98,3.12,4.14,3.49,4.90,0.10,5.84,0.61,5.71,0.30,35.49,0.17,C3'-endo
64,64,0.84,A,A,A,1,0,0,0,0,.,51,1,cWW,cW-W,5.50,2.62,1.04,1.47,3.54,4.82,5.00,3.63,BI,anti,.,4.31,4.60,3.01,3.58,3.54,3.40,4.66,3.17,0.08,5.83,0.63,5.68,0.33,37.08,0.20,C3'-endo
65,65,0.86,G,G,G,0,0,1,0,0,.,49,1,cWW,cW-W,5.12,2.94,0.95,1.39,3.57,5.21,4.65,3.33,BI,anti,A,4.65,4.55,2.84,3.82,2.93,3.88,3.00,4.55,6.25,5.91,0.62,5.63,0.44,38.09,0.38,C3'-endo
66,66,0.87,U,U,U,0,0,0,1,0,),7,1,cWW,cW-W,5.16,3.30,0.89,1.48,3.79,4.80,5.27,3.71,BI,anti,.,3.79,4.47,3.14,3.68,3.41,3.71,4.26,4.41,0.01,5.91,0.57,5.70,0.36,34.46,0.31,C3'-endo
67,67,0.88,C,C,C,0,1,0,0,0,),6,1,cWW,cW-W,5.19,2.65,0.96,1.45,3.44,5.00,4.72,3.75,BI,anti,A,4.11,4.53,2.68,3.68,3.00,3.61,3.97,3.82,0.03,5.87,0.62,5.66,0.37,36.91,0.28,C3'-endo
68,68,0.89,C,C,C,0,1,0,0,0,),5,1,cWW,cW-W,5.14,3.20,0.94,1.48,3.57,4.95,4.91,3.68,BI,anti,.,3.98,4.45,3.09,3.68,3.25,3.62,3.65,3.62,0.04,5.89,0.58,5.71,0.34,34.31,0.26,C3'-endo
69,69,0.91,G,G,G,0,0,1,0,0,),4,1,cWW,cW-W,5.27,2.83,0.85,1.38,3.18,5.00,4.46,3.51,BI,anti,A,4.14,4.10,2.82,3.83,3.07,3.67,3.33,4.16,6.10,6.05,0.54,5.62,0.54,37.61,0.61,C3'-endo
70,70,0.92,G,G,G,0,0,1,0,0,),3,1,cWW,cW-W,2.75,3.36,3.05,0.04,1.98,1.17,0.81,3.01,..,anti,A,4.72,4.75,2.85,3.64,3.07,3.66,3.89,4.28,0.07,5.92,0.52,5.79,0.27,30.28,0.21,C3'-endo
71,71,0.93,G,G,G,0,0,1,0,0,),2,1,cWW,cW-W,0.18,2.53,5.30,1.61,3.58,5.01,4.85,3.52,BI,anti,A,4.54,4.72,2.87,3.45,3.04,3.66,3.89,4.16,0.30,5.69,0.65,5.78,0.13,37.70,6.15,C2'-exo
72,72,0.95,C,C,C,0,1,0,0,0,),1,1,cWW,cW-W,5.48,2.79,0.98,1.43,3.83,5.61,4.50,3.55,BI,anti,.,4.45,4.67,3.14,4.13,3.45,3.89,4.01,3.92,0.03,5.88,0.60,5.69,0.36,35.59,0.28,C3'-endo
73,73,0.96,A,A,A,1,0,0,0,0,.,,0,,,4.17,1.83,2.77,1.44,3.93,5.00,5.22,3.21,BI,anti,A,4.46,4.60,3.21,3.45,3.31,3.47,3.69,4.01,0.10,5.85,0.59,5.73,0.29,34.49,0.17,C3'-endo
74,74,0.97,C,C,C,0,1,0,0,0,.,,0,,,2.86,3.16,2.93,1.48,4.01,5.13,5.16,3.47,BI,anti,.,4.30,4.70,2.65,3.66,2.98,3.80,3.73,4.89,0.14,5.80,0.63,5.71,0.28,36.38,0.12,C3'-endo
75,75,0.99,C,C,C,0,1,0,0,0,.,,0,,,5.46,2.90,0.92,1.38,3.92,3.02,0.90,4.22,BII,anti,.,1.95,4.67,3.08,1.85,3.49,2.03,4.74,2.27,0.06,5.83,0.65,5.64,0.37,38.56,0.24,C3'-endo
76,76,1.00,A,A,A,1,0,0,0,0,.,0,1,cSW,cm-W,5.06,2.56,0.70,1.35,,,,3.45,n/a,anti,-,,,,,,,,,6.24,5.92,0.60,5.63,0.43,37.40,0.39,C3'-endo
