index_chain,old_nt_resnum,nt_position,nt_name,nt_code,nt_align_code,is_A,is_C,is_G,is_U,is_other,dbn,paired,nb_interact,pair_type_LW,pair_type_DSSR,alpha,beta,gamma,delta,epsilon,zeta,epsilon_zeta,chi,bb_type,glyco_bond,form,ssZp,Dp,eta,theta,eta_prime,theta_prime,eta_base,theta_base,v0,v1,v2,v3,v4,amplitude,phase_angle,puckering
1,1,0.01,U,U,U,0,0,0,1,0,.,,0,,,,,5.26,1.57,3.68,5.44,4.52,3.29,BI,anti,.,4.48,4.47,,,,,,,0.06,5.89,0.56,5.74,0.31,33.03,0.23,C3'-endo
2,2,0.02,C,C,C,0,1,0,0,0,(,119,1,cWW,cW-W,4.72,3.43,0.90,1.45,3.38,4.86,4.80,3.81,BI,anti,A,3.74,4.36,2.72,3.88,3.16,3.74,4.25,3.93,0.03,5.89,0.59,5.69,0.36,35.15,0.28,C3'-endo
3,3,0.03,C,C,C,0,1,0,0,0,(,118,1,cWW,cW-W,2.74,3.41,2.93,1.47,4.14,4.95,5.47,3.45,..,anti,.,4.18,4.63,2.79,3.67,2.98,3.72,3.37,4.26,0.08,5.86,0.59,5.72,0.31,34.47,0.20,C3'-endo
4,4,0.03,C,C,C,0,1,0,0,0,(,117,1,cWW,cW-W,5.20,3.00,0.83,1.41,3.71,4.81,5.18,3.66,BI,anti,A,4.13,4.61,2.76,3.56,3.07,3.60,3.81,4.08,0.01,5.88,0.62,5.65,0.40,37.10,0.32,C3'-endo
5,5,0.04,C,C,C,0,1,0,0,0,(,116,1,cWW,cW-W,5.22,2.80,1.00,1.44,3.55,5.12,4.71,3.53,BI,anti,A,4.46,4.61,2.89,3.81,3.13,3.76,3.82,4.10,0.04,5.86,0.62,5.67,0.36,36.77,0.27,C3'-endo
6,6,0.05,C,C,C,0,1,0,0,0,(,115,1,cWW,cW-W,5.12,3.28,0.81,1.39,3.82,4.86,5.24,3.43,BI,anti,A,4.62,4.73,2.96,3.63,3.13,3.71,3.74,4.14,0.05,5.84,0.64,5.65,0.37,38.00,0.25,C3'-endo
7,7,0.06,G,G,G,0,0,1,0,0,(,114,1,cWW,cW-W,5.15,2.72,1.24,1.41,3.97,4.92,5.34,3.21,BI,anti,.,4.81,4.76,3.02,4.20,3.26,4.02,3.89,4.45,0.06,5.83,0.65,5.65,0.36,38.12,0.24,C3'-endo
8,8,0.07,U,U,U,0,0,0,1,0,(,113,1,cWW,cW-W,0.97,3.41,4.92,1.67,3.37,5.07,4.59,3.62,BI,anti,.,4.22,4.49,2.99,3.48,3.23,3.46,4.07,3.65,0.29,5.73,0.59,5.84,0.10,34.27,6.11,C2'-exo
9,9,0.08,G,G,G,0,0,1,0,0,(,112,1,cWW,cW-W,2.65,3.34,2.97,1.46,3.72,5.06,4.94,3.22,BI,anti,A,4.72,4.67,2.64,3.42,2.94,3.49,3.35,4.00,0.08,5.84,0.61,5.70,0.31,35.81,0.20,C3'-endo
10,10,0.08,C,C,C,0,1,0,0,0,(,111,1,cWW,cW-W,5.20,3.14,0.89,1.49,3.69,5.05,4.92,3.35,BI,anti,A,4.53,4.55,3.00,3.85,3.25,3.88,3.97,4.26,0.02,5.89,0.59,5.69,0.36,35.06,0.29,C3'-endo
11,11,0.09,C,C,C,0,1,0,0,0,(,110,1,cWW,cW-W,5.03,3.18,1.01,1.50,4.20,5.08,5.40,3.44,..,anti,.,4.04,4.32,3.14,4.30,3.32,4.55,3.84,5.43,6.19,5.98,0.55,5.66,0.45,35.54,0.47,C3'-endo
12,12,0.10,C,C,C,0,1,0,0,0,.,,0,,,5.34,2.58,1.41,2.46,3.71,3.70,0.01,3.89,..,anti,.,1.49,1.80,2.99,3.29,4.07,2.71,5.08,3.11,5.92,0.56,5.74,0.35,6.28,32.86,2.81,C2'-endo
13,13,0.11,A,A,A,1,0,0,0,0,.,69,1,tWS,tW+m,6.14,3.84,0.59,1.47,3.51,4.32,5.47,3.49,BI,anti,.,4.59,4.56,4.56,3.31,4.28,2.70,4.22,3.23,0.06,5.86,0.59,5.70,0.33,34.92,0.23,C3'-endo
14,14,0.12,U,U,U,0,0,0,1,0,.,107,1,tSS,tm+m,1.70,3.61,1.04,2.53,3.64,5.78,4.14,5.39,BI,anti,.,0.87,1.90,6.11,5.88,0.09,5.16,5.41,5.57,5.91,0.60,5.70,0.38,6.28,34.91,2.82,C2'-endo
15,15,0.13,A,A,A,1,0,0,0,0,.,,0,,,2.40,2.34,3.33,2.42,3.94,0.16,3.77,6.27,..,syn,.,-0.83,1.84,2.75,4.99,3.37,5.33,3.60,5.85,5.86,0.61,5.72,0.33,0.05,35.13,2.73,C2'-endo
16,16,0.13,G,G,G,0,0,1,0,0,(,68,1,cWW,cW-W,4.96,3.34,0.77,1.43,3.37,5.03,4.62,3.55,BI,anti,.,4.28,4.38,2.83,3.94,3.68,3.81,3.97,4.10,0.01,5.91,0.58,5.69,0.37,34.88,0.31,C3'-endo
17,17,0.14,C,C,C,0,1,0,0,0,(,"67,109",2,"cWW,cHW","cW-W,cM+W",2.75,3.26,3.05,1.46,4.32,5.00,5.60,3.13,..,anti,.,4.76,4.72,2.91,3.76,3.07,3.94,3.60,5.02,0.07,5.85,0.61,5.69,0.33,35.77,0.22,C3'-endo
18,18,0.15,G,G,G,0,0,1,0,0,(,65,1,cWW,cW-W,5.33,2.62,0.97,1.43,3.58,5.02,4.84,3.40,BI,anti,A,4.53,4.61,2.65,3.76,3.23,3.69,4.69,4.09,0.05,5.85,0.64,5.65,0.37,37.99,0.26,C3'-endo
19,19,0.16,G,G,G,0,0,1,0,0,(,64,1,cWW,cW-W,5.13,3.23,0.81,1.45,3.80,4.99,5.09,3.31,BI,anti,A,4.72,4.72,2.98,3.82,3.12,3.89,3.78,4.38,0.12,5.81,0.62,5.71,0.29,36.02,0.14,C3'-endo
20,20,0.17,C,C,C,0,1,0,0,0,(,63,1,cWW,cW-W,5.19,2.94,0.97,1.43,3.48,4.57,5.19,3.24,BI,anti,.,4.52,4.55,2.86,3.77,3.19,3.73,3.99,4.84,0.03,5.86,0.63,5.65,0.38,37.64,0.28,C3'-endo
21,21,0.18,G,G,G,0,0,1,0,0,.,62,1,cHW,cM+W,1.10,2.72,5.38,2.52,3.08,4.54,4.82,1.36,BI,syn,.,-2.93,2.46,3.05,3.96,3.30,3.77,4.62,3.09,5.96,0.56,5.72,0.39,6.24,33.27,2.88,C2'-endo
22,22,0.18,U,U,U,0,0,0,1,0,.,62,1,cWW,cW-W,2.46,3.57,3.08,1.47,4.49,4.43,0.06,3.93,..,anti,.,2.54,4.62,2.89,3.36,3.14,3.50,2.74,4.01,0.05,5.87,0.61,5.68,0.35,35.98,0.25,C3'-endo
23,23,0.19,G,G,G,0,0,1,0,0,(,60,1,cWW,cW-W,5.24,2.49,0.93,1.53,4.61,3.69,0.92,3.29,..,anti,.,4.34,4.49,2.97,3.20,3.16,3.58,3.65,3.10,0.02,5.91,0.57,5.70,0.36,34.27,0.30,C3'-endo
24,24,0.20,G,G,G,0,0,1,0,0,.,27,1,tSW,tm+W,5.15,2.63,0.99,2.58,3.68,2.14,1.54,4.68,..,anti,.,1.36,2.06,3.04,2.24,3.36,1.40,2.84,1.35,6.07,0.47,5.75,0.43,6.14,30.48,3.07,C2'-endo
25,25,0.21,A,A,A,1,0,0,0,0,.,,0,,,5.44,2.59,5.38,1.71,3.59,5.45,4.42,2.84,BI,anti,.,3.74,4.35,1.92,3.94,1.83,4.15,2.08,5.15,0.15,5.84,0.55,5.80,0.22,31.48,0.07,C3'-endo
26,26,0.22,A,A,A,1,0,0,0,0,.,,0,,,4.75,3.41,0.97,1.54,3.57,5.16,4.70,3.81,BI,anti,.,3.71,4.48,2.87,3.90,3.33,3.90,4.46,4.64,0.06,5.87,0.58,5.72,0.32,34.18,0.23,C3'-endo
27,27,0.23,C,C,C,0,1,0,0,0,.,24,1,tWS,tW+m,5.01,2.94,0.96,1.43,3.71,5.15,4.84,3.58,BI,anti,A,4.36,4.69,2.75,3.95,3.09,3.96,4.16,4.59,0.07,5.83,0.64,5.66,0.35,37.66,0.23,C3'-endo
28,28,0.24,C,C,C,0,1,0,0,0,(,56,1,cWW,cW-W,5.07,3.10,0.98,1.47,3.59,5.12,4.75,3.58,BI,anti,A,4.36,4.57,2.89,3.84,3.24,3.83,4.19,4.39,0.02,5.89,0.59,5.69,0.36,35.44,0.29,C3'-endo
29,29,0.24,A,A,A,1,0,0,0,0,(,"55,58",2,"cWW,cSW","cW-W,cm-W",5.20,3.01,0.93,1.41,3.69,4.87,5.10,3.64,BI,anti,.,4.20,4.67,2.97,3.60,3.25,3.61,4.10,4.06,0.03,5.87,0.62,5.66,0.38,36.82,0.28,C3'-endo
30,30,0.25,C,C,C,0,1,0,0,0,(,"54,57",2,"cWW,cSW","cW-W,cm-W",5.15,2.81,1.02,1.43,3.42,5.19,4.52,3.92,BI,anti,.,3.71,4.54,2.81,4.45,3.09,4.44,3.79,5.03,0.05,5.85,0.63,5.66,0.37,37.54,0.26,C3'-endo
31,31,0.26,C,C,C,0,1,0,0,0,(,"51,53",2,"cWW,cSW","cW-W,cm-W",2.77,3.93,2.88,1.52,4.26,4.97,5.57,3.14,..,anti,.,4.45,4.59,3.08,4.01,3.70,3.96,4.76,4.57,0.10,5.85,0.59,5.74,0.28,34.09,0.16,C3'-endo
32,32,0.27,C,C,C,0,1,0,0,0,(,50,1,cWW,cW-W,5.00,3.14,0.78,1.47,4.14,4.17,6.25,3.57,..,anti,A,4.09,4.67,2.72,4.02,3.02,3.92,3.89,4.08,0.06,5.86,0.60,5.70,0.33,35.47,0.23,C3'-endo
33,33,0.28,G,G,G,0,0,1,0,0,(,49,1,cWW,cW-W,2.03,4.26,3.18,1.47,4.16,4.77,5.67,3.03,..,anti,.,4.65,4.59,2.78,3.71,3.04,3.79,3.45,4.61,6.25,5.94,0.57,5.68,0.40,34.88,0.38,C3'-endo
34,34,0.29,U,U,U,0,0,0,1,0,(,"36,48",2,"cSH,cWW","cm+M,cW-W",5.71,2.48,1.02,1.57,4.13,2.72,1.41,3.76,BII,anti,.,2.80,3.52,3.24,2.27,3.68,1.82,4.71,1.74,5.97,6.22,0.38,5.71,0.56,33.94,0.87,C4'-exo
35,35,0.29,U,U,U,0,0,0,1,0,.,,0,,,1.10,3.75,2.98,1.49,4.42,5.15,5.55,2.81,..,anti,.,4.44,4.47,2.26,4.17,2.13,4.20,2.23,5.01,0.02,5.92,0.56,5.72,0.35,33.40,0.30,C3'-endo
36,36,0.30,C,C,C,0,1,0,0,0,.,"34,49",2,"cHS,cWS","cM+m,cW-m",5.18,3.02,0.81,1.39,3.78,4.85,5.21,3.61,BI,anti,.,4.12,4.48,2.61,3.61,3.10,3.69,4.27,4.12,6.22,5.96,0.56,5.66,0.43,35.46,0.43,C3'-endo
37,37,0.31,C,C,C,0,1,0,0,0,.,48,1,cWS,cW-m,5.02,3.14,0.85,1.45,3.88,5.19,4.97,3.54,BI,anti,.,4.12,4.58,2.88,4.10,3.00,4.16,3.52,4.99,0.03,5.88,0.61,5.67,0.36,36.14,0.28,C3'-endo
38,38,0.32,C,C,C,0,1,0,0,0,(,44,1,cWW,cW-W,5.20,2.94,0.86,1.40,3.39,4.64,5.03,3.56,BI,anti,A,4.43,4.52,2.71,3.82,3.17,3.75,4.37,4.14,0.02,5.87,0.63,5.65,0.39,37.55,0.30,C3'-endo
39,39,0.33,A,A,A,1,0,0,0,0,.,46,1,cSW,cm-W,2.82,3.82,2.93,1.51,4.31,4.23,0.07,3.20,..,anti,.,4.56,4.70,3.07,3.24,3.28,3.37,3.90,3.55,0.08,5.85,0.60,5.71,0.32,35.21,0.21,C3'-endo
40,40,0.34,U,U,U,0,0,0,1,0,.,,0,,,5.31,2.34,1.24,1.78,4.93,5.13,6.07,3.60,..,anti,.,2.53,3.42,3.53,5.73,3.62,5.17,3.75,4.33,6.21,6.04,0.45,5.78,0.37,28.59,0.47,C3'-endo
41,41,0.34,U,U,U,0,0,0,1,0,.,,0,,,1.48,2.71,1.15,1.45,3.25,1.07,2.17,3.91,..,anti,.,3.58,4.18,4.88,6.07,5.82,5.45,0.34,5.32,6.22,5.96,0.56,5.67,0.43,35.31,0.42,C3'-endo
42,42,0.35,C,C,C,0,1,0,0,0,.,,0,,,3.13,3.53,0.67,1.35,3.10,4.85,4.53,3.88,BI,anti,.,3.65,3.82,1.41,3.50,2.22,3.50,2.92,4.15,5.96,6.18,0.46,5.62,0.62,38.35,0.81,C4'-exo
43,43,0.36,C,C,C,0,1,0,0,0,.,,0,,,2.81,3.58,3.01,1.47,4.55,4.77,6.06,3.05,..,anti,.,4.23,4.34,3.19,4.29,3.30,4.10,4.05,4.44,6.27,5.93,0.56,5.69,0.39,34.36,0.36,C3'-endo
44,44,0.37,G,G,G,0,0,1,0,0,),38,1,cWW,cW-W,0.93,2.92,1.04,1.67,3.29,3.40,6.17,4.88,..,anti,.,0.19,3.70,4.67,2.37,5.34,1.59,5.30,1.20,0.02,5.97,0.47,5.80,0.30,28.12,0.30,C3'-endo
45,45,0.38,A,A,A,1,0,0,0,0,.,,0,,,0.88,3.68,2.90,1.50,3.83,5.54,4.57,3.14,BI,anti,.,4.72,4.68,1.30,4.17,1.31,4.13,1.81,5.07,0.09,5.84,0.62,5.70,0.31,35.98,0.19,C3'-endo
46,46,0.39,A,A,A,1,0,0,0,0,.,39,1,cWS,cW-m,4.83,3.43,0.76,1.46,3.60,4.84,5.04,3.65,BI,anti,A,4.18,4.60,2.66,4.12,3.15,4.07,4.54,4.80,0.07,5.85,0.61,5.69,0.33,36.04,0.22,C3'-endo
47,47,0.39,C,C,C,0,1,0,0,0,.,,0,,,2.64,3.71,2.94,1.48,4.30,5.22,5.36,3.33,..,anti,.,4.36,4.62,2.83,4.13,3.17,4.14,4.18,4.76,0.05,5.88,0.59,5.71,0.33,34.53,0.24,C3'-endo
48,48,0.40,A,A,A,1,0,0,0,0,),"34,37",2,"cWW,cSW","cW-W,cm-W",5.35,3.04,0.64,1.37,3.47,4.96,4.79,3.39,BI,anti,A,4.34,4.38,2.62,3.47,3.10,3.53,4.14,4.10,6.20,5.96,0.58,5.63,0.46,37.21,0.45,C3'-endo
49,49,0.41,C,C,C,0,1,0,0,0,),"33,36",2,"cWW,cSW","cW-W,cm-W",5.21,3.03,0.94,1.46,3.51,4.87,4.92,3.35,BI,anti,A,4.54,4.51,2.98,3.53,3.19,3.56,3.94,3.85,0.04,5.88,0.60,5.69,0.35,35.54,0.27,C3'-endo
50,50,0.42,G,G,G,0,0,1,0,0,),32,1,cWW,cW-W,4.89,3.21,1.00,1.50,3.31,4.98,4.61,3.56,BI,anti,.,4.44,4.51,2.85,4.18,3.03,4.10,3.53,4.36,0.12,5.82,0.62,5.72,0.28,35.65,0.14,C3'-endo
51,51,0.43,G,G,G,0,0,1,0,0,),31,1,cWW,cW-W,2.80,3.88,3.10,1.57,4.55,5.18,5.65,3.09,..,anti,.,3.77,3.98,3.46,3.75,3.72,3.69,4.30,3.94,6.16,6.03,0.50,5.69,0.45,33.42,0.54,C3'-endo
52,52,0.44,A,A,A,1,0,0,0,0,.,53,1,cSH,cm+M,4.74,1.41,2.72,1.51,3.74,3.70,0.03,3.20,..,anti,.,3.98,4.20,3.50,1.92,3.54,2.25,3.99,2.22,6.21,5.99,0.53,5.69,0.42,33.48,0.45,C3'-endo
53,53,0.45,A,A,A,1,0,0,0,0,.,"31,52",2,"cWS,cHS","cW-m,cM+m",2.89,3.66,2.15,1.48,4.07,5.02,5.33,2.73,..,anti,.,4.61,4.75,2.36,4.12,2.28,4.10,2.23,4.46,0.12,5.81,0.62,5.71,0.28,36.01,0.13,C3'-endo
54,54,0.45,G,G,G,0,0,1,0,0,),30,1,cWW,cW-W,5.11,3.16,1.02,1.47,3.39,5.11,4.57,3.49,BI,anti,A,4.36,4.42,2.91,3.67,3.30,3.63,4.09,4.00,6.27,5.90,0.61,5.65,0.41,36.90,0.34,C3'-endo
55,55,0.46,U,U,U,0,0,0,1,0,),29,1,cWW,cW-W,5.16,3.15,0.89,1.42,3.55,5.13,4.71,3.39,BI,anti,A,4.52,4.51,3.00,3.59,3.20,3.63,3.82,3.90,6.27,5.92,0.59,5.66,0.40,36.23,0.35,C3'-endo
56,56,0.47,G,G,G,0,0,1,0,0,),"28,59",2,"cWW,tSW","cW-W,tm+W",4.33,2.37,2.49,2.53,4.62,2.05,2.57,3.52,..,anti,.,1.29,1.31,4.33,1.23,4.15,1.58,4.37,1.62,6.06,0.47,5.77,0.40,6.17,29.80,3.03,C2'-endo
57,57,0.48,A,A,A,1,0,0,0,0,.,30,1,cWS,cW-m,3.17,3.80,0.97,1.50,3.79,5.17,4.90,3.36,BI,anti,A,4.58,4.64,2.50,4.08,2.22,4.18,2.28,4.77,0.09,5.85,0.60,5.72,0.30,35.01,0.18,C3'-endo
58,58,0.49,A,A,A,1,0,0,0,0,.,29,1,cWS,cW-m,5.08,3.20,0.92,1.52,3.87,5.08,5.07,3.44,BI,anti,.,4.39,4.52,3.00,4.04,3.32,4.08,4.15,4.98,0.01,5.92,0.56,5.70,0.36,34.08,0.32,C3'-endo
59,59,0.50,A,A,A,1,0,0,0,0,.,56,1,tWS,tW+m,5.13,2.79,0.99,1.44,3.79,5.28,4.79,3.40,BI,anti,.,4.60,4.65,2.76,4.15,3.18,4.16,4.44,5.07,0.02,5.87,0.62,5.66,0.38,37.11,0.29,C3'-endo
60,60,0.50,C,C,C,0,1,0,0,0,),23,1,cWW,cW-W,5.13,3.09,0.89,1.46,3.67,4.93,5.03,3.68,BI,anti,A,4.08,4.58,2.86,3.69,3.29,3.71,4.59,4.09,0.05,5.86,0.61,5.69,0.35,35.88,0.25,C3'-endo
61,61,0.51,G,G,G,0,0,1,0,0,.,,0,,,5.15,3.04,0.86,1.47,3.52,5.23,4.57,3.23,BI,anti,A,4.53,4.46,2.88,3.88,3.09,3.91,3.70,4.47,0.00,5.90,0.59,5.67,0.38,35.88,0.32,C3'-endo
62,62,0.52,C,C,C,0,1,0,0,0,.,"21,22",2,"cWH,cWW","cW+M,cW-W",5.13,3.22,0.87,1.43,3.30,5.03,4.56,3.49,BI,anti,.,4.31,4.33,2.97,3.92,3.30,3.72,4.17,3.90,0.01,5.90,0.59,5.68,0.37,35.34,0.31,C3'-endo
63,63,0.53,G,G,G,0,0,1,0,0,),20,1,cWW,cW-W,2.68,3.27,3.03,1.48,4.11,4.72,5.67,3.13,..,anti,A,4.76,4.73,2.81,3.38,2.97,3.50,3.45,4.17,0.09,5.84,0.61,5.70,0.31,35.67,0.18,C3'-endo
64,64,0.54,C,C,C,0,1,0,0,0,),19,1,cWW,cW-W,5.39,2.71,0.86,1.45,3.58,5.08,4.78,3.60,BI,anti,A,4.33,4.54,2.84,3.83,3.15,3.85,4.00,4.42,6.28,5.91,0.60,5.67,0.39,36.12,0.34,C3'-endo
65,65,0.55,C,C,C,0,1,0,0,0,),18,1,cWW,cW-W,5.20,3.14,0.93,1.55,3.68,4.58,5.38,3.68,BI,anti,.,3.68,4.36,3.14,4.08,3.40,4.26,4.17,4.71,0.06,5.89,0.56,5.74,0.31,32.81,0.23,C3'-endo
66,66,0.55,A,A,A,1,0,0,0,0,.,,0,,,3.27,3.96,2.94,2.49,4.84,2.56,2.28,3.94,BII,anti,.,0.58,0.82,4.32,2.08,4.30,2.09,4.54,1.81,5.96,0.55,5.73,0.39,6.24,33.01,2.89,C2'-endo
67,67,0.56,G,G,G,0,0,1,0,0,),"17,109",2,"cWW,tHW","cW-W,tM-W",2.72,3.55,0.94,1.50,3.52,5.06,4.74,3.46,BI,anti,A,4.55,4.55,1.88,3.73,1.72,3.76,1.75,3.96,0.08,5.85,0.59,5.72,0.31,34.77,0.20,C3'-endo
68,68,0.57,C,C,C,0,1,0,0,0,),16,1,cWW,cW-W,5.17,3.21,0.88,1.47,3.56,5.25,4.59,3.59,BI,anti,.,4.22,4.45,3.05,3.90,3.23,3.99,3.60,4.75,6.26,5.93,0.56,5.69,0.39,34.44,0.36,C3'-endo
69,69,0.58,G,G,G,0,0,1,0,0,(,"13,108",2,"tSW,cWW","tm+W,cW-W",5.13,2.94,1.01,1.51,3.82,5.17,4.93,3.07,BI,anti,A,4.52,4.55,2.98,4.10,3.40,4.08,4.52,4.86,0.05,5.87,0.60,5.70,0.33,35.14,0.24,C3'-endo
70,70,0.59,C,C,C,0,1,0,0,0,(,107,1,cWW,cW-W,5.06,3.11,0.86,1.44,3.50,5.11,4.68,3.64,BI,anti,.,4.18,4.52,2.75,3.71,3.12,3.76,4.30,4.24,0.03,5.86,0.63,5.66,0.38,37.34,0.28,C3'-endo
71,71,0.60,C,C,C,0,1,0,0,0,(,106,1,cWW,cW-W,5.09,3.25,0.94,1.48,3.62,5.41,4.49,3.51,BI,anti,.,4.41,4.56,3.03,4.14,3.27,4.22,3.92,5.06,0.03,5.87,0.61,5.67,0.36,36.46,0.27,C3'-endo
72,72,0.61,G,G,G,0,0,1,0,0,.,105,1,tSH,tm-M,4.99,3.23,0.93,1.53,3.80,3.97,6.12,3.48,..,anti,.,4.23,4.50,2.96,3.03,3.40,2.69,4.55,2.56,0.04,5.90,0.56,5.72,0.33,33.44,0.26,C3'-endo
73,73,0.61,A,A,A,1,0,0,0,0,.,,0,,,0.74,4.44,4.73,1.53,3.87,4.89,5.26,3.51,BI,anti,.,4.10,4.64,3.70,3.35,3.23,3.56,2.93,4.46,0.16,5.79,0.61,5.74,0.24,35.28,0.07,C3'-endo
74,74,0.62,U,U,U,0,0,0,1,0,.,103,1,tHW,tM-W,2.34,3.86,3.04,1.37,4.32,5.28,5.32,3.04,..,anti,.,4.80,4.75,2.63,4.12,3.12,4.20,4.27,5.15,0.05,5.85,0.64,5.65,0.36,37.97,0.25,C3'-endo
75,75,0.63,G,G,G,0,0,1,0,0,.,102,1,cWW,cW-W,5.54,3.10,0.56,1.40,3.55,4.84,4.99,3.74,BI,anti,A,3.87,4.49,2.79,3.99,3.28,3.93,4.63,4.55,0.04,5.87,0.60,5.68,0.36,35.88,0.27,C3'-endo
76,76,0.64,G,G,G,0,0,1,0,0,.,101,1,tWH,tW-M,2.51,3.68,3.05,1.43,4.00,4.94,5.34,3.23,BI,anti,A,4.73,4.77,2.74,3.61,3.09,3.66,4.03,4.33,0.15,5.78,0.65,5.69,0.28,37.62,0.11,C3'-endo
77,77,0.65,U,U,U,0,0,0,1,0,.,101,1,tWH,tW-M,5.47,2.88,0.85,1.42,3.53,4.99,4.82,3.78,BI,anti,.,3.99,4.61,2.96,3.68,3.31,3.68,4.23,3.98,0.02,5.88,0.62,5.65,0.39,37.03,0.30,C3'-endo
78,78,0.66,A,A,A,1,0,0,0,0,.,99,1,tHS,tM-m,5.37,3.08,0.90,1.44,3.76,5.27,4.77,3.35,BI,anti,.,4.55,4.61,3.20,4.07,3.36,4.16,3.83,5.07,0.02,5.90,0.58,5.69,0.37,35.04,0.30,C3'-endo
79,79,0.66,C,C,C,0,1,0,0,0,(,"0,98",2,"tS.,cWW","tm+.,cW-W",5.23,2.98,0.84,1.44,3.28,5.18,4.39,3.54,BI,anti,.,4.43,4.44,2.82,4.16,3.33,4.12,4.65,4.78,0.04,5.86,0.63,5.66,0.36,37.10,0.26,C3'-endo
80,80,0.67,U,U,U,0,0,0,1,0,(,97,1,cWW,cW-W,2.89,3.61,2.91,1.50,4.27,4.17,0.10,3.48,..,anti,.,4.19,4.67,3.13,3.27,3.52,3.15,4.54,3.44,0.08,5.85,0.60,5.71,0.31,34.98,0.20,C3'-endo
81,81,0.68,G,G,G,0,0,1,0,0,.,96,1,tWW,tW+W,0.57,3.41,5.02,1.53,3.61,5.93,3.96,0.41,BI,syn,.,-4.57,4.62,2.88,3.89,2.72,4.20,3.07,4.48,0.09,5.83,0.62,5.69,0.32,36.36,0.19,C3'-endo
82,82,0.69,G,G,G,0,0,1,0,0,(,95,1,cWW,cW-W,4.63,3.44,0.92,1.49,3.47,5.21,4.55,3.34,BI,anti,A,4.59,4.52,2.72,3.81,3.40,3.85,3.90,4.07,0.10,5.83,0.61,5.71,0.30,35.47,0.17,C3'-endo
83,83,0.70,G,G,G,0,0,1,0,0,(,94,1,cWW,cW-W,5.24,3.15,0.87,1.43,3.39,5.12,4.55,3.29,BI,anti,.,4.12,4.26,3.05,4.07,3.34,3.90,3.83,4.30,6.20,5.96,0.58,5.64,0.45,36.62,0.45,C3'-endo
84,84,0.71,C,C,C,0,1,0,0,0,(,93,1,cWW,cW-W,2.74,3.22,3.08,1.45,3.78,5.17,4.89,3.24,BI,anti,.,4.74,4.60,2.84,3.46,3.09,3.54,3.81,4.04,6.27,5.92,0.58,5.67,0.39,35.62,0.35,C3'-endo
85,85,0.71,G,G,G,0,0,1,0,0,(,92,1,cWW,cW-W,5.17,3.06,0.91,1.41,3.19,4.91,4.56,3.40,BI,anti,.,4.43,4.27,2.82,3.26,3.19,3.29,3.97,3.57,6.09,6.03,0.57,5.58,0.56,39.75,0.60,C3'-endo
86,86,0.72,G,G,G,0,0,1,0,0,(,"91,92",2,"cWW,cWW","cW-W,cW-W",5.13,3.30,0.99,1.50,3.78,5.00,5.06,3.34,BI,anti,.,4.49,4.45,3.26,3.87,3.28,3.94,3.57,4.91,6.25,5.95,0.55,5.69,0.39,33.99,0.38,C3'-endo
87,87,0.73,G,G,G,0,0,1,0,0,.,91,1,cWW,cW-W,5.06,3.03,0.81,1.49,4.39,5.07,5.61,3.54,..,anti,.,4.15,4.81,2.94,4.23,3.17,3.36,4.31,2.14,0.08,5.84,0.61,5.70,0.32,35.76,0.21,C3'-endo
88,88,0.74,C,C,C,0,1,0,0,0,.,,0,,,0.22,4.57,2.71,1.57,3.62,3.90,6.01,2.99,..,anti,.,3.79,4.08,0.43,3.69,0.87,3.25,0.46,2.88,6.28,5.96,0.51,5.75,0.34,30.80,0.34,C3'-endo
89,89,0.75,G,G,G,0,0,1,0,0,.,,0,,,2.62,4.21,2.68,1.45,4.32,4.28,0.04,3.29,..,anti,B,4.53,4.65,2.82,4.31,2.91,4.07,2.83,4.59,6.27,5.92,0.57,5.69,0.38,34.63,0.35,C3'-endo
90,90,0.76,A,A,A,1,0,0,0,0,.,,0,,,2.65,3.92,3.04,1.46,4.13,5.37,5.05,4.48,..,anti,.,0.88,4.39,2.81,4.74,3.16,4.80,3.94,5.34,6.23,5.94,0.58,5.65,0.43,36.36,0.41,C3'-endo
91,91,0.76,C,C,C,0,1,0,0,0,),"86,87",2,"cWW,cWW","cW-W,cW-W",2.31,3.96,3.34,1.51,3.43,5.26,4.45,3.70,BI,anti,.,3.89,4.28,2.96,3.33,3.75,3.38,4.61,3.96,6.28,5.93,0.57,5.70,0.37,34.39,0.34,C3'-endo
92,92,0.77,C,C,C,0,1,0,0,0,),"85,86",2,"cWW,cWW","cW-W,cW-W",4.98,3.25,0.97,1.44,3.36,4.96,4.68,3.88,BI,anti,.,3.74,4.39,2.94,3.46,3.27,3.49,4.05,3.94,6.26,5.90,0.62,5.63,0.43,38.01,0.36,C3'-endo
93,93,0.78,G,G,G,0,0,1,0,0,),84,1,cWW,cW-W,5.06,3.19,0.96,1.46,3.56,5.02,4.82,3.21,BI,anti,A,4.80,4.63,2.97,3.70,3.12,3.75,3.76,4.15,0.08,5.82,0.65,5.66,0.34,38.03,0.21,C3'-endo
94,94,0.79,C,C,C,0,1,0,0,0,),83,1,cWW,cW-W,5.22,3.27,0.90,1.50,3.55,4.94,4.89,3.54,BI,anti,A,4.24,4.50,3.14,3.65,3.33,3.64,3.90,3.86,0.11,5.82,0.62,5.71,0.29,35.86,0.15,C3'-endo
95,95,0.80,C,C,C,0,1,0,0,0,),82,1,cWW,cW-W,5.25,3.04,0.82,1.39,3.66,5.17,4.78,3.43,BI,anti,A,4.54,4.62,2.91,3.85,3.07,3.93,3.52,4.53,0.04,5.85,0.63,5.66,0.37,37.61,0.26,C3'-endo
96,96,0.81,U,U,U,0,0,0,1,0,.,81,1,tWW,tW+W,5.28,3.16,0.81,1.43,3.59,4.71,5.17,3.61,BI,anti,A,4.32,4.46,2.98,3.92,3.30,3.73,4.14,4.03,6.25,5.93,0.59,5.65,0.41,36.49,0.38,C3'-endo
97,97,0.82,G,G,G,0,0,1,0,0,),80,1,cWW,cW-W,2.74,3.42,2.80,1.48,3.87,5.00,5.15,3.14,BI,anti,A,4.73,4.70,2.54,3.62,2.77,3.64,3.38,4.19,0.13,5.80,0.65,5.69,0.29,37.38,0.14,C3'-endo
98,98,0.82,G,G,G,0,0,1,0,0,),79,1,cWW,cW-W,5.31,3.05,0.85,1.48,3.72,5.17,4.83,3.28,BI,anti,.,4.68,4.63,2.99,4.01,3.27,4.13,4.09,5.04,0.07,5.84,0.62,5.69,0.33,36.28,0.22,C3'-endo
99,99,0.83,G,G,G,0,0,1,0,0,.,78,1,tSH,tm-M,5.23,3.00,0.90,1.46,3.56,4.84,5.00,3.50,BI,anti,.,4.51,4.65,2.94,3.10,3.39,2.77,4.67,2.51,0.12,5.81,0.63,5.70,0.29,36.64,0.14,C3'-endo
100,100,0.84,A,A,A,1,0,0,0,0,.,0,1,t.S,t.+m,4.51,1.51,2.96,1.45,3.87,5.34,4.81,2.90,BI,anti,.,4.44,4.53,3.76,3.08,3.25,3.47,2.91,4.57,0.03,5.89,0.60,5.68,0.36,35.61,0.29,C3'-endo
101,101,0.85,G,G,G,0,0,1,0,0,.,"76,77",2,"tHW,tHW","tM-W,tM-W",5.00,3.33,0.71,1.42,3.59,4.78,5.09,3.47,BI,anti,A,4.28,4.55,2.72,4.04,3.14,3.98,4.44,4.71,0.11,5.82,0.62,5.71,0.30,35.90,0.16,C3'-endo
102,102,0.86,A,A,A,1,0,0,0,0,.,75,1,cWW,cW-W,2.52,3.77,2.89,1.44,4.78,4.20,0.58,2.99,..,anti,.,4.89,4.87,2.82,3.92,3.12,4.04,4.17,4.69,0.22,5.74,0.65,5.73,0.21,37.49,6.28,C2'-exo
103,103,0.87,G,G,G,0,0,1,0,0,.,74,1,tWH,tW-M,6.06,1.55,1.47,1.26,4.50,5.44,5.34,2.94,..,anti,.,4.59,4.58,3.08,4.31,3.52,3.85,4.52,4.01,6.27,5.89,0.64,5.62,0.43,38.84,0.35,C3'-endo
104,104,0.87,U,U,U,0,0,0,1,0,.,,0,,,4.02,1.46,2.59,1.52,4.35,5.05,5.58,3.79,..,anti,.,3.18,4.80,2.59,3.50,2.82,3.71,3.34,4.17,0.32,5.69,0.63,5.81,0.09,36.72,6.11,C2'-exo
105,105,0.88,A,A,A,1,0,0,0,0,.,72,1,tHS,tM-m,5.35,3.02,0.80,1.46,3.88,5.33,4.84,3.37,BI,anti,.,4.60,4.65,2.85,4.26,3.26,4.38,3.91,5.23,6.25,5.93,0.58,5.66,0.41,35.86,0.38,C3'-endo
106,106,0.89,G,G,G,0,0,1,0,0,),71,1,cWW,cW-W,5.14,2.86,1.12,1.44,3.37,4.94,4.71,3.49,BI,anti,.,4.46,4.47,2.85,3.50,3.47,3.43,4.80,3.63,0.03,5.87,0.62,5.66,0.37,37.15,0.28,C3'-endo
107,107,0.90,G,G,G,0,0,1,0,0,),"14,70",2,"tSS,cWW","tm+m,cW-W",5.23,3.08,0.97,1.48,3.58,5.21,4.65,3.17,BI,anti,A,4.51,4.44,3.12,3.92,3.27,3.95,3.66,4.44,6.27,5.93,0.57,5.68,0.39,34.95,0.35,C3'-endo
108,108,0.91,U,U,U,0,0,0,1,0,),69,1,cWW,cW-W,4.95,3.45,0.87,1.49,3.31,4.77,4.83,3.89,BI,anti,.,3.57,4.24,2.96,3.74,3.24,3.82,3.95,4.05,0.03,5.89,0.59,5.69,0.36,34.99,0.29,C3'-endo
109,109,0.92,C,C,C,0,1,0,0,0,.,"17,67",2,"cWH,tWH","cW+M,tW-M",3.39,3.70,2.96,1.59,5.03,1.59,3.45,3.60,..,anti,.,2.49,3.31,3.99,0.92,3.92,1.05,4.05,1.39,6.06,6.12,0.45,5.69,0.52,33.92,0.70,C4'-exo
110,110,0.92,G,G,G,0,0,1,0,0,),11,1,cWW,cW-W,2.89,2.74,3.20,1.45,3.67,5.11,4.84,3.36,BI,anti,A,4.64,4.66,3.86,3.08,3.77,3.27,3.80,3.86,0.06,5.84,0.63,5.66,0.35,37.39,0.24,C3'-endo
111,111,0.93,G,G,G,0,0,1,0,0,),10,1,cWW,cW-W,5.18,3.13,0.81,1.40,3.64,5.17,4.75,3.46,BI,anti,A,4.52,4.63,2.86,3.84,3.10,3.90,3.84,4.56,0.01,5.88,0.62,5.65,0.39,37.44,0.31,C3'-endo
112,112,0.94,U,U,U,0,0,0,1,0,),9,1,cWW,cW-W,5.23,3.03,0.92,1.43,3.43,4.05,5.66,3.57,BI,anti,.,4.37,4.45,2.94,3.36,3.30,3.27,4.25,3.44,6.24,5.93,0.59,5.65,0.43,36.85,0.39,C3'-endo
113,113,0.95,G,G,G,0,0,1,0,0,),8,1,cWW,cW-W,2.53,4.05,2.93,1.43,4.37,4.64,6.02,2.83,..,anti,A,4.80,4.74,2.95,3.76,2.95,3.79,3.23,4.30,0.09,5.83,0.63,5.69,0.32,36.62,0.19,C3'-endo
114,114,0.96,C,C,C,0,1,0,0,0,),7,1,cWW,cW-W,5.51,2.70,0.81,1.36,3.94,4.75,5.47,3.27,BI,anti,A,4.71,4.66,2.93,3.71,3.19,3.72,3.97,4.20,6.27,5.90,0.62,5.64,0.42,37.80,0.35,C3'-endo
115,115,0.97,G,G,G,0,0,1,0,0,),6,1,cWW,cW-W,5.23,2.75,0.91,1.40,3.58,4.96,4.90,3.31,BI,anti,A,4.73,4.65,2.76,3.66,3.00,3.64,3.79,4.02,0.03,5.85,0.65,5.64,0.39,38.46,0.28,C3'-endo
116,116,0.97,G,G,G,0,0,1,0,0,),5,1,cWW,cW-W,5.26,3.07,0.88,1.48,3.60,5.05,4.83,3.23,BI,anti,A,4.58,4.58,3.02,3.77,3.21,3.78,3.86,4.12,0.05,5.86,0.61,5.68,0.35,36.16,0.25,C3'-endo
117,117,0.98,G,G,G,0,0,1,0,0,),4,1,cWW,cW-W,5.05,3.27,0.83,1.43,3.62,5.10,4.80,3.35,BI,anti,A,4.68,4.62,2.92,3.77,3.09,3.83,3.67,4.31,0.02,5.88,0.61,5.66,0.38,36.73,0.30,C3'-endo
118,118,0.99,G,G,G,0,0,1,0,0,),3,1,cWW,cW-W,5.25,3.00,0.96,1.45,3.38,5.07,4.59,3.23,BI,anti,.,4.42,4.38,2.98,3.62,3.30,3.65,4.09,3.93,6.24,5.94,0.58,5.66,0.42,35.69,0.39,C3'-endo
119,119,1.00,G,G,G,0,0,1,0,0,),2,1,cWW,cW-W,4.75,3.62,0.92,1.22,,,,3.35,n/a,anti,-,,,,,,,,,6.26,5.92,0.58,5.67,0.40,35.62,0.36,C3'-endo
