index_chain,old_nt_resnum,nt_position,nt_name,nt_code,nt_align_code,is_A,is_C,is_G,is_U,is_other,dbn,paired,nb_interact,pair_type_LW,pair_type_DSSR,alpha,beta,gamma,delta,epsilon,zeta,epsilon_zeta,chi,bb_type,glyco_bond,form,ssZp,Dp,eta,theta,eta_prime,theta_prime,eta_base,theta_base,v0,v1,v2,v3,v4,amplitude,phase_angle,puckering
1,1,0.01,G,G,G,0,0,1,0,0,.,71,1,cWW,cW-W,,4.08,3.74,1.47,4.53,4.37,0.16,2.63,..,anti,.,4.45,4.66,,3.86,,3.74,,4.37,0.06,5.86,0.62,5.68,0.34,36.36,0.23,C3'-endo
2,2,0.03,C,C,C,0,1,0,0,0,(,71,1,cWW,cW-W,2.67,3.63,2.82,1.52,4.32,4.19,0.13,3.66,..,anti,.,3.74,4.68,2.39,3.92,2.83,3.80,3.62,4.11,0.08,5.85,0.59,5.72,0.31,34.45,0.20,C3'-endo
3,3,0.04,U,U,U,0,0,0,1,0,(,70,1,cWW,cW-W,2.06,4.20,3.27,1.41,4.17,4.84,5.61,3.57,..,anti,A,4.09,4.72,2.79,3.53,3.12,3.52,3.68,4.07,0.06,5.85,0.62,5.68,0.35,36.84,0.24,C3'-endo
4,4,0.05,G,G,G,0,0,1,0,0,(,69,1,cWW,cW-W,5.33,2.82,0.71,1.40,3.96,4.50,5.75,3.41,..,anti,.,4.62,4.71,2.74,3.62,2.99,3.78,3.78,4.50,0.01,5.88,0.61,5.66,0.39,36.77,0.31,C3'-endo
5,5,0.07,A,A,A,1,0,0,0,0,.,69,1,cWW,cW-W,5.71,2.61,0.74,1.46,3.78,4.83,5.23,3.81,BI,anti,.,3.65,4.62,3.09,3.80,3.31,3.78,4.12,4.09,0.10,5.84,0.61,5.71,0.30,35.30,0.17,C3'-endo
6,6,0.08,U,U,U,0,0,0,1,0,.,,0,,,5.26,2.81,0.96,1.48,3.99,4.83,5.44,3.65,BI,anti,.,4.11,4.69,3.00,4.13,3.20,4.00,3.72,4.01,0.06,5.86,0.60,5.70,0.33,35.33,0.23,C3'-endo
7,7,0.09,A,A,A,1,0,0,0,0,(,66,1,cWW,cW-W,0.88,3.68,4.99,2.55,4.82,5.14,5.97,3.93,..,anti,.,0.69,1.75,3.77,4.79,3.89,4.82,4.00,5.23,6.25,0.32,5.82,0.47,6.00,27.74,3.41,C3'-exo
8,8,0.11,U,U,U,0,0,0,1,0,.,"14,46",2,"tWH,cSW","tW-M,cm-W",5.66,3.60,0.93,1.43,3.61,3.82,6.07,3.23,..,anti,.,4.18,4.31,3.45,2.76,4.13,3.26,4.30,3.32,6.22,5.96,0.56,5.66,0.43,35.57,0.43,C3'-endo
9,9,0.12,A,A,A,1,0,0,0,0,.,23,1,tHH,tM+M,3.28,3.42,3.11,2.44,4.38,5.89,4.78,3.73,..,anti,.,1.76,1.58,4.25,5.44,3.70,4.66,3.23,4.68,5.90,0.58,5.73,0.35,0.02,33.68,2.78,C2'-endo
10,10,0.13,G,G,G,0,0,1,0,0,(,25,1,cWW,cW-W,2.99,2.63,1.11,1.46,3.85,4.95,5.18,3.11,BI,anti,.,4.89,4.70,0.43,3.93,1.50,3.97,2.30,4.74,0.03,5.86,0.63,5.66,0.38,37.47,0.28,C3'-endo
11,11,0.14,C,C,C,0,1,0,0,0,(,24,1,cWW,cW-W,5.28,2.89,1.14,1.57,3.86,4.91,5.24,3.79,BI,anti,.,3.66,4.57,3.19,4.23,3.56,3.90,4.60,3.74,0.08,5.86,0.58,5.73,0.30,33.81,0.19,C3'-endo
12,12,0.16,U,U,U,0,0,0,1,0,(,23,1,cWW,cW-W,1.00,3.58,4.58,1.56,3.58,5.23,4.64,3.59,BI,anti,.,4.21,4.53,2.86,3.79,2.96,4.11,3.16,4.98,0.15,5.81,0.59,5.76,0.24,34.00,0.07,C3'-endo
13,13,0.17,C,C,C,0,1,0,0,0,.,22,1,cWW,cW-W,2.42,4.02,3.15,1.49,3.55,4.46,5.38,3.36,BI,anti,.,4.59,4.54,2.94,3.31,3.74,3.06,5.01,2.72,0.03,5.88,0.60,5.68,0.36,35.91,0.27,C3'-endo
14,14,0.18,A,A,A,1,0,0,0,0,.,"8,21",2,"tHW,cWS","tM-W,cW-m",0.95,2.91,5.11,1.48,3.75,4.91,5.12,3.69,BI,anti,.,3.97,4.55,2.85,3.23,2.73,3.57,2.46,4.35,0.03,5.88,0.59,5.69,0.35,35.26,0.27,C3'-endo
15,15,0.20,G,G,G,0,0,1,0,0,.,,0,,,5.60,2.51,1.21,1.53,3.79,4.65,5.42,3.66,BI,anti,.,3.58,4.02,3.30,3.97,3.76,3.86,4.51,4.40,6.12,6.07,0.48,5.69,0.48,33.47,0.61,C3'-endo
16,16,0.21,H2U,u,U,0,0,0,0,1,.,,0,,,1.31,3.98,4.47,2.71,4.32,5.80,4.80,3.50,..,anti,.,3.31,2.42,3.98,4.42,4.13,4.54,4.82,5.48,0.22,0.19,5.78,0.64,5.74,36.52,3.81,C4'-endo
17,17,0.22,H2U,u,U,0,0,0,0,1,.,,0,,,4.37,1.57,2.77,2.32,3.07,4.46,4.90,0.75,BI,syn,.,-1.22,2.37,4.16,1.25,4.14,1.85,5.13,2.07,5.74,0.71,5.67,0.31,0.14,40.29,2.62,C2'-endo
18,18,0.24,G,G,G,0,0,1,0,0,.,,0,,,3.81,1.65,5.03,2.50,3.74,3.53,0.21,4.02,..,anti,.,2.26,2.11,5.23,3.47,4.93,3.68,4.56,4.34,5.97,0.55,5.72,0.40,6.23,33.20,2.91,C2'-endo
19,19,0.25,G,G,G,0,0,1,0,0,{,56,1,cWW,cW-W,2.69,4.17,2.83,1.50,2.97,2.70,0.27,3.43,..,anti,.,3.95,4.05,2.81,2.08,3.33,2.44,4.06,3.16,0.00,5.93,0.56,5.71,0.36,33.62,0.33,C3'-endo
20,20,0.26,H2U,u,U,0,0,0,0,1,.,,0,,,0.95,1.31,2.11,2.54,4.00,1.06,2.94,4.10,..,anti,.,2.44,1.56,0.30,5.31,4.79,0.00,3.69,1.11,5.93,0.62,5.64,0.45,6.22,37.68,2.91,C2'-endo
21,21,0.28,A,A,A,1,0,0,0,0,.,14,1,cSW,cm-W,3.49,3.19,3.14,1.50,4.45,3.75,0.70,3.17,..,anti,.,4.43,4.52,4.20,3.16,4.32,3.22,3.60,3.14,0.01,5.91,0.57,5.71,0.35,33.92,0.30,C3'-endo
22,22,0.29,G,G,G,0,0,1,0,0,.,"13,46",2,"cWW,tHW","cW-W,tM-W",2.43,3.75,3.05,1.49,3.57,5.01,4.84,3.31,BI,anti,B,3.88,4.00,2.81,3.32,2.88,3.35,2.71,4.04,6.10,6.08,0.49,5.67,0.50,34.81,0.63,C3'-endo
23,23,0.30,A,A,A,1,0,0,0,0,),"9,12",2,"tHH,cWW","tM+M,cW-W",4.89,3.23,0.85,1.43,3.76,4.65,5.39,3.89,BI,anti,.,3.59,4.73,2.78,3.50,2.97,3.57,3.83,3.97,0.08,5.83,0.64,5.67,0.34,37.56,0.21,C3'-endo
24,24,0.32,G,G,G,0,0,1,0,0,),11,1,cWW,cW-W,5.40,2.60,0.94,1.47,3.37,5.05,4.60,3.75,BI,anti,A,4.03,4.49,2.84,3.72,3.13,3.54,3.74,3.61,0.07,5.84,0.63,5.68,0.33,36.95,0.21,C3'-endo
25,25,0.33,C,C,C,0,1,0,0,0,),10,1,cWW,cW-W,5.21,3.07,0.80,1.40,3.63,5.07,4.84,3.61,BI,anti,.,4.30,4.60,2.90,4.37,3.05,4.39,3.43,5.10,0.01,5.89,0.62,5.66,0.38,36.98,0.31,C3'-endo
26,26,0.34,G,G,G,0,0,1,0,0,.,,0,,,2.82,3.78,2.96,1.49,3.98,5.19,5.07,3.25,BI,anti,.,4.38,4.51,2.98,3.93,3.52,3.99,4.63,4.94,0.04,5.88,0.58,5.71,0.34,34.39,0.26,C3'-endo
27,27,0.36,C,C,C,0,1,0,0,0,.,43,1,cWW,cW-W,5.43,2.86,0.87,1.43,3.69,4.85,5.12,3.97,BI,anti,.,3.17,4.40,2.95,3.61,3.46,3.60,4.72,3.63,6.25,5.94,0.57,5.68,0.40,35.02,0.37,C3'-endo
28,28,0.37,A,A,A,1,0,0,0,0,(,42,1,cWW,cW-W,4.95,3.24,0.71,1.44,3.48,4.94,4.83,3.71,BI,anti,.,3.97,4.40,2.73,3.48,2.81,3.51,2.98,3.79,6.27,5.93,0.57,5.69,0.38,34.48,0.35,C3'-endo
29,29,0.38,C,C,C,0,1,0,0,0,(,41,1,cWW,cW-W,5.23,3.12,0.75,1.42,3.61,5.77,4.13,3.33,BI,anti,.,4.42,4.49,2.92,4.09,3.03,3.97,3.44,4.17,6.27,5.92,0.59,5.67,0.40,35.83,0.35,C3'-endo
30,30,0.39,C,C,C,0,1,0,0,0,(,40,1,cWW,cW-W,3.93,2.03,2.93,1.50,4.41,5.05,5.65,2.61,..,anti,A,4.14,4.58,3.38,3.52,3.50,3.72,4.03,4.68,0.10,5.84,0.60,5.71,0.30,35.19,0.18,C3'-endo
31,31,0.41,C,C,C,0,1,0,0,0,(,39,1,cWW,cW-W,4.90,3.08,0.91,1.44,3.99,5.26,5.02,3.46,BI,anti,.,4.47,4.69,2.56,4.26,2.98,4.34,4.10,5.05,0.02,5.88,0.60,5.67,0.38,36.04,0.30,C3'-endo
32,32,0.42,U,U,U,0,0,0,1,0,.,38,1,cWW,cW-W,5.11,3.18,0.91,1.47,3.70,5.16,4.83,3.77,BI,anti,.,3.86,4.44,2.86,3.94,3.31,3.96,4.31,4.56,6.24,5.96,0.55,5.69,0.40,34.20,0.40,C3'-endo
33,33,0.43,U,U,U,0,0,0,1,0,.,,0,,,4.91,3.22,0.92,1.48,4.29,4.75,5.83,3.80,..,anti,.,3.15,4.53,2.97,4.24,3.19,3.52,3.91,2.46,0.01,5.88,0.62,5.65,0.39,37.09,0.32,C3'-endo
34,34,0.45,G,G,G,0,0,1,0,0,],0,1,cWW,cW-W,1.02,3.86,2.35,1.54,4.01,4.97,5.33,3.23,BI,anti,.,4.35,4.25,0.57,4.07,0.88,3.94,0.45,4.63,6.24,5.98,0.52,5.72,0.38,32.47,0.41,C3'-endo
35,35,0.46,G,G,G,0,0,1,0,0,],0,1,cWW,cW-W,5.12,2.99,0.74,1.44,3.50,5.30,4.48,3.68,BI,anti,A,4.22,4.54,2.60,3.88,2.95,3.85,4.03,4.51,0.04,5.87,0.60,5.68,0.36,35.97,0.27,C3'-endo
36,36,0.47,U,U,U,0,0,0,1,0,],0,1,cWW,cW-W,5.01,3.03,1.03,1.36,3.33,5.33,4.29,3.86,BI,anti,A,3.92,4.55,2.78,3.72,3.16,3.78,4.20,4.36,0.06,5.80,0.71,5.60,0.40,41.68,0.24,C3'-endo
37,37,0.49,YG,g,G,0,0,0,0,1,.,,0,,,4.97,3.55,0.94,1.59,3.47,5.34,4.41,3.61,BI,anti,.,4.04,4.28,3.13,4.08,3.41,4.12,4.15,4.97,0.07,5.90,0.53,5.78,0.28,31.22,0.20,C3'-endo
38,38,0.50,A,A,A,1,0,0,0,0,.,32,1,cWW,cW-W,5.02,3.08,0.86,1.43,3.54,5.22,4.60,3.53,BI,anti,A,4.40,4.57,2.77,3.86,3.22,3.89,4.44,4.58,0.03,5.86,0.63,5.66,0.37,37.35,0.28,C3'-endo
39,39,0.51,G,G,G,0,0,1,0,0,),31,1,cWW,cW-W,5.04,3.17,0.95,1.46,3.73,4.90,5.11,3.53,BI,anti,A,4.51,4.72,2.92,3.73,3.22,3.75,4.21,4.22,0.05,5.85,0.63,5.66,0.36,37.46,0.25,C3'-endo
40,40,0.53,G,G,G,0,0,1,0,0,),30,1,cWW,cW-W,4.81,3.22,0.94,1.46,3.55,4.93,4.91,3.39,BI,anti,.,4.70,4.68,2.67,4.06,2.85,3.90,3.61,4.00,0.14,5.77,0.67,5.67,0.30,38.76,0.13,C3'-endo
41,41,0.54,G,G,G,0,0,1,0,0,),29,1,cWW,cW-W,1.42,3.41,4.80,1.70,3.70,5.09,4.89,3.21,BI,anti,.,4.63,4.71,3.38,3.79,3.53,3.86,3.99,4.46,0.38,5.66,0.61,5.87,0.02,36.68,5.99,C2'-exo
42,42,0.55,U,U,U,0,0,0,1,0,),28,1,cWW,cW-W,1.13,2.88,4.94,1.58,3.41,0.00,3.41,3.91,..,anti,.,3.70,4.60,2.78,3.81,3.12,3.80,3.93,3.68,0.26,5.72,0.63,5.78,0.15,36.46,6.20,C2'-exo
43,43,0.57,G,G,G,0,0,1,0,0,.,27,1,cWW,cW-W,3.84,1.61,3.34,2.41,3.54,4.70,5.13,3.52,BI,anti,.,2.38,2.31,4.05,2.76,4.06,3.22,3.92,4.44,5.91,0.57,5.74,0.34,0.02,33.13,2.78,C2'-endo
44,44,0.58,A,A,A,1,0,0,0,0,.,,0,,,5.10,3.06,0.78,1.40,3.46,5.61,4.13,4.21,BI,anti,.,2.67,4.58,2.78,3.91,3.17,3.61,4.50,3.11,0.02,5.87,0.63,5.64,0.39,37.88,0.30,C3'-endo
45,45,0.59,G,G,G,0,0,1,0,0,.,,0,,,3.77,2.07,2.70,1.46,3.68,5.12,4.85,4.01,BI,anti,.,3.16,4.61,3.04,3.35,3.04,3.57,2.78,3.93,0.05,5.86,0.60,5.69,0.34,35.57,0.24,C3'-endo
46,46,0.61,7MG,g,G,0,0,0,0,1,.,"8,22",2,"cWS,tWH","cW-m,tW-M",3.46,3.21,3.08,2.50,4.58,5.72,5.15,3.49,..,anti,.,1.20,1.18,4.25,5.01,4.31,4.94,4.53,4.29,5.98,0.53,5.75,0.38,6.24,31.71,2.90,C2'-endo
47,47,0.62,U,U,U,0,0,0,1,0,.,,0,,,4.89,3.46,2.80,1.57,3.34,1.15,2.19,3.58,..,anti,.,3.80,4.11,4.52,6.14,5.41,6.10,0.05,0.28,0.01,5.95,0.51,5.75,0.33,30.92,0.32,C3'-endo
48,48,0.63,C,C,C,0,1,0,0,0,.,,0,,,2.74,3.79,2.97,2.50,4.46,1.35,3.11,3.27,..,anti,.,1.64,1.48,4.09,1.24,4.54,0.77,4.35,5.45,6.04,0.49,5.76,0.40,6.18,30.45,3.00,C2'-endo
49,49,0.64,G,G,G,0,0,1,0,0,.,65,1,cWW,cW-W,0.97,2.79,0.97,1.50,3.72,5.03,4.98,3.03,BI,anti,A,4.60,4.53,5.65,3.91,5.77,3.91,1.15,4.46,0.05,5.88,0.58,5.71,0.33,34.35,0.24,C3'-endo
50,50,0.66,G,G,G,0,0,1,0,0,(,64,1,cWW,cW-W,5.17,3.09,0.88,1.46,3.84,4.65,5.47,3.48,BI,anti,A,4.43,4.70,2.98,3.58,3.25,3.61,4.10,3.70,0.10,5.81,0.64,5.68,0.32,37.30,0.17,C3'-endo
51,51,0.67,C,C,C,0,1,0,0,0,.,,0,,,5.26,2.82,0.89,1.44,3.83,4.61,5.50,3.51,BI,anti,.,4.36,4.60,2.93,4.21,3.05,4.07,3.28,4.90,0.04,5.88,0.60,5.68,0.35,35.75,0.27,C3'-endo
52,52,0.68,A,A,A,1,0,0,0,0,.,,0,,,2.48,3.88,2.90,1.54,4.24,4.19,0.05,2.79,..,anti,.,4.79,4.79,2.65,3.25,3.06,3.33,4.36,3.41,0.22,5.76,0.62,5.77,0.19,35.42,6.26,C2'-exo
53,53,0.70,G,G,G,0,0,1,0,0,(,61,1,cWW,cW-W,5.50,2.59,0.82,1.45,3.68,4.93,5.03,3.18,BI,anti,A,4.84,4.70,3.03,3.83,3.14,3.83,3.30,4.15,0.10,5.82,0.62,5.70,0.30,36.02,0.17,C3'-endo
54,54,0.71,5MU,t,U,0,0,0,0,1,.,58,1,tWH,tW-M,5.45,3.02,0.89,1.44,3.99,4.83,5.44,3.75,BI,anti,.,3.81,4.77,3.25,4.30,3.44,4.29,3.98,5.36,0.08,5.82,0.64,5.68,0.33,37.25,0.20,C3'-endo
55,55,0.72,PSU,P,U,0,0,0,0,1,.,,0,,,0.87,2.97,5.26,1.40,4.11,5.11,5.28,1.16,BI,syn,.,-1.93,4.76,2.69,3.59,3.00,3.29,4.44,2.23,0.42,5.69,0.54,5.97,6.21,34.09,5.85,C2'-exo
56,56,0.74,C,C,C,0,1,0,0,0,},19,1,cWW,cW-W,5.22,3.29,5.15,1.67,3.53,4.65,5.16,3.24,BI,anti,A,4.51,4.56,1.10,3.68,1.08,3.98,0.47,4.87,0.26,5.75,0.59,5.82,0.13,34.16,6.17,C2'-exo
57,57,0.75,G,G,G,0,0,1,0,0,.,,0,,,1.05,1.80,5.92,1.55,3.28,4.25,5.31,3.74,BI,anti,.,3.74,4.21,2.84,3.57,3.25,3.89,4.22,4.11,0.00,5.92,0.56,5.71,0.36,33.65,0.32,C3'-endo
58,58,0.76,A,A,A,1,0,0,0,0,.,54,1,tHW,tM-W,3.25,4.16,3.05,2.54,4.48,3.46,1.01,4.21,BII,anti,.,0.98,0.99,4.45,3.21,4.20,2.93,4.09,2.60,5.82,0.67,5.67,0.36,0.06,38.39,2.73,C2'-endo
59,59,0.78,A,A,A,1,0,0,0,0,.,,0,,,6.19,2.17,3.39,1.56,3.70,4.83,5.16,3.32,BI,anti,.,4.74,4.73,0.25,3.33,0.24,3.71,0.51,4.46,0.26,5.72,0.65,5.76,0.17,37.18,6.21,C2'-exo
60,60,0.79,U,U,U,0,0,0,1,0,.,,0,,,3.26,3.86,2.85,2.52,4.26,5.67,4.88,3.44,..,anti,.,1.08,1.39,3.61,5.67,4.09,5.23,4.72,5.65,5.97,0.54,5.73,0.39,6.23,32.76,2.91,C2'-endo
61,61,0.80,C,C,C,0,1,0,0,0,),53,1,cWW,cW-W,3.92,3.76,1.16,1.51,3.69,4.98,5.00,3.30,BI,anti,.,4.42,4.49,2.11,4.20,2.92,4.04,3.55,4.38,6.28,5.92,0.57,5.69,0.38,34.69,0.34,C3'-endo
62,62,0.82,U,U,U,0,0,0,1,0,.,,0,,,1.02,3.37,4.88,1.60,3.90,5.06,5.13,2.96,BI,anti,A,4.77,4.68,3.01,3.32,3.17,3.55,3.92,4.30,0.21,5.78,0.59,5.80,0.17,33.55,6.25,C2'-exo
63,63,0.83,G,G,G,0,0,1,0,0,.,,0,,,4.93,3.13,0.93,1.44,3.57,5.04,4.81,3.48,BI,anti,A,4.62,4.66,2.70,3.74,3.02,3.77,3.83,4.10,0.04,5.85,0.63,5.66,0.36,37.16,0.26,C3'-endo
64,64,0.84,C,C,C,0,1,0,0,0,),50,1,cWW,cW-W,5.30,2.93,1.16,1.50,3.59,5.29,4.58,3.41,BI,anti,.,4.10,4.29,3.21,4.03,3.52,4.04,4.08,4.90,6.27,5.93,0.57,5.69,0.39,34.73,0.35,C3'-endo
65,65,0.86,C,C,C,0,1,0,0,0,.,49,1,cWW,cW-W,4.88,3.15,1.11,1.56,3.28,5.01,4.55,3.73,BI,anti,.,3.88,4.26,2.86,3.59,3.37,3.47,4.58,3.41,0.06,5.88,0.57,5.73,0.31,33.52,0.22,C3'-endo
66,66,0.87,U,U,U,0,0,0,1,0,),7,1,cWW,cW-W,4.76,3.23,1.03,1.47,3.47,4.77,4.98,3.71,BI,anti,.,4.09,4.48,2.79,3.43,2.93,3.46,3.13,3.52,0.03,5.88,0.61,5.67,0.37,36.64,0.29,C3'-endo
67,67,0.88,A,A,A,1,0,0,0,0,.,,0,,,4.61,3.36,1.08,1.51,3.65,5.14,4.80,3.71,BI,anti,.,4.17,4.70,2.80,3.96,2.83,3.98,3.02,4.71,0.13,5.79,0.64,5.70,0.29,37.12,0.13,C3'-endo
68,68,0.89,U,U,U,0,0,0,1,0,.,,0,,,5.22,2.94,0.99,1.46,3.71,4.79,5.20,3.99,BI,anti,.,3.28,4.59,2.97,3.61,3.34,3.59,4.35,3.89,0.03,5.87,0.61,5.67,0.36,36.35,0.27,C3'-endo
69,69,0.91,C,C,C,0,1,0,0,0,),"4,5",2,"cWW,cWW","cW-W,cW-W",5.09,2.96,0.94,1.45,3.79,4.84,5.24,3.48,BI,anti,A,4.44,4.67,2.88,3.71,3.02,3.73,3.48,4.17,0.05,5.86,0.61,5.68,0.35,36.15,0.25,C3'-endo
70,70,0.92,A,A,A,1,0,0,0,0,),3,1,cWW,cW-W,4.99,3.02,0.97,1.49,3.55,5.03,4.80,3.25,BI,anti,.,4.68,4.57,2.80,3.78,3.01,3.79,3.71,4.04,0.06,5.85,0.63,5.68,0.34,36.89,0.23,C3'-endo
71,71,0.93,G,G,G,0,0,1,0,0,),"1,2",2,"cWW,cWW","cW-W,cW-W",4.94,3.34,1.07,1.60,4.02,3.83,0.19,3.23,..,anti,.,3.96,4.15,3.22,3.60,3.35,3.23,3.73,2.85,6.22,6.01,0.48,5.75,0.38,30.63,0.44,C3'-endo
72,72,0.95,C,C,C,0,1,0,0,0,.,,0,,,0.84,2.40,3.00,1.47,4.30,3.67,0.63,3.77,..,anti,.,3.48,4.65,0.51,1.82,0.41,2.02,0.17,1.71,0.05,5.87,0.60,5.69,0.34,35.43,0.25,C3'-endo
73,73,0.96,A,A,A,1,0,0,0,0,.,,0,,,4.04,3.40,5.13,1.64,3.81,5.34,4.76,3.41,BI,anti,.,4.63,4.74,0.78,3.60,0.43,3.92,0.68,4.90,0.27,5.72,0.63,5.79,0.15,36.27,6.19,C2'-exo
74,74,0.97,C,C,C,0,1,0,0,0,.,,0,,,5.11,2.87,1.12,1.48,2.88,2.72,0.16,3.20,..,anti,.,3.96,4.08,2.78,1.34,3.52,4.00,4.84,4.31,0.04,5.88,0.60,5.69,0.35,35.74,0.26,C3'-endo
75,75,0.99,C,C,C,0,1,0,0,0,.,,0,,,3.74,4.66,4.19,2.52,3.93,2.81,1.12,0.66,BII,syn,.,-1.08,1.60,0.82,1.38,3.72,2.00,3.57,2.08,5.89,0.62,5.69,0.39,0.00,36.21,2.81,C2'-endo
76,76,1.00,A,A,A,1,0,0,0,0,.,,0,,,1.00,3.15,5.21,2.63,,,,4.52,n/a,anti,-,,,,,,,,,6.06,0.50,5.71,0.47,6.12,33.05,3.09,C2'-endo
