index_chain,old_nt_resnum,nt_position,nt_name,nt_code,nt_align_code,is_A,is_C,is_G,is_U,is_other,dbn,paired,nb_interact,pair_type_LW,pair_type_DSSR,alpha,beta,gamma,delta,epsilon,zeta,epsilon_zeta,chi,bb_type,glyco_bond,form,ssZp,Dp,eta,theta,eta_prime,theta_prime,eta_base,theta_base,v0,v1,v2,v3,v4,amplitude,phase_angle,puckering
1,1,0.01,A,A,A,1,0,0,0,0,(,72,1,cWW,cW-W,,3.31,3.13,1.45,4.22,4.61,5.90,2.97,..,anti,A,4.60,4.72,,3.91,,3.82,,4.65,0.07,5.84,0.63,5.68,0.33,36.70,0.22,C3'-endo
2,2,0.03,G,G,G,0,0,1,0,0,(,71,1,cWW,cW-W,2.54,3.68,2.93,1.47,4.19,4.28,6.20,3.21,..,anti,A,4.81,4.79,2.50,3.74,2.92,3.58,4.05,3.73,0.11,5.81,0.63,5.70,0.30,36.53,0.15,C3'-endo
3,3,0.04,G,G,G,0,0,1,0,0,(,70,1,cWW,cW-W,2.02,3.99,3.36,1.48,4.46,4.76,5.98,2.97,..,anti,.,4.79,4.77,2.89,3.64,3.06,3.74,3.48,4.60,0.11,5.81,0.63,5.70,0.30,36.63,0.15,C3'-endo
4,4,0.05,G,G,G,0,0,1,0,0,(,69,1,cWW,cW-W,5.16,2.79,0.91,1.43,3.97,4.71,5.55,3.35,BI,anti,.,4.77,4.80,2.69,3.96,3.04,3.74,4.15,3.71,0.07,5.82,0.66,5.65,0.36,38.75,0.22,C3'-endo
5,5,0.07,G,G,G,0,0,1,0,0,(,68,1,cWW,cW-W,0.96,4.00,4.71,1.81,3.79,5.39,4.68,3.45,BI,anti,A,4.35,4.64,3.34,3.51,3.35,3.73,3.60,4.50,0.44,5.65,0.56,5.96,6.21,35.65,5.84,C2'-exo
6,6,0.08,C,C,C,0,1,0,0,0,(,67,1,cWW,cW-W,4.96,3.13,0.83,1.44,3.75,4.11,5.92,3.66,..,anti,A,4.17,4.54,2.70,3.68,3.16,3.78,4.09,4.18,0.00,5.91,0.59,5.68,0.38,35.44,0.32,C3'-endo
7,7,0.09,G,G,G,0,0,1,0,0,(,66,1,cWW,cW-W,2.31,4.25,3.26,2.47,4.56,5.22,5.62,3.28,..,anti,.,1.05,1.11,4.00,5.00,3.90,5.05,4.28,5.35,5.95,0.57,5.71,0.40,6.24,34.03,2.89,C2'-endo
8,8,0.11,4SU,u,U,0,0,0,0,1,.,"14,21,46",3,"tWH,tSW,cSS","tW-M,tm+W,cm-m",1.48,2.78,5.26,1.67,3.93,5.20,5.01,3.57,BI,anti,.,4.05,4.67,3.13,3.45,3.78,3.46,4.17,3.22,0.32,5.73,0.57,5.88,0.06,33.54,6.05,C2'-exo
9,9,0.12,A,A,A,1,0,0,0,0,.,23,1,tHH,tM+M,3.69,1.74,3.34,2.41,4.77,5.29,5.77,4.08,..,anti,.,0.72,1.10,4.07,4.35,3.76,4.36,3.15,4.68,5.96,0.51,5.78,0.34,6.27,30.12,2.84,C2'-endo
10,10,0.13,G,G,G,0,0,1,0,0,(,"25,44",2,"cWW,cHW","cW-W,cM+W",5.40,3.00,5.51,1.69,3.50,5.67,4.11,3.32,BI,anti,A,4.36,4.41,1.21,4.08,1.94,3.97,2.61,4.68,0.13,5.84,0.56,5.77,0.24,32.38,0.10,C3'-endo
11,11,0.14,U,U,U,0,0,0,1,0,(,24,1,cWW,cW-W,3.06,2.42,2.77,1.89,3.81,4.86,5.24,3.33,BI,anti,.,4.29,4.38,2.87,3.72,3.17,3.63,4.03,3.83,0.30,5.82,0.44,6.00,6.28,26.64,5.94,C2'-exo
12,12,0.16,U,U,U,0,0,0,1,0,(,23,1,cWW,cW-W,2.16,3.55,3.09,1.53,3.88,5.09,5.08,3.55,BI,anti,.,4.54,4.74,2.34,4.24,2.81,4.10,3.39,4.77,0.12,5.81,0.65,5.67,0.32,37.58,0.17,C3'-endo
13,13,0.17,C,C,C,0,1,0,0,0,(,22,1,cWW,cW-W,2.80,3.46,3.03,1.47,3.53,5.01,4.80,3.31,BI,anti,.,4.39,4.44,2.72,3.20,3.29,3.23,4.43,3.35,0.05,5.89,0.58,5.71,0.32,34.24,0.25,C3'-endo
14,14,0.18,A,A,A,1,0,0,0,0,.,8,1,tHW,tM-W,5.10,3.38,0.93,1.43,3.37,5.01,4.64,3.66,BI,anti,A,3.96,4.35,3.11,4.01,3.21,3.89,3.38,4.31,6.28,5.92,0.58,5.68,0.38,35.07,0.34,C3'-endo
15,15,0.20,A,A,A,1,0,0,0,0,.,48,1,tWW,tW+W,2.68,3.49,3.14,1.50,3.77,1.34,2.43,3.46,..,anti,.,4.36,4.54,3.02,5.31,3.29,5.00,3.98,4.91,0.04,5.88,0.59,5.70,0.34,34.80,0.26,C3'-endo
16,16,0.21,H2U,u,U,0,0,0,0,1,.,,0,,,4.97,4.93,5.17,2.54,4.14,5.77,4.66,3.64,..,anti,.,2.40,1.72,3.21,5.16,3.69,5.05,4.23,5.87,5.76,0.74,5.62,0.37,0.09,41.89,2.69,C2'-endo
17,17,0.22,H2U,u,U,0,0,0,0,1,.,,0,,,2.30,1.85,5.15,2.47,3.69,0.35,3.34,0.79,..,syn,.,-1.57,2.41,3.36,5.94,4.07,5.36,3.68,4.93,5.96,0.57,5.70,0.42,6.22,34.55,2.92,C2'-endo
18,18,0.24,G,G,G,0,0,1,0,0,.,55,1,tWS,tW+m,3.15,2.90,5.00,2.00,1.66,1.32,0.34,3.82,..,anti,.,1.19,1.05,5.67,4.18,0.31,4.06,0.44,4.48,6.26,0.22,5.97,0.32,6.10,18.85,3.41,C3'-exo
19,19,0.25,G,G,G,0,0,1,0,0,.,,0,,,2.37,2.49,2.84,2.50,3.35,2.51,0.84,4.09,..,anti,.,1.80,2.00,3.47,1.38,3.90,2.06,4.23,2.12,5.93,0.58,5.71,0.40,6.25,34.27,2.87,C2'-endo
20,20,0.26,H2U,u,U,0,0,0,0,1,.,,0,,,1.63,2.14,4.90,2.24,4.92,1.93,2.98,0.66,..,syn,.,0.01,1.22,3.77,1.83,2.89,1.65,2.56,1.78,5.55,0.82,5.69,0.17,0.35,46.60,2.38,C1'-exo
21,21,0.28,A,A,A,1,0,0,0,0,.,8,1,tWS,tW+m,5.43,3.16,5.06,1.37,3.96,3.08,0.88,3.72,BII,anti,.,3.89,4.71,2.17,1.86,1.74,2.06,2.19,2.17,0.02,5.85,0.65,5.63,0.40,39.05,0.29,C3'-endo
22,22,0.29,G,G,G,0,0,1,0,0,),"13,46",2,"cWW,tHW","cW-W,tM-W",1.67,4.51,3.17,1.55,3.46,5.34,4.40,3.38,BI,anti,A,3.97,4.17,3.04,3.75,3.06,3.49,2.85,3.81,6.27,5.96,0.52,5.75,0.34,31.39,0.34,C3'-endo
23,23,0.30,A,A,A,1,0,0,0,0,),"9,12",2,"tHH,cWW","tM+M,cW-W",4.64,3.47,0.77,1.29,3.03,5.12,4.20,3.71,BI,anti,A,4.03,4.29,2.62,3.54,2.90,3.69,3.56,4.29,6.26,5.88,0.67,5.59,0.45,40.63,0.35,C3'-endo
24,24,0.32,A,A,A,1,0,0,0,0,),"11,44",2,"cWW,tH.","cW-W,tM-.",3.78,3.89,1.79,1.40,3.78,4.81,5.25,3.79,BI,anti,.,3.81,4.38,2.97,3.81,3.21,3.72,3.87,4.46,6.13,6.02,0.56,5.63,0.51,37.33,0.55,C3'-endo
25,25,0.33,C,C,C,0,1,0,0,0,),"10,44",2,"cWW,c.W","cW-W,c.-W",5.32,2.66,0.91,1.43,3.20,5.05,4.43,3.75,BI,anti,A,3.92,4.36,2.72,4.09,3.08,3.89,4.17,4.37,0.03,5.86,0.62,5.66,0.37,37.02,0.28,C3'-endo
26,26,0.34,A,A,A,1,0,0,0,0,(,45,1,cWW,cW-W,2.83,3.60,2.87,1.48,4.35,4.75,5.88,3.17,..,anti,A,4.64,4.70,2.99,3.73,3.28,3.77,4.14,4.54,0.07,5.85,0.61,5.70,0.32,35.52,0.21,C3'-endo
27,27,0.36,C,C,C,0,1,0,0,0,(,43,1,cWW,cW-W,5.24,2.42,1.15,1.43,3.72,4.93,5.08,3.29,BI,anti,.,4.64,4.52,2.68,3.82,3.13,3.75,4.26,4.31,6.22,5.95,0.57,5.66,0.44,36.08,0.42,C3'-endo
28,28,0.37,C,C,C,0,1,0,0,0,(,42,1,cWW,cW-W,5.31,3.13,0.70,1.45,3.58,5.06,4.80,3.07,BI,anti,A,4.75,4.54,2.96,3.76,3.16,3.85,4.05,4.32,6.28,5.93,0.56,5.70,0.37,34.07,0.33,C3'-endo
29,29,0.38,G,G,G,0,0,1,0,0,(,41,1,cWW,cW-W,5.27,3.07,0.87,1.46,4.20,5.28,5.21,3.33,..,anti,.,4.45,4.62,3.17,4.01,3.38,3.82,4.00,3.93,6.28,5.92,0.58,5.68,0.38,35.31,0.34,C3'-endo
30,30,0.39,G,G,G,0,0,1,0,0,(,40,1,cWW,cW-W,4.42,1.54,2.57,1.50,4.44,5.04,5.68,2.82,..,anti,.,4.68,4.72,3.08,3.61,3.10,3.77,3.47,4.62,0.13,5.83,0.59,5.74,0.26,34.12,0.12,C3'-endo
31,31,0.41,U,U,U,0,0,0,1,0,(,39,1,cWW,cW-W,5.09,2.97,0.96,1.41,3.90,5.02,5.17,3.46,BI,anti,.,4.29,4.59,2.68,3.92,3.12,3.98,4.25,4.78,6.28,5.90,0.61,5.65,0.41,37.24,0.34,C3'-endo
32,32,0.42,OMC,c,C,0,0,0,0,1,.,38,1,cWW,cW-W,5.09,3.06,0.90,1.43,4.04,5.19,5.14,3.79,BI,anti,.,3.58,4.71,2.90,4.21,3.18,4.25,4.15,4.80,0.09,5.82,0.64,5.67,0.33,37.52,0.20,C3'-endo
33,33,0.43,U,U,U,0,0,0,1,0,.,36,1,tWH,tW-M,4.98,2.98,1.13,1.47,3.99,4.74,5.53,3.62,..,anti,.,4.11,4.62,2.88,4.27,3.27,3.57,4.07,2.50,6.24,5.91,0.62,5.62,0.45,38.21,0.39,C3'-endo
34,34,0.45,C,C,C,0,1,0,0,0,],0,1,cWW,cW-W,1.22,3.25,2.43,1.58,3.99,5.16,5.11,3.52,..,anti,.,3.43,4.43,0.68,3.91,0.95,3.90,0.42,4.44,0.17,5.88,0.47,5.89,0.15,27.20,6.26,C2'-exo
35,35,0.46,C,C,C,0,1,0,0,0,],0,1,cWW,cW-W,5.31,2.84,0.61,1.33,3.43,4.86,4.86,3.53,BI,anti,A,4.27,4.48,2.55,3.83,2.96,3.74,3.84,4.20,6.25,5.86,0.69,5.55,0.48,42.65,0.37,C3'-endo
36,36,0.47,A,A,A,1,0,0,0,0,],"0,0,33",3,"tSW,cWW,tHW","tm+W,cW-W,tM-W",2.35,3.54,3.40,0.08,2.07,1.66,0.41,3.05,..,anti,A,4.73,4.78,2.88,3.50,3.16,3.63,3.98,4.32,0.15,5.83,0.57,5.78,0.22,32.65,0.06,C3'-endo
37,37,0.49,MIA,a,A,0,0,0,0,1,.,,0,,,4.60,2.83,0.75,1.49,3.91,5.26,4.93,3.17,BI,anti,.,4.52,4.74,2.99,4.24,3.27,4.29,4.15,5.08,0.09,5.83,0.62,5.70,0.31,35.88,0.18,C3'-endo
38,38,0.50,A,A,A,1,0,0,0,0,.,32,1,cWW,cW-W,5.11,3.03,0.96,1.43,3.79,5.17,4.90,3.36,BI,anti,.,4.39,4.61,2.85,4.01,3.30,4.06,4.54,4.97,0.08,5.83,0.64,5.67,0.34,37.39,0.21,C3'-endo
39,39,0.51,A,A,A,1,0,0,0,0,),31,1,cWW,cW-W,4.96,3.18,0.96,1.51,3.69,4.90,5.07,3.62,BI,anti,A,4.28,4.66,2.85,3.77,3.20,3.79,4.39,4.16,0.09,5.84,0.61,5.71,0.31,35.51,0.18,C3'-endo
40,40,0.53,C,C,C,0,1,0,0,0,),30,1,cWW,cW-W,5.45,2.87,0.76,1.39,3.64,4.47,5.45,3.63,BI,anti,A,4.26,4.62,2.96,3.84,3.20,3.74,3.83,4.07,0.05,5.85,0.63,5.67,0.35,36.95,0.25,C3'-endo
41,41,0.54,C,C,C,0,1,0,0,0,),29,1,cWW,cW-W,2.53,3.82,3.00,1.43,4.06,5.15,5.20,3.21,BI,anti,A,4.80,4.77,2.74,3.88,2.98,3.85,3.61,4.37,0.15,5.79,0.65,5.70,0.27,37.32,0.10,C3'-endo
42,42,0.55,G,G,G,0,0,1,0,0,),28,1,cWW,cW-W,5.36,3.24,0.60,1.40,3.49,4.52,5.25,3.45,BI,anti,A,4.64,4.55,2.83,3.68,3.13,3.63,4.01,3.81,6.25,5.94,0.57,5.68,0.40,34.87,0.38,C3'-endo
43,43,0.57,G,G,G,0,0,1,0,0,),27,1,cWW,cW-W,2.29,3.92,3.33,1.49,4.62,4.72,6.19,3.07,..,anti,.,4.68,4.69,3.18,3.56,3.27,3.66,3.61,3.71,0.10,5.83,0.62,5.71,0.30,35.93,0.17,C3'-endo
44,44,0.58,G,G,G,0,0,1,0,0,.,"10,24,25",3,"cWH,t.H,cW.","cW+M,t.-M,cW-.",4.61,2.23,3.00,2.35,5.10,3.07,2.03,3.83,BII,anti,.,0.28,0.31,5.03,2.33,4.71,2.29,4.47,1.55,5.75,0.67,5.74,0.26,0.16,37.49,2.56,C2'-endo
45,45,0.59,U,U,U,0,0,0,1,0,),26,1,cWW,cW-W,0.64,3.87,2.86,2.33,3.94,0.22,3.72,3.57,..,anti,.,1.76,1.96,1.83,5.57,2.13,5.03,1.55,5.13,5.74,0.70,5.69,0.29,0.16,39.86,2.59,C2'-endo
46,46,0.61,7MG,g,G,0,0,0,0,1,.,"8,22",2,"cSS,tWH","cm-m,tW-M",4.90,4.73,5.35,2.56,4.26,4.56,5.98,4.67,..,anti,.,0.15,2.39,2.67,4.12,3.31,3.64,3.83,3.79,0.12,0.17,5.90,0.46,5.91,26.18,3.74,C3'-exo
47,47,0.62,U,U,U,0,0,0,1,0,.,,0,,,1.40,3.38,0.86,2.42,4.35,5.07,5.56,5.68,..,...,.,-0.10,1.25,5.63,5.16,0.13,4.59,6.25,5.05,5.90,0.59,5.72,0.36,0.01,34.47,2.79,C2'-endo
48,48,0.63,U,U,U,0,0,0,1,0,.,15,1,tWW,tW+W,4.92,3.36,3.02,2.51,3.70,2.11,1.59,3.98,..,anti,.,1.85,1.90,5.20,0.79,5.99,0.17,5.70,4.38,5.91,0.59,5.72,0.37,6.28,34.24,2.82,C2'-endo
49,49,0.64,G,G,G,0,0,1,0,0,(,65,1,cWW,cW-W,5.83,4.21,1.21,1.47,3.49,5.00,4.77,3.17,BI,anti,.,4.76,4.61,5.30,3.78,5.69,3.78,1.76,3.79,0.11,5.79,0.66,5.67,0.32,38.54,0.16,C3'-endo
50,50,0.66,G,G,G,0,0,1,0,0,(,64,1,cWW,cW-W,5.31,3.23,0.90,1.42,3.77,5.14,4.91,3.39,BI,anti,A,4.51,4.62,3.24,3.92,3.35,4.00,3.53,4.79,0.02,5.88,0.62,5.66,0.38,36.89,0.30,C3'-endo
51,51,0.67,G,G,G,0,0,1,0,0,(,63,1,cWW,cW-W,5.26,3.04,0.80,1.39,3.45,4.66,5.08,3.58,BI,anti,A,4.08,4.51,2.83,3.82,3.21,3.71,4.30,4.33,0.05,5.85,0.64,5.65,0.37,38.04,0.25,C3'-endo
52,52,0.68,A,A,A,1,0,0,0,0,(,62,1,cWW,cW-W,2.53,3.74,3.01,1.53,3.82,5.05,5.06,3.12,BI,anti,.,4.88,4.77,2.74,3.66,3.06,3.62,4.11,3.77,0.33,5.68,0.65,5.81,0.10,37.72,6.10,C2'-exo
53,53,0.70,G,G,G,0,0,1,0,0,(,61,1,cWW,cW-W,5.31,3.23,0.86,1.45,3.81,4.87,5.23,3.41,BI,anti,A,4.54,4.64,3.14,3.73,3.35,3.81,3.72,4.52,0.04,5.87,0.61,5.68,0.35,36.18,0.26,C3'-endo
54,54,0.71,5MU,t,U,0,0,0,0,1,.,58,1,tWH,tW-M,5.15,2.94,0.94,1.50,4.00,4.97,5.31,3.71,BI,anti,.,3.99,4.72,2.95,4.09,3.16,4.18,4.03,4.97,0.09,5.84,0.62,5.70,0.31,35.99,0.19,C3'-endo
55,55,0.72,PSU,P,U,0,0,0,0,1,.,18,1,tSW,tm+W,5.32,2.62,1.10,1.18,4.15,5.04,5.39,3.80,..,anti,.,3.50,4.80,2.85,4.44,3.29,3.60,4.40,2.54,0.03,5.87,0.62,5.67,0.37,37.12,0.27,C3'-endo
56,56,0.74,C,C,C,0,1,0,0,0,.,,0,,,2.99,2.78,0.91,1.48,3.91,4.98,5.21,3.58,BI,anti,A,4.09,4.66,0.35,4.04,0.80,4.03,0.45,4.41,0.10,5.83,0.62,5.71,0.30,35.78,0.16,C3'-endo
57,57,0.75,G,G,G,0,0,1,0,0,.,,0,,,5.34,2.92,0.85,1.44,4.18,5.21,5.25,3.32,..,anti,.,4.12,4.47,3.02,4.07,3.29,4.07,3.92,4.37,6.23,5.94,0.58,5.65,0.43,36.24,0.40,C3'-endo
58,58,0.76,A,A,A,1,0,0,0,0,.,54,1,tHW,tM-W,4.11,2.00,3.14,2.49,3.92,4.83,5.38,3.97,BI,anti,.,1.52,1.97,4.24,3.34,4.17,3.11,4.40,2.56,6.14,0.40,5.80,0.42,6.11,27.71,3.18,C3'-exo
59,59,0.78,G,G,G,0,0,1,0,0,.,,0,,,4.66,3.23,4.95,1.70,3.41,5.13,4.57,3.48,BI,anti,.,4.39,4.48,0.53,3.84,0.83,4.14,0.92,5.26,0.34,5.70,0.59,5.87,0.05,34.69,6.04,C2'-exo
60,60,0.79,U,U,U,0,0,0,1,0,.,,0,,,2.88,3.97,2.77,2.43,3.91,5.89,4.30,3.85,..,anti,.,1.79,1.90,2.95,5.83,3.91,5.12,5.08,5.59,5.92,0.57,5.73,0.36,6.28,33.52,2.82,C2'-endo
61,61,0.80,C,C,C,0,1,0,0,0,),53,1,cWW,cW-W,3.72,3.54,0.95,1.45,3.57,4.49,5.37,3.40,BI,anti,.,4.43,4.42,1.75,3.63,2.61,3.63,3.43,3.93,6.25,5.94,0.57,5.67,0.41,35.28,0.38,C3'-endo
62,62,0.82,U,U,U,0,0,0,1,0,),52,1,cWW,cW-W,0.98,2.95,5.24,1.70,3.53,5.28,4.53,3.57,BI,anti,A,4.33,4.63,3.09,3.55,3.12,3.69,3.51,4.07,0.36,5.67,0.62,5.85,0.05,36.70,6.03,C2'-exo
63,63,0.83,C,C,C,0,1,0,0,0,),51,1,cWW,cW-W,5.04,3.10,0.96,1.45,3.50,5.14,4.65,3.73,BI,anti,.,4.04,4.43,2.90,3.75,3.23,3.78,3.73,4.43,6.27,5.92,0.57,5.68,0.39,34.99,0.34,C3'-endo
64,64,0.84,U,U,U,0,0,0,1,0,),50,1,cWW,cW-W,5.05,2.98,1.06,1.50,3.68,5.09,4.87,3.68,BI,anti,.,3.97,4.51,2.94,3.91,3.29,3.88,4.18,4.42,0.03,5.88,0.60,5.68,0.36,35.93,0.28,C3'-endo
65,65,0.86,C,C,C,0,1,0,0,0,),49,1,cWW,cW-W,5.13,3.05,0.94,1.44,3.43,5.05,4.66,3.52,BI,anti,.,4.39,4.47,2.86,3.60,3.19,3.56,4.05,3.64,0.00,5.89,0.61,5.66,0.39,36.53,0.32,C3'-endo
66,66,0.87,C,C,C,0,1,0,0,0,),7,1,cWW,cW-W,4.95,3.42,0.79,1.40,3.49,5.07,4.70,3.46,BI,anti,A,4.33,4.47,2.88,3.56,2.96,3.68,3.21,4.39,0.02,5.89,0.60,5.67,0.37,35.88,0.30,C3'-endo
67,67,0.88,G,G,G,0,0,1,0,0,),6,1,cWW,cW-W,4.99,3.24,0.91,1.53,3.60,5.08,4.80,3.69,BI,anti,A,4.13,4.54,2.95,3.86,3.18,3.84,4.00,4.31,0.08,5.86,0.60,5.71,0.31,34.82,0.20,C3'-endo
68,68,0.89,C,C,C,0,1,0,0,0,),5,1,cWW,cW-W,5.22,3.01,0.81,1.42,3.59,4.86,5.02,3.72,BI,anti,A,4.07,4.61,2.87,3.53,3.13,3.55,3.88,3.93,0.07,5.84,0.63,5.68,0.34,36.95,0.22,C3'-endo
69,69,0.91,C,C,C,0,1,0,0,0,),4,1,cWW,cW-W,5.32,2.95,0.83,1.46,3.74,5.06,4.96,3.22,BI,anti,A,4.69,4.61,2.99,3.86,3.15,3.87,3.69,4.21,0.06,5.86,0.61,5.69,0.34,35.75,0.23,C3'-endo
70,70,0.92,C,C,C,0,1,0,0,0,),3,1,cWW,cW-W,5.14,3.14,0.85,1.42,3.58,5.04,4.83,3.72,BI,anti,A,3.98,4.51,2.89,3.66,3.14,3.67,3.72,4.08,0.02,5.88,0.61,5.67,0.37,36.30,0.29,C3'-endo
71,71,0.93,C,C,C,0,1,0,0,0,),2,1,cWW,cW-W,5.16,3.02,0.87,1.43,3.77,4.82,5.23,3.34,BI,anti,A,4.58,4.58,2.91,3.64,3.11,3.70,3.73,4.18,0.00,5.91,0.59,5.68,0.38,35.33,0.32,C3'-endo
72,72,0.95,U,U,U,0,0,0,1,0,),1,1,cWW,cW-W,5.27,2.75,1.00,1.43,3.84,4.92,5.20,3.44,BI,anti,.,4.57,4.69,2.94,4.18,3.20,3.95,3.91,4.06,0.02,5.86,0.64,5.64,0.39,38.03,0.30,C3'-endo
73,73,0.96,G,G,G,0,0,1,0,0,.,,0,,,1.17,3.58,4.83,1.57,3.88,5.43,4.74,3.26,BI,anti,.,4.68,4.70,3.20,3.56,3.33,3.88,3.81,5.14,0.16,5.80,0.60,5.75,0.23,34.48,0.06,C3'-endo
74,74,0.97,C,C,C,0,1,0,0,0,.,,0,,,5.10,3.23,0.87,1.49,3.77,4.26,5.80,4.04,..,anti,.,2.93,4.57,2.92,3.14,3.42,3.55,4.75,4.40,0.09,5.86,0.58,5.73,0.29,33.89,0.18,C3'-endo
75,75,0.99,C,C,C,0,1,0,0,0,.,,0,,,3.92,3.09,3.03,1.58,1.79,5.03,3.05,0.98,..,syn,.,-1.44,1.52,4.74,1.90,4.27,2.24,4.05,2.40,5.98,0.47,5.82,0.31,6.28,27.90,2.84,C2'-endo
76,76,1.00,A,A,A,1,0,0,0,0,.,,0,,,2.27,2.09,5.54,2.66,,,,4.28,n/a,anti,-,,,,,,,,,6.09,0.48,5.72,0.46,6.11,32.01,3.12,C2'-endo
