index_chain,old_nt_resnum,nt_position,nt_name,nt_code,nt_align_code,is_A,is_C,is_G,is_U,is_other,dbn,paired,nb_interact,pair_type_LW,pair_type_DSSR,alpha,beta,gamma,delta,epsilon,zeta,epsilon_zeta,chi,bb_type,glyco_bond,form,ssZp,Dp,eta,theta,eta_prime,theta_prime,eta_base,theta_base,v0,v1,v2,v3,v4,amplitude,phase_angle,puckering
1,801,0.01,G,G,G,0,0,1,0,0,.,,0,,,,,2.44,1.71,4.30,4.79,5.79,2.85,..,anti,.,4.49,4.57,,,,,,,0.22,5.83,0.49,5.89,0.11,28.23,6.18,C2'-exo
2,802,0.03,C,C,C,0,1,0,0,0,(,27,1,cWW,cW-W,4.92,3.24,1.13,1.46,3.61,5.90,3.99,2.91,BI,anti,.,4.10,4.35,2.94,4.25,3.19,4.11,3.65,4.78,6.02,6.08,0.55,5.56,0.62,40.76,0.69,C4'-exo
3,803,0.04,C,C,C,0,1,0,0,0,.,26,1,cWW,cW-W,3.50,1.65,3.07,2.54,4.02,4.40,5.89,3.08,..,anti,.,2.51,2.55,3.70,3.23,3.75,3.55,4.63,3.66,0.31,6.23,6.08,0.38,5.84,24.78,4.24,C4'-endo
4,804,0.06,G,G,G,0,0,1,0,0,(,25,1,cWW,cW-W,3.75,3.87,1.35,1.51,3.29,5.56,4.01,4.11,BI,anti,.,2.90,4.29,2.49,4.65,2.89,4.42,3.04,4.86,0.19,5.81,0.55,5.83,0.17,31.60,6.26,C2'-exo
5,805,0.07,U,U,U,0,0,0,1,0,(,24,1,cWW,cW-W,1.57,3.22,4.02,1.82,4.33,5.58,5.04,4.00,..,anti,.,2.85,4.52,2.97,3.87,3.32,3.90,4.09,3.97,0.21,5.84,0.49,5.88,0.12,28.31,6.20,C2'-exo
6,806,0.09,G,G,G,0,0,1,0,0,(,23,1,cWW,cW-W,4.53,1.48,3.33,1.84,4.94,5.33,5.90,3.47,..,anti,B,2.50,2.74,3.96,3.54,4.07,3.35,4.15,3.61,6.04,0.15,6.27,6.16,0.23,14.03,1.63,O4'-endo
7,807,0.10,A,A,A,1,0,0,0,0,.,22,1,cWW,cW-W,5.66,5.72,3.43,1.45,2.83,0.99,1.84,3.71,..,anti,.,4.10,4.34,2.88,3.08,2.76,3.40,3.18,3.57,0.34,5.61,0.76,5.71,0.16,44.02,6.16,C2'-exo
8,808,0.12,C,C,C,0,1,0,0,0,(,21,1,cWW,cW-W,4.72,4.99,5.00,1.97,3.87,5.14,5.01,3.74,BI,anti,.,3.62,4.05,2.86,3.31,3.09,3.45,3.40,4.08,0.22,6.03,0.20,6.21,6.19,14.57,5.59,C1'-endo
9,809,0.13,G,G,G,0,0,1,0,0,(,20,1,cWW,cW-W,3.98,2.95,1.77,1.26,4.05,4.74,5.59,3.17,..,anti,A,4.81,4.84,2.43,3.55,2.86,3.58,3.63,3.98,6.19,5.89,0.70,5.51,0.55,44.28,0.45,C3'-endo
10,810,0.15,A,A,A,1,0,0,0,0,(,19,1,cWW,cW-W,5.01,3.02,0.89,1.43,3.53,4.99,4.83,3.45,BI,anti,A,4.56,4.70,2.83,3.64,2.98,3.63,3.57,3.81,0.23,5.66,0.74,5.67,0.25,42.68,0.01,C3'-endo
11,811,0.16,C,C,C,0,1,0,0,0,(,18,1,cWW,cW-W,5.32,2.95,0.80,1.37,3.53,4.92,4.89,3.43,BI,anti,A,4.68,4.74,2.94,3.66,3.14,3.67,3.58,4.12,0.03,5.82,0.68,5.62,0.42,40.63,0.28,C3'-endo
12,812,0.18,U,U,U,0,0,0,1,0,(,17,1,cWW,cW-W,5.51,2.46,1.03,1.34,2.98,5.66,3.60,3.30,BI,anti,.,4.54,4.30,2.98,4.23,3.38,4.09,4.20,4.95,6.15,6.00,0.57,5.65,0.51,37.19,0.51,C3'-endo
13,813,0.19,G,G,G,0,0,1,0,0,.,,0,,,3.79,4.08,1.03,1.33,3.76,4.68,5.36,3.79,BI,anti,.,3.78,4.61,2.53,4.01,2.87,3.41,4.11,2.56,6.19,5.93,0.64,5.54,0.51,40.98,0.47,C3'-endo
14,814,0.21,A,A,A,1,0,0,0,0,.,,0,,,2.98,3.21,0.45,1.68,3.35,5.19,4.44,3.27,BI,anti,A,4.16,4.29,0.19,4.05,0.60,4.00,0.51,4.67,0.33,5.73,0.57,5.88,0.05,33.59,6.04,C2'-exo
15,815,0.22,A,A,A,1,0,0,0,0,.,,0,,,3.61,3.56,1.89,1.55,3.84,5.17,4.96,3.45,BI,anti,.,4.56,4.75,2.70,4.15,3.08,4.10,4.10,4.96,0.28,5.68,0.66,5.78,0.15,38.17,6.18,C2'-exo
16,816,0.24,A,A,A,1,0,0,0,0,.,,0,,,4.87,3.00,0.92,1.57,3.51,5.58,4.22,3.36,BI,anti,.,4.70,4.65,2.72,4.82,3.15,4.66,4.39,4.94,0.24,5.77,0.57,5.85,0.13,32.99,6.17,C2'-exo
17,817,0.25,A,A,A,1,0,0,0,0,),12,1,cWW,cW-W,2.50,3.41,3.31,1.34,3.80,4.96,5.12,3.42,BI,anti,A,4.82,5.03,3.03,3.18,3.55,3.28,4.48,3.38,0.36,5.52,0.83,5.64,0.19,47.90,6.17,C2'-exo
18,818,0.26,G,G,G,0,0,1,0,0,),11,1,cWW,cW-W,5.44,2.80,0.78,1.36,3.50,5.22,4.56,3.64,BI,anti,A,4.40,4.89,3.02,3.76,3.25,3.74,3.49,4.09,0.01,5.84,0.66,5.62,0.43,39.76,0.31,C3'-endo
19,819,0.28,U,U,U,0,0,0,1,0,),10,1,cWW,cW-W,5.20,3.13,0.74,1.38,4.10,4.46,5.92,3.81,..,anti,.,3.44,4.59,3.06,3.57,3.26,3.77,3.80,4.37,6.24,5.88,0.66,5.57,0.47,40.62,0.39,C3'-endo
20,820,0.29,C,C,C,0,1,0,0,0,),9,1,cWW,cW-W,5.50,2.20,1.23,1.35,3.78,5.14,4.93,3.77,BI,anti,.,3.65,4.52,3.09,4.42,3.37,4.02,4.00,4.33,6.25,5.89,0.65,5.60,0.45,39.98,0.37,C3'-endo
21,821,0.31,G,G,G,0,0,1,0,0,),8,1,cWW,cW-W,2.76,3.05,2.67,1.59,4.70,4.75,6.23,3.21,..,anti,.,4.55,4.74,2.52,4.01,2.81,3.95,3.45,3.71,0.23,5.72,0.66,5.73,0.20,37.85,6.27,C2'-exo
22,822,0.32,G,G,G,0,0,1,0,0,.,7,1,cWW,cW-W,0.85,4.53,4.73,2.42,3.43,5.14,4.57,3.59,BI,anti,.,1.84,2.45,3.83,3.57,3.96,3.49,3.82,4.07,5.87,0.65,5.67,0.39,0.01,37.20,2.79,C2'-endo
23,823,0.34,C,C,C,0,1,0,0,0,),6,1,cWW,cW-W,2.49,2.76,3.06,1.34,3.47,5.71,4.04,3.57,BI,anti,.,3.94,4.16,2.46,3.17,2.77,3.06,3.56,3.16,6.00,6.13,0.51,5.60,0.60,39.20,0.74,C4'-exo
24,824,0.35,A,A,A,1,0,0,0,0,),5,1,cWW,cW-W,3.62,1.94,2.76,1.37,3.99,4.68,5.59,3.23,BI,anti,.,4.59,4.63,2.89,2.70,2.89,2.97,3.11,3.48,6.27,5.90,0.61,5.65,0.42,37.20,0.35,C3'-endo
25,825,0.37,U,U,U,0,0,0,1,0,),4,1,cWW,cW-W,4.90,2.78,1.18,1.49,3.73,4.89,5.12,3.43,BI,anti,.,4.50,4.64,2.82,4.08,3.07,3.93,3.67,4.57,0.36,5.58,0.78,5.69,0.14,45.35,6.14,C2'-exo
26,826,0.38,U,U,U,0,0,0,1,0,.,3,1,cWW,cW-W,3.27,3.28,2.48,1.79,3.77,4.34,5.72,3.32,BI,anti,.,4.60,4.62,2.81,4.03,3.21,3.88,4.27,3.98,0.47,5.73,0.45,6.09,6.12,31.58,5.66,C2'-exo
27,827,0.40,G,G,G,0,0,1,0,0,),2,1,cWW,cW-W,2.94,4.22,2.70,1.34,3.76,4.46,5.59,3.69,BI,anti,.,3.75,4.42,2.86,3.77,3.26,3.45,3.66,3.64,6.20,5.91,0.67,5.56,0.51,42.10,0.43,C3'-endo
28,828,0.41,G,G,G,0,0,1,0,0,.,,0,,,2.23,3.50,3.22,1.63,3.49,5.60,4.17,3.39,BI,anti,.,4.68,4.72,2.60,4.21,2.84,3.93,3.41,3.98,0.47,5.55,0.69,5.86,6.25,42.47,5.92,C2'-exo
29,829,0.43,C,C,C,0,1,0,0,0,.,,0,,,2.46,2.80,3.74,1.52,4.21,3.47,0.74,3.39,BII,anti,.,4.36,4.64,3.06,1.79,3.32,2.11,3.77,2.49,0.13,5.79,0.66,5.67,0.29,37.94,0.14,C3'-endo
30,830,0.44,A,A,A,1,0,0,0,0,.,,0,,,5.24,1.89,1.35,1.44,3.35,5.48,4.15,3.09,BI,anti,.,4.41,4.45,2.95,4.00,3.16,3.23,3.17,2.88,0.05,5.83,0.66,5.64,0.38,39.30,0.25,C3'-endo
31,831,0.46,A,A,A,1,0,0,0,0,.,,0,,,4.90,4.38,3.05,1.42,3.23,4.23,5.28,3.68,BI,anti,.,4.08,4.45,5.94,2.85,6.25,2.60,5.91,2.86,6.20,5.93,0.61,5.62,0.48,38.76,0.43,C3'-endo
32,832,0.47,U,U,U,0,0,0,1,0,.,,0,,,1.53,3.24,5.31,1.47,4.27,4.68,5.87,3.22,..,anti,.,4.70,4.78,3.99,3.18,3.64,3.11,3.36,3.29,0.15,5.83,0.58,5.78,0.23,33.31,0.07,C3'-endo
33,833,0.49,U,U,U,0,0,0,1,0,.,,0,,,0.46,4.57,5.25,1.50,4.13,4.44,5.97,3.64,..,anti,.,3.89,4.78,3.65,2.30,3.46,2.60,3.25,2.76,0.25,5.71,0.66,5.75,0.19,37.91,6.23,C2'-exo
34,834,0.50,U,U,U,0,0,0,1,0,.,,0,,,5.29,1.33,2.80,1.56,3.00,0.65,2.36,3.13,..,anti,.,4.04,4.09,4.63,4.83,4.27,4.51,4.10,4.36,0.20,5.81,0.56,5.84,0.16,32.15,6.25,C2'-exo
35,835,0.51,U,U,U,0,0,0,1,0,.,,0,,,1.27,1.31,3.69,1.58,3.98,4.16,6.10,3.36,..,anti,.,4.65,4.73,1.06,2.02,1.67,2.13,2.26,2.30,0.06,5.89,0.54,5.75,0.30,31.55,0.22,C3'-endo
36,836,0.53,U,U,U,0,0,0,1,0,.,,0,,,0.74,4.61,5.33,2.16,4.62,3.60,1.03,3.84,BII,anti,.,2.16,3.46,4.59,2.66,4.30,3.18,3.83,3.85,0.28,6.15,6.24,0.21,5.97,17.64,4.57,O4'-exo
37,837,0.54,G,G,G,0,0,1,0,0,.,,0,,,5.57,2.49,0.93,1.55,5.02,4.01,1.01,3.67,..,anti,.,2.83,4.31,3.96,2.91,3.90,2.82,3.88,2.83,0.13,5.86,0.55,5.79,0.24,31.61,0.11,C3'-endo
38,838,0.56,A,A,A,1,0,0,0,0,.,,0,,,4.67,0.36,2.84,1.69,0.73,1.71,5.30,3.37,..,anti,.,2.83,3.17,4.69,2.15,3.78,2.84,3.58,3.40,0.38,5.71,0.55,5.94,6.27,33.40,5.92,C2'-exo
39,839,0.57,C,C,C,0,1,0,0,0,(,67,1,cWW,cW-W,0.97,3.74,3.01,1.64,3.49,5.24,4.53,3.48,BI,anti,.,4.33,4.45,2.33,3.66,3.01,3.57,3.76,3.89,0.38,5.64,0.66,5.84,0.05,39.34,6.03,C2'-exo
40,840,0.59,A,A,A,1,0,0,0,0,(,66,1,cWW,cW-W,5.32,3.11,0.95,1.29,3.86,5.06,5.09,3.04,BI,anti,.,4.76,4.76,3.31,3.90,3.58,4.04,4.16,4.32,0.18,5.68,0.78,5.58,0.33,45.06,0.10,C3'-endo
41,841,0.60,G,G,G,0,0,1,0,0,(,65,1,cWW,cW-W,5.50,2.83,1.28,1.44,3.01,5.51,3.78,3.36,BI,anti,.,3.76,3.82,3.39,3.84,3.85,3.67,4.35,4.24,5.97,6.16,0.48,5.62,0.62,38.90,0.78,C4'-exo
42,842,0.62,U,U,U,0,0,0,1,0,(,64,1,cWW,cW-W,4.22,3.47,1.11,1.31,3.49,5.19,4.59,3.51,BI,anti,.,4.53,4.70,2.72,3.57,2.92,3.58,3.79,3.91,6.25,5.87,0.66,5.55,0.48,40.95,0.39,C3'-endo
43,843,0.63,C,C,C,0,1,0,0,0,(,63,1,cWW,cW-W,4.79,2.75,1.32,1.38,3.31,5.02,4.58,3.64,BI,anti,.,4.22,4.44,2.80,3.43,3.09,3.40,3.67,3.73,0.09,5.78,0.69,5.63,0.36,40.10,0.20,C3'-endo
44,844,0.65,U,U,U,0,0,0,1,0,(,62,1,cWW,cW-W,4.74,3.33,1.07,1.51,3.60,4.66,5.23,3.45,BI,anti,.,4.43,4.55,2.91,3.51,3.03,3.59,3.55,3.94,0.21,5.74,0.66,5.73,0.21,37.99,0.00,C3'-endo
45,845,0.66,C,C,C,0,1,0,0,0,(,61,1,cWW,cW-W,5.48,2.75,1.19,1.74,3.94,5.00,5.22,3.28,BI,anti,B,4.29,4.23,3.37,4.33,3.55,4.22,3.94,4.83,6.28,6.08,0.32,5.96,0.21,19.49,0.32,C3'-endo
46,846,0.68,U,U,U,0,0,0,1,0,(,60,1,cWW,cW-W,4.56,3.31,1.00,1.51,4.00,4.89,5.39,3.69,..,anti,.,3.96,4.73,2.61,3.59,3.01,3.57,3.95,3.49,0.03,5.91,0.56,5.73,0.33,33.54,0.27,C3'-endo
47,847,0.69,A,A,A,1,0,0,0,0,.,57,1,tHW,tM-W,4.72,1.55,3.01,2.47,3.51,4.56,5.24,3.75,BI,anti,.,2.04,2.24,4.53,3.13,4.22,2.94,3.99,1.95,6.19,0.40,5.73,0.51,6.02,31.88,3.31,C3'-exo
48,848,0.71,U,U,U,0,0,0,1,0,(,59,1,cWW,cW-W,2.96,3.42,1.26,1.39,3.58,5.16,4.70,3.45,BI,anti,.,4.22,4.34,1.18,4.48,1.53,4.44,0.92,4.83,6.15,6.03,0.53,5.65,0.48,35.54,0.55,C3'-endo
49,849,0.72,G,G,G,0,0,1,0,0,(,56,1,cWW,cW-W,1.79,2.04,5.57,1.55,3.34,5.06,4.57,3.77,BI,anti,A,3.92,4.42,3.44,3.92,3.81,3.86,4.32,4.31,0.41,5.60,0.71,5.78,0.06,42.03,6.04,C2'-exo
50,850,0.74,G,G,G,0,0,1,0,0,(,55,1,cWW,cW-W,2.63,3.35,2.94,1.59,3.70,5.26,4.72,3.08,BI,anti,.,4.79,4.79,2.63,3.78,2.98,3.78,3.75,4.24,0.25,5.70,0.66,5.74,0.18,37.90,6.23,C2'-exo
51,851,0.75,G,G,G,0,0,1,0,0,.,54,1,tSH,tm-M,5.06,3.28,0.86,1.40,3.99,5.29,4.98,3.20,BI,anti,.,4.64,4.65,3.02,4.50,3.31,3.73,4.06,2.77,6.21,5.93,0.61,5.59,0.48,38.79,0.45,C3'-endo
52,852,0.76,U,U,U,0,0,0,1,0,.,,0,,,2.94,2.45,0.80,1.48,4.06,4.77,5.58,3.73,..,anti,.,3.81,4.72,0.10,3.94,0.71,3.94,0.37,4.61,0.22,5.79,0.58,5.81,0.17,33.26,6.25,C2'-exo
53,853,0.78,A,A,A,1,0,0,0,0,.,,0,,,5.35,2.56,0.99,1.55,3.25,5.34,4.19,3.63,BI,anti,.,4.16,4.32,2.77,4.14,3.22,4.04,4.27,4.95,0.26,5.78,0.55,5.87,0.10,31.66,6.13,C2'-exo
54,854,0.79,A,A,A,1,0,0,0,0,.,51,1,tHS,tM-m,4.20,3.63,1.33,1.57,3.67,5.47,4.48,3.82,BI,anti,.,3.78,4.47,2.78,4.91,3.19,4.83,4.47,5.21,0.10,5.87,0.56,5.77,0.26,32.23,0.14,C3'-endo
55,855,0.81,C,C,C,0,1,0,0,0,),50,1,cWW,cW-W,1.81,3.38,4.30,1.59,3.47,5.21,4.55,3.72,BI,anti,A,4.17,4.64,3.30,3.06,3.86,3.21,4.81,3.66,0.25,5.74,0.60,5.80,0.15,34.67,6.20,C2'-exo
56,856,0.82,C,C,C,0,1,0,0,0,),49,1,cWW,cW-W,4.89,2.92,1.10,1.44,3.70,5.22,4.77,3.56,BI,anti,.,4.43,4.72,2.76,3.92,3.07,3.87,3.73,4.15,0.17,5.72,0.74,5.63,0.30,42.33,0.10,C3'-endo
57,857,0.84,U,U,U,0,0,0,1,0,.,47,1,tWH,tW-M,4.51,2.89,1.83,1.53,3.68,5.13,4.83,3.32,BI,anti,.,4.21,4.21,3.11,4.19,3.41,4.09,3.97,4.60,6.14,6.05,0.49,5.70,0.46,33.29,0.56,C3'-endo
58,858,0.85,A,A,A,1,0,0,0,0,.,,0,,,3.75,3.68,1.85,1.52,5.68,2.45,3.22,4.10,BII,anti,.,0.77,2.28,3.36,2.47,3.65,2.38,4.29,2.23,5.90,0.09,0.21,5.85,0.51,28.99,1.15,C4'-exo
59,859,0.87,A,A,A,1,0,0,0,0,),48,1,cWW,cW-W,2.86,2.65,1.18,1.46,3.73,5.28,4.73,3.51,BI,anti,.,4.22,4.41,1.93,4.27,2.00,4.24,2.15,5.01,6.01,6.11,0.51,5.60,0.60,39.02,0.72,C4'-exo
60,860,0.88,G,G,G,0,0,1,0,0,),46,1,cWW,cW-W,5.09,3.07,0.99,1.46,3.94,5.09,5.14,3.53,BI,anti,A,4.34,4.69,2.95,4.14,3.44,4.09,4.63,4.75,0.12,5.80,0.65,5.68,0.30,37.76,0.15,C3'-endo
61,861,0.90,G,G,G,0,0,1,0,0,),45,1,cWW,cW-W,4.75,3.11,1.03,1.51,3.48,5.10,4.66,3.45,BI,anti,A,4.44,4.51,2.61,3.79,2.96,3.80,3.99,4.11,0.08,5.93,0.47,5.83,0.24,27.54,0.18,C3'-endo
62,862,0.91,A,A,A,1,0,0,0,0,),44,1,cWW,cW-W,4.58,3.44,1.20,1.43,3.44,4.95,4.77,3.34,BI,anti,A,4.43,4.50,2.85,3.59,3.11,3.57,3.67,4.05,6.22,5.91,0.63,5.60,0.48,39.55,0.41,C3'-endo
63,863,0.93,G,G,G,0,0,1,0,0,),43,1,cWW,cW-W,5.24,2.87,1.10,1.50,3.66,5.01,4.93,3.10,BI,anti,A,4.68,4.56,3.16,3.78,3.38,3.75,4.10,4.15,6.19,6.06,0.42,5.80,0.37,27.33,0.51,C3'-endo
64,864,0.94,A,A,A,1,0,0,0,0,),42,1,cWW,cW-W,4.98,3.13,0.84,1.39,3.97,4.43,5.83,3.28,..,anti,A,4.65,4.74,2.86,3.47,3.04,3.62,3.72,3.91,0.13,5.75,0.69,5.62,0.33,39.79,0.16,C3'-endo
65,865,0.96,C,C,C,0,1,0,0,0,),41,1,cWW,cW-W,5.47,2.35,1.11,1.45,3.52,4.82,4.98,3.46,BI,anti,.,4.48,4.53,2.89,3.77,3.20,3.63,3.64,3.94,0.03,5.86,0.64,5.67,0.37,37.78,0.26,C3'-endo
66,866,0.97,U,U,U,0,0,0,1,0,),40,1,cWW,cW-W,5.62,2.72,0.89,1.33,4.69,4.85,6.13,3.39,..,anti,.,4.40,5.01,3.45,4.30,3.59,4.00,4.10,3.57,0.25,5.64,0.76,5.66,0.24,43.80,6.27,C2'-exo
67,867,0.99,G,G,G,0,0,1,0,0,),39,1,cWW,cW-W,0.51,4.85,4.72,1.27,4.51,3.47,1.04,3.53,BII,anti,.,3.91,4.86,3.17,0.56,3.10,0.48,2.84,0.59,0.08,5.80,0.70,5.60,0.38,40.97,0.23,C3'-endo
68,868,1.00,G,G,G,0,0,1,0,0,.,,0,,,5.14,4.71,4.17,1.19,,,,3.64,n/a,anti,-,,,,,,,,,0.03,5.76,0.79,5.49,0.48,47.03,0.29,C3'-endo
