index_chain,old_nt_resnum,nt_position,nt_name,nt_code,nt_align_code,is_A,is_C,is_G,is_U,is_other,dbn,paired,nb_interact,pair_type_LW,pair_type_DSSR,alpha,beta,gamma,delta,epsilon,zeta,epsilon_zeta,chi,bb_type,glyco_bond,form,ssZp,Dp,eta,theta,eta_prime,theta_prime,eta_base,theta_base,v0,v1,v2,v3,v4,amplitude,phase_angle,puckering
1,1,0.01,U,U,U,0,0,0,1,0,.,,0,,,,,3.03,1.51,3.93,5.24,4.97,3.50,BI,anti,.,4.30,4.62,,,,,,,0.05,5.85,0.63,5.67,0.36,37.18,0.25,C3'-endo
2,2,0.02,C,C,C,0,1,0,0,0,(,119,1,cWW,cW-W,4.96,3.01,1.00,1.48,3.65,4.98,4.95,3.53,BI,anti,A,4.42,4.67,2.71,3.73,3.22,3.71,4.51,3.84,0.14,5.73,0.73,5.62,0.33,41.91,0.13,C3'-endo
3,3,0.03,C,C,C,0,1,0,0,0,(,118,1,cWW,cW-W,5.01,3.05,1.08,1.52,3.66,4.90,5.05,3.67,BI,anti,.,3.99,4.43,2.99,3.67,3.19,3.67,3.53,4.01,6.24,5.95,0.57,5.68,0.41,35.07,0.39,C3'-endo
4,4,0.03,C,C,C,0,1,0,0,0,(,117,1,cWW,cW-W,4.89,3.14,0.95,1.47,3.69,5.05,4.92,3.57,BI,anti,A,4.31,4.63,2.83,3.81,3.00,3.82,3.52,4.41,0.07,5.81,0.67,5.63,0.37,39.53,0.23,C3'-endo
5,5,0.04,C,C,C,0,1,0,0,0,(,116,1,cWW,cW-W,5.08,2.90,1.04,1.48,3.56,4.95,4.89,3.44,BI,anti,.,4.43,4.52,2.87,3.65,3.20,3.61,4.09,3.88,0.02,5.87,0.63,5.65,0.39,37.76,0.30,C3'-endo
6,6,0.05,C,C,C,0,1,0,0,0,(,115,1,cWW,cW-W,5.15,3.18,0.78,1.44,3.61,5.01,4.88,3.28,BI,anti,A,4.57,4.58,2.94,3.65,3.08,3.75,3.58,4.27,0.03,5.82,0.69,5.60,0.41,40.89,0.28,C3'-endo
7,7,0.06,G,G,G,0,0,1,0,0,(,114,1,cWW,cW-W,5.03,3.13,1.10,1.52,3.79,5.19,4.88,3.38,BI,anti,.,4.53,4.64,3.10,4.08,3.32,4.08,3.98,5.02,0.07,5.83,0.64,5.67,0.35,37.41,0.22,C3'-endo
8,8,0.07,U,U,U,0,0,0,1,0,(,113,1,cWW,cW-W,4.90,2.97,1.06,1.45,3.54,4.80,5.01,3.76,BI,anti,.,3.98,4.62,2.72,3.47,3.16,3.37,4.49,3.32,0.13,5.74,0.73,5.61,0.35,42.38,0.16,C3'-endo
9,9,0.08,G,G,G,0,0,1,0,0,(,112,1,cWW,cW-W,5.20,2.83,0.97,1.39,3.58,4.88,4.98,3.35,BI,anti,A,4.54,4.58,2.92,3.56,3.03,3.56,3.19,3.95,6.25,5.87,0.68,5.57,0.48,41.64,0.37,C3'-endo
10,10,0.08,C,C,C,0,1,0,0,0,(,111,1,cWW,cW-W,5.30,2.88,1.01,1.48,3.72,5.10,4.90,3.54,BI,anti,A,4.25,4.52,3.11,3.91,3.31,3.90,3.89,4.41,6.28,5.89,0.62,5.64,0.41,37.78,0.33,C3'-endo
11,11,0.09,C,C,C,0,1,0,0,0,(,110,1,cWW,cW-W,5.03,3.16,0.89,1.46,4.12,5.36,5.04,3.43,..,anti,.,4.37,4.65,2.99,4.45,3.21,4.67,3.93,5.32,6.26,5.90,0.61,5.65,0.42,37.17,0.36,C3'-endo
12,12,0.10,C,C,C,0,1,0,0,0,.,,0,,,5.22,3.13,1.12,2.47,4.98,2.57,2.41,3.74,BII,anti,.,0.40,0.46,3.51,2.87,4.23,2.68,5.01,3.08,5.80,0.70,5.65,0.38,0.06,39.91,2.73,C2'-endo
13,13,0.11,A,A,A,1,0,0,0,0,.,,0,,,5.57,3.39,0.51,1.37,3.67,4.24,5.72,3.76,BI,anti,.,3.78,4.53,4.31,3.13,4.05,2.70,4.08,3.38,6.20,5.92,0.65,5.57,0.51,40.96,0.44,C3'-endo
14,14,0.12,U,U,U,0,0,0,1,0,.,107,1,tWS,tW+m,1.18,3.55,1.13,2.44,4.82,4.78,0.04,5.00,..,anti,.,0.18,0.72,6.16,5.78,0.01,5.02,5.36,5.61,5.84,0.64,5.69,0.35,0.05,36.77,2.74,C2'-endo
15,15,0.13,A,A,A,1,0,0,0,0,.,,0,,,3.08,2.95,2.68,1.56,3.41,0.45,2.96,5.67,..,syn,.,-2.75,4.03,2.17,5.46,3.06,5.45,3.33,5.77,6.11,6.08,0.47,5.69,0.48,33.34,0.62,C3'-endo
16,16,0.13,G,G,G,0,0,1,0,0,(,68,1,cWW,cW-W,3.20,4.50,1.30,1.43,3.66,4.89,5.06,3.44,BI,anti,A,4.38,4.50,2.63,3.87,3.30,3.86,3.71,4.09,6.19,5.95,0.61,5.61,0.49,38.87,0.46,C3'-endo
17,17,0.14,C,C,C,0,1,0,0,0,(,67,1,cWW,cW-W,5.29,2.87,0.99,1.43,3.79,5.16,4.91,3.37,BI,anti,.,4.22,4.30,3.09,3.98,3.28,4.04,3.74,4.86,6.03,6.10,0.52,5.61,0.59,38.79,0.70,C4'-exo
18,18,0.15,G,G,G,0,0,1,0,0,(,65,1,cWW,cW-W,5.21,2.86,0.96,1.41,3.85,4.81,5.33,3.42,BI,anti,A,4.42,4.59,2.89,3.62,3.31,3.60,4.46,3.90,6.25,5.89,0.64,5.61,0.45,39.44,0.37,C3'-endo
19,19,0.16,G,G,G,0,0,1,0,0,(,64,1,cWW,cW-W,4.90,2.87,1.02,1.40,3.68,5.12,4.84,3.36,BI,anti,A,4.61,4.69,2.68,3.82,2.86,3.85,3.41,4.47,0.08,5.75,0.75,5.56,0.41,44.12,0.22,C3'-endo
20,20,0.17,C,C,C,0,1,0,0,0,(,63,1,cWW,cW-W,5.12,3.08,1.01,1.42,3.76,5.01,5.04,3.52,BI,anti,A,4.39,4.70,3.02,3.79,3.31,3.81,4.21,4.10,0.10,5.74,0.74,5.58,0.38,43.48,0.19,C3'-endo
21,21,0.18,G,G,G,0,0,1,0,0,(,62,1,cWW,cW-W,5.18,2.86,1.13,1.36,3.68,5.13,4.84,3.37,BI,anti,.,4.52,4.60,3.00,3.83,3.28,3.87,3.83,4.91,6.20,5.89,0.69,5.52,0.54,43.89,0.44,C3'-endo
22,22,0.18,U,U,U,0,0,0,1,0,.,61,1,cWW,cW-W,5.20,2.95,0.95,1.50,3.60,4.72,5.16,3.80,BI,anti,.,3.77,4.51,2.95,3.45,3.32,3.44,4.66,3.23,0.07,5.83,0.65,5.66,0.35,38.18,0.22,C3'-endo
23,23,0.19,G,G,G,0,0,1,0,0,(,60,1,cWW,cW-W,5.12,3.21,0.64,1.52,3.84,4.43,5.69,3.89,BI,anti,.,3.39,4.59,2.91,3.32,2.89,3.57,2.77,3.29,0.11,5.81,0.63,5.70,0.31,36.66,0.16,C3'-endo
24,24,0.20,G,G,G,0,0,1,0,0,.,59,1,cWW,cW-W,5.17,2.85,1.17,2.37,3.58,1.85,1.73,4.52,..,anti,.,1.70,2.30,3.05,2.04,3.45,1.39,3.11,1.25,6.11,0.36,5.89,0.31,6.19,22.93,3.04,C2'-endo
25,25,0.21,A,A,A,1,0,0,0,0,.,,0,,,2.49,4.14,1.34,1.54,3.69,5.43,4.54,3.26,BI,anti,.,4.46,4.46,1.88,4.39,1.87,4.33,2.02,4.87,6.25,5.92,0.59,5.66,0.42,36.55,0.37,C3'-endo
26,26,0.22,A,A,A,1,0,0,0,0,.,,0,,,4.93,3.21,0.92,1.34,3.91,5.06,5.13,3.73,BI,anti,.,3.66,4.44,2.84,3.86,3.21,3.97,4.11,4.94,6.04,6.04,0.61,5.52,0.64,43.50,0.64,C4'-exo
27,27,0.23,C,C,C,0,1,0,0,0,.,,0,,,5.15,2.94,0.81,1.42,3.85,5.02,5.11,3.94,BI,anti,.,3.23,4.63,2.74,3.89,3.09,3.97,4.22,4.58,6.28,5.85,0.68,5.59,0.45,41.12,0.33,C3'-endo
28,28,0.24,C,C,C,0,1,0,0,0,(,56,1,cWW,cW-W,5.14,3.02,0.95,1.47,3.77,4.87,5.18,3.56,BI,anti,A,4.31,4.67,2.91,3.70,3.22,3.73,4.03,4.17,0.13,5.76,0.70,5.64,0.33,40.66,0.15,C3'-endo
29,29,0.24,A,A,A,1,0,0,0,0,(,"55,58",2,"cWW,cSW","cW-W,cm-W",5.09,2.82,1.15,1.51,3.77,5.05,4.99,3.45,BI,anti,A,4.44,4.60,2.97,3.89,3.23,3.81,3.90,4.34,0.08,5.83,0.63,5.68,0.33,36.94,0.20,C3'-endo
30,30,0.25,C,C,C,0,1,0,0,0,(,"54,57",2,"cWW,cSW","cW-W,cm-W",4.92,2.68,1.34,1.48,3.77,5.39,4.67,3.40,BI,anti,.,4.45,4.56,2.88,4.20,3.23,4.25,4.14,5.01,0.01,5.86,0.64,5.63,0.41,38.78,0.31,C3'-endo
31,31,0.26,C,C,C,0,1,0,0,0,(,"51,52,53",3,"cWW,tWH,tSH","cW-W,tW-M,tm-M",5.06,2.98,1.09,1.60,3.80,5.06,5.02,3.17,BI,anti,A,4.53,4.54,2.96,4.03,3.55,4.01,4.81,4.17,0.12,5.84,0.58,5.76,0.26,33.40,0.12,C3'-endo
32,32,0.27,C,C,C,0,1,0,0,0,(,50,1,cWW,cW-W,4.91,3.53,0.68,1.62,3.69,5.08,4.89,3.79,BI,anti,A,3.68,4.37,2.85,3.89,3.05,3.92,3.43,4.33,0.05,5.92,0.52,5.77,0.30,30.94,0.24,C3'-endo
33,33,0.28,G,G,G,0,0,1,0,0,(,"35,49",2,"cSH,cWW","cm+M,cW-W",5.06,2.86,1.02,1.41,3.60,4.88,5.01,3.44,BI,anti,A,4.32,4.42,2.81,3.60,3.14,3.73,3.78,4.32,6.10,6.01,0.59,5.57,0.57,40.48,0.58,C3'-endo
34,34,0.29,U,U,U,0,0,0,1,0,(,48,1,cWW,cW-W,5.35,2.89,1.26,2.41,4.23,1.90,2.34,4.21,..,anti,.,1.45,1.48,3.53,2.22,4.00,1.96,4.56,1.85,5.81,0.66,5.69,0.33,0.08,37.51,2.69,C2'-endo
35,35,0.29,U,U,U,0,0,0,1,0,.,33,1,cHS,cM+m,2.84,4.19,1.11,1.52,3.58,4.98,4.89,3.33,BI,anti,A,4.28,4.30,2.31,3.82,2.05,3.86,2.01,4.40,6.19,5.99,0.55,5.67,0.45,35.09,0.47,C3'-endo
36,36,0.30,C,C,C,0,1,0,0,0,.,49,1,cWS,cW-m,5.13,3.07,0.86,1.48,3.76,5.05,4.99,3.31,BI,anti,A,4.54,4.58,2.94,3.86,3.15,3.91,3.93,4.25,0.03,5.86,0.64,5.65,0.39,37.98,0.29,C3'-endo
37,37,0.31,C,C,C,0,1,0,0,0,.,48,1,cWS,cW-m,5.04,3.45,0.74,1.45,3.94,5.28,4.94,3.69,BI,anti,.,3.90,4.64,2.98,4.13,3.12,4.29,3.58,5.23,6.28,5.86,0.66,5.61,0.43,39.81,0.33,C3'-endo
38,38,0.32,C,C,C,0,1,0,0,0,(,44,1,cWW,cW-W,5.03,2.85,1.12,1.40,3.71,4.83,5.16,3.61,BI,anti,A,4.23,4.70,2.76,3.57,3.30,3.57,4.56,3.87,0.10,5.73,0.77,5.55,0.40,44.87,0.20,C3'-endo
39,39,0.33,A,A,A,1,0,0,0,0,.,46,1,cSW,cm-W,5.12,3.03,0.99,1.45,3.38,4.54,5.11,3.49,BI,anti,.,4.46,4.58,2.95,3.14,3.14,3.14,3.65,3.02,0.18,5.69,0.75,5.61,0.31,43.22,0.09,C3'-endo
40,40,0.34,U,U,U,0,0,0,1,0,.,45,1,tSH,tm-M,5.37,2.78,1.16,1.62,3.20,0.78,2.42,3.78,..,anti,.,3.76,4.08,3.23,6.27,3.39,5.65,3.27,4.52,0.04,5.94,0.49,5.80,0.28,29.07,0.24,C3'-endo
41,41,0.34,U,U,U,0,0,0,1,0,.,,0,,,0.74,2.33,0.76,1.44,3.22,1.32,1.91,3.95,..,anti,.,3.46,4.16,4.47,0.02,5.43,5.62,0.28,5.47,6.08,6.06,0.54,5.62,0.56,38.01,0.63,C3'-endo
42,42,0.35,C,C,C,0,1,0,0,0,.,,0,,,3.10,3.32,0.71,1.26,3.47,4.92,4.83,3.76,BI,anti,.,3.87,4.41,1.33,3.24,2.11,3.37,2.82,4.07,5.98,6.06,0.63,5.46,0.72,47.09,0.70,C4'-exo
43,43,0.36,C,C,C,0,1,0,0,0,.,,0,,,5.18,2.75,1.20,1.51,4.02,4.62,5.68,3.46,..,anti,.,4.09,4.33,3.17,4.41,3.37,4.29,4.12,4.64,6.14,6.04,0.52,5.67,0.48,34.97,0.56,C3'-endo
44,44,0.37,G,G,G,0,0,1,0,0,),"38,47",2,"cWW,tSW","cW-W,tm+W",0.91,2.29,1.24,1.76,3.50,3.12,0.37,4.53,..,anti,.,1.48,3.69,4.48,2.38,5.14,1.48,5.16,1.23,6.15,6.19,0.26,5.93,0.31,20.11,0.72,C4'-exo
45,45,0.38,A,A,A,1,0,0,0,0,.,40,1,tHS,tM-m,0.83,3.71,2.99,1.48,4.19,5.39,5.09,2.73,..,anti,.,4.54,4.75,1.60,4.22,1.51,4.23,1.92,5.24,0.13,5.75,0.71,5.63,0.33,41.10,0.14,C3'-endo
46,46,0.39,A,A,A,1,0,0,0,0,.,39,1,cWS,cW-m,4.93,3.37,0.71,1.57,3.75,5.05,4.98,3.53,BI,anti,.,4.27,4.53,2.61,3.90,3.11,3.95,4.55,4.78,0.07,5.86,0.59,5.72,0.32,34.61,0.22,C3'-endo
47,47,0.39,C,C,C,0,1,0,0,0,.,44,1,tWS,tW+m,4.99,2.96,0.90,1.45,3.85,5.19,4.94,3.66,BI,anti,.,4.03,4.67,2.74,4.07,3.05,4.09,4.11,4.54,0.04,5.81,0.70,5.59,0.41,41.70,0.26,C3'-endo
48,48,0.40,A,A,A,1,0,0,0,0,),"34,37",2,"cWW,cSW","cW-W,cm-W",5.14,3.08,0.97,1.37,3.73,4.74,5.28,3.47,BI,anti,.,4.36,4.58,2.95,3.48,3.28,3.60,4.02,4.31,6.21,5.89,0.68,5.54,0.52,42.60,0.42,C3'-endo
49,49,0.41,C,C,C,0,1,0,0,0,),"33,36",2,"cWW,cSW","cW-W,cm-W",5.28,2.81,1.06,1.61,3.77,4.94,5.11,3.56,BI,anti,.,4.23,4.54,3.10,3.88,3.35,3.73,4.16,3.71,0.14,5.84,0.57,5.78,0.24,32.74,0.09,C3'-endo
50,50,0.42,G,G,G,0,0,1,0,0,),32,1,cWW,cW-W,4.77,2.93,1.11,1.39,3.68,5.29,4.68,3.36,BI,anti,.,4.57,4.64,2.69,3.96,2.90,3.98,3.21,4.59,6.24,5.85,0.71,5.53,0.51,43.87,0.38,C3'-endo
51,51,0.43,G,G,G,0,0,1,0,0,),"31,52",2,"cWW,cSH","cW-W,cm+M",4.98,3.00,1.33,1.49,3.34,5.20,4.42,3.35,BI,anti,.,3.93,3.93,3.08,3.33,3.51,2.78,4.44,2.10,5.95,6.21,0.42,5.66,0.60,36.60,0.85,C4'-exo
52,52,0.44,A,A,A,1,0,0,0,0,.,"31,51",2,"tHW,cHS","tM-W,cM+m",3.59,1.52,2.36,1.50,3.72,5.14,4.86,3.61,BI,anti,A,4.28,4.74,2.25,3.27,2.22,3.28,1.77,3.69,0.29,5.63,0.75,5.68,0.20,42.84,6.22,C2'-exo
53,53,0.45,A,A,A,1,0,0,0,0,.,31,1,tHS,tM-m,5.08,3.05,0.97,1.36,3.85,5.17,4.96,3.08,BI,anti,.,4.81,4.81,2.90,3.95,3.17,4.05,3.89,4.94,0.14,5.68,0.81,5.53,0.39,46.88,0.16,C3'-endo
54,54,0.45,G,G,G,0,0,1,0,0,),30,1,cWW,cW-W,4.97,3.26,1.02,1.58,3.72,4.85,5.15,3.34,BI,anti,A,4.58,4.63,3.00,3.74,3.32,3.77,4.50,3.96,0.20,5.78,0.59,5.79,0.20,33.99,6.28,C2'-exo
55,55,0.46,U,U,U,0,0,0,1,0,),"29,57",2,"cWW,cSH","cW-W,cm+M",5.17,2.91,1.06,1.54,3.60,5.03,4.86,3.55,BI,anti,A,4.24,4.44,3.04,3.82,3.30,3.84,3.72,4.15,6.27,5.92,0.57,5.69,0.38,34.77,0.34,C3'-endo
56,56,0.47,G,G,G,0,0,1,0,0,),"28,59",2,"cWW,tSW","cW-W,tm+W",5.09,2.86,1.37,2.19,4.99,1.67,3.32,3.71,..,anti,.,0.89,0.93,3.76,1.75,4.03,1.56,4.40,1.68,5.74,0.61,5.84,0.14,0.25,34.45,2.40,C1'-exo
57,57,0.48,A,A,A,1,0,0,0,0,.,"30,55",2,"cWS,cHS","cW-m,cM+m",3.42,3.40,0.74,1.39,3.93,4.94,5.27,3.15,BI,anti,A,4.73,4.74,2.28,3.77,2.13,3.94,2.33,4.73,0.14,5.69,0.78,5.56,0.37,45.32,0.14,C3'-endo
58,58,0.49,A,A,A,1,0,0,0,0,.,29,1,cWS,cW-m,5.31,2.94,0.89,1.44,4.15,5.10,5.33,3.52,..,anti,.,4.26,4.83,3.07,4.21,3.31,4.26,4.24,5.06,0.23,5.65,0.77,5.62,0.28,44.11,0.03,C3'-endo
59,59,0.50,A,A,A,1,0,0,0,0,.,"24,56",2,"cWW,tWS","cW-W,tW+m",5.05,3.04,0.94,1.49,3.83,5.06,5.05,3.49,BI,anti,A,4.47,4.75,2.76,3.95,3.16,3.99,4.31,4.72,0.21,5.70,0.70,5.68,0.25,40.28,0.03,C3'-endo
60,60,0.50,C,C,C,0,1,0,0,0,),23,1,cWW,cW-W,5.13,2.91,0.99,1.47,3.60,4.92,4.97,3.58,BI,anti,A,4.32,4.64,2.85,3.67,3.24,3.64,4.31,3.99,0.12,5.78,0.68,5.65,0.33,39.60,0.16,C3'-endo
61,61,0.51,G,G,G,0,0,1,0,0,.,22,1,cWW,cW-W,5.28,3.01,0.81,1.47,3.85,5.02,5.11,3.32,BI,anti,.,4.61,4.69,3.02,3.94,3.19,4.03,3.76,4.89,0.13,5.75,0.70,5.64,0.32,40.65,0.14,C3'-endo
62,62,0.52,C,C,C,0,1,0,0,0,),21,1,cWW,cW-W,5.11,3.10,0.94,1.59,3.63,5.06,4.86,3.88,BI,anti,.,3.57,4.46,2.94,3.91,3.27,3.82,4.35,4.01,0.05,5.89,0.56,5.74,0.31,33.00,0.24,C3'-endo
63,63,0.53,G,G,G,0,0,1,0,0,),20,1,cWW,cW-W,5.11,2.91,0.92,1.36,3.57,4.92,4.93,3.28,BI,anti,A,4.41,4.40,2.81,3.52,3.07,3.54,3.56,4.02,6.08,6.01,0.61,5.54,0.60,42.38,0.60,C3'-endo
64,64,0.54,C,C,C,0,1,0,0,0,),19,1,cWW,cW-W,5.21,2.93,1.00,1.46,3.79,4.88,5.19,3.48,BI,anti,.,4.20,4.40,3.08,3.71,3.25,3.74,3.87,4.34,6.13,6.01,0.57,5.61,0.53,38.52,0.55,C3'-endo
65,65,0.55,C,C,C,0,1,0,0,0,),18,1,cWW,cW-W,5.14,2.87,0.93,1.51,3.87,5.01,5.14,3.54,BI,anti,.,4.18,4.51,2.91,3.98,3.15,4.12,3.95,4.73,6.27,5.91,0.59,5.68,0.40,35.70,0.34,C3'-endo
66,66,0.55,A,A,A,1,0,0,0,0,.,68,1,cSH,cm+M,5.34,3.19,1.38,1.79,3.18,4.16,5.30,4.29,BI,anti,.,2.44,3.65,3.57,2.84,4.08,2.26,4.62,1.86,0.00,6.10,0.29,5.99,0.19,17.45,0.32,C3'-endo
67,67,0.56,G,G,G,0,0,1,0,0,),17,1,cWW,cW-W,4.73,2.63,0.48,1.45,3.65,4.97,4.96,3.07,BI,anti,A,4.46,4.51,2.04,3.74,1.84,3.79,1.90,4.28,6.24,5.91,0.61,5.63,0.44,37.85,0.38,C3'-endo
68,68,0.57,C,C,C,0,1,0,0,0,),"16,66",2,"cWW,cHS","cW-W,cM+m",5.22,3.07,0.85,1.43,3.81,5.12,4.97,3.50,BI,anti,.,4.38,4.66,3.01,3.92,3.22,4.01,3.92,4.70,0.05,5.81,0.69,5.60,0.40,41.00,0.26,C3'-endo
69,69,0.58,G,G,G,0,0,1,0,0,(,108,1,cWW,cW-W,5.12,2.95,1.07,1.49,3.77,5.19,4.87,3.25,BI,anti,.,4.65,4.67,2.97,4.04,3.34,4.06,4.34,4.87,0.11,5.78,0.67,5.66,0.33,38.94,0.16,C3'-endo
70,70,0.59,C,C,C,0,1,0,0,0,(,107,1,cWW,cW-W,5.13,2.95,1.02,1.42,3.70,5.02,4.96,3.69,BI,anti,A,4.03,4.62,2.92,3.75,3.33,3.74,4.51,4.23,0.02,5.83,0.70,5.58,0.44,41.86,0.30,C3'-endo
71,71,0.60,C,C,C,0,1,0,0,0,(,106,1,cWW,cW-W,5.07,3.03,0.96,1.44,3.96,5.13,5.11,3.18,BI,anti,.,4.69,4.71,2.94,4.05,3.13,4.10,3.86,4.87,0.07,5.80,0.68,5.62,0.38,40.07,0.23,C3'-endo
72,72,0.61,G,G,G,0,0,1,0,0,.,105,1,tSH,tm-M,5.07,2.95,0.98,1.39,3.68,4.00,5.96,3.32,..,anti,.,4.68,4.74,2.76,2.98,3.16,2.66,4.34,2.48,0.12,5.72,0.76,5.57,0.38,44.33,0.17,C3'-endo
73,73,0.61,A,A,A,1,0,0,0,0,.,104,1,tHW,tM-W,0.98,4.46,4.58,1.65,3.70,5.76,4.22,3.22,BI,anti,.,4.57,4.57,3.87,3.48,3.42,3.87,3.03,5.14,0.21,5.81,0.54,5.85,0.14,31.03,6.21,C2'-exo
74,74,0.62,U,U,U,0,0,0,1,0,.,103,1,c.W,c.-W,4.82,3.01,0.92,1.53,3.76,5.15,4.89,3.52,BI,anti,A,4.29,4.53,2.65,4.02,3.33,4.02,4.90,4.71,0.01,5.92,0.55,5.73,0.35,33.15,0.30,C3'-endo
75,75,0.63,G,G,G,0,0,1,0,0,.,102,1,c.W,c.-W,5.19,2.90,0.83,1.33,3.97,5.04,5.21,3.76,BI,anti,.,3.63,4.70,2.83,3.87,3.16,3.91,4.13,4.62,6.18,5.89,0.70,5.50,0.56,44.65,0.45,C3'-endo
76,76,0.64,G,G,G,0,0,1,0,0,.,101,1,tWH,tW-M,4.92,2.67,1.29,1.40,3.61,5.15,4.74,3.41,BI,anti,A,4.55,4.67,2.73,3.80,3.12,3.75,4.13,4.41,0.04,5.78,0.74,5.55,0.44,43.87,0.27,C3'-endo
77,77,0.65,U,U,U,0,0,0,1,0,.,100,1,tWH,tW-M,5.16,2.94,1.00,1.42,3.71,4.80,5.19,3.39,BI,anti,.,4.57,4.68,2.98,3.55,3.30,3.58,4.34,3.87,0.12,5.75,0.72,5.62,0.35,41.67,0.16,C3'-endo
78,78,0.66,A,A,A,1,0,0,0,0,.,99,1,tHS,tM-m,5.28,2.99,0.95,1.45,3.98,5.13,5.14,3.35,BI,anti,.,4.63,4.79,3.18,4.12,3.29,4.21,3.67,5.18,0.11,5.77,0.70,5.63,0.35,40.45,0.17,C3'-endo
79,79,0.66,C,C,C,0,1,0,0,0,(,98,1,cWW,cW-W,5.24,2.85,0.91,1.49,3.71,5.10,4.89,3.61,BI,anti,.,4.24,4.66,2.82,3.96,3.31,3.98,4.67,4.23,0.13,5.76,0.69,5.65,0.32,40.00,0.14,C3'-endo
80,80,0.67,U,U,U,0,0,0,1,0,(,97,1,cWW,cW-W,5.32,2.86,1.21,1.43,3.43,4.83,4.89,3.41,BI,anti,.,4.13,4.15,3.21,3.58,3.60,3.31,4.15,3.69,6.01,6.12,0.50,5.61,0.60,38.75,0.73,C4'-exo
81,81,0.68,G,G,G,0,0,1,0,0,.,96,1,tWW,tW+W,2.94,2.52,3.12,1.39,4.20,5.72,4.76,6.24,..,syn,.,-4.71,4.72,2.78,3.97,2.64,4.25,3.17,4.55,0.12,5.71,0.78,5.54,0.39,45.72,0.18,C3'-endo
82,82,0.69,G,G,G,0,0,1,0,0,(,95,1,cWW,cW-W,4.96,3.22,0.93,1.42,3.66,4.98,4.97,3.27,BI,anti,A,4.57,4.58,2.66,3.64,3.35,3.72,4.02,4.31,0.04,5.81,0.69,5.59,0.41,41.24,0.27,C3'-endo
83,83,0.70,G,G,G,0,0,1,0,0,(,94,1,cWW,cW-W,5.11,3.18,0.82,1.53,3.63,5.10,4.82,3.34,BI,anti,.,4.53,4.58,2.92,3.83,3.11,3.81,3.89,3.99,0.11,5.79,0.66,5.67,0.32,38.28,0.16,C3'-endo
84,84,0.71,C,C,C,0,1,0,0,0,(,93,1,cWW,cW-W,4.99,2.94,1.23,1.28,3.60,4.95,4.93,3.44,BI,anti,.,4.50,4.67,2.94,3.47,3.20,3.46,3.67,3.62,6.25,5.78,0.81,5.43,0.56,49.71,0.36,C3'-endo
85,85,0.71,G,G,G,0,0,1,0,0,(,92,1,cWW,cW-W,4.96,2.94,1.28,1.36,3.59,5.04,4.83,3.36,BI,anti,A,4.51,4.55,3.00,3.64,3.17,3.58,3.51,4.07,6.18,5.89,0.70,5.51,0.56,44.56,0.45,C3'-endo
86,86,0.72,G,G,G,0,0,1,0,0,(,91,1,cWW,cW-W,4.93,3.09,1.00,1.40,3.59,4.94,4.93,3.16,BI,anti,A,4.60,4.59,2.82,3.54,3.01,3.63,3.80,4.23,6.28,5.84,0.69,5.58,0.45,41.77,0.32,C3'-endo
87,87,0.73,G,G,G,0,0,1,0,0,.,90,1,tSH,tm-M,4.89,3.37,0.94,1.54,4.17,4.52,5.93,3.41,..,anti,.,4.51,4.81,3.10,4.20,3.16,3.52,3.80,2.52,0.24,5.70,0.68,5.73,0.20,38.74,6.25,C2'-exo
88,88,0.74,C,C,C,0,1,0,0,0,.,,0,,,1.16,3.12,2.52,1.66,4.53,4.46,0.06,3.69,..,anti,.,3.51,4.71,0.71,3.68,0.96,3.81,0.54,4.58,0.28,5.75,0.57,5.86,0.09,33.31,6.12,C2'-exo
89,89A,0.75,G,G,G,0,0,1,0,0,.,,0,,,5.46,2.24,0.98,1.49,3.84,4.79,5.33,3.70,BI,anti,.,3.96,4.68,2.74,3.91,3.22,3.81,4.21,4.37,0.13,5.76,0.70,5.64,0.33,40.31,0.14,C3'-endo
90,89B,0.76,A,A,A,1,0,0,0,0,.,87,1,tHS,tM-m,5.46,2.88,0.64,1.46,3.64,6.06,3.86,4.00,..,anti,.,3.18,4.66,2.89,4.80,3.13,4.82,4.01,5.16,0.20,5.71,0.71,5.67,0.26,40.84,0.04,C3'-endo
91,90,0.76,C,C,C,0,1,0,0,0,),86,1,cWW,cW-W,3.56,2.76,2.63,1.53,3.64,5.06,4.87,3.28,BI,anti,A,4.68,4.70,3.06,3.30,3.77,3.33,4.76,3.62,0.30,5.62,0.75,5.69,0.19,42.92,6.21,C2'-exo
92,91,0.77,C,C,C,0,1,0,0,0,),85,1,cWW,cW-W,5.07,3.06,1.02,1.39,3.74,4.88,5.15,3.37,BI,anti,A,4.61,4.73,2.96,3.61,3.18,3.67,3.69,4.09,0.17,5.67,0.80,5.56,0.35,46.10,0.12,C3'-endo
93,92,0.78,G,G,G,0,0,1,0,0,),84,1,cWW,cW-W,5.24,2.94,1.00,1.48,3.63,4.83,5.09,3.25,BI,anti,A,4.69,4.69,3.03,3.57,3.26,3.56,3.91,3.67,0.21,5.70,0.72,5.67,0.26,41.04,0.03,C3'-endo
94,93,0.79,C,C,C,0,1,0,0,0,),83,1,cWW,cW-W,5.21,3.00,0.95,1.50,3.69,4.94,5.03,3.46,BI,anti,A,4.47,4.63,3.05,3.72,3.20,3.71,3.50,3.99,0.14,5.76,0.68,5.66,0.31,39.57,0.13,C3'-endo
95,94,0.80,C,C,C,0,1,0,0,0,),82,1,cWW,cW-W,5.02,3.09,0.97,1.45,3.77,5.09,4.97,3.31,BI,anti,A,4.62,4.68,2.94,3.89,3.10,3.92,3.61,4.48,0.07,5.79,0.69,5.61,0.38,40.62,0.23,C3'-endo
96,95,0.81,U,U,U,0,0,0,1,0,.,81,1,tWW,tW+W,5.20,3.05,0.81,1.34,3.97,4.85,5.41,3.46,BI,anti,A,4.35,4.71,2.91,3.67,3.17,3.69,4.00,4.12,0.05,5.76,0.77,5.52,0.45,45.94,0.26,C3'-endo
97,96,0.82,G,G,G,0,0,1,0,0,),80,1,cWW,cW-W,4.85,2.81,1.11,1.39,3.61,5.12,4.77,3.29,BI,anti,A,4.68,4.70,2.60,3.78,2.82,3.76,3.52,4.11,0.15,5.67,0.81,5.54,0.37,46.86,0.14,C3'-endo
98,97,0.82,G,G,G,0,0,1,0,0,),79,1,cWW,cW-W,5.20,3.07,1.05,1.42,3.92,5.11,5.09,3.22,BI,anti,.,4.65,4.68,3.18,4.02,3.41,4.12,4.05,4.94,0.05,5.79,0.71,5.58,0.41,42.21,0.25,C3'-endo
99,98,0.83,G,G,G,0,0,1,0,0,.,78,1,tSH,tm-M,5.30,2.95,0.87,1.50,3.26,4.94,4.60,3.27,BI,anti,.,4.23,4.25,2.90,2.96,3.37,2.66,4.58,2.52,0.03,5.88,0.60,5.69,0.36,35.58,0.28,C3'-endo
100,99,0.84,A,A,A,1,0,0,0,0,.,"0,77",2,"tSS,tHW","tm+m,tM-W",4.08,1.56,2.90,1.68,4.02,5.13,5.17,3.06,BI,anti,.,4.67,4.69,3.53,3.16,3.07,3.49,2.77,4.33,0.30,5.72,0.60,5.84,0.09,34.78,6.11,C2'-exo
101,100,0.85,G,G,G,0,0,1,0,0,.,76,1,tHW,tM-W,5.20,2.93,0.86,1.43,3.91,5.10,5.09,3.17,BI,anti,.,4.71,4.71,2.82,4.01,3.25,4.09,4.33,5.06,0.04,5.80,0.71,5.58,0.42,42.37,0.27,C3'-endo
102,101,0.86,A,A,A,1,0,0,0,0,.,75,1,cW.,cW-.,5.11,2.86,1.01,1.51,3.95,5.06,5.17,3.34,BI,anti,A,4.65,4.78,2.88,4.04,3.28,4.01,4.64,4.63,0.23,5.70,0.69,5.71,0.23,39.73,6.28,C2'-exo
103,102,0.87,G,G,G,0,0,1,0,0,.,74,1,cW.,cW-.,4.93,2.90,1.04,1.42,3.69,5.07,4.90,3.24,BI,anti,A,4.72,4.74,2.66,3.79,3.04,3.79,4.15,4.12,0.29,5.57,0.84,5.59,0.26,48.25,6.27,C2'-exo
104,103,0.87,U,U,U,0,0,0,1,0,.,73,1,tWH,tW-M,5.03,3.23,1.04,1.44,3.70,4.97,5.02,3.63,BI,anti,A,4.20,4.69,3.06,3.70,3.25,3.74,3.82,4.10,0.11,5.75,0.73,5.60,0.36,42.51,0.18,C3'-endo
105,104,0.88,A,A,A,1,0,0,0,0,.,72,1,tHS,tM-m,5.14,3.04,0.92,1.44,3.98,5.34,4.93,3.39,BI,anti,.,4.51,4.71,3.00,4.28,3.18,4.41,3.70,5.05,0.06,5.80,0.70,5.60,0.40,41.50,0.24,C3'-endo
106,105,0.89,G,G,G,0,0,1,0,0,),71,1,cWW,cW-W,5.13,2.81,1.23,1.39,3.62,4.80,5.11,3.17,BI,anti,A,4.71,4.70,2.91,3.47,3.52,3.47,4.71,3.80,0.10,5.75,0.74,5.58,0.39,43.33,0.20,C3'-endo
107,106,0.90,G,G,G,0,0,1,0,0,),"14,70",2,"tSW,cWW","tm+W,cW-W",5.37,3.05,0.82,1.52,3.77,5.01,5.04,3.26,BI,anti,A,4.67,4.70,3.17,3.89,3.28,3.92,3.75,4.14,0.20,5.72,0.69,5.70,0.25,39.34,0.03,C3'-endo
108,107,0.91,U,U,U,0,0,0,1,0,),69,1,cWW,cW-W,5.30,2.99,0.90,1.39,3.47,4.89,4.86,3.35,BI,anti,.,4.39,4.41,2.99,3.83,3.28,3.87,3.79,4.22,6.16,5.94,0.66,5.54,0.55,42.66,0.49,C3'-endo
109,108,0.92,C,C,C,0,1,0,0,0,.,,0,,,3.34,3.36,3.15,1.75,4.76,1.67,3.09,3.57,..,anti,.,3.18,3.91,3.94,0.74,3.94,0.95,4.26,1.32,6.25,6.11,0.30,5.95,0.23,18.98,0.42,C3'-endo
110,109,0.92,G,G,G,0,0,1,0,0,),11,1,cWW,cW-W,3.17,2.92,2.90,1.47,3.60,5.17,4.71,3.48,BI,anti,A,4.47,4.64,3.85,3.25,3.88,3.31,3.93,3.64,0.12,5.75,0.71,5.63,0.34,41.10,0.15,C3'-endo
111,110,0.93,G,G,G,0,0,1,0,0,),10,1,cWW,cW-W,4.97,2.96,1.15,1.36,3.55,5.35,4.48,3.37,BI,anti,.,4.52,4.57,2.86,3.92,3.15,3.94,3.73,4.81,6.21,5.86,0.73,5.49,0.54,45.57,0.41,C3'-endo
112,111,0.94,U,U,U,0,0,0,1,0,),9,1,cWW,cW-W,4.80,3.26,1.12,1.47,3.37,4.81,4.84,3.61,BI,anti,.,4.09,4.29,2.87,3.37,3.28,3.35,4.46,3.45,6.14,5.99,0.59,5.59,0.53,39.38,0.53,C3'-endo
113,112,0.95,G,G,G,0,0,1,0,0,),8,1,cWW,cW-W,5.02,3.18,0.96,1.47,3.67,4.88,5.07,3.50,BI,anti,A,4.30,4.49,3.01,3.62,3.04,3.64,3.22,4.12,6.23,5.92,0.61,5.63,0.45,37.71,0.40,C3'-endo
114,113,0.96,C,C,C,0,1,0,0,0,),7,1,cWW,cW-W,5.01,2.91,1.02,1.45,3.67,5.00,4.95,3.69,BI,anti,A,4.04,4.61,2.82,3.76,3.04,3.74,3.73,4.20,0.02,5.82,0.69,5.59,0.43,41.30,0.29,C3'-endo
115,114,0.97,G,G,G,0,0,1,0,0,),6,1,cWW,cW-W,4.99,2.94,1.12,1.44,3.61,4.99,4.90,3.41,BI,anti,A,4.54,4.63,2.85,3.70,3.14,3.68,3.91,4.24,0.09,5.76,0.73,5.59,0.39,42.85,0.21,C3'-endo
116,115,0.97,G,G,G,0,0,1,0,0,),5,1,cWW,cW-W,5.10,3.04,0.95,1.47,3.82,4.83,5.27,3.28,BI,anti,A,4.70,4.75,2.98,3.69,3.18,3.72,4.03,3.88,0.21,5.68,0.74,5.65,0.27,42.29,0.04,C3'-endo
117,116,0.98,G,G,G,0,0,1,0,0,),4,1,cWW,cW-W,5.10,2.94,1.04,1.51,3.66,5.10,4.85,3.41,BI,anti,A,4.47,4.55,2.94,3.88,3.15,3.82,3.54,4.26,0.06,5.84,0.64,5.66,0.35,37.60,0.23,C3'-endo
118,117,0.99,G,G,G,0,0,1,0,0,),3,1,cWW,cW-W,4.92,3.09,0.96,1.36,3.70,4.85,5.13,3.39,BI,anti,A,4.59,4.71,2.77,3.53,3.02,3.59,3.80,3.85,0.04,5.78,0.74,5.54,0.45,44.09,0.28,C3'-endo
119,118,1.00,G,G,G,0,0,1,0,0,),2,1,cWW,cW-W,5.18,3.12,0.91,1.54,,,,3.44,n/a,anti,-,,,,,,,,,6.25,5.96,0.52,5.73,0.37,32.03,0.37,C3'-endo
