index_chain,old_nt_resnum,nt_position,nt_name,nt_code,nt_align_code,is_A,is_C,is_G,is_U,is_other,dbn,paired,nb_interact,pair_type_LW,pair_type_DSSR,alpha,beta,gamma,delta,epsilon,zeta,epsilon_zeta,chi,bb_type,glyco_bond,form,ssZp,Dp,eta,theta,eta_prime,theta_prime,eta_base,theta_base,v0,v1,v2,v3,v4,amplitude,phase_angle,puckering
1,1,0.01,G,G,G,0,0,1,0,0,(,72,1,cWW,cW-W,,,0.94,1.50,3.30,4.67,4.92,3.46,BI,anti,A,4.31,4.55,,,,,,,6.23,5.85,0.70,5.52,0.51,43.54,0.39,C3'-endo
2,2,0.03,C,C,C,0,1,0,0,0,(,71,1,cWW,cW-W,2.74,3.71,3.02,1.39,4.03,5.07,5.24,3.06,BI,anti,A,4.69,4.68,2.96,3.60,3.16,3.60,4.08,4.08,0.31,5.68,0.68,5.76,0.12,39.09,6.16,C2'-exo
3,3,0.04,C,C,C,0,1,0,0,0,(,70,1,cWW,cW-W,5.15,3.28,0.72,1.41,3.28,4.97,4.59,3.46,BI,anti,A,4.44,4.45,2.77,3.96,3.02,3.87,3.82,4.33,0.31,5.62,0.72,5.68,0.18,41.65,6.20,C2'-exo
4,4,0.05,C,C,C,0,1,0,0,0,(,69,1,cWW,cW-W,2.76,3.46,3.01,1.50,4.21,4.95,5.54,3.00,..,anti,A,5.11,4.85,2.85,3.66,3.12,3.67,3.95,4.04,0.44,5.59,0.74,5.80,0.02,43.83,6.01,C2'-exo
5,5,0.07,G,G,G,0,0,1,0,0,(,68,1,cWW,cW-W,5.08,2.95,0.86,1.25,3.65,4.86,5.06,3.38,BI,anti,.,5.00,4.67,2.67,3.63,2.95,3.73,3.70,4.25,0.18,5.65,0.83,5.55,0.34,48.02,0.10,C3'-endo
6,6,0.08,G,G,G,0,0,1,0,0,(,67,1,cWW,cW-W,5.54,2.68,1.21,1.33,3.53,5.23,4.58,3.13,BI,anti,A,4.46,4.59,3.19,3.81,3.50,3.88,4.27,4.07,0.28,5.67,0.70,5.74,0.18,40.45,6.21,C2'-exo
7,7,0.09,A,A,A,1,0,0,0,0,(,66,1,cWW,cW-W,5.21,3.50,1.04,2.43,4.54,5.33,5.49,4.34,..,anti,.,0.39,1.83,3.71,5.57,4.02,5.28,4.22,5.81,6.15,0.42,5.74,0.48,6.07,31.07,3.22,C3'-exo
8,8,0.11,U,U,U,0,0,0,1,0,.,"14,21",2,"tWH,tSW","tW-M,tm+W",5.01,3.78,0.90,1.38,3.42,4.63,5.08,3.93,BI,anti,.,3.32,4.39,2.97,2.81,3.65,3.29,3.82,3.10,0.11,5.78,0.68,5.66,0.34,39.44,0.17,C3'-endo
9,9,0.12,A,A,A,1,0,0,0,0,.,23,1,tHH,tM+M,5.06,3.99,0.92,2.51,4.41,4.79,5.90,5.10,..,anti,.,1.54,1.49,3.83,5.51,3.57,4.49,3.03,4.59,5.86,0.69,5.61,0.44,6.24,40.32,2.85,C2'-endo
10,10,0.13,G,G,G,0,0,1,0,0,(,"25,44,45",3,"cWW,cHW,cHW","cW-W,cM+W,cM+W",3.19,2.97,1.05,1.37,3.51,5.23,4.57,3.31,BI,anti,A,4.65,4.55,0.73,3.85,1.67,3.91,2.32,4.73,0.10,5.80,0.66,5.64,0.37,38.55,0.21,C3'-endo
11,11,0.14,C,C,C,0,1,0,0,0,(,24,1,cWW,cW-W,4.94,3.16,0.98,1.42,3.84,4.92,5.21,3.47,BI,anti,.,3.89,4.83,2.92,3.86,3.22,3.97,4.30,4.64,0.19,5.73,0.67,5.71,0.24,38.30,0.03,C3'-endo
12,12,0.16,U,U,U,0,0,0,1,0,(,23,1,cWW,cW-W,5.17,2.80,1.01,1.44,3.63,5.00,4.91,3.54,BI,anti,A,4.12,4.18,2.89,4.25,3.28,3.93,4.21,4.25,0.16,5.86,0.56,5.81,0.17,32.08,0.03,C3'-endo
13,13,0.17,C,C,C,0,1,0,0,0,(,22,1,cWW,cW-W,2.64,3.21,3.01,1.46,3.28,5.59,3.97,3.31,BI,anti,.,4.80,4.57,2.80,3.18,3.02,3.06,3.73,2.90,0.29,5.70,0.63,5.79,0.14,36.49,6.16,C2'-exo
14,14,0.18,A,A,A,1,0,0,0,0,.,"8,21",2,"tHW,tWS","tM-W,tW-m",3.80,2.13,2.95,1.52,4.00,5.49,4.79,2.64,..,anti,.,3.96,4.38,3.54,3.76,3.45,3.98,3.41,5.31,6.23,5.99,0.49,5.77,0.36,30.55,0.39,C3'-endo
15,15,0.20,G,G,G,0,0,1,0,0,.,"16,48",2,"cSW,tWW","cm-W,tW+W",4.21,3.61,1.00,1.32,1.82,0.79,1.03,3.69,..,anti,.,3.58,3.95,2.53,3.60,3.25,3.20,4.88,2.28,0.23,5.64,0.82,5.60,0.32,47.11,0.05,C3'-endo
16,16,0.21,U,U,U,0,0,0,1,0,.,15,1,cWS,cW-m,2.80,1.50,2.53,2.55,4.45,5.91,4.83,0.96,..,syn,.,-0.51,0.68,3.62,5.18,3.08,4.87,2.28,5.70,6.04,0.52,5.68,0.43,6.16,34.73,3.03,C2'-endo
17,17,0.22,C,C,C,0,1,0,0,0,.,0,1,cWS,cW-m,2.03,1.81,0.45,1.57,4.58,5.46,5.40,5.77,..,...,.,2.89,2.46,4.81,5.91,5.88,4.87,4.84,4.17,0.34,5.55,0.79,5.69,0.16,45.72,6.16,C2'-exo
18,18,0.24,G,G,G,0,0,1,0,0,.,,0,,,2.55,2.76,0.94,2.48,4.39,3.35,1.03,5.07,BII,anti,.,0.69,1.59,6.20,3.19,1.01,3.14,1.64,3.83,5.84,0.72,5.62,0.43,6.28,40.59,2.80,C2'-endo
19,19,0.25,G,G,G,0,0,1,0,0,.,0,1,tWH,tW-M,4.57,2.91,2.55,2.41,4.18,4.78,5.68,5.15,..,anti,.,2.12,2.03,5.31,4.74,4.96,4.81,4.92,5.67,5.68,0.81,5.54,0.40,0.13,47.65,2.68,C2'-endo
20,20,0.26,U,U,U,0,0,0,1,0,.,,0,,,3.37,4.46,1.63,1.18,3.60,4.91,4.96,4.96,BI,anti,.,-1.22,4.71,2.44,4.37,3.30,4.01,3.53,3.69,0.10,5.73,0.83,5.52,0.41,48.70,0.20,C3'-endo
21,21,0.28,A,A,A,1,0,0,0,0,.,"8,14",2,"tWS,tSW","tW+m,tm-W",2.02,3.79,5.11,1.58,3.04,4.88,4.44,3.50,BI,anti,.,3.95,4.50,4.85,2.68,4.89,2.72,4.80,2.69,0.22,5.67,0.73,5.68,0.25,41.91,0.00,C3'-endo
22,22,0.29,G,G,G,0,0,1,0,0,),"13,46",2,"cWW,tHW","cW-W,tM-W",2.79,3.30,3.04,1.35,3.61,4.90,5.00,3.18,BI,anti,A,4.49,4.59,3.00,3.41,2.98,3.45,2.95,3.74,0.24,5.67,0.80,5.60,0.28,45.67,0.05,C3'-endo
23,23,0.30,A,A,A,1,0,0,0,0,),"9,12",2,"tHH,cWW","tM+M,cW-W",2.97,3.31,2.94,1.54,3.95,5.06,5.17,3.60,BI,anti,A,4.33,4.93,3.01,3.64,3.27,3.65,3.75,4.19,0.36,5.55,0.81,5.71,0.13,47.13,6.13,C2'-exo
24,24,0.32,G,G,G,0,0,1,0,0,),11,1,cWW,cW-W,4.91,3.12,0.76,1.43,3.59,5.14,4.74,3.45,BI,anti,.,5.00,4.72,2.64,3.81,2.92,3.84,3.78,4.53,0.17,5.65,0.85,5.59,0.34,48.91,0.09,C3'-endo
25,25,0.33,C,C,C,0,1,0,0,0,),"10,44",2,"cWW,...","cW-W,....",5.19,3.03,0.90,1.40,3.49,5.01,4.77,3.33,BI,anti,A,4.84,4.67,3.02,3.59,3.28,3.64,4.30,3.93,0.20,5.65,0.77,5.59,0.32,44.07,0.08,C3'-endo
26,26,0.34,A,A,A,1,0,0,0,0,.,43,1,tH.,tM-.,4.97,3.07,1.06,1.40,3.69,5.42,4.55,3.37,BI,anti,.,4.46,4.73,2.95,4.05,3.16,4.01,3.68,4.66,0.25,5.65,0.75,5.69,0.24,42.84,6.26,C2'-exo
27,27,0.36,G,G,G,0,0,1,0,0,(,43,1,cWW,cW-W,4.94,3.43,0.86,1.50,3.74,4.93,5.09,3.50,BI,anti,A,4.67,4.70,2.92,3.66,3.19,3.79,4.23,4.49,0.15,5.74,0.72,5.64,0.32,41.46,0.12,C3'-endo
28,28,0.37,G,G,G,0,0,1,0,0,(,42,1,cWW,cW-W,5.27,2.83,0.91,1.51,3.47,5.21,4.54,3.45,BI,anti,A,4.47,4.65,2.91,4.02,3.26,3.98,4.21,4.66,0.11,5.76,0.69,5.63,0.34,40.37,0.17,C3'-endo
29,29,0.38,G,G,G,0,0,1,0,0,(,41,1,cWW,cW-W,4.76,3.40,0.82,1.38,3.53,5.09,4.72,3.49,BI,anti,A,4.69,4.74,2.76,3.66,3.00,3.72,4.07,3.99,0.13,5.65,0.82,5.52,0.43,47.90,0.17,C3'-endo
30,30,0.39,G,G,G,0,0,1,0,0,(,40,1,cWW,cW-W,5.14,3.15,0.82,1.29,3.32,5.10,4.50,3.46,BI,anti,.,4.72,4.49,2.83,3.39,3.04,3.44,3.61,3.67,0.17,5.72,0.74,5.62,0.31,42.81,0.10,C3'-endo
31,31,0.41,A,A,A,1,0,0,0,0,.,39,1,tWW,tW+W,5.12,3.34,0.72,1.47,3.66,5.26,4.68,3.53,BI,anti,.,4.70,4.63,2.93,4.79,2.89,4.94,3.22,5.88,0.16,5.60,0.84,5.51,0.38,48.38,0.12,C3'-endo
32,32,0.42,U,U,U,0,0,0,1,0,.,,0,,,3.04,4.23,2.92,1.77,5.06,5.60,5.74,4.09,..,anti,.,1.59,1.69,3.76,4.64,4.29,4.48,5.50,4.92,5.63,0.57,6.00,6.18,0.47,37.12,2.03,C1'-exo
33,33,0.43,U,U,U,0,0,0,1,0,.,,0,,,4.67,1.26,3.24,1.21,5.03,3.92,1.11,4.30,..,anti,.,0.78,4.16,3.15,3.22,3.46,2.81,3.89,2.48,6.01,6.05,0.56,5.53,0.62,41.56,0.68,C4'-exo
34,34,0.45,G,G,G,0,0,1,0,0,.,,0,,,2.12,3.47,0.93,1.43,4.34,3.83,0.50,3.38,..,anti,.,2.45,4.01,6.16,2.97,0.45,3.43,0.54,3.83,5.74,0.12,0.34,5.61,0.82,44.70,1.12,C4'-exo
35,35,0.46,A,A,A,1,0,0,0,0,.,,0,,,4.86,2.96,0.72,1.39,4.30,5.26,5.33,3.47,..,anti,.,3.83,4.59,2.95,4.45,2.72,4.51,2.93,5.50,0.50,5.50,0.82,5.72,0.01,48.79,6.01,C2'-exo
36,36,0.47,A,A,A,1,0,0,0,0,.,,0,,,5.10,2.91,0.92,1.49,3.11,0.48,2.64,3.50,..,anti,.,4.22,4.49,2.58,4.73,3.21,4.44,4.73,4.80,0.17,5.69,0.73,5.63,0.30,41.81,0.08,C3'-endo
37,37,0.49,A,A,A,1,0,0,0,0,.,,0,,,3.57,2.05,2.71,1.44,3.80,5.23,4.85,3.05,BI,anti,.,4.48,4.37,3.22,3.26,3.60,3.53,4.50,4.78,6.22,5.95,0.59,5.64,0.46,37.11,0.43,C3'-endo
38,38,0.50,A,A,A,1,0,0,0,0,.,,0,,,4.82,2.98,0.99,1.20,2.77,1.20,1.57,3.41,..,anti,.,4.00,4.47,2.54,4.79,3.12,4.29,4.74,5.16,0.35,5.50,0.90,5.58,0.22,51.82,6.20,C2'-exo
39,39,0.51,U,U,U,0,0,0,1,0,.,31,1,tWW,tW+W,5.16,4.91,4.65,1.63,3.85,5.08,5.06,0.75,..,syn,.,-4.47,4.34,2.80,3.53,3.03,3.84,4.44,4.27,0.03,5.98,0.44,5.82,0.27,26.04,0.29,C3'-endo
40,40,0.53,C,C,C,0,1,0,0,0,),30,1,cWW,cW-W,0.77,2.88,5.12,1.72,3.46,4.97,4.77,3.43,BI,anti,A,4.43,4.57,2.60,3.75,3.17,3.73,3.84,4.01,0.46,5.59,0.65,5.90,6.26,40.09,5.91,C2'-exo
41,41,0.54,C,C,C,0,1,0,0,0,),29,1,cWW,cW-W,2.89,3.44,2.92,1.49,4.27,4.81,5.74,3.28,..,anti,A,4.50,4.79,3.07,3.54,3.29,3.65,3.75,4.21,0.23,5.73,0.65,5.75,0.19,36.98,6.26,C2'-exo
42,42,0.55,C,C,C,0,1,0,0,0,),28,1,cWW,cW-W,5.07,2.82,0.93,1.51,4.21,3.74,0.47,3.40,..,anti,.,4.57,4.62,2.88,3.68,3.16,3.64,3.90,3.69,0.09,5.79,0.68,5.64,0.36,39.78,0.20,C3'-endo
43,43,0.57,C,C,C,0,1,0,0,0,),"26,27",2,"t.H,cWW","t.-M,cW-W",1.65,4.74,3.25,1.46,4.13,4.86,5.56,3.10,..,anti,A,4.69,4.61,3.23,3.38,3.31,3.43,3.54,4.05,0.20,5.71,0.70,5.69,0.25,39.90,0.03,C3'-endo
44,44,0.58,G,G,G,0,0,1,0,0,.,"10,25",2,"cWH,...","cW+M,....",5.35,2.83,0.71,1.55,4.89,4.08,0.81,3.26,..,anti,.,4.03,4.73,3.17,3.78,3.43,3.79,4.24,3.63,0.06,5.85,0.66,5.67,0.34,38.52,0.23,C3'-endo
45,45,0.59,U,U,U,0,0,0,1,0,.,10,1,cWH,cW+M,5.33,2.19,0.98,1.29,4.38,4.77,5.90,3.83,..,anti,.,3.08,4.21,2.95,4.05,3.12,4.29,3.07,4.86,6.10,6.02,0.55,5.61,0.55,38.00,0.60,C3'-endo
46,46,0.61,G,G,G,0,0,1,0,0,.,22,1,tWH,tW-M,5.78,3.20,0.93,2.51,4.46,4.50,6.25,4.98,..,anti,.,0.78,1.70,3.68,5.02,4.22,4.00,4.45,4.39,6.24,0.34,5.82,0.43,6.04,27.23,3.34,C3'-exo
47,47,0.62,U,U,U,0,0,0,1,0,.,,0,,,3.54,3.02,5.26,1.37,3.20,1.01,2.19,5.64,..,...,.,3.71,3.25,5.78,5.31,6.28,4.76,5.96,3.49,0.38,5.48,0.84,5.65,0.17,48.62,6.13,C2'-exo
48,48,0.63,C,C,C,0,1,0,0,0,.,15,1,tWW,tW+W,0.79,2.87,0.82,2.33,3.65,1.83,1.81,4.03,..,anti,.,2.27,2.17,5.03,1.76,0.01,1.33,1.48,4.19,5.95,0.58,5.69,0.42,6.22,34.83,2.91,C2'-endo
49,49,0.64,C,C,C,0,1,0,0,0,(,65,1,cWW,cW-W,0.83,2.63,0.87,1.43,3.60,5.06,4.82,3.56,BI,anti,A,4.53,4.65,5.09,4.07,5.19,4.08,2.52,4.50,0.30,5.67,0.65,5.75,0.17,37.39,6.18,C2'-exo
50,50,0.66,U,U,U,0,0,0,1,0,(,64,1,cWW,cW-W,5.12,3.25,0.84,1.48,3.32,5.11,4.49,3.47,BI,anti,.,4.32,4.36,2.88,4.11,3.20,3.89,3.99,4.08,0.18,5.80,0.58,5.79,0.19,33.26,0.01,C3'-endo
51,51,0.67,U,U,U,0,0,0,1,0,(,63,1,cWW,cW-W,2.60,3.43,3.11,1.49,4.37,5.78,4.87,3.22,..,anti,.,4.45,4.79,3.04,4.01,3.21,3.87,3.75,4.61,0.10,5.80,0.69,5.67,0.34,40.14,0.17,C3'-endo
52,52,0.68,G,G,G,0,0,1,0,0,(,62,1,cWW,cW-W,4.12,1.47,2.61,1.60,4.06,5.03,5.31,3.16,..,anti,A,4.61,4.71,2.82,3.10,3.12,3.24,4.19,3.37,0.46,5.61,0.59,5.92,6.22,37.25,5.86,C2'-exo
53,53,0.70,G,G,G,0,0,1,0,0,(,61,1,cWW,cW-W,5.01,2.91,1.11,1.40,3.51,5.05,4.75,3.30,BI,anti,A,4.51,4.62,2.68,3.65,3.00,3.58,3.39,3.90,0.14,5.68,0.75,5.62,0.36,43.06,0.13,C3'-endo
54,54,0.71,U,U,U,0,0,0,1,0,.,"58,61",2,"tWH,cWW","tW-M,cW-W",5.19,3.27,0.83,1.45,4.24,5.08,5.45,3.66,..,anti,.,4.11,4.78,3.19,4.42,3.27,4.61,3.73,5.75,0.15,5.74,0.66,5.68,0.31,37.77,0.11,C3'-endo
55,55,0.72,U,U,U,0,0,0,1,0,.,,0,,,5.42,2.50,1.07,1.13,3.49,5.57,4.20,0.56,BI,syn,.,-4.09,4.47,2.72,3.87,3.33,3.04,4.82,1.26,6.16,5.89,0.72,5.47,0.60,46.51,0.47,C3'-endo
56,56,0.74,C,C,C,0,1,0,0,0,.,0,1,cHW,cM+W,3.35,1.82,0.68,1.39,4.51,5.38,5.42,1.49,..,syn,.,-0.07,4.28,0.36,4.45,0.60,3.94,0.97,3.45,0.06,5.88,0.57,5.74,0.29,33.12,0.21,C3'-endo
57,57,0.75,G,G,G,0,0,1,0,0,.,,0,,,5.53,5.28,5.06,1.28,3.98,5.81,4.45,3.13,..,anti,.,4.96,4.70,2.86,3.30,2.78,3.79,2.29,4.64,0.19,5.62,0.84,5.59,0.34,48.31,0.07,C3'-endo
58,58,0.76,A,A,A,1,0,0,0,0,.,54,1,tHW,tM-W,5.21,3.81,1.05,2.47,4.09,3.46,0.63,4.48,..,anti,.,2.01,1.94,3.60,3.84,4.36,3.21,5.30,2.79,5.99,0.53,5.71,0.41,6.21,33.67,2.95,C2'-endo
59,59,0.78,U,U,U,0,0,0,1,0,.,,0,,,2.37,3.32,1.03,1.31,4.42,5.51,5.19,3.37,..,anti,.,4.61,4.60,0.89,4.67,0.90,4.96,1.03,5.72,6.13,5.97,0.65,5.54,0.54,42.55,0.52,C3'-endo
60,60,0.79,U,U,U,0,0,0,1,0,.,,0,,,5.39,2.62,1.49,1.95,4.66,5.45,5.49,3.57,..,anti,.,-0.61,1.48,3.60,5.57,4.29,5.22,5.26,5.50,5.52,0.70,5.89,6.24,0.52,44.22,2.11,C1'-exo
61,61,0.80,C,C,C,0,1,0,0,0,),"53,54",2,"cWW,cWW","cW-W,cW-W",3.81,3.76,0.83,1.33,3.87,4.66,5.50,3.62,BI,anti,A,4.23,4.71,1.55,3.44,2.29,3.65,2.88,4.23,6.26,5.85,0.66,5.59,0.45,40.41,0.35,C3'-endo
62,62,0.82,C,C,C,0,1,0,0,0,),52,1,cWW,cW-W,5.26,2.78,0.94,1.42,3.34,4.80,4.82,3.62,BI,anti,.,4.31,4.39,2.97,3.35,3.27,3.23,3.92,3.54,0.09,5.83,0.62,5.69,0.30,35.89,0.19,C3'-endo
63,63,0.83,G,G,G,0,0,1,0,0,),51,1,cWW,cW-W,5.20,3.05,0.84,1.54,4.09,4.89,5.49,,..,anti,.,4.59,4.63,3.16,4.01,3.08,4.17,3.44,4.77,0.06,5.88,0.55,5.75,0.32,32.22,0.23,C3'-endo
64,64,0.84,A,A,A,1,0,0,0,0,),50,1,cWW,cW-W,5.24,2.72,1.13,1.42,3.69,5.00,4.97,3.48,BI,anti,A,4.39,4.68,2.89,3.79,3.41,3.78,4.39,4.12,0.33,5.62,0.75,5.74,0.15,43.52,6.15,C2'-exo
65,65,0.86,G,G,G,0,0,1,0,0,),49,1,cWW,cW-W,5.01,3.19,1.00,1.49,3.72,4.89,5.12,3.60,BI,anti,A,4.28,4.56,3.02,3.88,3.23,3.87,3.81,4.56,0.16,5.79,0.66,5.71,0.25,37.91,0.09,C3'-endo
66,66,0.87,U,U,U,0,0,0,1,0,),7,1,cWW,cW-W,5.22,2.88,0.90,1.46,3.71,4.84,5.16,3.74,BI,anti,A,3.97,4.58,2.79,3.65,3.06,3.60,4.06,3.89,0.20,5.65,0.83,5.59,0.34,47.89,0.08,C3'-endo
67,67,0.88,C,C,C,0,1,0,0,0,),6,1,cWW,cW-W,5.15,2.91,0.88,1.34,3.49,5.16,4.61,3.49,BI,anti,A,4.43,4.72,2.79,3.70,2.97,3.69,3.54,4.10,0.29,5.57,0.86,5.56,0.28,49.28,0.00,C3'-endo
68,68,0.89,C,C,C,0,1,0,0,0,),5,1,cWW,cW-W,5.11,3.30,0.74,1.38,3.48,4.98,4.79,3.32,BI,anti,A,4.71,4.69,3.01,3.50,3.15,3.60,3.83,4.02,0.19,5.61,0.85,5.51,0.38,49.08,0.11,C3'-endo
69,69,0.91,G,G,G,0,0,1,0,0,),4,1,cWW,cW-W,5.38,2.87,0.84,1.47,3.32,5.00,4.60,3.39,BI,anti,A,4.44,4.53,3.10,3.93,3.36,3.74,3.96,4.19,0.35,5.59,0.76,5.72,0.13,43.79,6.13,C2'-exo
70,70,0.92,G,G,G,0,0,1,0,0,),3,1,cWW,cW-W,2.69,3.22,3.03,6.26,2.09,1.55,0.55,3.17,..,anti,A,4.58,4.75,2.66,3.57,2.91,3.64,3.77,4.07,0.50,5.84,0.21,0.06,5.93,27.98,5.16,C1'-endo
71,71,0.93,G,G,G,0,0,1,0,0,),2,1,cWW,cW-W,4.42,2.91,1.05,1.54,3.67,5.13,4.82,3.30,BI,anti,A,4.54,4.67,2.98,4.08,3.21,3.98,3.85,4.55,0.09,5.80,0.65,5.71,0.31,37.83,0.16,C3'-endo
72,72,0.95,C,C,C,0,1,0,0,0,),1,1,cWW,cW-W,4.89,3.13,0.98,1.45,3.56,5.11,4.73,3.54,BI,anti,.,4.42,4.56,2.76,3.64,3.12,3.60,4.14,3.68,0.30,5.61,0.80,5.68,0.22,46.08,6.22,C2'-exo
73,73,0.96,A,A,A,1,0,0,0,0,.,,0,,,4.91,3.43,0.88,1.32,4.26,5.19,5.36,3.41,..,anti,.,3.99,4.66,3.06,4.30,3.10,4.60,3.28,6.01,6.17,5.91,0.71,5.53,0.55,44.93,0.45,C3'-endo
74,74,0.97,C,C,C,0,1,0,0,0,.,,0,,,5.37,2.54,1.40,2.45,4.52,1.14,3.38,0.90,..,syn,.,-0.66,0.97,3.33,1.66,4.18,1.46,5.49,1.96,5.75,0.79,5.49,0.50,0.03,48.01,2.80,C2'-endo
75,75,0.99,C,C,C,0,1,0,0,0,.,,0,,,2.88,4.08,1.70,1.48,3.43,2.74,0.69,5.03,..,anti,.,-0.62,4.46,2.69,2.17,2.75,2.71,3.40,3.54,0.36,5.67,0.66,5.80,0.07,38.68,6.08,C2'-exo
76,76,1.00,A,A,A,1,0,0,0,0,.,0,1,cSW,cm-W,0.40,2.14,1.38,2.54,,,,4.66,n/a,anti,-,,,,,,,,,6.06,0.57,5.60,0.57,6.07,39.36,3.14,C2'-endo
