index_chain,old_nt_resnum,nt_position,nt_name,nt_code,nt_align_code,is_A,is_C,is_G,is_U,is_other,dbn,paired,nb_interact,pair_type_LW,pair_type_DSSR,alpha,beta,gamma,delta,epsilon,zeta,epsilon_zeta,chi,bb_type,glyco_bond,form,ssZp,Dp,eta,theta,eta_prime,theta_prime,eta_base,theta_base,v0,v1,v2,v3,v4,amplitude,phase_angle,puckering
1,2,0.01,G,G,G,0,0,1,0,0,(,117,1,cWW,cW-W,,2.80,0.91,1.46,3.60,4.99,4.89,3.40,BI,anti,A,4.78,4.65,,3.81,,3.81,,4.11,0.16,5.74,0.66,5.67,0.30,38.05,0.10,C3'-endo
2,3,0.02,C,C,C,0,1,0,0,0,(,"116,117",2,"cWW,cWW","cW-W,cW-W",5.16,3.14,0.86,1.49,3.70,5.21,4.77,3.40,BI,anti,.,4.35,4.63,3.01,4.05,3.19,4.14,3.78,4.81,0.10,5.79,0.66,5.65,0.32,38.57,0.17,C3'-endo
3,4,0.03,C,C,C,0,1,0,0,0,(,115,1,cWW,cW-W,5.06,3.25,0.83,1.48,3.46,5.06,4.68,3.46,BI,anti,A,4.04,4.48,2.87,3.71,3.19,3.73,4.18,4.09,0.18,5.67,0.79,5.59,0.34,45.29,0.10,C3'-endo
4,5,0.03,U,U,U,0,0,0,1,0,(,114,1,cWW,cW-W,5.00,3.20,1.01,1.42,3.46,4.95,4.79,3.47,BI,anti,A,3.90,4.56,2.93,3.55,3.15,3.47,3.78,3.76,0.21,5.67,0.78,5.62,0.29,44.92,0.05,C3'-endo
5,6,0.04,G,G,G,0,0,1,0,0,(,113,1,cWW,cW-W,5.23,3.04,0.79,1.41,3.53,5.03,4.77,3.43,BI,anti,A,4.42,4.70,2.92,3.72,3.03,3.78,3.57,4.34,0.17,5.64,0.83,5.54,0.36,48.11,0.11,C3'-endo
6,7,0.05,G,G,G,0,0,1,0,0,(,112,1,cWW,cW-W,5.25,3.20,0.75,1.40,3.56,5.09,4.76,3.45,BI,anti,A,4.10,4.66,2.97,3.74,3.20,3.76,4.00,4.03,0.17,5.66,0.83,5.51,0.35,48.11,0.13,C3'-endo
7,8,0.06,C,C,C,0,1,0,0,0,(,111,1,cWW,cW-W,5.09,3.24,0.89,1.41,3.45,5.86,3.88,3.64,BI,anti,.,4.17,4.43,2.96,4.09,3.12,3.85,3.58,4.16,0.07,5.79,0.66,5.62,0.37,38.86,0.23,C3'-endo
8,9,0.07,G,G,G,0,0,1,0,0,(,110,1,cWW,cW-W,3.72,1.87,2.84,1.46,3.81,5.11,4.98,3.10,BI,anti,A,4.95,4.75,3.02,3.08,3.12,3.40,3.81,4.03,0.46,5.60,0.63,5.93,6.21,39.30,5.86,C2'-exo
9,10,0.08,G,G,G,0,0,1,0,0,(,109,1,cWW,cW-W,5.21,3.23,0.89,1.55,3.69,4.84,5.13,3.45,BI,anti,A,4.33,4.60,3.09,4.29,3.41,4.12,4.09,4.75,0.24,5.65,0.73,5.69,0.24,41.96,6.27,C2'-exo
10,11,0.09,C,C,C,0,1,0,0,0,.,108,1,cWW,cW-W,2.55,3.70,2.94,1.49,4.39,4.93,5.74,3.21,..,anti,.,4.69,4.69,2.73,4.18,3.12,4.30,4.22,5.36,0.26,5.68,0.70,5.71,0.18,40.30,6.24,C2'-exo
11,12,0.09,C,C,C,0,1,0,0,0,.,108,1,cSW,cm-W,5.65,2.26,1.04,1.44,3.63,3.78,6.13,3.46,..,anti,.,3.98,4.51,2.68,3.10,3.40,2.98,4.98,3.37,6.28,5.89,0.60,5.64,0.39,36.38,0.34,C3'-endo
12,13,0.10,G,G,G,0,0,1,0,0,.,,0,,,0.66,3.13,0.83,1.15,4.39,3.91,0.48,4.22,..,anti,.,1.90,4.63,4.84,3.18,4.53,2.86,3.93,3.36,6.12,5.87,0.80,5.40,0.63,51.20,0.47,C3'-endo
13,14,0.11,U,U,U,0,0,0,1,0,.,105,1,tSS,tm+m,0.98,3.84,0.90,2.24,4.91,5.00,6.19,4.67,..,anti,.,0.12,0.77,6.04,5.38,6.08,5.29,5.38,5.65,5.68,0.75,5.68,0.26,0.21,42.37,2.53,C2'-endo
14,15,0.12,A,A,A,1,0,0,0,0,.,,0,,,5.07,2.78,0.91,2.02,3.99,5.73,4.55,5.61,..,...,.,0.32,2.18,2.53,5.45,3.45,5.41,3.61,6.19,5.44,0.73,5.91,6.19,0.57,46.69,2.04,C1'-exo
15,16,0.13,G,G,G,0,0,1,0,0,(,67,1,cWW,cW-W,4.10,3.79,1.27,1.49,3.63,5.13,4.78,3.35,BI,anti,A,4.34,4.62,2.68,4.02,3.52,3.99,3.78,4.37,0.28,5.66,0.76,5.70,0.20,43.54,6.23,C2'-exo
16,17,0.14,C,C,C,0,1,0,0,0,(,66,1,cWW,cW-W,5.16,3.06,0.96,1.37,3.43,5.31,4.41,3.41,BI,anti,A,4.63,4.55,2.89,3.88,3.18,3.85,3.98,4.39,6.25,5.82,0.74,5.50,0.50,45.12,0.36,C3'-endo
17,18,0.15,G,G,G,0,0,1,0,0,(,64,1,cWW,cW-W,4.97,3.30,0.95,1.34,3.74,5.00,5.02,3.24,BI,anti,A,4.64,4.82,2.95,3.73,3.17,3.83,4.03,4.67,0.00,5.82,0.73,5.54,0.48,43.96,0.33,C3'-endo
18,19,0.15,C,C,C,0,1,0,0,0,(,63,1,cWW,cW-W,5.32,2.94,0.84,1.48,3.79,4.90,5.17,3.42,BI,anti,A,4.53,4.58,3.00,3.73,3.30,3.80,4.41,4.25,0.10,5.87,0.55,5.78,0.24,31.79,0.14,C3'-endo
19,20,0.16,G,G,G,0,0,1,0,0,(,62,1,cWW,cW-W,5.13,2.99,0.88,1.40,3.63,5.16,4.76,3.37,BI,anti,A,4.28,4.54,2.84,3.82,3.07,3.80,3.80,4.14,0.28,5.63,0.83,5.59,0.25,47.59,0.00,C3'-endo
20,21,0.17,G,G,G,0,0,1,0,0,(,61,1,cWW,cW-W,5.08,3.10,1.05,1.37,3.56,5.06,4.79,3.44,BI,anti,.,4.62,4.73,2.98,3.71,3.23,3.78,3.90,4.52,0.12,5.68,0.83,5.54,0.37,48.21,0.15,C3'-endo
21,22,0.18,U,U,U,0,0,0,1,0,(,60,1,cWW,cW-W,5.23,2.94,1.01,1.47,3.41,4.97,4.72,3.36,BI,anti,A,4.79,4.54,3.05,3.64,3.42,3.60,4.48,3.52,0.10,5.84,0.64,5.70,0.30,37.34,0.17,C3'-endo
22,23,0.19,G,G,G,0,0,1,0,0,(,59,1,cWW,cW-W,5.01,3.41,0.79,1.46,3.47,4.68,5.07,3.88,BI,anti,.,3.52,4.61,2.97,3.17,3.03,3.47,3.13,3.00,0.27,5.69,0.69,5.75,0.17,39.67,6.21,C2'-exo
23,24,0.20,G,G,G,0,0,1,0,0,.,"26,58",2,"tSW,c.W","tm+W,c.-W",5.15,3.51,1.06,2.50,4.09,3.32,0.77,5.05,BII,anti,.,0.59,1.56,3.52,3.62,3.66,3.08,3.00,3.96,6.23,0.34,5.79,0.48,6.02,28.86,3.37,C3'-exo
24,25,0.21,U,U,U,0,0,0,1,0,.,53,1,cWH,cW+M,0.85,4.34,4.87,2.76,5.01,4.60,0.41,0.74,..,syn,.,0.57,0.35,4.86,3.94,4.55,3.28,4.97,2.29,6.01,0.64,5.53,0.59,6.09,43.07,3.09,C2'-endo
25,26,0.21,C,C,C,0,1,0,0,0,.,,0,,,6.08,4.66,1.38,1.43,3.17,6.00,3.46,3.29,BI,anti,.,4.05,4.45,5.45,4.74,0.07,4.73,0.98,5.19,0.06,5.76,0.78,5.53,0.45,46.18,0.25,C3'-endo
26,27,0.22,C,C,C,0,1,0,0,0,.,23,1,tWS,tW+m,4.35,3.53,1.04,1.51,3.70,5.05,4.93,3.48,BI,anti,.,4.74,4.63,2.90,3.95,3.52,4.01,4.69,4.59,0.13,5.77,0.71,5.68,0.29,41.01,0.12,C3'-endo
27,28,0.23,C,C,C,0,1,0,0,0,(,55,1,cWW,cW-W,5.07,3.02,1.06,1.39,4.42,3.89,0.52,3.35,..,anti,A,4.65,4.82,3.09,3.77,3.31,3.76,4.18,4.05,0.42,5.41,0.96,5.59,0.20,55.77,6.15,C2'-exo
28,29,0.24,A,A,A,1,0,0,0,0,(,"54,57",2,"cWW,cSW","cW-W,cm-W",1.61,4.61,3.31,1.58,4.90,3.85,1.05,2.83,..,anti,A,4.51,4.56,3.26,3.79,3.36,3.70,3.84,4.29,0.39,5.66,0.66,5.84,0.03,38.90,6.02,C2'-exo
29,30,0.25,C,C,C,0,1,0,0,0,(,"53,56",2,"cWW,cSW","cW-W,cm-W",1.57,4.56,3.09,1.51,4.11,5.54,4.85,2.95,..,anti,.,4.83,4.78,2.51,4.43,3.01,4.37,4.06,5.12,0.32,5.56,0.84,5.64,0.21,48.48,6.21,C2'-exo
30,31,0.26,C,C,C,0,1,0,0,0,(,"50,52",2,"cWW,cSW","cW-W,cm-W",5.16,3.20,0.79,1.48,3.62,5.03,4.87,3.22,BI,anti,.,4.72,4.75,2.78,3.73,3.38,3.82,4.79,4.21,0.23,5.64,0.75,5.64,0.27,43.19,0.02,C3'-endo
31,32,0.26,U,U,U,0,0,0,1,0,(,49,1,cWW,cW-W,5.01,3.35,0.89,1.47,3.64,5.13,4.80,3.42,BI,anti,A,4.27,4.61,3.04,3.75,3.21,3.80,3.75,4.28,0.23,5.68,0.71,5.68,0.25,40.81,0.02,C3'-endo
32,33,0.27,G,G,G,0,0,1,0,0,(,48,1,cWW,cW-W,5.04,3.09,0.82,1.41,3.63,5.13,4.79,3.44,BI,anti,A,4.43,4.76,2.88,3.72,3.11,3.78,3.85,4.27,0.10,5.73,0.79,5.54,0.40,46.15,0.20,C3'-endo
33,34,0.28,A,A,A,1,0,0,0,0,(,47,1,cWW,cW-W,5.16,3.15,0.85,1.54,3.13,4.11,5.30,3.78,BI,anti,.,3.77,4.34,3.03,2.35,3.35,2.06,4.07,1.67,0.05,5.85,0.67,5.65,0.37,39.53,0.25,C3'-endo
34,35,0.29,C,C,C,0,1,0,0,0,.,,0,,,4.71,2.88,0.66,1.37,3.91,5.08,5.11,3.67,BI,anti,.,3.71,4.41,2.37,4.41,2.15,4.37,1.96,5.06,6.26,5.94,0.54,5.71,0.36,32.92,0.35,C3'-endo
35,36,0.30,C,C,C,0,1,0,0,0,.,48,1,cWS,cW-m,2.57,3.63,3.19,1.47,4.38,4.88,5.78,3.12,..,anti,.,4.14,4.65,3.03,3.66,3.47,3.75,4.54,4.44,0.14,5.80,0.65,5.74,0.26,37.35,0.09,C3'-endo
36,37,0.31,C,C,C,0,1,0,0,0,.,47,1,cWS,cW-m,5.14,3.14,0.58,1.42,4.16,5.20,5.24,3.20,..,anti,.,4.65,4.79,2.68,4.31,2.95,4.47,3.76,5.47,0.07,5.80,0.68,5.61,0.40,40.12,0.25,C3'-endo
37,38,0.32,C,C,C,0,1,0,0,0,(,43,1,cWW,cW-W,5.15,2.76,0.94,1.38,3.77,4.95,5.10,3.41,BI,anti,A,4.41,4.62,2.64,3.67,3.21,3.68,4.64,3.99,0.11,5.74,0.78,5.57,0.39,45.55,0.19,C3'-endo
38,39,0.32,A,A,A,1,0,0,0,0,.,45,1,cSW,cm-W,5.09,3.02,0.96,1.49,3.27,4.77,4.78,3.52,BI,anti,.,4.58,4.39,2.92,3.22,3.13,3.33,3.66,3.21,6.14,6.07,0.45,5.75,0.44,31.06,0.58,C3'-endo
39,40,0.33,U,U,U,0,0,0,1,0,.,44,1,tSH,tm-M,5.18,3.29,1.26,2.57,4.49,5.36,5.41,4.62,..,anti,.,0.12,1.08,3.67,6.16,3.93,5.29,3.62,4.90,6.13,0.44,5.78,0.44,6.09,29.09,3.17,C3'-exo
40,41,0.34,G,G,G,0,0,1,0,0,.,,0,,,1.98,3.40,6.10,1.39,3.18,2.96,0.22,5.19,..,anti,.,-1.41,4.38,4.85,0.43,5.62,5.20,6.25,5.32,0.07,5.84,0.60,5.71,0.32,34.82,0.20,C3'-endo
41,42,0.35,C,C,C,0,1,0,0,0,.,,0,,,2.84,1.83,1.12,1.33,3.53,5.81,4.00,3.69,BI,anti,.,4.04,4.46,0.74,4.31,2.61,4.14,2.93,4.60,0.02,5.82,0.66,5.64,0.42,39.47,0.28,C3'-endo
42,43,0.36,C,C,C,0,1,0,0,0,.,,0,,,4.57,2.87,1.35,1.31,4.30,4.73,5.85,3.27,..,anti,.,4.18,4.32,2.89,4.20,3.34,3.88,4.21,4.43,6.15,5.99,0.60,5.59,0.52,39.38,0.52,C3'-endo
43,44,0.37,G,G,G,0,0,1,0,0,),"37,46",2,"cWW,tSW","cW-W,tm+W",0.98,3.14,1.00,2.50,3.93,1.87,2.06,5.20,..,anti,.,-0.13,1.79,4.85,2.01,5.60,1.35,5.39,1.28,6.07,0.56,5.64,0.52,6.10,37.02,3.11,C2'-endo
44,45,0.38,A,A,A,1,0,0,0,0,.,39,1,tHS,tM-m,2.75,3.47,0.98,1.51,3.63,5.27,4.64,3.24,BI,anti,.,4.74,4.67,1.52,4.09,1.55,4.20,1.90,5.05,0.21,5.72,0.70,5.70,0.24,39.89,0.03,C3'-endo
45,46,0.38,A,A,A,1,0,0,0,0,.,38,1,cWS,cW-m,4.86,3.18,1.02,1.48,3.76,5.15,4.89,3.37,BI,anti,.,4.58,4.64,2.87,4.05,3.27,4.05,4.46,4.87,0.15,5.71,0.75,5.58,0.34,43.39,0.14,C3'-endo
46,47,0.39,C,C,C,0,1,0,0,0,.,43,1,tWS,tW+m,4.97,3.07,0.96,1.42,3.75,5.36,4.67,3.47,BI,anti,A,4.70,4.78,2.90,4.07,3.21,4.07,4.40,4.78,0.26,5.64,0.75,5.65,0.25,42.82,6.27,C2'-exo
47,48,0.40,U,U,U,0,0,0,1,0,),"33,36",2,"cWW,cSW","cW-W,cm-W",4.94,3.27,0.78,1.41,3.43,4.91,4.81,3.55,BI,anti,A,4.53,4.63,2.75,3.49,3.09,3.57,4.21,3.94,0.12,5.76,0.67,5.65,0.33,38.65,0.16,C3'-endo
48,49,0.41,C,C,C,0,1,0,0,0,),"32,35",2,"cWW,cSW","cW-W,cm-W",5.10,2.94,1.09,1.51,3.47,5.13,4.63,3.47,BI,anti,A,4.32,4.49,2.97,3.92,3.24,3.85,3.80,4.34,0.18,5.66,0.79,5.61,0.34,45.36,0.09,C3'-endo
49,50,0.42,A,A,A,1,0,0,0,0,),31,1,cWW,cW-W,4.87,3.18,0.92,1.42,3.44,4.91,4.81,3.37,BI,anti,.,4.25,4.48,2.76,4.16,3.09,4.01,4.00,4.17,0.09,5.80,0.71,5.66,0.35,41.34,0.18,C3'-endo
50,51,0.43,G,G,G,0,0,1,0,0,),"30,51",2,"cWW,cSH","cW-W,cm+M",2.87,3.80,3.14,1.38,4.17,4.80,5.65,3.17,..,anti,.,4.30,4.53,3.22,3.10,3.45,2.68,3.89,2.27,0.00,5.91,0.61,5.66,0.39,36.76,0.33,C3'-endo
51,52,0.44,A,A,A,1,0,0,0,0,.,50,1,cHS,cM+m,6.21,4.77,4.40,1.36,3.29,5.68,3.89,3.31,BI,anti,.,4.61,4.49,3.03,2.84,2.62,3.25,2.07,4.63,0.05,5.75,0.79,5.51,0.47,46.84,0.27,C3'-endo
52,53,0.44,A,A,A,1,0,0,0,0,.,30,1,cWS,cW-m,4.02,3.38,1.12,1.39,3.53,5.25,4.57,3.21,BI,anti,A,4.57,4.62,2.33,3.88,2.82,3.90,4.56,4.37,0.30,5.59,0.82,5.63,0.22,46.82,6.23,C2'-exo
53,54,0.45,G,G,G,0,0,1,0,0,),"24,29",2,"cHW,cWW","cM+W,cW-W",5.07,3.21,1.04,1.48,3.52,5.07,4.73,3.38,BI,anti,A,4.32,4.68,3.12,3.72,3.45,3.75,4.29,4.16,0.28,5.60,0.83,5.63,0.24,47.59,6.26,C2'-exo
54,55,0.46,U,U,U,0,0,0,1,0,),"28,56",2,"cWW,cSH","cW-W,cm+M",5.11,3.33,0.83,1.46,3.14,4.68,4.75,3.66,BI,anti,A,4.49,4.31,2.94,3.76,3.19,3.73,3.87,4.09,0.10,5.79,0.65,5.67,0.32,37.94,0.17,C3'-endo
55,56,0.47,G,G,G,0,0,1,0,0,),"27,57",2,"cWW,cSH","cW-W,cm+M",2.72,3.80,3.21,2.62,4.92,1.61,3.31,3.51,..,anti,.,1.76,1.03,4.41,1.12,4.10,1.59,4.49,1.70,6.25,0.38,5.73,0.56,5.95,32.73,3.42,C3'-exo
56,57,0.48,A,A,A,1,0,0,0,0,.,"29,54",2,"cWS,cHS","cW-m,cM+m",3.05,4.12,0.99,1.54,3.54,5.26,4.57,3.39,BI,anti,.,4.28,4.51,2.52,4.06,2.30,4.14,2.42,4.86,0.28,5.60,0.78,5.68,0.19,45.02,6.21,C2'-exo
57,58,0.49,A,A,A,1,0,0,0,0,.,"28,55",2,"cWS,cHS","cW-m,cM+m",4.90,3.36,0.98,1.34,3.92,5.18,5.02,3.36,BI,anti,.,4.30,4.65,2.95,4.05,3.24,4.14,4.27,5.08,0.28,5.67,0.68,5.72,0.17,39.27,6.21,C2'-exo
58,59,0.50,A,A,A,1,0,0,0,0,.,23,1,cW.,cW-.,5.08,3.20,0.87,1.48,3.55,5.27,4.56,3.35,BI,anti,A,4.45,4.58,2.87,3.99,3.22,4.03,4.51,4.69,0.25,5.73,0.63,5.79,0.17,36.05,6.21,C2'-exo
59,60,0.50,C,C,C,0,1,0,0,0,),22,1,cWW,cW-W,4.99,3.06,0.96,1.42,3.60,4.98,4.90,3.44,BI,anti,A,4.72,4.63,2.82,3.72,3.20,3.67,4.26,4.04,0.09,5.77,0.71,5.64,0.34,41.57,0.17,C3'-endo
60,61,0.51,G,G,G,0,0,1,0,0,),21,1,cWW,cW-W,5.19,3.06,0.83,1.46,3.46,5.13,4.62,3.41,BI,anti,A,4.69,4.64,2.97,3.73,3.19,3.79,3.87,4.46,0.21,5.67,0.75,5.65,0.30,42.95,0.05,C3'-endo
61,62,0.52,C,C,C,0,1,0,0,0,),20,1,cWW,cW-W,4.95,3.11,1.07,1.51,3.44,5.13,4.59,3.38,BI,anti,A,4.68,4.54,2.90,3.85,3.24,3.81,4.24,4.18,0.12,5.80,0.64,5.72,0.28,36.88,0.12,C3'-endo
62,63,0.53,C,C,C,0,1,0,0,0,),19,1,cWW,cW-W,4.93,3.38,0.84,1.43,3.56,5.09,4.76,3.56,BI,anti,A,4.35,4.52,2.87,3.65,3.03,3.69,3.70,4.09,0.13,5.74,0.71,5.66,0.32,40.74,0.12,C3'-endo
63,64,0.54,G,G,G,0,0,1,0,0,),18,1,cWW,cW-W,5.02,2.98,1.08,1.50,3.44,5.17,4.56,3.38,BI,anti,A,4.62,4.59,3.00,3.81,3.22,3.83,3.82,4.53,0.12,5.78,0.65,5.72,0.31,37.25,0.12,C3'-endo
64,65,0.55,U,U,U,0,0,0,1,0,),17,1,cWW,cW-W,4.86,3.18,1.03,1.46,3.91,4.56,5.63,3.57,BI,anti,.,4.25,4.61,2.97,3.91,3.26,4.04,4.24,4.70,0.07,5.83,0.64,5.68,0.34,37.67,0.21,C3'-endo
65,66,0.56,A,A,A,1,0,0,0,0,.,67,1,cSH,cm+M,6.08,2.68,1.13,1.55,2.67,4.47,4.47,4.44,..,anti,.,1.53,3.92,3.80,2.64,4.24,2.13,4.76,1.96,0.11,5.87,0.56,5.78,0.27,32.27,0.15,C3'-endo
66,67,0.56,G,G,G,0,0,1,0,0,),"16,107",2,"cWW,tHW","cW-W,tM-W",4.37,3.19,0.70,1.44,3.79,5.08,4.99,3.20,BI,anti,A,4.86,4.58,2.20,3.86,1.98,3.97,2.25,4.40,0.08,5.79,0.67,5.66,0.34,38.84,0.19,C3'-endo
67,68,0.57,C,C,C,0,1,0,0,0,),"15,65",2,"cWW,cHS","cW-W,cM+m",5.20,3.08,0.90,1.39,3.27,4.97,4.59,3.57,BI,anti,A,4.17,4.44,2.93,3.84,3.24,3.66,3.94,4.09,0.10,5.81,0.63,5.70,0.29,36.67,0.15,C3'-endo
68,69,0.58,G,G,G,0,0,1,0,0,.,106,1,tHS,tM-m,2.70,3.36,3.14,1.51,4.20,5.29,5.20,3.14,..,anti,.,4.54,4.72,2.98,3.99,3.12,4.15,3.89,4.92,0.32,5.65,0.68,5.74,0.13,39.24,6.15,C2'-exo
69,70,0.59,C,C,C,0,1,0,0,0,(,105,1,cWW,cW-W,5.38,2.80,0.81,1.39,3.74,4.89,5.14,3.20,BI,anti,A,4.46,4.50,2.71,3.65,3.30,3.71,4.53,4.43,6.21,5.90,0.70,5.56,0.51,43.56,0.41,C3'-endo
70,71,0.60,C,C,C,0,1,0,0,0,(,104,1,cWW,cW-W,5.07,2.97,1.05,1.43,3.77,5.18,4.87,3.25,BI,anti,.,4.78,4.62,3.01,4.06,3.22,4.11,4.18,4.96,0.07,5.75,0.77,5.56,0.39,45.09,0.21,C3'-endo
71,72,0.61,G,G,G,0,0,1,0,0,.,103,1,tSH,tm-M,5.16,3.01,0.86,1.39,3.83,4.64,5.48,3.43,BI,anti,.,4.52,4.68,2.95,2.93,3.32,2.73,4.55,2.66,0.25,5.71,0.68,5.72,0.20,39.12,6.26,C2'-exo
72,73,0.62,A,A,A,1,0,0,0,0,.,102,1,tHW,tM-W,4.64,1.12,2.95,1.44,4.10,5.30,5.08,2.89,..,anti,.,4.87,4.84,3.56,3.34,3.12,3.68,2.74,4.76,0.23,5.76,0.65,5.78,0.17,37.39,6.25,C2'-exo
73,74,0.62,U,U,U,0,0,0,1,0,.,101,1,t.W,t.-W,5.12,3.24,0.70,1.49,3.67,5.23,4.72,3.45,BI,anti,.,4.46,4.57,2.72,4.09,3.22,4.19,4.56,5.08,0.36,5.61,0.69,5.77,0.11,40.41,6.09,C2'-exo
74,75,0.63,G,G,G,0,0,1,0,0,.,100,1,cW.,cW-.,4.96,3.11,1.06,1.38,3.80,4.91,5.17,3.54,BI,anti,A,4.22,4.65,2.83,3.78,3.21,3.71,4.41,3.97,0.24,5.74,0.63,5.78,0.17,36.32,6.22,C2'-exo
75,76,0.64,G,G,G,0,0,1,0,0,.,"99,100",2,"tWH,cWW","tW-M,cW-W",5.16,2.73,1.06,1.38,3.70,4.99,4.99,3.38,BI,anti,A,4.80,4.69,2.75,3.74,2.98,3.79,3.63,4.27,0.15,5.76,0.67,5.70,0.27,38.44,0.09,C3'-endo
76,77,0.65,U,U,U,0,0,0,1,0,.,"98,99",2,"tWH,tWH","tW-M,tW-M",5.31,2.92,0.91,1.40,3.74,5.13,4.89,3.36,BI,anti,.,4.33,4.62,3.08,3.86,3.42,3.88,4.22,4.41,0.24,5.66,0.83,5.62,0.26,47.83,0.02,C3'-endo
77,78,0.66,A,A,A,1,0,0,0,0,.,97,1,tHS,tM-m,5.26,3.24,0.82,1.36,3.68,5.09,4.87,3.40,BI,anti,.,4.86,4.65,3.14,3.90,3.26,4.09,4.01,4.95,0.28,5.62,0.77,5.61,0.24,44.19,6.26,C2'-exo
78,79,0.67,G,G,G,0,0,1,0,0,(,96,1,cWW,cW-W,5.19,2.94,1.03,1.51,3.64,5.07,4.86,3.33,BI,anti,A,4.55,4.59,2.95,4.01,3.39,4.00,4.55,4.53,0.25,5.70,0.69,5.76,0.19,39.45,6.22,C2'-exo
79,80,0.68,U,U,U,0,0,0,1,0,(,95,1,cWW,cW-W,5.17,2.97,1.07,1.48,3.50,4.70,5.08,3.41,BI,anti,.,4.04,4.22,3.01,3.35,3.38,3.40,4.31,3.75,6.27,6.01,0.45,5.83,0.28,27.29,0.33,C3'-endo
80,81,0.68,G,G,G,0,0,1,0,0,(,94,1,cWW,cW-W,4.89,3.28,1.01,1.52,3.78,5.08,4.98,3.32,BI,anti,A,4.29,4.59,3.12,3.98,3.10,4.02,3.46,4.52,0.25,5.65,0.78,5.63,0.24,44.41,0.00,C3'-endo
81,82,0.69,U,U,U,0,0,0,1,0,(,93,1,cWW,cW-W,5.23,3.06,0.70,1.44,3.57,5.14,4.72,3.54,BI,anti,A,4.51,4.68,2.81,3.63,3.06,3.61,3.90,3.93,6.27,5.77,0.78,5.52,0.47,46.90,0.30,C3'-endo
82,83,0.70,G,G,G,0,0,1,0,0,(,92,1,cWW,cW-W,4.97,3.36,0.84,1.39,3.61,5.10,4.79,3.48,BI,anti,A,4.42,4.60,2.88,3.65,2.98,3.76,3.52,4.35,0.13,5.71,0.83,5.54,0.40,48.21,0.17,C3'-endo
83,84,0.71,G,G,G,0,0,1,0,0,(,91,1,cWW,cW-W,5.07,3.09,1.00,1.35,3.50,5.13,4.66,3.35,BI,anti,A,4.67,4.66,2.88,3.69,3.16,3.70,4.00,4.11,0.11,5.75,0.71,5.66,0.32,41.33,0.14,C3'-endo
84,85,0.72,G,G,G,0,0,1,0,0,(,90,1,cWW,cW-W,5.08,3.07,1.03,1.29,3.41,4.94,4.75,3.39,BI,anti,A,4.59,4.62,2.97,3.46,3.16,3.50,3.87,3.79,0.05,5.74,0.76,5.52,0.45,45.19,0.26,C3'-endo
85,86,0.73,G,G,G,0,0,1,0,0,(,89,1,cWW,cW-W,4.90,3.06,1.20,1.49,4.05,5.01,5.32,3.26,BI,anti,.,4.99,4.69,2.99,4.29,3.08,4.46,3.52,5.45,0.15,5.67,0.79,5.58,0.35,45.73,0.12,C3'-endo
86,87,0.74,U,U,U,0,0,0,1,0,.,89,1,cSW,cm-W,5.55,2.69,1.16,2.15,0.63,2.87,4.04,3.72,..,anti,.,-0.18,0.81,2.98,6.01,4.45,4.47,5.66,4.12,5.94,0.58,5.67,0.40,6.26,36.23,2.89,C2'-endo
87,88,0.74,C,C,C,0,1,0,0,0,.,,0,,,0.55,4.66,5.27,1.44,4.10,5.66,4.72,3.34,..,anti,.,4.33,4.44,4.24,3.77,4.95,4.17,5.65,5.43,0.16,5.80,0.62,5.74,0.23,35.70,0.07,C3'-endo
88,89,0.75,U,U,U,0,0,0,1,0,.,,0,,,4.85,3.01,1.02,1.27,2.92,0.86,2.06,3.89,..,anti,.,3.69,4.48,2.41,5.81,3.31,5.63,4.81,5.87,0.16,5.66,0.79,5.57,0.35,45.61,0.11,C3'-endo
89,90,0.76,C,C,C,0,1,0,0,0,),"85,86",2,"cWW,cWS","cW-W,cW-m",1.93,3.68,2.99,1.43,3.75,5.43,4.60,3.54,BI,anti,.,4.12,4.50,2.64,3.70,3.58,3.47,4.62,3.77,6.28,5.91,0.61,5.67,0.39,36.89,0.32,C3'-endo
90,91,0.77,C,C,C,0,1,0,0,0,),84,1,cWW,cW-W,3.80,2.27,2.58,1.60,3.74,5.06,4.96,3.18,BI,anti,A,4.63,4.67,2.87,3.24,3.09,3.36,3.75,3.78,0.28,5.69,0.70,5.78,0.15,40.33,6.18,C2'-exo
91,92,0.78,C,C,C,0,1,0,0,0,),83,1,cWW,cW-W,5.20,3.10,0.94,1.49,3.66,5.01,4.93,3.32,BI,anti,A,4.52,4.63,3.01,3.70,3.26,3.75,3.86,4.24,0.11,5.78,0.68,5.68,0.34,39.52,0.16,C3'-endo
92,93,0.79,C,C,C,0,1,0,0,0,),82,1,cWW,cW-W,4.99,3.16,0.95,1.42,3.52,5.07,4.73,3.38,BI,anti,A,4.58,4.64,2.88,3.64,3.08,3.65,3.82,4.06,0.01,5.77,0.78,5.53,0.46,46.27,0.28,C3'-endo
93,94,0.79,A,A,A,1,0,0,0,0,),81,1,cWW,cW-W,4.98,3.33,0.82,1.36,3.76,5.08,4.96,3.37,BI,anti,A,4.42,4.71,2.94,3.85,3.03,3.96,3.64,4.80,0.11,5.72,0.74,5.59,0.37,42.99,0.17,C3'-endo
94,95,0.80,U,U,U,0,0,0,1,0,),80,1,cWW,cW-W,5.31,2.93,0.88,1.44,3.72,4.78,5.22,3.41,BI,anti,.,4.42,4.59,2.82,3.56,3.15,3.50,4.30,3.47,0.24,5.65,0.78,5.64,0.26,44.64,0.01,C3'-endo
95,96,0.81,G,G,G,0,0,1,0,0,),79,1,cWW,cW-W,5.23,2.91,0.83,1.32,3.66,5.09,4.86,3.38,BI,anti,A,4.67,4.67,2.88,3.69,2.97,3.74,3.17,4.34,0.08,5.69,0.86,5.47,0.48,50.45,0.23,C3'-endo
96,97,0.82,C,C,C,0,1,0,0,0,),78,1,cWW,cW-W,5.23,3.04,0.97,1.32,3.86,5.30,4.85,3.40,BI,anti,.,4.51,4.62,3.06,4.02,3.30,4.15,4.17,4.87,0.15,5.70,0.77,5.56,0.36,44.67,0.15,C3'-endo
97,98,0.83,G,G,G,0,0,1,0,0,.,77,1,tSH,tm-M,5.15,2.92,1.10,1.44,3.97,3.92,0.06,3.22,..,anti,.,5.11,4.77,3.00,3.13,3.40,2.75,4.57,2.45,0.33,5.57,0.78,5.68,0.18,45.16,6.18,C2'-exo
98,99,0.84,A,A,A,1,0,0,0,0,.,76,1,tHW,tM-W,0.79,4.53,4.55,1.51,3.73,5.49,4.52,3.17,BI,anti,.,4.71,4.47,3.70,3.11,3.20,3.50,2.68,4.65,0.00,5.91,0.58,5.69,0.38,34.89,0.32,C3'-endo
99,100,0.85,G,G,G,0,0,1,0,0,.,"75,76",2,"tHW,tHW","tM-W,tM-W",4.59,3.26,1.09,1.41,3.81,5.12,4.98,3.43,BI,anti,A,4.33,4.69,2.66,3.91,3.16,3.96,4.55,4.69,0.18,5.79,0.61,5.76,0.22,34.89,0.04,C3'-endo
100,101,0.85,A,A,A,1,0,0,0,0,.,"74,75",2,"c.W,cWW","c.-W,cW-W",5.13,2.81,1.13,1.34,3.85,5.09,5.04,3.46,BI,anti,.,4.80,4.68,2.92,3.93,3.25,3.98,4.29,4.64,0.15,5.76,0.68,5.72,0.28,38.82,0.08,C3'-endo
101,102,0.86,G,G,G,0,0,1,0,0,.,73,1,tW.,tW-.,5.24,2.96,0.87,1.41,3.69,5.05,4.92,3.30,BI,anti,A,4.99,4.67,2.90,3.76,3.28,3.83,4.33,4.35,0.31,5.62,0.75,5.69,0.21,43.01,6.21,C2'-exo
102,103,0.87,U,U,U,0,0,0,1,0,.,72,1,tWH,tW-M,5.23,3.05,0.86,1.47,3.55,5.22,4.62,3.45,BI,anti,.,4.68,4.63,2.93,3.86,3.21,3.88,4.04,4.50,0.19,5.63,0.78,5.59,0.32,44.71,0.07,C3'-endo
103,104,0.88,A,A,A,1,0,0,0,0,.,71,1,tHS,tM-m,5.04,3.37,0.89,1.37,3.98,5.24,5.02,3.43,BI,anti,.,4.82,4.91,3.03,4.13,3.17,4.35,4.03,5.01,0.38,5.51,0.83,5.67,0.14,48.17,6.12,C2'-exo
104,105,0.89,G,G,G,0,0,1,0,0,),70,1,cWW,cW-W,5.25,2.63,1.21,1.46,3.62,5.04,4.87,3.19,BI,anti,A,4.66,4.59,2.89,3.76,3.54,3.67,4.72,4.14,0.21,5.69,0.78,5.67,0.28,44.68,0.04,C3'-endo
105,106,0.90,G,G,G,0,0,1,0,0,),"13,69",2,"tSS,cWW","tm+m,cW-W",5.22,3.15,0.93,1.49,3.74,5.18,4.84,3.28,BI,anti,.,4.53,4.73,3.17,3.95,3.34,4.01,4.10,4.80,0.30,5.57,0.89,5.55,0.31,50.99,0.01,C3'-endo
106,107,0.91,G,G,G,0,0,1,0,0,.,68,1,tSH,tm-M,5.06,2.90,1.07,1.42,3.63,4.79,5.12,3.38,BI,anti,.,4.68,4.73,3.00,3.23,3.34,3.59,4.48,3.77,0.13,5.71,0.75,5.60,0.37,43.48,0.15,C3'-endo
107,108,0.91,A,A,A,1,0,0,0,0,.,66,1,tWH,tW-M,5.13,4.09,1.30,2.48,3.82,1.03,2.80,5.22,..,anti,.,0.71,1.58,4.10,1.30,4.15,0.74,3.70,1.19,6.15,0.43,5.74,0.49,6.08,31.30,3.21,C3'-exo
108,109,0.92,A,A,A,1,0,0,0,0,.,"10,11",2,"cWW,cWS","cW-W,cW-m",1.21,3.42,4.80,1.56,3.47,5.18,4.58,3.53,BI,anti,A,4.14,4.63,3.61,3.09,3.84,3.39,3.89,4.18,0.24,5.68,0.69,5.76,0.20,39.56,6.23,C2'-exo
109,110,0.93,C,C,C,0,1,0,0,0,),9,1,cWW,cW-W,5.05,3.01,1.01,1.42,3.64,5.10,4.82,3.47,BI,anti,A,4.46,4.50,2.91,3.86,3.24,3.91,4.07,4.54,0.13,5.76,0.70,5.63,0.34,40.62,0.16,C3'-endo
110,111,0.94,U,U,U,0,0,0,1,0,),8,1,cWW,cW-W,5.00,3.13,1.03,1.45,3.33,4.76,4.85,3.51,BI,anti,.,4.28,4.46,2.86,3.39,3.20,3.38,4.17,3.53,0.15,5.75,0.66,5.68,0.28,38.30,0.10,C3'-endo
111,112,0.95,G,G,G,0,0,1,0,0,),7,1,cWW,cW-W,5.19,3.15,1.00,1.48,3.60,5.11,4.77,3.40,BI,anti,A,4.42,4.70,3.19,3.78,3.20,3.78,3.42,4.16,0.23,5.63,0.75,5.63,0.27,42.94,0.02,C3'-endo
112,113,0.96,C,C,C,0,1,0,0,0,),6,1,cWW,cW-W,5.10,3.15,0.86,1.43,3.63,5.00,4.91,3.48,BI,anti,A,4.26,4.62,2.90,3.67,3.11,3.70,3.78,4.23,0.27,5.60,0.85,5.60,0.28,48.58,0.01,C3'-endo
113,114,0.97,C,C,C,0,1,0,0,0,),5,1,cWW,cW-W,5.13,3.08,0.94,1.42,3.55,5.07,4.76,3.46,BI,anti,A,4.59,4.57,2.93,3.70,3.16,3.66,3.95,4.06,0.19,5.72,0.68,5.69,0.26,38.81,0.05,C3'-endo
114,115,0.97,A,A,A,1,0,0,0,0,),4,1,cWW,cW-W,5.10,3.09,0.94,1.38,3.61,4.96,4.93,3.46,BI,anti,A,4.57,4.73,2.91,3.64,3.07,3.72,3.76,4.09,0.08,5.72,0.74,5.57,0.41,43.35,0.21,C3'-endo
115,116,0.98,G,G,G,0,0,1,0,0,),3,1,cWW,cW-W,5.28,3.00,0.80,1.44,3.44,5.09,4.63,3.53,BI,anti,A,4.51,4.53,2.94,3.73,3.23,3.67,3.86,4.09,0.21,5.79,0.60,5.84,0.15,34.27,6.22,C2'-exo
116,117,0.99,G,G,G,0,0,1,0,0,),2,1,cWW,cW-W,5.08,3.29,0.74,1.43,3.51,5.12,4.68,3.51,BI,anti,A,4.37,4.44,2.89,3.73,3.01,3.81,3.69,4.24,0.11,5.71,0.80,5.50,0.42,46.61,0.21,C3'-endo
117,118,1.00,C,C,C,0,1,0,0,0,),"1,2",2,"cWW,cWW","cW-W,cW-W",5.01,3.23,0.91,1.44,,,,3.58,n/a,anti,-,,,,,,,,,0.09,5.78,0.73,5.63,0.36,42.60,0.18,C3'-endo
