index_chain,old_nt_resnum,nt_position,nt_name,nt_code,nt_align_code,is_A,is_C,is_G,is_U,is_other,dbn,paired,nb_interact,pair_type_LW,pair_type_DSSR,alpha,beta,gamma,delta,epsilon,zeta,epsilon_zeta,chi,bb_type,glyco_bond,form,ssZp,Dp,eta,theta,eta_prime,theta_prime,eta_base,theta_base,v0,v1,v2,v3,v4,amplitude,phase_angle,puckering
1,2,0.01,G,G,G,0,0,1,0,0,(,117,1,cWW,cW-W,,3.74,0.95,1.38,3.97,4.44,5.82,2.98,..,anti,.,4.87,4.86,,3.77,,3.78,,4.14,0.01,5.78,0.76,5.51,0.49,45.59,0.31,C3'-endo
2,3,0.02,C,C,C,0,1,0,0,0,(,116,1,cWW,cW-W,3.21,3.21,2.45,1.45,4.32,4.71,5.90,3.12,..,anti,A,4.82,4.86,2.64,3.72,2.73,3.80,3.17,4.26,0.19,5.75,0.66,5.71,0.25,37.92,0.05,C3'-endo
3,4,0.03,C,C,C,0,1,0,0,0,(,115,1,cWW,cW-W,5.36,2.73,0.99,1.43,3.69,5.11,4.87,3.15,BI,anti,A,4.63,4.63,2.90,3.91,3.24,3.88,3.99,4.20,0.05,5.85,0.63,5.67,0.36,37.15,0.26,C3'-endo
4,5,0.03,U,U,U,0,0,0,1,0,(,114,1,cWW,cW-W,4.93,2.92,1.20,1.43,3.97,4.53,5.71,3.34,..,anti,A,4.46,4.52,2.93,3.48,3.23,3.51,3.90,3.94,6.27,5.91,0.59,5.67,0.39,36.13,0.34,C3'-endo
5,6,0.04,G,G,G,0,0,1,0,0,(,113,1,cWW,cW-W,5.09,2.57,1.18,1.47,3.67,5.12,4.84,3.33,BI,anti,A,4.53,4.56,2.82,3.97,3.02,3.83,3.65,4.08,6.28,5.92,0.57,5.70,0.37,34.31,0.33,C3'-endo
6,7,0.05,G,G,G,0,0,1,0,0,(,112,1,cWW,cW-W,5.11,3.29,0.76,1.31,3.84,4.73,5.39,3.61,BI,anti,A,4.27,4.81,2.92,3.57,3.08,3.70,3.63,4.24,0.02,5.83,0.68,5.59,0.43,40.85,0.30,C3'-endo
7,8,0.06,C,C,C,0,1,0,0,0,(,111,1,cWW,cW-W,5.70,2.60,0.79,1.29,3.67,5.81,4.15,3.58,BI,anti,.,4.03,4.31,3.08,4.18,3.35,3.87,4.01,3.92,6.25,5.84,0.72,5.52,0.50,44.05,0.37,C3'-endo
8,9,0.07,G,G,G,0,0,1,0,0,(,110,1,cWW,cW-W,3.88,1.87,2.81,1.35,3.66,5.22,4.72,3.19,BI,anti,.,4.61,4.61,3.00,2.96,3.07,3.25,3.45,3.93,0.06,5.81,0.69,5.61,0.38,40.69,0.24,C3'-endo
9,10,0.08,G,G,G,0,0,1,0,0,(,109,1,cWW,cW-W,5.05,3.47,0.93,1.44,3.72,4.56,5.45,3.43,BI,anti,.,4.46,4.59,3.09,4.14,3.30,4.14,4.04,5.11,0.03,5.89,0.59,5.70,0.35,35.00,0.27,C3'-endo
10,11,0.09,C,C,C,0,1,0,0,0,.,108,1,cWW,cW-W,2.61,4.18,2.75,1.40,4.53,4.67,6.14,3.24,..,anti,.,4.53,4.74,2.72,4.58,3.17,4.52,4.46,5.08,0.03,5.87,0.62,5.65,0.38,37.13,0.29,C3'-endo
11,12,0.09,C,C,C,0,1,0,0,0,.,,0,,,0.76,2.57,5.86,1.65,0.42,1.72,4.98,3.21,..,anti,.,1.79,1.99,3.51,2.68,4.00,2.74,4.86,3.05,6.25,6.08,0.35,5.90,0.26,21.83,0.42,C3'-endo
12,13,0.10,G,G,G,0,0,1,0,0,.,"15,68",2,"t.S,tSS","t.-m,tm+m",3.11,1.54,3.41,2.18,4.49,4.29,0.20,3.37,..,anti,.,3.73,3.97,4.54,3.16,4.07,2.94,3.96,3.53,0.12,6.24,6.25,0.10,6.14,7.90,4.45,O4'-exo
13,14,0.11,U,U,U,0,0,0,1,0,.,,0,,,0.73,3.66,1.09,2.46,4.77,4.90,6.15,4.62,..,anti,.,0.40,1.37,5.59,5.90,6.13,5.46,5.39,5.68,5.94,0.54,5.76,0.33,0.00,31.69,2.81,C2'-endo
14,15,0.12,A,A,A,1,0,0,0,0,.,,0,,,1.35,3.08,4.48,2.74,4.41,4.84,5.85,0.14,..,syn,.,0.21,1.22,2.84,5.13,3.51,5.15,3.56,5.82,5.84,0.75,5.53,0.53,6.22,44.76,2.89,C2'-endo
15,16,0.13,G,G,G,0,0,1,0,0,(,"12,67",2,"tS.,cWW","tm-.,cW-W",2.47,3.84,3.32,2.03,4.10,4.97,5.42,3.06,..,anti,.,3.98,3.87,2.93,3.86,3.78,3.80,3.86,4.22,6.20,0.07,6.25,6.27,0.06,4.68,2.02,C1'-exo
16,17,0.14,C,C,C,0,1,0,0,0,(,66,1,cWW,cW-W,5.26,3.09,0.56,1.68,3.59,4.93,4.94,3.59,BI,anti,.,4.34,4.47,2.52,3.70,2.97,3.78,3.79,4.59,6.18,6.18,0.26,5.96,0.27,18.63,0.64,C4'-exo
17,18,0.15,G,G,G,0,0,1,0,0,(,64,1,cWW,cW-W,5.29,2.99,0.92,1.34,4.20,4.71,5.77,3.38,..,anti,A,4.48,4.82,3.03,3.82,3.29,3.91,4.31,4.60,0.10,5.77,0.72,5.60,0.37,41.81,0.20,C3'-endo
18,19,0.15,C,C,C,0,1,0,0,0,(,63,1,cWW,cW-W,5.39,2.59,0.98,1.38,3.53,4.93,4.88,3.45,BI,anti,A,4.45,4.56,2.77,3.60,3.12,3.58,4.13,4.05,0.05,5.82,0.67,5.62,0.39,39.98,0.26,C3'-endo
19,20,0.16,G,G,G,0,0,1,0,0,(,62,1,cWW,cW-W,5.08,3.36,0.89,1.47,3.62,4.78,5.12,3.48,BI,anti,.,4.50,4.71,3.03,4.18,3.11,4.12,3.76,4.33,0.20,5.75,0.65,5.74,0.22,37.00,0.01,C3'-endo
20,21,0.17,G,G,G,0,0,1,0,0,(,61,1,cWW,cW-W,2.59,3.86,3.22,1.42,4.10,4.85,5.53,3.17,..,anti,A,4.56,4.61,3.07,3.57,3.40,3.64,3.97,4.27,0.01,5.90,0.59,5.69,0.37,35.31,0.31,C3'-endo
21,22,0.18,U,U,U,0,0,0,1,0,(,60,1,cWW,cW-W,5.64,2.70,0.76,1.36,3.87,4.10,6.05,3.49,..,anti,.,4.28,4.50,2.98,3.65,3.32,3.59,4.20,3.78,6.22,5.94,0.59,5.64,0.45,37.19,0.42,C3'-endo
22,23,0.19,G,G,G,0,0,1,0,0,(,59,1,cWW,cW-W,2.41,3.97,3.11,1.53,3.74,4.43,5.60,3.67,BI,anti,.,3.90,4.43,2.94,3.59,3.09,3.68,3.42,3.00,0.04,5.94,0.50,5.79,0.29,29.77,0.25,C3'-endo
23,24,0.20,G,G,G,0,0,1,0,0,.,"26,58",2,"tSW,c.W","tm+W,c.-W",3.57,4.30,1.73,1.81,4.65,2.66,1.99,4.70,BII,anti,.,0.10,2.92,3.06,2.28,3.23,1.69,2.68,1.28,6.05,0.04,0.15,6.00,0.32,18.53,1.09,C4'-exo
24,25,0.21,U,U,U,0,0,0,1,0,.,,0,,,3.18,2.47,0.46,1.46,3.72,5.16,4.85,3.37,BI,anti,.,4.44,4.51,1.25,4.10,1.33,4.12,1.64,4.75,0.02,5.90,0.58,5.70,0.36,34.79,0.29,C3'-endo
25,26,0.21,C,C,C,0,1,0,0,0,.,,0,,,5.34,2.99,0.80,1.39,4.12,4.72,5.69,3.56,..,anti,.,4.13,4.69,3.04,3.89,3.36,4.01,4.28,4.76,0.04,5.86,0.62,5.67,0.36,37.07,0.26,C3'-endo
26,27,0.22,C,C,C,0,1,0,0,0,.,23,1,tWS,tW+m,5.72,2.65,0.62,1.35,3.85,5.39,4.75,3.31,BI,anti,.,4.60,4.67,2.85,4.07,3.17,4.15,4.17,4.84,0.09,5.78,0.70,5.62,0.36,40.66,0.20,C3'-endo
27,28,0.23,C,C,C,0,1,0,0,0,(,55,1,cWW,cW-W,4.91,3.56,1.01,1.51,3.28,5.00,4.56,3.55,BI,anti,A,4.25,4.39,2.97,3.96,3.33,3.80,4.33,4.16,0.11,5.83,0.60,5.73,0.28,34.76,0.15,C3'-endo
28,29,0.24,A,A,A,1,0,0,0,0,(,"54,57",2,"cWW,cSW","cW-W,cm-W",2.58,3.59,3.06,1.42,4.73,3.72,1.01,3.13,..,anti,A,4.70,4.82,3.01,3.67,3.20,3.68,3.90,4.22,0.14,5.77,0.66,5.68,0.29,38.29,0.12,C3'-endo
29,30,0.25,C,C,C,0,1,0,0,0,(,"53,56",2,"cWW,cSW","cW-W,cm-W",1.84,4.62,3.14,1.40,3.95,5.61,4.63,3.01,..,anti,.,4.53,4.56,2.64,4.33,3.10,4.24,3.91,5.00,0.02,5.87,0.62,5.65,0.39,37.42,0.30,C3'-endo
30,31,0.26,C,C,C,0,1,0,0,0,(,"50,52",2,"cWW,cSW","cW-W,cm-W",5.06,3.19,0.92,1.45,3.99,4.76,5.51,3.34,BI,anti,A,4.66,4.77,2.89,3.78,3.49,3.83,4.85,4.07,0.08,5.85,0.61,5.71,0.32,35.45,0.20,C3'-endo
31,32,0.26,U,U,U,0,0,0,1,0,(,49,1,cWW,cW-W,5.44,2.73,0.87,1.41,4.27,4.79,5.76,3.30,..,anti,A,4.41,4.54,3.08,4.00,3.27,4.02,3.68,4.60,6.25,5.94,0.56,5.68,0.40,34.65,0.38,C3'-endo
32,33,0.27,G,G,G,0,0,1,0,0,(,48,1,cWW,cW-W,5.22,2.70,0.88,1.33,3.55,4.96,4.88,3.60,BI,anti,A,4.29,4.58,2.62,3.60,2.98,3.57,3.85,4.09,6.22,5.91,0.65,5.58,0.49,40.49,0.41,C3'-endo
33,34,0.28,A,A,A,1,0,0,0,0,(,47,1,cWW,cW-W,5.36,2.91,0.87,1.44,3.53,4.00,5.81,3.65,..,anti,.,4.07,4.41,3.06,2.49,3.27,2.21,3.98,1.67,6.26,5.94,0.55,5.70,0.38,33.90,0.36,C3'-endo
34,35,0.29,C,C,C,0,1,0,0,0,.,,0,,,4.05,2.70,0.83,1.39,4.04,5.23,5.10,3.79,BI,anti,.,3.56,4.42,1.92,4.65,1.75,4.57,1.59,4.99,6.20,5.99,0.54,5.68,0.43,34.64,0.46,C3'-endo
35,36,0.30,C,C,C,0,1,0,0,0,.,,0,,,1.49,3.96,4.78,1.49,4.32,5.36,5.24,4.00,..,anti,.,2.60,4.16,3.65,3.74,3.99,3.97,4.68,4.68,6.21,6.01,0.50,5.73,0.40,31.80,0.46,C3'-endo
36,37,0.31,C,C,C,0,1,0,0,0,.,47,1,cWS,cW-m,4.91,3.48,0.63,1.47,3.94,5.40,4.82,2.99,BI,anti,.,4.33,4.42,2.57,4.31,3.04,4.57,3.78,5.63,6.25,5.97,0.52,5.74,0.37,31.80,0.38,C3'-endo
37,38,0.32,C,C,C,0,1,0,0,0,(,43,1,cWW,cW-W,5.03,3.03,1.12,1.98,3.32,4.79,4.82,4.06,BI,anti,B,3.10,3.14,2.77,3.86,3.59,3.56,4.93,4.30,5.94,0.28,6.15,6.22,0.26,19.33,1.97,C1'-exo
38,39,0.32,A,A,A,1,0,0,0,0,.,,0,,,5.08,2.93,0.92,1.34,4.22,3.89,0.33,3.50,..,anti,.,4.18,4.63,2.91,3.15,3.04,3.38,4.03,3.27,6.28,5.89,0.63,5.63,0.41,38.17,0.33,C3'-endo
39,40,0.33,U,U,U,0,0,0,1,0,.,"44,45",2,"tSH,cSW","tm-M,cm-W",5.75,2.08,1.19,1.62,3.03,1.17,1.86,4.18,..,anti,.,2.44,2.78,3.26,5.82,3.61,5.17,3.39,4.77,5.99,0.04,0.21,5.90,0.42,24.29,1.06,C4'-exo
40,41,0.34,G,G,G,0,0,1,0,0,.,,0,,,4.23,2.53,3.19,2.23,3.95,0.41,3.54,4.72,..,anti,.,0.36,3.60,4.91,5.99,5.61,5.47,6.21,5.45,6.27,0.10,6.14,0.14,6.20,8.27,3.40,C3'-exo
41,42,0.35,C,C,C,0,1,0,0,0,.,,0,,,1.72,1.75,3.35,2.10,3.97,5.16,5.10,3.20,BI,anti,.,3.97,3.87,1.77,3.36,2.26,3.68,2.66,4.76,6.17,0.13,6.18,0.03,0.05,7.54,2.43,C1'-exo
42,43,0.36,C,C,C,0,1,0,0,0,.,,0,,,5.06,3.04,0.77,1.84,3.82,5.06,5.04,3.56,BI,anti,.,4.08,4.09,2.55,3.88,3.14,3.56,4.43,4.62,6.15,0.03,0.08,6.13,0.18,10.38,1.11,C4'-exo
43,44,0.37,G,G,G,0,0,1,0,0,),"37,46",2,"cWW,tSW","cW-W,tm+W",5.13,4.53,2.37,1.72,4.61,1.56,3.05,5.06,..,anti,.,-0.84,2.80,5.60,1.74,5.90,1.22,4.87,0.92,5.95,0.11,0.14,5.95,0.41,23.29,1.23,C4'-exo
44,45,0.38,A,A,A,1,0,0,0,0,.,39,1,tHS,tM-m,2.73,3.98,0.51,2.26,3.49,4.79,4.98,3.61,BI,anti,.,3.43,3.32,1.38,3.95,1.51,3.97,1.82,4.68,6.13,0.22,6.08,0.12,0.02,12.73,2.74,C2'-endo
45,46,0.38,A,A,A,1,0,0,0,0,.,39,1,cWS,cW-m,5.02,3.09,0.82,1.94,3.57,5.04,4.82,3.25,BI,anti,.,4.09,3.94,2.65,4.19,3.05,4.14,4.06,5.07,6.10,0.09,0.03,6.15,0.20,11.22,1.41,O4'-endo
46,47,0.39,C,C,C,0,1,0,0,0,.,43,1,tWS,tW+m,4.95,3.15,0.92,1.43,4.53,5.53,5.29,3.49,..,anti,.,4.01,4.73,2.94,4.31,3.28,4.19,4.51,4.51,6.23,6.01,0.48,5.75,0.36,30.43,0.42,C3'-endo
47,48,0.40,U,U,U,0,0,0,1,0,),"33,36",2,"cWW,cSW","cW-W,cm-W",4.54,1.32,2.83,1.62,4.24,4.48,6.05,2.82,..,anti,.,4.72,4.70,3.14,2.96,3.26,3.32,3.94,4.10,0.12,5.95,0.41,5.93,0.14,23.54,0.04,C3'-endo
48,49,0.41,C,C,C,0,1,0,0,0,),32,1,cWW,cW-W,5.91,2.73,0.48,1.53,3.47,4.57,5.19,3.63,BI,anti,A,4.28,4.64,2.79,3.76,3.11,3.76,4.00,4.06,0.22,5.71,0.69,5.70,0.23,39.34,0.01,C3'-endo
49,50,0.42,A,A,A,1,0,0,0,0,),31,1,cWW,cW-W,6.22,2.54,0.21,1.45,2.83,5.38,3.74,3.61,BI,anti,.,4.24,4.52,2.91,4.31,3.11,4.22,3.69,4.36,0.26,5.68,0.71,5.69,0.21,40.85,6.26,C2'-exo
50,51,0.43,G,G,G,0,0,1,0,0,),"30,52",2,"cWW,c.H","cW-W,c.+M",2.41,4.28,3.07,1.24,4.33,4.41,6.20,2.86,..,anti,.,3.66,4.06,3.18,3.29,3.58,3.42,4.13,3.81,6.00,6.10,0.56,5.54,0.65,42.28,0.72,C4'-exo
51,52,0.44,A,A,A,1,0,0,0,0,.,,0,,,5.19,2.75,1.03,1.49,2.89,4.44,4.74,4.04,BI,anti,.,3.23,3.66,2.99,2.69,3.32,2.27,3.81,1.94,6.06,6.17,0.39,5.76,0.47,30.04,0.74,C4'-exo
52,53,0.44,A,A,A,1,0,0,0,0,.,"30,50",2,"cWS,cH.","cW-m,cM+.",4.69,2.83,0.79,1.50,3.53,5.35,4.47,2.97,BI,anti,.,4.17,4.37,2.31,4.01,2.16,4.05,2.13,4.52,6.27,5.96,0.51,5.75,0.34,30.94,0.35,C3'-endo
53,54,0.45,G,G,G,0,0,1,0,0,),29,1,cWW,cW-W,4.76,3.32,1.17,1.37,3.80,4.83,5.25,3.60,BI,anti,A,4.25,4.74,3.00,3.61,3.33,3.67,4.11,4.02,0.08,5.78,0.71,5.59,0.39,41.95,0.22,C3'-endo
54,55,0.46,U,U,U,0,0,0,1,0,),"28,56",2,"cWW,cSH","cW-W,cm+M",5.17,2.69,1.34,1.40,3.64,5.13,4.79,3.55,BI,anti,A,4.28,4.52,3.04,3.82,3.31,3.75,3.87,4.02,0.08,5.80,0.68,5.63,0.36,39.99,0.21,C3'-endo
55,56,0.47,G,G,G,0,0,1,0,0,),"27,57",2,"cWW,cSH","cW-W,cm+M",5.03,3.06,1.26,1.52,0.11,0.31,6.09,3.65,..,anti,.,1.71,2.09,3.81,1.68,3.94,1.62,4.30,1.60,6.08,6.16,0.37,5.79,0.44,28.59,0.72,C4'-exo
56,57,0.48,A,A,A,1,0,0,0,0,.,"29,54",2,"cWS,cHS","cW-m,cM+m",3.87,3.91,0.50,2.12,3.72,5.05,4.95,3.26,BI,anti,.,3.61,3.52,2.41,4.14,2.32,4.21,2.44,5.06,6.17,0.15,6.16,0.05,0.04,8.19,2.55,C2'-endo
57,58,0.49,A,A,A,1,0,0,0,0,.,"28,55",2,"cWS,cHS","cW-m,cM+m",4.95,3.06,0.92,1.87,3.70,5.02,4.97,3.60,BI,anti,.,3.81,3.83,2.67,4.13,3.21,4.14,4.33,5.17,6.10,0.04,0.11,6.07,0.25,14.28,1.13,C4'-exo
58,59,0.50,A,A,A,1,0,0,0,0,.,23,1,cW.,cW-.,5.07,2.80,1.13,1.54,3.98,4.80,5.47,3.49,BI,anti,A,4.21,4.53,2.86,3.95,3.37,3.91,4.72,4.44,0.05,5.93,0.51,5.79,0.28,29.77,0.23,C3'-endo
59,60,0.50,C,C,C,0,1,0,0,0,),22,1,cWW,cW-W,5.52,2.69,0.61,1.33,3.68,4.82,5.14,3.61,BI,anti,A,4.22,4.57,2.69,3.51,3.02,3.52,3.91,3.83,0.02,5.84,0.67,5.61,0.41,40.18,0.30,C3'-endo
60,61,0.51,G,G,G,0,0,1,0,0,),21,1,cWW,cW-W,5.25,2.77,1.06,1.42,3.57,5.30,4.56,3.41,BI,anti,.,4.51,4.59,2.93,3.98,3.13,3.95,3.66,4.73,0.01,5.88,0.62,5.65,0.39,37.31,0.31,C3'-endo
61,62,0.52,C,C,C,0,1,0,0,0,),20,1,cWW,cW-W,5.04,3.00,1.14,1.45,4.00,5.32,4.97,3.55,BI,anti,.,4.11,4.46,3.06,4.01,3.42,3.87,4.53,4.18,6.24,5.96,0.54,5.71,0.39,33.30,0.39,C3'-endo
62,63,0.53,C,C,C,0,1,0,0,0,),19,1,cWW,cW-W,4.45,2.01,2.41,1.36,4.46,5.41,5.33,2.70,..,anti,A,4.28,4.49,3.17,3.93,3.33,3.73,3.95,4.41,6.27,5.91,0.60,5.66,0.40,36.44,0.34,C3'-endo
63,64,0.54,G,G,G,0,0,1,0,0,),18,1,cWW,cW-W,3.85,2.17,2.27,1.41,4.53,4.71,6.10,3.03,..,anti,A,4.70,4.71,2.38,3.58,2.78,3.69,3.78,4.47,0.08,5.84,0.62,5.69,0.32,36.34,0.20,C3'-endo
64,65,0.55,U,U,U,0,0,0,1,0,),17,1,cWW,cW-W,5.28,2.36,1.40,1.45,4.05,4.11,6.22,3.39,..,anti,.,4.09,4.23,2.94,3.83,3.36,3.96,4.37,4.76,6.22,5.98,0.52,5.71,0.40,32.78,0.42,C3'-endo
65,66,0.56,A,A,A,1,0,0,0,0,.,,0,,,0.55,2.11,0.75,1.46,2.56,4.63,4.21,4.76,BI,anti,.,0.99,3.95,3.51,2.82,4.06,2.15,4.64,1.74,0.10,5.83,0.61,5.71,0.30,35.53,0.16,C3'-endo
66,67,0.56,G,G,G,0,0,1,0,0,),"16,107",2,"cWW,tHW","cW-W,tM-W",4.66,3.17,0.47,2.03,3.54,4.87,4.95,3.22,BI,anti,A,4.02,3.90,2.06,3.95,1.91,3.90,2.15,4.31,6.18,0.04,0.02,6.20,0.12,6.59,1.36,O4'-endo
67,68,0.57,C,C,C,0,1,0,0,0,),15,1,cWW,cW-W,4.78,3.25,1.01,1.24,3.54,5.32,4.50,3.60,BI,anti,.,4.18,4.58,2.61,3.78,2.87,3.75,3.62,4.14,0.07,5.73,0.81,5.50,0.45,47.73,0.24,C3'-endo
68,69,0.58,G,G,G,0,0,1,0,0,.,"12,106",2,"tSS,tHS","tm+m,tM-m",3.85,2.83,2.59,1.46,4.61,4.87,6.02,2.96,..,anti,.,4.79,4.80,3.33,3.90,3.46,4.07,4.10,5.06,0.19,5.74,0.67,5.70,0.24,38.65,0.04,C3'-endo
69,70,0.59,C,C,C,0,1,0,0,0,(,105,1,cWW,cW-W,5.55,2.63,0.93,1.42,4.00,4.84,5.44,3.31,BI,anti,A,4.53,4.64,2.78,3.84,3.32,3.86,4.69,4.31,0.05,5.87,0.61,5.68,0.35,36.09,0.26,C3'-endo
70,71,0.60,C,C,C,0,1,0,0,0,(,104,1,cWW,cW-W,5.15,2.78,1.23,1.41,3.89,5.27,4.91,3.31,BI,anti,.,4.64,4.71,2.98,4.17,3.25,4.14,3.98,5.02,0.04,5.86,0.63,5.66,0.37,37.19,0.26,C3'-endo
71,72,0.61,G,G,G,0,0,1,0,0,.,103,1,tSH,tm-M,5.09,3.25,0.64,1.36,3.36,4.56,5.08,3.54,BI,anti,.,4.38,4.56,2.62,2.71,3.02,2.56,4.36,2.44,0.11,5.76,0.71,5.61,0.35,41.61,0.18,C3'-endo
72,73,0.62,A,A,A,1,0,0,0,0,.,102,1,tHW,tM-W,4.69,2.01,2.39,1.37,4.14,5.08,5.35,3.16,..,anti,.,4.68,4.71,3.49,3.55,3.20,3.71,2.87,4.75,6.26,5.91,0.60,5.65,0.41,36.91,0.36,C3'-endo
73,74,0.62,U,U,U,0,0,0,1,0,.,101,1,t.W,t.-W,5.33,3.08,0.67,1.52,3.93,5.01,5.19,3.46,BI,anti,.,4.28,4.53,2.83,4.08,3.22,4.18,4.50,5.12,0.08,5.88,0.56,5.76,0.28,32.54,0.18,C3'-endo
74,75,0.63,G,G,G,0,0,1,0,0,.,100,1,cWW,cW-W,5.44,2.78,0.66,1.41,3.59,5.05,4.82,3.48,BI,anti,A,4.39,4.62,2.59,3.73,3.06,3.74,4.43,4.20,0.07,5.85,0.62,5.70,0.32,36.12,0.21,C3'-endo
75,76,0.64,G,G,G,0,0,1,0,0,.,99,1,tWH,tW-M,5.37,3.32,0.71,1.61,3.47,4.95,4.80,3.17,BI,anti,A,4.93,4.75,3.15,3.75,3.33,3.84,4.04,4.31,0.25,5.80,0.51,5.89,0.09,29.71,6.13,C2'-exo
76,77,0.65,U,U,U,0,0,0,1,0,.,98,1,tWH,tW-M,5.34,2.65,0.94,1.44,3.91,4.98,5.22,3.48,BI,anti,.,4.30,4.62,2.93,3.98,3.27,3.92,4.03,4.12,0.06,5.83,0.66,5.64,0.36,39.04,0.23,C3'-endo
77,78,0.66,A,A,A,1,0,0,0,0,.,97,1,tHS,tM-m,5.46,3.16,0.79,1.28,3.65,5.17,4.76,3.58,BI,anti,.,4.20,4.55,3.01,3.66,3.19,3.80,3.68,4.72,6.27,5.84,0.71,5.55,0.48,43.26,0.35,C3'-endo
78,79,0.67,G,G,G,0,0,1,0,0,(,96,1,cWW,cW-W,5.03,3.00,1.25,1.53,3.89,4.98,5.20,3.23,BI,anti,A,4.69,4.70,3.08,4.04,3.42,4.07,4.54,4.57,0.10,5.86,0.57,5.76,0.27,32.87,0.15,C3'-endo
79,80,0.68,U,U,U,0,0,0,1,0,(,95,1,cWW,cW-W,5.48,2.73,0.86,1.47,3.54,4.62,5.20,3.14,BI,anti,.,4.33,4.36,2.92,3.31,3.39,3.33,4.35,3.35,6.23,5.97,0.54,5.70,0.40,33.45,0.41,C3'-endo
80,81,0.68,G,G,G,0,0,1,0,0,(,94,1,cWW,cW-W,4.91,3.25,0.94,1.47,3.87,5.09,5.07,3.25,BI,anti,A,4.67,4.71,3.01,3.92,2.93,3.95,2.96,4.47,0.08,5.84,0.62,5.69,0.32,36.22,0.20,C3'-endo
81,82,0.69,U,U,U,0,0,0,1,0,(,93,1,cWW,cW-W,4.99,3.09,1.03,1.37,3.69,5.18,4.80,3.49,BI,anti,A,4.34,4.56,2.89,3.77,3.14,3.77,3.91,4.25,0.00,5.87,0.64,5.63,0.41,38.52,0.32,C3'-endo
82,83,0.70,G,G,G,0,0,1,0,0,(,92,1,cWW,cW-W,5.21,3.18,0.66,1.38,3.79,5.10,4.98,3.38,BI,anti,A,4.56,4.72,2.80,3.73,3.03,3.83,3.79,4.30,0.10,5.78,0.70,5.62,0.36,40.74,0.19,C3'-endo
83,84,0.71,G,G,G,0,0,1,0,0,(,91,1,cWW,cW-W,4.88,2.91,1.43,1.39,3.75,4.99,5.05,3.33,BI,anti,A,4.67,4.71,2.97,3.69,3.28,3.64,3.98,4.12,0.01,5.88,0.63,5.64,0.40,37.74,0.32,C3'-endo
84,85,0.72,G,G,G,0,0,1,0,0,(,90,1,cWW,cW-W,5.21,3.01,0.84,1.36,3.50,5.00,4.78,3.27,BI,anti,.,4.70,4.66,2.83,3.46,3.06,3.51,3.89,3.75,0.05,5.82,0.67,5.62,0.38,39.70,0.25,C3'-endo
85,86,0.73,G,G,G,0,0,1,0,0,(,89,1,cWW,cW-W,5.26,3.27,0.95,1.46,3.86,4.43,5.72,3.47,BI,anti,.,4.44,4.68,3.25,3.74,3.33,3.11,3.62,2.22,0.10,5.82,0.63,5.69,0.31,36.56,0.17,C3'-endo
86,87,0.74,U,U,U,0,0,0,1,0,.,,0,,,1.37,3.55,2.93,1.62,4.10,5.41,4.97,4.19,..,anti,.,2.23,3.19,1.63,5.23,1.54,5.38,0.82,5.73,5.95,0.04,0.24,5.85,0.48,27.61,1.06,C4'-exo
87,88,0.74,C,C,C,0,1,0,0,0,.,,0,,,1.52,1.52,6.13,1.91,3.20,2.36,0.84,3.75,..,anti,.,1.57,1.91,3.02,2.32,3.68,2.31,3.84,4.96,5.91,0.29,6.18,6.18,0.30,20.68,1.86,O4'-endo
88,89,0.75,U,U,U,0,0,0,1,0,.,,0,,,1.25,1.47,2.85,2.50,3.53,0.16,3.36,5.62,..,...,.,-0.27,2.46,0.97,4.85,0.12,5.42,3.70,6.00,5.96,0.55,5.73,0.38,6.24,32.72,2.88,C2'-endo
89,90,0.76,C,C,C,0,1,0,0,0,),85,1,cWW,cW-W,2.46,3.48,2.75,2.02,3.84,5.08,5.04,3.19,BI,anti,.,4.49,4.39,2.62,3.99,3.64,3.80,4.18,3.96,6.25,6.26,0.07,6.20,0.07,5.00,0.67,C4'-exo
90,91,0.77,C,C,C,0,1,0,0,0,),84,1,cWW,cW-W,4.74,2.81,1.65,1.75,3.58,4.51,5.35,3.78,BI,anti,A,3.95,4.13,2.93,3.38,3.38,3.33,3.93,3.81,5.98,0.15,0.04,6.06,0.33,18.86,1.44,O4'-endo
91,92,0.78,C,C,C,0,1,0,0,0,),83,1,cWW,cW-W,5.47,2.85,0.80,1.40,3.53,5.15,4.66,3.53,BI,anti,A,4.27,4.48,2.97,3.69,3.11,3.71,3.77,4.05,0.04,5.85,0.65,5.64,0.38,38.52,0.27,C3'-endo
92,93,0.79,C,C,C,0,1,0,0,0,),82,1,cWW,cW-W,5.00,3.16,1.05,1.43,3.83,4.90,5.22,3.41,BI,anti,A,4.47,4.62,3.00,3.72,3.19,3.73,3.72,4.16,0.01,5.89,0.60,5.67,0.38,36.05,0.30,C3'-endo
93,94,0.79,A,A,A,1,0,0,0,0,),81,1,cWW,cW-W,5.38,2.95,0.72,1.39,3.90,5.08,5.10,3.58,BI,anti,A,4.15,4.66,2.85,3.85,3.03,3.92,3.69,4.65,0.00,5.90,0.60,5.67,0.38,36.16,0.32,C3'-endo
94,95,0.80,U,U,U,0,0,0,1,0,),80,1,cWW,cW-W,5.09,3.05,0.98,1.38,3.75,4.83,5.21,3.63,BI,anti,A,4.22,4.66,2.84,3.57,3.14,3.56,4.09,3.73,0.08,5.82,0.66,5.65,0.35,38.53,0.21,C3'-endo
95,96,0.81,G,G,G,0,0,1,0,0,),79,1,cWW,cW-W,5.34,2.87,0.74,1.33,3.61,5.03,4.86,3.41,BI,anti,A,4.57,4.67,2.81,3.65,2.97,3.68,3.37,4.24,0.02,5.81,0.72,5.56,0.45,43.06,0.30,C3'-endo
96,97,0.82,C,C,C,0,1,0,0,0,),78,1,cWW,cW-W,5.29,2.92,1.01,1.30,3.91,5.34,4.85,3.36,BI,anti,.,4.54,4.71,3.03,4.11,3.24,4.18,4.04,4.97,0.06,5.78,0.74,5.56,0.42,43.55,0.25,C3'-endo
97,98,0.83,G,G,G,0,0,1,0,0,.,77,1,tSH,tm-M,5.09,3.10,1.02,1.39,3.61,3.91,5.98,3.21,..,anti,.,4.72,4.71,2.88,2.96,3.33,2.66,4.57,2.47,0.09,5.78,0.70,5.61,0.37,40.96,0.20,C3'-endo
98,99,0.84,A,A,A,1,0,0,0,0,.,76,1,tHW,tM-W,1.20,4.15,4.47,1.48,3.82,5.23,4.87,3.32,BI,anti,.,4.76,4.83,3.64,3.14,3.24,3.44,2.81,4.50,0.15,5.80,0.61,5.74,0.25,35.01,0.08,C3'-endo
99,100,0.85,G,G,G,0,0,1,0,0,.,75,1,tHW,tM-W,5.30,2.94,0.61,1.39,3.92,4.85,5.36,3.41,BI,anti,.,4.53,4.75,2.74,3.88,3.13,4.05,4.42,4.97,0.10,5.79,0.68,5.64,0.34,39.76,0.18,C3'-endo
100,101,0.85,A,A,A,1,0,0,0,0,.,74,1,cWW,cW-W,5.59,2.63,0.81,1.53,3.87,5.17,4.98,3.21,BI,anti,A,4.71,4.70,2.96,4.28,3.37,4.21,4.58,4.85,0.07,5.86,0.59,5.72,0.31,34.29,0.20,C3'-endo
101,102,0.86,G,G,G,0,0,1,0,0,.,73,1,tW.,tW-.,4.96,2.91,1.05,1.29,3.58,5.15,4.72,3.40,BI,anti,A,4.58,4.69,2.72,3.62,3.13,3.66,4.30,4.12,0.07,5.80,0.69,5.61,0.38,40.68,0.23,C3'-endo
102,103,0.87,U,U,U,0,0,0,1,0,.,72,1,tWH,tW-M,4.90,3.40,1.07,1.21,3.53,5.02,4.79,3.68,BI,anti,A,4.12,4.56,2.95,3.66,3.14,3.77,3.81,4.00,0.12,5.69,0.84,5.50,0.42,48.87,0.19,C3'-endo
103,104,0.88,A,A,A,1,0,0,0,0,.,71,1,tHS,tM-m,4.00,3.39,2.24,1.59,4.10,5.29,5.08,3.63,..,anti,.,3.59,3.96,3.22,4.24,3.36,4.23,3.64,5.04,0.08,5.97,0.39,5.92,0.19,22.72,0.13,C3'-endo
104,105,0.89,G,G,G,0,0,1,0,0,),70,1,cWW,cW-W,5.34,2.72,1.21,1.26,3.86,4.93,5.21,3.21,BI,anti,A,4.67,4.70,2.76,3.64,3.34,3.70,4.70,4.15,0.06,5.80,0.71,5.59,0.40,42.06,0.24,C3'-endo
105,106,0.90,G,G,G,0,0,1,0,0,),69,1,cWW,cW-W,5.45,3.00,0.89,1.41,3.94,5.07,5.15,3.30,BI,anti,.,4.67,4.74,3.17,4.03,3.38,4.13,4.01,5.03,0.04,5.87,0.61,5.68,0.36,36.22,0.26,C3'-endo
106,107,0.91,G,G,G,0,0,1,0,0,.,68,1,tSH,tm-M,5.45,2.81,0.85,1.43,3.54,4.88,4.95,3.42,BI,anti,.,4.45,4.53,2.91,3.46,3.39,3.66,4.67,3.77,0.07,5.85,0.61,5.70,0.32,35.52,0.21,C3'-endo
107,108,0.91,A,A,A,1,0,0,0,0,.,66,1,tWH,tW-M,5.06,3.77,1.34,1.69,3.58,1.85,1.73,4.57,..,anti,.,1.28,3.49,3.86,1.22,3.84,0.98,3.66,1.16,6.11,6.22,0.26,5.92,0.34,21.10,0.80,C4'-exo
108,109,0.92,A,A,A,1,0,0,0,0,.,10,1,cWW,cW-W,0.89,3.37,5.09,1.56,3.43,4.54,5.18,3.58,BI,anti,B,3.90,4.04,3.72,3.12,3.77,3.20,3.85,4.12,6.15,6.09,0.42,5.78,0.40,28.74,0.58,C3'-endo
109,110,0.93,C,C,C,0,1,0,0,0,),9,1,cWW,cW-W,2.64,3.78,2.73,1.40,3.78,5.27,4.79,3.48,BI,anti,A,4.44,4.70,2.53,3.93,2.85,3.85,3.96,4.44,0.10,5.79,0.67,5.65,0.34,39.35,0.19,C3'-endo
110,111,0.94,U,U,U,0,0,0,1,0,),8,1,cWW,cW-W,5.22,3.22,0.78,1.39,4.04,4.21,6.12,3.56,..,anti,.,4.17,4.75,2.97,3.36,3.28,3.50,4.20,3.67,0.07,5.82,0.66,5.65,0.36,38.64,0.23,C3'-endo
111,112,0.95,G,G,G,0,0,1,0,0,),7,1,cWW,cW-W,5.79,2.38,0.66,1.33,3.87,4.51,5.65,3.30,BI,anti,A,4.59,4.65,2.97,3.51,3.06,3.54,3.27,3.94,6.27,5.86,0.68,5.58,0.45,41.53,0.34,C3'-endo
112,113,0.96,C,C,C,0,1,0,0,0,),6,1,cWW,cW-W,5.45,2.61,0.97,1.39,3.74,5.09,4.93,3.31,BI,anti,.,4.62,4.67,2.97,3.93,3.12,3.86,3.74,4.19,0.11,5.78,0.69,5.64,0.33,40.15,0.17,C3'-endo
113,114,0.97,C,C,C,0,1,0,0,0,),5,1,cWW,cW-W,5.33,3.15,0.85,1.35,3.89,4.72,5.45,3.16,BI,anti,A,4.67,4.67,3.04,3.59,3.24,3.70,3.93,4.37,0.04,5.83,0.68,5.61,0.40,40.19,0.28,C3'-endo
114,115,0.97,A,A,A,1,0,0,0,0,),4,1,cWW,cW-W,5.40,2.73,0.90,1.44,3.62,4.94,4.96,3.43,BI,anti,A,4.49,4.58,2.86,3.70,3.12,3.61,4.00,3.80,0.03,5.87,0.62,5.66,0.37,37.05,0.28,C3'-endo
115,116,0.98,G,G,G,0,0,1,0,0,),3,1,cWW,cW-W,5.07,2.90,1.12,1.34,3.50,5.07,4.71,3.44,BI,anti,A,4.51,4.61,2.87,3.60,3.07,3.56,3.59,4.02,0.03,5.83,0.67,5.62,0.40,39.87,0.28,C3'-endo
116,117,0.99,G,G,G,0,0,1,0,0,),2,1,cWW,cW-W,5.12,3.20,0.81,1.37,4.03,5.18,5.13,3.21,BI,anti,.,4.75,4.79,2.94,4.11,3.05,4.20,3.74,4.81,0.11,5.77,0.70,5.62,0.35,40.92,0.18,C3'-endo
117,118,1.00,C,C,C,0,1,0,0,0,),1,1,cWW,cW-W,5.15,3.22,0.92,1.43,,,,3.69,n/a,anti,-,,,,,,,,,6.21,5.99,0.53,5.70,0.41,33.32,0.44,C3'-endo
