index_chain,old_nt_resnum,nt_position,nt_name,nt_code,nt_align_code,is_A,is_C,is_G,is_U,is_other,dbn,paired,nb_interact,pair_type_LW,pair_type_DSSR,alpha,beta,gamma,delta,epsilon,zeta,epsilon_zeta,chi,bb_type,glyco_bond,form,ssZp,Dp,eta,theta,eta_prime,theta_prime,eta_base,theta_base,v0,v1,v2,v3,v4,amplitude,phase_angle,puckering
1,27,0.06,U,U,U,0,0,0,1,0,(,17,1,cWW,cW-W,,1.67,5.33,1.48,3.61,5.03,4.86,3.33,BI,anti,A,4.43,4.46,,3.40,,3.60,,4.38,6.22,5.94,0.59,5.64,0.45,37.21,0.42,C3'-endo
2,28,0.12,C,C,C,0,1,0,0,0,(,16,1,cWW,cW-W,5.14,3.02,0.81,1.32,3.88,4.86,5.30,3.60,BI,anti,A,4.24,4.79,2.80,3.66,3.03,3.68,3.84,4.09,0.10,5.74,0.76,5.56,0.40,44.57,0.20,C3'-endo
3,29,0.18,G,G,G,0,0,1,0,0,(,15,1,cWW,cW-W,5.20,2.71,1.03,1.32,3.84,4.88,5.24,3.24,BI,anti,A,4.75,4.76,2.84,3.68,3.03,3.67,3.70,4.13,0.03,5.81,0.71,5.57,0.43,42.55,0.28,C3'-endo
4,30,0.24,G,G,G,0,0,1,0,0,(,"0,14",2,"tSS,cWW","tm+m,cW-W",5.37,2.79,0.98,1.38,3.98,4.94,5.33,3.13,BI,anti,A,4.69,4.68,3.03,3.82,3.23,3.84,3.96,4.23,0.03,5.86,0.63,5.65,0.38,37.66,0.28,C3'-endo
5,31,0.29,G,G,G,0,0,1,0,0,(,13,1,cWW,cW-W,5.21,2.71,1.25,1.36,3.84,5.03,5.09,3.09,BI,anti,A,4.65,4.64,3.01,3.83,3.32,3.87,4.01,4.58,6.23,5.91,0.62,5.62,0.45,38.45,0.40,C3'-endo
6,32,0.35,C,C,C,0,1,0,0,0,.,12,1,tWH,tW-M,5.09,3.05,0.97,1.43,4.03,5.05,5.26,3.39,BI,anti,.,4.42,4.58,2.97,4.12,3.25,4.17,4.22,4.96,6.27,5.91,0.60,5.66,0.40,36.59,0.34,C3'-endo
7,33,0.41,U,U,U,0,0,0,1,0,.,10,1,tWH,tW-M,5.26,3.05,0.70,1.33,3.99,4.86,5.41,3.56,BI,anti,.,4.21,4.73,2.75,4.25,3.07,3.61,4.16,2.53,0.08,5.76,0.74,5.57,0.39,43.49,0.21,C3'-endo
8,34,0.47,C,C,C,0,1,0,0,0,[,0,1,cWW,cW-W,3.01,3.19,0.88,1.52,4.07,4.98,5.37,3.40,BI,anti,A,4.19,4.45,0.70,4.04,1.02,4.10,0.46,4.59,0.02,5.94,0.51,5.77,0.31,30.58,0.29,C3'-endo
9,35,0.53,A,A,A,1,0,0,0,0,[,"0,0",2,"cWW,tSW","cW-W,tm+W",5.42,2.92,0.70,1.43,3.26,4.92,4.63,3.58,BI,anti,A,4.14,4.31,2.77,3.76,3.19,3.64,4.00,3.96,0.01,5.93,0.55,5.72,0.35,33.28,0.31,C3'-endo
10,36,0.59,U,U,U,0,0,0,1,0,[,"7,0",2,"tHW,cWW","tM-W,cW-W",3.18,3.55,2.44,1.26,4.46,4.49,6.25,3.14,..,anti,A,4.67,4.80,2.79,3.69,2.95,3.74,3.52,4.36,0.03,5.82,0.71,5.57,0.42,42.14,0.28,C3'-endo
11,37,0.65,A,A,A,1,0,0,0,0,.,,0,,,5.69,2.43,0.79,1.31,4.05,4.79,5.54,3.26,..,anti,.,4.76,4.81,2.87,3.85,3.12,3.91,3.98,4.82,6.28,5.86,0.65,5.61,0.43,39.52,0.33,C3'-endo
12,38,0.71,A,A,A,1,0,0,0,0,.,6,1,tHW,tM-W,5.40,2.60,1.02,1.41,3.81,5.46,4.63,3.54,BI,anti,.,4.38,4.73,2.91,4.33,3.28,4.32,4.54,5.10,0.13,5.76,0.69,5.66,0.31,39.69,0.13,C3'-endo
13,39,0.76,C,C,C,0,1,0,0,0,),5,1,cWW,cW-W,5.05,3.28,0.74,1.40,3.79,4.93,5.14,3.38,BI,anti,A,4.63,4.75,2.76,3.73,3.23,3.82,4.50,4.24,0.17,5.72,0.72,5.64,0.30,41.54,0.09,C3'-endo
14,40,0.82,C,C,C,0,1,0,0,0,),4,1,cWW,cW-W,5.27,3.00,0.95,1.44,3.82,4.66,5.45,3.72,BI,anti,A,3.94,4.64,3.02,3.67,3.22,3.74,3.81,4.11,0.06,5.85,0.62,5.68,0.34,36.69,0.24,C3'-endo
15,41,0.88,C,C,C,0,1,0,0,0,),"0,3",2,"cSS,cWW","cm-m,cW-W",5.64,2.74,0.76,1.44,3.68,4.92,5.04,3.33,BI,anti,A,4.50,4.51,3.01,3.74,3.22,3.73,3.77,4.13,6.26,5.93,0.58,5.67,0.40,35.64,0.36,C3'-endo
16,42,0.94,G,G,G,0,0,1,0,0,),2,1,cWW,cW-W,5.24,2.96,0.88,1.42,3.74,4.95,5.07,3.46,BI,anti,A,4.46,4.63,2.95,3.74,3.14,3.74,3.79,4.17,0.02,5.88,0.62,5.66,0.38,37.00,0.29,C3'-endo
17,43,1.00,A,A,A,1,0,0,0,0,),1,1,cWW,cW-W,5.28,2.99,0.75,1.35,,,,3.38,..,anti,-,,,,,,,,,6.28,5.86,0.67,5.59,0.44,40.66,0.33,C3'-endo
