index_chain,old_nt_resnum,nt_position,nt_name,nt_code,nt_align_code,is_A,is_C,is_G,is_U,is_other,dbn,paired,nb_interact,pair_type_LW,pair_type_DSSR,alpha,beta,gamma,delta,epsilon,zeta,epsilon_zeta,chi,bb_type,glyco_bond,form,ssZp,Dp,eta,theta,eta_prime,theta_prime,eta_base,theta_base,v0,v1,v2,v3,v4,amplitude,phase_angle,puckering
1,1,0.01,G,G,G,0,0,1,0,0,(,117,1,cWW,cW-W,,1.74,5.39,1.42,3.78,4.60,5.47,3.63,BI,anti,.,3.93,4.88,,3.56,,3.81,,3.77,0.02,5.79,0.79,5.56,0.45,46.73,0.26,C3'-endo
2,2,0.02,G,G,G,0,0,1,0,0,(,"25,116",2,"tWW,cWW","tW+W,cW-W",2.82,4.02,3.47,1.45,3.82,4.18,5.92,3.02,..,anti,.,5.10,5.09,4.01,2.26,4.12,2.68,4.13,3.11,6.20,5.87,0.72,5.54,0.56,45.16,0.42,C3'-endo
3,3,0.03,U,U,U,0,0,0,1,0,(,115,1,cWW,cW-W,5.20,3.26,0.38,1.34,2.18,0.58,1.60,3.14,..,anti,A,4.87,4.91,2.99,4.26,2.91,4.26,3.16,4.88,0.35,5.52,0.92,5.63,0.16,52.99,6.18,C2'-exo
4,4,0.03,U,U,U,0,0,0,1,0,(,114,1,cWW,cW-W,3.88,3.20,1.04,1.43,3.38,4.59,5.07,3.16,BI,anti,.,4.78,4.77,2.62,3.29,3.15,3.32,4.35,3.68,0.24,5.63,0.83,5.61,0.27,47.70,0.02,C3'-endo
5,5,0.04,G,G,G,0,0,1,0,0,(,113,1,cWW,cW-W,5.62,2.88,0.78,1.43,4.17,4.84,5.61,3.29,..,anti,A,4.71,4.75,3.47,4.15,3.39,4.27,3.60,4.60,0.37,5.58,0.75,5.74,0.13,43.69,6.11,C2'-exo
6,6,0.05,C,C,C,0,1,0,0,0,(,112,1,cWW,cW-W,5.65,2.85,0.46,1.33,3.58,5.39,4.47,3.45,BI,anti,.,4.56,4.70,2.78,4.00,3.11,3.90,3.79,4.01,0.05,5.72,0.84,5.51,0.46,49.30,0.24,C3'-endo
7,7,0.06,G,G,G,0,0,1,0,0,(,111,1,cWW,cW-W,3.72,2.70,2.68,1.35,3.26,5.68,3.87,3.18,BI,anti,A,4.76,4.62,3.32,3.25,3.44,3.38,3.80,4.06,6.27,5.83,0.71,5.56,0.49,43.03,0.34,C3'-endo
8,8,0.07,G,G,G,0,0,1,0,0,(,110,1,cWW,cW-W,4.45,3.14,0.72,1.34,1.39,1.02,0.37,3.41,..,anti,A,4.41,4.27,2.85,3.77,3.15,3.83,4.03,4.47,0.24,5.54,0.92,5.46,0.37,52.64,0.08,C3'-endo
9,9,0.08,C,C,C,0,1,0,0,0,(,109,1,cWW,cW-W,4.36,3.08,0.45,1.42,5.05,4.48,0.56,3.64,..,anti,.,3.99,4.75,2.95,4.59,3.16,4.78,3.95,5.17,0.12,5.69,0.88,5.52,0.39,51.01,0.16,C3'-endo
10,10,0.08,C,C,C,0,1,0,0,0,.,,0,,,5.32,2.41,1.39,1.21,3.12,4.44,4.97,3.18,BI,anti,.,4.37,4.19,3.16,2.40,3.91,2.21,4.80,3.09,6.16,5.95,0.67,5.55,0.54,43.21,0.48,C3'-endo
11,11,0.09,A,A,A,1,0,0,0,0,.,,0,,,5.48,3.69,2.51,1.23,3.29,4.27,5.30,3.94,BI,anti,.,3.41,4.20,5.32,2.89,5.13,2.31,4.16,1.69,6.28,5.80,0.77,5.51,0.49,46.50,0.32,C3'-endo
12,12,0.10,U,U,U,0,0,0,1,0,.,,0,,,1.57,3.35,0.92,1.50,2.01,2.49,5.80,3.09,..,anti,.,3.48,3.65,5.95,6.02,6.10,4.91,0.19,5.19,0.44,5.52,0.79,5.77,0.06,46.71,6.03,C2'-exo
13,13,0.11,A,A,A,1,0,0,0,0,.,,0,,,3.29,2.49,0.95,1.54,3.18,2.96,0.22,3.30,..,anti,.,4.11,4.13,1.12,1.20,2.56,0.16,3.59,5.88,0.24,5.73,0.68,5.80,0.16,38.84,6.21,C2'-exo
14,14,0.12,U,U,U,0,0,0,1,0,(,64,1,cWW,cW-W,3.28,2.53,0.84,1.47,3.72,4.58,5.42,3.81,BI,anti,A,3.67,4.63,1.36,3.79,2.27,3.76,3.21,4.11,0.13,5.81,0.64,5.77,0.25,36.91,0.08,C3'-endo
15,15,0.13,C,C,C,0,1,0,0,0,(,"63,108",2,"cWW,tWW","cW-W,tW+W",5.87,2.53,0.62,1.29,1.40,1.60,6.08,3.43,..,anti,.,4.22,4.11,3.15,4.36,3.45,4.04,4.05,4.34,0.28,5.56,0.89,5.60,0.28,51.27,6.27,C2'-exo
16,16,0.14,U,U,U,0,0,0,1,0,(,62,1,cWW,cW-W,3.21,3.04,1.29,1.42,2.96,5.33,3.91,3.40,BI,anti,.,4.80,4.80,2.17,3.37,2.76,3.31,3.52,3.56,0.22,5.63,0.77,5.62,0.28,43.92,0.03,C3'-endo
17,17,0.14,A,A,A,1,0,0,0,0,(,61,1,cWW,cW-W,4.54,3.00,1.20,1.33,4.85,4.11,0.75,3.12,..,anti,A,4.61,4.74,3.10,4.02,3.10,4.13,3.45,4.46,0.49,5.57,0.79,5.85,6.26,47.77,5.97,C2'-exo
18,18,0.15,C,C,C,0,1,0,0,0,(,60,1,cWW,cW-W,6.21,2.27,0.62,1.53,2.66,5.32,3.62,3.49,BI,anti,.,4.48,4.30,2.75,3.52,3.28,3.27,3.89,3.54,6.18,5.84,0.75,5.48,0.60,47.51,0.43,C3'-endo
19,19,0.16,C,C,C,0,1,0,0,0,(,59,1,cWW,cW-W,4.46,3.25,1.26,1.42,3.51,5.11,4.69,3.10,BI,anti,.,4.83,4.71,2.93,4.32,3.02,4.14,3.58,4.61,0.31,5.61,0.77,5.71,0.16,44.11,6.17,C2'-exo
20,20,0.17,A,A,A,1,0,0,0,0,(,58,1,cWW,cW-W,2.85,3.61,2.72,1.50,3.71,4.42,5.57,3.25,BI,anti,.,4.15,4.24,2.56,3.31,3.12,3.32,4.11,3.48,0.34,5.65,0.65,5.78,0.13,37.89,6.12,C2'-exo
21,21,0.18,G,G,G,0,0,1,0,0,.,"56,57",2,"tHW,tHW","tM-W,tM-W",3.50,3.30,3.06,1.39,3.51,1.36,2.15,2.62,..,anti,.,2.34,4.11,3.64,6.09,3.55,5.52,3.70,6.10,0.50,5.38,0.89,5.60,0.15,51.91,6.08,C2'-exo
22,22,0.19,A,A,A,1,0,0,0,0,.,56,1,cW.,cW-.,1.02,3.08,2.73,1.41,2.36,4.71,3.93,5.62,..,...,.,-1.73,4.09,1.57,2.06,2.33,2.01,3.85,2.35,0.36,5.53,0.77,5.64,0.19,44.28,6.17,C2'-exo
23,23,0.19,A,A,A,1,0,0,0,0,.,,0,,,3.00,2.87,4.70,1.20,2.43,4.81,3.90,4.80,..,anti,.,0.63,4.05,4.91,2.22,4.42,2.17,4.03,2.29,0.05,5.89,0.56,5.73,0.33,33.30,0.25,C3'-endo
24,24,0.20,A,A,A,1,0,0,0,0,.,,0,,,2.01,3.82,4.81,1.21,2.64,2.16,0.48,3.96,..,anti,.,3.52,4.09,4.73,5.40,4.27,4.78,4.25,4.27,0.06,5.87,0.57,5.73,0.31,33.57,0.22,C3'-endo
25,25,0.21,G,G,G,0,0,1,0,0,.,2,1,tWW,tW+W,2.11,2.41,3.70,1.42,4.28,4.82,5.74,3.40,..,anti,.,4.66,4.85,2.90,3.48,3.72,3.95,4.46,4.45,0.10,5.75,0.65,5.59,0.39,38.41,0.22,C3'-endo
26,26,0.22,C,C,C,0,1,0,0,0,.,"53,56",2,"cWW,cSW","cW-W,cm-W",4.12,3.87,2.48,1.37,1.80,0.82,0.99,3.81,..,anti,B,3.09,2.93,3.82,3.96,4.19,3.64,4.52,4.64,0.28,5.53,0.93,5.59,0.31,53.44,6.27,C2'-exo
27,27,0.23,A,A,A,1,0,0,0,0,(,"52,55",2,"cWW,tSW","cW-W,tm-W",3.01,2.99,1.71,1.44,3.21,4.94,4.55,3.55,BI,anti,A,4.01,4.32,2.49,4.02,3.00,3.96,4.35,4.60,0.12,5.73,0.80,5.63,0.36,46.34,0.14,C3'-endo
28,28,0.24,C,C,C,0,1,0,0,0,(,51,1,cWW,cW-W,3.08,3.89,2.38,1.51,1.17,1.67,5.78,3.41,..,anti,.,3.49,3.20,3.05,4.36,3.56,4.27,4.47,4.89,0.21,5.73,0.70,5.74,0.23,40.02,0.01,C3'-endo
29,29,0.25,C,C,C,0,1,0,0,0,.,"48,50",2,"cWW,tSW","cW-W,tm-W",4.64,2.61,0.94,1.59,1.41,1.06,0.35,3.30,..,anti,.,3.15,3.03,2.91,4.72,3.76,4.11,4.75,4.91,6.24,5.85,0.67,5.63,0.49,40.68,0.35,C3'-endo
30,30,0.25,G,G,G,0,0,1,0,0,(,47,1,cWW,cW-W,1.29,3.24,2.72,1.47,1.41,1.10,0.30,3.36,..,anti,A,3.58,3.48,2.43,3.36,2.92,3.38,4.24,3.80,0.32,5.52,0.87,5.57,0.30,49.87,6.26,C2'-exo
31,31,0.26,U,U,U,0,0,0,1,0,(,46,1,cWW,cW-W,3.86,3.76,0.15,1.44,3.59,5.57,4.31,3.68,BI,anti,.,3.92,5.13,2.58,4.52,2.72,4.49,3.27,4.41,0.29,5.66,0.70,5.73,0.13,40.57,6.17,C2'-exo
32,32,0.27,U,U,U,0,0,0,1,0,(,"34,45",2,"cSH,cWW","cm+M,cW-W",1.77,3.96,4.66,1.29,4.18,2.73,1.45,3.34,BII,anti,.,2.16,2.27,4.00,0.71,4.22,1.27,4.22,1.60,6.01,6.17,0.43,5.68,0.54,34.40,0.78,C4'-exo
33,33,0.28,U,U,U,0,0,0,1,0,.,,0,,,3.50,3.58,1.21,1.37,3.82,5.40,4.71,3.35,BI,anti,.,4.46,4.45,2.68,4.67,2.43,4.58,2.27,5.38,0.18,5.69,0.77,5.62,0.31,44.39,0.08,C3'-endo
34,34,0.29,C,C,C,0,1,0,0,0,.,"32,46",2,"cHS,cWS","cM+m,cW-m",2.72,3.28,3.16,1.52,3.63,4.78,5.13,3.28,BI,anti,.,4.78,4.63,2.83,3.11,3.36,3.27,4.66,3.76,0.06,5.86,0.59,5.73,0.32,34.40,0.21,C3'-endo
35,35,0.30,C,C,C,0,1,0,0,0,.,45,1,cWS,cW-m,4.74,3.34,0.85,1.47,3.89,5.80,4.38,3.11,..,anti,.,4.79,4.62,2.78,4.71,2.86,4.77,3.42,5.51,0.23,5.61,0.89,5.60,0.30,51.24,0.03,C3'-endo
36,36,0.31,C,C,C,0,1,0,0,0,(,41,1,cWW,cW-W,4.90,3.44,0.68,1.43,3.31,5.01,4.59,3.42,BI,anti,A,4.28,4.07,2.65,3.41,3.34,3.52,4.65,3.97,0.06,5.80,0.70,5.63,0.38,41.38,0.22,C3'-endo
37,37,0.31,G,G,G,0,0,1,0,0,.,43,1,cSW,cm-W,4.62,3.66,0.87,1.47,4.34,4.54,6.08,3.54,..,anti,A,4.25,4.76,3.01,3.84,2.99,3.87,3.44,4.12,0.15,5.74,0.75,5.69,0.29,43.13,0.08,C3'-endo
38,38,0.32,U,U,U,0,0,0,1,0,.,42,1,tSH,tm-M,4.76,2.26,1.78,1.35,4.26,4.71,5.83,3.56,..,anti,.,4.36,4.65,2.73,3.46,3.13,2.52,3.66,1.40,0.40,5.55,0.76,5.72,0.11,44.65,6.09,C2'-exo
39,39,0.33,C,C,C,0,1,0,0,0,.,,0,,,4.41,1.75,0.52,1.46,4.38,4.49,6.18,3.26,..,anti,.,4.27,4.11,1.12,3.84,1.11,3.58,0.60,3.06,0.00,5.88,0.65,5.66,0.39,38.79,0.30,C3'-endo
40,40,0.34,C,C,C,0,1,0,0,0,.,,0,,,4.64,2.20,1.55,1.24,3.96,5.14,5.10,3.38,..,anti,.,4.28,4.17,2.82,4.23,2.82,4.29,2.51,4.67,6.15,5.94,0.66,5.57,0.54,42.47,0.48,C3'-endo
41,41,0.35,G,G,G,0,0,1,0,0,),"36,44",2,"cWW,tSW","cW-W,tm+W",6.22,2.49,1.31,1.46,2.23,4.57,3.94,4.34,..,anti,.,2.31,3.59,4.09,2.62,4.89,1.57,5.18,1.13,0.13,5.87,0.52,5.83,0.21,29.66,0.07,C3'-endo
42,42,0.36,A,A,A,1,0,0,0,0,.,38,1,tHS,tM-m,1.54,3.67,2.82,1.37,3.48,5.60,4.17,2.70,BI,anti,.,3.70,4.12,1.85,3.95,1.63,3.99,1.87,5.05,6.05,6.05,0.60,5.59,0.59,42.12,0.61,C3'-endo
43,43,0.36,U,U,U,0,0,0,1,0,.,37,1,cWS,cW-m,4.47,3.66,0.70,1.47,3.93,5.09,5.13,3.66,BI,anti,.,3.98,4.56,2.61,4.03,3.09,4.19,4.47,5.15,0.22,5.62,0.85,5.61,0.30,48.97,0.03,C3'-endo
44,44,0.37,C,C,C,0,1,0,0,0,.,41,1,tWS,tW+m,5.25,2.72,0.94,1.41,2.53,6.00,2.82,3.58,BI,anti,.,4.35,4.33,2.88,3.82,3.45,3.77,4.68,4.61,0.21,5.69,0.75,5.67,0.26,43.22,0.03,C3'-endo
45,45,0.38,A,A,A,1,0,0,0,0,),"32,35",2,"cWW,cSW","cW-W,cm-W",4.35,3.35,0.73,1.44,3.68,4.82,5.14,3.86,BI,anti,.,3.18,4.37,2.57,3.56,2.84,3.46,4.07,3.50,0.24,5.53,1.04,5.49,0.34,59.64,0.04,C3'-endo
46,46,0.39,A,A,A,1,0,0,0,0,),"31,34",2,"cWW,cSW","cW-W,cm-W",4.91,2.42,1.53,1.44,1.17,1.32,6.13,2.82,..,anti,A,4.77,4.79,3.09,3.66,3.06,3.73,3.29,3.90,0.50,5.46,0.80,5.67,6.24,47.91,5.98,C2'-exo
47,47,0.40,C,C,C,0,1,0,0,0,),30,1,cWW,cW-W,3.87,3.44,0.80,1.48,3.42,5.41,4.30,3.43,BI,anti,.,4.27,4.35,2.78,3.91,3.08,3.89,3.53,4.08,0.03,5.78,0.82,5.49,0.45,48.94,0.28,C3'-endo
48,48,0.41,U,U,U,0,0,0,1,0,.,29,1,cWW,cW-W,3.91,2.46,2.53,2.26,4.02,4.70,5.61,3.49,..,anti,.,3.41,3.63,3.46,3.87,3.74,3.69,4.15,5.01,0.42,5.62,0.57,5.94,0.00,35.55,5.88,C2'-exo
49,49,0.42,G,G,G,0,0,1,0,0,.,,0,,,1.26,4.21,3.13,1.91,3.24,3.99,5.53,3.45,..,anti,.,3.05,3.00,3.01,2.16,3.41,2.40,4.94,2.45,0.04,0.19,5.94,0.36,6.02,21.74,3.55,C3'-exo
50,50,0.42,U,U,U,0,0,0,1,0,.,29,1,tWS,tW-m,5.28,3.43,0.30,1.61,4.03,5.45,4.86,3.39,..,anti,.,4.11,4.08,3.22,4.57,2.81,4.78,2.69,5.21,0.41,5.59,0.69,5.81,0.05,40.96,6.02,C2'-exo
51,51,0.43,G,G,G,0,0,1,0,0,),28,1,cWW,cW-W,5.22,1.65,2.07,1.38,2.52,5.98,2.82,3.42,BI,anti,B,3.57,3.60,3.72,3.28,4.28,3.34,5.03,4.13,6.15,5.93,0.64,5.54,0.56,42.04,0.50,C3'-endo
52,52,0.44,U,U,U,0,0,0,1,0,),27,1,cWW,cW-W,3.63,3.78,0.94,1.37,3.10,4.94,4.44,4.00,BI,anti,A,3.67,4.54,2.40,3.31,2.64,3.33,3.66,3.60,0.11,5.66,0.84,5.50,0.43,48.79,0.19,C3'-endo
53,53,0.45,U,U,U,0,0,0,1,0,.,26,1,cWW,cW-W,5.52,2.79,1.11,1.35,1.85,5.05,3.08,3.98,..,anti,.,2.38,3.24,3.69,2.25,3.85,1.83,4.04,1.53,0.04,5.92,0.58,5.77,0.30,33.81,0.23,C3'-endo
54,54,0.46,A,A,A,1,0,0,0,0,.,,0,,,5.93,2.90,5.48,1.47,3.60,4.41,5.47,3.62,BI,anti,.,3.89,4.07,2.03,3.24,1.73,3.41,1.85,4.16,0.24,5.67,0.77,5.69,0.24,44.28,6.27,C2'-exo
55,55,0.47,A,A,A,1,0,0,0,0,.,27,1,tWS,tW-m,3.10,3.89,2.62,1.48,2.90,0.48,2.42,3.14,..,anti,.,4.72,4.74,2.82,4.89,3.25,4.50,4.13,4.88,0.23,5.69,0.73,5.72,0.21,42.01,6.26,C2'-exo
56,56,0.47,G,G,G,0,0,1,0,0,.,"21,22,26",3,"tWH,c.W,cWS","tW-M,c.-W,cW-m",4.23,3.61,0.38,1.37,3.68,4.82,5.15,3.65,BI,anti,A,4.28,4.47,2.44,3.42,3.07,3.60,4.14,4.40,0.05,5.75,0.79,5.51,0.46,46.80,0.26,C3'-endo
57,57,0.48,C,C,C,0,1,0,0,0,.,21,1,tWH,tW-M,5.56,2.76,0.63,1.47,4.03,5.35,4.96,3.54,..,anti,.,4.19,4.75,3.05,4.37,3.22,4.35,4.04,5.22,0.00,5.90,0.62,5.70,0.37,36.96,0.29,C3'-endo
58,58,0.49,U,U,U,0,0,0,1,0,),20,1,cWW,cW-W,4.42,2.79,1.46,1.44,3.67,4.76,5.20,3.17,BI,anti,A,4.82,4.80,2.45,3.53,3.09,3.44,4.48,3.73,0.33,5.56,0.84,5.65,0.19,48.30,6.20,C2'-exo
59,59,0.50,G,G,G,0,0,1,0,0,),19,1,cWW,cW-W,5.21,2.67,1.02,1.40,4.15,4.97,5.46,3.09,..,anti,.,4.72,4.64,2.94,4.04,3.11,3.97,3.74,4.22,0.40,5.49,0.88,5.62,0.18,50.60,6.16,C2'-exo
60,60,0.51,G,G,G,0,0,1,0,0,),18,1,cWW,cW-W,4.87,3.34,1.10,1.41,4.28,5.01,5.55,3.50,..,anti,.,4.40,4.45,3.05,4.02,3.18,3.99,3.73,4.54,0.20,5.66,0.74,5.58,0.34,42.58,0.10,C3'-endo
61,61,0.52,U,U,U,0,0,0,1,0,),17,1,cWW,cW-W,4.41,2.67,1.65,1.33,4.20,4.59,5.89,3.29,..,anti,A,4.65,4.97,2.63,3.47,3.00,3.46,3.83,3.74,0.11,5.73,0.77,5.58,0.37,44.60,0.17,C3'-endo
62,62,0.53,A,A,A,1,0,0,0,0,),16,1,cWW,cW-W,4.57,2.78,1.59,1.39,4.01,4.25,6.05,3.37,..,anti,.,4.57,4.84,2.89,3.65,3.03,3.63,3.46,3.89,0.15,5.76,0.70,5.68,0.28,40.05,0.10,C3'-endo
63,63,0.53,G,G,G,0,0,1,0,0,),"15,108",2,"cWW,tHW","cW-W,tM-W",3.11,3.74,2.50,1.47,3.75,4.73,5.30,3.45,BI,anti,A,4.58,4.56,2.80,3.62,3.08,3.48,3.58,3.84,0.23,5.68,0.73,5.68,0.25,41.84,0.01,C3'-endo
64,64,0.54,A,A,A,1,0,0,0,0,),14,1,cWW,cW-W,4.19,3.46,1.46,1.43,3.48,5.62,4.14,3.23,BI,anti,.,4.67,4.69,2.68,4.30,2.85,4.27,3.54,4.79,0.18,5.70,0.74,5.66,0.29,42.51,0.06,C3'-endo
65,65,0.55,G,G,G,0,0,1,0,0,.,,0,,,4.72,3.50,1.01,1.34,4.02,5.04,5.27,3.29,BI,anti,.,4.59,4.52,3.03,3.93,3.43,4.06,4.37,4.94,0.02,5.83,0.71,5.60,0.42,42.32,0.29,C3'-endo
66,66,0.56,C,C,C,0,1,0,0,0,(,107,1,cWW,cW-W,5.09,2.80,1.12,1.45,3.69,4.59,5.38,3.33,BI,anti,.,4.67,4.57,2.88,3.38,3.28,3.42,4.42,3.75,0.10,5.78,0.71,5.66,0.34,41.09,0.16,C3'-endo
67,67,0.57,C,C,C,0,1,0,0,0,(,106,1,cWW,cW-W,5.09,2.83,1.07,1.49,3.84,5.03,5.10,3.34,BI,anti,A,4.63,4.54,2.99,4.05,3.14,3.99,3.60,4.61,0.26,5.65,0.79,5.70,0.21,45.23,6.25,C2'-exo
68,68,0.58,U,U,U,0,0,0,1,0,(,105,1,cWW,cW-W,5.28,3.06,0.59,1.39,3.73,4.77,5.24,3.45,BI,anti,A,4.51,4.66,2.72,3.52,3.01,3.61,4.07,3.89,0.25,5.61,0.84,5.57,0.30,48.20,0.04,C3'-endo
69,69,0.58,G,G,G,0,0,1,0,0,(,104,1,cWW,cW-W,5.16,2.65,1.26,1.48,3.64,5.16,4.76,3.29,BI,anti,A,4.65,4.51,3.15,3.85,3.36,3.73,3.80,4.12,0.21,5.69,0.73,5.66,0.27,41.93,0.04,C3'-endo
70,70,0.59,A,A,A,1,0,0,0,0,(,103,1,cWW,cW-W,4.20,3.04,1.33,1.44,3.04,5.88,3.44,3.25,BI,anti,A,4.47,4.50,2.77,4.04,3.08,3.99,3.85,4.71,0.13,5.72,0.80,5.60,0.36,46.38,0.14,C3'-endo
71,71,0.60,C,C,C,0,1,0,0,0,.,102,1,cWW,cW-W,4.37,3.44,0.69,1.42,3.80,4.26,5.82,3.61,..,anti,.,4.14,4.73,2.55,3.21,2.90,3.30,4.03,3.26,0.14,5.66,0.91,5.53,0.37,52.77,0.12,C3'-endo
72,72,0.61,C,C,C,0,1,0,0,0,.,101,1,tWH,tW-M,5.71,2.42,0.87,1.47,2.41,0.63,1.78,3.43,..,anti,.,4.23,4.04,2.89,4.81,3.26,4.34,3.32,5.29,0.19,5.67,0.76,5.64,0.31,43.40,0.06,C3'-endo
73,73,0.62,G,G,G,0,0,1,0,0,.,100,1,tSH,tm-M,3.72,3.36,0.76,1.47,3.97,5.94,4.31,3.53,..,anti,.,4.38,4.87,2.37,5.31,2.95,5.24,4.51,5.49,0.09,5.79,0.71,5.64,0.34,41.48,0.18,C3'-endo
74,74,0.63,A,A,A,1,0,0,0,0,.,,0,,,1.68,3.41,4.32,1.21,4.16,3.98,0.17,3.41,..,anti,.,4.32,4.84,3.00,2.12,3.54,1.99,4.40,1.70,6.18,5.88,0.73,5.48,0.57,46.41,0.44,C3'-endo
75,75,0.64,G,G,G,0,0,1,0,0,.,76,1,cSH,cm+M,0.75,4.44,4.76,1.23,2.46,4.55,4.20,4.15,..,anti,.,3.14,3.49,4.05,0.93,3.46,1.20,2.73,1.52,5.82,6.24,0.50,5.50,0.78,46.84,0.91,C4'-exo
76,76,0.64,U,U,U,0,0,0,1,0,.,"75,99",2,"cHS,tWH","cM+m,tW-M",5.38,2.87,0.45,1.33,3.73,5.06,4.96,3.00,BI,anti,.,4.85,4.83,2.70,3.74,2.52,3.93,2.72,4.71,6.24,5.85,0.73,5.56,0.49,44.42,0.35,C3'-endo
77,77,0.65,A,A,A,1,0,0,0,0,.,"0,98",2,"tWS,tHS","tW+m,tM-m",4.49,3.52,1.30,1.41,3.79,5.33,4.74,3.34,BI,anti,.,4.61,4.89,2.97,4.18,3.19,4.29,4.09,5.08,0.15,5.71,0.78,5.62,0.32,44.77,0.11,C3'-endo
78,78,0.66,G,G,G,0,0,1,0,0,(,97,1,cWW,cW-W,4.93,3.06,1.13,1.43,3.63,4.88,5.04,3.40,BI,anti,A,4.72,4.74,2.86,3.84,3.35,3.87,4.59,4.27,0.17,5.71,0.72,5.64,0.30,41.69,0.09,C3'-endo
79,79,0.67,U,U,U,0,0,0,1,0,(,96,1,cWW,cW-W,5.63,2.76,0.78,1.45,4.07,4.14,6.21,3.24,..,anti,.,4.72,4.79,3.11,3.20,3.34,3.28,4.02,3.45,0.04,5.82,0.71,5.62,0.40,42.19,0.25,C3'-endo
80,80,0.68,G,G,G,0,0,1,0,0,(,95,1,cWW,cW-W,5.03,2.75,0.94,1.53,3.49,5.62,4.15,3.24,BI,anti,.,4.69,4.58,2.86,4.33,2.91,4.22,3.16,4.76,0.22,5.70,0.71,5.72,0.23,40.60,6.28,C2'-exo
81,81,0.69,U,U,U,0,0,0,1,0,(,94,1,cWW,cW-W,4.81,3.45,0.70,1.43,3.75,4.79,5.25,3.54,BI,anti,A,4.33,4.66,2.81,3.50,3.19,3.60,4.21,4.13,0.11,5.72,0.78,5.58,0.38,45.17,0.17,C3'-endo
82,82,0.69,A,A,A,1,0,0,0,0,(,93,1,cWW,cW-W,4.84,2.66,1.21,1.42,3.85,4.68,5.45,3.19,BI,anti,.,4.62,4.70,2.66,3.81,2.85,3.84,3.60,4.27,0.11,5.71,0.83,5.55,0.39,48.32,0.17,C3'-endo
83,83,0.70,U,U,U,0,0,0,1,0,(,92,1,cWW,cW-W,5.28,3.14,1.21,1.35,2.44,5.76,2.96,3.62,BI,anti,.,4.32,4.35,3.21,3.50,3.49,3.30,4.17,3.51,0.16,5.70,0.71,5.65,0.32,40.63,0.10,C3'-endo
84,84,0.71,G,G,G,0,0,1,0,0,(,91,1,cWW,cW-W,4.10,3.11,1.45,1.44,3.63,5.13,4.78,3.26,BI,anti,A,4.75,4.67,2.85,3.85,3.01,3.83,3.54,4.19,0.03,5.88,0.60,5.71,0.35,35.67,0.26,C3'-endo
85,85,0.72,G,G,G,0,0,1,0,0,(,90,1,cWW,cW-W,4.82,3.15,1.21,1.43,3.90,4.65,5.53,3.34,BI,anti,A,4.71,4.62,2.90,3.77,3.20,3.82,3.92,4.59,0.24,5.67,0.70,5.67,0.24,40.13,0.00,C3'-endo
86,86,0.73,G,G,G,0,0,1,0,0,.,89,1,tSH,tm-M,5.86,2.77,0.55,1.43,3.95,5.14,5.09,3.48,BI,anti,.,4.41,4.80,3.13,4.50,3.32,3.75,4.29,2.76,0.09,5.82,0.67,5.68,0.33,39.02,0.18,C3'-endo
87,87,0.74,U,U,U,0,0,0,1,0,.,,0,,,2.69,2.78,1.10,1.40,3.66,5.20,4.74,3.53,BI,anti,A,4.22,4.27,0.25,3.87,0.81,3.81,0.42,4.60,0.20,5.70,0.74,5.66,0.28,42.49,0.05,C3'-endo
88,88,0.75,G,G,G,0,0,1,0,0,.,,0,,,4.93,2.98,1.06,1.60,4.27,4.88,5.67,3.65,..,anti,.,4.07,4.44,3.00,4.02,3.26,3.95,4.33,4.77,0.23,5.72,0.67,5.74,0.22,38.62,6.27,C2'-exo
89,89,0.75,A,A,A,1,0,0,0,0,.,86,1,tHS,tM-m,4.96,2.53,1.01,1.37,2.80,0.47,2.33,3.33,..,anti,.,4.55,4.59,2.48,4.72,3.00,4.68,4.26,5.20,0.14,5.68,0.82,5.57,0.36,47.34,0.13,C3'-endo
90,90,0.76,C,C,C,0,1,0,0,0,),85,1,cWW,cW-W,4.15,2.94,1.25,1.39,3.65,4.65,5.28,3.25,BI,anti,A,4.73,4.63,2.62,3.59,3.52,3.60,4.94,3.96,0.27,5.60,0.85,5.61,0.25,48.92,6.28,C2'-exo
91,91,0.77,C,C,C,0,1,0,0,0,),84,1,cWW,cW-W,5.84,2.76,0.79,1.45,3.55,5.00,4.84,3.47,BI,anti,A,4.59,4.55,3.23,3.75,3.41,3.71,3.95,4.11,0.25,5.64,0.77,5.67,0.24,43.96,6.27,C2'-exo
92,92,0.78,A,A,A,1,0,0,0,0,),83,1,cWW,cW-W,5.04,2.79,1.16,1.40,2.81,5.97,3.12,3.32,BI,anti,A,4.42,4.45,3.06,3.98,3.36,3.89,4.07,4.40,0.16,5.74,0.70,5.68,0.28,40.10,0.08,C3'-endo
93,93,0.79,U,U,U,0,0,0,1,0,),82,1,cWW,cW-W,4.87,2.96,0.57,1.42,3.64,4.87,5.05,3.68,BI,anti,.,3.97,4.54,2.97,3.59,3.26,3.65,4.07,3.94,0.08,5.70,0.82,5.52,0.45,47.92,0.22,C3'-endo
94,94,0.80,A,A,A,1,0,0,0,0,),81,1,cWW,cW-W,4.81,2.69,0.99,1.47,3.06,5.66,3.69,3.49,BI,anti,A,4.18,4.26,2.75,4.03,3.04,3.85,3.53,4.25,6.24,5.95,0.58,5.69,0.39,35.64,0.37,C3'-endo
95,95,0.81,C,C,C,0,1,0,0,0,),80,1,cWW,cW-W,4.81,3.32,0.43,1.43,3.61,4.81,5.08,3.65,BI,anti,A,4.14,4.62,2.69,3.55,2.91,3.69,3.66,4.05,6.28,5.81,0.75,5.54,0.48,45.00,0.32,C3'-endo
96,96,0.81,G,G,G,0,0,1,0,0,),79,1,cWW,cW-W,5.38,2.68,1.15,1.42,3.71,4.96,5.04,3.52,BI,anti,.,4.29,4.27,3.04,4.24,3.29,3.95,3.74,4.29,6.18,6.01,0.52,5.69,0.45,34.14,0.49,C3'-endo
97,97,0.82,C,C,C,0,1,0,0,0,),78,1,cWW,cW-W,2.57,3.38,3.24,1.40,3.93,5.19,5.03,3.20,BI,anti,.,4.55,4.36,2.85,3.43,3.10,3.62,3.79,4.68,6.28,5.82,0.75,5.57,0.46,44.79,0.30,C3'-endo
98,98,0.83,G,G,G,0,0,1,0,0,.,77,1,tSH,tm-M,4.95,2.86,1.26,1.60,3.72,4.34,5.66,3.39,BI,anti,.,3.76,3.60,3.02,3.00,3.47,2.82,4.71,2.79,6.07,6.27,0.23,5.93,0.35,21.35,0.92,C4'-exo
99,99,0.84,A,A,A,1,0,0,0,0,.,76,1,tHW,tM-W,3.69,2.46,2.46,1.31,4.02,5.14,5.16,3.10,BI,anti,.,4.78,4.86,3.03,3.51,2.81,3.65,2.73,4.19,6.28,5.81,0.78,5.54,0.48,46.89,0.30,C3'-endo
100,100,0.85,A,A,A,1,0,0,0,0,.,73,1,tHS,tM-m,5.40,3.19,1.10,1.06,4.98,4.68,0.30,3.24,..,anti,.,4.55,4.97,3.38,4.21,3.66,4.09,4.36,4.44,0.12,5.73,0.77,5.59,0.35,44.81,0.16,C3'-endo
101,101,0.86,A,A,A,1,0,0,0,0,.,72,1,tHW,tM-W,3.54,2.39,3.10,1.47,2.96,0.54,2.42,3.30,..,anti,.,4.46,4.47,3.29,3.97,3.37,4.28,4.05,5.25,0.23,5.63,0.78,5.66,0.26,44.51,6.28,C2'-exo
102,102,0.86,C,C,C,0,1,0,0,0,.,71,1,cWW,cW-W,3.90,3.49,0.79,1.43,3.91,4.63,5.56,3.77,BI,anti,.,3.61,4.57,2.50,3.56,3.27,3.70,4.69,4.26,0.14,5.72,0.80,5.66,0.31,46.14,0.09,C3'-endo
103,103,0.87,U,U,U,0,0,0,1,0,),70,1,cWW,cW-W,5.27,2.68,0.72,1.47,3.53,4.77,5.05,3.75,BI,anti,A,3.89,4.61,2.69,3.72,3.02,3.64,3.73,3.85,0.17,5.66,0.86,5.59,0.35,49.73,0.09,C3'-endo
104,104,0.88,C,C,C,0,1,0,0,0,),69,1,cWW,cW-W,5.65,2.75,0.57,1.43,3.70,4.85,5.13,3.49,BI,anti,A,4.55,4.63,2.92,3.77,3.10,3.75,3.60,4.05,0.15,5.64,0.89,5.54,0.41,51.52,0.13,C3'-endo
105,105,0.89,A,A,A,1,0,0,0,0,),68,1,cWW,cW-W,5.87,2.93,0.46,1.42,3.60,4.71,5.17,3.44,BI,anti,A,4.46,4.58,3.10,3.48,3.26,3.56,3.80,4.20,0.04,5.88,0.60,5.69,0.35,35.41,0.27,C3'-endo
106,106,0.90,G,G,G,0,0,1,0,0,),67,1,cWW,cW-W,5.56,2.81,0.60,1.49,3.96,4.81,5.44,3.46,BI,anti,A,4.54,4.70,2.96,3.90,3.11,4.00,3.88,4.60,0.20,5.70,0.74,5.65,0.27,42.18,0.06,C3'-endo
107,107,0.91,G,G,G,0,0,1,0,0,),66,1,cWW,cW-W,5.08,3.14,0.74,1.45,3.42,4.82,4.89,3.84,BI,anti,.,3.68,4.67,2.70,3.71,2.95,3.78,3.85,4.02,0.23,5.56,0.87,5.51,0.32,49.67,0.06,C3'-endo
108,108,0.92,U,U,U,0,0,0,1,0,.,"15,63",2,"tWW,tWH","tW+W,tW-M",0.12,3.37,0.70,1.44,4.15,2.07,2.08,3.80,..,anti,.,3.33,4.47,4.27,1.57,4.14,1.45,4.04,1.59,6.21,5.95,0.60,5.66,0.45,37.59,0.41,C3'-endo
109,109,0.92,G,G,G,0,0,1,0,0,),9,1,cWW,cW-W,1.00,3.83,4.24,1.39,3.60,4.94,4.95,3.39,BI,anti,A,4.67,4.66,3.54,2.77,3.42,3.13,3.52,4.05,0.12,5.70,0.80,5.54,0.40,46.63,0.18,C3'-endo
110,110,0.93,C,C,C,0,1,0,0,0,),8,1,cWW,cW-W,5.39,2.92,0.92,1.43,3.84,4.88,5.24,3.44,BI,anti,A,4.58,4.64,3.12,3.84,3.38,3.85,4.33,4.38,0.20,5.68,0.78,5.65,0.28,44.62,0.05,C3'-endo
111,111,0.94,U,U,U,0,0,0,1,0,),7,1,cWW,cW-W,5.19,2.81,0.89,1.39,3.75,4.41,5.63,3.39,BI,anti,.,4.58,4.72,2.74,3.48,3.02,3.50,3.91,3.50,0.18,5.70,0.76,5.61,0.30,43.74,0.09,C3'-endo
112,112,0.95,G,G,G,0,0,1,0,0,),6,1,cWW,cW-W,5.75,2.67,0.66,1.43,3.28,4.48,5.09,3.46,BI,anti,A,4.49,4.41,2.88,3.49,2.98,3.59,3.19,4.20,6.26,5.80,0.75,5.51,0.52,45.76,0.35,C3'-endo
113,113,0.96,C,C,C,0,1,0,0,0,),5,1,cWW,cW-W,5.72,2.74,0.90,1.43,3.79,4.17,5.91,3.45,..,anti,A,4.50,4.51,3.03,3.79,3.15,3.82,3.93,4.28,0.12,5.72,0.80,5.62,0.34,46.32,0.13,C3'-endo
114,114,0.97,A,A,A,1,0,0,0,0,),4,1,cWW,cW-W,0.19,1.66,1.30,1.64,2.85,6.16,2.97,3.44,BI,anti,.,2.70,2.97,3.22,4.56,3.79,3.89,4.50,4.05,0.08,5.96,0.39,5.91,0.20,22.57,0.15,C3'-endo
115,115,0.97,A,A,A,1,0,0,0,0,),3,1,cWW,cW-W,4.21,3.86,6.06,1.56,3.96,5.78,4.46,3.82,..,anti,.,3.48,4.95,2.04,4.21,2.28,4.39,2.92,4.92,0.27,5.71,0.64,5.74,0.17,36.78,6.21,C2'-exo
116,116,0.98,U,U,U,0,0,0,1,0,),2,1,cWW,cW-W,4.01,2.52,2.62,1.33,2.84,4.83,4.29,3.53,BI,anti,.,4.11,4.07,3.45,2.18,3.89,2.40,4.57,2.76,6.26,5.85,0.70,5.57,0.48,42.52,0.35,C3'-endo
117,117,0.99,C,C,C,0,1,0,0,0,),1,1,cWW,cW-W,5.01,3.11,1.14,1.50,4.08,4.24,6.13,3.40,..,anti,.,4.58,4.64,3.32,3.29,3.30,3.29,3.44,3.10,0.19,5.74,0.74,5.71,0.24,42.38,0.04,C3'-endo
118,118,1.00,U,U,U,0,0,0,1,0,.,,0,,,5.24,2.65,0.86,1.42,,,,3.54,n/a,anti,-,,,,,,,,,0.26,5.61,0.83,5.61,0.29,47.45,0.01,C3'-endo
