index_chain,old_nt_resnum,nt_position,nt_name,nt_code,nt_align_code,is_A,is_C,is_G,is_U,is_other,dbn,paired,nb_interact,pair_type_LW,pair_type_DSSR,alpha,beta,gamma,delta,epsilon,zeta,epsilon_zeta,chi,bb_type,glyco_bond,form,ssZp,Dp,eta,theta,eta_prime,theta_prime,eta_base,theta_base,v0,v1,v2,v3,v4,amplitude,phase_angle,puckering
1,2,0.01,G,G,G,0,0,1,0,0,(,117,1,cWW,cW-W,,,3.14,1.36,3.71,5.07,4.93,3.50,BI,anti,A,4.02,4.66,,,,,,,0.13,5.74,0.70,5.62,0.33,40.60,0.15,C3'-endo
2,3,0.02,C,C,C,0,1,0,0,0,(,116,1,cWW,cW-W,5.03,2.87,1.19,1.40,3.33,5.18,4.43,3.41,BI,anti,A,4.37,4.51,2.84,3.70,3.13,3.72,3.67,4.24,0.01,5.82,0.68,5.58,0.45,40.88,0.32,C3'-endo
3,4,0.03,C,C,C,0,1,0,0,0,(,115,1,cWW,cW-W,4.93,3.48,1.03,1.57,3.47,5.23,4.52,3.62,BI,anti,.,3.29,4.06,3.24,4.44,3.43,4.13,4.07,4.24,6.28,6.03,0.39,5.87,0.27,23.67,0.36,C3'-endo
4,5,0.03,U,U,U,0,0,0,1,0,(,114,1,cWW,cW-W,2.09,3.25,3.28,1.28,3.45,5.26,4.47,3.59,BI,anti,A,4.26,4.55,2.37,3.16,2.70,3.31,3.18,4.07,6.28,5.82,0.71,5.54,0.47,43.27,0.34,C3'-endo
5,6,0.04,G,G,G,0,0,1,0,0,(,113,1,cWW,cW-W,4.98,3.07,1.07,1.31,3.66,4.96,4.99,3.50,BI,anti,A,4.34,4.63,2.96,3.66,3.22,3.70,4.15,4.15,0.08,5.81,0.66,5.63,0.36,38.77,0.22,C3'-endo
6,7,0.05,G,G,G,0,0,1,0,0,(,112,1,cWW,cW-W,5.19,3.08,0.81,1.35,3.47,5.16,4.59,3.65,BI,anti,A,4.12,4.60,2.86,3.72,3.03,3.77,3.68,4.24,0.19,5.68,0.75,5.61,0.31,43.31,0.08,C3'-endo
7,8,0.06,C,C,C,0,1,0,0,0,(,111,1,cWW,cW-W,5.05,3.03,1.15,1.49,3.39,5.05,4.62,3.78,BI,anti,A,3.88,4.40,3.03,3.70,3.34,3.60,4.03,3.83,0.07,5.86,0.59,5.72,0.33,34.61,0.22,C3'-endo
8,9,0.07,G,G,G,0,0,1,0,0,(,110,1,cWW,cW-W,4.80,3.12,0.99,1.35,3.59,5.04,4.84,3.55,BI,anti,A,4.26,4.59,2.75,3.71,2.91,3.78,3.41,4.49,0.01,5.84,0.68,5.59,0.44,40.85,0.32,C3'-endo
9,10,0.08,G,G,G,0,0,1,0,0,(,109,1,cWW,cW-W,5.06,2.91,1.15,1.64,3.85,5.40,4.73,3.45,BI,anti,.,4.83,4.53,3.00,4.54,3.31,4.52,4.27,5.37,0.13,5.86,0.52,5.82,0.22,30.13,0.08,C3'-endo
10,11,0.09,C,C,C,0,1,0,0,0,.,14,1,tSH,tm-M,4.99,3.01,0.96,1.52,3.29,5.22,4.36,3.38,BI,anti,.,4.38,4.41,2.68,4.30,3.34,4.32,4.80,5.07,0.23,5.76,0.59,5.81,0.16,33.89,6.22,C2'-exo
11,12,0.09,C,C,C,0,1,0,0,0,.,,0,,,2.68,3.58,3.17,2.85,3.43,1.35,2.08,3.75,..,anti,.,0.98,1.95,3.20,1.02,4.19,6.07,5.18,3.76,5.97,0.71,5.48,0.65,6.06,45.84,3.08,C2'-endo
12,13,0.10,G,G,G,0,0,1,0,0,.,,0,,,0.92,3.08,0.93,2.65,3.45,2.99,0.46,3.69,..,anti,.,0.65,1.63,5.22,3.09,0.03,2.13,2.51,2.28,6.16,0.48,5.66,0.58,5.99,35.80,3.28,C3'-exo
13,14,0.11,U,U,U,0,0,0,1,0,.,105,1,tWS,tW+m,1.12,3.53,0.94,2.36,4.98,5.39,5.87,3.94,..,anti,.,1.94,1.02,0.01,0.02,6.20,5.33,5.68,5.29,5.75,0.68,5.72,0.26,0.17,38.22,2.57,C2'-endo
14,15,0.12,A,A,A,1,0,0,0,0,.,10,1,tHS,tM-m,2.95,2.06,3.04,1.54,3.30,1.34,1.96,5.69,..,...,.,-1.46,3.29,2.09,5.03,2.76,5.42,3.23,6.02,5.62,0.36,0.06,5.83,0.73,41.18,1.49,O4'-endo
15,16,0.13,G,G,G,0,0,1,0,0,(,67,1,cWW,cW-W,4.35,3.15,0.93,1.56,3.71,5.22,4.77,3.26,BI,anti,.,4.34,4.61,2.76,4.12,3.44,4.11,3.81,4.30,0.28,5.74,0.58,5.84,0.11,33.44,6.14,C2'-exo
16,17,0.14,C,C,C,0,1,0,0,0,(,66,1,cWW,cW-W,5.02,3.08,1.06,1.28,3.91,5.06,5.13,3.53,BI,anti,.,4.02,4.51,2.96,3.92,3.26,4.04,3.76,5.02,6.16,5.95,0.62,5.56,0.53,40.66,0.50,C3'-endo
17,18,0.15,G,G,G,0,0,1,0,0,.,64,1,cWW,cW-W,5.08,2.93,1.02,1.45,3.47,5.05,4.71,3.75,BI,anti,.,3.91,4.53,2.78,3.71,3.21,3.60,4.43,3.54,0.08,5.84,0.61,5.70,0.33,35.94,0.20,C3'-endo
18,19,0.15,C,C,C,0,1,0,0,0,(,63,1,cWW,cW-W,4.91,3.16,0.93,1.32,3.23,5.01,4.50,3.66,BI,anti,.,4.26,4.38,2.79,3.73,2.93,3.65,3.12,3.99,6.21,5.93,0.61,5.60,0.49,38.88,0.45,C3'-endo
19,20,0.16,G,G,G,0,0,1,0,0,(,62,1,cWW,cW-W,2.82,3.28,3.14,1.55,3.64,5.14,4.78,3.26,BI,anti,A,4.44,4.61,3.10,3.41,3.28,3.50,3.87,3.96,0.26,5.72,0.64,5.78,0.16,36.55,6.20,C2'-exo
20,21,0.17,G,G,G,0,0,1,0,0,(,61,1,cWW,cW-W,5.06,2.98,1.11,1.44,3.56,5.40,4.44,3.44,BI,anti,.,3.79,4.53,2.97,4.08,3.30,4.07,3.97,4.83,0.13,5.80,0.63,5.71,0.29,36.23,0.13,C3'-endo
21,22,0.18,U,U,U,0,0,0,1,0,(,60,1,cWW,cW-W,4.83,3.16,1.08,1.44,3.53,4.96,4.86,3.84,BI,anti,.,3.60,4.34,2.87,3.61,3.26,3.60,4.32,3.80,6.25,5.97,0.50,5.75,0.37,30.76,0.39,C3'-endo
22,23,0.19,G,G,G,0,0,1,0,0,(,59,1,cWW,cW-W,4.91,3.01,1.03,1.40,3.36,4.83,4.81,4.03,BI,anti,.,3.38,4.40,2.78,3.35,2.99,3.32,3.38,3.48,0.02,5.87,0.60,5.65,0.39,36.26,0.31,C3'-endo
23,24,0.20,G,G,G,0,0,1,0,0,.,"58,59",2,"cWW,cWW","cW-W,cW-W",4.92,3.05,1.08,1.58,5.08,1.52,3.56,4.11,..,anti,.,1.55,4.55,3.32,1.70,3.30,1.47,3.46,1.33,0.30,5.67,0.65,5.77,0.14,37.62,6.16,C2'-exo
24,25,0.21,U,U,U,0,0,0,1,0,.,,0,,,2.86,3.48,0.93,1.49,3.84,5.16,4.96,3.35,BI,anti,.,3.58,4.19,1.96,4.12,2.01,4.18,2.39,5.32,6.14,6.10,0.41,5.77,0.42,28.60,0.62,C3'-endo
25,26,0.21,C,C,C,0,1,0,0,0,.,,0,,,4.92,2.97,0.83,1.31,3.60,5.16,4.71,3.85,BI,anti,.,3.78,4.66,2.47,4.29,2.90,4.14,4.31,4.17,0.05,5.82,0.66,5.62,0.39,38.98,0.26,C3'-endo
26,27,0.22,C,C,C,0,1,0,0,0,.,,0,,,2.63,3.47,3.43,1.41,4.07,5.43,4.92,4.05,..,anti,.,3.03,4.05,3.17,3.84,3.37,4.08,3.61,4.83,5.86,6.26,0.42,5.60,0.71,41.25,0.94,C4'-exo
27,28,0.23,C,C,C,0,1,0,0,0,(,55,1,cWW,cW-W,5.06,2.98,1.00,1.23,3.53,4.93,4.88,3.69,BI,anti,A,3.99,4.66,2.65,3.46,3.26,3.49,4.23,3.96,6.21,5.89,0.66,5.55,0.52,41.51,0.43,C3'-endo
28,29,0.24,A,A,A,1,0,0,0,0,(,"54,57",2,"cWW,cSW","cW-W,cm-W",5.06,2.86,1.09,1.42,3.55,5.10,4.74,3.62,BI,anti,A,4.29,4.67,2.85,3.82,3.08,3.73,3.74,4.20,0.13,5.79,0.63,5.70,0.29,36.35,0.13,C3'-endo
29,30,0.25,C,C,C,0,1,0,0,0,(,"51,53,56",3,"c.W,cWW,tSH","c.-W,cW-W,tm-M",5.11,2.83,1.12,1.48,3.43,5.73,3.98,3.45,BI,anti,.,4.61,4.62,2.89,4.36,3.21,4.38,4.07,5.19,0.07,5.80,0.65,5.65,0.37,38.33,0.22,C3'-endo
30,31,0.26,C,C,C,0,1,0,0,0,(,"50,52",2,"cWW,cSW","cW-W,cm-W",4.79,2.99,1.09,1.30,3.60,5.07,4.80,3.40,BI,anti,A,4.58,4.70,2.82,3.70,3.44,3.73,4.83,4.00,0.20,5.69,0.72,5.65,0.28,41.33,0.05,C3'-endo
31,32,0.26,U,U,U,0,0,0,1,0,(,49,1,cWW,cW-W,5.12,3.11,0.92,1.23,3.66,5.18,4.76,3.39,BI,anti,A,4.47,4.70,2.93,3.76,3.08,3.83,3.57,4.38,0.12,5.72,0.76,5.55,0.38,44.43,0.18,C3'-endo
32,33,0.27,G,G,G,0,0,1,0,0,(,48,1,cWW,cW-W,5.03,3.38,0.85,1.29,3.59,5.17,4.70,3.40,BI,anti,A,4.50,4.71,2.92,3.71,3.06,3.80,3.81,4.33,0.11,5.76,0.70,5.60,0.37,40.72,0.19,C3'-endo
33,34,0.28,A,A,A,1,0,0,0,0,(,47,1,cWW,cW-W,5.11,2.96,1.16,1.51,5.21,1.38,3.83,3.51,..,anti,.,3.55,4.47,3.46,2.21,3.63,1.88,4.23,1.49,0.12,5.76,0.68,5.65,0.34,39.55,0.16,C3'-endo
34,35,0.29,C,C,C,0,1,0,0,0,.,,0,,,0.96,1.43,3.38,2.77,4.24,5.02,5.50,4.30,..,anti,.,2.27,1.53,1.94,4.41,1.54,4.28,1.38,4.93,5.83,0.80,5.51,0.57,6.20,45.92,2.90,C2'-endo
35,36,0.30,C,C,C,0,1,0,0,0,.,,0,,,1.55,3.04,3.34,2.55,5.03,4.24,0.79,0.97,..,syn,.,-1.30,1.11,2.38,4.12,2.97,4.09,3.78,4.84,5.71,0.79,5.61,0.37,0.12,43.65,2.65,C2'-endo
36,37,0.31,C,C,C,0,1,0,0,0,.,47,1,cHS,cM+m,4.46,3.18,1.12,1.40,3.70,5.25,4.73,0.28,BI,syn,.,-4.79,4.49,2.48,4.05,3.13,4.14,3.28,3.94,6.16,6.00,0.56,5.65,0.50,36.62,0.52,C3'-endo
37,38,0.32,C,C,C,0,1,0,0,0,(,43,1,cWW,cW-W,5.03,2.94,1.08,1.43,3.38,5.37,4.30,3.51,BI,anti,A,4.35,4.54,2.83,3.93,3.34,3.85,3.51,4.28,0.18,5.76,0.64,5.74,0.24,36.42,0.04,C3'-endo
38,39,0.32,A,A,A,1,0,0,0,0,.,45,1,cSW,cm-W,4.89,3.13,1.05,1.32,3.24,4.94,4.58,3.56,BI,anti,.,4.04,4.42,2.92,3.26,3.23,3.40,3.99,3.19,0.02,5.88,0.59,5.69,0.38,35.16,0.30,C3'-endo
39,40,0.33,U,U,U,0,0,0,1,0,.,44,1,tSH,tm-M,5.09,3.14,1.11,2.49,4.68,5.14,5.83,4.35,..,anti,.,1.90,0.95,3.56,5.49,3.79,4.86,3.47,4.89,6.04,0.53,5.70,0.48,6.13,33.61,3.06,C2'-endo
40,41,0.34,G,G,G,0,0,1,0,0,.,,0,,,5.22,3.07,3.03,2.60,4.92,5.31,5.90,5.70,..,...,.,0.72,0.82,5.75,5.43,6.26,5.17,6.24,5.34,5.81,0.68,5.67,0.36,0.07,38.54,2.71,C2'-endo
41,42,0.35,C,C,C,0,1,0,0,0,.,,0,,,1.65,3.24,3.28,1.46,3.67,5.49,4.46,3.74,BI,anti,.,3.74,4.56,1.50,3.66,2.19,3.83,2.31,4.62,6.28,5.88,0.62,5.64,0.41,37.53,0.33,C3'-endo
42,43,0.36,C,C,C,0,1,0,0,0,.,,0,,,4.93,3.11,1.07,1.55,4.10,4.80,5.58,3.60,..,anti,.,3.99,4.45,3.04,4.45,3.50,4.10,4.49,4.62,0.01,5.93,0.52,5.75,0.34,31.08,0.31,C3'-endo
43,44,0.37,G,G,G,0,0,1,0,0,),"37,46",2,"cWW,tSW","cW-W,tm+W",1.14,3.06,0.74,2.66,3.63,1.98,1.65,5.34,..,anti,.,1.09,1.81,4.68,1.87,5.52,1.15,5.21,1.18,6.08,0.54,5.66,0.54,6.07,35.67,3.15,C3'-exo
44,45,0.38,A,A,A,1,0,0,0,0,.,39,1,tHS,tM-m,3.05,3.07,1.04,1.50,3.94,5.35,4.87,3.13,BI,anti,.,4.68,4.76,1.64,4.41,1.80,4.43,2.04,5.15,0.26,5.69,0.67,5.74,0.19,38.20,6.22,C2'-exo
45,46,0.38,A,A,A,1,0,0,0,0,.,38,1,cWS,cW-m,5.01,3.08,0.99,1.38,3.77,5.10,4.96,3.54,BI,anti,A,4.25,4.62,2.80,3.88,3.26,3.91,4.48,4.64,0.03,5.86,0.62,5.65,0.39,37.27,0.29,C3'-endo
46,47,0.39,C,C,C,0,1,0,0,0,.,43,1,tWS,tW+m,4.99,2.96,1.07,1.38,3.91,5.07,5.13,3.65,BI,anti,.,4.08,4.63,2.90,3.99,3.17,4.06,4.12,4.80,0.00,5.89,0.60,5.65,0.41,36.27,0.34,C3'-endo
47,48,0.40,U,U,U,0,0,0,1,0,),"33,36",2,"cWW,cSH","cW-W,cm+M",5.23,2.73,1.07,1.40,3.50,5.14,4.65,3.65,BI,anti,A,3.89,4.52,2.86,3.71,3.30,3.62,4.33,3.99,0.06,5.83,0.64,5.66,0.37,37.82,0.24,C3'-endo
48,49,0.41,C,C,C,0,1,0,0,0,),32,1,cWW,cW-W,4.75,2.92,1.31,1.41,3.44,5.27,4.46,3.78,BI,anti,A,3.88,4.50,2.85,3.82,3.12,3.77,3.75,4.23,0.05,5.85,0.62,5.67,0.37,36.51,0.26,C3'-endo
49,50,0.42,A,A,A,1,0,0,0,0,),31,1,cWW,cW-W,4.83,3.18,0.94,1.21,3.54,5.17,4.65,3.47,BI,anti,.,4.18,4.62,2.70,4.07,2.98,4.02,3.77,4.31,0.07,5.76,0.74,5.54,0.43,43.99,0.25,C3'-endo
50,51,0.43,G,G,G,0,0,1,0,0,),"30,52",2,"cWW,cSH","cW-W,cm+M",2.95,3.40,3.31,1.49,3.59,4.82,5.05,3.27,BI,anti,B,3.59,4.10,3.40,2.97,3.60,3.31,4.10,3.88,6.04,6.15,0.41,5.69,0.53,32.90,0.78,C4'-exo
51,52,0.44,A,A,A,1,0,0,0,0,.,"29,52",2,"cW.,cSH","cW-.,cm+M",4.93,3.20,1.14,2.62,4.98,2.02,2.96,4.34,..,anti,.,0.92,0.84,3.40,2.69,3.82,2.20,4.24,2.29,6.10,0.47,5.73,0.48,6.09,31.60,3.15,C3'-exo
52,53,0.44,A,A,A,1,0,0,0,0,.,"30,50,51",3,"cWS,cHS,cHS","cW-m,cM+m,cM+m",3.04,3.35,1.06,1.38,3.59,5.06,4.82,3.25,BI,anti,A,4.87,4.75,2.20,3.76,2.00,3.83,2.30,4.31,0.14,5.75,0.67,5.65,0.32,38.69,0.13,C3'-endo
53,54,0.45,G,G,G,0,0,1,0,0,),29,1,cWW,cW-W,5.16,2.91,1.16,1.38,3.37,5.30,4.35,3.37,BI,anti,A,4.46,4.66,3.01,3.83,3.33,3.80,4.12,4.10,0.21,5.66,0.72,5.65,0.27,41.51,0.03,C3'-endo
54,55,0.46,U,U,U,0,0,0,1,0,),28,1,cWW,cW-W,4.90,3.37,0.99,1.33,3.80,5.02,5.06,3.62,BI,anti,A,4.00,4.65,3.09,3.83,3.27,3.96,3.77,4.36,0.05,5.85,0.61,5.66,0.36,36.42,0.26,C3'-endo
55,56,0.47,G,G,G,0,0,1,0,0,),"27,58",2,"cWW,tSW","cW-W,tm+W",5.24,2.88,1.17,1.97,5.01,1.45,3.56,4.11,..,anti,.,1.86,1.72,3.65,1.93,3.87,1.42,4.25,1.34,5.86,0.41,6.04,6.28,0.27,24.47,2.16,C1'-exo
56,57,0.48,A,A,A,1,0,0,0,0,.,29,1,tHS,tM-m,1.17,3.16,3.03,1.52,3.60,5.39,4.49,3.17,BI,anti,.,4.23,4.42,2.17,3.68,2.00,3.77,2.18,4.72,6.25,5.95,0.54,5.71,0.39,33.45,0.38,C3'-endo
57,58,0.49,A,A,A,1,0,0,0,0,.,28,1,cWS,cW-m,4.65,3.33,0.92,1.48,3.86,5.20,4.95,3.39,BI,anti,.,4.59,4.62,2.71,4.15,3.09,4.25,4.33,5.21,0.06,5.91,0.52,5.77,0.29,30.45,0.23,C3'-endo
58,59,0.50,A,A,A,1,0,0,0,0,.,"23,55",2,"cWW,tWS","cW-W,tW+m",5.14,2.80,1.00,1.39,3.41,5.40,4.30,3.47,BI,anti,A,4.34,4.61,2.74,3.99,3.25,3.99,4.62,4.70,0.18,5.72,0.68,5.67,0.28,39.20,0.07,C3'-endo
59,60,0.50,C,C,C,0,1,0,0,0,),"22,23",2,"cWW,cWW","cW-W,cW-W",4.97,3.10,1.00,1.37,3.76,4.95,5.10,3.60,BI,anti,A,3.90,4.63,2.99,3.73,3.34,3.75,4.35,4.08,0.11,5.79,0.66,5.66,0.32,38.09,0.16,C3'-endo
60,61,0.51,G,G,G,0,0,1,0,0,),21,1,cWW,cW-W,5.01,2.92,1.05,1.43,3.61,5.25,4.64,3.59,BI,anti,A,4.01,4.57,2.85,3.95,3.08,3.89,3.61,4.46,0.16,5.78,0.61,5.72,0.26,35.29,0.08,C3'-endo
61,62,0.52,C,C,C,0,1,0,0,0,),20,1,cWW,cW-W,4.92,3.03,1.00,1.35,3.56,5.10,4.74,3.56,BI,anti,A,4.36,4.61,2.73,3.72,3.05,3.73,3.98,4.32,0.03,5.82,0.68,5.60,0.42,40.56,0.28,C3'-endo
62,63,0.53,C,C,C,0,1,0,0,0,),19,1,cWW,cW-W,5.10,2.84,1.12,1.28,3.44,5.15,4.57,3.47,BI,anti,A,4.55,4.59,2.87,3.62,3.19,3.60,4.10,3.92,0.08,5.78,0.70,5.60,0.38,41.33,0.22,C3'-endo
63,64,0.54,G,G,G,0,0,1,0,0,),18,1,cWW,cW-W,5.08,3.07,1.08,1.31,3.69,5.13,4.85,3.37,BI,anti,A,4.14,4.63,3.06,3.81,3.24,3.81,3.77,4.09,0.09,5.77,0.72,5.59,0.39,42.33,0.22,C3'-endo
64,65,0.55,U,U,U,0,0,0,1,0,.,17,1,cWW,cW-W,4.87,3.10,1.07,1.31,4.17,5.20,5.25,3.56,..,anti,.,4.17,4.71,2.89,4.18,3.05,4.42,3.51,4.84,6.25,5.85,0.70,5.54,0.50,43.02,0.38,C3'-endo
65,66,0.56,A,A,A,1,0,0,0,0,.,,0,,,5.15,3.94,1.12,2.57,4.79,1.67,3.13,5.06,..,anti,.,0.94,0.85,3.82,2.35,4.28,1.85,4.54,1.83,5.89,0.65,5.65,0.44,6.25,38.04,2.86,C2'-endo
66,67,0.56,G,G,G,0,0,1,0,0,),16,1,cWW,cW-W,3.00,3.34,0.95,1.31,3.45,5.12,4.62,3.26,BI,anti,A,4.77,4.63,1.82,3.56,1.66,3.66,1.89,4.07,0.12,5.76,0.70,5.62,0.35,40.52,0.17,C3'-endo
67,68,0.57,C,C,C,0,1,0,0,0,),15,1,cWW,cW-W,5.04,3.11,1.14,1.37,3.65,5.20,4.73,3.34,BI,anti,A,4.70,4.67,3.08,3.90,3.29,3.92,3.86,4.54,0.15,5.76,0.67,5.67,0.30,38.65,0.11,C3'-endo
68,69,0.58,G,G,G,0,0,1,0,0,.,106,1,tHS,tM-m,5.03,3.16,1.01,1.40,3.63,5.61,4.31,3.37,BI,anti,.,4.60,4.66,2.97,4.33,3.24,4.39,4.17,5.20,0.11,5.78,0.66,5.64,0.34,38.40,0.18,C3'-endo
69,70,0.59,C,C,C,0,1,0,0,0,(,105,1,cWW,cW-W,4.76,3.20,0.99,1.28,3.55,5.01,4.81,3.52,BI,anti,A,4.52,4.64,2.68,3.59,3.20,3.68,4.50,4.10,0.09,5.75,0.73,5.56,0.39,42.72,0.21,C3'-endo
70,71,0.60,C,C,C,0,1,0,0,0,(,104,1,cWW,cW-W,5.11,3.12,1.09,1.50,3.64,5.34,4.58,3.44,BI,anti,.,4.15,4.48,3.12,4.17,3.30,4.18,3.83,5.20,0.09,5.86,0.57,5.73,0.29,33.45,0.18,C3'-endo
71,72,0.61,G,G,G,0,0,1,0,0,.,103,1,tSH,tm-M,4.91,3.04,1.00,1.39,3.59,4.94,4.93,3.64,BI,anti,.,3.91,4.57,2.75,3.06,3.20,2.81,4.61,2.68,0.12,5.79,0.65,5.68,0.32,37.96,0.15,C3'-endo
72,73,0.62,A,A,A,1,0,0,0,0,.,102,1,tHW,tM-W,4.53,1.20,3.23,1.63,2.93,0.62,2.31,3.25,..,anti,.,3.28,4.05,4.14,4.17,3.55,4.31,3.23,5.18,0.29,5.80,0.49,5.94,0.04,28.82,6.02,C2'-exo
73,74,0.62,U,U,U,0,0,0,1,0,.,101,1,tHW,tM-W,1.23,3.41,3.16,1.29,3.49,5.18,4.60,3.90,BI,anti,.,3.67,4.13,2.00,3.19,2.69,3.34,3.92,4.32,5.86,6.22,0.48,5.53,0.75,44.38,0.90,C4'-exo
74,75,0.63,G,G,G,0,0,1,0,0,.,100,1,...,....,4.89,2.98,1.05,1.31,3.68,5.11,4.85,3.74,BI,anti,A,4.08,4.66,2.80,3.81,3.10,3.85,4.27,4.41,0.11,5.78,0.69,5.63,0.35,40.38,0.18,C3'-endo
75,76,0.64,G,G,G,0,0,1,0,0,.,99,1,tWH,tW-M,5.19,2.98,0.94,1.35,3.54,5.13,4.69,3.48,BI,anti,A,4.52,4.67,2.91,3.75,3.20,3.76,4.05,4.23,0.15,5.72,0.72,5.63,0.33,41.34,0.12,C3'-endo
76,77,0.65,U,U,U,0,0,0,1,0,.,98,1,tWH,tW-M,5.12,2.97,1.07,1.39,3.48,5.26,4.50,3.45,BI,anti,A,4.49,4.61,2.99,3.85,3.27,3.84,4.05,4.29,0.18,5.70,0.72,5.63,0.31,41.54,0.09,C3'-endo
77,78,0.66,A,A,A,1,0,0,0,0,.,97,1,tHS,tM-m,4.95,3.17,1.03,1.33,3.81,5.23,4.87,3.33,BI,anti,.,4.47,4.66,2.99,4.01,3.22,4.09,3.96,5.01,0.04,5.83,0.66,5.60,0.41,39.71,0.29,C3'-endo
78,79,0.67,G,G,G,0,0,1,0,0,(,"0,96",2,"tSS,cWW","tm+m,cW-W",5.09,3.02,0.93,1.33,3.55,5.19,4.64,3.42,BI,anti,A,4.73,4.64,2.80,3.78,3.18,3.93,4.47,4.29,0.16,5.73,0.69,5.64,0.31,39.89,0.11,C3'-endo
79,80,0.68,U,U,U,0,0,0,1,0,(,95,1,cWW,cW-W,5.13,3.17,1.15,2.43,3.47,3.94,5.82,3.91,..,anti,.,3.39,2.18,3.10,3.44,3.67,3.19,4.21,3.65,5.87,0.64,5.68,0.38,0.01,36.64,2.79,C2'-endo
80,81,0.68,G,G,G,0,0,1,0,0,(,94,1,cWW,cW-W,4.98,3.12,0.85,1.37,3.98,5.32,4.95,3.16,BI,anti,.,4.57,4.75,3.11,4.21,2.94,4.29,3.47,4.92,0.25,5.66,0.73,5.67,0.24,41.76,6.28,C2'-exo
81,82,0.69,U,U,U,0,0,0,1,0,(,93,1,cWW,cW-W,5.10,3.12,0.94,1.23,3.22,5.04,4.46,3.55,BI,anti,A,4.17,4.33,2.79,3.74,3.24,3.68,4.23,4.24,6.10,6.00,0.61,5.55,0.59,41.62,0.58,C3'-endo
82,83,0.70,G,G,G,0,0,1,0,0,(,92,1,cWW,cW-W,2.76,3.36,3.18,1.64,3.80,5.19,4.90,3.38,BI,anti,.,3.78,4.43,3.18,4.10,3.36,3.81,4.11,4.19,0.17,5.84,0.52,5.84,0.18,30.01,0.01,C3'-endo
83,84,0.71,G,G,G,0,0,1,0,0,(,91,1,cWW,cW-W,1.95,3.20,3.35,1.35,3.59,5.08,4.80,3.36,BI,anti,A,4.69,4.67,2.18,3.07,2.56,3.22,3.38,3.78,0.24,5.64,0.77,5.61,0.28,44.25,0.03,C3'-endo
84,85,0.72,G,G,G,0,0,1,0,0,(,90,1,cWW,cW-W,5.16,3.07,1.00,1.38,3.34,5.18,4.44,3.31,BI,anti,A,4.84,4.59,2.96,3.67,3.20,3.68,3.95,3.97,0.15,5.75,0.67,5.66,0.30,38.74,0.12,C3'-endo
85,86,0.73,G,G,G,0,0,1,0,0,(,89,1,cWW,cW-W,4.94,3.26,1.09,1.37,3.25,4.73,4.80,3.40,BI,anti,.,4.56,4.53,3.06,3.65,3.25,3.04,3.76,2.89,0.09,5.79,0.65,5.65,0.35,38.07,0.20,C3'-endo
86,87,0.74,U,U,U,0,0,0,1,0,.,,0,,,1.88,3.14,0.87,2.28,4.75,1.36,3.40,3.73,..,anti,.,1.40,1.33,6.27,1.98,0.12,1.32,5.80,0.85,5.73,0.64,5.81,0.17,0.24,35.63,2.42,C1'-exo
87,88,0.74,C,C,C,0,1,0,0,0,.,,0,,,1.18,3.33,3.18,1.26,3.04,4.68,4.64,4.21,BI,anti,.,2.93,4.12,2.37,2.18,2.07,2.44,1.92,2.58,6.10,6.00,0.59,5.55,0.59,41.04,0.59,C3'-endo
88,89,0.75,U,U,U,0,0,0,1,0,.,,0,,,5.22,3.27,1.21,2.37,3.61,1.17,2.44,3.79,..,anti,.,1.25,2.09,3.46,1.18,3.61,0.92,3.50,0.97,5.80,0.67,5.68,0.35,0.08,38.08,2.69,C2'-endo
89,90,0.76,C,C,C,0,1,0,0,0,),85,1,cWW,cW-W,1.48,3.81,3.31,2.79,3.28,4.75,4.82,4.53,BI,anti,.,2.01,1.59,2.66,3.97,3.63,3.15,3.40,3.93,6.21,0.50,5.58,0.69,5.89,41.49,3.37,C3'-exo
90,91,0.77,C,C,C,0,1,0,0,0,),84,1,cWW,cW-W,4.72,2.91,1.01,1.26,3.25,4.92,4.61,3.78,BI,anti,.,3.83,3.94,2.58,3.22,2.79,3.25,3.68,3.75,5.78,0.03,0.42,5.55,0.79,45.09,1.01,C4'-exo
91,92,0.78,C,C,C,0,1,0,0,0,),83,1,cWW,cW-W,4.88,3.09,1.06,1.36,3.35,5.06,4.57,3.63,BI,anti,A,4.06,4.36,2.86,3.56,2.97,3.56,3.60,3.95,6.18,5.97,0.57,5.63,0.48,36.71,0.48,C3'-endo
92,93,0.79,C,C,C,0,1,0,0,0,),82,1,cWW,cW-W,4.97,2.99,1.14,1.27,3.59,5.09,4.78,3.61,BI,anti,A,3.86,4.58,2.95,3.70,3.12,3.71,3.70,4.11,0.06,5.80,0.70,5.58,0.40,41.22,0.26,C3'-endo
93,94,0.79,A,A,A,1,0,0,0,0,),81,1,cWW,cW-W,5.00,3.12,0.98,1.42,3.59,5.18,4.69,3.67,BI,anti,A,3.91,4.52,2.90,3.88,3.09,3.83,3.68,4.23,0.06,5.85,0.62,5.68,0.35,36.32,0.23,C3'-endo
94,95,0.80,U,U,U,0,0,0,1,0,),80,1,cWW,cW-W,4.95,2.96,0.92,1.23,3.39,5.07,4.60,3.56,BI,anti,.,4.45,4.55,2.58,3.45,2.87,3.44,3.62,3.66,0.01,5.79,0.75,5.52,0.48,45.04,0.31,C3'-endo
95,96,0.81,G,G,G,0,0,1,0,0,),79,1,cWW,cW-W,5.03,3.16,0.99,1.27,3.57,5.30,4.56,3.33,BI,anti,.,4.64,4.65,2.95,3.82,3.01,3.87,3.39,4.39,0.01,5.82,0.70,5.56,0.46,41.94,0.32,C3'-endo
96,97,0.82,C,C,C,0,1,0,0,0,),78,1,cWW,cW-W,5.11,2.99,1.15,1.24,3.67,5.23,4.73,3.31,BI,anti,.,4.53,4.61,3.01,3.81,3.32,3.90,4.13,4.88,6.27,5.82,0.72,5.52,0.49,44.16,0.35,C3'-endo
97,98,0.83,G,G,G,0,0,1,0,0,.,77,1,tSH,tm-M,5.01,3.02,1.02,1.35,3.45,4.82,4.91,3.23,BI,anti,.,4.57,4.63,2.78,2.88,3.18,2.63,4.59,2.49,0.27,5.62,0.77,5.64,0.24,43.86,6.26,C2'-exo
98,99,0.84,A,A,A,1,0,0,0,0,.,"0,76",2,"tWS,tHW","tW+m,tM-W",4.68,1.29,3.13,1.73,3.82,5.51,4.60,3.28,BI,anti,.,4.21,4.56,3.98,3.38,3.51,3.72,3.04,4.79,0.40,5.72,0.52,5.97,6.23,32.72,5.87,C2'-exo
99,100,0.85,G,G,G,0,0,1,0,0,.,75,1,tHW,tM-W,4.84,3.06,0.96,1.40,3.57,5.36,4.48,3.58,BI,anti,A,4.15,4.57,2.58,4.05,3.17,4.02,4.55,4.69,0.12,5.78,0.66,5.65,0.32,38.40,0.16,C3'-endo
100,101,0.85,A,A,A,1,0,0,0,0,.,74,1,...,....,4.80,3.11,0.95,1.34,3.56,5.11,4.74,3.39,BI,anti,.,4.59,4.62,2.57,3.75,2.94,3.82,4.06,4.60,0.11,5.73,0.74,5.57,0.38,43.13,0.18,C3'-endo
101,102,0.86,G,G,G,0,0,1,0,0,.,73,1,tWH,tW-M,5.09,3.16,1.06,1.51,3.48,5.33,4.43,3.24,BI,anti,A,4.52,4.61,3.02,4.04,3.31,4.00,4.39,4.30,0.27,5.67,0.70,5.72,0.20,39.89,6.22,C2'-exo
102,103,0.87,U,U,U,0,0,0,1,0,.,72,1,tWH,tW-M,4.87,3.35,0.95,1.27,3.58,5.11,4.75,3.55,BI,anti,A,4.30,4.64,2.89,3.63,3.16,3.72,3.81,4.20,0.09,5.75,0.74,5.57,0.41,43.32,0.22,C3'-endo
103,104,0.88,A,A,A,1,0,0,0,0,.,71,1,tHS,tM-m,5.08,3.15,1.05,1.49,3.69,5.46,4.52,3.41,BI,anti,.,4.28,4.54,3.09,4.27,3.28,4.29,3.88,5.17,0.06,5.85,0.61,5.69,0.35,35.87,0.24,C3'-endo
104,105,0.89,G,G,G,0,0,1,0,0,),70,1,cWW,cW-W,4.81,3.01,1.00,1.35,3.47,5.27,4.48,3.40,BI,anti,.,4.78,4.64,2.57,3.80,3.12,3.79,4.53,4.18,0.16,5.71,0.73,5.62,0.33,42.11,0.11,C3'-endo
105,106,0.90,G,G,G,0,0,1,0,0,),"13,69",2,"tSW,cWW","tm+W,cW-W",5.05,3.01,1.20,1.25,3.81,5.09,5.01,3.23,BI,anti,.,4.47,4.69,3.08,3.84,3.34,3.94,4.05,4.92,0.09,5.76,0.73,5.56,0.40,42.81,0.22,C3'-endo
106,107,0.91,G,G,G,0,0,1,0,0,.,68,1,tSH,tm-M,5.33,2.94,0.99,1.40,3.65,5.21,4.73,3.67,BI,anti,.,3.72,4.59,3.06,3.85,3.41,4.01,4.65,4.13,0.14,5.78,0.65,5.68,0.29,37.63,0.12,C3'-endo
107,108,0.91,A,A,A,1,0,0,0,0,.,,0,,,5.23,3.79,1.09,2.48,3.62,1.13,2.49,5.12,..,anti,.,0.98,1.91,3.66,0.74,3.98,0.37,3.91,0.57,5.90,0.64,5.65,0.43,6.24,37.78,2.87,C2'-endo
108,109,0.92,A,A,A,1,0,0,0,0,.,,0,,,3.67,2.81,3.33,1.25,3.66,5.10,4.84,3.34,BI,anti,A,4.61,4.70,4.24,2.94,4.59,3.17,4.67,3.73,0.07,5.74,0.77,5.52,0.43,45.24,0.24,C3'-endo
109,110,0.93,C,C,C,0,1,0,0,0,),9,1,cWW,cW-W,5.09,2.91,1.29,1.35,3.59,5.25,4.62,3.36,BI,anti,A,4.43,4.58,3.08,3.86,3.34,3.86,4.01,4.63,0.10,5.79,0.68,5.63,0.36,39.49,0.20,C3'-endo
110,111,0.94,U,U,U,0,0,0,1,0,),8,1,cWW,cW-W,4.94,3.02,1.12,1.48,3.23,4.90,4.62,3.65,BI,anti,.,4.31,4.26,2.85,3.43,3.28,3.34,4.40,3.36,6.25,5.97,0.52,5.73,0.38,32.13,0.39,C3'-endo
111,112,0.95,G,G,G,0,0,1,0,0,),7,1,cWW,cW-W,4.71,3.08,1.27,1.47,3.33,5.31,4.31,3.73,BI,anti,A,3.66,4.44,2.88,3.85,3.03,3.73,3.25,4.08,0.18,5.76,0.64,5.73,0.24,36.47,0.04,C3'-endo
112,113,0.96,C,C,C,0,1,0,0,0,),6,1,cWW,cW-W,4.77,3.10,1.08,1.35,3.57,5.13,4.72,3.78,BI,anti,A,3.74,4.55,2.77,3.76,3.04,3.77,3.69,4.23,0.05,5.81,0.68,5.61,0.40,40.37,0.25,C3'-endo
113,114,0.97,C,C,C,0,1,0,0,0,),5,1,cWW,cW-W,5.00,3.11,0.98,1.40,3.60,4.87,5.01,3.72,BI,anti,A,4.10,4.51,2.88,3.56,3.12,3.58,3.79,3.86,6.25,5.91,0.60,5.64,0.44,37.24,0.38,C3'-endo
114,115,0.97,A,A,A,1,0,0,0,0,),4,1,cWW,cW-W,4.92,2.99,1.05,1.42,3.46,5.20,4.55,3.62,BI,anti,A,4.23,4.57,2.79,3.81,2.97,3.74,3.44,4.21,0.06,5.83,0.63,5.66,0.36,37.25,0.24,C3'-endo
115,116,0.98,G,G,G,0,0,1,0,0,),3,1,cWW,cW-W,4.83,2.93,1.18,1.33,3.40,5.08,4.60,3.29,BI,anti,A,4.57,4.61,2.70,3.59,3.05,3.59,3.95,4.09,0.15,5.70,0.76,5.57,0.36,43.72,0.14,C3'-endo
116,117,0.99,G,G,G,0,0,1,0,0,),2,1,cWW,cW-W,5.10,3.40,0.85,1.47,3.74,5.28,4.74,3.36,BI,anti,.,4.38,4.67,3.08,4.09,3.15,4.20,3.82,4.45,0.25,5.68,0.69,5.70,0.21,39.40,6.26,C2'-exo
117,118,1.00,C,C,C,0,1,0,0,0,),1,1,cWW,cW-W,5.14,3.03,1.40,1.98,,,,3.71,n/a,anti,-,,,,,,,,,5.65,0.58,5.96,6.25,0.41,35.92,2.11,C1'-exo
