index_chain,old_nt_resnum,nt_position,nt_name,nt_code,nt_align_code,is_A,is_C,is_G,is_U,is_other,dbn,paired,nb_interact,pair_type_LW,pair_type_DSSR,alpha,beta,gamma,delta,epsilon,zeta,epsilon_zeta,chi,bb_type,glyco_bond,form,ssZp,Dp,eta,theta,eta_prime,theta_prime,eta_base,theta_base,v0,v1,v2,v3,v4,amplitude,phase_angle,puckering
1,1,0.01,U,U,U,0,0,0,1,0,(,71,1,cWW,cW-W,,,1.11,1.46,3.28,5.02,4.54,3.71,BI,anti,.,4.03,4.33,,,,,,,0.01,5.90,0.60,5.67,0.38,36.04,0.32,C3'-endo
2,2,0.03,G,G,G,0,0,1,0,0,(,70,1,cWW,cW-W,2.66,3.27,3.09,1.43,3.85,5.13,5.00,3.17,BI,anti,A,4.79,4.70,2.79,3.46,2.95,3.58,3.34,4.36,0.05,5.86,0.63,5.67,0.36,37.12,0.26,C3'-endo
3,3,0.04,G,G,G,0,0,1,0,0,(,69,1,cWW,cW-W,5.12,3.27,0.76,1.40,3.36,4.87,4.78,3.34,BI,anti,.,4.64,4.59,2.79,3.86,3.10,3.81,4.16,4.07,0.08,5.81,0.66,5.65,0.34,38.67,0.20,C3'-endo
4,4,0.05,G,G,G,0,0,1,0,0,(,68,1,cWW,cW-W,2.84,3.60,3.04,1.50,3.99,4.95,5.32,3.12,BI,anti,A,4.78,4.71,3.07,3.59,3.31,3.61,3.87,4.14,0.13,5.81,0.62,5.72,0.27,35.72,0.12,C3'-endo
5,5,0.07,G,G,G,0,0,1,0,0,(,67,1,cWW,cW-W,5.14,2.93,0.93,1.42,3.43,4.96,4.75,3.33,BI,anti,A,4.62,4.55,2.72,3.54,3.07,3.55,3.95,3.81,0.02,5.86,0.64,5.64,0.39,38.37,0.30,C3'-endo
6,6,0.08,U,U,U,0,0,0,1,0,(,66,1,cWW,cW-W,5.29,3.17,0.98,1.50,3.65,4.77,5.16,3.61,BI,anti,.,4.05,4.52,3.25,3.67,3.39,3.85,3.75,4.59,0.07,5.87,0.58,5.72,0.32,34.31,0.22,C3'-endo
7,7,0.09,A,A,A,1,0,0,0,0,.,,0,,,5.61,2.69,1.15,2.51,4.18,5.53,4.94,4.05,..,anti,.,1.49,1.78,3.43,5.58,4.07,5.24,4.77,5.69,6.06,0.46,5.77,0.40,6.17,29.51,3.04,C2'-endo
8,8,0.11,U,U,U,0,0,0,1,0,.,14,1,tWH,tW-M,5.23,3.05,0.77,1.39,4.29,4.11,0.18,3.28,..,anti,.,4.56,4.70,2.81,2.93,3.61,3.77,4.19,3.93,0.03,5.87,0.62,5.66,0.38,37.29,0.28,C3'-endo
9,9,0.12,C,C,C,0,1,0,0,0,.,22,1,tWH,tW+M,4.90,3.88,0.90,2.50,4.60,5.18,5.70,3.78,..,anti,.,0.84,1.08,4.03,5.69,3.49,4.58,3.21,4.01,5.99,0.53,5.73,0.41,6.20,32.50,2.95,C2'-endo
10,10,0.13,G,G,G,0,0,1,0,0,.,"24,43",2,"cWW,cHW","cW-W,cM+W",3.45,2.45,0.93,2.47,3.52,4.71,5.10,3.55,BI,anti,.,2.83,2.56,0.23,4.55,1.76,3.98,1.99,4.16,6.01,0.50,5.77,0.37,6.22,30.09,2.93,C2'-endo
11,11,0.15,C,C,C,0,1,0,0,0,.,24,1,cWW,cW-W,4.78,3.36,0.68,1.38,3.73,4.85,5.16,4.17,BI,anti,.,2.55,4.52,2.63,3.50,2.85,3.62,3.44,3.95,6.27,5.92,0.58,5.67,0.39,35.54,0.34,C3'-endo
12,12,0.16,C,C,C,0,1,0,0,0,(,22,1,cWW,cW-W,5.16,3.12,0.80,1.39,3.37,5.08,4.57,3.72,BI,anti,.,4.16,4.53,2.85,4.15,3.00,4.15,3.40,4.72,0.03,5.87,0.63,5.66,0.38,37.31,0.28,C3'-endo
13,13,0.17,A,A,A,1,0,0,0,0,.,21,1,tSH,tm-M,2.64,3.81,3.20,1.53,3.66,5.40,4.54,3.34,BI,anti,.,4.41,4.49,3.21,3.42,3.67,3.19,4.64,3.03,0.06,5.87,0.59,5.71,0.32,34.81,0.23,C3'-endo
14,14,0.19,A,A,A,1,0,0,0,0,.,8,1,tHW,tM-W,3.84,1.92,3.05,1.53,4.32,5.00,5.60,2.83,..,anti,.,4.22,4.43,3.44,4.05,3.30,4.37,3.19,5.53,0.03,5.90,0.56,5.72,0.34,33.41,0.28,C3'-endo
15,15,0.20,G,G,G,0,0,1,0,0,.,47,1,tWW,tW+W,2.36,4.27,2.92,1.51,3.47,3.66,6.10,3.54,..,anti,.,4.31,4.38,2.38,1.79,3.43,1.62,5.03,1.76,0.01,5.91,0.57,5.70,0.36,34.08,0.31,C3'-endo
16,16,0.21,C,C,C,0,1,0,0,0,.,,0,,,3.54,1.97,3.07,1.45,4.03,0.64,3.39,4.91,..,anti,.,-0.80,4.30,3.65,4.90,3.06,4.55,2.53,4.16,6.18,6.00,0.55,5.66,0.46,35.42,0.49,C3'-endo
17,17,0.23,G,G,G,0,0,1,0,0,.,,0,,,3.31,2.80,5.23,2.61,3.71,3.76,6.23,4.27,..,anti,.,1.44,1.78,5.75,3.46,0.31,3.74,0.44,4.32,6.06,0.49,5.72,0.45,6.14,32.09,3.07,C2'-endo
18,18,0.24,G,G,G,0,0,1,0,0,.,,0,,,3.11,3.71,3.04,2.52,3.57,6.27,3.58,4.67,..,anti,.,1.28,1.90,3.64,5.94,3.92,5.37,4.20,5.87,5.96,0.56,5.71,0.41,6.22,33.90,2.91,C2'-endo
19,19,0.25,U,U,U,0,0,0,1,0,.,,0,,,3.47,4.15,0.82,1.44,3.40,5.00,4.69,3.53,BI,anti,.,4.22,4.32,1.98,4.18,2.73,3.91,3.02,3.68,6.28,5.92,0.57,5.69,0.38,34.43,0.34,C3'-endo
20,20,0.27,A,A,A,1,0,0,0,0,.,,0,,,2.46,3.94,5.20,2.51,3.65,3.96,5.97,3.51,..,anti,.,1.62,1.99,5.39,3.18,5.54,2.92,5.36,2.71,5.96,0.56,5.72,0.39,6.24,33.06,2.89,C2'-endo
21,21,0.28,A,A,A,1,0,0,0,0,.,13,1,tHS,tM-m,1.92,2.54,3.17,1.46,3.33,4.89,4.72,3.54,BI,anti,.,4.38,4.47,1.93,3.23,1.92,3.53,1.81,4.42,0.04,5.87,0.62,5.67,0.36,36.59,0.27,C3'-endo
22,22,0.29,G,G,G,0,0,1,0,0,),"9,12",2,"tHW,cWW","tM+W,cW-W",2.67,4.07,2.97,1.49,4.01,4.94,5.36,3.41,BI,anti,A,4.43,4.71,3.07,3.76,3.60,3.67,4.74,4.06,0.09,5.83,0.62,5.70,0.31,36.04,0.18,C3'-endo
23,23,0.31,G,G,G,0,0,1,0,0,.,,0,,,5.04,3.06,0.89,1.49,3.85,5.04,5.10,3.41,BI,anti,.,4.36,4.47,2.81,4.00,3.06,4.11,3.72,4.96,6.28,5.93,0.56,5.70,0.37,33.90,0.33,C3'-endo
24,24,0.32,C,C,C,0,1,0,0,0,.,"10,11",2,"cWW,cWW","cW-W,cW-W",5.35,2.74,0.94,1.43,3.59,5.01,4.86,3.49,BI,anti,A,4.51,4.62,2.87,3.75,3.35,3.67,4.56,3.91,0.05,5.85,0.63,5.67,0.35,37.25,0.24,C3'-endo
25,25,0.33,A,A,A,1,0,0,0,0,.,43,1,cWW,cW-W,5.12,3.17,0.78,1.43,3.75,5.10,4.93,3.28,BI,anti,A,4.64,4.61,2.89,3.88,3.02,3.99,3.52,4.83,0.05,5.87,0.60,5.69,0.34,35.33,0.26,C3'-endo
26,26,0.35,C,C,C,0,1,0,0,0,(,42,1,cWW,cW-W,5.34,2.88,0.92,1.42,3.69,4.99,4.97,3.58,BI,anti,A,4.27,4.62,2.96,3.75,3.35,3.73,4.48,4.05,0.03,5.86,0.62,5.66,0.37,37.15,0.28,C3'-endo
27,27,0.36,C,C,C,0,1,0,0,0,(,41,1,cWW,cW-W,5.10,3.19,0.76,1.39,3.61,5.08,4.81,3.43,BI,anti,A,4.60,4.63,2.79,3.69,2.96,3.75,3.53,4.21,0.05,5.85,0.63,5.67,0.36,37.30,0.25,C3'-endo
28,28,0.37,G,G,G,0,0,1,0,0,(,40,1,cWW,cW-W,5.14,3.24,0.80,1.42,3.68,5.02,4.94,3.42,BI,anti,A,4.59,4.62,2.92,3.73,3.11,3.81,3.75,4.52,0.05,5.85,0.63,5.66,0.36,37.27,0.25,C3'-endo
29,29,0.39,G,G,G,0,0,1,0,0,(,39,1,cWW,cW-W,5.17,2.97,0.97,1.49,3.70,4.78,5.20,3.19,BI,anti,.,4.77,4.65,2.93,3.61,3.23,3.63,4.22,3.60,0.10,5.83,0.62,5.70,0.31,36.26,0.18,C3'-endo
30,30,0.40,A,A,A,1,0,0,0,0,.,"38,39",2,"cWW,cWW","cW+W,cW-W",4.88,3.22,1.03,1.47,3.51,5.31,4.48,3.36,BI,anti,.,4.53,4.52,2.89,3.95,2.99,3.99,3.15,4.61,0.02,5.89,0.60,5.68,0.37,36.01,0.29,C3'-endo
31,31,0.41,U,U,U,0,0,0,1,0,.,,0,,,4.94,3.41,0.97,1.46,3.85,5.18,4.95,3.59,BI,anti,.,4.33,4.69,3.06,4.15,3.34,4.34,4.20,5.17,0.05,5.86,0.62,5.68,0.35,36.43,0.25,C3'-endo
32,32,0.43,U,U,U,0,0,0,1,0,.,,0,,,5.54,2.77,1.14,1.55,4.21,4.99,5.50,4.05,..,anti,.,2.58,4.46,3.40,4.84,3.93,4.05,4.93,3.27,0.02,5.91,0.56,5.72,0.35,33.51,0.29,C3'-endo
33,33,0.44,G,G,G,0,0,1,0,0,.,0,1,tWS,tW+m,2.35,3.03,0.81,1.42,4.07,5.59,4.76,3.09,..,anti,.,4.32,4.35,5.99,4.57,0.31,4.72,0.39,5.95,6.17,6.00,0.54,5.66,0.47,35.64,0.51,C3'-endo
34,34,0.45,U,U,U,0,0,0,1,0,.,,0,,,5.06,2.96,0.80,1.44,3.60,5.14,4.74,4.02,BI,anti,.,3.13,4.32,2.53,3.85,3.24,3.90,4.83,4.66,6.23,5.96,0.56,5.68,0.42,34.79,0.41,C3'-endo
35,35,0.47,G,G,G,0,0,1,0,0,.,0,1,tWH,tW-M,5.34,2.90,0.90,1.41,4.38,3.79,0.59,4.15,..,anti,.,1.95,4.55,3.18,3.67,3.46,3.58,4.32,3.51,6.24,5.93,0.59,5.65,0.43,36.64,0.40,C3'-endo
36,36,0.48,A,A,A,1,0,0,0,0,.,,0,,,1.53,4.63,3.27,1.55,4.21,5.29,5.21,3.74,..,anti,.,3.34,4.31,3.02,4.01,3.13,4.09,3.18,5.00,6.25,5.96,0.54,5.71,0.38,33.26,0.38,C3'-endo
37,37,0.49,U,U,U,0,0,0,1,0,.,,0,,,5.26,2.72,0.85,1.40,4.01,4.98,5.31,3.76,BI,anti,.,3.69,4.58,2.62,4.19,3.24,3.97,4.45,4.89,6.25,5.93,0.59,5.66,0.42,36.15,0.38,C3'-endo
38,38,0.51,U,U,U,0,0,0,1,0,.,30,1,cWW,cW+W,0.94,3.95,4.73,1.65,3.97,5.33,4.92,1.02,BI,syn,.,-1.90,4.15,3.16,3.50,3.25,3.82,4.54,3.51,0.06,5.94,0.48,5.82,0.26,27.99,0.21,C3'-endo
39,39,0.52,C,C,C,0,1,0,0,0,),"29,30",2,"cWW,cWW","cW-W,cW-W",5.10,3.21,0.75,1.46,3.28,4.59,4.97,4.09,BI,anti,.,3.05,4.38,2.70,3.64,3.25,3.46,3.01,3.51,0.06,5.87,0.59,5.70,0.33,35.01,0.23,C3'-endo
40,40,0.53,C,C,C,0,1,0,0,0,),28,1,cWW,cW-W,2.59,3.64,3.06,1.45,4.38,4.85,5.81,3.17,..,anti,.,4.62,4.69,2.98,3.75,2.99,3.85,3.20,4.57,0.07,5.86,0.60,5.70,0.32,35.45,0.21,C3'-endo
41,41,0.55,G,G,G,0,0,1,0,0,),27,1,cWW,cW-W,5.42,2.69,0.83,1.40,4.26,3.87,0.38,3.06,..,anti,.,4.80,4.70,2.86,3.84,3.21,3.91,4.19,4.25,6.27,5.89,0.62,5.64,0.41,37.69,0.34,C3'-endo
42,42,0.56,G,G,G,0,0,1,0,0,),26,1,cWW,cW-W,1.76,4.78,3.28,1.54,3.94,5.06,5.16,2.96,BI,anti,.,4.53,4.60,3.20,3.63,3.54,3.58,4.20,4.05,0.08,5.86,0.59,5.72,0.30,34.35,0.20,C3'-endo
43,43,0.57,C,C,C,0,1,0,0,0,.,"10,25",2,"cWH,cWW","cW+M,cW-W",5.09,3.23,0.90,1.48,3.97,5.60,4.65,3.43,..,anti,.,4.36,4.56,2.98,4.60,3.25,4.68,3.98,5.75,0.02,5.91,0.57,5.71,0.35,33.94,0.30,C3'-endo
44,44,0.59,U,U,U,0,0,0,1,0,.,,0,,,4.78,3.35,0.84,1.42,3.99,3.67,0.32,4.34,..,anti,.,1.61,4.71,2.62,2.79,3.19,2.99,4.53,2.91,0.04,5.85,0.64,5.65,0.37,37.70,0.26,C3'-endo
45,45,0.60,U,U,U,0,0,0,1,0,.,,0,,,5.59,2.23,0.90,1.42,4.41,3.84,0.57,4.72,..,anti,.,-0.49,4.52,3.33,3.05,3.19,2.78,2.92,2.15,6.24,5.93,0.59,5.65,0.43,36.57,0.39,C3'-endo
46,46,0.61,U,U,U,0,0,0,1,0,.,,0,,,4.63,2.78,4.98,1.51,3.35,0.12,3.23,3.71,..,anti,.,4.18,4.53,0.67,4.47,0.44,4.08,0.83,3.87,0.10,5.83,0.62,5.71,0.30,35.92,0.17,C3'-endo
47,47,0.63,C,C,C,0,1,0,0,0,.,15,1,tWW,tW+W,3.94,4.52,2.84,2.51,3.59,1.63,1.96,3.66,..,anti,.,1.51,1.95,4.21,2.19,6.14,0.61,0.07,3.94,5.93,0.59,5.70,0.39,6.26,34.78,2.86,C2'-endo
48,48,0.64,C,C,C,0,1,0,0,0,(,"64,65",2,"cWW,cWW","cW-W,cW-W",1.25,2.53,0.89,1.45,3.95,4.99,5.24,3.82,BI,anti,.,3.59,4.61,5.49,4.07,5.79,4.02,2.59,4.36,0.03,5.88,0.61,5.68,0.36,36.12,0.28,C3'-endo
49,49,0.65,G,G,G,0,0,1,0,0,(,63,1,cWW,cW-W,4.79,3.21,1.01,1.46,3.47,5.04,4.71,3.51,BI,anti,A,4.40,4.45,2.69,3.66,2.98,3.68,3.60,4.06,6.28,5.91,0.59,5.68,0.38,35.51,0.33,C3'-endo
50,50,0.67,A,A,A,1,0,0,0,0,(,62,1,cWW,cW-W,5.20,3.06,0.95,1.48,3.24,5.17,4.35,3.46,BI,anti,.,4.05,4.17,3.01,4.09,3.30,3.88,3.91,4.19,6.25,5.95,0.55,5.70,0.39,33.96,0.37,C3'-endo
51,51,0.68,G,G,G,0,0,1,0,0,(,61,1,cWW,cW-W,2.75,3.30,3.10,1.48,3.74,5.28,4.75,3.22,BI,anti,.,4.43,4.49,2.98,3.56,3.22,3.66,3.89,4.43,0.01,5.91,0.59,5.68,0.37,35.28,0.31,C3'-endo
52,52,0.69,G,G,G,0,0,1,0,0,.,,0,,,5.20,3.09,0.84,1.41,3.42,4.90,4.80,3.54,BI,anti,A,4.17,4.27,2.87,3.41,3.28,3.41,4.33,3.62,6.21,5.98,0.55,5.67,0.44,35.11,0.45,C3'-endo
53,53,0.71,U,U,U,0,0,0,1,0,.,57,1,tWH,tW-M,5.09,3.05,0.88,1.43,3.98,5.07,5.19,3.82,BI,anti,.,3.67,4.68,2.95,4.05,3.04,4.10,3.35,5.35,0.03,5.87,0.61,5.67,0.37,36.56,0.28,C3'-endo
54,54,0.72,U,U,U,0,0,0,1,0,.,,0,,,5.12,3.01,0.97,1.45,3.74,5.28,4.74,0.77,BI,syn,.,-3.52,4.40,2.85,4.43,3.20,3.71,4.63,2.40,6.22,5.95,0.57,5.66,0.43,35.99,0.42,C3'-endo
55,55,0.73,C,C,C,0,1,0,0,0,.,,0,,,2.94,2.98,0.97,1.48,3.55,5.19,4.65,4.23,BI,anti,.,2.52,4.30,0.59,4.29,1.06,4.00,0.47,4.12,6.26,5.95,0.55,5.70,0.39,33.81,0.37,C3'-endo
56,56,0.75,G,G,G,0,0,1,0,0,.,,0,,,2.75,3.12,2.97,1.51,3.71,5.62,4.37,3.22,BI,anti,.,4.24,4.35,2.70,3.86,2.98,4.08,3.39,4.79,6.23,5.97,0.54,5.69,0.41,33.99,0.42,C3'-endo
57,57,0.76,A,A,A,1,0,0,0,0,.,53,1,tHW,tM-W,4.96,3.51,1.11,1.73,4.96,3.38,1.58,3.92,BII,anti,.,1.72,3.67,3.69,3.94,4.16,3.39,4.92,2.74,6.28,5.99,0.46,5.80,0.31,27.85,0.34,C3'-endo
58,58,0.77,A,A,A,1,0,0,0,0,.,,0,,,1.87,3.90,1.16,1.50,3.41,5.73,3.96,3.46,BI,anti,.,4.32,4.36,0.67,4.67,1.02,4.54,1.15,5.23,0.00,5.91,0.58,5.69,0.37,34.97,0.32,C3'-endo
59,59,0.79,U,U,U,0,0,0,1,0,.,,0,,,2.77,2.90,3.16,2.42,4.44,5.48,5.25,3.61,..,anti,.,1.38,1.35,3.53,4.97,3.84,5.10,4.78,5.29,5.92,0.56,5.75,0.34,0.01,32.66,2.80,C2'-endo
60,60,0.80,C,C,C,0,1,0,0,0,.,,0,,,4.17,3.85,1.18,2.53,3.44,4.32,5.40,4.89,BI,anti,.,1.80,2.07,2.11,4.04,3.16,3.63,3.57,4.30,5.95,0.57,5.71,0.40,6.24,33.90,2.89,C2'-endo
61,61,0.81,C,C,C,0,1,0,0,0,),51,1,cWW,cW-W,4.29,3.23,0.98,1.44,3.56,4.79,5.05,3.16,BI,anti,.,4.63,4.52,2.39,3.44,2.46,3.53,3.39,3.69,6.27,5.91,0.60,5.66,0.40,36.36,0.35,C3'-endo
62,62,0.83,U,U,U,0,0,0,1,0,),50,1,cWW,cW-W,5.09,3.16,1.08,1.51,3.47,5.33,4.43,3.65,BI,anti,.,4.21,4.48,3.12,3.99,3.25,4.02,3.47,4.87,0.02,5.88,0.60,5.68,0.37,36.01,0.29,C3'-endo
63,63,0.84,C,C,C,0,1,0,0,0,),49,1,cWW,cW-W,5.04,3.25,0.96,1.51,3.74,4.88,5.15,4.07,BI,anti,.,2.92,4.55,3.06,3.76,3.42,3.79,4.50,4.20,0.06,5.86,0.59,5.71,0.32,34.94,0.22,C3'-endo
64,64,0.85,G,G,G,0,0,1,0,0,),48,1,cWW,cW-W,5.08,2.97,0.92,1.48,3.52,4.99,4.82,3.66,BI,anti,A,4.26,4.58,2.79,3.72,3.04,3.70,3.65,4.08,0.07,5.84,0.62,5.69,0.33,36.15,0.21,C3'-endo
65,65,0.87,U,U,U,0,0,0,1,0,.,48,1,cWW,cW-W,5.26,2.90,0.96,1.44,3.37,5.01,4.64,3.58,BI,anti,A,4.30,4.47,2.93,3.56,3.23,3.51,3.92,3.71,0.05,5.86,0.62,5.67,0.35,36.92,0.25,C3'-endo
66,66,0.88,A,A,A,1,0,0,0,0,),6,1,cWW,cW-W,5.00,3.32,0.81,1.46,4.06,4.74,5.61,3.66,..,anti,.,3.93,4.79,3.02,3.81,3.06,3.91,3.38,4.50,0.12,5.81,0.62,5.71,0.29,35.90,0.14,C3'-endo
67,67,0.89,C,C,C,0,1,0,0,0,),5,1,cWW,cW-W,5.27,2.53,1.06,1.49,3.54,4.74,5.08,3.71,BI,anti,.,4.08,4.49,2.77,3.54,3.15,3.38,3.99,3.40,0.03,5.88,0.59,5.69,0.36,35.41,0.28,C3'-endo
68,68,0.91,C,C,C,0,1,0,0,0,),4,1,cWW,cW-W,5.21,2.82,1.05,1.47,3.67,4.59,5.36,3.33,BI,anti,A,4.44,4.45,3.02,3.92,3.14,3.82,3.39,4.21,6.25,5.94,0.56,5.68,0.40,34.64,0.38,C3'-endo
69,69,0.92,C,C,C,0,1,0,0,0,),3,1,cWW,cW-W,0.87,2.78,5.26,1.71,3.24,4.80,4.73,3.92,BI,anti,A,3.69,4.42,2.88,3.56,3.07,3.61,3.73,3.91,0.31,5.72,0.59,5.85,0.08,34.65,6.09,C2'-exo
70,70,0.93,C,C,C,0,1,0,0,0,),2,1,cWW,cW-W,2.80,3.80,2.86,1.51,4.09,4.99,5.37,3.10,..,anti,.,4.21,4.37,3.01,3.83,3.26,3.83,3.66,4.65,0.02,5.92,0.55,5.72,0.34,32.81,0.30,C3'-endo
71,71,0.95,A,A,A,1,0,0,0,0,),1,1,cWW,cW-W,5.21,2.92,0.69,1.42,3.81,4.77,5.32,3.28,BI,anti,A,4.74,4.71,2.65,3.70,3.01,3.76,4.19,4.18,0.09,5.84,0.62,5.69,0.32,36.36,0.19,C3'-endo
72,72,0.96,G,G,G,0,0,1,0,0,.,,0,,,5.46,2.64,0.94,1.41,4.04,3.81,0.22,3.27,..,anti,A,4.75,4.75,3.05,3.62,3.28,3.58,3.93,3.61,0.03,5.87,0.63,5.65,0.38,37.47,0.28,C3'-endo
73,73,0.97,C,C,C,0,1,0,0,0,.,,0,,,2.05,4.37,3.19,1.51,4.18,4.89,5.57,3.41,..,anti,.,4.17,4.62,3.07,3.77,3.19,3.77,3.38,4.62,0.13,5.83,0.60,5.75,0.25,34.48,0.12,C3'-endo
74,74,0.99,C,C,C,0,1,0,0,0,.,,0,,,5.46,2.78,0.84,1.43,4.06,2.80,1.26,4.07,BII,anti,.,2.67,4.75,2.95,1.87,3.30,2.02,4.38,2.26,0.08,5.84,0.62,5.69,0.32,36.02,0.20,C3'-endo
75,75,1.00,A,A,A,1,0,0,0,0,.,0,1,cSW,cm-W,5.21,2.36,0.70,1.50,,,,3.38,n/a,anti,-,,,,,,,,,6.20,6.00,0.52,5.70,0.42,33.08,0.47,C3'-endo
