index_chain,old_nt_resnum,nt_position,nt_name,nt_code,nt_align_code,is_A,is_C,is_G,is_U,is_other,dbn,paired,nb_interact,pair_type_LW,pair_type_DSSR,alpha,beta,gamma,delta,epsilon,zeta,epsilon_zeta,chi,bb_type,glyco_bond,form,ssZp,Dp,eta,theta,eta_prime,theta_prime,eta_base,theta_base,v0,v1,v2,v3,v4,amplitude,phase_angle,puckering
1,1,0.01,U,U,U,0,0,0,1,0,.,,0,,,,,3.14,1.42,4.65,4.70,6.23,3.63,..,anti,.,3.51,4.54,,,,,,,6.23,5.95,0.57,5.67,0.42,35.41,0.41,C3'-endo
2,2,0.02,C,C,C,0,1,0,0,0,(,119,1,cWW,cW-W,5.23,2.42,1.16,1.42,4.18,5.04,5.43,4.19,..,anti,.,1.97,4.59,2.72,4.00,3.19,3.82,4.38,3.79,6.22,5.96,0.57,5.67,0.43,35.47,0.42,C3'-endo
3,3,0.03,C,C,C,0,1,0,0,0,(,118,1,cWW,cW-W,4.61,2.18,1.99,1.39,4.52,4.60,6.20,3.52,..,anti,.,3.72,4.34,2.99,3.62,3.19,3.67,3.37,4.44,6.10,6.07,0.51,5.65,0.52,35.81,0.62,C3'-endo
4,4,0.03,C,C,C,0,1,0,0,0,(,117,1,cWW,cW-W,5.07,2.67,0.97,1.44,4.18,4.62,5.84,3.30,..,anti,A,4.57,4.74,2.70,3.85,2.99,3.88,3.91,4.27,0.07,5.85,0.61,5.69,0.33,35.77,0.22,C3'-endo
5,5,0.04,C,C,C,0,1,0,0,0,(,116,1,cWW,cW-W,5.37,2.41,1.25,1.42,3.94,4.19,6.03,3.18,..,anti,.,4.35,4.44,3.03,3.63,3.35,3.59,4.03,3.73,6.14,6.05,0.50,5.69,0.47,33.97,0.57,C3'-endo
6,6,0.05,C,C,C,0,1,0,0,0,(,115,1,cWW,cW-W,0.20,2.48,6.10,1.38,3.10,5.01,4.37,3.85,BI,anti,.,3.83,4.44,2.84,3.79,2.97,3.81,3.34,4.19,0.10,5.79,0.69,5.63,0.35,40.06,0.19,C3'-endo
7,7,0.06,G,G,G,0,0,1,0,0,(,114,1,cWW,cW-W,2.93,3.82,2.80,1.31,4.67,4.72,6.23,3.25,..,anti,.,4.48,4.79,3.15,4.12,3.38,3.94,3.92,4.41,0.04,5.83,0.68,5.60,0.40,40.43,0.28,C3'-endo
8,8,0.07,U,U,U,0,0,0,1,0,(,113,1,cWW,cW-W,1.01,4.23,4.50,1.60,3.76,5.09,4.95,3.47,BI,anti,A,4.41,4.63,3.11,3.44,3.26,3.48,4.10,4.05,0.23,5.81,0.53,5.87,0.12,30.46,6.18,C2'-exo
9,9,0.08,G,G,G,0,0,1,0,0,(,112,1,cWW,cW-W,2.59,3.22,3.01,1.46,4.00,4.78,5.50,3.34,BI,anti,A,4.64,4.81,2.49,3.41,2.89,3.52,3.74,4.18,0.29,5.66,0.71,5.71,0.18,40.97,6.20,C2'-exo
10,10,0.08,C,C,C,0,1,0,0,0,(,111,1,cWW,cW-W,5.72,2.82,0.61,1.41,3.70,5.12,4.87,3.53,BI,anti,.,4.39,4.70,2.97,3.87,3.25,3.89,4.11,4.26,0.13,5.76,0.69,5.65,0.32,40.05,0.14,C3'-endo
11,11,0.09,C,C,C,0,1,0,0,0,(,110,1,cWW,cW-W,5.29,3.08,0.89,1.35,4.18,5.30,5.17,3.04,..,anti,.,4.72,4.72,3.11,4.41,3.31,4.63,3.93,5.55,6.27,5.87,0.65,5.60,0.43,39.73,0.34,C3'-endo
12,12,0.10,C,C,C,0,1,0,0,0,.,,0,,,4.56,3.18,1.68,2.56,5.10,1.99,3.11,3.74,..,anti,.,0.47,0.47,3.56,2.77,4.20,2.59,5.23,3.05,5.95,0.57,5.71,0.40,6.24,34.07,2.89,C2'-endo
13,13,0.11,A,A,A,1,0,0,0,0,.,69,1,t.S,t.+m,0.44,2.55,6.23,1.43,3.80,4.18,5.90,3.64,..,anti,.,4.09,4.60,4.39,3.31,4.17,2.71,4.18,3.42,6.27,5.91,0.59,5.67,0.40,36.06,0.35,C3'-endo
14,14,0.12,U,U,U,0,0,0,1,0,.,107,1,tSS,tm+m,1.20,3.81,1.26,2.53,3.64,0.46,3.18,5.46,..,anti,.,0.54,1.88,5.99,0.01,0.00,5.05,5.26,5.53,5.93,0.59,5.69,0.40,6.25,35.38,2.87,C2'-endo
15,15,0.13,A,A,A,1,0,0,0,0,.,,0,,,3.06,1.12,2.85,1.45,3.04,1.95,1.09,5.27,..,anti,.,-1.36,4.24,2.51,4.96,3.03,5.53,3.34,5.81,0.01,5.90,0.59,5.68,0.37,35.54,0.30,C3'-endo
16,16,0.13,G,G,G,0,0,1,0,0,(,68,1,cWW,cW-W,4.93,2.50,0.43,1.34,3.71,5.07,4.92,3.12,BI,anti,.,4.51,4.58,2.43,3.82,3.11,3.88,3.82,4.41,6.19,5.95,0.62,5.59,0.49,39.36,0.46,C3'-endo
17,17,0.14,C,C,C,0,1,0,0,0,.,,0,,,5.24,3.10,1.02,1.27,3.94,5.16,5.06,2.41,BI,anti,.,3.65,4.76,3.13,3.93,3.34,4.00,4.24,5.13,6.27,5.84,0.71,5.54,0.48,43.40,0.35,C3'-endo
18,18,0.15,G,G,G,0,0,1,0,0,(,"65,67",2,"cWW,cSW","cW-W,cm-W",4.96,3.05,1.14,1.37,3.08,5.06,4.30,3.66,BI,anti,A,4.12,4.30,2.78,3.86,3.22,3.64,4.70,4.08,6.25,5.91,0.62,5.62,0.44,38.40,0.38,C3'-endo
19,19,0.16,G,G,G,0,0,1,0,0,(,64,1,cWW,cW-W,2.76,3.57,2.93,1.39,4.32,4.69,5.92,3.01,..,anti,A,4.75,4.76,2.95,3.60,3.15,3.67,3.96,4.39,0.07,5.82,0.66,5.65,0.36,38.72,0.23,C3'-endo
20,20,0.17,C,C,C,0,1,0,0,0,(,63,1,cWW,cW-W,5.48,2.95,0.51,1.38,4.05,4.58,5.75,3.80,..,anti,.,3.57,4.80,2.79,3.76,2.98,3.74,3.87,4.30,0.10,5.79,0.68,5.65,0.34,39.43,0.18,C3'-endo
21,21,0.18,G,G,G,0,0,1,0,0,.,62,1,cHW,cM+W,0.76,3.61,5.33,2.69,2.79,4.77,4.31,1.14,BI,syn,.,-2.07,2.13,3.39,3.79,3.60,3.73,4.15,4.13,5.93,0.67,5.58,0.52,6.17,41.19,2.97,C2'-endo
22,22,0.18,U,U,U,0,0,0,1,0,.,,0,,,2.85,3.53,2.64,1.39,3.97,4.59,5.67,3.87,BI,anti,A,3.38,4.77,2.63,3.41,3.16,3.40,3.86,3.73,0.16,5.75,0.70,5.65,0.30,40.38,0.11,C3'-endo
23,23,0.19,G,G,G,0,0,1,0,0,.,60,1,cWW,cW-W,5.54,2.73,0.66,1.39,4.11,4.30,6.09,3.73,..,anti,.,3.71,4.82,2.93,3.39,3.05,3.81,3.53,3.00,0.19,5.71,0.72,5.65,0.28,41.54,0.07,C3'-endo
24,24,0.20,G,G,G,0,0,1,0,0,.,"27,59",2,"tSW,cWW","tm+W,cW-W",4.41,3.41,1.44,2.75,4.50,0.93,3.57,4.62,..,anti,.,0.40,1.00,3.18,1.87,3.37,1.16,2.54,1.15,6.11,0.51,5.65,0.55,6.04,36.36,3.20,C3'-exo
25,25,0.21,A,A,A,1,0,0,0,0,.,,0,,,3.06,4.19,0.53,1.42,3.59,4.30,5.57,3.36,BI,anti,.,4.34,4.42,1.73,3.68,1.66,3.82,1.76,4.88,6.17,6.01,0.52,5.68,0.45,34.17,0.51,C3'-endo
26,26,0.22,A,A,A,1,0,0,0,0,.,,0,,,2.51,4.44,2.75,1.46,4.93,4.18,0.74,2.88,..,anti,.,4.03,4.13,3.10,4.63,3.36,4.32,4.49,5.01,6.15,6.05,0.48,5.72,0.44,32.17,0.55,C3'-endo
27,27,0.23,C,C,C,0,1,0,0,0,.,24,1,tWS,tW+m,2.08,4.14,3.08,1.40,4.51,4.54,6.26,2.08,..,...,A,2.85,4.57,2.37,3.74,2.90,3.81,4.12,4.36,6.24,5.94,0.59,5.65,0.43,36.45,0.40,C3'-endo
28,28,0.24,C,C,C,0,1,0,0,0,(,56,1,cWW,cW-W,5.67,2.63,0.59,1.37,3.69,4.89,5.08,3.51,BI,anti,A,4.43,4.70,2.73,3.69,3.09,3.68,3.98,4.04,0.09,5.78,0.70,5.62,0.36,40.95,0.20,C3'-endo
29,29,0.24,A,A,A,1,0,0,0,0,(,"55,58",2,"cWW,cSW","cW-W,cm-W",5.39,2.58,1.07,1.39,4.15,4.57,5.86,3.26,..,anti,A,4.62,4.68,3.07,3.76,3.29,3.77,3.94,4.42,6.25,5.91,0.61,5.63,0.43,37.81,0.37,C3'-endo
30,30,0.25,C,C,C,0,1,0,0,0,(,54,1,cWW,cW-W,5.46,2.35,1.02,1.33,3.48,5.66,4.11,3.36,BI,anti,.,4.58,4.59,2.74,4.38,3.12,4.30,4.17,5.06,6.28,5.86,0.67,5.59,0.44,40.74,0.33,C3'-endo
31,31,0.26,C,C,C,0,1,0,0,0,(,"51,53",2,"cWW,tSH","cW-W,tm-M",4.13,3.26,1.72,1.43,4.26,4.46,6.09,3.36,..,anti,A,4.52,4.79,2.96,3.80,3.47,3.85,4.76,4.33,0.08,5.83,0.64,5.68,0.33,37.11,0.20,C3'-endo
32,32,0.27,C,C,C,0,1,0,0,0,(,50,1,cWW,cW-W,5.81,2.68,0.41,1.43,4.32,4.16,0.16,3.45,..,anti,A,4.30,4.76,3.00,4.13,3.16,4.01,3.78,4.28,0.07,5.84,0.62,5.69,0.33,36.48,0.22,C3'-endo
33,33,0.28,G,G,G,0,0,1,0,0,(,49,1,cWW,cW-W,2.03,4.07,3.24,1.52,4.06,4.78,5.56,3.22,..,anti,A,4.56,4.61,2.70,3.52,2.97,3.67,3.52,4.04,0.06,5.91,0.52,5.78,0.28,30.73,0.22,C3'-endo
34,34,0.29,U,U,U,0,0,0,1,0,(,"48,49",2,"cWW,cWW","cW-W,cW-W",5.57,3.01,0.78,2.63,4.62,1.80,2.82,4.36,..,anti,.,0.71,0.77,3.41,2.33,3.92,1.96,4.30,1.78,5.95,0.62,5.63,0.47,6.19,38.02,2.95,C2'-endo
35,35,0.29,U,U,U,0,0,0,1,0,.,,0,,,3.07,3.84,0.75,1.40,4.08,4.48,5.89,3.65,..,anti,.,3.94,4.71,2.17,3.65,1.86,3.85,1.81,4.70,0.02,5.87,0.63,5.65,0.38,37.58,0.29,C3'-endo
36,36,0.30,C,C,C,0,1,0,0,0,.,,0,,,5.78,2.35,0.75,1.44,4.52,4.17,0.35,3.83,..,anti,.,2.98,4.54,3.12,3.72,3.35,3.75,4.20,4.50,6.23,5.96,0.55,5.68,0.41,34.48,0.42,C3'-endo
37,37,0.31,C,C,C,0,1,0,0,0,.,,0,,,5.29,2.43,0.78,1.45,4.65,4.65,0.01,2.15,..,...,.,3.08,4.48,2.96,4.32,3.03,4.36,3.77,5.76,6.24,5.96,0.54,5.70,0.40,33.63,0.41,C3'-endo
38,38,0.32,C,C,C,0,1,0,0,0,.,,0,,,5.31,2.47,1.10,1.29,4.25,4.25,6.28,4.52,..,anti,.,0.17,4.75,2.78,3.97,3.19,3.80,4.97,3.66,6.22,5.89,0.67,5.55,0.50,41.98,0.41,C3'-endo
39,39,0.33,A,A,A,1,0,0,0,0,.,46,1,cSW,cm-W,1.64,4.41,3.77,1.41,4.92,4.03,0.89,3.05,..,anti,.,4.50,4.59,3.34,2.90,3.37,3.22,3.42,3.61,0.03,5.86,0.63,5.65,0.38,37.79,0.28,C3'-endo
40,40,0.34,U,U,U,0,0,0,1,0,.,45,1,tSH,tm-M,5.21,2.16,1.30,1.53,3.04,1.03,2.00,3.56,..,anti,.,3.54,3.75,2.78,0.09,3.27,5.39,3.68,4.06,6.09,6.16,0.36,5.80,0.43,27.58,0.73,C4'-exo
41,41,0.34,U,U,U,0,0,0,1,0,.,,0,,,0.96,2.59,0.42,1.36,2.89,1.70,1.19,4.76,..,anti,.,0.97,4.05,4.64,5.94,5.64,5.38,0.61,5.42,6.11,6.04,0.54,5.62,0.53,37.36,0.59,C3'-endo
42,42,0.35,C,C,C,0,1,0,0,0,.,,0,,,4.57,3.43,5.29,1.50,3.36,5.34,4.30,3.87,BI,anti,A,3.76,4.54,1.44,3.17,2.17,3.42,2.78,4.06,0.19,5.76,0.64,5.73,0.23,36.61,0.04,C3'-endo
43,43,0.36,C,C,C,0,1,0,0,0,.,,0,,,4.66,3.10,1.41,1.47,4.28,4.69,5.87,3.39,..,anti,.,4.41,4.68,3.14,4.51,3.42,4.09,4.05,4.45,0.03,5.90,0.57,5.71,0.34,34.05,0.27,C3'-endo
44,44,0.37,G,G,G,0,0,1,0,0,.,47,1,tSW,tm+W,1.50,2.95,0.64,1.61,2.86,3.78,5.36,5.03,..,anti,.,-0.20,3.99,4.87,2.35,5.50,1.54,5.22,1.17,0.19,5.87,0.47,5.90,0.12,26.91,6.22,C2'-exo
45,45,0.38,A,A,A,1,0,0,0,0,.,40,1,tHS,tM-m,0.76,3.64,3.11,1.54,4.34,5.20,5.43,2.60,..,anti,.,4.42,4.74,1.34,4.10,1.21,4.19,1.87,5.02,0.17,5.81,0.58,5.78,0.21,33.25,0.03,C3'-endo
46,46,0.39,A,A,A,1,0,0,0,0,.,39,1,cWS,cW-m,5.70,3.19,0.25,1.50,3.30,5.33,4.25,3.47,BI,anti,A,4.30,4.41,2.70,4.05,3.23,4.05,4.54,4.81,0.12,5.85,0.57,5.77,0.25,32.71,0.12,C3'-endo
47,47,0.39,C,C,C,0,1,0,0,0,.,44,1,tWS,tW+m,3.35,3.46,2.25,1.37,4.27,5.07,5.48,3.00,..,anti,.,4.75,4.71,2.78,4.13,3.15,4.16,4.24,4.83,6.26,5.90,0.63,5.62,0.43,38.48,0.36,C3'-endo
48,48,0.40,A,A,A,1,0,0,0,0,),34,1,cWW,cW-W,5.57,2.97,0.60,1.36,3.60,4.91,4.97,3.37,BI,anti,A,4.46,4.52,2.80,3.47,3.23,3.51,4.33,3.71,6.20,5.94,0.61,5.60,0.48,38.68,0.45,C3'-endo
49,49,0.41,C,C,C,0,1,0,0,0,),"33,34",2,"cWW,cWW","cW-W,cW-W",5.13,2.95,1.05,1.32,3.51,5.08,4.71,3.59,BI,anti,A,4.26,4.55,2.92,3.59,3.10,3.56,3.45,4.01,6.23,5.90,0.65,5.58,0.47,40.54,0.40,C3'-endo
50,50,0.42,G,G,G,0,0,1,0,0,),32,1,cWW,cW-W,4.92,3.16,1.00,1.36,3.41,5.24,4.45,3.31,BI,anti,.,4.64,4.59,2.82,4.02,3.02,3.92,3.74,4.36,0.05,5.82,0.68,5.62,0.39,40.09,0.26,C3'-endo
51,51,0.43,G,G,G,0,0,1,0,0,),"31,53",2,"cWW,cWH","cW-W,cW+M",3.15,3.15,2.86,1.49,4.81,5.08,6.01,3.13,..,anti,A,4.62,4.76,3.21,3.75,3.38,3.67,4.10,4.13,0.18,5.78,0.62,5.75,0.22,35.57,0.04,C3'-endo
52,52,0.44,A,A,A,1,0,0,0,0,.,53,1,cSH,cm+M,4.67,1.34,2.46,1.53,3.03,4.82,4.49,3.25,BI,anti,.,4.34,4.37,3.28,2.45,3.34,2.43,4.10,1.97,0.27,5.72,0.62,5.80,0.13,35.76,6.17,C2'-exo
53,53,0.45,A,A,A,1,0,0,0,0,.,"31,51,52",3,"tHS,cHW,cHS","tM-m,cM+W,cM+m",2.54,3.03,3.12,1.45,4.27,5.15,5.40,2.98,..,anti,.,4.90,4.86,2.65,3.78,2.51,3.99,2.20,4.81,0.22,5.72,0.67,5.72,0.22,38.65,0.00,C3'-endo
54,54,0.45,G,G,G,0,0,1,0,0,),30,1,cWW,cW-W,5.50,2.90,0.75,1.34,4.62,3.32,1.30,3.02,BII,anti,.,4.86,4.87,3.02,3.62,3.47,3.76,4.62,3.87,0.14,5.72,0.75,5.60,0.34,43.35,0.14,C3'-endo
55,55,0.46,U,U,U,0,0,0,1,0,),"29,57",2,"cWW,cSH","cW-W,cm+M",1.89,4.83,2.80,1.35,3.34,4.96,4.67,3.56,BI,anti,A,4.33,4.51,2.48,4.11,3.05,3.63,3.37,4.02,0.03,5.84,0.67,5.61,0.40,40.01,0.28,C3'-endo
56,56,0.47,G,G,G,0,0,1,0,0,),28,1,cWW,cW-W,3.24,3.49,2.80,2.57,4.49,1.32,3.17,3.16,..,anti,.,0.98,1.09,3.72,1.41,3.90,1.35,4.52,1.41,5.96,0.58,5.68,0.44,6.21,35.47,2.94,C2'-endo
57,57,0.48,A,A,A,1,0,0,0,0,.,55,1,cHS,cM+m,2.78,4.37,1.15,1.53,3.94,4.28,5.94,2.69,..,anti,.,3.81,4.38,2.46,4.24,2.27,4.23,2.34,4.71,6.20,6.05,0.45,5.78,0.37,28.86,0.49,C3'-endo
58,58,0.49,A,A,A,1,0,0,0,0,.,29,1,cWS,cW-m,2.97,3.98,2.57,1.40,4.75,4.66,0.09,2.27,..,...,.,3.72,4.63,2.91,4.25,3.13,4.29,3.88,4.90,0.01,5.88,0.62,5.65,0.39,37.45,0.31,C3'-endo
59,59,0.50,A,A,A,1,0,0,0,0,.,24,1,cWW,cW-W,5.48,2.58,0.96,1.37,3.98,4.88,5.39,3.22,BI,anti,.,4.71,4.72,2.78,3.99,3.25,4.03,4.37,4.77,0.00,5.87,0.64,5.62,0.41,38.80,0.32,C3'-endo
60,60,0.50,C,C,C,0,1,0,0,0,.,23,1,cWW,cW-W,5.65,2.60,0.81,1.35,3.69,4.93,5.04,3.21,BI,anti,A,4.58,4.59,2.90,3.73,3.32,3.71,4.50,4.13,6.22,5.91,0.64,5.60,0.47,39.69,0.41,C3'-endo
61,61,0.51,G,G,G,0,0,1,0,0,.,,0,,,5.37,2.85,0.89,1.39,3.70,5.06,4.93,3.38,BI,anti,A,4.47,4.55,2.96,3.80,3.20,3.81,3.91,4.46,6.21,5.96,0.58,5.65,0.44,36.52,0.43,C3'-endo
62,62,0.52,C,C,C,0,1,0,0,0,.,21,1,cWH,cW+M,5.20,3.03,0.88,1.39,3.56,4.80,5.05,3.61,BI,anti,.,4.20,4.54,2.89,4.01,3.16,3.81,4.08,4.10,6.25,5.92,0.60,5.65,0.42,36.94,0.37,C3'-endo
63,63,0.53,G,G,G,0,0,1,0,0,),20,1,cWW,cW-W,2.21,3.67,3.49,1.46,4.28,4.79,5.77,3.55,..,anti,.,4.09,4.70,3.00,3.36,3.15,3.50,3.70,4.22,0.03,5.90,0.57,5.71,0.34,34.11,0.28,C3'-endo
64,64,0.54,C,C,C,0,1,0,0,0,),19,1,cWW,cW-W,5.07,2.62,1.11,1.39,4.04,4.80,5.53,3.24,BI,anti,A,4.68,4.74,2.71,3.79,3.06,3.77,3.98,4.29,0.01,5.87,0.63,5.63,0.40,38.21,0.31,C3'-endo
65,65,0.55,C,C,C,0,1,0,0,0,),18,1,cWW,cW-W,4.94,2.64,1.39,1.42,4.25,4.32,6.21,3.31,..,anti,.,4.54,4.75,2.99,4.02,3.21,4.18,4.01,4.68,0.07,5.83,0.64,5.66,0.35,37.71,0.22,C3'-endo
66,66,0.55,A,A,A,1,0,0,0,0,.,,0,,,0.58,2.58,0.48,2.62,3.81,2.98,0.83,4.82,..,anti,.,1.07,1.67,3.63,2.70,4.20,2.03,4.55,1.54,6.03,0.55,5.67,0.48,6.13,35.51,3.05,C2'-endo
67,67,0.56,G,G,G,0,0,1,0,0,.,18,1,cWS,cW-m,4.36,2.50,0.27,1.42,3.78,4.93,5.13,3.99,BI,anti,.,3.22,4.72,1.90,3.77,1.68,3.80,1.57,4.25,0.06,5.84,0.63,5.67,0.35,37.10,0.23,C3'-endo
68,68,0.57,C,C,C,0,1,0,0,0,),"16,109",2,"cWW,t.W","cW-W,t.-W",5.14,2.87,1.16,1.47,4.04,4.89,5.43,2.50,BI,anti,.,2.98,4.10,3.11,3.97,3.29,4.04,3.90,4.62,6.02,6.19,0.38,5.74,0.51,31.86,0.81,C4'-exo
69,69,0.58,G,G,G,0,0,1,0,0,(,"13,108",2,"tS.,cWW","tm+.,cW-W",5.28,2.85,0.88,1.38,3.55,5.34,4.49,3.34,BI,anti,.,4.62,4.63,2.79,3.96,3.22,3.96,4.18,4.77,0.05,5.81,0.69,5.61,0.39,40.56,0.25,C3'-endo
70,70,0.59,C,C,C,0,1,0,0,0,(,107,1,cWW,cW-W,4.85,3.21,1.03,1.38,3.88,4.89,5.27,3.27,BI,anti,A,4.70,4.75,2.86,3.79,3.18,3.88,4.41,4.44,0.14,5.74,0.72,5.62,0.33,41.65,0.13,C3'-endo
71,71,0.60,C,C,C,0,1,0,0,0,(,106,1,cWW,cW-W,5.38,2.83,1.01,1.45,4.27,4.61,5.94,3.26,..,anti,.,4.54,4.71,3.16,4.07,3.41,4.14,4.18,4.95,0.04,5.88,0.59,5.70,0.34,35.27,0.26,C3'-endo
72,72,0.61,G,G,G,0,0,1,0,0,.,105,1,tSH,tm-M,5.78,2.34,0.74,1.34,3.81,3.26,0.55,3.32,..,anti,.,4.51,4.60,2.77,2.76,3.18,2.57,4.39,2.51,6.19,5.93,0.63,5.58,0.50,40.31,0.45,C3'-endo
73,73,0.61,A,A,A,1,0,0,0,0,.,104,1,tHW,tM-W,1.43,4.62,3.70,1.36,4.64,4.45,0.19,2.81,..,anti,.,4.78,4.78,3.63,3.43,3.27,3.70,2.96,4.73,0.06,5.81,0.69,5.61,0.39,40.52,0.24,C3'-endo
74,74,0.62,U,U,U,0,0,0,1,0,.,103,1,tHW,tM-W,6.02,2.18,0.66,1.33,3.97,4.91,5.35,3.21,BI,anti,.,4.58,4.63,2.78,4.31,3.25,4.15,4.57,5.08,6.17,5.96,0.62,5.58,0.52,40.00,0.49,C3'-endo
75,75,0.63,G,G,G,0,0,1,0,0,.,102,1,cWW,cW-W,0.90,3.37,4.88,1.75,3.69,5.47,4.50,3.77,BI,anti,A,3.92,4.66,2.86,3.68,3.13,3.89,4.50,4.58,0.44,5.68,0.54,5.98,6.20,34.46,5.81,C2'-exo
76,76,0.64,G,G,G,0,0,1,0,0,.,101,1,tWH,tW-M,4.90,3.16,0.96,1.35,3.46,5.28,4.47,3.57,BI,anti,A,4.33,4.61,2.72,3.75,3.23,3.77,4.15,4.34,0.06,5.80,0.70,5.60,0.39,41.21,0.25,C3'-endo
77,77,0.65,U,U,U,0,0,0,1,0,.,100,1,tWH,tW-M,5.07,3.09,1.08,1.37,3.50,5.09,4.69,3.41,BI,anti,A,4.60,4.66,3.00,3.61,3.32,3.63,4.22,4.00,0.09,5.79,0.69,5.63,0.36,40.45,0.20,C3'-endo
78,78,0.66,A,A,A,1,0,0,0,0,.,99,1,tHS,tM-m,5.20,3.27,0.93,1.44,3.64,5.43,4.49,3.57,BI,anti,.,4.31,4.64,3.16,4.11,3.31,4.19,3.83,5.09,0.08,5.83,0.63,5.69,0.33,36.66,0.20,C3'-endo
79,79,0.66,C,C,C,0,1,0,0,0,(,"0,98",2,"tSS,cWW","tm+m,cW-W",5.02,3.08,0.95,1.49,3.88,4.89,5.27,3.46,BI,anti,A,4.44,4.68,2.88,3.95,3.35,4.03,4.64,4.47,0.10,5.84,0.60,5.72,0.29,35.13,0.16,C3'-endo
80,80,0.67,U,U,U,0,0,0,1,0,(,97,1,cWW,cW-W,5.57,2.65,1.03,1.44,3.69,4.20,5.77,3.38,BI,anti,.,4.32,4.37,3.12,3.41,3.53,3.28,4.27,3.66,6.12,6.07,0.49,5.68,0.49,34.25,0.60,C3'-endo
81,81,0.68,G,G,G,0,0,1,0,0,.,96,1,tWW,tW+W,0.49,2.93,5.69,1.40,3.40,5.87,3.81,0.42,BI,syn,.,-4.22,4.41,3.07,3.94,2.92,4.17,3.35,4.32,6.18,5.97,0.58,5.63,0.48,37.39,0.48,C3'-endo
82,82,0.69,G,G,G,0,0,1,0,0,(,95,1,cWW,cW-W,4.35,3.22,1.22,1.33,3.63,5.20,4.72,3.36,BI,anti,A,4.61,4.69,2.60,3.80,3.22,3.82,3.64,4.19,0.10,5.75,0.75,5.57,0.39,43.63,0.20,C3'-endo
83,83,0.70,G,G,G,0,0,1,0,0,(,94,1,cWW,cW-W,5.37,3.14,0.81,1.30,3.65,5.32,4.61,3.37,BI,anti,.,4.56,4.67,3.04,3.85,3.30,3.90,3.98,4.32,0.03,5.81,0.72,5.56,0.43,42.82,0.29,C3'-endo
84,84,0.71,C,C,C,0,1,0,0,0,(,93,1,cWW,cW-W,4.95,3.21,1.15,1.26,3.28,4.87,4.70,3.46,BI,anti,A,4.40,4.45,2.94,3.67,3.26,3.46,3.96,3.88,6.14,5.93,0.68,5.50,0.58,44.51,0.50,C3'-endo
85,85,0.71,G,G,G,0,0,1,0,0,(,92,1,cWW,cW-W,2.37,3.33,3.41,1.44,3.93,4.52,5.69,3.19,BI,anti,.,4.79,4.81,2.86,2.97,2.93,3.19,3.68,3.69,0.29,5.63,0.74,5.69,0.19,42.57,6.21,C2'-exo
86,86,0.72,G,G,G,0,0,1,0,0,(,91,1,cWW,cW-W,5.80,2.82,0.63,1.56,4.19,4.40,6.07,3.53,..,anti,.,4.30,4.81,3.31,3.94,3.40,4.05,3.73,4.48,0.26,5.75,0.59,5.82,0.13,34.31,6.17,C2'-exo
87,87,0.73,G,G,G,0,0,1,0,0,.,90,1,tSH,tm-M,5.90,2.27,0.67,1.41,4.65,4.93,6.01,3.55,..,anti,.,3.85,4.77,3.15,4.68,3.41,3.91,4.03,2.84,0.07,5.83,0.64,5.67,0.34,37.39,0.22,C3'-endo
88,88,0.74,C,C,C,0,1,0,0,0,.,,0,,,0.63,3.92,2.75,1.50,3.26,4.92,4.62,3.49,BI,anti,.,3.91,4.04,0.35,3.98,0.88,3.69,0.46,4.94,6.09,6.13,0.41,5.75,0.46,30.37,0.68,C4'-exo
89,89,0.75,G,G,G,0,0,1,0,0,.,,0,,,2.82,3.84,2.43,1.47,3.68,4.74,5.22,3.34,BI,anti,A,4.68,4.72,2.40,4.15,2.97,3.91,4.76,4.08,0.19,5.75,0.66,5.72,0.24,37.70,0.05,C3'-endo
90,90,0.76,A,A,A,1,0,0,0,0,.,87,1,tHS,tM-m,3.30,3.80,2.44,1.48,4.67,4.71,6.24,3.42,..,anti,.,3.79,4.21,3.05,4.85,3.26,4.85,3.72,5.37,6.12,6.09,0.45,5.73,0.45,31.30,0.62,C3'-endo
91,91,0.76,C,C,C,0,1,0,0,0,),86,1,cWW,cW-W,1.94,4.41,3.72,1.41,3.30,5.28,4.31,3.62,BI,anti,.,4.19,4.35,3.29,2.85,3.80,3.07,4.72,3.83,6.18,5.99,0.56,5.65,0.47,36.17,0.49,C3'-endo
92,92,0.77,C,C,C,0,1,0,0,0,),85,1,cWW,cW-W,4.65,3.25,1.20,1.33,3.51,5.30,4.49,3.53,BI,anti,A,4.43,4.66,2.81,3.78,3.08,3.78,4.07,4.18,0.11,5.75,0.73,5.60,0.36,42.46,0.18,C3'-endo
93,93,0.78,G,G,G,0,0,1,0,0,),84,1,cWW,cW-W,5.02,3.22,1.04,1.36,3.62,4.78,5.13,3.22,BI,anti,A,4.69,4.68,3.00,3.45,3.26,3.50,3.98,3.82,0.03,5.83,0.67,5.61,0.41,40.17,0.28,C3'-endo
94,94,0.79,C,C,C,0,1,0,0,0,),83,1,cWW,cW-W,5.51,2.93,0.78,1.44,3.74,4.85,5.17,3.48,BI,anti,A,4.50,4.71,3.10,3.70,3.23,3.74,3.67,4.25,0.11,5.81,0.63,5.70,0.30,36.64,0.15,C3'-endo
95,95,0.80,C,C,C,0,1,0,0,0,),82,1,cWW,cW-W,5.52,2.97,0.62,1.44,4.02,4.70,5.60,3.11,BI,anti,A,4.76,4.78,3.03,3.76,3.19,3.85,3.92,4.22,0.16,5.77,0.66,5.69,0.27,37.94,0.10,C3'-endo
96,96,0.81,U,U,U,0,0,0,1,0,.,81,1,tWW,tW+W,5.48,2.67,0.82,1.38,3.88,4.83,5.34,3.24,BI,anti,A,4.74,4.77,2.88,3.73,3.13,3.71,3.78,4.09,0.09,5.79,0.68,5.63,0.35,39.99,0.20,C3'-endo
97,97,0.82,G,G,G,0,0,1,0,0,),80,1,cWW,cW-W,5.06,2.92,0.91,1.33,3.57,5.18,4.67,3.28,BI,anti,.,4.64,4.66,2.67,3.75,2.87,3.74,3.61,4.22,0.14,5.71,0.77,5.58,0.35,44.53,0.15,C3'-endo
98,98,0.82,G,G,G,0,0,1,0,0,),79,1,cWW,cW-W,5.21,3.30,0.86,1.30,3.51,5.53,4.26,3.42,BI,anti,.,4.57,4.67,3.04,3.97,3.22,4.10,3.98,5.00,0.08,5.75,0.75,5.56,0.40,44.09,0.22,C3'-endo
99,99,0.83,G,G,G,0,0,1,0,0,.,78,1,tSH,tm-M,4.65,3.24,1.32,1.47,3.78,4.78,5.29,3.33,BI,anti,.,4.56,4.68,2.97,3.07,3.43,2.73,4.69,2.48,0.11,5.81,0.64,5.68,0.31,37.30,0.16,C3'-endo
100,100,0.84,A,A,A,1,0,0,0,0,.,"0,77",2,"tWS,tHW","tW+m,tM-W",4.74,1.09,3.16,1.59,4.05,5.34,4.99,2.98,..,anti,.,4.54,4.67,3.88,3.11,3.35,3.53,2.95,4.66,0.16,5.86,0.52,5.83,0.19,29.91,0.03,C3'-endo
101,101,0.85,G,G,G,0,0,1,0,0,.,76,1,tHW,tM-W,5.05,3.18,0.69,1.37,3.44,4.88,4.84,3.42,BI,anti,.,4.54,4.62,2.53,3.98,3.05,4.00,4.50,4.86,0.11,5.77,0.70,5.63,0.34,40.60,0.17,C3'-endo
102,102,0.86,A,A,A,1,0,0,0,0,.,75,1,cWW,cW-W,3.02,3.88,2.51,1.45,4.45,4.41,0.04,3.14,..,anti,.,4.66,4.80,2.85,4.05,3.23,4.08,4.44,4.73,0.21,5.72,0.70,5.68,0.24,39.95,0.03,C3'-endo
103,103,0.87,G,G,G,0,0,1,0,0,.,74,1,tWH,tW-M,6.10,2.26,0.52,1.31,3.58,5.13,4.73,3.43,BI,anti,A,4.51,4.66,2.75,3.82,3.18,3.76,4.30,4.02,0.06,5.79,0.73,5.57,0.41,42.96,0.25,C3'-endo
104,104,0.87,U,U,U,0,0,0,1,0,.,73,1,tWH,tW-M,5.21,3.25,0.84,1.30,3.58,5.10,4.76,3.63,BI,anti,.,4.20,4.65,3.00,3.60,3.14,3.70,3.67,4.31,6.26,5.86,0.68,5.57,0.46,41.71,0.36,C3'-endo
105,105,0.88,A,A,A,1,0,0,0,0,.,72,1,tHS,tM-m,5.25,3.06,0.95,1.38,4.07,5.41,4.95,3.41,..,anti,.,4.55,4.84,3.11,4.31,3.31,4.40,4.07,5.06,0.06,5.81,0.67,5.63,0.37,39.59,0.23,C3'-endo
106,106,0.89,G,G,G,0,0,1,0,0,),71,1,cWW,cW-W,4.72,2.61,1.74,1.37,3.85,4.84,5.29,3.14,BI,anti,A,4.72,4.73,2.87,3.61,3.48,3.59,4.68,4.04,0.05,5.83,0.67,5.62,0.38,39.61,0.25,C3'-endo
107,107,0.90,G,G,G,0,0,1,0,0,),"14,70",2,"tSS,cWW","tm+m,cW-W",5.51,2.85,0.85,1.41,3.93,4.72,5.49,3.17,BI,anti,A,4.59,4.66,3.10,3.81,3.32,3.88,4.04,4.51,0.00,5.89,0.62,5.64,0.40,37.46,0.32,C3'-endo
108,108,0.91,U,U,U,0,0,0,1,0,),69,1,cWW,cW-W,5.75,2.76,0.66,1.42,3.56,4.50,5.34,3.63,BI,anti,.,4.13,4.49,3.03,3.89,3.31,3.91,4.17,4.08,6.24,5.94,0.58,5.67,0.41,35.68,0.39,C3'-endo
109,109,0.92,C,C,C,0,1,0,0,0,.,68,1,tW.,tW-.,3.00,3.93,3.14,1.48,5.17,1.29,3.87,3.48,..,anti,.,2.93,3.64,3.77,0.78,3.74,0.91,3.92,1.27,6.03,6.17,0.41,5.72,0.51,32.53,0.76,C4'-exo
110,110,0.92,G,G,G,0,0,1,0,0,),11,1,cWW,cW-W,2.89,2.84,3.16,1.41,3.72,5.05,4.95,3.27,BI,anti,A,4.71,4.71,3.72,3.11,3.76,3.30,3.89,3.79,0.15,5.76,0.69,5.67,0.29,39.51,0.11,C3'-endo
111,111,0.93,G,G,G,0,0,1,0,0,),10,1,cWW,cW-W,5.08,3.13,0.97,1.44,3.42,5.35,4.36,3.30,BI,anti,A,4.45,4.47,2.90,3.89,3.17,3.90,3.80,4.53,0.01,5.90,0.59,5.69,0.37,35.21,0.31,C3'-endo
112,112,0.94,U,U,U,0,0,0,1,0,),9,1,cWW,cW-W,4.85,3.45,0.87,1.43,2.93,4.89,4.32,3.38,BI,anti,.,4.25,4.26,2.85,3.33,3.20,3.25,4.21,3.19,0.09,5.81,0.66,5.65,0.34,38.74,0.19,C3'-endo
113,113,0.95,G,G,G,0,0,1,0,0,),8,1,cWW,cW-W,3.57,3.37,2.36,1.42,4.32,4.75,5.85,3.10,..,anti,A,4.68,4.74,3.08,3.91,3.05,3.95,3.06,4.56,0.09,5.81,0.66,5.66,0.33,38.22,0.19,C3'-endo
114,114,0.96,C,C,C,0,1,0,0,0,),7,1,cWW,cW-W,5.68,2.63,0.69,1.30,3.78,4.88,5.17,3.41,BI,anti,A,4.49,4.66,2.80,3.65,3.17,3.66,4.14,4.05,6.22,5.89,0.67,5.56,0.50,41.93,0.41,C3'-endo
115,115,0.97,G,G,G,0,0,1,0,0,),6,1,cWW,cW-W,5.32,3.04,0.71,1.35,3.26,5.00,4.55,3.34,BI,anti,A,4.48,4.49,2.84,3.57,3.02,3.59,3.68,4.18,0.03,5.84,0.68,5.60,0.41,40.60,0.29,C3'-endo
116,116,0.97,G,G,G,0,0,1,0,0,),5,1,cWW,cW-W,3.80,3.46,2.02,1.42,3.73,4.96,5.05,2.91,BI,anti,.,4.51,4.67,2.86,3.70,3.06,3.67,3.90,3.91,0.09,5.82,0.65,5.67,0.33,37.98,0.19,C3'-endo
117,117,0.98,G,G,G,0,0,1,0,0,),4,1,cWW,cW-W,5.23,3.26,0.85,1.42,3.71,5.02,4.97,3.16,BI,anti,A,4.74,4.71,3.07,3.77,3.23,3.78,3.73,4.23,0.15,5.76,0.68,5.67,0.29,39.13,0.10,C3'-endo
118,118,0.99,G,G,G,0,0,1,0,0,),3,1,cWW,cW-W,4.40,3.11,1.45,1.34,3.47,4.86,4.89,2.86,BI,anti,.,4.43,4.64,2.63,3.35,2.91,3.51,3.79,3.64,0.18,5.68,0.77,5.60,0.32,44.46,0.09,C3'-endo
119,119,1.00,G,G,G,0,0,1,0,0,),2,1,cWW,cW-W,4.78,3.86,1.11,1.46,,,,3.46,n/a,anti,-,,,,,,,,,0.15,5.79,0.64,5.72,0.26,36.55,0.09,C3'-endo
