index_chain,old_nt_resnum,nt_position,nt_name,nt_code,nt_align_code,is_A,is_C,is_G,is_U,is_other,dbn,paired,nb_interact,pair_type_LW,pair_type_DSSR,alpha,beta,gamma,delta,epsilon,zeta,epsilon_zeta,chi,bb_type,glyco_bond,form,ssZp,Dp,eta,theta,eta_prime,theta_prime,eta_base,theta_base,v0,v1,v2,v3,v4,amplitude,phase_angle,puckering
1,1,0.01,C,C,C,0,1,0,0,0,.,,0,,,,4.93,2.65,1.43,3.30,3.32,6.26,4.42,..,anti,.,1.94,4.46,,2.33,,1.65,,1.56,0.05,5.86,0.62,5.68,0.35,36.50,0.24,C3'-endo
2,2,0.03,G,G,G,0,0,1,0,0,(,72,1,cWW,cW-W,5.47,2.65,0.12,1.40,4.21,4.51,5.99,3.12,..,anti,A,4.72,4.74,2.67,3.63,2.45,3.78,2.48,4.22,0.02,5.87,0.63,5.65,0.39,37.77,0.29,C3'-endo
3,3,0.04,C,C,C,0,1,0,0,0,(,71,1,cWW,cW-W,5.24,2.55,1.10,1.38,3.87,4.88,5.28,3.29,BI,anti,A,4.56,4.64,2.89,3.79,3.10,3.74,3.65,4.16,6.25,5.91,0.61,5.63,0.43,37.76,0.37,C3'-endo
4,4,0.05,G,G,G,0,0,1,0,0,(,70,1,cWW,cW-W,5.17,3.00,0.83,1.35,3.64,4.97,4.96,3.35,BI,anti,A,4.61,4.67,2.79,3.61,3.00,3.66,3.75,4.14,0.06,5.80,0.70,5.60,0.39,41.26,0.24,C3'-endo
5,5,0.06,G,G,G,0,0,1,0,0,(,69,1,cWW,cW-W,5.21,2.94,1.05,1.39,3.72,5.05,4.95,3.35,BI,anti,.,4.62,4.70,3.02,3.81,3.24,3.80,3.96,4.00,0.08,5.81,0.66,5.65,0.35,38.81,0.21,C3'-endo
6,6,0.08,G,G,G,0,0,1,0,0,(,68,1,cWW,cW-W,5.18,2.99,1.16,1.36,3.46,5.01,4.74,3.39,BI,anti,A,4.37,4.44,3.07,3.51,3.35,3.64,3.83,4.15,6.17,5.97,0.59,5.61,0.50,38.34,0.49,C3'-endo
7,7,0.09,G,G,G,0,0,1,0,0,(,67,1,cWW,cW-W,5.11,3.22,1.24,2.52,4.07,5.97,4.38,4.01,..,anti,.,1.62,1.61,3.40,5.94,3.84,5.57,4.33,6.01,5.94,0.57,5.71,0.39,6.25,34.09,2.86,C2'-endo
8,8,0.10,U,U,U,0,0,0,1,0,.,"14,22",2,"tWH,tSW","tW-M,tm+W",4.66,3.74,0.85,1.43,4.02,4.35,5.96,3.46,..,anti,.,4.42,4.73,2.81,3.30,3.53,3.49,3.87,3.08,0.07,5.84,0.63,5.68,0.34,36.71,0.22,C3'-endo
9,9,0.12,G,G,G,0,0,1,0,0,.,,0,,,3.06,2.36,3.26,2.50,4.55,5.22,5.62,4.54,..,anti,.,0.82,1.02,3.81,4.81,3.30,4.35,2.60,4.60,5.88,0.62,5.70,0.36,0.02,35.81,2.78,C2'-endo
10,10,0.13,G,G,G,0,0,1,0,0,(,"26,46",2,"cWW,cHS","cW-W,cM+m",3.11,3.13,1.22,1.42,3.81,4.94,5.15,3.19,BI,anti,A,4.71,4.72,0.78,3.77,1.81,3.79,2.49,4.06,0.09,5.82,0.65,5.67,0.33,37.83,0.19,C3'-endo
11,11,0.14,A,A,A,1,0,0,0,0,(,25,1,cWW,cW-W,5.09,3.22,0.85,1.39,3.80,4.94,5.14,3.47,BI,anti,A,4.48,4.72,2.93,3.74,3.08,3.80,3.57,4.31,0.09,5.80,0.67,5.64,0.35,39.40,0.20,C3'-endo
12,12,0.16,G,G,G,0,0,1,0,0,(,24,1,cWW,cW-W,5.36,2.98,0.78,1.38,3.39,5.71,3.97,3.73,BI,anti,.,4.06,4.57,2.88,4.17,3.14,4.00,3.89,4.42,0.06,5.82,0.67,5.63,0.38,39.72,0.24,C3'-endo
13,13,0.17,C,C,C,0,1,0,0,0,(,23,1,cWW,cW-W,3.46,2.60,2.67,1.47,3.62,5.38,4.52,3.41,BI,anti,.,4.53,4.61,2.96,3.56,3.26,3.43,4.08,3.62,0.11,5.83,0.61,5.72,0.29,35.35,0.15,C3'-endo
14,14,0.18,A,A,A,1,0,0,0,0,.,"8,22",2,"tHW,cWS","tM-W,cW-m",3.34,2.59,2.78,1.45,4.48,4.93,5.83,3.02,..,anti,.,4.84,4.84,2.91,3.67,3.06,3.92,3.47,4.83,0.18,5.74,0.67,5.70,0.25,38.51,0.06,C3'-endo
15,15,0.19,G,G,G,0,0,1,0,0,.,49,1,tWW,tW+W,5.34,2.48,1.31,1.48,4.94,5.52,5.71,3.23,..,anti,.,4.13,4.40,3.24,5.04,3.71,4.79,4.84,5.23,6.27,5.93,0.55,5.71,0.37,33.48,0.34,C3'-endo
16,16,0.21,C,C,C,0,1,0,0,0,.,,0,,,3.93,1.83,2.70,2.61,4.20,5.82,4.67,3.53,..,anti,.,1.23,1.34,3.40,4.57,3.61,4.87,4.32,5.63,5.99,0.57,5.67,0.46,6.18,35.63,2.98,C2'-endo
17,17,0.22,C,C,C,0,1,0,0,0,.,,0,,,4.39,3.49,0.69,2.57,3.73,0.99,2.74,2.62,..,anti,.,0.23,1.82,2.03,0.21,3.08,5.38,3.90,4.60,5.97,0.57,5.69,0.43,6.21,34.90,2.94,C2'-endo
18,18,0.23,C,C,C,0,1,0,0,0,.,,0,,,5.10,4.59,3.20,2.50,3.81,6.17,3.93,1.71,..,...,.,-1.44,1.85,0.71,5.05,1.85,4.44,2.18,4.51,5.88,0.61,5.70,0.36,0.02,35.62,2.78,C2'-endo
19,19,0.25,G,G,G,0,0,1,0,0,.,56,1,tWS,tW+m,4.90,4.37,1.55,2.34,0.79,1.71,5.37,4.14,..,anti,.,0.13,0.98,3.58,5.25,5.73,4.09,5.41,4.75,5.92,0.51,5.82,0.26,0.06,29.05,2.71,C2'-endo
20,20,0.26,G,G,G,0,0,1,0,0,{,57,1,cWW,cW-W,3.27,3.66,1.10,2.52,5.51,3.86,1.65,5.06,..,anti,.,-0.21,0.27,3.53,5.57,4.09,4.91,4.62,5.63,5.90,0.61,5.69,0.38,6.28,35.51,2.82,C2'-endo
21,21,0.27,U,U,U,0,0,0,1,0,.,,0,,,1.57,4.01,3.23,2.51,4.13,5.49,4.93,2.64,..,anti,.,0.37,1.55,2.47,4.63,3.38,4.75,3.65,4.76,5.90,0.60,5.70,0.37,0.00,35.20,2.81,C2'-endo
22,22,0.29,A,A,A,1,0,0,0,0,.,"8,14",2,"tWS,cSW","tW+m,cm-W",5.11,2.86,1.68,1.37,4.71,3.32,1.39,3.19,BII,anti,.,4.41,4.59,3.55,2.52,4.35,2.73,4.97,2.87,6.24,5.92,0.62,5.62,0.45,38.27,0.39,C3'-endo
23,23,0.30,G,G,G,0,0,1,0,0,),"13,47",2,"cWW,tHW","cW-W,tM-W",4.98,2.28,0.87,1.39,3.62,4.90,5.00,3.37,BI,anti,A,4.57,4.63,2.91,3.73,2.89,3.63,2.82,3.77,0.04,5.84,0.65,5.64,0.38,38.67,0.27,C3'-endo
24,24,0.31,C,C,C,0,1,0,0,0,),12,1,cWW,cW-W,5.17,3.15,0.87,1.41,3.60,4.96,4.93,3.36,BI,anti,A,4.52,4.59,2.98,3.60,3.09,3.64,3.51,4.02,0.03,5.87,0.63,5.65,0.38,37.49,0.29,C3'-endo
25,25,0.32,U,U,U,0,0,0,1,0,),11,1,cWW,cW-W,5.02,3.10,0.97,1.41,3.70,5.17,4.80,3.33,BI,anti,A,4.62,4.68,2.89,3.88,3.06,3.89,3.65,4.37,0.09,5.81,0.66,5.65,0.34,38.74,0.20,C3'-endo
26,26,0.34,C,C,C,0,1,0,0,0,),10,1,cWW,cW-W,4.99,2.95,1.24,1.35,3.70,5.28,4.70,3.48,BI,anti,.,4.42,4.61,2.95,3.94,3.27,3.96,4.07,4.78,6.21,5.93,0.62,5.60,0.47,39.24,0.43,C3'-endo
27,27,0.35,G,G,G,0,0,1,0,0,.,45,1,cWW,cW-W,4.90,3.00,1.19,1.40,3.76,5.08,4.96,3.34,BI,anti,A,4.60,4.68,2.87,3.86,3.28,3.88,4.48,4.59,0.05,5.85,0.64,5.66,0.37,37.75,0.25,C3'-endo
28,28,0.36,U,U,U,0,0,0,1,0,(,44,1,cWW,cW-W,5.17,3.10,0.88,1.43,3.91,4.98,5.21,3.62,BI,anti,A,4.15,4.74,2.96,3.90,3.22,3.97,4.20,4.51,0.11,5.80,0.65,5.68,0.31,37.74,0.16,C3'-endo
29,29,0.38,C,C,C,0,1,0,0,0,(,43,1,cWW,cW-W,5.32,3.08,0.75,1.38,3.52,5.10,4.70,3.86,BI,anti,A,3.73,4.62,2.88,3.64,3.16,3.65,3.93,3.96,0.08,5.81,0.67,5.64,0.36,39.54,0.22,C3'-endo
30,30,0.39,G,G,G,0,0,1,0,0,(,42,1,cWW,cW-W,4.95,3.33,0.85,1.37,3.61,5.02,4.87,3.40,BI,anti,A,4.58,4.67,2.84,3.68,2.97,3.73,3.45,4.14,0.07,5.80,0.68,5.62,0.37,40.18,0.23,C3'-endo
31,31,0.40,G,G,G,0,0,1,0,0,(,"0,41",2,"tSS,cWW","tm+m,cW-W",5.56,2.95,0.73,1.36,3.47,5.32,4.42,3.32,BI,anti,.,4.56,4.55,3.03,3.91,3.29,3.84,3.96,4.25,0.00,5.87,0.65,5.62,0.42,39.22,0.32,C3'-endo
32,32,0.42,G,G,G,0,0,1,0,0,(,40,1,cWW,cW-W,3.71,2.92,2.38,1.43,4.33,4.67,5.94,3.06,..,anti,.,4.77,4.79,3.02,3.63,3.24,3.74,3.95,4.52,0.10,5.82,0.64,5.69,0.31,37.12,0.17,C3'-endo
33,33,0.43,C,C,C,0,1,0,0,0,.,,0,,,5.47,2.72,0.84,1.44,4.14,5.17,5.25,3.05,..,anti,.,4.67,4.70,2.96,4.32,3.25,4.33,4.24,5.01,0.03,5.88,0.60,5.69,0.35,35.46,0.27,C3'-endo
34,34,0.44,U,U,U,0,0,0,1,0,.,,0,,,5.15,3.19,0.74,1.40,3.94,5.35,4.88,3.47,BI,anti,.,4.40,4.69,2.76,4.19,3.13,3.49,4.19,2.36,0.00,5.88,0.62,5.65,0.40,37.38,0.32,C3'-endo
35,35,0.45,C,C,C,0,1,0,0,0,[,0,1,cWW,cW-W,3.45,2.33,0.67,1.41,4.11,4.83,5.56,3.10,..,anti,A,4.68,4.70,0.55,4.03,0.91,4.02,0.40,4.48,0.02,5.88,0.61,5.67,0.37,36.30,0.29,C3'-endo
36,36,0.47,A,A,A,1,0,0,0,0,[,0,1,cWW,cW-W,5.12,2.89,0.97,1.44,3.61,4.93,4.96,3.46,BI,anti,A,4.41,4.55,2.77,3.63,3.06,3.61,3.90,3.78,0.01,5.90,0.59,5.69,0.37,35.21,0.31,C3'-endo
37,37,0.48,U,U,U,0,0,0,1,0,[,0,1,cWW,cW-W,5.04,3.15,0.87,1.38,3.65,5.15,4.78,3.60,BI,anti,A,4.27,4.65,2.86,3.79,3.00,3.83,3.38,4.37,0.05,5.83,0.67,5.62,0.38,39.59,0.26,C3'-endo
38,38,0.49,A,A,A,1,0,0,0,0,[,0,1,cWW,cW-W,4.96,3.03,1.15,1.37,3.68,5.25,4.71,3.39,BI,anti,.,4.56,4.65,2.90,3.94,3.20,3.98,4.02,4.76,0.01,5.86,0.65,5.62,0.42,39.38,0.31,C3'-endo
39,39,0.51,A,A,A,1,0,0,0,0,.,,0,,,5.07,3.04,1.09,1.39,4.04,5.25,5.07,3.49,BI,anti,.,4.38,4.78,3.02,4.24,3.38,4.31,4.48,5.31,0.07,5.82,0.66,5.64,0.36,38.94,0.22,C3'-endo
40,40,0.52,C,C,C,0,1,0,0,0,),32,1,cWW,cW-W,5.00,3.01,1.01,1.44,3.63,5.03,4.88,3.60,BI,anti,A,4.32,4.68,2.69,3.75,3.21,3.73,4.63,4.03,0.14,5.78,0.66,5.69,0.29,38.06,0.12,C3'-endo
41,41,0.53,C,C,C,0,1,0,0,0,),31,1,cWW,cW-W,5.11,3.23,0.82,1.39,3.78,4.80,5.26,3.35,BI,anti,A,4.63,4.72,2.93,3.65,3.08,3.74,3.61,4.18,0.09,5.79,0.69,5.63,0.35,40.10,0.19,C3'-endo
42,42,0.55,C,C,C,0,1,0,0,0,),"0,30",2,"cSS,cWW","cm-m,cW-W",5.67,2.92,0.65,1.41,3.49,5.07,4.71,3.20,BI,anti,A,4.57,4.57,3.05,4.06,3.27,3.95,3.91,4.37,0.06,5.84,0.64,5.66,0.35,37.63,0.23,C3'-endo
43,43,0.56,G,G,G,0,0,1,0,0,),29,1,cWW,cW-W,3.16,3.36,2.61,1.43,3.84,4.90,5.22,3.19,BI,anti,A,4.72,4.71,2.74,3.53,3.07,3.55,3.88,4.04,0.10,5.82,0.63,5.69,0.32,36.92,0.18,C3'-endo
44,44,0.57,A,A,A,1,0,0,0,0,),28,1,cWW,cW-W,5.37,2.93,0.91,1.44,3.54,4.87,4.95,3.32,BI,anti,A,4.52,4.55,3.01,3.56,3.29,3.57,4.05,3.87,0.02,5.89,0.59,5.69,0.36,35.43,0.29,C3'-endo
45,45,0.58,A,A,A,1,0,0,0,0,.,27,1,cWW,cW-W,5.32,2.88,1.05,1.46,3.92,4.93,5.27,3.49,BI,anti,.,4.34,4.65,3.18,3.94,3.36,3.99,3.82,4.86,0.04,5.89,0.58,5.71,0.34,34.35,0.26,C3'-endo
46,46,0.60,G,G,G,0,0,1,0,0,.,10,1,cSH,cm+M,5.37,2.79,0.91,1.47,4.10,4.44,5.94,3.81,..,anti,.,3.53,4.75,3.01,3.60,3.36,3.77,4.47,4.05,0.10,5.84,0.60,5.72,0.29,35.09,0.17,C3'-endo
47,47,0.61,G,G,G,0,0,1,0,0,.,23,1,tWH,tW-M,5.49,3.06,1.09,1.46,4.07,3.96,0.11,4.32,..,anti,.,1.57,4.63,3.61,3.87,3.61,4.02,3.68,4.34,6.28,5.93,0.56,5.71,0.36,33.63,0.33,C3'-endo
48,48,0.62,U,U,U,0,0,0,1,0,.,,0,,,2.64,4.17,3.17,2.44,1.33,5.31,2.30,3.23,..,anti,.,-0.84,1.48,0.21,5.57,4.33,1.66,4.32,1.90,5.93,0.56,5.74,0.35,0.00,32.73,2.81,C2'-endo
49,49,0.64,C,C,C,0,1,0,0,0,.,15,1,tWW,tW+W,4.95,4.22,1.27,2.50,3.68,2.16,1.52,3.75,..,anti,.,1.74,1.96,3.63,1.74,3.51,1.11,3.21,4.53,5.86,0.64,5.69,0.37,0.03,36.74,2.77,C2'-endo
50,50,0.65,G,G,G,0,0,1,0,0,(,66,1,cWW,cW-W,5.59,3.94,1.52,1.43,3.94,5.11,5.12,3.20,BI,anti,.,4.70,4.72,5.23,4.19,5.46,4.21,2.16,5.07,0.06,5.85,0.62,5.68,0.34,36.62,0.23,C3'-endo
51,51,0.66,U,U,U,0,0,0,1,0,(,65,1,cWW,cW-W,5.20,2.97,0.92,1.38,3.62,4.85,5.06,3.79,BI,anti,A,3.87,4.66,2.81,3.50,3.21,3.48,4.51,3.58,0.07,5.81,0.68,5.63,0.37,39.84,0.23,C3'-endo
52,52,0.68,C,C,C,0,1,0,0,0,(,64,1,cWW,cW-W,4.91,3.08,1.00,1.41,3.61,5.15,4.74,3.53,BI,anti,A,4.43,4.66,2.80,3.81,2.89,3.78,3.18,4.26,0.09,5.81,0.65,5.67,0.33,37.99,0.20,C3'-endo
53,53,0.69,G,G,G,0,0,1,0,0,(,63,1,cWW,cW-W,4.87,2.95,1.18,1.37,3.55,5.14,4.69,3.27,BI,anti,.,4.67,4.65,2.78,3.75,3.10,3.73,3.98,4.01,0.08,5.80,0.69,5.62,0.37,40.54,0.22,C3'-endo
54,54,0.70,G,G,G,0,0,1,0,0,(,62,1,cWW,cW-W,5.16,3.13,1.13,1.38,3.91,4.63,5.56,3.21,BI,anti,A,4.61,4.63,3.22,3.69,3.43,3.75,3.95,4.43,6.23,5.93,0.60,5.64,0.44,37.28,0.40,C3'-endo
55,55,0.71,U,U,U,0,0,0,1,0,.,59,1,tWH,tW-M,5.82,2.67,0.51,1.39,4.00,4.98,5.30,3.50,BI,anti,A,4.35,4.74,2.98,3.97,3.19,4.04,4.05,4.76,0.04,5.85,0.65,5.64,0.38,38.30,0.26,C3'-endo
56,56,0.73,U,U,U,0,0,0,1,0,.,19,1,tSW,tm+W,5.15,2.92,1.00,1.41,3.86,5.50,4.65,3.67,BI,anti,.,4.03,4.68,2.87,4.43,3.18,3.61,4.14,2.56,0.02,5.87,0.62,5.65,0.38,37.40,0.29,C3'-endo
57,57,0.74,C,C,C,0,1,0,0,0,},20,1,cWW,cW-W,3.21,2.34,0.87,1.42,4.05,4.90,5.42,3.53,BI,anti,.,4.15,4.57,0.46,4.08,0.93,4.06,0.47,4.79,6.20,5.98,0.55,5.67,0.44,35.03,0.45,C3'-endo
58,58,0.75,A,A,A,1,0,0,0,0,.,,0,,,5.38,2.92,0.72,1.42,3.64,5.13,4.80,3.73,BI,anti,.,4.00,4.65,2.81,3.69,3.15,3.91,4.19,4.14,0.08,5.83,0.64,5.67,0.34,37.31,0.21,C3'-endo
59,59,0.77,A,A,A,1,0,0,0,0,.,55,1,tHW,tM-W,5.24,3.87,1.14,2.68,5.09,3.28,1.81,5.02,BII,anti,.,0.01,0.04,4.12,4.30,4.46,3.28,4.29,2.78,5.95,0.64,5.60,0.51,6.17,39.64,2.98,C2'-endo
60,60,0.78,A,A,A,1,0,0,0,0,.,,0,,,0.90,3.58,1.40,1.43,3.79,5.61,4.46,3.31,BI,anti,.,4.59,4.65,0.10,4.43,0.51,4.59,1.00,5.55,0.03,5.88,0.61,5.68,0.36,36.04,0.27,C3'-endo
61,61,0.79,U,U,U,0,0,0,1,0,.,,0,,,5.01,3.34,1.01,2.53,4.67,4.93,6.02,4.23,..,anti,.,0.72,0.92,3.32,5.35,4.07,4.96,5.24,5.55,5.95,0.57,5.70,0.40,6.24,34.47,2.89,C2'-endo
62,62,0.81,C,C,C,0,1,0,0,0,),54,1,cWW,cW-W,4.94,3.04,0.51,1.42,3.76,4.84,5.21,3.37,BI,anti,.,4.60,4.69,2.08,3.58,2.83,3.69,3.46,4.19,0.07,5.84,0.63,5.67,0.34,37.14,0.23,C3'-endo
63,63,0.82,C,C,C,0,1,0,0,0,),53,1,cWW,cW-W,5.17,3.00,0.98,1.43,3.74,4.97,5.05,3.06,BI,anti,A,4.62,4.66,2.99,3.76,3.16,3.78,3.81,4.07,0.07,5.84,0.63,5.68,0.34,36.76,0.22,C3'-endo
64,64,0.83,G,G,G,0,0,1,0,0,),52,1,cWW,cW-W,5.02,3.11,1.03,1.40,3.72,4.86,5.15,3.38,BI,anti,A,4.59,4.68,2.94,3.60,3.14,3.60,3.68,3.79,0.06,5.84,0.64,5.65,0.36,37.97,0.24,C3'-endo
65,65,0.84,G,G,G,0,0,1,0,0,),51,1,cWW,cW-W,5.06,3.03,0.96,1.39,3.72,4.95,5.05,3.31,BI,anti,A,4.61,4.65,2.88,3.69,3.01,3.72,3.40,4.21,0.01,5.87,0.63,5.64,0.40,38.02,0.31,C3'-endo
66,66,0.86,C,C,C,0,1,0,0,0,),50,1,cWW,cW-W,5.08,3.04,1.02,1.41,3.57,5.08,4.78,3.75,BI,anti,A,3.97,4.60,2.92,3.72,3.15,3.71,3.85,4.07,0.03,5.86,0.63,5.66,0.37,37.46,0.27,C3'-endo
67,67,0.87,C,C,C,0,1,0,0,0,),7,1,cWW,cW-W,5.14,3.00,1.04,1.37,3.58,5.41,4.45,3.28,BI,anti,.,4.58,4.58,2.97,4.03,3.22,4.06,3.86,4.95,6.26,5.89,0.63,5.63,0.42,38.32,0.35,C3'-endo
68,68,0.88,C,C,C,0,1,0,0,0,),6,1,cWW,cW-W,4.74,3.41,1.00,1.43,3.54,4.98,4.85,3.55,BI,anti,A,4.36,4.60,2.82,3.60,3.19,3.61,4.44,3.80,0.08,5.83,0.63,5.68,0.33,37.15,0.20,C3'-endo
69,69,0.90,C,C,C,0,1,0,0,0,),5,1,cWW,cW-W,5.19,3.10,0.85,1.37,3.75,4.83,5.20,3.51,BI,anti,A,4.42,4.70,2.96,3.52,3.09,3.54,3.45,3.63,0.05,5.83,0.67,5.62,0.39,39.81,0.26,C3'-endo
70,70,0.91,C,C,C,0,1,0,0,0,),4,1,cWW,cW-W,4.98,2.76,1.31,1.33,3.70,5.09,4.90,3.37,BI,anti,A,4.54,4.65,2.91,3.76,3.09,3.73,3.37,4.42,6.26,5.87,0.67,5.58,0.45,40.78,0.35,C3'-endo
71,71,0.92,G,G,G,0,0,1,0,0,),3,1,cWW,cW-W,5.06,3.20,0.85,1.37,3.67,5.02,4.93,3.48,BI,anti,A,4.48,4.71,2.83,3.68,3.06,3.74,4.06,4.13,0.15,5.73,0.73,5.62,0.32,42.11,0.12,C3'-endo
72,72,0.94,C,C,C,0,1,0,0,0,),2,1,cWW,cW-W,5.29,2.97,1.00,1.36,3.69,5.06,4.91,3.52,BI,anti,A,4.43,4.70,3.04,3.76,3.28,3.78,3.90,4.35,0.07,5.80,0.69,5.61,0.38,40.74,0.22,C3'-endo
73,73,0.95,A,A,A,1,0,0,0,0,.,,0,,,5.29,3.10,0.78,1.39,3.77,4.96,5.09,3.57,BI,anti,A,4.30,4.74,2.95,3.75,3.17,3.81,4.00,4.32,0.14,5.76,0.70,5.64,0.32,40.45,0.14,C3'-endo
74,74,0.96,A,A,A,1,0,0,0,0,.,,0,,,5.40,2.95,0.80,1.41,3.68,2.41,1.27,3.65,..,anti,.,4.18,4.66,2.96,1.11,3.21,1.17,3.94,1.60,0.06,5.83,0.64,5.66,0.35,37.75,0.23,C3'-endo
75,75,0.97,C,C,C,0,1,0,0,0,{,0,1,cWW,cW-W,5.00,2.41,0.73,1.39,3.55,5.20,4.63,3.42,BI,anti,A,4.47,4.55,2.77,3.92,3.10,3.86,3.15,4.08,6.28,5.89,0.62,5.64,0.41,37.56,0.34,C3'-endo
76,76,0.99,C,C,C,0,1,0,0,0,{,0,1,cWW,cW-W,4.88,3.53,0.81,1.42,4.48,5.20,5.56,3.88,..,anti,.,2.88,4.66,3.11,5.19,3.19,4.68,3.57,3.66,6.27,5.91,0.59,5.67,0.40,36.11,0.34,C3'-endo
77,77,1.00,A,A,A,1,0,0,0,0,.,,0,,,2.78,3.64,1.12,1.42,,,,3.20,..,anti,-,,,,,,,,,0.05,5.85,0.63,5.66,0.36,37.20,0.25,C3'-endo
