index_chain,old_nt_resnum,nt_position,nt_name,nt_code,nt_align_code,is_A,is_C,is_G,is_U,is_other,dbn,paired,nb_interact,pair_type_LW,pair_type_DSSR,alpha,beta,gamma,delta,epsilon,zeta,epsilon_zeta,chi,bb_type,glyco_bond,form,ssZp,Dp,eta,theta,eta_prime,theta_prime,eta_base,theta_base,v0,v1,v2,v3,v4,amplitude,phase_angle,puckering
1,1,0.01,U,U,U,0,0,0,1,0,.,120,1,cWW,cW-W,,,2.71,1.45,3.42,5.43,4.27,2.74,BI,anti,.,4.00,4.60,,,,,,,0.17,5.76,0.66,5.70,0.26,38.00,0.08,C3'-endo
2,2,0.02,C,C,C,0,1,0,0,0,(,119,1,cWW,cW-W,3.85,4.36,1.28,1.48,3.64,4.79,5.13,3.44,BI,anti,A,4.46,4.55,2.80,3.78,3.18,3.76,4.22,4.07,0.02,5.91,0.56,5.72,0.35,33.57,0.29,C3'-endo
3,3,0.03,C,C,C,0,1,0,0,0,(,118,1,cWW,cW-W,5.25,2.98,0.84,1.46,3.77,4.91,5.14,3.19,BI,anti,A,4.71,4.63,2.95,3.75,3.08,3.79,3.65,4.12,0.01,5.92,0.55,5.72,0.34,33.22,0.30,C3'-endo
4,4,0.03,C,C,C,0,1,0,0,0,(,117,1,cWW,cW-W,5.13,2.92,1.15,1.37,3.68,5.17,4.79,3.13,BI,anti,A,4.38,4.53,3.01,3.86,3.25,3.82,3.83,4.16,6.20,5.95,0.59,5.62,0.47,37.78,0.45,C3'-endo
5,5,0.04,C,C,C,0,1,0,0,0,(,116,1,cWW,cW-W,4.48,2.90,1.73,1.40,3.79,5.01,5.06,3.55,BI,anti,.,4.10,4.45,2.94,3.77,3.26,3.70,3.87,4.13,6.13,6.04,0.52,5.67,0.48,35.05,0.56,C3'-endo
6,6,0.05,C,C,C,0,1,0,0,0,(,115,1,cWW,cW-W,5.34,2.95,0.78,1.28,3.70,4.76,5.22,3.44,BI,anti,.,4.29,4.47,2.87,3.92,3.11,3.76,3.80,4.20,6.07,6.05,0.57,5.57,0.58,40.37,0.63,C3'-endo
7,7,0.06,G,G,G,0,0,1,0,0,(,114,1,cWW,cW-W,1.87,3.65,3.84,1.44,4.46,4.58,6.16,3.34,..,anti,.,4.48,4.82,3.00,3.70,3.11,3.72,3.77,4.39,0.10,5.82,0.63,5.69,0.31,36.82,0.17,C3'-endo
8,8,0.07,U,U,U,0,0,0,1,0,(,113,1,cWW,cW-W,1.61,4.15,3.75,1.51,4.68,4.38,0.30,3.13,..,anti,.,4.75,4.83,2.97,3.64,3.24,3.56,4.17,3.84,0.20,5.75,0.65,5.74,0.22,36.97,0.02,C3'-endo
9,9,0.07,G,G,G,0,0,1,0,0,(,112,1,cWW,cW-W,1.41,4.11,3.84,1.49,3.84,5.25,4.88,3.14,BI,anti,A,4.75,4.75,2.77,3.36,3.03,3.54,3.60,4.37,0.21,5.74,0.65,5.73,0.21,37.25,0.00,C3'-endo
10,10,0.08,C,C,C,0,1,0,0,0,(,111,1,cWW,cW-W,4.91,3.34,0.96,1.43,3.45,5.36,4.37,3.64,BI,anti,A,4.24,4.57,2.83,3.88,3.19,3.92,4.24,4.40,0.05,5.85,0.63,5.67,0.36,37.17,0.25,C3'-endo
11,11,0.09,C,C,C,0,1,0,0,0,(,110,1,cWW,cW-W,4.81,3.38,0.97,1.44,4.45,4.71,6.02,3.46,..,anti,.,4.12,4.62,3.10,4.14,3.31,4.46,3.95,5.34,6.27,5.92,0.58,5.68,0.39,35.27,0.35,C3'-endo
12,12,0.10,C,C,C,0,1,0,0,0,.,,0,,,5.48,2.26,1.50,2.54,3.71,3.41,0.31,3.55,..,anti,.,1.50,1.88,2.87,3.51,4.06,2.76,5.08,3.09,5.90,0.60,5.70,0.38,6.28,35.43,2.83,C2'-endo
13,13,0.11,A,A,A,1,0,0,0,0,.,,0,,,0.24,3.26,0.65,1.44,3.86,4.00,6.14,3.43,..,anti,.,4.36,4.58,4.65,3.16,4.39,2.62,4.21,3.53,6.25,5.94,0.56,5.69,0.40,34.34,0.38,C3'-endo
14,14,0.12,U,U,U,0,0,0,1,0,.,,0,,,1.19,3.87,0.99,2.57,4.81,4.73,0.08,5.68,..,...,.,-0.39,0.59,0.02,5.37,0.16,5.04,5.20,5.57,5.96,0.59,5.67,0.45,6.20,36.08,2.94,C2'-endo
15,15,0.12,A,A,A,1,0,0,0,0,.,,0,,,4.97,3.09,0.57,2.62,4.51,5.22,5.58,3.57,..,anti,.,0.52,0.82,2.45,5.53,3.38,5.30,3.41,5.79,5.89,0.66,5.62,0.45,6.25,39.49,2.87,C2'-endo
16,16,0.13,G,G,G,0,0,1,0,0,(,68,1,cWW,cW-W,4.99,3.10,0.95,1.43,3.90,4.90,5.29,3.07,BI,anti,A,4.67,4.73,2.58,3.83,3.41,3.87,4.09,4.12,0.07,5.84,0.63,5.68,0.34,37.10,0.22,C3'-endo
17,17,0.14,C,C,C,0,1,0,0,0,(,"67,109",2,"cWW,tHW","cW-W,tM+W",5.27,2.98,0.93,1.31,3.95,5.01,5.22,3.49,BI,anti,.,4.33,4.71,3.00,3.86,3.19,3.95,3.67,4.75,6.25,5.88,0.67,5.58,0.47,41.01,0.38,C3'-endo
18,18,0.15,G,G,G,0,0,1,0,0,(,65,1,cWW,cW-W,5.25,2.73,1.12,1.36,3.79,4.35,5.72,3.29,BI,anti,A,4.59,4.67,2.91,3.95,3.30,3.85,4.43,4.36,0.03,5.85,0.65,5.63,0.39,39.01,0.28,C3'-endo
19,19,0.16,G,G,G,0,0,1,0,0,(,64,1,cWW,cW-W,2.50,4.14,3.10,1.41,4.64,5.63,5.29,3.12,..,anti,.,4.59,4.72,3.10,4.16,3.30,3.83,4.08,3.91,0.06,5.86,0.61,5.69,0.34,36.04,0.23,C3'-endo
20,20,0.17,C,C,C,0,1,0,0,0,(,63,1,cWW,cW-W,4.46,1.17,2.91,1.42,4.27,5.24,5.31,3.16,..,anti,.,4.83,4.89,2.89,3.30,3.01,3.56,3.45,4.36,0.22,5.71,0.70,5.69,0.24,39.88,0.02,C3'-endo
21,21,0.17,G,G,G,0,0,1,0,0,(,62,1,cWW,cW-W,5.36,3.35,0.38,1.35,3.34,4.83,4.79,3.71,BI,anti,A,4.14,4.59,2.60,3.67,2.99,3.67,4.08,4.15,0.09,5.80,0.68,5.64,0.35,39.80,0.20,C3'-endo
22,22,0.18,U,U,U,0,0,0,1,0,(,61,1,cWW,cW-W,2.36,3.78,3.33,1.49,4.45,4.62,6.11,3.21,..,anti,A,4.76,4.89,3.11,3.49,3.31,3.59,4.02,4.21,0.28,5.69,0.67,5.76,0.15,38.38,6.18,C2'-exo
23,23,0.19,G,G,G,0,0,1,0,0,(,60,1,cWW,cW-W,5.27,2.56,1.04,1.43,4.78,3.88,0.90,3.50,..,anti,.,3.94,4.78,3.06,3.45,3.29,3.81,4.02,3.06,0.12,5.79,0.66,5.68,0.30,37.97,0.14,C3'-endo
24,24,0.20,G,G,G,0,0,1,0,0,.,"27,59",2,"tSW,cWW","tm+W,cW-W",5.17,2.83,0.82,2.69,4.16,1.49,2.67,5.09,..,anti,.,0.51,1.34,3.09,2.15,3.36,1.38,2.64,1.35,6.06,0.55,5.65,0.52,6.10,36.39,3.11,C2'-endo
25,25,0.21,A,A,A,1,0,0,0,0,.,,0,,,2.58,3.73,1.23,1.29,3.86,4.98,5.16,3.36,BI,anti,.,4.59,4.74,1.70,3.80,1.67,3.93,1.89,5.01,6.27,5.85,0.69,5.57,0.46,41.98,0.34,C3'-endo
26,26,0.22,A,A,A,1,0,0,0,0,.,,0,,,5.39,2.89,0.85,1.46,3.89,4.85,5.32,3.53,BI,anti,A,4.44,4.81,2.97,4.40,3.29,4.21,4.61,4.64,0.22,5.73,0.67,5.72,0.22,38.29,0.00,C2'-exo
27,27,0.23,C,C,C,0,1,0,0,0,.,24,1,tWS,tW+m,2.55,3.60,3.07,1.39,4.56,4.46,0.10,3.17,..,anti,.,4.73,4.89,2.73,3.76,3.07,3.92,3.96,4.79,0.20,5.69,0.74,5.64,0.27,42.35,0.05,C3'-endo
28,28,0.23,C,C,C,0,1,0,0,0,(,56,1,cWW,cW-W,6.05,2.41,0.46,1.40,3.52,5.07,4.73,3.51,BI,anti,A,4.51,4.61,2.73,3.70,3.17,3.59,4.35,3.99,0.01,5.87,0.63,5.65,0.39,37.82,0.30,C3'-endo
29,29,0.24,A,A,A,1,0,0,0,0,(,"55,58",2,"cWW,cSW","cW-W,cm-W",4.63,2.58,1.67,1.50,4.62,4.46,0.17,3.17,..,anti,A,4.55,4.69,3.11,3.80,3.26,3.78,3.93,4.28,0.11,5.83,0.60,5.73,0.28,34.74,0.15,C3'-endo
30,30,0.25,C,C,C,0,1,0,0,0,(,"54,57",2,"cWW,cSW","cW-W,cm-W",5.25,2.08,1.31,1.33,3.83,5.52,4.59,3.19,BI,anti,.,4.55,4.62,2.64,4.39,3.07,4.29,3.94,5.10,6.21,5.92,0.65,5.57,0.49,40.79,0.43,C3'-endo
31,31,0.26,C,C,C,0,1,0,0,0,(,"51,53",2,"cWW,tSW","cW-W,tm+W",4.94,3.10,1.19,1.37,3.92,4.89,5.31,3.62,BI,anti,.,4.03,4.57,2.96,3.85,3.48,3.92,4.80,4.46,6.15,6.00,0.56,5.63,0.49,37.04,0.53,C3'-endo
32,32,0.27,C,C,C,0,1,0,0,0,(,50,1,cWW,cW-W,5.65,3.01,0.45,1.48,4.08,4.61,5.75,3.49,..,anti,.,4.21,4.61,3.01,4.20,3.25,4.04,3.94,4.29,0.01,5.94,0.53,5.74,0.34,31.89,0.31,C3'-endo
33,33,0.28,G,G,G,0,0,1,0,0,.,"35,49",2,"cSH,cWW","cm+M,cW-W",1.81,3.76,3.70,1.51,4.01,4.91,5.39,3.46,BI,anti,.,4.35,4.64,2.80,3.36,3.00,3.67,3.50,4.57,0.05,5.91,0.53,5.77,0.29,31.22,0.23,C3'-endo
34,34,0.28,U,U,U,0,0,0,1,0,.,"36,48,49",3,"cSH,cWW,cWW","cm+M,cW-W,cW-W",5.68,2.90,0.73,2.55,4.55,1.71,2.84,4.47,..,anti,.,0.73,0.98,3.34,2.25,3.94,1.95,4.81,2.00,5.94,0.60,5.66,0.43,6.23,36.45,2.90,C2'-endo
35,35,0.29,U,U,U,0,0,0,1,0,.,33,1,cHS,cM+m,2.90,3.93,1.22,1.39,3.84,5.10,5.02,3.38,BI,anti,.,4.28,4.41,2.39,3.99,2.14,4.08,2.21,5.03,6.10,6.07,0.50,5.66,0.51,35.27,0.62,C3'-endo
36,36,0.30,C,C,C,0,1,0,0,0,.,"34,49",2,"cHS,cWS","cM+m,cW-m",5.23,2.92,0.87,1.37,3.92,4.81,5.39,3.63,BI,anti,A,4.12,4.74,2.85,3.66,3.22,3.71,4.44,3.96,0.05,5.84,0.65,5.64,0.38,38.81,0.26,C3'-endo
37,37,0.31,C,C,C,0,1,0,0,0,.,48,1,cWS,cW-m,5.04,3.15,0.85,1.36,3.78,5.46,4.60,3.61,BI,anti,.,4.26,4.76,2.82,4.16,2.93,4.26,3.31,5.20,0.10,5.79,0.68,5.64,0.34,39.80,0.19,C3'-endo
38,38,0.32,C,C,C,0,1,0,0,0,(,44,1,cWW,cW-W,4.97,3.17,0.99,1.39,3.74,4.36,5.67,3.80,BI,anti,A,3.77,4.64,2.83,3.86,3.31,3.76,4.58,3.99,0.01,5.87,0.63,5.64,0.39,37.90,0.30,C3'-endo
39,39,0.33,A,A,A,1,0,0,0,0,.,46,1,cSW,cm-W,2.18,4.22,3.28,1.41,4.87,3.71,1.16,2.89,..,anti,.,4.51,4.54,3.19,2.98,3.30,3.35,3.75,3.40,6.28,5.90,0.61,5.66,0.40,36.86,0.33,C3'-endo
40,40,0.33,U,U,U,0,0,0,1,0,.,45,1,tSH,tm-M,5.52,2.19,0.99,2.48,4.65,5.51,5.43,3.89,..,anti,.,1.02,0.91,3.34,5.89,3.74,5.18,3.64,4.64,5.86,0.63,5.70,0.36,0.04,36.30,2.75,C2'-endo
41,41,0.34,U,U,U,0,0,0,1,0,.,,0,,,5.11,2.99,3.25,1.47,3.34,1.51,1.83,4.36,..,anti,.,2.23,4.33,5.04,6.00,5.72,5.47,0.17,5.42,6.22,5.99,0.51,5.72,0.39,32.17,0.43,C3'-endo
42,42,0.35,C,C,C,0,1,0,0,0,.,,0,,,1.23,2.79,2.87,1.39,4.04,5.00,5.32,3.47,BI,anti,.,4.40,4.74,1.41,3.43,2.09,3.62,2.77,4.46,0.04,5.85,0.65,5.64,0.38,38.37,0.27,C3'-endo
43,43,0.36,C,C,C,0,1,0,0,0,.,,0,,,5.44,2.76,0.93,1.37,4.46,4.50,6.24,3.32,..,anti,.,4.42,4.69,3.10,4.37,3.44,4.07,4.44,4.55,6.26,5.90,0.62,5.64,0.42,37.58,0.35,C3'-endo
44,44,0.37,G,G,G,0,0,1,0,0,),"38,47",2,"cWW,tSW","cW-W,tm+W",1.08,3.05,1.02,2.39,4.08,2.51,1.57,5.16,BII,anti,.,0.25,1.74,5.06,1.99,5.65,1.37,5.25,1.26,5.89,0.55,5.78,0.29,0.06,31.51,2.71,C2'-endo
45,45,0.38,A,A,A,1,0,0,0,0,.,40,1,tHS,tM-m,3.11,2.57,0.77,1.42,3.93,5.16,5.05,2.98,BI,anti,.,4.69,4.69,1.37,4.16,1.45,4.20,1.80,5.01,0.04,5.85,0.64,5.65,0.37,37.88,0.26,C3'-endo
46,46,0.38,A,A,A,1,0,0,0,0,.,39,1,cWS,cW-m,5.40,3.25,0.58,1.49,3.42,5.01,4.69,3.55,BI,anti,A,4.27,4.48,2.88,4.13,3.26,4.07,4.48,4.78,0.12,5.84,0.59,5.75,0.26,33.85,0.12,C3'-endo
47,47,0.39,C,C,C,0,1,0,0,0,.,44,1,tWS,tW+m,2.90,3.70,2.70,1.44,4.51,4.96,5.83,3.12,..,anti,.,4.67,4.68,2.90,4.21,3.23,4.22,4.26,4.88,0.02,5.88,0.61,5.67,0.37,36.29,0.29,C3'-endo
48,48,0.40,A,A,A,1,0,0,0,0,.,"34,37",2,"cWW,cSW","cW-W,cm-W",5.50,2.83,0.61,1.37,3.65,4.52,5.41,3.44,BI,anti,.,4.30,4.42,2.58,3.30,3.07,3.37,4.14,3.88,6.11,6.04,0.54,5.62,0.52,37.34,0.59,C3'-endo
49,49,0.41,C,C,C,0,1,0,0,0,.,"33,34,36",3,"cWW,cWW,cSW","cW-W,cW-W,cm-W",5.57,2.65,0.84,1.46,3.57,4.98,4.88,4.11,BI,anti,.,2.94,4.54,3.00,3.72,3.16,3.67,3.77,4.07,0.04,5.90,0.56,5.74,0.31,32.80,0.25,C3'-endo
50,50,0.42,G,G,G,0,0,1,0,0,),32,1,cWW,cW-W,5.07,3.16,0.86,1.47,3.69,4.61,5.35,3.31,BI,anti,A,4.67,4.69,2.90,4.06,3.07,3.98,3.68,4.41,0.13,5.82,0.60,5.74,0.26,34.76,0.11,C3'-endo
51,51,0.42,G,G,G,0,0,1,0,0,),31,1,cWW,cW-W,2.24,3.99,3.39,1.47,4.38,4.28,0.09,3.19,..,anti,.,4.72,4.83,3.11,3.25,3.37,3.45,4.18,4.19,0.18,5.77,0.63,5.73,0.23,36.33,0.05,C3'-endo
52,52,0.43,A,A,A,1,0,0,0,0,.,53,1,cSW,cm-W,5.69,2.12,1.14,1.46,3.47,4.03,5.72,3.74,BI,anti,.,3.97,4.50,2.97,3.07,3.45,2.63,4.35,2.16,0.06,5.88,0.57,5.73,0.31,33.60,0.22,C3'-endo
53,53,0.44,A,A,A,1,0,0,0,0,.,"31,52",2,"tWS,cWS","tW+m,cW-m",0.10,3.05,5.38,1.47,3.40,5.76,3.92,0.83,BI,syn,.,-3.68,4.50,2.58,3.71,2.27,3.99,2.21,4.11,0.01,5.91,0.56,5.72,0.35,33.63,0.30,C3'-endo
54,54,0.45,G,G,G,0,0,1,0,0,),30,1,cWW,cW-W,4.15,2.85,1.88,1.49,3.71,5.29,4.70,3.16,BI,anti,.,4.77,4.77,2.83,4.02,3.54,3.92,3.99,4.37,0.28,5.67,0.69,5.74,0.17,39.58,6.20,C2'-exo
55,55,0.46,U,U,U,0,0,0,1,0,),29,1,cWW,cW-W,4.71,3.63,0.98,1.36,3.74,5.43,4.59,3.10,BI,anti,.,4.85,4.79,2.92,3.73,3.16,3.72,3.98,3.16,0.16,5.74,0.70,5.66,0.30,40.28,0.10,C3'-endo
56,56,0.47,G,G,G,0,0,1,0,0,),"28,58,59",3,"cWW,cSH,tSW","cW-W,cm+M,tm+W",4.42,1.79,2.96,2.67,4.16,2.07,2.10,3.62,..,anti,.,1.19,1.30,4.42,0.97,4.23,1.33,3.64,1.54,6.14,0.48,5.67,0.54,6.03,35.11,3.23,C3'-exo
57,57,0.47,A,A,A,1,0,0,0,0,.,30,1,cWS,cW-m,2.87,3.79,1.45,1.49,4.32,4.86,5.74,3.08,..,anti,.,4.81,4.84,2.50,4.29,2.26,4.33,2.36,4.87,0.21,5.74,0.66,5.73,0.22,37.56,0.01,C3'-endo
58,58,0.48,A,A,A,1,0,0,0,0,.,"29,56",2,"cWS,cHS","cW-m,cM+m",5.29,3.01,0.86,1.38,3.79,5.28,4.80,3.50,BI,anti,.,4.46,4.74,2.84,4.05,3.17,4.09,4.11,4.85,0.06,5.82,0.66,5.64,0.37,39.10,0.23,C3'-endo
59,59,0.49,A,A,A,1,0,0,0,0,.,"24,56",2,"cWW,tWS","cW-W,tW+m",4.86,3.07,1.12,1.36,3.81,5.09,5.01,3.31,BI,anti,.,4.69,4.75,2.76,3.87,3.15,3.90,4.31,4.76,0.06,5.82,0.67,5.63,0.38,39.70,0.25,C3'-endo
60,60,0.50,C,C,C,0,1,0,0,0,),23,1,cWW,cW-W,5.19,2.84,1.04,1.34,3.90,4.98,5.20,3.21,BI,anti,A,4.75,4.76,2.87,3.84,3.21,3.87,4.49,4.26,0.12,5.75,0.73,5.61,0.35,42.16,0.17,C3'-endo
61,61,0.51,G,G,G,0,0,1,0,0,),22,1,cWW,cW-W,5.06,2.96,1.22,1.45,4.03,4.66,5.65,3.15,..,anti,A,4.70,4.71,3.05,3.79,3.31,3.82,3.98,4.53,0.03,5.90,0.57,5.71,0.34,34.04,0.28,C3'-endo
62,62,0.52,C,C,C,0,1,0,0,0,),21,1,cWW,cW-W,5.52,2.69,0.69,1.40,3.51,4.64,5.15,3.47,BI,anti,A,4.49,4.60,2.76,3.95,3.06,3.76,4.11,4.01,0.07,5.83,0.65,5.66,0.35,38.06,0.22,C3'-endo
63,63,0.53,G,G,G,0,0,1,0,0,),20,1,cWW,cW-W,2.54,3.75,3.14,1.43,4.55,4.08,0.47,2.91,..,anti,A,4.76,4.79,2.98,3.49,3.11,3.65,3.70,4.19,0.13,5.78,0.66,5.68,0.30,38.06,0.14,C3'-endo
64,64,0.53,C,C,C,0,1,0,0,0,),19,1,cWW,cW-W,6.12,2.07,0.61,1.34,3.58,4.81,5.04,3.54,BI,anti,A,4.26,4.43,2.82,3.68,3.15,3.63,3.86,4.06,6.06,6.08,0.53,5.61,0.57,38.54,0.66,C4'-exo
65,65,0.54,C,C,C,0,1,0,0,0,),18,1,cWW,cW-W,5.34,2.92,0.94,1.45,3.86,5.28,4.87,3.56,BI,anti,.,4.09,4.52,3.10,4.15,3.26,4.32,3.87,4.89,6.24,5.96,0.54,5.70,0.39,33.52,0.40,C3'-endo
66,66,0.55,A,A,A,1,0,0,0,0,.,68,1,cSH,cm+M,5.06,3.65,1.39,2.60,4.57,2.58,2.00,4.74,BII,anti,.,0.26,0.84,3.84,2.57,4.40,2.03,4.77,1.95,5.99,0.58,5.65,0.48,6.17,36.62,3.00,C2'-endo
67,67,0.56,G,G,G,0,0,1,0,0,),"17,109",2,"cWW,tHW","cW-W,tM-W",3.19,2.79,0.87,1.42,3.99,4.79,5.49,3.22,BI,anti,A,4.75,4.79,1.90,3.85,1.72,3.89,1.92,4.21,0.10,5.81,0.65,5.68,0.32,37.65,0.18,C3'-endo
68,68,0.57,C,C,C,0,1,0,0,0,),"16,66",2,"cWW,cHS","cW-W,cM+m",5.43,2.85,0.86,1.39,3.67,5.25,4.70,3.50,BI,anti,.,4.46,4.65,2.96,3.96,3.23,3.98,3.82,4.73,0.01,5.88,0.62,5.65,0.39,37.14,0.31,C3'-endo
69,69,0.57,G,G,G,0,0,1,0,0,(,108,1,cWW,cW-W,4.96,2.97,1.11,1.36,3.91,5.01,5.18,3.12,BI,anti,.,4.86,4.82,2.85,3.91,3.23,3.95,4.41,4.76,0.13,5.75,0.72,5.62,0.33,41.67,0.15,C3'-endo
70,70,0.58,C,C,C,0,1,0,0,0,(,107,1,cWW,cW-W,5.26,3.03,0.86,1.41,3.80,4.95,5.13,3.34,BI,anti,A,4.66,4.74,2.90,3.78,3.20,3.84,4.39,4.10,0.18,5.73,0.71,5.66,0.28,40.58,0.08,C3'-endo
71,71,0.59,C,C,C,0,1,0,0,0,(,106,1,cWW,cW-W,5.23,2.98,1.06,1.48,3.86,5.24,4.90,3.41,BI,anti,.,4.45,4.59,3.09,4.15,3.33,4.15,3.80,4.93,0.02,5.93,0.54,5.74,0.33,32.20,0.29,C3'-endo
72,72,0.60,G,G,G,0,0,1,0,0,.,105,1,tSH,tm-M,4.98,2.96,1.08,1.33,4.07,3.53,0.54,3.38,..,anti,.,4.40,4.67,2.82,2.89,3.21,2.66,4.37,2.53,6.24,5.89,0.65,5.58,0.47,40.46,0.39,C3'-endo
73,73,0.61,A,A,A,1,0,0,0,0,.,104,1,tHW,tM-W,1.08,4.63,4.16,1.44,4.17,5.19,5.27,3.01,..,anti,.,4.56,4.63,3.80,3.24,3.33,3.61,2.96,4.79,6.25,5.93,0.57,5.68,0.40,34.83,0.38,C3'-endo
74,74,0.62,U,U,U,0,0,0,1,0,.,103,1,t.W,t.-W,5.30,2.85,0.69,1.39,3.63,5.08,4.83,3.48,BI,anti,.,4.39,4.58,2.56,4.29,3.11,4.13,4.59,4.97,6.28,5.88,0.63,5.63,0.41,38.42,0.33,C3'-endo
75,75,0.62,G,G,G,0,0,1,0,0,.,102,1,c.W,c.-W,2.09,3.23,3.77,1.71,4.20,5.23,5.26,3.55,..,anti,.,4.20,4.74,2.97,3.78,3.23,3.95,4.44,4.58,0.31,5.79,0.48,5.96,0.01,29.10,5.98,C2'-exo
76,76,0.63,G,G,G,0,0,1,0,0,.,101,1,tWH,tW-M,5.06,2.79,1.06,1.26,3.71,4.89,5.10,3.33,BI,anti,A,4.59,4.67,2.57,3.56,3.12,3.59,4.10,4.28,6.26,5.83,0.73,5.52,0.50,44.87,0.35,C3'-endo
77,77,0.64,U,U,U,0,0,0,1,0,.,100,1,tWH,tW-M,5.31,2.92,0.92,1.36,3.49,5.17,4.60,3.40,BI,anti,.,4.60,4.66,2.92,3.73,3.17,3.73,4.14,4.04,0.15,5.73,0.74,5.61,0.33,42.51,0.13,C3'-endo
78,78,0.65,A,A,A,1,0,0,0,0,.,99,1,tHS,tM-m,5.00,3.16,1.34,1.42,3.92,5.32,4.88,3.30,BI,anti,.,4.52,4.64,3.28,4.21,3.48,4.24,4.00,5.17,6.27,5.91,0.59,5.67,0.39,35.76,0.34,C3'-endo
79,79,0.66,C,C,C,0,1,0,0,0,(,98,1,cWW,cW-W,4.98,3.04,0.95,1.42,3.79,4.98,5.10,3.46,BI,anti,A,4.55,4.75,2.70,3.86,3.18,3.93,4.56,4.38,0.10,5.80,0.66,5.66,0.33,38.43,0.18,C3'-endo
80,80,0.67,U,U,U,0,0,0,1,0,(,97,1,cWW,cW-W,5.45,2.68,1.20,1.42,3.82,4.48,5.62,3.41,BI,anti,.,4.27,4.41,3.23,3.30,3.60,3.30,4.32,3.47,6.13,6.05,0.51,5.66,0.49,35.10,0.57,C3'-endo
81,81,0.68,G,G,G,0,0,1,0,0,(,96,1,cWW,cW-W,4.90,2.98,0.96,1.43,4.05,5.02,5.32,3.30,BI,anti,A,4.65,4.77,2.90,4.04,2.86,4.08,3.10,4.81,0.10,5.81,0.65,5.67,0.32,37.69,0.18,C3'-endo
82,82,0.68,G,G,G,0,0,1,0,0,(,95,1,cWW,cW-W,5.14,2.97,0.81,1.37,3.72,4.94,5.06,3.35,BI,anti,A,4.61,4.67,2.66,3.70,3.01,3.74,4.13,4.25,0.10,5.77,0.71,5.62,0.35,41.30,0.19,C3'-endo
83,83,0.69,G,G,G,0,0,1,0,0,(,94,1,cWW,cW-W,5.42,2.99,0.92,1.38,3.89,5.12,5.06,3.32,BI,anti,.,4.60,4.71,3.13,3.95,3.31,3.97,4.03,4.24,0.06,5.83,0.66,5.64,0.36,38.81,0.24,C3'-endo
84,84,0.70,C,C,C,0,1,0,0,0,(,93,1,cWW,cW-W,5.17,2.96,1.18,1.27,3.38,4.83,4.83,3.43,BI,anti,.,4.33,4.39,3.00,3.74,3.33,3.50,3.90,3.70,6.09,6.01,0.61,5.53,0.60,42.43,0.59,C3'-endo
85,85,0.71,G,G,G,0,0,1,0,0,(,92,1,cWW,cW-W,2.16,3.45,3.64,1.43,3.66,5.35,4.60,3.15,BI,anti,A,4.64,4.68,2.97,3.35,3.04,3.53,3.55,4.20,0.13,5.79,0.66,5.69,0.30,37.93,0.13,C3'-endo
86,86,0.72,G,G,G,0,0,1,0,0,(,91,1,cWW,cW-W,4.98,3.41,0.85,1.43,3.64,5.11,4.82,3.45,BI,anti,A,4.47,4.58,2.92,3.75,3.23,3.77,4.07,4.10,6.28,5.91,0.59,5.67,0.39,35.92,0.33,C3'-endo
87,87,0.72,G,G,G,0,0,1,0,0,.,90,1,tSH,tm-M,4.94,2.98,1.16,1.25,4.25,5.36,5.17,3.32,..,anti,.,4.56,4.79,2.95,4.24,3.14,3.48,3.65,2.48,6.22,5.88,0.69,5.53,0.51,43.26,0.41,C3'-endo
88,88,0.73,C,C,C,0,1,0,0,0,.,,0,,,3.64,2.02,0.80,1.35,3.49,4.73,5.04,3.56,BI,anti,.,4.28,4.48,0.38,4.25,0.94,4.01,0.49,4.71,6.18,5.98,0.58,5.63,0.48,37.38,0.49,C3'-endo
89,89,0.74,G,G,G,0,0,1,0,0,.,,0,,,2.65,3.96,2.86,1.36,4.08,4.63,5.73,3.22,..,anti,A,4.68,4.74,2.74,3.56,3.15,3.50,4.35,3.99,0.03,5.86,0.64,5.64,0.38,37.97,0.29,C3'-endo
90,90,0.75,A,A,A,1,0,0,0,0,.,"87,91",2,"tHS,cHS","tM-m,cM+m",5.59,2.77,0.59,1.42,3.96,5.11,5.14,3.38,BI,anti,.,4.57,4.75,2.90,4.83,3.07,5.01,3.79,5.48,0.09,5.81,0.65,5.67,0.33,37.89,0.19,C3'-endo
91,91,0.76,C,C,C,0,1,0,0,0,),"86,90",2,"cWW,cSH","cW-W,cm+M",2.35,4.28,3.31,1.40,3.85,4.95,5.18,3.33,BI,anti,.,4.67,4.73,3.08,3.43,3.93,3.42,5.14,3.92,0.11,5.80,0.66,5.67,0.32,38.45,0.17,C3'-endo
92,92,0.77,C,C,C,0,1,0,0,0,),85,1,cWW,cW-W,5.40,3.17,0.70,1.39,3.31,4.89,4.71,3.37,BI,anti,.,4.61,4.59,2.97,3.87,3.22,3.80,4.00,3.85,0.17,5.73,0.71,5.65,0.29,40.78,0.09,C3'-endo
93,93,0.78,G,G,G,0,0,1,0,0,),84,1,cWW,cW-W,2.93,3.72,2.86,1.37,4.11,4.41,5.98,3.06,..,anti,A,4.79,4.79,2.96,3.38,3.20,3.43,3.55,3.83,0.06,5.82,0.67,5.63,0.38,39.61,0.24,C3'-endo
94,94,0.78,C,C,C,0,1,0,0,0,),83,1,cWW,cW-W,5.84,2.58,0.57,1.37,3.81,4.75,5.34,3.46,BI,anti,A,4.45,4.68,2.99,3.65,3.15,3.68,3.71,4.12,0.01,5.87,0.64,5.63,0.41,38.61,0.31,C3'-endo
95,95,0.79,C,C,C,0,1,0,0,0,),82,1,cWW,cW-W,5.44,2.82,0.85,1.34,4.00,4.75,5.54,3.17,BI,anti,A,4.73,4.76,3.03,3.75,3.18,3.82,3.80,4.45,0.04,5.84,0.66,5.63,0.39,39.25,0.27,C3'-endo
96,96,0.80,U,U,U,0,0,0,1,0,),81,1,cWW,cW-W,5.51,2.81,0.67,1.44,3.89,4.80,5.38,3.35,BI,anti,A,4.68,4.75,2.88,3.74,3.11,3.73,4.00,4.00,0.12,5.82,0.63,5.71,0.29,36.27,0.15,C3'-endo
97,97,0.81,G,G,G,0,0,1,0,0,),80,1,cWW,cW-W,5.16,2.70,1.05,1.29,3.68,5.16,4.80,3.22,BI,anti,A,4.69,4.70,2.75,3.83,2.99,3.78,3.61,4.20,0.04,5.78,0.75,5.54,0.44,44.78,0.27,C3'-endo
98,98,0.82,G,G,G,0,0,1,0,0,),79,1,cWW,cW-W,4.96,3.22,1.06,1.30,3.49,5.49,4.29,3.37,BI,anti,.,4.66,4.67,2.92,3.97,3.14,4.04,3.89,4.88,0.03,5.81,0.71,5.57,0.43,42.38,0.29,C3'-endo
99,99,0.82,G,G,G,0,0,1,0,0,.,78,1,tSH,tm-M,4.35,3.17,1.57,1.45,3.94,4.54,5.69,3.14,BI,anti,.,4.66,4.71,2.90,2.94,3.34,2.67,4.58,2.43,0.08,5.83,0.64,5.68,0.33,37.27,0.20,C3'-endo
100,100,0.83,A,A,A,1,0,0,0,0,.,"0,77",2,"tWS,tHW","tW+m,tM-W",4.74,1.20,2.94,1.49,4.05,5.36,4.97,2.92,..,anti,.,4.56,4.72,3.84,3.23,3.34,3.58,2.90,4.67,0.10,5.84,0.59,5.73,0.28,34.20,0.16,C3'-endo
101,101,0.84,G,G,G,0,0,1,0,0,.,76,1,tHW,tM-W,4.71,3.13,1.04,1.35,3.85,4.98,5.16,3.29,BI,anti,.,4.64,4.70,2.53,3.80,3.04,3.89,4.48,4.86,0.02,5.83,0.69,5.59,0.42,41.43,0.30,C3'-endo
102,102,0.85,A,A,A,1,0,0,0,0,.,75,1,cW.,cW-.,5.17,2.97,0.95,1.46,3.93,5.11,5.10,3.40,BI,anti,.,4.57,4.77,2.91,4.12,3.20,4.15,4.46,4.73,0.24,5.69,0.70,5.70,0.22,40.33,6.27,C2'-exo
103,103,0.86,G,G,G,0,0,1,0,0,.,74,1,tW.,tW-.,5.37,2.89,0.95,1.34,3.81,5.04,5.05,3.38,BI,anti,A,4.57,4.72,2.96,3.80,3.36,3.80,4.37,3.96,0.07,5.79,0.71,5.60,0.38,41.67,0.23,C3'-endo
104,104,0.87,U,U,U,0,0,0,1,0,.,73,1,tWH,tW-M,5.08,3.01,1.12,1.27,3.52,5.30,4.50,3.45,BI,anti,.,4.50,4.61,2.93,3.75,3.17,3.79,3.59,4.33,6.19,5.91,0.68,5.53,0.54,43.17,0.45,C3'-endo
105,105,0.88,A,A,A,1,0,0,0,0,.,72,1,tHS,tM-m,4.95,3.25,1.07,1.33,3.92,5.53,4.67,3.36,BI,anti,.,4.56,4.69,3.03,4.25,3.27,4.32,4.04,5.05,6.18,5.94,0.62,5.58,0.51,40.02,0.47,C3'-endo
106,106,0.88,G,G,G,0,0,1,0,0,),71,1,cWW,cW-W,4.36,2.57,1.97,1.37,3.96,4.83,5.41,3.01,BI,anti,A,4.78,4.80,2.81,3.56,3.39,3.56,4.67,4.03,0.13,5.76,0.70,5.64,0.32,40.56,0.15,C3'-endo
107,107,0.89,G,G,G,0,0,1,0,0,),70,1,cWW,cW-W,5.39,2.86,1.01,1.38,3.95,4.45,5.79,3.21,..,anti,A,4.67,4.72,3.12,3.81,3.34,3.89,4.06,4.22,0.04,5.84,0.67,5.62,0.40,39.73,0.27,C3'-endo
108,108,0.90,U,U,U,0,0,0,1,0,),69,1,cWW,cW-W,6.27,2.33,0.56,1.41,3.64,4.66,5.26,3.54,BI,anti,.,4.04,4.27,3.13,4.09,3.43,4.00,3.97,4.01,6.07,6.10,0.49,5.66,0.53,35.58,0.67,C4'-exo
109,109,0.91,C,C,C,0,1,0,0,0,.,"17,67",2,"tWH,tWH","tW+M,tW-M",1.76,2.80,4.79,2.61,4.43,0.99,3.44,4.65,..,anti,.,0.89,1.23,3.63,0.77,3.76,0.91,3.78,1.35,6.00,0.56,5.68,0.45,6.17,34.73,2.99,C2'-endo
110,110,0.92,G,G,G,0,0,1,0,0,),11,1,cWW,cW-W,2.95,3.29,3.27,1.39,4.07,4.68,5.67,3.23,..,anti,A,4.67,4.71,3.78,3.17,3.79,3.32,3.79,3.92,0.03,5.87,0.63,5.65,0.38,37.56,0.29,C3'-endo
111,111,0.93,G,G,G,0,0,1,0,0,),10,1,cWW,cW-W,5.50,2.68,0.82,1.36,3.82,4.95,5.16,3.33,BI,anti,A,4.53,4.59,2.89,3.75,3.12,3.73,3.85,4.32,6.17,5.98,0.58,5.62,0.49,37.75,0.50,C3'-endo
112,112,0.93,U,U,U,0,0,0,1,0,),9,1,cWW,cW-W,4.87,2.75,1.28,1.34,3.31,5.02,4.57,3.18,BI,anti,.,4.53,4.53,2.68,3.42,3.04,3.39,4.02,3.50,0.01,5.83,0.70,5.57,0.44,41.96,0.31,C3'-endo
113,113,0.94,G,G,G,0,0,1,0,0,),8,1,cWW,cW-W,4.97,3.61,0.92,1.48,3.75,4.82,5.21,3.44,BI,anti,A,4.47,4.64,3.22,3.69,3.18,3.79,3.31,4.30,0.09,5.84,0.61,5.71,0.30,35.34,0.18,C3'-endo
114,114,0.95,C,C,C,0,1,0,0,0,),7,1,cWW,cW-W,5.40,2.82,0.91,1.43,3.67,5.04,4.92,3.46,BI,anti,A,4.42,4.58,2.98,3.81,3.24,3.78,3.95,4.20,6.27,5.91,0.59,5.68,0.39,35.72,0.34,C3'-endo
115,115,0.96,G,G,G,0,0,1,0,0,),6,1,cWW,cW-W,4.98,2.98,1.16,1.35,3.72,4.61,5.40,3.43,BI,anti,A,4.49,4.67,2.92,3.91,3.17,3.73,3.88,4.09,0.00,5.87,0.65,5.61,0.42,39.47,0.32,C3'-endo
116,116,0.97,G,G,G,0,0,1,0,0,),5,1,cWW,cW-W,2.12,3.68,3.55,1.62,4.14,4.88,5.54,3.15,..,anti,A,4.76,4.80,3.00,3.48,3.15,3.59,3.85,4.35,0.29,5.76,0.55,5.88,0.07,32.03,6.09,C2'-exo
117,117,0.97,G,G,G,0,0,1,0,0,),4,1,cWW,cW-W,5.09,3.12,0.69,1.40,3.86,4.78,5.36,3.45,BI,anti,A,4.47,4.77,2.63,3.70,2.91,3.76,3.90,3.88,0.27,5.65,0.75,5.67,0.22,43.11,6.25,C2'-exo
118,118,0.98,G,G,G,0,0,1,0,0,),3,1,cWW,cW-W,5.59,2.69,0.89,1.30,3.76,5.07,4.97,3.36,BI,anti,.,4.65,4.76,3.00,3.84,3.24,3.83,3.62,4.21,0.09,5.76,0.75,5.57,0.40,43.88,0.21,C3'-endo
119,119,0.99,G,G,G,0,0,1,0,0,),2,1,cWW,cW-W,5.30,2.94,1.09,1.26,3.76,4.76,5.29,3.29,BI,anti,A,4.67,4.71,3.06,3.53,3.33,3.67,4.04,4.31,6.23,5.88,0.69,5.55,0.49,42.65,0.39,C3'-endo
120,120,1.00,G,G,G,0,0,1,0,0,.,1,1,cWW,cW-W,5.54,2.60,1.34,2.44,,,,3.63,n/a,anti,-,,,,,,,,,5.86,0.62,5.72,0.33,0.06,35.31,2.72,C2'-endo
