index_chain,old_nt_resnum,nt_position,nt_name,nt_code,nt_align_code,is_A,is_C,is_G,is_U,is_other,dbn,paired,nb_interact,pair_type_LW,pair_type_DSSR,alpha,beta,gamma,delta,epsilon,zeta,epsilon_zeta,chi,bb_type,glyco_bond,form,ssZp,Dp,eta,theta,eta_prime,theta_prime,eta_base,theta_base,v0,v1,v2,v3,v4,amplitude,phase_angle,puckering
1,1M,0.01,A,A,A,1,0,0,0,0,.,,0,,,,,3.03,1.43,3.73,4.82,5.20,3.75,BI,anti,.,3.90,4.60,,,,,,,0.00,5.91,0.58,5.68,0.38,35.21,0.32,C3'-endo
2,0,0.02,A,A,A,1,0,0,0,0,.,,0,,,3.83,4.30,1.10,1.41,3.98,4.90,5.37,3.03,BI,anti,.,4.65,4.69,2.47,4.04,2.64,4.16,3.34,4.66,0.01,5.89,0.61,5.67,0.38,36.45,0.31,C3'-endo
3,1,0.02,U,U,U,0,0,0,1,0,(,122,1,cWW,cW-W,5.45,2.92,0.85,1.39,4.12,4.61,5.79,3.13,..,anti,.,4.69,4.71,3.10,3.60,3.36,3.62,4.13,3.83,6.27,5.90,0.62,5.64,0.41,37.50,0.35,C3'-endo
4,2,0.03,C,C,C,0,1,0,0,0,(,121,1,cWW,cW-W,4.99,2.42,1.30,1.38,3.49,5.30,4.47,3.62,BI,anti,A,4.27,4.59,2.65,3.92,2.96,3.76,3.45,3.96,0.05,5.82,0.67,5.62,0.38,39.81,0.25,C3'-endo
5,3,0.04,C,C,C,0,1,0,0,0,(,120,1,cWW,cW-W,4.92,3.48,0.86,1.41,3.75,4.94,5.10,3.74,BI,anti,A,3.88,4.57,2.98,3.63,3.16,3.68,3.63,4.04,6.23,5.94,0.58,5.66,0.43,36.09,0.41,C3'-endo
6,4,0.05,C,C,C,0,1,0,0,0,(,119,1,cWW,cW-W,4.89,2.87,1.21,1.33,3.78,4.97,5.09,3.50,BI,anti,A,4.34,4.62,2.81,3.72,3.02,3.73,3.54,4.27,6.20,5.92,0.64,5.58,0.49,40.57,0.43,C3'-endo
7,5,0.06,C,C,C,0,1,0,0,0,(,118,1,cWW,cW-W,5.21,2.77,1.17,1.35,3.58,5.08,4.78,3.36,BI,anti,A,4.39,4.51,2.96,3.68,3.29,3.63,4.13,3.99,6.20,5.94,0.62,5.60,0.49,39.54,0.45,C3'-endo
8,6,0.07,C,C,C,0,1,0,0,0,(,117,1,cWW,cW-W,5.13,3.30,0.80,1.33,3.51,4.90,4.89,3.54,BI,anti,.,4.32,4.58,2.95,3.93,3.09,3.85,3.68,4.24,6.28,5.86,0.67,5.59,0.44,40.75,0.33,C3'-endo
9,7,0.07,G,G,G,0,0,1,0,0,(,116,1,cWW,cW-W,2.37,3.62,3.45,1.45,4.45,4.52,6.21,3.24,..,anti,.,4.61,4.80,3.11,3.82,3.29,3.75,3.94,4.48,0.14,5.78,0.65,5.70,0.28,37.28,0.11,C3'-endo
10,8,0.08,U,U,U,0,0,0,1,0,(,115,1,cWW,cW-W,1.74,3.94,3.64,1.48,4.34,4.80,5.83,3.33,..,anti,A,4.60,4.89,2.69,3.43,3.02,3.51,4.09,3.76,0.31,5.66,0.69,5.75,0.14,39.77,6.16,C2'-exo
11,9,0.09,G,G,G,0,0,1,0,0,(,114,1,cWW,cW-W,5.08,2.76,1.17,1.25,3.51,5.16,4.64,3.40,BI,anti,.,4.58,4.65,2.70,3.63,3.03,3.63,3.52,4.10,6.27,5.82,0.73,5.52,0.48,44.52,0.34,C3'-endo
12,10,0.10,C,C,C,0,1,0,0,0,(,113,1,cWW,cW-W,5.11,3.13,1.12,1.39,3.73,5.21,4.80,3.14,BI,anti,.,4.63,4.66,3.12,3.93,3.34,3.93,4.09,4.33,0.03,5.85,0.64,5.64,0.38,38.22,0.28,C3'-endo
13,11,0.11,C,C,C,0,1,0,0,0,.,17,1,tWH,tW-M,5.20,3.29,0.81,1.35,3.72,5.13,4.86,3.10,BI,anti,.,4.47,4.50,2.98,4.44,3.22,4.63,3.93,5.66,6.15,6.00,0.58,5.61,0.51,38.22,0.53,C3'-endo
14,12,0.11,C,C,C,0,1,0,0,0,.,,0,,,3.01,3.93,2.78,2.46,4.94,2.30,2.64,3.60,BII,anti,.,0.55,0.75,3.81,2.38,4.25,2.62,5.38,3.11,5.94,0.53,5.78,0.32,0.01,30.91,2.80,C2'-endo
15,13,0.12,A,A,A,1,0,0,0,0,.,71,1,tWS,tW+m,0.36,2.40,0.27,1.48,4.09,3.76,0.33,3.44,..,anti,.,4.04,4.26,4.49,3.26,4.28,2.76,4.19,3.14,6.07,6.15,0.41,5.74,0.48,31.34,0.72,C4'-exo
16,14,0.13,U,U,U,0,0,0,1,0,.,,0,,,1.15,3.84,0.97,1.45,2.82,2.52,0.30,5.12,..,anti,.,-0.52,4.10,5.97,0.16,6.06,4.93,5.39,5.36,0.02,5.89,0.59,5.70,0.36,35.03,0.29,C3'-endo
17,15,0.14,A,A,A,1,0,0,0,0,.,13,1,tHW,tM-W,2.76,1.30,2.21,1.39,3.04,1.53,1.51,5.34,..,anti,.,-1.43,4.05,1.62,5.58,3.28,5.54,3.53,5.79,6.07,6.09,0.50,5.64,0.54,36.34,0.66,C4'-exo
18,16,0.15,G,G,G,0,0,1,0,0,(,70,1,cWW,cW-W,5.22,2.69,0.03,1.39,3.74,4.92,5.11,3.21,BI,anti,A,4.66,4.67,2.50,3.58,3.23,3.69,3.92,4.01,0.04,5.85,0.65,5.64,0.38,38.48,0.27,C3'-endo
19,17,0.16,C,C,C,0,1,0,0,0,(,"69,111",2,"cWW,cHW","cW-W,cM+W",5.15,3.01,1.00,1.35,3.87,5.00,5.15,3.37,BI,anti,.,4.54,4.67,2.99,3.86,3.14,3.93,3.55,4.81,6.23,5.91,0.63,5.60,0.47,39.29,0.41,C3'-endo
20,18,0.16,G,G,G,0,0,1,0,0,(,67,1,cWW,cW-W,5.42,2.89,0.77,1.38,3.59,4.46,5.41,3.44,BI,anti,A,4.50,4.64,2.87,3.85,3.22,3.79,4.42,4.16,0.07,5.82,0.67,5.64,0.36,39.21,0.23,C3'-endo
21,19,0.17,G,G,G,0,0,1,0,0,(,66,1,cWW,cW-W,2.57,4.03,3.00,1.38,4.60,4.39,0.22,3.07,..,anti,A,4.78,4.84,3.01,3.72,3.21,3.78,3.86,4.41,0.17,5.73,0.71,5.65,0.29,41.01,0.09,C3'-endo
22,20,0.18,C,C,C,0,1,0,0,0,(,65,1,cWW,cW-W,5.73,2.39,0.77,1.28,3.83,4.97,5.14,3.51,BI,anti,A,4.36,4.75,2.79,3.88,3.12,3.84,4.05,4.10,0.04,5.79,0.74,5.54,0.44,44.36,0.28,C3'-endo
23,21,0.19,G,G,G,0,0,1,0,0,(,64,1,cWW,cW-W,5.64,3.05,0.55,1.30,3.25,4.95,4.58,3.61,BI,anti,A,4.26,4.49,2.96,3.70,3.20,3.64,3.76,4.23,6.25,5.87,0.68,5.56,0.47,41.84,0.37,C3'-endo
24,22,0.20,U,U,U,0,0,0,1,0,(,63,1,cWW,cW-W,2.87,3.53,2.85,1.43,4.17,4.60,5.85,3.23,..,anti,A,4.75,4.83,2.88,3.51,3.10,3.56,3.96,3.97,0.20,5.72,0.69,5.69,0.24,39.55,0.03,C3'-endo
25,23,0.20,G,G,G,0,0,1,0,0,(,62,1,cWW,cW-W,5.65,2.77,0.68,1.45,4.03,3.53,0.51,3.75,..,anti,.,3.74,4.70,3.06,3.32,3.25,3.68,3.78,3.08,0.05,5.87,0.59,5.70,0.33,35.04,0.24,C3'-endo
26,24,0.21,G,G,G,0,0,1,0,0,.,"29,61",2,"tSW,cWW","tm+W,cW-W",0.59,1.91,0.19,2.52,4.02,2.10,1.92,4.92,..,anti,.,0.79,1.75,3.21,2.08,3.38,1.44,2.75,1.34,6.01,0.51,5.74,0.40,6.20,31.36,2.96,C2'-endo
27,25,0.22,A,A,A,1,0,0,0,0,.,,0,,,4.29,2.78,6.27,1.46,3.39,4.97,4.70,3.36,BI,anti,.,4.27,4.37,1.75,4.00,1.77,4.07,2.01,5.01,6.25,5.97,0.53,5.72,0.38,32.50,0.39,C3'-endo
28,26,0.23,A,A,A,1,0,0,0,0,.,,0,,,2.98,3.85,2.56,1.41,4.30,4.54,6.04,3.43,..,anti,.,4.34,4.74,2.83,4.34,3.27,4.07,4.47,4.80,0.07,5.84,0.64,5.66,0.35,37.65,0.23,C3'-endo
29,27,0.24,C,C,C,0,1,0,0,0,.,26,1,tWS,tW+m,2.23,3.84,3.14,1.40,4.46,4.81,5.94,3.40,..,anti,.,4.36,4.85,2.50,3.86,2.91,3.93,4.09,4.71,0.20,5.71,0.72,5.66,0.27,41.31,0.05,C3'-endo
30,28,0.25,C,C,C,0,1,0,0,0,(,58,1,cWW,cW-W,5.67,2.81,0.59,1.38,3.51,5.09,4.71,3.60,BI,anti,A,4.30,4.61,2.73,3.67,3.15,3.68,4.28,4.00,0.06,5.83,0.65,5.65,0.37,38.57,0.24,C3'-endo
31,29,0.25,A,A,A,1,0,0,0,0,(,57,1,cWW,cW-W,5.24,2.96,1.01,1.42,3.83,5.01,5.11,3.39,BI,anti,A,4.43,4.57,3.07,3.77,3.30,3.74,3.83,4.26,6.23,5.95,0.57,5.67,0.42,35.39,0.41,C3'-endo
32,30,0.26,C,C,C,0,1,0,0,0,(,"54,56",2,"c.W,cWW","c.-W,cW-W",4.80,2.54,1.55,1.36,3.47,5.81,3.94,3.00,BI,anti,.,4.41,4.58,2.76,4.36,3.17,4.29,4.12,5.04,0.04,5.82,0.69,5.60,0.40,40.83,0.27,C3'-endo
33,31,0.27,C,C,C,0,1,0,0,0,(,"53,55",2,"cWW,cSW","cW-W,cm-W",4.30,3.34,1.45,1.46,3.72,4.44,5.56,3.05,BI,anti,A,4.48,4.56,2.84,3.94,3.47,3.95,4.92,4.33,6.28,5.92,0.57,5.70,0.37,34.59,0.33,C3'-endo
34,32,0.28,C,C,C,0,1,0,0,0,(,52,1,cWW,cW-W,0.76,2.30,5.93,1.53,3.28,5.34,4.22,3.66,BI,anti,.,3.99,4.24,3.00,4.20,3.22,4.06,3.85,4.60,0.00,5.97,0.48,5.79,0.31,29.17,0.32,C3'-endo
35,33,0.29,G,G,G,0,0,1,0,0,(,"37,51",2,"cSH,cWW","cm+M,cW-W",2.58,3.18,3.07,1.46,4.03,4.79,5.52,3.36,BI,anti,.,4.44,4.60,2.72,3.39,3.03,3.65,3.87,4.19,6.28,5.94,0.54,5.73,0.35,32.41,0.33,C3'-endo
36,34,0.30,U,U,U,0,0,0,1,0,(,"38,50",2,"cSH,cWW","cm+M,cW-W",5.70,2.83,0.80,2.46,4.60,1.80,2.80,4.37,..,anti,.,1.00,1.02,3.45,2.18,3.95,1.92,4.45,1.83,5.85,0.62,5.72,0.33,0.07,35.57,2.71,C2'-endo
37,35,0.30,U,U,U,0,0,0,1,0,.,35,1,cHS,cM+m,3.07,3.86,0.91,1.41,3.51,5.39,4.40,3.67,BI,anti,.,4.08,4.48,2.23,3.91,2.00,4.01,1.99,4.76,6.25,5.93,0.58,5.66,0.41,36.01,0.37,C3'-endo
38,36,0.31,C,C,C,0,1,0,0,0,.,"36,51",2,"cHS,cWS","cM+m,cW-m",4.96,3.13,1.05,1.36,3.95,4.87,5.37,3.51,BI,anti,A,4.28,4.68,2.97,3.74,3.32,3.81,4.29,4.28,6.26,5.89,0.64,5.62,0.43,38.91,0.36,C3'-endo
39,37,0.32,C,C,C,0,1,0,0,0,.,50,1,cWS,cW-m,5.18,3.19,0.74,1.38,3.87,5.31,4.84,3.55,BI,anti,.,4.34,4.76,2.89,4.08,3.02,4.18,3.62,5.07,0.08,5.80,0.68,5.63,0.36,39.81,0.22,C3'-endo
40,38,0.33,C,C,C,0,1,0,0,0,(,46,1,cWW,cW-W,4.97,2.94,1.10,1.33,3.64,5.09,4.83,3.48,BI,anti,A,4.48,4.68,2.71,3.73,3.20,3.74,4.49,4.46,0.09,5.77,0.72,5.59,0.38,42.36,0.21,C3'-endo
41,39,0.34,A,A,A,1,0,0,0,0,.,48,1,cSW,cm-W,5.01,3.19,1.00,1.43,3.71,4.10,5.89,3.68,..,anti,.,4.13,4.71,2.94,3.16,3.15,3.26,4.13,3.27,0.15,5.76,0.68,5.67,0.30,39.36,0.11,C3'-endo
42,40,0.34,U,U,U,0,0,0,1,0,.,47,1,tSH,tm-M,5.86,2.10,1.48,1.48,3.17,1.25,1.92,3.93,..,anti,.,3.38,4.02,3.48,5.95,3.80,5.31,3.70,4.58,6.11,6.10,0.44,5.73,0.46,31.43,0.63,C4'-exo
43,41,0.35,U,U,U,0,0,0,1,0,.,,0,,,4.35,3.01,3.01,1.42,3.13,1.62,1.51,4.57,..,anti,.,1.52,4.21,4.95,5.87,5.67,5.45,0.19,5.49,6.20,5.98,0.55,5.67,0.44,35.30,0.46,C3'-endo
44,42,0.36,C,C,C,0,1,0,0,0,.,,0,,,0.57,3.23,3.46,1.38,4.29,4.34,6.23,3.49,..,anti,A,4.16,4.71,1.64,3.49,2.24,3.51,2.85,4.14,6.27,5.88,0.64,5.62,0.42,38.86,0.34,C3'-endo
45,43,0.37,C,C,C,0,1,0,0,0,.,,0,,,1.91,4.12,3.51,1.49,4.79,4.49,0.30,3.42,..,anti,.,3.92,4.55,3.04,4.23,3.22,4.20,3.96,4.49,0.06,5.89,0.56,5.74,0.31,33.10,0.23,C3'-endo
46,44,0.38,G,G,G,0,0,1,0,0,),"40,49",2,"cWW,tSW","cW-W,tm+W",0.85,2.52,1.38,1.55,4.69,2.92,1.77,4.41,BII,anti,.,0.57,3.78,4.80,2.26,5.28,1.61,5.23,1.26,6.02,6.23,0.32,5.80,0.47,28.42,0.87,C4'-exo
47,45,0.39,A,A,A,1,0,0,0,0,.,42,1,tHS,tM-m,6.17,3.86,2.85,1.54,4.32,5.12,5.49,2.68,..,anti,.,4.54,4.75,1.20,4.24,1.29,4.25,1.76,4.99,0.18,5.81,0.57,5.80,0.20,32.77,0.02,C3'-endo
48,46,0.39,A,A,A,1,0,0,0,0,.,41,1,cWS,cW-m,5.57,2.94,0.68,1.48,3.70,4.70,5.29,3.61,BI,anti,.,4.03,4.39,2.85,4.14,3.38,3.98,4.62,4.70,6.22,6.01,0.49,5.74,0.38,31.03,0.44,C3'-endo
49,47,0.40,C,C,C,0,1,0,0,0,.,46,1,tWS,tW+m,2.49,3.78,2.91,1.41,4.35,5.11,5.52,3.02,..,anti,.,4.74,4.72,2.62,4.08,2.95,4.11,4.02,4.83,0.03,5.87,0.62,5.66,0.37,36.99,0.28,C3'-endo
50,48,0.41,A,A,A,1,0,0,0,0,),"36,39",2,"cWW,cSW","cW-W,cm-W",5.48,2.99,0.62,1.29,3.72,4.65,5.36,3.39,BI,anti,A,4.51,4.65,2.68,3.35,3.14,3.46,4.30,4.09,6.25,5.86,0.70,5.55,0.48,42.74,0.37,C3'-endo
51,49,0.42,C,C,C,0,1,0,0,0,),"35,38",2,"cWW,cSW","cW-W,cm-W",5.57,2.70,0.83,1.39,3.54,4.94,4.89,3.82,BI,anti,A,3.82,4.61,2.97,3.60,3.18,3.57,3.92,3.82,0.13,5.76,0.70,5.64,0.33,40.77,0.15,C3'-endo
52,50,0.43,G,G,G,0,0,1,0,0,),34,1,cWW,cW-W,5.03,3.24,0.85,1.42,3.54,4.97,4.85,3.54,BI,anti,.,4.43,4.68,2.86,4.14,2.97,4.06,3.45,4.33,0.21,5.70,0.71,5.68,0.25,40.82,0.03,C3'-endo
53,51,0.43,G,G,G,0,0,1,0,0,),33,1,cWW,cW-W,2.76,3.60,3.16,1.50,4.15,4.31,6.13,3.20,..,anti,.,4.64,4.72,3.11,3.35,3.40,3.58,4.02,4.11,0.10,5.85,0.58,5.74,0.28,33.55,0.16,C3'-endo
54,52,0.44,A,A,A,1,0,0,0,0,.,"32,55",2,"cW.,cSH","cW-.,cm+M",6.02,2.04,1.28,1.61,3.61,4.27,5.63,3.78,BI,anti,.,3.29,3.62,3.32,3.09,3.85,2.56,4.46,2.32,5.91,0.09,0.20,5.87,0.50,28.07,1.15,C4'-exo
55,53,0.45,A,A,A,1,0,0,0,0,.,"33,54",2,"cWS,cHS","cW-m,cM+m",3.81,2.47,1.39,1.42,4.28,4.58,5.99,2.76,..,anti,A,4.72,4.82,2.08,3.81,2.02,3.82,2.08,4.22,0.13,5.78,0.67,5.67,0.31,38.62,0.14,C3'-endo
56,54,0.46,G,G,G,0,0,1,0,0,),32,1,cWW,cW-W,5.37,2.57,1.14,1.39,3.85,4.97,5.16,3.07,BI,anti,.,4.71,4.71,3.01,3.85,3.31,3.84,4.08,4.32,0.06,5.83,0.65,5.65,0.36,38.31,0.24,C3'-endo
57,55,0.47,U,U,U,0,0,0,1,0,),31,1,cWW,cW-W,5.26,3.24,0.75,1.43,3.64,5.05,4.87,3.03,BI,anti,.,4.55,4.67,2.98,3.55,3.18,3.62,3.98,3.27,0.12,5.79,0.66,5.68,0.30,38.18,0.14,C3'-endo
58,56,0.48,G,G,G,0,0,1,0,0,),"30,60",2,"cWW,cSH","cW-W,cm+M",4.63,2.33,2.39,2.54,4.60,1.88,2.72,3.78,..,anti,.,0.80,0.90,4.42,1.22,4.25,1.52,3.80,1.61,5.95,0.59,5.68,0.43,6.22,35.64,2.91,C2'-endo
59,57,0.48,A,A,A,1,0,0,0,0,.,,0,,,3.07,3.95,0.98,1.48,3.89,5.12,5.05,3.40,BI,anti,A,4.61,4.79,2.44,4.08,2.16,4.18,2.25,4.69,0.23,5.72,0.66,5.73,0.20,38.00,6.26,C2'-exo
60,58,0.49,A,A,A,1,0,0,0,0,.,58,1,cHS,cM+m,5.24,3.16,0.87,1.36,3.76,5.33,4.71,3.64,BI,anti,.,4.15,4.74,2.97,4.04,3.28,4.10,4.07,4.88,0.11,5.76,0.71,5.62,0.34,41.12,0.17,C3'-endo
61,59,0.50,A,A,A,1,0,0,0,0,.,26,1,cWW,cW-W,5.02,3.22,0.91,1.35,3.88,5.10,5.06,3.40,BI,anti,.,4.60,4.78,2.87,3.92,3.22,4.03,4.31,4.91,0.09,5.79,0.70,5.62,0.37,40.96,0.20,C3'-endo
62,60,0.51,C,C,C,0,1,0,0,0,),25,1,cWW,cW-W,5.28,2.70,1.03,1.37,3.88,4.81,5.35,3.23,BI,anti,A,4.76,4.77,2.85,3.74,3.29,3.73,4.59,4.00,0.12,5.76,0.71,5.63,0.33,40.91,0.15,C3'-endo
63,61,0.52,G,G,G,0,0,1,0,0,),24,1,cWW,cW-W,5.40,2.90,0.88,1.40,3.82,5.00,5.11,3.21,BI,anti,A,4.63,4.65,3.03,3.86,3.21,3.91,3.75,4.55,0.02,5.88,0.62,5.66,0.38,37.13,0.30,C3'-endo
64,62,0.52,C,C,C,0,1,0,0,0,),23,1,cWW,cW-W,5.35,3.09,0.75,1.44,3.25,5.25,4.28,3.82,BI,anti,.,3.87,4.41,2.91,4.11,3.23,3.93,4.14,4.23,0.04,5.87,0.61,5.68,0.35,35.94,0.26,C3'-endo
65,63,0.53,G,G,G,0,0,1,0,0,),22,1,cWW,cW-W,2.76,3.33,3.04,1.41,4.29,4.71,5.87,3.18,..,anti,A,4.58,4.65,2.95,3.42,3.19,3.53,3.80,4.24,6.25,5.93,0.58,5.67,0.41,35.90,0.37,C3'-endo
66,64,0.54,C,C,C,0,1,0,0,0,),21,1,cWW,cW-W,5.28,2.49,1.12,1.32,4.17,4.65,5.81,3.29,..,anti,A,4.57,4.67,2.86,3.70,3.16,3.70,4.04,4.09,6.17,5.96,0.62,5.58,0.52,39.93,0.49,C3'-endo
67,65,0.55,C,C,C,0,1,0,0,0,),20,1,cWW,cW-W,5.09,2.49,1.37,1.41,4.12,5.30,5.11,3.30,..,anti,.,4.26,4.45,3.00,4.28,3.21,4.38,3.81,4.95,6.14,6.03,0.53,5.66,0.48,35.52,0.55,C3'-endo
68,66,0.56,A,A,A,1,0,0,0,0,.,70,1,cSH,cm+M,5.33,3.69,0.98,2.60,4.52,2.13,2.40,5.03,..,anti,.,-0.00,1.04,3.70,2.41,4.27,1.99,4.78,2.04,6.01,0.56,5.66,0.48,6.15,35.68,3.03,C2'-endo
69,67,0.57,G,G,G,0,0,1,0,0,),"19,111",2,"cWW,tHW","cW-W,tM-W",2.98,3.32,0.96,1.40,3.92,4.92,5.29,3.25,BI,anti,A,4.75,4.79,1.94,3.81,1.75,3.91,2.06,4.42,0.09,5.80,0.66,5.66,0.34,38.66,0.19,C3'-endo
70,68,0.57,C,C,C,0,1,0,0,0,),"18,68",2,"cWW,cHS","cW-W,cM+m",5.27,2.80,1.06,1.38,3.75,5.15,4.88,3.42,BI,anti,.,4.57,4.71,2.95,3.93,3.28,3.90,4.06,4.71,0.06,5.82,0.67,5.63,0.37,39.33,0.24,C3'-endo
71,69,0.58,G,G,G,0,0,1,0,0,(,"15,110",2,"tSW,cWW","tm+W,cW-W",4.76,3.15,1.14,1.41,3.71,5.25,4.74,3.24,BI,anti,.,4.73,4.72,2.78,3.99,3.08,4.03,4.27,4.53,0.11,5.79,0.66,5.67,0.32,38.38,0.16,C3'-endo
72,70,0.59,C,C,C,0,1,0,0,0,(,109,1,cWW,cW-W,5.19,3.16,0.89,1.37,3.99,4.75,5.52,3.18,BI,anti,A,4.73,4.74,3.03,3.70,3.34,3.80,4.20,4.43,0.04,5.83,0.67,5.62,0.39,39.97,0.26,C3'-endo
73,71,0.60,C,C,C,0,1,0,0,0,(,108,1,cWW,cW-W,5.35,2.55,1.21,1.43,3.99,5.35,4.93,3.12,BI,anti,.,4.51,4.59,3.07,4.36,3.35,4.28,4.22,5.02,6.26,5.92,0.58,5.67,0.40,35.49,0.36,C3'-endo
74,72,0.61,G,G,G,0,0,1,0,0,.,107,1,tSH,tm-M,4.91,3.11,0.95,1.36,3.68,3.35,0.33,3.39,..,anti,.,4.35,4.48,2.63,2.62,3.10,2.48,4.34,2.46,6.16,5.99,0.58,5.62,0.50,38.00,0.51,C3'-endo
75,73,0.61,A,A,A,1,0,0,0,0,.,106,1,tHW,tM-W,1.47,4.58,3.77,1.41,4.32,5.08,5.52,2.92,..,anti,.,4.61,4.68,3.64,3.49,3.27,3.70,2.99,4.67,6.28,5.89,0.61,5.65,0.40,37.00,0.33,C3'-endo
76,74,0.62,U,U,U,0,0,0,1,0,.,105,1,tHW,tM-W,5.21,2.86,0.87,1.39,3.99,4.98,5.29,3.33,BI,anti,.,4.50,4.65,2.66,4.29,3.13,4.17,4.41,4.95,6.24,5.92,0.60,5.64,0.43,37.19,0.38,C3'-endo
77,75,0.63,G,G,G,0,0,1,0,0,.,104,1,...,....,1.11,3.48,4.77,1.68,3.92,5.38,4.83,3.80,BI,anti,.,3.77,4.69,3.03,3.65,3.27,3.92,4.40,4.70,0.29,5.79,0.50,5.94,0.04,29.32,6.03,C2'-exo
78,76,0.64,G,G,G,0,0,1,0,0,.,103,1,tWH,tW-M,5.08,2.94,0.99,1.32,3.17,5.03,4.42,3.64,BI,anti,A,4.22,4.44,2.67,3.83,3.30,3.70,4.33,4.30,6.28,5.85,0.69,5.57,0.45,41.83,0.33,C3'-endo
79,77,0.65,U,U,U,0,0,0,1,0,.,102,1,tWH,tW-M,3.08,3.61,2.63,1.35,4.01,4.75,5.55,3.34,BI,anti,A,4.59,4.78,2.83,3.56,3.12,3.59,4.09,4.00,0.16,5.73,0.73,5.63,0.32,42.10,0.12,C3'-endo
80,78,0.66,A,A,A,1,0,0,0,0,.,101,1,tHS,tM-m,5.49,2.89,0.92,1.39,3.91,5.34,4.85,3.45,BI,anti,.,4.46,4.74,3.13,4.23,3.32,4.29,3.91,5.15,0.12,5.77,0.69,5.64,0.32,40.21,0.15,C3'-endo
81,79,0.66,C,C,C,0,1,0,0,0,(,100,1,cWW,cW-W,5.04,3.08,1.01,1.40,3.93,4.96,5.24,3.51,BI,anti,.,4.41,4.79,2.85,3.91,3.32,3.98,4.60,4.27,0.12,5.76,0.70,5.64,0.33,40.47,0.15,C3'-endo
82,80,0.67,U,U,U,0,0,0,1,0,(,99,1,cWW,cW-W,5.34,2.59,1.39,1.40,4.09,4.23,6.14,3.07,..,anti,.,4.58,4.54,3.25,3.53,3.60,3.27,4.20,3.51,6.13,6.03,0.53,5.66,0.49,35.54,0.56,C3'-endo
83,81,0.68,G,G,G,0,0,1,0,0,.,98,1,tWW,tW+W,0.85,3.54,4.83,1.44,3.87,5.75,4.40,0.22,..,syn,.,-4.54,4.62,2.98,3.80,2.80,4.08,3.17,4.41,6.27,5.92,0.58,5.68,0.39,35.37,0.35,C3'-endo
84,82,0.69,G,G,G,0,0,1,0,0,(,97,1,cWW,cW-W,4.35,3.12,1.31,1.31,3.65,5.22,4.71,3.24,BI,anti,A,4.71,4.71,2.42,3.83,3.13,3.85,3.78,4.51,0.11,5.72,0.78,5.55,0.39,45.25,0.18,C3'-endo
85,83,0.70,G,G,G,0,0,1,0,0,(,96,1,cWW,cW-W,5.01,3.38,0.90,1.39,3.67,5.06,4.89,3.44,BI,anti,A,4.50,4.68,2.95,3.72,3.18,3.79,4.15,3.96,0.13,5.77,0.69,5.65,0.32,39.91,0.14,C3'-endo
86,84,0.70,C,C,C,0,1,0,0,0,(,95,1,cWW,cW-W,5.14,3.11,1.11,1.36,3.37,4.85,4.80,3.62,BI,anti,.,4.20,4.46,3.06,3.88,3.30,3.68,3.66,3.92,6.21,5.93,0.62,5.60,0.47,39.03,0.43,C3'-endo
87,85,0.71,G,G,G,0,0,1,0,0,(,94,1,cWW,cW-W,2.45,3.61,3.32,1.41,3.75,5.02,5.01,2.93,BI,anti,A,4.56,4.70,2.95,3.28,3.14,3.41,3.75,3.85,0.07,5.83,0.64,5.66,0.35,37.73,0.22,C3'-endo
88,86,0.72,G,G,G,0,0,1,0,0,(,93,1,cWW,cW-W,4.80,3.39,1.10,1.39,3.47,5.16,4.59,3.39,BI,anti,A,4.53,4.56,2.93,3.71,3.12,3.73,3.70,4.26,0.00,5.88,0.63,5.64,0.41,38.13,0.32,C3'-endo
89,87,0.73,G,G,G,0,0,1,0,0,.,,0,,,4.96,3.17,1.02,1.39,3.81,0.38,3.43,3.31,..,anti,.,4.65,4.72,2.94,5.40,3.16,5.28,3.96,4.57,0.13,5.76,0.70,5.64,0.32,40.51,0.15,C3'-endo
90,88,0.74,C,C,C,0,1,0,0,0,.,,0,,,4.60,3.69,2.13,1.67,5.59,3.53,2.07,4.02,..,anti,.,1.45,4.45,4.77,5.57,5.53,5.13,0.02,5.35,0.37,5.70,0.57,5.91,0.01,34.41,5.97,C2'-exo
91,89,0.75,G,G,G,0,0,1,0,0,.,,0,,,2.66,4.71,2.44,1.69,3.94,3.75,0.19,3.20,..,anti,.,3.21,3.43,1.88,4.02,2.92,4.05,3.40,4.66,5.90,0.15,0.11,5.95,0.45,25.14,1.32,O4'-endo
92,89A,0.75,A,A,A,1,0,0,0,0,.,,0,,,3.35,4.53,2.26,1.37,4.23,4.91,5.61,5.03,..,anti,.,-1.96,4.71,3.19,5.01,3.15,4.86,3.75,5.03,6.26,5.89,0.63,5.63,0.43,38.30,0.36,C3'-endo
93,90,0.76,C,C,C,0,1,0,0,0,),88,1,cWW,cW-W,2.26,4.15,3.36,1.42,3.45,5.18,4.55,3.56,BI,anti,.,4.41,4.62,2.88,3.32,3.66,3.31,4.39,3.74,0.17,5.74,0.69,5.67,0.28,39.66,0.09,C3'-endo
94,91,0.77,C,C,C,0,1,0,0,0,),87,1,cWW,cW-W,4.65,3.35,1.33,1.41,3.74,4.82,5.20,3.34,BI,anti,A,4.70,4.77,3.04,3.66,3.24,3.68,3.87,3.87,0.18,5.73,0.69,5.67,0.28,39.81,0.08,C3'-endo
95,92,0.78,G,G,G,0,0,1,0,0,),86,1,cWW,cW-W,5.47,2.92,0.87,1.40,3.51,5.14,4.66,3.31,BI,anti,.,4.61,4.61,3.06,3.73,3.27,3.72,3.71,3.97,0.07,5.83,0.65,5.65,0.36,38.48,0.23,C3'-endo
96,93,0.79,C,C,C,0,1,0,0,0,),85,1,cWW,cW-W,5.06,3.26,0.97,1.37,3.53,5.16,4.66,3.25,BI,anti,A,4.59,4.58,3.02,3.71,3.20,3.74,3.71,4.29,6.27,5.88,0.64,5.62,0.42,38.99,0.34,C3'-endo
97,94,0.80,C,C,C,0,1,0,0,0,),84,1,cWW,cW-W,5.25,3.19,0.80,1.32,3.98,4.87,5.39,3.26,BI,anti,A,4.72,4.77,3.04,3.64,3.22,3.68,4.00,3.99,0.03,5.82,0.70,5.58,0.42,41.64,0.29,C3'-endo
98,95,0.80,U,U,U,0,0,0,1,0,.,83,1,tWW,tW+W,4.89,2.59,1.35,1.29,4.07,4.78,5.58,3.18,..,anti,A,4.73,4.77,2.76,3.73,2.99,3.70,3.53,4.40,0.07,5.77,0.75,5.55,0.41,44.23,0.24,C3'-endo
99,96,0.81,G,G,G,0,0,1,0,0,),82,1,cWW,cW-W,5.11,2.92,0.95,1.30,3.68,5.18,4.78,3.33,BI,anti,.,4.62,4.70,2.72,3.81,2.92,3.82,3.98,4.12,0.17,5.67,0.80,5.56,0.35,46.41,0.12,C3'-endo
100,97,0.82,G,G,G,0,0,1,0,0,),"0,81",2,"cSS,cWW","cm-m,cW-W",4.98,3.14,1.25,1.36,3.84,5.26,4.87,3.31,BI,anti,.,4.57,4.64,3.10,4.03,3.32,4.10,3.89,4.99,6.24,5.90,0.64,5.60,0.46,39.58,0.39,C3'-endo
101,98,0.83,G,G,G,0,0,1,0,0,.,80,1,tSH,tm-M,4.83,2.92,1.39,1.45,3.89,5.03,5.15,3.29,BI,anti,.,4.50,4.59,2.94,3.25,3.39,2.81,4.65,2.55,6.25,5.95,0.56,5.69,0.39,34.25,0.38,C3'-endo
102,99,0.84,A,A,A,1,0,0,0,0,.,79,1,tHW,tM-W,4.74,0.81,3.63,1.51,3.62,5.69,4.21,3.16,BI,anti,.,4.46,4.57,3.91,2.94,3.35,3.43,2.94,4.61,0.13,5.84,0.58,5.76,0.25,33.23,0.11,C3'-endo
103,100,0.84,G,G,G,0,0,1,0,0,.,78,1,tHW,tM-W,4.63,3.56,0.74,1.41,3.30,4.89,4.69,3.67,BI,anti,A,4.17,4.50,2.57,3.95,3.07,3.98,4.47,4.50,0.08,5.82,0.65,5.66,0.34,38.00,0.21,C3'-endo
104,101,0.85,A,A,A,1,0,0,0,0,.,77,1,...,....,2.67,4.01,2.85,1.35,4.27,5.08,5.47,3.03,..,anti,.,4.73,4.75,2.89,4.07,3.31,4.04,4.19,5.02,0.04,5.83,0.67,5.61,0.39,40.01,0.27,C3'-endo
105,102,0.86,G,G,G,0,0,1,0,0,.,76,1,tWH,tW-M,5.01,2.97,1.04,1.38,3.72,5.08,4.92,3.40,BI,anti,A,4.58,4.73,2.63,3.82,3.10,3.79,4.59,3.89,0.18,5.70,0.75,5.62,0.30,43.17,0.09,C3'-endo
106,103,0.87,U,U,U,0,0,0,1,0,.,75,1,tWH,tW-M,5.02,3.17,1.06,1.30,3.49,5.32,4.45,3.53,BI,anti,.,4.41,4.62,2.92,3.77,3.13,3.81,3.52,4.42,6.28,5.83,0.71,5.56,0.46,42.83,0.33,C3'-endo
107,104,0.88,A,A,A,1,0,0,0,0,.,74,1,tHS,tM-m,4.90,3.45,0.99,1.34,3.79,5.51,4.57,3.60,BI,anti,.,4.25,4.75,3.04,4.12,3.23,4.23,4.03,4.88,0.03,5.83,0.69,5.59,0.42,41.10,0.29,C3'-endo
108,105,0.89,G,G,G,0,0,1,0,0,),73,1,cWW,cW-W,4.59,2.61,1.81,1.37,4.13,4.71,5.70,3.01,..,anti,A,4.84,4.82,2.94,3.67,3.49,3.70,4.65,4.29,0.14,5.74,0.73,5.62,0.33,41.98,0.14,C3'-endo
109,106,0.89,G,G,G,0,0,1,0,0,),72,1,cWW,cW-W,5.49,2.78,0.87,1.39,3.85,5.01,5.12,3.17,BI,anti,.,4.76,4.77,2.98,3.94,3.24,3.97,4.16,4.18,0.16,5.73,0.72,5.64,0.31,41.61,0.11,C3'-endo
110,107,0.90,U,U,U,0,0,0,1,0,),71,1,cWW,cW-W,5.52,3.03,0.95,1.44,3.85,4.91,5.23,3.61,BI,anti,.,3.97,4.36,3.29,3.82,3.54,3.80,3.98,3.80,6.10,6.09,0.47,5.69,0.49,33.64,0.63,C4'-exo
111,108,0.91,C,C,C,0,1,0,0,0,.,"19,69",2,"cWH,tWH","cW+M,tW-M",3.48,2.56,3.03,2.43,4.67,1.26,3.41,4.20,..,anti,.,0.80,1.16,3.97,0.46,3.79,0.78,3.67,1.38,5.93,0.53,5.78,0.31,0.02,30.77,2.77,C2'-endo
112,109,0.92,G,G,G,0,0,1,0,0,.,,0,,,3.24,3.05,3.07,1.48,3.85,5.04,5.09,3.34,BI,anti,A,4.62,4.71,3.93,3.37,3.89,3.49,3.89,4.06,0.14,5.81,0.61,5.73,0.26,35.42,0.11,C3'-endo
113,110,0.93,G,G,G,0,0,1,0,0,),12,1,cWW,cW-W,5.39,2.99,0.68,1.39,3.84,4.91,5.22,3.32,BI,anti,A,4.61,4.69,2.87,3.76,3.16,3.84,3.94,4.49,0.03,5.85,0.64,5.64,0.38,38.40,0.28,C3'-endo
114,111,0.93,U,U,U,0,0,0,1,0,),11,1,cWW,cW-W,5.35,2.70,1.06,1.39,3.41,4.80,4.89,3.17,BI,anti,.,4.40,4.47,2.92,3.37,3.29,3.32,4.28,3.25,6.24,5.92,0.61,5.63,0.44,37.85,0.38,C3'-endo
115,112,0.94,G,G,G,0,0,1,0,0,),10,1,cWW,cW-W,5.05,3.29,0.88,1.38,3.65,5.13,4.80,3.40,BI,anti,A,4.54,4.65,3.00,3.77,2.98,3.86,3.02,4.53,0.05,5.83,0.67,5.63,0.38,39.58,0.25,C3'-endo
116,113,0.95,C,C,C,0,1,0,0,0,),9,1,cWW,cW-W,5.00,3.06,1.14,1.43,3.78,4.81,5.24,3.39,BI,anti,A,4.48,4.62,3.00,3.66,3.29,3.64,4.20,3.88,0.01,5.88,0.62,5.66,0.38,36.93,0.30,C3'-endo
117,114,0.96,G,G,G,0,0,1,0,0,),8,1,cWW,cW-W,5.18,2.94,0.86,1.33,3.23,4.75,4.77,3.40,BI,anti,A,4.44,4.48,2.79,3.83,3.00,3.81,3.53,4.34,0.01,5.83,0.70,5.57,0.44,42.12,0.31,C3'-endo
118,115,0.97,G,G,G,0,0,1,0,0,),7,1,cWW,cW-W,2.92,4.08,2.71,1.36,4.33,4.49,6.12,3.09,..,anti,A,4.71,4.78,3.02,3.63,3.32,3.59,4.18,3.94,0.06,5.82,0.68,5.61,0.38,40.22,0.25,C3'-endo
119,116,0.98,G,G,G,0,0,1,0,0,),6,1,cWW,cW-W,5.28,2.81,0.74,1.32,3.74,4.99,5.03,3.46,BI,anti,A,4.48,4.74,2.72,3.70,2.86,3.75,3.49,4.24,0.16,5.69,0.79,5.57,0.35,45.62,0.13,C3'-endo
120,117,0.98,G,G,G,0,0,1,0,0,),5,1,cWW,cW-W,5.13,2.80,1.19,1.36,3.83,4.99,5.12,3.26,BI,anti,.,4.71,4.75,2.94,3.82,3.23,3.77,4.08,3.95,0.21,5.67,0.77,5.61,0.29,44.45,0.06,C3'-endo
121,118,0.99,G,G,G,0,0,1,0,0,),4,1,cWW,cW-W,4.86,3.09,1.31,1.29,3.75,5.13,4.90,3.44,BI,anti,A,4.52,4.74,2.96,3.79,3.13,3.82,3.62,4.35,0.05,5.78,0.74,5.56,0.43,43.62,0.26,C3'-endo
122,119,1.00,A,A,A,1,0,0,0,0,),3,1,cWW,cW-W,5.15,3.21,0.96,1.40,,,,3.63,n/a,anti,-,,,,,,,,,0.01,5.87,0.63,5.64,0.40,37.87,0.31,C3'-endo
