index_chain,old_nt_resnum,nt_position,nt_name,nt_code,nt_align_code,is_A,is_C,is_G,is_U,is_other,dbn,paired,nb_interact,pair_type_LW,pair_type_DSSR,alpha,beta,gamma,delta,epsilon,zeta,epsilon_zeta,chi,bb_type,glyco_bond,form,ssZp,Dp,eta,theta,eta_prime,theta_prime,eta_base,theta_base,v0,v1,v2,v3,v4,amplitude,phase_angle,puckering
1,1,0.01,A,A,A,1,0,0,0,0,.,0,1,cH.,cM+.,,3.08,1.29,1.53,0.06,3.64,2.70,3.27,..,anti,.,3.20,3.57,,5.36,,4.94,,5.03,0.19,5.79,0.60,5.78,0.21,34.25,0.02,C3'-endo
2,2,0.01,G,G,G,0,0,1,0,0,.,,0,,,0.72,3.75,5.85,1.73,0.96,4.07,3.18,3.97,..,anti,.,1.67,1.81,4.26,0.84,4.92,0.73,4.90,1.17,6.19,6.15,0.30,5.92,0.29,20.49,0.58,C3'-endo
3,3,0.02,A,A,A,1,0,0,0,0,.,,0,,,2.47,3.05,3.51,1.51,0.26,3.51,3.02,2.63,..,anti,.,3.39,3.47,3.14,5.13,2.89,5.34,2.97,5.78,0.24,5.74,0.63,5.77,0.18,36.07,6.24,C2'-exo
4,4,0.03,A,A,A,1,0,0,0,0,.,,0,,,0.33,2.54,0.19,1.47,3.79,5.11,4.95,3.28,BI,anti,A,4.68,4.70,2.77,3.91,3.28,3.94,3.81,4.30,0.18,5.77,0.64,5.73,0.24,36.54,0.05,C3'-endo
5,5,0.03,A,A,A,1,0,0,0,0,.,0,1,cWS,cW-m,4.57,2.85,1.66,1.46,4.03,4.63,5.68,3.06,..,anti,A,4.62,4.65,2.95,3.82,3.25,3.85,3.93,4.48,0.03,5.89,0.59,5.70,0.35,34.94,0.27,C3'-endo
6,6,0.04,A,A,A,1,0,0,0,0,.,,0,,,6.02,2.66,0.34,1.43,3.35,4.82,4.81,3.56,BI,anti,.,4.37,4.51,2.88,4.08,3.23,4.08,4.21,4.87,0.09,5.81,0.65,5.67,0.33,37.86,0.19,C3'-endo
7,7,0.05,U,U,U,0,0,0,1,0,(,0,1,cWW,cW-W,3.03,4.12,2.40,1.34,4.32,4.51,6.09,3.12,..,anti,A,4.69,4.70,2.82,3.90,3.20,3.87,4.32,4.52,6.26,5.89,0.65,5.60,0.44,39.59,0.35,C3'-endo
8,8,0.05,U,U,U,0,0,0,1,0,(,0,1,cWW,cW-W,5.79,2.72,0.43,1.40,3.56,5.37,4.48,3.29,BI,anti,.,4.59,4.61,2.81,3.99,3.05,4.04,4.07,4.75,0.10,5.80,0.66,5.65,0.34,38.67,0.19,C3'-endo
9,9,0.06,U,U,U,0,0,0,1,0,(,0,1,cWW,cW-W,4.73,3.33,1.18,1.41,3.35,4.89,4.75,3.84,BI,anti,.,3.81,4.44,2.89,3.36,3.28,3.35,4.29,3.39,0.00,5.88,0.62,5.65,0.40,37.27,0.32,C3'-endo
10,10,0.06,U,U,U,0,0,0,1,0,(,0,1,cWW,cW-W,4.96,3.36,0.87,1.40,3.57,5.09,4.76,3.77,BI,anti,A,3.95,4.63,2.95,3.69,2.94,3.75,3.06,4.24,0.06,5.83,0.65,5.65,0.36,38.28,0.23,C3'-endo
11,11,0.07,C,C,C,0,1,0,0,0,(,0,1,cWW,cW-W,5.12,3.17,0.80,1.44,3.54,4.94,4.88,3.53,BI,anti,A,4.36,4.57,2.87,3.58,3.10,3.62,3.79,3.94,0.08,5.85,0.62,5.70,0.32,36.08,0.21,C3'-endo
12,12,0.08,A,A,A,1,0,0,0,0,(,0,1,cWW,cW-W,5.10,3.03,1.06,1.50,3.59,4.90,4.97,3.57,BI,anti,A,4.26,4.50,3.01,3.67,3.20,3.64,3.69,4.07,0.03,5.93,0.53,5.76,0.31,31.23,0.27,C3'-endo
13,13,0.08,A,A,A,1,0,0,0,0,(,0,1,cWW,cW-W,5.23,3.05,0.79,1.47,3.75,4.97,5.06,3.54,BI,anti,A,4.34,4.66,2.93,3.77,3.11,3.78,3.76,4.28,0.11,5.82,0.62,5.71,0.29,35.76,0.16,C3'-endo
14,14,0.09,C,C,C,0,1,0,0,0,(,0,1,cWW,cW-W,5.07,2.87,1.06,1.39,3.78,5.00,5.06,3.35,BI,anti,A,4.64,4.73,2.85,3.78,3.10,3.78,3.90,4.18,0.10,5.79,0.68,5.64,0.35,39.79,0.19,C3'-endo
15,15,0.10,G,G,G,0,0,1,0,0,(,0,1,cWW,cW-W,5.06,2.86,1.19,1.40,3.78,5.12,4.94,3.32,BI,anti,.,4.55,4.65,2.94,3.91,3.23,3.87,3.97,4.12,0.06,5.82,0.67,5.63,0.37,39.50,0.23,C3'-endo
16,16,0.10,G,G,G,0,0,1,0,0,(,0,1,cWW,cW-W,5.05,3.14,1.06,1.32,3.21,5.27,4.22,3.41,BI,anti,A,4.32,4.36,2.92,3.88,3.22,3.81,3.81,4.66,6.18,5.95,0.61,5.60,0.50,39.23,0.47,C3'-endo
17,17,0.11,U,U,U,0,0,0,1,0,.,0,1,tWH,tW-M,3.41,3.44,2.22,1.38,4.50,4.71,6.07,3.23,..,anti,.,4.55,4.73,2.87,3.98,3.16,4.06,4.30,5.07,0.04,5.83,0.67,5.62,0.39,39.84,0.26,C3'-endo
18,18,0.12,G,G,G,0,0,1,0,0,.,0,1,tSH,tm-M,5.40,2.41,1.11,1.45,4.11,4.56,5.84,3.44,..,anti,.,4.33,4.61,2.85,3.82,3.30,3.96,4.62,4.65,6.25,5.95,0.55,5.69,0.39,34.00,0.39,C3'-endo
19,19,0.12,G,G,G,0,0,1,0,0,.,0,1,tSH,tm-M,5.50,2.60,1.22,2.67,3.69,2.85,0.84,4.59,..,anti,.,1.79,1.84,3.00,2.88,3.88,2.25,4.61,2.81,5.92,0.66,5.60,0.49,6.20,39.98,2.93,C2'-endo
20,20,0.13,A,A,A,1,0,0,0,0,.,0,1,tHS,tM-m,5.05,2.54,0.84,1.39,3.80,5.21,4.88,3.17,BI,anti,.,4.67,4.70,3.03,4.09,2.85,4.09,3.30,4.83,0.06,5.82,0.66,5.63,0.37,38.95,0.24,C3'-endo
21,21,0.14,U,U,U,0,0,0,1,0,.,0,1,cWW,cW-W,5.03,3.07,1.07,1.46,3.79,5.05,5.02,3.32,BI,anti,A,4.55,4.65,2.92,3.90,3.31,3.93,4.49,4.51,0.08,5.85,0.59,5.72,0.30,34.69,0.19,C3'-endo
22,22,0.14,A,A,A,1,0,0,0,0,(,0,1,cWW,cW-W,5.26,3.16,0.74,1.52,3.72,4.96,5.05,3.78,BI,anti,A,3.85,4.57,2.95,3.83,3.22,3.85,4.04,4.27,0.08,5.90,0.52,5.79,0.26,30.47,0.18,C3'-endo
23,23,0.15,U,U,U,0,0,0,1,0,(,0,1,cWW,cW-W,5.46,2.83,0.70,1.39,3.33,5.13,4.48,3.53,BI,anti,.,4.29,4.39,2.82,4.01,3.15,3.91,3.85,4.36,6.22,5.97,0.56,5.67,0.43,35.18,0.43,C3'-endo
24,24,0.16,C,C,C,0,1,0,0,0,(,0,1,cWW,cW-W,3.05,3.40,2.93,1.52,3.72,5.33,4.67,3.47,BI,anti,B,4.02,4.21,3.11,3.76,3.39,3.87,4.09,4.31,6.15,6.10,0.41,5.79,0.40,28.13,0.60,C3'-endo
25,25,0.16,U,U,U,0,0,0,1,0,.,0,1,tWH,tW-M,4.77,3.67,0.77,2.22,0.07,2.59,3.76,4.44,..,anti,.,0.31,0.08,3.31,4.77,3.86,3.40,4.29,2.51,5.96,0.39,5.98,0.12,0.13,21.86,2.48,C1'-exo
26,26,0.17,A,A,A,1,0,0,0,0,.,,0,,,0.57,2.70,1.29,2.71,4.41,5.21,5.48,4.00,..,anti,.,0.89,0.87,5.52,6.10,0.87,5.43,1.55,5.91,5.97,0.62,5.60,0.52,6.15,39.47,3.01,C2'-endo
27,27,0.18,G,G,G,0,0,1,0,0,(,"0,0",2,"cWW,tSS","cW-W,tm+m",1.25,2.80,5.11,1.62,3.40,5.48,4.20,3.51,BI,anti,A,4.49,4.63,2.80,3.63,3.53,3.77,3.95,4.34,0.41,5.62,0.65,5.85,0.02,39.02,5.98,C2'-exo
28,28,0.18,G,G,G,0,0,1,0,0,(,0,1,cWW,cW-W,3.86,2.99,2.10,1.50,4.26,4.80,5.75,2.98,..,anti,A,4.84,4.84,2.95,3.92,3.33,3.95,4.12,4.66,0.23,5.72,0.66,5.74,0.20,37.65,6.26,C2'-exo
29,29,0.19,U,U,U,0,0,0,1,0,(,0,1,cWW,cW-W,5.60,2.78,0.68,1.42,3.84,4.81,5.32,3.23,BI,anti,A,4.67,4.70,2.88,3.72,3.24,3.75,4.35,4.14,0.08,5.83,0.64,5.67,0.34,37.46,0.21,C3'-endo
30,30,0.19,U,U,U,0,0,0,1,0,(,0,1,cWW,cW-W,5.32,2.86,0.87,1.44,3.28,5.24,4.32,3.57,BI,anti,A,4.31,4.48,2.86,3.74,3.14,3.68,3.83,3.98,0.10,5.81,0.64,5.68,0.32,37.19,0.18,C3'-endo
31,31,0.20,C,C,C,0,1,0,0,0,(,"0,0",2,"cWW,cSW","cW-W,cm-W",4.58,3.34,1.18,1.40,3.74,4.75,5.27,3.59,BI,anti,A,4.25,4.67,2.87,3.58,3.07,3.63,3.65,4.03,0.09,5.79,0.69,5.63,0.35,40.30,0.20,C3'-endo
32,32,0.21,C,C,C,0,1,0,0,0,(,0,1,cWW,cW-W,5.45,2.94,0.68,1.47,3.64,4.95,4.97,3.57,BI,anti,A,4.33,4.65,2.93,3.71,3.09,3.72,3.66,4.10,0.13,5.81,0.62,5.72,0.27,35.67,0.11,C3'-endo
33,33,0.21,C,C,C,0,1,0,0,0,(,0,1,cWW,cW-W,5.10,2.91,1.08,1.40,3.80,4.55,5.53,3.09,BI,anti,.,4.70,4.71,2.95,3.72,3.16,3.71,3.82,3.89,0.04,5.85,0.64,5.65,0.37,37.97,0.26,C3'-endo
34,34,0.22,G,G,G,0,0,1,0,0,(,0,1,cWW,cW-W,0.15,2.83,6.24,1.43,3.33,5.16,4.45,3.60,BI,anti,A,4.28,4.49,3.10,3.80,3.24,3.78,3.60,4.35,0.09,5.82,0.64,5.68,0.32,37.15,0.19,C3'-endo
35,35,0.23,U,U,U,0,0,0,1,0,(,"37,0",2,"tSH,cWW","tm+M,cW-W",3.29,3.27,2.41,1.44,4.62,5.44,5.47,3.14,..,anti,.,4.78,4.88,2.87,4.06,3.09,3.91,3.88,4.12,0.22,5.72,0.69,5.70,0.23,39.39,0.01,C3'-endo
36,36,0.23,G,G,G,0,0,1,0,0,(,0,1,cWW,cW-W,4.54,1.14,3.25,2.49,4.59,2.85,1.75,3.45,BII,anti,.,2.22,2.41,4.03,2.12,3.95,2.13,4.26,1.46,0.07,0.18,5.95,0.39,6.00,21.98,3.64,C3'-exo
37,37,0.24,A,A,A,1,0,0,0,0,.,"35,0",2,"tHS,cWS","tM+m,cW-m",1.94,4.43,1.21,1.64,0.51,1.91,4.88,3.53,..,anti,.,2.24,2.04,1.97,3.68,2.12,3.67,1.76,4.14,6.15,6.13,0.35,5.85,0.36,24.83,0.62,C3'-endo
38,38,0.25,C,C,C,0,1,0,0,0,(,0,1,cWW,cW-W,4.24,3.68,1.35,1.38,3.70,5.17,4.81,3.54,BI,anti,A,4.38,4.68,4.33,3.92,4.35,3.94,4.27,4.60,0.05,5.85,0.64,5.65,0.37,37.96,0.26,C3'-endo
39,39,0.25,G,G,G,0,0,1,0,0,.,40,1,cSW,cm-W,5.16,3.29,0.74,1.43,3.51,3.92,5.87,3.36,..,anti,.,4.63,4.66,2.89,3.02,3.15,3.08,4.11,2.39,0.16,5.75,0.67,5.68,0.28,38.79,0.09,C3'-endo
40,40,0.26,A,A,A,1,0,0,0,0,.,"39,107",2,"cWS,cHW","cW-m,cM+W",1.01,2.74,5.16,2.59,4.40,1.19,3.21,1.19,..,syn,.,-1.13,1.12,3.34,1.28,3.10,0.65,2.29,5.92,5.90,0.64,5.65,0.43,6.25,37.63,2.86,C2'-endo
41,41,0.27,U,U,U,0,0,0,1,0,.,,0,,,1.46,2.92,0.91,2.57,4.67,5.78,5.18,4.12,..,anti,.,0.75,0.74,0.03,6.17,0.48,5.95,1.29,0.06,5.92,0.62,5.66,0.43,6.24,36.90,2.88,C2'-endo
42,42,0.27,G,G,G,0,0,1,0,0,.,"105,107",2,"tSH,tWW","tm-M,tW+W",4.81,4.06,0.94,2.58,3.89,2.01,1.88,4.46,..,anti,.,1.67,1.80,2.92,2.11,3.72,1.94,3.66,2.47,6.00,0.55,5.69,0.44,6.19,34.32,2.98,C2'-endo
43,43,0.28,A,A,A,1,0,0,0,0,.,"106,0",2,"tHH,tSS","tM+M,tm+m",5.76,2.84,6.05,1.36,1.88,0.88,1.00,3.59,..,anti,A,3.89,4.05,3.24,4.07,3.22,4.03,3.39,4.50,0.35,5.57,0.80,5.66,0.17,45.88,6.17,C2'-exo
44,44,0.29,A,A,A,1,0,0,0,0,.,104,1,tHS,tM-m,3.32,3.01,1.53,1.39,4.26,5.25,5.29,3.44,..,anti,.,4.38,4.82,2.70,4.31,3.13,4.29,3.90,4.97,0.11,5.78,0.69,5.63,0.34,40.25,0.17,C3'-endo
45,45,0.29,G,G,G,0,0,1,0,0,(,103,1,cWW,cW-W,4.66,2.77,1.53,1.30,3.82,4.90,5.20,3.12,BI,anti,.,4.80,4.74,2.63,3.70,3.16,3.69,4.35,4.13,0.01,5.84,0.70,5.58,0.44,41.93,0.31,C3'-endo
46,46,0.30,A,A,A,1,0,0,0,0,(,102,1,cWW,cW-W,5.73,2.94,0.64,1.38,3.51,5.14,4.66,3.22,BI,anti,A,4.59,4.57,3.08,3.69,3.33,3.74,4.08,4.28,6.26,5.89,0.63,5.62,0.43,38.45,0.35,C3'-endo
47,47,0.31,A,A,A,1,0,0,0,0,(,101,1,cWW,cW-W,4.54,3.11,1.48,1.37,4.14,4.61,5.82,3.19,..,anti,A,4.69,4.76,2.98,3.77,3.19,3.81,3.96,4.52,0.05,5.82,0.70,5.59,0.40,41.27,0.26,C3'-endo
48,48,0.31,C,C,C,0,1,0,0,0,(,61,1,cWW,cW-W,5.65,2.67,0.71,1.38,3.17,4.98,4.47,3.56,BI,anti,A,4.28,4.43,2.84,3.97,3.17,3.84,4.22,4.14,0.07,5.81,0.68,5.63,0.36,39.87,0.22,C3'-endo
49,49,0.32,G,G,G,0,0,1,0,0,(,"60,64",2,"cWW,tSS","cW-W,tm+m",2.82,3.80,2.98,1.45,3.94,5.03,5.19,3.12,BI,anti,A,4.57,4.62,3.11,3.69,3.42,3.71,4.11,4.33,0.01,5.92,0.56,5.71,0.36,33.89,0.31,C3'-endo
50,50,0.32,C,C,C,0,1,0,0,0,(,59,1,cWW,cW-W,5.39,3.15,0.62,1.48,3.85,4.43,5.71,3.65,BI,anti,.,4.03,4.59,2.95,3.88,3.23,3.99,4.08,4.00,0.01,5.94,0.53,5.74,0.33,31.79,0.30,C3'-endo
51,51,0.33,A,A,A,1,0,0,0,0,.,,0,,,1.56,2.86,5.16,2.72,4.44,4.76,5.97,4.78,..,anti,.,-0.02,1.18,3.83,5.19,3.95,4.24,3.77,3.76,6.18,0.45,5.69,0.55,6.00,34.60,3.30,C3'-exo
52,52,0.34,G,G,G,0,0,1,0,0,[,79,1,cWW,cW-W,2.33,3.20,0.98,1.48,3.72,5.18,4.83,3.38,BI,anti,A,4.57,4.66,6.16,3.98,0.92,3.98,1.41,4.43,0.10,5.84,0.59,5.73,0.29,34.50,0.17,C3'-endo
53,53,0.34,C,C,C,0,1,0,0,0,[,78,1,cWW,cW-W,5.05,3.15,0.92,1.34,2.89,0.84,2.05,3.53,..,anti,.,4.25,4.29,2.82,5.84,3.20,5.00,4.03,4.73,0.00,5.86,0.66,5.60,0.43,40.11,0.32,C3'-endo
54,54,0.35,G,G,G,0,0,1,0,0,.,56,1,cSH,cm+M,1.30,1.87,3.27,2.56,4.16,3.66,0.50,4.33,..,anti,.,1.20,2.15,1.86,2.33,2.54,2.06,2.99,1.89,6.26,0.29,5.84,0.44,6.02,26.14,3.42,C3'-exo
55,55,0.36,A,A,A,1,0,0,0,0,.,,0,,,0.28,3.93,3.53,1.42,3.88,5.18,4.98,3.24,BI,anti,.,4.74,4.73,1.83,3.46,1.67,3.62,1.84,4.38,0.14,5.77,0.68,5.66,0.30,39.18,0.13,C3'-endo
56,56,0.36,A,A,A,1,0,0,0,0,.,54,1,cHS,cM+m,5.25,3.03,0.99,1.44,3.91,5.08,5.11,3.23,BI,anti,.,4.63,4.66,3.05,4.01,3.44,4.03,4.48,5.04,0.01,5.91,0.57,5.71,0.36,34.05,0.31,C3'-endo
57,57,0.37,A,A,A,1,0,0,0,0,.,,0,,,5.03,2.97,0.97,1.45,3.60,5.33,4.55,3.39,BI,anti,A,4.54,4.65,2.73,4.12,3.11,4.09,4.52,4.78,0.12,5.81,0.63,5.70,0.29,36.31,0.14,C3'-endo
58,58,0.38,U,U,U,0,0,0,1,0,.,65,1,cWH,cW+M,4.37,3.40,1.23,1.40,3.40,5.23,4.46,3.61,BI,anti,A,4.27,4.56,2.61,3.75,3.02,3.75,4.14,4.17,0.08,5.80,0.68,5.63,0.36,39.68,0.21,C3'-endo
59,59,0.38,G,G,G,0,0,1,0,0,),50,1,cWW,cW-W,4.92,3.26,1.05,1.47,3.76,5.01,5.03,3.26,BI,anti,A,4.61,4.62,3.01,3.87,3.23,3.91,3.91,4.71,0.05,5.89,0.58,5.72,0.32,34.03,0.24,C3'-endo
60,60,0.39,C,C,C,0,1,0,0,0,),49,1,cWW,cW-W,5.26,2.89,1.01,1.44,3.54,4.96,4.86,3.41,BI,anti,A,4.46,4.53,2.96,3.64,3.31,3.74,4.44,3.93,0.02,5.90,0.58,5.69,0.36,34.86,0.30,C3'-endo
61,61,0.40,G,G,G,0,0,1,0,0,),"48,62",2,"cWW,cSW","cW-W,cm-W",5.29,3.23,1.12,2.65,4.76,2.03,2.73,3.97,..,anti,.,0.40,0.47,3.71,2.94,4.11,2.90,4.23,3.16,5.93,0.64,5.61,0.49,6.20,39.34,2.94,C2'-endo
62,62,0.40,A,A,A,1,0,0,0,0,.,61,1,cWS,cW-m,0.94,1.94,5.22,2.68,4.20,1.28,2.92,1.13,..,syn,.,-1.10,1.18,3.53,1.49,3.25,0.77,3.34,6.25,6.01,0.58,5.63,0.51,6.13,37.45,3.04,C2'-endo
63,63,0.41,U,U,U,0,0,0,1,0,.,,0,,,0.96,3.15,1.42,2.57,4.67,4.90,6.06,3.91,..,anti,.,0.64,0.72,0.22,5.24,0.64,4.96,1.25,5.47,5.82,0.69,5.64,0.40,0.04,39.74,2.76,C2'-endo
64,64,0.42,A,A,A,1,0,0,0,0,.,49,1,tSS,tm+m,5.43,3.08,1.00,1.44,3.63,3.60,0.03,3.84,..,anti,.,3.77,4.62,3.05,2.22,3.83,2.72,4.25,3.21,0.06,5.85,0.61,5.69,0.33,35.73,0.22,C3'-endo
65,65,0.42,C,C,C,0,1,0,0,0,.,58,1,cHW,cM+W,3.48,2.87,3.15,2.56,4.96,1.62,3.34,0.87,..,syn,.,-0.40,0.41,4.90,0.58,3.94,0.65,3.26,0.86,5.91,0.61,5.67,0.41,6.25,36.44,2.86,C2'-endo
66,66,0.43,G,G,G,0,0,1,0,0,.,98,1,cWW,cW-W,3.37,1.81,2.98,1.43,4.23,4.34,6.17,3.27,..,anti,.,4.68,4.85,3.42,3.07,3.17,3.16,3.76,3.67,0.17,5.76,0.67,5.69,0.27,38.57,0.08,C3'-endo
67,67,0.44,C,C,C,0,1,0,0,0,(,97,1,cWW,cW-W,1.91,3.53,3.77,1.60,4.54,4.85,5.97,3.03,..,anti,.,4.88,4.90,2.91,3.78,3.02,3.99,3.59,4.66,0.38,5.66,0.63,5.86,0.03,37.31,6.00,C2'-exo
68,68,0.44,A,A,A,1,0,0,0,0,.,95,1,cWW,cW-W,5.64,2.89,0.69,1.43,3.70,5.05,4.94,3.34,BI,anti,A,4.51,4.59,2.85,3.82,3.31,3.88,4.21,4.67,0.00,5.92,0.57,5.70,0.37,34.41,0.32,C3'-endo
69,69,0.45,A,A,A,1,0,0,0,0,(,94,1,cWW,cW-W,5.25,3.06,0.81,1.43,3.79,5.02,5.05,3.51,BI,anti,A,4.45,4.76,2.93,3.86,3.20,3.91,4.25,4.39,0.13,5.79,0.65,5.69,0.29,37.44,0.13,C3'-endo
70,70,0.45,U,U,U,0,0,0,1,0,(,93,1,cWW,cW-W,5.29,3.00,0.81,1.38,3.58,5.02,4.83,3.43,BI,anti,A,4.54,4.67,2.87,3.65,3.17,3.69,3.96,4.08,0.10,5.79,0.69,5.64,0.35,40.06,0.19,C3'-endo
71,71,0.46,G,G,G,0,0,1,0,0,(,92,1,cWW,cW-W,5.23,3.14,0.87,1.43,3.34,4.99,4.63,3.53,BI,anti,A,4.34,4.47,2.99,4.00,3.21,3.89,3.83,4.44,0.06,5.87,0.60,5.71,0.32,34.99,0.22,C3'-endo
72,72,0.47,C,C,C,0,1,0,0,0,(,90,1,cWW,cW-W,2.90,3.59,2.79,1.51,4.81,5.51,5.59,2.96,..,anti,.,4.50,4.60,3.10,4.54,3.31,4.53,4.16,5.37,0.11,5.85,0.58,5.75,0.27,33.55,0.14,C3'-endo
73,73,0.47,G,G,G,0,0,1,0,0,.,89,1,tSH,tm-M,4.27,1.92,2.63,2.53,4.70,2.90,1.80,3.80,BII,anti,.,1.05,1.27,3.80,2.17,4.00,2.65,5.04,3.14,6.06,0.47,5.76,0.41,6.17,30.01,3.04,C2'-endo
74,74,0.48,A,A,A,1,0,0,0,0,.,88,1,tHS,tM-m,1.85,3.66,3.19,2.50,4.64,2.66,1.98,3.13,BII,anti,.,0.91,1.02,3.85,2.47,3.59,2.61,3.86,2.87,5.96,0.55,5.73,0.38,6.24,32.91,2.88,C2'-endo
75,75,0.49,A,A,A,1,0,0,0,0,.,82,1,cWW,cW-W,1.01,4.59,4.01,1.62,3.60,5.53,4.36,3.80,BI,anti,.,3.89,4.61,4.24,3.61,4.04,3.64,4.26,5.03,0.31,5.75,0.54,5.90,0.04,31.94,6.03,C2'-exo
76,76,0.49,U,U,U,0,0,0,1,0,.,,0,,,2.80,2.99,2.89,1.42,4.59,5.13,5.74,6.27,..,syn,.,-4.72,4.79,2.66,4.07,3.06,4.26,4.75,4.06,0.11,5.80,0.65,5.68,0.31,37.57,0.16,C3'-endo
77,77,0.50,U,U,U,0,0,0,1,0,.,,0,,,5.62,2.90,0.61,1.43,3.16,4.89,4.55,3.66,BI,anti,.,4.04,4.31,2.65,3.10,3.31,2.39,3.50,1.49,6.28,5.92,0.56,5.70,0.37,33.82,0.33,C3'-endo
78,78,0.51,G,G,G,0,0,1,0,0,],53,1,cWW,cW-W,3.49,2.26,0.74,1.39,3.58,5.01,4.85,3.27,BI,anti,A,4.60,4.65,0.65,3.83,0.74,3.74,0.87,3.93,0.12,5.79,0.67,5.66,0.32,38.86,0.16,C3'-endo
79,79,0.51,C,C,C,0,1,0,0,0,],52,1,cWW,cW-W,4.94,3.11,1.19,1.40,3.77,5.06,4.99,3.27,BI,anti,A,4.64,4.70,3.03,3.85,3.20,3.88,3.74,4.69,0.06,5.83,0.65,5.65,0.36,38.25,0.24,C3'-endo
80,80,0.52,A,A,A,1,0,0,0,0,.,,0,,,4.98,3.07,1.04,1.45,3.53,5.15,4.66,3.57,BI,anti,A,4.35,4.64,2.84,3.81,3.16,3.80,4.32,4.18,0.18,5.76,0.66,5.71,0.25,37.91,0.06,C3'-endo
81,81,0.53,G,G,G,0,0,1,0,0,.,,0,,,4.88,3.21,1.13,1.45,3.43,5.37,4.34,3.68,BI,anti,A,4.12,4.54,2.96,3.89,3.24,3.72,3.90,3.89,0.11,5.82,0.62,5.71,0.29,36.02,0.15,C3'-endo
82,82,0.53,A,A,A,1,0,0,0,0,.,75,1,cWW,cW-W,3.93,2.67,2.18,1.44,3.93,4.64,5.57,3.25,BI,anti,A,4.67,4.75,2.85,3.45,3.11,3.49,3.66,4.14,0.13,5.79,0.64,5.70,0.29,37.07,0.13,C3'-endo
83,83,0.54,A,A,A,1,0,0,0,0,.,,0,,,5.71,2.54,0.80,1.45,4.27,4.19,0.07,3.38,..,anti,A,4.46,4.76,3.14,4.18,3.40,4.04,4.23,4.36,0.08,5.85,0.60,5.71,0.31,34.97,0.20,C3'-endo
84,84,0.55,C,C,C,0,1,0,0,0,.,,0,,,1.94,4.25,3.32,1.47,4.60,5.67,5.21,3.09,..,anti,.,4.73,4.79,2.95,4.05,3.19,3.66,3.87,3.29,0.12,5.81,0.63,5.71,0.28,36.24,0.13,C3'-endo
85,85,0.55,C,C,C,0,1,0,0,0,.,,0,,,5.15,5.43,4.74,2.58,3.62,3.38,0.24,3.48,..,anti,.,1.65,1.87,2.98,1.08,3.01,1.23,2.71,1.69,6.02,0.54,5.70,0.45,6.16,33.85,3.02,C2'-endo
86,86,0.56,G,G,G,0,0,1,0,0,.,,0,,,4.86,0.95,2.83,1.54,4.27,3.71,0.56,4.93,..,anti,.,-1.51,4.78,3.89,1.74,3.38,1.66,3.46,0.31,0.19,5.79,0.59,5.79,0.19,33.85,0.00,C3'-endo
87,87,0.56,C,C,C,0,1,0,0,0,.,,0,,,5.22,2.51,4.83,2.63,3.47,6.17,3.58,0.57,..,syn,.,-1.58,1.92,0.99,5.23,0.88,5.20,1.57,5.92,5.96,0.61,5.64,0.47,6.19,37.35,2.96,C2'-endo
88,88,0.57,G,G,G,0,0,1,0,0,.,74,1,tSH,tm-M,4.26,4.09,1.33,1.49,2.56,4.89,3.96,3.84,BI,anti,.,3.57,3.92,3.19,3.03,4.15,2.93,4.11,3.06,0.13,5.83,0.60,5.75,0.26,34.38,0.12,C3'-endo
89,89,0.58,A,A,A,1,0,0,0,0,.,73,1,tHS,tM-m,4.80,3.57,1.40,1.43,4.19,4.67,5.80,3.36,..,anti,.,4.46,4.70,3.53,4.05,3.31,4.22,3.20,5.20,0.01,5.90,0.59,5.68,0.37,35.56,0.31,C3'-endo
90,90,0.58,G,G,G,0,0,1,0,0,),72,1,cWW,cW-W,5.80,2.43,0.81,1.46,4.90,3.68,1.23,3.89,..,anti,.,2.41,4.48,3.33,4.15,3.70,3.49,4.82,2.89,0.03,5.90,0.57,5.72,0.34,33.69,0.28,C3'-endo
91,91,0.59,U,U,U,0,0,0,1,0,.,,0,,,1.68,4.21,0.56,2.04,0.88,2.23,4.93,3.72,..,anti,.,0.58,0.58,0.22,5.32,0.78,4.86,0.69,4.87,6.15,0.15,6.17,0.04,0.06,8.47,2.42,C1'-exo
92,92,0.60,C,C,C,0,1,0,0,0,),71,1,cWW,cW-W,5.86,2.63,0.32,1.33,4.10,4.74,5.65,3.03,..,anti,A,4.83,4.80,3.55,3.74,4.32,3.88,4.82,4.49,0.05,5.81,0.70,5.59,0.40,41.28,0.26,C3'-endo
93,93,0.60,A,A,A,1,0,0,0,0,),70,1,cWW,cW-W,5.17,2.68,1.22,1.44,3.60,5.20,4.68,3.25,BI,anti,A,4.49,4.56,2.93,3.92,3.25,3.84,4.09,4.38,0.05,5.88,0.59,5.70,0.34,34.93,0.25,C3'-endo
94,94,0.61,U,U,U,0,0,0,1,0,),69,1,cWW,cW-W,4.99,3.10,1.04,1.42,3.88,5.20,4.97,3.27,BI,anti,.,4.65,4.71,2.96,4.08,3.26,4.17,4.18,5.00,0.06,5.84,0.63,5.67,0.35,37.17,0.24,C3'-endo
95,95,0.62,C,C,C,0,1,0,0,0,.,68,1,cWW,cW-W,5.21,2.89,1.06,1.48,3.68,3.92,6.04,3.35,..,anti,.,4.49,4.51,2.95,3.10,3.43,2.34,4.66,1.30,6.26,5.97,0.51,5.74,0.36,31.52,0.38,C3'-endo
96,96,0.62,A,A,A,1,0,0,0,0,.,,0,,,1.20,3.68,2.62,1.86,0.68,2.64,4.33,3.82,..,anti,.,1.41,1.64,2.46,3.92,1.89,4.21,1.58,4.76,0.01,6.13,0.23,6.06,0.13,13.53,0.26,C3'-endo
97,97,0.63,G,G,G,0,0,1,0,0,),67,1,cWW,cW-W,4.85,2.29,0.75,1.33,3.47,5.35,4.40,3.21,BI,anti,.,4.46,4.46,2.63,4.34,3.45,4.07,3.91,4.39,6.15,5.98,0.60,5.59,0.52,39.30,0.51,C3'-endo
98,98,0.64,A,A,A,1,0,0,0,0,.,66,1,cWW,cW-W,2.97,3.07,2.95,1.40,3.95,5.00,5.23,3.11,BI,anti,A,4.67,4.68,2.84,3.37,3.14,3.51,3.93,4.47,0.00,5.89,0.61,5.66,0.39,36.74,0.32,C3'-endo
99,99,0.64,U,U,U,0,0,0,1,0,.,,0,,,5.05,2.86,1.14,1.43,4.58,5.30,5.56,3.46,..,anti,.,4.13,4.76,3.07,4.48,3.34,4.49,4.44,5.09,0.11,5.80,0.65,5.68,0.31,37.63,0.16,C3'-endo
100,100,0.65,C,C,C,0,1,0,0,0,.,,0,,,4.69,2.07,2.19,1.41,4.56,2.71,1.85,3.14,BII,anti,.,4.59,4.73,3.03,1.28,3.49,1.71,4.51,2.40,0.06,5.85,0.62,5.68,0.35,36.65,0.24,C3'-endo
101,101,0.66,U,U,U,0,0,0,1,0,),47,1,cWW,cW-W,4.50,3.21,0.93,1.53,3.90,5.06,5.12,3.35,BI,anti,.,4.53,4.67,3.50,4.05,3.23,4.10,2.60,4.61,0.17,5.81,0.59,5.78,0.21,33.64,0.04,C3'-endo
102,102,0.66,U,U,U,0,0,0,1,0,),46,1,cWW,cW-W,5.23,3.25,0.68,1.42,3.45,5.40,4.33,3.30,BI,anti,.,4.56,4.60,2.84,4.33,3.13,4.25,4.00,4.69,0.16,5.75,0.69,5.67,0.28,39.42,0.09,C3'-endo
103,103,0.67,U,U,U,0,0,0,1,0,),45,1,cWW,cW-W,2.87,3.37,3.14,1.43,4.07,4.86,5.49,3.37,..,anti,.,4.30,4.46,3.14,3.36,3.49,3.48,4.27,4.70,6.11,6.08,0.47,5.69,0.48,33.42,0.62,C3'-endo
104,104,0.68,G,G,G,0,0,1,0,0,.,44,1,tSH,tm-M,5.08,2.57,1.13,1.47,4.66,4.14,0.52,3.55,..,anti,.,3.72,4.59,2.96,4.32,3.26,4.01,4.59,3.83,0.01,5.93,0.55,5.72,0.35,33.05,0.31,C3'-endo
105,105,0.68,A,A,A,1,0,0,0,0,.,42,1,tHS,tM-m,1.81,3.31,3.66,1.46,5.04,5.71,5.61,4.03,..,anti,.,1.72,4.76,2.55,5.27,2.70,5.23,2.69,5.56,0.22,5.72,0.68,5.71,0.22,38.92,0.01,C3'-endo
106,106,0.69,A,A,A,1,0,0,0,0,.,43,1,tHH,tM+M,2.35,3.04,3.11,2.39,4.74,2.36,2.38,3.98,BII,anti,.,0.76,0.84,2.71,1.94,3.17,2.01,3.72,1.19,5.81,0.62,5.75,0.28,0.12,35.31,2.63,C2'-endo
107,107,0.69,C,C,C,0,1,0,0,0,.,"40,42",2,"cWH,tWW","cW+M,tW+W",2.53,4.08,0.94,2.54,0.51,5.19,1.60,3.43,..,anti,.,-0.37,0.45,1.70,2.57,2.35,1.38,1.80,6.21,6.25,0.31,5.84,0.44,6.03,26.32,3.39,C3'-exo
108,108,0.70,G,G,G,0,0,1,0,0,(,116,1,cWW,cW-W,2.45,2.36,1.08,1.38,4.18,4.79,5.67,2.99,..,anti,A,4.78,4.78,5.92,4.06,5.78,4.03,1.02,4.66,0.04,5.85,0.64,5.64,0.38,38.32,0.27,C3'-endo
109,109,0.71,C,C,C,0,1,0,0,0,(,115,1,cWW,cW-W,5.60,2.91,0.55,1.36,3.60,5.33,4.56,3.42,BI,anti,.,4.57,4.68,2.82,3.89,3.10,3.97,4.16,4.87,0.07,5.81,0.67,5.63,0.36,39.65,0.22,C3'-endo
110,110,0.71,A,A,A,1,0,0,0,0,.,,0,,,4.95,3.12,1.10,1.44,3.46,5.17,4.58,3.59,BI,anti,A,4.33,4.61,2.91,3.74,3.31,3.67,4.55,4.14,0.15,5.79,0.63,5.72,0.27,36.45,0.10,C3'-endo
111,111,0.72,A,A,A,1,0,0,0,0,.,,0,,,4.81,3.28,0.85,1.32,0.92,2.00,5.21,3.52,..,anti,.,3.40,3.79,3.26,3.86,3.46,3.32,4.11,3.11,0.26,5.61,0.82,5.60,0.27,46.87,0.01,C3'-endo
112,112,0.73,G,G,G,0,0,1,0,0,.,,0,,,5.54,4.06,1.13,1.69,0.45,2.22,4.51,3.68,..,anti,.,1.80,1.82,6.01,5.16,0.10,5.01,6.04,5.44,6.11,6.18,0.32,5.86,0.37,24.12,0.72,C4'-exo
113,113,0.73,U,U,U,0,0,0,1,0,.,,0,,,1.55,4.77,3.40,1.49,3.47,1.01,2.46,4.04,..,anti,.,2.98,3.83,3.61,5.05,4.26,4.93,4.46,4.90,5.93,0.00,0.33,5.74,0.57,33.19,0.97,C4'-exo
114,114,0.74,G,G,G,0,0,1,0,0,.,,0,,,3.65,2.22,3.45,1.60,3.34,2.87,0.47,4.71,..,anti,.,0.69,4.58,4.19,0.73,4.84,1.13,5.49,1.66,0.46,5.59,0.66,5.87,6.25,40.29,5.92,C2'-exo
115,115,0.75,G,G,G,0,0,1,0,0,),109,1,cWW,cW-W,5.73,2.43,0.44,1.50,3.49,5.43,4.34,3.22,BI,anti,A,4.41,4.52,3.04,4.23,3.00,4.20,3.06,4.83,0.11,5.85,0.57,5.75,0.27,33.26,0.14,C3'-endo
116,116,0.75,U,U,U,0,0,0,1,0,),108,1,cWW,cW-W,4.63,3.53,0.94,1.40,2.93,5.10,4.12,3.70,BI,anti,.,4.08,4.30,2.75,3.37,3.16,3.23,4.25,3.30,0.07,5.82,0.66,5.64,0.37,39.08,0.23,C3'-endo
117,117,0.76,G,G,G,0,0,1,0,0,(,134,1,cWW,cW-W,3.67,3.04,2.45,1.42,4.43,4.53,6.19,2.94,..,anti,A,4.84,4.83,3.19,3.59,3.12,3.70,3.28,4.28,0.13,5.78,0.66,5.68,0.29,37.99,0.13,C3'-endo
118,118,0.77,G,G,G,0,0,1,0,0,(,133,1,cWW,cW-W,5.54,2.73,0.68,1.41,3.62,5.10,4.80,3.48,BI,anti,A,4.49,4.66,2.80,3.79,3.07,3.79,3.87,4.29,0.06,5.84,0.64,5.66,0.35,37.46,0.23,C3'-endo
119,119,0.77,A,A,A,1,0,0,0,0,(,132,1,cWW,cW-W,5.11,3.13,0.86,1.43,3.82,4.97,5.14,3.40,BI,anti,A,4.59,4.74,2.91,3.77,3.13,3.81,3.91,4.23,0.12,5.79,0.65,5.68,0.30,37.69,0.14,C3'-endo
120,120,0.78,G,G,G,0,0,1,0,0,(,131,1,cWW,cW-W,4.99,2.85,1.17,1.35,3.65,5.15,4.79,3.29,BI,anti,.,4.69,4.70,2.81,3.81,3.11,3.77,3.85,4.06,0.09,5.79,0.70,5.62,0.36,40.86,0.20,C3'-endo
121,121,0.79,G,G,G,0,0,1,0,0,(,130,1,cWW,cW-W,5.27,3.26,0.86,1.35,3.35,5.55,4.08,3.53,BI,anti,.,4.30,4.48,3.07,3.95,3.30,3.98,3.86,4.87,6.26,5.90,0.62,5.63,0.43,37.87,0.37,C3'-endo
122,122,0.79,U,U,U,0,0,0,1,0,.,129,1,cWW,cW-W,4.20,3.09,1.70,1.44,4.05,4.78,5.56,3.40,..,anti,.,4.37,4.59,2.89,3.80,3.30,3.80,4.50,4.63,6.24,5.95,0.57,5.67,0.42,35.62,0.40,C3'-endo
123,123,0.80,G,G,G,0,0,1,0,0,.,128,1,tSH,tm-M,5.35,2.78,0.80,1.46,4.07,4.69,5.66,3.60,..,anti,.,4.07,4.64,2.88,3.81,3.14,3.81,4.19,4.14,0.00,5.93,0.55,5.72,0.36,33.42,0.32,C3'-endo
124,124,0.81,U,U,U,0,0,0,1,0,.,,0,,,5.23,2.67,0.91,1.34,3.83,4.48,5.63,3.61,BI,anti,.,4.21,4.71,2.74,3.93,2.97,3.26,3.55,2.17,0.01,5.85,0.67,5.60,0.42,40.11,0.31,C3'-endo
125,125,0.81,A,A,A,1,0,0,0,0,.,0,1,cWS,cW-m,2.68,3.62,1.01,1.52,3.76,5.14,4.90,3.48,BI,anti,A,4.34,4.56,0.75,4.01,0.92,4.06,0.43,4.76,0.06,5.90,0.53,5.77,0.28,31.22,0.21,C3'-endo
126,126,0.82,A,A,A,1,0,0,0,0,.,,0,,,5.09,3.03,0.92,1.39,3.48,5.72,4.04,3.69,BI,anti,.,4.14,4.58,2.79,4.22,3.16,4.08,4.18,4.44,0.04,5.85,0.64,5.64,0.38,38.34,0.27,C3'-endo
127,127,0.82,A,A,A,1,0,0,0,0,.,,0,,,3.64,2.60,2.62,1.39,4.01,5.08,5.22,3.17,BI,anti,.,4.75,4.76,3.01,3.49,3.34,3.65,4.10,4.50,0.07,5.84,0.64,5.66,0.35,37.71,0.23,C3'-endo
128,128,0.83,A,A,A,1,0,0,0,0,.,123,1,tHS,tM-m,5.33,2.90,0.95,1.38,3.76,5.43,4.61,3.39,BI,anti,.,4.61,4.73,2.92,4.18,3.34,4.22,4.49,5.16,0.08,5.81,0.67,5.64,0.36,39.26,0.22,C3'-endo
129,129,0.84,A,A,A,1,0,0,0,0,.,122,1,cWW,cW-W,4.97,3.21,0.85,1.41,3.79,5.00,5.07,3.37,BI,anti,A,4.63,4.75,2.76,3.80,3.20,3.87,4.60,4.38,0.18,5.72,0.71,5.66,0.28,40.87,0.08,C3'-endo
130,130,0.84,C,C,C,0,1,0,0,0,),121,1,cWW,cW-W,5.14,2.91,1.11,1.39,3.94,4.66,5.56,2.94,BI,anti,.,4.70,4.76,2.99,3.82,3.26,3.87,4.08,4.17,0.11,5.78,0.69,5.64,0.34,40.20,0.17,C3'-endo
131,131,0.85,C,C,C,0,1,0,0,0,),120,1,cWW,cW-W,6.00,2.76,0.56,1.45,3.43,5.19,4.53,3.32,BI,anti,A,4.38,4.41,3.16,3.78,3.42,3.78,3.97,4.15,6.23,5.97,0.54,5.70,0.40,33.79,0.41,C3'-endo
132,132,0.86,U,U,U,0,0,0,1,0,),119,1,cWW,cW-W,4.84,3.32,0.97,1.44,3.42,5.30,4.40,3.65,BI,anti,A,4.11,4.43,2.87,3.81,3.10,3.83,3.71,4.51,6.25,5.94,0.57,5.68,0.40,34.88,0.37,C3'-endo
133,133,0.86,U,U,U,0,0,0,1,0,),118,1,cWW,cW-W,4.74,3.01,1.39,1.46,4.03,4.37,5.95,3.54,..,anti,.,4.12,4.49,3.04,3.74,3.36,3.66,4.27,3.76,6.18,6.02,0.50,5.71,0.42,32.48,0.50,C3'-endo
134,134,0.87,C,C,C,0,1,0,0,0,),117,1,cWW,cW-W,0.18,2.79,5.61,1.39,1.29,1.83,5.75,3.94,..,anti,.,2.62,3.61,3.03,4.09,3.15,4.07,3.39,4.40,0.27,5.66,0.73,5.69,0.21,41.83,6.24,C2'-exo
135,135,0.88,A,A,A,1,0,0,0,0,.,0,1,cWW,cW-W,4.93,3.41,1.08,1.50,3.69,5.13,4.84,3.14,BI,anti,A,4.59,4.64,4.23,3.93,4.66,3.96,4.68,4.24,0.16,5.80,0.60,5.75,0.24,34.63,0.07,C3'-endo
136,136,0.88,U,U,U,0,0,0,1,0,(,0,1,cWW,cW-W,5.14,3.25,0.84,1.40,3.29,5.36,4.21,3.30,BI,anti,A,4.47,4.43,2.93,3.79,3.21,3.82,3.82,4.53,6.26,5.92,0.60,5.64,0.42,37.02,0.37,C3'-endo
137,137,0.89,G,G,G,0,0,1,0,0,(,0,1,cWW,cW-W,4.44,3.26,1.46,1.41,3.94,4.92,5.30,3.30,BI,anti,A,4.58,4.68,2.98,3.87,3.26,3.89,4.25,4.49,0.03,5.86,0.62,5.66,0.37,37.20,0.28,C3'-endo
138,138,0.90,U,U,U,0,0,0,1,0,(,0,1,cWW,cW-W,5.26,2.77,1.11,1.42,3.84,4.66,5.46,3.28,BI,anti,.,4.52,4.59,2.99,3.57,3.32,3.56,4.23,3.66,6.26,5.94,0.57,5.68,0.40,34.96,0.37,C3'-endo
139,139,0.90,U,U,U,0,0,0,1,0,(,0,1,cWW,cW-W,5.40,3.04,0.61,1.42,3.68,4.84,5.13,3.61,BI,anti,A,4.23,4.67,2.94,4.05,3.02,3.87,3.26,4.29,0.07,5.84,0.62,5.68,0.33,36.59,0.21,C3'-endo
140,140,0.91,U,U,U,0,0,0,1,0,(,0,1,cWW,cW-W,1.85,3.48,3.79,1.56,4.22,5.18,5.32,3.37,..,anti,A,4.58,4.84,2.86,3.51,3.01,3.64,3.75,4.22,0.30,5.71,0.62,5.82,0.10,35.77,6.12,C2'-exo
141,141,0.92,G,G,G,0,0,1,0,0,(,0,1,cWW,cW-W,4.68,2.27,1.90,1.42,4.14,4.74,5.68,3.10,..,anti,A,4.76,4.76,2.86,3.66,3.31,3.65,4.18,4.24,0.09,5.83,0.64,5.68,0.33,37.12,0.20,C3'-endo
142,142,0.92,U,U,U,0,0,0,1,0,(,0,1,cWW,cW-W,5.47,2.92,0.65,1.42,3.80,4.91,5.18,3.42,BI,anti,A,4.54,4.71,2.87,3.77,3.11,3.83,3.98,4.41,0.10,5.82,0.64,5.68,0.32,37.26,0.18,C3'-endo
143,143,0.93,U,U,U,0,0,0,1,0,(,0,1,cWW,cW-W,5.40,2.86,0.85,1.41,3.67,5.07,4.89,3.58,BI,anti,A,4.29,4.65,2.95,3.77,3.22,3.73,4.05,4.11,0.06,5.84,0.64,5.66,0.35,37.48,0.23,C3'-endo
144,144,0.94,U,U,U,0,0,0,1,0,(,0,1,cWW,cW-W,4.92,2.83,1.27,1.36,3.69,4.98,4.99,3.20,BI,anti,.,4.64,4.65,2.86,4.16,3.14,3.92,3.86,4.35,0.02,5.85,0.66,5.62,0.41,39.39,0.30,C3'-endo
145,145,0.94,C,C,C,0,1,0,0,0,(,0,1,cWW,cW-W,1.61,3.21,4.35,1.60,3.11,5.25,4.15,3.47,BI,anti,A,4.31,4.38,3.06,3.00,3.24,3.23,4.10,3.54,0.29,5.74,0.57,5.86,0.09,33.31,6.11,C2'-exo
146,146,0.95,A,A,A,1,0,0,0,0,(,0,1,cWW,cW-W,4.09,3.50,1.61,1.47,3.62,5.14,4.76,3.37,BI,anti,A,4.41,4.51,2.88,3.91,3.14,3.83,3.51,4.16,0.02,5.91,0.57,5.71,0.35,34.17,0.30,C3'-endo
147,147,0.95,G,G,G,0,0,1,0,0,(,0,1,cWW,cW-W,5.30,3.30,0.57,1.39,4.21,4.38,6.12,3.68,..,anti,.,3.73,4.69,3.03,3.24,3.18,2.92,3.73,2.40,6.25,5.92,0.60,5.64,0.42,37.14,0.37,C3'-endo
148,148,0.96,U,U,U,0,0,0,1,0,.,,0,,,3.65,2.48,5.95,1.52,4.21,4.19,0.02,3.40,..,anti,.,4.36,4.63,0.32,2.90,0.34,2.89,0.39,2.41,0.04,5.92,0.53,5.76,0.31,31.43,0.26,C3'-endo
149,149,0.97,G,G,G,0,0,1,0,0,(,0,1,cWW,cW-W,5.33,4.06,2.58,1.38,4.26,4.72,5.82,2.89,..,anti,A,4.71,4.73,5.92,3.95,5.93,3.90,0.20,4.36,0.03,5.85,0.65,5.63,0.39,38.58,0.28,C3'-endo
150,150,0.97,U,U,U,0,0,0,1,0,(,0,1,cWW,cW-W,5.74,3.00,0.41,1.37,3.37,5.19,4.46,3.80,BI,anti,.,3.95,4.59,2.86,4.03,3.13,3.92,3.95,4.19,0.12,5.77,0.69,5.65,0.33,39.81,0.16,C3'-endo
151,151,0.98,G,G,G,0,0,1,0,0,(,0,1,cWW,cW-W,2.69,3.37,3.12,1.43,4.16,5.14,5.30,3.20,..,anti,.,4.74,4.79,2.93,3.69,3.19,3.83,3.77,4.88,0.11,5.81,0.65,5.68,0.32,37.52,0.17,C3'-endo
152,152,0.99,G,G,G,0,0,1,0,0,.,0,1,tSH,tm-M,4.99,2.68,1.32,1.41,3.75,3.66,0.10,3.41,..,anti,.,4.57,4.71,2.74,2.51,3.29,2.56,4.74,2.60,0.10,5.80,0.66,5.67,0.32,38.25,0.17,C3'-endo
153,153,0.99,A,A,A,1,0,0,0,0,.,0,1,tHW,tM-W,5.41,2.61,0.80,1.38,3.64,5.19,4.73,3.44,BI,anti,.,4.55,4.68,3.11,3.92,2.94,3.93,2.67,4.49,0.09,5.80,0.68,5.63,0.35,39.89,0.20,C3'-endo
154,154,1.00,A,A,A,1,0,0,0,0,.,0,1,tHW,tM-W,5.19,3.17,1.00,1.42,,,,3.63,..,anti,-,,,,,,,,,0.09,5.81,0.65,5.67,0.33,37.74,0.18,C3'-endo
