index_chain,old_nt_resnum,nt_position,nt_name,nt_code,nt_align_code,is_A,is_C,is_G,is_U,is_other,dbn,paired,nb_interact,pair_type_LW,pair_type_DSSR,alpha,beta,gamma,delta,epsilon,zeta,epsilon_zeta,chi,bb_type,glyco_bond,form,ssZp,Dp,eta,theta,eta_prime,theta_prime,eta_base,theta_base,v0,v1,v2,v3,v4,amplitude,phase_angle,puckering
1,1,0.01,G,G,G,0,0,1,0,0,(,72,1,cWW,cW-W,,,3.07,1.51,3.69,4.87,5.11,3.26,BI,anti,.,4.62,4.58,,,,,,,0.06,5.87,0.59,5.70,0.33,34.92,0.24,C3'-endo
2,2,0.03,C,C,C,0,1,0,0,0,(,71,1,cWW,cW-W,5.22,3.05,0.94,1.46,3.68,5.07,4.90,3.18,BI,anti,A,4.55,4.51,3.05,3.82,3.22,3.87,3.71,4.52,0.03,5.88,0.59,5.69,0.35,35.33,0.27,C3'-endo
3,3,0.04,C,C,C,0,1,0,0,0,(,70,1,cWW,cW-W,5.03,3.11,0.97,1.50,3.46,5.35,4.39,3.29,BI,anti,.,4.46,4.44,2.89,3.92,3.21,4.02,4.17,3.99,0.06,5.85,0.61,5.69,0.34,36.05,0.23,C3'-endo
4,4,0.05,C,C,C,0,1,0,0,0,(,69,1,cWW,cW-W,5.09,3.65,0.78,2.46,3.23,4.37,5.14,4.60,BI,anti,.,2.85,2.46,2.99,3.75,3.46,3.51,3.62,4.31,5.88,0.61,5.72,0.34,0.04,34.86,2.75,C2'-endo
5,5,0.07,G,G,G,0,0,1,0,0,(,68,1,cWW,cW-W,5.17,2.86,0.90,1.34,3.53,5.07,4.74,3.43,BI,anti,A,4.54,4.48,2.84,3.64,2.95,3.64,4.02,4.13,6.19,5.95,0.61,5.60,0.49,39.09,0.46,C3'-endo
6,6,0.08,G,G,G,0,0,1,0,0,(,67,1,cWW,cW-W,5.18,3.14,0.91,1.45,3.22,5.36,4.14,3.54,BI,anti,.,4.19,4.24,2.99,3.74,3.24,3.64,3.97,3.70,6.27,5.93,0.57,5.68,0.39,34.80,0.35,C3'-endo
7,7,0.09,A,A,A,1,0,0,0,0,(,66,1,cWW,cW-W,3.46,2.56,2.92,2.54,4.51,5.99,4.80,3.46,..,anti,.,1.46,1.40,3.98,5.08,3.86,5.32,3.93,5.80,6.00,0.52,5.74,0.40,6.21,31.56,2.95,C2'-endo
8,8,0.11,U,U,U,0,0,0,1,0,.,"14,21,48",3,"tWH,tSW,cSS","tW-M,tm+W,cm-m",4.86,3.82,0.94,1.47,4.23,3.93,0.30,3.79,..,anti,.,3.67,4.75,3.08,3.47,3.69,3.53,3.89,3.19,0.05,5.85,0.62,5.67,0.35,36.66,0.24,C3'-endo
9,9,0.12,A,A,A,1,0,0,0,0,.,,0,,,0.94,3.39,4.96,2.57,4.50,5.24,5.54,4.47,..,anti,.,1.02,1.06,3.74,5.14,3.51,4.44,2.94,4.60,5.91,0.60,5.70,0.39,6.27,34.90,2.84,C2'-endo
10,10,0.13,G,G,G,0,0,1,0,0,(,25,1,cWW,cW-W,3.14,2.99,1.03,1.55,3.80,5.03,5.06,2.99,BI,anti,A,4.50,4.57,0.60,3.94,1.72,3.93,2.45,4.06,0.15,5.81,0.59,5.75,0.24,34.21,0.09,C3'-endo
11,11,0.14,C,C,C,0,1,0,0,0,(,24,1,cWW,cW-W,5.10,3.35,0.77,1.47,3.45,5.22,4.52,3.69,BI,anti,A,4.01,4.45,2.92,3.75,3.13,3.80,3.52,4.28,0.07,5.84,0.63,5.67,0.34,37.09,0.22,C3'-endo
12,12,0.16,U,U,U,0,0,0,1,0,(,23,1,cWW,cW-W,5.18,3.18,0.79,1.40,3.62,4.87,5.04,3.64,BI,anti,A,3.99,4.46,2.96,4.07,3.22,3.93,3.89,4.37,0.01,5.89,0.61,5.66,0.38,36.67,0.31,C3'-endo
13,13,0.17,C,C,C,0,1,0,0,0,(,22,1,cWW,cW-W,2.32,3.57,3.34,1.50,3.59,5.23,4.64,3.43,BI,anti,.,4.51,4.62,2.86,3.60,3.14,3.45,3.91,3.61,0.15,5.77,0.68,5.67,0.29,38.94,0.12,C3'-endo
14,14,0.18,A,A,A,1,0,0,0,0,.,"8,21",2,"tHW,cWS","tM-W,cW-m",3.02,2.82,3.04,1.48,4.05,5.27,5.06,3.08,..,anti,.,4.93,4.79,2.89,3.67,3.07,3.89,3.49,4.91,0.16,5.76,0.67,5.69,0.27,38.69,0.09,C3'-endo
15,15,0.20,G,G,G,0,0,1,0,0,.,48,1,tWW,tW+W,5.17,3.14,0.99,1.50,3.56,1.10,2.46,3.65,..,anti,.,4.12,4.50,2.94,5.46,3.46,4.99,4.75,5.30,0.09,5.84,0.61,5.71,0.31,35.44,0.19,C3'-endo
16,16,0.21,U,U,U,0,0,0,1,0,.,,0,,,4.91,4.99,5.17,1.51,4.07,2.50,1.57,5.06,BII,anti,.,-1.66,4.51,2.63,0.98,3.05,2.15,3.79,3.01,0.02,5.88,0.60,5.68,0.37,35.89,0.29,C3'-endo
17,17,0.22,C,C,C,0,1,0,0,0,.,,0,,,2.56,4.77,3.60,2.40,2.16,3.77,4.67,3.58,..,anti,.,0.37,1.77,1.01,5.81,4.86,1.16,3.88,1.95,5.98,0.56,5.69,0.43,6.20,34.39,2.95,C2'-endo
18,18,0.24,G,G,G,0,0,1,0,0,.,55,1,tWS,tW+m,0.71,3.55,0.66,2.40,3.68,3.85,6.11,4.34,..,anti,.,1.98,2.04,4.65,3.89,4.39,3.93,3.61,4.48,5.85,0.62,5.73,0.32,0.07,35.30,2.70,C2'-endo
19,19,0.25,G,G,G,0,0,1,0,0,{,56,1,cWW,cW-W,2.92,3.69,2.99,2.59,4.86,5.19,5.96,4.25,..,anti,.,-0.36,0.23,4.23,5.27,4.03,5.26,4.38,5.77,5.93,0.60,5.68,0.42,6.24,35.99,2.88,C2'-endo
20,20,0.26,U,U,U,0,0,0,1,0,.,,0,,,2.81,3.48,2.95,1.53,4.64,5.36,5.56,4.20,..,anti,.,1.39,4.35,2.57,4.43,3.24,4.54,3.39,4.58,6.28,5.94,0.54,5.71,0.37,33.08,0.34,C3'-endo
21,21,0.28,A,A,A,1,0,0,0,0,.,"8,14",2,"tWS,cSW","tW+m,cm-W",4.74,2.82,2.73,1.50,4.38,3.58,0.80,3.26,BII,anti,.,4.50,4.69,4.06,2.22,4.54,2.47,4.86,2.53,0.08,5.84,0.61,5.70,0.32,35.52,0.20,C3'-endo
22,22,0.29,G,G,G,0,0,1,0,0,),13,1,cWW,cW-W,5.06,2.40,0.89,1.43,3.53,5.03,4.78,3.44,BI,anti,A,4.51,4.48,2.92,3.79,2.86,3.71,2.66,3.91,6.26,5.91,0.60,5.66,0.41,36.50,0.36,C3'-endo
23,23,0.30,A,A,A,1,0,0,0,0,),12,1,cWW,cW-W,5.18,3.24,0.86,1.44,3.61,5.01,4.88,3.59,BI,anti,A,4.25,4.49,3.06,3.67,3.22,3.69,3.66,4.24,6.25,5.92,0.60,5.65,0.42,36.80,0.37,C3'-endo
24,24,0.32,G,G,G,0,0,1,0,0,),11,1,cWW,cW-W,5.08,3.06,0.84,1.45,3.55,5.14,4.69,3.39,BI,anti,A,4.54,4.59,2.77,3.79,3.00,3.79,3.80,4.30,0.02,5.86,0.64,5.64,0.40,38.33,0.30,C3'-endo
25,25,0.33,C,C,C,0,1,0,0,0,),10,1,cWW,cW-W,5.03,3.14,0.96,1.44,3.50,5.24,4.54,3.62,BI,anti,.,4.35,4.57,2.86,3.84,3.13,3.90,3.95,4.60,0.01,5.86,0.65,5.63,0.40,38.87,0.30,C3'-endo
26,26,0.34,A,A,A,1,0,0,0,0,.,44,1,cWW,cW-W,5.05,3.07,1.03,1.48,3.62,5.18,4.72,3.21,BI,anti,A,4.78,4.62,2.95,3.94,3.34,3.96,4.42,4.63,0.05,5.85,0.63,5.67,0.36,37.11,0.25,C3'-endo
27,27,0.36,G,G,G,0,0,1,0,0,(,43,1,cWW,cW-W,4.97,3.35,0.90,1.50,3.56,5.16,4.68,3.33,BI,anti,A,4.57,4.58,2.93,3.84,3.21,3.86,4.21,4.35,0.09,5.84,0.61,5.71,0.31,35.62,0.19,C3'-endo
28,28,0.37,G,G,G,0,0,1,0,0,(,42,1,cWW,cW-W,5.05,3.36,0.74,1.44,3.61,5.02,4.87,3.35,BI,anti,A,4.78,4.71,2.89,3.65,3.08,3.71,3.84,3.99,0.11,5.81,0.64,5.69,0.31,36.94,0.16,C3'-endo
29,29,0.38,G,G,G,0,0,1,0,0,(,41,1,cWW,cW-W,5.21,3.14,0.80,1.39,3.68,5.08,4.88,3.48,BI,anti,A,4.62,4.70,2.92,3.73,3.10,3.76,3.57,4.21,0.07,5.82,0.67,5.64,0.36,39.15,0.23,C3'-endo
30,30,0.39,G,G,G,0,0,1,0,0,(,"0,40",2,"tSS,cWW","tm+m,cW-W",5.07,3.10,1.03,1.44,3.66,5.16,4.78,3.24,BI,anti,A,4.75,4.58,2.96,3.83,3.19,3.87,3.88,4.20,0.04,5.86,0.62,5.67,0.37,36.64,0.27,C3'-endo
31,31,0.41,A,A,A,1,0,0,0,0,(,39,1,cWW,cW-W,5.21,3.21,0.93,1.50,3.51,5.19,4.60,3.52,BI,anti,.,4.01,4.13,3.11,3.81,3.41,3.85,3.96,4.57,6.18,5.99,0.55,5.66,0.46,35.57,0.49,C3'-endo
32,32,0.42,U,U,U,0,0,0,1,0,.,38,1,cWW,cW-W,5.06,3.15,0.90,1.44,3.99,5.10,5.17,3.56,BI,anti,.,4.26,4.62,3.00,4.06,3.28,4.20,4.19,5.10,0.02,5.88,0.60,5.68,0.37,36.12,0.29,C3'-endo
33,33,0.43,U,U,U,0,0,0,1,0,.,,0,,,5.18,2.99,0.91,1.46,3.80,5.38,4.71,3.86,BI,anti,.,3.54,4.65,2.86,4.59,3.28,3.76,4.40,2.67,0.04,5.85,0.65,5.65,0.38,38.28,0.26,C3'-endo
34,34,0.45,G,G,G,0,0,1,0,0,[,0,1,cWW,cW-W,2.75,2.67,0.93,1.58,4.03,5.00,5.31,3.26,BI,anti,.,4.41,4.53,0.26,4.19,0.78,4.16,0.45,4.76,0.03,5.92,0.54,5.74,0.33,32.15,0.28,C3'-endo
35,35,0.46,A,A,A,1,0,0,0,0,[,0,1,cWW,cW-W,5.23,2.98,0.80,1.46,3.35,5.20,4.44,3.76,BI,anti,A,3.86,4.40,2.73,3.68,3.15,3.60,4.15,3.90,0.05,5.84,0.64,5.65,0.37,37.86,0.25,C3'-endo
36,36,0.47,A,A,A,1,0,0,0,0,[,0,1,cWW,cW-W,4.94,3.34,0.76,1.43,3.23,5.15,4.37,3.40,BI,anti,A,4.37,4.34,2.80,3.91,2.98,3.87,3.55,4.38,0.04,5.88,0.60,5.69,0.35,35.47,0.26,C3'-endo
37,37,0.49,A,A,A,1,0,0,0,0,.,,0,,,2.95,3.36,2.84,1.46,4.13,5.17,5.24,3.13,..,anti,.,4.48,4.66,2.93,3.94,3.24,4.01,4.02,4.95,0.10,5.82,0.64,5.69,0.31,36.96,0.17,C3'-endo
38,38,0.50,A,A,A,1,0,0,0,0,.,32,1,cWW,cW-W,5.29,2.98,0.76,1.48,3.73,5.28,4.73,3.37,BI,anti,.,4.55,4.57,2.75,4.09,3.22,4.16,4.54,5.02,0.05,5.86,0.62,5.67,0.35,36.76,0.25,C3'-endo
39,39,0.51,U,U,U,0,0,0,1,0,),31,1,cWW,cW-W,5.12,3.11,0.87,1.48,3.66,5.01,4.93,3.48,BI,anti,A,4.41,4.59,2.88,3.77,3.31,3.82,4.52,4.25,0.09,5.82,0.63,5.68,0.32,36.79,0.19,C3'-endo
40,40,0.53,C,C,C,0,1,0,0,0,),30,1,cWW,cW-W,5.26,3.15,0.79,1.49,3.58,4.96,4.90,3.64,BI,anti,A,4.07,4.54,3.00,3.64,3.22,3.68,3.85,3.97,0.07,5.85,0.61,5.69,0.33,36.09,0.23,C3'-endo
41,41,0.54,C,C,C,0,1,0,0,0,),"0,29",2,"cSS,cWW","cm-m,cW-W",5.16,3.25,0.76,1.46,3.25,5.23,4.30,3.55,BI,anti,.,4.31,4.41,2.95,4.06,3.11,3.94,3.56,4.29,0.08,5.84,0.62,5.68,0.33,36.37,0.21,C3'-endo
42,42,0.55,C,C,C,0,1,0,0,0,),28,1,cWW,cW-W,2.76,3.29,3.06,1.46,4.21,4.09,0.12,2.85,..,anti,A,4.63,4.74,2.98,3.53,3.24,3.54,3.98,3.80,0.11,5.80,0.65,5.68,0.31,37.65,0.16,C3'-endo
43,43,0.57,C,C,C,0,1,0,0,0,),27,1,cWW,cW-W,2.08,4.39,3.26,1.44,3.99,5.01,5.26,3.00,BI,anti,A,4.69,4.63,2.94,3.60,3.25,3.60,3.75,4.19,0.03,5.87,0.63,5.66,0.37,37.37,0.28,C3'-endo
44,44,0.58,G,G,G,0,0,1,0,0,.,26,1,cWW,cW-W,5.23,3.23,0.75,1.49,3.55,5.06,4.77,3.65,BI,anti,A,4.11,4.52,2.93,3.71,3.20,3.80,4.03,4.09,0.05,5.87,0.59,5.69,0.34,35.14,0.26,C3'-endo
45,45,0.59,U,U,U,0,0,0,1,0,.,,0,,,5.01,3.27,0.94,1.57,3.62,4.29,5.61,4.05,BI,anti,.,2.93,4.25,3.03,3.34,3.25,3.53,3.63,3.96,0.03,5.92,0.54,5.73,0.33,32.53,0.29,C3'-endo
46,46,0.61,G,G,G,0,0,1,0,0,.,,0,,,5.87,2.63,1.01,2.46,4.23,5.23,5.28,3.98,..,anti,.,1.89,1.82,3.64,5.39,4.00,5.30,4.18,5.79,5.98,0.52,5.76,0.36,6.24,31.14,2.89,C2'-endo
47,47,0.62,U,U,U,0,0,0,1,0,.,,0,,,5.61,2.41,1.19,1.46,4.73,1.78,2.95,3.89,..,anti,.,2.54,4.53,3.31,1.54,4.23,1.56,4.76,1.63,0.02,5.88,0.62,5.66,0.39,37.20,0.30,C3'-endo
48,48,0.63,C,C,C,0,1,0,0,0,.,"8,15",2,"cSS,tWW","cm-m,tW+W",2.24,3.18,2.98,2.49,3.84,1.72,2.12,3.69,..,anti,.,1.63,1.87,3.54,1.09,3.58,0.73,3.53,4.37,5.92,0.59,5.71,0.38,6.27,34.41,2.83,C2'-endo
49,49,0.64,C,C,C,0,1,0,0,0,(,65,1,cWW,cW-W,0.90,2.93,0.88,1.51,3.63,5.23,4.68,3.38,BI,anti,A,4.47,4.51,5.48,4.02,5.63,4.02,2.21,4.68,0.06,5.87,0.58,5.71,0.32,34.39,0.23,C3'-endo
50,50,0.66,U,U,U,0,0,0,1,0,(,64,1,cWW,cW-W,4.97,3.29,0.77,1.47,3.44,5.10,4.63,3.52,BI,anti,A,4.42,4.53,2.75,3.66,3.08,3.72,4.10,4.10,0.06,5.84,0.64,5.66,0.35,37.49,0.24,C3'-endo
51,51,0.67,U,U,U,0,0,0,1,0,.,63,1,cWW,cW-W,5.12,3.25,0.93,1.53,3.33,5.11,4.51,3.64,BI,anti,.,4.02,4.31,3.06,4.13,3.28,3.86,3.83,4.01,0.06,5.88,0.57,5.72,0.32,33.83,0.23,C3'-endo
52,52,0.68,G,G,G,0,0,1,0,0,(,62,1,cWW,cW-W,2.63,3.25,3.01,1.52,3.67,5.09,4.87,3.24,BI,anti,A,4.61,4.52,2.69,3.39,2.95,3.49,3.48,4.27,0.04,5.88,0.60,5.69,0.34,35.33,0.26,C3'-endo
53,53,0.70,G,G,G,0,0,1,0,0,(,61,1,cWW,cW-W,5.05,3.13,0.95,1.52,3.59,4.89,4.98,3.31,BI,anti,A,4.42,4.42,2.93,3.67,3.24,3.71,4.24,4.12,0.05,5.88,0.58,5.71,0.33,34.51,0.25,C3'-endo
54,54,0.71,U,U,U,0,0,0,1,0,.,58,1,tWH,tW-M,5.27,3.01,0.86,1.49,3.93,5.19,5.01,3.23,BI,anti,.,4.47,4.57,3.09,4.21,3.27,4.28,3.85,5.10,0.06,5.88,0.59,5.71,0.32,34.45,0.23,C3'-endo
55,55,0.72,U,U,U,0,0,0,1,0,.,18,1,tSW,tm+W,5.29,3.08,0.71,1.43,3.95,5.09,5.14,3.61,BI,anti,.,4.12,4.70,2.87,4.38,3.26,3.66,4.41,2.60,0.06,5.85,0.63,5.67,0.35,37.04,0.24,C3'-endo
56,56,0.74,C,C,C,0,1,0,0,0,},19,1,cWW,cW-W,2.93,2.85,0.92,1.56,3.49,5.51,4.27,3.29,BI,anti,.,4.25,4.30,0.38,4.61,0.88,4.30,0.50,4.82,0.02,5.92,0.55,5.72,0.34,33.14,0.30,C3'-endo
57,57,0.75,G,G,G,0,0,1,0,0,.,,0,,,2.82,2.92,2.90,1.51,4.22,5.13,5.37,2.93,..,anti,.,4.39,4.64,2.69,3.67,3.07,3.95,4.10,4.45,0.09,5.84,0.61,5.70,0.31,35.53,0.19,C3'-endo
58,58,0.76,A,A,A,1,0,0,0,0,.,54,1,tHW,tM-W,5.46,3.71,1.02,2.66,4.55,3.33,1.22,5.04,BII,anti,.,0.44,0.67,3.83,4.07,4.33,3.17,4.59,2.62,5.93,0.62,5.65,0.45,6.22,37.42,2.90,C2'-endo
59,59,0.78,U,U,U,0,0,0,1,0,.,,0,,,1.56,3.51,1.12,1.58,3.95,5.24,5.00,3.24,BI,anti,.,4.46,4.47,0.41,4.36,0.64,4.54,0.99,5.52,0.03,5.89,0.58,5.71,0.35,34.37,0.28,C3'-endo
60,60,0.79,U,U,U,0,0,0,1,0,.,,0,,,5.28,2.87,1.08,2.43,4.64,5.18,5.74,3.86,..,anti,.,0.92,1.04,3.34,5.48,4.05,5.05,5.23,5.50,5.92,0.57,5.73,0.36,6.28,33.40,2.82,C2'-endo
61,61,0.80,C,C,C,0,1,0,0,0,),53,1,cWW,cW-W,4.64,3.16,0.79,1.45,3.50,5.08,4.70,3.43,BI,anti,.,4.23,4.26,2.05,3.66,2.87,3.70,3.48,4.21,6.25,5.95,0.55,5.70,0.39,33.88,0.38,C3'-endo
62,62,0.82,C,C,C,0,1,0,0,0,),52,1,cWW,cW-W,5.17,3.28,0.69,1.40,3.45,5.01,4.72,3.21,BI,anti,.,4.46,4.52,2.91,3.89,3.08,3.82,3.80,4.03,0.03,5.86,0.63,5.65,0.38,37.36,0.28,C3'-endo
63,63,0.83,G,G,G,0,0,1,0,0,.,51,1,cWW,cW-W,3.03,3.25,2.92,1.54,3.68,5.15,4.82,3.17,BI,anti,A,4.51,4.45,3.02,3.47,3.22,3.54,3.66,4.12,0.05,5.89,0.56,5.74,0.31,32.77,0.24,C3'-endo
64,64,0.84,A,A,A,1,0,0,0,0,),50,1,cWW,cW-W,5.10,3.28,0.67,1.44,3.37,4.63,5.02,3.58,BI,anti,A,4.36,4.45,2.80,3.77,3.08,3.70,3.88,4.15,0.03,5.88,0.60,5.68,0.36,35.70,0.29,C3'-endo
65,65,0.86,G,G,G,0,0,1,0,0,),49,1,cWW,cW-W,2.70,3.80,2.84,1.51,3.69,5.17,4.80,3.00,BI,anti,A,4.45,4.55,2.74,3.76,3.05,3.71,3.82,4.05,0.09,5.85,0.59,5.72,0.30,34.60,0.18,C3'-endo
66,66,0.87,U,U,U,0,0,0,1,0,),7,1,cWW,cW-W,4.96,3.56,0.77,1.45,3.78,4.34,5.72,3.71,BI,anti,A,4.08,4.70,2.97,3.82,3.15,3.74,3.70,4.03,0.05,5.86,0.61,5.68,0.35,36.01,0.25,C3'-endo
67,67,0.88,C,C,C,0,1,0,0,0,),6,1,cWW,cW-W,2.30,3.96,3.06,1.47,4.01,5.12,5.18,3.06,BI,anti,A,4.89,4.79,2.67,3.83,2.92,3.81,3.51,4.31,0.16,5.77,0.66,5.70,0.27,37.72,0.09,C3'-endo
68,68,0.89,C,C,C,0,1,0,0,0,),5,1,cWW,cW-W,5.22,3.30,0.84,1.50,3.64,4.89,5.03,3.61,BI,anti,.,4.04,4.36,3.02,3.62,3.33,3.68,4.10,4.28,6.28,5.92,0.57,5.69,0.38,34.60,0.34,C3'-endo
69,69,0.91,G,G,G,0,0,1,0,0,),4,1,cWW,cW-W,5.07,3.09,0.84,1.49,3.61,4.95,4.95,3.48,BI,anti,A,4.48,4.63,2.85,3.70,3.04,3.69,3.80,3.85,0.09,5.83,0.63,5.69,0.32,36.74,0.19,C3'-endo
70,70,0.92,G,G,G,0,0,1,0,0,),3,1,cWW,cW-W,5.24,2.92,0.98,1.35,3.55,5.10,4.73,3.36,BI,anti,A,4.69,4.65,2.93,3.65,3.15,3.67,3.61,4.22,0.02,5.83,0.69,5.60,0.42,41.11,0.29,C3'-endo
71,71,0.93,G,G,G,0,0,1,0,0,),2,1,cWW,cW-W,5.22,3.44,0.65,1.43,3.48,4.61,5.16,3.60,BI,anti,.,4.37,4.66,3.01,3.82,3.15,3.81,3.88,3.90,0.15,5.78,0.65,5.70,0.28,37.57,0.10,C3'-endo
72,72,0.95,C,C,C,0,1,0,0,0,),1,1,cWW,cW-W,2.30,4.06,3.34,1.48,4.37,4.66,5.99,2.88,..,anti,.,4.61,4.65,3.24,4.16,3.43,4.03,3.78,4.91,0.08,5.85,0.62,5.69,0.32,36.07,0.21,C3'-endo
73,73,0.96,A,A,A,1,0,0,0,0,.,,0,,,2.44,3.81,3.02,1.50,4.42,1.31,3.11,3.08,..,anti,.,4.66,4.70,2.56,0.79,3.05,0.89,4.33,1.37,0.10,5.82,0.63,5.69,0.31,36.66,0.17,C3'-endo
74,74,0.97,C,C,C,0,1,0,0,0,{,0,1,cWW,cW-W,2.53,3.97,2.30,1.46,3.90,5.04,5.14,3.29,BI,anti,A,4.52,4.56,2.88,4.06,3.24,3.97,3.26,4.07,0.03,5.89,0.59,5.69,0.36,35.27,0.29,C3'-endo
75,75,0.99,C,C,C,0,1,0,0,0,{,0,1,cWW,cW-W,4.92,3.56,0.73,1.48,4.51,5.46,5.34,4.18,..,anti,B,1.62,4.46,3.09,4.26,3.21,4.19,3.48,4.19,0.01,5.90,0.59,5.68,0.37,35.28,0.31,C3'-endo
76,76,1.00,A,A,A,1,0,0,0,0,.,,0,,,4.55,1.07,3.15,2.80,,,,4.50,n/a,anti,-,,,,,,,,,6.03,0.53,5.70,0.45,6.16,33.45,3.02,C2'-endo
