index_chain,old_nt_resnum,nt_position,nt_name,nt_code,nt_align_code,is_A,is_C,is_G,is_U,is_other,dbn,paired,nb_interact,pair_type_LW,pair_type_DSSR,alpha,beta,gamma,delta,epsilon,zeta,epsilon_zeta,chi,bb_type,glyco_bond,form,ssZp,Dp,eta,theta,eta_prime,theta_prime,eta_base,theta_base,v0,v1,v2,v3,v4,amplitude,phase_angle,puckering
1,1,0.01,U,U,U,0,0,0,1,0,.,,0,,,,,1.86,1.51,3.37,4.70,4.95,2.87,BI,anti,.,3.55,4.21,,,,,,,6.22,6.02,0.46,5.77,0.36,29.07,0.45,C3'-endo
2,2,0.02,C,C,C,0,1,0,0,0,(,119,1,cWW,cW-W,3.74,4.92,1.42,1.44,3.62,4.86,5.04,2.89,BI,anti,.,3.77,4.32,3.10,3.99,3.08,3.92,3.75,4.03,6.15,6.04,0.50,5.69,0.45,33.47,0.54,C3'-endo
3,3,0.03,C,C,C,0,1,0,0,0,(,118,1,cWW,cW-W,5.36,3.16,0.73,1.39,3.87,4.60,5.55,3.37,BI,anti,.,4.58,4.72,3.09,3.41,3.21,3.48,3.65,3.42,0.10,5.80,0.68,5.65,0.34,39.42,0.19,C3'-endo
4,4,0.03,C,C,C,0,1,0,0,0,(,117,1,cWW,cW-W,5.19,2.63,1.21,1.39,3.70,5.26,4.72,3.39,BI,anti,A,4.49,4.60,2.96,4.01,3.11,3.92,3.16,4.48,6.26,5.92,0.60,5.65,0.41,36.77,0.36,C3'-endo
5,5,0.04,C,C,C,0,1,0,0,0,(,116,1,cWW,cW-W,4.68,2.99,1.48,1.38,3.77,5.03,5.03,3.41,BI,anti,A,4.27,4.43,2.94,3.76,3.29,3.72,4.21,4.12,6.12,6.04,0.53,5.65,0.51,36.23,0.58,C3'-endo
6,6,0.05,C,C,C,0,1,0,0,0,(,115,1,cWW,cW-W,4.93,3.02,1.12,1.34,3.97,4.73,5.52,3.46,BI,anti,.,4.26,4.58,2.89,4.00,3.11,3.80,3.72,4.14,6.12,6.02,0.56,5.61,0.52,38.01,0.56,C3'-endo
7,7,0.06,G,G,G,0,0,1,0,0,(,114,1,cWW,cW-W,1.37,3.80,4.33,1.47,4.09,4.84,5.53,3.37,..,anti,.,4.54,4.79,3.05,3.64,3.13,3.73,3.75,4.69,0.19,5.77,0.63,5.74,0.23,36.30,0.04,C3'-endo
8,8,0.07,U,U,U,0,0,0,1,0,(,113,1,cWW,cW-W,2.18,3.70,3.37,1.50,4.46,4.13,0.33,3.33,..,anti,.,4.55,4.89,2.73,3.60,3.15,3.50,4.39,3.64,0.28,5.69,0.66,5.76,0.16,38.13,6.19,C2'-exo
9,9,0.07,G,G,G,0,0,1,0,0,(,112,1,cWW,cW-W,1.76,4.17,3.51,1.43,4.07,5.05,5.31,3.04,BI,anti,.,4.86,4.87,2.81,3.56,3.04,3.65,3.46,4.33,0.21,5.72,0.69,5.69,0.24,39.58,0.03,C3'-endo
10,10,0.08,C,C,C,0,1,0,0,0,(,111,1,cWW,cW-W,5.33,3.20,0.72,1.40,3.67,5.15,4.81,3.26,BI,anti,.,4.70,4.71,2.90,3.81,3.21,3.86,4.20,4.11,0.14,5.75,0.70,5.65,0.31,40.48,0.13,C3'-endo
11,11,0.09,C,C,C,0,1,0,0,0,(,110,1,cWW,cW-W,5.03,3.10,1.10,1.37,4.62,4.46,0.16,3.52,..,anti,.,3.83,4.55,3.19,4.21,3.36,4.55,3.74,5.32,6.19,5.95,0.60,5.61,0.48,38.62,0.46,C3'-endo
12,12,0.10,C,C,C,0,1,0,0,0,.,,0,,,5.97,1.93,1.39,2.36,3.68,3.36,0.32,3.59,..,anti,.,1.44,2.10,2.89,3.46,4.11,2.73,5.01,3.10,5.71,0.69,5.74,0.23,0.21,38.86,2.51,C1'-exo
13,13,0.11,A,A,A,1,0,0,0,0,.,,0,,,0.48,3.27,0.46,1.44,3.77,4.14,5.91,3.55,..,anti,.,4.33,4.66,4.67,3.18,4.40,2.66,4.24,3.52,0.02,5.90,0.58,5.70,0.36,34.81,0.29,C3'-endo
14,14,0.12,U,U,U,0,0,0,1,0,.,,0,,,1.13,3.73,1.21,2.46,4.69,4.89,6.08,5.52,..,...,.,-0.16,0.87,0.00,5.30,0.13,5.09,5.22,5.60,5.88,0.59,5.73,0.34,0.03,34.14,2.76,C2'-endo
15,15,0.12,A,A,A,1,0,0,0,0,.,,0,,,5.26,3.13,0.48,2.64,4.06,5.66,4.69,3.81,..,anti,.,1.10,1.36,2.51,5.63,3.46,5.39,3.54,5.80,5.93,0.64,5.62,0.48,6.20,38.58,2.93,C2'-endo
16,16,0.13,G,G,G,0,0,1,0,0,(,68,1,cWW,cW-W,4.64,3.22,1.07,1.35,3.88,4.87,5.29,3.13,BI,anti,A,4.62,4.68,2.55,3.69,3.39,3.74,4.11,4.13,6.26,5.88,0.65,5.60,0.45,40.02,0.36,C3'-endo
17,17,0.14,C,C,C,0,1,0,0,0,(,"67,109",2,"cWW,cHW","cW-W,cM+W",5.09,2.91,1.14,1.34,4.08,4.93,5.44,3.31,..,anti,.,4.55,4.67,3.02,3.87,3.19,3.91,3.72,4.68,6.16,5.97,0.60,5.60,0.51,39.13,0.50,C3'-endo
18,18,0.15,G,G,G,0,0,1,0,0,(,65,1,cWW,cW-W,5.02,2.58,1.29,1.39,3.67,5.23,4.72,3.23,BI,anti,.,4.60,4.63,2.72,3.99,3.15,3.93,4.32,4.67,0.04,5.83,0.66,5.63,0.38,39.36,0.26,C3'-endo
19,19,0.16,G,G,G,0,0,1,0,0,(,64,1,cWW,cW-W,4.76,3.40,1.03,1.38,4.30,5.07,5.52,3.48,..,anti,.,4.33,4.91,2.98,3.81,3.21,3.66,4.25,3.51,0.20,5.71,0.72,5.67,0.27,41.04,0.05,C3'-endo
20,20,0.17,C,C,C,0,1,0,0,0,(,63,1,cWW,cW-W,4.62,1.50,2.48,1.42,4.15,5.48,4.95,3.23,..,anti,.,4.78,4.86,3.07,3.76,3.11,3.83,3.21,4.46,0.23,5.71,0.69,5.70,0.22,39.63,0.00,C3'-endo
21,21,0.17,G,G,G,0,0,1,0,0,(,62,1,cWW,cW-W,5.19,3.53,0.47,1.32,3.25,4.75,4.79,3.72,BI,anti,A,4.11,4.51,2.65,3.50,3.09,3.48,4.11,4.04,6.28,5.87,0.66,5.61,0.43,39.81,0.34,C3'-endo
22,22,0.18,U,U,U,0,0,0,1,0,.,61,1,cWW,cW-W,2.51,3.73,3.04,1.44,4.21,4.58,5.91,3.23,..,anti,A,4.74,4.84,2.84,3.61,3.04,3.67,3.84,4.23,0.29,5.67,0.70,5.73,0.17,40.40,6.20,C2'-exo
23,23,0.19,G,G,G,0,0,1,0,0,(,60,1,cWW,cW-W,5.93,2.69,0.61,1.46,4.16,4.41,6.04,3.60,..,anti,.,4.06,4.72,3.19,3.60,3.42,3.91,4.12,3.11,0.08,5.86,0.58,5.73,0.30,34.00,0.19,C3'-endo
24,24,0.20,G,G,G,0,0,1,0,0,.,"27,59",2,"tSW,c.W","tm+W,c.-W",4.38,3.29,1.52,2.58,4.40,1.61,2.79,4.96,..,anti,.,0.38,1.17,3.20,1.90,3.41,1.27,2.62,1.07,6.02,0.54,5.69,0.45,6.16,33.98,3.01,C2'-endo
25,25,0.21,A,A,A,1,0,0,0,0,.,,0,,,3.24,3.57,0.49,1.53,3.95,4.80,5.43,3.40,BI,anti,.,4.54,4.75,1.75,3.75,1.68,3.92,1.74,4.51,0.23,5.78,0.58,5.81,0.16,33.53,6.23,C2'-exo
26,26,0.22,A,A,A,1,0,0,0,0,.,,0,,,5.46,2.66,0.94,1.42,4.25,5.02,5.52,3.63,..,anti,.,3.93,4.88,3.06,4.20,3.35,4.18,4.07,4.67,0.20,5.73,0.68,5.70,0.25,38.85,0.04,C3'-endo
27,27,0.23,C,C,C,0,1,0,0,0,.,24,1,tWS,tW+m,4.85,2.75,1.32,1.30,3.56,5.36,4.48,3.35,BI,anti,.,4.64,4.69,2.59,4.01,3.06,3.97,4.04,4.65,0.13,5.71,0.78,5.56,0.37,45.02,0.17,C3'-endo
28,28,0.23,C,C,C,0,1,0,0,0,(,56,1,cWW,cW-W,4.51,3.60,1.19,1.38,3.45,5.21,4.52,3.58,BI,anti,A,4.35,4.59,2.85,3.73,3.16,3.71,4.22,4.22,0.03,5.83,0.68,5.60,0.40,40.72,0.27,C3'-endo
29,29,0.24,A,A,A,1,0,0,0,0,(,"55,58",2,"cWW,cSW","cW-W,cm-W",4.77,2.88,1.42,1.37,4.32,4.72,5.89,3.32,..,anti,A,4.51,4.77,3.05,3.67,3.26,3.59,4.04,3.78,0.05,5.83,0.67,5.62,0.38,39.66,0.25,C3'-endo
30,30,0.25,C,C,C,0,1,0,0,0,(,"54,57",2,"cWW,cSW","cW-W,cm-W",4.78,2.10,1.75,1.35,3.12,0.28,2.84,3.48,..,anti,.,4.41,4.49,2.63,4.77,3.08,4.53,3.63,5.17,0.12,5.74,0.73,5.60,0.35,42.40,0.16,C3'-endo
31,31,0.26,C,C,C,0,1,0,0,0,(,"51,53",2,"cWW,tSW","cW-W,tm+W",4.16,3.33,1.14,1.35,3.56,5.23,4.61,3.67,BI,anti,.,4.07,4.48,2.67,3.77,3.43,3.84,4.75,4.58,6.13,6.00,0.59,5.59,0.53,39.52,0.54,C3'-endo
32,32,0.27,C,C,C,0,1,0,0,0,(,50,1,cWW,cW-W,5.08,3.48,0.64,1.47,3.61,4.88,5.01,3.59,BI,anti,.,4.30,4.64,2.92,4.06,3.13,3.95,4.04,4.19,0.16,5.79,0.63,5.73,0.25,36.17,0.08,C3'-endo
33,33,0.28,G,G,G,0,0,1,0,0,(,"35,49",2,"cSH,cWW","cm+M,cW-W",2.41,3.53,3.23,1.50,4.34,4.42,6.20,3.39,..,anti,.,4.42,4.78,2.85,3.38,3.07,3.66,3.58,4.28,0.14,5.81,0.61,5.74,0.26,34.97,0.10,C3'-endo
34,34,0.28,U,U,U,0,0,0,1,0,(,"36,48",2,"cSH,cWW","cm+M,cW-W",5.74,2.31,1.14,2.47,4.40,1.93,2.47,4.42,..,anti,.,1.28,1.21,3.35,2.24,4.00,1.92,4.54,2.00,5.78,0.70,5.66,0.35,0.09,39.81,2.69,C2'-endo
35,35,0.29,U,U,U,0,0,0,1,0,.,33,1,cHS,cM+m,3.08,4.00,1.05,1.37,3.66,5.29,4.66,3.40,BI,anti,.,4.30,4.42,2.43,3.96,2.10,4.05,2.09,4.89,6.11,6.04,0.54,5.63,0.52,37.09,0.59,C3'-endo
36,36,0.30,C,C,C,0,1,0,0,0,.,"34,49",2,"cHS,cWS","cM+m,cW-m",5.07,2.94,1.12,1.28,4.17,4.56,5.89,3.49,..,anti,A,4.25,4.73,3.00,3.58,3.34,3.68,4.44,4.08,6.21,5.91,0.65,5.57,0.50,41.17,0.43,C3'-endo
37,37,0.31,C,C,C,0,1,0,0,0,.,48,1,cWS,cW-m,5.46,2.85,0.69,1.35,3.68,5.65,4.31,3.48,BI,anti,.,4.47,4.68,2.88,4.30,3.02,4.35,3.53,5.19,0.00,5.86,0.66,5.61,0.42,39.58,0.32,C3'-endo
38,38,0.32,C,C,C,0,1,0,0,0,(,44,1,cWW,cW-W,4.80,3.40,0.79,1.32,3.30,4.83,4.75,3.52,BI,anti,A,4.45,4.55,2.63,3.68,3.14,3.65,4.45,4.15,0.03,5.82,0.70,5.58,0.42,41.77,0.28,C3'-endo
39,39,0.33,A,A,A,1,0,0,0,0,.,46,1,cSW,cm-W,2.95,3.60,2.93,1.58,4.21,4.12,0.10,3.16,..,anti,.,4.53,4.60,3.18,3.16,3.31,3.38,3.97,3.12,0.11,5.90,0.49,5.85,0.21,28.06,0.10,C3'-endo
40,40,0.33,U,U,U,0,0,0,1,0,.,"43,45",2,"tSH,tSH","tm-M,tm-M",5.80,2.60,0.69,2.53,4.70,5.29,5.69,4.03,..,anti,.,0.91,0.80,3.49,5.76,3.81,5.14,3.45,4.23,5.84,0.66,5.67,0.38,0.04,37.90,2.76,C2'-endo
41,41,0.34,U,U,U,0,0,0,1,0,.,,0,,,5.37,3.02,3.10,1.44,3.56,1.16,2.39,5.30,..,anti,.,-1.86,4.28,5.10,5.91,5.81,5.44,0.59,5.34,6.09,6.10,0.46,5.70,0.49,33.27,0.66,C4'-exo
42,42,0.35,C,C,C,0,1,0,0,0,.,,0,,,1.29,2.57,3.09,1.40,4.02,5.20,5.10,3.54,BI,anti,.,4.27,4.75,1.54,3.40,2.14,3.63,2.65,4.49,0.06,5.84,0.65,5.65,0.36,38.22,0.24,C3'-endo
43,43,0.36,C,C,C,0,1,0,0,0,.,40,1,tHS,tM-m,5.17,2.90,1.17,1.40,4.54,4.49,0.05,3.60,..,anti,.,3.53,4.36,3.16,4.39,3.53,4.28,4.48,4.59,6.14,6.03,0.53,5.66,0.49,35.53,0.56,C3'-endo
44,44,0.37,G,G,G,0,0,1,0,0,),"38,47",2,"cWW,tSW","cW-W,tm+W",0.50,2.69,1.66,1.95,4.10,2.80,1.29,4.44,BII,anti,.,1.58,2.61,4.94,1.71,5.40,1.31,5.29,1.21,5.74,0.43,6.12,6.14,0.43,30.44,1.88,O4'-endo
45,45,0.38,A,A,A,1,0,0,0,0,.,40,1,tHS,tM-m,3.30,2.58,0.69,1.38,4.33,4.88,5.74,2.87,..,anti,.,4.77,4.80,1.63,4.20,1.62,4.28,1.86,5.05,0.08,5.77,0.71,5.60,0.38,41.79,0.21,C3'-endo
46,46,0.38,A,A,A,1,0,0,0,0,.,39,1,cWS,cW-m,5.26,2.76,1.08,1.48,4.24,4.81,5.72,3.35,..,anti,.,4.31,4.53,2.99,4.06,3.35,4.07,4.47,4.81,6.24,5.98,0.50,5.74,0.37,31.42,0.40,C3'-endo
47,47,0.39,C,C,C,0,1,0,0,0,.,44,1,tWS,tW+m,5.26,2.69,0.95,1.54,3.65,5.38,4.55,3.44,BI,anti,.,4.05,4.11,2.73,4.24,3.14,4.17,4.19,4.80,6.07,6.17,0.37,5.78,0.45,28.93,0.75,C4'-exo
48,48,0.40,A,A,A,1,0,0,0,0,),"34,37",2,"cWW,cSW","cW-W,cm-W",4.84,3.18,0.94,1.32,3.69,4.62,5.35,3.39,BI,anti,.,4.27,4.43,2.72,3.35,3.13,3.44,4.15,3.98,6.12,6.01,0.58,5.59,0.54,39.18,0.56,C3'-endo
49,49,0.41,C,C,C,0,1,0,0,0,),"33,36",2,"cWW,cSW","cW-W,cm-W",5.54,2.68,0.84,1.43,3.54,5.02,4.81,3.76,BI,anti,A,3.94,4.55,2.97,3.72,3.18,3.66,3.85,4.02,0.05,5.86,0.62,5.68,0.35,36.31,0.24,C3'-endo
50,50,0.42,G,G,G,0,0,1,0,0,),32,1,cWW,cW-W,4.84,3.32,0.89,1.39,3.30,4.73,4.85,3.56,BI,anti,A,4.39,4.59,2.73,3.84,2.91,3.84,3.56,4.25,0.19,5.71,0.72,5.65,0.28,41.46,0.07,C3'-endo
51,51,0.42,G,G,G,0,0,1,0,0,),31,1,cWW,cW-W,2.85,4.01,2.90,1.47,4.14,4.50,5.92,3.26,..,anti,.,4.68,4.76,3.09,3.61,3.41,3.69,4.12,4.28,0.11,5.83,0.61,5.72,0.28,35.15,0.14,C3'-endo
52,52,0.43,A,A,A,1,0,0,0,0,.,,0,,,5.69,2.46,1.13,2.00,3.78,3.50,0.29,3.81,..,anti,.,2.85,3.13,3.23,2.95,3.73,2.56,4.49,2.24,6.12,0.18,6.16,0.03,0.08,10.22,2.34,C1'-exo
53,53,0.44,A,A,A,1,0,0,0,0,.,31,1,tWS,tW+m,5.70,2.98,5.64,1.42,3.37,5.67,3.98,0.80,BI,syn,.,-3.97,4.63,2.37,3.66,2.06,3.91,2.16,3.84,0.09,5.80,0.66,5.66,0.34,38.55,0.20,C3'-endo
54,54,0.45,G,G,G,0,0,1,0,0,),30,1,cWW,cW-W,4.47,2.92,1.64,1.44,3.77,5.16,4.90,3.10,BI,anti,.,4.80,4.78,2.96,3.91,3.54,3.87,3.75,4.22,0.21,5.72,0.68,5.71,0.23,39.20,0.01,C3'-endo
55,55,0.46,U,U,U,0,0,0,1,0,),29,1,cWW,cW-W,5.10,3.44,0.79,1.39,3.59,5.59,4.29,3.07,BI,anti,.,4.66,4.70,2.98,3.79,3.21,3.76,3.90,3.43,0.15,5.75,0.70,5.65,0.31,40.51,0.12,C3'-endo
56,56,0.47,G,G,G,0,0,1,0,0,),"28,58",2,"cWW,cSH","cW-W,cm+M",4.16,1.86,3.09,2.72,4.48,2.22,2.25,3.81,BII,anti,.,0.78,1.12,4.41,1.13,4.26,1.50,3.87,1.58,6.20,0.45,5.66,0.59,5.96,36.45,3.34,C3'-exo
57,57,0.47,A,A,A,1,0,0,0,0,.,30,1,cWS,cW-m,3.25,3.60,0.96,1.45,3.96,5.19,5.05,3.47,BI,anti,.,4.46,4.79,2.43,4.13,2.14,4.23,2.27,4.79,0.21,5.74,0.66,5.73,0.22,37.80,0.01,C3'-endo
58,58,0.48,A,A,A,1,0,0,0,0,.,"29,56",2,"cWS,cHS","cW-m,cM+m",5.14,3.12,0.92,1.37,3.75,5.25,4.78,3.47,BI,anti,.,4.54,4.76,2.86,3.96,3.24,4.03,4.12,4.85,0.10,5.80,0.67,5.65,0.34,39.07,0.19,C3'-endo
59,59,0.49,A,A,A,1,0,0,0,0,.,24,1,cW.,cW-.,4.71,3.05,1.23,1.38,4.40,4.69,5.99,3.14,..,anti,.,4.76,4.84,2.88,4.01,3.23,4.08,4.40,4.94,0.21,5.69,0.75,5.64,0.27,42.76,0.05,C3'-endo
60,60,0.50,C,C,C,0,1,0,0,0,),23,1,cWW,cW-W,5.39,2.43,1.10,1.35,3.97,4.66,5.60,3.16,BI,anti,A,4.81,4.78,2.81,3.74,3.20,3.71,4.51,3.89,0.10,5.76,0.73,5.59,0.37,42.60,0.19,C3'-endo
61,61,0.51,G,G,G,0,0,1,0,0,.,22,1,cWW,cW-W,5.56,2.72,0.90,1.40,3.83,5.10,5.01,3.30,BI,anti,A,4.62,4.69,3.08,3.95,3.26,3.91,3.73,4.51,0.02,5.87,0.62,5.66,0.38,37.13,0.29,C3'-endo
62,62,0.52,C,C,C,0,1,0,0,0,),21,1,cWW,cW-W,4.83,2.95,1.18,1.30,3.56,4.53,5.31,3.34,BI,anti,A,4.58,4.63,2.69,3.83,3.03,3.75,4.04,4.20,0.02,5.81,0.73,5.55,0.45,43.72,0.30,C3'-endo
63,63,0.53,G,G,G,0,0,1,0,0,),20,1,cWW,cW-W,2.91,3.96,2.76,1.39,4.41,4.54,6.15,3.12,..,anti,A,4.74,4.79,2.93,3.75,3.14,3.74,3.84,4.08,0.07,5.81,0.67,5.63,0.37,39.33,0.23,C3'-endo
64,64,0.53,C,C,C,0,1,0,0,0,),19,1,cWW,cW-W,5.47,2.41,1.06,1.26,4.01,4.56,5.74,3.49,..,anti,A,4.29,4.63,2.88,3.50,3.17,3.47,3.78,3.90,6.09,6.00,0.62,5.53,0.59,42.52,0.58,C3'-endo
65,65,0.54,C,C,C,0,1,0,0,0,),18,1,cWW,cW-W,5.20,2.55,1.15,1.37,4.02,5.40,4.90,3.30,BI,anti,.,4.56,4.67,2.94,4.30,3.07,4.40,3.67,4.99,6.23,5.92,0.61,5.63,0.45,37.89,0.40,C3'-endo
66,66,0.55,A,A,A,1,0,0,0,0,.,,0,,,5.15,3.87,1.26,2.61,4.08,2.11,1.97,5.04,..,anti,.,0.32,1.41,3.72,2.50,4.34,2.00,4.81,1.93,6.02,0.55,5.66,0.48,6.14,35.83,3.04,C2'-endo
67,67,0.56,G,G,G,0,0,1,0,0,),"17,109",2,"cWW,tHW","cW-W,tM-W",2.72,3.72,1.16,1.42,3.77,4.98,5.07,3.31,BI,anti,A,4.69,4.76,1.87,3.81,1.69,3.86,1.96,4.08,0.18,5.74,0.69,5.68,0.27,39.39,0.07,C3'-endo
68,68,0.57,C,C,C,0,1,0,0,0,),16,1,cWW,cW-W,5.19,3.12,0.95,1.38,3.68,5.24,4.72,3.51,BI,anti,.,4.47,4.70,3.00,3.92,3.20,3.98,3.64,4.83,0.06,5.84,0.64,5.66,0.35,37.65,0.23,C3'-endo
69,69,0.57,G,G,G,0,0,1,0,0,(,108,1,cWW,cW-W,4.88,3.26,0.97,1.43,3.79,4.97,5.10,3.21,BI,anti,A,4.80,4.79,2.84,3.85,3.16,3.93,4.34,4.46,0.19,5.72,0.70,5.68,0.26,40.25,0.05,C3'-endo
70,70,0.58,C,C,C,0,1,0,0,0,(,107,1,cWW,cW-W,5.50,2.96,0.76,1.36,4.13,4.62,5.79,3.23,..,anti,A,4.74,4.82,3.11,3.77,3.35,3.90,4.16,4.40,0.17,5.70,0.76,5.60,0.32,43.92,0.11,C3'-endo
71,71,0.59,C,C,C,0,1,0,0,0,(,106,1,cWW,cW-W,5.53,2.56,1.11,1.44,3.99,5.31,4.96,3.18,BI,anti,.,4.60,4.67,3.16,4.33,3.42,4.28,4.14,5.11,0.06,5.85,0.61,5.69,0.34,36.05,0.23,C3'-endo
72,72,0.60,G,G,G,0,0,1,0,0,.,105,1,tSH,tm-M,4.81,3.08,1.14,1.42,4.13,3.48,0.65,3.42,..,anti,.,4.30,4.62,2.79,2.83,3.23,2.59,4.50,2.56,6.22,5.96,0.57,5.66,0.43,35.62,0.42,C3'-endo
73,73,0.61,A,A,A,1,0,0,0,0,.,104,1,tHW,tM-W,0.92,4.54,4.12,1.48,4.31,5.08,5.51,2.83,..,anti,.,4.47,4.66,3.60,3.36,3.19,3.69,2.98,4.59,0.05,5.90,0.56,5.73,0.32,33.11,0.25,C3'-endo
74,74,0.62,U,U,U,0,0,0,1,0,.,103,1,tHW,tM-W,5.44,2.88,0.63,1.38,3.40,4.81,4.87,3.37,BI,anti,.,4.34,4.40,2.60,4.07,3.14,4.07,4.35,5.09,6.19,5.95,0.60,5.61,0.48,38.51,0.46,C3'-endo
75,75,0.62,G,G,G,0,0,1,0,0,.,102,1,cWW,cW-W,2.85,4.10,2.68,1.33,4.41,4.95,5.75,3.24,..,anti,.,4.37,4.58,2.91,4.05,3.30,3.97,4.65,4.64,6.18,5.96,0.60,5.60,0.49,38.66,0.47,C3'-endo
76,76,0.63,G,G,G,0,0,1,0,0,.,101,1,tWH,tW-M,4.95,2.61,1.27,1.25,3.89,4.75,5.42,3.42,BI,anti,A,4.42,4.72,2.54,3.60,2.97,3.60,4.07,4.08,0.03,5.79,0.75,5.53,0.45,44.88,0.29,C3'-endo
77,77,0.64,U,U,U,0,0,0,1,0,.,100,1,tWH,tW-M,5.50,2.64,1.05,1.32,3.72,4.99,5.01,3.59,BI,anti,.,4.25,4.71,3.02,3.72,3.28,3.70,4.03,4.08,0.09,5.76,0.74,5.58,0.39,43.08,0.21,C3'-endo
78,78,0.65,A,A,A,1,0,0,0,0,.,99,1,tHS,tM-m,5.14,3.14,1.09,1.36,3.65,5.48,4.45,3.33,BI,anti,.,4.61,4.65,3.10,4.14,3.27,4.22,3.88,5.19,0.01,5.86,0.65,5.62,0.41,39.05,0.31,C3'-endo
79,79,0.66,C,C,C,0,1,0,0,0,(,98,1,cWW,cW-W,4.68,3.20,1.11,1.42,3.78,4.91,5.15,3.37,BI,anti,A,4.67,4.75,2.72,3.83,3.23,3.89,4.67,4.21,0.15,5.73,0.73,5.63,0.32,41.87,0.12,C3'-endo
80,80,0.67,U,U,U,0,0,0,1,0,(,97,1,cWW,cW-W,5.49,2.85,1.04,1.49,3.67,4.39,5.57,3.48,BI,anti,.,4.38,4.49,3.20,3.25,3.51,3.25,4.11,3.44,6.24,5.97,0.53,5.72,0.38,32.72,0.40,C3'-endo
81,81,0.68,G,G,G,0,0,1,0,0,(,96,1,cWW,cW-W,5.33,3.02,0.64,1.46,3.82,5.25,4.85,3.31,BI,anti,A,4.69,4.76,2.99,4.08,2.91,4.12,3.15,4.88,0.20,5.73,0.68,5.70,0.24,38.93,0.04,C3'-endo
82,82,0.68,G,G,G,0,0,1,0,0,(,95,1,cWW,cW-W,4.80,3.11,1.08,1.34,3.56,5.18,4.66,3.34,BI,anti,A,4.63,4.66,2.67,3.72,3.07,3.77,4.29,4.25,0.14,5.70,0.78,5.57,0.36,45.33,0.15,C3'-endo
83,83,0.69,G,G,G,0,0,1,0,0,(,94,1,cWW,cW-W,5.08,3.48,0.88,1.46,3.30,6.12,3.46,3.57,..,anti,.,4.22,4.43,3.07,4.25,3.27,4.00,3.96,4.08,0.08,5.84,0.63,5.69,0.32,36.74,0.20,C3'-endo
84,84,0.70,C,C,C,0,1,0,0,0,(,93,1,cWW,cW-W,3.52,1.85,2.98,1.56,3.97,4.74,5.51,3.16,BI,anti,.,4.68,4.75,3.16,3.38,3.27,3.42,3.70,3.68,0.23,5.76,0.60,5.80,0.16,34.24,6.22,C2'-exo
85,85,0.71,G,G,G,0,0,1,0,0,(,92,1,cWW,cW-W,2.24,3.59,3.48,1.40,3.76,5.36,4.69,3.10,BI,anti,.,4.76,4.77,2.78,3.50,3.08,3.61,3.61,4.16,0.14,5.76,0.69,5.65,0.31,39.91,0.13,C3'-endo
86,86,0.72,G,G,G,0,0,1,0,0,(,91,1,cWW,cW-W,5.02,3.39,0.87,1.35,3.72,4.97,5.04,3.42,BI,anti,A,4.43,4.56,2.93,3.62,3.23,3.71,4.00,4.50,6.17,5.97,0.60,5.61,0.50,38.63,0.49,C3'-endo
87,87,0.72,G,G,G,0,0,1,0,0,.,90,1,tSH,tm-M,5.15,2.94,0.87,1.30,4.08,5.19,5.18,3.53,BI,anti,.,4.24,4.86,2.83,4.05,3.03,3.39,4.00,2.39,0.13,5.72,0.76,5.58,0.36,44.27,0.16,C3'-endo
88,88,0.73,C,C,C,0,1,0,0,0,.,,0,,,3.70,2.32,0.81,1.39,3.45,4.52,5.21,3.57,BI,anti,.,4.13,4.29,0.74,3.99,1.08,3.84,0.52,4.71,6.08,6.09,0.49,5.67,0.52,35.14,0.65,C4'-exo
89,89,0.74,G,G,G,0,0,1,0,0,.,,0,,,2.63,4.12,2.79,1.40,3.85,4.89,5.25,3.33,BI,anti,A,4.56,4.67,2.69,3.70,3.12,3.57,4.41,4.11,0.04,5.87,0.62,5.67,0.36,36.81,0.26,C3'-endo
90,90,0.75,A,A,A,1,0,0,0,0,.,"87,91",2,"tHS,cHS","tM-m,cM+m",5.31,3.10,0.62,1.48,3.80,5.30,4.78,3.46,BI,anti,.,4.50,4.74,2.83,4.80,3.02,4.94,3.89,5.40,0.21,5.75,0.63,5.76,0.20,36.02,6.27,C2'-exo
91,91,0.76,C,C,C,0,1,0,0,0,),"86,90",2,"cWW,cSH","cW-W,cm+M",2.50,4.00,3.32,1.44,3.59,5.14,4.73,3.41,BI,anti,.,4.59,4.65,3.13,3.38,3.95,3.36,5.14,3.66,0.11,5.81,0.64,5.69,0.30,37.11,0.16,C3'-endo
92,92,0.77,C,C,C,0,1,0,0,0,),85,1,cWW,cW-W,4.97,3.32,1.07,1.38,3.37,5.08,4.57,3.44,BI,anti,A,4.52,4.57,3.03,4.02,3.25,3.83,3.76,4.20,0.04,5.86,0.63,5.65,0.37,37.49,0.27,C3'-endo
93,93,0.78,G,G,G,0,0,1,0,0,),84,1,cWW,cW-W,2.40,3.25,3.40,1.52,4.13,4.73,5.68,3.07,..,anti,.,4.85,4.82,2.90,3.27,3.09,3.43,3.86,3.61,0.27,5.71,0.64,5.77,0.15,36.85,6.19,C2'-exo
94,94,0.78,C,C,C,0,1,0,0,0,),83,1,cWW,cW-W,5.41,2.77,1.00,1.34,3.80,4.90,5.19,3.41,BI,anti,A,4.53,4.66,3.02,3.72,3.26,3.73,3.51,4.34,6.21,5.93,0.63,5.59,0.48,39.52,0.43,C3'-endo
95,95,0.79,C,C,C,0,1,0,0,0,),82,1,cWW,cW-W,5.39,2.88,0.81,1.30,4.02,4.42,5.88,3.13,..,anti,A,4.78,4.77,2.96,3.56,3.16,3.66,4.03,4.15,6.28,5.85,0.68,5.58,0.45,41.45,0.33,C3'-endo
96,96,0.80,U,U,U,0,0,0,1,0,),81,1,cWW,cW-W,5.96,2.61,0.34,1.35,3.42,5.22,4.49,3.47,BI,anti,A,4.55,4.67,2.86,3.94,3.02,3.82,3.72,4.09,0.16,5.72,0.74,5.62,0.32,42.75,0.12,C3'-endo
97,97,0.81,G,G,G,0,0,1,0,0,),80,1,cWW,cW-W,3.33,3.08,2.50,1.40,4.34,5.00,5.62,3.01,..,anti,.,4.82,4.87,2.80,3.90,3.03,3.90,3.68,4.44,0.28,5.63,0.76,5.66,0.22,43.72,6.24,C2'-exo
98,98,0.82,G,G,G,0,0,1,0,0,),79,1,cWW,cW-W,4.90,2.78,1.44,1.30,4.39,4.68,5.99,3.18,..,anti,.,4.64,4.72,2.93,3.90,3.27,4.00,4.12,4.83,6.23,5.86,0.71,5.53,0.51,43.90,0.39,C3'-endo
99,99,0.82,G,G,G,0,0,1,0,0,.,78,1,tSH,tm-M,5.44,2.29,1.22,1.37,3.96,4.54,5.70,3.17,..,anti,.,4.52,4.60,2.85,2.97,3.32,2.65,4.53,2.45,6.19,5.95,0.62,5.60,0.49,39.29,0.46,C3'-endo
100,100,0.83,A,A,A,1,0,0,0,0,.,"0,77",2,"tWS,tHW","tW+m,tM-W",4.63,1.20,3.09,1.45,3.99,5.52,4.76,3.07,BI,anti,.,4.74,4.76,3.88,3.22,3.35,3.60,2.90,4.67,0.07,5.87,0.58,5.73,0.31,34.05,0.21,C3'-endo
101,101,0.84,G,G,G,0,0,1,0,0,.,76,1,tHW,tM-W,4.76,3.04,1.13,1.32,3.97,5.01,5.24,3.30,BI,anti,.,4.45,4.61,2.63,3.84,3.16,3.89,4.55,4.90,6.17,5.95,0.62,5.58,0.51,40.04,0.48,C3'-endo
102,102,0.85,A,A,A,1,0,0,0,0,.,75,1,cWW,cW-W,4.75,2.73,1.34,1.46,4.06,4.97,5.37,3.25,BI,anti,.,4.59,4.76,2.72,4.07,3.10,4.04,4.45,4.82,0.17,5.75,0.68,5.68,0.27,38.93,0.09,C3'-endo
103,103,0.86,G,G,G,0,0,1,0,0,.,74,1,tWH,tW-M,5.34,2.97,0.85,1.43,3.70,5.15,4.83,3.52,BI,anti,.,4.42,4.71,2.89,3.87,3.25,3.86,4.46,3.80,0.21,5.72,0.69,5.70,0.24,39.76,0.02,C3'-endo
104,104,0.87,U,U,U,0,0,0,1,0,.,73,1,tWH,tW-M,4.92,3.09,1.15,1.24,3.64,5.16,4.77,3.55,BI,anti,.,4.36,4.72,2.85,3.69,3.11,3.71,3.36,4.09,6.25,5.83,0.73,5.51,0.50,44.90,0.36,C3'-endo
105,105,0.88,A,A,A,1,0,0,0,0,.,72,1,tHS,tM-m,5.14,3.18,1.06,1.29,3.96,5.52,4.72,3.39,BI,anti,.,4.54,4.74,3.13,4.23,3.30,4.31,3.85,5.15,6.20,5.90,0.68,5.54,0.52,42.75,0.44,C3'-endo
106,106,0.88,G,G,G,0,0,1,0,0,),71,1,cWW,cW-W,4.40,2.62,1.86,1.39,3.76,4.92,5.13,3.08,BI,anti,A,4.82,4.76,2.73,3.53,3.35,3.50,4.75,4.06,0.14,5.77,0.69,5.66,0.31,39.69,0.13,C3'-endo
107,107,0.89,G,G,G,0,0,1,0,0,),70,1,cWW,cW-W,5.33,3.18,0.78,1.43,3.90,4.87,5.31,3.26,BI,anti,.,4.73,4.81,3.09,3.88,3.23,3.97,4.00,4.04,0.24,5.68,0.73,5.68,0.23,41.60,6.28,C2'-exo
108,108,0.90,U,U,U,0,0,0,1,0,),69,1,cWW,cW-W,5.72,2.84,0.89,1.41,3.84,4.61,5.51,3.47,BI,anti,.,4.19,4.44,3.27,4.03,3.54,3.97,3.80,3.82,6.14,6.03,0.52,5.67,0.48,35.18,0.55,C3'-endo
109,109,0.91,C,C,C,0,1,0,0,0,.,"17,67",2,"cWH,tWH","cW+M,tW-M",1.52,3.05,4.99,2.65,4.30,1.45,2.86,4.73,..,anti,.,1.18,1.15,3.73,0.78,3.88,0.91,3.68,1.45,5.86,0.70,5.59,0.47,6.25,41.34,2.86,C2'-endo
110,110,0.92,G,G,G,0,0,1,0,0,),11,1,cWW,cW-W,3.66,2.67,2.85,1.42,3.94,4.77,5.45,3.31,BI,anti,A,4.65,4.71,3.84,3.15,3.82,3.31,3.70,4.01,0.04,5.87,0.60,5.69,0.34,35.60,0.25,C3'-endo
111,111,0.93,G,G,G,0,0,1,0,0,),10,1,cWW,cW-W,5.57,2.76,0.64,1.38,3.75,5.04,5.00,3.30,BI,anti,A,4.63,4.67,2.86,3.86,3.11,3.93,3.98,4.51,6.28,5.89,0.62,5.64,0.41,37.79,0.33,C3'-endo
112,112,0.93,U,U,U,0,0,0,1,0,),9,1,cWW,cW-W,5.34,2.86,1.09,1.46,3.54,4.73,5.09,3.31,BI,anti,.,4.24,4.32,3.07,3.43,3.44,3.40,4.33,3.33,6.18,6.03,0.50,5.71,0.43,32.56,0.51,C3'-endo
113,113,0.94,G,G,G,0,0,1,0,0,),8,1,cWW,cW-W,4.66,3.09,1.36,1.49,3.69,5.05,4.92,3.30,BI,anti,A,4.23,4.34,2.96,3.85,3.02,3.77,3.08,4.42,6.12,6.08,0.46,5.71,0.46,32.33,0.61,C3'-endo
114,114,0.95,C,C,C,0,1,0,0,0,),7,1,cWW,cW-W,4.84,3.01,1.00,1.29,3.69,4.93,5.04,3.28,BI,anti,A,4.71,4.71,2.64,3.56,2.91,3.58,3.94,3.82,0.03,5.80,0.73,5.55,0.45,43.92,0.29,C3'-endo
115,115,0.96,G,G,G,0,0,1,0,0,),6,1,cWW,cW-W,4.94,2.89,1.33,1.39,3.84,4.03,6.09,3.25,..,anti,A,4.60,4.66,3.01,3.75,3.19,3.67,3.64,4.17,6.28,5.87,0.64,5.62,0.42,39.02,0.33,C3'-endo
116,116,0.97,G,G,G,0,0,1,0,0,),5,1,cWW,cW-W,2.38,4.44,2.83,1.27,4.62,4.02,0.59,2.97,..,anti,A,4.78,4.82,2.83,3.53,3.06,3.55,3.86,4.22,0.12,5.73,0.77,5.56,0.38,44.62,0.18,C3'-endo
117,117,0.97,G,G,G,0,0,1,0,0,),4,1,cWW,cW-W,5.76,2.41,0.52,1.33,3.73,4.97,5.04,3.39,BI,anti,A,4.54,4.71,2.78,3.80,2.90,3.78,3.84,3.85,0.23,5.64,0.81,5.59,0.29,46.22,0.04,C3'-endo
118,118,0.98,G,G,G,0,0,1,0,0,),3,1,cWW,cW-W,5.35,2.98,0.96,1.27,3.92,4.98,5.23,3.36,BI,anti,.,4.61,4.83,3.05,3.81,3.21,3.87,3.60,4.16,0.16,5.69,0.79,5.57,0.35,45.71,0.13,C3'-endo
119,119,0.99,G,G,G,0,0,1,0,0,),2,1,cWW,cW-W,5.45,2.95,1.04,1.31,3.66,5.12,4.82,3.51,BI,anti,A,4.33,4.59,3.14,3.74,3.41,3.63,3.91,4.23,6.21,5.91,0.66,5.56,0.50,41.49,0.43,C3'-endo
120,120,1.00,A,A,A,1,0,0,0,0,.,,0,,,3.91,2.71,2.11,1.58,,,,3.24,n/a,anti,-,,,,,,,,,0.23,5.73,0.64,5.76,0.19,36.80,6.26,C2'-exo
