index_chain,old_nt_resnum,nt_position,nt_name,nt_code,nt_align_code,is_A,is_C,is_G,is_U,is_other,dbn,paired,nb_interact,pair_type_LW,pair_type_DSSR,alpha,beta,gamma,delta,epsilon,zeta,epsilon_zeta,chi,bb_type,glyco_bond,form,ssZp,Dp,eta,theta,eta_prime,theta_prime,eta_base,theta_base,v0,v1,v2,v3,v4,amplitude,phase_angle,puckering
1,1,0.06,U,U,U,0,0,0,1,0,.,,0,,,,3.22,0.99,1.46,3.64,4.88,5.04,3.51,BI,anti,A,4.47,4.66,,3.66,,3.68,,4.01,0.09,5.80,0.67,5.65,0.34,38.86,0.19,C3'-endo
2,2,0.12,U,U,U,0,0,0,1,0,.,16,1,cWW,cW-W,5.27,2.94,0.91,1.43,3.74,4.80,5.22,3.60,BI,anti,A,4.29,4.71,3.00,3.62,3.18,3.65,3.71,4.09,0.08,5.79,0.69,5.62,0.37,40.48,0.21,C3'-endo
3,3,0.18,A,A,A,1,0,0,0,0,(,14,1,cWW,cW-W,5.14,2.98,0.88,1.45,3.77,4.81,5.24,3.31,BI,anti,A,4.70,4.75,2.88,3.69,3.03,3.74,3.68,4.02,0.17,5.73,0.70,5.66,0.29,40.39,0.09,C3'-endo
4,4,0.24,A,A,A,1,0,0,0,0,(,13,1,cWW,cW-W,5.31,2.95,0.94,1.47,3.78,4.91,5.16,3.41,BI,anti,A,4.54,4.68,3.08,3.81,3.26,3.83,3.73,4.23,0.09,5.80,0.67,5.65,0.34,38.85,0.19,C3'-endo
5,5,0.29,U,U,U,0,0,0,1,0,(,12,1,cWW,cW-W,5.21,2.91,0.96,1.44,3.72,4.90,5.10,3.48,BI,anti,A,4.45,4.65,2.93,3.71,3.19,3.69,3.86,4.12,0.02,5.83,0.69,5.59,0.42,41.09,0.30,C3'-endo
6,6,0.35,A,A,A,1,0,0,0,0,(,11,1,cWW,cW-W,5.00,2.95,1.05,1.47,3.73,4.90,5.12,3.35,BI,anti,A,4.55,4.62,2.87,3.73,3.07,3.71,3.76,3.98,0.05,5.83,0.66,5.64,0.37,38.78,0.25,C3'-endo
7,7,0.41,U,U,U,0,0,0,1,0,.,11,1,cWW,cW-W,4.97,2.97,1.11,1.46,3.93,4.80,5.42,3.56,BI,anti,A,4.23,4.64,2.94,3.74,3.13,3.75,3.61,4.18,0.02,5.87,0.63,5.65,0.39,37.66,0.30,C3'-endo
8,8,0.47,U,U,U,0,0,0,1,0,.,,0,,,5.07,2.61,1.28,1.42,1.03,1.39,5.93,3.70,..,anti,.,2.13,2.28,3.56,3.19,3.76,2.80,4.29,2.23,6.18,6.03,0.50,5.71,0.43,32.70,0.50,C3'-endo
9,9,0.53,U,U,U,0,0,0,1,0,.,,0,,,3.99,3.87,3.18,1.50,2.45,2.62,6.11,2.77,..,anti,.,2.63,3.79,6.26,6.13,0.19,5.37,0.59,5.47,0.14,5.77,0.67,5.68,0.30,38.47,0.12,C3'-endo
10,10,0.59,U,U,U,0,0,0,1,0,.,,0,,,0.14,4.21,3.39,1.45,1.30,1.57,6.00,2.81,..,anti,.,2.13,2.66,2.82,2.66,3.11,3.33,4.18,3.80,0.16,5.81,0.59,5.76,0.23,33.90,0.07,C3'-endo
11,11,0.65,U,U,U,0,0,0,1,0,),"6,7",2,"cWW,cWW","cW-W,cW-W",3.67,2.32,1.76,1.54,3.23,5.13,4.38,3.57,BI,anti,A,4.15,4.32,3.01,3.55,3.72,3.26,4.35,3.58,0.07,5.84,0.63,5.67,0.35,37.22,0.22,C3'-endo
12,12,0.71,A,A,A,1,0,0,0,0,),5,1,cWW,cW-W,4.99,3.17,0.90,1.42,3.49,5.12,4.66,3.36,BI,anti,A,4.63,4.62,2.88,3.70,3.07,3.76,3.73,4.14,0.09,5.79,0.68,5.63,0.35,39.97,0.20,C3'-endo
13,13,0.76,U,U,U,0,0,0,1,0,),4,1,cWW,cW-W,5.13,3.29,0.91,1.47,3.72,4.85,5.15,3.58,BI,anti,A,4.27,4.64,3.12,3.66,3.30,3.70,3.84,4.15,0.08,5.83,0.64,5.67,0.34,37.44,0.21,C3'-endo
14,14,0.82,U,U,U,0,0,0,1,0,),3,1,cWW,cW-W,5.18,2.92,0.88,1.40,3.74,4.82,5.21,3.45,BI,anti,A,4.59,4.76,2.85,3.66,3.04,3.69,3.71,3.99,0.13,5.75,0.71,5.63,0.33,41.42,0.15,C3'-endo
15,15,0.88,U,U,U,0,0,0,1,0,.,,0,,,5.40,2.91,0.88,1.40,3.62,4.90,5.01,3.50,BI,anti,A,4.49,4.69,3.01,3.63,3.21,3.63,3.73,3.91,0.08,5.78,0.71,5.61,0.38,41.54,0.21,C3'-endo
16,16,0.94,U,U,U,0,0,0,1,0,.,2,1,cWW,cW-W,5.32,2.95,0.88,1.42,3.92,4.67,5.53,3.55,BI,anti,A,4.30,4.73,3.06,3.64,3.20,3.70,3.66,4.02,0.06,5.81,0.67,5.63,0.37,39.71,0.23,C3'-endo
17,17,1.00,U,U,U,0,0,0,1,0,.,,0,,,5.24,2.83,0.92,1.35,,,,3.45,n/a,anti,-,,,,,,,,,0.03,5.85,0.65,5.63,0.39,39.00,0.28,C3'-endo
