index_chain,old_nt_resnum,nt_position,nt_name,nt_code,nt_align_code,is_A,is_C,is_G,is_U,is_other,dbn,paired,nb_interact,pair_type_LW,pair_type_DSSR,alpha,beta,gamma,delta,epsilon,zeta,epsilon_zeta,chi,bb_type,glyco_bond,form,ssZp,Dp,eta,theta,eta_prime,theta_prime,eta_base,theta_base,v0,v1,v2,v3,v4,amplitude,phase_angle,puckering
1,1,0.06,U,U,U,0,0,0,1,0,.,,0,,,,3.15,0.97,1.47,3.71,4.86,5.13,3.53,BI,anti,A,4.43,4.68,,3.70,,3.73,,4.04,0.12,5.79,0.66,5.67,0.31,38.28,0.15,C3'-endo
2,2,0.12,U,U,U,0,0,0,1,0,.,16,1,cWW,cW-W,5.29,2.89,0.90,1.41,3.73,4.79,5.22,3.57,BI,anti,A,4.38,4.71,2.96,3.59,3.17,3.62,3.71,4.07,0.08,5.80,0.69,5.62,0.37,40.32,0.22,C3'-endo
3,3,0.18,A,A,A,1,0,0,0,0,(,14,1,cWW,cW-W,5.15,3.01,0.85,1.44,3.78,4.81,5.25,3.32,BI,anti,A,4.72,4.77,2.89,3.69,3.02,3.75,3.67,4.02,0.18,5.72,0.71,5.65,0.28,41.03,0.08,C3'-endo
4,4,0.24,A,A,A,1,0,0,0,0,(,13,1,cWW,cW-W,5.36,2.93,0.94,1.47,3.81,4.87,5.22,3.43,BI,anti,A,4.52,4.69,3.10,3.80,3.28,3.82,3.74,4.23,0.10,5.79,0.67,5.66,0.33,38.77,0.17,C3'-endo
5,5,0.29,U,U,U,0,0,0,1,0,(,12,1,cWW,cW-W,5.24,2.91,0.93,1.45,3.68,4.93,5.03,3.52,BI,anti,A,4.40,4.64,2.93,3.73,3.18,3.70,3.85,4.10,0.03,5.84,0.67,5.62,0.40,39.84,0.28,C3'-endo
6,6,0.35,A,A,A,1,0,0,0,0,(,11,1,cWW,cW-W,5.05,2.96,1.00,1.44,3.77,4.87,5.18,3.35,BI,anti,A,4.61,4.68,2.88,3.71,3.07,3.71,3.74,4.00,0.06,5.82,0.67,5.63,0.37,39.47,0.23,C3'-endo
7,7,0.41,U,U,U,0,0,0,1,0,.,,0,,,5.02,2.93,1.10,1.47,3.89,4.82,5.35,3.53,BI,anti,A,4.29,4.63,2.95,3.75,3.14,3.76,3.64,4.20,0.00,5.87,0.64,5.63,0.41,38.51,0.32,C3'-endo
8,8,0.47,U,U,U,0,0,0,1,0,.,,0,,,5.02,2.65,1.32,1.43,1.03,1.35,5.96,3.67,..,anti,.,2.08,2.23,3.59,3.17,3.78,2.80,4.32,2.25,6.18,6.03,0.49,5.72,0.42,32.16,0.50,C3'-endo
9,9,0.53,U,U,U,0,0,0,1,0,.,,0,,,3.96,3.87,3.21,1.50,2.38,2.61,6.05,2.76,..,anti,.,2.55,3.73,0.05,6.01,0.18,5.34,0.55,5.43,0.13,5.78,0.67,5.67,0.31,38.66,0.14,C3'-endo
10,10,0.59,U,U,U,0,0,0,1,0,.,,0,,,0.24,4.18,3.41,1.43,1.34,1.60,6.03,3.03,..,anti,.,2.49,2.77,2.85,2.72,3.16,3.37,4.18,3.91,0.15,5.81,0.59,5.76,0.23,33.85,0.07,C3'-endo
11,11,0.65,U,U,U,0,0,0,1,0,),6,1,cWW,cW-W,3.71,2.24,1.77,1.52,3.25,5.11,4.42,3.57,BI,anti,A,4.15,4.32,3.01,3.52,3.73,3.24,4.44,3.58,0.05,5.84,0.65,5.64,0.37,38.56,0.25,C3'-endo
12,12,0.71,A,A,A,1,0,0,0,0,),5,1,cWW,cW-W,5.03,3.15,0.90,1.44,3.47,5.18,4.58,3.41,BI,anti,A,4.57,4.60,2.91,3.75,3.10,3.79,3.77,4.18,0.09,5.80,0.68,5.64,0.35,39.84,0.20,C3'-endo
13,13,0.76,U,U,U,0,0,0,1,0,),4,1,cWW,cW-W,5.04,3.35,0.90,1.45,3.64,4.88,5.05,3.63,BI,anti,A,4.21,4.63,3.05,3.60,3.24,3.65,3.81,4.09,0.05,5.84,0.65,5.65,0.37,38.44,0.25,C3'-endo
14,14,0.82,U,U,U,0,0,0,1,0,),3,1,cWW,cW-W,5.18,2.95,0.88,1.40,3.73,4.83,5.18,3.47,BI,anti,A,4.56,4.76,2.87,3.66,3.04,3.70,3.69,4.02,0.15,5.73,0.72,5.63,0.32,41.55,0.12,C3'-endo
15,15,0.88,U,U,U,0,0,0,1,0,.,,0,,,5.40,2.89,0.89,1.41,3.62,4.90,5.00,3.50,BI,anti,A,4.49,4.67,3.02,3.65,3.23,3.64,3.78,3.88,0.08,5.79,0.70,5.61,0.37,41.01,0.22,C3'-endo
16,16,0.94,U,U,U,0,0,0,1,0,.,2,1,cWW,cW-W,5.27,2.97,0.89,1.42,3.91,4.68,5.51,3.59,BI,anti,A,4.23,4.73,3.03,3.63,3.17,3.70,3.61,4.01,0.06,5.82,0.68,5.62,0.38,39.97,0.24,C3'-endo
17,17,1.00,U,U,U,0,0,0,1,0,.,,0,,,5.21,2.88,0.93,1.36,,,,3.49,n/a,anti,-,,,,,,,,,0.03,5.85,0.65,5.64,0.39,38.63,0.28,C3'-endo
