index_chain,old_nt_resnum,nt_position,nt_name,nt_code,nt_align_code,is_A,is_C,is_G,is_U,is_other,dbn,paired,nb_interact,pair_type_LW,pair_type_DSSR,alpha,beta,gamma,delta,epsilon,zeta,epsilon_zeta,chi,bb_type,glyco_bond,form,ssZp,Dp,eta,theta,eta_prime,theta_prime,eta_base,theta_base,v0,v1,v2,v3,v4,amplitude,phase_angle,puckering
1,1,0.01,U,U,U,0,0,0,1,0,.,,0,,,,,3.09,1.41,4.29,5.05,5.52,3.80,..,anti,.,3.31,4.56,,,,,,,6.22,5.95,0.57,5.66,0.44,36.11,0.43,C3'-endo
2,2,0.02,C,C,C,0,1,0,0,0,(,119,1,cWW,cW-W,3.05,3.51,2.46,1.43,3.67,4.94,5.02,3.37,BI,anti,A,4.57,4.63,2.18,3.56,2.91,3.51,3.98,3.89,0.06,5.85,0.62,5.68,0.34,36.22,0.23,C3'-endo
3,3,0.03,C,C,C,0,1,0,0,0,(,118,1,cWW,cW-W,5.20,3.14,0.94,1.46,3.83,5.17,4.94,3.36,BI,anti,A,4.49,4.61,3.10,4.03,3.26,4.04,3.80,4.60,0.05,5.88,0.59,5.70,0.34,34.97,0.25,C3'-endo
4,4,0.03,C,C,C,0,1,0,0,0,(,117,1,cWW,cW-W,4.89,3.04,1.02,1.36,3.63,4.84,5.07,3.45,BI,anti,A,4.51,4.64,2.68,3.51,3.03,3.53,3.95,3.90,0.01,5.86,0.65,5.62,0.41,39.22,0.31,C3'-endo
5,5,0.04,C,C,C,0,1,0,0,0,(,116,1,cWW,cW-W,5.20,2.88,1.07,1.44,3.62,5.14,4.76,3.35,BI,anti,A,4.47,4.54,3.01,3.86,3.19,3.79,3.75,4.22,0.01,5.90,0.59,5.68,0.38,35.63,0.31,C3'-endo
6,6,0.05,C,C,C,0,1,0,0,0,(,115,1,cWW,cW-W,4.97,3.07,1.00,1.36,3.52,5.05,4.76,3.38,BI,anti,A,4.54,4.58,2.81,3.59,3.08,3.57,3.87,3.97,6.28,5.88,0.64,5.63,0.42,38.61,0.33,C3'-endo
7,7,0.06,G,G,G,0,0,1,0,0,(,114,1,cWW,cW-W,5.14,3.15,0.75,1.32,3.98,5.12,5.14,3.24,BI,anti,.,4.75,4.81,2.87,3.96,2.98,4.09,3.59,4.76,0.11,5.75,0.73,5.60,0.36,42.50,0.18,C3'-endo
8,8,0.07,U,U,U,0,0,0,1,0,(,113,1,cWW,cW-W,5.31,3.09,0.97,1.38,3.64,4.72,5.20,3.45,BI,anti,.,4.49,4.63,3.05,3.42,3.39,3.44,4.32,3.54,0.03,5.86,0.64,5.65,0.38,37.99,0.28,C3'-endo
9,9,0.08,G,G,G,0,0,1,0,0,(,112,1,cWW,cW-W,5.32,2.74,1.08,1.41,3.65,4.99,4.94,3.36,BI,anti,A,4.45,4.52,3.06,3.73,3.22,3.69,3.46,4.16,6.23,5.94,0.58,5.65,0.43,36.21,0.41,C3'-endo
10,10,0.08,C,C,C,0,1,0,0,0,(,111,1,cWW,cW-W,5.13,2.84,1.15,1.40,3.53,5.25,4.57,3.34,BI,anti,.,4.50,4.53,2.95,3.86,3.25,3.81,4.04,4.01,6.25,5.91,0.61,5.63,0.43,37.64,0.38,C3'-endo
11,11,0.09,C,C,C,0,1,0,0,0,(,110,1,cWW,cW-W,4.89,3.43,0.90,1.42,4.12,4.97,5.44,3.69,..,anti,.,3.64,4.35,3.05,4.09,3.20,4.43,3.57,5.44,6.11,6.06,0.51,5.66,0.50,35.50,0.60,C3'-endo
12,12,0.10,C,C,C,0,1,0,0,0,.,,0,,,5.48,2.51,1.35,2.58,3.65,3.62,0.03,4.25,..,anti,.,1.84,1.85,2.92,3.71,4.10,2.87,5.09,3.11,5.95,0.59,5.67,0.44,6.21,35.84,2.93,C2'-endo
13,13,0.11,A,A,A,1,0,0,0,0,.,69,1,tWS,tW+m,0.51,3.68,0.02,1.39,3.49,4.43,5.34,3.59,BI,anti,.,4.29,4.59,4.42,3.09,4.16,2.62,4.28,3.23,0.05,5.83,0.66,5.64,0.37,39.00,0.25,C3'-endo
14,14,0.12,U,U,U,0,0,0,1,0,.,107,1,tWS,tW+m,1.58,3.45,1.12,2.50,3.70,0.15,3.55,5.10,..,anti,.,1.34,1.96,5.96,0.06,6.24,5.32,5.34,5.61,5.87,0.64,5.68,0.37,0.02,36.74,2.78,C2'-endo
15,15,0.13,A,A,A,1,0,0,0,0,.,,0,,,2.57,1.84,2.83,2.54,3.59,0.54,3.06,0.11,..,syn,.,-1.10,2.01,2.49,4.99,3.12,5.30,3.39,5.71,5.92,0.60,5.68,0.41,6.25,35.75,2.86,C2'-endo
16,16,0.13,G,G,G,0,0,1,0,0,(,68,1,cWW,cW-W,4.42,3.16,0.67,1.29,3.60,5.07,4.81,3.32,BI,anti,A,4.63,4.64,2.26,3.55,3.05,3.65,3.53,4.24,6.26,5.87,0.67,5.58,0.45,41.00,0.35,C3'-endo
17,17,0.14,C,C,C,0,1,0,0,0,(,"67,109",2,"cWW,cHW","cW-W,cM+W",5.24,3.10,0.95,1.31,3.99,4.78,5.50,3.43,BI,anti,.,4.49,4.79,3.09,3.74,3.26,3.86,3.97,4.67,0.03,5.82,0.70,5.59,0.42,41.52,0.28,C3'-endo
18,18,0.15,G,G,G,0,0,1,0,0,(,65,1,cWW,cW-W,5.50,2.63,0.91,1.39,3.77,4.74,5.32,3.27,BI,anti,A,4.69,4.73,2.91,3.65,3.23,3.63,4.32,3.95,0.11,5.78,0.69,5.64,0.34,39.89,0.17,C3'-endo
19,19,0.16,G,G,G,0,0,1,0,0,(,64,1,cWW,cW-W,5.44,2.89,0.77,1.39,4.02,5.00,5.30,3.24,BI,anti,.,4.74,4.80,3.03,4.05,3.14,4.14,3.68,4.70,0.12,5.78,0.68,5.66,0.32,39.24,0.16,C3'-endo
20,20,0.17,C,C,C,0,1,0,0,0,(,63,1,cWW,cW-W,5.42,2.74,1.15,1.40,4.02,4.86,5.44,3.35,BI,anti,A,4.34,4.50,3.16,3.83,3.53,3.76,4.40,4.07,6.19,5.98,0.56,5.66,0.45,35.63,0.46,C3'-endo
21,21,0.18,G,G,G,0,0,1,0,0,(,62,1,cWW,cW-W,5.01,2.80,0.95,1.34,3.59,4.97,4.90,3.41,BI,anti,A,4.49,4.58,2.58,3.62,2.85,3.64,3.46,4.29,6.24,5.89,0.65,5.60,0.46,39.85,0.38,C3'-endo
22,22,0.18,U,U,U,0,0,0,1,0,(,61,1,cWW,cW-W,5.29,2.89,1.05,1.46,3.90,4.56,5.63,3.46,BI,anti,A,4.31,4.55,3.14,3.61,3.36,3.63,4.20,3.89,6.26,5.95,0.55,5.70,0.38,33.66,0.37,C3'-endo
23,23,0.19,G,G,G,0,0,1,0,0,(,60,1,cWW,cW-W,5.51,2.60,0.84,1.39,4.24,3.90,0.34,3.52,..,anti,.,4.03,4.56,3.08,3.18,3.21,3.28,3.60,3.53,6.21,5.94,0.59,5.63,0.46,37.46,0.43,C3'-endo
24,24,0.20,G,G,G,0,0,1,0,0,.,"27,59",2,"tSW,cWW","tm+W,cW-W",5.45,2.09,1.00,1.53,4.78,1.99,2.78,3.73,..,anti,.,3.13,4.47,3.25,2.28,3.26,1.99,3.45,1.57,0.03,5.91,0.54,5.74,0.32,32.28,0.27,C3'-endo
25,25,0.21,A,A,A,1,0,0,0,0,.,,0,,,2.17,4.22,1.21,1.44,3.73,5.10,4.91,3.41,BI,anti,A,4.42,4.53,1.95,4.00,1.86,4.02,1.96,4.69,6.24,5.95,0.56,5.69,0.40,34.56,0.39,C3'-endo
26,26,0.22,A,A,A,1,0,0,0,0,.,,0,,,5.01,3.09,0.81,1.35,3.82,5.21,4.90,3.32,BI,anti,.,4.68,4.75,2.70,3.96,2.96,4.08,3.96,4.72,0.08,5.79,0.69,5.62,0.36,40.47,0.21,C3'-endo
27,27,0.23,C,C,C,0,1,0,0,0,.,24,1,tWS,tW+m,5.20,2.88,1.27,1.39,3.98,5.16,5.10,3.26,BI,anti,.,4.60,4.66,3.16,4.10,3.55,4.12,4.52,5.07,6.27,5.90,0.62,5.64,0.41,37.49,0.34,C3'-endo
28,28,0.24,C,C,C,0,1,0,0,0,(,56,1,cWW,cW-W,5.27,2.88,0.84,1.35,3.83,4.92,5.19,3.51,BI,anti,A,4.34,4.66,2.75,3.74,3.18,3.78,4.53,4.53,0.01,5.87,0.65,5.62,0.41,38.98,0.32,C3'-endo
29,29,0.24,A,A,A,1,0,0,0,0,(,55,1,cWW,cW-W,5.28,2.78,0.88,1.37,3.82,4.59,5.51,3.31,BI,anti,A,4.67,4.75,2.79,3.56,3.07,3.57,4.13,3.84,0.11,5.76,0.71,5.62,0.35,41.40,0.17,C3'-endo
30,30,0.25,C,C,C,0,1,0,0,0,(,54,1,cWW,cW-W,5.54,2.52,0.99,1.38,4.09,5.18,5.19,3.23,..,anti,.,4.68,4.76,3.09,4.31,3.25,4.40,3.73,5.01,0.06,5.82,0.67,5.63,0.38,39.45,0.24,C3'-endo
31,31,0.26,C,C,C,0,1,0,0,0,(,"51,52,53",3,"cWW,tWH,cSW","cW-W,tW-M,cm-W",5.41,2.65,1.21,1.39,3.90,5.28,4.90,2.98,BI,anti,.,4.38,4.55,3.05,4.19,3.63,4.16,4.83,4.76,6.24,5.92,0.60,5.65,0.43,36.88,0.38,C3'-endo
32,32,0.27,C,C,C,0,1,0,0,0,(,50,1,cWW,cW-W,5.13,3.22,0.81,1.38,4.15,4.64,5.79,3.45,..,anti,.,4.23,4.58,2.94,3.66,3.28,3.70,4.23,4.04,6.24,5.93,0.60,5.64,0.44,37.41,0.39,C3'-endo
33,33,0.28,G,G,G,0,0,1,0,0,(,"35,49",2,"tSH,cWW","tm-M,cW-W",5.08,2.60,0.99,1.39,3.79,4.87,5.20,3.53,BI,anti,A,4.33,4.64,2.62,3.76,2.84,3.88,3.35,4.42,0.00,5.88,0.63,5.64,0.40,37.77,0.32,C3'-endo
34,34,0.29,U,U,U,0,0,0,1,0,(,48,1,cWW,cW-W,5.39,2.79,1.27,2.59,4.14,1.62,2.52,3.97,..,anti,.,1.28,1.39,3.35,2.18,3.99,1.65,4.61,1.09,5.89,0.65,5.64,0.43,6.26,38.47,2.85,C2'-endo
35,35,0.29,U,U,U,0,0,0,1,0,.,33,1,tHS,tM-m,2.69,4.19,1.27,1.44,3.74,4.72,5.30,4.47,BI,anti,.,1.27,4.59,2.22,3.74,2.04,3.83,1.73,4.21,0.02,5.89,0.59,5.68,0.36,35.58,0.29,C3'-endo
36,36,0.30,C,C,C,0,1,0,0,0,.,49,1,cWS,cW-m,5.38,2.99,0.89,1.48,4.37,4.77,5.88,3.75,..,anti,.,3.47,4.73,3.32,4.17,3.40,4.21,3.68,4.56,0.09,5.85,0.60,5.71,0.30,35.19,0.19,C3'-endo
37,37,0.31,C,C,C,0,1,0,0,0,.,48,1,cWS,cW-m,5.23,2.89,0.87,1.39,3.89,5.17,5.00,3.49,BI,anti,.,4.30,4.58,2.77,4.04,3.06,4.12,3.61,5.07,6.23,5.95,0.58,5.65,0.43,36.31,0.41,C3'-endo
38,38,0.32,C,C,C,0,1,0,0,0,(,44,1,cWW,cW-W,5.15,2.84,1.03,1.42,3.89,4.66,5.51,3.53,BI,anti,A,4.32,4.68,2.85,3.58,3.30,3.56,4.57,3.70,0.05,5.85,0.63,5.66,0.36,37.26,0.26,C3'-endo
39,39,0.33,A,A,A,1,0,0,0,0,.,46,1,cSW,cm-W,5.21,2.53,1.21,1.40,3.44,4.77,4.95,3.52,BI,anti,.,4.34,4.49,2.87,3.37,3.15,3.40,3.55,3.20,6.27,5.91,0.59,5.66,0.40,36.31,0.35,C3'-endo
40,40,0.34,U,U,U,0,0,0,1,0,.,45,1,tSH,tm-M,5.34,3.19,1.00,2.49,4.27,5.44,5.11,4.28,..,anti,.,1.36,1.69,3.51,6.03,3.74,5.24,3.50,4.60,5.97,0.54,5.74,0.37,6.24,32.17,2.89,C2'-endo
41,41,0.34,U,U,U,0,0,0,1,0,.,,0,,,1.64,3.06,0.40,1.36,2.86,1.67,1.19,4.94,..,anti,.,0.10,4.19,4.90,5.89,5.83,5.31,0.28,5.40,6.24,5.92,0.60,5.64,0.44,37.41,0.39,C3'-endo
42,42,0.35,C,C,C,0,1,0,0,0,.,,0,,,3.16,3.09,0.97,1.33,3.82,4.77,5.34,3.72,BI,anti,B,3.86,4.53,1.60,3.51,2.51,3.62,2.97,4.39,6.17,5.98,0.58,5.62,0.49,37.69,0.50,C3'-endo
43,43,0.36,C,C,C,0,1,0,0,0,.,,0,,,5.23,2.70,1.04,1.46,4.45,4.49,6.24,3.65,..,anti,.,3.67,4.67,3.11,4.28,3.29,3.97,4.12,4.60,0.04,5.88,0.59,5.69,0.35,35.27,0.26,C3'-endo
44,44,0.37,G,G,G,0,0,1,0,0,),"38,47",2,"cWW,tSW","cW-W,tm+W",0.83,3.25,1.01,2.56,3.63,2.18,1.45,5.32,..,anti,.,0.43,1.93,4.78,2.17,5.43,1.23,4.93,1.13,6.00,0.54,5.70,0.43,6.19,33.74,2.97,C2'-endo
45,45,0.38,A,A,A,1,0,0,0,0,.,40,1,tHS,tM-m,0.75,3.63,2.90,1.46,3.70,5.81,4.18,3.00,BI,anti,.,4.53,4.63,1.49,4.35,1.57,4.29,1.95,5.31,0.07,5.85,0.61,5.70,0.32,35.51,0.21,C3'-endo
46,46,0.39,A,A,A,1,0,0,0,0,.,39,1,cWS,cW-m,4.34,3.40,1.07,1.46,3.87,5.18,4.98,3.52,BI,anti,.,4.24,4.53,2.54,4.08,3.14,4.05,4.67,4.91,6.25,5.95,0.55,5.70,0.39,33.75,0.37,C3'-endo
47,47,0.39,C,C,C,0,1,0,0,0,.,44,1,tWS,tW+m,4.62,3.01,1.09,1.34,3.76,5.26,4.78,3.52,BI,anti,.,4.42,4.74,2.45,3.96,2.83,3.99,4.03,4.44,0.06,5.81,0.69,5.61,0.39,40.86,0.24,C3'-endo
48,48,0.40,A,A,A,1,0,0,0,0,),"34,37",2,"cWW,cSW","cW-W,cm-W",5.02,2.72,1.60,1.36,4.47,4.32,0.16,3.23,..,anti,.,4.42,4.61,3.33,3.50,3.66,3.54,4.42,3.89,6.24,5.93,0.60,5.64,0.43,37.27,0.39,C3'-endo
49,49,0.41,C,C,C,0,1,0,0,0,),"33,36",2,"cWW,cSW","cW-W,cm-W",5.18,2.57,0.78,1.35,3.72,4.94,5.06,3.46,BI,anti,A,4.50,4.70,2.58,3.75,2.74,3.71,3.27,4.07,0.07,5.80,0.69,5.62,0.38,40.51,0.23,C3'-endo
50,50,0.42,G,G,G,0,0,1,0,0,),32,1,cWW,cW-W,5.21,2.92,0.94,1.38,3.78,5.17,4.89,3.21,BI,anti,.,4.69,4.71,2.89,3.96,3.09,4.01,3.77,4.55,0.08,5.81,0.67,5.64,0.36,39.30,0.22,C3'-endo
51,51,0.43,G,G,G,0,0,1,0,0,),"31,52",2,"cWW,cSH","cW-W,cm+M",5.11,2.98,1.30,1.39,3.51,3.71,6.08,3.36,..,anti,.,4.41,4.49,3.12,2.91,3.51,2.66,4.40,2.25,6.26,5.90,0.62,5.64,0.42,37.61,0.36,C3'-endo
52,52,0.44,A,A,A,1,0,0,0,0,.,"31,51",2,"tHW,cHS","tM-W,cM+m",2.24,3.83,2.86,1.39,3.85,4.93,5.21,3.43,BI,anti,A,4.51,4.78,2.41,3.64,2.37,3.56,2.12,3.98,0.17,5.73,0.71,5.66,0.28,40.73,0.08,C3'-endo
53,53,0.45,A,A,A,1,0,0,0,0,.,31,1,cWS,cW-m,5.36,2.89,0.92,1.39,4.06,5.06,5.28,3.40,BI,anti,.,4.53,4.80,3.04,4.09,3.26,4.13,3.96,4.79,0.09,5.80,0.67,5.65,0.34,39.16,0.19,C3'-endo
54,54,0.45,G,G,G,0,0,1,0,0,),30,1,cWW,cW-W,5.20,2.77,1.06,1.35,3.62,4.96,4.94,3.23,BI,anti,A,4.66,4.66,2.76,3.66,3.20,3.66,4.31,4.08,0.02,5.84,0.67,5.61,0.41,39.87,0.29,C3'-endo
55,55,0.46,U,U,U,0,0,0,1,0,),29,1,cWW,cW-W,5.33,2.98,1.00,1.43,4.18,4.35,6.12,3.37,..,anti,.,4.39,4.64,3.26,3.68,3.42,3.90,4.00,4.27,6.28,5.90,0.59,5.67,0.38,35.75,0.33,C3'-endo
56,56,0.47,G,G,G,0,0,1,0,0,),"28,59",2,"cWW,tSW","cW-W,tm+W",5.76,2.42,1.05,2.48,4.68,1.08,3.60,4.23,..,anti,.,1.02,0.89,3.57,1.69,4.02,1.32,4.32,1.40,5.82,0.67,5.67,0.36,0.06,38.28,2.72,C2'-endo
57,57,0.48,A,A,A,1,0,0,0,0,.,,0,,,3.16,3.94,1.26,1.44,3.76,5.08,4.96,3.64,BI,anti,.,4.08,4.55,2.44,3.98,2.40,4.00,2.38,4.83,6.27,5.91,0.58,5.68,0.39,35.53,0.34,C3'-endo
58,58,0.49,A,A,A,1,0,0,0,0,.,,0,,,5.06,2.89,0.92,1.42,3.95,5.30,4.93,3.43,BI,anti,.,4.51,4.75,2.76,4.25,3.07,4.25,4.21,4.91,0.08,5.83,0.64,5.67,0.34,37.55,0.21,C3'-endo
59,59,0.50,A,A,A,1,0,0,0,0,.,"24,56",2,"cWW,tWS","cW-W,tW+m",5.11,3.26,0.72,1.40,3.88,5.07,5.09,3.45,BI,anti,.,4.24,4.52,2.79,3.91,3.14,4.08,4.13,5.05,6.24,5.93,0.60,5.65,0.43,36.81,0.38,C3'-endo
60,60,0.50,C,C,C,0,1,0,0,0,),23,1,cWW,cW-W,5.26,2.67,1.14,1.51,3.92,4.76,5.45,3.36,BI,anti,A,4.43,4.58,2.97,3.77,3.45,3.71,4.68,4.05,0.05,5.89,0.56,5.74,0.31,33.04,0.24,C3'-endo
61,61,0.51,G,G,G,0,0,1,0,0,),22,1,cWW,cW-W,5.01,2.80,1.06,1.46,3.94,4.87,5.35,3.37,BI,anti,A,4.53,4.69,2.84,3.85,3.05,3.82,3.67,4.31,0.08,5.85,0.61,5.71,0.31,35.40,0.20,C3'-endo
62,62,0.52,C,C,C,0,1,0,0,0,),21,1,cWW,cW-W,5.05,2.80,1.04,1.40,3.85,4.68,5.45,3.37,BI,anti,A,4.62,4.73,2.78,3.59,3.05,3.58,3.87,3.85,0.06,5.83,0.65,5.65,0.37,38.54,0.24,C3'-endo
63,63,0.53,G,G,G,0,0,1,0,0,),20,1,cWW,cW-W,5.19,2.75,1.04,1.42,3.79,4.97,5.10,3.22,BI,anti,A,4.63,4.64,2.91,3.84,3.08,3.81,3.59,4.23,0.03,5.87,0.62,5.66,0.37,36.93,0.27,C3'-endo
64,64,0.54,C,C,C,0,1,0,0,0,),19,1,cWW,cW-W,5.07,3.11,0.96,1.40,3.77,4.90,5.16,3.40,BI,anti,A,4.54,4.66,2.92,3.67,3.11,3.71,3.82,4.20,0.03,5.86,0.63,5.65,0.38,37.42,0.28,C3'-endo
65,65,0.55,C,C,C,0,1,0,0,0,),18,1,cWW,cW-W,5.07,2.75,1.26,1.44,3.68,5.52,4.44,3.36,BI,anti,.,4.46,4.55,2.96,4.28,3.24,4.28,3.97,4.77,0.01,5.89,0.60,5.67,0.38,36.26,0.32,C3'-endo
66,66,0.55,A,A,A,1,0,0,0,0,.,68,1,cSH,cm+M,4.68,4.16,0.92,1.35,1.27,5.37,2.19,4.52,..,anti,.,0.95,3.17,3.62,2.34,3.97,1.90,4.47,1.85,0.07,5.85,0.61,5.69,0.33,36.07,0.23,C3'-endo
67,67,0.56,G,G,G,0,0,1,0,0,),17,1,cWW,cW-W,3.75,3.70,0.94,1.44,3.68,5.17,4.79,3.09,BI,anti,A,4.40,4.47,2.07,3.86,1.83,3.92,2.18,4.47,6.22,5.98,0.53,5.70,0.41,33.69,0.43,C3'-endo
68,68,0.57,C,C,C,0,1,0,0,0,),"16,66",2,"cWW,cHS","cW-W,cM+m",4.83,3.18,1.00,1.33,3.68,5.29,4.67,3.33,BI,anti,.,4.66,4.68,2.76,3.90,3.03,3.97,3.83,4.80,6.28,5.86,0.66,5.60,0.43,39.90,0.33,C3'-endo
69,69,0.58,G,G,G,0,0,1,0,0,(,"13,108",2,"tSW,cWW","tm+W,cW-W",5.02,2.96,1.09,1.34,3.91,4.86,5.34,3.11,BI,anti,.,4.82,4.79,2.88,3.80,3.26,3.90,4.51,4.57,0.10,5.77,0.71,5.61,0.36,41.65,0.19,C3'-endo
70,70,0.59,C,C,C,0,1,0,0,0,(,107,1,cWW,cW-W,5.57,2.81,0.96,1.46,3.83,5.26,4.86,3.19,BI,anti,A,4.62,4.65,3.17,4.13,3.48,4.09,4.43,4.40,0.10,5.83,0.61,5.72,0.29,35.30,0.16,C3'-endo
71,71,0.60,C,C,C,0,1,0,0,0,(,106,1,cWW,cW-W,4.83,2.89,1.42,1.30,3.63,5.67,4.24,3.17,BI,anti,.,4.63,4.63,2.86,4.23,3.28,4.20,4.08,5.02,6.25,5.88,0.66,5.58,0.46,40.72,0.37,C3'-endo
72,72,0.61,G,G,G,0,0,1,0,0,.,105,1,tSH,tm-M,4.72,3.40,1.04,1.34,4.07,3.38,0.70,3.70,..,anti,.,3.71,4.49,2.93,2.68,3.35,2.52,4.52,2.55,6.14,6.00,0.57,5.61,0.51,38.26,0.53,C3'-endo
73,73,0.61,A,A,A,1,0,0,0,0,.,104,1,tHW,tM-W,1.12,4.36,3.77,1.44,3.62,5.66,4.24,2.94,BI,anti,.,4.22,4.50,3.29,3.67,2.97,3.83,2.89,5.07,6.27,5.92,0.57,5.69,0.38,34.89,0.34,C3'-endo
74,74,0.62,U,U,U,0,0,0,1,0,.,103,1,c.W,c.-W,4.23,3.50,1.05,1.43,3.64,4.92,5.00,3.54,BI,anti,A,4.36,4.63,2.43,3.68,2.97,3.71,4.60,4.20,0.05,5.85,0.63,5.66,0.36,37.33,0.25,C3'-endo
75,75,0.63,G,G,G,0,0,1,0,0,.,102,1,cWW,cW-W,5.38,2.86,0.90,1.38,4.05,4.96,5.37,3.42,BI,anti,.,4.46,4.71,3.08,4.00,3.26,4.07,3.93,4.94,0.03,5.86,0.64,5.64,0.39,38.26,0.29,C3'-endo
76,76,0.64,G,G,G,0,0,1,0,0,.,101,1,tWH,tW-M,5.34,2.68,0.89,1.45,3.61,5.04,4.85,3.28,BI,anti,A,4.59,4.60,2.74,3.81,3.18,3.76,4.46,4.09,0.06,5.86,0.61,5.69,0.33,35.85,0.23,C3'-endo
77,77,0.65,U,U,U,0,0,0,1,0,.,100,1,tWH,tW-M,5.21,2.91,1.04,1.35,3.58,4.96,4.89,3.24,BI,anti,.,4.63,4.63,2.95,3.58,3.24,3.62,3.97,3.95,0.05,5.82,0.68,5.62,0.38,39.94,0.25,C3'-endo
78,78,0.66,A,A,A,1,0,0,0,0,.,99,1,tHS,tM-m,5.13,3.21,1.06,1.41,4.04,4.95,5.38,3.45,BI,anti,.,4.45,4.77,3.24,4.04,3.33,4.19,3.73,5.03,0.05,5.84,0.64,5.66,0.36,37.76,0.25,C3'-endo
79,79,0.66,C,C,C,0,1,0,0,0,(,98,1,cWW,cW-W,5.47,2.57,1.01,1.45,3.77,5.14,4.91,3.35,BI,anti,A,4.59,4.68,2.91,4.06,3.43,3.99,4.66,4.43,0.09,5.83,0.63,5.69,0.31,36.56,0.18,C3'-endo
80,80,0.67,U,U,U,0,0,0,1,0,(,97,1,cWW,cW-W,5.26,2.96,0.91,1.35,3.49,5.07,4.71,3.36,BI,anti,.,4.54,4.56,2.87,3.31,3.24,3.12,4.15,3.33,0.00,5.87,0.65,5.62,0.42,39.08,0.32,C3'-endo
81,81,0.68,G,G,G,0,0,1,0,0,.,96,1,tWW,tW+W,3.91,2.02,2.94,1.41,4.48,5.62,5.14,5.97,..,syn,.,-4.74,4.77,3.39,4.02,3.09,4.33,3.21,4.75,0.08,5.83,0.64,5.67,0.34,37.67,0.21,C3'-endo
82,82,0.69,G,G,G,0,0,1,0,0,(,95,1,cWW,cW-W,5.05,3.00,0.95,1.37,3.90,4.90,5.28,3.32,BI,anti,A,4.46,4.55,2.55,3.74,3.28,3.74,4.09,4.30,6.20,5.96,0.59,5.63,0.46,37.33,0.45,C3'-endo
83,83,0.70,G,G,G,0,0,1,0,0,(,94,1,cWW,cW-W,5.04,2.63,1.23,1.36,3.66,5.37,4.56,3.17,BI,anti,.,4.55,4.58,2.76,4.04,3.07,3.94,3.94,4.39,6.24,5.91,0.63,5.61,0.46,39.17,0.39,C3'-endo
84,84,0.71,C,C,C,0,1,0,0,0,(,93,1,cWW,cW-W,5.03,3.27,0.84,1.30,3.47,4.97,4.79,3.53,BI,anti,.,4.32,4.46,2.84,3.32,3.15,3.24,3.98,3.34,6.16,5.97,0.60,5.59,0.52,39.52,0.50,C3'-endo
85,85,0.71,G,G,G,0,0,1,0,0,(,92,1,cWW,cW-W,3.76,2.57,2.36,1.45,3.69,5.15,4.83,3.23,BI,anti,A,4.72,4.71,2.84,3.49,2.88,3.52,3.11,4.12,0.14,5.79,0.64,5.71,0.28,36.83,0.11,C3'-endo
86,86,0.72,G,G,G,0,0,1,0,0,(,91,1,cWW,cW-W,5.09,3.23,0.83,1.39,3.91,4.97,5.23,3.20,BI,anti,A,4.77,4.79,2.92,3.84,3.16,3.92,4.02,4.20,0.16,5.74,0.70,5.65,0.30,40.46,0.10,C3'-endo
87,87,0.73,G,G,G,0,0,1,0,0,.,90,1,tSH,tm-M,5.28,2.86,1.13,1.30,4.16,4.91,5.53,3.31,..,anti,.,4.64,4.80,3.11,4.40,3.33,3.62,3.83,2.62,6.28,5.86,0.67,5.59,0.44,40.42,0.33,C3'-endo
88,88,0.74,C,C,C,0,1,0,0,0,.,,0,,,2.67,2.80,1.06,1.53,4.35,4.75,5.88,2.77,..,anti,.,3.92,4.28,0.28,3.95,0.82,3.91,0.49,4.22,6.22,6.01,0.48,5.75,0.38,30.70,0.45,C3'-endo
89,89A,0.75,G,G,G,0,0,1,0,0,.,,0,,,4.74,2.21,1.61,1.48,3.51,5.44,4.35,3.21,BI,anti,.,4.49,4.54,2.56,4.10,3.07,3.89,3.80,4.95,0.05,5.87,0.59,5.71,0.33,34.89,0.24,C3'-endo
90,89B,0.76,A,A,A,1,0,0,0,0,.,87,1,tHS,tM-m,4.76,3.32,0.90,1.48,4.04,5.21,5.11,3.63,BI,anti,.,4.05,4.78,2.86,4.87,3.21,4.89,4.67,5.24,0.13,5.81,0.62,5.72,0.27,35.68,0.12,C3'-endo
91,90,0.76,C,C,C,0,1,0,0,0,),86,1,cWW,cW-W,2.19,3.87,3.71,1.37,3.94,4.96,5.27,3.37,BI,anti,.,4.61,4.77,3.11,3.24,3.69,3.42,4.63,4.06,0.09,5.80,0.68,5.64,0.35,39.64,0.20,C3'-endo
92,91,0.77,C,C,C,0,1,0,0,0,),85,1,cWW,cW-W,5.42,2.79,1.12,1.35,3.66,5.08,4.86,3.36,BI,anti,A,4.52,4.59,3.08,3.74,3.43,3.71,4.26,4.02,6.27,5.88,0.64,5.62,0.43,39.09,0.34,C3'-endo
93,92,0.78,G,G,G,0,0,1,0,0,),84,1,cWW,cW-W,5.07,2.95,1.15,1.33,3.60,5.01,4.88,3.32,BI,anti,A,4.61,4.63,2.92,3.60,3.20,3.57,3.84,3.90,0.02,5.85,0.67,5.61,0.41,40.07,0.30,C3'-endo
94,93,0.79,C,C,C,0,1,0,0,0,),83,1,cWW,cW-W,5.18,3.15,0.92,1.32,3.80,4.81,5.27,3.36,BI,anti,A,4.60,4.70,3.02,3.53,3.13,3.59,3.64,4.05,0.00,5.85,0.67,5.60,0.43,40.35,0.32,C3'-endo
95,94,0.80,C,C,C,0,1,0,0,0,),82,1,cWW,cW-W,5.23,2.85,0.95,1.37,3.71,5.13,4.86,3.34,BI,anti,A,4.62,4.67,2.88,3.86,3.06,3.84,3.69,4.09,0.03,5.85,0.65,5.63,0.39,38.93,0.28,C3'-endo
96,95,0.81,U,U,U,0,0,0,1,0,.,81,1,tWW,tW+W,5.24,3.10,0.88,1.27,4.21,4.84,5.65,3.39,..,anti,A,4.43,4.71,3.03,3.74,3.22,3.77,3.71,4.48,6.23,5.89,0.66,5.57,0.48,41.08,0.39,C3'-endo
97,96,0.82,G,G,G,0,0,1,0,0,),80,1,cWW,cW-W,4.90,2.41,1.44,1.29,3.72,5.05,4.95,3.18,BI,anti,A,4.70,4.69,2.60,3.74,2.95,3.67,3.95,4.17,0.03,5.81,0.72,5.57,0.43,42.71,0.29,C3'-endo
98,97,0.82,G,G,G,0,0,1,0,0,),"0,79",2,"cSS,cWW","cm-m,cW-W",5.19,3.07,1.15,1.45,3.93,5.36,4.85,3.37,BI,anti,.,4.47,4.61,3.23,4.26,3.44,4.27,4.19,5.17,0.00,5.91,0.58,5.68,0.38,35.27,0.32,C3'-endo
99,98,0.83,G,G,G,0,0,1,0,0,.,78,1,tSH,tm-M,4.91,2.81,1.13,1.34,3.29,4.55,5.02,3.34,BI,anti,.,4.55,4.53,2.56,2.72,3.16,2.57,4.60,2.50,0.01,5.85,0.66,5.61,0.42,39.91,0.31,C3'-endo
100,99,0.84,A,A,A,1,0,0,0,0,.,"0,77",2,"tSS,tHW","tm+m,tM-W",4.32,2.22,2.58,1.42,4.20,4.78,5.71,3.13,..,anti,.,4.70,4.72,3.59,3.33,3.23,3.53,2.83,4.44,0.04,5.87,0.61,5.68,0.36,36.31,0.27,C3'-endo
101,100,0.85,G,G,G,0,0,1,0,0,.,76,1,tHW,tM-W,5.54,2.50,0.84,1.35,3.78,5.24,4.83,3.19,BI,anti,.,4.68,4.67,2.77,4.10,3.19,4.10,4.40,5.01,6.27,5.87,0.65,5.60,0.44,39.78,0.34,C3'-endo
102,101,0.86,A,A,A,1,0,0,0,0,.,75,1,cWW,cW-W,5.16,3.09,0.87,1.36,4.57,4.50,0.06,3.37,..,anti,.,4.34,4.78,3.09,4.03,3.39,4.26,4.61,5.10,0.06,5.81,0.68,5.62,0.38,40.14,0.24,C3'-endo
103,102,0.87,G,G,G,0,0,1,0,0,.,74,1,cW.,cW-.,5.57,1.96,1.40,1.46,3.65,4.89,5.04,3.42,BI,anti,A,4.37,4.49,2.85,3.76,3.50,3.47,4.68,3.55,6.28,5.92,0.57,5.70,0.37,34.37,0.33,C3'-endo
104,103,0.87,U,U,U,0,0,0,1,0,.,73,1,tWH,tW-M,5.18,3.08,0.74,1.36,3.65,5.28,4.66,3.36,BI,anti,A,4.60,4.66,2.81,3.91,2.94,3.95,3.38,4.49,0.06,5.81,0.68,5.62,0.38,40.40,0.24,C3'-endo
105,104,0.88,A,A,A,1,0,0,0,0,.,72,1,tHS,tM-m,4.81,3.44,0.95,1.34,3.68,5.28,4.68,3.58,BI,anti,.,4.29,4.66,2.83,3.88,3.06,3.99,3.83,4.87,6.27,5.86,0.67,5.59,0.44,40.50,0.34,C3'-endo
106,105,0.89,G,G,G,0,0,1,0,0,),71,1,cWW,cW-W,4.96,2.85,1.21,1.39,3.70,4.74,5.24,3.16,BI,anti,.,4.79,4.75,2.83,3.63,3.30,3.62,4.59,3.93,0.12,5.78,0.68,5.66,0.32,39.47,0.15,C3'-endo
107,106,0.90,G,G,G,0,0,1,0,0,),"14,70",2,"tSW,cWW","tm+W,cW-W",5.65,2.70,0.91,1.42,4.17,4.75,5.70,3.08,..,anti,A,4.72,4.75,3.29,4.04,3.47,4.10,3.99,4.52,0.09,5.83,0.63,5.68,0.33,37.00,0.20,C3'-endo
108,107,0.91,U,U,U,0,0,0,1,0,),69,1,cWW,cW-W,5.67,2.78,0.79,1.39,3.42,4.55,5.15,3.57,BI,anti,.,4.22,4.42,3.01,3.65,3.35,3.79,4.10,4.19,6.22,5.95,0.58,5.65,0.44,36.39,0.42,C3'-endo
109,108,0.92,C,C,C,0,1,0,0,0,.,17,1,cWH,cW+M,3.45,3.84,2.73,1.47,4.54,1.29,3.25,3.67,..,anti,.,3.53,4.67,3.56,1.03,3.58,0.99,3.90,1.21,0.05,5.87,0.59,5.70,0.33,34.97,0.24,C3'-endo
110,109,0.92,G,G,G,0,0,1,0,0,),11,1,cWW,cW-W,1.77,3.77,3.39,1.42,3.76,4.89,5.15,3.20,BI,anti,A,4.75,4.75,3.30,3.17,3.56,3.27,3.88,3.66,0.16,5.75,0.68,5.67,0.29,39.42,0.10,C3'-endo
111,110,0.93,G,G,G,0,0,1,0,0,),10,1,cWW,cW-W,5.06,3.14,0.99,1.45,3.94,4.92,5.30,3.24,BI,anti,.,4.69,4.74,3.03,3.94,3.15,4.04,3.62,4.76,0.11,5.81,0.63,5.70,0.30,36.63,0.16,C3'-endo
112,111,0.94,U,U,U,0,0,0,1,0,),9,1,cWW,cW-W,5.37,2.75,0.98,1.43,3.84,4.33,5.80,3.35,..,anti,.,4.57,4.68,2.96,3.26,3.34,3.26,4.41,3.28,0.07,5.83,0.65,5.66,0.35,37.86,0.22,C3'-endo
113,112,0.95,G,G,G,0,0,1,0,0,),8,1,cWW,cW-W,5.17,2.67,1.02,1.38,3.72,5.14,4.87,3.20,BI,anti,.,4.75,4.73,2.91,3.91,2.92,3.87,3.04,4.24,0.10,5.79,0.69,5.63,0.35,40.14,0.19,C3'-endo
114,113,0.96,C,C,C,0,1,0,0,0,),7,1,cWW,cW-W,5.19,3.31,0.82,1.33,3.76,4.86,5.18,3.44,BI,anti,A,4.52,4.70,3.01,3.54,3.20,3.61,3.86,4.04,0.03,5.83,0.67,5.61,0.40,40.20,0.28,C3'-endo
115,114,0.97,G,G,G,0,0,1,0,0,),6,1,cWW,cW-W,5.24,2.72,1.11,1.35,3.61,5.05,4.85,3.30,BI,anti,A,4.64,4.66,2.90,3.71,3.14,3.67,3.81,4.17,0.05,5.82,0.68,5.62,0.39,40.18,0.25,C3'-endo
116,115,0.97,G,G,G,0,0,1,0,0,),5,1,cWW,cW-W,5.19,3.01,0.97,1.38,3.74,4.95,5.07,3.30,BI,anti,A,4.66,4.72,2.96,3.69,3.20,3.74,4.02,4.10,0.11,5.78,0.68,5.65,0.33,39.59,0.16,C3'-endo
117,116,0.98,G,G,G,0,0,1,0,0,),4,1,cWW,cW-W,5.15,3.14,0.95,1.44,3.69,5.05,4.93,3.46,BI,anti,A,4.44,4.63,3.01,3.77,3.18,3.74,3.74,4.16,0.08,5.83,0.63,5.68,0.33,36.87,0.21,C3'-endo
118,117,0.99,G,G,G,0,0,1,0,0,),3,1,cWW,cW-W,4.79,2.83,1.38,1.39,3.68,5.29,4.67,3.21,BI,anti,A,4.62,4.63,2.83,4.00,3.11,3.97,3.86,4.34,0.02,5.86,0.63,5.65,0.39,37.91,0.29,C3'-endo
119,118,1.00,G,G,G,0,0,1,0,0,),2,1,cWW,cW-W,4.77,3.68,0.82,1.41,,,,3.89,n/a,anti,-,,,,,,,,,0.01,5.89,0.60,5.67,0.38,36.36,0.31,C3'-endo
