index_chain,old_nt_resnum,nt_position,nt_name,nt_code,nt_align_code,is_A,is_C,is_G,is_U,is_other,dbn,paired,nb_interact,pair_type_LW,pair_type_DSSR,alpha,beta,gamma,delta,epsilon,zeta,epsilon_zeta,chi,bb_type,glyco_bond,form,ssZp,Dp,eta,theta,eta_prime,theta_prime,eta_base,theta_base,v0,v1,v2,v3,v4,amplitude,phase_angle,puckering
6,2,0.01,G,G,G,0,0,1,0,0,(,71,1,cWW,cW-W,,3.49,2.40,1.50,4.19,4.55,5.93,3.07,..,anti,A,4.77,4.75,,3.74,,3.78,,4.44,0.09,5.88,0.56,5.76,0.28,32.36,0.18,C3'-endo
7,3,0.03,C,C,C,0,1,0,0,0,(,70,1,cWW,cW-W,5.73,2.62,0.61,1.38,3.63,5.12,4.79,3.45,BI,anti,A,4.43,4.61,2.89,3.83,3.18,3.80,4.12,4.26,0.02,5.86,0.64,5.64,0.40,38.34,0.30,C3'-endo
8,4,0.04,G,G,G,0,0,1,0,0,(,69,1,cWW,cW-W,4.83,2.97,1.18,1.33,3.75,4.93,5.11,3.39,BI,anti,A,4.55,4.72,2.79,3.69,3.05,3.68,3.85,3.94,0.07,5.80,0.70,5.60,0.39,41.45,0.23,C3'-endo
9,5,0.05,G,G,G,0,0,1,0,0,(,68,1,cWW,cW-W,5.43,2.83,0.96,1.34,3.64,5.18,4.74,3.32,BI,anti,A,4.63,4.68,3.03,3.78,3.28,3.77,3.84,4.21,0.06,5.82,0.68,5.62,0.38,39.99,0.24,C3'-endo
10,6,0.07,G,G,G,0,0,1,0,0,(,67,1,cWW,cW-W,4.50,2.95,1.75,1.38,3.92,4.72,5.48,3.30,BI,anti,A,4.50,4.63,3.05,3.59,3.30,3.67,4.01,3.86,6.28,5.90,0.60,5.67,0.39,36.17,0.33,C3'-endo
11,7,0.08,G,G,G,0,0,1,0,0,(,66,1,cWW,cW-W,5.69,2.87,0.85,2.42,4.20,5.67,4.82,3.96,..,anti,.,1.65,1.53,3.42,5.66,3.81,5.43,4.04,6.04,5.87,0.61,5.71,0.35,0.04,35.25,2.75,C2'-endo
12,8,0.09,U,U,U,0,0,0,1,0,.,"13,21",2,"tWH,tSW","tW-M,tm+W",4.65,3.84,0.99,1.47,3.94,3.98,6.24,3.44,..,anti,.,4.56,4.79,2.92,3.52,3.62,3.58,3.83,3.03,0.16,5.79,0.63,5.73,0.25,36.15,0.08,C3'-endo
13,9,0.11,G,G,G,0,0,1,0,0,.,,0,,,2.01,2.89,4.21,2.44,4.68,4.90,6.06,4.60,..,anti,.,0.74,0.82,3.68,4.91,3.31,4.27,2.52,4.57,5.82,0.63,5.73,0.30,0.09,35.52,2.66,C2'-endo
14,10,0.12,G,G,G,0,0,1,0,0,(,"25,45",2,"cWW,cHS","cW-W,cM+m",3.15,3.13,1.23,1.46,3.94,5.00,5.23,3.15,BI,anti,A,4.82,4.78,0.79,3.97,1.89,3.95,2.62,4.25,0.09,5.83,0.62,5.70,0.31,36.14,0.18,C3'-endo
15,11,0.13,A,A,A,1,0,0,0,0,(,24,1,cWW,cW-W,4.92,3.06,1.15,1.38,4.00,4.79,5.49,3.34,BI,anti,A,4.56,4.72,2.92,3.78,3.15,3.83,3.74,4.41,0.05,5.83,0.66,5.64,0.37,38.71,0.25,C3'-endo
16,12,0.14,G,G,G,0,0,1,0,0,(,23,1,cWW,cW-W,5.50,2.81,0.64,1.34,3.59,5.49,4.38,3.56,BI,anti,.,4.40,4.64,2.78,3.98,3.05,3.82,3.90,4.14,0.02,5.86,0.64,5.63,0.40,38.68,0.30,C3'-endo
17,13,0.16,C,C,C,0,1,0,0,0,(,22,1,cWW,cW-W,3.83,2.45,2.44,1.34,3.64,5.31,4.61,3.25,BI,anti,.,4.69,4.65,2.78,3.65,3.07,3.45,3.82,3.71,0.14,5.74,0.73,5.61,0.33,42.39,0.14,C3'-endo
18,14,0.17,A,A,A,1,0,0,0,0,.,"7,21",2,"tHW,cWS","tM-W,cW-m",3.25,2.64,3.08,1.50,4.33,4.96,5.66,3.03,..,anti,.,4.92,4.91,3.08,3.69,3.17,3.99,3.67,4.87,0.22,5.73,0.65,5.74,0.20,37.41,6.27,C2'-exo
19,15,0.18,G,G,G,0,0,1,0,0,.,48,1,tWW,tW+W,5.60,2.67,0.95,1.53,3.89,5.54,4.63,3.53,BI,anti,.,4.13,4.42,3.01,4.79,3.57,4.78,4.65,5.23,6.22,6.01,0.48,5.75,0.37,30.36,0.44,C3'-endo
20,16,0.20,C,C,C,0,1,0,0,0,.,,0,,,4.28,3.68,1.30,2.40,4.49,4.95,5.82,4.24,..,anti,.,1.02,1.21,2.96,5.15,3.66,4.93,4.38,6.04,5.85,0.61,5.73,0.32,0.07,34.88,2.70,C2'-endo
21,17,0.21,C,C,C,0,1,0,0,0,.,,0,,,5.07,2.76,0.93,1.42,3.68,0.93,2.75,0.64,..,syn,Z,-3.93,4.44,2.43,5.95,3.22,5.24,4.07,3.38,6.23,5.97,0.54,5.70,0.40,33.74,0.41,C3'-endo
22,17A,0.22,U,U,U,0,0,0,1,0,.,,0,,,3.04,2.68,0.70,2.45,4.45,4.11,0.34,3.77,..,anti,.,1.26,1.34,0.98,4.95,2.08,4.14,1.09,4.15,5.92,0.56,5.75,0.34,0.01,32.62,2.79,C2'-endo
23,18,0.24,G,G,G,0,0,1,0,0,.,55,1,tWS,tW+m,1.20,2.71,0.89,2.63,3.94,4.09,6.14,4.27,..,anti,.,1.27,1.40,4.75,4.45,5.87,4.00,5.87,4.49,5.90,0.64,5.63,0.45,6.24,38.53,2.88,C2'-endo
24,19,0.25,G,G,G,0,0,1,0,0,{,56,1,cWW,cW-W,2.72,3.13,3.13,2.62,5.14,5.23,6.20,4.52,..,anti,.,-0.68,0.54,3.99,4.89,3.95,5.10,4.33,6.20,6.05,0.54,5.67,0.50,6.11,35.24,3.09,C2'-endo
25,20,0.26,U,U,U,0,0,0,1,0,.,,0,,,4.97,2.48,1.39,1.44,4.59,5.58,5.30,1.21,..,syn,.,-1.13,4.09,2.54,5.00,3.36,4.77,3.64,4.49,6.06,6.11,0.46,5.68,0.52,34.28,0.69,C4'-exo
26,21,0.28,A,A,A,1,0,0,0,0,.,"7,13",2,"tWS,cSW","tW+m,cm-W",3.66,2.42,3.72,1.55,3.86,4.16,5.98,3.66,..,anti,.,4.08,4.65,3.77,2.12,4.16,2.47,4.38,2.64,0.16,5.81,0.60,5.76,0.23,34.25,0.07,C3'-endo
27,22,0.29,G,G,G,0,0,1,0,0,),"12,46",2,"cWW,tHW","cW-W,tM-W",4.87,2.58,1.31,1.47,3.82,4.54,5.56,3.36,BI,anti,A,4.53,4.62,2.95,3.64,2.94,3.50,2.86,3.70,0.09,5.84,0.61,5.70,0.31,35.80,0.18,C3'-endo
28,23,0.30,C,C,C,0,1,0,0,0,),11,1,cWW,cW-W,5.73,2.76,0.50,1.35,3.55,4.96,4.87,3.48,BI,anti,A,4.50,4.64,2.88,3.55,2.98,3.62,3.46,4.18,0.04,5.82,0.68,5.61,0.39,40.18,0.26,C3'-endo
29,24,0.32,U,U,U,0,0,0,1,0,),10,1,cWW,cW-W,5.01,3.13,0.99,1.41,3.81,5.07,5.02,3.36,BI,anti,A,4.62,4.74,2.92,3.93,3.07,3.94,3.81,4.43,0.15,5.75,0.70,5.65,0.31,40.47,0.12,C3'-endo
30,25,0.33,C,C,C,0,1,0,0,0,),9,1,cWW,cW-W,5.14,2.87,1.17,1.36,3.60,5.31,4.56,3.45,BI,anti,.,4.41,4.54,2.95,3.92,3.27,3.89,4.11,4.63,6.26,5.89,0.63,5.62,0.43,38.76,0.36,C3'-endo
31,26,0.34,G,G,G,0,0,1,0,0,.,44,1,cWW,cW-W,4.57,2.99,1.49,1.41,4.06,4.88,5.46,3.21,..,anti,A,4.62,4.70,2.92,3.93,3.28,3.95,4.38,4.58,0.06,5.85,0.62,5.68,0.35,36.74,0.24,C3'-endo
32,27,0.36,U,U,U,0,0,0,1,0,(,43,1,cWW,cW-W,5.45,2.76,0.84,1.39,4.05,4.58,5.75,3.58,..,anti,.,4.15,4.76,2.89,3.82,3.21,3.88,4.16,4.45,0.02,5.85,0.65,5.63,0.40,38.81,0.29,C3'-endo
33,28,0.37,C,C,C,0,1,0,0,0,(,42,1,cWW,cW-W,5.96,2.70,0.38,1.33,3.50,5.15,4.63,3.61,BI,anti,A,4.31,4.66,2.88,3.64,3.12,3.65,3.93,3.95,0.08,5.79,0.70,5.61,0.38,41.27,0.22,C3'-endo
34,29,0.38,G,G,G,0,0,1,0,0,(,41,1,cWW,cW-W,5.00,3.31,0.84,1.37,3.53,5.22,4.59,3.37,BI,anti,A,4.68,4.70,2.87,3.70,2.99,3.76,3.51,4.30,0.09,5.80,0.67,5.64,0.35,39.41,0.20,C3'-endo
35,30,0.39,G,G,G,0,0,1,0,0,(,"0,0,40",3,"tSW,tSS,cWW","tm+W,tm+m,cW-W",5.04,3.07,1.09,1.34,3.77,5.18,4.88,3.25,BI,anti,A,4.65,4.67,2.99,3.86,3.25,3.83,4.07,4.32,0.05,5.82,0.67,5.62,0.38,39.84,0.25,C3'-endo
36,31,0.41,G,G,G,0,0,1,0,0,(,39,1,cWW,cW-W,4.30,2.79,1.94,1.39,4.27,4.69,5.87,2.93,..,anti,A,4.64,4.71,2.98,3.71,3.21,3.77,3.99,4.43,0.02,5.89,0.59,5.69,0.36,35.45,0.29,C3'-endo
37,32,0.42,C,C,C,0,1,0,0,0,.,,0,,,5.44,2.75,0.90,1.43,4.04,5.18,5.14,3.18,BI,anti,.,4.50,4.57,3.02,4.24,3.27,4.27,4.14,4.93,6.25,5.93,0.58,5.67,0.41,35.76,0.37,C3'-endo
38,33,0.43,U,U,U,0,0,0,1,0,.,,0,,,5.20,3.14,0.69,1.38,3.95,4.87,5.37,3.44,BI,anti,.,4.40,4.68,2.74,4.26,3.11,3.57,4.12,2.42,0.01,5.86,0.65,5.62,0.41,39.31,0.31,C3'-endo
39,34,0.45,C,C,C,0,1,0,0,0,],0,1,cWW,cW-W,2.61,3.08,1.24,1.46,4.16,5.01,5.44,3.25,..,anti,A,4.68,4.77,0.55,4.19,0.95,4.19,0.41,4.59,0.13,5.80,0.64,5.71,0.28,36.69,0.12,C3'-endo
40,35,0.46,A,A,A,1,0,0,0,0,],0,1,cWW,cW-W,5.36,2.84,0.89,1.46,3.64,4.99,4.93,3.40,BI,anti,A,4.30,4.38,2.85,3.69,3.26,3.65,4.07,4.06,6.25,5.94,0.55,5.69,0.39,33.95,0.38,C3'-endo
41,36,0.47,U,U,U,0,0,0,1,0,],0,1,cWW,cW-W,4.91,3.03,0.96,1.29,3.77,4.99,5.07,3.53,BI,anti,A,4.41,4.71,2.71,3.67,2.90,3.69,3.57,4.07,0.00,5.85,0.68,5.59,0.43,40.83,0.32,C3'-endo
42,37,0.49,A,A,A,1,0,0,0,0,.,,0,,,5.21,2.79,1.18,1.32,3.87,5.14,5.00,3.33,BI,anti,.,4.55,4.64,3.01,3.94,3.25,3.96,3.86,4.87,6.26,5.87,0.67,5.58,0.46,41.17,0.36,C3'-endo
43,38,0.50,A,A,A,1,0,0,0,0,.,,0,,,5.25,2.86,0.89,1.39,3.85,5.35,4.78,3.30,BI,anti,.,4.70,4.79,2.81,4.19,3.20,4.26,4.52,5.15,0.06,5.84,0.64,5.66,0.36,37.84,0.23,C3'-endo
44,39,0.51,C,C,C,0,1,0,0,0,),31,1,cWW,cW-W,4.98,3.21,0.97,1.42,3.60,5.04,4.84,3.54,BI,anti,A,4.45,4.67,2.82,3.70,3.28,3.70,4.60,3.98,0.10,5.78,0.69,5.64,0.34,40.20,0.18,C3'-endo
45,40,0.53,C,C,C,0,1,0,0,0,),30,1,cWW,cW-W,5.03,3.22,0.87,1.39,3.52,5.10,4.70,3.59,BI,anti,.,4.32,4.63,2.90,3.68,3.05,3.77,3.54,4.27,0.07,5.81,0.67,5.64,0.37,39.24,0.23,C3'-endo
46,41,0.54,C,C,C,0,1,0,0,0,),29,1,cWW,cW-W,5.19,3.19,0.86,1.42,3.51,5.18,4.61,3.26,BI,anti,A,4.42,4.51,3.04,4.03,3.26,3.93,3.96,4.21,0.05,5.85,0.63,5.66,0.36,37.18,0.25,C3'-endo
47,42,0.55,G,G,G,0,0,1,0,0,),28,1,cWW,cW-W,3.44,3.07,2.50,1.46,4.04,4.74,5.59,3.07,..,anti,A,4.82,4.79,2.86,3.59,3.13,3.64,3.78,4.15,0.11,5.81,0.63,5.70,0.30,36.48,0.16,C3'-endo
48,43,0.57,A,A,A,1,0,0,0,0,),27,1,cWW,cW-W,5.69,2.64,0.85,1.36,3.51,4.91,4.89,3.34,BI,anti,A,4.46,4.50,3.02,3.50,3.37,3.49,4.18,3.93,6.23,5.92,0.62,5.61,0.45,38.60,0.40,C3'-endo
49,44,0.58,A,A,A,1,0,0,0,0,.,26,1,cWW,cW-W,4.79,2.88,1.42,1.47,4.09,4.71,5.66,3.55,..,anti,.,4.10,4.69,3.09,3.91,3.24,3.92,3.83,4.63,0.07,5.86,0.60,5.71,0.32,35.13,0.21,C3'-endo
50,45,0.59,G,G,G,0,0,1,0,0,.,9,1,cSH,cm+M,5.61,2.65,0.76,1.49,3.74,4.96,5.07,3.82,BI,anti,.,3.73,4.61,2.94,3.83,3.27,3.97,4.24,4.10,0.07,5.88,0.56,5.74,0.30,32.88,0.20,C3'-endo
51,46,0.61,G,G,G,0,0,1,0,0,.,22,1,tWH,tW-M,4.84,3.68,1.34,1.45,4.25,4.65,5.88,4.38,..,anti,.,1.28,4.24,3.62,3.61,3.62,3.16,3.63,2.78,6.11,6.07,0.49,5.68,0.49,34.13,0.61,C3'-endo
52,47,0.62,U,U,U,0,0,0,1,0,.,,0,,,5.17,4.30,3.55,1.27,4.06,1.24,2.82,3.09,..,anti,.,4.86,4.82,0.38,5.58,0.58,5.41,0.93,4.63,0.06,5.80,0.71,5.59,0.39,41.95,0.24,C3'-endo
53,48,0.63,C,C,C,0,1,0,0,0,.,14,1,tWW,tW+W,4.77,4.14,1.05,2.52,3.68,1.43,2.25,3.91,..,anti,.,2.00,2.02,3.86,1.61,4.82,1.09,6.00,4.39,5.85,0.64,5.69,0.36,0.04,36.49,2.75,C2'-endo
54,49,0.64,G,G,G,0,0,1,0,0,(,65,1,cWW,cW-W,0.95,2.87,0.53,1.35,3.87,4.89,5.26,3.21,BI,anti,A,4.75,4.75,5.05,3.79,5.23,3.92,2.15,4.46,0.12,5.78,0.68,5.65,0.32,39.65,0.16,C3'-endo
55,50,0.66,U,U,U,0,0,0,1,0,(,64,1,cWW,cW-W,5.58,2.97,0.80,1.37,3.76,4.57,5.47,3.56,BI,anti,A,4.33,4.70,3.13,3.94,3.36,3.76,4.07,3.94,0.06,5.84,0.63,5.67,0.34,37.13,0.23,C3'-endo
56,51,0.67,C,C,C,0,1,0,0,0,(,63,1,cWW,cW-W,2.11,3.68,3.46,1.43,4.15,4.97,5.46,3.32,..,anti,A,4.66,4.85,2.76,3.58,2.91,3.68,3.43,4.32,0.17,5.76,0.66,5.70,0.26,38.19,0.07,C3'-endo
57,52,0.68,G,G,G,0,0,1,0,0,(,62,1,cWW,cW-W,5.22,2.89,0.96,1.36,3.65,5.04,4.89,3.24,BI,anti,A,4.73,4.71,2.74,3.76,3.10,3.80,4.05,4.16,0.03,5.83,0.68,5.61,0.40,40.23,0.28,C3'-endo
58,53,0.70,G,G,G,0,0,1,0,0,(,61,1,cWW,cW-W,5.16,2.91,1.23,1.44,3.49,5.14,4.63,3.16,BI,anti,A,4.40,4.46,3.08,3.81,3.41,3.79,4.12,4.43,0.00,5.90,0.59,5.68,0.38,35.77,0.32,C3'-endo
59,54,0.71,U,U,U,0,0,0,1,0,.,58,1,tWH,tW-M,4.84,3.51,0.88,1.43,3.95,5.16,5.07,3.66,BI,anti,A,4.05,4.74,2.98,4.06,3.11,4.14,3.94,4.71,0.10,5.82,0.64,5.69,0.31,37.17,0.17,C3'-endo
60,55,0.72,U,U,U,0,0,0,1,0,.,18,1,tSW,tm+W,5.01,2.82,1.29,1.33,4.23,4.69,5.82,3.54,..,anti,.,4.09,4.70,2.97,4.35,3.30,3.61,4.11,2.56,0.00,5.86,0.66,5.61,0.42,39.76,0.32,C3'-endo
61,56,0.74,C,C,C,0,1,0,0,0,},19,1,cWW,cW-W,2.44,3.28,1.28,1.40,3.98,5.19,5.08,3.37,BI,anti,.,4.47,4.67,0.42,4.15,0.87,4.19,0.47,4.86,0.04,5.85,0.65,5.64,0.38,38.51,0.27,C3'-endo
62,57,0.75,A,A,A,1,0,0,0,0,.,,0,,,5.13,3.00,1.09,1.42,4.03,4.74,5.58,3.54,..,anti,.,4.16,4.58,2.98,3.74,3.36,3.96,4.35,4.26,6.28,5.90,0.60,5.66,0.39,36.43,0.33,C3'-endo
63,58,0.76,A,A,A,1,0,0,0,0,.,54,1,tHW,tM-W,5.83,3.41,0.78,2.67,4.89,3.22,1.68,4.98,BII,anti,.,-0.09,0.32,4.03,3.97,4.36,3.11,4.35,2.71,5.99,0.61,5.61,0.52,6.14,38.74,3.03,C2'-endo
64,59,0.78,A,A,A,1,0,0,0,0,.,,0,,,0.98,3.50,1.53,1.37,4.18,4.84,5.62,3.05,..,anti,.,4.63,4.66,0.37,4.24,0.59,4.45,1.03,5.42,6.25,5.90,0.63,5.62,0.44,38.64,0.37,C3'-endo
65,60,0.79,U,U,U,0,0,0,1,0,.,,0,,,6.07,2.64,0.54,2.52,4.64,4.82,6.11,4.13,..,anti,.,0.76,0.85,3.31,5.28,4.02,4.89,5.15,5.50,5.91,0.60,5.69,0.39,6.27,35.49,2.84,C2'-endo
66,61,0.80,C,C,C,0,1,0,0,0,),53,1,cWW,cW-W,5.19,3.00,0.32,1.39,3.79,4.74,5.34,3.35,BI,anti,A,4.63,4.71,2.17,3.56,2.86,3.70,3.55,4.18,0.08,5.82,0.66,5.65,0.35,38.59,0.21,C3'-endo
67,62,0.82,C,C,C,0,1,0,0,0,),52,1,cWW,cW-W,5.68,2.79,0.72,1.34,3.66,5.05,4.89,3.16,BI,anti,A,4.60,4.64,3.05,3.76,3.25,3.76,3.88,4.25,0.07,5.81,0.69,5.62,0.38,40.52,0.23,C3'-endo
68,63,0.83,G,G,G,0,0,1,0,0,),51,1,cWW,cW-W,4.54,3.20,1.29,1.34,3.79,4.85,5.22,3.25,BI,anti,A,4.71,4.73,2.73,3.61,2.91,3.65,3.70,3.88,0.10,5.77,0.70,5.62,0.35,41.03,0.18,C3'-endo
69,64,0.84,G,G,G,0,0,1,0,0,),50,1,cWW,cW-W,5.17,2.86,1.14,1.38,3.88,4.69,5.48,3.22,BI,anti,A,4.75,4.77,2.99,3.71,3.18,3.74,3.64,4.38,0.07,5.82,0.66,5.64,0.36,38.92,0.23,C3'-endo
70,65,0.86,C,C,C,0,1,0,0,0,),49,1,cWW,cW-W,5.64,2.82,0.68,1.39,3.63,5.10,4.81,3.66,BI,anti,A,4.15,4.67,2.99,3.81,3.18,3.82,4.07,4.24,0.08,5.82,0.66,5.65,0.35,38.52,0.22,C3'-endo
71,66,0.87,C,C,C,0,1,0,0,0,),6,1,cWW,cW-W,5.13,2.96,1.08,1.37,4.34,4.83,5.79,3.25,..,anti,A,4.63,4.76,3.08,3.85,3.27,3.79,3.93,4.09,0.03,5.85,0.65,5.63,0.39,38.74,0.28,C3'-endo
72,67,0.88,C,C,C,0,1,0,0,0,),5,1,cWW,cW-W,4.64,2.17,1.89,1.40,4.10,4.34,6.04,3.16,..,anti,A,4.79,4.78,2.79,3.70,3.05,3.70,3.65,4.18,0.14,5.78,0.66,5.69,0.28,37.82,0.11,C3'-endo
73,68,0.89,C,C,C,0,1,0,0,0,),4,1,cWW,cW-W,0.38,2.38,6.17,1.37,3.13,4.89,4.53,3.56,BI,anti,A,4.35,4.44,2.84,3.74,3.10,3.74,3.88,3.99,0.05,5.84,0.65,5.64,0.37,38.50,0.26,C3'-endo
74,69,0.91,C,C,C,0,1,0,0,0,),3,1,cWW,cW-W,2.93,3.78,2.92,1.37,4.60,5.43,5.45,3.16,..,anti,A,4.42,4.61,3.22,4.01,3.36,3.74,3.76,4.17,0.00,5.87,0.64,5.62,0.41,38.73,0.32,C3'-endo
75,70,0.92,G,G,G,0,0,1,0,0,),2,1,cWW,cW-W,4.44,1.33,2.68,1.46,4.35,4.90,5.73,3.04,..,anti,A,4.74,4.80,2.81,3.33,2.95,3.56,3.69,4.43,0.16,5.78,0.64,5.71,0.26,37.09,0.09,C3'-endo
76,71,0.93,C,C,C,0,1,0,0,0,),1,1,cWW,cW-W,5.35,2.89,0.77,1.35,3.73,5.11,4.90,3.56,BI,anti,A,4.39,4.77,2.68,3.83,3.08,3.83,4.22,4.13,0.11,5.77,0.70,5.62,0.35,40.98,0.17,C3'-endo
77,72,0.95,A,A,A,1,0,0,0,0,.,,0,,,5.21,2.97,1.09,1.32,3.92,5.04,5.16,3.48,BI,anti,.,4.32,4.66,3.09,3.79,3.31,3.81,3.85,4.65,6.26,5.89,0.64,5.61,0.44,39.19,0.35,C3'-endo
78,73,0.96,A,A,A,1,0,0,0,0,.,,0,,,4.85,2.70,1.32,1.37,4.35,1.96,2.38,3.44,..,anti,.,4.35,4.82,2.84,1.02,3.12,1.10,4.22,1.59,0.11,5.78,0.69,5.64,0.33,40.22,0.17,C3'-endo
79,74,0.97,C,C,C,0,1,0,0,0,{,0,1,cWW,cW-W,4.35,2.86,0.93,1.45,3.50,5.23,4.56,3.40,BI,anti,A,4.41,4.51,2.81,3.99,3.20,3.93,3.25,4.12,0.06,5.84,0.63,5.67,0.35,37.26,0.23,C3'-endo
80,75,0.99,C,C,C,0,1,0,0,0,{,0,1,cWW,cW-W,4.64,3.55,1.02,1.39,4.87,3.50,1.38,3.79,BII,anti,.,2.82,4.41,3.20,4.11,3.29,4.37,3.61,3.56,6.23,5.92,0.61,5.63,0.45,38.01,0.40,C3'-endo
81,76,1.00,A,A,A,1,0,0,0,0,.,,0,,,1.54,5.22,3.41,2.02,,,,4.71,n/a,anti,-,,,,,,,,,5.71,0.50,6.04,6.21,0.41,32.08,2.03,C1'-exo
