index_chain,old_nt_resnum,nt_position,nt_name,nt_code,nt_align_code,is_A,is_C,is_G,is_U,is_other,dbn,paired,nb_interact,pair_type_LW,pair_type_DSSR,alpha,beta,gamma,delta,epsilon,zeta,epsilon_zeta,chi,bb_type,glyco_bond,form,ssZp,Dp,eta,theta,eta_prime,theta_prime,eta_base,theta_base,v0,v1,v2,v3,v4,amplitude,phase_angle,puckering
1,1,0.01,U,U,U,0,0,0,1,0,.,,0,,,,,5.25,1.46,3.40,5.58,4.10,2.81,BI,anti,.,3.94,4.54,,,,,,,0.15,5.78,0.64,5.71,0.26,36.85,0.09,C3'-endo
2,2,0.02,C,C,C,0,1,0,0,0,(,119,1,cWW,cW-W,3.80,4.53,1.02,1.42,3.22,5.08,4.42,3.46,BI,anti,.,4.41,4.45,2.65,3.69,3.05,3.70,4.10,3.83,0.05,5.87,0.61,5.68,0.35,36.02,0.25,C3'-endo
3,3,0.03,C,C,C,0,1,0,0,0,(,118,1,cWW,cW-W,4.35,3.39,1.40,1.35,3.85,4.74,5.39,3.31,BI,anti,A,4.67,4.73,2.88,3.65,2.94,3.70,3.27,4.16,0.04,5.84,0.66,5.63,0.38,38.99,0.26,C3'-endo
4,4,0.03,C,C,C,0,1,0,0,0,(,117,1,cWW,cW-W,5.51,2.79,0.84,1.41,3.67,5.11,4.85,3.31,BI,anti,A,4.52,4.62,3.03,3.80,3.24,3.76,3.92,3.86,0.05,5.85,0.63,5.66,0.36,37.20,0.25,C3'-endo
5,5,0.04,C,C,C,0,1,0,0,0,(,116,1,cWW,cW-W,4.74,2.81,1.61,1.36,3.71,5.19,4.81,3.22,BI,anti,A,4.39,4.48,3.04,3.81,3.30,3.77,3.68,4.23,6.19,5.96,0.59,5.63,0.47,37.56,0.46,C3'-endo
6,6,0.05,C,C,C,0,1,0,0,0,(,115,1,cWW,cW-W,4.82,3.21,1.09,1.34,3.85,4.76,5.37,3.49,BI,anti,.,4.33,4.62,2.87,3.95,3.12,3.79,3.85,4.28,6.22,5.93,0.62,5.62,0.46,38.49,0.41,C3'-endo
7,7,0.06,G,G,G,0,0,1,0,0,(,114,1,cWW,cW-W,1.37,3.66,4.35,1.59,3.94,5.13,5.09,3.51,BI,anti,.,4.42,4.78,3.03,3.80,3.13,3.85,3.91,4.46,0.29,5.74,0.57,5.86,0.08,33.31,6.10,C2'-exo
8,8,0.07,U,U,U,0,0,0,1,0,(,113,1,cWW,cW-W,1.64,3.45,4.19,1.58,3.79,4.84,5.23,3.56,BI,anti,.,4.32,4.70,2.95,3.58,3.31,3.59,4.19,3.96,0.13,5.83,0.57,5.77,0.24,33.10,0.10,C3'-endo
9,9,0.07,G,G,G,0,0,1,0,0,(,112,1,cWW,cW-W,2.23,3.69,3.37,1.44,3.98,4.85,5.42,3.16,BI,anti,A,4.76,4.76,2.76,3.40,3.10,3.51,3.71,4.28,0.07,5.83,0.63,5.67,0.34,37.18,0.21,C3'-endo
10,10,0.08,C,C,C,0,1,0,0,0,(,111,1,cWW,cW-W,5.68,2.93,0.50,1.44,3.60,5.15,4.74,3.44,BI,anti,A,4.55,4.66,2.91,3.79,3.19,3.84,4.19,4.17,0.10,5.81,0.64,5.68,0.32,37.37,0.17,C3'-endo
11,11,0.09,C,C,C,0,1,0,0,0,(,110,1,cWW,cW-W,5.07,3.15,0.98,1.44,3.95,5.44,4.80,3.52,BI,anti,.,4.20,4.52,3.05,4.39,3.26,4.61,3.75,5.49,6.24,5.96,0.55,5.69,0.41,34.38,0.40,C3'-endo
12,12,0.10,C,C,C,0,1,0,0,0,.,,0,,,4.78,3.04,1.45,2.67,4.65,2.70,1.95,3.79,BII,anti,.,0.66,0.69,3.23,3.02,4.15,2.63,5.13,3.03,5.91,0.64,5.64,0.45,6.23,38.30,2.89,C2'-endo
13,13,0.11,A,A,A,1,0,0,0,0,.,69,1,tWS,tW+m,5.87,3.29,0.60,1.43,3.77,4.10,5.95,3.50,..,anti,.,4.33,4.60,4.48,3.19,4.24,2.60,4.22,3.45,6.28,5.90,0.60,5.66,0.39,36.48,0.33,C3'-endo
14,14,0.12,U,U,U,0,0,0,1,0,.,,0,,,1.21,3.94,1.04,2.53,4.98,4.47,0.51,5.56,..,...,.,-0.61,0.75,0.12,5.26,0.25,4.97,5.31,5.53,5.97,0.56,5.70,0.41,6.22,34.04,2.93,C2'-endo
15,15,0.12,A,A,A,1,0,0,0,0,.,,0,,,5.20,2.90,0.54,2.60,4.12,5.50,4.90,3.73,..,anti,.,0.94,1.21,2.45,5.63,3.38,5.31,3.42,5.91,5.95,0.61,5.65,0.45,6.21,36.97,2.93,C2'-endo
16,16,0.13,G,G,G,0,0,1,0,0,(,68,1,cWW,cW-W,4.50,3.36,1.02,1.44,3.89,4.63,5.55,2.99,BI,anti,.,4.64,4.75,2.45,3.66,3.26,3.76,3.96,3.93,0.11,5.80,0.65,5.68,0.31,37.68,0.16,C3'-endo
17,17,0.14,C,C,C,0,1,0,0,0,(,"67,109",2,"cWW,tHW","cW-W,tM+W",5.57,2.93,0.79,1.41,3.85,5.01,5.13,3.37,BI,anti,.,4.58,4.71,3.20,3.91,3.29,3.99,3.55,4.81,0.05,5.85,0.63,5.67,0.36,37.24,0.25,C3'-endo
18,18,0.15,G,G,G,0,0,1,0,0,(,65,1,cWW,cW-W,5.29,2.82,0.96,1.43,3.67,5.04,4.92,3.46,BI,anti,A,4.47,4.66,2.88,3.83,3.27,3.83,4.43,4.28,0.10,5.81,0.65,5.68,0.32,37.60,0.18,C3'-endo
19,19,0.16,G,G,G,0,0,1,0,0,(,64,1,cWW,cW-W,5.13,3.05,0.97,1.42,4.39,5.35,5.32,3.48,..,anti,.,4.24,4.82,3.10,4.20,3.29,4.00,3.96,3.96,0.10,5.79,0.68,5.64,0.34,39.68,0.18,C3'-endo
20,20,0.17,C,C,C,0,1,0,0,0,(,63,1,cWW,cW-W,4.63,1.46,2.79,1.37,4.19,5.19,5.28,3.25,..,anti,.,4.62,4.76,3.21,3.30,3.25,3.55,3.50,4.37,0.05,5.84,0.66,5.64,0.38,38.83,0.26,C3'-endo
21,21,0.17,G,G,G,0,0,1,0,0,(,62,1,cWW,cW-W,5.01,2.81,1.21,1.25,3.73,4.23,5.79,3.31,BI,anti,A,4.58,4.65,2.68,3.67,3.16,3.62,4.30,4.18,6.23,5.89,0.66,5.57,0.48,41.01,0.39,C3'-endo
22,22,0.18,U,U,U,0,0,0,1,0,.,61,1,cWW,cW-W,2.65,4.15,2.78,1.38,3.90,4.81,5.38,3.52,BI,anti,A,4.34,4.74,2.69,3.69,2.98,3.60,3.79,3.97,0.06,5.84,0.64,5.65,0.36,38.03,0.24,C3'-endo
23,23,0.19,G,G,G,0,0,1,0,0,(,60,1,cWW,cW-W,5.24,3.02,0.91,1.42,4.38,4.12,0.26,3.55,..,anti,.,4.05,4.76,3.14,3.50,3.25,3.84,3.77,3.26,0.05,5.85,0.63,5.66,0.36,37.23,0.25,C3'-endo
24,24,0.20,G,G,G,0,0,1,0,0,.,"27,59",2,"tSW,c.W","tm+W,c.-W",5.59,2.91,0.66,2.61,4.04,1.70,2.35,5.02,..,anti,.,0.61,1.58,3.23,2.06,3.45,1.38,2.81,1.13,6.04,0.53,5.68,0.48,6.13,34.68,3.06,C2'-endo
25,25,0.21,A,A,A,1,0,0,0,0,.,,0,,,2.62,3.63,1.00,1.45,3.90,4.85,5.34,3.10,BI,anti,A,4.76,4.76,1.55,3.82,1.54,3.95,1.72,4.47,0.09,5.86,0.59,5.73,0.29,34.12,0.18,C3'-endo
26,26,0.22,A,A,A,1,0,0,0,0,.,,0,,,5.41,2.89,0.85,1.44,4.12,4.93,5.47,3.50,..,anti,.,4.35,4.89,3.08,4.14,3.30,4.22,4.01,4.83,0.16,5.76,0.67,5.69,0.27,38.53,0.08,C3'-endo
27,27,0.23,C,C,C,0,1,0,0,0,.,24,1,tWS,tW+m,5.50,2.79,0.86,1.39,3.46,5.37,4.38,3.66,BI,anti,A,4.21,4.62,2.86,4.05,3.31,3.98,4.31,4.61,0.04,5.83,0.66,5.63,0.38,39.14,0.26,C3'-endo
28,28,0.23,C,C,C,0,1,0,0,0,(,56,1,cWW,cW-W,4.34,3.38,1.34,1.34,3.45,5.20,4.53,3.51,BI,anti,A,4.50,4.65,2.68,3.68,3.04,3.65,4.08,4.12,0.06,5.81,0.68,5.62,0.38,40.38,0.25,C3'-endo
29,29,0.24,A,A,A,1,0,0,0,0,(,"54,55",2,"cWW,cWW","cW-W,cW-W",4.80,2.92,1.42,1.42,4.42,4.58,6.13,3.17,..,anti,A,4.65,4.75,3.16,3.78,3.36,3.76,4.06,4.14,0.08,5.83,0.64,5.67,0.34,37.35,0.21,C3'-endo
30,30,0.25,C,C,C,0,1,0,0,0,(,54,1,cWW,cW-W,5.18,2.10,1.44,1.30,3.75,5.62,4.42,3.19,BI,anti,.,4.68,4.69,2.65,4.35,3.05,4.27,3.83,4.97,0.03,5.80,0.72,5.56,0.44,43.24,0.29,C3'-endo
31,31,0.26,C,C,C,0,1,0,0,0,(,"51,53",2,"cWW,c.W","cW-W,c.-W",4.81,3.11,1.34,1.42,4.15,4.68,5.75,3.31,..,anti,.,4.50,4.65,3.07,3.98,3.62,4.02,4.91,4.49,0.01,5.89,0.61,5.67,0.38,36.44,0.31,C3'-endo
32,32,0.27,C,C,C,0,1,0,0,0,(,50,1,cWW,cW-W,6.17,2.96,6.26,1.46,3.52,4.96,4.84,3.50,BI,anti,.,4.34,4.51,2.90,4.02,3.13,4.00,3.83,4.77,0.08,5.85,0.59,5.72,0.30,34.70,0.19,C3'-endo
33,33,0.28,G,G,G,0,0,1,0,0,(,"35,49",2,"cSH,cWW","cm+M,cW-W",2.43,3.69,3.15,1.48,4.04,4.74,5.58,3.23,..,anti,.,4.63,4.70,2.82,3.55,3.19,3.73,4.27,4.35,0.08,5.84,0.61,5.70,0.31,35.91,0.19,C3'-endo
34,34,0.28,U,U,U,0,0,0,1,0,(,"36,48",2,"cSH,cWW","cm+M,cW-W",5.87,2.73,0.74,2.51,4.39,1.78,2.60,4.30,..,anti,.,1.60,1.40,3.35,2.16,3.92,1.93,4.60,1.93,5.85,0.66,5.66,0.38,0.03,38.14,2.77,C2'-endo
35,35,0.29,U,U,U,0,0,0,1,0,.,33,1,cHS,cM+m,3.04,3.92,1.18,1.40,3.72,5.19,4.82,3.40,BI,anti,.,4.30,4.46,2.43,3.99,2.18,4.04,2.14,4.98,6.20,5.97,0.58,5.64,0.46,36.79,0.46,C3'-endo
36,36,0.30,C,C,C,0,1,0,0,0,.,"34,49",2,"cHS,cWS","cM+m,cW-m",4.99,3.09,0.92,1.37,3.94,4.77,5.45,3.59,BI,anti,.,4.21,4.77,2.80,3.65,3.09,3.72,4.32,3.97,0.05,5.83,0.65,5.64,0.37,38.67,0.25,C3'-endo
37,37,0.31,C,C,C,0,1,0,0,0,.,48,1,cWS,cW-m,5.38,3.06,0.72,1.34,3.80,5.46,4.63,3.57,BI,anti,.,4.31,4.76,2.95,4.16,3.06,4.27,3.42,5.09,0.05,5.81,0.69,5.60,0.40,41.10,0.26,C3'-endo
38,38,0.32,C,C,C,0,1,0,0,0,(,44,1,cWW,cW-W,4.92,3.06,1.10,1.29,3.88,4.80,5.37,3.44,BI,anti,A,4.48,4.76,2.78,3.67,3.28,3.70,4.51,4.11,0.06,5.79,0.72,5.58,0.40,42.45,0.24,C3'-endo
39,39,0.33,A,A,A,1,0,0,0,0,.,46,1,cSW,cm-W,5.45,2.72,0.97,1.37,3.47,4.62,5.14,3.39,BI,anti,.,4.56,4.57,2.92,3.24,3.18,3.37,3.86,3.20,6.27,5.89,0.63,5.63,0.42,38.29,0.34,C3'-endo
40,40,0.33,U,U,U,0,0,0,1,0,.,,0,,,5.36,3.14,1.13,2.58,4.42,5.53,5.17,4.18,..,anti,.,1.11,1.19,3.64,5.77,3.85,5.12,3.50,4.64,5.95,0.59,5.68,0.43,6.22,35.53,2.92,C2'-endo
41,41,0.34,U,U,U,0,0,0,1,0,.,,0,,,5.06,3.14,3.19,1.37,3.26,1.72,1.54,4.20,..,anti,.,2.79,4.41,5.04,6.00,5.77,5.53,0.15,5.54,6.22,5.93,0.62,5.61,0.46,38.65,0.42,C3'-endo
42,42,0.35,C,C,C,0,1,0,0,0,.,,0,,,0.51,3.19,3.44,1.36,4.03,5.09,5.22,3.34,BI,anti,.,4.65,4.77,1.53,3.38,2.12,3.61,2.86,4.51,0.02,5.85,0.66,5.62,0.40,39.30,0.30,C3'-endo
43,43,0.36,C,C,C,0,1,0,0,0,.,,0,,,5.33,2.85,1.00,1.42,4.46,4.73,6.01,3.43,..,anti,.,4.20,4.57,3.12,4.37,3.48,4.11,4.52,4.54,6.22,5.96,0.56,5.67,0.42,35.22,0.42,C3'-endo
44,44,0.37,G,G,G,0,0,1,0,0,),"38,47",2,"cWW,tSW","cW-W,tm+W",0.48,3.30,1.26,2.51,3.80,2.41,1.39,5.10,..,anti,.,1.24,1.77,4.74,1.96,5.46,1.36,5.25,1.27,5.85,0.65,5.68,0.37,0.04,37.15,2.76,C2'-endo
45,45,0.38,A,A,A,1,0,0,0,0,.,,0,,,3.68,2.84,0.43,1.50,3.52,5.50,4.31,3.19,BI,anti,.,4.51,4.55,1.65,4.14,1.66,4.20,1.84,5.10,0.10,5.84,0.60,5.73,0.29,34.73,0.16,C3'-endo
46,46,0.38,A,A,A,1,0,0,0,0,.,39,1,cWS,cW-m,4.72,3.30,1.01,1.49,3.72,5.27,4.74,3.46,BI,anti,A,4.32,4.52,2.85,4.08,3.27,4.09,4.53,4.84,0.03,5.92,0.55,5.74,0.32,32.45,0.27,C3'-endo
47,47,0.39,C,C,C,0,1,0,0,0,.,44,1,tWS,tW+m,4.94,3.07,0.98,1.42,3.76,5.36,4.69,3.49,BI,anti,.,4.23,4.47,2.80,4.13,3.17,4.14,4.23,4.80,6.19,5.99,0.54,5.67,0.45,35.02,0.47,C3'-endo
48,48,0.40,A,A,A,1,0,0,0,0,),"34,37",2,"cWW,cSW","cW-W,cm-W",4.76,3.14,1.11,1.34,3.91,4.50,5.70,3.30,BI,anti,A,4.37,4.49,2.76,3.38,3.14,3.45,4.12,3.73,6.21,5.94,0.59,5.63,0.45,37.44,0.43,C3'-endo
49,49,0.41,C,C,C,0,1,0,0,0,),"33,36",2,"cWW,cSW","cW-W,cm-W",5.44,2.56,0.95,1.37,3.90,4.48,5.70,3.75,BI,anti,A,3.80,4.71,2.97,3.61,3.11,3.60,3.48,3.95,0.04,5.84,0.65,5.64,0.38,38.60,0.26,C3'-endo
50,50,0.42,G,G,G,0,0,1,0,0,),32,1,cWW,cW-W,5.92,2.69,0.30,1.44,3.34,4.99,4.63,3.73,BI,anti,A,4.07,4.58,2.84,4.03,3.01,3.91,3.57,4.26,0.15,5.78,0.65,5.70,0.27,37.28,0.10,C3'-endo
51,51,0.42,G,G,G,0,0,1,0,0,),31,1,cWW,cW-W,2.69,3.59,3.10,1.51,4.22,4.64,5.86,3.17,..,anti,B,4.56,4.64,3.07,3.54,3.31,3.81,3.97,4.60,0.10,5.86,0.57,5.75,0.28,33.31,0.16,C3'-endo
52,52,0.43,A,A,A,1,0,0,0,0,.,53,1,cSH,cm+M,5.73,2.79,0.85,2.60,4.30,3.04,1.26,4.45,BII,anti,.,1.06,1.43,3.30,2.79,3.92,2.28,4.68,2.45,6.01,0.54,5.69,0.45,6.17,34.10,3.00,C2'-endo
53,53,0.44,A,A,A,1,0,0,0,0,.,"31,52",2,"cW.,cHS","cW-.,cM+m",3.84,2.43,1.00,1.35,3.88,4.89,5.27,3.32,BI,anti,A,4.66,4.80,2.19,3.88,2.08,3.84,2.49,4.21,0.15,5.73,0.73,5.62,0.32,42.23,0.13,C3'-endo
54,54,0.45,G,G,G,0,0,1,0,0,),"29,30",2,"cWW,cWW","cW-W,cW-W",5.39,2.91,0.98,1.41,3.60,5.26,4.63,3.25,BI,anti,A,4.71,4.70,3.04,3.96,3.31,3.96,4.09,4.39,0.12,5.78,0.68,5.66,0.32,39.23,0.15,C3'-endo
55,55,0.46,U,U,U,0,0,0,1,0,),29,1,cWW,cW-W,4.84,3.40,1.02,1.39,3.59,5.54,4.34,3.36,BI,anti,.,4.60,4.64,2.91,3.82,3.18,3.74,3.95,3.58,0.06,5.83,0.66,5.64,0.36,38.84,0.23,C3'-endo
56,56,0.47,G,G,G,0,0,1,0,0,),28,1,cWW,cW-W,4.18,1.92,2.96,2.55,4.50,2.06,2.44,3.65,..,anti,.,1.34,1.33,4.28,1.02,4.11,1.39,3.96,1.51,6.05,0.51,5.70,0.46,6.14,33.30,3.07,C2'-endo
57,57,0.47,A,A,A,1,0,0,0,0,.,,0,,,3.07,3.74,1.03,1.43,3.98,4.89,5.37,3.20,BI,anti,.,4.77,4.82,2.37,3.99,2.10,4.11,2.22,4.61,0.19,5.74,0.68,5.69,0.25,39.09,0.05,C3'-endo
58,58,0.48,A,A,A,1,0,0,0,0,.,,0,,,5.66,2.94,0.74,1.42,3.91,5.29,4.91,3.46,BI,anti,.,4.51,4.79,3.16,4.18,3.43,4.24,4.17,5.06,0.13,5.79,0.66,5.68,0.30,37.96,0.14,C3'-endo
59,59,0.49,A,A,A,1,0,0,0,0,.,24,1,cW.,cW-.,4.90,2.93,1.17,1.38,3.84,5.24,4.88,3.23,BI,anti,.,4.77,4.76,2.76,4.13,3.21,4.10,4.48,5.15,0.07,5.82,0.66,5.64,0.36,38.86,0.22,C3'-endo
60,60,0.50,C,C,C,0,1,0,0,0,),23,1,cWW,cW-W,4.23,2.95,1.70,1.49,4.14,4.64,5.78,3.20,..,anti,A,4.71,4.77,2.74,3.81,3.17,3.78,4.68,3.99,0.15,5.79,0.63,5.72,0.26,36.31,0.09,C3'-endo
61,61,0.51,G,G,G,0,0,1,0,0,.,22,1,cWW,cW-W,5.41,2.56,0.99,1.40,4.06,4.59,5.75,3.20,..,anti,A,4.53,4.61,2.97,3.84,3.22,3.84,3.73,4.38,6.23,5.94,0.59,5.65,0.43,36.58,0.40,C3'-endo
62,62,0.52,C,C,C,0,1,0,0,0,),21,1,cWW,cW-W,5.73,2.51,0.72,1.37,3.63,4.40,5.51,3.57,BI,anti,A,4.18,4.46,2.91,3.91,3.19,3.78,4.02,4.24,6.19,5.97,0.57,5.64,0.46,36.59,0.47,C3'-endo
63,63,0.53,G,G,G,0,0,1,0,0,),20,1,cWW,cW-W,2.46,4.10,3.03,1.43,4.12,4.93,5.47,3.04,..,anti,A,4.54,4.57,2.88,3.70,3.14,3.60,3.90,3.94,6.22,5.96,0.56,5.67,0.42,34.97,0.43,C3'-endo
64,64,0.53,C,C,C,0,1,0,0,0,),19,1,cWW,cW-W,4.83,2.75,1.28,1.26,4.07,4.51,5.84,3.44,..,anti,A,4.35,4.67,2.72,3.46,2.99,3.53,3.61,3.94,6.18,5.95,0.63,5.57,0.51,40.40,0.48,C3'-endo
65,65,0.54,C,C,C,0,1,0,0,0,),18,1,cWW,cW-W,5.42,2.62,0.93,1.44,3.94,5.06,5.16,3.59,BI,anti,.,4.02,4.56,3.01,4.05,3.15,4.18,3.66,4.77,6.24,5.94,0.57,5.67,0.42,35.54,0.40,C3'-endo
66,66,0.55,A,A,A,1,0,0,0,0,.,68,1,cSH,cm+M,5.34,3.35,1.45,2.58,4.66,2.59,2.07,4.73,BII,anti,.,0.07,0.97,4.08,2.61,4.57,2.13,4.85,2.08,6.00,0.55,5.69,0.45,6.18,34.38,2.99,C2'-endo
67,67,0.56,G,G,G,0,0,1,0,0,),"17,109",2,"cWW,tHW","cW-W,tM-W",3.07,3.07,0.71,1.40,3.93,4.78,5.43,3.27,BI,anti,A,4.75,4.82,1.77,3.79,1.56,3.89,1.87,4.23,0.17,5.74,0.70,5.66,0.28,40.17,0.09,C3'-endo
68,68,0.57,C,C,C,0,1,0,0,0,),"16,66",2,"cWW,cHS","cW-W,cM+m",5.62,2.77,0.91,1.34,3.78,5.06,5.00,3.49,BI,anti,.,4.44,4.69,3.12,3.86,3.37,3.89,3.91,4.68,6.28,5.88,0.64,5.62,0.42,38.87,0.34,C3'-endo
69,69,0.57,G,G,G,0,0,1,0,0,(,"13,108",2,"tSW,cWW","tm+W,cW-W",5.23,2.88,0.92,1.41,3.93,4.84,5.38,3.14,BI,anti,A,4.83,4.79,2.89,3.89,3.20,3.96,4.35,4.75,0.10,5.81,0.65,5.67,0.33,38.01,0.18,C3'-endo
70,70,0.58,C,C,C,0,1,0,0,0,(,107,1,cWW,cW-W,5.60,2.81,0.69,1.42,3.84,4.95,5.18,3.47,BI,anti,A,4.44,4.71,2.98,3.86,3.28,3.92,4.39,4.44,0.11,5.79,0.67,5.66,0.32,39.03,0.16,C3'-endo
71,71,0.59,C,C,C,0,1,0,0,0,(,106,1,cWW,cW-W,5.27,2.87,1.03,1.45,3.74,5.30,4.72,3.18,BI,anti,A,4.55,4.60,3.01,4.13,3.29,4.13,4.11,4.94,0.03,5.89,0.59,5.70,0.35,34.94,0.27,C3'-endo
72,72,0.60,G,G,G,0,0,1,0,0,.,105,1,tSH,tm-M,4.70,3.24,1.09,1.44,3.96,3.71,0.25,3.42,..,anti,.,4.39,4.65,2.82,2.92,3.17,2.63,4.32,2.55,0.05,5.86,0.62,5.67,0.35,36.74,0.25,C3'-endo
73,73,0.61,A,A,A,1,0,0,0,0,.,104,1,tHW,tM-W,0.86,4.65,4.23,1.54,4.07,5.35,5.01,3.05,..,anti,.,4.67,4.73,3.69,3.33,3.24,3.69,3.00,4.67,0.17,5.80,0.59,5.77,0.21,34.10,0.04,C3'-endo
74,74,0.62,U,U,U,0,0,0,1,0,.,103,1,tHW,tM-W,5.22,2.96,0.80,1.37,3.81,4.96,5.13,3.48,BI,anti,.,4.34,4.58,2.70,4.26,3.24,4.15,4.50,5.02,6.25,5.90,0.63,5.62,0.43,38.44,0.37,C3'-endo
75,75,0.62,G,G,G,0,0,1,0,0,.,102,1,c.W,c.-W,1.64,3.51,4.14,1.67,4.09,5.33,5.04,3.59,..,anti,.,4.15,4.74,2.97,3.73,3.26,3.92,4.48,4.82,0.29,5.76,0.55,5.88,0.07,32.40,6.09,C2'-exo
76,76,0.63,G,G,G,0,0,1,0,0,.,101,1,tWH,tW-M,4.89,2.92,1.14,1.33,3.70,4.99,5.00,3.53,BI,anti,A,4.33,4.70,2.59,3.67,3.16,3.67,4.35,4.17,0.06,5.81,0.68,5.62,0.38,40.11,0.24,C3'-endo
77,77,0.64,U,U,U,0,0,0,1,0,.,100,1,tWH,tW-M,5.21,2.88,1.07,1.39,3.58,4.97,4.90,3.50,BI,anti,.,4.46,4.67,2.94,3.64,3.22,3.63,4.02,3.94,0.08,5.79,0.69,5.62,0.36,40.23,0.21,C3'-endo
78,78,0.65,A,A,A,1,0,0,0,0,.,99,1,tHS,tM-m,5.22,3.04,1.04,1.39,4.09,5.05,5.33,3.35,..,anti,.,4.61,4.82,3.18,4.15,3.32,4.25,3.81,5.06,0.07,5.82,0.66,5.64,0.36,38.97,0.22,C3'-endo
79,79,0.66,C,C,C,0,1,0,0,0,(,98,1,cWW,cW-W,5.48,2.75,0.89,1.38,3.65,5.29,4.65,3.38,BI,anti,A,4.62,4.68,2.89,3.99,3.37,4.00,4.61,4.58,0.02,5.86,0.64,5.64,0.40,38.35,0.30,C3'-endo
80,80,0.67,U,U,U,0,0,0,1,0,(,97,1,cWW,cW-W,4.92,2.96,1.30,1.50,3.80,4.25,5.83,3.37,..,anti,.,4.29,4.32,3.07,3.19,3.45,3.24,4.35,3.57,6.14,6.06,0.48,5.70,0.46,32.92,0.57,C3'-endo
81,81,0.68,G,G,G,0,0,1,0,0,(,96,1,cWW,cW-W,5.51,2.90,0.45,1.48,3.90,5.11,5.08,3.30,BI,anti,A,4.66,4.75,3.03,4.05,2.97,4.12,3.30,4.81,0.16,5.78,0.63,5.73,0.25,36.25,0.08,C3'-endo
82,82,0.68,G,G,G,0,0,1,0,0,(,95,1,cWW,cW-W,5.16,2.88,0.87,1.38,3.70,4.98,5.00,3.31,BI,anti,A,4.66,4.71,2.72,3.75,3.10,3.79,4.19,4.31,0.08,5.79,0.70,5.61,0.37,40.84,0.22,C3'-endo
83,83,0.69,G,G,G,0,0,1,0,0,(,94,1,cWW,cW-W,5.35,2.95,0.91,1.36,3.65,4.82,5.12,3.35,BI,anti,.,4.54,4.62,3.01,4.11,3.27,3.93,4.08,3.96,0.04,5.84,0.67,5.62,0.40,39.85,0.28,C3'-endo
84,84,0.70,C,C,C,0,1,0,0,0,(,93,1,cWW,cW-W,2.53,3.59,3.40,1.42,4.24,4.53,5.99,3.29,..,anti,.,4.57,4.70,3.08,3.60,3.23,3.51,3.53,3.95,0.00,5.88,0.62,5.65,0.40,37.37,0.32,C3'-endo
85,85,0.71,G,G,G,0,0,1,0,0,(,92,1,cWW,cW-W,1.61,3.93,3.80,1.45,3.74,5.17,4.85,3.13,BI,anti,A,4.77,4.76,2.79,3.23,3.03,3.40,3.80,3.95,0.21,5.73,0.67,5.71,0.23,38.38,0.02,C3'-endo
86,86,0.72,G,G,G,0,0,1,0,0,(,91,1,cWW,cW-W,5.09,3.34,0.87,1.38,3.61,5.21,4.69,3.39,BI,anti,A,4.57,4.65,2.98,3.83,3.21,3.88,3.89,4.47,0.04,5.84,0.66,5.63,0.39,39.16,0.27,C3'-endo
87,87,0.72,G,G,G,0,0,1,0,0,.,90,1,tSH,tm-M,4.81,3.17,1.12,1.34,4.06,5.46,4.89,3.43,..,anti,.,4.48,4.80,2.90,4.27,3.12,3.48,3.95,2.51,0.03,5.84,0.67,5.62,0.40,39.75,0.28,C3'-endo
88,88,0.73,C,C,C,0,1,0,0,0,.,,0,,,3.52,1.94,0.90,1.31,3.64,4.61,5.31,3.52,BI,anti,.,4.35,4.56,0.32,4.26,0.87,4.05,0.46,4.87,6.22,5.92,0.63,5.60,0.47,39.24,0.41,C3'-endo
89,89,0.74,G,G,G,0,0,1,0,0,.,,0,,,2.54,4.07,2.93,1.45,4.26,4.49,6.06,3.19,..,anti,A,4.71,4.80,2.80,3.67,3.22,3.65,4.55,4.17,0.15,5.80,0.63,5.72,0.26,36.00,0.10,C3'-endo
90,90,0.75,A,A,A,1,0,0,0,0,.,"87,91",2,"tHS,cHS","tM-m,cM+m",5.72,2.55,0.63,1.41,3.98,5.07,5.19,3.43,BI,anti,.,4.47,4.75,2.89,4.85,3.13,4.94,3.91,5.40,0.04,5.86,0.62,5.67,0.36,36.83,0.27,C3'-endo
91,91,0.76,C,C,C,0,1,0,0,0,),"86,90",2,"cWW,cSH","cW-W,cm+M",2.30,4.20,3.44,1.42,3.71,5.02,4.97,3.34,BI,anti,A,4.61,4.66,3.15,3.25,3.90,3.29,5.07,3.71,0.08,5.83,0.64,5.67,0.33,37.41,0.21,C3'-endo
92,92,0.77,C,C,C,0,1,0,0,0,),85,1,cWW,cW-W,5.21,3.20,0.85,1.40,3.51,5.17,4.62,3.40,BI,anti,A,4.60,4.65,2.97,3.71,3.17,3.73,3.80,4.07,0.11,5.79,0.67,5.66,0.32,38.79,0.17,C3'-endo
93,93,0.78,G,G,G,0,0,1,0,0,),84,1,cWW,cW-W,4.67,3.00,1.50,1.36,3.94,4.57,5.65,3.14,BI,anti,A,4.77,4.76,3.00,3.56,3.24,3.58,3.85,3.78,0.01,5.86,0.66,5.62,0.41,39.47,0.31,C3'-endo
94,94,0.78,C,C,C,0,1,0,0,0,),83,1,cWW,cW-W,5.65,2.71,0.74,1.37,3.83,4.78,5.33,3.41,BI,anti,A,4.52,4.66,3.05,3.67,3.19,3.69,3.56,4.22,0.00,5.87,0.64,5.62,0.41,38.75,0.32,C3'-endo
95,95,0.79,C,C,C,0,1,0,0,0,),82,1,cWW,cW-W,5.45,2.82,0.80,1.41,3.95,4.73,5.51,3.32,BI,anti,A,4.57,4.69,3.00,3.72,3.18,3.76,3.90,4.30,0.03,5.87,0.61,5.67,0.37,36.61,0.28,C3'-endo
96,96,0.80,U,U,U,0,0,0,1,0,),81,1,cWW,cW-W,5.44,2.74,0.73,1.37,3.81,4.94,5.15,3.40,BI,anti,A,4.61,4.77,2.83,3.78,3.06,3.79,3.85,4.07,0.09,5.79,0.68,5.64,0.35,39.74,0.19,C3'-endo
97,97,0.81,G,G,G,0,0,1,0,0,),80,1,cWW,cW-W,5.19,2.92,0.89,1.31,3.64,5.16,4.77,3.33,BI,anti,A,4.65,4.69,2.80,3.78,3.03,3.78,3.62,4.31,0.05,5.81,0.70,5.59,0.41,41.63,0.26,C3'-endo
98,98,0.82,G,G,G,0,0,1,0,0,),79,1,cWW,cW-W,5.01,3.05,1.16,1.32,3.85,5.24,4.89,3.28,BI,anti,.,4.69,4.71,3.00,3.98,3.22,4.06,4.03,4.85,6.27,5.86,0.67,5.59,0.44,40.54,0.34,C3'-endo
99,99,0.82,G,G,G,0,0,1,0,0,.,78,1,tSH,tm-M,5.04,2.83,1.23,1.41,3.86,4.68,5.46,3.16,BI,anti,.,4.51,4.58,2.94,2.96,3.39,2.67,4.58,2.51,6.26,5.91,0.60,5.65,0.42,37.01,0.36,C3'-endo
100,100,0.83,A,A,A,1,0,0,0,0,.,"0,77",2,"tWS,tHW","tW+m,tM-W",4.69,1.09,3.13,1.52,4.07,5.39,4.96,2.97,..,anti,.,4.68,4.77,3.84,3.20,3.32,3.56,2.92,4.71,0.18,5.78,0.62,5.75,0.22,35.43,0.03,C3'-endo
101,101,0.84,G,G,G,0,0,1,0,0,.,76,1,tHW,tM-W,4.62,3.03,1.22,1.39,3.89,5.01,5.17,3.29,BI,anti,.,4.63,4.68,2.55,3.88,3.09,3.92,4.55,4.89,6.28,5.89,0.62,5.64,0.41,37.80,0.33,C3'-endo
102,102,0.85,A,A,A,1,0,0,0,0,.,75,1,cW.,cW-.,5.07,2.78,1.13,1.45,3.93,5.24,4.97,3.34,BI,anti,.,4.57,4.73,2.87,4.21,3.23,4.18,4.54,4.72,0.10,5.82,0.64,5.69,0.32,37.11,0.18,C3'-endo
103,103,0.86,G,G,G,0,0,1,0,0,.,74,1,tWH,tW-M,5.01,2.98,1.12,1.34,3.58,5.14,4.73,3.40,BI,anti,A,4.47,4.59,2.79,3.71,3.24,3.67,4.27,4.02,0.01,5.84,0.68,5.59,0.43,40.96,0.31,C3'-endo
104,104,0.87,U,U,U,0,0,0,1,0,.,73,1,tWH,tW-M,5.00,3.12,1.06,1.29,3.78,5.08,4.98,3.46,BI,anti,.,4.51,4.75,2.92,3.74,3.10,3.79,3.70,4.30,6.26,5.86,0.68,5.58,0.46,41.37,0.35,C3'-endo
105,105,0.88,A,A,A,1,0,0,0,0,.,72,1,tHS,tM-m,5.26,2.99,0.98,1.29,4.01,5.46,4.84,3.41,BI,anti,.,4.50,4.79,3.02,4.21,3.25,4.30,3.97,5.00,6.25,5.88,0.66,5.59,0.46,40.60,0.36,C3'-endo
106,106,0.88,G,G,G,0,0,1,0,0,),71,1,cWW,cW-W,4.61,2.63,1.83,1.33,3.87,4.73,5.42,3.12,BI,anti,A,4.82,4.80,2.87,3.53,3.45,3.54,4.69,4.02,0.08,5.79,0.71,5.60,0.38,41.46,0.22,C3'-endo
107,107,0.89,G,G,G,0,0,1,0,0,),70,1,cWW,cW-W,5.72,2.76,0.84,1.41,3.60,5.14,4.75,3.33,BI,anti,.,4.51,4.56,3.16,4.34,3.42,4.12,4.14,4.38,0.03,5.87,0.62,5.67,0.37,36.84,0.28,C3'-endo
108,108,0.90,U,U,U,0,0,0,1,0,),69,1,cWW,cW-W,2.43,3.22,3.55,1.54,4.25,4.56,5.97,3.34,..,anti,.,4.32,4.56,3.04,3.60,3.26,3.75,3.87,3.83,6.28,5.95,0.53,5.73,0.36,32.52,0.34,C3'-endo
109,109,0.91,C,C,C,0,1,0,0,0,.,"17,67",2,"tWH,tWH","tW+M,tW-M",1.06,3.15,5.28,2.61,4.38,1.06,3.32,4.51,..,anti,.,1.11,1.21,3.56,0.77,3.84,0.88,3.82,1.43,5.93,0.61,5.67,0.43,6.23,36.26,2.90,C2'-endo
110,110,0.92,G,G,G,0,0,1,0,0,),11,1,cWW,cW-W,3.21,3.10,3.01,1.38,3.56,5.07,4.77,3.28,BI,anti,A,4.66,4.63,3.66,3.12,3.75,3.24,3.71,3.74,0.04,5.86,0.64,5.65,0.38,37.97,0.27,C3'-endo
111,111,0.93,G,G,G,0,0,1,0,0,),10,1,cWW,cW-W,4.93,3.21,1.01,1.41,3.84,4.94,5.18,3.35,BI,anti,A,4.61,4.71,2.94,3.85,3.10,3.92,3.73,4.53,0.05,5.84,0.64,5.65,0.36,37.89,0.24,C3'-endo
112,112,0.93,U,U,U,0,0,0,1,0,),9,1,cWW,cW-W,5.34,2.77,1.09,1.40,3.50,4.79,4.99,3.48,BI,anti,.,4.40,4.52,2.99,3.43,3.36,3.39,4.28,3.49,6.28,5.88,0.62,5.64,0.40,37.78,0.33,C3'-endo
113,113,0.94,G,G,G,0,0,1,0,0,),8,1,cWW,cW-W,5.18,3.13,0.90,1.46,3.66,5.21,4.73,3.34,BI,anti,A,4.39,4.49,3.04,3.93,3.09,3.90,3.31,4.30,6.25,5.94,0.56,5.69,0.39,34.57,0.37,C3'-endo
114,114,0.95,C,C,C,0,1,0,0,0,),7,1,cWW,cW-W,4.87,3.05,1.16,1.25,3.87,4.66,5.50,3.38,BI,anti,A,4.45,4.61,2.84,3.45,3.09,3.53,3.78,4.07,6.21,5.90,0.67,5.56,0.50,41.85,0.42,C3'-endo
115,115,0.96,G,G,G,0,0,1,0,0,),6,1,cWW,cW-W,5.51,2.58,0.99,1.38,3.65,4.30,5.64,3.39,BI,anti,A,4.29,4.46,2.98,3.89,3.23,3.74,3.93,4.31,6.21,5.95,0.60,5.63,0.46,37.53,0.43,C3'-endo
116,116,0.97,G,G,G,0,0,1,0,0,),5,1,cWW,cW-W,2.41,4.23,2.99,1.36,4.38,4.53,6.13,3.02,..,anti,A,4.82,4.82,2.83,3.68,3.09,3.62,4.03,4.04,0.07,5.82,0.66,5.64,0.36,39.03,0.23,C3'-endo
117,117,0.97,G,G,G,0,0,1,0,0,),4,1,cWW,cW-W,5.65,2.80,0.48,1.30,3.43,5.20,4.51,3.48,BI,anti,A,4.49,4.65,2.68,3.60,2.91,3.58,3.68,3.81,0.11,5.73,0.75,5.58,0.38,43.90,0.18,C3'-endo
118,118,0.98,G,G,G,0,0,1,0,0,),3,1,cWW,cW-W,4.48,3.09,1.48,1.32,4.16,4.65,5.79,3.27,..,anti,.,4.73,4.89,2.87,3.89,3.01,3.99,3.47,4.62,0.14,5.73,0.73,5.62,0.33,42.16,0.14,C3'-endo
119,119,0.99,G,G,G,0,0,1,0,0,),2,1,cWW,cW-W,5.90,2.63,0.72,1.41,3.42,4.97,4.73,3.45,BI,anti,.,4.44,4.52,3.02,3.61,3.40,3.71,4.34,4.41,0.03,5.87,0.62,5.66,0.37,36.89,0.28,C3'-endo
120,120,1.00,A,A,A,1,0,0,0,0,.,,0,,,5.21,2.95,1.31,2.63,,,,4.04,n/a,anti,-,,,,,,,,,5.97,0.59,5.66,0.46,6.19,36.55,2.96,C2'-endo
