index_chain,old_nt_resnum,nt_position,nt_name,nt_code,nt_align_code,is_A,is_C,is_G,is_U,is_other,dbn,paired,nb_interact,pair_type_LW,pair_type_DSSR,alpha,beta,gamma,delta,epsilon,zeta,epsilon_zeta,chi,bb_type,glyco_bond,form,ssZp,Dp,eta,theta,eta_prime,theta_prime,eta_base,theta_base,v0,v1,v2,v3,v4,amplitude,phase_angle,puckering
1,1,0.01,C,C,C,0,1,0,0,0,.,73,1,cWW,cW-W,,,2.97,1.40,3.67,5.31,4.64,3.38,BI,anti,.,4.60,4.68,,,,,,,0.08,5.82,0.65,5.66,0.35,38.31,0.21,C3'-endo
2,2,0.03,G,G,G,0,0,1,0,0,(,72,1,cWW,cW-W,4.70,3.84,0.72,1.50,3.30,4.68,4.91,3.36,BI,anti,A,4.38,4.44,2.83,3.78,3.04,3.80,3.83,4.12,0.11,5.84,0.59,5.73,0.28,34.32,0.15,C3'-endo
3,3,0.04,C,C,C,0,1,0,0,0,(,71,1,cWW,cW-W,2.95,3.88,2.72,1.43,4.13,4.95,5.46,3.10,..,anti,A,4.58,4.63,2.93,3.90,3.18,3.83,3.71,4.30,0.01,5.89,0.61,5.67,0.38,36.41,0.30,C3'-endo
4,4,0.05,G,G,G,0,0,1,0,0,(,70,1,cWW,cW-W,5.03,2.84,1.12,1.36,3.70,5.04,4.94,3.33,BI,anti,A,4.50,4.55,2.75,3.76,3.11,3.71,3.95,4.13,6.22,5.93,0.61,5.62,0.46,38.23,0.42,C3'-endo
5,5,0.06,G,G,G,0,0,1,0,0,(,69,1,cWW,cW-W,5.14,2.94,1.03,1.29,3.67,5.09,4.86,3.33,BI,anti,A,4.60,4.64,2.89,3.69,3.13,3.71,3.85,4.24,6.22,5.90,0.66,5.57,0.48,41.00,0.40,C3'-endo
6,6,0.08,G,G,G,0,0,1,0,0,(,68,1,cWW,cW-W,5.19,2.92,1.11,1.29,3.32,4.84,4.76,3.41,BI,anti,A,4.43,4.46,2.95,3.60,3.26,3.62,4.08,3.98,6.23,5.90,0.65,5.58,0.48,40.41,0.40,C3'-endo
7,7,0.09,G,G,G,0,0,1,0,0,(,67,1,cWW,cW-W,3.14,3.33,3.05,2.53,4.81,5.66,5.43,3.57,..,anti,.,1.01,1.16,4.08,5.17,3.95,5.34,4.25,5.88,6.04,0.50,5.74,0.42,6.17,31.53,3.02,C2'-endo
8,8,0.10,U,U,U,0,0,0,1,0,.,"14,22",2,"tWH,tSW","tW-M,tm+W",5.04,3.59,1.09,1.40,4.48,3.90,0.59,3.35,..,anti,.,4.41,4.75,3.14,3.43,3.78,3.47,3.91,3.03,0.05,5.85,0.62,5.67,0.35,36.87,0.25,C3'-endo
9,9,0.12,G,G,G,0,0,1,0,0,.,,0,,,0.66,3.64,4.98,2.49,4.44,5.21,5.51,4.54,..,anti,.,1.06,1.13,3.71,4.90,3.45,4.36,2.75,4.63,5.83,0.66,5.68,0.35,0.06,37.72,2.72,C2'-endo
10,10,0.13,G,G,G,0,0,1,0,0,(,"26,46",2,"cWW,cHS","cW-W,cM+m",3.33,3.06,1.00,1.40,3.92,4.86,5.34,3.06,BI,anti,A,4.68,4.67,0.84,3.75,1.82,3.82,2.53,4.20,6.27,5.90,0.61,5.65,0.41,37.00,0.35,C3'-endo
11,11,0.14,A,A,A,1,0,0,0,0,(,25,1,cWW,cW-W,5.00,3.15,0.98,1.39,3.79,4.87,5.21,3.41,BI,anti,A,4.51,4.67,2.91,3.67,3.07,3.73,3.62,4.29,0.04,5.85,0.64,5.65,0.38,37.93,0.27,C3'-endo
12,12,0.16,G,G,G,0,0,1,0,0,(,24,1,cWW,cW-W,5.26,2.88,0.93,1.38,3.79,5.57,4.51,3.55,BI,anti,.,4.34,4.72,2.92,4.22,3.15,4.07,3.92,4.47,0.08,5.81,0.67,5.64,0.36,39.07,0.22,C3'-endo
13,13,0.17,C,C,C,0,1,0,0,0,(,23,1,cWW,cW-W,3.93,2.39,2.48,1.42,4.04,5.33,4.99,3.29,BI,anti,.,4.64,4.75,2.96,3.54,3.26,3.42,4.07,3.49,0.10,5.81,0.65,5.67,0.32,37.76,0.18,C3'-endo
14,14,0.18,A,A,A,1,0,0,0,0,.,"8,22",2,"tHW,cWS","tM-W,cW-m",3.99,2.12,2.62,1.44,4.29,5.15,5.43,3.00,..,anti,.,4.79,4.79,3.05,3.66,3.15,3.89,3.41,4.91,0.11,5.81,0.64,5.69,0.31,36.89,0.16,C3'-endo
15,15,0.19,G,G,G,0,0,1,0,0,.,49,1,tWW,tW+W,5.33,2.85,0.93,1.43,4.34,5.10,5.52,3.50,..,anti,.,4.14,4.69,2.94,4.83,3.43,4.68,4.72,5.05,0.02,5.88,0.61,5.67,0.37,36.55,0.29,C3'-endo
16,16,0.21,C,C,C,0,1,0,0,0,.,,0,,,3.09,2.99,3.02,2.54,4.79,5.20,5.88,3.89,..,anti,.,0.44,0.62,3.52,4.64,3.78,4.83,4.29,5.52,5.94,0.59,5.69,0.41,6.23,35.23,2.89,C2'-endo
17,17,0.22,C,C,C,0,1,0,0,0,.,,0,,,4.96,2.74,1.11,1.44,3.65,0.84,2.81,3.74,..,anti,.,3.92,4.60,2.33,6.03,3.25,5.19,3.84,4.79,0.03,5.88,0.60,5.68,0.36,35.84,0.27,C3'-endo
18,17A,0.23,U,U,U,0,0,0,1,0,.,,0,,,2.67,2.79,0.69,1.40,0.40,2.77,3.91,3.57,..,anti,.,2.38,2.95,1.14,4.41,1.97,4.07,2.40,4.18,0.01,5.89,0.60,5.67,0.38,36.26,0.31,C3'-endo
19,18,0.25,G,G,G,0,0,1,0,0,.,56,1,tWS,tW+m,5.10,2.39,2.62,2.62,3.89,4.73,5.44,3.75,BI,anti,.,1.46,1.59,5.59,4.13,6.03,4.07,5.83,4.55,5.98,0.58,5.66,0.47,6.18,36.14,2.98,C2'-endo
20,19,0.26,G,G,G,0,0,1,0,0,{,57,1,cWW,cW-W,2.58,3.19,3.27,2.63,4.96,4.69,0.27,4.48,..,anti,.,0.26,0.27,3.70,5.06,4.01,4.92,4.40,5.50,5.89,0.67,5.62,0.46,6.24,39.68,2.87,C2'-endo
21,20,0.27,U,U,U,0,0,0,1,0,.,,0,,,2.80,3.65,2.74,1.41,4.54,5.45,5.37,5.03,..,anti,.,-2.29,4.61,2.21,4.58,3.06,4.57,3.27,4.62,6.24,5.94,0.58,5.66,0.42,36.24,0.40,C3'-endo
22,21,0.29,A,A,A,1,0,0,0,0,.,"8,14",2,"tWS,cSW","tW+m,cm-W",5.17,3.46,2.19,1.39,4.56,3.69,0.87,3.45,..,anti,.,4.04,4.61,4.32,2.72,4.83,2.81,4.80,2.78,6.26,5.91,0.61,5.64,0.42,37.29,0.37,C3'-endo
23,22,0.30,G,G,G,0,0,1,0,0,),"13,47",2,"cWW,tHW","cW-W,tM-W",4.85,2.14,1.18,1.33,3.60,4.97,4.91,3.38,BI,anti,A,4.49,4.57,2.75,3.72,2.79,3.55,2.74,3.74,6.25,5.89,0.64,5.61,0.44,39.16,0.37,C3'-endo
24,23,0.31,C,C,C,0,1,0,0,0,),12,1,cWW,cW-W,5.28,3.17,0.73,1.36,3.73,4.87,5.14,3.40,BI,anti,A,4.50,4.62,2.98,3.56,3.08,3.65,3.54,4.13,6.27,5.89,0.63,5.62,0.43,38.55,0.35,C3'-endo
25,24,0.32,U,U,U,0,0,0,1,0,),11,1,cWW,cW-W,5.22,2.81,1.00,1.40,3.73,5.20,4.81,3.53,BI,anti,A,4.33,4.62,2.90,3.97,3.13,3.91,3.78,4.42,0.01,5.87,0.64,5.63,0.41,38.39,0.32,C3'-endo
26,25,0.34,C,C,C,0,1,0,0,0,),10,1,cWW,cW-W,4.84,2.91,1.31,1.31,3.76,5.15,4.89,3.47,BI,anti,.,4.45,4.65,2.82,3.82,3.14,3.86,4.01,4.66,6.22,5.91,0.64,5.59,0.48,39.98,0.41,C3'-endo
27,26,0.35,G,G,G,0,0,1,0,0,.,45,1,cWW,cW-W,5.06,2.93,1.15,1.44,3.75,5.05,4.99,3.24,BI,anti,A,4.62,4.66,2.92,3.88,3.31,3.88,4.47,4.47,0.07,5.84,0.63,5.67,0.34,37.28,0.22,C3'-endo
28,27,0.36,U,U,U,0,0,0,1,0,(,44,1,cWW,cW-W,5.25,3.10,0.81,1.41,3.88,4.95,5.22,3.46,BI,anti,A,4.46,4.74,2.97,3.85,3.21,3.94,4.10,4.54,0.09,5.81,0.65,5.67,0.33,37.90,0.19,C3'-endo
29,28,0.38,C,C,C,0,1,0,0,0,(,43,1,cWW,cW-W,5.41,2.92,0.83,1.39,3.79,4.83,5.24,3.37,BI,anti,A,4.61,4.71,2.97,3.66,3.25,3.68,4.11,3.97,0.05,5.85,0.63,5.66,0.36,37.59,0.26,C3'-endo
30,29,0.39,G,G,G,0,0,1,0,0,(,42,1,cWW,cW-W,5.27,3.02,0.74,1.38,3.73,5.00,5.01,3.37,BI,anti,A,4.61,4.72,2.85,3.75,2.98,3.79,3.49,4.21,0.09,5.79,0.68,5.64,0.35,39.87,0.19,C3'-endo
31,30,0.40,G,G,G,0,0,1,0,0,(,"0,41",2,"tSS,cWW","tm+m,cW-W",5.41,2.91,0.85,1.33,3.34,4.92,4.70,3.29,BI,anti,.,4.51,4.50,2.94,3.90,3.22,3.82,3.95,4.12,6.28,5.86,0.66,5.60,0.43,40.02,0.33,C3'-endo
32,31,0.42,G,G,G,0,0,1,0,0,(,40,1,cWW,cW-W,2.88,3.65,2.99,1.42,4.35,4.80,5.83,3.05,..,anti,.,4.70,4.70,3.12,3.74,3.33,3.82,3.91,4.77,0.02,5.89,0.60,5.68,0.37,35.98,0.30,C3'-endo
33,32,0.43,C,C,C,0,1,0,0,0,.,39,1,cWW,cW-W,5.34,2.81,0.79,1.46,4.22,4.85,5.66,3.32,..,anti,.,4.43,4.63,2.86,4.14,3.17,4.21,4.33,4.73,0.01,5.92,0.57,5.71,0.36,34.10,0.32,C3'-endo
34,33,0.44,U,U,U,0,0,0,1,0,.,,0,,,5.52,2.77,0.69,1.35,3.94,5.02,5.20,3.41,BI,anti,.,4.36,4.55,2.84,4.29,3.19,3.59,3.99,2.47,6.20,5.95,0.60,5.62,0.47,38.30,0.44,C3'-endo
35,34,0.45,C,C,C,0,1,0,0,0,[,0,1,cWW,cW-W,3.01,3.00,0.78,1.50,3.87,5.10,5.05,3.33,BI,anti,A,4.50,4.61,0.48,4.06,0.87,4.09,0.40,4.70,0.07,5.87,0.58,5.73,0.31,34.06,0.21,C3'-endo
36,35,0.47,A,A,A,1,0,0,0,0,[,"0,0",2,"cWW,tSW","cW-W,tm-W",5.10,2.93,1.01,1.41,3.58,4.96,4.90,3.43,BI,anti,A,4.42,4.52,2.79,3.64,3.18,3.61,4.16,3.89,6.25,5.92,0.59,5.65,0.42,36.59,0.38,C3'-endo
37,36,0.48,U,U,U,0,0,0,1,0,[,0,1,cWW,cW-W,5.25,3.09,0.80,1.37,3.42,4.94,4.77,3.51,BI,anti,A,4.38,4.51,2.93,4.00,3.10,3.92,3.62,4.52,6.28,5.89,0.63,5.63,0.41,38.08,0.33,C3'-endo
38,37,0.49,A,A,A,1,0,0,0,0,.,,0,,,2.87,3.68,2.76,1.36,4.33,4.71,5.91,3.13,..,anti,.,4.76,4.80,2.81,3.75,3.11,3.84,4.04,4.76,0.04,5.84,0.66,5.63,0.38,39.00,0.27,C3'-endo
39,38,0.51,A,A,A,1,0,0,0,0,.,33,1,cWW,cW-W,5.51,2.52,0.91,1.40,4.11,5.03,5.36,3.28,..,anti,.,4.66,4.79,2.87,4.22,3.25,4.25,4.49,5.08,0.10,5.80,0.67,5.65,0.33,38.95,0.18,C3'-endo
40,39,0.52,C,C,C,0,1,0,0,0,),32,1,cWW,cW-W,5.43,2.78,0.86,1.38,3.86,4.94,5.19,3.37,BI,anti,A,4.63,4.76,2.84,3.80,3.28,3.81,4.62,4.14,0.10,5.79,0.68,5.64,0.34,39.81,0.18,C3'-endo
41,40,0.53,C,C,C,0,1,0,0,0,),31,1,cWW,cW-W,5.13,3.00,1.02,1.36,3.78,4.80,5.26,3.35,BI,anti,A,4.62,4.71,2.94,3.58,3.14,3.63,3.73,4.05,0.04,5.83,0.67,5.62,0.40,39.66,0.27,C3'-endo
42,41,0.55,C,C,C,0,1,0,0,0,),"0,30",2,"cSS,cWW","cm-m,cW-W",5.27,2.96,0.86,1.40,3.80,5.09,5.00,3.34,BI,anti,A,4.64,4.73,2.96,3.91,3.11,3.92,3.70,4.28,0.09,5.80,0.67,5.65,0.35,39.15,0.20,C3'-endo
43,42,0.56,G,G,G,0,0,1,0,0,),29,1,cWW,cW-W,5.26,3.05,0.84,1.34,3.19,4.83,4.64,3.44,BI,anti,A,4.36,4.38,2.86,3.74,3.18,3.65,3.88,3.98,6.24,5.90,0.64,5.60,0.45,39.54,0.38,C3'-endo
44,43,0.57,A,A,A,1,0,0,0,0,),28,1,cWW,cW-W,2.76,3.76,3.05,1.43,4.18,4.56,5.90,3.00,..,anti,A,4.72,4.73,3.08,3.37,3.29,3.45,3.90,3.95,0.05,5.86,0.61,5.68,0.35,36.38,0.25,C3'-endo
45,44,0.58,A,A,A,1,0,0,0,0,.,27,1,cWW,cW-W,5.31,2.55,1.12,1.45,3.97,4.84,5.42,3.29,BI,anti,.,4.57,4.67,3.00,3.93,3.25,3.91,3.93,4.64,0.04,5.88,0.60,5.69,0.35,35.41,0.27,C3'-endo
46,45,0.60,G,G,G,0,0,1,0,0,.,10,1,cSH,cm+M,5.36,2.76,0.90,1.47,4.15,4.66,5.77,3.61,..,anti,.,4.01,4.68,3.01,3.85,3.30,3.97,4.30,4.23,0.04,5.89,0.57,5.72,0.33,33.80,0.26,C3'-endo
47,46,0.61,G,G,G,0,0,1,0,0,.,23,1,tWH,tW-M,5.39,3.23,1.04,1.42,4.46,4.83,5.91,4.20,..,anti,.,1.67,4.53,3.61,3.79,3.65,3.18,3.78,2.53,6.23,5.95,0.57,5.66,0.42,35.72,0.41,C3'-endo
48,47,0.62,U,U,U,0,0,0,1,0,.,,0,,,5.38,4.48,3.05,1.42,3.48,1.02,2.46,3.48,..,anti,.,4.43,4.57,6.27,5.67,0.67,5.29,1.06,4.97,0.07,5.84,0.63,5.67,0.34,37.15,0.22,C3'-endo
49,48,0.64,C,C,C,0,1,0,0,0,.,15,1,tWW,tW+W,4.64,3.50,1.55,2.57,3.62,1.48,2.14,3.81,..,anti,.,1.67,1.93,3.60,1.69,4.82,0.80,5.56,4.61,5.87,0.66,5.64,0.42,6.28,38.65,2.82,C2'-endo
50,49,0.65,G,G,G,0,0,1,0,0,(,66,1,cWW,cW-W,0.74,2.93,1.01,1.45,3.90,5.02,5.16,3.27,BI,anti,A,4.64,4.70,5.39,3.98,5.71,3.99,2.05,4.52,0.08,5.83,0.62,5.69,0.32,36.51,0.20,C3'-endo
51,50,0.66,U,U,U,0,0,0,1,0,(,65,1,cWW,cW-W,5.28,2.83,1.00,1.38,3.80,4.86,5.22,3.40,BI,anti,A,4.52,4.65,2.93,3.69,3.27,3.69,4.16,4.06,6.27,5.90,0.61,5.65,0.40,36.99,0.34,C3'-endo
52,51,0.68,C,C,C,0,1,0,0,0,(,64,1,cWW,cW-W,5.32,3.05,0.62,1.34,3.49,4.88,4.90,3.53,BI,anti,.,4.41,4.61,2.77,3.97,2.94,3.85,3.57,4.21,0.05,5.82,0.68,5.61,0.39,40.48,0.26,C3'-endo
53,52,0.69,G,G,G,0,0,1,0,0,(,63,1,cWW,cW-W,2.55,3.64,3.19,1.38,3.85,4.97,5.17,3.19,BI,anti,A,4.78,4.78,2.85,3.39,3.12,3.48,3.83,4.19,0.12,5.77,0.69,5.65,0.32,39.91,0.15,C3'-endo
54,53,0.70,G,G,G,0,0,1,0,0,(,62,1,cWW,cW-W,5.35,3.02,0.86,1.47,3.79,4.86,5.21,3.28,BI,anti,A,4.67,4.71,3.03,3.77,3.30,3.82,4.22,4.15,0.13,5.80,0.63,5.71,0.28,36.39,0.12,C3'-endo
55,54,0.71,U,U,U,0,0,0,1,0,.,59,1,tWH,tW-M,5.34,2.97,0.86,1.43,4.06,4.93,5.41,3.48,BI,anti,.,4.38,4.74,3.09,4.06,3.27,4.14,3.78,4.87,0.05,5.86,0.62,5.67,0.35,36.63,0.25,C3'-endo
56,55,0.73,U,U,U,0,0,0,1,0,.,19,1,tSW,tm+W,5.48,2.76,0.84,1.37,3.83,5.62,4.50,3.53,BI,anti,.,4.34,4.70,2.87,4.53,3.26,3.65,4.32,2.57,0.04,5.84,0.66,5.63,0.39,39.37,0.27,C3'-endo
57,56,0.74,C,C,C,0,1,0,0,0,},20,1,cWW,cW-W,3.06,2.17,0.94,1.43,4.17,4.95,5.50,3.51,..,anti,.,4.14,4.62,0.29,4.28,0.86,4.21,0.40,4.74,6.27,5.92,0.58,5.68,0.39,35.50,0.35,C3'-endo
58,57,0.75,A,A,A,1,0,0,0,0,.,,0,,,5.41,2.78,0.87,1.35,3.81,5.03,5.06,3.54,BI,anti,.,4.20,4.53,2.83,3.72,3.22,3.93,4.15,4.24,6.18,5.97,0.58,5.63,0.48,37.35,0.48,C3'-endo
59,58,0.77,A,A,A,1,0,0,0,0,.,55,1,tHW,tM-W,5.32,3.77,1.04,2.61,4.87,3.29,1.58,4.93,BII,anti,.,0.36,0.46,4.02,4.11,4.31,3.21,4.33,2.67,5.91,0.64,5.63,0.45,6.23,38.53,2.89,C2'-endo
60,59,0.78,A,A,A,1,0,0,0,0,.,,0,,,1.11,3.67,1.32,1.46,3.76,5.39,4.66,3.30,BI,anti,.,4.48,4.53,0.27,4.25,0.56,4.41,0.91,5.42,6.26,5.94,0.56,5.70,0.39,34.23,0.37,C3'-endo
61,60,0.79,U,U,U,0,0,0,1,0,.,,0,,,5.01,3.11,1.16,2.47,4.54,5.14,5.68,3.92,..,anti,.,1.20,1.32,3.29,5.44,3.98,5.03,5.17,5.57,5.93,0.55,5.75,0.35,6.28,32.47,2.82,C2'-endo
62,61,0.81,C,C,C,0,1,0,0,0,),54,1,cWW,cW-W,4.83,3.28,0.59,1.44,3.66,5.02,4.92,3.32,BI,anti,A,4.58,4.61,2.15,3.69,2.90,3.80,3.55,4.32,0.05,5.86,0.61,5.69,0.34,35.95,0.24,C3'-endo
63,62,0.82,C,C,C,0,1,0,0,0,),53,1,cWW,cW-W,5.26,3.17,0.80,1.40,3.59,4.27,5.61,3.28,BI,anti,A,4.58,4.60,2.98,3.68,3.19,3.65,3.87,3.91,0.05,5.85,0.64,5.66,0.36,37.70,0.25,C3'-endo
64,63,0.83,G,G,G,0,0,1,0,0,),52,1,cWW,cW-W,2.65,4.07,2.87,1.44,3.96,4.99,5.25,3.08,BI,anti,A,4.75,4.76,2.78,3.84,3.03,3.70,3.54,3.98,0.12,5.80,0.64,5.69,0.30,37.13,0.14,C3'-endo
65,64,0.84,G,G,G,0,0,1,0,0,),51,1,cWW,cW-W,5.23,3.17,0.70,1.38,4.13,3.98,0.15,3.40,..,anti,A,4.46,4.76,2.91,3.74,3.09,3.73,3.66,4.10,0.03,5.85,0.64,5.64,0.38,38.08,0.28,C3'-endo
66,65,0.86,C,C,C,0,1,0,0,0,),50,1,cWW,cW-W,1.91,4.46,3.19,1.39,4.22,4.74,5.77,3.26,..,anti,.,4.67,4.81,2.82,3.67,3.07,3.66,3.65,4.23,0.11,5.79,0.67,5.66,0.32,38.98,0.16,C3'-endo
67,66,0.87,C,C,C,0,1,0,0,0,),7,1,cWW,cW-W,5.64,2.91,0.63,1.41,3.92,4.33,5.87,3.36,..,anti,A,4.59,4.74,3.00,3.99,3.25,3.90,4.07,4.28,0.08,5.83,0.64,5.67,0.34,37.26,0.21,C3'-endo
68,67,0.88,C,C,C,0,1,0,0,0,),6,1,cWW,cW-W,2.22,4.10,3.18,1.40,4.22,4.63,5.88,3.18,..,anti,A,4.76,4.83,2.77,3.57,3.05,3.61,3.77,4.19,0.16,5.74,0.70,5.66,0.29,40.24,0.10,C3'-endo
69,68,0.90,C,C,C,0,1,0,0,0,),5,1,cWW,cW-W,5.73,2.82,0.55,1.39,3.89,4.68,5.49,3.42,BI,anti,A,4.53,4.74,2.96,3.67,3.17,3.76,3.96,4.24,0.08,5.81,0.67,5.64,0.35,39.05,0.21,C3'-endo
70,69,0.91,C,C,C,0,1,0,0,0,),4,1,cWW,cW-W,5.56,2.61,0.91,1.35,3.85,4.79,5.34,3.40,BI,anti,A,4.56,4.74,3.01,3.71,3.24,3.70,3.95,4.03,0.08,5.80,0.69,5.62,0.36,40.28,0.21,C3'-endo
71,70,0.92,G,G,G,0,0,1,0,0,),3,1,cWW,cW-W,5.43,2.79,0.84,1.37,3.45,4.84,4.89,3.42,BI,anti,A,4.53,4.60,2.89,3.95,3.13,3.79,3.79,4.01,0.07,5.82,0.67,5.64,0.36,39.20,0.23,C3'-endo
72,71,0.94,C,C,C,0,1,0,0,0,),2,1,cWW,cW-W,2.79,3.52,3.03,1.41,4.14,4.87,5.56,3.23,..,anti,A,4.66,4.76,2.93,3.61,3.11,3.70,3.66,4.46,0.10,5.81,0.65,5.67,0.33,37.94,0.18,C3'-endo
73,72,0.95,A,A,A,1,0,0,0,0,.,1,1,cWW,cW-W,5.40,2.77,0.84,1.44,3.91,4.75,5.44,3.30,BI,anti,A,4.59,4.66,2.86,3.85,3.20,3.89,4.23,4.61,0.03,5.87,0.61,5.68,0.36,36.07,0.27,C3'-endo
74,73,0.96,A,A,A,1,0,0,0,0,.,,0,,,5.61,2.73,0.63,1.41,3.47,2.25,1.22,3.52,..,anti,.,4.42,4.60,2.84,0.96,3.15,1.01,4.19,1.46,0.07,5.82,0.66,5.65,0.36,38.70,0.23,C3'-endo
75,74,0.97,C,C,C,0,1,0,0,0,{,0,1,cWW,cW-W,5.23,2.28,0.63,1.42,3.60,5.10,4.78,3.42,BI,anti,A,4.45,4.54,2.77,3.95,3.20,3.90,3.27,4.07,6.28,5.89,0.62,5.64,0.40,37.60,0.33,C3'-endo
76,75,0.99,C,C,C,0,1,0,0,0,{,0,1,cWW,cW-W,4.76,3.55,0.89,1.51,4.67,5.28,5.68,3.83,..,anti,.,2.85,4.48,3.19,4.26,3.24,4.17,3.53,4.09,6.26,5.96,0.53,5.73,0.37,32.29,0.37,C3'-endo
77,76,1.00,A,A,A,1,0,0,0,0,.,,0,,,4.70,0.99,3.13,2.59,,,,4.42,n/a,anti,-,,,,,,,,,5.97,0.58,5.68,0.44,6.21,35.15,2.94,C2'-endo
