index_chain,old_nt_resnum,nt_position,nt_name,nt_code,nt_align_code,is_A,is_C,is_G,is_U,is_other,dbn,paired,nb_interact,pair_type_LW,pair_type_DSSR,alpha,beta,gamma,delta,epsilon,zeta,epsilon_zeta,chi,bb_type,glyco_bond,form,ssZp,Dp,eta,theta,eta_prime,theta_prime,eta_base,theta_base,v0,v1,v2,v3,v4,amplitude,phase_angle,puckering
1,1,0.08,G,G,G,0,0,1,0,0,(,0,1,cWW,cW-W,,,1.18,1.41,3.56,5.10,4.74,3.33,BI,anti,A,4.54,4.54,,,,,,,0.05,5.82,0.68,5.61,0.39,40.31,0.26,C3'-endo
2,2,0.17,A,A,A,1,0,0,0,0,(,0,1,cWW,cW-W,4.88,3.00,1.12,1.42,3.92,4.81,5.39,3.45,BI,anti,A,4.41,4.68,2.89,3.81,3.14,3.82,3.94,4.43,0.11,5.76,0.71,5.61,0.35,41.56,0.17,C3'-endo
3,3,0.25,C,C,C,0,1,0,0,0,(,0,1,cWW,cW-W,5.36,2.72,0.92,1.42,3.66,4.92,5.02,3.47,BI,anti,A,4.42,4.64,2.89,3.66,3.18,3.64,4.11,3.94,0.08,5.75,0.76,5.56,0.40,44.56,0.21,C3'-endo
4,4,0.33,A,A,A,1,0,0,0,0,(,0,1,cWW,cW-W,5.19,3.00,0.91,1.46,3.89,4.89,5.28,3.54,BI,anti,A,4.20,4.67,3.00,3.81,3.17,3.81,3.69,4.40,0.13,5.74,0.73,5.61,0.34,42.06,0.15,C3'-endo
5,5,0.42,C,C,C,0,1,0,0,0,(,0,1,cWW,cW-W,5.10,2.81,1.07,1.39,3.66,4.95,4.99,3.50,BI,anti,A,4.40,4.66,2.83,3.67,3.12,3.65,4.01,3.89,0.04,5.77,0.76,5.53,0.45,45.15,0.28,C3'-endo
6,6,0.50,C,C,C,0,1,0,0,0,(,0,1,cWW,cW-W,5.05,3.04,1.03,1.33,3.67,5.04,4.91,3.42,BI,anti,A,4.54,4.65,2.95,3.72,3.13,3.71,3.59,4.18,6.17,5.92,0.65,5.55,0.54,42.02,0.47,C3'-endo
7,7,0.58,U,U,U,0,0,0,1,0,(,0,1,cWW,cW-W,5.15,3.10,0.84,1.33,3.54,5.08,4.74,3.51,BI,anti,A,4.41,4.66,2.92,3.60,3.10,3.64,3.81,4.02,0.09,5.75,0.75,5.56,0.40,43.95,0.21,C3'-endo
8,8,0.67,G,G,G,0,0,1,0,0,(,0,1,cWW,cW-W,4.99,3.06,0.96,1.30,3.53,5.20,4.61,3.46,BI,anti,A,4.56,4.72,2.88,3.72,3.08,3.74,3.67,4.21,0.08,5.76,0.74,5.57,0.40,43.73,0.22,C3'-endo
9,9,0.75,A,A,A,1,0,0,0,0,(,0,1,cWW,cW-W,4.84,3.04,1.20,1.42,3.64,5.15,4.76,3.40,BI,anti,A,4.52,4.64,2.94,3.83,3.21,3.81,3.96,4.36,0.05,5.81,0.69,5.60,0.40,40.88,0.25,C3'-endo
10,10,0.83,U,U,U,0,0,0,1,0,(,0,1,cWW,cW-W,4.81,3.05,1.26,1.36,3.72,4.99,5.02,3.41,BI,anti,A,4.44,4.65,2.94,3.69,3.23,3.67,4.07,4.09,0.01,5.84,0.69,5.58,0.44,41.50,0.32,C3'-endo
11,11,0.92,U,U,U,0,0,0,1,0,(,0,1,cWW,cW-W,4.99,2.98,1.04,1.32,3.65,5.08,4.86,3.47,BI,anti,A,4.35,4.63,2.88,3.69,3.10,3.71,3.77,4.14,0.03,5.78,0.76,5.52,0.46,45.36,0.28,C3'-endo
12,12,1.00,C,C,C,0,1,0,0,0,(,0,1,cWW,cW-W,4.92,3.04,1.17,1.53,,,,3.45,n/a,anti,-,,,,,,,,,6.27,5.91,0.60,5.65,0.41,36.52,0.35,C3'-endo
