index_chain,old_nt_resnum,nt_position,nt_name,nt_code,nt_align_code,is_A,is_C,is_G,is_U,is_other,dbn,paired,nb_interact,pair_type_LW,pair_type_DSSR,alpha,beta,gamma,delta,epsilon,zeta,epsilon_zeta,chi,bb_type,glyco_bond,form,ssZp,Dp,eta,theta,eta_prime,theta_prime,eta_base,theta_base,v0,v1,v2,v3,v4,amplitude,phase_angle,puckering
1,1,0.08,G,G,G,0,0,1,0,0,(,0,1,cWW,cW-W,,,1.19,1.38,3.59,5.10,4.77,3.30,BI,anti,A,4.49,4.50,,,,,,,6.28,5.88,0.64,5.63,0.41,38.78,0.32,C3'-endo
2,2,0.17,A,A,A,1,0,0,0,0,(,0,1,cWW,cW-W,4.85,3.04,1.11,1.42,3.92,4.82,5.39,3.45,BI,anti,A,4.39,4.66,2.87,3.80,3.12,3.82,3.92,4.44,0.12,5.74,0.74,5.59,0.35,42.91,0.16,C3'-endo
3,3,0.25,C,C,C,0,1,0,0,0,(,0,1,cWW,cW-W,5.33,2.75,0.94,1.34,3.60,5.03,4.86,3.47,BI,anti,A,4.40,4.64,2.89,3.66,3.18,3.65,4.10,3.94,0.10,5.75,0.75,5.58,0.38,43.80,0.19,C3'-endo
4,4,0.33,A,A,A,1,0,0,0,0,(,0,1,cWW,cW-W,5.13,3.00,0.95,1.45,3.87,4.89,5.26,3.56,BI,anti,A,4.24,4.68,2.98,3.82,3.15,3.81,3.66,4.39,0.15,5.72,0.74,5.61,0.33,42.69,0.13,C3'-endo
5,5,0.42,C,C,C,0,1,0,0,0,(,0,1,cWW,cW-W,5.14,2.78,1.05,1.39,3.70,4.87,5.12,3.50,BI,anti,A,4.40,4.65,2.82,3.65,3.11,3.64,4.01,3.88,0.04,5.78,0.74,5.54,0.44,44.19,0.27,C3'-endo
6,6,0.50,C,C,C,0,1,0,0,0,(,0,1,cWW,cW-W,5.19,2.98,0.98,1.36,3.74,4.94,5.08,3.41,BI,anti,A,4.53,4.67,2.98,3.72,3.15,3.71,3.61,4.15,6.24,5.88,0.66,5.58,0.47,40.89,0.38,C3'-endo
7,7,0.58,U,U,U,0,0,0,1,0,(,0,1,cWW,cW-W,5.25,3.02,0.80,1.23,3.38,5.23,4.43,3.51,BI,anti,A,4.39,4.65,2.91,3.54,3.09,3.58,3.77,3.91,0.07,5.75,0.77,5.53,0.43,45.26,0.24,C3'-endo
8,8,0.67,G,G,G,0,0,1,0,0,(,0,1,cWW,cW-W,4.87,3.18,1.03,1.34,3.62,5.08,4.83,3.45,BI,anti,A,4.55,4.71,2.91,3.71,3.08,3.74,3.59,4.22,0.09,5.75,0.74,5.58,0.39,43.40,0.21,C3'-endo
9,9,0.75,A,A,A,1,0,0,0,0,(,0,1,cWW,cW-W,4.93,3.00,1.15,1.39,3.63,5.16,4.76,3.39,BI,anti,A,4.60,4.68,2.93,3.82,3.19,3.80,3.94,4.32,0.08,5.78,0.71,5.61,0.38,41.59,0.21,C3'-endo
10,10,0.83,U,U,U,0,0,0,1,0,(,0,1,cWW,cW-W,4.92,3.00,1.19,1.31,3.67,5.07,4.88,3.42,BI,anti,A,4.52,4.69,2.97,3.71,3.23,3.70,4.05,4.14,0.06,5.79,0.71,5.59,0.40,41.85,0.24,C3'-endo
11,11,0.92,U,U,U,0,0,0,1,0,(,0,1,cWW,cW-W,4.96,3.01,1.04,1.39,3.85,4.83,5.31,3.46,BI,anti,A,4.33,4.65,2.88,3.68,3.10,3.71,3.79,4.12,0.03,5.79,0.74,5.54,0.44,44.10,0.28,C3'-endo
12,12,1.00,C,C,C,0,1,0,0,0,(,0,1,cWW,cW-W,5.19,2.84,1.07,1.39,,,,3.42,n/a,anti,-,,,,,,,,,6.20,5.96,0.58,5.63,0.46,36.96,0.45,C3'-endo
