index_chain,old_nt_resnum,nt_position,nt_name,nt_code,nt_align_code,is_A,is_C,is_G,is_U,is_other,dbn,paired,nb_interact,pair_type_LW,pair_type_DSSR,alpha,beta,gamma,delta,epsilon,zeta,epsilon_zeta,chi,bb_type,glyco_bond,form,ssZp,Dp,eta,theta,eta_prime,theta_prime,eta_base,theta_base,v0,v1,v2,v3,v4,amplitude,phase_angle,puckering
1,1,0.01,G,G,G,0,0,1,0,0,(,81,1,cWW,cW-W,,3.28,0.98,1.46,3.91,5.09,5.10,2.95,BI,anti,A,4.75,4.80,,4.06,,4.14,,4.65,0.21,5.73,0.67,5.71,0.23,38.65,0.02,C3'-endo
2,2,0.02,G,G,G,0,0,1,0,0,(,80,1,cWW,cW-W,4.86,3.37,1.03,1.38,3.74,4.91,5.11,3.38,BI,anti,.,4.62,4.75,2.87,3.63,3.13,3.86,3.98,3.92,0.16,5.74,0.70,5.65,0.30,40.54,0.11,C3'-endo
3,3,0.04,U,U,U,0,0,0,1,0,.,,0,,,5.30,3.36,1.11,2.44,1.10,1.26,6.13,4.72,..,anti,.,1.03,1.20,2.84,5.23,4.13,3.46,3.96,4.40,5.99,0.51,5.76,0.37,6.23,30.97,2.90,C2'-endo
4,4,0.05,G,G,G,0,0,1,0,0,.,78,1,cWW,cW-W,1.88,2.24,2.17,1.40,3.82,4.86,5.25,3.35,BI,anti,A,4.67,4.77,1.66,3.33,2.13,3.30,3.42,3.69,0.11,5.79,0.67,5.67,0.32,38.71,0.16,C3'-endo
5,5,0.06,G,G,G,0,0,1,0,0,(,77,1,cWW,cW-W,5.23,2.77,1.05,1.34,3.98,5.75,4.51,3.33,..,anti,.,4.68,4.81,2.95,4.38,3.17,4.18,3.79,4.29,0.09,5.78,0.71,5.61,0.37,41.49,0.20,C3'-endo
6,6,0.07,G,G,G,0,0,1,0,0,(,76,1,cWW,cW-W,3.97,2.01,2.94,1.43,3.25,0.14,3.11,3.09,..,anti,.,4.31,4.46,3.51,3.50,3.61,3.56,4.17,4.08,0.07,5.83,0.63,5.67,0.34,37.24,0.22,C3'-endo
7,7,0.08,G,G,G,0,0,1,0,0,.,75,1,cWW,cW-W,3.08,1.74,3.10,2.60,3.95,0.01,3.94,3.45,..,anti,.,2.03,1.96,3.47,4.86,3.62,5.17,4.21,5.57,6.15,0.43,5.75,0.47,6.07,30.64,3.21,C3'-exo
8,8,0.09,4SU,u,U,0,0,0,0,1,.,14,1,tWH,tW-M,4.41,3.75,1.37,1.44,3.99,4.63,5.65,3.63,..,anti,.,4.03,4.66,3.16,3.19,3.89,3.19,4.22,3.06,0.01,5.90,0.59,5.68,0.38,35.64,0.31,C3'-endo
9,9,0.11,U,U,U,0,0,0,1,0,.,,0,,,3.65,1.68,2.77,2.61,5.04,5.55,5.78,1.03,..,syn,.,-0.09,0.23,4.17,5.07,3.41,4.79,2.97,4.24,5.89,0.65,5.63,0.44,6.24,38.72,2.87,C2'-endo
10,10,0.12,C,C,C,0,1,0,0,0,(,26,1,cWW,cW-W,3.12,3.02,1.11,1.43,3.67,4.95,5.00,3.74,BI,anti,.,3.93,4.58,0.53,3.73,1.51,3.75,1.60,4.25,0.02,5.88,0.61,5.67,0.37,36.39,0.29,C3'-endo
11,11,0.13,C,C,C,0,1,0,0,0,(,25,1,cWW,cW-W,5.29,3.10,0.79,1.39,3.91,4.78,5.41,3.42,BI,anti,A,4.54,4.77,3.00,3.75,3.18,3.81,3.86,4.19,0.11,5.78,0.68,5.65,0.33,39.46,0.17,C3'-endo
12,12,0.14,C,C,C,0,1,0,0,0,(,24,1,cWW,cW-W,5.51,2.68,0.92,1.36,3.53,5.13,4.68,3.41,BI,anti,.,4.50,4.57,2.92,4.36,3.21,4.27,3.86,5.04,0.01,5.86,0.65,5.62,0.42,39.40,0.31,C3'-endo
13,13,0.15,G,G,G,0,0,1,0,0,.,,0,,,2.88,3.74,2.75,1.47,4.66,3.60,1.06,2.99,BII,anti,.,4.56,4.60,2.98,3.29,3.42,3.11,4.66,2.80,0.05,5.88,0.59,5.70,0.34,35.11,0.25,C3'-endo
14,14,0.16,A,A,A,1,0,0,0,0,.,"8,22",2,"tHW,cWS","tM-W,cW-m",1.32,4.31,3.47,1.43,4.39,5.17,5.50,3.06,..,anti,.,4.73,4.75,2.88,3.90,2.85,3.99,2.60,5.02,0.06,5.84,0.64,5.66,0.36,37.63,0.24,C3'-endo
15,15,0.18,G,G,G,0,0,1,0,0,.,57,1,tWW,tW+W,4.91,2.95,1.10,1.43,4.11,3.25,0.86,3.58,BII,anti,.,4.13,4.75,2.65,2.62,3.16,2.33,4.53,1.99,0.07,5.83,0.64,5.66,0.35,37.62,0.22,C3'-endo
16,16,0.19,C,C,C,0,1,0,0,0,.,20,1,tHW,tM-W,1.14,3.82,3.52,1.42,4.69,4.17,0.51,3.76,..,anti,.,3.07,4.52,2.71,4.08,2.39,4.11,2.09,3.85,6.24,5.94,0.58,5.66,0.42,35.94,0.39,C3'-endo
17,17,0.20,OMG,g,G,0,0,0,0,1,.,,0,,,0.78,1.33,3.56,1.50,3.33,0.05,3.28,3.11,..,anti,.,3.18,3.50,6.17,3.36,6.15,3.53,6.24,3.70,5.68,0.26,0.16,5.78,0.70,39.50,1.34,O4'-endo
18,18,0.21,G,G,G,0,0,1,0,0,{,65,1,cWW,cW-W,2.90,1.72,3.80,2.60,5.19,3.34,1.86,4.46,BII,anti,.,0.05,0.06,4.00,3.75,4.30,4.17,4.30,4.86,5.91,0.63,5.65,0.44,6.24,37.72,2.88,C2'-endo
19,19,0.22,C,C,C,0,1,0,0,0,.,,0,,,0.39,2.02,0.35,2.50,4.58,4.28,0.30,3.74,..,anti,.,1.00,1.02,3.44,5.55,4.16,4.97,4.14,5.08,5.91,0.59,5.71,0.38,6.28,34.73,2.82,C2'-endo
20,20,0.24,C,C,C,0,1,0,0,0,.,16,1,tWH,tW-M,0.56,2.20,5.07,2.60,4.54,2.25,2.29,1.18,BII,syn,.,-0.56,0.69,2.12,1.85,2.82,1.78,3.28,2.15,5.91,0.63,5.65,0.43,6.24,37.38,2.88,C2'-endo
21,21,0.25,A,A,A,1,0,0,0,0,.,,0,,,4.29,2.20,3.42,2.52,5.07,1.78,3.29,0.83,..,syn,.,-0.13,0.27,5.99,1.30,5.45,1.25,5.39,1.42,5.91,0.62,5.67,0.41,6.26,36.46,2.85,C2'-endo
22,22,0.26,A,A,A,1,0,0,0,0,.,14,1,cSW,cm-W,2.73,3.28,1.02,1.40,4.51,2.28,2.23,3.08,BII,anti,.,4.71,4.74,1.99,2.27,1.73,2.42,2.46,2.69,0.06,5.84,0.65,5.65,0.36,38.18,0.24,C3'-endo
23,23,0.27,A,A,A,1,0,0,0,0,.,,0,,,1.59,4.56,2.73,1.43,3.99,5.07,5.21,3.18,BI,anti,A,4.78,4.80,2.89,4.18,3.06,3.85,3.00,4.11,0.17,5.75,0.68,5.69,0.27,38.85,0.08,C3'-endo
24,24,0.28,G,G,G,0,0,1,0,0,),12,1,cWW,cW-W,4.89,3.44,0.68,1.35,3.49,5.05,4.72,3.35,BI,anti,.,4.63,4.66,2.59,3.92,2.79,3.89,3.57,4.34,0.10,5.78,0.70,5.62,0.35,40.90,0.19,C3'-endo
25,25,0.29,G,G,G,0,0,1,0,0,),11,1,cWW,cW-W,3.02,3.35,2.90,1.44,3.69,5.08,4.90,3.13,BI,anti,A,4.62,4.64,2.90,3.77,3.18,3.67,3.92,4.29,0.09,5.83,0.62,5.70,0.31,36.18,0.18,C3'-endo
26,26,0.31,G,G,G,0,0,1,0,0,),10,1,cWW,cW-W,3.35,3.24,2.40,1.50,4.62,5.57,5.33,3.11,..,anti,.,4.68,4.74,2.85,4.29,3.12,4.09,4.01,5.02,0.11,5.84,0.59,5.74,0.28,34.38,0.15,C3'-endo
27,27,0.32,A,A,A,1,0,0,0,0,.,,0,,,4.55,1.40,3.17,1.38,4.38,5.49,5.17,5.59,..,...,.,-4.00,4.69,3.38,3.54,3.49,3.87,4.74,4.22,6.27,5.89,0.62,5.63,0.42,38.03,0.35,C3'-endo
28,28,0.33,G,G,G,0,0,1,0,0,(,"44,45",2,"cWW,cWW","cW-W,cW-W",4.86,3.04,0.85,1.40,3.82,5.11,4.99,3.52,BI,anti,.,4.35,4.66,2.33,3.93,2.97,3.99,3.58,4.69,0.01,5.88,0.62,5.65,0.40,37.47,0.32,C3'-endo
29,29,0.34,C,C,C,0,1,0,0,0,(,43,1,cWW,cW-W,5.15,3.10,0.88,1.38,4.06,4.35,5.99,3.61,..,anti,A,4.08,4.77,2.95,3.46,3.21,3.54,4.13,3.78,0.06,5.83,0.65,5.65,0.36,38.42,0.24,C3'-endo
30,30,0.35,A,A,A,1,0,0,0,0,(,42,1,cWW,cW-W,5.59,2.30,0.94,1.34,3.63,4.93,4.98,3.35,BI,anti,A,4.58,4.61,2.87,3.75,3.09,3.65,3.50,4.28,6.27,5.88,0.65,5.61,0.43,39.40,0.34,C3'-endo
31,31,0.36,G,G,G,0,0,1,0,0,(,41,1,cWW,cW-W,5.32,2.92,0.86,1.36,3.91,4.86,5.33,3.34,BI,anti,A,4.64,4.78,2.95,3.73,3.14,3.78,4.12,4.28,0.16,5.74,0.71,5.65,0.29,40.69,0.10,C3'-endo
32,32,0.38,A,A,A,1,0,0,0,0,.,40,1,cWW,cW-W,5.20,2.76,1.10,1.40,4.19,4.75,5.73,3.17,..,anti,A,4.86,4.88,2.98,3.89,3.20,3.93,3.97,4.41,0.17,5.75,0.69,5.68,0.28,39.41,0.09,C3'-endo
33,33,0.39,C,C,C,0,1,0,0,0,.,39,1,cWW,cW-W,5.16,2.63,1.26,1.43,4.28,5.20,5.36,3.32,..,anti,.,4.52,4.73,3.04,4.44,3.30,4.41,4.06,5.16,0.07,5.83,0.64,5.66,0.35,37.85,0.22,C3'-endo
34,34,0.40,U,U,U,0,0,0,1,0,.,37,1,tSH,tm-M,4.88,3.05,1.08,1.36,4.21,4.70,5.80,3.77,..,anti,.,3.49,4.75,2.72,4.31,3.16,3.58,4.29,2.51,6.26,5.88,0.65,5.60,0.44,39.58,0.36,C3'-endo
35,35,0.41,QUO,g,G,0,0,0,0,1,[,0,1,cWW,cW-W,1.41,3.34,2.06,1.61,4.67,4.41,0.26,3.05,..,anti,A,4.45,4.54,0.55,3.98,0.85,3.99,0.48,4.17,0.18,5.83,0.54,5.83,0.17,31.15,6.28,C2'-exo
36,36,0.42,U,U,U,0,0,0,1,0,[,0,1,cWW,cW-W,5.50,2.34,0.82,1.37,3.68,4.96,5.00,3.73,BI,anti,.,3.83,4.42,2.63,4.24,3.03,3.94,3.52,4.28,6.17,5.98,0.58,5.62,0.49,37.69,0.49,C3'-endo
37,37,0.44,A,A,A,1,0,0,0,0,.,"34,0",2,"tHS,cW.","tM-m,cW-.",1.72,3.39,4.09,1.46,3.41,5.07,4.62,3.34,BI,anti,.,4.56,4.59,3.02,3.37,3.16,3.58,3.88,4.46,0.15,5.79,0.63,5.72,0.26,36.11,0.09,C3'-endo
38,38,0.45,MIA,a,A,0,0,0,0,1,.,,0,,,3.01,3.84,2.45,1.33,4.47,4.81,5.94,3.05,..,anti,.,4.71,4.75,2.81,4.10,3.23,4.13,4.32,4.97,0.04,5.83,0.67,5.62,0.39,40.04,0.27,C3'-endo
39,39,0.46,A,A,A,1,0,0,0,0,.,33,1,cWW,cW-W,5.56,2.59,0.80,1.34,3.79,5.16,4.91,3.33,BI,anti,.,4.62,4.70,2.72,3.98,3.17,4.01,4.46,4.80,0.03,5.83,0.68,5.59,0.42,40.92,0.29,C3'-endo
40,40,0.47,PSU,P,U,0,0,0,0,1,.,32,1,cWW,cW-W,5.26,3.12,0.72,1.43,3.31,4.92,4.67,3.38,BI,anti,A,4.52,4.55,2.82,3.88,3.20,3.84,4.40,4.41,0.12,5.80,0.64,5.69,0.29,37.18,0.14,C3'-endo
41,41,0.48,C,C,C,0,1,0,0,0,),31,1,cWW,cW-W,3.19,3.68,2.47,1.47,4.79,3.89,0.90,3.32,..,anti,A,4.21,4.62,3.09,4.05,3.27,3.91,4.06,4.27,0.10,5.83,0.62,5.70,0.31,36.11,0.18,C3'-endo
42,42,0.49,U,U,U,0,0,0,1,0,),30,1,cWW,cW-W,1.65,4.53,3.24,1.42,4.57,4.49,0.08,3.27,..,anti,A,4.49,4.74,2.75,3.47,3.07,3.45,3.71,3.98,0.07,5.84,0.63,5.67,0.34,37.28,0.22,C3'-endo
43,43,0.51,G,G,G,0,0,1,0,0,),29,1,cWW,cW-W,5.02,2.42,1.16,1.42,4.12,4.61,5.79,3.12,..,anti,A,4.78,4.77,2.68,3.77,2.94,3.76,3.70,4.05,0.04,5.86,0.63,5.66,0.37,37.31,0.27,C3'-endo
44,44,0.52,C,C,C,0,1,0,0,0,),28,1,cWW,cW-W,5.21,2.92,0.87,1.44,4.24,4.85,5.67,3.53,..,anti,.,4.15,4.73,3.02,4.09,3.13,4.17,3.59,4.93,0.05,5.86,0.62,5.68,0.35,36.43,0.25,C3'-endo
45,45,0.53,C,C,C,0,1,0,0,0,.,28,1,cWW,cW-W,5.24,2.66,1.09,1.39,,,,3.72,..,anti,-,,,,,,,,,0.03,5.85,0.65,5.63,0.39,38.77,0.28,C3'-endo
46,not resolved,0.54,-,-,-,0,0,0,0,1,,,0,,,,,,,,,,,,,,,,,,,,,,,,,,,,,
47,not resolved,0.55,-,-,-,0,0,0,0,1,,,0,,,,,,,,,,,,,,,,,,,,,,,,,,,,,
48,not resolved,0.56,-,-,-,0,0,0,0,1,,,0,,,,,,,,,,,,,,,,,,,,,,,,,,,,,
49,not resolved,0.58,-,-,-,0,0,0,0,1,,,0,,,,,,,,,,,,,,,,,,,,,,,,,,,,,
50,not resolved,0.59,-,-,-,0,0,0,0,1,,,0,,,,,,,,,,,,,,,,,,,,,,,,,,,,,
51,not resolved,0.60,-,-,-,0,0,0,0,1,,,0,,,,,,,,,,,,,,,,,,,,,,,,,,,,,
52,not resolved,0.61,-,-,-,0,0,0,0,1,,,0,,,,,,,,,,,,,,,,,,,,,,,,,,,,,
53,not resolved,0.62,-,-,-,0,0,0,0,1,,,0,,,,,,,,,,,,,,,,,,,,,,,,,,,,,
54,not resolved,0.64,-,-,-,0,0,0,0,1,,,0,,,,,,,,,,,,,,,,,,,,,,,,,,,,,
55,not resolved,0.65,-,-,-,0,0,0,0,1,,,0,,,,,,,,,,,,,,,,,,,,,,,,,,,,,
56,not resolved,0.66,-,-,-,0,0,0,0,1,,,0,,,,,,,,,,,,,,,,,,,,,,,,,,,,,
57,57,0.67,C,C,C,0,1,0,0,0,.,15,1,tWW,tW+W,,3.03,1.15,2.51,4.38,0.75,3.62,4.07,..,anti,.,1.06,1.12,,1.29,,0.62,,4.84,5.83,0.67,5.66,0.38,0.04,38.43,2.75,C2'-endo
58,58,0.68,G,G,G,0,0,1,0,0,(,74,1,cWW,cW-W,1.36,2.49,0.79,1.41,3.87,4.88,5.28,3.28,BI,anti,A,4.72,4.78,5.28,3.87,5.65,3.85,1.68,4.36,0.13,5.77,0.67,5.67,0.30,38.93,0.13,C3'-endo
59,59,0.69,A,A,A,1,0,0,0,0,(,73,1,cWW,cW-W,5.11,3.00,0.97,1.46,3.77,5.25,4.80,3.22,BI,anti,A,4.67,4.70,2.90,4.09,3.11,4.06,3.96,4.58,0.14,5.79,0.64,5.71,0.27,36.90,0.11,C3'-endo
60,60,0.71,A,A,A,1,0,0,0,0,(,72,1,cWW,cW-W,4.94,3.14,1.00,1.33,3.68,4.94,5.03,3.45,BI,anti,A,4.51,4.69,2.78,3.56,3.12,3.57,4.05,3.89,0.04,5.83,0.68,5.61,0.40,40.31,0.27,C3'-endo
61,61,0.72,G,G,G,0,0,1,0,0,(,71,1,cWW,cW-W,4.97,2.86,1.24,1.37,3.76,5.04,5.00,3.35,BI,anti,A,4.62,4.70,2.91,3.77,3.10,3.76,3.64,4.33,0.04,5.83,0.67,5.63,0.39,39.48,0.26,C3'-endo
62,62,0.73,G,G,G,0,0,1,0,0,(,70,1,cWW,cW-W,4.93,2.77,1.40,1.43,3.70,4.99,4.99,3.19,BI,anti,A,4.66,4.66,2.94,3.77,3.28,3.76,4.23,4.24,0.06,5.85,0.62,5.68,0.34,36.35,0.23,C3'-endo
63,63,0.74,5MU,t,U,0,0,0,0,1,.,67,1,tWH,tW-M,5.28,3.15,0.81,1.45,4.46,4.56,6.18,3.66,..,anti,.,3.69,4.76,3.24,3.99,3.40,4.08,4.02,5.21,0.11,5.82,0.63,5.70,0.30,36.27,0.15,C3'-endo
64,64,0.75,PSU,P,U,0,0,0,0,1,.,67,1,tHH,tM+M,5.28,2.34,1.07,1.32,4.03,4.97,5.35,1.02,BI,syn,.,-2.47,4.71,2.67,4.44,3.01,3.58,4.46,2.16,0.03,5.83,0.69,5.59,0.42,41.35,0.29,C3'-endo
65,65,0.76,C,C,C,0,1,0,0,0,},18,1,cWW,cW-W,2.83,2.87,1.07,1.49,4.07,4.99,5.36,3.31,..,anti,.,4.54,4.67,0.47,4.11,0.91,4.11,0.35,4.72,0.07,5.87,0.57,5.73,0.30,33.55,0.21,C3'-endo
66,66,0.78,G,G,G,0,0,1,0,0,.,,0,,,5.00,3.04,0.97,1.45,3.64,5.11,4.82,3.48,BI,anti,.,4.42,4.60,2.75,3.69,3.11,3.94,4.06,4.21,0.06,5.86,0.60,5.70,0.33,35.41,0.24,C3'-endo
67,67,0.79,A,A,A,1,0,0,0,0,.,"63,64",2,"tHW,tHH","tM-W,tM+M",5.09,4.00,1.15,2.63,4.68,3.29,1.39,4.65,BII,anti,.,0.27,0.84,4.02,4.05,4.25,3.11,4.20,2.41,5.99,0.57,5.66,0.47,6.17,36.12,3.00,C2'-endo
68,68,0.80,A,A,A,1,0,0,0,0,.,,0,,,1.07,3.66,1.46,1.46,3.83,5.37,4.74,3.09,BI,anti,.,4.66,4.67,0.35,4.30,0.56,4.41,0.84,5.13,0.08,5.84,0.62,5.69,0.32,36.24,0.20,C3'-endo
69,69,0.81,U,U,U,0,0,0,1,0,.,,0,,,5.02,3.32,1.16,2.47,4.57,4.56,0.01,4.17,..,anti,.,0.87,1.00,3.44,5.52,4.03,4.91,4.96,5.50,5.89,0.60,5.71,0.36,0.02,34.88,2.78,C2'-endo
70,70,0.82,C,C,C,0,1,0,0,0,),62,1,cWW,cW-W,2.59,3.55,2.69,1.38,4.48,4.78,5.99,2.99,..,anti,.,4.83,4.85,2.06,4.00,2.90,4.09,3.57,4.79,0.16,5.75,0.69,5.66,0.29,39.90,0.10,C3'-endo
71,71,0.84,C,C,C,0,1,0,0,0,),61,1,cWW,cW-W,5.69,2.80,0.72,1.39,3.62,4.49,5.41,3.68,BI,anti,.,4.07,4.55,2.88,3.78,3.29,3.65,4.31,3.48,6.26,5.91,0.61,5.64,0.42,37.18,0.36,C3'-endo
72,72,0.85,U,U,U,0,0,0,1,0,),60,1,cWW,cW-W,2.92,3.64,2.64,1.38,4.05,4.72,5.61,3.69,..,anti,.,3.86,4.74,2.61,3.53,2.78,3.52,2.82,3.97,0.03,5.86,0.63,5.65,0.38,37.73,0.28,C3'-endo
73,73,0.86,U,U,U,0,0,0,1,0,),59,1,cWW,cW-W,5.26,2.47,1.26,1.37,3.64,4.87,5.06,3.54,BI,anti,A,4.38,4.66,2.88,3.60,3.22,3.51,3.95,3.91,0.05,5.83,0.66,5.64,0.38,38.90,0.26,C3'-endo
74,74,0.87,C,C,C,0,1,0,0,0,),58,1,cWW,cW-W,5.15,3.06,0.93,1.45,3.65,0.00,3.65,3.31,..,anti,.,4.61,4.66,2.95,5.06,3.10,4.72,3.75,5.43,0.11,5.81,0.64,5.70,0.30,36.82,0.15,C3'-endo
75,75,0.88,C,C,C,0,1,0,0,0,.,7,1,cWW,cW-W,2.94,2.38,2.72,1.31,1.44,1.50,6.22,3.45,..,anti,.,3.31,3.39,3.20,3.10,3.47,3.37,4.67,3.87,0.10,5.80,0.66,5.66,0.33,38.58,0.19,C3'-endo
76,76,0.89,C,C,C,0,1,0,0,0,),6,1,cWW,cW-W,3.11,3.08,1.23,1.44,3.20,4.92,4.56,3.54,BI,anti,.,4.23,4.32,2.25,3.88,2.79,3.61,3.47,3.55,6.27,5.92,0.58,5.68,0.39,35.33,0.34,C3'-endo
77,77,0.91,C,C,C,0,1,0,0,0,),5,1,cWW,cW-W,2.76,3.51,2.93,1.39,4.64,3.97,0.67,3.43,..,anti,.,4.09,4.66,2.95,3.11,3.05,3.40,3.26,2.80,0.03,5.87,0.62,5.66,0.38,37.10,0.29,C3'-endo
78,78,0.92,C,C,C,0,1,0,0,0,.,4,1,cWW,cW-W,5.47,2.36,0.91,2.34,0.82,1.32,5.78,4.63,..,anti,.,0.84,1.31,2.04,5.49,3.85,3.27,2.98,4.43,5.86,0.59,5.75,0.30,0.07,33.74,2.69,C2'-endo
79,79,0.93,A,A,A,1,0,0,0,0,.,,0,,,1.63,2.51,2.56,1.44,3.90,5.49,4.70,3.12,BI,anti,.,4.73,4.74,2.07,4.20,2.37,3.99,3.76,4.59,0.10,5.81,0.64,5.68,0.32,37.44,0.18,C3'-endo
80,80,0.94,C,C,C,0,1,0,0,0,),2,1,cWW,cW-W,2.79,2.89,3.11,1.42,3.60,4.87,5.01,3.53,BI,anti,A,4.31,4.51,2.64,3.40,3.06,3.41,4.04,3.87,6.26,5.92,0.58,5.68,0.39,35.32,0.35,C3'-endo
81,81,0.95,C,C,C,0,1,0,0,0,),1,1,cWW,cW-W,2.81,3.46,2.93,1.41,3.38,0.03,3.35,3.42,..,anti,.,4.46,4.51,2.71,4.45,3.07,4.00,3.79,5.01,0.07,5.83,0.64,5.67,0.34,37.66,0.22,C3'-endo
82,82,0.96,A,A,A,1,0,0,0,0,.,,0,,,2.85,2.07,3.08,1.40,3.68,3.97,5.99,0.62,..,syn,.,-3.83,4.57,2.65,1.49,2.96,1.61,4.57,3.77,0.01,5.88,0.62,5.66,0.39,37.00,0.31,C3'-endo
83,83,0.98,C,C,C,0,1,0,0,0,.,0,1,tWW,tW+W,6.19,4.18,1.08,2.62,3.08,4.73,4.63,1.52,BI,syn,.,-2.54,2.37,4.87,4.28,5.01,4.00,2.70,4.11,5.87,0.69,5.60,0.46,6.25,40.78,2.86,C2'-endo
84,84,0.99,C,C,C,0,1,0,0,0,{,0,1,cWW,cW-W,5.28,3.09,0.79,1.46,3.84,4.41,5.72,4.26,BI,anti,.,2.06,4.43,3.10,3.37,3.41,3.45,3.82,4.57,6.20,6.00,0.52,5.70,0.42,33.59,0.46,C3'-endo
85,85,1.00,A,A,A,1,0,0,0,0,.,,0,,,5.46,2.26,1.11,1.42,,,,0.97,..,syn,-,,,,,,,,,0.00,5.90,0.59,5.67,0.38,35.90,0.32,C3'-endo
