index_chain,old_nt_resnum,nt_position,nt_name,nt_code,nt_align_code,is_A,is_C,is_G,is_U,is_other,dbn,paired,nb_interact,pair_type_LW,pair_type_DSSR,alpha,beta,gamma,delta,epsilon,zeta,epsilon_zeta,chi,bb_type,glyco_bond,form,ssZp,Dp,eta,theta,eta_prime,theta_prime,eta_base,theta_base,v0,v1,v2,v3,v4,amplitude,phase_angle,puckering
1,1,0.01,G,G,G,0,0,1,0,0,(,81,1,cWW,cW-W,,2.77,0.51,1.39,3.97,4.89,5.36,3.26,BI,anti,A,4.71,4.77,,3.82,,3.86,,4.14,0.07,5.85,0.62,5.69,0.33,36.38,0.22,C3'-endo
2,2,0.02,G,G,G,0,0,1,0,0,(,80,1,cWW,cW-W,5.07,2.67,1.29,1.40,3.96,4.88,5.37,3.27,BI,anti,A,4.70,4.75,2.94,3.78,3.22,3.74,3.76,4.49,0.04,5.87,0.61,5.67,0.36,36.50,0.27,C3'-endo
3,3,0.04,U,U,U,0,0,0,1,0,(,79,1,cWW,cW-W,4.94,2.75,1.20,1.41,4.00,4.57,5.72,3.25,..,anti,A,4.75,4.80,2.82,3.65,3.09,3.65,4.16,4.23,0.11,5.79,0.66,5.67,0.32,38.34,0.16,C3'-endo
4,4,0.05,G,G,G,0,0,1,0,0,(,78,1,cWW,cW-W,5.44,2.47,0.96,1.38,3.34,4.90,4.72,3.40,BI,anti,A,4.51,4.55,2.75,3.91,3.10,3.75,4.11,3.82,0.16,5.73,0.72,5.64,0.31,41.64,0.11,C3'-endo
5,5,0.06,G,G,G,0,0,1,0,0,(,77,1,cWW,cW-W,3.63,3.72,2.03,1.31,4.36,4.14,0.22,3.28,..,anti,.,4.62,4.86,2.89,3.90,3.01,3.72,3.39,3.63,0.08,5.78,0.71,5.60,0.38,41.89,0.21,C3'-endo
6,6,0.07,G,G,G,0,0,1,0,0,(,"75,76",2,"cWW,cWW","cW-W,cW-W",1.46,4.54,3.86,1.50,4.04,4.68,5.64,3.08,..,anti,.,4.69,4.72,3.40,2.97,3.39,3.38,3.57,4.31,0.11,5.83,0.60,5.73,0.28,34.82,0.15,C3'-endo
7,7,0.08,G,G,G,0,0,1,0,0,(,75,1,cWW,cW-W,5.69,2.79,0.90,2.56,4.36,5.40,5.24,4.17,..,anti,.,1.18,1.45,3.38,5.64,3.96,5.34,4.78,5.87,6.03,0.52,5.72,0.43,6.17,32.67,3.01,C2'-endo
8,8,0.09,U,U,U,0,0,0,1,0,.,14,1,tWH,tW-M,5.04,3.12,1.24,1.56,4.57,3.06,1.51,3.11,BII,anti,.,4.16,4.30,3.19,3.09,3.95,3.58,4.27,3.65,6.26,5.98,0.49,5.77,0.34,29.88,0.37,C3'-endo
9,9,0.11,U,U,U,0,0,0,1,0,.,10,1,cSH,cm+M,0.78,2.12,5.74,2.68,4.24,4.54,5.98,3.09,..,anti,.,0.41,1.12,3.45,5.27,3.22,4.49,3.00,4.38,5.94,0.64,5.61,0.49,6.19,39.26,2.95,C2'-endo
10,10,0.12,C,C,C,0,1,0,0,0,(,"9,26",2,"cHS,cWW","cM+m,cW-W",3.50,3.66,0.51,1.35,3.38,4.55,5.12,3.41,BI,anti,.,4.52,4.57,0.91,3.21,1.70,3.40,2.18,3.59,0.08,5.79,0.70,5.62,0.37,40.89,0.21,C3'-endo
11,11,0.13,C,C,C,0,1,0,0,0,(,25,1,cWW,cW-W,3.72,3.70,1.90,1.39,3.88,4.92,5.24,3.26,BI,anti,.,4.77,4.79,2.75,3.91,2.74,3.90,2.90,4.14,0.14,5.77,0.68,5.67,0.30,39.11,0.12,C3'-endo
12,12,0.14,C,C,C,0,1,0,0,0,(,24,1,cWW,cW-W,5.55,3.01,0.88,1.35,4.26,4.92,5.62,3.34,..,anti,.,4.51,4.76,3.32,4.11,3.50,4.28,3.97,5.13,0.04,5.84,0.66,5.63,0.39,39.24,0.27,C3'-endo
13,13,0.15,G,G,G,0,0,1,0,0,.,23,1,tSH,tm-M,5.48,2.42,1.22,1.39,3.61,3.71,6.18,3.41,..,anti,.,4.51,4.60,2.88,3.34,3.48,3.21,4.74,3.18,0.02,5.87,0.63,5.65,0.39,37.89,0.29,C3'-endo
14,14,0.16,A,A,A,1,0,0,0,0,.,8,1,tHW,tM-W,2.41,4.46,2.93,1.38,3.36,1.45,1.92,2.78,..,anti,.,3.76,4.45,2.80,5.51,3.05,4.79,3.26,5.16,6.27,5.90,0.61,5.64,0.41,37.41,0.34,C3'-endo
15,15,0.18,G,G,G,0,0,1,0,0,.,57,1,tWW,tW+W,5.22,5.29,4.66,1.36,4.16,4.00,0.16,3.78,..,anti,.,3.46,4.51,2.91,1.49,3.25,2.07,4.30,2.37,6.15,6.01,0.55,5.64,0.49,36.49,0.52,C3'-endo
16,16,0.19,C,C,C,0,1,0,0,0,.,,0,,,4.92,2.88,0.86,1.31,4.02,5.17,5.13,3.50,BI,anti,.,4.40,4.79,2.94,3.86,2.74,3.65,2.74,3.75,0.02,5.83,0.68,5.59,0.42,40.85,0.29,C3'-endo
17,17,0.20,G,G,G,0,0,1,0,0,.,64,1,tWS,tW+m,4.41,2.26,4.03,2.46,0.39,3.36,3.32,4.83,..,anti,.,0.69,1.43,6.02,4.01,5.86,3.44,5.25,3.69,5.82,0.67,5.67,0.37,0.05,38.49,2.74,C2'-endo
18,18,0.21,G,G,G,0,0,1,0,0,[,65,1,cWW,cW-W,5.28,4.59,3.71,2.35,0.92,4.95,2.26,4.24,..,anti,.,0.42,1.46,3.85,6.12,3.68,0.53,4.01,5.66,5.87,0.57,5.78,0.28,0.08,32.37,2.67,C2'-endo
19,19,0.22,C,C,C,0,1,0,0,0,.,,0,,,2.97,1.70,1.49,1.44,3.58,0.04,3.55,3.37,..,anti,.,4.44,4.53,6.07,4.85,0.09,4.42,1.70,4.90,0.06,5.86,0.61,5.69,0.33,35.81,0.23,C3'-endo
20,20,0.24,C,C,C,0,1,0,0,0,.,,0,,,4.11,1.95,3.25,2.52,3.83,2.70,1.13,3.83,..,anti,.,1.34,1.71,4.44,0.20,4.70,4.89,5.59,0.71,5.84,0.67,5.65,0.40,0.02,38.84,2.78,C2'-endo
21,21,0.25,A,A,A,1,0,0,0,0,.,54,1,tWW,tW+W,3.34,5.90,3.89,2.58,5.36,1.41,3.96,1.07,..,syn,.,0.13,0.49,3.25,0.88,4.60,0.89,2.58,1.49,5.84,0.69,5.63,0.42,0.01,39.87,2.79,C2'-endo
22,22,0.26,A,A,A,1,0,0,0,0,.,56,1,tHW,tM-W,1.67,2.82,2.87,1.39,4.69,2.25,2.43,1.99,BII,...,.,2.95,4.77,2.50,1.64,2.04,2.02,3.07,2.84,0.09,5.79,0.68,5.64,0.35,39.73,0.20,C3'-endo
23,23,0.27,A,A,A,1,0,0,0,0,.,13,1,tHS,tM-m,6.01,1.93,0.66,1.38,4.48,4.57,6.19,3.04,..,anti,.,4.73,4.74,3.92,4.41,3.82,4.48,2.98,5.43,0.02,5.87,0.63,5.65,0.38,37.55,0.29,C3'-endo
24,24,0.28,G,G,G,0,0,1,0,0,),12,1,cWW,cW-W,5.81,2.36,0.73,1.41,3.98,4.48,5.79,3.73,..,anti,A,3.83,4.77,2.82,3.71,3.30,3.68,4.71,3.83,0.11,5.80,0.66,5.67,0.32,38.20,0.17,C3'-endo
25,25,0.29,G,G,G,0,0,1,0,0,),11,1,cWW,cW-W,5.55,2.49,0.93,1.45,3.77,4.95,5.11,3.39,BI,anti,A,4.34,4.45,3.01,3.87,3.19,3.81,3.56,4.32,6.22,5.98,0.53,5.70,0.41,33.59,0.43,C3'-endo
26,26,0.31,G,G,G,0,0,1,0,0,),10,1,cWW,cW-W,5.22,2.81,0.96,1.43,3.76,5.21,4.83,3.29,BI,anti,A,4.42,4.48,2.89,4.02,3.18,3.99,4.02,4.57,6.22,5.97,0.56,5.67,0.43,35.17,0.43,C3'-endo
27,27,0.32,A,A,A,1,0,0,0,0,.,45,1,cWW,cW-W,5.07,3.03,0.94,1.31,3.85,4.88,5.24,3.50,BI,anti,A,4.34,4.63,2.82,3.63,3.13,3.72,4.05,4.31,6.21,5.92,0.63,5.59,0.48,39.89,0.43,C3'-endo
28,28,0.33,G,G,G,0,0,1,0,0,(,44,1,cWW,cW-W,5.14,3.04,0.94,1.42,3.88,4.66,5.50,3.47,BI,anti,A,4.40,4.63,2.96,3.74,3.13,3.81,3.84,4.42,6.28,5.91,0.58,5.68,0.38,35.19,0.33,C3'-endo
29,29,0.34,C,C,C,0,1,0,0,0,(,43,1,cWW,cW-W,5.77,2.63,0.60,1.37,3.78,4.89,5.18,3.70,BI,anti,A,3.99,4.68,2.94,3.78,3.20,3.78,4.02,4.21,0.02,5.86,0.64,5.64,0.39,38.40,0.29,C3'-endo
30,30,0.35,A,A,A,1,0,0,0,0,(,42,1,cWW,cW-W,5.56,3.02,0.55,1.31,3.40,4.89,4.80,3.48,BI,anti,A,4.46,4.59,2.87,3.82,3.06,3.80,3.77,4.37,0.09,5.78,0.71,5.61,0.36,41.46,0.20,C3'-endo
31,31,0.36,G,G,G,0,0,1,0,0,(,41,1,cWW,cW-W,2.98,3.63,2.75,1.40,4.42,4.60,6.10,3.00,..,anti,A,4.86,4.85,2.90,3.67,3.14,3.72,3.99,4.00,0.19,5.73,0.69,5.68,0.26,39.66,0.06,C3'-endo
32,32,0.38,A,A,A,1,0,0,0,0,.,40,1,cWW,cW-W,5.31,2.76,0.97,1.33,4.02,4.94,5.36,3.47,BI,anti,.,4.40,4.76,2.91,3.92,3.11,4.00,3.58,4.82,0.01,5.86,0.66,5.61,0.42,39.71,0.32,C3'-endo
33,33,0.39,C,C,C,0,1,0,0,0,.,39,1,cWW,cW-W,5.31,2.76,1.18,1.34,4.36,5.54,5.11,4.01,..,anti,.,2.47,4.80,3.17,4.43,3.47,4.32,4.46,4.58,0.06,5.81,0.68,5.61,0.39,40.44,0.25,C3'-endo
34,34,0.40,U,U,U,0,0,0,1,0,.,,0,,,4.36,1.98,2.98,1.38,4.05,5.07,5.26,4.12,BI,anti,.,2.38,4.68,3.52,3.72,3.72,3.25,4.19,2.44,6.22,5.92,0.62,5.61,0.46,38.88,0.41,C3'-endo
35,35,0.41,G,G,G,0,0,1,0,0,.,,0,,,1.95,2.72,1.21,1.50,4.55,4.30,0.26,2.93,..,anti,A,4.64,4.65,5.98,3.78,0.29,3.82,0.41,4.01,0.08,5.86,0.58,5.73,0.30,33.98,0.20,C3'-endo
36,36,0.42,U,U,U,0,0,0,1,0,.,,0,,,5.37,2.31,0.95,1.29,3.97,4.78,5.48,3.38,BI,anti,.,4.52,4.73,2.72,3.84,2.98,3.86,3.44,4.72,0.01,5.84,0.69,5.59,0.43,41.22,0.31,C3'-endo
37,37,0.44,A,A,A,1,0,0,0,0,.,,0,,,5.48,2.89,0.73,1.48,3.90,5.61,4.57,3.42,BI,anti,.,4.56,4.78,2.96,4.37,3.20,4.30,4.33,4.42,0.20,5.75,0.65,5.73,0.23,37.38,0.03,C3'-endo
38,38,0.45,A,A,A,1,0,0,0,0,.,,0,,,4.26,2.29,2.55,1.46,3.71,5.24,4.76,3.23,BI,anti,.,4.51,4.53,3.28,3.38,3.62,3.51,4.20,4.56,6.26,5.94,0.55,5.71,0.38,33.69,0.36,C3'-endo
39,39,0.46,A,A,A,1,0,0,0,0,.,33,1,cWW,cW-W,4.94,3.15,0.91,1.37,3.84,5.02,5.10,3.56,BI,anti,A,4.29,4.74,2.73,3.84,3.08,3.89,4.41,4.53,0.09,5.79,0.69,5.63,0.36,40.28,0.20,C3'-endo
40,40,0.47,PSU,P,U,0,0,0,0,1,.,32,1,cWW,cW-W,5.22,2.89,0.95,1.34,3.96,4.73,5.51,3.48,BI,anti,A,4.43,4.78,2.85,3.76,3.13,3.80,4.06,4.27,0.16,5.71,0.75,5.61,0.32,43.04,0.11,C3'-endo
41,41,0.48,C,C,C,0,1,0,0,0,),31,1,cWW,cW-W,5.74,2.79,0.66,1.37,3.88,4.54,5.62,3.44,BI,anti,A,4.47,4.70,3.06,3.57,3.24,3.63,3.90,3.90,0.03,5.86,0.64,5.64,0.39,38.34,0.29,C3'-endo
42,42,0.49,U,U,U,0,0,0,1,0,),30,1,cWW,cW-W,5.79,2.67,0.54,1.35,3.54,5.15,4.68,3.32,BI,anti,A,4.52,4.55,2.93,3.77,3.08,3.75,3.52,4.34,6.27,5.87,0.66,5.60,0.44,40.09,0.34,C3'-endo
43,43,0.51,G,G,G,0,0,1,0,0,),29,1,cWW,cW-W,4.24,2.99,1.81,1.41,4.27,4.49,6.06,2.99,..,anti,A,4.80,4.80,2.96,3.63,3.15,3.70,4.00,4.18,0.08,5.83,0.64,5.67,0.33,37.31,0.20,C3'-endo
44,44,0.52,C,C,C,0,1,0,0,0,),28,1,cWW,cW-W,5.51,2.72,0.71,1.43,3.97,4.93,5.33,3.52,BI,anti,A,4.33,4.75,2.93,3.99,3.10,4.04,3.75,4.57,0.10,5.82,0.63,5.70,0.30,36.39,0.17,C3'-endo
45,45,0.53,C,C,C,0,1,0,0,0,.,27,1,cWW,cW-W,5.47,2.76,0.89,1.32,3.40,4.19,5.49,3.40,BI,anti,.,4.55,4.60,2.87,2.42,3.26,1.95,4.20,5.49,0.05,5.81,0.69,5.60,0.40,41.20,0.26,C3'-endo
46,46,0.54,G,G,G,0,0,1,0,0,.,53,1,cWW,cW-W,3.53,2.17,5.95,1.49,3.65,5.30,4.63,3.47,BI,anti,A,4.54,4.71,6.21,3.97,6.19,3.96,2.54,4.15,0.17,5.77,0.64,5.73,0.24,36.50,0.06,C3'-endo
47,47,0.55,U,U,U,0,0,0,1,0,(,53,1,cWW,cW-W,4.02,2.69,2.17,1.42,3.90,5.11,5.07,3.37,BI,anti,A,4.58,4.73,2.89,3.66,3.19,3.57,3.65,3.98,0.09,5.82,0.64,5.68,0.32,37.20,0.18,C3'-endo
48,48,0.56,C,C,C,0,1,0,0,0,(,52,1,cWW,cW-W,4.65,2.75,1.54,1.36,4.02,5.47,4.84,3.39,BI,anti,.,4.52,4.69,2.81,4.29,3.10,4.33,3.80,5.23,6.25,5.91,0.62,5.63,0.44,37.98,0.38,C3'-endo
49,49,0.58,A,A,A,1,0,0,0,0,.,,0,,,4.81,2.72,1.32,1.38,3.50,4.35,5.43,3.22,BI,anti,.,4.65,4.64,2.54,3.40,3.28,2.60,4.82,1.80,0.09,5.79,0.69,5.63,0.35,40.13,0.19,C3'-endo
50,50,0.59,U,U,U,0,0,0,1,0,.,,0,,,1.26,3.37,2.81,1.36,3.33,4.85,4.76,3.54,BI,anti,.,4.32,4.45,1.10,3.46,1.04,3.13,0.62,2.34,6.25,5.91,0.62,5.63,0.44,38.15,0.38,C3'-endo
51,51,0.60,C,C,C,0,1,0,0,0,.,,0,,,2.21,3.41,3.55,1.36,3.37,0.98,2.39,3.72,..,anti,.,4.02,4.36,2.95,4.63,2.92,5.03,2.30,5.77,6.18,5.99,0.56,5.65,0.47,36.34,0.49,C3'-endo
52,52,0.61,G,G,G,0,0,1,0,0,),48,1,cWW,cW-W,4.05,1.99,1.92,1.53,3.45,5.17,4.56,3.77,BI,anti,.,4.02,4.58,2.50,3.64,3.82,3.37,5.02,3.70,0.17,5.78,0.63,5.74,0.24,36.20,0.05,C3'-endo
53,53,0.62,A,A,A,1,0,0,0,0,),"46,47",2,"cWW,cWW","cW-W,cW-W",4.90,2.79,1.40,1.42,3.71,5.22,4.77,3.35,BI,anti,.,4.66,4.73,2.96,3.98,3.33,3.92,4.11,4.33,0.17,5.74,0.69,5.67,0.28,39.68,0.08,C3'-endo
54,54,0.64,C,C,C,0,1,0,0,0,.,21,1,tWW,tW+W,5.14,3.17,1.02,1.27,3.63,5.92,3.99,3.21,..,anti,.,4.66,4.64,2.96,4.22,3.29,3.60,4.19,2.91,0.12,5.73,0.76,5.58,0.36,43.95,0.17,C3'-endo
55,55,0.65,U,U,U,0,0,0,1,0,.,,0,,,3.33,1.33,3.06,1.29,3.94,5.93,4.29,0.67,..,syn,.,-3.70,4.58,2.38,3.63,2.28,3.98,1.91,4.01,6.16,5.97,0.61,5.59,0.51,39.77,0.49,C3'-endo
56,56,0.66,U,U,U,0,0,0,1,0,.,22,1,tWH,tW-M,3.59,2.82,2.92,1.43,3.69,4.81,5.17,3.29,BI,anti,.,4.60,4.63,3.30,3.17,3.88,3.59,4.30,3.49,0.05,5.86,0.61,5.68,0.35,36.21,0.24,C3'-endo
57,57,0.67,C,C,C,0,1,0,0,0,.,15,1,tWW,tW+W,4.24,4.03,1.40,2.64,5.47,5.71,6.04,4.51,..,anti,.,0.07,0.44,3.30,1.24,3.73,0.00,3.48,4.76,5.89,0.66,5.62,0.45,6.25,39.25,2.86,C2'-endo
58,58,0.68,G,G,G,0,0,1,0,0,(,74,1,cWW,cW-W,2.50,2.34,0.91,1.39,4.05,4.74,5.59,3.38,..,anti,.,4.24,4.42,5.68,3.88,0.13,3.85,1.92,4.34,6.16,6.02,0.54,5.66,0.47,35.49,0.53,C3'-endo
59,59,0.69,A,A,A,1,0,0,0,0,(,73,1,cWW,cW-W,5.38,2.69,0.84,1.40,3.98,4.73,5.54,3.47,BI,anti,A,4.21,4.48,2.88,3.66,3.13,3.60,3.87,3.88,6.17,6.00,0.54,5.66,0.46,35.42,0.50,C3'-endo
60,60,0.71,A,A,A,1,0,0,0,0,(,72,1,cWW,cW-W,4.96,2.66,1.05,1.31,3.67,5.01,4.95,3.41,BI,anti,A,4.56,4.68,2.57,3.70,2.78,3.67,3.33,4.12,0.01,5.85,0.68,5.60,0.43,40.66,0.31,C3'-endo
61,61,0.72,G,G,G,0,0,1,0,0,(,71,1,cWW,cW-W,5.23,2.91,1.04,1.38,3.75,5.03,5.00,3.28,BI,anti,.,4.61,4.64,3.00,3.82,3.24,3.87,3.98,4.52,6.28,5.89,0.63,5.64,0.41,38.04,0.33,C3'-endo
62,62,0.73,G,G,G,0,0,1,0,0,(,70,1,cWW,cW-W,5.26,2.79,1.18,1.41,3.60,4.97,4.91,3.27,BI,anti,A,4.62,4.62,3.04,3.66,3.43,3.64,4.45,3.95,0.04,5.86,0.62,5.67,0.37,36.88,0.27,C3'-endo
63,63,0.74,U,U,U,0,0,0,1,0,.,67,1,tWH,tW-M,5.04,3.36,0.82,1.42,3.85,5.17,4.96,3.34,BI,anti,A,4.62,4.72,3.00,3.99,3.07,4.05,3.55,4.72,0.08,5.83,0.63,5.68,0.33,37.04,0.20,C3'-endo
64,64,0.75,U,U,U,0,0,0,1,0,.,"17,67",2,"tSW,tWH","tm+W,tW-M",5.21,2.96,0.84,1.26,3.98,5.16,5.10,3.59,BI,anti,.,4.17,4.78,2.77,4.37,3.08,3.63,4.05,2.58,0.02,5.82,0.71,5.56,0.44,42.66,0.30,C3'-endo
65,65,0.76,C,C,C,0,1,0,0,0,],18,1,cWW,cW-W,2.76,2.76,1.01,1.45,3.98,5.05,5.21,3.21,BI,anti,.,4.68,4.72,0.23,4.09,0.73,4.14,0.37,4.74,0.09,5.84,0.62,5.70,0.32,36.11,0.19,C3'-endo
66,66,0.78,G,G,G,0,0,1,0,0,.,,0,,,5.36,3.10,0.80,1.52,5.17,3.34,1.83,3.33,BII,anti,.,4.01,4.56,3.46,3.80,3.71,4.26,4.48,4.54,0.13,5.81,0.61,5.73,0.27,35.26,0.12,C3'-endo
67,67,0.79,A,A,A,1,0,0,0,0,.,"63,64",2,"tHW,tHW","tM-W,tM-W",6.03,1.98,0.96,2.54,5.86,3.38,2.47,4.47,..,anti,.,-0.02,0.94,3.75,4.92,4.47,3.26,4.30,2.55,5.80,0.71,5.63,0.39,0.05,40.40,2.74,C2'-endo
68,68,0.80,A,A,A,1,0,0,0,0,.,,0,,,6.23,3.56,1.25,1.54,4.58,4.56,0.02,3.19,..,anti,.,4.35,4.50,5.48,4.30,0.10,4.54,0.86,4.99,0.03,5.92,0.54,5.74,0.32,32.34,0.27,C3'-endo
69,69,0.81,U,U,U,0,0,0,1,0,.,,0,,,5.50,2.83,1.41,2.63,4.28,5.41,5.16,3.39,..,anti,.,0.84,1.15,3.62,5.58,4.29,4.92,4.69,5.30,5.95,0.62,5.64,0.47,6.20,37.75,2.94,C2'-endo
70,70,0.82,C,C,C,0,1,0,0,0,),62,1,cWW,cW-W,4.62,3.09,0.55,1.36,3.35,4.84,4.80,3.53,BI,anti,.,4.29,4.37,1.84,3.19,2.66,3.29,3.55,3.67,6.17,5.99,0.57,5.63,0.49,37.29,0.50,C3'-endo
71,71,0.84,C,C,C,0,1,0,0,0,),61,1,cWW,cW-W,5.07,3.16,1.01,1.42,3.78,4.83,5.23,3.44,BI,anti,.,4.49,4.67,3.10,3.65,3.13,3.72,3.50,4.15,0.06,5.85,0.62,5.69,0.34,36.34,0.23,C3'-endo
72,72,0.85,U,U,U,0,0,0,1,0,),60,1,cWW,cW-W,5.29,3.00,0.82,1.38,4.04,4.83,5.49,3.33,BI,anti,A,4.66,4.82,2.99,3.86,3.14,3.97,3.73,4.67,0.14,5.75,0.71,5.64,0.32,41.00,0.13,C3'-endo
73,73,0.86,U,U,U,0,0,0,1,0,),59,1,cWW,cW-W,5.29,2.76,1.12,1.49,3.77,4.83,5.22,3.38,BI,anti,.,4.48,4.59,3.01,3.81,3.34,3.80,4.30,4.31,0.05,5.88,0.58,5.72,0.32,33.98,0.24,C3'-endo
74,74,0.87,C,C,C,0,1,0,0,0,),58,1,cWW,cW-W,5.42,2.84,0.84,1.42,3.88,5.12,5.04,3.48,BI,anti,A,4.44,4.73,3.01,4.03,3.27,4.02,4.06,4.46,0.10,5.80,0.66,5.67,0.32,38.16,0.17,C3'-endo
75,75,0.88,C,C,C,0,1,0,0,0,),"6,7",2,"cWW,cWW","cW-W,cW-W",5.10,3.11,0.87,1.29,3.54,4.81,5.02,3.51,BI,anti,.,4.45,4.64,2.72,3.27,3.02,3.25,3.84,3.25,0.04,5.80,0.72,5.56,0.43,43.00,0.28,C3'-endo
76,76,0.89,C,C,C,0,1,0,0,0,),6,1,cWW,cW-W,4.96,2.63,1.36,1.40,3.77,4.90,5.15,3.47,BI,anti,A,4.47,4.72,2.86,3.73,3.01,3.66,3.20,4.01,0.12,5.78,0.69,5.65,0.33,39.91,0.16,C3'-endo
77,77,0.91,C,C,C,0,1,0,0,0,),5,1,cWW,cW-W,5.12,3.03,0.95,1.40,3.75,4.88,5.15,3.38,BI,anti,A,4.63,4.72,2.90,3.74,3.09,3.77,3.73,4.31,0.09,5.81,0.66,5.66,0.34,38.42,0.20,C3'-endo
78,78,0.92,C,C,C,0,1,0,0,0,),4,1,cWW,cW-W,5.52,2.91,0.66,1.31,3.87,4.90,5.25,3.25,BI,anti,A,4.75,4.79,2.93,3.75,3.12,3.82,3.95,4.23,0.13,5.74,0.73,5.61,0.35,42.36,0.16,C3'-endo
79,79,0.93,A,A,A,1,0,0,0,0,),3,1,cWW,cW-W,5.48,2.84,0.88,1.31,4.10,4.50,5.88,3.19,..,anti,A,4.79,4.85,3.07,3.63,3.26,3.75,3.90,4.29,0.08,5.78,0.71,5.60,0.38,41.53,0.21,C3'-endo
80,80,0.94,C,C,C,0,1,0,0,0,),2,1,cWW,cW-W,5.70,2.43,0.92,1.39,3.83,4.65,5.46,3.39,BI,anti,A,4.50,4.64,3.04,3.71,3.30,3.66,4.05,3.95,6.25,5.92,0.59,5.65,0.42,36.55,0.37,C3'-endo
81,81,0.95,C,C,C,0,1,0,0,0,),1,1,cWW,cW-W,5.63,2.60,0.84,1.30,4.23,5.09,5.42,3.50,..,anti,A,4.18,4.73,3.10,3.88,3.25,3.77,3.76,3.87,6.25,5.89,0.65,5.60,0.45,39.62,0.37,C3'-endo
82,82,0.96,A,A,A,1,0,0,0,0,.,,0,,,4.61,1.88,2.26,1.41,4.20,4.80,5.68,3.16,..,anti,A,4.68,4.70,3.02,3.45,3.19,3.53,3.56,4.39,0.02,5.87,0.63,5.65,0.39,37.86,0.29,C3'-endo
83,83,0.98,C,C,C,0,1,0,0,0,.,,0,,,5.32,2.80,0.89,1.41,3.75,4.90,5.13,3.47,BI,anti,A,4.38,4.61,2.79,3.71,3.12,3.71,4.24,4.14,0.04,5.85,0.64,5.65,0.37,37.73,0.26,C3'-endo
84,84,0.99,C,C,C,0,1,0,0,0,.,,0,,,4.91,2.71,1.40,1.44,4.57,2.09,2.48,3.40,..,anti,.,4.25,4.72,3.13,2.01,3.30,2.09,3.91,2.25,0.05,5.87,0.60,5.70,0.34,35.19,0.25,C3'-endo
85,85,1.00,A,A,A,1,0,0,0,0,.,0,1,cSW,cm-W,0.09,2.07,5.48,1.44,,,,3.55,..,anti,-,,,,,,,,,0.23,5.68,0.73,5.66,0.25,41.96,0.02,C3'-endo
