index_chain,old_nt_resnum,nt_position,nt_name,nt_code,nt_align_code,is_A,is_C,is_G,is_U,is_other,dbn,paired,nb_interact,pair_type_LW,pair_type_DSSR,alpha,beta,gamma,delta,epsilon,zeta,epsilon_zeta,chi,bb_type,glyco_bond,form,ssZp,Dp,eta,theta,eta_prime,theta_prime,eta_base,theta_base,v0,v1,v2,v3,v4,amplitude,phase_angle,puckering
1,1M,0.01,A,A,A,1,0,0,0,0,.,,0,,,,,3.21,1.44,4.39,4.38,0.00,3.22,..,anti,.,4.47,4.57,,,,,,,6.24,5.95,0.56,5.69,0.40,34.47,0.39,C3'-endo
2,0,0.02,A,A,A,1,0,0,0,0,.,,0,,,3.46,4.30,1.22,1.35,3.62,4.78,5.13,3.35,BI,anti,A,4.56,4.61,1.68,3.64,2.20,3.69,2.85,4.16,6.27,5.89,0.64,5.62,0.43,38.69,0.35,C3'-endo
3,1,0.02,U,U,U,0,0,0,1,0,(,122,1,cWW,cW-W,5.44,2.70,1.04,1.39,4.31,4.57,6.02,3.25,..,anti,A,4.64,4.78,3.22,3.89,3.37,3.94,4.01,4.69,0.09,5.81,0.67,5.65,0.35,38.92,0.20,C3'-endo
4,2,0.03,C,C,C,0,1,0,0,0,(,121,1,cWW,cW-W,5.48,2.34,1.03,1.40,3.75,4.82,5.22,3.41,BI,anti,A,4.50,4.60,2.77,3.72,3.16,3.66,4.26,3.99,6.27,5.90,0.61,5.65,0.41,36.93,0.35,C3'-endo
5,3,0.04,C,C,C,0,1,0,0,0,(,120,1,cWW,cW-W,5.01,3.20,0.87,1.42,3.77,4.73,5.32,3.30,BI,anti,A,4.63,4.68,2.90,3.55,2.98,3.57,3.54,3.66,0.06,5.85,0.63,5.67,0.35,37.27,0.24,C3'-endo
6,4,0.05,C,C,C,0,1,0,0,0,(,119,1,cWW,cW-W,5.26,2.72,1.02,1.36,3.91,4.86,5.33,3.33,BI,anti,A,4.58,4.70,2.93,3.78,3.07,3.82,3.35,4.34,0.05,5.84,0.65,5.64,0.38,38.74,0.26,C3'-endo
7,5,0.06,C,C,C,0,1,0,0,0,(,118,1,cWW,cW-W,5.27,2.66,1.22,1.39,3.72,5.07,4.93,3.28,BI,anti,A,4.29,4.47,2.95,3.89,3.31,3.79,4.15,4.14,6.21,5.94,0.60,5.62,0.46,37.94,0.43,C3'-endo
8,6,0.07,C,C,C,0,1,0,0,0,(,117,1,cWW,cW-W,4.97,3.27,0.93,1.31,3.35,4.47,5.16,3.51,BI,anti,A,4.39,4.49,2.77,3.66,2.99,3.68,3.70,4.26,6.21,5.93,0.62,5.61,0.47,39.21,0.43,C3'-endo
9,7,0.07,G,G,G,0,0,1,0,0,(,116,1,cWW,cW-W,2.79,4.24,2.80,1.19,4.74,4.28,0.45,3.12,..,anti,.,4.55,4.74,3.03,4.15,3.21,3.97,3.97,4.38,6.27,5.83,0.73,5.52,0.48,44.41,0.34,C3'-endo
10,8,0.08,U,U,U,0,0,0,1,0,(,115,1,cWW,cW-W,1.54,4.33,3.90,1.47,4.28,4.91,5.65,3.13,..,anti,A,4.84,4.88,3.03,3.29,3.23,3.36,4.05,3.68,0.18,5.75,0.66,5.71,0.25,37.63,0.05,C3'-endo
11,9,0.09,G,G,G,0,0,1,0,0,(,114,1,cWW,cW-W,4.80,2.81,1.21,1.28,3.62,5.03,4.88,3.29,BI,anti,A,4.76,4.75,2.54,3.60,2.85,3.60,3.41,4.11,0.01,5.83,0.70,5.57,0.44,42.02,0.31,C3'-endo
12,10,0.10,C,C,C,0,1,0,0,0,(,113,1,cWW,cW-W,5.13,2.99,1.14,1.41,3.83,5.00,5.11,3.40,BI,anti,.,4.58,4.72,3.10,3.88,3.32,3.88,4.06,4.38,0.04,5.85,0.64,5.65,0.37,37.91,0.26,C3'-endo
13,11,0.11,C,C,C,0,1,0,0,0,(,112,1,cWW,cW-W,5.37,3.05,0.75,1.41,3.64,5.20,4.72,3.14,BI,anti,.,4.47,4.46,2.96,4.53,3.21,4.68,3.99,5.56,6.22,5.97,0.56,5.67,0.43,35.24,0.43,C3'-endo
14,12,0.11,C,C,C,0,1,0,0,0,.,,0,,,3.10,3.91,2.66,2.49,4.77,2.39,2.37,3.38,BII,anti,.,0.71,0.76,3.55,2.57,4.16,2.60,5.24,3.06,5.85,0.62,5.72,0.33,0.06,35.31,2.72,C2'-endo
15,13,0.12,A,A,A,1,0,0,0,0,.,71,1,tWS,tW+m,0.29,2.56,0.33,1.40,4.03,4.02,0.01,3.37,..,anti,.,4.45,4.62,4.51,3.22,4.28,2.68,4.14,3.48,6.21,5.96,0.58,5.64,0.45,36.85,0.44,C3'-endo
16,14,0.13,U,U,U,0,0,0,1,0,.,109,1,tWS,tW+m,0.75,4.15,1.06,2.55,5.03,4.98,0.05,5.57,..,...,.,0.29,0.21,6.24,5.76,0.10,5.03,5.20,5.57,5.86,0.67,5.63,0.42,0.00,39.26,2.81,C2'-endo
17,15,0.14,A,A,A,1,0,0,0,0,.,,0,,,3.89,2.24,2.28,1.59,3.36,1.19,2.16,5.41,..,anti,.,-0.99,3.48,2.41,5.46,3.28,5.50,3.35,5.91,5.93,0.04,0.26,5.81,0.52,29.99,1.05,C4'-exo
18,16,0.15,G,G,G,0,0,1,0,0,(,70,1,cWW,cW-W,4.78,3.12,0.29,1.37,3.50,4.96,4.82,3.32,BI,anti,A,4.58,4.57,2.47,3.39,3.19,3.52,3.70,4.02,6.26,5.90,0.63,5.62,0.43,38.38,0.36,C3'-endo
19,17,0.16,C,C,C,0,1,0,0,0,(,"69,111",2,"cWW,cHW","cW-W,cM+W",5.20,3.11,0.94,1.41,3.99,5.02,5.26,3.33,BI,anti,.,4.60,4.75,3.12,4.02,3.21,4.14,3.73,4.99,0.04,5.85,0.64,5.65,0.38,38.05,0.27,C3'-endo
20,18,0.16,G,G,G,0,0,1,0,0,(,67,1,cWW,cW-W,5.36,2.65,1.03,1.42,3.63,5.08,4.83,3.41,BI,anti,A,4.54,4.66,2.82,3.83,3.34,3.78,4.63,4.22,0.15,5.77,0.66,5.69,0.28,37.97,0.10,C3'-endo
21,19,0.17,G,G,G,0,0,1,0,0,(,66,1,cWW,cW-W,5.08,3.39,0.81,1.37,3.83,4.98,5.13,3.57,BI,anti,A,4.30,4.78,2.97,3.75,3.09,3.83,3.79,4.19,0.14,5.75,0.70,5.64,0.32,40.56,0.13,C3'-endo
22,20,0.18,C,C,C,0,1,0,0,0,(,65,1,cWW,cW-W,5.27,2.75,1.14,1.28,3.81,4.96,5.12,3.50,BI,anti,A,4.42,4.75,2.94,3.74,3.23,3.71,3.86,4.07,0.06,5.78,0.73,5.57,0.41,42.98,0.24,C3'-endo
23,21,0.19,G,G,G,0,0,1,0,0,(,64,1,cWW,cW-W,5.41,2.91,0.91,1.31,3.75,4.49,5.54,3.45,BI,anti,A,4.50,4.68,3.01,3.84,3.23,3.75,3.86,4.18,6.27,5.87,0.66,5.60,0.44,40.29,0.34,C3'-endo
24,22,0.20,U,U,U,0,0,0,1,0,.,63,1,cWW,cW-W,2.10,4.03,3.40,1.40,4.51,4.43,0.07,3.04,..,anti,A,4.83,4.85,2.98,3.37,3.18,3.51,3.95,3.91,0.25,5.68,0.73,5.68,0.22,41.66,6.27,C2'-exo
25,23,0.20,G,G,G,0,0,1,0,0,(,62,1,cWW,cW-W,5.48,2.73,0.83,1.45,3.98,4.48,5.79,3.74,..,anti,.,3.81,4.69,2.98,3.50,3.15,3.75,3.60,3.07,0.07,5.85,0.62,5.68,0.33,36.40,0.22,C3'-endo
26,24,0.21,G,G,G,0,0,1,0,0,.,29,1,tSW,tm+W,5.06,3.24,0.97,2.60,4.07,1.96,2.11,4.92,..,anti,.,0.66,1.74,3.17,1.95,3.39,1.35,2.74,1.31,6.06,0.49,5.73,0.44,6.14,31.78,3.07,C2'-endo
27,25,0.22,A,A,A,1,0,0,0,0,.,,0,,,4.93,2.96,5.57,1.59,3.54,4.94,4.88,3.33,BI,anti,.,4.38,4.46,1.84,3.98,1.78,4.12,2.02,5.09,0.11,5.89,0.51,5.82,0.23,29.56,0.12,C3'-endo
28,26,0.23,A,A,A,1,0,0,0,0,.,,0,,,2.65,4.01,2.88,1.41,4.44,4.47,6.26,3.31,..,anti,.,4.31,4.58,2.94,4.19,3.43,3.93,4.60,4.79,6.26,5.92,0.59,5.65,0.41,36.48,0.37,C3'-endo
29,27,0.24,C,C,C,0,1,0,0,0,.,26,1,tWS,tW+m,1.94,3.83,3.18,1.42,4.38,4.37,0.01,3.25,..,anti,.,4.61,4.83,2.25,3.84,2.69,3.95,4.02,4.62,0.27,5.67,0.70,5.72,0.18,40.44,6.22,C2'-exo
30,28,0.25,C,C,C,0,1,0,0,0,(,58,1,cWW,cW-W,0.32,2.23,0.27,1.34,3.31,5.26,4.33,3.61,BI,anti,A,4.33,4.53,2.87,3.75,3.26,3.70,4.25,4.23,6.23,5.93,0.61,5.64,0.44,37.62,0.40,C3'-endo
31,29,0.25,A,A,A,1,0,0,0,0,(,"57,60",2,"cWW,cSW","cW-W,cm-W",4.21,2.90,1.83,1.50,4.45,4.78,5.96,3.13,..,anti,A,4.76,4.80,3.05,3.80,3.23,3.68,4.03,4.09,0.13,5.81,0.61,5.73,0.27,35.26,0.11,C3'-endo
32,30,0.26,C,C,C,0,1,0,0,0,(,"56,59",2,"cWW,cSW","cW-W,cm-W",4.68,2.07,1.75,1.44,4.15,5.26,5.17,3.06,..,anti,.,4.88,4.85,2.66,4.26,2.99,4.23,3.80,4.99,0.19,5.71,0.70,5.67,0.26,40.37,0.05,C3'-endo
33,31,0.27,C,C,C,0,1,0,0,0,(,"53,55",2,"cWW,cSW","cW-W,cm-W",5.23,2.94,0.94,1.48,3.78,4.18,5.89,3.28,..,anti,.,4.70,4.71,2.82,3.89,3.40,4.00,4.80,4.31,0.16,5.78,0.64,5.72,0.26,36.55,0.09,C3'-endo
34,32,0.28,C,C,C,0,1,0,0,0,(,52,1,cWW,cW-W,0.81,1.91,0.02,1.40,3.35,5.02,4.61,3.35,BI,anti,A,4.12,4.17,3.09,4.17,3.27,4.00,3.75,4.60,6.10,6.08,0.48,5.68,0.50,34.46,0.63,C4'-exo
35,33,0.29,G,G,G,0,0,1,0,0,(,51,1,cWW,cW-W,2.71,3.43,2.95,1.41,3.97,4.96,5.29,3.10,BI,anti,A,4.63,4.66,2.73,3.50,3.01,3.72,4.01,4.15,0.03,5.88,0.61,5.67,0.36,36.24,0.28,C3'-endo
36,34,0.30,U,U,U,0,0,0,1,0,(,"38,50",2,"cSH,cWW","cm+M,cW-W",5.20,3.25,1.10,2.66,4.48,1.69,2.79,4.50,..,anti,.,1.02,0.98,3.40,2.25,3.92,1.87,4.29,1.79,5.92,0.64,5.63,0.47,6.21,38.38,2.92,C2'-endo
37,35,0.30,U,U,U,0,0,0,1,0,.,,0,,,3.11,3.97,0.84,1.40,3.61,5.22,4.68,3.57,BI,anti,A,4.23,4.57,2.21,3.82,1.96,3.92,1.95,4.54,0.02,5.86,0.64,5.64,0.39,38.22,0.29,C3'-endo
38,36,0.31,C,C,C,0,1,0,0,0,.,"36,51",2,"cHS,cWS","cM+m,cW-m",5.08,2.90,1.22,1.29,4.29,4.69,5.88,3.41,..,anti,.,4.33,4.71,3.10,3.78,3.37,3.83,4.17,4.15,6.26,5.88,0.66,5.60,0.45,40.21,0.36,C3'-endo
39,37,0.32,C,C,C,0,1,0,0,0,.,50,1,cWS,cW-m,5.27,2.96,0.79,1.34,3.93,5.35,4.87,3.53,BI,anti,.,4.33,4.72,2.82,4.17,2.97,4.27,3.44,5.06,6.26,5.89,0.63,5.62,0.43,38.67,0.35,C3'-endo
40,38,0.33,C,C,C,0,1,0,0,0,(,46,1,cWW,cW-W,5.16,2.97,0.97,1.27,3.73,4.98,5.03,3.46,BI,anti,A,4.44,4.66,2.74,3.64,3.26,3.67,4.44,4.16,6.26,5.86,0.68,5.57,0.46,41.67,0.35,C3'-endo
41,39,0.34,A,A,A,1,0,0,0,0,.,48,1,cSW,cm-W,5.23,2.98,1.02,1.37,3.49,4.49,5.28,3.27,BI,anti,.,4.49,4.54,2.97,3.20,3.20,3.27,3.92,3.43,0.02,5.87,0.63,5.65,0.39,37.58,0.30,C3'-endo
42,40,0.34,U,U,U,0,0,0,1,0,.,47,1,tSH,tm-M,5.65,2.58,1.22,1.53,3.42,0.15,3.27,4.04,..,anti,.,3.10,4.23,3.42,5.80,3.64,5.22,3.75,4.39,6.21,6.01,0.50,5.73,0.40,31.75,0.45,C3'-endo
43,41,0.35,U,U,U,0,0,0,1,0,.,,0,,,3.14,4.50,3.91,1.40,3.42,1.67,1.75,4.68,..,anti,.,0.77,4.41,5.37,5.41,5.89,5.32,0.33,5.41,6.20,5.95,0.60,5.62,0.47,38.12,0.44,C3'-endo
44,42,0.36,C,C,C,0,1,0,0,0,.,,0,,,5.35,3.28,4.80,1.45,3.41,5.13,4.56,3.78,BI,anti,A,3.96,4.59,1.58,3.41,2.17,3.54,2.89,4.28,0.15,5.76,0.68,5.68,0.29,38.95,0.11,C3'-endo
45,43,0.37,C,C,C,0,1,0,0,0,.,,0,,,2.91,3.46,2.89,1.45,4.67,4.40,0.27,3.47,..,anti,.,3.96,4.71,3.04,4.29,3.30,4.20,4.11,4.54,0.14,5.80,0.64,5.70,0.28,36.72,0.12,C3'-endo
46,44,0.38,G,G,G,0,0,1,0,0,),"40,49",2,"cWW,tSW","cW-W,tm+W",0.86,2.44,1.47,1.60,4.69,2.96,1.74,4.38,BII,anti,.,0.67,3.78,4.94,2.21,5.35,1.55,5.17,1.23,6.09,6.14,0.40,5.76,0.45,30.01,0.69,C4'-exo
47,45,0.39,A,A,A,1,0,0,0,0,.,42,1,tHS,tM-m,5.96,3.85,3.02,1.59,4.47,5.00,5.76,2.63,..,anti,.,4.57,4.79,1.28,4.18,1.34,4.25,1.82,5.02,0.25,5.76,0.59,5.82,0.14,33.97,6.19,C2'-exo
48,46,0.39,A,A,A,1,0,0,0,0,.,41,1,cWS,cW-m,5.60,2.92,0.60,1.48,3.56,5.33,4.51,3.56,BI,anti,.,4.12,4.36,2.78,4.14,3.31,4.08,4.55,4.79,6.24,5.98,0.51,5.73,0.38,31.89,0.40,C3'-endo
49,47,0.40,C,C,C,0,1,0,0,0,.,46,1,tWS,tW+m,3.90,3.08,1.91,1.47,4.06,5.12,5.22,3.17,BI,anti,.,4.51,4.47,2.70,4.10,3.10,4.05,4.14,4.63,6.14,6.07,0.48,5.71,0.45,32.55,0.58,C3'-endo
50,48,0.41,A,A,A,1,0,0,0,0,),"36,39",2,"cWW,cSW","cW-W,cm-W",5.29,2.99,0.81,1.25,3.65,4.90,5.04,3.42,BI,anti,A,4.34,4.48,2.69,3.44,3.10,3.51,4.10,4.17,6.20,5.90,0.68,5.54,0.52,42.85,0.43,C3'-endo
51,49,0.42,C,C,C,0,1,0,0,0,),"35,38",2,"cWW,cSW","cW-W,cm-W",5.06,2.94,1.24,1.34,3.89,4.61,5.56,3.72,BI,anti,A,3.89,4.72,3.01,3.55,3.17,3.56,3.94,3.97,0.07,5.81,0.68,5.63,0.37,39.75,0.22,C3'-endo
52,50,0.43,G,G,G,0,0,1,0,0,),34,1,cWW,cW-W,5.55,2.71,0.74,1.43,3.60,5.05,4.84,3.60,BI,anti,.,4.30,4.67,2.87,4.34,3.06,4.16,3.68,4.26,0.16,5.77,0.66,5.70,0.27,37.89,0.09,C3'-endo
53,51,0.43,G,G,G,0,0,1,0,0,),33,1,cWW,cW-W,2.54,3.55,3.48,1.48,4.02,4.84,5.46,3.17,..,anti,.,4.63,4.61,3.22,3.27,3.47,3.56,3.98,4.52,6.28,5.92,0.57,5.69,0.38,34.48,0.34,C3'-endo
54,52,0.44,A,A,A,1,0,0,0,0,.,55,1,cSH,cm+M,5.22,2.67,1.42,1.84,4.02,3.58,0.44,3.94,..,anti,.,2.63,3.39,3.33,2.76,3.77,2.45,4.75,2.21,6.07,0.03,0.14,6.02,0.30,16.89,1.08,C4'-exo
55,53,0.45,A,A,A,1,0,0,0,0,.,"33,54",2,"cWS,cHS","cW-m,cM+m",5.07,2.81,6.00,1.51,3.46,5.31,4.43,3.37,BI,anti,.,4.67,4.69,2.08,3.70,1.91,3.86,2.07,4.34,0.30,5.64,0.72,5.72,0.17,41.19,6.19,C2'-exo
56,54,0.46,G,G,G,0,0,1,0,0,),32,1,cWW,cW-W,4.91,2.93,1.44,1.53,3.59,5.15,4.72,3.13,BI,anti,A,4.64,4.62,3.11,3.92,3.57,3.83,4.36,4.15,0.18,5.79,0.60,5.77,0.21,34.55,0.03,C3'-endo
57,55,0.47,U,U,U,0,0,0,1,0,),31,1,cWW,cW-W,4.79,3.40,1.02,1.38,3.64,4.96,4.96,3.17,BI,anti,.,4.73,4.71,2.90,3.64,3.12,3.72,3.81,3.61,0.12,5.78,0.68,5.66,0.32,39.38,0.16,C3'-endo
58,56,0.48,G,G,G,0,0,1,0,0,),"30,60,61",3,"cWW,cSH,tSW","cW-W,cm+M,tm+W",5.46,2.82,1.33,2.21,4.72,1.40,3.32,3.93,..,anti,.,0.90,1.19,3.95,1.51,4.13,1.42,3.97,1.51,5.83,0.58,5.81,0.22,0.15,32.43,2.56,C2'-endo
59,57,0.48,A,A,A,1,0,0,0,0,.,32,1,cWS,cW-m,3.13,4.03,0.77,1.47,3.58,5.29,4.57,3.44,BI,anti,.,4.54,4.69,2.17,3.91,2.04,4.06,2.26,4.76,0.19,5.75,0.66,5.71,0.24,37.75,0.05,C3'-endo
60,58,0.49,A,A,A,1,0,0,0,0,.,"31,58",2,"cWS,cHS","cW-m,cM+m",4.89,3.43,0.97,1.44,3.51,5.33,4.47,3.38,BI,anti,.,4.62,4.67,2.95,4.22,3.26,4.19,4.19,5.10,0.16,5.76,0.67,5.69,0.27,38.43,0.09,C3'-endo
61,59,0.50,A,A,A,1,0,0,0,0,.,58,1,tWS,tW+m,3.74,3.40,1.79,1.46,4.51,4.52,6.28,3.10,..,anti,A,4.87,4.89,2.75,3.97,3.14,4.02,4.45,4.78,0.22,5.71,0.69,5.71,0.22,39.45,0.00,C3'-endo
62,60,0.51,C,C,C,0,1,0,0,0,),25,1,cWW,cW-W,5.40,2.36,1.07,1.37,4.14,4.45,5.97,3.47,..,anti,A,4.32,4.77,2.88,3.74,3.20,3.72,4.31,4.07,0.08,5.82,0.67,5.65,0.35,39.03,0.21,C3'-endo
63,61,0.52,G,G,G,0,0,1,0,0,.,24,1,cWW,cW-W,5.69,2.43,0.80,1.35,3.95,4.88,5.36,3.14,BI,anti,A,4.71,4.72,2.96,3.87,3.16,3.88,3.79,4.31,0.06,5.83,0.66,5.65,0.36,38.72,0.23,C3'-endo
64,62,0.52,C,C,C,0,1,0,0,0,),23,1,cWW,cW-W,5.31,2.99,0.81,1.43,3.28,4.87,4.69,3.58,BI,anti,A,4.28,4.45,2.89,3.91,3.17,3.83,3.91,4.19,0.03,5.87,0.61,5.67,0.36,36.42,0.27,C3'-endo
65,63,0.53,G,G,G,0,0,1,0,0,),22,1,cWW,cW-W,3.03,3.78,2.65,1.47,4.34,4.44,6.19,3.16,..,anti,.,4.33,4.45,2.99,3.71,3.25,3.71,3.87,4.32,6.21,6.00,0.52,5.71,0.41,33.08,0.45,C3'-endo
66,64,0.54,C,C,C,0,1,0,0,0,),21,1,cWW,cW-W,5.61,2.24,0.89,1.29,4.05,4.53,5.81,3.47,..,anti,A,4.21,4.51,2.79,3.68,3.10,3.67,3.97,4.08,6.09,6.04,0.56,5.60,0.55,38.74,0.61,C3'-endo
67,65,0.55,C,C,C,0,1,0,0,0,),20,1,cWW,cW-W,5.51,2.51,0.98,1.37,4.06,4.99,5.35,3.37,BI,anti,.,4.12,4.38,3.03,4.01,3.22,4.16,3.82,4.80,6.17,5.98,0.57,5.64,0.48,36.91,0.49,C3'-endo
68,66,0.56,A,A,A,1,0,0,0,0,.,70,1,cSH,cm+M,5.38,3.45,1.19,2.56,4.46,2.09,2.37,4.88,..,anti,.,-0.10,1.28,3.86,2.40,4.30,2.01,4.73,1.99,6.06,0.51,5.69,0.48,6.12,34.12,3.09,C2'-endo
69,67,0.57,G,G,G,0,0,1,0,0,),"19,111",2,"cWW,tHW","cW-W,tM-W",2.83,3.68,0.97,1.43,3.65,5.17,4.77,3.43,BI,anti,A,4.59,4.74,1.93,3.85,1.73,3.92,2.02,4.36,0.16,5.76,0.67,5.69,0.27,38.33,0.09,C3'-endo
70,68,0.57,C,C,C,0,1,0,0,0,),"18,68",2,"cWW,cHS","cW-W,cM+m",5.06,3.00,1.08,1.32,3.60,5.38,4.51,3.62,BI,anti,.,4.26,4.69,2.89,4.00,3.22,4.00,3.96,4.71,0.06,5.80,0.70,5.60,0.39,41.53,0.24,C3'-endo
71,69,0.58,G,G,G,0,0,1,0,0,(,"15,110",2,"tSW,cWW","tm+W,cW-W",4.69,3.38,1.12,1.38,3.68,5.09,4.87,3.33,BI,anti,A,4.73,4.75,2.85,3.80,3.17,3.86,4.22,4.48,0.08,5.81,0.66,5.65,0.35,38.78,0.21,C3'-endo
72,70,0.59,C,C,C,0,1,0,0,0,(,109,1,cWW,cW-W,5.23,2.96,0.96,1.41,3.98,4.55,5.72,3.33,..,anti,A,4.62,4.73,3.00,3.79,3.28,3.88,4.18,4.51,0.08,5.82,0.65,5.66,0.34,37.96,0.20,C3'-endo
73,71,0.60,C,C,C,0,1,0,0,0,(,108,1,cWW,cW-W,5.94,2.52,0.60,1.39,3.63,5.47,4.45,3.10,BI,anti,.,4.48,4.58,2.95,4.27,3.24,4.26,4.17,5.03,0.05,5.84,0.65,5.65,0.36,38.28,0.24,C3'-endo
74,72,0.61,G,G,G,0,0,1,0,0,.,107,1,tSH,tm-M,4.69,3.37,1.13,1.41,3.95,3.41,0.54,3.41,..,anti,.,4.38,4.60,2.91,2.72,3.29,2.54,4.48,2.53,6.24,5.93,0.59,5.65,0.43,36.65,0.39,C3'-endo
75,73,0.61,A,A,A,1,0,0,0,0,.,106,1,tHW,tM-W,1.11,4.36,4.06,1.49,3.66,5.62,4.32,3.12,BI,anti,.,4.54,4.59,3.56,3.45,3.18,3.74,2.95,4.64,0.12,5.84,0.58,5.75,0.26,33.76,0.13,C3'-endo
76,74,0.62,U,U,U,0,0,0,1,0,.,105,1,tHW,tM-W,4.73,3.44,0.81,1.43,3.17,5.07,4.38,3.56,BI,anti,.,4.20,4.29,2.64,4.06,3.18,4.07,4.40,5.03,6.24,5.92,0.61,5.64,0.43,37.50,0.38,C3'-endo
77,75,0.63,G,G,G,0,0,1,0,0,.,104,1,c.W,c.-W,3.12,3.97,2.34,1.30,4.23,4.70,5.81,3.29,..,anti,.,4.43,4.63,2.82,3.94,3.21,3.95,4.47,4.69,6.19,5.95,0.61,5.60,0.48,38.96,0.46,C3'-endo
78,76,0.64,G,G,G,0,0,1,0,0,.,103,1,tWH,tW-M,5.77,2.68,0.61,1.25,3.41,4.72,4.98,3.65,BI,anti,A,4.16,4.58,2.81,3.80,3.17,3.70,4.28,3.94,0.07,5.78,0.74,5.57,0.41,43.53,0.24,C3'-endo
79,77,0.65,U,U,U,0,0,0,1,0,.,102,1,tWH,tW-M,2.52,3.81,3.23,1.45,4.21,4.71,5.78,3.23,..,anti,.,4.71,4.82,3.06,3.56,3.25,3.64,3.78,4.28,0.16,5.79,0.64,5.72,0.26,36.68,0.09,C3'-endo
80,78,0.66,A,A,A,1,0,0,0,0,.,101,1,tHS,tM-m,5.64,2.81,0.71,1.35,3.93,5.19,5.02,3.44,BI,anti,.,4.57,4.83,2.99,4.10,3.25,4.20,4.08,5.04,0.08,5.80,0.68,5.63,0.36,39.71,0.21,C3'-endo
81,79,0.66,C,C,C,0,1,0,0,0,(,100,1,cWW,cW-W,5.22,2.88,0.97,1.50,3.91,4.89,5.31,3.38,BI,anti,A,4.66,4.76,2.93,3.93,3.37,3.95,4.60,4.33,0.12,5.83,0.61,5.73,0.28,35.03,0.14,C3'-endo
82,80,0.67,U,U,U,0,0,0,1,0,(,99,1,cWW,cW-W,5.41,2.61,1.11,1.45,3.79,4.12,5.96,3.32,..,anti,.,4.44,4.41,3.10,3.41,3.46,3.31,4.16,3.77,6.18,6.02,0.50,5.71,0.43,32.89,0.51,C3'-endo
83,81,0.68,G,G,G,0,0,1,0,0,.,98,1,tHW,tM+W,0.42,2.78,5.76,1.31,3.41,5.81,3.88,0.38,BI,syn,.,-4.53,4.55,2.99,3.88,2.88,4.12,3.41,4.22,6.19,5.93,0.64,5.57,0.51,40.89,0.45,C3'-endo
84,82,0.69,G,G,G,0,0,1,0,0,(,97,1,cWW,cW-W,4.60,3.14,1.10,1.33,3.64,5.16,4.76,3.34,BI,anti,A,4.60,4.66,2.66,3.81,3.26,3.84,3.65,4.30,0.09,5.76,0.74,5.58,0.38,43.09,0.20,C3'-endo
85,83,0.70,G,G,G,0,0,1,0,0,(,96,1,cWW,cW-W,5.03,3.18,1.10,1.32,3.83,5.12,4.99,3.33,BI,anti,.,4.56,4.67,3.01,3.86,3.24,3.87,3.98,4.19,0.00,5.86,0.68,5.60,0.43,40.78,0.32,C3'-endo
86,84,0.70,C,C,C,0,1,0,0,0,(,95,1,cWW,cW-W,5.00,2.95,1.31,1.26,3.25,5.41,4.12,3.41,BI,anti,.,4.47,4.47,2.94,3.78,3.25,3.57,3.86,3.90,6.16,5.95,0.63,5.57,0.53,40.80,0.49,C3'-endo
87,85,0.71,G,G,G,0,0,1,0,0,(,94,1,cWW,cW-W,3.31,2.77,2.64,1.45,3.76,4.99,5.05,3.15,BI,anti,A,4.69,4.68,2.83,3.32,3.02,3.41,3.68,3.93,0.09,5.82,0.63,5.69,0.31,36.70,0.18,C3'-endo
88,86,0.72,G,G,G,0,0,1,0,0,(,93,1,cWW,cW-W,5.28,3.10,0.84,1.39,3.63,5.10,4.82,3.31,BI,anti,A,4.64,4.66,2.96,3.77,3.19,3.83,3.90,4.33,0.03,5.86,0.63,5.65,0.38,37.57,0.28,C3'-endo
89,87,0.73,G,G,G,0,0,1,0,0,.,,0,,,5.14,3.11,0.97,1.37,4.00,0.03,3.97,3.39,..,anti,.,4.51,4.73,3.00,5.22,3.22,5.16,3.97,4.43,0.09,5.80,0.68,5.64,0.34,39.53,0.19,C3'-endo
90,88,0.74,C,C,C,0,1,0,0,0,.,,0,,,4.61,3.75,2.25,1.56,6.09,3.34,2.75,3.35,..,anti,.,3.60,4.25,4.85,5.87,5.54,5.30,6.26,5.44,0.32,5.66,0.67,5.78,0.12,38.80,6.13,C2'-exo
91,89,0.75,G,G,G,0,0,1,0,0,.,,0,,,2.68,4.48,2.37,2.27,4.35,3.63,0.71,3.21,..,anti,.,1.48,1.68,1.69,4.45,2.95,3.96,3.60,4.26,5.86,0.53,5.84,0.21,0.13,30.04,2.56,C2'-endo
92,89A,0.75,A,A,A,1,0,0,0,0,.,,0,,,2.87,4.00,2.45,1.39,4.49,4.82,5.95,5.04,..,anti,.,-2.17,4.53,2.80,4.86,3.06,4.89,3.46,5.00,6.25,5.92,0.60,5.65,0.42,36.96,0.38,C3'-endo
93,90,0.76,C,C,C,0,1,0,0,0,),88,1,cWW,cW-W,2.03,4.39,3.66,1.42,3.49,5.20,4.57,3.37,BI,anti,A,4.65,4.64,3.22,3.14,3.87,3.26,4.36,3.83,0.09,5.81,0.65,5.66,0.33,38.15,0.19,C3'-endo
94,91,0.77,C,C,C,0,1,0,0,0,),87,1,cWW,cW-W,4.36,3.32,1.46,1.37,3.62,4.99,4.91,3.47,BI,anti,A,4.61,4.77,2.80,3.65,3.06,3.62,3.86,3.96,0.12,5.76,0.70,5.64,0.33,40.35,0.16,C3'-endo
95,92,0.78,G,G,G,0,0,1,0,0,),86,1,cWW,cW-W,5.15,2.93,1.14,1.33,3.91,4.66,5.53,3.12,BI,anti,A,4.86,4.83,3.06,3.57,3.25,3.63,3.88,3.82,0.10,5.78,0.70,5.62,0.36,40.74,0.19,C3'-endo
96,93,0.79,C,C,C,0,1,0,0,0,),85,1,cWW,cW-W,5.48,2.93,0.77,1.41,3.53,5.14,4.68,3.36,BI,anti,A,4.60,4.62,3.01,3.77,3.14,3.79,3.51,4.32,0.06,5.83,0.66,5.65,0.36,38.60,0.24,C3'-endo
97,94,0.80,C,C,C,0,1,0,0,0,),84,1,cWW,cW-W,5.12,3.19,0.95,1.36,4.06,4.62,5.73,3.23,..,anti,A,4.75,4.80,3.09,3.70,3.26,3.77,4.00,4.20,0.05,5.84,0.66,5.63,0.38,38.89,0.26,C3'-endo
98,95,0.80,U,U,U,0,0,0,1,0,.,83,1,tWH,tW+M,5.53,2.59,0.72,1.30,3.90,4.87,5.31,3.28,BI,anti,A,4.75,4.80,2.78,3.75,2.99,3.74,3.69,4.18,0.07,5.77,0.74,5.57,0.40,43.31,0.23,C3'-endo
99,96,0.81,G,G,G,0,0,1,0,0,),82,1,cWW,cW-W,5.13,2.82,1.08,1.28,4.00,4.57,5.72,3.21,..,anti,A,4.79,4.83,2.84,3.64,3.02,3.70,3.78,4.19,0.12,5.74,0.74,5.59,0.36,43.04,0.16,C3'-endo
100,97,0.82,G,G,G,0,0,1,0,0,),81,1,cWW,cW-W,5.78,2.60,0.81,1.39,3.52,5.45,4.35,3.30,BI,anti,.,4.56,4.55,3.06,4.13,3.29,4.17,4.01,5.06,6.27,5.89,0.63,5.63,0.42,38.20,0.35,C3'-endo
101,98,0.83,G,G,G,0,0,1,0,0,.,80,1,tSH,tm-M,4.69,3.16,1.28,1.48,3.77,4.88,5.18,3.34,BI,anti,.,4.13,4.34,2.92,3.12,3.40,2.72,4.70,2.52,6.16,6.02,0.52,5.68,0.45,34.41,0.52,C3'-endo
102,99,0.84,A,A,A,1,0,0,0,0,.,"0,79",2,"tWS,tHW","tW+m,tM-W",4.73,0.85,3.39,1.56,3.87,5.53,4.63,3.14,BI,anti,.,4.65,4.70,3.81,3.04,3.23,3.49,2.88,4.55,0.18,5.83,0.55,5.82,0.18,31.36,0.00,C3'-endo
103,100,0.84,G,G,G,0,0,1,0,0,.,78,1,tHW,tM-W,4.91,3.11,0.89,1.29,3.54,4.55,5.28,3.32,BI,anti,.,4.49,4.55,2.58,3.91,3.12,3.98,4.50,4.88,6.24,5.89,0.67,5.57,0.48,41.33,0.39,C3'-endo
104,101,0.85,A,A,A,1,0,0,0,0,.,77,1,cW.,cW-.,2.72,4.33,2.70,1.35,4.37,5.03,5.63,3.12,..,anti,.,4.46,4.63,2.86,4.20,3.28,4.08,4.48,4.79,6.26,5.91,0.61,5.64,0.42,37.48,0.36,C3'-endo
105,102,0.86,G,G,G,0,0,1,0,0,.,76,1,tWH,tW-M,5.03,2.63,1.38,1.27,4.06,4.80,5.54,3.28,..,anti,A,4.51,4.67,2.74,3.74,3.19,3.70,4.39,4.05,6.24,5.87,0.69,5.55,0.49,42.60,0.39,C3'-endo
106,103,0.87,U,U,U,0,0,0,1,0,.,75,1,tWH,tW-M,5.32,2.75,1.01,1.23,3.61,5.29,4.61,3.46,BI,anti,.,4.50,4.68,2.83,3.79,3.07,3.77,3.72,4.37,6.23,5.86,0.72,5.52,0.52,44.50,0.39,C3'-endo
107,104,0.88,A,A,A,1,0,0,0,0,.,74,1,tHS,tM-m,4.93,3.32,0.99,1.31,4.02,5.33,4.97,3.46,BI,anti,.,4.49,4.85,2.98,4.06,3.15,4.20,3.98,4.94,0.01,5.85,0.67,5.60,0.43,40.27,0.31,C3'-endo
108,105,0.89,G,G,G,0,0,1,0,0,),73,1,cWW,cW-W,4.90,2.54,1.56,1.37,3.75,4.98,5.06,3.07,BI,anti,A,4.85,4.78,2.81,3.66,3.42,3.63,4.71,4.04,0.15,5.74,0.71,5.64,0.31,40.90,0.11,C3'-endo
109,106,0.89,G,G,G,0,0,1,0,0,),"16,72",2,"tSW,cWW","tm+W,cW-W",5.20,3.20,1.00,1.44,3.76,5.26,4.78,3.35,BI,anti,A,4.66,4.76,3.16,4.03,3.33,4.06,3.98,4.48,0.18,5.75,0.66,5.71,0.25,37.97,0.06,C3'-endo
110,107,0.90,U,U,U,0,0,0,1,0,),71,1,cWW,cW-W,5.12,2.96,1.13,1.31,4.05,4.54,5.79,3.32,..,anti,.,4.50,4.68,3.04,3.38,3.39,3.61,4.14,3.47,6.24,5.89,0.66,5.58,0.47,40.91,0.39,C3'-endo
111,108,0.91,C,C,C,0,1,0,0,0,.,"19,69",2,"cWH,tWH","cW+M,tW-M",4.29,2.83,2.36,2.33,4.47,1.54,2.92,4.16,..,anti,.,1.64,1.44,4.09,0.78,3.89,0.91,3.49,1.47,5.74,0.65,5.77,0.21,0.20,36.49,2.50,C1'-exo
112,109,0.92,G,G,G,0,0,1,0,0,),13,1,cWW,cW-W,4.54,2.78,1.99,1.35,4.08,4.54,5.82,3.10,..,anti,A,4.62,4.60,3.90,3.43,4.01,3.46,3.92,3.94,6.19,5.97,0.58,5.63,0.47,37.21,0.46,C3'-endo
113,110,0.93,G,G,G,0,0,1,0,0,),12,1,cWW,cW-W,5.69,2.63,0.59,1.34,3.63,5.07,4.84,3.38,BI,anti,A,4.52,4.58,2.80,3.74,3.00,3.78,3.70,4.30,6.24,5.91,0.63,5.61,0.45,38.79,0.39,C3'-endo
114,111,0.93,U,U,U,0,0,0,1,0,),11,1,cWW,cW-W,5.09,2.90,1.20,1.35,3.40,4.96,4.72,3.18,BI,anti,.,4.55,4.55,2.93,3.44,3.27,3.38,4.14,3.39,6.28,5.87,0.64,5.62,0.42,38.97,0.32,C3'-endo
115,112,0.94,G,G,G,0,0,1,0,0,),10,1,cWW,cW-W,5.06,3.35,0.86,1.31,3.73,4.92,5.09,3.30,BI,anti,A,4.69,4.70,3.00,3.58,2.99,3.70,3.12,4.30,0.01,5.84,0.68,5.59,0.43,41.02,0.31,C3'-endo
116,113,0.95,C,C,C,0,1,0,0,0,),9,1,cWW,cW-W,5.31,2.87,1.02,1.33,3.67,5.18,4.77,3.27,BI,anti,A,4.50,4.59,2.97,3.86,3.22,3.83,4.03,4.12,6.28,5.84,0.70,5.56,0.45,42.41,0.33,C3'-endo
117,114,0.96,G,G,G,0,0,1,0,0,),8,1,cWW,cW-W,4.87,3.07,1.25,1.28,3.52,4.68,5.12,3.36,BI,anti,.,4.47,4.53,2.89,3.84,3.16,3.75,3.77,4.50,6.18,5.92,0.67,5.54,0.53,42.56,0.46,C3'-endo
118,115,0.97,G,G,G,0,0,1,0,0,),7,1,cWW,cW-W,2.55,3.76,3.17,1.45,4.38,4.54,6.12,3.18,..,anti,A,4.69,4.83,3.00,3.52,3.21,3.60,4.28,4.12,0.16,5.79,0.62,5.74,0.24,35.66,0.07,C3'-endo
119,116,0.98,G,G,G,0,0,1,0,0,),6,1,cWW,cW-W,5.45,2.59,0.78,1.30,3.94,4.76,5.46,3.39,BI,anti,A,4.52,4.77,2.72,3.75,2.97,3.79,3.74,4.28,0.17,5.70,0.76,5.60,0.32,43.83,0.10,C3'-endo
120,117,0.98,G,G,G,0,0,1,0,0,),5,1,cWW,cW-W,5.46,2.69,0.96,1.33,3.87,4.95,5.20,3.40,BI,anti,.,4.58,4.80,2.95,3.81,3.19,3.77,4.00,3.89,0.16,5.70,0.77,5.59,0.34,44.24,0.12,C3'-endo
121,118,0.99,G,G,G,0,0,1,0,0,),4,1,cWW,cW-W,5.01,2.84,1.36,1.30,3.61,5.06,4.84,3.37,BI,anti,.,4.57,4.64,2.96,4.01,3.20,3.89,3.64,4.81,6.27,5.86,0.68,5.58,0.45,41.36,0.34,C3'-endo
122,119,1.00,A,A,A,1,0,0,0,0,),3,1,cWW,cW-W,3.73,3.58,1.76,1.37,,,,3.24,n/a,anti,-,,,,,,,,,0.10,5.78,0.68,5.64,0.34,39.86,0.18,C3'-endo
