index_chain,old_nt_resnum,nt_position,nt_name,nt_code,nt_align_code,is_A,is_C,is_G,is_U,is_other,dbn,paired,nb_interact,pair_type_LW,pair_type_DSSR,alpha,beta,gamma,delta,epsilon,zeta,epsilon_zeta,chi,bb_type,glyco_bond,form,ssZp,Dp,eta,theta,eta_prime,theta_prime,eta_base,theta_base,v0,v1,v2,v3,v4,amplitude,phase_angle,puckering
1,1,0.01,G,G,G,0,0,1,0,0,(,83,1,cWW,cW-W,,3.15,0.82,1.50,3.30,5.32,4.26,3.18,BI,anti,A,4.58,4.57,,4.01,,4.06,,4.66,0.20,5.75,0.64,5.74,0.22,36.75,0.01,C3'-endo
2,2,0.02,C,C,C,0,1,0,0,0,(,82,1,cWW,cW-W,4.22,3.81,1.30,1.37,3.84,4.69,5.43,3.68,BI,anti,A,4.04,4.76,2.91,3.74,3.16,3.75,4.03,4.00,0.12,5.76,0.72,5.63,0.34,41.47,0.15,C3'-endo
3,3,0.03,C,C,C,0,1,0,0,0,(,81,1,cWW,cW-W,5.63,2.70,0.69,1.33,3.70,4.45,5.54,3.58,BI,anti,A,4.32,4.71,2.92,3.96,3.10,3.92,3.60,4.43,0.09,5.80,0.68,5.63,0.35,39.91,0.20,C3'-endo
4,4,0.05,G,G,G,0,0,1,0,0,(,80,1,cWW,cW-W,2.46,4.16,3.07,1.43,4.71,4.16,0.54,3.15,..,anti,.,4.60,4.75,3.12,3.54,3.34,3.63,4.13,4.41,0.13,5.81,0.62,5.72,0.27,36.08,0.12,C3'-endo
5,5,0.06,A,A,A,1,0,0,0,0,(,79,1,cWW,cW-W,5.59,2.06,0.96,1.37,3.71,4.99,5.00,3.58,BI,anti,A,4.24,4.63,2.70,3.93,3.10,3.88,4.15,3.82,0.02,5.86,0.64,5.64,0.40,38.52,0.30,C3'-endo
6,6,0.07,G,G,G,0,0,1,0,0,(,78,1,cWW,cW-W,5.46,3.23,0.75,2.40,3.73,4.01,6.00,4.23,..,anti,.,2.50,2.34,3.16,4.29,3.54,4.02,3.71,4.81,5.88,0.58,5.76,0.30,0.07,32.85,2.70,C2'-endo
7,7,0.08,G,G,G,0,0,1,0,0,(,"15,77",2,"cHH,cWW","cM-M,cW-W",1.92,4.09,3.74,1.47,3.87,0.75,3.11,4.25,..,anti,.,2.13,4.38,3.38,4.54,3.54,4.32,4.46,4.50,6.21,6.00,0.51,5.72,0.40,32.54,0.45,C3'-endo
8,8,0.09,U,U,U,0,0,0,1,0,.,,0,,,4.94,5.17,4.98,1.65,3.86,4.45,5.70,3.56,BI,anti,.,4.13,4.50,2.69,2.39,3.06,2.96,3.48,4.03,0.12,5.91,0.47,5.86,0.19,27.09,0.08,C3'-endo
9,9,0.10,G,G,G,0,0,1,0,0,.,23,1,tWH,tW-M,3.82,3.37,2.52,1.50,4.37,1.40,2.97,0.87,..,syn,.,-2.28,4.54,3.61,0.76,3.51,5.95,3.91,4.24,0.04,5.93,0.51,5.78,0.30,30.45,0.25,C3'-endo
10,10,0.11,G,G,G,0,0,1,0,0,.,26,1,cWW,cW-W,1.72,1.89,0.75,1.35,3.77,4.86,5.19,3.12,BI,anti,A,4.80,4.76,5.38,3.97,0.28,3.93,1.40,4.11,0.07,5.81,0.68,5.62,0.37,40.08,0.23,C3'-endo
11,11,0.13,U,U,U,0,0,0,1,0,.,26,1,cWW,cW-W,4.58,3.37,1.40,1.43,3.83,4.27,5.84,3.88,..,anti,.,3.51,4.73,3.05,3.88,3.15,3.82,3.62,4.41,0.08,5.84,0.63,5.68,0.33,36.62,0.21,C3'-endo
12,12,0.14,G,G,G,0,0,1,0,0,(,"13,24",2,"cWH,cWW","cW+M,cW-W",2.78,3.88,2.74,1.55,3.24,1.72,1.51,2.61,..,anti,.,3.62,4.57,2.57,0.36,3.05,4.55,4.06,3.64,0.32,5.68,0.64,5.81,0.10,37.16,6.11,C2'-exo
13,13,0.15,G,G,G,0,0,1,0,0,.,12,1,cHW,cM+W,2.08,1.83,1.31,1.38,3.87,5.26,4.89,3.65,BI,anti,.,4.10,4.80,6.03,4.29,1.78,4.00,1.98,3.52,0.19,5.71,0.72,5.66,0.27,41.23,0.06,C3'-endo
14,14,0.16,A,A,A,1,0,0,0,0,.,,0,,,5.01,2.58,2.60,1.43,3.23,1.62,1.61,2.70,..,anti,.,3.62,4.49,4.27,5.12,4.57,4.87,4.79,5.28,0.12,5.79,0.65,5.68,0.30,37.67,0.14,C3'-endo
15,15,0.17,A,A,A,1,0,0,0,0,.,7,1,cHH,cM-M,5.50,5.02,4.46,1.40,4.88,3.80,1.08,2.96,..,anti,.,4.44,4.50,2.78,1.01,3.23,1.64,4.41,1.77,6.28,5.89,0.61,5.65,0.40,37.20,0.33,C3'-endo
16,16,0.18,U,U,U,0,0,0,1,0,.,,0,,,3.39,1.75,1.92,1.51,4.36,5.74,4.90,3.86,..,anti,.,3.18,4.80,2.87,4.69,2.58,4.17,2.17,3.86,0.15,5.80,0.61,5.74,0.25,35.01,0.08,C3'-endo
17,17,0.20,U,U,U,0,0,0,1,0,.,71,1,cSW,cm-W,4.37,2.70,4.33,2.59,3.83,5.15,4.97,3.96,BI,anti,.,1.53,1.83,5.59,4.62,6.02,4.25,5.97,4.27,5.82,0.72,5.60,0.43,0.02,41.56,2.78,C2'-endo
18,18,0.21,G,G,G,0,0,1,0,0,[,67,1,cWW,cW-W,2.38,2.44,3.14,2.62,0.10,4.94,1.45,5.00,..,anti,.,0.59,1.45,3.52,0.12,3.72,0.50,3.73,1.23,5.86,0.69,5.60,0.46,6.26,40.97,2.85,C2'-endo
19,19,0.22,G,G,G,0,0,1,0,0,.,,0,,,2.30,1.90,2.40,1.38,3.51,0.26,3.25,3.13,..,anti,.,4.36,4.44,0.28,4.14,0.10,4.29,5.94,5.35,6.23,5.95,0.57,5.66,0.42,35.76,0.41,C3'-endo
20,20,0.23,U,U,U,0,0,0,1,0,.,,0,,,3.80,2.03,2.70,2.48,5.20,3.53,1.67,3.55,BII,anti,.,-0.01,0.19,4.21,2.63,4.47,2.66,5.77,1.89,5.91,0.60,5.70,0.38,6.27,35.04,2.83,C2'-endo
21,21,0.24,A,A,A,1,0,0,0,0,.,,0,,,3.25,3.38,4.85,2.42,4.25,1.46,2.79,1.67,..,...,.,-1.03,1.42,0.14,0.47,0.36,0.66,1.12,1.18,5.84,0.63,5.72,0.33,0.07,35.73,2.71,C2'-endo
22,22,0.25,G,G,G,0,0,1,0,0,.,59,1,tHW,tM-W,4.30,3.35,0.65,1.37,3.54,3.76,6.06,2.82,..,anti,.,4.24,4.63,2.57,3.05,2.71,3.40,3.30,3.26,0.10,5.79,0.68,5.64,0.34,39.78,0.18,C3'-endo
23,23,0.26,A,A,A,1,0,0,0,0,.,9,1,tHW,tM-W,0.95,2.02,0.30,1.39,3.41,4.73,4.97,4.24,BI,anti,.,2.62,4.15,3.60,3.57,3.43,3.81,2.85,4.26,6.09,6.08,0.50,5.66,0.52,35.53,0.64,C4'-exo
24,24,0.28,C,C,C,0,1,0,0,0,),12,1,cWW,cW-W,4.24,3.46,1.91,2.68,3.31,4.71,4.88,4.27,BI,anti,.,2.00,1.98,2.84,4.46,3.59,3.30,3.96,3.31,6.01,0.57,5.64,0.50,6.14,36.89,3.04,C2'-endo
25,25,0.29,A,A,A,1,0,0,0,0,.,,0,,,3.51,2.22,2.25,1.42,3.69,5.33,4.64,3.52,BI,anti,A,4.39,4.63,2.38,3.60,2.48,3.56,2.84,4.01,0.02,5.88,0.61,5.67,0.38,36.74,0.29,C3'-endo
26,26,0.30,C,C,C,0,1,0,0,0,.,"10,11",2,"cWW,cWW","cW-W,cW-W",4.98,3.24,0.83,1.30,3.88,5.42,4.74,3.63,BI,anti,.,4.10,4.65,2.79,3.98,3.06,4.02,3.77,4.71,6.19,5.93,0.63,5.58,0.50,40.22,0.45,C3'-endo
27,27,0.31,G,G,G,0,0,1,0,0,.,44,1,cWW,cW-W,4.33,2.44,2.17,1.42,4.05,5.24,5.10,3.16,BI,anti,.,4.62,4.66,3.01,3.88,3.39,3.85,4.37,4.46,6.28,5.90,0.60,5.67,0.39,36.12,0.33,C3'-endo
28,28,0.32,C,C,C,0,1,0,0,0,(,44,1,cWW,cW-W,5.27,3.17,0.59,1.35,3.77,4.96,5.09,3.72,BI,anti,B,3.87,4.47,2.72,3.62,3.06,3.73,3.97,4.55,6.15,6.00,0.56,5.63,0.50,37.35,0.53,C3'-endo
29,29,0.33,U,U,U,0,0,0,1,0,(,43,1,cWW,cW-W,5.27,2.89,0.78,1.37,3.97,4.53,5.72,3.76,..,anti,.,3.73,4.72,2.83,3.61,3.08,3.73,4.02,4.21,0.03,5.86,0.65,5.63,0.39,38.61,0.29,C3'-endo
30,30,0.34,A,A,A,1,0,0,0,0,(,42,1,cWW,cW-W,5.72,2.62,0.79,1.43,3.91,4.33,5.87,3.53,..,anti,A,4.29,4.67,3.13,4.05,3.32,3.89,3.87,4.38,0.05,5.86,0.62,5.68,0.35,36.47,0.25,C3'-endo
31,31,0.36,C,C,C,0,1,0,0,0,(,41,1,cWW,cW-W,2.30,4.09,3.01,1.40,4.12,5.09,5.32,3.36,..,anti,.,4.58,4.80,2.61,3.99,2.95,3.96,3.84,4.48,0.13,5.78,0.68,5.66,0.31,39.18,0.14,C3'-endo
32,32,0.37,C,C,C,0,1,0,0,0,(,40,1,cWW,cW-W,5.47,3.03,0.85,1.39,3.64,5.01,4.91,3.30,BI,anti,A,4.53,4.55,3.00,3.70,3.41,3.73,4.34,4.15,6.26,5.91,0.60,5.66,0.41,36.60,0.35,C3'-endo
33,33,0.38,U,U,U,0,0,0,1,0,.,39,1,tWH,tW-M,5.24,2.97,0.94,1.41,4.16,4.52,5.93,3.55,..,anti,.,4.11,4.61,3.08,3.66,3.26,3.74,3.85,4.08,6.27,5.92,0.58,5.67,0.39,35.62,0.35,C3'-endo
34,34,0.39,U,U,U,0,0,0,1,0,.,,0,,,5.28,2.65,0.84,1.38,4.09,4.88,5.50,3.96,..,anti,.,3.00,4.77,2.82,4.60,2.98,3.91,3.43,2.55,0.03,5.85,0.64,5.64,0.39,38.36,0.28,C3'-endo
35,35,0.40,G,G,G,0,0,1,0,0,.,0,1,cHW,cM+W,1.37,2.73,2.60,1.37,4.09,5.16,5.21,0.01,..,syn,.,-4.76,4.75,0.40,4.31,0.77,4.33,0.54,4.34,0.07,5.82,0.67,5.64,0.36,39.19,0.23,C3'-endo
36,36,0.41,A,A,A,1,0,0,0,0,{,0,1,cWW,cW-W,2.96,3.70,2.77,1.41,4.39,4.54,6.13,3.40,..,anti,A,4.41,4.83,2.73,3.58,3.37,3.63,3.82,3.88,0.14,5.77,0.67,5.67,0.30,38.81,0.12,C3'-endo
37,37,0.43,G,G,G,0,0,1,0,0,.,,0,,,5.13,2.73,1.10,1.44,4.11,5.92,4.47,4.16,..,anti,.,2.31,4.70,2.95,4.52,3.12,4.25,3.47,4.56,0.04,5.88,0.59,5.70,0.35,34.99,0.27,C3'-endo
38,38,0.44,G,G,G,0,0,1,0,0,.,0,1,tWW,tW+W,4.19,1.57,2.74,1.38,4.24,4.62,5.90,3.51,..,anti,.,4.26,4.84,2.94,2.91,3.18,3.18,3.85,3.97,0.11,5.80,0.66,5.67,0.32,38.47,0.17,C3'-endo
39,39,0.45,U,U,U,0,0,0,1,0,.,33,1,tHW,tM-W,5.52,2.39,0.90,1.36,3.85,5.57,4.56,3.43,BI,anti,.,4.53,4.73,2.75,4.49,3.10,4.49,4.09,5.31,0.05,5.83,0.67,5.63,0.38,39.70,0.25,C3'-endo
40,40,0.46,G,G,G,0,0,1,0,0,),32,1,cWW,cW-W,4.98,3.17,0.89,1.34,4.29,4.41,6.16,3.43,..,anti,A,4.37,4.85,2.85,3.73,3.36,3.91,4.70,4.42,0.14,5.75,0.71,5.63,0.32,41.27,0.14,C3'-endo
41,41,0.47,G,G,G,0,0,1,0,0,),31,1,cWW,cW-W,5.72,2.59,0.69,1.45,4.03,4.46,5.85,3.66,..,anti,.,4.00,4.72,3.03,3.69,3.21,3.71,3.78,3.86,0.06,5.86,0.61,5.70,0.33,35.70,0.22,C3'-endo
42,42,0.48,U,U,U,0,0,0,1,0,),30,1,cWW,cW-W,5.54,2.54,0.87,1.42,3.39,4.78,4.89,3.41,BI,anti,A,4.30,4.32,2.90,3.90,3.13,3.65,3.50,4.10,6.19,5.99,0.54,5.67,0.44,34.77,0.47,C3'-endo
43,43,0.49,A,A,A,1,0,0,0,0,),29,1,cWW,cW-W,2.99,3.45,2.66,1.41,3.75,4.41,5.63,2.68,BI,anti,.,4.15,4.70,2.62,3.58,2.86,3.66,3.76,4.09,0.11,5.80,0.65,5.67,0.32,38.03,0.17,C3'-endo
44,44,0.51,G,G,G,0,0,1,0,0,),"27,28",2,"cWW,cWW","cW-W,cW-W",3.51,3.89,2.30,1.41,3.38,4.45,5.21,2.87,BI,anti,.,4.28,4.59,2.77,3.13,3.04,3.31,3.75,3.13,0.13,5.77,0.68,5.66,0.31,39.23,0.13,C3'-endo
45,45,0.52,U,U,U,0,0,0,1,0,.,,0,,,4.50,3.50,2.02,1.71,3.04,2.95,0.09,4.70,..,anti,.,0.87,4.04,3.64,1.86,3.64,1.02,3.18,0.40,0.25,5.86,0.43,5.98,0.03,25.31,6.03,C2'-exo
46,46,0.53,G,G,G,0,0,1,0,0,.,,0,,,0.53,3.04,3.48,1.25,2.68,0.58,2.09,3.26,..,anti,.,3.88,4.05,1.50,3.65,1.39,3.70,1.96,4.15,6.16,5.94,0.66,5.54,0.55,42.61,0.49,C3'-endo
47,47,0.54,C,C,C,0,1,0,0,0,.,,0,,,4.22,3.71,6.04,1.35,,,,4.30,..,anti,-,,,,,,,,,6.13,6.01,0.56,5.62,0.52,37.81,0.55,C3'-endo
48,not resolved,0.55,-,-,-,0,0,0,0,1,,,0,,,,,,,,,,,,,,,,,,,,,,,,,,,,,
49,not resolved,0.56,-,-,-,0,0,0,0,1,,,0,,,,,,,,,,,,,,,,,,,,,,,,,,,,,
50,not resolved,0.57,-,-,-,0,0,0,0,1,,,0,,,,,,,,,,,,,,,,,,,,,,,,,,,,,
51,not resolved,0.59,-,-,-,0,0,0,0,1,,,0,,,,,,,,,,,,,,,,,,,,,,,,,,,,,
52,not resolved,0.60,-,-,-,0,0,0,0,1,,,0,,,,,,,,,,,,,,,,,,,,,,,,,,,,,
53,not resolved,0.61,-,-,-,0,0,0,0,1,,,0,,,,,,,,,,,,,,,,,,,,,,,,,,,,,
54,not resolved,0.62,-,-,-,0,0,0,0,1,,,0,,,,,,,,,,,,,,,,,,,,,,,,,,,,,
55,not resolved,0.63,-,-,-,0,0,0,0,1,,,0,,,,,,,,,,,,,,,,,,,,,,,,,,,,,
56,not resolved,0.64,-,-,-,0,0,0,0,1,,,0,,,,,,,,,,,,,,,,,,,,,,,,,,,,,
57,not resolved,0.66,-,-,-,0,0,0,0,1,,,0,,,,,,,,,,,,,,,,,,,,,,,,,,,,,
58,58,0.67,U,U,U,0,0,0,1,0,.,,0,,,,2.18,1.43,1.56,3.41,3.69,6.00,3.35,..,anti,.,4.23,4.33,,2.67,,2.57,,2.12,0.08,5.89,0.53,5.78,0.27,31.07,0.19,C3'-endo
59,59,0.68,U,U,U,0,0,0,1,0,.,22,1,tWH,tW-M,3.07,3.07,2.74,2.60,2.32,2.89,5.71,3.57,..,anti,.,0.36,1.75,1.80,2.85,3.18,2.32,2.62,3.38,6.03,0.57,5.63,0.52,6.11,37.33,3.08,C2'-endo
60,60,0.69,A,A,A,1,0,0,0,0,(,76,1,cWW,cW-W,3.88,3.81,4.82,1.42,4.15,4.97,5.46,2.73,..,anti,.,4.40,4.74,6.11,3.62,4.48,3.76,3.70,4.46,0.05,5.85,0.63,5.67,0.35,36.92,0.24,C3'-endo
61,61,0.70,C,C,C,0,1,0,0,0,(,75,1,cWW,cW-W,4.09,3.98,1.05,1.36,3.53,4.85,4.97,3.46,BI,anti,.,4.46,4.55,2.27,3.40,2.63,3.49,3.39,3.80,6.25,5.91,0.61,5.64,0.43,37.49,0.37,C3'-endo
62,62,0.71,G,G,G,0,0,1,0,0,.,,0,,,4.94,2.85,1.37,1.44,3.75,5.12,4.91,3.38,BI,anti,A,4.59,4.68,3.05,3.94,3.22,3.89,3.63,4.47,0.06,5.85,0.63,5.67,0.35,36.90,0.23,C3'-endo
63,63,0.72,G,G,G,0,0,1,0,0,(,"73,74",2,"cWW,tSH","cW-W,tm-M",5.19,2.92,1.01,1.38,3.82,4.92,5.18,3.24,BI,anti,A,4.63,4.67,2.95,3.77,3.29,3.80,4.27,4.29,6.28,5.89,0.63,5.64,0.41,37.94,0.33,C3'-endo
64,64,0.74,G,G,G,0,0,1,0,0,(,72,1,cWW,cW-W,5.28,2.64,1.22,1.34,3.43,4.54,5.17,3.31,BI,anti,.,4.58,4.57,2.95,3.11,3.35,3.09,4.22,3.30,0.02,5.84,0.67,5.61,0.41,40.04,0.29,C3'-endo
65,65,0.75,U,U,U,0,0,0,1,0,.,,0,,,5.43,3.09,0.80,1.44,4.25,5.18,5.36,3.20,..,anti,.,4.76,4.84,3.33,4.90,3.20,4.75,3.27,5.39,0.16,5.77,0.65,5.71,0.26,37.64,0.08,C3'-endo
66,66,0.76,U,U,U,0,0,0,1,0,.,,0,,,1.90,3.49,3.87,1.41,4.03,4.90,5.41,3.48,BI,anti,.,4.42,4.78,2.70,3.60,3.13,3.13,4.32,2.30,0.07,5.83,0.64,5.67,0.34,37.50,0.21,C3'-endo
67,67,0.77,C,C,C,0,1,0,0,0,],18,1,cWW,cW-W,3.12,3.24,0.51,1.38,3.51,4.74,5.06,3.21,BI,anti,.,4.43,4.48,0.35,3.23,0.72,3.41,0.38,4.00,6.26,5.91,0.60,5.65,0.42,37.01,0.37,C3'-endo
68,68,0.78,A,A,A,1,0,0,0,0,.,,0,,,5.52,3.14,0.77,1.47,4.69,3.97,0.72,2.91,..,anti,.,4.78,4.78,3.57,3.94,3.54,4.32,3.85,4.85,0.14,5.79,0.64,5.71,0.28,36.96,0.11,C3'-endo
69,69,0.79,A,A,A,1,0,0,0,0,.,,0,,,5.99,2.20,1.15,2.61,5.83,3.47,2.36,3.35,..,anti,.,-0.88,0.81,4.78,4.55,4.63,3.47,4.90,2.51,5.91,0.65,5.62,0.47,6.22,39.19,2.90,C2'-endo
70,70,0.80,G,G,G,0,0,1,0,0,.,,0,,,0.79,3.23,0.94,1.31,4.41,4.25,0.16,1.89,..,...,.,2.12,4.73,5.02,4.31,0.10,4.56,1.00,4.94,0.00,5.85,0.68,5.59,0.43,40.85,0.32,C3'-endo
71,71,0.82,U,U,U,0,0,0,1,0,.,17,1,cWS,cW-m,1.02,2.23,0.79,2.58,4.07,4.98,5.38,3.31,..,anti,.,0.83,1.45,3.85,5.23,4.57,4.69,4.84,5.29,5.90,0.65,5.63,0.45,6.24,38.63,2.88,C2'-endo
72,72,0.83,C,C,C,0,1,0,0,0,),64,1,cWW,cW-W,5.13,2.81,0.62,1.35,3.82,4.85,5.26,4.00,BI,anti,.,3.01,4.49,2.43,3.64,3.12,3.70,4.16,4.08,6.15,6.00,0.57,5.62,0.50,37.79,0.52,C3'-endo
73,73,0.84,C,C,C,0,1,0,0,0,),63,1,cWW,cW-W,5.23,2.97,0.73,1.36,3.55,4.84,4.99,3.88,BI,anti,.,3.63,4.57,2.75,3.40,2.94,3.31,3.47,2.64,6.28,5.88,0.63,5.63,0.41,38.41,0.33,C3'-endo
74,74,0.85,C,C,C,0,1,0,0,0,.,63,1,tHS,tM-m,5.13,3.15,0.55,1.41,4.67,4.09,0.58,4.07,..,anti,.,1.88,4.08,2.93,3.65,2.81,3.96,2.20,4.73,6.06,6.11,0.48,5.67,0.53,35.14,0.68,C4'-exo
75,75,0.86,G,G,G,0,0,1,0,0,),61,1,cWW,cW-W,5.50,1.89,1.31,1.48,3.88,4.98,5.18,3.41,BI,anti,.,4.38,4.54,2.93,4.09,3.43,3.84,4.18,4.28,0.02,5.92,0.55,5.72,0.34,33.21,0.30,C3'-endo
76,76,0.87,U,U,U,0,0,0,1,0,),60,1,cWW,cW-W,5.24,3.12,0.72,1.40,4.24,4.85,5.68,3.11,..,anti,.,4.78,4.80,2.97,4.36,3.17,4.30,3.97,4.42,0.12,5.79,0.65,5.68,0.30,37.84,0.15,C3'-endo
77,77,0.89,C,C,C,0,1,0,0,0,),7,1,cWW,cW-W,1.38,3.61,4.93,2.25,4.31,5.43,5.16,3.72,..,anti,.,2.27,2.30,3.72,4.16,3.93,3.89,4.18,4.42,5.95,0.43,5.92,0.17,0.10,24.28,2.58,C2'-endo
78,78,0.90,C,C,C,0,1,0,0,0,),6,1,cWW,cW-W,3.88,1.71,2.09,1.47,3.13,4.89,4.53,3.72,BI,anti,A,4.06,4.34,1.82,3.53,2.75,3.28,3.51,3.53,0.06,5.87,0.59,5.71,0.33,34.97,0.23,C3'-endo
79,79,0.91,U,U,U,0,0,0,1,0,),5,1,cWW,cW-W,3.40,3.98,2.10,1.35,4.01,4.04,6.25,3.38,..,anti,.,4.32,4.51,2.83,3.84,3.04,3.70,3.50,4.21,6.16,5.99,0.57,5.63,0.49,37.42,0.51,C3'-endo
80,80,0.92,C,C,C,0,1,0,0,0,),4,1,cWW,cW-W,1.99,4.40,3.21,1.42,4.43,4.43,0.00,3.17,..,anti,A,4.55,4.68,2.98,3.57,3.18,3.60,3.98,4.05,0.05,5.87,0.61,5.68,0.35,36.27,0.25,C3'-endo
81,81,0.93,G,G,G,0,0,1,0,0,),3,1,cWW,cW-W,5.77,2.63,0.44,1.37,3.75,4.95,5.09,3.56,BI,anti,A,4.32,4.66,2.76,3.72,2.99,3.71,3.67,4.10,0.02,5.86,0.64,5.64,0.39,38.17,0.29,C3'-endo
82,82,0.94,G,G,G,0,0,1,0,0,),2,1,cWW,cW-W,5.08,2.80,1.10,1.30,3.54,5.47,4.35,3.41,BI,anti,.,4.63,4.70,2.78,4.01,3.02,4.00,3.72,4.74,0.05,5.80,0.71,5.58,0.41,42.25,0.25,C3'-endo
83,83,0.95,U,U,U,0,0,0,1,0,),1,1,cWW,cW-W,4.74,3.17,1.23,1.40,3.80,4.61,5.47,3.26,BI,anti,.,4.74,4.76,2.91,3.76,3.32,3.47,4.51,3.06,0.11,5.80,0.65,5.68,0.32,37.95,0.16,C3'-endo
84,84,0.97,A,A,A,1,0,0,0,0,.,,0,,,1.19,3.75,4.57,1.43,4.31,4.94,5.65,3.26,..,anti,.,4.64,4.82,3.07,3.29,2.96,3.58,2.71,4.64,0.16,5.78,0.64,5.71,0.26,37.09,0.09,C3'-endo
85,85,0.98,C,C,C,0,1,0,0,0,.,,0,,,5.20,2.83,1.01,1.40,3.50,5.12,4.66,3.39,BI,anti,A,4.50,4.57,2.71,3.76,3.15,3.73,4.35,4.39,0.02,5.86,0.65,5.62,0.41,39.07,0.30,C3'-endo
86,86,0.99,C,C,C,0,1,0,0,0,.,,0,,,4.92,3.11,1.16,1.47,4.20,2.20,2.00,3.88,..,anti,.,3.13,4.70,3.10,1.93,3.29,2.09,4.15,2.30,0.04,5.92,0.53,5.76,0.31,31.53,0.26,C3'-endo
87,87,1.00,A,A,A,1,0,0,0,0,.,0,1,cSW,cm-W,0.15,1.99,5.71,1.46,,,,3.64,..,anti,-,,,,,,,,,0.20,5.71,0.72,5.66,0.27,41.29,0.06,C3'-endo
