index_chain,old_nt_resnum,nt_position,nt_name,nt_code,nt_align_code,is_A,is_C,is_G,is_U,is_other,dbn,paired,nb_interact,pair_type_LW,pair_type_DSSR,alpha,beta,gamma,delta,epsilon,zeta,epsilon_zeta,chi,bb_type,glyco_bond,form,ssZp,Dp,eta,theta,eta_prime,theta_prime,eta_base,theta_base,v0,v1,v2,v3,v4,amplitude,phase_angle,puckering
1,1,0.03,G,G,G,0,0,1,0,0,(,34,1,cWW,cW-W,,3.14,0.98,1.42,3.68,4.97,5.00,3.45,BI,anti,A,4.56,4.72,,3.69,,3.72,,4.15,0.11,5.80,0.66,5.67,0.32,38.06,0.16,C3'-endo
2,2,0.06,G,G,G,0,0,1,0,0,(,33,1,cWW,cW-W,5.16,2.96,0.99,1.41,3.65,5.07,4.87,3.46,BI,anti,A,4.51,4.67,2.94,3.78,3.18,3.76,3.87,4.20,0.09,5.81,0.65,5.67,0.33,37.85,0.19,C3'-endo
3,3,0.09,C,C,C,0,1,0,0,0,(,32,1,cWW,cW-W,5.16,2.96,1.01,1.38,3.60,5.16,4.72,3.46,BI,anti,A,4.51,4.65,2.92,3.80,3.20,3.80,3.96,4.35,0.06,5.82,0.66,5.64,0.37,38.94,0.23,C3'-endo
4,4,0.12,C,C,C,0,1,0,0,0,(,28,1,cWW,cW-W,5.11,3.10,0.95,1.38,3.61,5.04,4.85,3.39,BI,anti,A,4.56,4.64,2.92,3.70,3.20,3.74,4.07,4.20,0.08,5.81,0.67,5.64,0.36,39.31,0.21,C3'-endo
5,5,0.15,G,G,G,0,0,1,0,0,(,27,1,cWW,cW-W,5.24,3.08,0.93,1.42,3.62,5.17,4.73,3.38,BI,anti,A,4.49,4.57,3.04,3.84,3.27,3.85,3.95,4.37,0.03,5.87,0.61,5.68,0.36,36.11,0.27,C3'-endo
6,6,0.18,C,C,C,0,1,0,0,0,(,26,1,cWW,cW-W,4.86,3.09,1.16,1.39,3.69,5.05,4.93,3.47,BI,anti,A,4.48,4.65,2.88,3.77,3.18,3.77,3.99,4.34,0.05,5.84,0.64,5.65,0.37,38.04,0.26,C3'-endo
7,7,0.21,G,G,G,0,0,1,0,0,(,25,1,cWW,cW-W,5.25,2.93,0.92,1.34,3.61,5.01,4.88,3.32,BI,anti,A,4.66,4.69,2.89,3.60,3.19,3.60,4.10,3.69,0.06,5.81,0.69,5.61,0.38,40.54,0.24,C3'-endo
8,8,0.24,G,G,G,0,0,1,0,0,(,24,1,cWW,cW-W,5.25,3.25,0.76,1.35,3.17,4.98,4.48,3.59,BI,anti,A,4.26,4.44,2.98,3.74,3.12,3.67,3.40,4.01,0.02,5.86,0.65,5.63,0.40,38.88,0.30,C3'-endo
9,9,0.26,C,C,C,0,1,0,0,0,(,23,1,cWW,cW-W,2.85,3.58,2.90,1.42,4.05,5.00,5.34,3.27,BI,anti,A,4.68,4.78,2.95,3.69,3.17,3.70,3.78,4.29,0.12,5.80,0.64,5.69,0.30,37.28,0.14,C3'-endo
10,10,0.29,A,A,A,1,0,0,0,0,(,22,1,cWW,cW-W,5.37,3.04,0.68,1.38,3.24,4.89,4.63,3.46,BI,anti,.,4.40,4.46,2.80,3.79,3.13,3.70,4.05,3.96,0.04,5.85,0.64,5.65,0.37,38.12,0.26,C3'-endo
11,11,0.32,G,G,G,0,0,1,0,0,(,21,1,cWW,cW-W,2.68,3.67,3.11,1.45,4.06,4.89,5.46,3.10,..,anti,A,4.78,4.78,3.07,3.55,3.29,3.63,3.87,4.29,0.14,5.79,0.64,5.70,0.28,36.83,0.12,C3'-endo
12,12,0.35,G,G,G,0,0,1,0,0,(,20,1,cWW,cW-W,5.29,2.87,0.91,1.41,3.72,5.05,4.95,3.40,BI,anti,A,4.54,4.67,2.87,3.86,3.19,3.86,4.12,4.36,0.05,5.84,0.64,5.65,0.36,37.92,0.24,C3'-endo
13,13,0.38,U,U,U,0,0,0,1,0,.,17,1,tWH,tW-M,5.26,2.99,0.90,1.38,4.15,5.11,5.33,3.47,..,anti,.,4.33,4.76,3.03,4.18,3.25,4.28,4.01,5.11,0.04,5.85,0.64,5.64,0.38,38.26,0.27,C3'-endo
14,14,0.41,U,U,U,0,0,0,1,0,.,,0,,,5.29,2.90,0.91,1.38,3.86,4.89,5.26,3.63,BI,anti,.,4.14,4.72,2.83,4.18,3.26,3.49,4.41,2.46,0.04,5.84,0.65,5.64,0.38,38.38,0.26,C3'-endo
15,15,0.44,C,C,C,0,1,0,0,0,.,,0,,,2.88,3.17,0.95,1.42,3.91,5.16,5.03,3.35,BI,anti,.,4.53,4.63,0.61,4.05,0.91,4.12,0.46,4.98,0.00,5.90,0.60,5.67,0.39,36.23,0.32,C3'-endo
16,16,0.47,G,G,G,0,0,1,0,0,.,,0,,,5.13,2.93,1.00,1.40,3.84,4.97,5.16,3.57,BI,anti,.,4.21,4.63,2.88,3.82,3.27,3.97,4.44,4.30,0.00,5.89,0.61,5.66,0.39,36.77,0.32,C3'-endo
17,17,0.50,A,A,A,1,0,0,0,0,.,13,1,tHW,tM-W,5.41,3.16,1.29,2.24,3.66,3.85,6.09,4.10,..,anti,.,2.30,2.25,3.59,3.61,4.03,2.88,4.31,2.25,5.83,0.53,5.87,0.16,0.19,30.14,2.46,C1'-exo
18,18,0.53,A,A,A,1,0,0,0,0,.,,0,,,2.82,3.13,0.83,1.45,4.34,4.60,6.03,3.22,..,anti,.,4.62,4.69,0.88,3.96,0.92,4.19,0.90,4.83,6.26,5.94,0.55,5.71,0.38,33.81,0.36,C3'-endo
19,19,0.56,U,U,U,0,0,0,1,0,.,,0,,,5.50,2.64,1.14,2.29,4.46,5.24,5.50,3.50,..,anti,.,1.42,1.47,3.44,5.27,3.89,4.96,4.58,5.44,5.86,0.53,5.86,0.20,0.14,29.63,2.55,C2'-endo
20,20,0.59,C,C,C,0,1,0,0,0,),12,1,cWW,cW-W,5.01,3.19,0.56,1.37,3.71,5.01,4.98,3.49,BI,anti,A,4.39,4.62,2.28,3.64,2.99,3.77,3.74,4.37,0.01,5.88,0.61,5.66,0.39,36.90,0.31,C3'-endo
21,21,0.62,C,C,C,0,1,0,0,0,),11,1,cWW,cW-W,5.20,3.11,0.86,1.42,3.35,5.09,4.54,3.49,BI,anti,A,4.42,4.53,2.92,4.05,3.18,3.88,3.95,4.13,0.07,5.84,0.64,5.67,0.35,37.33,0.22,C3'-endo
22,22,0.65,U,U,U,0,0,0,1,0,),10,1,cWW,cW-W,2.76,3.39,3.05,1.42,3.90,4.93,5.26,3.34,BI,anti,A,4.62,4.75,2.89,3.38,3.16,3.47,3.77,4.04,0.13,5.78,0.67,5.67,0.30,38.50,0.14,C3'-endo
23,23,0.68,G,G,G,0,0,1,0,0,),9,1,cWW,cW-W,5.19,3.06,0.89,1.42,3.67,5.04,4.92,3.44,BI,anti,A,4.51,4.67,2.90,3.76,3.13,3.77,3.89,4.18,0.08,5.82,0.64,5.67,0.33,37.48,0.20,C3'-endo
24,24,0.71,C,C,C,0,1,0,0,0,),8,1,cWW,cW-W,5.14,2.95,1.03,1.37,3.62,5.04,4.86,3.48,BI,anti,A,4.48,4.66,2.91,3.68,3.18,3.68,3.88,4.08,0.04,5.84,0.66,5.63,0.39,39.30,0.27,C3'-endo
25,25,0.74,C,C,C,0,1,0,0,0,),7,1,cWW,cW-W,5.06,3.07,1.00,1.37,3.58,5.12,4.74,3.44,BI,anti,A,4.54,4.66,2.90,3.73,3.11,3.72,3.78,4.08,0.05,5.83,0.67,5.63,0.38,39.45,0.25,C3'-endo
26,26,0.76,G,G,G,0,0,1,0,0,),6,1,cWW,cW-W,5.14,3.07,0.97,1.36,3.59,5.07,4.80,3.35,BI,anti,A,4.58,4.62,2.95,3.67,3.18,3.70,3.82,4.18,0.01,5.86,0.65,5.62,0.41,39.22,0.31,C3'-endo
27,27,0.79,C,C,C,0,1,0,0,0,),5,1,cWW,cW-W,5.20,3.00,1.02,1.34,3.72,5.03,4.97,3.37,BI,anti,A,4.61,4.70,3.02,3.73,3.25,3.87,4.00,4.26,0.05,5.82,0.68,5.62,0.39,40.07,0.25,C3'-endo
28,28,0.82,G,G,G,0,0,1,0,0,),4,1,cWW,cW-W,5.41,3.04,1.24,2.40,5.05,5.02,0.03,4.09,..,anti,.,0.51,0.56,3.98,5.55,4.31,5.26,4.63,5.43,5.85,0.61,5.74,0.31,0.08,34.71,2.69,C2'-endo
29,29,0.85,A,A,A,1,0,0,0,0,.,,0,,,1.03,4.42,5.10,2.40,3.31,2.53,0.78,3.91,..,anti,.,2.24,2.35,3.81,1.40,4.37,3.88,4.60,4.78,5.79,0.67,5.71,0.31,0.11,37.70,2.64,C2'-endo
30,30,0.88,U,U,U,0,0,0,1,0,.,,0,,,3.09,5.82,3.33,2.46,4.57,1.57,3.00,0.92,..,syn,.,-1.01,1.04,1.06,5.85,4.48,0.27,4.29,0.15,5.92,0.58,5.72,0.36,6.28,33.89,2.82,C2'-endo
31,31,0.91,C,C,C,0,1,0,0,0,.,,0,,,4.33,2.47,3.14,2.29,3.56,1.34,2.22,3.85,..,anti,.,2.29,2.29,5.20,6.16,5.01,4.70,5.30,3.94,5.79,0.58,5.83,0.18,0.20,32.92,2.47,C1'-exo
32,32,0.94,G,G,G,0,0,1,0,0,),3,1,cWW,cW-W,2.11,2.06,0.35,1.44,3.87,4.93,5.22,3.19,BI,anti,A,4.75,4.75,5.50,4.04,0.95,4.05,2.16,4.49,0.12,5.80,0.64,5.69,0.30,37.05,0.14,C3'-endo
33,33,0.97,C,C,C,0,1,0,0,0,),2,1,cWW,cW-W,5.19,2.96,1.00,1.48,3.79,5.06,5.01,3.35,BI,anti,A,4.52,4.62,3.00,3.92,3.28,4.02,4.09,4.12,0.10,5.84,0.60,5.72,0.29,34.89,0.17,C3'-endo
34,34,1.00,C,C,C,0,1,0,0,0,),1,1,cWW,cW-W,5.19,3.28,0.96,2.49,,,,4.13,n/a,anti,-,,,,,,,,,5.87,0.63,5.69,0.37,0.02,36.22,2.78,C2'-endo
