index_chain,old_nt_resnum,nt_position,nt_name,nt_code,nt_align_code,is_A,is_C,is_G,is_U,is_other,dbn,paired,nb_interact,pair_type_LW,pair_type_DSSR,alpha,beta,gamma,delta,epsilon,zeta,epsilon_zeta,chi,bb_type,glyco_bond,form,ssZp,Dp,eta,theta,eta_prime,theta_prime,eta_base,theta_base,v0,v1,v2,v3,v4,amplitude,phase_angle,puckering
1,1,0.03,G,G,G,0,0,1,0,0,(,34,1,cWW,cW-W,,3.15,0.97,1.43,3.71,4.94,5.05,3.43,BI,anti,A,4.58,4.74,,3.71,,3.74,,4.09,0.12,5.80,0.64,5.69,0.30,37.35,0.15,C3'-endo
2,2,0.06,G,G,G,0,0,1,0,0,(,33,1,cWW,cW-W,5.14,2.95,0.99,1.42,3.68,5.08,4.88,3.47,BI,anti,A,4.50,4.70,2.91,3.83,3.14,3.82,3.75,4.33,0.10,5.80,0.66,5.66,0.33,38.69,0.18,C3'-endo
3,3,0.09,C,C,C,0,1,0,0,0,(,32,1,cWW,cW-W,5.15,2.98,1.01,1.38,3.58,5.14,4.72,3.50,BI,anti,A,4.45,4.64,2.92,3.76,3.21,3.77,4.06,4.28,0.06,5.83,0.66,5.64,0.37,39.01,0.24,C3'-endo
4,4,0.12,C,C,C,0,1,0,0,0,(,28,1,cWW,cW-W,5.12,3.10,0.98,1.37,3.58,5.03,4.83,3.44,BI,anti,A,4.54,4.67,2.97,3.64,3.24,3.66,4.04,4.00,0.09,5.79,0.68,5.63,0.35,39.98,0.20,C3'-endo
5,5,0.15,G,G,G,0,0,1,0,0,(,27,1,cWW,cW-W,5.26,3.08,0.94,1.41,3.59,5.18,4.69,3.41,BI,anti,.,4.49,4.59,3.06,4.18,3.26,4.02,3.81,4.44,0.04,5.86,0.62,5.67,0.36,36.90,0.26,C3'-endo
6,6,0.18,C,C,C,0,1,0,0,0,(,26,1,cWW,cW-W,3.04,3.16,2.85,1.42,3.78,5.06,5.00,3.47,BI,anti,A,4.45,4.70,2.80,3.42,3.12,3.46,3.92,4.00,0.07,5.83,0.65,5.66,0.35,37.98,0.23,C3'-endo
7,7,0.21,G,G,G,0,0,1,0,0,(,25,1,cWW,cW-W,5.23,2.94,0.87,1.34,3.67,5.06,4.89,3.30,BI,anti,A,4.63,4.66,2.83,3.73,3.11,3.76,3.92,4.14,0.04,5.83,0.67,5.62,0.39,40.01,0.27,C3'-endo
8,8,0.24,G,G,G,0,0,1,0,0,(,24,1,cWW,cW-W,5.24,3.23,0.78,1.37,3.15,4.99,4.44,3.60,BI,anti,A,4.25,4.41,2.95,3.76,3.18,3.68,3.80,4.09,0.01,5.87,0.64,5.63,0.40,38.47,0.31,C3'-endo
9,9,0.26,C,C,C,0,1,0,0,0,(,23,1,cWW,cW-W,2.86,3.59,2.91,1.44,4.02,5.00,5.31,3.26,BI,anti,A,4.67,4.76,2.97,3.70,3.21,3.69,3.90,4.23,0.12,5.80,0.64,5.69,0.29,37.18,0.14,C3'-endo
10,10,0.29,A,A,A,1,0,0,0,0,(,22,1,cWW,cW-W,5.35,3.06,0.64,1.36,3.30,4.89,4.70,3.46,BI,anti,.,4.46,4.52,2.74,3.84,3.05,3.75,3.94,4.01,0.04,5.84,0.66,5.63,0.38,38.89,0.26,C3'-endo
11,11,0.32,G,G,G,0,0,1,0,0,(,21,1,cWW,cW-W,2.68,3.64,3.13,1.43,4.00,4.90,5.38,3.13,BI,anti,A,4.79,4.78,3.00,3.48,3.23,3.55,3.80,4.17,0.13,5.79,0.65,5.69,0.30,37.58,0.14,C3'-endo
12,12,0.35,G,G,G,0,0,1,0,0,(,20,1,cWW,cW-W,5.33,2.88,0.92,1.39,3.70,5.03,4.95,3.37,BI,anti,A,4.57,4.64,2.93,3.77,3.24,3.79,4.11,4.25,0.04,5.85,0.64,5.65,0.37,37.91,0.26,C3'-endo
13,13,0.38,U,U,U,0,0,0,1,0,.,,0,,,5.28,3.00,0.91,1.38,4.16,5.11,5.33,3.47,..,anti,.,4.30,4.72,3.10,4.20,3.30,4.31,3.96,5.21,0.03,5.86,0.63,5.65,0.38,37.84,0.29,C3'-endo
14,14,0.41,U,U,U,0,0,0,1,0,.,,0,,,5.30,2.89,0.90,1.39,3.89,4.91,5.26,3.64,BI,anti,.,4.08,4.73,2.83,4.26,3.29,3.57,4.48,2.47,0.05,5.84,0.65,5.65,0.37,38.14,0.25,C3'-endo
15,15,0.44,C,C,C,0,1,0,0,0,.,,0,,,2.87,3.19,0.97,1.43,3.88,5.10,5.06,3.36,BI,anti,.,4.50,4.63,0.62,3.97,0.94,4.02,0.46,4.84,0.01,5.90,0.59,5.68,0.37,35.59,0.31,C3'-endo
16,16,0.47,G,G,G,0,0,1,0,0,.,,0,,,5.09,2.91,0.98,1.39,3.76,4.98,5.06,3.53,BI,anti,A,4.37,4.67,2.77,3.76,3.13,3.79,4.27,4.37,0.02,5.87,0.63,5.65,0.38,37.40,0.29,C3'-endo
17,17,0.50,A,A,A,1,0,0,0,0,.,,0,,,5.23,2.85,1.17,1.50,3.60,4.58,5.30,3.83,BI,anti,.,3.87,4.50,3.01,3.38,3.36,2.97,4.20,1.71,6.28,5.95,0.52,5.75,0.34,31.52,0.32,C3'-endo
18,18,0.53,A,A,A,1,0,0,0,0,.,,0,,,5.56,3.15,5.53,2.35,4.30,4.50,6.08,1.03,..,syn,.,-1.43,1.47,2.23,4.01,2.05,4.28,1.27,4.82,5.84,0.57,5.80,0.24,0.13,32.37,2.59,C2'-endo
19,19,0.56,U,U,U,0,0,0,1,0,.,,0,,,5.38,2.55,1.07,1.47,4.27,5.32,5.23,3.45,..,anti,.,4.38,4.75,3.10,4.59,3.70,4.55,3.98,5.17,0.05,5.89,0.56,5.74,0.31,32.86,0.23,C3'-endo
20,20,0.59,C,C,C,0,1,0,0,0,),12,1,cWW,cW-W,5.22,3.18,0.73,1.37,3.69,5.01,4.96,3.53,BI,anti,A,4.37,4.65,2.68,3.62,3.21,3.73,4.33,4.24,0.01,5.87,0.64,5.63,0.41,38.75,0.31,C3'-endo
21,21,0.62,C,C,C,0,1,0,0,0,),11,1,cWW,cW-W,5.24,3.15,0.87,1.40,3.35,5.06,4.57,3.50,BI,anti,A,4.37,4.49,3.01,3.99,3.25,3.82,3.91,4.04,0.05,5.85,0.63,5.66,0.36,37.31,0.25,C3'-endo
22,22,0.65,U,U,U,0,0,0,1,0,),10,1,cWW,cW-W,2.74,3.37,3.04,1.41,3.90,4.93,5.25,3.34,BI,anti,A,4.65,4.76,2.83,3.38,3.07,3.47,3.65,4.04,0.13,5.77,0.67,5.67,0.30,38.90,0.13,C3'-endo
23,23,0.68,G,G,G,0,0,1,0,0,),9,1,cWW,cW-W,5.19,3.07,0.90,1.42,3.70,5.04,4.95,3.40,BI,anti,A,4.58,4.68,2.91,3.79,3.14,3.80,3.89,4.22,0.09,5.82,0.65,5.67,0.33,37.68,0.19,C3'-endo
24,24,0.71,C,C,C,0,1,0,0,0,),8,1,cWW,cW-W,5.12,2.97,1.03,1.37,3.59,5.04,4.83,3.47,BI,anti,A,4.50,4.64,2.90,3.66,3.16,3.65,3.87,4.04,0.03,5.85,0.65,5.63,0.39,38.88,0.28,C3'-endo
25,25,0.74,C,C,C,0,1,0,0,0,),7,1,cWW,cW-W,5.06,3.07,0.99,1.37,3.59,5.13,4.74,3.45,BI,anti,A,4.51,4.64,2.89,3.75,3.10,3.76,3.76,4.24,0.05,5.83,0.66,5.63,0.38,39.35,0.26,C3'-endo
26,26,0.76,G,G,G,0,0,1,0,0,),6,1,cWW,cW-W,5.14,3.08,0.97,1.35,3.57,5.03,4.81,3.33,BI,anti,A,4.59,4.62,2.95,3.62,3.20,3.64,3.97,4.00,0.02,5.85,0.65,5.62,0.40,39.15,0.29,C3'-endo
27,27,0.79,C,C,C,0,1,0,0,0,),5,1,cWW,cW-W,5.19,3.05,0.97,1.34,3.83,5.08,5.03,3.39,BI,anti,A,4.57,4.72,3.03,3.86,3.20,4.02,3.76,4.46,0.05,5.82,0.68,5.61,0.39,40.25,0.26,C3'-endo
28,28,0.82,G,G,G,0,0,1,0,0,),4,1,cWW,cW-W,5.39,3.07,1.17,2.36,5.10,5.07,0.03,4.11,..,anti,.,0.39,0.47,3.89,5.62,4.25,5.33,4.65,5.44,5.84,0.61,5.75,0.29,0.09,34.62,2.66,C2'-endo
29,29,0.85,A,A,A,1,0,0,0,0,.,,0,,,1.01,4.39,5.09,2.36,3.31,2.45,0.86,3.88,..,anti,.,2.09,2.38,3.73,1.22,4.27,3.74,4.45,4.64,5.77,0.68,5.70,0.30,0.13,38.35,2.62,C2'-endo
30,30,0.88,U,U,U,0,0,0,1,0,.,,0,,,3.08,5.77,3.31,2.44,4.66,1.68,2.98,0.93,..,syn,.,-0.91,0.99,1.01,6.15,4.41,0.53,4.28,0.26,5.91,0.58,5.73,0.36,0.01,33.72,2.80,C2'-endo
31,31,0.91,C,C,C,0,1,0,0,0,.,,0,,,4.33,2.49,3.08,1.46,3.59,3.22,0.37,3.79,..,anti,.,3.82,4.45,4.91,0.50,4.70,3.98,5.23,3.87,6.20,6.01,0.49,5.73,0.40,31.65,0.46,C3'-endo
32,32,0.94,G,G,G,0,0,1,0,0,),3,1,cWW,cW-W,5.08,4.36,1.49,1.46,3.94,4.91,5.31,3.16,BI,anti,A,4.69,4.72,5.21,4.17,1.91,4.16,2.23,4.60,0.11,5.82,0.62,5.71,0.29,36.00,0.15,C3'-endo
33,33,0.97,C,C,C,0,1,0,0,0,),2,1,cWW,cW-W,5.12,2.98,0.94,1.47,3.83,5.03,5.08,3.37,BI,anti,A,4.55,4.67,2.90,3.92,3.16,4.04,4.01,4.11,0.10,5.84,0.60,5.72,0.29,34.88,0.17,C3'-endo
34,34,1.00,C,C,C,0,1,0,0,0,),1,1,cWW,cW-W,5.18,3.29,0.97,2.49,,,,4.17,n/a,anti,-,,,,,,,,,5.88,0.62,5.70,0.37,0.02,35.90,2.78,C2'-endo
