index_chain,old_nt_resnum,nt_position,nt_name,nt_code,nt_align_code,is_A,is_C,is_G,is_U,is_other,dbn,paired,nb_interact,pair_type_LW,pair_type_DSSR,alpha,beta,gamma,delta,epsilon,zeta,epsilon_zeta,chi,bb_type,glyco_bond,form,ssZp,Dp,eta,theta,eta_prime,theta_prime,eta_base,theta_base,v0,v1,v2,v3,v4,amplitude,phase_angle,puckering
1,-4,0.00,G,G,G,0,0,1,0,0,{,190,1,cWW,cW-W,,2.57,3.51,1.42,3.81,4.95,5.14,3.27,BI,anti,A,4.75,4.78,,2.92,,3.20,,3.69,0.17,5.74,0.69,5.68,0.27,39.59,0.08,C3'-endo
2,-3,0.01,U,U,U,0,0,0,1,0,{,189,1,cWW,cW-W,5.22,3.14,0.83,1.36,3.87,4.87,5.28,3.34,BI,anti,A,4.66,4.76,2.97,3.79,3.12,3.88,3.59,4.43,0.08,5.80,0.68,5.63,0.36,39.80,0.21,C3'-endo
3,-2,0.01,U,U,U,0,0,0,1,0,{,188,1,cWW,cW-W,5.59,2.71,0.92,1.34,4.07,4.89,5.46,3.32,..,anti,A,4.53,4.67,3.12,3.82,3.38,3.78,4.14,4.48,6.25,5.89,0.64,5.61,0.44,38.96,0.37,C3'-endo
4,-1,0.01,A,A,A,1,0,0,0,0,{,187,1,cWW,cW-W,4.58,2.53,1.53,1.43,,,,3.18,..,anti,-,,,,,,,,,0.07,5.81,0.66,5.64,0.36,39.03,0.22,C3'-endo
5,not resolved,0.02,-,-,-,0,0,0,0,1,,,0,,,,,,,,,,,,,,,,,,,,,,,,,,,,,
6,not resolved,0.02,-,-,-,0,0,0,0,1,,,0,,,,,,,,,,,,,,,,,,,,,,,,,,,,,
7,not resolved,0.03,-,-,-,0,0,0,0,1,,,0,,,,,,,,,,,,,,,,,,,,,,,,,,,,,
8,not resolved,0.03,-,-,-,0,0,0,0,1,,,0,,,,,,,,,,,,,,,,,,,,,,,,,,,,,
9,not resolved,0.03,-,-,-,0,0,0,0,1,,,0,,,,,,,,,,,,,,,,,,,,,,,,,,,,,
10,not resolved,0.04,-,-,-,0,0,0,0,1,,,0,,,,,,,,,,,,,,,,,,,,,,,,,,,,,
11,6,0.04,C,C,C,0,1,0,0,0,.,271,1,cHW,cM+W,,3.36,2.77,1.43,3.90,5.07,5.11,0.16,BI,syn,.,-4.51,4.68,,3.63,,3.67,,3.11,0.16,5.75,0.69,5.68,0.28,39.41,0.09,C3'-endo
12,7,0.04,C,C,C,0,1,0,0,0,(,270,1,cWW,cW-W,5.27,3.19,0.78,1.41,3.46,5.21,4.53,3.52,BI,anti,A,4.35,4.55,2.93,3.70,3.21,3.71,2.92,4.18,0.06,5.83,0.65,5.65,0.36,38.31,0.23,C3'-endo
13,8,0.05,C,C,C,0,1,0,0,0,(,269,1,cWW,cW-W,4.99,3.12,0.99,1.34,3.96,4.95,5.29,3.39,BI,anti,A,4.44,4.69,2.94,3.78,3.13,3.83,3.82,4.36,0.05,5.81,0.69,5.61,0.39,40.70,0.25,C3'-endo
14,9,0.05,G,G,G,0,0,1,0,0,(,268,1,cWW,cW-W,5.21,2.74,1.06,1.30,3.94,4.84,5.39,3.23,BI,anti,A,4.73,4.74,2.84,3.71,3.12,3.72,3.92,4.19,6.28,5.84,0.69,5.57,0.45,42.03,0.33,C3'-endo
15,10,0.05,G,G,G,0,0,1,0,0,(,267,1,cWW,cW-W,5.39,2.87,0.90,1.37,4.18,4.53,5.93,3.41,..,anti,A,4.41,4.74,3.09,3.64,3.25,3.71,3.90,4.15,0.01,5.86,0.65,5.61,0.42,39.28,0.32,C3'-endo
16,11,0.06,C,C,C,0,1,0,0,0,{,113,1,cWW,cW-W,5.40,2.58,0.87,1.36,4.17,4.57,5.88,3.49,..,anti,.,4.33,4.78,2.89,3.70,3.06,3.84,3.65,3.78,0.01,5.86,0.65,5.61,0.42,39.45,0.31,C3'-endo
17,12,0.06,A,A,A,1,0,0,0,0,.,263,1,tHW,tM-W,5.44,3.03,1.34,2.32,4.94,3.03,1.91,4.13,BII,anti,.,1.08,1.03,4.17,3.35,4.23,2.58,4.00,1.89,5.67,0.73,5.73,0.21,0.25,40.67,2.46,C1'-exo
18,13,0.07,U,U,U,0,0,0,1,0,.,,0,,,0.81,3.83,1.86,2.51,4.94,4.61,0.33,3.93,..,anti,.,0.40,0.44,1.12,5.27,1.40,4.68,0.91,5.26,5.84,0.66,5.68,0.36,0.05,37.48,2.74,C2'-endo
19,14,0.07,G,G,G,0,0,1,0,0,(,262,1,cWW,cW-W,4.49,2.87,1.23,1.34,3.93,4.85,5.36,3.15,BI,anti,A,4.79,4.78,2.27,3.71,3.06,3.73,3.67,4.13,0.05,5.81,0.70,5.60,0.40,41.23,0.25,C3'-endo
20,15,0.07,G,G,G,0,0,1,0,0,(,261,1,cWW,cW-W,5.22,3.01,0.85,1.36,3.87,4.84,5.32,3.28,BI,anti,A,4.72,4.77,2.88,3.73,3.06,3.80,3.72,4.18,0.13,5.75,0.71,5.63,0.33,41.22,0.15,C3'-endo
21,16,0.08,G,G,G,0,0,1,0,0,(,260,1,cWW,cW-W,5.53,2.82,0.91,1.33,3.83,4.96,5.16,3.33,BI,anti,A,4.59,4.69,3.09,3.79,3.31,3.80,3.91,4.52,0.01,5.85,0.67,5.60,0.43,40.47,0.32,C3'-endo
22,17,0.08,U,U,U,0,0,0,1,0,(,259,1,cWW,cW-W,5.28,2.86,0.89,1.33,3.93,4.56,5.66,3.44,BI,anti,A,4.50,4.77,2.87,3.56,3.11,3.60,4.12,4.05,0.07,5.80,0.70,5.60,0.39,41.11,0.23,C3'-endo
23,18,0.08,G,G,G,0,0,1,0,0,(,258,1,cWW,cW-W,5.64,2.59,0.78,1.42,3.86,4.81,5.33,3.36,BI,anti,A,4.51,4.64,2.99,3.80,3.15,3.79,3.76,4.17,0.03,5.87,0.61,5.67,0.36,36.37,0.28,C3'-endo
24,19,0.09,C,C,C,0,1,0,0,0,(,257,1,cWW,cW-W,5.40,2.73,0.87,1.37,3.78,4.91,5.14,3.43,BI,anti,A,4.50,4.66,2.90,3.72,3.15,3.69,3.83,4.04,6.28,5.89,0.62,5.64,0.41,37.86,0.33,C3'-endo
25,20,0.09,A,A,A,1,0,0,0,0,(,256,1,cWW,cW-W,5.17,3.02,0.80,1.38,3.96,4.69,5.55,3.20,BI,anti,A,4.78,4.76,2.85,3.63,2.99,3.73,3.58,4.22,0.04,5.85,0.64,5.65,0.37,37.96,0.26,C3'-endo
26,21,0.09,G,G,G,0,0,1,0,0,(,255,1,cWW,cW-W,5.35,2.61,1.10,1.34,3.88,4.82,5.34,3.45,BI,anti,A,4.44,4.68,2.97,3.75,3.23,3.74,3.92,4.28,0.07,5.80,0.69,5.62,0.37,40.70,0.22,C3'-endo
27,22,0.10,U,U,U,0,0,0,1,0,(,254,1,cWW,cW-W,5.46,2.78,0.94,1.41,3.44,4.92,4.80,3.54,BI,anti,A,4.32,4.51,2.96,4.07,3.26,3.87,4.11,4.17,0.03,5.86,0.63,5.66,0.37,37.37,0.27,C3'-endo
28,23,0.10,C,C,C,0,1,0,0,0,(,253,1,cWW,cW-W,2.82,3.55,2.93,1.39,3.76,4.95,5.09,3.28,BI,anti,A,4.51,4.58,2.82,3.38,3.11,3.42,3.79,3.78,6.25,5.91,0.61,5.64,0.43,37.39,0.37,C3'-endo
29,24,0.11,U,U,U,0,0,0,1,0,(,"126,252",2,"t.H,cWW","t.-M,cW-W",5.14,3.11,0.95,1.44,4.00,3.50,0.50,3.52,..,anti,.,4.20,4.65,3.05,2.60,3.22,2.90,3.68,2.65,0.02,5.87,0.62,5.66,0.38,37.24,0.29,C3'-endo
30,25,0.11,A,A,A,1,0,0,0,0,.,,0,,,5.57,2.37,0.95,2.59,3.90,1.54,2.36,4.30,..,anti,.,2.00,1.86,3.19,2.02,3.51,1.14,2.99,4.00,5.81,0.73,5.60,0.43,0.02,41.86,2.78,C2'-endo
31,26,0.11,U,U,U,0,0,0,1,0,.,47,1,tWH,tW-M,0.72,3.06,0.74,1.48,3.89,5.03,5.14,3.21,BI,anti,A,4.72,4.76,5.25,3.98,5.32,4.03,2.67,4.39,0.18,5.75,0.65,5.72,0.24,37.33,0.05,C3'-endo
32,27,0.12,A,A,A,1,0,0,0,0,.,46,1,tHS,tM-m,5.31,3.08,0.73,1.35,3.70,5.47,4.51,3.50,BI,anti,.,4.45,4.70,2.87,4.14,3.15,4.27,3.80,5.15,0.06,5.82,0.68,5.62,0.38,40.05,0.24,C3'-endo
33,28,0.12,G,G,G,0,0,1,0,0,(,45,1,cWW,cW-W,4.81,3.12,1.15,1.42,3.66,5.00,4.95,3.25,BI,anti,A,4.71,4.69,2.78,3.73,3.32,3.68,4.66,3.94,0.11,5.79,0.67,5.65,0.33,39.20,0.17,C3'-endo
34,29,0.12,G,G,G,0,0,1,0,0,(,44,1,cWW,cW-W,4.82,2.84,1.48,1.36,3.80,4.90,5.19,3.10,BI,anti,.,4.76,4.73,2.97,3.70,3.19,3.71,3.80,3.93,0.08,5.80,0.68,5.63,0.36,39.94,0.21,C3'-endo
35,30,0.13,G,G,G,0,0,1,0,0,(,43,1,cWW,cW-W,5.36,2.85,1.19,1.41,3.89,4.89,5.28,3.22,BI,anti,A,4.49,4.55,3.25,3.85,3.50,3.89,3.95,4.58,6.24,5.94,0.58,5.66,0.42,35.93,0.39,C3'-endo
36,31,0.13,U,U,U,0,0,0,1,0,.,40,1,tWH,tW-M,5.47,2.87,0.77,1.50,4.18,4.93,5.53,3.61,..,anti,.,3.88,4.52,3.08,4.15,3.35,4.17,4.24,5.01,6.26,5.96,0.53,5.73,0.37,32.49,0.37,C3'-endo
37,32,0.13,G,G,G,0,0,1,0,0,.,250,1,tSW,tm+W,5.22,2.52,1.08,1.31,3.71,5.44,4.56,3.68,BI,anti,.,4.11,4.69,2.63,4.32,3.10,3.44,4.27,2.37,6.23,5.89,0.65,5.58,0.47,40.55,0.40,C3'-endo
38,33,0.14,A,A,A,1,0,0,0,0,.,,0,,,3.03,2.37,0.95,1.49,3.98,5.08,5.19,3.26,BI,anti,.,4.37,4.45,0.39,4.18,0.86,4.14,0.47,4.92,6.22,6.00,0.50,5.74,0.38,31.48,0.43,C3'-endo
39,34,0.14,G,G,G,0,0,1,0,0,.,,0,,,4.92,2.83,1.27,1.50,4.11,5.00,5.40,3.70,..,anti,.,3.65,4.45,2.94,4.04,3.35,4.14,4.45,4.24,6.23,5.97,0.54,5.70,0.40,33.69,0.41,C3'-endo
40,35,0.15,A,A,A,1,0,0,0,0,.,36,1,tHW,tM-W,5.40,3.62,0.75,2.43,4.51,2.91,1.60,5.06,BII,anti,.,0.26,1.17,3.66,3.31,3.96,2.63,3.98,2.02,5.85,0.61,5.74,0.32,0.07,34.63,2.70,C2'-endo
41,36,0.15,G,G,G,0,0,1,0,0,.,,0,,,1.47,3.75,1.30,1.54,3.84,4.98,5.15,3.26,BI,anti,A,4.39,4.50,0.83,4.08,0.81,4.18,0.97,4.48,0.00,5.95,0.52,5.75,0.34,31.34,0.32,C3'-endo
42,37,0.15,U,U,U,0,0,0,1,0,.,,0,,,5.53,2.91,0.84,2.35,4.21,5.14,5.36,3.99,..,anti,.,1.99,1.78,3.27,5.19,3.78,4.86,4.26,5.50,5.78,0.65,5.74,0.26,0.15,36.57,2.58,C2'-endo
43,38,0.16,C,C,C,0,1,0,0,0,),35,1,cWW,cW-W,4.43,3.26,0.97,1.36,4.06,4.64,5.71,3.17,..,anti,A,4.80,4.82,2.26,3.71,2.96,3.82,3.78,4.04,0.08,5.80,0.68,5.63,0.36,39.91,0.21,C3'-endo
44,39,0.16,C,C,C,0,1,0,0,0,),34,1,cWW,cW-W,5.56,2.78,0.80,1.38,3.63,5.17,4.74,3.39,BI,anti,A,4.44,4.50,3.00,3.82,3.20,3.81,3.58,4.26,6.21,5.95,0.59,5.63,0.46,37.52,0.43,C3'-endo
45,40,0.16,C,C,C,0,1,0,0,0,),33,1,cWW,cW-W,5.04,2.95,1.21,1.31,3.99,4.97,5.30,3.29,BI,anti,.,4.54,4.61,3.04,3.83,3.28,3.91,4.01,4.89,6.17,5.95,0.63,5.57,0.52,40.62,0.48,C3'-endo
46,41,0.17,G,G,G,0,0,1,0,0,.,32,1,tSH,tm-M,5.27,2.75,0.91,1.41,4.00,3.38,0.63,3.32,..,anti,.,4.67,4.79,2.80,2.85,3.17,2.64,4.47,2.55,0.08,5.82,0.65,5.66,0.34,38.31,0.21,C3'-endo
47,42,0.17,A,A,A,1,0,0,0,0,.,31,1,tHW,tM-W,1.27,4.45,3.83,1.44,4.44,5.42,5.30,2.88,..,anti,.,4.77,4.79,3.48,3.92,3.13,4.19,2.81,5.25,0.10,5.80,0.66,5.66,0.33,38.29,0.18,C3'-endo
48,43,0.17,A,A,A,1,0,0,0,0,(,70,1,cWW,cW-W,5.26,2.85,0.87,1.37,3.72,4.96,5.04,3.42,BI,anti,A,4.46,4.61,2.55,3.69,3.26,3.73,4.83,4.32,6.27,5.89,0.62,5.64,0.42,37.83,0.34,C3'-endo
49,44,0.18,C,C,C,0,1,0,0,0,(,69,1,cWW,cW-W,4.96,3.08,1.05,1.43,3.62,5.11,4.80,3.32,BI,anti,A,4.59,4.63,2.87,3.82,3.09,3.80,3.92,4.19,0.06,5.84,0.64,5.65,0.36,38.05,0.24,C3'-endo
50,45,0.18,U,U,U,0,0,0,1,0,(,68,1,cWW,cW-W,4.81,3.22,1.03,1.38,3.65,5.03,4.90,3.44,BI,anti,A,4.54,4.68,2.80,3.72,3.01,3.74,3.71,4.21,0.06,5.81,0.68,5.63,0.37,39.84,0.23,C3'-endo
51,46,0.19,G,G,G,0,0,1,0,0,(,67,1,cWW,cW-W,5.24,2.89,0.98,1.38,3.67,4.95,5.00,3.31,BI,anti,A,4.61,4.61,2.94,3.66,3.21,3.66,3.96,3.98,6.27,5.89,0.63,5.63,0.42,38.08,0.34,C3'-endo
52,47,0.19,U,U,U,0,0,0,1,0,(,66,1,cWW,cW-W,5.16,3.08,0.96,1.39,3.76,5.48,4.57,3.30,BI,anti,.,4.63,4.67,3.00,4.20,3.16,4.26,3.69,5.18,0.00,5.86,0.65,5.62,0.42,39.20,0.32,C3'-endo
53,48,0.19,G,G,G,0,0,1,0,0,.,65,1,tSH,tm-M,4.96,3.06,1.08,1.33,3.73,4.62,5.39,3.58,BI,anti,.,4.22,4.68,2.84,2.83,3.34,2.60,4.69,2.41,0.01,5.85,0.66,5.61,0.42,39.93,0.31,C3'-endo
54,49,0.20,A,A,A,1,0,0,0,0,.,64,1,tHW,tM-W,4.44,1.62,2.48,1.39,3.63,4.28,5.63,3.07,BI,anti,.,4.51,4.55,3.27,2.27,2.93,2.43,2.62,1.94,6.26,5.91,0.61,5.64,0.42,37.35,0.36,C3'-endo
55,50,0.20,A,A,A,1,0,0,0,0,.,203,1,cHW,cM+W,2.90,2.52,3.05,2.58,4.90,2.03,2.87,4.15,..,anti,.,0.83,0.64,3.73,1.86,3.15,2.05,2.31,1.85,5.92,0.60,5.69,0.40,6.25,35.49,2.86,C2'-endo
56,51,0.20,G,G,G,0,0,1,0,0,[,210,1,cWW,cW-W,0.52,2.28,1.11,1.42,3.99,4.71,5.57,3.08,BI,anti,A,4.86,4.82,5.31,3.89,5.25,3.80,5.70,4.18,0.11,5.78,0.69,5.63,0.34,40.03,0.17,C3'-endo
57,52,0.21,G,G,G,0,0,1,0,0,[,209,1,cWW,cW-W,5.56,2.85,0.65,1.41,3.81,4.81,5.29,3.30,BI,anti,A,4.66,4.71,2.95,3.70,3.14,3.75,3.91,4.17,0.10,5.78,0.69,5.63,0.34,40.06,0.18,C3'-endo
58,53,0.21,C,C,C,0,1,0,0,0,[,208,1,cWW,cW-W,5.29,2.91,0.88,1.36,3.90,4.70,5.48,3.33,BI,anti,A,4.67,4.77,2.92,3.68,3.07,3.72,3.72,4.17,0.11,5.76,0.71,5.62,0.34,41.25,0.17,C3'-endo
59,54,0.21,A,A,A,1,0,0,0,0,[,207,1,cWW,cW-W,5.61,2.84,0.59,1.37,3.85,5.01,5.12,3.29,BI,anti,.,4.70,4.78,2.91,3.87,3.06,3.91,3.75,4.10,0.13,5.77,0.69,5.65,0.32,39.95,0.14,C3'-endo
60,55,0.22,G,G,G,0,0,1,0,0,[,206,1,cWW,cW-W,5.47,2.95,0.91,1.28,3.66,4.76,5.18,3.28,BI,anti,.,4.43,4.48,3.08,3.85,3.32,3.72,3.75,4.15,6.14,5.98,0.61,5.58,0.54,40.19,0.53,C3'-endo
61,56,0.22,A,A,A,1,0,0,0,0,[,205,1,cWW,cW-W,1.65,3.50,4.20,1.59,3.55,4.98,4.85,3.27,BI,anti,.,4.42,4.51,3.08,3.61,3.21,3.73,3.94,4.16,0.20,5.81,0.56,5.82,0.17,32.08,6.26,C2'-exo
62,57,0.23,A,A,A,1,0,0,0,0,[,204,1,cWW,cW-W,2.77,3.84,3.01,1.43,3.98,5.46,4.81,3.07,BI,anti,.,4.01,4.20,3.01,4.11,3.44,4.30,4.07,5.46,6.08,6.11,0.45,5.70,0.49,33.19,0.67,C4'-exo
63,58,0.23,G,G,G,0,0,1,0,0,.,64,1,cSH,cm+M,5.00,3.03,1.16,2.67,3.44,2.54,0.90,4.47,..,anti,.,1.81,1.89,2.59,2.41,3.75,1.92,5.13,2.33,5.90,0.68,5.58,0.50,6.21,41.14,2.92,C2'-endo
64,59,0.23,U,U,U,0,0,0,1,0,.,"54,63",2,"tWH,cHS","tW-M,cM+m",5.17,2.47,0.80,1.43,3.94,4.97,5.26,3.05,BI,anti,A,4.45,4.53,3.02,4.03,2.87,4.03,2.99,4.39,6.24,5.94,0.57,5.67,0.41,35.44,0.39,C3'-endo
65,60,0.24,A,A,A,1,0,0,0,0,.,53,1,tHS,tM-m,5.11,3.11,0.99,1.43,3.87,5.23,4.92,3.59,BI,anti,.,4.06,4.54,2.96,4.10,3.22,4.17,3.86,5.15,6.26,5.94,0.56,5.69,0.39,34.51,0.37,C3'-endo
66,61,0.24,A,A,A,1,0,0,0,0,),52,1,cWW,cW-W,5.13,2.88,0.95,1.46,3.90,4.84,5.35,3.47,BI,anti,A,4.44,4.76,2.81,3.82,3.26,3.82,4.58,4.12,0.15,5.77,0.67,5.68,0.29,38.38,0.11,C3'-endo
67,62,0.24,C,C,C,0,1,0,0,0,),51,1,cWW,cW-W,5.37,2.59,0.98,1.34,3.71,4.86,5.13,3.41,BI,anti,A,4.58,4.66,2.89,3.63,3.19,3.66,3.80,4.21,6.27,5.87,0.67,5.59,0.45,40.64,0.35,C3'-endo
68,63,0.25,A,A,A,1,0,0,0,0,),50,1,cWW,cW-W,5.39,3.08,0.66,1.52,3.63,4.95,4.96,3.52,BI,anti,A,4.45,4.63,2.98,3.73,3.16,3.76,3.91,4.09,0.10,5.85,0.59,5.74,0.28,34.08,0.16,C3'-endo
69,64,0.25,G,G,G,0,0,1,0,0,),49,1,cWW,cW-W,5.25,2.95,0.90,1.42,3.76,5.16,4.88,3.53,BI,anti,A,4.36,4.66,2.99,3.94,3.20,3.93,3.74,4.46,0.05,5.85,0.64,5.66,0.36,37.72,0.25,C3'-endo
70,65,0.25,U,U,U,0,0,0,1,0,),48,1,cWW,cW-W,5.05,3.00,0.96,1.36,4.00,1.18,2.82,3.65,..,anti,.,4.01,4.69,2.88,6.12,3.16,5.64,3.94,5.45,6.25,5.90,0.62,5.62,0.44,38.46,0.38,C3'-endo
71,66,0.26,U,U,U,0,0,0,1,0,.,126,1,tWW,tW+W,4.24,4.63,5.48,1.40,3.43,4.94,4.78,3.51,BI,anti,.,4.18,4.35,1.99,2.40,2.49,2.75,3.16,3.24,6.21,5.96,0.57,5.66,0.44,36.09,0.43,C3'-endo
72,67,0.26,A,A,A,1,0,0,0,0,.,"125,253",2,"tHS,tSS","tM-m,tm+m",4.70,3.08,1.24,1.52,4.50,4.92,5.87,3.62,..,anti,.,3.69,4.66,3.11,4.94,3.17,4.90,3.48,5.37,0.01,5.91,0.57,5.70,0.36,34.38,0.31,C3'-endo
73,68,0.27,G,G,G,0,0,1,0,0,(,124,1,cWW,cW-W,1.80,4.05,3.81,1.52,3.89,4.82,5.36,3.18,BI,anti,A,4.73,4.74,2.94,3.03,3.51,3.22,4.56,3.54,0.17,5.80,0.60,5.76,0.22,34.68,0.05,C3'-endo
74,69,0.27,C,C,C,0,1,0,0,0,(,123,1,cWW,cW-W,5.26,2.93,0.96,1.42,3.54,5.10,4.72,3.45,BI,anti,A,4.35,4.50,2.95,3.73,3.19,3.73,3.62,4.19,0.01,5.88,0.62,5.65,0.39,37.48,0.31,C3'-endo
75,70,0.27,C,C,C,0,1,0,0,0,(,122,1,cWW,cW-W,5.09,3.02,1.20,1.45,3.92,4.72,5.49,3.29,BI,anti,A,4.41,4.54,3.17,3.76,3.40,3.90,4.08,4.07,6.25,5.94,0.57,5.67,0.41,35.28,0.38,C3'-endo
76,71,0.28,U,U,U,0,0,0,1,0,.,120,1,tWH,tW-M,5.66,2.81,0.80,2.50,4.84,3.72,1.12,4.18,..,anti,.,0.87,0.70,3.53,4.42,3.97,3.54,4.17,3.55,5.82,0.67,5.67,0.37,0.06,38.40,2.73,C2'-endo
77,72,0.28,A,A,A,1,0,0,0,0,.,,0,,,0.90,3.51,0.85,2.44,4.98,4.43,0.54,5.33,..,anti,.,-0.49,0.72,5.90,4.75,0.26,4.30,0.20,1.17,5.91,0.58,5.73,0.35,0.01,33.52,2.79,C2'-endo
78,73,0.28,A,A,A,1,0,0,0,0,.,119,1,tHS,tM-m,5.72,3.92,0.99,1.44,3.80,5.56,4.53,3.47,BI,anti,.,4.37,4.57,4.27,4.37,4.81,4.52,2.11,5.44,6.25,5.93,0.57,5.68,0.40,35.30,0.37,C3'-endo
79,74,0.29,C,C,C,0,1,0,0,0,(,118,1,cWW,cW-W,4.87,2.98,1.03,1.36,3.80,4.86,5.22,3.33,BI,anti,A,4.68,4.74,2.64,3.73,3.25,3.74,4.65,4.13,0.07,5.81,0.68,5.62,0.37,40.12,0.23,C3'-endo
80,75,0.29,G,G,G,0,0,1,0,0,(,117,1,cWW,cW-W,5.59,2.99,0.68,1.35,3.64,5.09,4.83,3.43,BI,anti,A,4.54,4.67,3.03,3.69,3.20,3.73,3.82,4.13,0.03,5.85,0.64,5.64,0.38,38.34,0.28,C3'-endo
81,76,0.29,C,C,C,0,1,0,0,0,(,116,1,cWW,cW-W,5.22,2.92,1.09,1.32,3.53,5.93,3.88,3.33,BI,anti,.,4.59,4.61,3.00,4.47,3.27,4.41,3.94,4.69,0.00,5.87,0.65,5.62,0.42,39.31,0.32,C3'-endo
82,77,0.30,A,A,A,1,0,0,0,0,.,,0,,,3.57,2.79,2.80,1.33,4.20,3.96,0.24,2.01,..,...,.,2.36,4.68,3.24,2.31,3.70,2.64,4.72,2.46,6.26,5.89,0.65,5.60,0.45,39.71,0.36,C3'-endo
83,78,0.30,A,A,A,1,0,0,0,0,.,,0,,,4.81,2.84,0.95,1.48,3.65,5.05,4.88,3.37,BI,anti,.,4.57,4.63,2.87,4.58,2.72,4.57,2.21,5.11,0.13,5.81,0.62,5.72,0.27,35.60,0.12,C3'-endo
84,79,0.31,G,G,G,0,0,1,0,0,.,,0,,,2.59,4.04,3.02,1.47,3.72,5.37,4.63,3.03,BI,anti,.,4.63,4.69,2.86,3.95,3.62,3.81,4.91,4.33,0.14,5.78,0.65,5.70,0.28,37.44,0.11,C3'-endo
85,80,0.31,G,G,G,0,0,1,0,0,.,105,1,cW.,cW-.,4.80,3.43,0.92,1.34,3.57,5.05,4.80,3.33,BI,anti,A,4.66,4.67,2.78,3.60,3.11,3.70,4.07,4.26,0.05,5.83,0.67,5.62,0.39,39.80,0.26,C3'-endo
86,81,0.31,G,G,G,0,0,1,0,0,.,105,1,cWW,cW-W,5.22,3.09,0.97,1.41,3.89,4.90,5.28,3.47,BI,anti,A,4.47,4.75,3.11,3.84,3.31,3.87,3.99,4.45,0.06,5.85,0.63,5.67,0.35,37.19,0.24,C3'-endo
87,82,0.32,U,U,U,0,0,0,1,0,(,104,1,cWW,cW-W,5.35,2.76,0.88,1.38,4.20,2.74,1.46,3.49,BII,anti,.,4.29,4.78,2.97,2.41,3.20,2.27,4.02,1.67,0.03,5.85,0.64,5.64,0.39,38.33,0.28,C3'-endo
88,83,0.32,G,G,G,0,0,1,0,0,.,,0,,,2.55,4.38,0.73,2.48,4.61,4.73,6.16,4.90,..,anti,.,0.14,1.13,1.84,5.17,1.75,4.93,1.58,5.68,5.94,0.57,5.72,0.38,6.26,33.58,2.85,C2'-endo
89,84,0.32,U,U,U,0,0,0,1,0,.,,0,,,4.85,3.89,0.76,1.42,3.62,4.93,4.97,3.34,BI,anti,.,4.52,4.58,2.90,3.51,3.36,3.59,3.32,3.42,0.02,5.87,0.62,5.66,0.38,37.11,0.29,C3'-endo
90,85,0.33,C,C,C,0,1,0,0,0,(,103,1,cWW,cW-W,4.89,3.04,1.17,1.41,3.78,4.97,5.09,3.75,BI,anti,.,3.77,4.44,2.94,3.75,3.05,3.75,2.93,4.14,6.17,6.00,0.54,5.67,0.46,34.99,0.50,C3'-endo
91,86,0.33,C,C,C,0,1,0,0,0,(,102,1,cWW,cW-W,5.13,2.96,1.06,1.28,3.59,4.85,5.02,3.99,BI,anti,.,3.25,4.56,2.92,3.44,3.17,3.45,3.73,3.93,6.19,5.94,0.63,5.58,0.51,40.44,0.46,C3'-endo
92,87,0.33,G,G,G,0,0,1,0,0,(,101,1,cWW,cW-W,5.41,2.91,0.84,1.33,4.10,4.86,5.53,3.20,..,anti,A,4.73,4.78,3.08,3.88,3.18,3.98,3.78,4.69,0.07,5.80,0.70,5.61,0.38,40.89,0.23,C3'-endo
93,88,0.34,U,U,U,0,0,0,1,0,(,100,1,cWW,cW-W,5.48,2.86,0.75,1.37,3.79,4.86,5.21,3.49,BI,anti,A,4.43,4.68,2.88,3.69,3.16,3.71,4.14,4.12,0.04,5.84,0.66,5.63,0.39,39.40,0.27,C3'-endo
94,89,0.34,G,G,G,0,0,1,0,0,(,99,1,cWW,cW-W,5.47,2.95,0.61,1.33,3.87,4.91,5.24,3.47,BI,anti,A,4.42,4.71,2.88,3.73,3.02,3.81,3.63,4.26,0.04,5.84,0.67,5.62,0.40,39.94,0.28,C3'-endo
95,90,0.35,G,G,G,0,0,1,0,0,.,98,1,tSH,tm-M,5.47,2.83,0.78,1.29,4.00,5.30,4.98,3.45,BI,anti,.,4.39,4.73,2.93,4.19,3.14,3.43,3.78,2.48,6.25,5.88,0.66,5.59,0.46,40.55,0.37,C3'-endo
96,91,0.35,A,A,A,1,0,0,0,0,.,,0,,,3.32,2.24,0.91,1.50,4.09,4.79,5.59,3.49,..,anti,B,3.94,4.29,0.54,3.99,0.96,3.87,0.47,4.36,6.15,6.08,0.45,5.75,0.43,30.57,0.58,C3'-endo
97,92,0.35,A,A,A,1,0,0,0,0,.,,0,,,4.94,2.52,1.28,1.36,3.88,4.57,5.60,3.54,BI,anti,.,4.25,4.67,2.70,3.60,3.02,3.59,3.85,4.13,6.23,5.93,0.60,5.64,0.44,37.44,0.40,C3'-endo
98,93,0.36,A,A,A,1,0,0,0,0,.,95,1,tHS,tM-m,5.74,2.61,0.73,1.46,3.75,5.30,4.73,4.03,BI,anti,.,3.04,4.55,3.06,4.87,3.28,4.93,4.00,5.44,0.03,5.87,0.61,5.67,0.37,36.54,0.28,C3'-endo
99,94,0.36,C,C,C,0,1,0,0,0,),94,1,cWW,cW-W,2.59,4.00,3.03,1.44,3.93,4.87,5.35,3.37,BI,anti,A,4.54,4.70,2.90,3.55,3.74,3.49,4.78,4.03,0.06,5.85,0.63,5.67,0.35,37.05,0.24,C3'-endo
100,95,0.36,A,A,A,1,0,0,0,0,),93,1,cWW,cW-W,5.14,2.78,1.06,1.39,4.01,4.74,5.55,3.41,BI,anti,A,4.52,4.74,2.88,3.83,3.14,3.84,3.95,4.42,0.05,5.84,0.65,5.64,0.37,38.56,0.25,C3'-endo
101,96,0.37,U,U,U,0,0,0,1,0,),92,1,cWW,cW-W,5.49,2.76,0.71,1.36,3.66,4.95,4.99,3.56,BI,anti,A,4.35,4.69,2.79,3.66,3.05,3.63,3.94,3.75,0.08,5.80,0.69,5.62,0.37,40.43,0.21,C3'-endo
102,97,0.37,G,G,G,0,0,1,0,0,),91,1,cWW,cW-W,5.24,3.03,0.83,1.36,3.38,4.80,4.87,3.47,BI,anti,A,4.40,4.50,2.87,3.79,3.03,3.68,3.40,4.16,6.27,5.88,0.64,5.61,0.43,39.18,0.34,C3'-endo
103,98,0.37,G,G,G,0,0,1,0,0,),90,1,cWW,cW-W,2.87,3.55,2.83,1.42,4.09,4.97,5.41,2.79,..,anti,.,4.65,4.82,2.78,3.74,3.01,3.78,3.84,4.19,0.18,5.74,0.68,5.69,0.26,39.15,0.07,C3'-endo
104,99,0.38,A,A,A,1,0,0,0,0,),87,1,cWW,cW-W,5.15,3.32,0.97,1.37,3.60,5.12,4.76,3.04,BI,anti,.,4.66,4.68,3.02,3.70,3.25,3.83,3.94,4.34,0.08,5.80,0.68,5.63,0.36,40.06,0.21,C3'-endo
105,100,0.38,A,A,A,1,0,0,0,0,.,"85,86",2,"c.W,cWW","c.-W,cW-W",5.07,3.48,1.04,1.45,,,,3.20,..,anti,-,,,,,,,,,0.10,5.82,0.62,5.70,0.30,36.25,0.17,C3'-endo
106,not resolved,0.39,-,-,-,0,0,0,0,1,,,0,,,,,,,,,,,,,,,,,,,,,,,,,,,,,
107,not resolved,0.39,-,-,-,0,0,0,0,1,,,0,,,,,,,,,,,,,,,,,,,,,,,,,,,,,
108,not resolved,0.39,-,-,-,0,0,0,0,1,,,0,,,,,,,,,,,,,,,,,,,,,,,,,,,,,
109,not resolved,0.40,-,-,-,0,0,0,0,1,,,0,,,,,,,,,,,,,,,,,,,,,,,,,,,,,
110,not resolved,0.40,-,-,-,0,0,0,0,1,,,0,,,,,,,,,,,,,,,,,,,,,,,,,,,,,
111,not resolved,0.40,-,-,-,0,0,0,0,1,,,0,,,,,,,,,,,,,,,,,,,,,,,,,,,,,
112,not resolved,0.41,-,-,-,0,0,0,0,1,,,0,,,,,,,,,,,,,,,,,,,,,,,,,,,,,
113,108,0.41,G,G,G,0,0,1,0,0,},16,1,cWW,cW-W,,3.18,0.59,2.53,4.11,3.05,1.06,4.21,BII,anti,.,1.10,1.32,,3.34,,3.08,,2.88,5.87,0.65,5.66,0.40,0.01,37.83,2.80,C2'-endo
114,109,0.41,A,A,A,1,0,0,0,0,.,,0,,,0.93,2.56,1.26,1.56,3.89,0.99,2.90,3.34,..,anti,.,4.14,4.31,5.54,0.43,5.53,0.13,5.85,0.18,6.21,6.02,0.47,5.75,0.38,30.41,0.46,C3'-endo
115,110,0.42,A,A,A,1,0,0,0,0,.,264,1,cHW,cM+W,1.26,3.34,5.16,2.46,3.91,1.16,2.75,0.94,..,syn,.,-2.16,2.03,4.29,0.55,4.79,0.50,5.09,0.18,5.91,0.55,5.77,0.31,0.03,31.71,2.75,C2'-endo
116,111,0.42,G,G,G,0,0,1,0,0,),81,1,cWW,cW-W,0.96,3.52,5.38,1.56,3.93,4.87,5.34,3.13,BI,anti,A,4.69,4.71,4.10,3.18,4.19,3.41,5.00,3.95,0.16,5.82,0.58,5.78,0.22,33.00,0.06,C3'-endo
117,112,0.43,C,C,C,0,1,0,0,0,),80,1,cWW,cW-W,5.15,2.99,0.87,1.35,3.85,5.00,5.13,3.36,BI,anti,A,4.64,4.75,2.84,3.84,3.03,3.91,3.51,4.37,0.04,5.82,0.68,5.61,0.40,40.29,0.26,C3'-endo
118,113,0.43,G,G,G,0,0,1,0,0,),79,1,cWW,cW-W,5.53,2.90,0.78,1.26,3.57,4.80,5.05,3.36,BI,anti,.,4.49,4.55,2.95,4.04,3.26,4.05,4.02,5.03,6.22,5.90,0.67,5.56,0.49,41.66,0.41,C3'-endo
119,114,0.43,G,G,G,0,0,1,0,0,.,78,1,tSH,tm-M,2.93,4.00,2.62,1.36,4.66,3.77,0.88,3.19,..,anti,.,4.56,4.73,2.92,3.30,3.27,3.06,4.54,2.78,0.03,5.85,0.65,5.63,0.40,39.06,0.29,C3'-endo
120,115,0.44,A,A,A,1,0,0,0,0,.,76,1,tHW,tM-W,0.77,4.60,4.21,1.56,4.00,4.68,5.60,3.15,..,anti,.,4.38,4.50,3.52,3.07,3.24,2.74,2.94,1.58,0.07,5.92,0.51,5.80,0.27,29.78,0.20,C3'-endo
121,116,0.44,C,C,C,0,1,0,0,0,.,,0,,,3.29,3.30,0.74,2.56,4.74,4.80,6.23,2.15,..,...,.,-0.23,0.45,1.25,5.33,1.71,4.97,0.99,5.46,5.91,0.62,5.66,0.42,6.25,37.00,2.87,C2'-endo
122,117,0.44,G,G,G,0,0,1,0,0,),75,1,cWW,cW-W,4.88,3.31,0.69,1.39,3.84,4.91,5.21,3.22,BI,anti,A,4.75,4.77,2.38,3.71,3.08,3.83,3.49,4.37,0.17,5.74,0.69,5.67,0.28,39.63,0.09,C3'-endo
123,118,0.45,G,G,G,0,0,1,0,0,),74,1,cWW,cW-W,5.42,2.99,0.79,1.39,3.65,5.10,4.83,3.33,BI,anti,A,4.55,4.62,2.95,3.78,3.18,3.82,3.95,4.14,0.14,5.76,0.70,5.65,0.31,40.49,0.13,C3'-endo
124,119,0.45,C,C,C,0,1,0,0,0,),73,1,cWW,cW-W,5.01,3.04,1.30,1.36,3.72,5.09,4.91,3.37,BI,anti,A,4.44,4.58,3.06,3.82,3.32,3.83,3.90,4.44,6.27,5.87,0.66,5.60,0.44,40.23,0.34,C3'-endo
125,120,0.45,A,A,A,1,0,0,0,0,.,72,1,tSH,tm-M,5.06,2.99,1.15,1.44,4.43,3.33,1.09,3.38,BII,anti,.,4.22,4.62,3.15,2.53,3.39,3.00,4.22,3.13,6.28,5.89,0.61,5.65,0.40,37.14,0.33,C3'-endo
126,121,0.46,A,A,A,1,0,0,0,0,.,"29,71",2,"tH.,tWW","tM-.,tW+W",5.53,3.04,0.57,2.61,4.58,2.97,1.61,1.00,BII,syn,.,-0.33,0.51,3.97,3.01,3.76,3.04,3.24,3.71,5.91,0.65,5.62,0.46,6.22,39.18,2.90,C2'-endo
127,122,0.46,A,A,A,1,0,0,0,0,.,249,1,tHS,tM-m,5.18,3.14,0.89,1.48,3.90,5.41,4.77,3.42,BI,anti,.,4.48,4.67,4.00,4.30,3.77,4.38,3.74,5.29,0.09,5.85,0.60,5.72,0.30,34.79,0.18,C3'-endo
128,123,0.47,C,C,C,0,1,0,0,0,(,248,1,cWW,cW-W,4.89,2.90,1.16,1.47,3.76,4.71,5.34,3.34,BI,anti,A,4.56,4.60,2.74,3.67,3.31,3.65,4.69,3.96,6.28,5.92,0.57,5.70,0.37,34.19,0.33,C3'-endo
129,124,0.47,C,C,C,0,1,0,0,0,(,247,1,cWW,cW-W,5.60,2.79,0.70,1.41,3.54,5.10,4.72,3.42,BI,anti,A,4.42,4.51,2.98,3.70,3.19,3.70,3.75,3.99,6.25,5.93,0.59,5.66,0.41,36.04,0.37,C3'-endo
130,125,0.47,U,U,U,0,0,0,1,0,(,246,1,cWW,cW-W,5.03,3.35,0.79,1.40,3.62,5.12,4.78,3.55,BI,anti,A,4.32,4.62,2.91,3.69,3.04,3.75,3.54,4.29,0.08,5.80,0.67,5.64,0.35,39.34,0.21,C3'-endo
131,126,0.48,U,U,U,0,0,0,1,0,(,245,1,cWW,cW-W,4.89,3.02,1.18,1.35,3.66,5.01,4.93,3.51,BI,anti,A,4.45,4.68,2.83,3.69,3.12,3.68,3.91,3.95,0.07,5.79,0.70,5.61,0.38,41.06,0.22,C3'-endo
132,127,0.48,C,C,C,0,1,0,0,0,(,244,1,cWW,cW-W,5.16,3.00,1.06,1.34,3.68,4.69,5.27,3.39,BI,anti,.,4.55,4.64,2.98,3.96,3.20,3.78,3.72,3.92,6.23,5.91,0.64,5.60,0.46,39.43,0.39,C3'-endo
133,128,0.48,G,G,G,0,0,1,0,0,(,"179,243",2,"tSS,cWW","tm+m,cW-W",2.11,3.49,3.83,1.53,4.14,5.01,5.41,3.14,..,anti,.,4.81,4.81,3.11,3.41,3.19,3.62,3.59,4.59,0.17,5.79,0.61,5.76,0.22,34.93,0.04,C3'-endo
134,129,0.49,G,G,G,0,0,1,0,0,(,239,1,cWW,cW-W,5.16,2.70,1.15,1.40,4.07,4.88,5.47,3.27,..,anti,A,4.61,4.74,2.89,3.89,3.29,3.90,4.47,4.58,0.05,5.83,0.65,5.64,0.37,38.71,0.25,C3'-endo
135,130,0.49,U,U,U,0,0,0,1,0,(,238,1,cWW,cW-W,5.30,2.78,0.92,1.36,3.57,5.09,4.77,3.55,BI,anti,A,4.33,4.62,2.80,3.72,3.15,3.73,4.19,4.20,0.05,5.81,0.70,5.60,0.40,41.41,0.25,C3'-endo
136,131,0.49,C,C,C,0,1,0,0,0,(,237,1,cWW,cW-W,5.23,3.05,0.95,1.45,3.61,5.15,4.75,3.50,BI,anti,A,4.41,4.61,3.04,3.84,3.31,3.84,4.03,4.23,0.06,5.86,0.61,5.69,0.34,35.90,0.24,C3'-endo
137,132,0.50,U,U,U,0,0,0,1,0,(,236,1,cWW,cW-W,5.10,3.26,0.82,1.48,3.68,5.13,4.83,3.59,BI,anti,A,4.19,4.53,2.99,3.82,3.19,3.84,3.80,4.36,0.01,5.92,0.55,5.72,0.35,32.94,0.31,C3'-endo
138,133,0.50,G,G,G,0,0,1,0,0,(,235,1,cWW,cW-W,5.02,2.87,1.02,1.27,4.20,1.73,2.46,3.44,..,anti,.,4.37,4.82,2.82,0.59,3.09,0.68,3.86,1.78,0.05,5.79,0.73,5.56,0.42,43.27,0.26,C3'-endo
139,134,0.51,A,A,A,1,0,0,0,0,.,"146,147",2,"tHW,tHS","tM-W,tM-m",3.71,2.99,2.54,1.52,3.75,5.39,4.65,3.26,BI,anti,.,4.51,4.56,3.91,3.87,4.32,3.86,3.56,4.81,0.06,5.88,0.57,5.74,0.31,33.30,0.22,C3'-endo
140,135,0.51,G,G,G,0,0,1,0,0,(,146,1,cWW,cW-W,4.73,3.19,0.99,1.46,4.03,5.35,4.96,3.40,BI,anti,.,4.51,4.74,2.72,4.41,3.14,4.48,4.43,5.29,0.08,5.84,0.62,5.69,0.32,36.01,0.21,C3'-endo
141,136,0.51,G,G,G,0,0,1,0,0,.,145,1,tSH,tm-M,5.18,3.19,0.75,1.45,4.31,4.49,6.10,3.73,..,anti,.,3.48,4.58,2.93,4.02,3.36,3.56,4.46,3.70,6.22,5.98,0.54,5.69,0.41,33.95,0.43,C3'-endo
142,137,0.52,A,A,A,1,0,0,0,0,.,,0,,,0.95,3.73,1.03,2.56,4.72,1.63,3.10,4.14,..,anti,.,0.89,1.32,5.75,1.78,6.18,1.21,5.73,0.97,6.04,0.50,5.73,0.42,6.17,31.85,3.02,C2'-endo
143,138,0.52,A,A,A,1,0,0,0,0,.,"155,229",2,"tHW,cWS","tM-W,cW-m",3.13,2.35,1.82,1.34,,,,4.62,..,anti,-,,,,,,,,,6.27,5.88,0.64,5.61,0.44,39.28,0.35,C3'-endo
144,not resolved,0.52,-,-,-,0,0,0,0,1,,,0,,,,,,,,,,,,,,,,,,,,,,,,,,,,,
145,140,0.53,A,A,A,1,0,0,0,0,.,141,1,tHS,tM-m,,2.45,1.23,1.53,3.80,5.15,4.93,3.01,BI,anti,.,4.36,4.51,,4.15,,4.07,,4.71,0.04,5.91,0.54,5.76,0.31,31.66,0.25,C3'-endo
146,141,0.53,C,C,C,0,1,0,0,0,),"139,140",2,"tWH,cWW","tW-M,cW-W",5.15,3.07,0.89,1.48,4.37,4.65,6.00,3.38,..,anti,.,4.40,4.73,3.09,4.17,3.42,4.32,4.43,5.23,0.09,5.85,0.59,5.73,0.30,34.47,0.18,C3'-endo
147,142,0.53,G,G,G,0,0,1,0,0,.,"139,149",2,"tSH,tSH","tm-M,tm-M",5.71,2.43,0.73,1.35,4.17,5.60,4.86,3.60,..,anti,.,4.04,4.83,2.83,4.74,3.26,3.80,4.47,2.54,0.11,5.77,0.70,5.63,0.34,40.62,0.17,C3'-endo
148,143,0.54,A,A,A,1,0,0,0,0,.,,0,,,3.34,2.00,0.96,1.45,3.52,4.97,4.84,3.61,BI,anti,.,4.26,4.56,0.16,4.55,0.92,4.26,0.49,4.56,0.07,5.85,0.61,5.69,0.33,36.09,0.22,C3'-endo
149,144,0.54,A,A,A,1,0,0,0,0,.,147,1,tHS,tM-m,2.77,3.84,3.04,1.48,5.03,1.62,3.41,3.09,..,anti,.,4.06,4.19,3.37,1.43,3.65,1.60,4.42,2.63,6.23,5.97,0.54,5.70,0.40,33.72,0.41,C3'-endo
150,145,0.55,C,C,C,0,1,0,0,0,(,234,1,cWW,cW-W,1.12,2.39,5.97,2.58,3.22,4.46,5.04,4.36,BI,anti,.,2.42,2.26,4.38,4.25,4.45,3.74,3.37,4.39,5.87,0.67,5.63,0.43,6.26,39.34,2.84,C2'-endo
151,146,0.55,U,U,U,0,0,0,1,0,(,233,1,cWW,cW-W,2.57,2.95,2.90,1.37,4.40,4.57,6.12,3.22,..,anti,A,4.66,4.81,2.38,3.30,2.51,3.44,3.47,3.96,0.11,5.79,0.68,5.65,0.33,39.36,0.17,C3'-endo
152,147,0.55,U,U,U,0,0,0,1,0,(,232,1,cWW,cW-W,5.36,2.45,1.05,1.29,3.91,4.91,5.28,3.42,BI,anti,A,4.51,4.73,2.78,3.80,3.06,3.77,3.72,4.26,6.28,5.85,0.68,5.59,0.44,41.05,0.33,C3'-endo
153,148,0.56,C,C,C,0,1,0,0,0,(,231,1,cWW,cW-W,5.19,2.89,1.06,1.34,3.70,4.88,5.10,3.48,BI,anti,A,4.48,4.68,2.92,3.61,3.16,3.62,3.95,4.00,0.01,5.86,0.65,5.62,0.41,39.36,0.31,C3'-endo
154,149,0.56,A,A,A,1,0,0,0,0,(,230,1,cWW,cW-W,5.39,2.94,0.84,1.37,3.86,4.92,5.22,3.36,BI,anti,A,4.56,4.70,3.02,3.79,3.19,3.84,3.76,4.47,0.03,5.85,0.65,5.63,0.40,39.07,0.29,C3'-endo
155,150,0.56,U,U,U,0,0,0,1,0,.,143,1,tWH,tW-M,5.32,2.82,0.96,1.31,4.14,3.15,0.99,3.39,BII,anti,.,4.49,4.79,2.99,2.69,3.22,3.10,4.08,2.66,0.03,5.82,0.70,5.59,0.42,41.50,0.28,C3'-endo
156,151,0.57,A,A,A,1,0,0,0,0,.,158,1,cSS,cm-m,0.21,2.06,0.23,2.51,,,,4.37,..,anti,-,,,,,,,,,5.95,0.57,5.71,0.39,6.24,33.75,2.89,C2'-endo
157,not resolved,0.57,-,-,-,0,0,0,0,1,,,0,,,,,,,,,,,,,,,,,,,,,,,,,,,,,
158,153,0.57,G,G,G,0,0,1,0,0,.,156,1,cSS,cm-m,,3.43,4.91,2.58,3.42,2.55,0.87,5.34,..,anti,.,0.95,2.13,,1.40,,1.68,,2.30,5.94,0.60,5.68,0.43,6.23,35.86,2.90,C2'-endo
159,154,0.58,A,A,A,1,0,0,0,0,.,227,1,tHW,tM-W,5.48,2.60,0.59,1.37,4.23,5.29,5.22,3.53,..,anti,.,4.19,4.81,3.31,4.48,3.04,4.56,3.23,5.33,0.09,5.79,0.69,5.63,0.35,40.05,0.19,C3'-endo
160,155,0.58,G,G,G,0,0,1,0,0,.,,0,,,5.13,2.65,1.26,1.34,4.02,4.69,5.61,3.28,..,anti,A,4.75,4.84,2.76,3.71,3.35,3.71,4.66,4.28,0.07,5.81,0.67,5.64,0.36,39.15,0.22,C3'-endo
161,156,0.59,G,G,G,0,0,1,0,0,(,226,1,cWW,cW-W,5.50,2.56,0.96,1.40,4.02,4.79,5.52,3.30,BI,anti,A,4.68,4.79,2.98,3.89,3.24,3.91,4.10,4.56,0.07,5.82,0.66,5.65,0.36,38.69,0.22,C3'-endo
162,157,0.59,C,C,C,0,1,0,0,0,(,225,1,cWW,cW-W,5.46,2.61,0.92,1.39,3.73,4.91,5.11,3.44,BI,anti,A,4.46,4.60,2.89,3.75,3.25,3.73,4.26,4.24,6.27,5.89,0.63,5.63,0.42,38.21,0.34,C3'-endo
163,158,0.59,U,U,U,0,0,0,1,0,(,224,1,cWW,cW-W,5.25,3.02,0.84,1.45,4.05,4.91,5.42,3.45,BI,anti,A,4.34,4.66,3.02,3.92,3.17,3.90,3.89,4.27,0.06,5.86,0.61,5.69,0.34,35.86,0.23,C3'-endo
164,159,0.60,A,A,A,1,0,0,0,0,.,223,1,cWW,cW-W,4.96,2.75,1.03,1.28,4.31,4.18,0.12,3.42,..,anti,.,4.32,4.77,2.68,3.87,2.91,3.70,3.52,3.68,6.27,5.84,0.70,5.56,0.46,42.64,0.34,C3'-endo
165,160,0.60,G,G,G,0,0,1,0,0,.,222,1,cWW,cW-W,1.55,4.42,3.76,1.37,4.01,5.10,5.20,3.17,BI,anti,A,4.73,4.75,3.10,3.28,3.15,3.44,3.38,4.10,0.05,5.84,0.66,5.64,0.38,38.85,0.25,C3'-endo
166,161,0.60,G,G,G,0,0,1,0,0,(,221,1,cWW,cW-W,5.11,3.10,0.92,1.39,3.89,4.66,5.51,3.36,BI,anti,A,4.55,4.67,2.87,3.61,3.15,3.67,4.01,4.11,6.25,5.92,0.60,5.64,0.43,37.27,0.38,C3'-endo
167,162,0.61,U,U,U,0,0,0,1,0,(,220,1,cWW,cW-W,5.62,2.60,0.74,1.31,3.99,4.72,5.56,3.41,BI,anti,A,4.54,4.75,2.94,3.72,3.13,3.78,3.77,4.36,6.26,5.88,0.66,5.59,0.45,40.36,0.36,C3'-endo
168,163,0.61,A,A,A,1,0,0,0,0,(,219,1,cWW,cW-W,5.38,2.62,1.01,1.36,4.07,4.79,5.56,3.23,..,anti,A,4.65,4.71,2.97,3.79,3.21,3.78,4.02,4.27,6.28,5.87,0.65,5.62,0.42,39.12,0.33,C3'-endo
169,164,0.61,U,U,U,0,0,0,1,0,(,218,1,cWW,cW-W,5.07,2.53,1.39,1.37,3.71,4.95,5.04,3.31,BI,anti,A,4.61,4.64,2.88,3.66,3.19,3.58,4.01,4.03,0.01,5.87,0.63,5.64,0.40,37.99,0.30,C3'-endo
170,165,0.62,C,C,C,0,1,0,0,0,(,217,1,cWW,cW-W,5.02,3.06,0.97,1.37,3.64,4.99,4.93,3.53,BI,anti,A,4.42,4.70,2.85,3.68,3.04,3.66,3.78,3.86,0.06,5.81,0.69,5.61,0.39,40.48,0.24,C3'-endo
171,166,0.62,A,A,A,1,0,0,0,0,(,216,1,cWW,cW-W,5.34,2.87,0.91,1.34,3.22,4.89,4.61,3.53,BI,anti,A,4.29,4.41,2.94,3.82,3.20,3.74,3.69,4.17,0.00,5.86,0.67,5.60,0.43,40.31,0.32,C3'-endo
172,167,0.63,A,A,A,1,0,0,0,0,(,215,1,cWW,cW-W,2.88,3.75,2.86,1.44,3.93,4.90,5.32,3.17,BI,anti,A,4.49,4.54,2.99,3.58,3.27,3.71,4.00,4.42,6.28,5.93,0.56,5.70,0.37,34.06,0.34,C3'-endo
173,168,0.63,U,U,U,0,0,0,1,0,(,214,1,cWW,cW-W,5.27,2.63,1.41,2.58,4.49,5.22,5.55,3.90,..,anti,.,0.81,0.92,3.52,5.40,4.11,4.96,4.86,5.46,5.85,0.69,5.61,0.44,6.27,40.41,2.83,C2'-endo
174,169,0.63,G,G,G,0,0,1,0,0,(,202,1,cWW,cW-W,5.10,3.66,0.86,1.46,3.94,4.93,5.30,3.39,BI,anti,A,4.54,4.70,3.04,3.91,3.72,4.00,3.99,4.54,0.05,5.86,0.61,5.69,0.34,36.05,0.24,C3'-endo
175,170,0.64,G,G,G,0,0,1,0,0,(,201,1,cWW,cW-W,5.23,2.78,1.03,1.34,3.63,5.10,4.82,3.39,BI,anti,A,4.54,4.61,2.83,3.73,3.16,3.72,3.99,4.17,6.26,5.88,0.66,5.60,0.45,40.23,0.35,C3'-endo
176,171,0.64,A,A,A,1,0,0,0,0,(,200,1,cWW,cW-W,5.04,3.18,0.94,1.34,3.80,5.17,4.91,3.41,BI,anti,.,4.57,4.71,2.90,3.90,3.09,3.94,3.80,4.41,6.26,5.85,0.70,5.56,0.47,42.54,0.35,C3'-endo
177,172,0.64,U,U,U,0,0,0,1,0,(,199,1,cWW,cW-W,5.09,2.98,1.20,1.34,4.20,5.00,5.49,3.50,..,anti,.,4.20,4.58,3.12,4.08,3.37,4.21,4.06,5.04,6.12,6.01,0.58,5.60,0.54,39.01,0.56,C3'-endo
178,173,0.65,G,G,G,0,0,1,0,0,.,197,1,tSH,tm-M,5.38,2.78,0.97,1.42,4.17,3.50,0.67,3.74,..,anti,.,3.43,4.38,3.00,3.12,3.43,2.90,4.43,2.72,6.10,6.05,0.53,5.64,0.52,36.63,0.60,C3'-endo
179,174,0.65,A,A,A,1,0,0,0,0,.,"133,196",2,"tSS,tHS","tm+m,tM-m",1.51,4.12,3.31,1.37,4.24,5.16,5.36,3.38,..,anti,.,4.47,4.79,2.73,3.83,2.61,3.98,2.52,4.82,0.03,5.84,0.67,5.61,0.40,39.75,0.29,C3'-endo
180,175,0.65,G,G,G,0,0,1,0,0,(,195,1,cWW,cW-W,5.20,2.50,1.40,1.35,3.84,4.96,5.16,3.25,BI,anti,A,4.54,4.67,2.87,3.80,3.51,3.74,4.83,4.25,0.03,5.84,0.67,5.61,0.41,39.91,0.29,C3'-endo
181,176,0.66,U,U,U,0,0,0,1,0,(,194,1,cWW,cW-W,5.29,3.00,0.85,1.39,3.75,4.97,5.06,3.43,BI,anti,A,4.38,4.62,2.94,3.76,3.19,3.80,4.01,4.27,0.05,5.82,0.67,5.62,0.38,39.76,0.25,C3'-endo
182,177,0.66,U,U,U,0,0,0,1,0,(,193,1,cWW,cW-W,5.28,2.98,0.89,1.40,3.59,5.14,4.74,3.57,BI,anti,A,4.34,4.64,2.91,3.78,3.17,3.75,3.90,4.10,0.07,5.82,0.65,5.66,0.35,38.24,0.22,C3'-endo
183,178,0.67,U,U,U,0,0,0,1,0,(,192,1,cWW,cW-W,5.08,3.02,0.99,1.37,3.93,2.28,1.65,3.54,..,anti,.,4.32,4.74,2.95,1.12,3.17,1.28,3.76,2.09,0.01,5.86,0.64,5.63,0.41,38.74,0.31,C3'-endo
184,179,0.67,G,G,G,0,0,1,0,0,.,225,1,tSS,tm+m,5.10,2.77,0.79,1.43,3.76,3.60,0.16,3.38,..,anti,.,4.58,4.68,3.29,1.90,3.47,0.74,3.04,4.90,0.07,5.84,0.62,5.68,0.33,36.54,0.22,C3'-endo
185,180,0.67,C,C,C,0,1,0,0,0,.,,0,,,3.06,1.91,5.84,1.52,4.00,4.12,6.16,3.57,..,anti,.,3.89,4.30,6.07,3.61,0.68,3.38,2.85,3.16,6.19,6.04,0.47,5.75,0.40,30.57,0.50,C3'-endo
186,181,0.68,A,A,A,1,0,0,0,0,.,,0,,,1.41,4.03,3.75,1.46,3.70,4.97,5.01,3.03,BI,anti,.,4.34,4.43,2.92,3.44,2.79,3.46,2.67,3.94,6.19,6.01,0.52,5.69,0.43,33.68,0.48,C3'-endo
187,182,0.68,U,U,U,0,0,0,1,0,},4,1,cWW,cW-W,3.03,3.29,2.76,1.47,4.28,5.00,5.57,3.13,..,anti,.,4.37,4.46,2.79,3.87,3.07,3.91,3.73,4.70,6.23,5.98,0.52,5.72,0.39,32.44,0.41,C3'-endo
188,183,0.68,A,A,A,1,0,0,0,0,},3,1,cWW,cW-W,5.26,2.89,0.59,1.34,3.56,4.93,4.91,3.57,BI,anti,A,4.30,4.57,2.44,3.50,2.87,3.54,3.98,3.96,6.25,5.90,0.64,5.61,0.45,39.10,0.37,C3'-endo
189,184,0.69,A,A,A,1,0,0,0,0,},2,1,cWW,cW-W,5.23,2.89,0.96,1.37,3.84,4.80,5.32,3.51,BI,anti,A,4.42,4.74,2.97,3.65,3.13,3.64,3.71,4.00,0.04,5.84,0.65,5.64,0.38,38.76,0.27,C3'-endo
190,185,0.69,C,C,C,0,1,0,0,0,},1,1,cWW,cW-W,5.20,2.85,0.89,1.33,3.65,5.04,4.89,3.52,BI,anti,A,4.46,4.72,2.77,3.71,2.95,3.74,3.57,4.14,0.04,5.82,0.68,5.61,0.40,40.56,0.27,C3'-endo
191,186,0.69,A,A,A,1,0,0,0,0,.,,0,,,5.25,3.00,1.05,1.38,3.97,4.74,5.52,3.31,BI,anti,A,4.59,4.70,3.14,3.74,3.34,3.80,3.95,4.35,0.01,5.87,0.63,5.64,0.40,37.96,0.31,C3'-endo
192,187,0.70,A,A,A,1,0,0,0,0,),183,1,cWW,cW-W,5.40,2.75,0.91,1.41,3.67,5.09,4.86,3.42,BI,anti,A,4.43,4.55,2.90,3.86,3.17,3.82,3.97,4.25,6.27,5.91,0.60,5.66,0.40,36.55,0.34,C3'-endo
193,188,0.70,A,A,A,1,0,0,0,0,),182,1,cWW,cW-W,4.93,2.98,1.22,1.40,3.75,4.91,5.12,3.32,BI,anti,A,4.46,4.54,2.91,3.69,3.19,3.68,3.93,4.23,6.22,5.95,0.58,5.65,0.44,36.53,0.42,C3'-endo
194,189,0.71,A,A,A,1,0,0,0,0,),181,1,cWW,cW-W,5.00,2.84,1.18,1.38,3.93,4.97,5.24,3.42,BI,anti,A,4.50,4.67,2.89,3.88,3.13,3.84,3.93,4.41,6.26,5.90,0.62,5.63,0.42,37.85,0.36,C3'-endo
195,190,0.71,C,C,C,0,1,0,0,0,),180,1,cWW,cW-W,5.11,2.72,1.21,1.32,3.81,5.05,5.04,3.33,BI,anti,.,4.61,4.67,2.85,3.85,3.15,3.86,4.08,4.61,6.20,5.91,0.67,5.55,0.51,42.04,0.43,C3'-endo
196,191,0.71,A,A,A,1,0,0,0,0,.,179,1,tSH,tm-M,5.30,2.81,1.05,1.36,3.48,4.12,5.64,3.38,BI,anti,.,4.47,4.54,2.96,2.81,3.35,2.88,4.47,3.03,6.26,5.89,0.63,5.63,0.43,38.52,0.35,C3'-endo
197,192,0.72,A,A,A,1,0,0,0,0,.,178,1,tHS,tM-m,5.71,2.82,0.86,1.49,3.82,5.15,4.95,3.43,BI,anti,.,4.02,4.37,3.50,4.06,3.39,4.05,3.21,4.94,0.01,5.91,0.58,5.69,0.37,34.97,0.31,C3'-endo
198,193,0.72,A,A,A,1,0,0,0,0,.,,0,,,5.01,3.06,0.79,1.47,3.90,5.10,5.08,3.64,BI,anti,.,4.12,4.76,2.72,4.03,3.04,4.13,4.24,4.08,0.10,5.84,0.61,5.72,0.30,35.37,0.17,C3'-endo
199,194,0.72,G,G,G,0,0,1,0,0,),177,1,cWW,cW-W,5.44,2.98,0.92,2.35,3.62,3.93,5.98,4.14,..,anti,.,3.02,2.48,3.08,3.94,3.63,3.44,3.77,4.10,5.70,0.71,5.73,0.23,0.23,39.71,2.49,C1'-exo
200,195,0.73,U,U,U,0,0,0,1,0,),176,1,cWW,cW-W,1.65,3.69,3.56,1.45,3.91,4.82,5.37,3.32,BI,anti,A,4.63,4.68,2.68,3.17,2.71,3.34,3.66,3.91,0.04,5.89,0.59,5.70,0.34,34.89,0.26,C3'-endo
201,196,0.73,C,C,C,0,1,0,0,0,),175,1,cWW,cW-W,5.48,2.91,0.69,1.37,3.74,4.96,5.06,3.48,BI,anti,A,4.38,4.63,2.93,3.66,3.16,3.69,3.85,4.10,0.04,5.86,0.64,5.65,0.38,37.85,0.27,C3'-endo
202,197,0.73,C,C,C,0,1,0,0,0,),174,1,cWW,cW-W,5.05,2.97,1.07,1.43,4.09,4.83,5.54,3.44,..,anti,.,4.38,4.74,3.01,3.85,3.15,4.01,3.71,3.78,0.08,5.82,0.64,5.68,0.33,37.29,0.20,C3'-endo
203,198,0.74,U,U,U,0,0,0,1,0,.,55,1,cWH,cW+M,5.25,3.00,1.00,2.43,4.96,1.52,3.44,4.31,..,anti,.,0.84,0.66,3.49,2.18,3.87,1.75,3.65,1.84,5.75,0.69,5.71,0.29,0.14,38.59,2.60,C2'-endo
204,199,0.74,U,U,U,0,0,0,1,0,],62,1,cWW,cW-W,1.59,2.48,3.57,1.34,3.68,4.99,4.97,3.56,BI,anti,A,4.33,4.62,2.69,2.74,2.27,3.02,2.16,3.56,6.24,5.91,0.63,5.62,0.45,38.75,0.39,C3'-endo
205,200,0.75,U,U,U,0,0,0,1,0,],61,1,cWW,cW-W,5.20,3.14,0.83,1.36,3.73,4.95,5.06,3.43,BI,anti,A,4.53,4.67,2.94,3.61,3.08,3.64,3.64,3.81,0.01,5.86,0.65,5.62,0.41,39.13,0.32,C3'-endo
206,201,0.75,C,C,C,0,1,0,0,0,],60,1,cWW,cW-W,4.88,3.00,1.20,1.36,3.43,5.16,4.55,3.51,BI,anti,.,4.36,4.46,2.84,3.62,3.04,3.59,3.39,3.88,6.21,5.94,0.60,5.63,0.46,37.66,0.43,C3'-endo
207,202,0.75,U,U,U,0,0,0,1,0,],59,1,cWW,cW-W,4.86,3.37,0.97,1.35,3.67,4.82,5.14,3.50,BI,anti,A,4.47,4.64,2.94,3.45,3.07,3.53,3.53,3.97,6.27,5.88,0.64,5.62,0.42,38.70,0.34,C3'-endo
208,203,0.76,G,G,G,0,0,1,0,0,],58,1,cWW,cW-W,5.18,3.02,0.83,1.43,3.62,4.99,4.91,3.52,BI,anti,A,4.44,4.68,2.88,3.69,3.01,3.68,3.58,4.09,0.13,5.79,0.65,5.68,0.30,37.87,0.14,C3'-endo
209,204,0.76,C,C,C,0,1,0,0,0,],57,1,cWW,cW-W,5.26,2.89,0.93,1.33,3.74,4.81,5.21,3.42,BI,anti,A,4.59,4.74,2.91,3.62,3.14,3.66,3.83,4.08,0.09,5.77,0.71,5.61,0.37,41.65,0.20,C3'-endo
210,205,0.76,C,C,C,0,1,0,0,0,],56,1,cWW,cW-W,5.61,2.79,0.85,1.38,3.94,5.11,5.12,3.43,BI,anti,A,4.42,4.68,3.17,4.02,3.35,4.15,3.93,4.25,0.03,5.86,0.64,5.65,0.38,37.95,0.27,C3'-endo
211,206,0.77,A,A,A,1,0,0,0,0,.,,0,,,5.35,3.34,0.75,2.54,4.09,3.56,0.54,4.40,..,anti,.,1.65,1.58,3.19,3.81,3.67,3.35,3.87,3.78,5.86,0.65,5.67,0.38,0.02,37.59,2.78,C2'-endo
212,207,0.77,A,A,A,1,0,0,0,0,.,,0,,,1.03,4.37,5.23,2.28,3.79,2.18,1.60,1.08,..,syn,.,-2.34,2.24,4.74,0.75,4.52,1.18,4.93,1.92,5.78,0.60,5.81,0.20,0.18,33.90,2.50,C1'-exo
213,208,0.77,A,A,A,1,0,0,0,0,.,,0,,,5.17,2.35,0.96,1.48,4.17,4.70,5.75,3.21,..,anti,A,4.77,4.83,3.30,4.04,3.34,3.98,3.52,4.35,0.15,5.77,0.65,5.70,0.27,37.65,0.10,C3'-endo
214,209,0.78,G,G,G,0,0,1,0,0,),173,1,cWW,cW-W,5.32,2.66,0.96,1.40,3.74,5.14,4.88,3.32,BI,anti,A,4.71,4.73,2.83,3.96,3.14,3.93,3.98,4.57,0.06,5.82,0.66,5.64,0.37,39.04,0.24,C3'-endo
215,210,0.78,U,U,U,0,0,0,1,0,),172,1,cWW,cW-W,5.17,3.04,0.94,1.42,3.82,4.75,5.36,3.36,BI,anti,A,4.65,4.75,2.96,3.67,3.26,3.67,4.29,3.93,0.10,5.79,0.68,5.64,0.34,39.67,0.19,C3'-endo
216,211,0.79,U,U,U,0,0,0,1,0,),171,1,cWW,cW-W,5.46,2.61,0.91,1.28,3.62,4.98,4.92,3.29,BI,anti,A,4.66,4.67,2.87,3.63,3.11,3.62,3.67,4.03,0.03,5.82,0.70,5.58,0.42,41.81,0.28,C3'-endo
217,212,0.79,G,G,G,0,0,1,0,0,),170,1,cWW,cW-W,5.19,3.00,1.00,1.39,3.71,5.00,4.99,3.31,BI,anti,A,4.53,4.62,3.01,3.74,3.20,3.73,3.85,3.96,0.03,5.85,0.65,5.63,0.40,39.08,0.29,C3'-endo
218,213,0.79,G,G,G,0,0,1,0,0,),169,1,cWW,cW-W,5.15,2.97,1.05,1.29,3.95,4.84,5.39,3.28,BI,anti,A,4.59,4.67,2.98,3.74,3.16,3.80,3.63,4.54,6.20,5.91,0.66,5.56,0.50,41.42,0.43,C3'-endo
219,214,0.80,U,U,U,0,0,0,1,0,),168,1,cWW,cW-W,5.54,2.77,0.77,1.31,3.72,5.00,5.00,3.40,BI,anti,A,4.54,4.68,2.88,3.68,3.15,3.71,4.17,4.20,0.04,5.82,0.69,5.60,0.41,40.81,0.27,C3'-endo
220,215,0.80,A,A,A,1,0,0,0,0,),167,1,cWW,cW-W,5.17,2.96,1.00,1.34,3.73,4.90,5.11,3.35,BI,anti,A,4.62,4.70,2.90,3.64,3.13,3.64,3.88,3.91,0.03,5.84,0.66,5.62,0.40,39.45,0.28,C3'-endo
221,216,0.80,C,C,C,0,1,0,0,0,),166,1,cWW,cW-W,5.41,3.06,0.83,1.33,3.66,5.03,4.92,3.45,BI,anti,A,4.49,4.64,3.05,3.64,3.18,3.70,3.62,4.14,6.28,5.87,0.64,5.62,0.42,38.81,0.33,C3'-endo
222,217,0.81,A,A,A,1,0,0,0,0,.,165,1,cWW,cW-W,5.25,3.08,0.80,1.38,3.38,4.92,4.75,3.58,BI,anti,.,4.33,4.53,2.87,3.92,3.11,3.75,3.77,3.97,0.04,5.84,0.65,5.63,0.39,38.82,0.27,C3'-endo
223,218,0.81,G,G,G,0,0,1,0,0,.,164,1,cWW,cW-W,2.63,3.47,3.11,1.39,3.72,5.11,4.89,3.26,BI,anti,A,4.70,4.71,2.78,3.41,3.02,3.47,3.61,3.90,0.15,5.76,0.69,5.66,0.30,39.79,0.11,C3'-endo
224,219,0.81,A,A,A,1,0,0,0,0,),163,1,cWW,cW-W,5.05,3.36,0.87,1.37,3.86,4.78,5.36,3.34,BI,anti,A,4.66,4.75,2.98,3.71,3.14,3.82,3.71,4.44,0.05,5.83,0.67,5.62,0.39,39.81,0.26,C3'-endo
225,220,0.82,G,G,G,0,0,1,0,0,),"162,184",2,"cWW,tSS","cW-W,tm+m",5.65,2.67,0.72,1.30,3.77,4.84,5.21,3.38,BI,anti,A,4.57,4.72,2.92,3.67,3.18,3.71,4.04,4.23,0.02,5.85,0.67,5.61,0.41,40.22,0.30,C3'-endo
226,221,0.82,U,U,U,0,0,0,1,0,),161,1,cWW,cW-W,5.48,2.66,1.05,1.38,4.15,5.84,4.59,3.39,..,anti,.,4.43,4.68,3.17,4.60,3.37,4.24,4.08,3.98,6.27,5.89,0.62,5.64,0.41,37.80,0.34,C3'-endo
227,222,0.83,A,A,A,1,0,0,0,0,.,159,1,tWH,tW-M,3.55,1.40,3.46,2.57,3.92,4.20,6.00,4.05,..,anti,.,1.75,1.71,3.47,3.17,3.54,2.74,3.40,2.32,5.93,0.60,5.67,0.43,6.23,36.24,2.90,C2'-endo
228,223,0.83,A,A,A,1,0,0,0,0,.,,0,,,1.78,2.88,1.01,2.60,4.44,5.30,5.43,4.39,..,anti,.,0.73,1.29,5.89,5.53,0.52,4.96,0.65,5.72,6.04,0.51,5.72,0.45,6.15,32.66,3.05,C2'-endo
229,224,0.83,A,A,A,1,0,0,0,0,.,143,1,cSW,cm-W,4.98,4.34,1.24,2.51,5.10,1.81,3.29,3.74,..,anti,.,-0.08,0.27,4.07,3.44,4.92,3.22,4.41,3.63,5.83,0.65,5.69,0.36,0.05,37.30,2.73,C2'-endo
230,225,0.84,U,U,U,0,0,0,1,0,),154,1,cWW,cW-W,1.35,4.55,3.35,1.44,3.94,4.82,5.40,3.41,BI,anti,A,4.58,4.77,3.79,3.39,3.99,3.32,4.60,3.55,0.11,5.80,0.65,5.68,0.31,37.66,0.15,C3'-endo
231,226,0.84,G,G,G,0,0,1,0,0,),153,1,cWW,cW-W,5.29,2.73,1.03,1.33,3.64,4.97,4.95,3.37,BI,anti,A,4.58,4.66,2.87,3.63,3.14,3.60,3.66,4.08,0.02,5.83,0.69,5.59,0.43,41.16,0.30,C3'-endo
232,227,0.84,A,A,A,1,0,0,0,0,),152,1,cWW,cW-W,5.16,3.08,0.93,1.38,3.95,4.65,5.59,3.34,BI,anti,A,4.61,4.76,3.03,3.64,3.16,3.68,3.84,4.10,0.04,5.84,0.65,5.64,0.39,38.76,0.27,C3'-endo
233,228,0.85,A,A,A,1,0,0,0,0,),151,1,cWW,cW-W,5.53,2.63,0.73,1.32,3.65,5.07,4.86,3.44,BI,anti,A,4.57,4.73,2.80,3.75,3.02,3.74,3.70,4.07,0.05,5.80,0.70,5.59,0.40,41.57,0.25,C3'-endo
234,229,0.85,G,G,G,0,0,1,0,0,),150,1,cWW,cW-W,5.25,2.89,1.13,1.33,3.87,5.01,5.14,3.26,BI,anti,A,4.68,4.71,3.11,3.82,3.34,3.86,3.95,4.66,6.27,5.88,0.64,5.62,0.43,38.98,0.34,C3'-endo
235,230,0.85,C,C,C,0,1,0,0,0,),138,1,cWW,cW-W,5.31,2.98,0.78,1.42,3.65,4.91,5.03,3.48,BI,anti,A,4.42,4.61,2.85,3.66,3.15,3.65,4.26,3.86,0.04,5.86,0.62,5.66,0.37,36.96,0.27,C3'-endo
236,231,0.86,A,A,A,1,0,0,0,0,),137,1,cWW,cW-W,5.36,2.82,0.85,1.34,3.69,5.02,4.96,3.51,BI,anti,A,4.42,4.67,2.88,3.71,3.09,3.73,3.55,4.22,0.00,5.87,0.65,5.62,0.42,39.21,0.32,C3'-endo
237,232,0.86,G,G,G,0,0,1,0,0,),136,1,cWW,cW-W,5.21,2.85,1.10,1.36,3.79,4.90,5.18,3.24,BI,anti,A,4.61,4.63,2.99,3.68,3.25,3.68,4.02,4.18,6.25,5.90,0.63,5.62,0.43,38.48,0.37,C3'-endo
238,233,0.87,A,A,A,1,0,0,0,0,),135,1,cWW,cW-W,5.16,2.81,1.17,1.41,3.69,5.09,4.88,3.31,BI,anti,A,4.43,4.50,3.00,3.86,3.25,3.77,4.01,4.30,6.26,5.92,0.59,5.66,0.41,36.06,0.37,C3'-endo
239,234,0.87,U,U,U,0,0,0,1,0,),134,1,cWW,cW-W,4.30,3.09,1.51,1.37,,,,3.42,..,anti,-,,,,,,,,,0.03,5.86,0.64,5.65,0.38,37.98,0.28,C3'-endo
240,not resolved,0.87,-,-,-,0,0,0,0,1,,,0,,,,,,,,,,,,,,,,,,,,,,,,,,,,,
241,not resolved,0.88,-,-,-,0,0,0,0,1,,,0,,,,,,,,,,,,,,,,,,,,,,,,,,,,,
242,not resolved,0.88,-,-,-,0,0,0,0,1,,,0,,,,,,,,,,,,,,,,,,,,,,,,,,,,,
243,238,0.88,U,U,U,0,0,0,1,0,),133,1,cWW,cW-W,,3.81,2.99,1.40,3.68,4.90,5.06,3.21,BI,anti,.,4.68,4.66,,3.38,,3.33,,3.48,0.08,5.81,0.66,5.65,0.34,38.69,0.20,C3'-endo
244,239,0.89,G,G,G,0,0,1,0,0,),132,1,cWW,cW-W,5.33,3.24,0.82,1.37,3.66,5.40,4.54,3.39,BI,anti,.,4.48,4.61,3.15,3.94,3.23,3.91,3.48,4.25,0.04,5.83,0.67,5.61,0.40,40.09,0.27,C3'-endo
245,240,0.89,A,A,A,1,0,0,0,0,),131,1,cWW,cW-W,4.01,2.64,2.31,1.37,4.04,4.86,5.47,3.17,BI,anti,A,4.64,4.68,3.02,3.39,3.28,3.45,3.88,4.02,6.28,5.90,0.60,5.66,0.39,36.44,0.33,C3'-endo
246,241,0.89,A,A,A,1,0,0,0,0,),130,1,cWW,cW-W,5.16,2.99,0.87,1.39,3.83,4.92,5.19,3.60,BI,anti,A,4.21,4.76,2.85,3.71,3.05,3.71,3.79,4.08,0.11,5.77,0.69,5.64,0.33,39.98,0.16,C3'-endo
247,242,0.90,G,G,G,0,0,1,0,0,),129,1,cWW,cW-W,5.25,2.92,0.83,1.29,3.67,5.07,4.88,3.51,BI,anti,A,4.42,4.73,2.77,3.64,2.99,3.68,3.65,4.10,0.11,5.74,0.75,5.58,0.37,43.61,0.18,C3'-endo
248,243,0.90,G,G,G,0,0,1,0,0,),128,1,cWW,cW-W,5.15,3.12,1.02,1.41,3.91,5.05,5.14,3.39,BI,anti,.,4.62,4.79,3.08,3.94,3.25,4.02,3.85,4.90,0.10,5.81,0.64,5.68,0.32,37.50,0.18,C3'-endo
249,244,0.91,G,G,G,0,0,1,0,0,.,127,1,tSH,tm-M,5.28,2.76,0.89,1.43,4.54,3.99,0.55,3.20,..,anti,.,4.75,4.90,3.00,3.71,3.34,3.44,4.53,3.95,0.17,5.74,0.69,5.67,0.28,39.87,0.08,C3'-endo
250,245,0.91,A,A,A,1,0,0,0,0,.,37,1,tWS,tW+m,0.72,3.47,1.07,2.49,3.95,1.64,2.31,4.58,..,anti,.,1.08,1.44,5.35,1.68,5.67,1.28,4.83,1.01,5.86,0.65,5.67,0.39,0.02,37.67,2.78,C2'-endo
251,246,0.91,A,A,A,1,0,0,0,0,.,,0,,,3.08,3.68,0.95,2.62,4.79,2.92,1.87,3.60,BII,anti,.,0.54,0.62,2.20,4.02,2.42,3.98,2.26,4.33,5.98,0.58,5.66,0.47,6.17,36.16,2.99,C2'-endo
252,247,0.92,A,A,A,1,0,0,0,0,),29,1,cWW,cW-W,1.46,4.72,3.38,1.50,3.79,5.04,5.03,3.20,BI,anti,A,4.71,4.71,3.65,3.33,3.96,3.32,4.53,3.92,0.12,5.81,0.63,5.71,0.29,36.33,0.14,C3'-endo
253,248,0.92,G,G,G,0,0,1,0,0,),"28,72",2,"cWW,tSS","cW-W,tm+m",5.03,2.84,1.08,1.36,3.87,4.93,5.22,3.26,BI,anti,A,4.71,4.76,2.86,3.81,3.17,3.83,4.10,4.16,0.09,5.78,0.70,5.62,0.36,41.06,0.20,C3'-endo
254,249,0.92,A,A,A,1,0,0,0,0,),27,1,cWW,cW-W,5.43,2.91,0.81,1.37,3.71,4.80,5.19,3.39,BI,anti,A,4.45,4.58,2.97,3.57,3.23,3.62,3.85,4.11,6.26,5.87,0.67,5.58,0.45,40.86,0.35,C3'-endo
255,250,0.93,C,C,C,0,1,0,0,0,),26,1,cWW,cW-W,5.30,2.95,0.84,1.38,3.62,5.13,4.77,3.57,BI,anti,A,4.33,4.66,2.91,3.79,3.07,3.79,3.75,4.23,0.08,5.80,0.69,5.62,0.37,40.54,0.22,C3'-endo
256,251,0.93,U,U,U,0,0,0,1,0,),25,1,cWW,cW-W,5.11,3.02,1.04,1.37,3.75,5.03,5.00,3.48,BI,anti,A,4.40,4.63,2.96,3.76,3.20,3.76,3.92,4.20,0.01,5.87,0.63,5.65,0.39,37.74,0.30,C3'-endo
257,252,0.93,G,G,G,0,0,1,0,0,),24,1,cWW,cW-W,5.21,3.03,0.85,1.38,3.63,5.05,4.87,3.44,BI,anti,A,4.53,4.63,2.87,3.68,3.10,3.71,3.80,4.14,6.26,5.91,0.60,5.65,0.42,36.85,0.37,C3'-endo
258,253,0.94,C,C,C,0,1,0,0,0,),23,1,cWW,cW-W,5.05,3.01,1.07,1.38,3.85,4.96,5.17,3.84,BI,anti,A,3.58,4.67,2.95,3.74,3.17,3.73,3.78,4.09,6.27,5.90,0.61,5.65,0.41,37.30,0.34,C3'-endo
259,254,0.94,A,A,A,1,0,0,0,0,),22,1,cWW,cW-W,4.93,2.78,1.25,1.37,3.78,4.77,5.29,3.44,BI,anti,.,4.49,4.65,2.82,3.67,3.08,3.69,3.68,4.44,0.00,5.87,0.64,5.63,0.41,38.50,0.32,C3'-endo
260,255,0.95,U,U,U,0,0,0,1,0,),21,1,cWW,cW-W,5.66,2.62,0.72,1.38,3.70,4.92,5.07,3.40,BI,anti,A,4.58,4.68,2.94,3.72,3.23,3.71,4.29,4.06,0.05,5.86,0.62,5.67,0.35,36.94,0.25,C3'-endo
261,256,0.95,U,U,U,0,0,0,1,0,),20,1,cWW,cW-W,5.36,2.89,0.90,1.41,3.78,4.88,5.19,3.37,BI,anti,A,4.48,4.62,3.02,3.69,3.22,3.68,3.82,3.99,0.02,5.87,0.62,5.66,0.38,37.11,0.29,C3'-endo
262,257,0.95,C,C,C,0,1,0,0,0,),19,1,cWW,cW-W,5.30,2.81,0.89,1.32,3.67,5.08,4.87,3.51,BI,anti,A,4.38,4.66,2.87,3.72,3.08,3.73,3.65,4.08,0.03,5.81,0.71,5.57,0.43,42.30,0.29,C3'-endo
263,258,0.96,U,U,U,0,0,0,1,0,.,17,1,tWH,tW-M,5.13,2.98,1.03,1.39,3.43,5.05,4.66,3.46,BI,anti,.,4.35,4.47,2.92,3.58,3.19,3.56,3.81,3.62,6.28,5.88,0.63,5.63,0.41,38.17,0.33,C3'-endo
264,259,0.96,U,U,U,0,0,0,1,0,.,115,1,cWH,cW+M,4.75,3.18,1.25,1.41,4.51,3.73,0.78,3.49,..,anti,.,3.91,4.44,3.16,3.52,3.23,2.96,3.37,2.20,6.14,6.01,0.56,5.62,0.51,37.67,0.54,C3'-endo
265,260,0.96,A,A,A,1,0,0,0,0,.,,0,,,1.29,3.26,2.41,2.64,,,,4.16,..,anti,-,,,,,,,,,6.02,0.56,5.65,0.50,6.13,36.33,3.05,C2'-endo
266,not resolved,0.97,-,-,-,0,0,0,0,1,,,0,,,,,,,,,,,,,,,,,,,,,,,,,,,,,
267,262,0.97,C,C,C,0,1,0,0,0,),15,1,cWW,cW-W,,3.62,0.83,1.48,3.08,4.93,4.43,3.18,BI,anti,.,4.03,4.15,,3.64,,3.74,,4.12,6.27,5.95,0.53,5.73,0.36,32.30,0.35,C3'-endo
268,263,0.97,C,C,C,0,1,0,0,0,),14,1,cWW,cW-W,3.68,3.92,1.87,1.39,3.89,4.77,5.41,3.30,BI,anti,.,4.46,4.56,2.94,3.75,3.09,3.70,3.57,3.88,6.25,5.92,0.60,5.64,0.43,37.27,0.38,C3'-endo
269,264,0.98,G,G,G,0,0,1,0,0,),13,1,cWW,cW-W,5.10,2.89,1.00,1.25,3.88,4.99,5.17,3.40,BI,anti,A,4.52,4.73,2.82,3.75,2.96,3.78,3.41,4.39,6.27,5.84,0.72,5.54,0.47,43.54,0.34,C3'-endo
270,265,0.98,G,G,G,0,0,1,0,0,),12,1,cWW,cW-W,5.31,2.93,0.93,1.33,3.75,4.96,5.07,3.34,BI,anti,A,4.68,4.73,2.91,3.65,3.15,3.69,4.04,4.10,0.02,5.84,0.67,5.60,0.42,40.33,0.30,C3'-endo
271,266,0.99,G,G,G,0,0,1,0,0,.,11,1,cWH,cW+M,5.17,2.75,1.24,1.39,3.66,5.12,4.82,3.20,BI,anti,A,4.63,4.62,3.01,3.81,3.31,3.79,4.02,4.42,0.02,5.85,0.66,5.61,0.41,39.63,0.30,C3'-endo
272,267,0.99,G,G,G,0,0,1,0,0,.,,0,,,4.86,3.17,1.11,1.41,3.88,4.80,5.35,3.42,BI,anti,A,4.49,4.70,2.89,3.76,3.16,3.79,4.11,4.26,0.10,5.78,0.69,5.64,0.34,40.15,0.18,C3'-endo
273,268,0.99,A,A,A,1,0,0,0,0,.,,0,,,5.41,2.67,1.08,1.40,3.74,4.92,5.09,3.43,BI,anti,A,4.47,4.63,3.01,3.77,3.29,3.74,4.05,4.23,0.02,5.85,0.65,5.63,0.40,38.92,0.29,C3'-endo
274,269,1.00,U,U,U,0,0,0,1,0,.,,0,,,5.32,2.78,1.01,1.40,3.80,4.86,5.23,3.50,BI,anti,A,4.29,4.58,3.02,3.75,3.29,3.84,4.05,4.23,6.28,5.88,0.64,5.63,0.42,38.48,0.33,C3'-endo
275,270,1.00,C,C,C,0,1,0,0,0,.,,0,,,5.51,2.89,0.96,2.43,,,,4.11,n/a,anti,-,,,,,,,,,5.84,0.63,5.73,0.32,0.08,35.56,2.69,C2'-endo
