index_chain,old_nt_resnum,nt_position,nt_name,nt_code,nt_align_code,is_A,is_C,is_G,is_U,is_other,dbn,paired,nb_interact,pair_type_LW,pair_type_DSSR,alpha,beta,gamma,delta,epsilon,zeta,epsilon_zeta,chi,bb_type,glyco_bond,form,ssZp,Dp,eta,theta,eta_prime,theta_prime,eta_base,theta_base,v0,v1,v2,v3,v4,amplitude,phase_angle,puckering
1,1,0.01,U,U,U,0,0,0,1,0,.,,0,,,,2.41,0.68,1.50,2.80,5.10,3.98,3.19,BI,anti,.,3.81,4.00,,3.97,,3.87,,3.97,0.08,5.89,0.53,5.78,0.27,31.01,0.18,C3'-endo
2,2,0.02,C,C,C,0,1,0,0,0,(,"119,120",2,"cWW,cWW","cW-W,cW-W",3.50,4.30,1.81,1.34,3.73,4.91,5.10,3.45,BI,anti,.,4.35,4.48,2.95,3.87,3.16,3.83,3.57,4.42,6.16,5.99,0.58,5.61,0.50,38.37,0.51,C3'-endo
3,3,0.03,C,C,C,0,1,0,0,0,(,118,1,cWW,cW-W,5.31,3.27,0.55,1.41,3.83,4.60,5.52,3.20,BI,anti,A,4.71,4.73,2.91,3.41,3.02,3.54,3.88,3.65,0.14,5.77,0.68,5.67,0.30,39.08,0.12,C3'-endo
4,4,0.03,C,C,C,0,1,0,0,0,(,117,1,cWW,cW-W,5.39,2.67,1.02,1.46,3.69,5.07,4.90,3.40,BI,anti,A,4.51,4.62,3.02,3.87,3.19,3.79,3.38,4.07,0.07,5.86,0.60,5.70,0.32,35.26,0.22,C3'-endo
5,5,0.04,C,C,C,0,1,0,0,0,(,116,1,cWW,cW-W,4.74,2.84,1.44,1.43,3.50,5.33,4.46,3.35,BI,anti,.,4.37,4.45,2.84,3.92,3.19,3.80,3.86,4.11,6.25,5.93,0.58,5.66,0.41,36.02,0.38,C3'-endo
6,6,0.05,C,C,C,0,1,0,0,0,(,115,1,cWW,cW-W,4.90,3.51,0.81,1.34,3.47,4.77,4.99,3.59,BI,anti,A,4.21,4.48,2.89,3.81,3.10,3.74,3.70,4.34,6.19,5.97,0.59,5.62,0.48,37.80,0.47,C3'-endo
7,7,0.06,G,G,G,0,0,1,0,0,(,114,1,cWW,cW-W,2.43,3.68,3.20,1.43,4.80,4.36,0.44,3.19,..,anti,.,4.63,4.88,3.00,3.86,3.16,3.76,3.96,4.07,0.17,5.75,0.68,5.68,0.28,39.24,0.08,C3'-endo
8,8,0.07,U,U,U,0,0,0,1,0,.,113,1,cWW,cW-W,1.19,4.44,4.01,1.52,4.02,4.95,5.35,3.20,BI,anti,.,4.80,4.81,3.03,3.65,3.22,3.62,3.85,4.19,0.21,5.75,0.64,5.75,0.20,36.46,6.28,C2'-exo
9,9,0.07,G,G,G,0,0,1,0,0,.,112,1,cWW,cW-W,2.50,3.30,3.19,1.41,3.96,4.84,5.40,3.28,BI,anti,A,4.76,4.84,2.49,3.32,2.90,3.44,3.82,3.90,0.21,5.71,0.69,5.69,0.24,39.77,0.02,C3'-endo
10,10,0.08,C,C,C,0,1,0,0,0,(,111,1,cWW,cW-W,5.47,2.86,0.93,1.36,3.83,5.15,4.97,3.30,BI,anti,A,4.67,4.72,3.09,3.98,3.32,4.01,3.91,4.54,0.04,5.83,0.67,5.62,0.40,39.91,0.27,C3'-endo
11,11,0.09,C,C,C,0,1,0,0,0,(,110,1,cWW,cW-W,5.20,3.09,0.97,1.44,4.20,5.19,5.30,3.41,..,anti,.,4.20,4.45,3.13,4.35,3.39,4.63,4.16,5.50,6.18,6.01,0.52,5.69,0.43,33.56,0.49,C3'-endo
12,12,0.10,C,C,C,0,1,0,0,0,.,,0,,,5.28,2.67,1.24,2.62,4.57,2.66,1.91,3.79,BII,anti,.,0.80,0.98,3.16,2.94,4.13,2.60,5.16,3.07,5.83,0.70,5.62,0.42,0.02,40.69,2.79,C2'-endo
13,13,0.11,A,A,A,1,0,0,0,0,.,,0,,,5.83,3.16,0.75,1.45,3.73,4.17,5.84,3.45,..,anti,.,4.36,4.53,4.49,3.28,4.24,2.65,4.19,3.08,6.25,5.95,0.55,5.70,0.39,33.92,0.39,C3'-endo
14,14,0.12,U,U,U,0,0,0,1,0,.,,0,,,1.15,3.84,1.16,2.53,4.79,4.74,0.05,4.66,..,anti,.,0.19,0.81,0.05,5.48,0.19,5.06,5.55,5.50,5.96,0.57,5.71,0.40,6.23,34.08,2.90,C2'-endo
15,15,0.12,A,A,A,1,0,0,0,0,.,,0,,,4.57,3.35,0.92,2.59,4.78,4.56,0.21,3.67,..,anti,.,0.34,0.51,2.57,5.39,3.48,5.26,3.65,5.77,5.95,0.59,5.66,0.44,6.21,36.24,2.93,C2'-endo
16,16,0.13,G,G,G,0,0,1,0,0,(,68,1,cWW,cW-W,6.14,2.28,0.47,1.30,3.99,4.16,6.12,2.93,..,anti,A,4.68,4.73,2.67,3.65,3.48,3.78,4.08,4.39,6.26,5.87,0.67,5.58,0.46,41.03,0.36,C3'-endo
17,17,0.14,C,C,C,0,1,0,0,0,(,"67,109",2,"cWW,tWW","cW-W,tW+W",0.07,2.30,0.34,1.39,3.77,5.11,4.94,3.42,BI,anti,A,4.51,4.68,3.06,4.01,3.18,4.05,3.93,4.67,0.07,5.82,0.66,5.65,0.36,38.62,0.23,C3'-endo
18,18,0.15,G,G,G,0,0,1,0,0,(,65,1,cWW,cW-W,5.10,2.93,1.15,1.43,3.58,5.08,4.79,3.35,BI,anti,A,4.53,4.59,2.92,3.78,3.30,3.76,4.32,4.33,0.06,5.85,0.62,5.68,0.34,36.67,0.23,C3'-endo
19,19,0.16,G,G,G,0,0,1,0,0,(,64,1,cWW,cW-W,4.99,3.22,0.98,1.47,4.52,5.34,5.47,3.41,..,anti,A,4.31,4.79,3.17,4.24,3.31,4.00,4.03,4.02,0.11,5.82,0.62,5.71,0.29,36.18,0.15,C3'-endo
20,20,0.17,C,C,C,0,1,0,0,0,(,63,1,cWW,cW-W,4.50,1.27,2.65,1.45,4.03,5.13,5.18,3.32,BI,anti,.,4.69,4.82,2.93,3.20,3.02,3.44,3.34,4.07,0.18,5.75,0.66,5.71,0.25,38.06,0.06,C3'-endo
21,21,0.17,G,G,G,0,0,1,0,0,(,62,1,cWW,cW-W,5.38,2.99,0.84,1.33,4.02,4.92,5.38,3.27,BI,anti,A,4.70,4.78,2.95,3.88,3.31,3.98,4.21,4.74,0.04,5.83,0.67,5.62,0.39,39.96,0.27,C3'-endo
22,22,0.18,U,U,U,0,0,0,1,0,(,61,1,cWW,cW-W,5.44,2.72,0.95,1.32,3.76,4.36,5.68,3.59,BI,anti,A,4.28,4.70,2.91,3.40,3.27,3.42,4.31,3.53,0.01,5.85,0.67,5.60,0.43,40.38,0.32,C3'-endo
23,23,0.19,G,G,G,0,0,1,0,0,(,60,1,cWW,cW-W,6.02,2.52,0.40,1.38,3.93,4.48,5.73,3.74,..,anti,.,3.82,4.69,3.04,3.43,3.09,3.73,3.29,3.24,0.03,5.86,0.63,5.65,0.38,37.80,0.27,C3'-endo
24,24,0.20,G,G,G,0,0,1,0,0,.,"27,59",2,"tSW,cWW","tm+W,cW-W",5.26,3.27,0.89,2.68,3.79,2.09,1.70,4.86,..,anti,.,1.06,1.59,3.18,2.40,3.43,1.52,2.88,1.35,6.03,0.57,5.63,0.52,6.11,37.51,3.07,C2'-endo
25,25,0.21,A,A,A,1,0,0,0,0,.,,0,,,1.25,3.55,2.72,1.45,4.23,5.05,5.46,3.06,..,anti,.,4.59,4.60,1.85,3.95,1.75,3.97,1.87,5.06,6.26,5.95,0.54,5.72,0.37,32.84,0.36,C3'-endo
26,26,0.22,A,A,A,1,0,0,0,0,.,,0,,,5.12,2.94,0.77,1.40,4.07,4.89,5.46,3.44,..,anti,A,4.48,4.85,2.61,3.97,3.01,4.05,4.46,4.66,0.16,5.76,0.67,5.68,0.28,38.72,0.09,C3'-endo
27,27,0.23,C,C,C,0,1,0,0,0,.,24,1,tWS,tW+m,5.36,2.80,0.97,1.41,3.58,5.34,4.53,3.41,BI,anti,A,4.56,4.64,2.89,4.05,3.26,3.97,4.20,4.63,0.07,5.83,0.64,5.67,0.35,37.47,0.22,C3'-endo
28,28,0.23,C,C,C,0,1,0,0,0,(,56,1,cWW,cW-W,4.51,3.20,1.23,1.35,3.49,5.23,4.54,3.49,BI,anti,A,4.54,4.67,2.63,3.77,3.01,3.78,4.11,4.40,0.05,5.82,0.68,5.62,0.39,40.18,0.25,C3'-endo
29,29,0.24,A,A,A,1,0,0,0,0,(,55,1,cWW,cW-W,4.99,3.00,1.16,1.40,4.41,4.71,5.98,3.21,..,anti,A,4.68,4.80,3.14,3.75,3.38,3.71,4.27,3.98,0.05,5.85,0.64,5.66,0.36,37.67,0.25,C3'-endo
30,30,0.25,C,C,C,0,1,0,0,0,(,"54,57",2,"cWW,cSW","cW-W,cm-W",4.87,1.82,1.90,1.41,3.91,5.62,4.57,3.21,BI,anti,.,4.75,4.77,2.76,4.34,3.11,4.26,3.74,5.02,0.14,5.76,0.69,5.66,0.30,39.55,0.12,C3'-endo
31,31,0.26,C,C,C,0,1,0,0,0,(,"51,53",2,"cWW,cSW","cW-W,cm-W",4.96,3.09,1.10,1.43,3.95,5.01,5.23,3.43,BI,anti,.,4.42,4.65,2.90,3.97,3.53,3.99,4.91,4.35,0.01,5.90,0.59,5.68,0.38,35.58,0.31,C3'-endo
32,32,0.27,C,C,C,0,1,0,0,0,(,50,1,cWW,cW-W,5.43,3.11,0.63,1.39,3.69,4.95,5.03,3.47,BI,anti,.,4.26,4.46,2.93,4.15,3.17,4.04,3.77,4.71,6.20,5.97,0.56,5.66,0.45,35.78,0.46,C3'-endo
33,33,0.28,G,G,G,0,0,1,0,0,(,49,1,cWW,cW-W,2.12,3.59,3.48,1.52,4.10,4.73,5.66,3.13,..,anti,.,4.66,4.68,2.84,3.36,3.13,3.67,4.13,4.54,0.08,5.87,0.58,5.73,0.30,33.64,0.20,C3'-endo
34,34,0.28,U,U,U,0,0,0,1,0,(,"36,48",2,"cSH,cWW","cm+M,cW-W",5.70,2.75,0.85,2.56,4.32,1.69,2.63,4.55,..,anti,.,1.17,1.25,3.29,2.13,3.92,1.80,4.74,1.79,5.89,0.64,5.65,0.42,6.27,37.78,2.84,C2'-endo
35,35,0.29,U,U,U,0,0,0,1,0,.,,0,,,3.03,3.98,1.05,1.43,3.64,5.23,4.70,3.54,BI,anti,A,4.33,4.62,2.29,3.97,2.08,4.04,2.10,4.58,0.07,5.84,0.64,5.67,0.35,37.53,0.23,C3'-endo
36,36,0.30,C,C,C,0,1,0,0,0,.,"34,49",2,"cHS,cWS","cM+m,cW-m",5.03,3.05,1.14,1.36,4.12,4.79,5.61,3.54,..,anti,.,4.17,4.69,3.07,3.82,3.35,3.87,4.11,4.35,6.24,5.91,0.62,5.62,0.45,38.46,0.39,C3'-endo
37,37,0.31,C,C,C,0,1,0,0,0,.,48,1,cWS,cW-m,5.09,3.05,0.83,1.39,3.81,5.36,4.73,3.57,BI,anti,.,4.32,4.73,2.74,4.11,2.93,4.17,3.61,4.88,0.09,5.80,0.67,5.65,0.34,38.93,0.19,C3'-endo
38,38,0.32,C,C,C,0,1,0,0,0,(,44,1,cWW,cW-W,4.98,2.97,1.13,1.31,3.63,5.19,4.72,3.42,BI,anti,A,4.57,4.66,2.79,3.78,3.26,3.77,4.38,4.19,0.00,5.85,0.69,5.58,0.44,41.43,0.32,C3'-endo
39,39,0.33,A,A,A,1,0,0,0,0,.,46,1,cSW,cm-W,5.02,3.06,1.16,1.33,3.44,4.70,5.03,3.48,BI,anti,.,4.43,4.51,2.95,3.19,3.24,3.33,3.96,3.36,6.21,5.93,0.62,5.61,0.47,38.98,0.43,C3'-endo
40,40,0.33,U,U,U,0,0,0,1,0,.,45,1,tSH,tm-M,5.37,3.15,1.04,2.48,4.51,5.38,5.42,3.90,..,anti,.,1.21,1.21,3.66,5.60,3.82,5.01,3.67,4.46,5.90,0.58,5.73,0.35,0.02,33.70,2.79,C2'-endo
41,41,0.34,U,U,U,0,0,0,1,0,.,,0,,,5.10,3.19,3.40,1.32,3.12,1.50,1.62,4.59,..,anti,.,1.47,4.26,5.40,5.61,6.02,5.29,0.36,5.42,6.13,5.99,0.60,5.58,0.54,39.90,0.54,C3'-endo
42,42,0.35,C,C,C,0,1,0,0,0,.,,0,,,0.63,2.99,3.51,1.44,3.88,5.23,4.94,3.29,BI,anti,.,4.63,4.69,1.60,3.38,2.22,3.60,2.90,4.69,0.06,5.84,0.63,5.67,0.35,37.21,0.23,C3'-endo
43,43,0.36,C,C,C,0,1,0,0,0,.,,0,,,4.78,3.03,1.19,1.48,4.57,4.46,0.10,3.40,..,anti,.,4.25,4.67,2.98,4.49,3.32,4.14,4.52,4.54,0.06,5.86,0.60,5.71,0.32,35.01,0.22,C3'-endo
44,44,0.37,G,G,G,0,0,1,0,0,),38,1,cWW,cW-W,1.11,3.09,0.92,2.53,3.82,2.07,1.74,5.14,..,anti,.,1.36,1.84,4.85,1.85,5.58,1.16,5.19,1.05,5.83,0.68,5.65,0.39,0.04,39.08,2.76,C2'-endo
45,45,0.38,A,A,A,1,0,0,0,0,.,40,1,tHS,tM-m,2.92,2.99,0.93,1.50,4.47,4.63,6.12,2.82,..,anti,A,4.67,4.73,1.58,4.16,1.66,4.26,1.81,4.93,0.10,5.84,0.59,5.74,0.28,34.16,0.16,C3'-endo
46,46,0.38,A,A,A,1,0,0,0,0,.,39,1,cWS,cW-m,5.44,2.64,0.82,1.52,4.38,4.59,6.08,3.26,..,anti,B,4.33,4.46,2.97,4.06,3.30,4.11,4.23,4.89,6.24,5.98,0.51,5.73,0.38,31.86,0.41,C3'-endo
47,47,0.39,C,C,C,0,1,0,0,0,.,,0,,,5.34,2.37,1.05,1.46,3.98,5.10,5.17,3.57,BI,anti,.,4.01,4.43,2.79,4.20,3.19,4.11,4.25,4.59,6.18,6.03,0.50,5.71,0.43,32.52,0.51,C3'-endo
48,48,0.40,A,A,A,1,0,0,0,0,),"34,37",2,"cWW,cSW","cW-W,cm-W",5.20,3.05,0.76,1.34,3.60,4.83,5.05,3.48,BI,anti,A,4.35,4.50,2.71,3.43,3.07,3.50,3.92,4.06,6.22,5.92,0.62,5.61,0.46,38.58,0.41,C3'-endo
49,49,0.41,C,C,C,0,1,0,0,0,),"33,36",2,"cWW,cSW","cW-W,cm-W",5.30,2.82,1.04,1.38,3.81,4.81,5.28,3.89,BI,anti,A,3.44,4.69,3.05,3.65,3.23,3.61,3.89,3.80,0.07,5.83,0.65,5.66,0.35,37.99,0.22,C3'-endo
50,50,0.42,G,G,G,0,0,1,0,0,),32,1,cWW,cW-W,5.32,2.82,0.81,1.35,3.50,4.90,4.88,3.60,BI,anti,.,4.28,4.61,2.77,4.08,2.97,3.94,3.44,4.34,0.06,5.82,0.67,5.63,0.37,39.56,0.24,C3'-endo
51,51,0.42,G,G,G,0,0,1,0,0,),31,1,cWW,cW-W,2.62,3.67,3.17,1.41,4.15,4.54,5.89,3.02,..,anti,.,4.71,4.73,2.96,3.36,3.24,3.62,4.01,4.59,0.04,5.87,0.61,5.68,0.35,36.18,0.26,C3'-endo
52,52,0.43,A,A,A,1,0,0,0,0,.,53,1,cSH,cm+M,5.78,2.70,1.02,2.47,4.24,2.76,1.48,4.35,BII,anti,.,1.13,1.87,3.50,3.06,4.01,2.44,4.86,2.48,6.07,0.45,5.78,0.39,6.17,28.95,3.03,C2'-endo
53,53,0.44,A,A,A,1,0,0,0,0,.,"31,52",2,"cWS,cHS","cW-m,cM+m",1.97,3.50,2.12,1.40,4.20,4.57,5.91,2.92,..,anti,.,4.87,4.87,1.92,3.77,1.83,3.82,2.24,4.13,0.23,5.69,0.72,5.68,0.24,41.14,0.01,C3'-endo
54,54,0.45,G,G,G,0,0,1,0,0,),30,1,cWW,cW-W,5.62,2.56,1.10,1.43,3.85,4.94,5.18,3.26,BI,anti,A,4.67,4.71,3.19,3.92,3.48,3.90,4.09,4.43,0.08,5.84,0.63,5.68,0.33,36.67,0.21,C3'-endo
55,55,0.46,U,U,U,0,0,0,1,0,),"29,57",2,"cWW,cSH","cW-W,cm+M",5.40,3.01,0.75,1.45,3.64,5.37,4.55,3.36,BI,anti,.,4.54,4.61,2.97,3.80,3.25,3.74,4.12,3.75,0.07,5.85,0.61,5.70,0.32,35.66,0.21,C3'-endo
56,56,0.47,G,G,G,0,0,1,0,0,),"28,58",2,"cWW,cSH","cW-W,cm+M",4.27,2.03,2.78,2.51,4.62,1.75,2.86,3.66,..,anti,.,1.29,1.42,4.29,1.09,4.10,1.41,4.12,1.59,6.05,0.49,5.74,0.43,6.16,31.48,3.04,C2'-endo
57,57,0.47,A,A,A,1,0,0,0,0,.,"30,55",2,"cWS,cHS","cW-m,cM+m",2.81,4.12,1.09,1.38,4.05,4.25,6.09,3.22,..,anti,A,4.77,4.83,2.39,3.71,2.12,3.89,2.32,4.52,0.16,5.74,0.70,5.66,0.29,40.42,0.10,C3'-endo
58,58,0.48,A,A,A,1,0,0,0,0,.,56,1,cHS,cM+m,6.20,2.46,0.37,1.40,3.73,5.40,4.61,3.48,BI,anti,.,4.50,4.75,3.03,4.23,3.17,4.28,3.94,4.81,0.19,5.71,0.72,5.66,0.27,41.23,0.06,C3'-endo
59,59,0.49,A,A,A,1,0,0,0,0,.,24,1,cWW,cW-W,4.94,3.16,1.16,1.40,3.98,5.08,5.18,3.24,BI,anti,.,4.69,4.73,3.00,4.04,3.41,4.08,4.39,5.00,0.04,5.85,0.64,5.65,0.37,37.79,0.26,C3'-endo
60,60,0.50,C,C,C,0,1,0,0,0,),23,1,cWW,cW-W,5.19,2.81,1.00,1.37,3.75,5.04,5.00,3.36,BI,anti,A,4.59,4.69,2.77,3.83,3.18,3.85,4.51,4.49,0.04,5.84,0.66,5.63,0.39,39.08,0.27,C3'-endo
61,61,0.51,G,G,G,0,0,1,0,0,),22,1,cWW,cW-W,5.11,3.00,1.03,1.43,3.63,5.05,4.87,3.33,BI,anti,A,4.56,4.61,2.91,3.78,3.22,3.76,4.18,4.12,0.06,5.85,0.62,5.68,0.34,36.62,0.23,C3'-endo
62,62,0.52,C,C,C,0,1,0,0,0,),21,1,cWW,cW-W,5.09,3.09,0.93,1.40,3.38,4.76,4.90,3.48,BI,anti,A,4.43,4.51,2.87,3.95,3.12,3.91,3.80,4.27,0.03,5.86,0.63,5.65,0.38,37.74,0.28,C3'-endo
63,63,0.53,G,G,G,0,0,1,0,0,),20,1,cWW,cW-W,2.94,3.96,2.82,1.47,4.33,4.99,5.62,3.23,..,anti,.,3.98,4.14,3.13,3.82,3.39,3.62,3.97,3.90,6.09,6.11,0.44,5.71,0.48,32.44,0.67,C4'-exo
64,64,0.53,C,C,C,0,1,0,0,0,),19,1,cWW,cW-W,4.48,2.17,1.82,1.31,4.05,4.72,5.61,3.44,..,anti,A,4.36,4.64,2.52,3.53,2.86,3.51,3.43,4.15,6.20,5.94,0.62,5.59,0.49,39.51,0.44,C3'-endo
65,65,0.54,C,C,C,0,1,0,0,0,),18,1,cWW,cW-W,5.40,2.83,0.77,1.40,4.10,4.90,5.48,3.44,..,anti,.,4.37,4.71,2.93,3.96,3.12,4.18,3.94,4.75,0.02,5.87,0.63,5.65,0.39,37.68,0.29,C3'-endo
66,66,0.55,A,A,A,1,0,0,0,0,.,68,1,cSH,cm+M,5.44,3.38,1.36,2.58,4.83,1.96,2.87,4.85,..,anti,.,0.09,0.77,4.14,2.49,4.54,2.02,4.74,2.09,5.96,0.58,5.68,0.43,6.21,35.13,2.93,C2'-endo
67,67,0.56,G,G,G,0,0,1,0,0,),"17,109",2,"cWW,tHW","cW-W,tM-W",2.88,3.64,0.78,1.35,3.74,4.74,5.29,3.29,BI,anti,A,4.71,4.73,1.89,3.48,1.62,3.62,1.93,4.24,0.06,5.82,0.68,5.62,0.38,39.97,0.25,C3'-endo
68,68,0.57,C,C,C,0,1,0,0,0,),"16,66",2,"cWW,cHS","cW-W,cM+m",5.56,2.69,0.90,1.38,3.45,4.98,4.75,3.42,BI,anti,.,4.52,4.59,3.01,4.19,3.27,4.06,4.05,4.85,0.06,5.83,0.65,5.65,0.36,38.55,0.24,C3'-endo
69,69,0.57,G,G,G,0,0,1,0,0,(,108,1,cWW,cW-W,3.03,3.78,2.47,1.41,4.45,4.51,6.22,2.88,..,anti,A,4.83,4.83,2.78,3.89,3.16,3.93,4.42,4.68,0.12,5.79,0.66,5.68,0.30,38.03,0.14,C3'-endo
70,70,0.58,C,C,C,0,1,0,0,0,(,107,1,cWW,cW-W,5.64,2.54,0.68,1.36,3.91,4.74,5.45,3.32,BI,anti,A,4.65,4.74,2.80,3.78,3.11,3.83,4.22,4.25,0.07,5.81,0.68,5.63,0.36,39.69,0.22,C3'-endo
71,71,0.59,C,C,C,0,1,0,0,0,(,106,1,cWW,cW-W,5.60,2.76,0.88,1.46,3.85,5.19,4.94,3.17,BI,anti,.,4.47,4.54,3.14,4.11,3.37,4.14,4.02,4.98,0.01,5.91,0.58,5.70,0.36,34.78,0.30,C3'-endo
72,72,0.60,G,G,G,0,0,1,0,0,.,105,1,tSH,tm-M,5.11,3.17,0.77,1.42,3.80,3.94,6.15,3.52,..,anti,.,4.36,4.69,2.80,2.99,3.15,2.64,4.34,2.47,0.09,5.82,0.64,5.67,0.33,37.50,0.19,C3'-endo
73,73,0.61,A,A,A,1,0,0,0,0,.,104,1,tHW,tM-W,0.89,4.59,4.45,1.42,3.29,5.29,4.28,3.14,BI,anti,.,4.36,4.47,3.82,3.25,3.28,3.70,2.96,5.00,0.07,5.84,0.61,5.69,0.33,36.01,0.21,C3'-endo
74,74,0.62,U,U,U,0,0,0,1,0,.,103,1,t.W,t.-W,3.10,4.39,1.89,1.35,3.75,4.81,5.22,3.62,BI,anti,.,4.01,4.40,2.56,4.33,3.19,4.05,4.71,4.70,6.12,6.03,0.55,5.63,0.51,37.20,0.57,C3'-endo
75,75,0.62,G,G,G,0,0,1,0,0,.,102,1,c.W,c.-W,1.68,3.54,4.01,1.63,4.32,5.15,5.45,3.51,..,anti,.,4.19,4.77,2.96,3.75,3.15,3.94,4.19,4.77,0.24,5.80,0.54,5.86,0.12,31.33,6.18,C2'-exo
76,76,0.63,G,G,G,0,0,1,0,0,.,101,1,tWH,tW-M,5.19,2.80,1.02,1.30,3.69,5.00,4.97,3.53,BI,anti,A,4.39,4.70,2.63,3.66,3.17,3.65,4.29,4.18,0.05,5.81,0.70,5.60,0.40,41.34,0.26,C3'-endo
77,77,0.64,U,U,U,0,0,0,1,0,.,100,1,tWH,tW-M,5.21,2.87,1.05,1.33,3.64,4.96,4.96,3.41,BI,anti,.,4.64,4.74,2.90,3.62,3.17,3.63,4.02,3.99,0.13,5.74,0.73,5.61,0.34,42.13,0.15,C3'-endo
78,78,0.65,A,A,A,1,0,0,0,0,.,99,1,tHS,tM-m,5.23,3.06,1.07,1.40,4.08,5.03,5.34,3.34,..,anti,.,4.66,4.84,3.21,4.13,3.35,4.21,3.86,5.10,0.12,5.77,0.69,5.65,0.32,39.85,0.15,C3'-endo
79,79,0.66,C,C,C,0,1,0,0,0,(,98,1,cWW,cW-W,5.39,2.77,0.85,1.40,3.58,,,3.37,n/a,anti,A,4.67,4.68,2.76,3.85,3.23,3.95,4.59,4.49,0.09,5.81,0.67,5.65,0.34,38.89,0.20,C3'-endo
80,80,0.67,U,U,U,0,0,0,1,0,(,97,1,cWW,cW-W,,,,1.32,3.16,4.65,4.80,3.44,BI,anti,.,4.25,4.24,3.13,3.33,3.49,3.29,4.31,3.42,6.28,5.87,0.63,5.63,0.43,38.29,0.33,C3'-endo
81,81,0.68,G,G,G,0,0,1,0,0,(,96,1,cWW,cW-W,4.92,3.26,0.93,1.50,4.03,5.00,5.32,3.16,BI,anti,A,4.73,4.75,3.07,4.09,2.95,4.15,3.11,4.93,0.13,5.82,0.61,5.73,0.27,35.13,0.12,C3'-endo
82,82,0.68,G,G,G,0,0,1,0,0,(,95,1,cWW,cW-W,5.26,2.83,0.86,1.40,3.72,5.02,4.99,3.29,BI,anti,A,4.71,4.73,2.76,3.82,3.14,3.83,4.34,4.15,0.07,5.81,0.66,5.64,0.36,38.95,0.22,C3'-endo
83,83,0.69,G,G,G,0,0,1,0,0,(,94,1,cWW,cW-W,5.35,2.99,0.86,1.32,3.51,4.87,4.92,3.40,BI,anti,.,4.51,4.58,2.95,3.98,3.22,3.87,3.87,4.23,0.01,5.85,0.68,5.60,0.42,40.62,0.31,C3'-endo
84,84,0.70,C,C,C,0,1,0,0,0,(,93,1,cWW,cW-W,2.68,3.57,3.22,1.44,4.58,4.41,0.17,3.24,..,anti,.,4.54,4.75,3.10,3.73,3.26,3.57,3.88,3.66,0.07,5.84,0.63,5.67,0.34,37.15,0.22,C3'-endo
85,85,0.71,G,G,G,0,0,1,0,0,(,92,1,cWW,cW-W,1.29,4.21,3.94,1.45,3.65,5.29,4.65,3.17,BI,anti,A,4.70,4.70,2.89,3.12,3.01,3.38,3.38,4.10,0.13,5.79,0.65,5.70,0.29,37.35,0.12,C3'-endo
86,86,0.72,G,G,G,0,0,1,0,0,(,91,1,cWW,cW-W,4.95,3.24,1.01,1.41,3.68,5.11,4.86,3.28,BI,anti,A,4.63,4.65,2.93,3.82,3.26,3.86,4.19,4.55,0.04,5.85,0.64,5.65,0.37,37.72,0.26,C3'-endo
87,87,0.72,G,G,G,0,0,1,0,0,.,,0,,,4.97,3.31,0.84,1.42,3.98,4.67,5.59,3.54,BI,anti,.,4.35,4.81,2.90,4.16,3.08,3.50,3.97,2.54,0.15,5.77,0.66,5.69,0.28,38.07,0.11,C3'-endo
88,88,0.73,C,C,C,0,1,0,0,0,.,,0,,,2.56,3.29,1.21,1.47,3.34,5.17,4.45,3.54,BI,anti,.,4.18,4.33,0.49,4.25,0.88,4.09,0.46,4.78,6.25,5.95,0.55,5.71,0.38,33.57,0.37,C3'-endo
89,89,0.74,G,G,G,0,0,1,0,0,.,,0,,,2.75,3.56,2.87,1.43,4.21,4.45,6.05,3.21,..,anti,.,4.63,4.71,2.83,3.51,3.23,3.61,4.34,4.42,0.05,5.86,0.62,5.68,0.35,36.43,0.25,C3'-endo
90,90,0.75,A,A,A,1,0,0,0,0,.,,0,,,5.88,2.40,0.59,1.40,4.10,5.07,5.31,3.55,..,anti,.,4.18,4.70,2.96,4.95,3.23,5.05,4.21,5.42,0.02,5.89,0.61,5.67,0.38,36.41,0.30,C3'-endo
91,91,0.76,C,C,C,0,1,0,0,0,),86,1,cWW,cW-W,2.25,4.25,3.56,1.41,3.63,5.12,4.79,3.32,BI,anti,A,4.62,4.63,3.27,3.18,3.98,3.28,5.04,3.72,0.04,5.86,0.63,5.65,0.37,37.72,0.27,C3'-endo
92,92,0.77,C,C,C,0,1,0,0,0,),85,1,cWW,cW-W,5.01,3.35,0.96,1.39,3.25,5.06,4.48,3.53,BI,anti,.,4.39,4.49,3.00,3.95,3.23,3.80,3.82,4.06,0.03,5.86,0.63,5.66,0.37,37.46,0.27,C3'-endo
93,93,0.78,G,G,G,0,0,1,0,0,),84,1,cWW,cW-W,2.56,3.49,3.19,1.41,4.24,4.52,6.00,2.97,..,anti,A,4.88,4.86,2.96,3.29,3.18,3.43,3.80,3.87,0.14,5.77,0.68,5.67,0.30,39.11,0.13,C3'-endo
94,94,0.78,C,C,C,0,1,0,0,0,),83,1,cWW,cW-W,5.60,2.71,0.72,1.36,3.75,4.86,5.17,3.40,BI,anti,A,4.56,4.69,2.94,3.69,3.13,3.73,3.68,4.28,0.04,5.84,0.66,5.63,0.39,39.33,0.27,C3'-endo
95,95,0.79,C,C,C,0,1,0,0,0,),82,1,cWW,cW-W,5.42,3.01,0.71,1.46,3.86,4.74,5.40,3.44,BI,anti,A,4.46,4.68,3.02,3.71,3.18,3.76,3.90,4.20,0.07,5.86,0.60,5.71,0.32,34.92,0.21,C3'-endo
96,96,0.80,U,U,U,0,0,0,1,0,),81,1,cWW,cW-W,5.52,2.72,0.74,1.32,4.06,4.67,5.67,3.35,..,anti,A,4.62,4.81,2.93,3.69,3.12,3.74,3.78,4.04,0.10,5.78,0.70,5.62,0.35,40.93,0.19,C3'-endo
97,97,0.81,G,G,G,0,0,1,0,0,),80,1,cWW,cW-W,5.36,2.61,1.04,1.37,3.53,5.13,4.68,3.34,BI,anti,.,4.61,4.60,2.86,4.25,3.12,3.96,3.70,4.26,0.01,5.87,0.64,5.63,0.40,38.58,0.31,C3'-endo
98,98,0.82,G,G,G,0,0,1,0,0,),79,1,cWW,cW-W,2.61,3.25,3.28,1.41,4.30,5.09,5.49,3.15,..,anti,.,4.74,4.79,2.91,3.66,3.12,3.86,3.83,4.98,0.09,5.80,0.67,5.64,0.35,39.31,0.20,C3'-endo
99,99,0.82,G,G,G,0,0,1,0,0,.,78,1,tSH,tm-M,5.15,2.66,1.07,1.44,3.82,4.58,5.52,3.15,BI,anti,.,4.63,4.65,2.66,2.97,3.21,2.68,4.70,2.46,0.04,5.86,0.62,5.67,0.36,36.73,0.26,C3'-endo
100,100,0.83,A,A,A,1,0,0,0,0,.,"0,77",2,"tWS,tHW","tW+m,tM-W",4.76,1.22,3.01,1.51,4.22,5.23,5.27,3.01,..,anti,.,4.74,4.78,3.89,3.20,3.40,3.55,2.97,4.70,0.16,5.79,0.62,5.74,0.24,35.42,0.06,C3'-endo
101,101,0.84,G,G,G,0,0,1,0,0,.,76,1,tHW,tM-W,4.81,2.84,1.18,1.43,3.98,5.05,5.21,3.22,BI,anti,.,4.64,4.68,2.59,4.03,3.12,4.05,4.58,4.98,0.02,5.88,0.61,5.67,0.38,36.63,0.30,C3'-endo
102,102,0.85,A,A,A,1,0,0,0,0,.,75,1,cW.,cW-.,5.03,2.76,1.13,1.46,4.03,4.88,5.43,3.36,BI,anti,A,4.52,4.72,2.80,3.96,3.21,3.94,4.55,4.63,0.12,5.81,0.64,5.70,0.29,36.77,0.14,C3'-endo
103,103,0.86,G,G,G,0,0,1,0,0,.,74,1,tW.,tW-.,5.08,2.80,1.06,1.42,3.67,5.10,4.86,3.38,BI,anti,A,4.64,4.73,2.72,3.87,3.06,3.81,4.18,3.92,0.17,5.74,0.68,5.68,0.28,39.35,0.08,C3'-endo
104,104,0.87,U,U,U,0,0,0,1,0,.,73,1,tWH,tW-M,5.10,3.23,0.96,1.34,3.68,5.11,4.85,3.61,BI,anti,.,4.25,4.67,2.99,3.73,3.18,3.78,3.57,4.15,6.28,5.88,0.65,5.62,0.43,39.16,0.34,C3'-endo
105,105,0.88,A,A,A,1,0,0,0,0,.,72,1,tHS,tM-m,5.12,3.00,1.17,1.28,4.08,5.59,4.78,3.33,..,anti,.,4.61,4.76,3.09,4.27,3.30,4.25,3.87,5.01,6.24,5.88,0.67,5.57,0.48,41.48,0.38,C3'-endo
106,106,0.88,G,G,G,0,0,1,0,0,),71,1,cWW,cW-W,4.26,2.26,2.23,1.40,4.06,4.96,5.39,3.03,BI,anti,.,4.87,4.84,2.80,3.62,3.32,3.66,4.65,4.24,0.22,5.69,0.73,5.66,0.25,41.64,0.03,C3'-endo
107,107,0.89,G,G,G,0,0,1,0,0,),70,1,cWW,cW-W,5.53,3.08,0.81,1.42,3.93,4.83,5.38,3.39,BI,anti,.,4.51,4.70,3.16,4.22,3.43,4.10,4.23,4.37,0.07,5.84,0.63,5.67,0.34,37.20,0.22,C3'-endo
108,108,0.90,U,U,U,0,0,0,1,0,),69,1,cWW,cW-W,1.59,3.78,4.32,1.67,4.28,4.72,5.84,3.28,..,anti,.,4.25,4.44,3.33,3.72,3.49,3.84,4.04,3.83,0.08,5.95,0.44,5.88,0.21,25.49,0.14,C3'-endo
109,109,0.91,C,C,C,0,1,0,0,0,.,"17,67",2,"tWW,tWH","tW+W,tW-M",1.32,3.27,4.89,2.61,4.45,1.16,3.29,4.52,..,anti,.,0.95,0.95,3.56,0.65,3.88,0.84,3.78,1.43,5.87,0.67,5.62,0.45,6.26,39.72,2.85,C2'-endo
110,110,0.92,G,G,G,0,0,1,0,0,),11,1,cWW,cW-W,3.25,3.03,3.07,1.42,3.98,4.76,5.51,3.23,BI,anti,A,4.73,4.75,3.79,3.22,3.78,3.38,3.64,3.98,0.08,5.83,0.63,5.68,0.33,37.15,0.21,C3'-endo
111,111,0.93,G,G,G,0,0,1,0,0,),10,1,cWW,cW-W,5.63,2.80,0.61,1.35,3.79,4.20,5.87,3.32,..,anti,A,4.58,4.65,2.90,3.76,3.13,3.71,3.89,3.98,6.27,5.88,0.64,5.61,0.43,39.16,0.34,C3'-endo
112,112,0.93,U,U,U,0,0,0,1,0,.,9,1,cWW,cW-W,2.27,4.20,3.19,1.41,4.05,4.63,5.71,3.31,..,anti,.,4.60,4.75,2.91,3.40,3.14,3.39,3.65,3.73,0.11,5.80,0.65,5.68,0.31,37.80,0.16,C3'-endo
113,113,0.94,G,G,G,0,0,1,0,0,.,8,1,cWW,cW-W,5.58,2.94,0.66,1.41,3.59,5.21,4.67,3.15,BI,anti,A,4.58,4.61,3.01,3.83,3.16,3.89,3.68,4.32,0.04,5.85,0.63,5.66,0.37,37.63,0.26,C3'-endo
114,114,0.95,C,C,C,0,1,0,0,0,),7,1,cWW,cW-W,4.97,3.30,1.03,1.39,3.69,5.00,4.97,3.64,BI,anti,A,4.09,4.55,3.03,3.70,3.26,3.72,3.89,4.17,6.26,5.90,0.62,5.63,0.43,38.13,0.36,C3'-endo
115,115,0.96,G,G,G,0,0,1,0,0,),6,1,cWW,cW-W,5.08,2.81,1.18,1.39,3.78,4.76,5.30,3.39,BI,anti,.,4.38,4.50,2.95,4.04,3.20,3.84,3.87,4.30,6.19,5.98,0.56,5.65,0.46,36.30,0.47,C3'-endo
116,116,0.97,G,G,G,0,0,1,0,0,),5,1,cWW,cW-W,1.63,3.68,4.05,1.60,4.08,5.03,5.34,3.25,..,anti,A,4.72,4.81,3.02,3.38,3.19,3.53,4.05,3.87,0.25,5.76,0.58,5.83,0.13,33.58,6.18,C2'-exo
117,117,0.97,G,G,G,0,0,1,0,0,),4,1,cWW,cW-W,5.02,2.96,0.97,1.30,3.87,4.88,5.27,3.44,BI,anti,A,4.49,4.75,2.68,3.64,2.99,3.68,3.49,4.31,0.02,5.83,0.69,5.59,0.42,41.16,0.30,C3'-endo
118,118,0.98,G,G,G,0,0,1,0,0,),3,1,cWW,cW-W,5.24,2.72,1.10,1.32,3.81,5.13,4.97,3.40,BI,anti,.,4.58,4.76,2.88,3.92,3.14,3.92,4.03,4.44,0.07,5.79,0.70,5.61,0.38,40.92,0.22,C3'-endo
119,119,0.99,G,G,G,0,0,1,0,0,),2,1,cWW,cW-W,5.25,2.97,1.06,1.36,3.87,4.79,5.36,3.41,BI,anti,A,4.48,4.64,3.05,3.56,3.36,3.70,4.20,4.37,6.23,5.92,0.62,5.62,0.45,38.38,0.40,C3'-endo
120,120,1.00,A,A,A,1,0,0,0,0,.,2,1,cWW,cW-W,4.99,2.41,1.79,2.55,,,,3.65,n/a,anti,-,,,,,,,,,5.95,0.58,5.68,0.42,6.22,35.24,2.91,C2'-endo
