index_chain,old_nt_resnum,nt_position,nt_name,nt_code,nt_align_code,is_A,is_C,is_G,is_U,is_other,dbn,paired,nb_interact,pair_type_LW,pair_type_DSSR,alpha,beta,gamma,delta,epsilon,zeta,epsilon_zeta,chi,bb_type,glyco_bond,form,ssZp,Dp,eta,theta,eta_prime,theta_prime,eta_base,theta_base,v0,v1,v2,v3,v4,amplitude,phase_angle,puckering
1,1,0.05,U,U,U,0,0,0,1,0,.,,0,,,,2.91,3.33,2.50,3.67,0.99,2.68,4.14,..,anti,.,2.12,2.09,,6.25,,5.99,,3.80,5.75,0.75,5.62,0.37,0.10,42.64,2.68,C2'-endo
2,2,0.10,U,U,U,0,0,0,1,0,(,0,1,cWW,cW-W,1.01,2.76,0.78,1.39,3.74,5.00,5.03,3.41,BI,anti,A,4.51,4.71,5.13,3.82,5.71,3.85,2.01,4.36,0.09,5.78,0.69,5.63,0.36,40.51,0.19,C3'-endo
3,3,0.14,C,C,C,0,1,0,0,0,(,0,1,cWW,cW-W,5.20,2.92,0.99,1.42,3.71,4.61,5.38,3.51,BI,anti,A,4.38,4.64,2.97,3.47,3.24,3.50,4.04,3.79,0.02,5.85,0.65,5.62,0.40,38.92,0.30,C3'-endo
4,4,0.19,A,A,A,1,0,0,0,0,(,0,1,cWW,cW-W,5.40,2.63,1.04,1.45,3.75,5.05,4.98,3.53,BI,anti,A,4.21,4.58,3.08,3.90,3.26,3.84,3.70,4.35,0.07,5.83,0.64,5.67,0.34,37.53,0.21,C3'-endo
5,5,0.24,C,C,C,0,1,0,0,0,(,0,1,cWW,cW-W,5.09,2.90,1.04,1.42,3.82,5.10,5.00,3.51,BI,anti,A,4.24,4.62,2.90,3.92,3.19,3.90,4.03,4.36,0.06,5.82,0.66,5.63,0.37,39.06,0.24,C3'-endo
6,6,0.29,A,A,A,1,0,0,0,0,(,0,1,cWW,cW-W,5.05,2.97,0.97,1.35,3.63,4.91,5.00,3.50,BI,anti,A,4.34,4.57,2.77,3.55,3.08,3.61,3.86,4.04,6.26,5.87,0.67,5.58,0.45,40.70,0.36,C3'-endo
7,7,0.33,U,U,U,0,0,0,1,0,(,0,1,cWW,cW-W,5.15,3.21,0.80,1.40,3.73,5.01,5.01,3.50,BI,anti,A,4.39,4.66,2.96,3.78,3.05,3.82,3.60,4.31,0.04,5.84,0.66,5.63,0.38,39.18,0.26,C3'-endo
8,8,0.38,U,U,U,0,0,0,1,0,(,0,1,cWW,cW-W,5.24,2.92,0.93,1.36,3.61,5.14,4.76,3.58,BI,anti,A,4.28,4.62,2.90,3.78,3.16,3.77,3.89,4.24,6.28,5.87,0.65,5.62,0.42,39.25,0.33,C3'-endo
9,9,0.43,G,G,G,0,0,1,0,0,(,0,1,cWW,cW-W,5.15,3.03,0.87,1.33,4.04,5.12,5.21,3.68,BI,anti,.,3.85,4.75,2.93,4.12,3.14,4.25,3.83,4.08,6.24,5.89,0.65,5.59,0.46,40.17,0.38,C3'-endo
10,10,0.48,C,C,C,0,1,0,0,0,.,,0,,,4.71,3.90,0.63,2.55,4.84,3.53,1.31,4.50,BII,anti,.,0.46,0.47,3.07,3.62,3.40,3.76,3.30,4.48,5.81,0.69,5.64,0.39,0.05,39.85,2.75,C2'-endo
11,11,0.52,C,C,C,0,1,0,0,0,.,,0,,,4.69,2.85,0.81,1.42,3.81,5.26,4.84,3.43,BI,anti,.,4.52,4.70,3.11,4.12,3.12,4.15,3.82,4.91,0.06,5.83,0.65,5.65,0.36,38.08,0.24,C3'-endo
12,12,0.57,C,C,C,0,1,0,0,0,.,,0,,,4.90,3.06,1.08,1.38,4.00,5.28,5.00,3.40,BI,anti,.,4.55,4.77,2.82,4.26,3.20,4.37,4.34,5.18,0.07,5.80,0.68,5.62,0.37,40.22,0.22,C3'-endo
13,13,0.62,A,A,A,1,0,0,0,0,.,,0,,,5.21,2.90,1.05,1.40,3.80,5.28,4.80,3.38,BI,anti,.,4.61,4.73,2.89,4.12,3.43,4.16,4.72,4.95,0.08,5.81,0.66,5.66,0.34,38.46,0.20,C3'-endo
14,14,0.67,A,A,A,1,0,0,0,0,.,,0,,,5.07,3.05,1.05,1.44,3.91,5.00,5.19,3.46,BI,anti,.,4.40,4.66,2.96,3.97,3.38,4.04,4.55,4.89,0.05,5.86,0.62,5.68,0.35,36.52,0.25,C3'-endo
15,15,0.71,G,G,G,0,0,1,0,0,.,,0,,,5.32,2.81,0.95,1.49,3.71,4.89,5.10,3.63,BI,anti,.,4.10,4.51,2.93,3.75,3.33,3.84,4.49,3.99,0.02,5.92,0.55,5.73,0.33,32.77,0.28,C3'-endo
16,16,0.76,U,U,U,0,0,0,1,0,.,,0,,,5.33,3.19,0.81,2.39,4.17,5.04,5.41,3.99,..,anti,.,2.10,2.12,3.27,5.08,3.59,4.88,3.82,5.20,5.95,0.50,5.81,0.29,0.03,29.00,2.76,C2'-endo
17,17,0.81,C,C,C,0,1,0,0,0,.,,0,,,4.63,3.58,1.73,1.30,,,,3.59,n/a,anti,-,,,,,,,,,6.27,5.86,0.67,5.59,0.44,40.68,0.34,C3'-endo
18,not resolved,0.86,-,-,-,0,0,0,0,1,,,0,,,,,,,,,,,,,,,,,,,,,,,,,,,,,
19,not resolved,0.90,-,-,-,0,0,0,0,1,,,0,,,,,,,,,,,,,,,,,,,,,,,,,,,,,
20,not resolved,0.95,-,-,-,0,0,0,0,1,,,0,,,,,,,,,,,,,,,,,,,,,,,,,,,,,
21,21,1.00,U,U,U,0,0,0,1,0,.,,0,,,,4.49,2.68,1.47,,,,3.92,n/a,anti,-,,,,,,,,,0.00,5.92,0.56,5.71,0.36,33.91,0.32,C3'-endo
