index_chain,old_nt_resnum,nt_position,nt_name,nt_code,nt_align_code,is_A,is_C,is_G,is_U,is_other,dbn,paired,nb_interact,pair_type_LW,pair_type_DSSR,alpha,beta,gamma,delta,epsilon,zeta,epsilon_zeta,chi,bb_type,glyco_bond,form,ssZp,Dp,eta,theta,eta_prime,theta_prime,eta_base,theta_base,v0,v1,v2,v3,v4,amplitude,phase_angle,puckering
1,16,0.07,G,G,G,0,0,1,0,0,(,14,1,cWW,cW-W,,,3.00,1.30,1.73,1.15,0.57,3.19,..,anti,A,3.93,3.88,,,,,,,0.21,5.69,0.74,5.65,0.27,42.31,0.05,C3'-endo
2,17,0.14,C,C,C,0,1,0,0,0,(,13,1,cWW,cW-W,3.64,2.92,1.24,1.39,4.03,5.04,5.27,3.38,BI,anti,.,4.50,4.71,2.74,4.03,3.18,4.09,4.05,4.90,0.02,5.86,0.63,5.65,0.39,37.94,0.29,C3'-endo
3,18,0.21,A,A,A,1,0,0,0,0,.,,0,,,5.31,2.73,0.99,1.40,3.61,5.07,4.83,3.39,BI,anti,A,4.53,4.60,2.80,3.78,3.27,3.75,4.50,4.45,0.01,5.87,0.63,5.65,0.39,37.54,0.30,C3'-endo
4,19,0.29,A,A,A,1,0,0,0,0,.,,0,,,5.15,3.12,0.82,1.32,2.21,0.90,1.31,3.54,..,anti,.,3.94,4.00,3.00,4.33,3.35,4.31,4.37,4.36,0.14,5.76,0.70,5.65,0.31,40.27,0.13,C3'-endo
5,20,0.36,A,A,A,1,0,0,0,0,.,,0,,,4.01,4.39,0.69,2.53,4.45,0.99,3.46,4.49,..,anti,.,0.80,1.09,3.73,1.41,4.05,1.20,4.09,0.88,5.92,0.60,5.69,0.40,6.25,35.48,2.86,C2'-endo
6,21,0.43,A,A,A,1,0,0,0,0,.,,0,,,3.50,3.93,0.60,2.52,4.96,4.03,0.93,4.78,..,anti,.,0.26,0.34,2.45,5.21,2.66,4.26,2.47,3.51,5.86,0.65,5.67,0.39,0.01,37.56,2.79,C2'-endo
7,22,0.50,U,U,U,0,0,0,1,0,.,,0,,,0.64,2.61,2.43,1.48,3.94,4.87,5.35,3.71,BI,anti,.,3.85,4.60,5.76,4.04,0.46,4.02,1.38,4.51,0.01,5.92,0.56,5.71,0.36,33.54,0.31,C3'-endo
8,23,0.57,A,A,A,1,0,0,0,0,.,,0,,,2.81,3.81,3.09,1.47,4.67,4.00,0.67,3.78,..,anti,.,2.87,4.17,3.18,4.22,3.55,3.78,4.21,3.14,6.13,6.06,0.49,5.68,0.48,34.00,0.59,C3'-endo
9,24,0.64,A,A,A,1,0,0,0,0,.,,0,,,3.06,4.22,1.29,2.55,4.56,5.31,5.53,4.38,..,anti,.,0.83,0.95,1.46,5.89,2.32,5.55,2.05,5.87,5.91,0.61,5.68,0.40,6.26,36.23,2.85,C2'-endo
10,25,0.71,C,C,C,0,1,0,0,0,.,,0,,,5.00,3.45,0.91,2.53,4.66,1.86,2.80,4.43,..,anti,.,0.73,0.77,3.04,1.96,3.94,1.62,4.05,1.58,5.86,0.65,5.67,0.39,0.02,37.54,2.78,C2'-endo
11,26,0.79,A,A,A,1,0,0,0,0,.,,0,,,4.17,2.72,0.82,1.46,3.91,4.61,5.59,3.99,BI,anti,.,3.04,4.65,2.56,3.64,2.53,3.79,2.50,3.95,0.05,5.88,0.59,5.70,0.34,34.98,0.25,C3'-endo
12,27,0.86,A,A,A,1,0,0,0,0,.,,0,,,5.37,2.74,1.15,2.51,3.99,4.63,5.64,4.44,..,anti,.,1.48,1.78,3.21,4.60,3.72,4.29,3.86,4.98,5.96,0.56,5.72,0.39,6.24,33.41,2.89,C2'-endo
13,28,0.93,G,G,G,0,0,1,0,0,),2,1,cWW,cW-W,4.69,3.42,1.12,1.51,3.68,5.05,4.91,3.12,BI,anti,A,4.63,4.66,2.98,3.89,3.39,4.03,3.99,4.40,0.16,5.79,0.62,5.74,0.25,35.68,0.08,C3'-endo
14,29,1.00,C,C,C,0,1,0,0,0,),1,1,cWW,cW-W,5.18,3.08,1.33,2.59,,,,3.91,n/a,anti,-,,,,,,,,,5.93,0.61,5.66,0.43,6.23,36.49,2.90,C2'-endo
