index_chain,old_nt_resnum,nt_position,nt_name,nt_code,nt_align_code,is_A,is_C,is_G,is_U,is_other,dbn,paired,nb_interact,pair_type_LW,pair_type_DSSR,alpha,beta,gamma,delta,epsilon,zeta,epsilon_zeta,chi,bb_type,glyco_bond,form,ssZp,Dp,eta,theta,eta_prime,theta_prime,eta_base,theta_base,v0,v1,v2,v3,v4,amplitude,phase_angle,puckering
1,1,0.01,G,G,G,0,0,1,0,0,(,120,1,cWW,cW-W,,2.99,3.03,1.46,3.58,5.20,4.67,3.18,BI,anti,A,4.59,4.60,,3.26,,3.40,,3.85,0.08,5.85,0.60,5.71,0.31,35.01,0.20,C3'-endo
2,2,0.02,G,G,G,0,0,1,0,0,(,119,1,cWW,cW-W,5.02,3.30,0.92,1.43,3.70,5.18,4.81,3.30,BI,anti,A,4.49,4.54,3.01,3.91,3.24,3.97,3.82,4.63,6.27,5.92,0.58,5.68,0.39,35.48,0.35,C3'-endo
3,3,0.02,U,U,U,0,0,0,1,0,(,118,1,cWW,cW-W,5.17,3.09,0.85,1.38,3.46,5.07,4.67,3.45,BI,anti,A,4.39,4.48,2.85,3.59,3.19,3.60,4.16,4.01,6.27,5.90,0.61,5.65,0.41,37.28,0.35,C3'-endo
4,4,0.03,U,U,U,0,0,0,1,0,(,117,1,cWW,cW-W,5.19,3.12,0.83,1.39,3.68,4.76,5.20,3.44,BI,anti,A,4.51,4.66,2.95,3.51,3.12,3.57,3.74,3.97,0.05,5.84,0.65,5.65,0.37,38.39,0.25,C3'-endo
5,5,0.04,G,G,G,0,0,1,0,0,(,116,1,cWW,cW-W,5.49,2.94,0.66,1.43,3.97,4.86,5.39,3.46,BI,anti,A,4.44,4.74,3.04,3.91,3.14,3.98,3.62,4.47,0.09,5.82,0.64,5.67,0.33,37.47,0.20,C3'-endo
6,6,0.05,C,C,C,0,1,0,0,0,(,115,1,cWW,cW-W,5.52,2.66,0.91,1.32,3.66,5.81,4.14,3.37,BI,anti,.,4.52,4.60,2.91,4.24,3.25,3.96,4.05,4.09,6.25,5.89,0.64,5.60,0.45,39.71,0.38,C3'-endo
7,7,0.06,G,G,G,0,0,1,0,0,(,114,1,cWW,cW-W,3.69,2.08,2.85,1.39,3.88,4.87,5.29,3.08,BI,anti,A,4.63,4.67,3.05,2.87,3.18,3.14,3.66,3.75,0.02,5.87,0.63,5.65,0.39,37.62,0.30,C3'-endo
8,8,0.07,G,G,G,0,0,1,0,0,(,113,1,cWW,cW-W,5.24,3.19,0.71,1.44,4.01,4.82,5.47,3.45,BI,anti,A,4.42,4.72,2.99,3.80,3.11,3.89,3.72,4.40,0.07,5.84,0.62,5.69,0.33,36.23,0.21,C3'-endo
9,9,0.07,C,C,C,0,1,0,0,0,(,112,1,cWW,cW-W,5.18,2.62,1.16,1.40,4.21,5.46,5.04,3.34,..,anti,.,4.52,4.71,2.96,4.60,3.23,4.73,3.92,5.54,6.28,5.89,0.62,5.64,0.40,37.49,0.33,C3'-endo
10,10,0.08,C,C,C,0,1,0,0,0,.,,0,,,5.15,3.12,1.17,2.48,4.83,2.75,2.08,4.19,BII,anti,.,0.53,0.67,3.41,2.77,4.18,2.75,5.19,3.32,5.90,0.60,5.72,0.36,0.01,34.62,2.79,C2'-endo
11,11,0.09,A,A,A,1,0,0,0,0,.,67,1,tWS,tW+m,5.31,3.36,1.08,1.48,3.93,4.09,6.12,3.25,..,anti,.,4.60,4.65,4.61,3.35,4.34,2.72,4.35,2.84,0.05,5.88,0.58,5.71,0.33,34.25,0.25,C3'-endo
12,12,0.10,U,U,U,0,0,0,1,0,.,,0,,,1.01,3.97,1.09,2.60,4.56,5.04,5.79,3.78,..,anti,.,0.92,0.91,6.15,5.64,0.07,5.22,5.66,5.51,5.91,0.64,5.64,0.45,6.23,38.16,2.89,C2'-endo
13,13,0.11,A,A,A,1,0,0,0,0,.,,0,,,4.60,3.25,0.86,2.56,4.16,5.39,5.05,3.84,..,anti,.,1.29,1.38,2.29,5.45,3.30,5.18,3.83,5.66,5.90,0.63,5.66,0.42,6.26,37.44,2.86,C2'-endo
14,14,0.12,U,U,U,0,0,0,1,0,(,66,1,cWW,cW-W,4.79,3.33,0.90,1.42,3.51,5.19,4.60,3.22,BI,anti,A,4.64,4.62,2.54,3.76,3.36,3.84,4.10,4.42,0.09,5.81,0.65,5.66,0.34,38.11,0.20,C3'-endo
15,15,0.12,C,C,C,0,1,0,0,0,(,65,1,cWW,cW-W,4.95,3.31,1.00,1.45,3.49,5.20,4.58,3.32,BI,anti,A,4.51,4.56,2.98,3.81,3.23,3.82,4.07,4.20,0.08,5.83,0.63,5.69,0.32,36.72,0.20,C3'-endo
16,16,0.13,U,U,U,0,0,0,1,0,(,63,1,cWW,cW-W,4.94,3.44,0.79,1.41,3.76,4.93,5.11,3.53,BI,anti,A,4.38,4.69,2.91,3.68,3.06,3.75,3.65,4.14,0.08,5.82,0.65,5.67,0.34,37.84,0.20,C3'-endo
17,17,0.14,A,A,A,1,0,0,0,0,(,62,1,cWW,cW-W,5.25,2.88,0.91,1.39,3.63,5.00,4.91,3.39,BI,anti,A,4.52,4.60,2.87,3.69,3.10,3.69,3.70,4.13,6.27,5.90,0.61,5.65,0.41,37.30,0.34,C3'-endo
18,18,0.15,C,C,C,0,1,0,0,0,(,61,1,cWW,cW-W,5.20,2.97,0.95,1.39,3.14,4.90,4.52,3.40,BI,anti,A,4.32,4.34,2.89,3.76,3.20,3.67,3.95,4.12,6.28,5.89,0.62,5.65,0.40,37.51,0.33,C3'-endo
19,19,0.16,C,C,C,0,1,0,0,0,(,60,1,cWW,cW-W,3.24,3.73,2.46,1.41,4.07,4.61,5.74,3.16,..,anti,A,4.65,4.69,2.91,3.63,3.13,3.61,3.86,4.01,0.04,5.87,0.62,5.67,0.36,36.68,0.27,C3'-endo
20,20,0.17,A,A,A,1,0,0,0,0,(,59,1,cWW,cW-W,5.45,2.71,0.75,1.41,3.75,4.91,5.13,3.30,BI,anti,A,4.57,4.63,2.85,3.76,3.06,3.77,3.74,4.16,0.03,5.87,0.62,5.66,0.37,37.06,0.27,C3'-endo
21,21,0.17,G,G,G,0,0,1,0,0,(,58,1,cWW,cW-W,5.24,2.93,0.99,1.41,4.10,2.72,1.37,3.42,BII,anti,.,4.42,4.69,3.08,2.15,3.25,2.00,3.84,2.09,0.02,5.88,0.61,5.67,0.38,36.53,0.30,C3'-endo
22,22,0.18,A,A,A,1,0,0,0,0,.,,0,,,1.73,3.80,2.75,1.46,4.69,4.49,0.20,2.67,..,anti,.,4.41,4.60,2.62,3.94,2.46,3.98,2.34,4.79,0.05,5.88,0.58,5.71,0.33,34.15,0.25,C3'-endo
23,23,0.19,A,A,A,1,0,0,0,0,.,,0,,,5.51,2.53,0.63,1.41,4.04,4.65,5.67,3.31,..,anti,A,4.59,4.72,2.63,3.79,2.98,3.84,4.11,4.50,0.03,5.86,0.62,5.66,0.37,37.14,0.28,C3'-endo
24,24,0.20,A,A,A,1,0,0,0,0,.,,0,,,5.31,2.55,1.03,1.45,3.82,5.01,5.10,3.32,BI,anti,A,4.63,4.71,2.86,3.98,3.15,3.93,4.12,4.49,0.11,5.81,0.63,5.70,0.30,36.46,0.16,C3'-endo
25,25,0.21,G,G,G,0,0,1,0,0,.,,0,,,5.28,2.83,0.93,1.44,3.65,5.01,4.92,3.33,BI,anti,A,4.58,4.62,2.87,3.80,3.23,3.79,4.24,4.37,0.06,5.86,0.61,5.69,0.34,36.11,0.23,C3'-endo
26,26,0.21,C,C,C,0,1,0,0,0,.,54,1,cWW,cW-W,5.33,3.01,0.76,1.40,3.79,5.08,5.00,3.34,BI,anti,A,4.64,4.72,2.93,3.93,3.17,4.01,4.07,4.61,0.09,5.80,0.66,5.66,0.33,38.63,0.19,C3'-endo
27,27,0.22,A,A,A,1,0,0,0,0,(,"53,56",2,"cWW,cSW","cW-W,cm-W",5.43,2.82,1.00,1.39,3.86,4.80,5.35,3.30,BI,anti,A,4.54,4.61,3.09,3.69,3.44,3.70,4.36,4.22,6.26,5.91,0.60,5.65,0.42,36.94,0.37,C3'-endo
28,28,0.23,C,C,C,0,1,0,0,0,(,52,1,cWW,cW-W,5.25,2.64,1.08,1.42,3.75,5.55,4.49,3.25,BI,anti,.,4.55,4.60,2.90,4.36,3.18,4.42,3.99,5.20,0.01,5.88,0.62,5.66,0.39,37.02,0.31,C3'-endo
29,29,0.24,C,C,C,0,1,0,0,0,(,"49,51",2,"cWW,cSW","cW-W,cm-W",5.15,2.94,1.08,1.39,3.99,4.79,5.48,3.50,BI,anti,.,4.32,4.70,2.99,3.75,3.60,3.80,4.92,4.27,0.02,5.87,0.63,5.64,0.39,38.00,0.30,C3'-endo
30,30,0.25,G,G,G,0,0,1,0,0,(,47,1,cWW,cW-W,5.09,3.01,0.98,1.42,3.84,5.02,5.10,3.13,BI,anti,A,4.66,4.67,2.92,3.88,3.09,3.91,3.74,4.39,0.03,5.88,0.61,5.67,0.37,36.35,0.28,C3'-endo
31,31,0.26,U,U,U,0,0,0,1,0,(,46,1,cWW,cW-W,4.93,3.09,1.11,1.42,3.51,5.04,4.75,3.30,BI,anti,A,4.44,4.50,2.86,3.64,3.15,3.77,3.92,4.05,0.01,5.89,0.61,5.66,0.38,36.58,0.30,C3'-endo
32,32,0.26,U,U,U,0,0,0,1,0,(,45,1,cWW,cW-W,5.14,3.26,1.21,2.61,4.36,2.38,1.98,4.06,BII,anti,.,1.32,1.21,3.53,2.70,3.97,2.24,4.23,1.72,5.89,0.65,5.64,0.44,6.25,38.58,2.86,C2'-endo
33,33,0.27,U,U,U,0,0,0,1,0,.,,0,,,2.77,3.61,1.17,1.46,3.52,5.05,4.75,3.86,BI,anti,.,3.63,4.45,1.97,3.76,1.76,3.78,1.57,4.48,0.02,5.90,0.58,5.70,0.36,34.67,0.30,C3'-endo
34,34,0.28,C,C,C,0,1,0,0,0,.,,0,,,5.34,2.94,0.81,1.40,4.44,4.33,0.10,3.88,..,anti,.,2.90,4.78,3.15,3.74,3.34,3.87,4.16,4.24,0.07,5.83,0.64,5.67,0.34,37.61,0.22,C3'-endo
35,35,0.29,C,C,C,0,1,0,0,0,.,45,1,cWS,cW-m,5.44,2.57,0.82,1.38,3.91,5.18,5.01,3.21,BI,anti,.,4.65,4.69,2.88,4.16,3.04,4.19,3.48,5.03,0.02,5.86,0.64,5.64,0.39,38.24,0.29,C3'-endo
36,36,0.30,C,C,C,0,1,0,0,0,(,41,1,cWW,cW-W,5.46,3.07,0.61,1.40,3.53,4.86,4.95,3.51,BI,anti,A,4.44,4.63,2.86,3.50,3.27,3.58,4.54,3.73,0.10,5.81,0.66,5.66,0.33,38.41,0.18,C3'-endo
37,37,0.31,G,G,G,0,0,1,0,0,.,43,1,cSW,cm-W,5.61,3.03,0.65,1.48,3.18,5.08,4.39,4.02,BI,anti,.,3.35,4.36,3.10,3.98,3.30,3.71,3.55,3.48,0.11,5.83,0.61,5.72,0.29,35.26,0.16,C3'-endo
38,38,0.31,U,U,U,0,0,0,1,0,.,42,1,tSH,tm-M,2.41,3.35,3.41,1.38,4.07,5.33,5.02,3.64,..,anti,.,4.02,4.77,2.95,3.98,3.04,3.28,3.07,2.40,0.05,5.83,0.66,5.64,0.38,38.82,0.25,C3'-endo
39,39,0.32,C,C,C,0,1,0,0,0,.,,0,,,2.93,2.47,0.80,1.45,4.20,5.06,5.42,2.97,..,anti,.,4.42,4.52,0.12,4.32,0.71,4.30,0.46,5.11,6.23,5.97,0.54,5.69,0.41,33.95,0.42,C3'-endo
40,40,0.33,C,C,C,0,1,0,0,0,.,,0,,,4.81,2.86,1.22,1.45,4.47,4.33,0.14,3.40,..,anti,.,4.21,4.58,2.83,4.31,3.21,4.07,4.37,4.62,6.27,5.93,0.57,5.69,0.38,34.75,0.35,C3'-endo
41,41,0.34,G,G,G,0,0,1,0,0,),"36,44",2,"cWW,tSW","cW-W,tm+W",1.09,2.91,0.90,2.50,4.03,1.64,2.39,5.17,..,anti,.,0.77,1.57,4.82,1.64,5.43,1.05,5.00,1.16,5.87,0.64,5.67,0.39,0.01,37.26,2.80,C2'-endo
42,42,0.35,A,A,A,1,0,0,0,0,.,38,1,tHS,tM-m,3.10,3.36,0.75,1.35,3.86,5.17,4.97,2.93,BI,anti,.,4.74,4.79,1.57,3.91,1.64,4.06,1.95,4.88,0.08,5.79,0.69,5.63,0.36,40.20,0.21,C3'-endo
43,43,0.36,U,U,U,0,0,0,1,0,.,37,1,cWS,cW-m,4.88,3.31,1.06,1.43,3.90,5.22,4.97,3.12,BI,anti,.,4.78,4.76,2.95,4.13,3.24,4.17,4.29,5.03,0.08,5.83,0.64,5.67,0.34,37.37,0.21,C3'-endo
44,44,0.36,C,C,C,0,1,0,0,0,.,41,1,tWS,tW+m,5.12,3.09,0.76,1.36,3.62,5.26,4.64,3.13,BI,anti,A,4.75,4.71,2.67,3.83,3.06,3.91,4.42,4.51,0.14,5.75,0.71,5.63,0.32,41.29,0.14,C3'-endo
45,45,0.37,A,A,A,1,0,0,0,0,),"32,35",2,"cWW,cSW","cW-W,cm-W",5.26,3.42,0.72,1.44,3.71,5.00,4.99,3.35,BI,anti,A,4.61,4.69,3.10,3.73,3.31,3.83,4.13,4.31,0.12,5.80,0.64,5.69,0.30,37.27,0.14,C3'-endo
46,46,0.38,A,A,A,1,0,0,0,0,),31,1,cWW,cW-W,5.36,2.97,0.80,1.41,3.51,5.17,4.62,3.28,BI,anti,A,4.60,4.61,2.92,3.74,3.20,3.77,3.95,4.17,0.08,5.82,0.65,5.67,0.34,37.76,0.20,C3'-endo
47,47,0.39,C,C,C,0,1,0,0,0,),30,1,cWW,cW-W,5.10,3.34,0.87,1.45,3.56,5.13,4.72,3.48,BI,anti,A,4.42,4.59,3.05,3.77,3.24,3.81,3.85,4.12,0.08,5.84,0.62,5.69,0.33,36.22,0.20,C3'-endo
48,48,0.40,U,U,U,0,0,0,1,0,.,,0,,,5.18,3.10,0.88,1.38,3.71,5.16,4.83,3.60,BI,anti,.,4.21,4.59,2.98,3.86,3.21,3.98,3.73,4.05,6.27,5.90,0.62,5.63,0.42,38.08,0.35,C3'-endo
49,49,0.40,G,G,G,0,0,1,0,0,),"29,51",2,"cWW,cSH","cW-W,cm+M",5.55,3.28,0.63,2.48,4.97,1.17,3.80,4.74,..,anti,.,0.24,0.32,3.65,2.05,4.02,1.44,4.04,1.39,5.85,0.65,5.67,0.38,0.03,37.76,2.77,C2'-endo
50,50,0.41,U,U,U,0,0,0,1,0,.,,0,,,1.30,3.14,3.41,1.44,3.90,5.31,4.87,3.49,BI,anti,.,4.34,4.65,2.58,3.53,2.24,3.70,2.23,4.45,0.02,5.89,0.60,5.68,0.37,35.69,0.30,C3'-endo
51,51,0.42,A,A,A,1,0,0,0,0,.,"29,49",2,"cWS,cHS","cW-m,cM+m",4.90,3.52,0.62,1.43,3.63,5.22,4.69,3.29,BI,anti,.,4.58,4.61,2.65,4.20,2.97,4.16,3.92,4.72,0.05,5.86,0.61,5.68,0.35,36.41,0.26,C3'-endo
52,52,0.43,G,G,G,0,0,1,0,0,),28,1,cWW,cW-W,3.07,3.21,2.85,1.44,3.70,5.04,4.94,3.39,BI,anti,A,4.52,4.62,2.83,3.37,3.22,3.43,4.08,3.85,0.07,5.84,0.62,5.69,0.33,36.23,0.21,C3'-endo
53,53,0.44,U,U,U,0,0,0,1,0,),"27,55",2,"cWW,cSH","cW-W,cm+M",5.33,3.18,0.73,1.38,3.66,5.29,4.66,3.70,BI,anti,.,4.04,4.64,2.99,3.67,3.20,3.66,3.76,3.29,0.05,5.83,0.66,5.64,0.37,39.03,0.25,C3'-endo
54,54,0.45,U,U,U,0,0,0,1,0,.,"26,56",2,"cWW,cWH","cW-W,cW+M",4.20,2.15,2.79,2.57,4.90,1.98,2.92,4.12,..,anti,.,0.43,0.48,4.48,1.20,4.18,1.53,3.65,1.65,5.92,0.61,5.67,0.42,6.25,36.52,2.87,C2'-endo
55,55,0.45,A,A,A,1,0,0,0,0,.,53,1,cHS,cM+m,3.06,3.70,0.87,1.40,4.09,4.87,5.50,3.16,..,anti,A,4.79,4.79,2.34,3.89,2.03,4.04,2.16,4.61,0.08,5.82,0.65,5.66,0.34,38.02,0.20,C3'-endo
56,56,0.46,A,A,A,1,0,0,0,0,.,"27,54",2,"cWS,cHW","cW-m,cM+W",5.27,2.67,1.12,1.34,3.83,5.14,4.97,3.07,BI,anti,.,4.77,4.75,2.89,3.95,3.24,3.95,4.11,4.53,0.03,5.83,0.67,5.61,0.40,40.01,0.28,C3'-endo
57,57,0.47,G,G,G,0,0,1,0,0,.,,0,,,5.13,3.00,1.14,1.38,3.94,5.44,4.79,3.09,BI,anti,.,4.63,4.64,3.05,4.32,3.37,4.39,4.33,5.43,6.25,5.92,0.61,5.64,0.42,37.28,0.37,C3'-endo
58,58,0.48,C,C,C,0,1,0,0,0,),21,1,cWW,cW-W,4.90,3.05,0.99,1.44,3.75,4.97,5.07,3.28,BI,anti,A,4.60,4.65,2.65,3.79,3.22,3.81,4.78,4.25,0.08,5.84,0.62,5.69,0.32,36.53,0.20,C3'-endo
59,59,0.49,U,U,U,0,0,0,1,0,),20,1,cWW,cW-W,5.13,3.01,0.96,1.43,3.93,4.89,5.32,3.38,BI,anti,A,4.59,4.76,2.96,3.84,3.18,3.86,3.86,4.29,0.10,5.81,0.64,5.68,0.32,37.31,0.17,C3'-endo
60,60,0.50,G,G,G,0,0,1,0,0,),19,1,cWW,cW-W,5.14,2.77,1.09,1.38,3.50,5.06,4.72,3.33,BI,anti,A,4.55,4.56,2.80,3.67,3.13,3.62,3.89,4.05,0.00,5.88,0.63,5.64,0.41,38.24,0.32,C3'-endo
61,61,0.50,G,G,G,0,0,1,0,0,),18,1,cWW,cW-W,5.06,3.08,1.04,1.42,3.63,5.00,4.92,3.32,BI,anti,A,4.55,4.60,2.99,3.72,3.19,3.73,3.91,4.16,0.03,5.87,0.62,5.67,0.37,36.70,0.27,C3'-endo
62,62,0.51,U,U,U,0,0,0,1,0,),17,1,cWW,cW-W,5.17,3.00,1.02,1.45,3.88,4.94,5.22,3.37,BI,anti,A,4.44,4.58,3.07,3.89,3.28,4.04,3.92,4.36,0.00,5.92,0.57,5.70,0.37,34.58,0.32,C3'-endo
63,63,0.52,A,A,A,1,0,0,0,0,),16,1,cWW,cW-W,5.40,3.03,0.88,2.60,4.51,5.38,5.40,4.08,..,anti,.,1.07,1.04,3.30,5.79,3.83,5.07,4.24,4.31,5.85,0.68,5.62,0.43,6.28,39.94,2.82,C2'-endo
64,64,0.53,A,A,A,1,0,0,0,0,.,,0,,,4.73,3.29,3.41,1.39,3.65,1.19,2.46,4.18,..,anti,.,2.60,4.56,4.99,5.93,5.71,5.89,0.39,5.57,6.25,5.91,0.61,5.64,0.43,37.48,0.37,C3'-endo
65,65,0.54,G,G,G,0,0,1,0,0,),15,1,cWW,cW-W,0.91,2.83,5.24,1.43,3.79,4.84,5.23,3.05,BI,anti,A,4.71,4.71,3.43,3.10,3.88,3.38,4.76,4.14,0.06,5.84,0.63,5.67,0.35,37.18,0.23,C3'-endo
66,66,0.55,A,A,A,1,0,0,0,0,),14,1,cWW,cW-W,4.95,3.15,1.03,1.44,3.81,5.22,4.88,3.27,BI,anti,.,4.73,4.76,2.94,4.08,3.07,4.15,3.71,4.90,0.15,5.77,0.66,5.69,0.28,37.95,0.10,C3'-endo
67,67,0.55,G,G,G,0,0,1,0,0,(,"11,111",2,"tSW,cWW","tm+W,cW-W",5.09,3.01,1.07,1.45,3.94,4.92,5.29,3.36,BI,anti,A,4.63,4.77,2.97,3.94,3.38,3.98,4.52,4.60,0.11,5.81,0.63,5.69,0.31,36.87,0.16,C3'-endo
68,68,0.56,C,C,C,0,1,0,0,0,(,110,1,cWW,cW-W,5.36,2.73,0.95,1.40,3.78,4.97,5.10,3.14,BI,anti,A,4.67,4.69,2.91,3.81,3.26,3.80,4.29,4.12,0.06,5.83,0.65,5.66,0.36,38.07,0.23,C3'-endo
69,69,0.57,C,C,C,0,1,0,0,0,(,109,1,cWW,cW-W,5.25,3.02,0.90,1.38,3.65,4.99,4.94,3.31,BI,anti,A,4.58,4.62,2.96,3.65,3.19,3.69,3.82,4.08,0.03,5.86,0.64,5.64,0.38,37.99,0.28,C3'-endo
70,70,0.58,U,U,U,0,0,0,1,0,(,108,1,cWW,cW-W,5.25,3.03,0.86,1.40,3.75,5.01,5.02,3.41,BI,anti,A,4.52,4.66,2.98,3.81,3.18,3.85,3.78,4.25,0.04,5.85,0.63,5.66,0.37,37.51,0.26,C3'-endo
71,71,0.59,G,G,G,0,0,1,0,0,(,107,1,cWW,cW-W,5.48,2.95,0.75,1.39,3.43,4.93,4.79,3.53,BI,anti,A,4.18,4.35,2.97,3.48,3.26,3.48,3.91,3.98,6.21,5.96,0.57,5.65,0.45,36.42,0.45,C3'-endo
72,72,0.60,A,A,A,1,0,0,0,0,(,106,1,cWW,cW-W,5.40,3.01,0.69,1.42,4.00,4.43,5.85,3.55,..,anti,.,4.21,4.67,3.03,3.47,3.14,2.96,3.76,2.19,0.04,5.87,0.62,5.67,0.36,36.78,0.27,C3'-endo
73,73,0.60,C,C,C,0,1,0,0,0,.,,0,,,0.14,3.56,2.79,1.44,4.28,2.71,1.57,5.22,BII,anti,.,-2.85,4.75,0.26,1.80,0.28,1.30,0.34,0.11,0.04,5.86,0.61,5.68,0.36,36.35,0.26,C3'-endo
74,74,0.61,C,C,C,0,1,0,0,0,.,105,1,cWW,cW-W,1.95,3.33,1.12,1.51,3.59,4.80,5.07,3.91,BI,anti,.,3.44,4.43,0.84,3.59,1.04,3.59,2.09,4.14,0.03,5.92,0.54,5.74,0.32,32.17,0.27,C3'-endo
75,75,0.62,G,G,G,0,0,1,0,0,.,104,1,tSH,tm-M,5.25,2.77,0.94,1.47,4.01,5.60,4.70,3.89,..,anti,.,3.35,4.75,2.99,5.18,3.18,4.72,3.87,3.88,0.13,5.81,0.62,5.72,0.28,35.94,0.13,C3'-endo
76,76,0.63,A,A,A,1,0,0,0,0,.,103,1,tHH,tM+M,3.36,3.73,0.76,2.55,4.54,2.78,1.76,4.02,BII,anti,.,1.00,1.14,1.47,2.72,2.26,2.53,1.89,2.91,5.79,0.73,5.62,0.39,0.06,41.38,2.73,C2'-endo
77,77,0.64,G,G,G,0,0,1,0,0,.,78,1,cSH,cm+M,4.65,1.59,2.93,2.58,3.69,2.53,1.16,4.54,..,anti,.,1.76,1.82,5.42,0.51,4.75,1.05,4.58,1.56,5.86,0.68,5.63,0.43,6.28,39.69,2.82,C2'-endo
78,78,0.64,U,U,U,0,0,0,1,0,.,"77,102",2,"cHS,tWH","cM+m,tW-M",4.60,2.70,0.87,1.54,4.11,4.83,5.56,3.12,..,anti,.,4.42,4.49,2.90,4.04,2.74,4.04,2.78,4.51,6.28,5.96,0.51,5.75,0.34,31.07,0.33,C3'-endo
79,79,0.65,A,A,A,1,0,0,0,0,.,101,1,tHS,tM-m,5.17,2.80,0.98,1.36,3.96,5.27,4.97,3.32,BI,anti,.,4.62,4.72,2.84,4.16,3.13,4.21,3.92,5.10,6.28,5.88,0.64,5.62,0.42,38.64,0.33,C3'-endo
80,80,0.66,G,G,G,0,0,1,0,0,(,100,1,cWW,cW-W,5.12,2.91,1.00,1.35,4.06,4.67,5.67,3.27,..,anti,A,4.69,4.79,2.82,3.76,3.27,3.87,4.59,4.39,0.08,5.80,0.69,5.62,0.37,40.34,0.21,C3'-endo
81,81,0.67,U,U,U,0,0,0,1,0,(,99,1,cWW,cW-W,5.58,2.50,1.02,1.39,3.65,4.66,5.27,3.58,BI,anti,.,4.20,4.52,2.99,3.45,3.35,3.39,4.12,3.63,6.21,5.94,0.60,5.62,0.46,38.12,0.43,C3'-endo
82,82,0.68,G,G,G,0,0,1,0,0,(,98,1,cWW,cW-W,5.14,3.11,0.83,1.41,3.87,5.11,5.04,3.19,BI,anti,A,4.69,4.70,2.99,3.95,2.96,4.02,3.32,4.76,0.05,5.85,0.63,5.67,0.35,36.95,0.24,C3'-endo
83,83,0.69,U,U,U,0,0,0,1,0,(,97,1,cWW,cW-W,5.15,2.96,1.02,1.37,3.90,4.93,5.26,3.66,BI,anti,A,4.03,4.72,2.95,3.80,3.28,3.81,4.28,4.06,0.01,5.87,0.64,5.63,0.41,38.42,0.31,C3'-endo
84,84,0.69,A,A,A,1,0,0,0,0,(,96,1,cWW,cW-W,5.46,3.10,0.57,1.41,3.47,4.93,4.82,3.64,BI,anti,.,4.11,4.42,2.90,3.39,3.10,3.45,3.54,3.54,6.24,5.95,0.57,5.67,0.41,35.13,0.40,C3'-endo
85,85,0.70,G,G,G,0,0,1,0,0,.,95,1,cWW,cW-W,4.98,3.04,1.04,1.40,4.50,4.12,0.38,3.93,..,anti,.,2.65,4.66,3.13,3.71,3.18,3.16,3.28,3.10,0.00,5.89,0.61,5.66,0.39,36.79,0.32,C3'-endo
86,86,0.71,U,U,U,0,0,0,1,0,.,0,1,c.S,c.-m,0.90,4.01,1.04,2.55,4.12,1.14,2.98,3.95,..,anti,.,1.40,1.51,5.83,1.81,6.19,1.15,5.88,1.13,5.83,0.69,5.64,0.40,0.03,39.50,2.77,C2'-endo
87,87,0.72,G,G,G,0,0,1,0,0,(,94,1,cWW,cW-W,1.27,1.93,3.25,1.46,3.91,4.76,5.44,2.98,BI,anti,A,4.64,4.70,1.40,2.67,1.26,3.05,1.30,3.68,0.06,5.86,0.60,5.69,0.34,35.59,0.23,C3'-endo
88,88,0.73,G,G,G,0,0,1,0,0,(,93,1,cWW,cW-W,5.46,3.00,0.68,1.43,3.80,5.22,4.87,3.37,BI,anti,.,4.52,4.64,3.03,4.06,3.20,4.10,3.77,4.82,0.04,5.86,0.62,5.67,0.36,36.65,0.26,C3'-endo
89,89,0.74,G,G,G,0,0,1,0,0,.,,0,,,5.53,3.12,0.47,1.32,3.97,4.98,5.28,3.60,BI,anti,.,4.13,4.83,2.88,4.02,3.18,3.39,4.21,2.55,0.07,5.80,0.69,5.61,0.38,40.80,0.23,C3'-endo
90,90,0.74,U,U,U,0,0,0,1,0,.,,0,,,3.02,2.61,1.00,1.39,4.14,5.10,5.33,3.04,..,anti,.,4.60,4.67,0.50,4.14,0.90,4.11,0.57,5.04,0.04,5.85,0.64,5.64,0.38,38.31,0.27,C3'-endo
91,91,0.75,G,G,G,0,0,1,0,0,.,,0,,,4.68,2.56,1.65,1.46,3.86,5.19,4.96,3.43,BI,anti,.,4.50,4.67,2.77,3.96,3.24,3.81,4.60,4.61,0.03,5.88,0.60,5.69,0.36,35.52,0.27,C3'-endo
92,92,0.76,A,A,A,1,0,0,0,0,.,,0,,,4.73,2.75,1.26,1.43,4.59,5.28,5.60,2.88,..,anti,.,4.81,4.80,2.84,4.54,3.16,4.62,4.38,5.25,0.10,5.83,0.63,5.70,0.31,36.39,0.18,C3'-endo
93,93,0.77,C,C,C,0,1,0,0,0,),88,1,cWW,cW-W,4.77,2.19,2.10,1.49,3.63,5.18,4.74,3.31,BI,anti,A,4.63,4.67,2.94,3.58,3.67,3.46,4.99,3.77,0.17,5.77,0.64,5.72,0.25,36.96,0.07,C3'-endo
94,94,0.78,C,C,C,0,1,0,0,0,),87,1,cWW,cW-W,4.71,2.94,1.49,1.41,3.86,4.53,5.61,3.47,BI,anti,A,4.41,4.67,3.00,3.46,3.30,3.48,3.92,3.79,0.03,5.87,0.61,5.68,0.36,36.18,0.27,C3'-endo
95,95,0.79,A,A,A,1,0,0,0,0,.,85,1,cWW,cW-W,5.55,2.74,0.70,1.42,3.65,5.05,4.88,3.44,BI,anti,A,4.51,4.65,2.97,3.83,3.11,3.82,3.58,4.31,0.07,5.84,0.63,5.68,0.33,36.74,0.21,C3'-endo
96,96,0.79,U,U,U,0,0,0,1,0,),84,1,cWW,cW-W,5.49,2.93,0.74,1.41,3.44,5.20,4.53,3.49,BI,anti,A,4.37,4.52,2.96,3.69,3.26,3.75,4.10,4.31,0.04,5.86,0.63,5.66,0.37,37.27,0.26,C3'-endo
97,97,0.80,A,A,A,1,0,0,0,0,),83,1,cWW,cW-W,4.97,3.61,0.67,1.53,3.41,5.07,4.62,3.29,BI,anti,A,4.52,4.52,2.92,3.60,3.07,3.71,3.80,4.04,0.13,5.82,0.60,5.74,0.26,34.51,0.11,C3'-endo
98,98,0.81,C,C,C,0,1,0,0,0,),82,1,cWW,cW-W,5.00,3.32,0.94,1.46,3.50,5.47,4.31,3.51,BI,anti,.,4.43,4.61,3.01,4.46,3.17,4.18,3.63,4.26,0.13,5.80,0.63,5.71,0.28,36.52,0.13,C3'-endo
99,99,0.82,G,G,G,0,0,1,0,0,),81,1,cWW,cW-W,2.60,2.98,3.25,1.39,3.61,5.17,4.72,3.10,BI,anti,A,4.58,4.58,2.78,3.11,3.04,3.33,3.58,4.03,6.28,5.89,0.62,5.64,0.41,37.87,0.33,C3'-endo
100,100,0.83,C,C,C,0,1,0,0,0,),80,1,cWW,cW-W,4.79,3.21,1.25,1.40,3.65,5.47,4.46,3.55,BI,anti,.,4.34,4.61,2.99,4.13,3.26,4.15,4.06,4.93,0.00,5.88,0.63,5.64,0.40,37.99,0.32,C3'-endo
101,101,0.83,G,G,G,0,0,1,0,0,.,79,1,tSH,tm-M,4.86,3.00,1.17,1.31,3.62,4.28,5.62,3.39,BI,anti,.,4.61,4.70,2.79,3.01,3.28,2.63,4.53,2.51,0.05,5.82,0.68,5.61,0.39,40.50,0.25,C3'-endo
102,102,0.84,A,A,A,1,0,0,0,0,.,78,1,tHW,tM-W,0.75,4.22,4.92,1.48,3.39,5.07,4.61,3.34,BI,anti,A,4.51,4.55,3.60,3.16,3.16,3.44,2.85,4.28,0.16,5.78,0.63,5.72,0.26,36.40,0.08,C3'-endo
103,103,0.85,A,A,A,1,0,0,0,0,.,76,1,tHH,tM+M,3.11,3.79,2.47,1.36,4.19,4.83,5.65,3.06,..,anti,A,4.75,4.74,2.78,3.80,3.21,3.75,4.19,4.29,0.01,5.88,0.62,5.65,0.39,37.56,0.31,C3'-endo
104,104,0.86,A,A,A,1,0,0,0,0,.,75,1,tHS,tM-m,5.10,2.48,1.33,1.30,4.37,5.06,5.59,3.01,..,anti,.,4.88,4.85,2.90,4.25,3.18,4.31,4.09,5.07,0.05,5.81,0.70,5.59,0.40,41.40,0.26,C3'-endo
105,105,0.87,C,C,C,0,1,0,0,0,.,74,1,cWW,cW-W,5.30,2.76,1.15,1.41,3.89,5.01,5.16,3.15,BI,anti,A,4.61,4.63,2.91,3.93,3.42,3.93,4.70,4.65,6.28,5.90,0.60,5.66,0.40,36.46,0.34,C3'-endo
106,106,0.88,U,U,U,0,0,0,1,0,),72,1,cWW,cW-W,5.15,3.02,0.91,1.45,3.69,5.00,4.97,3.47,BI,anti,A,4.38,4.57,2.87,3.79,3.18,3.81,4.22,4.38,0.04,5.88,0.60,5.70,0.34,35.37,0.26,C3'-endo
107,107,0.88,C,C,C,0,1,0,0,0,),71,1,cWW,cW-W,5.15,2.85,1.03,1.42,3.62,5.04,4.86,3.47,BI,anti,A,4.42,4.58,2.88,3.77,3.20,3.71,4.07,4.04,0.01,5.89,0.60,5.67,0.38,36.10,0.30,C3'-endo
108,108,0.89,A,A,A,1,0,0,0,0,),70,1,cWW,cW-W,5.11,3.12,0.81,1.39,3.67,4.92,5.03,3.36,BI,anti,A,4.56,4.62,2.84,3.61,3.02,3.65,3.64,4.06,0.03,5.86,0.63,5.65,0.38,37.48,0.28,C3'-endo
109,109,0.90,G,G,G,0,0,1,0,0,),69,1,cWW,cW-W,5.22,2.85,1.00,1.38,3.60,5.07,4.81,3.25,BI,anti,A,4.62,4.62,2.90,3.74,3.14,3.73,3.81,4.07,0.02,5.87,0.64,5.64,0.39,38.15,0.30,C3'-endo
110,110,0.91,G,G,G,0,0,1,0,0,),68,1,cWW,cW-W,5.18,3.17,0.95,1.44,3.47,5.21,4.55,3.43,BI,anti,A,4.26,4.36,3.06,3.77,3.27,3.91,3.86,4.41,6.23,5.97,0.55,5.69,0.41,34.21,0.42,C3'-endo
111,111,0.92,U,U,U,0,0,0,1,0,),67,1,cWW,cW-W,5.21,3.32,0.97,2.54,3.90,2.30,1.60,4.19,..,anti,.,1.81,1.77,3.25,1.92,3.78,1.68,4.35,2.04,5.90,0.62,5.68,0.40,6.27,36.36,2.84,C2'-endo
112,112,0.93,G,G,G,0,0,1,0,0,),9,1,cWW,cW-W,4.45,2.10,2.75,1.43,3.75,4.84,5.20,3.42,BI,anti,A,4.42,4.57,4.40,2.79,4.14,3.02,3.92,3.51,6.28,5.92,0.58,5.69,0.38,35.01,0.34,C3'-endo
113,113,0.93,C,C,C,0,1,0,0,0,),8,1,cWW,cW-W,5.03,2.78,1.18,1.44,3.74,5.29,4.73,3.35,BI,anti,A,4.51,4.59,2.89,4.09,3.13,4.03,3.74,4.69,0.02,5.89,0.60,5.68,0.37,35.79,0.30,C3'-endo
114,114,0.94,U,U,U,0,0,0,1,0,),7,1,cWW,cW-W,5.05,3.03,0.96,1.35,3.23,4.87,4.64,3.45,BI,anti,.,4.41,4.44,2.75,3.21,3.20,3.20,4.33,3.32,6.27,5.88,0.65,5.61,0.44,39.55,0.35,C3'-endo
115,115,0.95,G,G,G,0,0,1,0,0,),6,1,cWW,cW-W,5.18,3.30,0.84,1.45,3.78,4.80,5.26,3.30,BI,anti,A,4.57,4.62,3.14,3.63,3.09,3.69,3.20,4.04,0.05,5.87,0.60,5.69,0.34,35.60,0.24,C3'-endo
116,116,0.96,C,C,C,0,1,0,0,0,),5,1,cWW,cW-W,5.30,3.02,0.71,1.39,3.63,5.06,4.86,3.40,BI,anti,A,4.55,4.64,2.86,3.71,3.00,3.76,3.53,4.27,0.06,5.83,0.66,5.65,0.36,38.58,0.23,C3'-endo
117,117,0.97,A,A,A,1,0,0,0,0,),4,1,cWW,cW-W,5.20,3.02,0.90,1.39,3.67,4.97,4.98,3.39,BI,anti,A,4.57,4.67,2.91,3.70,3.16,3.74,3.93,4.14,0.07,5.82,0.66,5.64,0.36,38.88,0.22,C3'-endo
118,118,0.98,A,A,A,1,0,0,0,0,),3,1,cWW,cW-W,5.32,2.99,0.95,1.44,3.69,5.01,4.96,3.48,BI,anti,A,4.40,4.59,3.08,3.80,3.31,3.81,3.91,4.30,0.04,5.88,0.60,5.68,0.36,35.86,0.27,C3'-endo
119,119,0.98,U,U,U,0,0,0,1,0,),2,1,cWW,cW-W,5.27,2.86,1.00,1.41,3.35,5.18,4.45,3.44,BI,anti,A,4.38,4.44,2.92,3.65,3.27,3.59,4.09,3.87,0.01,5.89,0.61,5.66,0.39,36.95,0.32,C3'-endo
120,120,0.99,C,C,C,0,1,0,0,0,),1,1,cWW,cW-W,5.08,3.46,0.72,1.40,3.41,4.49,5.20,3.70,BI,anti,.,4.10,4.55,2.99,3.49,3.10,3.36,3.57,3.44,0.07,5.84,0.64,5.67,0.35,37.46,0.23,C3'-endo
121,121,1.00,U,U,U,0,0,0,1,0,.,,0,,,1.99,3.65,5.28,2.64,,,,3.47,..,anti,-,,,,,,,,,6.01,0.56,5.66,0.48,6.15,35.70,3.02,C2'-endo
