index_chain,old_nt_resnum,nt_position,nt_name,nt_code,nt_align_code,is_A,is_C,is_G,is_U,is_other,dbn,paired,nb_interact,pair_type_LW,pair_type_DSSR,alpha,beta,gamma,delta,epsilon,zeta,epsilon_zeta,chi,bb_type,glyco_bond,form,ssZp,Dp,eta,theta,eta_prime,theta_prime,eta_base,theta_base,v0,v1,v2,v3,v4,amplitude,phase_angle,puckering
1,1,0.01,G,G,G,0,0,1,0,0,(,0,1,cWW,cW-W,,3.05,0.91,1.46,3.74,4.98,5.04,3.26,BI,anti,A,4.69,4.71,,3.81,,3.84,,4.27,0.13,5.80,0.64,5.70,0.29,36.89,0.13,C3'-endo
2,2,0.03,G,G,G,0,0,1,0,0,(,0,1,cWW,cW-W,5.23,2.96,0.95,1.41,3.64,4.99,4.94,3.34,BI,anti,A,4.64,4.68,2.94,3.69,3.21,3.72,3.97,4.02,0.10,5.80,0.66,5.66,0.33,38.49,0.18,C3'-endo
3,3,0.04,A,A,A,1,0,0,0,0,(,0,1,cWW,cW-W,5.13,3.37,0.78,1.42,3.79,4.88,5.19,3.50,BI,anti,A,4.43,4.72,3.02,3.67,3.11,3.75,3.55,4.09,0.11,5.80,0.66,5.67,0.31,38.06,0.16,C3'-endo
4,4,0.06,A,A,A,1,0,0,0,0,(,0,1,cWW,cW-W,5.24,2.98,0.87,1.38,3.61,4.99,4.90,3.52,BI,anti,A,4.44,4.68,2.89,3.67,3.08,3.70,3.60,4.20,0.07,5.81,0.68,5.63,0.37,39.91,0.23,C3'-endo
5,5,0.07,A,A,A,1,0,0,0,0,(,0,1,cWW,cW-W,5.22,2.88,1.06,1.41,3.79,4.87,5.20,3.57,BI,anti,A,4.29,4.71,3.04,3.72,3.28,3.73,4.01,4.07,0.06,5.83,0.65,5.66,0.36,38.04,0.23,C3'-endo
6,6,0.08,U,U,U,0,0,0,1,0,(,0,1,cWW,cW-W,5.14,3.15,0.82,1.42,3.70,4.92,5.06,3.41,BI,anti,A,4.53,4.66,2.91,3.68,3.06,3.72,3.59,4.05,0.09,5.82,0.65,5.67,0.33,37.71,0.20,C3'-endo
7,7,0.10,U,U,U,0,0,0,1,0,(,0,1,cWW,cW-W,5.26,2.90,0.96,1.39,3.69,4.98,4.99,3.57,BI,anti,A,4.33,4.66,2.95,3.72,3.17,3.71,3.72,4.19,0.03,5.85,0.65,5.64,0.39,38.55,0.28,C3'-endo
8,8,0.11,A,A,A,1,0,0,0,0,(,0,1,cWW,cW-W,5.15,2.92,0.95,1.38,3.67,5.02,4.94,3.47,BI,anti,A,4.49,4.68,2.85,3.72,3.09,3.72,3.86,4.10,0.06,5.82,0.66,5.64,0.36,38.83,0.23,C3'-endo
9,9,0.12,G,G,G,0,0,1,0,0,(,0,1,cWW,cW-W,5.15,2.90,1.09,1.36,3.67,5.09,4.86,3.32,BI,anti,A,4.66,4.69,2.93,3.76,3.19,3.75,3.88,4.14,0.04,5.83,0.67,5.61,0.40,40.08,0.27,C3'-endo
10,10,0.14,G,G,G,0,0,1,0,0,(,0,1,cWW,cW-W,5.09,2.91,1.24,1.34,3.65,4.91,5.03,3.27,BI,anti,A,4.63,4.64,3.03,3.57,3.32,3.57,4.03,4.00,6.28,5.87,0.65,5.61,0.43,39.40,0.33,C3'-endo
11,11,0.15,U,U,U,0,0,0,1,0,(,0,1,cWW,cW-W,5.22,3.05,0.89,1.39,3.66,4.97,4.97,3.42,BI,anti,A,4.59,4.70,2.97,3.68,3.13,3.72,3.79,4.17,0.08,5.80,0.67,5.64,0.35,39.40,0.21,C3'-endo
12,12,0.17,G,G,G,0,0,1,0,0,(,0,1,cWW,cW-W,5.26,2.89,1.03,1.43,3.64,4.88,5.05,3.41,BI,anti,A,4.50,4.60,3.02,3.65,3.28,3.63,3.98,4.00,0.04,5.86,0.62,5.67,0.36,36.88,0.26,C3'-endo
13,13,0.18,C,C,C,0,1,0,0,0,(,0,1,cWW,cW-W,5.29,2.90,0.88,1.38,3.75,5.10,4.93,3.50,BI,anti,A,4.42,4.69,2.93,3.88,3.13,3.87,3.76,4.36,0.06,5.82,0.67,5.64,0.37,39.25,0.24,C3'-endo
14,14,0.19,G,G,G,0,0,1,0,0,(,0,1,cWW,cW-W,5.16,2.94,0.93,1.31,3.57,4.98,4.87,3.37,BI,anti,A,4.61,4.66,2.79,3.57,3.09,3.60,3.95,4.01,0.03,5.82,0.70,5.58,0.43,42.01,0.29,C3'-endo
15,15,0.21,C,C,C,0,1,0,0,0,(,0,1,cWW,cW-W,5.31,2.90,1.07,1.37,3.75,4.97,5.07,3.38,BI,anti,A,4.57,4.67,3.11,3.76,3.33,3.77,3.95,4.16,0.02,5.86,0.65,5.63,0.40,38.82,0.30,C3'-endo
16,16,0.22,U,U,U,0,0,0,1,0,(,0,1,cWW,cW-W,5.35,2.99,0.89,1.38,3.64,5.48,4.44,3.45,BI,anti,.,4.46,4.58,3.02,4.06,3.25,3.89,3.89,4.18,6.25,5.92,0.60,5.65,0.42,36.96,0.37,C3'-endo
17,17,0.24,U,U,U,0,0,0,1,0,(,0,1,cWW,cW-W,3.68,2.47,2.53,1.43,3.76,4.82,5.22,3.25,BI,anti,A,4.67,4.69,2.86,3.13,3.10,3.25,3.73,3.68,0.09,5.82,0.65,5.67,0.33,37.74,0.20,C3'-endo
18,18,0.25,G,G,G,0,0,1,0,0,(,0,1,cWW,cW-W,5.51,2.87,0.90,1.41,4.10,4.79,5.60,3.40,..,anti,A,4.45,4.71,3.24,3.83,3.41,3.84,3.89,4.30,0.02,5.88,0.61,5.66,0.38,36.76,0.29,C3'-endo
19,19,0.26,G,G,G,0,0,1,0,0,(,0,1,cWW,cW-W,5.15,2.58,1.13,1.33,3.41,4.92,4.78,3.45,BI,anti,.,4.49,4.56,2.69,4.02,3.05,3.80,3.83,4.08,6.28,5.87,0.66,5.60,0.43,39.86,0.33,C3'-endo
20,20,0.28,C,C,C,0,1,0,0,0,(,0,1,cWW,cW-W,2.52,3.64,3.37,1.42,3.93,5.25,4.96,3.23,BI,anti,.,4.69,4.72,3.10,3.63,3.32,3.76,4.00,4.60,0.07,5.83,0.64,5.67,0.34,37.57,0.22,C3'-endo
21,21,0.29,G,G,G,0,0,1,0,0,(,54,1,cWW,cW-W,5.13,3.12,0.88,1.42,3.87,4.81,5.34,3.24,BI,anti,A,4.68,4.71,2.87,3.72,3.28,3.78,4.42,4.17,0.05,5.85,0.63,5.67,0.35,37.16,0.24,C3'-endo
22,22,0.31,U,U,U,0,0,0,1,0,(,53,1,cWW,cW-W,5.27,2.89,0.92,1.38,3.92,4.99,5.20,3.42,BI,anti,A,4.51,4.72,2.96,3.90,3.15,3.94,3.72,4.53,0.04,5.85,0.65,5.64,0.38,38.46,0.27,C3'-endo
23,23,0.32,U,U,U,0,0,0,1,0,(,52,1,cWW,cW-W,5.27,3.03,0.82,1.41,3.61,4.79,5.10,3.51,BI,anti,A,4.42,4.61,2.87,3.50,3.15,3.54,4.02,3.89,0.04,5.86,0.63,5.65,0.37,37.55,0.27,C3'-endo
24,24,0.33,U,U,U,0,0,0,1,0,(,51,1,cWW,cW-W,5.36,2.82,0.96,1.43,3.86,4.85,5.29,3.56,BI,anti,A,4.27,4.68,3.07,3.81,3.23,3.82,3.70,4.40,0.05,5.86,0.62,5.67,0.36,36.85,0.26,C3'-endo
25,25,0.35,U,U,U,0,0,0,1,0,(,50,1,cWW,cW-W,5.34,2.76,0.93,1.42,3.71,4.95,5.04,3.60,BI,anti,A,4.25,4.64,2.91,3.75,3.20,3.70,4.05,4.06,0.05,5.85,0.63,5.67,0.36,37.12,0.25,C3'-endo
26,26,0.36,A,A,A,1,0,0,0,0,(,49,1,cWW,cW-W,5.13,2.97,0.87,1.40,3.60,5.02,4.86,3.50,BI,anti,A,4.42,4.61,2.81,3.69,3.01,3.69,3.66,4.14,0.03,5.86,0.64,5.65,0.38,37.91,0.27,C3'-endo
27,27,0.38,G,G,G,0,0,1,0,0,(,48,1,cWW,cW-W,5.06,3.04,0.95,1.42,3.64,5.04,4.88,3.44,BI,anti,A,4.51,4.64,2.87,3.76,3.09,3.77,3.79,4.26,0.05,5.84,0.64,5.66,0.36,37.85,0.25,C3'-endo
28,28,0.39,U,U,U,0,0,0,1,0,(,47,1,cWW,cW-W,5.12,3.00,0.97,1.37,3.77,4.89,5.16,3.47,BI,anti,A,4.48,4.70,2.91,3.71,3.15,3.74,3.92,4.21,0.06,5.82,0.68,5.63,0.37,39.79,0.24,C3'-endo
29,29,0.40,A,A,A,1,0,0,0,0,(,46,1,cWW,cW-W,5.37,2.80,0.94,1.40,3.89,5.01,5.17,3.33,BI,anti,.,4.58,4.68,3.00,3.96,3.23,4.00,3.95,4.81,0.02,5.88,0.62,5.65,0.39,37.33,0.30,C3'-endo
30,30,0.42,C,C,C,0,1,0,0,0,.,"43,45",2,"cWW,cWW","cW-W,cW-W",5.33,2.90,0.83,1.42,3.99,4.92,5.35,3.43,BI,anti,A,4.47,4.73,2.92,3.93,3.24,3.98,4.36,4.52,0.06,5.84,0.64,5.66,0.35,37.60,0.24,C3'-endo
31,31,0.43,U,U,U,0,0,0,1,0,(,42,1,cWW,cW-W,5.32,2.98,0.78,1.40,3.80,4.99,5.09,3.46,BI,anti,A,4.45,4.67,2.88,3.81,3.14,3.86,3.93,4.44,0.03,5.86,0.63,5.65,0.38,37.69,0.27,C3'-endo
32,32,0.44,C,C,C,0,1,0,0,0,(,41,1,cWW,cW-W,5.29,2.96,0.86,1.38,3.76,4.94,5.10,3.50,BI,anti,A,4.41,4.67,2.92,3.72,3.18,3.75,4.00,4.11,0.03,5.86,0.64,5.65,0.38,37.99,0.28,C3'-endo
33,33,0.46,U,U,U,0,0,0,1,0,(,40,1,cWW,cW-W,5.29,3.03,0.80,1.39,3.79,4.89,5.18,3.56,BI,anti,A,4.30,4.66,2.94,3.68,3.12,3.71,3.67,4.14,0.01,5.88,0.62,5.65,0.39,37.51,0.30,C3'-endo
34,34,0.47,G,G,G,0,0,1,0,0,(,39,1,cWW,cW-W,5.23,2.93,0.84,1.39,3.78,5.02,5.04,3.47,BI,anti,A,4.44,4.65,2.85,3.83,3.04,3.86,3.66,4.61,0.01,5.87,0.63,5.64,0.40,37.90,0.31,C3'-endo
35,35,0.49,G,G,G,0,0,1,0,0,.,38,1,tSH,tm-M,5.22,2.92,0.88,1.39,3.87,5.33,4.82,3.46,BI,anti,.,4.46,4.73,2.86,4.18,3.14,3.37,4.17,2.33,0.06,5.83,0.65,5.65,0.36,38.50,0.23,C3'-endo
36,36,0.50,A,A,A,1,0,0,0,0,.,,0,,,3.27,2.16,0.85,1.42,4.04,4.78,5.55,3.37,..,anti,A,4.53,4.72,0.40,4.01,0.85,3.94,0.46,4.55,0.05,5.86,0.62,5.67,0.36,36.86,0.26,C3'-endo
37,37,0.51,A,A,A,1,0,0,0,0,.,,0,,,5.24,2.56,1.13,1.44,3.73,5.04,4.97,3.44,BI,anti,A,4.49,4.65,2.83,3.91,3.20,3.84,4.24,4.56,0.05,5.86,0.62,5.68,0.35,36.60,0.25,C3'-endo
38,38,0.53,A,A,A,1,0,0,0,0,.,35,1,tHS,tM-m,5.18,2.85,0.99,1.43,4.24,5.18,5.34,3.50,..,anti,.,4.26,4.80,3.00,4.40,3.28,4.55,4.33,5.29,0.10,5.81,0.64,5.68,0.32,37.35,0.18,C3'-endo
39,39,0.54,C,C,C,0,1,0,0,0,),34,1,cWW,cW-W,5.31,2.57,1.29,1.40,3.60,4.91,4.98,3.52,BI,anti,A,4.39,4.61,2.87,3.65,3.58,3.53,4.84,3.81,0.04,5.85,0.64,5.65,0.38,38.00,0.27,C3'-endo
40,40,0.56,A,A,A,1,0,0,0,0,),33,1,cWW,cW-W,5.28,2.89,0.94,1.42,3.76,4.92,5.12,3.46,BI,anti,A,4.47,4.67,2.99,3.75,3.18,3.76,3.75,4.22,0.05,5.85,0.63,5.67,0.35,37.06,0.24,C3'-endo
41,41,0.57,G,G,G,0,0,1,0,0,),32,1,cWW,cW-W,5.26,2.86,0.96,1.39,3.73,4.98,5.03,3.35,BI,anti,A,4.60,4.68,2.93,3.77,3.18,3.78,3.93,4.25,0.05,5.84,0.65,5.65,0.37,38.24,0.26,C3'-endo
42,42,0.58,A,A,A,1,0,0,0,0,),31,1,cWW,cW-W,5.27,2.94,0.98,1.40,3.81,4.99,5.11,3.37,BI,anti,A,4.56,4.67,3.02,3.84,3.27,3.87,4.00,4.58,0.03,5.87,0.62,5.66,0.38,37.17,0.28,C3'-endo
43,43,0.60,A,A,A,1,0,0,0,0,.,30,1,cWW,cW-W,5.30,2.90,0.89,1.42,4.08,4.87,5.49,3.52,..,anti,.,4.27,4.75,3.00,3.97,3.26,4.16,4.21,4.78,0.06,5.84,0.63,5.67,0.35,37.15,0.23,C3'-endo
44,44,0.61,U,U,U,0,0,0,1,0,.,,0,,,5.44,2.87,1.07,2.53,4.67,2.11,2.57,4.20,..,anti,.,0.75,0.81,3.48,2.13,4.02,1.71,4.65,1.76,5.90,0.62,5.68,0.39,6.27,36.14,2.83,C2'-endo
45,45,0.62,C,C,C,0,1,0,0,0,.,30,1,cWW,cW-W,3.71,2.80,1.09,1.40,4.15,4.85,5.58,3.58,..,anti,.,4.08,4.70,2.55,3.97,2.42,3.98,2.47,4.57,0.00,5.89,0.62,5.65,0.40,37.36,0.32,C3'-endo
46,46,0.64,U,U,U,0,0,0,1,0,),29,1,cWW,cW-W,5.14,2.85,0.90,1.36,3.75,4.96,5.07,3.54,BI,anti,A,4.36,4.69,2.68,3.71,2.98,3.70,3.86,4.05,0.03,5.84,0.67,5.62,0.40,39.77,0.28,C3'-endo
47,47,0.65,A,A,A,1,0,0,0,0,),28,1,cWW,cW-W,5.14,2.83,1.10,1.37,3.79,4.71,5.37,3.43,BI,anti,A,4.47,4.65,2.92,3.55,3.14,3.55,3.75,3.90,6.27,5.89,0.63,5.63,0.42,38.07,0.34,C3'-endo
48,48,0.67,C,C,C,0,1,0,0,0,),27,1,cWW,cW-W,5.38,2.77,0.86,1.39,3.67,5.02,4.93,3.58,BI,anti,A,4.28,4.63,2.93,3.77,3.11,3.74,3.66,4.13,0.02,5.87,0.63,5.64,0.39,37.91,0.29,C3'-endo
49,49,0.68,U,U,U,0,0,0,1,0,),26,1,cWW,cW-W,5.10,3.06,0.88,1.38,3.56,4.94,4.90,3.52,BI,anti,A,4.41,4.62,2.83,3.56,3.05,3.58,3.72,4.00,0.04,5.84,0.65,5.64,0.38,38.83,0.26,C3'-endo
50,50,0.69,A,A,A,1,0,0,0,0,),25,1,cWW,cW-W,5.18,2.94,1.02,1.47,3.65,5.01,4.92,3.47,BI,anti,A,4.41,4.58,3.00,3.77,3.21,3.75,3.82,4.25,0.04,5.88,0.59,5.70,0.34,34.86,0.26,C3'-endo
51,51,0.71,A,A,A,1,0,0,0,0,),24,1,cWW,cW-W,4.97,3.08,0.93,1.43,3.75,5.01,5.02,3.52,BI,anti,A,4.41,4.71,2.80,3.83,3.02,3.84,3.81,4.31,0.11,5.80,0.66,5.67,0.32,38.17,0.16,C3'-endo
52,52,0.72,A,A,A,1,0,0,0,0,),23,1,cWW,cW-W,5.15,2.96,0.98,1.38,3.56,4.95,4.90,3.44,BI,anti,A,4.53,4.64,2.86,3.58,3.15,3.57,3.93,3.85,0.07,5.82,0.67,5.64,0.37,39.16,0.23,C3'-endo
53,53,0.74,A,A,A,1,0,0,0,0,),22,1,cWW,cW-W,5.09,3.14,0.91,1.41,3.77,5.11,4.94,3.37,BI,anti,A,4.62,4.72,2.96,3.88,3.07,3.91,3.54,4.35,0.10,5.80,0.67,5.65,0.33,38.95,0.18,C3'-endo
54,54,0.75,C,C,C,0,1,0,0,0,),21,1,cWW,cW-W,5.13,3.06,0.94,1.34,4.06,3.20,0.86,3.44,BII,anti,.,4.45,4.77,2.95,2.31,3.18,2.28,3.88,2.53,0.03,5.84,0.68,5.60,0.41,40.45,0.29,C3'-endo
55,55,0.76,A,A,A,1,0,0,0,0,.,,0,,,5.54,1.55,3.37,1.43,4.27,4.88,5.67,0.84,..,syn,.,-2.59,4.48,5.50,3.12,4.97,3.51,4.61,3.74,6.21,5.98,0.55,5.68,0.43,34.78,0.45,C3'-endo
56,56,0.78,A,A,A,1,0,0,0,0,.,68,1,tHS,tM-m,4.31,3.57,1.43,1.45,4.31,5.21,5.38,3.60,..,anti,.,3.98,4.82,2.85,4.48,3.16,4.67,3.14,5.03,0.12,5.79,0.65,5.68,0.31,37.92,0.15,C3'-endo
57,57,0.79,G,G,G,0,0,1,0,0,(,67,1,cWW,cW-W,5.26,2.34,1.72,1.39,3.77,5.02,5.03,3.19,BI,anti,.,4.76,4.74,3.06,3.74,3.85,3.61,4.86,3.84,0.11,5.77,0.70,5.63,0.34,40.51,0.17,C3'-endo
58,58,0.81,G,G,G,0,0,1,0,0,(,66,1,cWW,cW-W,5.30,3.04,1.01,1.34,3.60,4.88,5.00,3.37,BI,anti,.,4.57,4.62,3.07,4.07,3.32,3.91,3.88,4.19,6.27,5.87,0.65,5.61,0.43,39.52,0.34,C3'-endo
59,59,0.82,C,C,C,0,1,0,0,0,(,65,1,cWW,cW-W,2.40,3.59,3.50,1.39,3.88,5.38,4.78,3.31,BI,anti,.,4.62,4.70,3.05,3.61,3.25,3.84,3.85,4.85,0.03,5.86,0.64,5.64,0.39,38.31,0.28,C3'-endo
60,60,0.83,A,A,A,1,0,0,0,0,.,63,1,cSW,cm-W,5.06,2.86,1.18,1.47,4.13,3.93,0.20,3.38,..,anti,.,4.33,4.57,2.98,3.88,3.52,3.95,4.83,4.49,6.27,5.93,0.56,5.70,0.38,34.23,0.34,C3'-endo
61,61,0.85,A,A,A,1,0,0,0,0,.,,0,,,2.03,4.51,3.28,2.54,3.92,3.31,0.61,3.60,..,anti,.,1.65,1.78,3.61,2.04,3.87,2.58,4.49,2.99,5.93,0.60,5.68,0.41,6.24,35.61,2.88,C2'-endo
62,62,0.86,A,A,A,1,0,0,0,0,.,,0,,,4.76,3.42,1.32,2.42,0.64,5.22,1.71,4.06,..,anti,.,-0.17,0.67,3.52,2.34,4.13,1.09,3.85,0.77,6.03,0.47,5.78,0.37,6.20,29.08,2.97,C2'-endo
63,63,0.88,A,A,A,1,0,0,0,0,.,60,1,cWS,cW-m,5.21,3.23,0.88,2.51,4.58,4.53,0.05,4.75,..,anti,.,1.15,1.05,2.95,5.38,3.03,4.52,2.53,3.39,5.78,0.71,5.64,0.37,0.08,40.49,2.70,C2'-endo
64,64,0.89,U,U,U,0,0,0,1,0,.,,0,,,1.07,2.90,1.05,1.43,3.58,1.03,2.55,3.59,..,anti,.,4.29,4.61,4.75,0.16,5.79,6.05,0.89,5.12,0.07,5.83,0.64,5.67,0.34,37.53,0.22,C3'-endo
65,65,0.90,G,G,G,0,0,1,0,0,),59,1,cWW,cW-W,1.35,2.87,5.11,1.42,3.71,4.99,5.00,3.13,BI,anti,A,4.71,4.69,3.69,3.11,4.26,3.39,5.56,4.06,0.08,5.82,0.64,5.67,0.33,37.59,0.20,C3'-endo
66,66,0.92,C,C,C,0,1,0,0,0,),58,1,cWW,cW-W,5.16,3.17,0.93,1.40,3.66,4.86,5.08,3.43,BI,anti,.,4.54,4.67,3.01,3.55,3.20,3.58,3.78,3.74,0.07,5.82,0.66,5.65,0.35,38.63,0.22,C3'-endo
67,67,0.93,C,C,C,0,1,0,0,0,),57,1,cWW,cW-W,5.29,3.01,0.93,1.37,3.68,5.03,4.94,3.44,BI,anti,A,4.48,4.62,3.04,3.72,3.16,3.78,3.46,4.42,0.00,5.88,0.64,5.63,0.41,38.45,0.32,C3'-endo
68,68,0.94,G,G,G,0,0,1,0,0,.,56,1,tSH,tm-M,5.12,3.08,0.92,1.44,4.68,3.67,1.00,3.39,..,anti,.,4.23,4.72,3.19,3.03,3.34,3.62,4.08,3.75,0.06,5.84,0.63,5.67,0.35,37.35,0.23,C3'-endo
69,69,0.96,U,U,U,0,0,0,1,0,.,,0,,,5.21,3.09,1.01,2.57,4.78,5.21,5.85,3.96,..,anti,.,0.46,0.52,4.08,5.74,3.88,5.41,3.47,6.02,5.89,0.64,5.65,0.42,6.26,37.89,2.84,C2'-endo
70,70,0.97,G,G,G,0,0,1,0,0,.,,0,,,4.96,3.40,1.08,1.43,3.69,5.02,4.95,3.53,BI,anti,A,4.40,4.68,2.74,3.80,3.51,3.84,3.73,4.30,0.09,5.81,0.65,5.67,0.33,37.91,0.19,C3'-endo
71,71,0.99,U,U,U,0,0,0,1,0,.,,0,,,5.20,2.93,1.00,1.41,3.89,4.97,5.21,3.66,BI,anti,.,4.03,4.67,3.00,3.90,3.25,3.92,3.94,4.63,0.01,5.87,0.63,5.65,0.39,37.69,0.31,C3'-endo
72,72,1.00,U,U,U,0,0,0,1,0,.,,0,,,5.27,2.79,0.95,1.37,,,,3.85,n/a,anti,-,,,,,,,,,6.28,5.88,0.64,5.63,0.41,38.49,0.33,C3'-endo
