index_chain,old_nt_resnum,nt_position,nt_name,nt_code,nt_align_code,is_A,is_C,is_G,is_U,is_other,dbn,paired,nb_interact,pair_type_LW,pair_type_DSSR,alpha,beta,gamma,delta,epsilon,zeta,epsilon_zeta,chi,bb_type,glyco_bond,form,ssZp,Dp,eta,theta,eta_prime,theta_prime,eta_base,theta_base,v0,v1,v2,v3,v4,amplitude,phase_angle,puckering
1,1,0.03,G,G,G,0,0,1,0,0,(,36,1,cWW,cW-W,,,1.53,1.41,3.71,5.05,4.94,3.24,BI,anti,A,4.53,4.57,,,,,,,6.28,5.87,0.65,5.62,0.42,38.99,0.32,C3'-endo
2,2,0.06,G,G,G,0,0,1,0,0,(,35,1,cWW,cW-W,5.13,3.15,0.77,1.46,3.71,4.92,5.06,3.52,BI,anti,A,4.32,4.67,2.88,3.70,3.10,3.73,3.89,4.17,0.16,5.74,0.69,5.67,0.29,39.71,0.09,C3'-endo
3,3,0.08,C,C,C,0,1,0,0,0,(,34,1,cWW,cW-W,4.93,2.95,1.14,1.38,3.89,4.99,5.19,3.44,BI,anti,A,4.53,4.79,2.87,3.89,3.06,3.88,3.73,4.25,0.11,5.74,0.74,5.60,0.36,42.92,0.17,C3'-endo
4,4,0.11,G,G,G,0,0,1,0,0,(,33,1,cWW,cW-W,5.22,2.93,0.98,1.37,3.73,5.03,4.97,3.45,BI,anti,A,4.38,4.58,2.92,3.73,3.19,3.73,3.86,4.39,6.23,5.89,0.66,5.58,0.48,41.03,0.39,C3'-endo
5,5,0.14,C,C,C,0,1,0,0,0,(,32,1,cWW,cW-W,4.96,2.84,1.14,1.36,3.63,5.09,4.82,3.45,BI,anti,A,4.46,4.59,2.72,3.82,3.03,3.81,4.03,4.38,0.02,5.82,0.72,5.56,0.44,42.91,0.30,C3'-endo
6,6,0.17,G,G,G,0,0,1,0,0,.,,0,,,5.09,3.08,1.14,1.46,3.68,4.96,5.00,3.31,BI,anti,A,4.54,4.59,2.98,3.84,3.30,3.85,4.22,4.66,0.05,5.82,0.68,5.63,0.38,39.89,0.25,C3'-endo
7,7,0.19,A,A,A,1,0,0,0,0,.,,0,,,5.18,2.93,1.00,1.42,3.89,5.09,5.07,3.41,BI,anti,A,4.49,4.72,2.96,4.09,3.25,4.11,4.37,4.75,0.10,5.78,0.69,5.63,0.35,40.47,0.19,C3'-endo
8,8,0.22,G,G,G,0,0,1,0,0,.,9,1,cSH,cm+M,5.28,3.00,0.82,1.41,3.60,4.16,5.72,3.59,BI,anti,.,4.29,4.60,2.80,2.89,3.18,2.93,4.21,2.26,6.28,5.86,0.67,5.60,0.44,40.38,0.33,C3'-endo
9,9,0.25,G,G,G,0,0,1,0,0,(,"8,18",2,"cHS,cWW","cM+m,cW-W",5.05,2.94,0.74,1.49,3.79,4.98,5.09,4.27,BI,anti,B,2.04,4.37,2.82,3.92,2.64,3.92,1.98,4.16,0.04,5.85,0.64,5.65,0.38,38.14,0.27,C3'-endo
10,10,0.28,A,A,A,1,0,0,0,0,.,,0,,,5.10,2.88,0.96,1.27,3.61,5.07,4.82,4.14,BI,anti,.,2.67,4.53,2.71,3.21,3.01,2.98,3.43,3.05,6.03,6.07,0.57,5.56,0.61,41.30,0.67,C4'-exo
11,11,0.31,A,A,A,1,0,0,0,0,.,0,1,cWW,cW-W,5.05,4.91,5.01,1.67,3.67,1.06,2.61,1.47,..,syn,.,-0.66,3.94,2.61,4.94,2.14,4.96,2.13,5.18,6.14,6.11,0.40,5.79,0.40,28.01,0.60,C3'-endo
12,12,0.33,G,G,G,0,0,1,0,0,.,"14,15,25",3,"tSH,cWH,cHW","tm-M,cW+M,cM+W",3.44,2.92,0.76,2.49,4.37,3.08,1.29,4.34,BII,anti,.,2.89,2.07,1.63,3.05,2.60,3.03,3.30,3.72,5.56,0.87,5.62,0.27,0.28,48.46,2.48,C1'-exo
13,13,0.36,G,G,G,0,0,1,0,0,.,"16,26",2,"cWH,cHW","cW+M,cM+W",4.94,2.66,0.88,2.51,5.05,2.04,3.01,4.02,..,anti,.,0.51,0.67,3.61,2.48,3.75,1.85,4.31,0.80,5.71,0.75,5.64,0.33,0.15,42.74,2.62,C2'-endo
14,14,0.39,A,A,A,1,0,0,0,0,.,12,1,tHS,tM-m,3.03,3.01,0.66,1.34,3.36,5.50,4.14,5.12,BI,anti,.,-1.92,4.69,1.75,3.85,1.54,3.93,1.04,4.04,0.19,5.67,0.78,5.59,0.32,44.65,0.09,C3'-endo
15,15,0.42,G,G,G,0,0,1,0,0,.,"12,22",2,"cHW,cWH","cM+W,cW+M",4.69,3.78,0.87,1.35,3.59,5.07,4.80,3.39,BI,anti,A,4.44,4.57,3.12,3.59,3.20,3.65,3.15,4.21,6.24,5.87,0.69,5.55,0.49,42.55,0.38,C3'-endo
16,16,0.44,G,G,G,0,0,1,0,0,.,"13,23",2,"cHW,cWH","cM+W,cW+M",4.93,2.98,1.08,1.33,3.67,4.99,4.96,3.39,BI,anti,.,4.60,4.72,2.91,4.22,3.09,4.20,3.82,5.03,0.03,5.82,0.70,5.57,0.43,42.09,0.29,C3'-endo
17,17,0.47,IU,u,U,0,0,0,0,1,.,21,1,cSS,cm-m,1.86,3.34,3.83,1.80,4.19,4.90,5.57,3.31,..,anti,.,4.66,4.88,2.87,3.76,3.29,3.96,4.56,3.91,0.53,5.51,0.69,5.91,6.17,43.84,5.83,C2'-exo
18,18,0.50,C,C,C,0,1,0,0,0,),9,1,cWW,cW-W,5.39,3.08,0.88,2.48,4.73,1.28,3.45,4.34,..,anti,.,1.55,1.11,3.35,1.99,3.82,1.69,3.77,1.89,5.66,0.80,5.63,0.31,0.19,44.53,2.56,C2'-endo
19,19,0.53,U,U,U,0,0,0,1,0,.,,0,,,1.49,3.01,4.68,2.58,4.27,1.98,2.29,3.93,..,anti,.,1.22,1.30,4.33,1.65,4.05,1.33,3.73,0.64,5.90,0.62,5.68,0.40,6.27,36.44,2.84,C2'-endo
20,20,0.56,G,G,G,0,0,1,0,0,(,28,1,cWW,cW-W,0.98,3.85,3.30,1.55,3.77,4.63,5.42,4.59,BI,anti,.,0.47,4.43,2.67,3.50,2.45,3.47,1.94,3.05,0.23,5.74,0.64,5.76,0.19,36.89,6.26,C2'-exo
21,21,0.58,A,A,A,1,0,0,0,0,.,"17,27",2,"cSS,cWW","cm-m,cW-W",1.72,3.73,3.89,2.66,3.88,4.97,5.20,4.68,BI,anti,.,2.05,1.92,3.29,4.52,3.59,3.72,3.23,3.30,6.01,0.62,5.58,0.57,6.09,40.50,3.08,C2'-endo
22,22,0.61,G,G,G,0,0,1,0,0,.,"15,24,25",3,"cHW,tSH,cWH","cM+W,tm-M,cW+M",2.93,3.09,0.68,1.62,3.87,5.21,4.95,2.87,BI,anti,.,4.05,4.38,0.39,4.17,1.13,4.33,1.45,4.59,0.11,5.84,0.58,5.75,0.27,33.56,0.13,C3'-endo
23,23,0.64,G,G,G,0,0,1,0,0,.,"16,26",2,"cHW,cWH","cM+W,cW+M",4.90,3.48,1.02,2.61,4.82,1.67,3.15,4.12,..,anti,.,0.45,0.72,3.33,2.41,3.92,1.83,4.27,1.19,5.75,0.76,5.60,0.39,0.08,43.34,2.71,C2'-endo
24,24,0.67,A,A,A,1,0,0,0,0,.,"0,22",2,"cSS,tHS","cm-m,tM-m",2.64,3.66,0.97,1.41,3.70,5.18,4.81,4.12,BI,anti,.,2.65,4.54,1.87,3.84,1.60,3.96,1.23,4.26,6.22,5.92,0.62,5.61,0.47,38.94,0.42,C3'-endo
25,25,0.69,G,G,G,0,0,1,0,0,.,"12,22",2,"cWH,cHW","cW+M,cM+W",5.07,3.51,0.83,1.38,3.43,5.08,4.64,3.59,BI,anti,A,3.94,4.32,3.04,3.50,3.22,3.56,3.55,3.95,6.22,5.90,0.65,5.58,0.49,40.71,0.41,C3'-endo
26,26,0.72,G,G,G,0,0,1,0,0,.,"13,23",2,"cWH,cHW","cW+M,cM+W",4.96,3.32,0.94,1.51,3.87,5.16,4.99,3.68,BI,anti,.,3.83,4.58,3.03,4.06,3.13,4.18,3.58,4.88,0.02,5.86,0.64,5.64,0.40,38.46,0.30,C3'-endo
27,27,0.75,U,U,U,0,0,0,1,0,.,21,1,cWW,cW-W,5.17,3.00,0.98,1.44,3.74,4.93,5.09,3.63,BI,anti,.,4.02,4.52,2.97,3.75,3.40,3.89,4.32,4.43,6.25,5.88,0.65,5.59,0.46,40.32,0.38,C3'-endo
28,28,0.78,C,C,C,0,1,0,0,0,),20,1,cWW,cW-W,5.28,2.92,1.08,2.54,4.18,1.68,2.50,4.37,..,anti,.,2.01,1.56,3.22,1.68,3.78,1.37,4.37,1.90,5.94,0.62,5.65,0.45,6.21,36.95,2.92,C2'-endo
29,29,0.81,A,A,A,1,0,0,0,0,.,,0,,,4.69,2.67,0.95,1.45,3.73,5.16,4.85,3.35,BI,anti,A,4.68,4.70,2.91,4.03,3.13,4.00,3.35,4.64,0.15,5.75,0.70,5.65,0.31,40.19,0.12,C3'-endo
30,30,0.83,C,C,C,0,1,0,0,0,.,,0,,,4.97,3.08,1.02,1.46,3.87,5.18,4.98,3.38,BI,anti,.,4.56,4.68,2.88,4.14,3.22,4.22,4.25,5.00,0.09,5.77,0.71,5.61,0.37,41.59,0.20,C3'-endo
31,31,0.86,U,U,U,0,0,0,1,0,.,,0,,,5.19,2.91,1.09,1.50,3.87,2.82,1.04,3.48,BII,anti,.,4.38,4.64,2.95,1.54,3.44,1.32,4.64,1.33,0.12,5.77,0.69,5.65,0.33,39.91,0.15,C3'-endo
32,32,0.89,G,G,G,0,0,1,0,0,),5,1,cWW,cW-W,4.54,2.07,1.06,1.16,3.68,4.77,5.19,3.31,BI,anti,A,4.37,4.48,2.38,3.47,2.57,3.42,2.75,3.91,6.00,6.03,0.66,5.44,0.71,47.81,0.66,C4'-exo
33,33,0.92,C,C,C,0,1,0,0,0,),4,1,cWW,cW-W,5.10,2.94,1.04,1.39,3.62,5.06,4.83,3.51,BI,anti,A,4.46,4.64,2.91,3.74,3.06,3.70,3.78,4.00,0.12,5.77,0.69,5.65,0.33,40.07,0.16,C3'-endo
34,34,0.94,G,G,G,0,0,1,0,0,),3,1,cWW,cW-W,5.13,3.15,0.84,1.35,3.76,4.90,5.14,3.42,BI,anti,A,4.53,4.69,2.89,3.63,3.06,3.71,3.63,4.34,0.12,5.75,0.73,5.61,0.35,42.24,0.16,C3'-endo
35,35,0.97,C,C,C,0,1,0,0,0,),2,1,cWW,cW-W,5.21,2.86,1.06,1.52,3.76,5.00,5.05,3.43,BI,anti,A,4.43,4.57,2.99,3.93,3.26,3.90,4.09,4.42,0.13,5.78,0.67,5.68,0.30,38.51,0.14,C3'-endo
36,36,1.00,C,C,C,0,1,0,0,0,),1,1,cWW,cW-W,5.04,2.91,1.14,1.43,,,,3.51,n/a,anti,-,,,,,,,,,6.24,5.93,0.59,5.65,0.43,36.55,0.39,C3'-endo
