index_chain,old_nt_resnum,nt_position,nt_name,nt_code,nt_align_code,is_A,is_C,is_G,is_U,is_other,dbn,paired,nb_interact,pair_type_LW,pair_type_DSSR,alpha,beta,gamma,delta,epsilon,zeta,epsilon_zeta,chi,bb_type,glyco_bond,form,ssZp,Dp,eta,theta,eta_prime,theta_prime,eta_base,theta_base,v0,v1,v2,v3,v4,amplitude,phase_angle,puckering
1,-1,0.10,G,G,G,0,0,1,0,0,(,0,1,cWW,cW-W,,3.44,2.52,1.49,3.76,5.07,4.97,3.25,BI,anti,A,4.70,4.72,,3.73,,3.68,,4.00,0.18,5.78,0.63,5.74,0.23,36.06,0.05,C3'-endo
2,0,0.20,A,A,A,1,0,0,0,0,(,0,1,cWW,cW-W,5.15,2.92,1.16,1.41,3.69,4.92,5.05,3.39,BI,anti,A,4.57,4.67,3.02,3.70,3.37,3.67,4.06,4.12,0.03,5.85,0.64,5.64,0.38,38.33,0.27,C3'-endo
3,1,0.30,A,A,A,1,0,0,0,0,(,0,1,cWW,cW-W,5.31,2.90,0.86,1.40,3.69,5.01,4.97,3.36,BI,anti,A,4.61,4.68,2.92,3.78,3.15,3.81,3.91,4.31,0.06,5.83,0.66,5.64,0.37,38.97,0.24,C3'-endo
4,2,0.40,C,C,C,0,1,0,0,0,(,0,1,cWW,cW-W,5.25,2.87,1.09,1.38,3.76,4.86,5.18,3.45,BI,anti,A,4.46,4.65,3.04,3.68,3.32,3.68,4.11,3.98,0.00,5.88,0.63,5.63,0.41,38.17,0.32,C3'-endo
5,3,0.50,U,U,U,0,0,0,1,0,(,0,1,cWW,cW-W,5.36,2.85,0.92,1.38,3.52,4.96,4.85,3.44,BI,anti,A,4.44,4.54,2.96,3.56,3.20,3.56,3.77,3.92,6.26,5.90,0.62,5.64,0.42,37.82,0.35,C3'-endo
6,4,0.60,G,G,G,0,0,1,0,0,(,0,1,cWW,cW-W,5.20,3.19,0.76,1.41,3.85,5.05,5.09,3.53,BI,anti,A,4.36,4.73,2.99,3.87,3.08,3.94,3.60,4.50,0.08,5.82,0.65,5.66,0.34,38.20,0.20,C3'-endo
7,5,0.70,U,U,U,0,0,0,1,0,.,0,1,cWW,cW-W,5.21,2.84,1.05,1.34,3.39,4.83,4.85,3.54,BI,anti,.,4.36,4.53,2.85,3.33,3.22,3.00,4.07,3.30,6.27,5.88,0.65,5.61,0.44,39.37,0.35,C3'-endo
8,6,0.80,C,C,C,0,1,0,0,0,.,,0,,,5.38,3.22,3.06,2.60,4.56,4.82,6.03,3.85,..,anti,.,0.91,0.94,0.04,4.22,6.04,4.24,5.31,5.24,5.95,0.60,5.66,0.44,6.21,36.38,2.93,C2'-endo
9,7,0.90,A,A,A,1,0,0,0,0,.,,0,,,5.06,3.57,0.92,1.32,2.94,1.17,1.77,0.44,..,syn,.,-4.22,4.25,3.03,4.82,3.65,4.41,3.90,3.57,6.22,5.93,0.62,5.61,0.46,38.58,0.42,C3'-endo
10,8,1.00,U,U,U,0,0,0,1,0,.,,0,,,5.09,5.07,4.50,1.46,,,,3.45,..,anti,-,,,,,,,,,0.10,5.82,0.63,5.70,0.31,36.49,0.17,C3'-endo
