index_chain,old_nt_resnum,nt_position,nt_name,nt_code,nt_align_code,is_A,is_C,is_G,is_U,is_other,dbn,paired,nb_interact,pair_type_LW,pair_type_DSSR,alpha,beta,gamma,delta,epsilon,zeta,epsilon_zeta,chi,bb_type,glyco_bond,form,ssZp,Dp,eta,theta,eta_prime,theta_prime,eta_base,theta_base,v0,v1,v2,v3,v4,amplitude,phase_angle,puckering
1,1,0.01,GTP,g,G,0,0,0,0,1,(,20,1,cWW,cW-W,,,1.63,1.52,3.65,4.83,5.10,3.08,BI,anti,A,4.33,4.35,,,,,,,6.19,6.04,0.46,5.76,0.40,30.17,0.50,C3'-endo
2,2,0.03,G,G,G,0,0,1,0,0,(,19,1,cWW,cW-W,4.96,3.43,0.97,1.41,3.72,5.16,4.84,3.31,BI,anti,A,4.67,4.72,2.91,3.89,3.00,3.96,3.69,4.48,0.13,5.77,0.68,5.66,0.31,39.41,0.14,C3'-endo
3,3,0.04,A,A,A,1,0,0,0,0,(,18,1,cWW,cW-W,5.23,3.12,0.87,1.37,3.76,4.99,5.05,3.39,BI,anti,A,4.58,4.71,2.97,3.72,3.25,3.77,4.07,4.17,0.09,5.80,0.68,5.64,0.35,39.78,0.20,C3'-endo
4,4,0.05,A,A,A,1,0,0,0,0,(,17,1,cWW,cW-W,5.23,3.04,0.92,1.37,3.35,5.10,4.54,3.58,BI,anti,.,4.29,4.50,2.93,4.02,3.18,3.83,3.81,4.14,0.01,5.87,0.63,5.64,0.40,38.10,0.30,C3'-endo
5,5,0.06,G,G,G,0,0,1,0,0,(,16,1,cWW,cW-W,2.67,3.37,3.12,1.40,3.77,4.87,5.18,3.27,BI,anti,A,4.71,4.73,2.85,3.19,3.11,3.27,3.80,3.56,0.11,5.79,0.67,5.66,0.32,38.95,0.16,C3'-endo
6,6,0.08,G,G,G,0,0,1,0,0,(,15,1,cWW,cW-W,5.38,2.99,0.83,1.36,3.84,4.98,5.13,3.35,BI,anti,A,4.61,4.71,3.02,3.80,3.18,3.87,3.57,4.62,0.04,5.84,0.66,5.62,0.39,39.51,0.27,C3'-endo
7,7,0.09,C,C,C,0,1,0,0,0,(,14,1,cWW,cW-W,5.30,2.88,0.93,1.37,3.74,5.02,5.01,3.44,BI,anti,A,4.53,4.71,2.91,3.76,3.21,3.75,4.25,4.02,0.07,5.81,0.67,5.64,0.36,39.52,0.22,C3'-endo
8,8,0.10,C,C,C,0,1,0,0,0,(,13,1,cWW,cW-W,5.14,3.14,0.87,1.34,3.77,5.21,4.84,3.46,BI,anti,A,4.49,4.70,2.90,3.90,3.06,3.95,3.57,4.65,0.02,5.84,0.67,5.61,0.41,40.17,0.30,C3'-endo
9,9,0.12,G,G,G,0,0,1,0,0,.,12,1,tSH,tm-M,5.17,3.19,0.76,1.34,3.70,5.36,4.62,3.56,BI,anti,.,4.33,4.70,2.82,4.08,3.10,3.32,4.07,2.32,0.04,5.82,0.69,5.60,0.40,40.79,0.27,C3'-endo
10,10,0.13,A,A,A,1,0,0,0,0,.,,0,,,3.04,2.27,1.03,1.49,4.09,4.85,5.53,3.22,..,anti,.,4.56,4.64,0.43,4.07,0.88,3.98,0.47,4.61,0.03,5.90,0.57,5.71,0.34,34.02,0.27,C3'-endo
11,11,0.14,A,A,A,1,0,0,0,0,.,,0,,,5.10,2.58,1.23,1.46,3.88,4.93,5.24,3.48,BI,anti,.,4.34,4.60,2.84,3.91,3.23,3.86,4.28,4.72,0.02,5.90,0.58,5.70,0.36,34.74,0.29,C3'-endo
12,12,0.16,A,A,A,1,0,0,0,0,.,9,1,tHS,tM-m,5.23,2.76,0.94,1.45,3.57,5.21,4.64,3.66,BI,anti,.,4.18,4.61,2.78,4.61,3.17,4.56,4.40,5.16,0.10,5.83,0.62,5.70,0.31,36.18,0.17,C3'-endo
13,13,0.17,G,G,G,0,0,1,0,0,),8,1,cWW,cW-W,2.68,3.90,2.92,1.40,3.77,4.95,5.10,3.25,BI,anti,A,4.68,4.70,2.79,3.57,3.51,3.50,4.74,3.89,0.08,5.81,0.66,5.65,0.34,38.55,0.20,C3'-endo
14,14,0.18,G,G,G,0,0,1,0,0,),7,1,cWW,cW-W,5.36,2.94,0.93,1.39,3.80,4.98,5.11,3.38,BI,anti,A,4.54,4.67,3.05,3.82,3.29,3.86,3.94,4.55,0.02,5.87,0.63,5.64,0.39,37.93,0.29,C3'-endo
15,15,0.19,U,U,U,0,0,0,1,0,),6,1,cWW,cW-W,5.36,2.87,0.84,1.38,3.79,4.82,5.25,3.46,BI,anti,A,4.47,4.70,2.90,3.64,3.20,3.65,4.19,3.87,0.07,5.82,0.66,5.64,0.36,38.86,0.23,C3'-endo
16,16,0.21,C,C,C,0,1,0,0,0,),5,1,cWW,cW-W,5.23,2.73,1.08,1.36,3.55,4.93,4.91,3.58,BI,anti,A,4.31,4.60,2.89,3.56,3.13,3.50,3.61,3.68,0.00,5.87,0.64,5.63,0.41,38.59,0.32,C3'-endo
17,17,0.22,U,U,U,0,0,0,1,0,),4,1,cWW,cW-W,5.23,3.03,0.91,1.37,3.74,4.96,5.07,3.47,BI,anti,A,4.43,4.63,3.02,3.69,3.14,3.72,3.50,4.17,0.00,5.88,0.64,5.63,0.41,38.52,0.32,C3'-endo
18,18,0.23,U,U,U,0,0,0,1,0,),3,1,cWW,cW-W,5.18,2.93,0.99,1.37,3.78,4.90,5.17,3.49,BI,anti,A,4.40,4.64,2.93,3.69,3.15,3.69,3.80,4.15,6.28,5.88,0.63,5.64,0.41,38.04,0.33,C3'-endo
19,19,0.25,C,C,C,0,1,0,0,0,),2,1,cWW,cW-W,5.19,2.98,0.84,1.34,3.70,5.07,4.91,3.50,BI,anti,A,4.44,4.69,2.81,3.74,2.99,3.77,3.70,4.27,0.06,5.81,0.68,5.61,0.39,40.45,0.24,C3'-endo
20,20,0.26,C,C,C,0,1,0,0,0,),1,1,cWW,cW-W,5.11,3.07,0.95,1.35,3.56,5.08,4.76,3.47,BI,anti,A,4.48,4.64,2.86,3.65,3.10,3.68,3.87,4.17,0.05,5.82,0.68,5.62,0.38,39.97,0.25,C3'-endo
21,21,0.27,A,A,A,1,0,0,0,0,(,50,1,cWW,cW-W,5.10,3.12,0.98,1.41,3.83,5.00,5.11,3.42,BI,anti,A,4.55,4.73,3.01,3.84,3.20,3.87,3.89,4.42,0.09,5.81,0.66,5.66,0.33,38.20,0.19,C3'-endo
22,22,0.29,C,C,C,0,1,0,0,0,(,"49,52",2,"cWW,tSW","cW-W,tm-W",5.21,2.87,1.02,1.35,3.56,5.01,4.83,3.53,BI,anti,A,4.40,4.63,2.87,3.61,3.19,3.59,4.05,3.83,0.03,5.83,0.68,5.61,0.40,40.25,0.28,C3'-endo
23,23,0.30,G,G,G,0,0,1,0,0,(,48,1,cWW,cW-W,5.19,3.08,0.98,1.40,3.61,4.99,4.91,3.46,BI,anti,A,4.42,4.57,3.04,3.65,3.21,3.66,3.65,4.12,6.28,5.89,0.61,5.66,0.40,36.88,0.33,C3'-endo
24,24,0.31,A,A,A,1,0,0,0,0,(,47,1,cWW,cW-W,5.05,3.17,0.85,1.40,3.72,5.05,4.95,3.55,BI,anti,A,4.35,4.69,2.86,3.77,3.01,3.82,3.67,4.33,0.08,5.82,0.65,5.66,0.34,38.17,0.21,C3'-endo
25,25,0.32,C,C,C,0,1,0,0,0,(,46,1,cWW,cW-W,5.18,2.92,1.01,1.38,3.80,5.03,5.05,3.51,BI,anti,A,4.38,4.68,2.93,3.80,3.21,3.77,3.96,4.16,0.03,5.86,0.64,5.64,0.39,38.11,0.28,C3'-endo
26,26,0.34,G,G,G,0,0,1,0,0,(,45,1,cWW,cW-W,5.02,2.78,1.24,1.32,3.84,4.91,5.22,3.25,BI,anti,A,4.66,4.69,2.87,3.69,3.14,3.69,3.84,4.21,6.26,5.88,0.66,5.59,0.45,40.28,0.36,C3'-endo
27,27,0.35,A,A,A,1,0,0,0,0,(,44,1,cWW,cW-W,5.23,2.75,1.14,1.37,3.75,4.85,5.18,3.31,BI,anti,A,4.57,4.62,2.97,3.62,3.25,3.61,4.06,3.98,6.26,5.90,0.62,5.63,0.43,38.20,0.36,C3'-endo
28,28,0.36,U,U,U,0,0,0,1,0,(,43,1,cWW,cW-W,5.21,3.00,0.89,1.38,3.80,4.87,5.21,3.62,BI,anti,A,4.17,4.69,2.94,3.69,3.09,3.71,3.66,4.02,0.04,5.85,0.65,5.64,0.38,38.32,0.27,C3'-endo
29,29,0.38,A,A,A,1,0,0,0,0,.,42,1,cWW,cW-W,5.28,2.83,0.94,1.36,3.70,4.83,5.16,3.55,BI,anti,.,4.32,4.63,2.89,4.11,3.11,3.90,3.63,4.18,6.26,5.89,0.63,5.62,0.43,38.62,0.36,C3'-endo
30,30,0.39,C,C,C,0,1,0,0,0,.,0,1,.WW,.W+W,1.92,3.67,3.86,1.46,3.64,4.63,5.29,3.39,BI,anti,.,4.58,4.67,3.06,2.62,3.23,2.83,3.88,2.99,0.14,5.79,0.65,5.70,0.28,37.31,0.11,C3'-endo
31,31,0.40,U,U,U,0,0,0,1,0,.,71,1,cWH,cW+M,5.32,2.94,0.92,1.36,3.89,5.09,5.09,3.35,BI,anti,A,4.62,4.74,3.10,3.96,3.11,4.00,3.15,4.57,0.06,5.82,0.67,5.63,0.37,39.58,0.24,C3'-endo
32,32,0.42,U,U,U,0,0,0,1,0,.,72,1,cWH,cW+M,5.27,3.00,0.93,1.35,3.55,1.03,2.52,3.56,..,anti,.,4.33,4.57,2.92,0.14,3.24,5.64,4.13,4.07,6.23,5.91,0.62,5.61,0.45,38.75,0.40,C3'-endo
33,33,0.43,A,A,A,1,0,0,0,0,.,,0,,,1.01,2.35,0.76,2.59,3.93,3.62,0.31,3.96,..,anti,.,1.48,1.58,4.74,3.51,6.21,2.88,1.35,2.48,5.92,0.63,5.64,0.45,6.22,37.89,2.90,C2'-endo
34,34,0.44,U,U,U,0,0,0,1,0,.,,0,,,4.16,2.78,0.73,1.51,4.70,2.34,2.36,3.28,BII,anti,.,4.06,4.33,2.51,1.53,2.26,1.02,2.05,0.31,6.23,5.99,0.51,5.73,0.38,31.80,0.42,C3'-endo
35,35,0.45,U,U,U,0,0,0,1,0,.,,0,,,5.30,4.18,3.87,2.47,0.50,4.44,2.35,4.28,..,anti,.,-0.17,1.24,3.55,5.46,2.84,0.33,2.93,1.05,5.87,0.63,5.69,0.37,0.02,36.36,2.78,C2'-endo
36,36,0.47,U,U,U,0,0,0,1,0,[,75,1,cWW,cW-W,5.09,3.71,1.01,1.35,3.67,5.01,4.94,3.53,BI,anti,A,4.38,4.64,2.71,3.66,2.42,3.75,1.89,4.41,6.27,5.87,0.65,5.61,0.43,39.47,0.34,C3'-endo
37,37,0.48,C,C,C,0,1,0,0,0,[,74,1,cWW,cW-W,5.13,2.95,1.03,1.39,3.65,4.99,4.94,3.47,BI,anti,.,4.47,4.64,2.92,3.69,3.18,3.68,4.05,3.94,0.05,5.84,0.65,5.64,0.37,38.48,0.25,C3'-endo
38,38,0.49,C,C,C,0,1,0,0,0,[,73,1,cWW,cW-W,5.23,3.17,0.85,1.35,3.76,4.96,5.09,3.42,BI,anti,A,4.53,4.69,3.02,3.67,3.15,3.74,3.60,4.29,0.03,5.84,0.67,5.62,0.40,39.68,0.28,C3'-endo
39,39,0.51,U,U,U,0,0,0,1,0,[,72,1,cWW,cW-W,5.29,2.88,0.96,1.36,3.86,4.80,5.34,3.47,BI,anti,A,4.45,4.71,2.97,3.65,3.20,3.67,3.95,4.01,0.04,5.83,0.67,5.62,0.39,39.84,0.27,C3'-endo
40,40,0.52,U,U,U,0,0,0,1,0,[,71,1,cWW,cW-W,5.26,2.94,0.84,1.36,3.76,5.01,5.03,3.41,BI,anti,A,4.55,4.70,2.87,3.76,3.03,3.79,3.57,4.37,0.06,5.82,0.67,5.62,0.38,39.76,0.24,C3'-endo
41,41,0.53,U,U,U,0,0,0,1,0,.,"70,0",2,"tSW,.WS","tm+W,.W-m",5.11,2.95,1.05,1.34,3.67,5.14,4.81,3.50,BI,anti,.,4.46,4.70,2.87,3.82,3.14,3.85,4.00,4.40,0.06,5.80,0.70,5.60,0.39,41.26,0.24,C3'-endo
42,42,0.55,G,G,G,0,0,1,0,0,.,29,1,cWW,cW-W,5.21,3.16,0.92,1.39,3.78,5.08,4.99,3.20,BI,anti,A,4.73,4.72,3.03,3.85,3.29,3.92,4.13,4.43,0.09,5.81,0.66,5.66,0.34,38.59,0.19,C3'-endo
43,43,0.56,A,A,A,1,0,0,0,0,),28,1,cWW,cW-W,5.21,3.25,0.79,1.41,3.81,4.94,5.15,3.37,BI,anti,A,4.56,4.68,3.00,3.73,3.20,3.80,3.94,4.30,0.05,5.85,0.63,5.66,0.36,37.41,0.24,C3'-endo
44,44,0.57,U,U,U,0,0,0,1,0,),27,1,cWW,cW-W,5.22,2.90,0.93,1.37,3.70,4.98,5.00,3.56,BI,anti,A,4.34,4.68,2.86,3.72,3.11,3.73,3.84,4.22,0.03,5.85,0.65,5.63,0.39,38.71,0.28,C3'-endo
45,45,0.58,C,C,C,0,1,0,0,0,),26,1,cWW,cW-W,5.31,2.92,0.93,1.38,3.73,4.88,5.13,3.47,BI,anti,A,4.44,4.64,3.00,3.64,3.23,3.65,3.96,3.95,0.01,5.87,0.63,5.64,0.40,38.18,0.31,C3'-endo
46,46,0.60,G,G,G,0,0,1,0,0,),25,1,cWW,cW-W,5.19,2.95,0.91,1.39,3.69,4.92,5.05,3.44,BI,anti,A,4.48,4.63,2.91,3.64,3.08,3.65,3.60,4.03,0.02,5.87,0.62,5.65,0.39,37.37,0.30,C3'-endo
47,47,0.61,U,U,U,0,0,0,1,0,),24,1,cWW,cW-W,5.20,2.92,0.97,1.39,3.85,4.99,5.15,3.57,BI,anti,A,4.26,4.69,2.96,3.86,3.15,3.88,3.73,4.56,0.04,5.86,0.63,5.65,0.37,37.66,0.27,C3'-endo
48,48,0.62,C,C,C,0,1,0,0,0,),23,1,cWW,cW-W,5.23,2.90,0.91,1.38,3.55,5.38,4.45,3.57,BI,anti,A,4.33,4.62,2.81,3.94,3.13,3.82,4.12,4.08,0.04,5.85,0.65,5.64,0.38,38.54,0.27,C3'-endo
49,49,0.64,G,G,G,0,0,1,0,0,),"22,52",2,"cWW,cSH","cW-W,cm+M",3.99,2.64,2.32,1.46,3.82,4.93,5.18,3.13,BI,anti,A,4.58,4.62,3.03,3.43,3.31,3.59,3.91,4.01,0.04,5.87,0.60,5.69,0.35,35.41,0.26,C3'-endo
50,50,0.65,U,U,U,0,0,0,1,0,),21,1,cWW,cW-W,5.38,3.09,1.03,2.60,4.74,2.97,1.78,3.85,BII,anti,.,0.63,0.63,3.58,2.83,4.06,2.80,4.45,2.96,5.89,0.65,5.63,0.44,6.25,38.66,2.87,C2'-endo
51,51,0.66,U,U,U,0,0,0,1,0,.,,0,,,3.65,2.51,1.92,2.54,4.80,1.76,3.03,3.68,..,anti,.,0.47,0.60,4.08,1.80,3.68,1.25,3.61,1.18,5.85,0.67,5.65,0.40,0.01,38.68,2.80,C2'-endo
52,52,0.68,A,A,A,1,0,0,0,0,.,"22,49",2,"tWS,cHS","tW-m,cM+m",0.95,3.61,3.23,1.49,4.64,5.50,5.43,0.98,..,syn,.,-1.80,4.07,2.64,4.57,2.18,4.72,2.33,5.26,6.10,6.09,0.46,5.70,0.48,33.02,0.64,C4'-exo
53,53,0.69,U,U,U,0,0,0,1,0,.,,0,,,4.75,3.28,1.14,1.46,4.73,3.81,0.92,3.62,..,anti,.,3.51,4.60,2.84,3.60,3.47,3.85,4.35,4.19,0.02,5.89,0.59,5.69,0.36,35.16,0.29,C3'-endo
54,54,0.70,U,U,U,0,0,0,1,0,.,,0,,,5.62,1.92,2.39,2.60,4.65,5.32,5.61,3.51,..,anti,.,0.82,0.83,5.62,4.35,5.17,4.28,4.87,3.65,5.98,0.58,5.67,0.46,6.18,35.84,2.97,C2'-endo
55,55,0.71,A,A,A,1,0,0,0,0,.,69,1,tHW,tM-W,5.27,3.25,3.13,1.47,4.01,5.03,5.27,3.22,BI,anti,A,4.61,4.67,5.18,3.50,5.97,3.63,0.46,4.50,0.05,5.87,0.59,5.70,0.33,34.96,0.24,C3'-endo
56,56,0.73,C,C,C,0,1,0,0,0,.,69,1,cWW,cW-W,5.14,2.97,0.86,1.43,4.09,5.05,5.33,3.46,..,anti,.,4.34,4.69,2.83,4.14,3.15,4.22,4.20,5.12,0.03,5.88,0.60,5.68,0.36,35.84,0.28,C3'-endo
57,57,0.74,U,U,U,0,0,0,1,0,(,68,1,cWW,cW-W,5.33,2.83,0.80,1.38,3.73,5.06,4.95,3.56,BI,anti,A,4.33,4.71,2.72,3.82,3.16,3.81,4.42,4.32,0.09,5.81,0.67,5.65,0.35,38.99,0.20,C3'-endo
58,58,0.75,G,G,G,0,0,1,0,0,(,67,1,cWW,cW-W,5.23,3.02,0.80,1.36,3.63,5.00,4.91,3.47,BI,anti,A,4.50,4.69,2.81,3.63,3.06,3.66,3.89,4.01,0.07,5.81,0.68,5.62,0.37,40.14,0.23,C3'-endo
59,59,0.77,G,G,G,0,0,1,0,0,(,66,1,cWW,cW-W,5.25,2.89,1.02,1.36,3.62,5.06,4.84,3.29,BI,anti,A,4.63,4.65,2.97,3.70,3.21,3.70,3.83,4.04,0.04,5.83,0.67,5.62,0.39,39.67,0.27,C3'-endo
60,60,0.78,C,C,C,0,1,0,0,0,(,65,1,cWW,cW-W,5.22,3.21,0.89,1.37,3.38,5.10,4.57,3.70,BI,anti,.,4.10,4.50,3.04,4.11,3.24,4.04,3.79,4.47,6.28,5.88,0.63,5.63,0.41,38.18,0.33,C3'-endo
61,61,0.79,U,U,U,0,0,0,1,0,.,64,1,tWW,tW+W,2.58,3.63,3.28,1.45,4.30,4.38,6.21,3.25,..,anti,.,4.55,4.68,3.16,3.00,3.45,2.55,4.20,1.93,0.03,5.88,0.60,5.69,0.36,35.62,0.27,C3'-endo
62,62,0.81,U,U,U,0,0,0,1,0,.,,0,,,3.47,2.56,0.72,2.52,4.54,5.44,5.38,4.28,..,anti,.,0.93,1.01,1.15,5.80,1.62,5.47,1.22,5.86,5.90,0.62,5.68,0.39,6.28,36.13,2.83,C2'-endo
63,63,0.82,C,C,C,0,1,0,0,0,.,,0,,,5.12,3.45,0.72,2.53,4.17,2.48,1.69,3.83,BII,anti,Z,1.31,1.40,2.81,2.32,3.74,1.43,3.98,1.15,5.86,0.65,5.66,0.40,0.01,38.01,2.80,C2'-endo
64,64,0.83,G,G,G,0,0,1,0,0,.,61,1,tWW,tW+W,0.07,4.27,3.27,1.40,3.41,5.30,4.40,1.01,BI,syn,.,-2.92,4.41,1.82,4.11,1.70,4.13,2.11,3.87,6.22,5.95,0.58,5.65,0.44,36.42,0.41,C3'-endo
65,65,0.84,G,G,G,0,0,1,0,0,),60,1,cWW,cW-W,2.76,3.96,2.98,1.43,3.69,5.21,4.76,3.25,BI,anti,A,4.70,4.70,3.02,3.74,3.80,3.63,4.26,4.04,0.13,5.78,0.66,5.68,0.30,38.37,0.13,C3'-endo
66,66,0.86,C,C,C,0,1,0,0,0,),59,1,cWW,cW-W,4.95,3.02,1.29,1.35,3.66,5.01,4.93,3.33,BI,anti,A,4.59,4.63,2.99,3.66,3.33,3.65,4.12,4.03,6.28,5.87,0.65,5.62,0.42,39.31,0.33,C3'-endo
67,67,0.87,C,C,C,0,1,0,0,0,),58,1,cWW,cW-W,5.08,3.16,0.93,1.37,3.66,4.86,5.08,3.54,BI,anti,A,4.37,4.64,2.93,3.55,3.09,3.62,3.69,4.05,0.02,5.86,0.65,5.63,0.40,38.71,0.29,C3'-endo
68,68,0.88,A,A,A,1,0,0,0,0,),57,1,cWW,cW-W,5.34,2.94,0.88,1.42,3.91,4.94,5.25,3.55,BI,anti,A,4.29,4.73,3.06,3.89,3.21,3.93,3.77,4.46,0.08,5.83,0.64,5.67,0.34,37.55,0.21,C3'-endo
69,69,0.90,C,C,C,0,1,0,0,0,.,"55,56",2,"tWH,cWW","tW-M,cW-W",5.29,2.82,0.99,1.39,4.10,4.96,5.42,3.55,..,anti,A,4.17,4.70,3.01,4.02,3.28,4.18,4.03,4.42,6.27,5.90,0.61,5.65,0.41,37.29,0.34,C3'-endo
70,70,0.91,A,A,A,1,0,0,0,0,.,41,1,tWS,tW+m,5.11,3.17,1.11,2.54,4.95,1.64,3.31,4.20,..,anti,.,0.43,0.47,3.50,2.83,3.95,2.52,4.20,2.87,5.83,0.69,5.64,0.39,0.03,39.47,2.77,C2'-endo
71,71,0.92,A,A,A,1,0,0,0,0,],"31,40",2,"cHW,cWW","cM+W,cW-W",1.33,4.46,3.65,1.41,3.81,5.02,5.07,3.22,BI,anti,A,4.71,4.71,4.07,3.15,3.94,3.28,4.39,3.76,0.08,5.81,0.66,5.66,0.34,38.40,0.20,C3'-endo
72,72,0.94,A,A,A,1,0,0,0,0,],"32,39",2,"cHW,cWW","cM+W,cW-W",5.27,3.03,0.91,1.37,3.48,4.95,4.81,3.33,BI,anti,A,4.54,4.55,2.93,3.48,3.22,3.49,3.93,3.72,6.28,5.87,0.65,5.62,0.42,39.21,0.32,C3'-endo
73,73,0.95,G,G,G,0,0,1,0,0,],38,1,cWW,cW-W,5.00,3.05,1.14,1.36,3.39,5.15,4.52,3.43,BI,anti,.,4.49,4.55,2.96,4.08,3.13,3.91,3.56,4.24,0.03,5.84,0.67,5.62,0.40,39.78,0.28,C3'-endo
74,74,0.96,G,G,G,0,0,1,0,0,],37,1,cWW,cW-W,2.89,3.37,3.05,1.43,3.85,4.99,5.15,3.19,BI,anti,A,4.69,4.70,3.00,3.40,3.28,3.48,4.01,4.11,0.07,5.84,0.63,5.68,0.34,36.98,0.22,C3'-endo
75,75,0.97,A,A,A,1,0,0,0,0,],36,1,cWW,cW-W,5.16,3.03,0.92,1.42,3.98,4.86,5.40,3.36,BI,anti,.,4.56,4.71,2.96,3.89,3.19,3.98,4.00,4.83,0.04,5.87,0.61,5.68,0.36,36.42,0.27,C3'-endo
76,76,0.99,G,G,G,0,0,1,0,0,.,,0,,,5.41,2.70,0.91,1.42,4.42,1.39,3.03,3.58,..,anti,.,3.95,4.81,3.06,1.05,3.35,1.02,4.41,1.02,0.09,5.81,0.65,5.67,0.33,38.09,0.19,C3'-endo
77,77,1.00,A,A,A,1,0,0,0,0,.,,0,,,3.00,3.87,1.31,1.46,,,,4.86,n/a,anti,-,,,,,,,,,0.14,5.79,0.65,5.70,0.29,37.42,0.12,C3'-endo
