index_chain,old_nt_resnum,nt_position,nt_name,nt_code,nt_align_code,is_A,is_C,is_G,is_U,is_other,dbn,paired,nb_interact,pair_type_LW,pair_type_DSSR,alpha,beta,gamma,delta,epsilon,zeta,epsilon_zeta,chi,bb_type,glyco_bond,form,ssZp,Dp,eta,theta,eta_prime,theta_prime,eta_base,theta_base,v0,v1,v2,v3,v4,amplitude,phase_angle,puckering
1,1,0.01,C,C,C,0,1,0,0,0,.,74,1,cWS,cW-m,,,3.14,1.42,3.89,4.86,5.32,3.49,BI,anti,.,4.40,4.70,,,,,,,0.05,5.86,0.62,5.68,0.35,36.55,0.24,C3'-endo
2,2,0.03,G,G,G,0,0,1,0,0,(,72,1,cWW,cW-W,5.37,3.03,0.85,1.41,4.08,4.73,5.64,3.28,..,anti,A,4.70,4.80,3.13,3.79,3.32,3.87,3.95,4.44,0.10,5.80,0.66,5.67,0.32,38.39,0.17,C3'-endo
3,3,0.04,C,C,C,0,1,0,0,0,(,71,1,cWW,cW-W,5.27,2.66,1.05,1.38,4.01,4.67,5.62,3.55,..,anti,A,4.26,4.74,2.92,3.69,3.17,3.69,3.95,4.06,0.05,5.83,0.66,5.64,0.37,38.82,0.25,C3'-endo
4,4,0.05,G,G,G,0,0,1,0,0,(,70,1,cWW,cW-W,5.21,2.78,0.94,1.40,3.75,4.83,5.20,3.43,BI,anti,A,4.54,4.70,2.83,3.66,3.02,3.64,3.63,3.96,0.08,5.82,0.65,5.66,0.35,38.26,0.21,C3'-endo
5,5,0.06,G,G,G,0,0,1,0,0,(,69,1,cWW,cW-W,5.18,2.84,1.05,1.42,3.75,5.06,4.97,3.20,BI,anti,A,4.65,4.66,2.95,3.87,3.14,3.87,3.73,4.40,0.05,5.85,0.63,5.66,0.36,37.42,0.25,C3'-endo
6,6,0.08,G,G,G,0,0,1,0,0,(,68,1,cWW,cW-W,5.08,2.98,1.13,1.41,3.62,4.84,5.07,3.32,BI,anti,A,4.61,4.64,2.95,3.55,3.27,3.67,4.16,3.73,0.04,5.85,0.64,5.65,0.37,37.75,0.26,C3'-endo
7,7,0.09,G,G,G,0,0,1,0,0,(,67,1,cWW,cW-W,5.39,3.09,1.15,2.54,4.08,6.05,4.32,4.04,..,anti,.,1.54,1.54,3.50,6.08,3.90,5.66,3.93,6.07,5.90,0.61,5.68,0.40,6.27,36.16,2.84,C2'-endo
8,8,0.10,U,U,U,0,0,0,1,0,.,14,1,tWH,tW-M,4.51,3.90,0.84,1.39,3.66,4.89,5.06,3.72,BI,anti,.,3.99,4.61,2.69,3.22,3.39,3.25,3.66,2.91,0.02,5.87,0.63,5.65,0.39,37.57,0.30,C3'-endo
9,9,0.12,G,G,G,0,0,1,0,0,.,,0,,,3.44,1.74,3.34,2.54,4.70,5.21,5.77,4.31,..,anti,.,0.56,0.84,3.97,4.82,3.44,4.42,2.77,4.65,5.94,0.59,5.69,0.41,6.24,35.12,2.88,C2'-endo
10,10,0.13,G,G,G,0,0,1,0,0,(,"26,46",2,"cWW,cHS","cW-W,cM+m",3.05,3.20,1.36,1.43,3.82,5.05,5.05,3.22,BI,anti,A,4.69,4.71,0.83,3.91,1.87,3.91,2.52,4.33,0.08,5.83,0.63,5.68,0.33,37.10,0.20,C3'-endo
11,11,0.14,A,A,A,1,0,0,0,0,(,25,1,cWW,cW-W,5.01,3.25,0.87,1.42,3.76,4.98,5.07,3.45,BI,anti,A,4.48,4.67,2.88,3.75,3.09,3.81,3.79,4.36,0.05,5.85,0.63,5.67,0.35,36.89,0.24,C3'-endo
12,12,0.16,G,G,G,0,0,1,0,0,(,24,1,cWW,cW-W,5.19,2.99,0.88,1.39,3.66,4.78,5.17,3.60,BI,anti,A,4.27,4.65,2.86,4.09,3.11,3.92,3.89,4.18,0.05,5.84,0.64,5.65,0.36,38.01,0.25,C3'-endo
13,13,0.17,C,C,C,0,1,0,0,0,(,23,1,cWW,cW-W,2.50,3.65,3.20,1.40,3.40,5.06,4.63,3.38,BI,anti,.,4.53,4.55,2.82,3.46,3.13,3.35,3.76,3.52,0.06,5.84,0.65,5.65,0.36,38.20,0.24,C3'-endo
14,14,0.18,A,A,A,1,0,0,0,0,.,8,1,tHW,tM-W,3.10,3.16,2.96,1.43,4.26,5.22,5.33,2.99,..,anti,.,4.78,4.79,3.08,3.92,3.19,4.09,3.56,5.05,0.11,5.81,0.64,5.68,0.31,37.38,0.16,C3'-endo
15,15,0.19,G,G,G,0,0,1,0,0,.,49,1,tWW,tW+W,5.23,2.90,1.06,1.46,4.45,5.06,5.67,3.54,..,anti,.,3.90,4.55,3.03,4.49,3.53,4.62,4.76,5.10,6.25,5.95,0.55,5.69,0.40,34.14,0.38,C3'-endo
16,16,0.21,C,C,C,0,1,0,0,0,.,,0,,,5.04,3.26,1.02,2.53,4.48,5.00,5.76,4.11,..,anti,.,1.02,1.04,3.07,5.24,3.72,4.98,4.31,5.59,5.90,0.62,5.68,0.40,6.27,36.34,2.84,C2'-endo
17,17,0.22,C,C,C,0,1,0,0,0,.,,0,,,4.96,2.85,1.03,1.44,3.57,0.85,2.72,3.76,..,anti,.,3.89,4.50,2.50,5.94,3.33,5.19,3.99,4.72,6.28,5.92,0.57,5.69,0.38,34.83,0.33,C3'-endo
18,17A,0.23,U,U,U,0,0,0,1,0,.,,0,,,2.78,2.83,0.85,2.53,4.74,4.60,0.14,3.76,..,anti,.,0.63,0.67,1.07,5.02,2.14,4.53,2.41,4.51,5.91,0.61,5.68,0.40,6.26,36.07,2.85,C2'-endo
19,18,0.25,G,G,G,0,0,1,0,0,.,56,1,tWS,tW+m,5.08,2.97,2.55,2.59,4.01,4.62,5.67,3.61,..,anti,.,1.42,1.55,4.75,4.49,5.49,4.20,5.71,4.61,5.98,0.57,5.68,0.45,6.19,35.17,2.97,C2'-endo
20,19,0.26,G,G,G,0,0,1,0,0,{,57,1,cWW,cW-W,2.73,3.25,3.16,2.58,5.08,4.32,0.76,4.44,..,anti,.,0.07,0.11,3.78,4.99,4.05,4.89,4.39,5.42,5.90,0.64,5.65,0.43,6.25,37.92,2.87,C2'-endo
21,20,0.27,U,U,U,0,0,0,1,0,.,,0,,,2.57,4.21,2.59,1.39,4.50,4.58,6.20,4.26,..,anti,.,1.28,4.60,2.06,4.71,3.00,4.56,3.25,4.68,6.23,5.94,0.59,5.65,0.44,36.58,0.41,C3'-endo
22,21,0.29,A,A,A,1,0,0,0,0,.,,0,,,1.07,2.43,0.74,1.37,3.91,3.69,0.22,3.54,..,anti,.,4.30,4.74,4.10,2.61,4.60,2.61,4.72,2.51,0.03,5.84,0.65,5.63,0.39,38.99,0.28,C3'-endo
23,22,0.30,G,G,G,0,0,1,0,0,),"13,47",2,"cWW,tHW","cW-W,tM-W",5.09,2.25,1.11,1.38,3.56,4.93,4.91,3.47,BI,anti,A,4.44,4.59,2.83,3.70,2.83,3.51,2.67,3.56,0.02,5.87,0.64,5.64,0.40,38.31,0.30,C3'-endo
24,23,0.31,C,C,C,0,1,0,0,0,),12,1,cWW,cW-W,5.22,3.07,0.87,1.37,3.95,4.78,5.45,3.50,BI,anti,A,4.35,4.69,3.01,3.69,3.10,3.78,3.40,4.39,6.28,5.88,0.63,5.63,0.41,38.40,0.33,C3'-endo
25,24,0.32,U,U,U,0,0,0,1,0,),11,1,cWW,cW-W,5.27,2.78,0.93,1.42,3.75,5.00,5.03,3.43,BI,anti,A,4.48,4.64,2.86,3.83,3.11,3.80,3.93,4.32,0.04,5.86,0.63,5.66,0.37,37.30,0.27,C3'-endo
26,25,0.34,C,C,C,0,1,0,0,0,),10,1,cWW,cW-W,5.08,2.91,1.07,1.41,3.77,5.15,4.90,3.41,BI,anti,.,4.51,4.64,2.89,3.94,3.15,3.97,3.98,4.67,0.01,5.88,0.62,5.66,0.39,37.05,0.31,C3'-endo
27,26,0.35,G,G,G,0,0,1,0,0,.,45,1,cWW,cW-W,5.08,2.90,1.14,1.40,3.82,5.08,5.02,3.42,BI,anti,A,4.52,4.69,2.94,3.93,3.33,3.93,4.38,4.50,0.05,5.84,0.64,5.65,0.36,38.06,0.25,C3'-endo
28,27,0.36,U,U,U,0,0,0,1,0,(,44,1,cWW,cW-W,5.19,3.00,0.96,1.42,3.86,4.90,5.24,3.56,BI,anti,.,4.19,4.58,2.97,3.80,3.27,3.84,4.12,4.45,6.26,5.93,0.58,5.67,0.40,35.64,0.36,C3'-endo
29,28,0.38,C,C,C,0,1,0,0,0,(,43,1,cWW,cW-W,5.32,2.88,0.82,1.39,3.71,5.02,4.97,3.47,BI,anti,A,4.45,4.64,2.86,3.76,3.13,3.76,3.98,4.24,0.02,5.87,0.64,5.64,0.40,38.15,0.30,C3'-endo
30,29,0.39,G,G,G,0,0,1,0,0,(,42,1,cWW,cW-W,5.16,3.11,0.76,1.37,3.68,4.94,5.02,3.33,BI,anti,A,4.64,4.68,2.80,3.62,2.99,3.69,3.75,4.17,0.06,5.82,0.66,5.63,0.37,39.22,0.24,C3'-endo
31,30,0.40,G,G,G,0,0,1,0,0,(,"0,41",2,"tSS,cWW","tm+m,cW-W",5.26,2.89,1.02,1.39,3.81,5.13,4.96,3.27,BI,anti,A,4.66,4.70,3.02,3.90,3.24,3.84,3.93,4.12,0.07,5.82,0.66,5.64,0.36,38.78,0.23,C3'-endo
32,31,0.42,G,G,G,0,0,1,0,0,(,40,1,cWW,cW-W,4.36,2.76,1.92,1.38,3.75,5.17,4.86,3.14,BI,anti,.,4.64,4.65,2.89,3.82,3.19,3.81,3.83,4.47,0.02,5.87,0.63,5.64,0.39,37.97,0.30,C3'-endo
33,32,0.43,C,C,C,0,1,0,0,0,.,39,1,cWH,cW-M,4.69,3.53,1.07,1.46,3.77,5.34,4.71,3.45,BI,anti,.,4.43,4.61,2.92,4.16,3.15,4.21,4.04,4.92,0.03,5.88,0.60,5.69,0.35,35.70,0.27,C3'-endo
34,33,0.44,U,U,U,0,0,0,1,0,.,37,1,tWH,tW-M,4.94,3.14,0.98,1.36,4.04,5.22,5.10,3.58,BI,anti,.,4.15,4.71,2.85,4.45,3.22,3.71,4.23,2.71,6.27,5.88,0.64,5.62,0.43,39.01,0.34,C3'-endo
35,34,0.45,C,C,C,0,1,0,0,0,.,0,1,cWW,cW-W,3.07,2.72,0.73,1.40,4.06,5.04,5.31,3.37,BI,anti,.,4.52,4.73,0.32,4.10,0.80,4.15,0.43,4.90,0.04,5.85,0.63,5.65,0.37,37.65,0.27,C3'-endo
36,35,0.47,A,A,A,1,0,0,0,0,[,0,1,cWW,cW-W,5.19,2.83,1.02,1.41,3.75,4.83,5.20,3.44,BI,anti,A,4.45,4.61,2.81,3.62,3.21,3.62,4.32,3.91,6.28,5.90,0.60,5.66,0.39,36.27,0.34,C3'-endo
37,36,0.48,U,U,U,0,0,0,1,0,[,"34,0",2,"tHW,cWW","tM-W,cW-W",5.09,3.00,1.00,1.39,3.77,5.16,4.90,3.44,BI,anti,.,4.50,4.67,2.94,3.94,3.08,3.97,3.56,4.72,0.04,5.85,0.64,5.65,0.38,38.08,0.27,C3'-endo
38,37,0.49,A,A,A,1,0,0,0,0,.,,0,,,5.06,2.99,1.01,1.42,3.77,5.03,5.02,3.23,BI,anti,A,4.66,4.67,2.86,3.87,3.21,3.91,4.32,4.59,0.05,5.85,0.63,5.66,0.36,37.39,0.24,C3'-endo
39,38,0.51,A,A,A,1,0,0,0,0,.,33,1,cHW,cM-W,5.22,2.95,0.98,1.43,4.02,5.08,5.22,3.50,BI,anti,.,4.35,4.74,3.02,4.12,3.30,4.17,4.26,5.03,0.07,5.83,0.64,5.67,0.34,37.26,0.22,C3'-endo
40,39,0.52,C,C,C,0,1,0,0,0,),32,1,cWW,cW-W,5.22,2.81,1.00,1.41,3.75,5.01,5.02,3.56,BI,anti,A,4.32,4.66,2.80,3.84,3.24,3.83,4.47,4.30,0.05,5.85,0.63,5.66,0.36,37.47,0.25,C3'-endo
41,40,0.53,C,C,C,0,1,0,0,0,),31,1,cWW,cW-W,5.20,3.06,0.87,1.40,3.84,4.87,5.25,3.43,BI,anti,A,4.49,4.68,2.94,3.70,3.17,3.75,3.90,4.11,0.04,5.85,0.64,5.65,0.37,37.78,0.27,C3'-endo
42,41,0.55,C,C,C,0,1,0,0,0,),"0,30",2,"cSS,cWW","cm-m,cW-W",5.10,3.04,0.95,1.40,3.70,5.11,4.87,3.40,BI,anti,A,4.52,4.63,2.89,3.83,3.06,3.85,3.60,4.34,0.03,5.86,0.63,5.65,0.38,37.64,0.28,C3'-endo
43,42,0.56,G,G,G,0,0,1,0,0,),29,1,cWW,cW-W,4.85,3.06,1.21,1.37,3.52,4.96,4.84,3.35,BI,anti,A,4.57,4.59,2.86,3.54,3.16,3.53,3.95,3.79,0.00,5.87,0.64,5.62,0.41,38.77,0.32,C3'-endo
44,43,0.57,A,A,A,1,0,0,0,0,),28,1,cWW,cW-W,5.10,2.90,1.28,1.41,3.60,4.92,4.96,3.34,BI,anti,A,4.55,4.58,3.11,3.61,3.34,3.60,3.82,4.16,0.02,5.88,0.62,5.66,0.39,37.18,0.30,C3'-endo
45,44,0.58,A,A,A,1,0,0,0,0,.,27,1,cWW,cW-W,5.16,2.89,1.13,1.48,3.81,5.12,4.97,3.58,BI,anti,.,4.29,4.70,3.08,4.04,3.32,4.02,4.11,4.67,0.12,5.82,0.61,5.72,0.28,35.36,0.14,C3'-endo
46,45,0.60,G,G,G,0,0,1,0,0,.,10,1,cSH,cm+M,5.16,2.92,1.04,1.41,4.10,4.66,5.72,3.83,..,anti,.,3.40,4.71,3.01,3.75,3.35,3.88,4.28,4.25,0.03,5.87,0.62,5.66,0.38,37.27,0.29,C3'-endo
47,46,0.61,G,G,G,0,0,1,0,0,.,23,1,tWH,tW-M,5.42,3.09,1.03,1.41,4.35,4.99,5.65,4.15,..,anti,.,1.95,4.68,3.48,3.96,3.55,3.34,3.80,2.52,0.01,5.88,0.62,5.65,0.39,37.18,0.31,C3'-endo
48,47,0.62,U,U,U,0,0,0,1,0,.,,0,,,5.11,4.52,3.09,1.42,3.65,1.16,2.49,4.11,..,anti,.,2.85,4.63,6.01,5.86,0.45,5.49,0.98,5.35,0.07,5.84,0.63,5.68,0.33,36.87,0.21,C3'-endo
49,48,0.64,C,C,C,0,1,0,0,0,.,15,1,tWW,tW+W,4.73,3.72,1.25,2.55,3.57,1.65,1.92,4.00,..,anti,.,1.99,2.01,3.59,1.75,4.66,1.08,5.13,4.42,5.91,0.62,5.68,0.40,6.26,36.34,2.85,C2'-endo
50,49,0.65,G,G,G,0,0,1,0,0,(,66,1,cWW,cW-W,0.63,3.02,0.90,1.48,3.89,4.95,5.23,3.34,BI,anti,A,4.60,4.70,5.26,3.91,5.47,3.93,2.28,4.36,0.11,5.83,0.61,5.72,0.28,35.07,0.15,C3'-endo
51,50,0.66,U,U,U,0,0,0,1,0,(,65,1,cWW,cW-W,5.13,2.91,0.99,1.40,3.72,4.99,5.02,3.56,BI,anti,A,4.31,4.65,2.83,3.75,3.12,3.72,3.85,4.12,0.03,5.86,0.63,5.66,0.37,37.48,0.27,C3'-endo
52,51,0.68,C,C,C,0,1,0,0,0,(,64,1,cWW,cW-W,5.05,2.98,1.00,1.38,3.68,5.14,4.82,3.48,BI,anti,A,4.45,4.64,2.83,3.83,3.05,3.83,3.72,4.45,0.01,5.87,0.63,5.64,0.40,38.03,0.31,C3'-endo
53,52,0.69,G,G,G,0,0,1,0,0,(,63,1,cWW,cW-W,5.05,2.94,1.07,1.37,3.61,4.98,4.91,3.32,BI,anti,A,4.62,4.63,2.84,3.64,3.17,3.62,4.15,3.93,0.02,5.86,0.65,5.63,0.40,38.68,0.30,C3'-endo
54,53,0.70,G,G,G,0,0,1,0,0,(,62,1,cWW,cW-W,5.17,2.91,1.11,1.39,3.58,5.06,4.80,3.27,BI,anti,A,4.54,4.55,3.01,3.70,3.25,3.68,3.82,4.10,6.27,5.90,0.61,5.65,0.41,37.22,0.35,C3'-endo
55,54,0.71,U,U,U,0,0,0,1,0,.,59,1,tWH,tW-M,5.08,3.23,0.87,1.40,3.99,5.06,5.22,3.48,BI,anti,.,4.38,4.72,3.01,4.01,3.15,4.11,3.75,4.95,0.03,5.86,0.63,5.65,0.38,37.47,0.28,C3'-endo
56,55,0.73,U,U,U,0,0,0,1,0,.,19,1,tSW,tm+W,5.23,2.90,0.96,1.40,4.00,5.27,5.01,3.69,BI,anti,.,3.90,4.69,2.91,4.35,3.26,3.57,4.33,2.55,0.01,5.88,0.62,5.66,0.39,37.00,0.30,C3'-endo
57,56,0.74,C,C,C,0,1,0,0,0,},20,1,cWW,cW-W,3.28,2.44,0.78,1.41,4.02,5.07,5.23,3.43,BI,anti,.,4.40,4.66,0.47,4.18,0.93,4.16,0.56,4.80,0.02,5.88,0.61,5.66,0.38,36.84,0.30,C3'-endo
58,57,0.75,A,A,A,1,0,0,0,0,.,,0,,,5.16,3.04,0.86,1.41,3.73,4.89,5.12,3.63,BI,anti,.,4.16,4.61,2.79,3.60,3.14,3.83,4.12,4.17,0.01,5.89,0.60,5.67,0.38,36.17,0.31,C3'-endo
59,58,0.77,A,A,A,1,0,0,0,0,.,55,1,tHW,tM-W,5.34,3.41,1.33,2.65,5.03,3.48,1.55,4.58,BII,anti,.,0.13,0.14,4.16,4.34,4.49,3.28,4.43,2.78,5.92,0.64,5.62,0.47,6.21,38.80,2.92,C2'-endo
60,59,0.78,A,A,A,1,0,0,0,0,.,,0,,,0.92,3.56,1.49,1.40,3.86,5.53,4.61,3.12,BI,anti,.,4.62,4.64,0.02,4.41,0.55,4.54,1.00,5.42,6.28,5.89,0.61,5.65,0.40,37.23,0.33,C3'-endo
61,60,0.79,U,U,U,0,0,0,1,0,.,,0,,,4.95,3.27,1.09,2.50,4.55,5.01,5.82,4.03,..,anti,.,0.98,0.97,3.24,5.30,3.96,4.93,5.11,5.49,5.86,0.64,5.68,0.37,0.03,36.93,2.77,C2'-endo
62,61,0.81,C,C,C,0,1,0,0,0,),54,1,cWW,cW-W,4.89,3.07,0.65,1.38,3.84,4.82,5.30,3.47,BI,anti,A,4.46,4.70,2.20,3.62,2.95,3.73,3.64,4.26,0.03,5.85,0.65,5.64,0.39,38.56,0.28,C3'-endo
63,62,0.82,C,C,C,0,1,0,0,0,),53,1,cWW,cW-W,5.15,2.98,0.95,1.44,3.71,4.88,5.12,3.40,BI,anti,A,4.53,4.64,2.91,3.67,3.10,3.69,3.77,4.11,0.06,5.84,0.63,5.67,0.34,36.94,0.23,C3'-endo
64,63,0.83,G,G,G,0,0,1,0,0,),52,1,cWW,cW-W,4.97,3.01,1.07,1.44,3.63,4.95,4.96,3.36,BI,anti,A,4.63,4.68,2.87,3.68,3.06,3.66,3.74,3.74,0.12,5.79,0.65,5.69,0.30,37.72,0.14,C3'-endo
65,64,0.84,G,G,G,0,0,1,0,0,),51,1,cWW,cW-W,4.93,3.22,1.00,1.41,3.70,4.93,5.05,3.41,BI,anti,A,4.54,4.66,2.92,3.66,3.03,3.70,3.32,4.22,0.06,5.84,0.64,5.66,0.36,37.77,0.24,C3'-endo
66,65,0.86,C,C,C,0,1,0,0,0,),50,1,cWW,cW-W,5.08,2.85,1.13,1.43,3.66,5.06,4.88,3.46,BI,anti,A,4.49,4.64,2.90,3.83,3.16,3.80,3.94,4.15,0.07,5.84,0.63,5.68,0.34,36.91,0.22,C3'-endo
67,66,0.87,C,C,C,0,1,0,0,0,),7,1,cWW,cW-W,5.13,3.12,1.01,1.41,3.78,5.02,5.04,3.50,BI,anti,A,4.37,4.63,3.05,3.81,3.28,3.83,3.88,4.36,0.01,5.88,0.62,5.66,0.39,37.08,0.31,C3'-endo
68,67,0.88,C,C,C,0,1,0,0,0,),6,1,cWW,cW-W,5.06,2.96,1.02,1.37,3.69,4.94,5.03,3.51,BI,anti,A,4.41,4.65,2.83,3.64,3.10,3.63,3.91,3.98,0.01,5.86,0.65,5.63,0.41,38.94,0.30,C3'-endo
69,68,0.90,C,C,C,0,1,0,0,0,),5,1,cWW,cW-W,5.05,3.07,0.94,1.38,3.66,5.01,4.93,3.45,BI,anti,A,4.49,4.65,2.84,3.69,3.00,3.72,3.57,4.06,0.04,5.84,0.66,5.63,0.39,39.07,0.27,C3'-endo
70,69,0.91,C,C,C,0,1,0,0,0,),4,1,cWW,cW-W,5.17,2.98,1.05,1.35,3.83,4.86,5.25,3.50,BI,anti,A,4.39,4.67,3.01,3.66,3.21,3.70,3.77,4.24,6.28,5.88,0.64,5.62,0.42,38.80,0.33,C3'-endo
71,70,0.92,G,G,G,0,0,1,0,0,),3,1,cWW,cW-W,5.11,2.95,1.01,1.40,3.70,4.94,5.05,3.38,BI,anti,A,4.60,4.69,2.89,3.69,3.10,3.69,3.85,4.09,0.08,5.81,0.66,5.65,0.34,38.71,0.20,C3'-endo
72,71,0.94,C,C,C,0,1,0,0,0,),2,1,cWW,cW-W,5.17,2.81,1.16,1.40,3.81,5.13,4.97,3.52,BI,anti,A,4.38,4.69,3.00,3.97,3.25,3.94,3.91,4.43,0.05,5.84,0.64,5.65,0.36,37.99,0.25,C3'-endo
73,72,0.95,A,A,A,1,0,0,0,0,.,,0,,,5.04,3.11,0.99,1.37,3.64,5.04,4.88,3.50,BI,anti,A,4.42,4.62,2.85,3.68,3.15,3.71,3.98,4.27,0.01,5.87,0.64,5.63,0.40,38.38,0.31,C3'-endo
74,73,0.96,A,A,A,1,0,0,0,0,.,1,1,cSW,cm-W,5.14,3.01,0.97,1.40,3.64,2.28,1.36,3.48,..,anti,.,4.46,4.65,2.92,0.96,3.15,1.04,3.96,1.55,0.05,5.85,0.64,5.66,0.37,37.70,0.25,C3'-endo
75,74,0.97,C,C,C,0,1,0,0,0,>,0,1,cWW,cW-W,5.03,2.33,0.84,1.42,3.63,4.97,4.94,3.55,BI,anti,A,4.35,4.61,2.85,4.01,3.28,3.98,3.28,4.26,0.04,5.86,0.62,5.67,0.36,36.57,0.26,C3'-endo
76,75,0.99,C,C,C,0,1,0,0,0,>,0,1,cWW,cW-W,4.27,3.75,1.27,1.47,4.46,5.41,5.33,3.91,..,anti,.,2.83,4.68,3.04,4.43,3.12,4.20,3.53,4.32,0.05,5.87,0.59,5.70,0.34,35.12,0.25,C3'-endo
77,76,1.00,A,A,A,1,0,0,0,0,.,,0,,,4.38,1.51,2.75,1.41,,,,4.25,..,anti,-,,,,,,,,,0.03,5.87,0.62,5.67,0.37,36.85,0.27,C3'-endo
