index_chain,old_nt_resnum,nt_position,nt_name,nt_code,nt_align_code,is_A,is_C,is_G,is_U,is_other,dbn,paired,nb_interact,pair_type_LW,pair_type_DSSR,alpha,beta,gamma,delta,epsilon,zeta,epsilon_zeta,chi,bb_type,glyco_bond,form,ssZp,Dp,eta,theta,eta_prime,theta_prime,eta_base,theta_base,v0,v1,v2,v3,v4,amplitude,phase_angle,puckering
1,1,0.03,G,G,G,0,0,1,0,0,(,35,1,cWW,cW-W,,,0.97,1.38,3.73,5.02,4.99,3.24,BI,anti,A,4.75,4.75,,,,,,,0.12,5.77,0.69,5.65,0.32,39.95,0.15,C3'-endo
2,2,0.06,C,C,C,0,1,0,0,0,(,34,1,cWW,cW-W,5.27,3.00,1.03,1.37,3.72,5.12,4.88,3.41,BI,anti,A,4.58,4.71,3.08,3.82,3.31,3.82,3.91,4.15,0.05,5.83,0.66,5.63,0.38,39.13,0.25,C3'-endo
3,3,0.09,U,U,U,0,0,0,1,0,(,33,1,cWW,cW-W,5.13,2.98,1.08,1.31,3.49,4.90,4.87,3.46,BI,anti,A,4.49,4.59,2.95,3.39,3.25,3.40,3.89,3.74,6.25,5.88,0.66,5.59,0.46,40.56,0.37,C3'-endo
4,4,0.11,G,G,G,0,0,1,0,0,(,32,1,cWW,cW-W,5.19,3.06,0.99,1.40,3.66,5.11,4.83,3.31,BI,anti,A,4.60,4.63,3.07,3.78,3.17,3.79,3.63,4.15,0.04,5.87,0.61,5.68,0.36,36.31,0.27,C3'-endo
5,5,0.14,C,C,C,0,1,0,0,0,(,31,1,cWW,cW-W,5.16,3.30,0.70,1.37,3.67,4.69,5.27,3.54,BI,anti,.,4.34,4.64,2.90,3.75,3.08,3.75,3.65,3.95,0.03,5.86,0.64,5.64,0.39,38.32,0.28,C3'-endo
6,6,0.17,G,G,G,0,0,1,0,0,.,"9,18",2,"cWH,cHW","cW+M,cM+W",2.58,2.97,4.94,2.70,4.87,1.66,3.21,4.64,..,anti,.,-0.37,0.38,4.95,1.97,4.92,1.45,4.50,1.20,6.01,0.59,5.61,0.53,6.12,38.46,3.06,C2'-endo
7,7,0.20,G,G,G,0,0,1,0,0,(,30,1,cWW,cW-W,0.82,2.97,3.09,1.46,4.09,5.22,5.15,2.67,..,anti,.,4.13,4.65,1.81,3.67,1.44,3.84,1.50,4.60,0.09,5.83,0.62,5.70,0.31,35.91,0.18,C3'-endo
8,8,0.23,U,U,U,0,0,0,1,0,(,"17,29",2,"t.W,cWW","t.-W,cW-W",4.98,3.46,0.81,1.46,3.63,4.92,5.00,3.51,BI,anti,A,4.29,4.52,2.83,3.61,3.19,3.79,4.13,3.83,0.01,5.91,0.57,5.71,0.36,34.15,0.31,C3'-endo
9,9,0.26,G,G,G,0,0,1,0,0,.,"6,26",2,"cHW,cWH","cM+W,cW+M",5.29,2.93,1.21,2.47,4.62,4.20,0.42,4.33,..,anti,.,0.90,0.93,3.62,4.95,4.00,3.85,3.94,3.23,5.85,0.65,5.68,0.37,0.03,37.38,2.77,C2'-endo
10,10,0.29,U,U,U,0,0,0,1,0,.,,0,,,1.43,3.19,0.91,2.54,4.25,1.20,3.06,3.87,..,anti,.,0.99,1.16,5.48,1.69,0.32,1.03,0.90,5.39,5.88,0.64,5.66,0.40,6.28,37.38,2.82,C2'-endo
11,11,0.31,G,G,G,0,0,1,0,0,.,"15,24",2,"cWH,cHW","cW+M,cM+W",1.15,2.55,1.07,1.47,3.74,5.11,4.91,3.26,BI,anti,A,4.35,4.45,5.59,4.00,5.84,4.02,1.60,4.10,6.27,5.94,0.55,5.71,0.38,33.51,0.36,C3'-endo
12,12,0.34,G,G,G,0,0,1,0,0,.,"16,25",2,"cWH,cHW","cW+M,cM+W",5.15,3.21,1.05,2.55,4.71,1.50,3.21,4.20,..,anti,.,0.71,0.69,3.51,2.23,3.98,1.64,4.16,2.29,5.82,0.69,5.65,0.39,0.04,39.28,2.75,C2'-endo
13,13,0.37,A,A,A,1,0,0,0,0,.,,0,,,1.09,2.51,0.91,2.55,4.34,2.21,2.13,3.77,BII,anti,.,0.99,1.26,5.68,2.35,5.88,1.38,5.28,0.43,5.86,0.67,5.65,0.41,0.01,38.62,2.80,C2'-endo
14,14,0.40,A,A,A,1,0,0,0,0,.,,0,,,6.01,3.91,1.70,1.44,3.66,4.12,5.83,3.22,..,anti,.,4.49,4.53,5.87,3.13,5.91,3.14,0.51,3.11,0.00,5.91,0.58,5.69,0.37,35.29,0.32,C3'-endo
15,15,0.43,G,G,G,0,0,1,0,0,.,"11,20",2,"cHW,cWH","cM+W,cW+M",5.61,2.60,0.92,1.36,1.44,1.31,0.13,3.37,..,anti,.,3.61,3.52,3.48,3.95,3.51,3.91,3.37,4.18,0.01,5.89,0.60,5.67,0.38,36.34,0.31,C3'-endo
16,16,0.46,G,G,G,0,0,1,0,0,.,"12,21",2,"cHW,cWH","cM+W,cW+M",3.80,3.10,1.09,2.63,3.73,4.66,5.35,4.22,BI,anti,.,1.88,1.79,2.85,4.43,3.56,4.17,4.02,4.64,5.91,0.65,5.61,0.47,6.22,39.43,2.91,C2'-endo
17,17,0.49,A,A,A,1,0,0,0,0,.,8,1,tW.,tW-.,5.09,3.38,0.81,2.53,5.49,1.69,3.80,4.88,..,anti,.,-0.01,0.56,3.69,2.04,4.16,1.61,4.55,1.32,5.84,0.68,5.65,0.40,0.03,38.96,2.77,C2'-endo
18,18,0.51,G,G,G,0,0,1,0,0,.,"6,26",2,"cWH,cHW","cW+M,cM+W",3.28,1.61,3.12,2.40,4.54,3.18,1.36,5.32,BII,anti,.,0.41,1.14,4.26,2.10,3.57,1.97,2.94,0.60,5.80,0.64,5.73,0.29,0.12,36.21,2.63,C2'-endo
19,19,0.54,U,U,U,0,0,0,1,0,.,,0,,,1.18,3.15,1.08,2.59,4.40,1.19,3.21,1.08,..,syn,.,-1.36,1.22,6.26,1.75,0.43,0.78,1.56,5.96,5.94,0.60,5.66,0.44,6.22,36.76,2.92,C2'-endo
20,20,0.57,G,G,G,0,0,1,0,0,.,"15,24",2,"cHW,cWH","cM+W,cW+M",1.24,2.94,1.08,2.12,3.64,4.60,5.32,3.58,BI,anti,.,3.10,2.96,5.94,4.10,0.11,3.94,1.07,4.14,5.94,0.30,6.12,6.25,0.23,19.24,2.07,C1'-exo
21,21,0.60,G,G,G,0,0,1,0,0,.,"16,25",2,"cHW,cWH","cM+W,cW+M",5.44,2.95,0.62,2.50,3.90,1.92,1.98,4.35,..,anti,.,1.89,1.81,2.94,1.98,3.45,1.31,3.86,2.13,5.82,0.69,5.65,0.39,0.04,39.43,2.75,C2'-endo
22,22,0.63,C,C,C,0,1,0,0,0,.,,0,,,0.64,3.43,1.26,1.95,4.34,1.90,2.44,3.58,..,anti,.,1.10,1.72,6.25,2.02,6.23,1.70,5.32,1.66,6.07,0.10,0.03,6.12,0.24,13.35,1.43,O4'-endo
23,23,0.66,U,U,U,0,0,0,1,0,.,,0,,,0.98,3.13,4.12,2.47,4.69,2.29,2.40,3.44,BII,anti,.,1.39,1.20,3.57,2.14,3.24,1.99,3.19,1.67,5.72,0.61,5.85,0.12,0.27,34.88,2.36,C1'-exo
24,24,0.69,G,G,G,0,0,1,0,0,.,"11,20",2,"cWH,cHW","cW+M,cM+W",0.64,2.14,2.41,1.52,4.07,4.58,5.78,3.50,..,anti,A,4.41,4.70,0.31,3.09,0.19,3.13,0.35,3.42,0.10,5.85,0.58,5.75,0.27,33.37,0.15,C3'-endo
25,25,0.71,G,G,G,0,0,1,0,0,.,"12,21",2,"cWH,cHW","cW+M,cM+W",5.10,2.56,1.26,1.43,4.13,0.73,3.40,3.54,..,anti,.,4.26,4.73,2.93,6.13,3.11,5.37,3.53,4.82,0.08,5.84,0.62,5.69,0.32,36.40,0.20,C3'-endo
26,26,0.74,G,G,G,0,0,1,0,0,.,"9,18",2,"cHW,cWH","cM+W,cW+M",2.70,2.72,1.02,2.49,4.63,3.05,1.58,3.91,BII,anti,.,0.85,0.88,0.88,3.78,1.97,3.12,2.28,3.18,5.93,0.57,5.73,0.37,6.27,33.47,2.83,C2'-endo
27,27,0.77,U,U,U,0,0,0,1,0,.,,0,,,1.25,3.77,6.10,2.59,3.37,2.13,1.25,3.96,..,anti,.,1.13,1.61,5.50,0.88,5.63,1.27,5.60,2.29,5.92,0.62,5.66,0.44,6.23,36.96,2.89,C2'-endo
28,28,0.80,U,U,U,0,0,0,1,0,.,,0,,,5.13,3.71,1.20,2.55,3.48,2.13,1.36,4.22,..,anti,.,2.15,2.10,3.95,1.85,3.99,1.62,3.01,2.13,5.87,0.65,5.66,0.40,0.00,37.81,2.81,C2'-endo
29,29,0.83,G,G,G,0,0,1,0,0,),8,1,cWW,cW-W,5.14,2.54,0.69,1.47,3.97,5.21,5.04,3.09,BI,anti,.,4.63,4.65,3.03,4.32,3.03,4.32,2.94,4.95,0.05,5.88,0.58,5.71,0.33,34.46,0.24,C3'-endo
30,30,0.86,C,C,C,0,1,0,0,0,),7,1,cWW,cW-W,5.21,3.15,0.73,1.37,3.65,5.00,4.93,3.34,BI,anti,A,4.56,4.62,2.79,3.64,3.17,3.74,4.27,4.27,0.01,5.87,0.63,5.64,0.40,38.02,0.30,C3'-endo
31,31,0.89,G,G,G,0,0,1,0,0,),5,1,cWW,cW-W,5.25,3.05,0.93,1.42,3.74,4.98,5.04,3.40,BI,anti,A,4.56,4.68,3.04,3.78,3.27,3.80,3.98,4.34,0.08,5.82,0.64,5.67,0.33,37.50,0.20,C3'-endo
32,32,0.91,C,C,C,0,1,0,0,0,),4,1,cWW,cW-W,5.26,2.91,0.96,1.38,3.77,5.05,5.01,3.51,BI,anti,A,4.41,4.69,2.96,3.84,3.21,3.85,4.02,4.30,0.04,5.84,0.65,5.64,0.38,38.62,0.27,C3'-endo
33,33,0.94,A,A,A,1,0,0,0,0,),3,1,cWW,cW-W,5.19,2.95,1.00,1.33,3.56,4.96,4.88,3.36,BI,anti,A,4.58,4.62,2.90,3.53,3.20,3.54,3.97,3.82,0.01,5.86,0.66,5.61,0.42,39.70,0.31,C3'-endo
34,34,0.97,G,G,G,0,0,1,0,0,),2,1,cWW,cW-W,5.23,3.05,0.97,1.36,3.62,5.12,4.78,3.34,BI,anti,A,4.55,4.61,3.04,3.72,3.20,3.73,3.66,4.01,0.02,5.86,0.64,5.63,0.40,38.55,0.30,C3'-endo
35,35,1.00,C,C,C,0,1,0,0,0,),1,1,cWW,cW-W,4.94,3.12,1.16,1.34,,,,3.49,n/a,anti,-,,,,,,,,,6.23,5.91,0.62,5.61,0.45,38.71,0.40,C3'-endo
