index_chain,old_nt_resnum,nt_position,nt_name,nt_code,nt_align_code,is_A,is_C,is_G,is_U,is_other,dbn,paired,nb_interact,pair_type_LW,pair_type_DSSR,alpha,beta,gamma,delta,epsilon,zeta,epsilon_zeta,chi,bb_type,glyco_bond,form,ssZp,Dp,eta,theta,eta_prime,theta_prime,eta_base,theta_base,v0,v1,v2,v3,v4,amplitude,phase_angle,puckering
1,1,0.01,C,C,C,0,1,0,0,0,.,73,1,cWW,cW-W,,4.25,3.85,1.40,4.07,4.75,5.60,3.42,..,anti,.,4.48,4.77,,3.00,,3.24,,3.84,0.07,5.82,0.66,5.65,0.35,38.59,0.22,C3'-endo
2,2,0.03,G,G,G,0,0,1,0,0,(,72,1,cWW,cW-W,5.27,2.79,1.06,1.42,4.23,4.60,5.92,3.20,..,anti,A,4.64,4.72,3.09,3.79,3.29,3.81,3.94,4.23,0.03,5.87,0.62,5.67,0.37,36.75,0.27,C3'-endo
3,3,0.04,C,C,C,0,1,0,0,0,(,71,1,cWW,cW-W,5.27,2.55,1.01,1.35,3.76,4.31,5.73,3.32,BI,anti,A,4.61,4.67,2.76,3.86,3.03,3.98,3.74,4.08,6.28,5.87,0.65,5.61,0.42,39.58,0.33,C3'-endo
4,4,0.05,G,G,G,0,0,1,0,0,(,70,1,cWW,cW-W,0.77,2.16,6.27,2.52,3.26,4.25,5.30,4.33,BI,anti,.,2.53,2.37,2.94,3.78,3.42,3.46,3.73,4.28,5.82,0.69,5.65,0.38,0.05,39.50,2.75,C2'-endo
5,5,0.06,G,G,G,0,0,1,0,0,(,69,1,cWW,cW-W,5.11,2.85,0.91,1.31,3.60,5.22,4.67,3.40,BI,anti,.,4.51,4.59,2.85,3.71,2.90,3.66,4.01,3.96,6.23,5.90,0.65,5.59,0.47,40.09,0.40,C3'-endo
6,6,0.08,G,G,G,0,0,1,0,0,(,68,1,cWW,cW-W,4.34,2.69,2.05,1.36,3.94,4.78,5.44,3.14,BI,anti,A,4.59,4.62,3.05,3.49,3.26,3.64,3.82,4.12,6.24,5.92,0.61,5.63,0.44,37.74,0.39,C3'-endo
7,7,0.09,G,G,G,0,0,1,0,0,(,67,1,cWW,cW-W,5.56,2.99,0.95,2.47,4.21,5.70,4.79,4.11,..,anti,.,1.53,1.55,3.43,5.71,3.87,5.44,4.35,5.94,5.89,0.60,5.72,0.36,0.02,34.75,2.78,C2'-endo
8,8,0.10,U,U,U,0,0,0,1,0,.,"14,22",2,"tWH,tSW","tW-M,tm+W",4.83,3.63,0.97,1.42,4.19,4.22,6.25,3.43,..,anti,.,4.42,4.78,2.97,3.33,3.68,3.58,3.96,3.19,0.08,5.83,0.64,5.67,0.34,37.54,0.21,C3'-endo
9,9,0.12,G,G,G,0,0,1,0,0,.,,0,,,3.13,2.54,3.13,2.46,4.41,5.12,5.57,4.48,..,anti,.,1.03,1.38,3.86,4.76,3.33,4.33,2.68,4.52,5.90,0.58,5.73,0.34,0.02,33.61,2.78,C2'-endo
10,10,0.13,G,G,G,0,0,1,0,0,(,"26,46",2,"cWW,cHS","cW-W,cM+m",3.05,3.46,1.08,1.39,3.62,5.07,4.84,3.26,BI,anti,A,4.62,4.62,0.78,3.71,1.73,3.78,2.37,4.23,0.02,5.87,0.63,5.65,0.39,37.86,0.29,C3'-endo
11,11,0.14,A,A,A,1,0,0,0,0,(,25,1,cWW,cW-W,5.02,3.26,0.93,1.42,3.75,4.98,5.05,3.49,BI,anti,A,4.43,4.67,2.98,3.75,3.15,3.79,3.77,4.20,0.06,5.84,0.63,5.67,0.35,37.30,0.24,C3'-endo
12,12,0.16,G,G,G,0,0,1,0,0,(,24,1,cWW,cW-W,5.21,2.96,0.92,1.38,3.51,4.91,4.88,3.61,BI,anti,.,4.25,4.54,2.88,4.09,3.13,3.94,3.77,4.48,6.28,5.89,0.62,5.64,0.41,37.79,0.34,C3'-endo
13,13,0.17,C,C,C,0,1,0,0,0,(,23,1,cWW,cW-W,2.58,3.63,3.12,1.41,3.73,5.04,4.98,3.34,BI,anti,.,4.62,4.69,2.80,3.38,3.15,3.37,4.09,3.55,0.08,5.82,0.65,5.66,0.34,37.95,0.21,C3'-endo
14,14,0.18,A,A,A,1,0,0,0,0,.,"8,22",2,"tHW,cWS","tM-W,cW-m",5.00,3.04,1.16,1.29,3.92,5.05,5.16,3.21,BI,anti,.,4.72,4.73,2.97,3.88,3.14,4.01,3.51,4.77,6.25,5.87,0.67,5.57,0.47,41.36,0.37,C3'-endo
15,15,0.19,G,G,G,0,0,1,0,0,.,49,1,tWW,tW+W,5.38,2.81,1.19,1.46,4.33,5.00,5.61,3.43,..,anti,.,4.12,4.48,3.32,4.72,3.68,4.67,4.65,5.31,6.21,5.99,0.53,5.69,0.42,34.02,0.45,C3'-endo
16,16,0.21,C,C,C,0,1,0,0,0,.,,0,,,3.44,3.28,2.47,2.56,4.62,5.20,5.70,3.87,..,anti,.,0.93,1.07,3.20,4.94,3.73,4.84,4.50,5.49,6.00,0.55,5.70,0.44,6.19,33.99,2.98,C2'-endo
17,17,0.22,C,C,C,0,1,0,0,0,.,,0,,,4.94,2.72,1.02,1.45,3.73,0.96,2.76,3.80,..,anti,.,3.71,4.51,2.30,6.09,3.20,5.15,3.88,4.91,6.26,5.94,0.56,5.69,0.39,34.32,0.37,C3'-endo
18,17A,0.23,U,U,U,0,0,0,1,0,.,,0,,,2.63,2.30,1.17,1.52,4.41,5.13,5.56,3.24,..,anti,.,4.10,4.28,0.75,4.58,1.75,3.99,2.33,3.89,6.20,6.03,0.48,5.74,0.40,30.89,0.48,C3'-endo
19,18,0.25,G,G,G,0,0,1,0,0,.,56,1,tWS,tW+m,4.92,4.01,2.99,2.58,3.75,4.63,5.41,3.88,BI,anti,.,1.52,1.70,5.25,4.60,0.01,3.99,6.07,4.58,5.93,0.61,5.66,0.44,6.23,36.74,2.90,C2'-endo
20,19,0.26,G,G,G,0,0,1,0,0,{,57,1,cWW,cW-W,2.77,3.14,3.22,2.54,4.80,5.47,5.61,4.33,..,anti,.,0.39,0.76,3.77,4.87,4.02,5.07,4.55,5.62,5.95,0.58,5.69,0.42,6.23,34.87,2.91,C2'-endo
21,20,0.27,U,U,U,0,0,0,1,0,.,,0,,,5.11,2.97,0.81,1.36,4.32,5.18,5.42,3.89,..,anti,.,2.96,4.58,2.44,4.40,3.22,4.47,3.51,4.56,6.19,5.96,0.59,5.63,0.47,37.57,0.46,C3'-endo
22,21,0.29,A,A,A,1,0,0,0,0,.,"8,14",2,"tWS,cSW","tW+m,cm-W",4.98,3.22,2.50,1.45,4.48,3.74,0.74,3.51,..,anti,.,4.01,4.67,4.41,2.58,4.75,2.71,5.00,2.70,0.04,5.88,0.59,5.69,0.35,35.32,0.27,C3'-endo
23,22,0.30,G,G,G,0,0,1,0,0,),"13,47",2,"cWW,tHW","cW-W,tM-W",4.86,2.26,1.14,1.34,3.61,4.79,5.10,3.42,BI,anti,A,4.50,4.60,2.79,3.59,2.79,3.45,2.71,3.64,6.27,5.88,0.64,5.61,0.43,39.27,0.35,C3'-endo
24,23,0.31,C,C,C,0,1,0,0,0,),12,1,cWW,cW-W,5.44,2.96,0.75,1.39,3.73,4.95,5.07,3.51,BI,anti,A,4.39,4.64,3.02,3.71,3.11,3.74,3.53,4.19,0.03,5.86,0.63,5.65,0.38,37.82,0.29,C3'-endo
25,24,0.32,U,U,U,0,0,0,1,0,),11,1,cWW,cW-W,5.26,2.97,0.82,1.40,3.71,5.04,4.96,3.45,BI,anti,A,4.48,4.65,2.87,3.77,3.08,3.78,3.75,4.41,0.04,5.85,0.64,5.64,0.38,38.16,0.27,C3'-endo
26,25,0.34,C,C,C,0,1,0,0,0,),10,1,cWW,cW-W,5.00,2.87,1.16,1.38,3.89,5.10,5.08,3.43,BI,anti,.,4.52,4.73,2.88,3.96,3.14,3.99,4.06,4.61,0.05,5.83,0.66,5.64,0.37,38.91,0.25,C3'-endo
27,26,0.35,G,G,G,0,0,1,0,0,.,45,1,cWW,cW-W,5.08,2.74,1.33,1.41,3.95,5.00,5.23,3.19,BI,anti,A,4.69,4.71,3.01,3.95,3.41,3.94,4.42,4.70,0.04,5.86,0.63,5.66,0.37,37.19,0.27,C3'-endo
28,27,0.36,U,U,U,0,0,0,1,0,(,44,1,cWW,cW-W,5.14,2.98,0.91,1.42,3.95,4.77,5.46,3.56,BI,anti,A,4.28,4.74,2.85,3.78,3.15,3.84,4.24,4.42,0.08,5.83,0.64,5.67,0.34,37.65,0.21,C3'-endo
29,28,0.38,C,C,C,0,1,0,0,0,(,43,1,cWW,cW-W,5.40,2.81,0.83,1.40,3.76,4.92,5.13,3.42,BI,anti,A,4.55,4.71,2.89,3.74,3.14,3.73,3.96,4.02,0.09,5.80,0.67,5.65,0.34,38.88,0.20,C3'-endo
30,29,0.39,G,G,G,0,0,1,0,0,(,42,1,cWW,cW-W,4.92,3.17,0.94,1.37,3.65,5.07,4.87,3.38,BI,anti,A,4.62,4.71,2.77,3.71,2.91,3.73,3.46,4.08,0.11,5.77,0.70,5.63,0.34,40.67,0.17,C3'-endo
31,30,0.40,G,G,G,0,0,1,0,0,(,"41,0,0",3,"cWW,tSW,tSS","cW-W,tm+W,tm+m",5.15,2.93,1.12,1.33,3.94,5.00,5.22,3.17,BI,anti,.,4.76,4.76,3.02,3.80,3.25,3.81,3.87,4.11,0.06,5.81,0.69,5.61,0.39,40.65,0.25,C3'-endo
32,31,0.42,G,G,G,0,0,1,0,0,(,40,1,cWW,cW-W,4.81,2.71,1.67,1.33,4.12,4.89,5.52,3.12,..,anti,.,4.68,4.69,3.08,3.81,3.32,3.84,3.88,4.60,6.25,5.90,0.64,5.61,0.45,39.38,0.37,C3'-endo
33,32,0.43,C,C,C,0,1,0,0,0,.,39,1,cWW,cW-W,5.31,2.98,0.82,1.42,4.12,5.03,5.37,3.38,..,anti,.,4.46,4.69,2.95,4.12,3.20,4.21,4.19,4.96,0.02,5.88,0.61,5.67,0.37,36.43,0.29,C3'-endo
34,33,0.44,U,U,U,0,0,0,1,0,.,,0,,,5.24,2.95,0.83,1.38,4.01,5.33,4.96,3.44,BI,anti,.,4.46,4.74,2.80,4.38,3.16,3.61,4.20,2.47,0.04,5.84,0.65,5.64,0.38,38.50,0.26,C3'-endo
35,34,0.45,C,C,C,0,1,0,0,0,[,0,1,cWW,cW-W,3.29,2.42,0.74,1.45,3.95,5.04,5.19,3.37,BI,anti,A,4.53,4.69,0.41,4.14,0.88,4.09,0.40,4.59,0.06,5.85,0.61,5.69,0.33,36.04,0.23,C3'-endo
36,35,0.47,A,A,A,1,0,0,0,0,[,0,1,cWW,cW-W,5.14,2.94,0.95,1.39,3.77,4.86,5.19,3.41,BI,anti,A,4.48,4.62,2.82,3.64,3.14,3.62,4.03,3.79,6.27,5.90,0.61,5.64,0.41,37.36,0.34,C3'-endo
37,36,0.48,U,U,U,0,0,0,1,0,[,0,1,cWW,cW-W,5.16,2.85,0.96,1.31,3.76,5.01,5.03,3.51,BI,anti,A,4.41,4.68,2.82,3.72,2.99,3.76,3.39,4.43,6.27,5.86,0.67,5.59,0.45,40.74,0.34,C3'-endo
38,37,0.49,A,A,A,1,0,0,0,0,.,,0,,,5.12,2.89,1.10,1.39,3.92,5.12,5.09,3.21,BI,anti,.,4.74,4.75,2.95,4.03,3.22,4.08,4.17,4.98,0.07,5.82,0.66,5.64,0.36,38.96,0.22,C3'-endo
39,38,0.51,A,A,A,1,0,0,0,0,.,33,1,cWW,cW-W,5.16,2.96,0.94,1.47,3.95,5.08,5.16,3.29,BI,anti,.,4.68,4.76,2.89,4.09,3.27,4.15,4.57,4.88,0.13,5.80,0.63,5.71,0.28,36.52,0.12,C3'-endo
40,39,0.52,C,C,C,0,1,0,0,0,),32,1,cWW,cW-W,5.14,2.87,1.08,1.43,3.72,5.00,5.00,3.44,BI,anti,A,4.52,4.68,2.87,3.82,3.30,3.79,4.44,4.12,0.08,5.82,0.64,5.67,0.33,37.46,0.20,C3'-endo
41,40,0.53,C,C,C,0,1,0,0,0,),31,1,cWW,cW-W,5.21,3.07,0.86,1.40,3.71,4.98,5.02,3.47,BI,anti,A,4.44,4.63,2.94,3.71,3.15,3.75,3.76,4.18,0.02,5.87,0.63,5.65,0.39,37.71,0.29,C3'-endo
42,41,0.55,C,C,C,0,1,0,0,0,),"30,0",2,"cWW,cSS","cW-W,cm-m",5.16,3.15,0.83,1.40,3.64,5.12,4.80,3.36,BI,anti,A,4.55,4.61,2.91,3.75,3.09,3.77,3.72,4.30,0.04,5.86,0.63,5.65,0.37,37.60,0.27,C3'-endo
43,42,0.56,G,G,G,0,0,1,0,0,),29,1,cWW,cW-W,4.74,2.92,1.35,1.36,3.74,4.99,5.03,3.29,BI,anti,A,4.70,4.73,2.82,3.71,3.12,3.67,3.96,3.95,0.09,5.79,0.69,5.63,0.36,40.29,0.20,C3'-endo
44,43,0.57,A,A,A,1,0,0,0,0,),28,1,cWW,cW-W,5.08,2.87,1.28,1.38,3.83,4.64,5.47,3.19,BI,anti,A,4.62,4.63,3.08,3.51,3.31,3.54,3.87,3.97,6.26,5.90,0.62,5.64,0.42,37.73,0.36,C3'-endo
45,44,0.58,A,A,A,1,0,0,0,0,.,27,1,cWW,cW-W,5.41,2.59,1.07,1.42,4.05,4.88,5.45,3.31,..,anti,.,4.61,4.73,3.09,4.00,3.30,4.03,3.91,4.90,0.05,5.85,0.63,5.66,0.36,37.30,0.25,C3'-endo
46,45,0.60,G,G,G,0,0,1,0,0,.,10,1,cSH,cm+M,5.34,2.66,1.07,1.46,4.39,4.29,0.11,3.67,..,anti,.,3.68,4.75,3.11,3.66,3.44,3.85,4.59,4.14,0.07,5.85,0.61,5.70,0.33,35.84,0.21,C3'-endo
47,46,0.61,G,G,G,0,0,1,0,0,.,23,1,tWH,tW-M,5.29,2.91,1.17,1.47,4.38,4.73,5.94,4.15,..,anti,.,2.00,4.66,3.53,3.71,3.51,3.13,3.62,2.58,0.03,5.89,0.59,5.70,0.35,35.01,0.27,C3'-endo
48,47,0.62,U,U,U,0,0,0,1,0,.,,0,,,5.19,4.40,3.34,1.40,3.75,1.17,2.57,3.45,..,anti,.,4.52,4.71,0.26,5.63,0.67,5.46,0.94,5.17,0.08,5.82,0.65,5.66,0.34,38.24,0.20,C3'-endo
49,48,0.64,C,C,C,0,1,0,0,0,.,15,1,tWW,tW+W,4.74,3.77,1.20,2.54,3.86,1.40,2.46,4.03,..,anti,.,1.81,1.78,3.70,1.71,4.70,1.04,5.39,4.82,5.91,0.61,5.68,0.40,6.26,35.80,2.85,C2'-endo
50,49,0.65,G,G,G,0,0,1,0,0,(,66,1,cWW,cW-W,1.00,2.86,0.69,1.45,3.70,4.80,5.19,3.27,BI,anti,A,4.63,4.66,5.29,4.24,5.54,4.10,1.94,4.61,0.11,5.82,0.63,5.70,0.30,36.34,0.16,C3'-endo
51,50,0.66,U,U,U,0,0,0,1,0,.,65,1,cWW,cW-W,2.68,3.68,2.95,1.38,4.34,4.51,6.12,3.25,..,anti,A,4.65,4.83,2.74,3.51,3.07,3.57,3.99,3.96,0.12,5.77,0.68,5.65,0.32,39.68,0.15,C3'-endo
52,51,0.68,C,C,C,0,1,0,0,0,(,64,1,cWW,cW-W,5.59,2.71,0.62,1.36,4.08,4.65,5.72,3.51,..,anti,.,4.29,4.75,2.88,3.79,3.03,3.91,3.56,4.70,0.02,5.85,0.65,5.62,0.41,39.24,0.30,C3'-endo
53,52,0.69,G,G,G,0,0,1,0,0,.,63,1,cWW,cW-W,5.57,2.39,0.99,1.42,3.29,5.37,4.21,3.44,BI,anti,.,4.33,4.38,2.83,4.14,3.29,4.05,4.40,3.51,6.27,5.91,0.59,5.67,0.40,36.17,0.35,C3'-endo
54,53,0.70,G,G,G,0,0,1,0,0,(,62,1,cWW,cW-W,4.22,3.90,1.06,2.65,6.04,2.43,3.61,4.50,BII,anti,.,0.56,1.95,2.90,3.67,3.75,3.37,3.35,4.60,5.70,0.85,5.52,0.44,0.08,48.11,2.71,C2'-endo
55,54,0.71,U,U,U,0,0,0,1,0,.,59,1,tWH,tW-M,3.68,3.60,0.40,1.71,3.86,4.91,5.24,4.28,BI,anti,.,2.05,4.70,3.04,3.92,2.83,4.09,4.18,4.75,0.32,5.75,0.53,5.91,0.04,31.61,6.02,C2'-exo
56,55,0.73,U,U,U,0,0,0,1,0,.,19,1,tSW,tm+W,5.41,2.65,0.86,1.47,3.80,5.52,4.56,3.79,BI,anti,.,3.80,4.68,2.85,4.53,3.29,3.67,4.07,2.50,0.10,5.82,0.63,5.69,0.31,36.92,0.17,C3'-endo
57,56,0.74,C,C,C,0,1,0,0,0,},20,1,cWW,cW-W,3.26,2.39,0.81,1.40,4.11,4.99,5.41,3.39,..,anti,.,4.38,4.61,0.53,4.17,0.92,4.16,0.43,4.81,6.24,5.93,0.59,5.65,0.43,36.69,0.40,C3'-endo
58,57,0.75,A,A,A,1,0,0,0,0,.,,0,,,5.23,2.77,1.04,1.41,3.82,4.89,5.22,3.46,BI,anti,.,4.26,4.45,2.85,3.63,3.24,3.85,4.24,4.21,6.17,6.00,0.54,5.66,0.46,35.47,0.50,C3'-endo
59,58,0.77,A,A,A,1,0,0,0,0,.,55,1,tHW,tM-W,5.33,3.69,1.04,2.67,5.08,3.24,1.84,4.79,BII,anti,.,-0.09,0.17,4.06,4.16,4.34,3.20,4.36,2.69,5.95,0.63,5.61,0.49,6.18,39.04,2.96,C2'-endo
60,59,0.78,A,A,A,1,0,0,0,0,.,,0,,,0.88,3.64,1.53,1.44,3.99,5.23,5.05,3.18,BI,anti,.,4.52,4.56,0.32,4.28,0.66,4.45,0.99,5.45,6.25,5.94,0.57,5.68,0.41,35.19,0.38,C3'-endo
61,60,0.79,U,U,U,0,0,0,1,0,.,,0,,,5.26,2.91,1.09,2.47,4.48,5.23,5.54,3.97,..,anti,.,1.19,1.26,3.25,5.41,3.99,5.00,5.20,5.50,5.91,0.57,5.73,0.35,0.01,33.50,2.80,C2'-endo
62,61,0.81,C,C,C,0,1,0,0,0,),54,1,cWW,cW-W,4.79,3.06,0.76,1.35,4.04,4.53,5.80,3.33,..,anti,.,4.49,4.64,2.20,3.58,2.95,3.72,3.62,4.41,6.22,5.91,0.64,5.59,0.48,39.94,0.41,C3'-endo
63,62,0.82,C,C,C,0,1,0,0,0,.,53,1,cWW,cW-W,5.68,2.67,0.65,1.37,3.43,5.01,4.70,2.83,BI,anti,.,4.18,4.54,2.88,3.91,3.12,3.76,4.05,3.63,0.06,5.80,0.71,5.59,0.40,41.84,0.25,C3'-endo
64,63,0.83,G,G,G,0,0,1,0,0,),52,1,cWW,cW-W,3.17,3.18,2.69,1.47,4.23,4.70,5.81,3.36,..,anti,A,4.56,4.84,2.84,3.56,3.02,3.58,3.22,3.93,0.24,5.70,0.68,5.73,0.20,38.87,6.25,C2'-exo
65,64,0.84,G,G,G,0,0,1,0,0,.,51,1,cWW,cW-W,5.40,2.75,0.74,1.31,3.85,4.70,5.43,3.30,BI,anti,A,4.68,4.75,2.71,3.59,2.94,3.66,3.55,4.19,0.05,5.81,0.70,5.59,0.40,41.60,0.26,C3'-endo
66,65,0.86,C,C,C,0,1,0,0,0,),50,1,cWW,cW-W,5.48,2.67,1.00,1.40,3.80,5.03,5.05,3.38,BI,anti,A,4.57,4.69,3.05,3.92,3.26,3.88,4.00,4.28,0.05,5.84,0.64,5.65,0.37,38.09,0.25,C3'-endo
67,66,0.87,C,C,C,0,1,0,0,0,),7,1,cWW,cW-W,5.32,3.03,0.86,1.38,3.94,4.21,6.01,3.38,..,anti,A,4.45,4.61,3.03,3.83,3.26,3.72,3.94,4.15,6.24,5.92,0.60,5.64,0.43,37.24,0.38,C3'-endo
68,67,0.88,C,C,C,0,1,0,0,0,),6,1,cWW,cW-W,2.23,4.04,3.08,1.40,4.08,5.00,5.36,3.17,..,anti,.,4.79,4.82,2.62,3.78,2.89,3.75,3.62,4.18,0.16,5.75,0.69,5.66,0.29,39.96,0.10,C3'-endo
69,68,0.90,C,C,C,0,1,0,0,0,),5,1,cWW,cW-W,5.37,3.14,0.81,1.37,3.73,4.98,5.03,3.46,BI,anti,A,4.47,4.65,2.99,3.68,3.26,3.71,3.98,4.16,0.01,5.87,0.64,5.63,0.40,38.47,0.31,C3'-endo
70,69,0.91,C,C,C,0,1,0,0,0,),4,1,cWW,cW-W,5.20,2.95,0.92,1.31,3.73,4.90,5.11,3.42,BI,anti,A,4.55,4.70,2.86,3.59,3.07,3.64,3.75,4.08,0.03,5.83,0.69,5.59,0.42,40.98,0.29,C3'-endo
71,70,0.92,G,G,G,0,0,1,0,0,),3,1,cWW,cW-W,5.24,2.94,0.97,1.34,3.76,4.96,5.09,3.41,BI,anti,A,4.57,4.74,2.95,3.72,3.14,3.75,3.79,4.29,0.09,5.78,0.70,5.61,0.37,41.20,0.20,C3'-endo
72,71,0.94,C,C,C,0,1,0,0,0,),2,1,cWW,cW-W,5.27,2.88,1.03,1.36,3.86,4.88,5.26,3.42,BI,anti,A,4.56,4.75,2.99,3.76,3.23,3.78,4.05,4.29,0.08,5.80,0.68,5.63,0.36,40.09,0.21,C3'-endo
73,72,0.95,A,A,A,1,0,0,0,0,.,1,1,cWW,cW-W,5.32,2.82,0.97,1.41,3.85,5.00,5.13,3.39,BI,anti,A,4.56,4.71,2.96,3.90,3.21,3.92,3.99,4.65,0.06,5.84,0.64,5.66,0.36,37.61,0.24,C3'-endo
74,73,0.96,A,A,A,1,0,0,0,0,.,,0,,,5.24,3.00,0.82,1.42,3.61,2.39,1.21,3.53,..,anti,.,4.42,4.67,2.84,1.06,3.14,1.12,4.19,1.55,0.10,5.80,0.66,5.67,0.32,38.19,0.17,C3'-endo
75,74,0.97,C,C,C,0,1,0,0,0,{,0,1,cWW,cW-W,5.03,2.26,0.85,1.43,3.66,4.19,5.75,3.47,BI,anti,A,4.40,4.56,2.79,3.90,3.19,3.88,3.24,3.91,0.00,5.90,0.59,5.68,0.38,35.80,0.32,C3'-endo
76,75,0.99,C,C,C,0,1,0,0,0,{,0,1,cWW,cW-W,0.83,2.02,6.08,1.52,4.22,5.47,5.04,4.15,..,anti,.,2.12,4.44,3.20,4.26,3.24,4.17,3.38,4.02,6.21,6.00,0.50,5.73,0.40,31.86,0.45,C3'-endo
77,76,1.00,A,A,A,1,0,0,0,0,.,0,1,tWS,tW+m,4.45,1.33,3.02,2.50,,,,4.33,..,anti,-,,,,,,,,,5.87,0.63,5.69,0.37,0.02,36.11,2.78,C2'-endo
