index_chain,old_nt_resnum,nt_position,nt_name,nt_code,nt_align_code,is_A,is_C,is_G,is_U,is_other,dbn,paired,nb_interact,pair_type_LW,pair_type_DSSR,alpha,beta,gamma,delta,epsilon,zeta,epsilon_zeta,chi,bb_type,glyco_bond,form,ssZp,Dp,eta,theta,eta_prime,theta_prime,eta_base,theta_base,v0,v1,v2,v3,v4,amplitude,phase_angle,puckering
1,1,0.01,G,G,G,0,0,1,0,0,(,120,1,cWW,cW-W,,3.65,3.02,1.41,3.83,5.01,5.10,3.07,BI,anti,.,4.79,4.76,,3.54,,3.59,,3.87,0.20,5.71,0.71,5.67,0.26,40.90,0.04,C3'-endo
2,2,0.02,G,G,G,0,0,1,0,0,(,"24,119",2,"tSS,cWW","tm+m,cW-W",5.28,3.24,1.02,1.47,3.82,5.28,4.82,3.38,BI,anti,.,4.40,4.55,3.28,4.12,3.48,4.14,3.86,4.75,0.01,5.91,0.57,5.70,0.37,34.56,0.32,C3'-endo
3,3,0.02,U,U,U,0,0,0,1,0,(,118,1,cWW,cW-W,4.91,2.89,1.24,1.32,3.67,4.82,5.13,3.39,BI,anti,A,4.43,4.51,2.81,3.50,3.24,3.49,4.22,3.91,6.17,5.96,0.61,5.58,0.51,39.83,0.49,C3'-endo
4,4,0.03,U,U,U,0,0,0,1,0,(,117,1,cWW,cW-W,5.37,2.83,0.85,1.35,3.83,4.73,5.38,3.48,BI,anti,A,4.41,4.67,2.95,3.60,3.11,3.62,3.72,4.11,6.27,5.88,0.65,5.60,0.44,39.78,0.35,C3'-endo
5,5,0.04,G,G,G,0,0,1,0,0,(,116,1,cWW,cW-W,5.39,2.81,0.75,1.35,3.83,5.00,5.11,3.52,BI,anti,A,4.38,4.75,2.85,3.85,3.01,3.89,3.70,4.54,0.09,5.78,0.70,5.62,0.36,40.83,0.20,C3'-endo
6,6,0.05,C,C,C,0,1,0,0,0,(,115,1,cWW,cW-W,5.33,3.01,0.78,1.38,3.65,5.83,4.10,3.60,BI,anti,.,4.28,4.66,2.87,4.21,3.13,4.00,4.07,3.89,0.07,5.81,0.67,5.64,0.36,39.41,0.22,C3'-endo
7,7,0.06,G,G,G,0,0,1,0,0,(,114,1,cWW,cW-W,3.82,2.06,2.99,1.36,3.92,4.83,5.37,3.13,BI,anti,A,4.72,4.70,3.26,2.78,3.36,3.08,3.54,3.71,0.02,5.86,0.64,5.64,0.40,38.41,0.30,C3'-endo
8,8,0.07,G,G,G,0,0,1,0,0,(,113,1,cWW,cW-W,5.14,3.07,0.89,1.44,3.98,4.91,5.35,3.36,BI,anti,A,4.55,4.71,2.95,3.90,3.09,3.94,3.73,4.63,0.07,5.84,0.62,5.69,0.33,36.34,0.21,C3'-endo
9,9,0.07,C,C,C,0,1,0,0,0,(,112,1,cWW,cW-W,5.35,2.78,0.86,1.38,3.92,5.55,4.66,3.39,BI,anti,.,4.53,4.68,2.86,4.44,3.15,4.63,4.14,5.45,0.01,5.87,0.64,5.63,0.40,38.30,0.31,C3'-endo
10,10,0.08,C,C,C,0,1,0,0,0,.,13,1,tSW,tm+W,4.88,3.22,1.36,2.56,4.56,3.00,1.56,3.96,BII,anti,.,0.89,0.90,3.32,2.95,4.16,2.76,5.20,3.35,5.87,0.64,5.68,0.38,0.02,36.92,2.79,C2'-endo
11,11,0.09,A,A,A,1,0,0,0,0,.,67,1,tWS,tW+m,5.60,3.57,0.85,1.47,3.50,4.18,5.61,3.26,BI,anti,.,4.51,4.54,4.64,3.21,4.37,2.66,4.29,3.32,0.10,5.84,0.60,5.73,0.29,34.66,0.16,C3'-endo
12,12,0.10,U,U,U,0,0,0,1,0,.,,0,,,1.43,3.65,0.90,2.48,4.65,5.08,5.85,4.87,..,anti,.,0.17,1.13,6.22,5.63,6.27,5.27,5.11,5.55,5.92,0.57,5.74,0.35,0.00,33.10,2.81,C2'-endo
13,13,0.11,A,A,A,1,0,0,0,0,.,10,1,tWS,tW+m,4.50,3.53,0.84,2.57,4.19,5.25,5.22,4.00,..,anti,.,1.26,1.31,2.29,5.30,3.24,5.10,3.35,5.60,5.88,0.64,5.66,0.41,6.27,37.62,2.83,C2'-endo
14,14,0.12,U,U,U,0,0,0,1,0,(,66,1,cWW,cW-W,4.98,3.30,0.86,1.41,3.89,4.90,5.28,3.30,BI,anti,A,4.66,4.72,2.74,3.81,3.48,3.92,4.12,4.52,0.07,5.82,0.66,5.65,0.35,38.57,0.22,C3'-endo
15,15,0.12,C,C,C,0,1,0,0,0,(,65,1,cWW,cW-W,5.42,2.88,0.92,1.40,3.93,4.90,5.31,3.33,BI,anti,A,4.51,4.67,3.05,3.81,3.30,3.80,4.12,4.05,0.05,5.85,0.64,5.65,0.37,37.83,0.26,C3'-endo
16,16,0.13,U,U,U,0,0,0,1,0,(,63,1,cWW,cW-W,5.12,2.87,1.01,1.29,3.89,4.81,5.37,3.53,BI,anti,A,4.31,4.72,2.80,3.62,3.01,3.64,3.52,4.11,0.00,5.84,0.69,5.58,0.44,41.61,0.32,C3'-endo
17,17,0.14,A,A,A,1,0,0,0,0,(,62,1,cWW,cW-W,5.35,3.06,0.63,1.38,3.63,4.96,4.95,3.47,BI,anti,A,4.52,4.72,2.80,3.57,2.93,3.64,3.61,4.10,0.10,5.80,0.67,5.66,0.33,38.76,0.18,C3'-endo
18,18,0.15,C,C,C,0,1,0,0,0,(,61,1,cWW,cW-W,5.18,2.86,1.13,1.41,3.55,5.14,4.69,3.39,BI,anti,A,4.58,4.64,2.96,3.80,3.24,3.73,3.95,4.00,0.12,5.78,0.67,5.66,0.32,39.15,0.16,C3'-endo
19,19,0.16,C,C,C,0,1,0,0,0,(,60,1,cWW,cW-W,4.83,3.21,1.12,1.37,3.48,5.03,4.73,3.34,BI,anti,A,4.65,4.64,2.85,3.57,3.08,3.58,3.71,3.94,0.06,5.82,0.67,5.64,0.37,39.34,0.23,C3'-endo
20,20,0.17,A,A,A,1,0,0,0,0,(,59,1,cWW,cW-W,5.16,3.11,0.97,1.41,3.84,5.02,5.10,3.25,BI,anti,A,4.73,4.74,3.07,3.89,3.22,3.95,3.78,4.49,0.08,5.82,0.65,5.67,0.33,37.75,0.20,C3'-endo
21,21,0.17,G,G,G,0,0,1,0,0,(,58,1,cWW,cW-W,5.25,2.91,1.07,1.46,3.83,2.34,1.49,3.36,..,anti,.,4.40,4.48,3.06,1.83,3.37,2.01,4.18,2.17,6.20,5.98,0.54,5.68,0.43,34.73,0.46,C3'-endo
22,22,0.18,A,A,A,1,0,0,0,0,.,,0,,,2.51,4.35,2.12,1.44,4.35,4.60,6.03,3.14,..,anti,.,4.46,4.53,2.89,4.17,2.69,4.07,2.36,4.78,6.22,5.96,0.56,5.67,0.42,35.05,0.42,C3'-endo
23,23,0.19,A,A,A,1,0,0,0,0,.,,0,,,5.43,2.60,0.72,1.44,3.91,4.76,5.43,3.48,BI,anti,.,4.37,4.64,2.71,3.77,3.01,3.76,4.12,4.38,0.00,5.91,0.58,5.68,0.38,35.27,0.32,C3'-endo
24,24,0.20,A,A,A,1,0,0,0,0,.,2,1,tSS,tm+m,5.20,2.63,1.00,1.40,3.69,5.08,4.89,3.59,BI,anti,A,4.30,4.70,2.74,3.90,3.03,3.87,3.98,4.49,0.07,5.82,0.66,5.64,0.36,38.85,0.22,C3'-endo
25,25,0.21,G,G,G,0,0,1,0,0,.,,0,,,5.17,2.89,1.05,1.45,3.99,4.94,5.33,3.36,BI,anti,A,4.58,4.74,2.99,3.96,3.30,3.96,4.29,4.71,0.09,5.82,0.64,5.68,0.32,37.45,0.19,C3'-endo
26,26,0.21,C,C,C,0,1,0,0,0,.,57,1,cWW,cW-W,5.11,2.61,1.17,1.35,4.09,4.82,5.54,3.40,..,anti,.,4.51,4.80,2.80,3.91,3.15,3.93,4.29,4.53,0.06,5.81,0.69,5.61,0.39,40.91,0.24,C3'-endo
27,27,0.22,A,A,A,1,0,0,0,0,(,"53,56",2,"cWW,cSW","cW-W,cm-W",5.44,2.58,1.11,1.36,4.08,4.55,5.81,3.17,..,anti,A,4.75,4.78,3.05,3.67,3.38,3.69,4.35,4.12,0.06,5.82,0.67,5.63,0.37,39.37,0.24,C3'-endo
28,28,0.23,C,C,C,0,1,0,0,0,(,"49,52",2,"t.W,cWW","t.-W,cW-W",5.58,2.61,0.83,1.38,3.65,5.61,4.32,3.14,BI,anti,.,4.67,4.67,2.95,4.34,3.18,4.36,3.91,5.32,0.05,5.83,0.66,5.64,0.38,39.00,0.25,C3'-endo
29,29,0.24,C,C,C,0,1,0,0,0,(,"49,51",2,"cWW,cSW","cW-W,cm-W",4.75,3.10,1.21,1.41,3.50,5.07,4.71,3.60,BI,anti,.,4.28,4.55,2.78,3.66,3.39,3.73,4.92,4.20,0.02,5.88,0.62,5.66,0.38,36.83,0.29,C3'-endo
30,30,0.25,G,G,G,0,0,1,0,0,(,47,1,cWW,cW-W,4.85,3.65,0.98,1.45,3.77,5.03,5.02,3.24,BI,anti,A,4.69,4.70,3.18,3.84,3.23,3.92,3.74,4.39,0.11,5.81,0.64,5.69,0.30,37.04,0.16,C3'-endo
31,31,0.26,U,U,U,0,0,0,1,0,(,46,1,cWW,cW-W,5.11,3.02,1.04,1.41,3.83,4.62,5.50,3.39,BI,anti,A,4.52,4.66,2.99,3.61,3.23,3.78,3.94,4.06,0.04,5.87,0.61,5.67,0.36,36.40,0.27,C3'-endo
32,32,0.26,U,U,U,0,0,0,1,0,(,45,1,cWW,cW-W,5.79,2.78,0.87,2.60,4.87,3.16,1.71,4.07,BII,anti,.,0.39,0.40,3.69,2.74,4.12,2.27,4.30,1.97,5.92,0.63,5.64,0.45,6.23,37.98,2.90,C2'-endo
33,33,0.27,U,U,U,0,0,0,1,0,.,,0,,,3.19,2.14,1.00,1.39,3.92,4.93,5.27,3.30,BI,anti,A,4.57,4.67,1.85,4.00,1.76,3.89,1.77,4.39,0.01,5.87,0.64,5.63,0.40,38.33,0.31,C3'-endo
34,34,0.28,C,C,C,0,1,0,0,0,.,46,1,cWS,cW-m,5.20,3.01,0.87,1.38,4.16,4.48,5.96,3.85,..,anti,.,3.27,4.74,2.95,3.60,3.14,3.71,3.94,4.09,0.03,5.85,0.65,5.63,0.39,38.94,0.28,C3'-endo
35,35,0.29,C,C,C,0,1,0,0,0,.,45,1,cWS,cW-m,5.43,2.66,0.92,1.37,3.93,5.28,4.93,3.24,BI,anti,.,4.66,4.70,2.99,4.21,3.12,4.26,3.56,5.19,0.02,5.86,0.65,5.63,0.40,38.90,0.29,C3'-endo
36,36,0.30,C,C,C,0,1,0,0,0,(,41,1,cWW,cW-W,5.23,3.07,0.83,1.43,3.53,4.95,4.87,3.58,BI,anti,.,4.24,4.50,2.82,3.55,3.30,3.54,4.65,3.62,0.02,5.90,0.59,5.69,0.36,35.11,0.30,C3'-endo
37,37,0.31,G,G,G,0,0,1,0,0,.,43,1,cSW,cm-W,5.27,3.15,0.70,1.36,3.17,4.88,4.57,3.59,BI,anti,A,4.26,4.42,2.89,3.72,3.03,3.64,3.31,3.84,0.02,5.85,0.65,5.63,0.40,39.10,0.29,C3'-endo
38,38,0.31,U,U,U,0,0,0,1,0,.,42,1,tSH,tm-M,2.71,3.69,3.13,1.42,4.16,5.28,5.16,3.42,..,anti,.,4.40,4.74,3.10,4.26,3.27,3.42,3.70,2.46,0.07,5.83,0.65,5.66,0.35,37.94,0.22,C3'-endo
39,39,0.32,C,C,C,0,1,0,0,0,.,,0,,,2.93,2.47,0.71,1.50,4.03,5.20,5.11,3.24,BI,anti,.,4.46,4.54,6.23,4.39,0.60,4.35,0.36,5.09,0.00,5.93,0.54,5.72,0.35,32.85,0.32,C3'-endo
40,40,0.33,C,C,C,0,1,0,0,0,.,,0,,,5.10,2.98,0.93,1.46,4.57,4.68,6.17,3.53,..,anti,.,3.73,4.39,2.99,4.18,3.36,4.18,4.43,4.72,6.20,5.99,0.52,5.70,0.42,33.43,0.46,C3'-endo
41,41,0.34,G,G,G,0,0,1,0,0,),"36,44",2,"cWW,tSW","cW-W,tm+W",5.28,3.08,2.61,2.41,4.13,2.09,2.04,4.88,..,anti,.,1.04,1.74,5.09,1.43,5.35,1.16,5.03,1.06,5.83,0.63,5.73,0.31,0.09,35.54,2.67,C2'-endo
42,42,0.35,A,A,A,1,0,0,0,0,.,38,1,tHS,tM-m,2.98,3.34,0.92,1.46,3.91,4.98,5.22,3.29,BI,anti,A,4.54,4.63,1.79,3.96,1.70,4.04,1.86,4.76,0.06,5.85,0.62,5.68,0.34,36.35,0.24,C3'-endo
43,43,0.36,U,U,U,0,0,0,1,0,.,37,1,cWS,cW-m,5.28,2.96,0.79,1.47,4.03,5.09,5.23,3.28,BI,anti,.,4.58,4.68,2.92,4.19,3.20,4.24,4.17,5.06,0.07,5.86,0.60,5.70,0.32,35.35,0.22,C3'-endo
44,44,0.36,C,C,C,0,1,0,0,0,.,41,1,tWS,tW+m,5.46,2.89,0.57,1.32,3.61,5.15,4.75,3.47,BI,anti,A,4.49,4.66,2.65,3.72,3.06,3.83,4.31,4.38,6.28,5.86,0.67,5.60,0.43,40.38,0.33,C3'-endo
45,45,0.37,A,A,A,1,0,0,0,0,),"32,35",2,"cWW,cSW","cW-W,cm-W",5.03,3.38,0.97,1.43,3.77,4.94,5.11,3.46,BI,anti,A,4.41,4.61,3.07,3.74,3.26,3.79,3.93,4.47,0.02,5.87,0.63,5.65,0.39,37.58,0.29,C3'-endo
46,46,0.38,A,A,A,1,0,0,0,0,),"31,34",2,"cWW,cSW","cW-W,cm-W",5.12,2.71,1.18,1.44,3.96,4.80,5.44,3.17,BI,anti,A,4.69,4.72,2.94,3.82,3.22,3.80,4.19,4.22,0.09,5.81,0.64,5.68,0.32,37.42,0.19,C3'-endo
47,47,0.39,C,C,C,0,1,0,0,0,),30,1,cWW,cW-W,5.31,2.92,0.75,1.39,3.83,4.69,5.43,3.36,BI,anti,A,4.63,4.74,2.84,3.67,3.05,3.74,3.79,4.16,0.11,5.79,0.68,5.65,0.33,39.51,0.17,C3'-endo
48,48,0.40,U,U,U,0,0,0,1,0,.,,0,,,5.73,2.79,0.65,1.44,3.93,5.03,5.18,3.39,BI,anti,.,4.46,4.63,3.11,3.98,3.27,4.07,3.83,3.61,0.02,5.89,0.59,5.69,0.36,35.13,0.29,C3'-endo
49,49,0.40,G,G,G,0,0,1,0,0,),"28,29,52",3,"tW.,cWW,tWH","tW-.,cW-W,tW+M",5.29,3.18,0.78,2.40,4.91,1.25,3.66,4.34,..,anti,.,0.25,0.40,3.43,1.96,3.77,1.29,3.35,1.09,5.80,0.66,5.71,0.31,0.11,37.18,2.65,C2'-endo
50,50,0.41,U,U,U,0,0,0,1,0,.,,0,,,1.19,3.35,3.20,1.36,3.68,5.42,4.54,3.52,BI,anti,.,4.44,4.70,2.30,3.59,2.05,3.73,2.00,4.60,0.06,5.82,0.67,5.63,0.38,39.79,0.24,C3'-endo
51,51,0.42,A,A,A,1,0,0,0,0,.,29,1,cWS,cW-m,4.76,3.77,0.74,1.45,3.71,5.28,4.72,3.38,BI,anti,.,4.59,4.69,2.83,4.24,3.11,4.15,4.18,4.55,0.16,5.77,0.66,5.69,0.27,38.19,0.09,C3'-endo
52,52,0.43,G,G,G,0,0,1,0,0,),"28,49",2,"cWW,tHW","cW-W,tM+W",3.21,2.92,2.79,1.48,3.95,4.90,5.33,2.87,BI,anti,A,4.69,4.78,2.82,3.36,3.12,3.50,3.91,3.99,0.17,5.76,0.66,5.71,0.25,37.71,0.06,C3'-endo
53,53,0.44,U,U,U,0,0,0,1,0,),"27,55",2,"cWW,cSH","cW-W,cm+M",5.01,3.15,1.05,1.44,3.66,4.58,5.36,3.44,BI,anti,.,4.54,4.68,2.94,3.38,3.17,3.48,3.80,2.94,0.12,5.79,0.66,5.67,0.31,38.32,0.15,C3'-endo
54,54,0.45,U,U,U,0,0,0,1,0,.,56,1,cWH,cW+M,5.38,2.70,1.26,2.55,5.24,1.40,3.84,4.05,..,anti,.,-0.04,0.45,3.98,1.94,4.10,1.66,3.41,1.48,5.83,0.70,5.62,0.42,0.02,40.51,2.79,C2'-endo
55,55,0.45,A,A,A,1,0,0,0,0,.,53,1,cHS,cM+m,3.45,3.81,0.57,1.45,3.70,5.15,4.83,3.50,BI,anti,A,4.35,4.61,2.36,3.74,2.05,3.87,1.88,4.65,0.06,5.86,0.61,5.70,0.33,35.62,0.23,C3'-endo
56,56,0.46,A,A,A,1,0,0,0,0,.,"27,54",2,"cWS,cHW","cW-m,cM+W",4.99,2.87,1.16,1.38,3.89,5.02,5.16,3.44,BI,anti,.,4.52,4.78,2.89,3.86,3.22,3.88,4.19,4.31,0.11,5.79,0.67,5.66,0.33,38.87,0.17,C3'-endo
57,57,0.47,G,G,G,0,0,1,0,0,.,26,1,cWW,cW-W,5.17,2.99,1.03,1.37,4.06,5.35,5.00,3.27,..,anti,.,4.73,4.81,3.02,4.33,3.28,4.45,3.97,5.46,0.05,5.82,0.68,5.61,0.39,40.31,0.25,C3'-endo
58,58,0.48,C,C,C,0,1,0,0,0,),21,1,cWW,cW-W,5.20,2.91,0.90,1.43,4.12,4.72,5.69,3.37,..,anti,A,4.57,4.79,2.80,3.86,3.35,3.92,4.85,4.33,0.12,5.80,0.65,5.69,0.29,37.35,0.14,C3'-endo
59,59,0.49,U,U,U,0,0,0,1,0,),20,1,cWW,cW-W,5.27,2.97,0.76,1.39,3.51,5.11,4.69,3.19,BI,anti,A,4.62,4.62,2.76,3.71,2.97,3.76,3.67,4.29,0.06,5.82,0.67,5.63,0.37,39.43,0.24,C3'-endo
60,60,0.50,G,G,G,0,0,1,0,0,),19,1,cWW,cW-W,5.10,2.97,1.17,1.48,3.66,4.99,4.95,3.38,BI,anti,A,4.51,4.60,3.06,3.79,3.36,3.74,4.18,4.11,0.05,5.87,0.59,5.70,0.34,35.09,0.25,C3'-endo
61,61,0.50,G,G,G,0,0,1,0,0,),18,1,cWW,cW-W,5.06,3.01,0.97,1.45,3.65,4.87,5.06,3.35,BI,anti,A,4.50,4.55,2.87,3.68,3.11,3.69,3.79,4.12,0.02,5.89,0.59,5.69,0.36,35.53,0.29,C3'-endo
62,62,0.51,U,U,U,0,0,0,1,0,),17,1,cWW,cW-W,5.36,2.79,1.04,1.49,4.31,4.76,5.83,3.42,..,anti,.,4.17,4.53,3.24,4.04,3.42,4.14,4.02,4.36,6.26,5.95,0.53,5.72,0.37,32.70,0.37,C3'-endo
63,63,0.52,A,A,A,1,0,0,0,0,),16,1,cWW,cW-W,5.04,2.72,1.25,2.51,4.85,5.21,5.93,4.00,..,anti,.,0.55,0.62,3.32,5.58,3.78,4.91,4.06,4.09,5.81,0.68,5.67,0.36,0.07,38.72,2.71,C2'-endo
64,64,0.53,A,A,A,1,0,0,0,0,.,,0,,,5.00,3.17,3.27,1.45,4.08,0.94,3.13,4.06,..,anti,.,2.63,4.56,4.93,6.01,5.68,5.88,0.45,5.48,6.24,5.96,0.55,5.69,0.40,34.20,0.40,C3'-endo
65,65,0.54,G,G,G,0,0,1,0,0,),15,1,cWW,cW-W,1.75,2.55,4.74,1.43,3.90,4.87,5.32,3.16,BI,anti,A,4.77,4.77,3.50,3.05,3.91,3.35,4.82,4.15,0.13,5.77,0.67,5.66,0.31,38.99,0.14,C3'-endo
66,66,0.55,A,A,A,1,0,0,0,0,),14,1,cWW,cW-W,4.86,3.08,1.11,1.39,3.88,5.18,4.98,3.24,BI,anti,.,4.74,4.77,2.84,4.08,3.03,4.12,3.73,4.91,0.13,5.76,0.70,5.65,0.32,40.44,0.14,C3'-endo
67,67,0.55,G,G,G,0,0,1,0,0,(,"11,111",2,"tSW,cWW","tm+W,cW-W",4.80,3.06,1.24,1.41,3.93,4.46,5.75,3.31,..,anti,A,4.68,4.80,2.81,3.84,3.21,3.90,4.45,4.47,0.19,5.71,0.73,5.65,0.28,41.78,0.07,C3'-endo
68,68,0.56,C,C,C,0,1,0,0,0,(,110,1,cWW,cW-W,6.24,2.33,0.61,1.38,3.76,4.92,5.13,3.37,BI,anti,A,4.49,4.61,3.13,3.86,3.42,3.83,4.28,4.23,6.27,5.89,0.63,5.63,0.42,38.15,0.34,C3'-endo
69,69,0.57,C,C,C,0,1,0,0,0,(,109,1,cWW,cW-W,5.35,2.91,0.85,1.33,3.72,5.07,4.93,3.25,BI,anti,A,4.70,4.71,2.88,3.75,3.11,3.78,3.88,4.20,0.06,5.80,0.70,5.60,0.39,40.98,0.24,C3'-endo
70,70,0.58,U,U,U,0,0,0,1,0,(,108,1,cWW,cW-W,5.08,3.11,1.03,1.33,3.52,5.06,4.74,3.27,BI,anti,A,4.64,4.63,2.90,3.60,3.14,3.64,3.87,4.18,0.06,5.80,0.70,5.60,0.39,41.40,0.24,C3'-endo
71,71,0.59,G,G,G,0,0,1,0,0,(,107,1,cWW,cW-W,5.15,3.01,1.13,1.46,3.89,4.85,5.32,3.34,BI,anti,A,4.45,4.59,3.16,3.88,3.37,3.87,4.08,4.19,0.01,5.90,0.58,5.69,0.37,34.93,0.31,C3'-endo
72,72,0.60,A,A,A,1,0,0,0,0,(,106,1,cWW,cW-W,5.55,2.82,0.57,1.39,3.43,4.61,5.11,3.51,BI,anti,.,4.31,4.44,2.79,3.46,3.08,2.89,3.72,2.26,6.22,5.95,0.59,5.64,0.45,36.98,0.43,C3'-endo
73,73,0.60,C,C,C,0,1,0,0,0,.,,0,,,2.60,2.42,0.92,1.37,4.11,3.08,1.03,3.31,BII,anti,.,4.57,4.76,6.28,1.90,0.21,1.44,0.30,0.38,0.06,5.82,0.67,5.63,0.37,39.28,0.24,C3'-endo
74,74,0.61,C,C,C,0,1,0,0,0,.,105,1,cWW,cW-W,3.20,2.82,0.17,1.46,3.71,5.00,4.99,3.69,BI,anti,.,3.98,4.55,1.01,3.73,1.17,3.85,2.13,4.83,0.02,5.90,0.58,5.70,0.35,34.70,0.29,C3'-endo
75,75,0.62,G,G,G,0,0,1,0,0,.,104,1,tSH,tm-M,5.22,2.85,1.07,1.51,3.50,0.12,3.38,3.87,..,anti,.,3.64,4.47,2.96,5.24,3.33,4.66,4.47,3.77,0.08,5.87,0.57,5.74,0.29,33.19,0.20,C3'-endo
76,76,0.63,A,A,A,1,0,0,0,0,.,103,1,tHH,tM+M,3.44,3.15,0.41,2.45,4.56,2.91,1.65,3.60,BII,anti,.,0.76,1.02,1.35,2.65,2.11,2.50,1.75,2.82,5.77,0.68,5.70,0.31,0.12,38.35,2.63,C2'-endo
77,77,0.64,G,G,G,0,0,1,0,0,.,78,1,cSH,cm+M,4.71,1.41,3.07,2.64,3.13,2.46,0.66,4.64,..,anti,.,2.12,2.11,5.64,0.32,4.88,1.05,4.57,1.62,5.87,0.70,5.59,0.48,6.24,41.53,2.87,C2'-endo
78,78,0.64,U,U,U,0,0,0,1,0,.,"77,102",2,"cHS,tWH","cM+m,tW-M",5.67,2.35,0.45,1.49,3.78,5.04,5.03,3.25,BI,anti,.,4.40,4.50,2.99,4.04,2.83,4.03,2.81,4.44,0.03,5.92,0.55,5.74,0.33,32.56,0.28,C3'-endo
79,79,0.65,A,A,A,1,0,0,0,0,.,101,1,tHS,tM-m,5.03,3.09,1.00,1.34,3.90,5.23,4.95,3.36,BI,anti,.,4.58,4.74,2.89,4.05,3.14,4.14,3.88,5.03,0.05,5.81,0.70,5.59,0.40,41.55,0.26,C3'-endo
80,80,0.66,G,G,G,0,0,1,0,0,(,100,1,cWW,cW-W,4.98,2.92,1.13,1.38,3.94,4.83,5.39,3.21,BI,anti,A,4.76,4.78,2.78,3.86,3.23,3.92,4.57,4.54,0.13,5.75,0.71,5.63,0.33,41.12,0.15,C3'-endo
81,81,0.67,U,U,U,0,0,0,1,0,(,99,1,cWW,cW-W,5.56,2.72,1.00,1.46,3.77,4.68,5.38,3.42,BI,anti,.,4.40,4.58,3.12,3.56,3.46,3.53,4.38,3.65,0.02,5.88,0.61,5.66,0.38,36.67,0.29,C3'-endo
82,82,0.68,G,G,G,0,0,1,0,0,(,98,1,cWW,cW-W,5.26,3.15,0.63,1.39,3.63,5.24,4.67,3.46,BI,anti,A,4.52,4.70,2.89,3.82,2.91,3.90,3.19,4.48,0.08,5.81,0.67,5.64,0.36,39.39,0.22,C3'-endo
83,83,0.69,U,U,U,0,0,0,1,0,(,97,1,cWW,cW-W,4.94,3.11,1.11,1.38,3.66,5.13,4.81,3.28,BI,anti,A,4.65,4.66,2.87,3.80,3.20,3.82,4.10,4.37,0.05,5.83,0.67,5.62,0.39,39.93,0.26,C3'-endo
84,84,0.69,A,A,A,1,0,0,0,0,(,96,1,cWW,cW-W,5.12,3.31,0.85,1.42,3.81,4.60,5.50,3.52,BI,anti,.,4.33,4.63,3.02,3.38,3.19,3.44,3.94,3.28,6.28,5.90,0.61,5.65,0.40,36.90,0.33,C3'-endo
85,85,0.70,G,G,G,0,0,1,0,0,.,"95,96",2,"cWW,cWW","cW-W,cW-W",5.09,2.76,1.07,1.40,4.57,4.01,0.56,3.84,..,anti,.,2.82,4.65,3.11,3.75,3.11,3.18,2.94,3.05,6.25,5.91,0.61,5.64,0.42,37.40,0.37,C3'-endo
86,86,0.71,U,U,U,0,0,0,1,0,.,0,1,c.S,c.-m,1.07,4.01,0.93,2.47,4.20,1.32,2.89,3.90,..,anti,.,1.50,1.48,6.00,1.88,0.01,1.36,5.97,1.31,5.87,0.62,5.71,0.35,0.04,35.39,2.75,C2'-endo
87,87,0.72,G,G,G,0,0,1,0,0,(,94,1,cWW,cW-W,1.51,1.56,3.13,1.50,4.10,4.86,5.53,2.83,..,anti,.,4.68,4.80,1.32,2.80,1.11,3.18,1.26,3.70,0.16,5.78,0.63,5.73,0.25,36.29,0.08,C3'-endo
88,88,0.73,G,G,G,0,0,1,0,0,(,93,1,cWW,cW-W,5.18,2.98,1.06,1.47,3.99,4.95,5.32,3.28,BI,anti,.,4.51,4.58,3.09,4.06,3.33,4.09,3.80,4.87,6.26,5.94,0.56,5.70,0.39,34.09,0.37,C3'-endo
89,89,0.74,G,G,G,0,0,1,0,0,.,92,1,tSH,tm-M,5.61,2.84,0.46,1.38,3.68,5.19,4.78,3.57,BI,anti,.,4.25,4.58,2.76,4.23,3.11,3.52,4.23,2.65,6.23,5.93,0.60,5.64,0.44,37.11,0.41,C3'-endo
90,90,0.74,U,U,U,0,0,0,1,0,.,,0,,,2.66,2.57,1.28,1.30,4.11,5.06,5.33,3.29,..,anti,.,4.63,4.76,0.37,4.04,0.80,4.07,0.48,5.04,0.03,5.82,0.70,5.58,0.42,41.67,0.29,C3'-endo
91,91,0.75,G,G,G,0,0,1,0,0,.,,0,,,5.21,2.66,1.10,1.45,3.65,5.06,4.87,3.26,BI,anti,A,4.65,4.64,2.74,3.85,3.26,3.81,4.73,4.50,0.07,5.83,0.64,5.67,0.34,37.48,0.22,C3'-endo
92,92,0.76,A,A,A,1,0,0,0,0,.,89,1,tHS,tM-m,5.20,3.01,0.90,1.50,3.67,5.18,4.77,3.33,BI,anti,.,4.55,4.62,2.95,4.73,3.26,4.79,4.33,5.36,0.12,5.82,0.62,5.71,0.28,35.78,0.14,C3'-endo
93,93,0.77,C,C,C,0,1,0,0,0,),88,1,cWW,cW-W,2.52,4.10,3.05,1.44,3.78,4.90,5.16,3.17,BI,anti,A,4.69,4.67,2.88,3.56,3.71,3.47,5.04,3.73,0.06,5.85,0.62,5.68,0.34,36.49,0.23,C3'-endo
94,94,0.78,C,C,C,0,1,0,0,0,),87,1,cWW,cW-W,5.52,2.92,0.85,1.35,3.69,4.25,5.72,3.52,BI,anti,A,4.35,4.63,3.09,3.62,3.33,3.51,3.86,3.69,0.02,5.85,0.66,5.61,0.41,39.53,0.30,C3'-endo
95,95,0.79,A,A,A,1,0,0,0,0,.,85,1,cWW,cW-W,2.18,4.04,3.32,1.48,4.49,4.63,6.15,3.13,..,anti,A,4.78,4.84,3.06,3.68,3.13,3.78,3.50,4.46,0.20,5.74,0.67,5.72,0.23,38.15,0.02,C3'-endo
96,96,0.79,U,U,U,0,0,0,1,0,),"84,85",2,"cWW,cWW","cW-W,cW-W",5.66,2.49,0.85,1.36,3.55,5.18,4.66,3.68,BI,anti,.,4.07,4.51,2.79,3.83,3.23,3.82,4.21,4.40,6.23,5.91,0.63,5.61,0.46,38.96,0.40,C3'-endo
97,97,0.80,A,A,A,1,0,0,0,0,),83,1,cWW,cW-W,4.95,3.47,0.78,1.49,3.71,4.86,5.13,3.50,BI,anti,A,4.40,4.63,2.96,3.65,3.13,3.73,3.91,4.06,0.11,5.82,0.62,5.71,0.29,35.94,0.15,C3'-endo
98,98,0.81,C,C,C,0,1,0,0,0,),82,1,cWW,cW-W,5.25,3.04,0.75,1.40,3.51,5.14,4.65,3.27,BI,anti,.,4.53,4.55,2.85,4.23,3.03,4.01,3.55,4.25,0.02,5.87,0.63,5.65,0.39,37.93,0.29,C3'-endo
99,99,0.82,G,G,G,0,0,1,0,0,),81,1,cWW,cW-W,2.43,3.28,3.36,1.39,3.85,4.97,5.17,3.25,BI,anti,A,4.67,4.69,2.78,3.19,3.03,3.36,3.66,3.96,0.06,5.83,0.65,5.66,0.36,38.14,0.23,C3'-endo
100,100,0.83,C,C,C,0,1,0,0,0,),80,1,cWW,cW-W,5.20,2.96,1.02,1.31,3.93,5.22,5.00,3.39,BI,anti,.,4.58,4.77,2.98,4.03,3.21,4.13,3.94,4.94,0.05,5.79,0.72,5.58,0.41,42.51,0.25,C3'-endo
101,101,0.83,G,G,G,0,0,1,0,0,.,79,1,tSH,tm-M,4.92,2.80,1.41,1.45,4.10,3.83,0.27,3.25,..,anti,.,4.67,4.77,2.98,3.13,3.44,2.79,4.65,2.54,0.10,5.81,0.65,5.67,0.33,38.13,0.18,C3'-endo
102,102,0.84,A,A,A,1,0,0,0,0,.,78,1,tHW,tM-W,0.91,4.45,4.40,1.49,3.98,5.12,5.14,3.07,BI,anti,A,4.65,4.69,3.60,3.05,3.19,3.35,2.81,4.32,0.08,5.85,0.59,5.72,0.31,34.76,0.20,C3'-endo
103,103,0.85,A,A,A,1,0,0,0,0,.,76,1,tHH,tM+M,4.86,3.10,0.99,1.31,3.73,5.13,4.88,3.39,BI,anti,A,4.61,4.77,2.62,3.78,2.97,3.82,4.14,4.13,0.12,5.76,0.72,5.61,0.35,41.93,0.17,C3'-endo
104,104,0.86,A,A,A,1,0,0,0,0,.,75,1,tHS,tM-m,5.15,2.90,1.26,1.27,4.09,5.33,5.04,3.33,..,anti,.,4.60,4.80,3.12,4.24,3.37,4.39,3.94,5.26,0.01,5.81,0.72,5.55,0.45,43.51,0.31,C3'-endo
105,105,0.87,C,C,C,0,1,0,0,0,.,74,1,cWW,cW-W,5.15,2.89,1.25,1.49,4.12,4.75,5.65,3.54,..,anti,.,4.23,4.75,3.08,4.02,3.66,4.01,4.93,4.54,0.08,5.85,0.61,5.70,0.32,35.72,0.20,C3'-endo
106,106,0.88,U,U,U,0,0,0,1,0,),72,1,cWW,cW-W,5.63,2.75,0.52,1.43,3.71,4.88,5.11,3.57,BI,anti,A,4.29,4.62,2.79,3.67,3.10,3.65,3.96,3.99,0.01,5.89,0.60,5.67,0.38,36.24,0.30,C3'-endo
107,107,0.88,C,C,C,0,1,0,0,0,),71,1,cWW,cW-W,5.12,2.69,1.12,1.34,3.53,5.11,4.70,3.51,BI,anti,A,4.46,4.63,2.76,3.73,3.02,3.70,3.67,4.24,0.02,5.84,0.68,5.60,0.42,40.60,0.30,C3'-endo
108,108,0.89,A,A,A,1,0,0,0,0,),70,1,cWW,cW-W,5.12,3.23,0.86,1.42,3.85,4.77,5.36,3.34,BI,anti,A,4.63,4.74,3.01,3.66,3.19,3.72,3.98,4.00,0.11,5.81,0.65,5.68,0.31,37.66,0.17,C3'-endo
109,109,0.90,G,G,G,0,0,1,0,0,),69,1,cWW,cW-W,5.40,2.65,1.04,1.36,3.86,4.92,5.22,3.31,BI,anti,A,4.58,4.66,2.99,3.80,3.21,3.79,3.73,4.16,0.02,5.85,0.66,5.61,0.41,39.69,0.30,C3'-endo
110,110,0.91,G,G,G,0,0,1,0,0,),68,1,cWW,cW-W,5.27,2.81,1.11,1.37,3.59,5.12,4.75,3.29,BI,anti,A,4.41,4.44,2.96,3.74,3.26,3.84,3.94,4.24,6.16,5.99,0.57,5.62,0.50,37.81,0.51,C3'-endo
111,111,0.92,U,U,U,0,0,0,1,0,),67,1,cWW,cW-W,5.09,3.45,0.99,2.46,3.70,2.72,0.97,3.90,..,anti,.,2.03,2.03,3.17,2.10,3.58,1.85,4.11,2.02,5.87,0.61,5.73,0.33,0.05,34.65,2.73,C2'-endo
112,112,0.93,G,G,G,0,0,1,0,0,),9,1,cWW,cW-W,4.64,1.69,3.01,1.37,3.72,4.95,5.06,3.31,BI,anti,A,4.54,4.58,4.59,2.56,4.11,2.94,3.83,3.72,6.24,5.91,0.62,5.63,0.44,38.15,0.39,C3'-endo
113,113,0.93,C,C,C,0,1,0,0,0,),8,1,cWW,cW-W,5.07,2.98,0.97,1.45,3.96,5.02,5.23,3.40,BI,anti,A,4.46,4.66,2.90,3.95,3.10,3.93,3.94,4.57,0.02,5.89,0.60,5.68,0.37,35.91,0.29,C3'-endo
114,114,0.94,U,U,U,0,0,0,1,0,),7,1,cWW,cW-W,4.87,2.56,1.48,1.42,3.53,4.88,4.93,3.32,BI,anti,.,4.48,4.49,2.75,3.48,3.18,3.36,4.22,3.39,6.27,5.90,0.60,5.66,0.40,36.49,0.34,C3'-endo
115,115,0.95,G,G,G,0,0,1,0,0,),6,1,cWW,cW-W,5.30,3.26,0.74,1.35,3.82,4.80,5.30,3.36,BI,anti,A,4.51,4.62,3.11,3.51,3.12,3.63,3.25,4.31,6.22,5.93,0.61,5.62,0.45,37.90,0.41,C3'-endo
116,116,0.96,C,C,C,0,1,0,0,0,),5,1,cWW,cW-W,5.21,2.88,0.95,1.34,3.91,4.86,5.34,3.31,BI,anti,A,4.62,4.74,2.91,3.75,3.07,3.79,3.89,4.34,0.08,5.79,0.71,5.60,0.38,41.47,0.22,C3'-endo
117,117,0.97,A,A,A,1,0,0,0,0,),4,1,cWW,cW-W,5.30,2.89,0.93,1.42,3.58,5.08,4.79,3.55,BI,anti,A,4.35,4.62,2.91,3.76,3.16,3.73,3.98,4.04,0.10,5.79,0.67,5.65,0.33,39.08,0.18,C3'-endo
118,118,0.98,A,A,A,1,0,0,0,0,),3,1,cWW,cW-W,5.09,3.01,1.02,1.33,3.79,5.02,5.06,3.54,BI,anti,.,4.33,4.71,2.91,3.81,3.13,3.89,3.74,4.49,0.06,5.79,0.71,5.59,0.40,42.15,0.24,C3'-endo
119,119,0.98,U,U,U,0,0,0,1,0,),2,1,cWW,cW-W,5.31,2.71,1.32,1.41,3.84,4.91,5.20,3.54,BI,anti,.,4.29,4.66,3.16,3.73,3.54,3.60,4.42,3.54,0.01,5.88,0.61,5.66,0.38,36.83,0.31,C3'-endo
120,120,0.99,C,C,C,0,1,0,0,0,),1,1,cWW,cW-W,4.75,2.88,1.32,1.29,4.45,3.79,0.66,3.48,..,anti,.,4.00,4.57,2.94,3.46,3.03,3.36,3.15,3.37,6.18,5.94,0.63,5.57,0.51,40.68,0.46,C3'-endo
121,121,1.00,U,U,U,0,0,0,1,0,.,,0,,,1.22,4.80,4.74,2.54,,,,4.39,..,anti,-,,,,,,,,,5.93,0.59,5.70,0.40,6.25,34.81,2.87,C2'-endo
