index_chain,old_nt_resnum,nt_position,nt_name,nt_code,nt_align_code,is_A,is_C,is_G,is_U,is_other,dbn,paired,nb_interact,pair_type_LW,pair_type_DSSR,alpha,beta,gamma,delta,epsilon,zeta,epsilon_zeta,chi,bb_type,glyco_bond,form,ssZp,Dp,eta,theta,eta_prime,theta_prime,eta_base,theta_base,v0,v1,v2,v3,v4,amplitude,phase_angle,puckering
1,1,0.08,A,A,A,1,0,0,0,0,.,10,1,tHS,tM-m,,3.00,3.03,1.47,4.20,5.35,5.14,3.35,..,anti,.,4.54,4.77,,3.90,,4.10,,5.11,0.12,5.82,0.62,5.72,0.29,35.72,0.14,C3'-endo
2,2,0.17,G,G,G,0,0,1,0,0,(,9,1,cWW,cW-W,5.05,2.85,1.16,1.42,3.57,5.11,4.74,3.62,BI,anti,A,4.23,4.59,2.70,3.76,3.37,3.66,4.75,4.02,0.03,5.87,0.62,5.67,0.37,36.80,0.28,C3'-endo
3,3,0.25,C,C,C,0,1,0,0,0,(,8,1,cWW,cW-W,4.39,2.83,1.75,1.46,4.04,5.46,4.86,3.52,..,anti,.,4.29,4.70,2.93,4.36,3.16,4.48,3.80,5.23,0.06,5.86,0.60,5.69,0.34,35.65,0.24,C3'-endo
4,4,0.33,A,A,A,1,0,0,0,0,.,7,1,cSW,cm-W,5.18,2.71,1.34,1.51,3.76,5.04,5.01,3.61,BI,anti,.,4.00,4.37,3.00,3.89,3.76,3.87,4.99,5.21,6.21,6.02,0.48,5.75,0.39,30.70,0.46,C3'-endo
5,5,0.42,G,G,G,0,0,1,0,0,.,,0,,,4.93,2.85,1.41,2.25,4.74,3.13,1.61,1.01,BII,syn,.,-1.03,1.12,3.51,2.93,3.84,3.15,5.19,3.35,5.76,0.61,5.82,0.18,0.21,34.46,2.46,C1'-exo
6,6,0.50,A,A,A,1,0,0,0,0,.,,0,,,5.16,2.72,1.07,2.33,4.52,1.03,3.49,4.04,..,anti,.,1.47,1.50,4.06,1.05,4.09,0.90,3.81,0.67,5.82,0.59,5.80,0.23,0.14,33.01,2.57,C2'-endo
7,7,0.58,A,A,A,1,0,0,0,0,.,4,1,cWS,cW-m,3.95,3.55,0.98,2.48,3.58,3.53,0.06,5.06,..,anti,B,1.73,2.10,2.47,3.48,2.95,2.84,2.80,3.46,5.78,0.70,5.66,0.35,0.09,39.73,2.68,C2'-endo
8,8,0.67,G,G,G,0,0,1,0,0,),3,1,cWW,cW-W,1.07,4.30,3.85,1.51,3.57,5.13,4.72,3.52,BI,anti,A,4.35,4.53,3.19,2.99,2.85,3.21,3.62,3.77,0.09,5.86,0.57,5.75,0.28,33.16,0.17,C3'-endo
9,9,0.75,C,C,C,0,1,0,0,0,),2,1,cWW,cW-W,4.57,3.21,1.30,1.48,3.70,5.30,4.69,3.46,BI,anti,.,4.35,4.52,2.85,4.12,3.12,4.09,3.81,4.86,6.28,5.93,0.55,5.71,0.36,33.58,0.33,C3'-endo
10,10,0.83,A,A,A,1,0,0,0,0,.,1,1,tSH,tm-M,4.79,3.11,1.12,1.42,4.07,1.21,2.86,3.66,..,anti,.,3.94,4.69,2.85,0.46,3.22,0.30,4.30,6.22,0.00,5.89,0.60,5.67,0.39,36.45,0.32,C3'-endo
11,11,0.92,G,G,G,0,0,1,0,0,.,,0,,,2.67,3.23,3.97,1.43,3.16,4.81,4.63,3.93,BI,anti,B,3.43,3.99,4.42,2.74,4.69,3.04,5.28,3.47,6.07,6.11,0.46,5.69,0.51,33.95,0.68,C4'-exo
12,12,1.00,A,A,A,1,0,0,0,0,.,,0,,,3.57,3.85,1.87,1.43,,,,4.02,..,anti,-,,,,,,,,,6.17,6.01,0.53,5.67,0.46,34.85,0.50,C3'-endo
