index_chain,old_nt_resnum,nt_position,nt_name,nt_code,nt_align_code,is_A,is_C,is_G,is_U,is_other,dbn,paired,nb_interact,pair_type_LW,pair_type_DSSR,alpha,beta,gamma,delta,epsilon,zeta,epsilon_zeta,chi,bb_type,glyco_bond,form,ssZp,Dp,eta,theta,eta_prime,theta_prime,eta_base,theta_base,v0,v1,v2,v3,v4,amplitude,phase_angle,puckering
1,692,0.09,A,A,A,1,0,0,0,0,),0,1,cWW,cW-W,,3.46,1.81,1.37,3.82,4.85,5.25,3.34,BI,anti,A,4.50,4.60,,3.72,,3.70,,4.19,6.25,5.92,0.61,5.64,0.43,37.35,0.38,C3'-endo
2,693,0.18,C,C,C,0,1,0,0,0,),0,1,cWW,cW-W,5.50,2.89,0.72,1.36,3.27,4.84,4.71,3.57,BI,anti,A,4.32,4.46,2.88,3.84,3.16,3.75,3.94,4.23,6.26,5.89,0.63,5.62,0.43,38.56,0.35,C3'-endo
3,694,0.27,G,G,G,0,0,1,0,0,),0,1,cWW,cW-W,2.93,3.74,2.72,1.37,4.16,4.75,5.69,2.97,..,anti,A,4.78,4.78,2.84,3.66,3.10,3.66,3.90,4.32,0.07,5.82,0.66,5.65,0.36,38.60,0.22,C3'-endo
4,695,0.36,A,A,A,1,0,0,0,0,),0,1,cWW,cW-W,5.30,2.79,0.89,1.35,3.81,4.90,5.19,3.35,BI,anti,A,4.67,4.78,2.82,3.71,3.07,3.72,4.03,3.89,0.10,5.78,0.69,5.63,0.35,40.51,0.19,C3'-endo
5,696,0.45,G,G,G,0,0,1,0,0,),0,1,cWW,cW-W,5.35,2.80,1.00,1.28,3.88,4.89,5.28,3.34,BI,anti,A,4.67,4.79,2.98,3.66,3.19,3.70,3.65,4.17,0.06,5.80,0.70,5.60,0.40,41.29,0.25,C3'-endo
6,697,0.55,A,A,A,1,0,0,0,0,),0,1,cWW,cW-W,5.37,2.68,1.22,1.36,3.80,4.89,5.19,3.35,BI,anti,A,4.45,4.59,3.14,3.62,3.39,3.60,4.09,3.99,0.01,5.88,0.62,5.64,0.40,37.59,0.31,C3'-endo
7,698,0.64,G,G,G,0,0,1,0,0,),0,1,cWW,cW-W,5.21,2.94,0.89,1.36,3.52,5.12,4.68,3.49,BI,anti,A,4.43,4.61,2.87,3.69,3.08,3.71,3.72,4.24,0.04,5.82,0.69,5.60,0.41,40.88,0.27,C3'-endo
8,699,0.73,A,A,A,1,0,0,0,0,),0,1,cWW,cW-W,5.13,2.90,1.03,1.37,3.73,4.95,5.07,3.44,BI,anti,A,4.44,4.65,2.95,3.72,3.23,3.73,4.03,4.14,0.06,5.83,0.66,5.64,0.37,38.83,0.24,C3'-endo
9,700,0.82,G,G,G,0,0,1,0,0,),0,1,cWW,cW-W,5.26,3.05,0.88,1.40,3.60,5.03,4.86,3.54,BI,anti,A,4.34,4.63,2.95,3.67,3.16,3.69,3.81,3.97,0.06,5.83,0.66,5.63,0.37,39.07,0.25,C3'-endo
10,701,0.91,A,A,A,1,0,0,0,0,),0,1,cWW,cW-W,4.96,3.28,0.85,1.37,3.71,4.95,5.04,3.61,BI,anti,A,4.34,4.81,2.87,3.66,2.97,3.73,3.43,4.25,0.08,5.81,0.67,5.64,0.36,39.39,0.21,C3'-endo
11,702,1.00,C,C,C,0,1,0,0,0,),0,1,cWW,cW-W,5.23,2.83,1.01,1.41,,,,3.68,n/a,anti,-,,,,,,,,,0.05,5.84,0.64,5.65,0.36,37.98,0.24,C3'-endo
