index_chain,old_nt_resnum,nt_position,nt_name,nt_code,nt_align_code,is_A,is_C,is_G,is_U,is_other,dbn,paired,nb_interact,pair_type_LW,pair_type_DSSR,alpha,beta,gamma,delta,epsilon,zeta,epsilon_zeta,chi,bb_type,glyco_bond,form,ssZp,Dp,eta,theta,eta_prime,theta_prime,eta_base,theta_base,v0,v1,v2,v3,v4,amplitude,phase_angle,puckering
1,599,0.08,C,C,C,0,1,0,0,0,.,,0,,,,3.38,1.32,1.44,3.92,3.06,0.86,3.84,BII,anti,.,3.52,4.68,,1.91,,2.16,,2.66,0.07,5.84,0.62,5.68,0.33,36.52,0.22,C3'-endo
2,600,0.17,A,A,A,1,0,0,0,0,(,0,1,cWW,cW-W,5.09,2.72,0.97,1.42,3.43,5.09,4.62,3.34,BI,anti,A,4.50,4.53,3.32,3.71,3.17,3.67,2.86,4.20,0.04,5.84,0.65,5.64,0.38,38.54,0.26,C3'-endo
3,601,0.25,G,G,G,0,0,1,0,0,(,0,1,cWW,cW-W,4.87,3.08,1.18,1.58,4.13,4.73,5.69,3.38,..,anti,.,4.30,4.55,3.13,4.46,3.32,4.15,4.06,4.22,6.28,5.96,0.51,5.76,0.34,30.72,0.34,C3'-endo
4,602,0.33,G,G,G,0,0,1,0,0,(,0,1,cWW,cW-W,1.69,3.78,3.77,1.37,3.76,4.95,5.09,3.37,BI,anti,A,4.58,4.69,2.69,2.94,2.92,3.16,3.42,3.78,0.08,5.79,0.70,5.61,0.38,41.21,0.22,C3'-endo
5,603,0.42,U,U,U,0,0,0,1,0,(,0,1,cWW,cW-W,5.09,2.91,1.13,1.38,3.92,4.69,5.51,3.36,BI,anti,A,4.54,4.72,2.99,3.68,3.21,3.70,3.93,4.12,0.07,5.81,0.69,5.61,0.38,40.42,0.24,C3'-endo
6,604,0.50,C,C,C,0,1,0,0,0,(,0,1,cWW,cW-W,5.53,2.71,0.81,1.39,3.74,4.91,5.12,3.35,BI,anti,A,4.57,4.65,2.95,3.76,3.17,3.77,3.85,4.21,0.04,5.83,0.68,5.61,0.40,40.27,0.27,C3'-endo
7,605,0.58,U,U,U,0,0,0,1,0,(,0,1,cWW,cW-W,5.33,2.80,0.95,1.35,3.60,4.92,4.96,3.44,BI,anti,A,4.58,4.67,2.90,3.60,3.17,3.56,3.93,4.00,0.02,5.84,0.68,5.60,0.42,40.73,0.29,C3'-endo
8,606,0.67,C,C,C,0,1,0,0,0,(,0,1,cWW,cW-W,5.20,2.75,1.14,1.36,3.81,4.93,5.17,3.30,BI,anti,A,4.64,4.73,2.99,3.74,3.19,3.71,3.92,4.14,0.06,5.80,0.70,5.60,0.40,41.46,0.24,C3'-endo
9,607,0.75,U,U,U,0,0,0,1,0,(,0,1,cWW,cW-W,5.14,2.96,0.93,1.35,3.86,4.48,5.67,3.34,BI,anti,A,4.66,4.77,2.85,3.56,3.05,3.65,3.79,4.24,0.08,5.78,0.70,5.61,0.38,41.34,0.21,C3'-endo
10,608,0.83,C,C,C,0,1,0,0,0,(,0,1,cWW,cW-W,5.94,2.63,0.52,1.44,3.79,4.39,5.68,3.45,BI,anti,A,4.53,4.75,3.07,4.01,3.21,3.90,3.94,4.02,0.15,5.77,0.66,5.70,0.28,37.80,0.10,C3'-endo
11,609,0.92,U,U,U,0,0,0,1,0,(,0,1,cWW,cW-W,2.18,4.08,3.42,1.49,4.55,4.39,0.16,3.07,..,anti,A,4.66,4.77,3.18,3.47,3.32,3.60,3.75,4.00,0.18,5.77,0.63,5.74,0.23,36.12,0.04,C3'-endo
12,610,1.00,C,C,C,0,1,0,0,0,.,,0,,,5.68,2.31,0.81,1.30,,,,3.45,..,anti,-,,,,,,,,,6.25,5.87,0.67,5.58,0.46,41.03,0.37,C3'-endo
