index_chain,old_nt_resnum,nt_position,nt_name,nt_code,nt_align_code,is_A,is_C,is_G,is_U,is_other,dbn,paired,nb_interact,pair_type_LW,pair_type_DSSR,alpha,beta,gamma,delta,epsilon,zeta,epsilon_zeta,chi,bb_type,glyco_bond,form,ssZp,Dp,eta,theta,eta_prime,theta_prime,eta_base,theta_base,v0,v1,v2,v3,v4,amplitude,phase_angle,puckering
1,1,0.08,A,A,A,1,0,0,0,0,.,10,1,tHS,tM-m,,2.44,2.83,1.59,4.45,5.37,5.36,3.32,..,anti,.,4.51,4.77,,3.96,,4.19,,5.16,0.27,5.72,0.63,5.79,0.14,36.09,6.18,C2'-exo
2,2,0.17,G,G,G,0,0,1,0,0,(,9,1,cWW,cW-W,4.94,2.60,1.39,1.31,3.97,4.83,5.42,3.42,BI,anti,A,4.51,4.78,2.59,3.67,3.31,3.62,4.70,4.09,0.01,5.83,0.71,5.57,0.45,42.45,0.31,C3'-endo
3,3,0.25,U,U,U,0,0,0,1,0,(,8,1,cWW,cW-W,5.02,2.56,1.41,1.41,4.17,5.28,5.17,3.36,..,anti,.,4.50,4.73,3.01,4.37,3.25,4.49,3.99,5.27,0.09,5.79,0.69,5.63,0.36,40.12,0.20,C3'-endo
4,4,0.33,A,A,A,1,0,0,0,0,.,7,1,cSW,cm-W,5.35,2.59,1.24,1.45,3.59,5.19,4.69,3.53,BI,anti,.,4.25,4.46,2.91,3.92,3.68,3.88,5.01,5.20,6.27,5.90,0.61,5.65,0.41,36.96,0.34,C3'-endo
5,5,0.42,G,G,G,0,0,1,0,0,.,,0,,,4.89,3.15,1.32,2.10,4.75,2.88,1.86,0.94,BII,syn,.,-1.18,1.29,3.53,2.88,3.83,3.11,5.18,3.39,5.68,0.62,5.87,0.08,0.33,36.27,2.28,C1'-exo
6,6,0.50,U,U,U,0,0,0,1,0,.,,0,,,5.28,2.48,1.04,2.36,4.52,0.99,3.54,3.97,..,anti,.,1.26,1.25,3.95,1.19,4.11,0.91,3.90,0.69,5.80,0.65,5.71,0.31,0.11,37.00,2.65,C2'-endo
7,7,0.58,A,A,A,1,0,0,0,0,.,4,1,cWS,cW-m,3.73,3.46,1.25,2.40,3.60,3.53,0.07,4.75,..,anti,.,2.00,2.08,2.42,3.49,2.94,2.84,2.81,3.49,5.72,0.74,5.65,0.32,0.15,41.75,2.61,C2'-endo
8,8,0.67,A,A,A,1,0,0,0,0,),3,1,cWW,cW-W,1.14,4.23,3.80,1.59,3.98,4.82,5.44,3.28,BI,anti,A,4.56,4.65,3.18,3.04,2.87,3.24,3.68,3.70,0.21,5.77,0.60,5.79,0.18,34.38,6.26,C2'-exo
9,9,0.75,C,C,C,0,1,0,0,0,),2,1,cWW,cW-W,5.14,2.73,1.08,1.43,3.92,5.13,5.07,3.51,BI,anti,.,4.26,4.59,2.90,4.08,3.17,4.05,3.76,4.85,6.25,5.90,0.62,5.63,0.44,38.23,0.37,C3'-endo
10,10,0.83,A,A,A,1,0,0,0,0,.,1,1,tSH,tm-M,4.91,2.89,1.09,1.42,4.21,1.48,2.73,3.41,..,anti,.,4.47,4.79,2.78,0.45,3.15,0.40,4.28,6.13,0.07,5.80,0.69,5.62,0.38,40.37,0.23,C3'-endo
11,11,0.92,A,A,A,1,0,0,0,0,.,,0,,,3.54,2.60,3.17,1.56,3.55,5.15,4.68,3.55,BI,anti,A,4.28,4.47,4.22,2.98,4.56,3.33,5.44,3.93,0.13,5.83,0.58,5.76,0.25,33.66,0.11,C3'-endo
12,12,1.00,G,G,G,0,0,1,0,0,.,,0,,,4.80,3.01,1.58,2.37,,,,3.97,n/a,anti,-,,,,,,,,,5.86,0.61,5.72,0.33,0.06,35.11,2.72,C2'-endo
