index_chain,old_nt_resnum,nt_position,nt_name,nt_code,nt_align_code,is_A,is_C,is_G,is_U,is_other,dbn,paired,nb_interact,pair_type_LW,pair_type_DSSR,alpha,beta,gamma,delta,epsilon,zeta,epsilon_zeta,chi,bb_type,glyco_bond,form,ssZp,Dp,eta,theta,eta_prime,theta_prime,eta_base,theta_base,v0,v1,v2,v3,v4,amplitude,phase_angle,puckering
1,1,0.01,U,U,U,0,0,0,1,0,(,119,1,cWW,cW-W,,3.16,0.89,1.38,3.82,4.84,5.27,3.57,BI,anti,.,4.22,4.60,,3.66,,3.72,,4.30,6.26,5.92,0.59,5.66,0.41,36.27,0.36,C3'-endo
2,2,0.02,G,G,G,0,0,1,0,0,(,118,1,cWW,cW-W,5.29,2.77,0.91,1.38,4.04,4.51,5.81,3.19,..,anti,A,4.74,4.76,2.93,3.63,3.14,3.68,3.91,4.10,0.04,5.86,0.63,5.65,0.37,37.65,0.27,C3'-endo
3,3,0.03,C,C,C,0,1,0,0,0,(,117,1,cWW,cW-W,5.47,2.55,0.89,1.33,3.82,4.91,5.20,3.53,BI,anti,A,4.41,4.75,2.89,3.83,3.08,3.81,3.71,4.31,0.05,5.82,0.67,5.62,0.39,39.92,0.26,C3'-endo
4,4,0.03,C,C,C,0,1,0,0,0,(,116,1,cWW,cW-W,5.40,2.88,0.79,1.32,3.90,4.84,5.34,3.35,BI,anti,A,4.64,4.78,2.91,3.72,3.13,3.80,3.94,4.29,0.09,5.77,0.71,5.61,0.37,41.60,0.20,C3'-endo
5,5,0.04,U,U,U,0,0,0,1,0,(,115,1,cWW,cW-W,5.43,2.80,0.98,1.43,3.68,4.85,5.11,3.47,BI,anti,A,4.38,4.57,3.04,3.63,3.29,3.62,3.99,3.84,0.04,5.86,0.61,5.68,0.35,36.41,0.26,C3'-endo
6,6,0.05,G,G,G,0,0,1,0,0,(,114,1,cWW,cW-W,5.22,2.98,0.90,1.40,3.60,5.08,4.80,3.48,BI,anti,A,4.43,4.58,2.91,3.75,3.09,3.74,3.53,4.16,0.01,5.87,0.63,5.64,0.40,37.82,0.31,C3'-endo
7,7,0.06,G,G,G,0,0,1,0,0,(,113,1,cWW,cW-W,5.22,3.14,0.84,1.40,3.68,4.98,4.99,3.52,BI,anti,A,4.34,4.61,3.00,3.69,3.19,3.72,3.82,4.21,6.27,5.90,0.61,5.65,0.41,37.13,0.35,C3'-endo
8,8,0.07,C,C,C,0,1,0,0,0,(,112,1,cWW,cW-W,5.31,2.85,0.87,1.35,3.93,4.56,5.65,3.37,BI,anti,.,4.55,4.69,2.95,4.01,3.16,3.83,3.87,3.95,6.26,5.89,0.64,5.61,0.43,39.17,0.35,C3'-endo
9,9,0.07,G,G,G,0,0,1,0,0,(,111,1,cWW,cW-W,1.87,3.91,3.73,1.40,3.82,5.01,5.10,3.18,BI,anti,A,4.71,4.71,2.95,3.17,3.11,3.36,3.55,4.01,0.09,5.80,0.67,5.65,0.34,38.95,0.19,C3'-endo
10,10,0.08,G,G,G,0,0,1,0,0,(,110,1,cWW,cW-W,5.34,3.07,0.97,1.50,3.87,5.44,4.71,3.24,BI,anti,.,4.50,4.52,3.18,4.35,3.43,4.39,4.18,5.34,6.28,5.96,0.51,5.75,0.34,31.20,0.34,C3'-endo
11,11,0.09,C,C,C,0,1,0,0,0,.,"15,109",2,"tSW,c.W","tm+W,c.-W",4.85,3.00,1.01,1.43,4.02,4.92,5.38,3.48,BI,anti,.,4.37,4.72,2.69,3.96,3.22,4.14,4.59,4.83,0.03,5.87,0.61,5.67,0.37,36.57,0.28,C3'-endo
12,12,0.10,C,C,C,0,1,0,0,0,.,,0,,,5.24,2.77,1.31,2.50,4.49,2.49,2.00,3.81,BII,anti,.,1.27,1.19,3.41,2.83,4.00,2.65,4.78,3.25,5.86,0.63,5.70,0.36,0.03,36.07,2.76,C2'-endo
13,13,0.11,G,G,G,0,0,1,0,0,.,16,1,tSS,tm-m,6.19,2.73,0.63,1.41,4.25,3.89,0.36,3.86,..,anti,.,3.15,4.82,4.52,3.32,4.25,2.79,4.10,3.00,0.06,5.83,0.65,5.65,0.36,38.14,0.23,C3'-endo
14,14,0.12,U,U,U,0,0,0,1,0,.,,0,,,0.88,4.07,0.90,2.57,4.62,5.01,5.89,3.95,..,anti,.,0.78,0.86,6.10,5.58,6.25,5.21,5.62,5.47,5.95,0.59,5.67,0.44,6.21,35.85,2.93,C2'-endo
15,15,0.12,A,A,A,1,0,0,0,0,.,11,1,tWS,tW+m,4.50,3.20,0.89,2.55,4.54,5.29,5.53,3.87,..,anti,.,0.76,0.85,2.32,5.60,3.31,5.33,3.73,5.82,5.87,0.65,5.65,0.41,6.28,38.21,2.82,C2'-endo
16,16,0.13,G,G,G,0,0,1,0,0,(,"13,68",2,"tSS,cWW","tm-m,cW-W",4.99,3.26,0.88,1.43,3.72,5.08,4.92,3.33,BI,anti,A,4.61,4.66,2.58,3.83,3.38,3.84,3.89,4.21,0.03,5.87,0.62,5.66,0.37,37.05,0.28,C3'-endo
17,17,0.14,C,C,C,0,1,0,0,0,(,67,1,cWW,cW-W,5.00,2.96,1.17,1.31,3.61,5.29,4.61,3.48,BI,anti,.,4.50,4.66,2.88,3.85,3.14,3.86,3.80,4.52,6.23,5.90,0.65,5.59,0.47,40.30,0.39,C3'-endo
18,18,0.15,G,G,G,0,0,1,0,0,(,65,1,cWW,cW-W,4.78,3.01,1.34,1.36,3.95,4.79,5.45,3.24,BI,anti,A,4.66,4.69,2.96,3.78,3.29,3.83,4.28,4.59,6.26,5.90,0.62,5.63,0.43,38.19,0.36,C3'-endo
19,19,0.16,C,C,C,0,1,0,0,0,(,64,1,cWW,cW-W,5.60,2.80,0.63,1.38,3.88,4.91,5.25,3.41,BI,anti,A,4.48,4.68,2.93,3.80,3.18,3.82,4.20,4.17,0.03,5.86,0.64,5.64,0.39,38.11,0.29,C3'-endo
20,20,0.17,G,G,G,0,0,1,0,0,(,63,1,cWW,cW-W,5.14,2.78,1.10,1.34,3.72,5.04,4.96,3.34,BI,anti,A,4.56,4.62,2.84,3.77,3.09,3.76,3.72,4.30,6.24,5.91,0.63,5.61,0.45,38.77,0.39,C3'-endo
21,21,0.17,G,G,G,0,0,1,0,0,(,62,1,cWW,cW-W,5.21,2.87,1.05,1.34,3.89,4.90,5.27,3.26,BI,anti,A,4.69,4.72,2.98,3.77,3.24,3.82,4.10,4.48,0.01,5.86,0.64,5.63,0.40,38.75,0.31,C3'-endo
22,22,0.18,U,U,U,0,0,0,1,0,(,61,1,cWW,cW-W,5.33,2.75,1.03,1.39,3.77,4.64,5.41,3.41,BI,anti,A,4.51,4.65,2.97,3.44,3.27,3.42,4.23,3.46,0.02,5.87,0.63,5.65,0.38,37.50,0.29,C3'-endo
23,23,0.19,G,G,G,0,0,1,0,0,(,60,1,cWW,cW-W,5.07,2.75,1.19,1.47,4.69,4.00,0.69,3.56,..,anti,.,3.69,4.54,3.26,3.59,3.27,3.84,3.33,3.44,0.01,5.92,0.56,5.71,0.36,33.91,0.31,C3'-endo
24,24,0.20,G,G,G,0,0,1,0,0,.,"27,59",2,"tSW,cWW","tm+W,cW-W",5.38,2.50,0.88,2.55,4.00,1.83,2.17,4.70,..,anti,.,1.06,1.64,2.93,2.05,3.42,1.41,3.04,1.35,5.98,0.56,5.70,0.43,6.21,34.38,2.94,C2'-endo
25,25,0.21,U,U,U,0,0,0,1,0,.,,0,,,3.05,3.55,0.96,1.41,3.97,5.15,5.10,3.43,BI,anti,.,4.49,4.70,1.92,4.10,1.83,4.23,1.93,5.13,0.01,5.90,0.60,5.67,0.38,35.94,0.32,C3'-endo
26,26,0.22,C,C,C,0,1,0,0,0,.,,0,,,5.24,2.91,0.89,1.39,4.05,4.83,5.51,3.49,..,anti,.,4.34,4.74,2.87,3.94,3.29,4.02,4.46,4.88,0.04,5.85,0.64,5.65,0.38,38.17,0.27,C3'-endo
27,27,0.23,C,C,C,0,1,0,0,0,.,24,1,tWS,tW+m,5.47,2.68,0.83,1.39,4.12,4.77,5.64,3.61,..,anti,.,4.03,4.74,2.92,3.98,3.24,4.02,4.33,4.57,0.03,5.86,0.63,5.66,0.37,37.31,0.27,C3'-endo
28,28,0.23,C,C,C,0,1,0,0,0,(,56,1,cWW,cW-W,5.55,2.68,0.80,1.38,3.70,4.98,5.00,3.42,BI,anti,A,4.53,4.64,2.85,3.74,3.18,3.74,4.04,4.21,6.28,5.89,0.62,5.64,0.41,37.69,0.33,C3'-endo
29,29,0.24,A,A,A,1,0,0,0,0,(,"55,58",2,"cWW,cSW","cW-W,cm-W",5.03,2.81,1.21,1.45,4.23,4.68,5.83,3.33,..,anti,A,4.39,4.61,3.03,3.78,3.26,3.72,3.96,4.33,6.26,5.92,0.59,5.67,0.41,35.94,0.37,C3'-endo
30,30,0.25,C,C,C,0,1,0,0,0,(,"52,54,57",3,"c.W,cWW,cSW","c.-W,cW-W,cm-W",5.05,2.21,1.44,1.35,4.06,5.29,5.05,3.22,BI,anti,.,4.70,4.75,2.75,4.28,3.06,4.29,4.00,5.03,0.01,5.86,0.65,5.62,0.42,39.29,0.32,C3'-endo
31,31,0.26,C,C,C,0,1,0,0,0,(,"51,53",2,"cWW,cSW","cW-W,cm-W",5.22,2.83,1.16,1.44,3.98,4.86,5.40,3.36,BI,anti,A,4.56,4.71,3.00,3.89,3.58,3.89,4.85,4.23,0.05,5.85,0.62,5.67,0.35,36.87,0.25,C3'-endo
32,32,0.27,U,U,U,0,0,0,1,0,(,50,1,cWW,cW-W,5.40,3.10,0.58,1.40,3.98,4.87,5.39,3.46,BI,anti,A,4.37,4.71,2.92,3.80,3.09,3.89,3.66,4.49,0.05,5.85,0.63,5.67,0.35,37.10,0.24,C3'-endo
33,33,0.28,G,G,G,0,0,1,0,0,(,49,1,cWW,cW-W,5.36,2.67,0.94,1.33,3.62,5.10,4.80,3.31,BI,anti,A,4.66,4.67,2.79,3.76,3.12,3.75,4.01,4.17,0.03,5.84,0.67,5.62,0.40,39.81,0.28,C3'-endo
34,34,0.28,A,A,A,1,0,0,0,0,(,48,1,cWW,cW-W,5.20,3.18,0.88,1.38,3.85,3.72,0.13,3.54,..,anti,.,4.30,4.68,3.05,2.77,3.24,2.23,3.88,1.74,0.02,5.87,0.63,5.65,0.39,37.80,0.29,C3'-endo
35,35,0.29,C,C,C,0,1,0,0,0,.,,0,,,0.94,3.87,3.05,1.38,3.85,5.52,4.61,3.14,BI,anti,.,4.68,4.70,1.60,4.06,1.52,4.07,1.44,4.73,0.03,5.85,0.64,5.64,0.39,38.33,0.28,C3'-endo
36,36,0.30,C,C,C,0,1,0,0,0,.,49,1,cWS,cW-m,5.01,3.17,1.08,1.29,3.96,5.15,5.09,3.38,BI,anti,.,4.59,4.77,2.95,3.99,3.45,4.08,4.58,4.63,0.01,5.85,0.67,5.60,0.42,40.21,0.31,C3'-endo
37,37,0.31,C,C,C,0,1,0,0,0,.,48,1,cWS,cW-m,4.91,3.63,0.76,1.38,4.02,5.27,5.03,3.57,BI,anti,.,4.24,4.75,2.91,4.20,3.07,4.38,3.74,5.37,0.03,5.85,0.64,5.64,0.39,38.49,0.29,C3'-endo
38,38,0.32,C,C,C,0,1,0,0,0,(,44,1,cWW,cW-W,5.19,2.92,0.87,1.34,3.86,4.80,5.34,3.60,BI,anti,A,4.20,4.75,2.72,3.65,3.22,3.67,4.52,3.88,0.06,5.80,0.69,5.61,0.39,40.94,0.24,C3'-endo
39,39,0.33,A,A,A,1,0,0,0,0,.,46,1,cSW,cm-W,5.22,2.76,1.14,1.41,3.61,4.40,5.49,3.36,BI,anti,.,4.49,4.54,2.97,3.19,3.17,3.35,3.60,3.20,6.25,5.93,0.59,5.66,0.41,36.25,0.38,C3'-endo
40,40,0.33,U,U,U,0,0,0,1,0,.,45,1,tSH,tm-M,5.52,2.80,1.13,2.65,4.43,5.72,4.99,4.28,..,anti,.,1.04,1.03,3.56,6.04,3.92,5.30,3.59,4.87,5.97,0.60,5.65,0.47,6.19,36.66,2.97,C2'-endo
41,41,0.34,G,G,G,0,0,1,0,0,.,,0,,,4.62,2.95,3.70,1.43,3.32,1.51,1.81,5.18,..,anti,.,-1.08,4.14,5.13,5.79,5.71,5.43,0.07,5.45,6.12,6.07,0.49,5.68,0.49,34.09,0.60,C3'-endo
42,42,0.35,C,C,C,0,1,0,0,0,.,,0,,,1.36,2.82,3.07,1.43,4.11,5.20,5.20,3.37,..,anti,.,4.36,4.58,1.78,3.55,2.37,3.76,2.82,4.72,6.26,5.93,0.57,5.68,0.40,35.18,0.37,C3'-endo
43,43,0.36,C,C,C,0,1,0,0,0,.,,0,,,5.22,2.80,0.95,1.32,4.50,4.42,0.08,3.47,..,anti,.,4.09,4.71,2.89,4.14,3.31,3.89,4.47,4.43,6.26,5.89,0.64,5.61,0.44,39.32,0.36,C3'-endo
44,44,0.37,G,G,G,0,0,1,0,0,),"38,47",2,"cWW,tSW","cW-W,tm+W",0.79,3.15,1.27,2.41,3.89,2.26,1.62,5.24,..,anti,.,1.09,1.82,5.07,1.79,5.64,1.20,5.18,1.17,5.80,0.66,5.70,0.32,0.10,37.54,2.66,C2'-endo
45,45,0.38,A,A,A,1,0,0,0,0,.,40,1,tHS,tM-m,3.21,2.83,0.86,1.48,3.97,5.09,5.16,3.10,BI,anti,.,4.70,4.72,1.64,4.15,1.71,4.16,1.92,5.06,0.07,5.86,0.59,5.71,0.32,34.72,0.21,C3'-endo
46,46,0.38,A,A,A,1,0,0,0,0,.,39,1,cWS,cW-m,5.16,2.98,0.79,1.40,3.83,5.09,5.02,3.47,BI,anti,A,4.45,4.72,2.70,3.93,3.07,3.99,4.42,4.68,0.11,5.79,0.67,5.66,0.32,38.71,0.17,C3'-endo
47,47,0.39,C,C,C,0,1,0,0,0,.,44,1,tWS,tW+m,5.18,3.15,0.84,1.42,3.82,5.26,4.84,3.44,BI,anti,.,4.52,4.74,2.90,4.08,3.17,4.14,4.13,4.76,0.11,5.78,0.68,5.65,0.33,39.26,0.17,C3'-endo
48,48,0.40,U,U,U,0,0,0,1,0,),"34,37",2,"cWW,cSW","cW-W,cm-W",5.10,3.21,0.89,1.41,3.60,4.89,4.99,3.38,BI,anti,A,4.55,4.61,2.87,3.54,3.23,3.61,4.20,4.01,0.04,5.85,0.64,5.65,0.37,37.76,0.27,C3'-endo
49,49,0.41,C,C,C,0,1,0,0,0,),"33,36",2,"cWW,cSW","cW-W,cm-W",5.07,2.92,1.19,1.44,3.59,5.12,4.75,3.26,BI,anti,A,4.50,4.55,3.01,3.83,3.23,3.79,3.83,4.25,0.02,5.89,0.60,5.67,0.37,36.06,0.30,C3'-endo
50,50,0.42,A,A,A,1,0,0,0,0,),32,1,cWW,cW-W,5.00,3.20,0.92,1.47,3.51,5.06,4.73,3.57,BI,anti,.,4.27,4.52,2.90,4.30,3.16,4.16,3.92,4.38,0.05,5.87,0.60,5.69,0.34,35.52,0.25,C3'-endo
51,51,0.42,G,G,G,0,0,1,0,0,),31,1,cWW,cW-W,2.31,3.70,3.62,1.45,4.00,4.72,5.57,3.18,..,anti,.,4.38,4.43,3.26,3.08,3.52,3.43,4.09,4.25,6.17,6.02,0.51,5.69,0.44,33.66,0.52,C3'-endo
52,52,0.43,A,A,A,1,0,0,0,0,.,"30,53",2,"cW.,cSH","cW-.,cm+M",5.37,2.87,1.01,2.57,4.15,3.19,0.96,4.14,BII,anti,.,1.57,1.54,3.18,2.81,3.75,2.33,4.51,2.24,5.94,0.60,5.67,0.43,6.23,36.08,2.90,C2'-endo
53,53,0.44,A,A,A,1,0,0,0,0,.,"31,52",2,"cWS,cHS","cW-m,cM+m",3.91,2.40,1.09,1.30,3.93,4.93,5.28,3.44,BI,anti,A,4.51,4.83,2.28,3.93,2.12,3.88,2.24,4.37,0.11,5.76,0.72,5.61,0.36,42.10,0.18,C3'-endo
54,54,0.45,G,G,G,0,0,1,0,0,),30,1,cWW,cW-W,5.47,2.73,0.93,1.29,3.95,4.59,5.64,3.24,BI,anti,A,4.75,4.80,2.96,3.69,3.26,3.79,4.17,4.28,0.10,5.76,0.73,5.59,0.37,42.53,0.19,C3'-endo
55,55,0.46,U,U,U,0,0,0,1,0,),29,1,cWW,cW-W,5.89,2.55,0.81,1.41,4.05,5.08,5.25,3.30,BI,anti,.,4.58,4.69,3.24,3.81,3.46,3.75,4.13,3.72,6.28,5.90,0.61,5.66,0.40,36.78,0.33,C3'-endo
56,56,0.47,G,G,G,0,0,1,0,0,),"28,58,59",3,"cWW,cSH,tSW","cW-W,cm+M,tm+W",4.53,1.77,2.67,2.46,4.59,1.96,2.63,3.69,..,anti,.,1.20,1.37,4.28,1.07,4.01,1.50,4.01,1.55,6.01,0.50,5.76,0.38,6.21,30.85,2.94,C2'-endo
57,57,0.47,A,A,A,1,0,0,0,0,.,30,1,cWS,cW-m,2.82,4.08,1.11,1.41,3.92,4.54,5.66,3.37,BI,anti,A,4.59,4.76,2.41,3.83,2.12,3.95,2.18,4.58,0.09,5.80,0.67,5.65,0.34,39.05,0.20,C3'-endo
58,58,0.48,A,A,A,1,0,0,0,0,.,"29,56",2,"cWS,cHS","cW-m,cM+m",5.95,2.40,0.64,1.39,4.24,4.86,5.66,3.18,..,anti,.,4.79,4.83,3.10,4.13,3.34,4.15,4.19,4.91,0.10,5.81,0.64,5.68,0.32,37.44,0.17,C3'-endo
59,59,0.49,A,A,A,1,0,0,0,0,.,"24,56",2,"cWW,tWS","cW-W,tW+m",5.26,2.64,1.00,1.36,3.82,5.23,4.88,3.26,BI,anti,.,4.75,4.77,2.71,4.08,3.10,4.09,4.35,4.88,0.12,5.75,0.71,5.62,0.34,41.45,0.15,C3'-endo
60,60,0.50,C,C,C,0,1,0,0,0,),23,1,cWW,cW-W,4.93,3.23,1.03,1.42,3.75,4.97,5.07,3.43,BI,anti,A,4.51,4.67,2.88,3.76,3.23,3.76,4.42,4.09,0.09,5.81,0.66,5.66,0.33,38.25,0.19,C3'-endo
61,61,0.51,G,G,G,0,0,1,0,0,),22,1,cWW,cW-W,5.11,2.88,1.09,1.37,3.84,4.91,5.22,3.26,BI,anti,A,4.73,4.76,2.91,3.76,3.13,3.79,3.75,4.42,0.07,5.81,0.67,5.63,0.37,39.54,0.23,C3'-endo
62,62,0.52,C,C,C,0,1,0,0,0,),21,1,cWW,cW-W,5.28,2.84,1.02,1.44,3.68,5.01,4.95,3.52,BI,anti,A,4.39,4.63,2.97,3.78,3.26,3.74,4.18,4.08,0.05,5.86,0.62,5.68,0.35,36.46,0.24,C3'-endo
63,63,0.53,C,C,C,0,1,0,0,0,),20,1,cWW,cW-W,4.93,3.07,1.07,1.37,3.67,5.16,4.80,3.42,BI,anti,A,4.56,4.67,2.84,3.83,3.06,3.82,3.68,4.26,0.04,5.85,0.65,5.64,0.38,38.40,0.27,C3'-endo
64,64,0.53,G,G,G,0,0,1,0,0,),19,1,cWW,cW-W,4.97,3.02,1.15,1.35,3.72,4.99,5.01,3.25,BI,anti,A,4.62,4.64,2.92,3.71,3.20,3.77,3.94,4.50,6.26,5.89,0.63,5.62,0.43,38.42,0.36,C3'-endo
65,65,0.54,U,U,U,0,0,0,1,0,),18,1,cWW,cW-W,5.24,2.93,1.04,1.46,3.77,4.94,5.11,3.46,BI,anti,.,4.38,4.59,3.07,4.00,3.36,4.12,4.31,4.61,0.03,5.90,0.57,5.72,0.34,33.71,0.27,C3'-endo
66,66,0.55,A,A,A,1,0,0,0,0,.,68,1,cSH,cm+M,3.90,3.27,2.78,2.64,4.72,2.68,2.05,4.53,BII,anti,.,0.16,0.85,4.53,2.11,4.51,2.04,4.70,2.02,6.04,0.54,5.67,0.49,6.12,35.43,3.08,C2'-endo
67,67,0.56,G,G,G,0,0,1,0,0,),17,1,cWW,cW-W,2.67,3.31,1.04,1.38,4.08,4.93,5.43,3.18,..,anti,A,4.80,4.83,1.79,3.84,1.60,3.85,1.88,4.21,0.13,5.77,0.68,5.66,0.31,39.42,0.14,C3'-endo
68,68,0.57,C,C,C,0,1,0,0,0,),"16,66",2,"cWW,cHS","cW-W,cM+m",4.77,2.49,1.67,1.29,4.06,4.72,5.63,3.23,..,anti,A,4.77,4.84,2.87,3.57,3.13,3.57,3.79,4.12,0.07,5.79,0.71,5.59,0.40,42.05,0.24,C3'-endo
69,69,0.57,G,G,G,0,0,1,0,0,.,107,1,tHS,tM-m,5.29,2.66,1.08,1.40,4.27,4.72,5.84,3.10,..,anti,.,4.91,4.91,3.04,4.21,3.24,4.31,4.03,5.12,0.14,5.75,0.70,5.65,0.31,40.37,0.12,C3'-endo
70,70,0.58,C,C,C,0,1,0,0,0,(,106,1,cWW,cW-W,5.95,2.49,0.59,1.36,3.91,4.76,5.43,3.37,BI,anti,A,4.54,4.69,2.90,3.72,3.35,3.74,4.62,4.07,0.04,5.84,0.66,5.62,0.39,39.44,0.27,C3'-endo
71,71,0.59,C,C,C,0,1,0,0,0,(,105,1,cWW,cW-W,5.15,2.76,1.23,1.39,4.01,5.22,5.07,3.29,BI,anti,.,4.63,4.74,3.06,4.17,3.21,4.21,3.74,5.02,0.05,5.84,0.64,5.66,0.36,37.74,0.25,C3'-endo
72,72,0.60,G,G,G,0,0,1,0,0,.,104,1,tSH,tm-M,5.25,3.05,0.77,1.36,3.73,4.47,5.55,3.57,BI,anti,.,4.30,4.71,2.79,2.77,3.23,2.60,4.45,2.55,0.06,5.82,0.67,5.63,0.38,39.58,0.24,C3'-endo
73,73,0.61,A,A,A,1,0,0,0,0,.,103,1,tHW,tM-W,4.67,1.51,2.57,1.32,4.46,5.06,5.68,3.00,..,anti,.,4.85,4.85,3.42,3.58,3.08,3.77,2.83,4.71,0.11,5.79,0.68,5.64,0.34,39.80,0.18,C3'-endo
74,74,0.62,U,U,U,0,0,0,1,0,.,102,1,t.W,t.-W,5.42,2.90,0.75,1.33,4.18,4.88,5.58,3.34,..,anti,.,4.57,4.79,2.76,3.97,3.19,4.10,4.46,4.91,0.06,5.80,0.70,5.60,0.39,41.28,0.25,C3'-endo
75,75,0.62,G,G,G,0,0,1,0,0,.,101,1,c.W,c.-W,5.39,2.71,0.96,1.41,3.80,5.03,5.05,3.42,BI,anti,A,4.49,4.66,2.85,3.86,3.24,3.81,4.34,4.50,0.03,5.86,0.63,5.65,0.38,37.67,0.29,C3'-endo
76,76,0.63,G,G,G,0,0,1,0,0,.,100,1,tWH,tW-M,4.91,2.80,1.25,1.41,3.79,4.91,5.17,3.29,BI,anti,A,4.78,4.80,2.83,3.77,3.14,3.77,4.20,4.28,0.07,5.82,0.65,5.66,0.35,38.03,0.22,C3'-endo
77,77,0.64,U,U,U,0,0,0,1,0,.,99,1,tWH,tW-M,5.39,2.77,0.91,1.35,4.05,4.77,5.56,3.49,..,anti,.,4.33,4.78,3.01,3.80,3.29,3.84,4.10,4.16,0.09,5.78,0.70,5.61,0.37,41.16,0.20,C3'-endo
78,78,0.65,A,A,A,1,0,0,0,0,.,98,1,tHS,tM-m,5.32,2.85,1.02,1.30,3.87,5.11,5.04,3.39,BI,anti,.,4.57,4.74,2.99,3.92,3.17,3.99,3.70,4.79,6.28,5.85,0.68,5.58,0.44,41.27,0.32,C3'-endo
79,79,0.66,G,G,G,0,0,1,0,0,(,97,1,cWW,cW-W,5.24,2.86,1.06,1.41,4.09,4.80,5.57,3.18,..,anti,A,4.71,4.73,3.02,3.87,3.38,3.95,4.53,4.39,0.06,5.83,0.66,5.64,0.36,38.78,0.24,C3'-endo
80,80,0.67,U,U,U,0,0,0,1,0,(,96,1,cWW,cW-W,5.24,2.53,1.41,1.45,3.78,4.73,5.34,3.13,BI,anti,.,4.29,4.39,3.10,3.53,3.47,3.46,4.23,3.55,6.17,6.00,0.54,5.66,0.46,35.32,0.51,C3'-endo
81,81,0.68,G,G,G,0,0,1,0,0,(,95,1,cWW,cW-W,5.11,3.26,0.63,1.42,3.93,4.83,5.38,3.42,BI,anti,A,4.44,4.67,2.90,3.72,2.89,3.83,3.11,4.46,0.02,5.88,0.60,5.68,0.37,36.15,0.29,C3'-endo
82,82,0.68,U,U,U,0,0,0,1,0,(,94,1,cWW,cW-W,5.42,2.68,0.82,1.33,3.77,5.04,5.01,3.42,BI,anti,A,4.58,4.71,2.80,3.80,3.09,3.82,3.95,4.39,0.02,5.85,0.67,5.61,0.41,40.08,0.30,C3'-endo
83,83,0.69,G,G,G,0,0,1,0,0,(,93,1,cWW,cW-W,5.12,3.11,0.86,1.36,3.76,4.95,5.09,3.24,BI,anti,A,4.68,4.69,2.85,3.68,3.06,3.73,3.93,4.13,0.07,5.80,0.70,5.60,0.39,41.30,0.23,C3'-endo
84,84,0.70,G,G,G,0,0,1,0,0,(,92,1,cWW,cW-W,5.14,2.84,1.24,1.37,3.72,5.04,4.97,3.18,BI,anti,A,4.68,4.67,3.01,3.77,3.26,3.72,3.92,4.14,0.04,5.84,0.66,5.63,0.39,38.96,0.27,C3'-endo
85,85,0.71,G,G,G,0,0,1,0,0,(,91,1,cWW,cW-W,5.06,3.02,1.09,1.31,3.55,5.08,4.76,3.35,BI,anti,.,4.61,4.65,2.89,3.59,3.14,3.61,3.91,3.88,0.05,5.81,0.69,5.60,0.40,41.10,0.25,C3'-endo
86,86,0.72,G,G,G,0,0,1,0,0,(,90,1,cWW,cW-W,5.05,3.09,1.14,1.33,3.65,4.82,5.11,3.33,BI,anti,.,4.65,4.69,3.04,3.60,3.23,3.06,3.72,2.12,0.05,5.81,0.70,5.60,0.40,41.24,0.25,C3'-endo
87,87,0.72,U,U,U,0,0,0,1,0,.,,0,,,3.57,2.99,0.86,2.44,4.16,5.38,5.06,3.92,..,anti,.,1.57,1.55,1.37,5.65,1.63,5.38,0.88,5.65,5.86,0.61,5.72,0.34,0.05,35.26,2.74,C2'-endo
88,88,0.73,C,C,C,0,1,0,0,0,.,,0,,,4.29,4.31,1.10,2.54,4.83,2.68,2.14,4.24,BII,anti,.,0.44,0.86,3.07,3.19,3.87,3.28,4.06,4.96,5.97,0.56,5.71,0.41,6.22,33.76,2.92,C2'-endo
89,89,0.74,U,U,U,0,0,0,1,0,.,,0,,,1.65,2.03,0.25,2.54,3.77,5.67,4.38,3.99,BI,anti,.,1.66,1.78,5.30,6.18,5.23,5.70,3.74,6.02,5.88,0.65,5.66,0.41,6.28,37.85,2.82,C2'-endo
90,90,0.75,C,C,C,0,1,0,0,0,),86,1,cWW,cW-W,3.05,3.54,2.48,1.35,3.56,4.61,5.23,3.28,BI,anti,.,4.58,4.60,2.47,3.78,3.44,3.58,4.14,3.72,0.02,5.85,0.66,5.62,0.40,39.48,0.29,C3'-endo
91,91,0.76,C,C,C,0,1,0,0,0,),85,1,cWW,cW-W,2.33,3.94,3.42,1.46,3.85,4.97,5.17,3.17,BI,anti,A,4.64,4.66,3.13,3.32,3.33,3.41,3.83,3.97,0.07,5.85,0.61,5.70,0.33,35.83,0.21,C3'-endo
92,92,0.77,C,C,C,0,1,0,0,0,),84,1,cWW,cW-W,5.08,3.04,0.98,1.39,3.79,4.85,5.22,3.32,BI,anti,A,4.65,4.72,2.89,3.65,3.13,3.67,3.91,3.92,0.12,5.77,0.70,5.64,0.33,40.45,0.16,C3'-endo
93,93,0.78,C,C,C,0,1,0,0,0,),83,1,cWW,cW-W,5.23,2.93,1.02,1.39,3.78,5.04,5.03,3.27,BI,anti,A,4.66,4.68,3.03,3.82,3.18,3.85,3.62,4.38,0.02,5.87,0.63,5.65,0.39,37.76,0.30,C3'-endo
94,94,0.78,A,A,A,1,0,0,0,0,),82,1,cWW,cW-W,4.92,3.12,1.00,1.39,3.97,4.86,5.39,3.40,BI,anti,A,4.53,4.75,2.87,3.85,3.09,3.91,3.86,4.60,0.07,5.82,0.66,5.64,0.36,38.87,0.23,C3'-endo
95,95,0.79,U,U,U,0,0,0,1,0,),81,1,cWW,cW-W,5.37,2.84,0.78,1.37,3.65,4.85,5.09,3.44,BI,anti,A,4.51,4.66,2.78,3.55,3.07,3.50,4.06,3.57,0.06,5.82,0.67,5.64,0.37,39.29,0.23,C3'-endo
96,96,0.80,G,G,G,0,0,1,0,0,),80,1,cWW,cW-W,5.16,2.86,1.01,1.29,3.81,5.04,5.05,3.31,BI,anti,A,4.69,4.77,2.87,3.75,2.97,3.79,3.28,4.33,0.09,5.77,0.72,5.59,0.38,42.43,0.21,C3'-endo
97,97,0.81,C,C,C,0,1,0,0,0,),79,1,cWW,cW-W,5.21,3.00,1.02,1.33,4.15,4.97,5.47,3.30,..,anti,.,4.68,4.84,3.06,4.03,3.27,4.15,4.05,4.87,0.08,5.78,0.71,5.60,0.38,41.68,0.22,C3'-endo
98,98,0.82,G,G,G,0,0,1,0,0,.,78,1,tSH,tm-M,5.43,2.62,1.15,1.29,3.54,4.61,5.21,3.35,BI,anti,.,4.56,4.60,2.94,2.84,3.42,2.60,4.56,2.45,0.00,5.84,0.69,5.57,0.45,41.78,0.32,C3'-endo
99,99,0.82,A,A,A,1,0,0,0,0,.,77,1,tHW,tM-W,4.54,1.81,2.69,1.41,4.24,4.92,5.59,3.08,..,anti,.,4.75,4.75,3.65,3.29,3.26,3.54,2.88,4.49,0.07,5.85,0.61,5.69,0.33,35.88,0.22,C3'-endo
100,100,0.83,G,G,G,0,0,1,0,0,.,76,1,tHW,tM-W,5.54,2.77,0.62,1.35,3.95,4.95,5.28,3.31,BI,anti,.,4.68,4.77,2.74,3.88,3.13,3.98,4.34,4.96,0.01,5.85,0.68,5.59,0.43,40.81,0.32,C3'-endo
101,101,0.84,A,A,A,1,0,0,0,0,.,75,1,cW.,cW-.,5.22,2.78,1.03,1.48,3.95,5.10,5.12,3.25,BI,anti,.,4.71,4.74,2.92,4.12,3.26,4.09,4.55,4.79,0.10,5.84,0.60,5.72,0.29,34.96,0.17,C3'-endo
102,102,0.85,G,G,G,0,0,1,0,0,.,74,1,tW.,tW-.,4.97,2.77,1.19,1.39,3.90,4.84,5.35,3.17,BI,anti,A,4.77,4.78,2.77,3.77,3.19,3.75,4.38,4.03,0.10,5.81,0.65,5.67,0.33,38.09,0.18,C3'-endo
103,103,0.86,U,U,U,0,0,0,1,0,.,73,1,tWH,tW-M,5.37,3.00,0.78,1.39,3.72,4.87,5.13,3.42,BI,anti,A,4.60,4.71,2.97,3.61,3.15,3.67,3.68,3.99,0.05,5.85,0.63,5.66,0.36,37.42,0.25,C3'-endo
104,104,0.87,A,A,A,1,0,0,0,0,.,72,1,tHS,tM-m,5.14,2.95,1.03,1.38,4.01,5.32,4.97,3.23,BI,anti,.,4.68,4.72,3.02,4.25,3.17,4.33,3.63,5.07,0.01,5.86,0.65,5.62,0.41,38.95,0.31,C3'-endo
105,105,0.88,G,G,G,0,0,1,0,0,),71,1,cWW,cW-W,4.99,2.77,1.33,1.31,3.79,4.95,5.12,3.19,BI,anti,A,4.78,4.77,2.80,3.73,3.38,3.73,4.70,4.13,0.11,5.75,0.73,5.60,0.36,42.41,0.18,C3'-endo
106,106,0.88,G,G,G,0,0,1,0,0,),70,1,cWW,cW-W,5.43,2.91,1.05,1.41,4.13,4.81,5.61,3.27,..,anti,.,4.57,4.68,3.29,4.00,3.50,4.09,4.12,5.11,0.02,5.87,0.62,5.66,0.38,37.18,0.29,C3'-endo
107,107,0.89,G,G,G,0,0,1,0,0,.,69,1,tSH,tm-M,5.53,2.50,0.91,1.37,3.63,4.91,5.01,3.54,BI,anti,.,4.41,4.68,2.78,3.52,3.25,3.70,4.67,3.81,0.07,5.82,0.66,5.64,0.36,38.88,0.23,C3'-endo
108,108,0.90,A,A,A,1,0,0,0,0,.,,0,,,5.29,3.91,1.19,2.56,3.90,1.40,2.50,4.93,..,anti,.,1.13,1.74,3.96,1.03,4.08,0.66,3.83,0.93,5.96,0.58,5.69,0.42,6.22,35.01,2.92,C2'-endo
109,109,0.91,A,A,A,1,0,0,0,0,.,11,1,cW.,cW-.,3.81,2.19,3.13,1.39,3.97,5.16,5.09,3.16,BI,anti,.,4.75,4.76,3.95,3.15,4.15,3.40,4.19,4.34,0.07,5.82,0.66,5.64,0.36,38.98,0.23,C3'-endo
110,110,0.92,C,C,C,0,1,0,0,0,),10,1,cWW,cW-W,5.07,2.98,0.99,1.30,3.64,5.30,4.62,3.27,BI,anti,.,4.73,4.72,2.71,3.88,3.09,3.91,4.30,4.56,0.07,5.79,0.71,5.59,0.39,42.04,0.23,C3'-endo
111,111,0.93,U,U,U,0,0,0,1,0,),9,1,cWW,cW-W,5.03,3.13,1.09,1.34,3.64,4.63,5.30,3.48,BI,anti,.,4.50,4.69,2.96,3.28,3.30,3.29,4.29,3.40,0.03,5.84,0.66,5.62,0.40,39.69,0.28,C3'-endo
112,112,0.93,G,G,G,0,0,1,0,0,),8,1,cWW,cW-W,5.23,2.83,1.03,1.34,3.80,4.87,5.21,3.31,BI,anti,A,4.68,4.74,3.00,3.65,3.03,3.66,3.22,4.08,0.05,5.82,0.67,5.62,0.38,39.81,0.25,C3'-endo
113,113,0.94,C,C,C,0,1,0,0,0,),7,1,cWW,cW-W,5.15,2.97,0.92,1.38,3.86,4.83,5.32,3.36,BI,anti,A,4.63,4.76,2.89,3.73,3.05,3.79,3.71,4.28,0.11,5.78,0.69,5.64,0.34,39.94,0.17,C3'-endo
114,114,0.95,C,C,C,0,1,0,0,0,),6,1,cWW,cW-W,5.46,2.88,0.82,1.37,3.70,4.96,5.02,3.37,BI,anti,A,4.60,4.69,2.97,3.72,3.20,3.74,3.94,4.10,0.09,5.80,0.68,5.63,0.35,39.93,0.20,C3'-endo
115,115,0.96,A,A,A,1,0,0,0,0,),5,1,cWW,cW-W,5.35,3.02,0.82,1.37,3.69,4.86,5.11,3.49,BI,anti,A,4.45,4.68,2.98,3.61,3.16,3.65,3.76,4.02,0.04,5.84,0.66,5.63,0.38,39.02,0.26,C3'-endo
116,116,0.97,G,G,G,0,0,1,0,0,),4,1,cWW,cW-W,5.43,2.76,0.93,1.39,3.64,4.88,5.05,3.40,BI,anti,A,4.54,4.62,2.99,3.63,3.24,3.58,3.83,4.01,0.00,5.88,0.63,5.64,0.41,37.83,0.32,C3'-endo
117,117,0.97,G,G,G,0,0,1,0,0,),3,1,cWW,cW-W,5.30,2.97,0.74,1.31,3.98,4.68,5.58,3.27,BI,anti,A,4.73,4.83,2.88,3.63,2.99,3.76,3.68,4.30,0.15,5.73,0.74,5.61,0.33,42.63,0.13,C3'-endo
118,118,0.98,C,C,C,0,1,0,0,0,),2,1,cWW,cW-W,5.51,2.63,0.99,1.36,3.97,4.86,5.39,3.46,BI,anti,A,4.48,4.82,3.05,3.88,3.28,3.88,4.00,4.33,0.13,5.76,0.70,5.64,0.33,40.56,0.15,C3'-endo
119,119,0.99,A,A,A,1,0,0,0,0,),1,1,cWW,cW-W,5.36,2.83,0.99,1.34,3.90,4.69,5.49,3.61,BI,anti,A,4.20,4.79,3.00,3.61,3.25,3.62,3.99,3.83,0.08,5.80,0.68,5.63,0.36,40.00,0.21,C3'-endo
120,120,1.00,U,U,U,0,0,0,1,0,.,,0,,,5.36,2.66,1.07,1.39,,,,3.77,n/a,anti,-,,,,,,,,,6.28,5.90,0.60,5.66,0.39,36.45,0.33,C3'-endo
