index_chain,old_nt_resnum,nt_position,nt_name,nt_code,nt_align_code,is_A,is_C,is_G,is_U,is_other,dbn,paired,nb_interact,pair_type_LW,pair_type_DSSR,alpha,beta,gamma,delta,epsilon,zeta,epsilon_zeta,chi,bb_type,glyco_bond,form,ssZp,Dp,eta,theta,eta_prime,theta_prime,eta_base,theta_base,v0,v1,v2,v3,v4,amplitude,phase_angle,puckering
1,1,0.02,U,U,U,0,0,0,1,0,),0,1,cWW,cW-W,,3.51,3.05,1.42,3.51,4.75,5.05,3.59,BI,anti,.,4.26,4.51,,3.04,,3.01,,3.00,6.26,5.91,0.60,5.65,0.41,36.73,0.35,C3'-endo
2,2,0.05,U,U,U,0,0,0,1,0,),0,1,cWW,cW-W,4.12,3.20,1.54,1.39,3.79,5.04,5.02,3.43,BI,anti,A,4.53,4.71,2.62,3.83,2.67,3.83,2.79,4.31,0.07,5.82,0.66,5.65,0.36,38.77,0.22,C3'-endo
3,3,0.07,U,U,U,0,0,0,1,0,),0,1,cWW,cW-W,4.98,3.32,0.90,1.43,3.51,4.79,5.00,3.24,BI,anti,.,4.56,4.57,2.89,3.91,3.10,3.99,3.85,4.52,0.07,5.84,0.63,5.68,0.34,36.91,0.22,C3'-endo
4,4,0.10,U,U,U,0,0,0,1,0,),0,1,cWW,cW-W,3.51,3.82,2.25,1.40,3.72,4.81,5.19,3.36,BI,anti,.,4.56,4.65,2.84,3.61,3.15,3.54,3.92,3.49,0.07,5.83,0.64,5.66,0.35,37.75,0.23,C3'-endo
5,5,0.12,U,U,U,0,0,0,1,0,),0,1,cWW,cW-W,4.90,3.34,0.90,1.42,3.50,4.89,4.89,3.60,BI,anti,A,4.24,4.54,2.88,3.49,2.92,3.49,3.07,3.60,0.05,5.86,0.62,5.68,0.35,36.58,0.25,C3'-endo
6,6,0.14,U,U,U,0,0,0,1,0,),0,1,cWW,cW-W,5.27,2.92,0.91,1.40,3.69,4.81,5.17,3.55,BI,anti,A,4.25,4.56,2.99,3.63,3.13,3.65,3.39,4.10,6.27,5.90,0.60,5.66,0.40,36.60,0.34,C3'-endo
7,7,0.17,U,U,U,0,0,0,1,0,),0,1,cWW,cW-W,5.50,2.79,0.74,1.37,4.05,4.24,6.09,3.54,..,anti,A,4.25,4.76,3.00,3.47,3.17,3.58,3.81,3.90,0.06,5.82,0.67,5.63,0.37,39.35,0.24,C3'-endo
8,8,0.19,U,U,U,0,0,0,1,0,),0,1,cWW,cW-W,5.81,2.40,0.72,1.36,3.99,4.68,5.60,3.46,BI,anti,A,4.44,4.75,3.06,3.80,3.16,3.83,3.55,4.37,0.04,5.84,0.66,5.63,0.39,39.19,0.27,C3'-endo
9,9,0.21,U,U,U,0,0,0,1,0,),0,1,cWW,cW-W,5.49,2.91,0.66,1.45,4.11,4.48,5.92,3.29,..,anti,A,4.66,4.77,3.02,3.76,3.15,3.91,3.87,4.47,0.11,5.81,0.64,5.69,0.31,37.16,0.16,C3'-endo
10,10,0.24,U,U,U,0,0,0,1,0,),0,1,cWW,cW-W,5.72,2.45,0.82,1.40,4.01,4.87,5.42,3.39,BI,anti,A,4.55,4.76,3.04,3.97,3.30,3.92,4.05,4.13,0.08,5.81,0.66,5.65,0.34,38.57,0.20,C3'-endo
11,11,0.26,U,U,U,0,0,0,1,0,),0,1,cWW,cW-W,5.16,3.02,0.83,1.37,3.64,4.50,5.42,3.56,BI,anti,A,4.35,4.64,2.78,3.38,2.98,3.45,3.51,3.85,0.00,5.87,0.64,5.63,0.41,38.65,0.32,C3'-endo
12,12,0.29,U,U,U,0,0,0,1,0,),0,1,cWW,cW-W,5.86,2.58,0.72,1.40,3.83,4.70,5.41,3.56,BI,anti,A,4.28,4.68,3.17,3.66,3.30,3.67,3.76,3.95,0.05,5.85,0.63,5.66,0.36,37.53,0.25,C3'-endo
13,13,0.31,U,U,U,0,0,0,1,0,),0,1,cWW,cW-W,5.40,2.93,0.72,1.43,3.76,4.89,5.15,3.45,BI,anti,A,4.44,4.64,2.94,3.74,3.05,3.78,3.52,4.30,0.07,5.84,0.63,5.68,0.34,36.94,0.22,C3'-endo
14,14,0.33,U,U,U,0,0,0,1,0,),"0,0",2,"cWW,cWW","cW-W,cW-W",5.40,2.80,0.84,1.38,3.76,4.84,5.20,3.47,BI,anti,A,4.46,4.68,2.91,3.71,3.17,3.73,3.94,4.25,0.06,5.83,0.65,5.65,0.37,38.58,0.24,C3'-endo
15,15,0.36,U,U,U,0,0,0,1,0,),0,1,cWW,cW-W,5.55,2.86,0.72,1.37,3.91,4.67,5.52,3.18,BI,anti,A,4.74,4.75,3.02,3.62,3.21,3.75,3.97,4.33,0.09,5.80,0.68,5.64,0.34,39.55,0.19,C3'-endo
16,16,0.38,U,U,U,0,0,0,1,0,),0,1,cWW,cW-W,5.46,2.84,0.89,1.60,3.28,5.14,4.43,3.68,BI,anti,A,4.13,4.43,3.02,3.84,3.32,3.77,4.08,4.07,0.24,5.73,0.63,5.77,0.17,36.27,6.23,C2'-exo
17,17,0.40,U,U,U,0,0,0,1,0,),0,1,cWW,cW-W,4.55,3.62,1.06,1.58,3.67,4.98,4.97,3.64,BI,anti,A,4.19,4.62,2.96,3.86,3.11,3.85,3.62,4.12,0.22,5.75,0.63,5.76,0.20,36.28,6.27,C2'-exo
18,18,0.43,U,U,U,0,0,0,1,0,),0,1,cWW,cW-W,5.16,2.80,1.03,1.37,3.51,5.03,4.77,3.41,BI,anti,A,4.53,4.59,2.83,3.64,3.15,3.60,3.77,4.02,0.01,5.86,0.65,5.62,0.41,39.09,0.31,C3'-endo
19,19,0.45,U,U,U,0,0,0,1,0,),0,1,cWW,cW-W,5.21,2.93,1.06,1.41,3.90,4.94,5.25,3.32,BI,anti,A,4.56,4.66,3.10,3.84,3.30,3.83,3.97,4.26,0.02,5.87,0.62,5.65,0.38,37.40,0.29,C3'-endo
20,20,0.48,U,U,U,0,0,0,1,0,),0,1,cWW,cW-W,5.20,2.82,0.99,1.35,3.55,5.04,4.79,3.39,BI,anti,A,4.51,4.56,2.81,3.64,3.11,3.63,3.86,4.13,6.25,5.90,0.64,5.61,0.44,39.15,0.37,C3'-endo
21,21,0.50,U,U,U,0,0,0,1,0,),0,1,cWW,cW-W,5.14,3.06,0.91,1.41,3.73,5.00,5.01,3.46,BI,anti,A,4.45,4.64,2.94,3.76,3.14,3.78,3.88,4.17,0.02,5.87,0.63,5.65,0.39,37.59,0.29,C3'-endo
22,22,0.52,U,U,U,0,0,0,1,0,),0,1,cWW,cW-W,5.13,3.23,0.71,1.40,3.52,4.91,4.90,3.44,BI,anti,A,4.50,4.58,2.81,3.47,2.98,3.51,3.60,3.71,0.04,5.85,0.64,5.65,0.37,37.76,0.27,C3'-endo
23,23,0.55,U,U,U,0,0,0,1,0,),0,1,cWW,cW-W,5.27,2.94,0.99,1.39,3.60,4.89,4.99,3.36,BI,anti,A,4.45,4.53,3.04,3.55,3.19,3.55,3.54,3.91,6.27,5.90,0.61,5.64,0.41,37.41,0.35,C3'-endo
24,24,0.57,U,U,U,0,0,0,1,0,),0,1,cWW,cW-W,5.08,3.04,0.92,1.43,3.70,5.13,4.85,3.41,BI,anti,A,4.52,4.66,2.89,3.91,3.04,3.96,3.60,4.68,0.07,5.83,0.64,5.66,0.35,37.75,0.22,C3'-endo
25,25,0.60,U,U,U,0,0,0,1,0,),0,1,cWW,cW-W,5.22,2.91,0.95,1.44,4.47,4.29,0.18,3.37,..,anti,A,4.35,4.73,3.12,3.85,3.42,3.95,4.39,4.19,0.07,5.84,0.62,5.69,0.33,36.29,0.21,C3'-endo
26,26,0.62,U,U,U,0,0,0,1,0,),0,1,cWW,cW-W,5.64,2.54,0.55,1.43,3.25,4.62,4.91,3.73,BI,anti,.,4.02,4.36,2.70,3.77,2.96,3.71,3.43,4.09,6.27,5.91,0.59,5.67,0.39,35.81,0.34,C3'-endo
27,27,0.64,U,U,U,0,0,0,1,0,),0,1,cWW,cW-W,3.09,3.85,2.66,1.43,3.65,4.93,5.00,3.42,BI,anti,.,4.54,4.66,2.88,3.59,3.16,3.48,3.81,3.73,0.08,5.83,0.64,5.68,0.33,37.15,0.20,C3'-endo
28,28,0.67,U,U,U,0,0,0,1,0,),0,1,cWW,cW-W,5.17,2.98,1.12,1.43,3.61,5.28,4.62,3.42,BI,anti,.,4.51,4.61,3.08,4.33,3.30,4.17,3.81,5.27,0.05,5.85,0.63,5.67,0.36,37.06,0.25,C3'-endo
29,29,0.69,U,U,U,0,0,0,1,0,),0,1,cWW,cW-W,3.15,3.16,2.52,1.74,3.44,3.94,5.78,3.65,..,anti,.,4.21,4.53,2.55,2.83,3.17,2.85,4.77,2.98,0.42,5.65,0.59,5.92,6.25,36.29,5.91,C2'-exo
30,30,0.71,U,U,U,0,0,0,1,0,.,,0,,,3.29,3.41,2.51,1.77,4.52,4.90,5.90,2.88,..,anti,.,4.76,4.80,3.24,4.41,2.97,4.44,2.90,5.20,0.45,5.64,0.59,5.94,6.22,36.88,5.86,C2'-exo
31,31,0.74,U,U,U,0,0,0,1,0,),0,1,cWW,cW-W,5.74,2.64,0.56,1.40,3.78,4.67,5.39,3.50,BI,anti,A,4.39,4.67,2.66,3.59,3.25,3.63,4.59,3.97,0.05,5.85,0.64,5.66,0.36,37.61,0.26,C3'-endo
32,32,0.76,U,U,U,0,0,0,1,0,),0,1,cWW,cW-W,5.50,2.88,0.74,1.40,3.85,4.71,5.43,3.40,BI,anti,A,4.55,4.73,3.04,3.62,3.15,3.67,3.62,3.95,0.09,5.81,0.66,5.65,0.34,38.69,0.20,C3'-endo
33,33,0.79,U,U,U,0,0,0,1,0,),0,1,cWW,cW-W,5.40,2.68,1.02,1.42,3.96,4.70,5.54,3.24,BI,anti,A,4.54,4.61,3.08,3.72,3.25,3.75,3.71,4.25,6.27,5.91,0.59,5.67,0.39,35.99,0.34,C3'-endo
34,34,0.81,U,U,U,0,0,0,1,0,),0,1,cWW,cW-W,5.24,2.85,0.88,1.42,3.83,4.83,5.29,3.45,BI,anti,A,4.51,4.73,2.88,3.75,3.09,3.77,3.82,4.21,0.10,5.81,0.65,5.67,0.32,37.92,0.17,C3'-endo
35,35,0.83,U,U,U,0,0,0,1,0,),0,1,cWW,cW-W,5.30,2.71,1.05,1.42,3.80,4.70,5.39,3.35,BI,anti,.,4.57,4.68,2.96,3.57,3.23,3.62,3.96,4.03,0.06,5.84,0.64,5.67,0.35,37.53,0.23,C3'-endo
36,36,0.86,U,U,U,0,0,0,1,0,),0,1,cWW,cW-W,4.97,3.29,0.85,1.49,3.96,4.92,5.33,3.14,BI,anti,A,4.77,4.78,2.99,3.94,2.98,4.03,3.48,4.34,0.18,5.77,0.64,5.73,0.23,36.68,0.05,C3'-endo
37,37,0.88,U,U,U,0,0,0,1,0,),0,1,cWW,cW-W,5.19,2.99,1.00,1.43,3.48,4.93,4.83,3.38,BI,anti,A,4.47,4.52,2.93,3.54,3.23,3.54,3.83,3.91,0.02,5.88,0.61,5.67,0.37,36.27,0.30,C3'-endo
38,38,0.90,U,U,U,0,0,0,1,0,),0,1,cWW,cW-W,5.11,3.05,1.05,1.44,3.71,5.05,4.94,3.34,BI,anti,A,4.63,4.69,3.04,3.83,3.20,3.84,3.76,4.33,0.10,5.81,0.64,5.68,0.31,37.46,0.17,C3'-endo
39,39,0.93,U,U,U,0,0,0,1,0,),0,1,cWW,cW-W,5.03,2.98,1.10,1.45,4.08,4.74,5.62,3.41,..,anti,.,4.47,4.72,3.00,3.81,3.25,3.83,4.01,3.92,0.05,5.86,0.61,5.68,0.35,35.97,0.25,C3'-endo
40,40,0.95,U,U,U,0,0,0,1,0,),0,1,cWW,cW-W,4.89,2.86,1.18,1.46,4.09,4.14,6.24,3.99,..,anti,.,2.86,4.57,2.89,3.31,3.07,3.36,3.32,3.81,6.27,5.93,0.57,5.70,0.38,34.36,0.34,C3'-endo
41,41,0.98,U,U,U,0,0,0,1,0,),0,1,cWW,cW-W,5.43,2.16,1.05,1.47,4.31,4.52,6.08,3.92,..,anti,.,2.94,4.74,3.04,3.88,3.18,3.76,3.65,3.78,0.08,5.85,0.61,5.71,0.31,35.41,0.20,C3'-endo
42,42,1.00,U,U,U,0,0,0,1,0,),0,1,cWW,cW-W,4.94,2.58,1.19,1.40,,,,3.58,n/a,anti,-,,,,,,,,,0.01,5.88,0.63,5.65,0.39,37.61,0.31,C3'-endo
