index_chain,old_nt_resnum,nt_position,nt_name,nt_code,nt_align_code,is_A,is_C,is_G,is_U,is_other,dbn,paired,nb_interact,pair_type_LW,pair_type_DSSR,alpha,beta,gamma,delta,epsilon,zeta,epsilon_zeta,chi,bb_type,glyco_bond,form,ssZp,Dp,eta,theta,eta_prime,theta_prime,eta_base,theta_base,v0,v1,v2,v3,v4,amplitude,phase_angle,puckering
1,-3,0.10,U,U,U,0,0,0,1,0,.,,0,,,,3.63,1.31,1.43,3.47,5.14,4.61,4.15,BI,anti,.,2.79,4.33,,3.84,,3.89,,4.28,6.09,6.05,0.54,5.62,0.54,37.59,0.61,C3'-endo
2,-2,0.20,U,U,U,0,0,0,1,0,.,,0,,,4.73,3.50,1.26,1.30,3.88,4.78,5.38,3.58,BI,anti,.,4.04,4.58,3.19,3.60,3.33,3.78,3.75,4.16,6.17,5.95,0.62,5.58,0.52,40.40,0.49,C3'-endo
3,-1,0.30,U,U,U,0,0,0,1,0,.,,0,,,5.21,3.19,1.16,1.33,3.66,5.07,4.88,3.66,BI,anti,.,3.71,4.37,3.37,3.64,3.45,3.75,3.75,4.10,6.26,5.91,0.61,5.65,0.42,37.18,0.36,C3'-endo
4,0,0.40,A,A,A,1,0,0,0,0,.,,0,,,5.01,3.58,1.11,1.39,3.67,5.10,4.86,3.95,BI,anti,.,3.24,4.54,3.39,3.70,3.44,3.84,3.70,4.22,0.02,5.83,0.69,5.59,0.43,41.45,0.30,C3'-endo
5,1,0.50,A,A,A,1,0,0,0,0,.,,0,,,5.16,3.57,0.99,1.43,3.38,5.11,4.55,3.90,BI,anti,.,3.45,4.40,3.40,3.71,3.55,3.83,3.83,4.24,6.25,5.91,0.60,5.64,0.43,37.21,0.37,C3'-endo
6,2,0.60,U,U,U,0,0,0,1,0,.,,0,,,4.35,3.48,1.60,1.45,4.21,4.52,5.98,3.56,..,anti,.,3.99,4.59,3.24,3.82,3.37,3.89,3.76,4.13,6.25,5.89,0.64,5.60,0.45,39.55,0.38,C3'-endo
7,3,0.70,U,U,U,0,0,0,1,0,.,,0,,,5.83,3.03,0.51,1.47,3.74,4.82,5.20,3.71,BI,anti,.,3.74,4.38,3.24,3.55,3.37,3.71,3.66,4.25,6.08,6.01,0.61,5.55,0.59,42.06,0.59,C3'-endo
8,4,0.80,U,U,U,0,0,0,1,0,.,,0,,,5.09,3.29,0.94,1.48,3.82,4.84,5.26,3.65,BI,anti,.,3.93,4.61,3.23,3.66,3.33,3.80,3.81,4.13,0.09,5.80,0.68,5.64,0.36,39.66,0.20,C3'-endo
9,5,0.90,U,U,U,0,0,0,1,0,.,,0,,,5.23,3.27,0.94,1.51,3.50,1.26,2.24,3.53,..,anti,-,,,3.31,0.12,3.45,5.35,3.76,,0.05,5.83,0.66,5.63,0.38,39.22,0.26,C3'-endo
10,6,1.00,C,C,C,0,1,0,0,0,.,,0,,,2.35,2.82,0.11,2.55,,,,,n/a,n/a,-,,,,,,,,,5.97,0.60,5.65,0.48,6.18,37.08,2.97,C2'-endo
