index_chain,old_nt_resnum,nt_position,nt_name,nt_code,nt_align_code,is_A,is_C,is_G,is_U,is_other,dbn,paired,nb_interact,pair_type_LW,pair_type_DSSR,alpha,beta,gamma,delta,epsilon,zeta,epsilon_zeta,chi,bb_type,glyco_bond,form,ssZp,Dp,eta,theta,eta_prime,theta_prime,eta_base,theta_base,v0,v1,v2,v3,v4,amplitude,phase_angle,puckering
1,1,0.00,G,G,G,0,0,1,0,0,.,418,1,tSW,tm+W,,3.11,0.93,1.46,3.68,5.05,4.90,3.92,BI,anti,.,3.47,4.67,,3.96,,3.67,,4.05,0.12,5.80,0.64,5.70,0.29,37.01,0.14,C3'-endo
2,2,0.00,U,U,U,0,0,0,1,0,.,376,1,tWS,tW+m,3.13,2.46,3.07,1.47,3.61,1.81,1.80,0.87,..,syn,.,-3.15,4.41,2.94,0.22,2.87,0.07,3.43,3.89,6.24,5.97,0.54,5.71,0.39,33.35,0.40,C3'-endo
3,3,0.01,G,G,G,0,0,1,0,0,[,261,1,cWW,cW-W,0.91,2.29,0.91,1.49,4.01,5.34,4.95,3.00,BI,anti,.,4.72,4.75,5.00,4.54,5.49,4.49,1.40,5.27,0.13,5.81,0.61,5.73,0.27,35.28,0.12,C3'-endo
4,4,0.01,U,U,U,0,0,0,1,0,<,107,1,cWW,cW-W,4.97,3.13,0.98,1.53,3.84,5.08,5.04,3.41,BI,anti,.,4.36,4.53,2.80,4.05,3.32,4.22,4.69,5.06,0.02,5.93,0.53,5.75,0.32,31.48,0.28,C3'-endo
5,5,0.01,G,G,G,0,0,1,0,0,.,260,1,cSW,cm-W,5.27,2.98,1.11,2.61,4.56,5.33,5.51,4.37,..,anti,.,0.77,0.85,3.38,5.71,4.06,5.29,4.95,6.08,5.93,0.62,5.64,0.46,6.21,37.83,2.92,C2'-endo
6,6,0.01,C,C,C,0,1,0,0,0,(,266,1,cWW,cW-W,5.08,3.72,1.01,1.44,3.74,5.06,4.97,3.32,BI,anti,A,4.64,4.68,3.11,3.87,3.81,3.95,3.74,4.46,0.11,5.81,0.64,5.69,0.31,37.19,0.16,C3'-endo
7,7,0.02,C,C,C,0,1,0,0,0,(,265,1,cWW,cW-W,5.19,3.09,0.89,1.41,3.66,5.00,4.94,3.34,BI,anti,A,4.58,4.63,2.94,3.70,3.20,3.72,3.98,4.09,0.06,5.84,0.64,5.67,0.35,37.39,0.23,C3'-endo
8,8,0.02,C,C,C,0,1,0,0,0,(,264,1,cWW,cW-W,5.14,3.10,0.85,1.36,3.70,5.06,4.92,3.44,BI,anti,A,4.54,4.69,2.88,3.73,3.05,3.78,3.66,4.30,0.07,5.81,0.68,5.63,0.37,39.70,0.23,C3'-endo
9,9,0.02,G,G,G,0,0,1,0,0,(,263,1,cWW,cW-W,5.11,2.96,1.04,1.38,3.63,4.97,4.94,3.34,BI,anti,A,4.64,4.67,2.88,3.66,3.16,3.67,3.97,4.08,0.06,5.82,0.67,5.63,0.37,39.37,0.23,C3'-endo
10,10,0.02,G,G,G,0,0,1,0,0,(,262,1,cWW,cW-W,5.22,3.01,1.05,1.42,3.80,5.01,5.07,3.40,BI,anti,A,4.55,4.68,3.10,3.84,3.30,3.85,3.91,4.44,0.05,5.85,0.62,5.67,0.35,36.83,0.25,C3'-endo
11,11,0.03,C,C,C,0,1,0,0,0,{,108,1,cWW,cW-W,5.13,3.00,0.93,1.42,3.99,5.16,5.11,3.56,BI,anti,.,4.24,4.72,2.92,3.80,3.16,3.74,3.99,3.57,0.05,5.85,0.63,5.67,0.36,37.02,0.25,C3'-endo
12,12,0.03,A,A,A,1,0,0,0,0,.,258,1,tHW,tM-W,4.26,1.93,3.23,2.55,3.48,4.37,5.40,3.75,BI,anti,.,1.63,1.97,4.44,2.97,4.23,2.60,3.93,1.82,5.93,0.60,5.67,0.42,6.24,36.21,2.89,C2'-endo
13,13,0.03,U,U,U,0,0,0,1,0,.,,0,,,2.87,3.14,0.91,2.54,4.71,4.65,0.07,3.76,..,anti,.,0.81,0.80,1.00,5.18,1.46,4.78,0.92,5.31,5.92,0.61,5.68,0.41,6.25,36.19,2.86,C2'-endo
14,14,0.03,G,G,G,0,0,1,0,0,(,257,1,cWW,cW-W,4.71,3.28,0.94,1.41,3.67,5.01,4.94,3.36,BI,anti,A,4.62,4.70,2.48,3.71,3.14,3.74,3.69,4.06,0.10,5.80,0.66,5.66,0.33,38.72,0.18,C3'-endo
15,15,0.04,G,G,G,0,0,1,0,0,(,256,1,cWW,cW-W,5.34,3.12,0.73,1.35,3.73,4.94,5.08,3.30,BI,anti,A,4.67,4.72,2.96,3.64,3.12,3.73,3.67,4.21,0.08,5.80,0.69,5.62,0.37,40.64,0.22,C3'-endo
16,16,0.04,G,G,G,0,0,1,0,0,(,255,1,cWW,cW-W,5.44,2.97,0.84,1.36,3.87,5.06,5.09,3.39,BI,anti,A,4.57,4.75,3.06,3.88,3.26,3.94,3.92,4.63,0.07,5.81,0.68,5.62,0.37,40.16,0.23,C3'-endo
17,17,0.04,U,U,U,0,0,0,1,0,(,254,1,cWW,cW-W,5.20,3.03,0.90,1.38,3.53,5.04,4.78,3.47,BI,anti,A,4.50,4.63,2.84,3.61,3.15,3.61,4.16,3.89,0.08,5.81,0.67,5.64,0.36,39.19,0.22,C3'-endo
18,18,0.04,G,G,G,0,0,1,0,0,(,253,1,cWW,cW-W,5.04,3.13,0.99,1.40,3.62,5.00,4.90,3.47,BI,anti,A,4.47,4.64,2.93,3.67,3.10,3.67,3.59,4.04,0.06,5.84,0.64,5.66,0.36,37.89,0.24,C3'-endo
19,19,0.05,C,C,C,0,1,0,0,0,(,252,1,cWW,cW-W,5.17,2.95,0.98,1.37,3.57,4.99,4.86,3.52,BI,anti,A,4.42,4.62,2.90,3.61,3.13,3.61,3.77,3.96,0.03,5.85,0.65,5.64,0.39,38.74,0.27,C3'-endo
20,20,0.05,A,A,A,1,0,0,0,0,(,251,1,cWW,cW-W,5.14,3.12,0.90,1.40,3.66,5.04,4.91,3.45,BI,anti,A,4.50,4.66,2.96,3.74,3.12,3.77,3.67,4.21,0.07,5.83,0.65,5.66,0.35,38.07,0.22,C3'-endo
21,21,0.05,G,G,G,0,0,1,0,0,(,250,1,cWW,cW-W,5.16,3.01,0.96,1.40,3.73,5.11,4.90,3.40,BI,anti,A,4.53,4.64,2.94,3.87,3.17,3.89,3.86,4.57,0.02,5.87,0.62,5.65,0.38,37.38,0.29,C3'-endo
22,22,0.05,U,U,U,0,0,0,1,0,(,249,1,cWW,cW-W,5.19,3.02,0.89,1.39,3.62,4.99,4.91,3.48,BI,anti,A,4.45,4.63,2.88,3.64,3.19,3.65,4.18,3.99,0.05,5.84,0.64,5.65,0.37,37.85,0.25,C3'-endo
23,23,0.05,C,C,C,0,1,0,0,0,(,248,1,cWW,cW-W,5.11,2.90,1.13,1.39,3.59,5.01,4.86,3.47,BI,anti,A,4.45,4.59,2.97,3.66,3.21,3.64,3.79,3.97,6.28,5.88,0.62,5.64,0.40,37.67,0.33,C3'-endo
24,24,0.06,U,U,U,0,0,0,1,0,(,"121,247",2,"t.H,cWW","t.-M,cW-W",5.12,3.10,0.96,1.40,3.62,3.73,6.18,3.44,..,anti,.,4.46,4.60,2.98,2.54,3.17,2.78,3.74,2.59,0.03,5.86,0.64,5.65,0.38,38.01,0.28,C3'-endo
25,25,0.06,A,A,A,1,0,0,0,0,.,,0,,,5.55,2.49,1.15,2.58,3.96,1.56,2.40,4.14,..,anti,.,1.65,1.64,3.35,1.98,3.63,1.06,3.06,5.38,5.87,0.66,5.64,0.42,6.28,38.83,2.83,C2'-endo
26,26,0.06,U,U,U,0,0,0,1,0,.,42,1,tWH,tW-M,0.59,3.06,1.00,1.46,3.78,5.13,4.92,3.26,BI,anti,A,4.67,4.70,5.39,3.97,5.51,3.97,1.34,4.48,0.11,5.81,0.63,5.70,0.30,36.58,0.15,C3'-endo
27,27,0.06,A,A,A,1,0,0,0,0,.,41,1,tHS,tM-m,5.14,2.97,0.98,1.35,4.23,5.12,5.39,3.40,..,anti,.,4.43,4.77,2.99,4.20,3.26,4.31,4.07,5.21,0.02,5.85,0.66,5.62,0.41,39.62,0.30,C3'-endo
28,28,0.07,G,G,G,0,0,1,0,0,(,40,1,cWW,cW-W,5.14,2.68,1.18,1.38,3.64,4.97,4.95,3.31,BI,anti,A,4.65,4.67,2.70,3.67,3.27,3.61,4.63,3.85,0.07,5.82,0.67,5.64,0.36,39.10,0.23,C3'-endo
29,29,0.07,G,G,G,0,0,1,0,0,(,39,1,cWW,cW-W,5.18,3.05,0.97,1.38,3.57,4.99,4.86,3.27,BI,anti,.,4.64,4.64,2.98,3.63,3.18,3.67,3.72,4.09,0.06,5.82,0.66,5.64,0.37,39.01,0.24,C3'-endo
30,30,0.07,G,G,G,0,0,1,0,0,(,38,1,cWW,cW-W,5.26,2.91,1.11,1.40,3.69,4.94,5.04,3.26,BI,anti,A,4.69,4.70,3.12,3.70,3.38,3.69,4.06,3.97,0.10,5.80,0.66,5.66,0.33,38.68,0.18,C3'-endo
31,31,0.07,U,U,U,0,0,0,1,0,.,35,1,tWH,tW-M,5.26,3.08,0.91,1.44,4.13,5.15,5.26,3.42,..,anti,.,4.45,4.73,3.15,4.26,3.28,4.35,3.72,5.25,0.06,5.86,0.61,5.68,0.34,36.21,0.24,C3'-endo
32,32,0.08,G,G,G,0,0,1,0,0,.,245,1,tSW,tm+W,5.19,2.86,0.96,1.39,3.72,5.39,4.62,3.60,BI,anti,.,4.25,4.66,2.72,4.27,3.23,3.42,4.51,2.35,0.03,5.86,0.64,5.65,0.38,37.97,0.28,C3'-endo
33,33,0.08,A,A,A,1,0,0,0,0,.,,0,,,3.06,2.30,0.95,1.44,4.09,4.76,5.62,3.45,..,anti,.,4.41,4.75,0.39,3.99,0.85,3.94,0.46,4.55,0.06,5.85,0.62,5.68,0.34,36.56,0.23,C3'-endo
34,34,0.08,G,G,G,0,0,1,0,0,.,,0,,,5.25,2.68,0.99,1.46,4.09,5.21,5.16,3.51,..,anti,.,4.28,4.72,2.91,4.22,3.19,4.32,4.12,4.32,0.07,5.85,0.61,5.70,0.33,35.67,0.22,C3'-endo
35,35,0.08,A,A,A,1,0,0,0,0,.,31,1,tHW,tM-W,5.20,3.99,0.72,2.51,4.23,2.95,1.28,5.02,BII,anti,.,0.76,1.41,3.56,3.27,3.86,2.58,3.90,1.93,5.88,0.63,5.68,0.38,0.01,36.50,2.80,C2'-endo
36,36,0.09,G,G,G,0,0,1,0,0,.,,0,,,1.58,3.71,1.39,1.47,3.81,5.12,4.97,3.13,BI,anti,A,4.58,4.62,0.85,4.05,0.80,4.16,0.94,4.41,0.04,5.88,0.59,5.70,0.34,34.92,0.26,C3'-endo
37,37,0.09,U,U,U,0,0,0,1,0,.,,0,,,5.29,3.26,0.94,2.46,4.12,5.24,5.16,4.30,..,anti,.,1.62,1.61,3.32,5.20,3.80,4.92,4.20,5.51,5.85,0.63,5.70,0.35,0.05,36.41,2.74,C2'-endo
38,38,0.09,C,C,C,0,1,0,0,0,),30,1,cWW,cW-W,4.82,3.30,0.63,1.40,3.76,5.01,5.03,3.36,BI,anti,A,4.57,4.66,2.37,3.68,3.06,3.78,3.78,4.26,0.03,5.87,0.62,5.66,0.37,37.19,0.28,C3'-endo
39,39,0.09,C,C,C,0,1,0,0,0,),29,1,cWW,cW-W,5.25,3.27,0.64,1.38,3.21,4.97,4.52,3.53,BI,anti,A,4.37,4.47,2.86,3.73,3.06,3.71,3.70,4.04,0.07,5.82,0.65,5.65,0.35,38.47,0.22,C3'-endo
40,40,0.10,C,C,C,0,1,0,0,0,),28,1,cWW,cW-W,3.04,3.58,2.80,1.44,4.36,4.96,5.68,3.28,..,anti,.,4.59,4.80,3.07,4.01,3.26,4.07,3.78,5.00,0.13,5.80,0.64,5.70,0.29,37.11,0.13,C3'-endo
41,41,0.10,G,G,G,0,0,1,0,0,.,27,1,tSH,tm-M,5.50,2.83,0.66,1.40,3.60,4.56,5.33,3.47,BI,anti,.,4.48,4.65,2.67,2.83,3.15,2.62,4.48,2.51,0.10,5.80,0.66,5.66,0.33,38.50,0.18,C3'-endo
42,42,0.10,A,A,A,1,0,0,0,0,.,26,1,tHW,tM-W,4.58,1.58,2.68,1.40,4.42,5.31,5.40,2.89,..,anti,.,4.70,4.75,3.56,3.71,3.15,4.01,2.82,5.20,0.06,5.84,0.64,5.66,0.35,37.55,0.24,C3'-endo
43,43,0.10,A,A,A,1,0,0,0,0,(,65,1,cWW,cW-W,5.32,2.83,0.74,1.43,4.02,4.72,5.58,3.32,..,anti,A,4.63,4.76,2.58,3.78,3.22,3.82,4.85,4.27,0.10,5.82,0.64,5.69,0.31,37.04,0.18,C3'-endo
44,44,0.11,C,C,C,0,1,0,0,0,(,64,1,cWW,cW-W,5.28,2.66,1.00,1.41,3.81,5.03,5.06,3.44,BI,anti,A,4.49,4.68,2.87,3.90,3.12,3.87,3.84,4.41,0.05,5.85,0.63,5.66,0.36,37.39,0.25,C3'-endo
45,45,0.11,U,U,U,0,0,0,1,0,(,63,1,cWW,cW-W,5.17,3.12,0.79,1.41,3.70,4.97,5.01,3.49,BI,anti,A,4.47,4.69,2.84,3.68,3.08,3.73,3.93,4.03,0.10,5.81,0.66,5.66,0.33,38.36,0.19,C3'-endo
46,46,0.11,G,G,G,0,0,1,0,0,(,62,1,cWW,cW-W,5.21,3.13,0.79,1.40,3.64,4.99,4.93,3.57,BI,anti,A,4.32,4.65,2.91,3.67,3.08,3.71,3.57,4.13,0.06,5.84,0.64,5.65,0.36,38.06,0.24,C3'-endo
47,47,0.11,U,U,U,0,0,0,1,0,(,61,1,cWW,cW-W,5.25,2.86,1.00,1.37,3.87,5.35,4.80,3.46,BI,anti,.,4.46,4.72,2.98,4.19,3.21,4.24,3.86,5.12,0.04,5.83,0.66,5.63,0.39,39.39,0.26,C3'-endo
48,48,0.11,G,G,G,0,0,1,0,0,.,60,1,tSH,tm-M,5.14,3.12,0.89,1.40,3.53,4.71,5.10,3.62,BI,anti,.,4.25,4.59,2.82,2.84,3.30,2.55,4.59,2.36,0.05,5.85,0.64,5.66,0.36,37.68,0.25,C3'-endo
49,49,0.12,A,A,A,1,0,0,0,0,.,"59,169",2,"tHW,cSS","tM-W,cm-m",4.60,1.45,2.75,1.42,3.94,4.40,5.82,3.09,..,anti,.,4.70,4.71,3.55,2.41,3.10,2.58,2.80,2.05,0.05,5.86,0.62,5.68,0.35,36.54,0.25,C3'-endo
50,50,0.12,A,A,A,1,0,0,0,0,.,198,1,cHW,cM+W,2.90,2.30,2.95,2.56,4.78,2.52,2.25,4.31,BII,anti,.,0.54,0.68,3.42,1.89,2.97,1.95,2.15,1.51,5.92,0.61,5.68,0.41,6.25,36.14,2.87,C2'-endo
51,51,0.12,G,G,G,0,0,1,0,0,[,205,1,cWW,cW-W,0.72,3.01,0.79,1.44,3.65,5.14,4.79,3.16,BI,anti,.,4.66,4.66,5.59,4.25,5.51,4.09,6.13,4.31,0.10,5.82,0.63,5.69,0.31,36.70,0.17,C3'-endo
52,52,0.12,G,G,G,0,0,1,0,0,[,204,1,cWW,cW-W,3.06,3.16,2.93,1.43,3.90,5.07,5.11,3.19,BI,anti,A,4.70,4.71,2.90,3.49,3.18,3.60,3.78,4.33,0.07,5.84,0.63,5.68,0.34,36.81,0.22,C3'-endo
53,53,0.13,C,C,C,0,1,0,0,0,[,203,1,cWW,cW-W,5.18,3.10,0.88,1.41,3.51,5.09,4.70,3.51,BI,anti,.,4.39,4.55,2.88,4.13,3.21,3.93,4.17,4.25,0.02,5.88,0.61,5.67,0.37,36.65,0.29,C3'-endo
54,54,0.13,A,A,A,1,0,0,0,0,[,202,1,cWW,cW-W,2.85,3.29,2.83,1.42,3.64,5.03,4.89,3.49,BI,anti,A,4.45,4.64,2.63,3.34,2.96,3.36,3.65,3.88,0.07,5.84,0.64,5.67,0.35,37.37,0.23,C3'-endo
55,55,0.13,G,G,G,0,0,1,0,0,[,201,1,cWW,cW-W,5.16,2.96,0.97,1.40,4.14,5.79,4.64,3.48,..,anti,.,4.35,4.78,3.02,4.40,3.22,4.19,3.90,4.37,0.06,5.83,0.65,5.65,0.37,38.51,0.24,C3'-endo
56,56,0.13,A,A,A,1,0,0,0,0,[,200,1,cWW,cW-W,4.22,1.61,2.90,1.43,4.50,4.81,5.97,3.30,..,anti,.,4.48,4.75,3.18,3.50,3.31,3.56,3.81,3.98,0.06,5.84,0.63,5.67,0.35,37.00,0.23,C3'-endo
57,57,0.14,A,A,A,1,0,0,0,0,[,199,1,cWW,cW-W,1.32,4.13,4.32,1.44,4.42,5.43,5.27,3.23,..,anti,.,4.53,4.67,3.07,3.81,3.28,4.32,3.91,5.51,0.02,5.89,0.59,5.69,0.36,35.34,0.29,C3'-endo
58,58,0.14,G,G,G,0,0,1,0,0,.,59,1,cSH,cm+M,5.49,2.81,0.95,2.56,3.85,2.43,1.41,4.42,..,anti,.,1.70,1.74,2.77,2.24,3.92,1.88,5.20,2.24,5.89,0.64,5.66,0.41,6.27,37.47,2.84,C2'-endo
59,59,0.14,U,U,U,0,0,0,1,0,.,"49,58",2,"tWH,cHS","tW-M,cM+m",4.80,2.69,0.67,1.48,3.82,4.99,5.12,3.22,BI,anti,A,4.52,4.57,2.88,3.93,2.74,3.96,2.89,4.44,0.03,5.91,0.56,5.72,0.34,33.43,0.28,C3'-endo
60,60,0.14,A,A,A,1,0,0,0,0,.,48,1,tHS,tM-m,5.18,3.01,0.92,1.42,4.11,5.05,5.35,3.39,..,anti,.,4.47,4.71,3.02,4.14,3.25,4.24,3.98,5.15,0.01,5.89,0.61,5.67,0.38,36.51,0.31,C3'-endo
61,61,0.15,A,A,A,1,0,0,0,0,),47,1,cWW,cW-W,5.27,2.73,0.97,1.44,3.87,4.73,5.42,3.32,BI,anti,A,4.62,4.70,2.79,3.67,3.27,3.65,4.57,3.96,0.07,5.84,0.62,5.69,0.33,36.45,0.22,C3'-endo
62,62,0.15,C,C,C,0,1,0,0,0,),46,1,cWW,cW-W,5.21,2.65,1.10,1.39,3.69,5.01,4.96,3.52,BI,anti,A,4.40,4.67,2.88,3.79,3.13,3.73,3.73,4.14,0.07,5.82,0.66,5.64,0.36,39.00,0.22,C3'-endo
63,63,0.15,A,A,A,1,0,0,0,0,),45,1,cWW,cW-W,5.05,3.11,0.93,1.43,3.74,4.98,5.04,3.43,BI,anti,A,4.53,4.68,2.90,3.77,3.10,3.81,3.80,4.30,0.09,5.82,0.64,5.68,0.33,37.25,0.20,C3'-endo
64,64,0.15,G,G,G,0,0,1,0,0,),44,1,cWW,cW-W,5.16,2.95,0.99,1.41,3.92,5.11,5.10,3.44,BI,anti,A,4.47,4.71,2.97,4.02,3.20,4.02,3.93,4.61,0.05,5.85,0.63,5.66,0.36,37.48,0.25,C3'-endo
65,65,0.16,U,U,U,0,0,0,1,0,),43,1,cWW,cW-W,5.07,2.87,1.11,1.39,4.31,0.77,3.53,3.43,..,anti,.,4.29,4.66,2.97,5.93,3.27,5.51,4.14,5.39,6.23,5.93,0.59,5.65,0.43,36.78,0.40,C3'-endo
66,66,0.16,U,U,U,0,0,0,1,0,.,121,1,tWW,tW+W,4.30,5.03,5.45,1.47,3.40,4.93,4.75,3.47,BI,anti,A,4.37,4.47,2.16,2.35,2.63,2.73,3.31,3.20,0.07,5.86,0.60,5.70,0.32,35.34,0.22,C3'-endo
67,67,0.16,A,A,A,1,0,0,0,0,.,"120,248",2,"tHS,tWS","tM-m,tW+m",5.08,2.97,1.17,1.50,4.03,5.52,4.79,3.72,..,anti,.,3.80,4.62,3.18,5.10,3.31,4.99,3.59,5.44,0.04,5.90,0.57,5.72,0.33,33.61,0.26,C3'-endo
68,68,0.16,G,G,G,0,0,1,0,0,(,119,1,cWW,cW-W,1.96,3.60,3.71,1.39,3.72,4.95,5.05,3.21,BI,anti,A,4.66,4.67,2.81,2.97,3.42,3.18,4.49,3.67,0.05,5.84,0.65,5.65,0.37,38.31,0.26,C3'-endo
69,69,0.16,C,C,C,0,1,0,0,0,(,118,1,cWW,cW-W,5.30,3.15,0.77,1.36,3.11,4.93,4.46,3.53,BI,anti,A,4.32,4.40,2.95,3.72,3.17,3.66,3.78,3.93,0.04,5.83,0.67,5.62,0.39,39.49,0.26,C3'-endo
70,70,0.17,C,C,C,0,1,0,0,0,(,117,1,cWW,cW-W,2.98,3.68,2.86,1.43,4.21,4.94,5.55,3.23,..,anti,A,4.66,4.76,3.09,3.85,3.29,3.88,3.80,4.64,0.08,5.84,0.62,5.69,0.32,36.43,0.20,C3'-endo
71,71,0.17,U,U,U,0,0,0,1,0,.,116,1,tW.,tW-.,5.35,2.79,0.90,1.41,4.08,3.44,0.65,3.44,..,anti,.,4.35,4.67,2.89,2.68,3.26,2.51,4.31,1.99,6.28,5.89,0.61,5.66,0.40,36.86,0.33,C3'-endo
72,72,0.17,A,A,A,1,0,0,0,0,.,"368,373",2,"cHS,c.W","cM+m,c.-W",2.99,3.48,0.94,2.54,4.52,4.69,6.11,4.28,..,anti,.,1.01,0.99,1.72,4.95,1.77,4.70,1.50,5.23,5.86,0.66,5.65,0.40,0.01,38.31,2.80,C2'-endo
73,73,0.17,A,A,A,1,0,0,0,0,.,114,1,tHS,tM-m,5.08,3.61,0.92,1.43,4.00,5.28,5.00,3.22,BI,anti,.,4.70,4.74,3.26,4.25,3.73,4.38,4.00,5.37,0.07,5.84,0.63,5.68,0.33,36.64,0.21,C3'-endo
74,74,0.18,C,C,C,0,1,0,0,0,(,113,1,cWW,cW-W,5.16,2.98,0.90,1.40,3.60,5.04,4.85,3.43,BI,anti,A,4.50,4.62,2.73,3.69,3.24,3.69,4.66,4.03,0.04,5.85,0.64,5.66,0.37,37.72,0.26,C3'-endo
75,75,0.18,G,G,G,0,0,1,0,0,(,112,1,cWW,cW-W,5.10,3.10,0.93,1.36,3.70,5.14,4.85,3.27,BI,anti,A,4.68,4.69,2.92,3.81,3.11,3.86,3.70,4.51,0.05,5.83,0.67,5.62,0.38,39.64,0.25,C3'-endo
76,76,0.18,C,C,C,0,1,0,0,0,(,111,1,cWW,cW-W,5.11,3.16,0.96,1.40,3.80,5.32,4.76,3.50,BI,anti,.,4.40,4.68,2.98,4.10,3.23,4.20,4.12,5.15,0.04,5.85,0.64,5.65,0.37,38.06,0.26,C3'-endo
77,77,0.18,A,A,A,1,0,0,0,0,.,109,1,cSW,cm-W,5.15,3.07,0.96,1.43,3.40,4.31,5.38,3.81,BI,anti,.,3.88,4.53,2.87,2.91,3.37,2.89,4.68,2.88,0.08,5.84,0.63,5.68,0.33,36.79,0.21,C3'-endo
78,78,0.19,A,A,A,1,0,0,0,0,.,104,1,tHS,tM-m,5.29,2.72,0.99,1.43,4.12,5.29,5.11,3.57,..,anti,.,4.19,4.80,3.11,4.43,3.01,4.51,2.92,5.23,0.11,5.80,0.65,5.68,0.31,37.95,0.16,C3'-endo
79,79,0.19,C,C,C,0,1,0,0,0,(,103,1,cWW,cW-W,5.22,2.81,1.10,1.40,3.68,5.17,4.79,3.42,BI,anti,A,4.56,4.69,2.80,3.93,3.44,3.90,4.71,4.37,0.08,5.81,0.66,5.65,0.35,38.79,0.21,C3'-endo
80,80,0.19,U,U,U,0,0,0,1,0,(,102,1,cWW,cW-W,5.12,3.02,1.06,1.37,3.43,4.83,4.89,3.48,BI,anti,.,4.45,4.56,2.94,3.33,3.29,3.33,4.16,3.41,0.01,5.86,0.65,5.63,0.41,39.00,0.30,C3'-endo
81,81,0.19,G,G,G,0,0,1,0,0,(,101,1,cWW,cW-W,5.17,3.23,0.85,1.36,3.76,4.93,5.11,3.43,BI,anti,A,4.52,4.70,3.07,3.70,3.05,3.78,3.17,4.49,0.04,5.84,0.66,5.63,0.39,39.04,0.27,C3'-endo
82,82,0.20,C,C,C,0,1,0,0,0,(,100,1,cWW,cW-W,5.45,2.89,0.75,1.37,3.36,5.05,4.60,3.63,BI,anti,A,4.24,4.55,2.89,4.03,3.18,3.90,4.13,4.20,0.07,5.82,0.67,5.64,0.36,39.20,0.23,C3'-endo
83,not resolved,0.20,-,-,-,0,0,0,0,1,,,0,,,,,,,,,,,,,,,,,,,,,,,,,,,,,
84,84,0.20,G,G,G,0,0,1,0,0,(,99,1,cWW,cW-W,2.88,3.48,2.97,1.42,4.24,4.62,5.91,3.11,..,anti,A,4.74,4.77,3.01,3.44,3.25,3.53,3.89,4.07,0.09,5.83,0.63,5.68,0.33,37.03,0.20,C3'-endo
85,85,0.20,C,C,C,0,1,0,0,0,(,98,1,cWW,cW-W,5.44,2.77,0.73,1.37,3.75,5.01,5.03,3.45,BI,anti,A,4.51,4.70,2.81,3.80,3.04,3.82,3.76,4.33,0.06,5.83,0.66,5.64,0.36,38.66,0.23,C3'-endo
86,86,0.21,C,C,C,0,1,0,0,0,(,97,1,cWW,cW-W,5.25,3.05,0.85,1.41,3.50,5.11,4.67,3.54,BI,anti,A,4.38,4.58,2.90,3.67,3.16,3.66,3.93,3.93,0.05,5.85,0.64,5.66,0.36,37.66,0.25,C3'-endo
87,87,0.21,G,G,G,0,0,1,0,0,(,96,1,cWW,cW-W,5.09,2.95,1.12,1.35,3.71,5.06,4.93,3.30,BI,anti,A,4.62,4.65,2.98,3.78,3.22,3.80,3.75,4.58,6.27,5.88,0.64,5.62,0.42,38.93,0.34,C3'-endo
88,88,0.21,U,U,U,0,0,0,1,0,(,95,1,cWW,cW-W,5.17,2.98,0.96,1.41,3.58,5.06,4.80,3.45,BI,anti,A,4.51,4.63,2.88,3.73,3.20,3.71,4.30,4.04,0.07,5.82,0.66,5.65,0.35,38.47,0.22,C3'-endo
89,89,0.21,G,G,G,0,0,1,0,0,(,94,1,cWW,cW-W,5.15,3.17,0.81,1.39,3.78,5.00,5.07,3.45,BI,anti,A,4.47,4.67,2.92,3.77,3.08,3.83,3.65,4.38,0.05,5.84,0.64,5.65,0.37,38.10,0.25,C3'-endo
90,90,0.21,G,G,G,0,0,1,0,0,.,93,1,tSH,tm-M,5.24,3.03,0.82,1.36,3.96,5.39,4.85,3.57,BI,anti,.,4.22,4.75,2.90,4.57,3.10,3.75,3.85,2.83,0.05,5.82,0.67,5.63,0.38,39.53,0.25,C3'-endo
91,91,0.22,C,C,C,0,1,0,0,0,.,,0,,,2.79,2.38,1.07,1.46,4.04,5.06,5.27,3.55,BI,anti,.,4.12,4.57,0.12,4.21,0.77,4.20,0.45,5.04,6.23,5.96,0.55,5.69,0.41,34.19,0.41,C3'-endo
92,92,0.22,G,G,G,0,0,1,0,0,.,273,1,cSS,cm-m,5.26,2.82,1.01,1.47,3.60,4.92,4.97,3.82,BI,anti,.,3.74,4.50,2.86,3.68,3.36,3.65,4.56,4.05,0.04,5.89,0.58,5.71,0.34,34.44,0.26,C3'-endo
93,93,0.22,A,A,A,1,0,0,0,0,.,"90,281",2,"tHS,tSS","tM-m,tm+m",5.17,3.01,0.90,1.48,3.77,5.15,4.91,4.20,BI,anti,.,2.43,4.63,2.98,4.76,3.17,4.84,3.73,5.36,0.07,5.87,0.58,5.73,0.31,33.83,0.21,C3'-endo
94,94,0.22,C,C,C,0,1,0,0,0,),89,1,cWW,cW-W,2.60,4.11,3.00,1.44,3.82,4.85,5.26,3.42,BI,anti,A,4.54,4.71,2.87,3.55,3.71,3.47,4.69,3.89,0.10,5.82,0.63,5.69,0.32,36.95,0.18,C3'-endo
95,95,0.23,A,A,A,1,0,0,0,0,),88,1,cWW,cW-W,5.37,2.87,0.92,1.43,3.89,5.05,5.12,3.53,BI,anti,.,4.35,4.72,3.06,4.01,3.29,4.16,3.95,4.81,0.09,5.82,0.65,5.67,0.33,37.69,0.19,C3'-endo
96,96,0.23,U,U,U,0,0,0,1,0,),87,1,cWW,cW-W,5.43,3.00,1.02,2.57,3.98,3.68,0.30,4.36,..,anti,.,1.56,1.58,3.20,3.45,3.88,3.10,4.65,3.71,5.89,0.65,5.64,0.43,6.25,38.39,2.86,C2'-endo
97,97,0.23,G,G,G,0,0,1,0,0,),86,1,cWW,cW-W,4.59,2.76,0.73,1.41,3.67,5.07,4.88,3.37,BI,anti,A,4.61,4.68,2.53,3.84,2.45,3.85,3.25,4.35,0.10,5.80,0.66,5.66,0.33,38.55,0.18,C3'-endo
98,98,0.23,G,G,G,0,0,1,0,0,),85,1,cWW,cW-W,5.22,3.01,0.94,1.41,3.83,5.07,5.05,3.28,BI,anti,A,4.67,4.71,2.98,3.90,3.24,3.92,4.06,4.54,0.07,5.83,0.65,5.66,0.35,37.91,0.22,C3'-endo
99,99,0.24,C,C,C,0,1,0,0,0,),84,1,cWW,cW-W,5.04,2.92,1.11,1.36,3.56,4.90,4.94,3.43,BI,anti,A,4.53,4.64,2.83,3.52,3.16,3.50,4.14,3.66,0.03,5.84,0.66,5.63,0.39,39.35,0.28,C3'-endo
100,100,0.24,G,G,G,0,0,1,0,0,),82,1,cWW,cW-W,5.27,2.99,0.94,1.39,3.77,5.04,5.01,3.44,BI,anti,A,4.47,4.65,3.05,3.82,3.18,3.86,3.51,4.54,0.01,5.87,0.63,5.64,0.40,37.87,0.31,C3'-endo
101,101,0.24,U,U,U,0,0,0,1,0,),81,1,cWW,cW-W,5.29,2.97,0.83,1.38,3.33,5.14,4.47,3.67,BI,anti,.,4.16,4.49,2.84,3.96,3.17,3.70,4.16,3.69,0.03,5.85,0.64,5.64,0.38,38.33,0.28,C3'-endo
102,102,0.24,G,G,G,0,0,1,0,0,),80,1,cWW,cW-W,2.78,3.05,3.03,1.40,3.81,5.07,5.02,3.20,BI,anti,A,4.75,4.75,2.72,3.34,2.86,3.48,3.19,4.12,0.13,5.77,0.68,5.67,0.31,39.05,0.13,C3'-endo
103,103,0.25,G,G,G,0,0,1,0,0,),79,1,cWW,cW-W,5.27,3.07,0.94,1.39,3.86,5.23,4.91,3.33,BI,anti,.,4.64,4.74,3.03,4.06,3.31,4.12,4.12,5.00,0.08,5.81,0.66,5.65,0.35,38.75,0.21,C3'-endo
104,104,0.25,G,G,G,0,0,1,0,0,.,78,1,tSH,tm-M,5.03,3.01,1.08,1.46,4.93,1.63,3.30,3.36,..,anti,.,4.13,4.67,3.20,1.61,3.51,1.59,4.64,1.19,0.09,5.81,0.64,5.68,0.32,37.49,0.18,C3'-endo
105,105,0.25,A,A,A,1,0,0,0,0,.,,0,,,2.87,3.70,1.22,1.47,4.17,2.78,1.39,5.24,BII,anti,.,-2.77,4.77,2.43,2.71,2.48,2.44,2.52,1.86,0.11,5.81,0.64,5.69,0.31,37.00,0.16,C3'-endo
106,106,0.25,A,A,A,1,0,0,0,0,.,374,1,tSS,tm+m,2.12,4.60,0.91,1.40,3.50,4.17,5.61,3.37,BI,anti,.,4.45,4.48,1.45,2.84,1.25,3.18,1.62,4.10,6.23,5.94,0.58,5.65,0.43,36.29,0.40,C3'-endo
107,107,0.26,G,G,G,0,0,1,0,0,>,4,1,cWW,cW-W,5.52,3.30,1.16,1.46,4.31,2.90,1.40,1.82,BII,...,.,1.93,4.73,4.05,1.53,3.71,2.74,3.55,3.28,0.09,5.83,0.62,5.70,0.31,36.22,0.18,C3'-endo
108,108,0.26,G,G,G,0,0,1,0,0,},11,1,cWW,cW-W,4.40,4.12,1.01,2.58,4.04,3.23,0.81,4.26,BII,anti,.,1.45,1.48,4.16,3.71,3.23,3.48,1.85,3.41,5.89,0.65,5.65,0.43,6.26,38.18,2.85,C2'-endo
109,109,0.26,A,A,A,1,0,0,0,0,.,77,1,cWS,cW-m,0.85,2.58,1.07,1.52,3.93,1.20,2.73,3.38,..,anti,.,4.43,4.59,5.19,0.62,5.18,0.36,5.46,0.53,0.04,5.91,0.55,5.74,0.32,32.44,0.26,C3'-endo
110,110,0.26,A,A,A,1,0,0,0,0,.,259,1,cHW,cM+W,1.08,3.45,5.12,2.56,3.96,1.03,2.93,1.00,..,syn,.,-1.64,1.64,4.26,0.52,4.70,0.46,4.87,0.21,5.89,0.64,5.65,0.42,6.26,37.72,2.84,C2'-endo
111,111,0.26,G,G,G,0,0,1,0,0,),76,1,cWW,cW-W,1.12,3.45,5.32,1.45,3.66,5.11,4.83,3.27,BI,anti,A,4.62,4.63,4.09,3.12,4.17,3.39,4.88,4.21,0.07,5.84,0.62,5.68,0.33,36.51,0.21,C3'-endo
112,112,0.27,C,C,C,0,1,0,0,0,),75,1,cWW,cW-W,4.99,3.25,0.92,1.40,3.69,5.13,4.85,3.44,BI,anti,A,4.54,4.70,2.90,3.82,3.12,3.84,3.92,4.29,0.09,5.80,0.66,5.66,0.34,38.74,0.19,C3'-endo
113,113,0.27,G,G,G,0,0,1,0,0,),74,1,cWW,cW-W,5.12,3.03,0.92,1.34,3.41,5.20,4.49,3.48,BI,anti,.,4.45,4.57,2.80,4.21,3.10,4.17,3.87,4.83,0.03,5.83,0.68,5.61,0.40,40.28,0.28,C3'-endo
114,114,0.27,G,G,G,0,0,1,0,0,.,73,1,tSH,tm-M,2.86,3.65,2.95,1.44,4.23,3.50,0.73,3.07,..,anti,.,4.61,4.66,3.05,2.38,3.47,2.55,4.56,2.64,0.02,5.89,0.59,5.69,0.36,35.40,0.29,C3'-endo
115,115,0.27,A,A,A,1,0,0,0,0,.,,0,,,5.43,2.31,0.81,1.39,3.90,5.17,5.01,3.29,BI,anti,.,4.60,4.66,3.13,4.20,3.03,4.15,2.81,4.88,6.28,5.90,0.61,5.66,0.40,36.71,0.33,C3'-endo
116,116,0.28,C,C,C,0,1,0,0,0,.,71,1,t.W,t.-W,5.29,3.14,0.61,1.37,3.57,5.17,4.69,3.51,BI,anti,.,4.42,4.62,2.74,4.34,3.08,4.41,4.27,5.12,0.06,5.83,0.66,5.64,0.37,38.99,0.24,C3'-endo
117,117,0.28,G,G,G,0,0,1,0,0,),70,1,cWW,cW-W,2.71,3.83,3.00,1.42,4.05,4.89,5.44,3.16,BI,anti,A,4.72,4.74,2.94,3.63,3.53,3.62,4.73,4.16,0.08,5.83,0.63,5.68,0.33,36.98,0.21,C3'-endo
118,118,0.28,G,G,G,0,0,1,0,0,),69,1,cWW,cW-W,5.31,2.92,0.79,1.34,3.65,5.05,4.88,3.33,BI,anti,A,4.64,4.68,2.78,3.68,3.06,3.71,3.93,4.17,0.05,5.82,0.68,5.61,0.39,40.52,0.25,C3'-endo
119,119,0.28,C,C,C,0,1,0,0,0,),68,1,cWW,cW-W,5.10,3.06,1.04,1.33,3.52,5.21,4.59,3.44,BI,anti,A,4.53,4.64,2.91,3.73,3.14,3.76,3.89,4.29,0.08,5.78,0.72,5.59,0.38,42.08,0.22,C3'-endo
120,120,0.29,A,A,A,1,0,0,0,0,.,67,1,tSH,tm-M,5.10,3.25,1.05,1.43,4.45,3.41,1.04,3.51,BII,anti,.,4.08,4.75,3.32,2.61,3.49,3.07,4.13,3.14,0.07,5.84,0.63,5.67,0.34,37.12,0.23,C3'-endo
121,121,0.29,A,A,A,1,0,0,0,0,.,"24,66",2,"tH.,tWW","tM-.,tW+W",5.39,2.98,0.61,2.53,4.65,2.79,1.86,1.03,BII,syn,.,-0.84,0.81,3.83,2.88,3.62,2.93,3.12,3.56,5.85,0.66,5.66,0.39,0.02,38.36,2.78,C2'-endo
122,122,0.29,A,A,A,1,0,0,0,0,.,244,1,tHS,tM-m,5.19,3.08,0.91,1.42,4.25,5.18,5.35,3.49,..,anti,.,4.28,4.79,4.10,4.36,3.84,4.49,3.69,5.37,0.08,5.82,0.64,5.67,0.34,37.60,0.20,C3'-endo
123,123,0.29,C,C,C,0,1,0,0,0,(,243,1,cWW,cW-W,5.22,2.70,1.13,1.39,3.54,4.99,4.83,3.50,BI,anti,A,4.46,4.62,2.71,3.64,3.35,3.55,4.70,3.73,0.04,5.84,0.65,5.64,0.38,38.54,0.27,C3'-endo
124,124,0.30,C,C,C,0,1,0,0,0,(,242,1,cWW,cW-W,5.15,3.14,0.88,1.38,3.73,4.96,5.06,3.50,BI,anti,A,4.44,4.70,2.97,3.67,3.09,3.73,3.50,4.16,0.06,5.83,0.65,5.64,0.37,38.61,0.24,C3'-endo
125,125,0.30,U,U,U,0,0,0,1,0,(,241,1,cWW,cW-W,5.24,3.04,0.85,1.39,3.76,4.94,5.10,3.49,BI,anti,A,4.44,4.69,2.95,3.72,3.15,3.76,3.75,4.27,0.06,5.83,0.65,5.65,0.36,38.40,0.24,C3'-endo
126,126,0.30,U,U,U,0,0,0,1,0,(,240,1,cWW,cW-W,5.29,2.94,0.85,1.39,3.57,4.94,4.91,3.44,BI,anti,A,4.53,4.64,2.88,3.59,3.13,3.59,3.89,3.85,0.08,5.81,0.66,5.65,0.35,38.91,0.21,C3'-endo
127,127,0.30,C,C,C,0,1,0,0,0,(,239,1,cWW,cW-W,5.25,2.95,0.99,1.37,3.46,5.26,4.47,3.49,BI,anti,.,4.45,4.58,2.99,4.14,3.20,3.91,3.69,4.01,0.04,5.85,0.65,5.64,0.38,38.51,0.27,C3'-endo
128,128,0.31,G,G,G,0,0,1,0,0,(,"174,238",2,"tSS,cWW","tm+m,cW-W",2.92,3.04,3.09,1.42,4.12,4.87,5.53,3.10,..,anti,.,4.74,4.74,2.96,3.34,3.14,3.53,3.57,4.51,0.05,5.85,0.62,5.67,0.35,36.80,0.25,C3'-endo
129,129,0.31,G,G,G,0,0,1,0,0,(,234,1,cWW,cW-W,5.23,2.70,1.04,1.42,3.82,5.06,5.04,3.39,BI,anti,A,4.58,4.72,2.82,3.97,3.20,3.95,4.40,4.57,0.09,5.81,0.65,5.67,0.33,37.95,0.19,C3'-endo
130,130,0.31,U,U,U,0,0,0,1,0,(,233,1,cWW,cW-W,5.22,2.92,0.96,1.41,3.60,5.01,4.88,3.38,BI,anti,A,4.57,4.63,2.88,3.70,3.24,3.70,4.27,4.11,0.06,5.83,0.64,5.66,0.35,37.78,0.23,C3'-endo
131,131,0.31,C,C,C,0,1,0,0,0,(,232,1,cWW,cW-W,5.16,3.04,0.98,1.42,3.64,4.95,4.98,3.45,BI,anti,A,4.50,4.63,2.99,3.67,3.21,3.68,3.87,4.02,0.06,5.84,0.64,5.66,0.36,37.54,0.24,C3'-endo
132,132,0.32,U,U,U,0,0,0,1,0,(,231,1,cWW,cW-W,5.23,2.97,0.94,1.40,3.75,4.99,5.05,3.50,BI,anti,A,4.42,4.68,2.99,3.76,3.19,3.75,3.75,4.13,0.05,5.83,0.65,5.65,0.37,38.43,0.25,C3'-endo
133,133,0.32,G,G,G,0,0,1,0,0,(,230,1,cWW,cW-W,5.04,3.08,0.90,1.39,4.21,1.08,3.13,3.50,..,anti,.,4.26,4.77,2.92,0.49,3.05,0.61,3.61,4.45,0.05,5.83,0.66,5.64,0.37,38.80,0.25,C3'-endo
134,134,0.32,A,A,A,1,0,0,0,0,.,142,1,tHS,tM-m,3.21,3.92,2.89,1.45,3.73,5.36,4.66,3.31,BI,anti,.,4.59,4.63,3.95,3.96,4.46,3.90,0.93,4.85,0.06,5.86,0.61,5.69,0.33,35.72,0.23,C3'-endo
135,135,0.32,G,G,G,0,0,1,0,0,(,141,1,cWW,cW-W,4.99,3.12,0.93,1.47,4.01,5.15,5.14,3.56,BI,anti,.,4.24,4.73,2.87,4.19,3.29,4.25,4.63,5.07,0.09,5.83,0.61,5.71,0.31,35.75,0.18,C3'-endo
136,136,0.32,G,G,G,0,0,1,0,0,.,"139,140",2,"tSH,tSH","tm-M,tm-M",5.19,2.97,0.88,1.42,4.42,4.98,5.72,3.62,..,anti,.,3.82,4.76,2.95,4.19,3.31,3.89,4.38,3.48,0.04,5.86,0.62,5.67,0.36,36.85,0.26,C3'-endo
137,137,0.33,A,A,A,1,0,0,0,0,.,,0,,,5.83,3.81,2.24,1.43,5.00,1.49,3.51,3.18,..,anti,.,4.23,4.47,5.60,1.67,5.87,1.26,5.86,0.96,0.02,5.88,0.60,5.68,0.37,35.98,0.29,C3'-endo
138,138,0.33,A,A,A,1,0,0,0,0,.,"150,224",2,"tHW,cWS","tM-W,cW-m",1.11,3.43,2.97,1.44,4.11,1.59,2.52,4.75,..,anti,.,-0.47,4.71,2.26,0.60,2.30,0.22,2.58,0.19,0.04,5.87,0.60,5.68,0.35,35.83,0.26,C3'-endo
139,139,0.33,C,C,C,0,1,0,0,0,.,136,1,tHS,tM-m,1.27,3.04,3.17,1.41,4.17,4.96,5.49,3.49,..,anti,.,4.31,4.76,2.09,3.44,2.37,3.64,3.02,4.65,0.05,5.85,0.63,5.66,0.36,37.41,0.25,C3'-endo
140,140,0.33,A,A,A,1,0,0,0,0,.,136,1,tHS,tM-m,5.17,2.67,1.09,1.44,4.08,5.14,5.23,3.34,..,anti,.,4.62,4.78,2.81,4.28,3.24,4.32,4.46,5.09,0.10,5.81,0.64,5.68,0.32,37.20,0.17,C3'-endo
141,141,0.34,C,C,C,0,1,0,0,0,),135,1,cWW,cW-W,5.31,2.84,0.94,1.43,3.86,5.29,4.85,3.38,BI,anti,.,4.59,4.72,2.86,4.21,3.36,4.27,4.63,5.05,0.10,5.81,0.64,5.68,0.32,37.44,0.17,C3'-endo
142,142,0.34,G,G,G,0,0,1,0,0,.,134,1,tSH,tm-M,5.20,3.02,1.01,1.43,3.90,5.17,5.02,3.65,BI,anti,.,4.05,4.70,2.99,4.29,3.45,3.52,4.62,2.47,0.04,5.87,0.61,5.68,0.36,36.45,0.26,C3'-endo
143,143,0.34,A,A,A,1,0,0,0,0,.,"361,383",2,"cWS,cHS","cW-m,cM+m",3.13,2.62,0.81,1.43,3.87,4.97,5.19,3.42,BI,anti,.,4.50,4.70,0.44,3.96,0.87,3.98,0.50,4.74,0.05,5.86,0.61,5.69,0.34,36.10,0.24,C3'-endo
144,144,0.34,A,A,A,1,0,0,0,0,.,383,1,cWS,cW+m,5.31,2.81,0.92,1.46,3.93,3.16,0.77,3.55,BII,anti,.,4.27,4.71,2.94,2.33,3.27,2.25,4.35,2.72,0.08,5.84,0.62,5.69,0.32,36.18,0.20,C3'-endo
145,145,0.35,C,C,C,0,1,0,0,0,(,229,1,cWW,cW-W,0.79,3.71,5.24,1.42,3.87,4.96,5.19,3.42,BI,anti,A,4.47,4.65,3.87,3.00,3.42,3.30,2.81,4.02,0.02,5.88,0.61,5.67,0.37,36.49,0.29,C3'-endo
146,146,0.35,U,U,U,0,0,0,1,0,(,228,1,cWW,cW-W,5.33,3.13,0.68,1.39,3.71,5.02,4.97,3.38,BI,anti,A,4.55,4.65,2.91,3.70,3.12,3.76,3.81,4.21,0.04,5.85,0.63,5.66,0.37,37.64,0.26,C3'-endo
147,147,0.35,U,U,U,0,0,0,1,0,(,227,1,cWW,cW-W,5.28,3.09,0.75,1.36,3.36,4.98,4.66,3.51,BI,anti,.,4.40,4.53,2.88,3.90,3.11,3.78,3.77,4.19,0.02,5.86,0.64,5.63,0.39,38.51,0.29,C3'-endo
148,148,0.35,C,C,C,0,1,0,0,0,(,226,1,cWW,cW-W,2.83,3.47,2.89,1.43,3.83,4.98,5.13,3.52,BI,anti,A,4.39,4.72,2.80,3.50,3.08,3.53,3.80,4.03,0.10,5.82,0.64,5.69,0.31,37.09,0.17,C3'-endo
149,149,0.36,A,A,A,1,0,0,0,0,(,225,1,cWW,cW-W,5.32,3.03,0.81,1.40,3.94,4.96,5.25,3.31,BI,anti,A,4.65,4.75,2.99,3.88,3.21,3.95,3.92,4.59,0.08,5.81,0.66,5.65,0.35,38.62,0.21,C3'-endo
150,150,0.36,U,U,U,0,0,0,1,0,.,138,1,tWH,tW-M,5.23,2.94,0.92,1.42,4.11,3.87,0.24,3.39,..,anti,.,4.51,4.75,2.97,2.89,3.22,3.25,4.08,2.80,0.05,5.85,0.63,5.67,0.35,36.95,0.25,C3'-endo
151,151,0.36,A,A,A,1,0,0,0,0,.,,0,,,5.39,3.00,0.67,2.59,4.32,0.63,3.69,4.46,..,anti,.,0.87,1.26,3.44,1.09,3.40,0.17,2.74,5.97,6.00,0.55,5.68,0.45,6.17,34.71,3.00,C2'-endo
152,152,0.36,U,U,U,0,0,0,1,0,.,,0,,,2.74,3.28,0.55,2.49,4.43,5.45,5.27,3.89,..,anti,.,1.20,1.19,0.84,5.53,1.48,5.44,1.73,5.81,5.86,0.64,5.68,0.37,0.03,36.91,2.77,C2'-endo
153,153,0.37,G,G,G,0,0,1,0,0,.,224,1,tSH,tm-M,5.15,3.55,0.96,2.54,4.32,1.94,2.38,4.26,..,anti,.,1.19,1.27,3.20,1.97,4.13,1.84,4.35,2.46,5.92,0.61,5.68,0.41,6.25,36.23,2.86,C2'-endo
154,154,0.37,A,A,A,1,0,0,0,0,.,222,1,tHW,tM-W,4.83,2.88,0.81,1.43,4.39,5.16,5.52,3.21,..,anti,.,4.69,4.81,3.35,4.49,3.27,4.60,3.41,5.50,0.12,5.80,0.65,5.69,0.30,37.39,0.15,C3'-endo
155,155,0.37,G,G,G,0,0,1,0,0,[,180,1,cWW,cW-W,5.23,2.67,1.09,1.37,3.63,5.05,4.87,3.39,BI,anti,A,4.58,4.66,2.62,3.78,3.27,3.73,4.73,4.26,0.04,5.83,0.67,5.62,0.39,39.72,0.26,C3'-endo
156,156,0.37,G,G,G,0,0,1,0,0,(,221,1,cWW,cW-W,5.21,2.99,0.96,1.40,3.73,5.10,4.91,3.37,BI,anti,A,4.57,4.67,2.98,3.88,3.23,3.92,4.10,4.66,0.06,5.84,0.65,5.65,0.36,38.09,0.24,C3'-endo
157,157,0.37,C,C,C,0,1,0,0,0,(,220,1,cWW,cW-W,5.23,2.95,0.96,1.43,3.59,5.09,4.79,3.44,BI,anti,A,4.48,4.60,2.92,3.78,3.27,3.78,4.36,4.19,0.05,5.85,0.62,5.68,0.35,36.68,0.24,C3'-endo
158,158,0.38,U,U,U,0,0,0,1,0,(,219,1,cWW,cW-W,4.94,3.29,0.92,1.43,3.72,5.03,4.97,3.43,BI,anti,.,4.53,4.68,2.90,3.75,3.08,3.74,3.73,5.05,0.07,5.84,0.63,5.68,0.34,36.92,0.22,C3'-endo
159,159,0.38,A,A,A,1,0,0,0,0,.,218,1,cHW,cM+W,5.24,3.36,0.48,1.35,3.53,5.10,4.71,0.78,BI,syn,.,-3.56,4.53,2.79,4.06,2.87,4.06,4.40,3.26,6.23,5.92,0.62,5.62,0.45,38.31,0.40,C3'-endo
160,160,0.38,G,G,G,0,0,1,0,0,.,217,1,cWW,cW-W,2.54,3.57,3.26,1.36,3.65,4.88,5.05,3.28,BI,anti,A,4.67,4.68,2.90,3.07,3.30,3.16,2.83,3.56,0.07,5.80,0.69,5.62,0.37,40.39,0.22,C3'-endo
161,161,0.38,G,G,G,0,0,1,0,0,(,216,1,cWW,cW-W,5.31,2.99,0.95,1.40,3.69,5.07,4.90,3.30,BI,anti,A,4.64,4.67,3.06,3.79,3.22,3.81,3.74,4.18,0.06,5.83,0.65,5.66,0.36,38.04,0.23,C3'-endo
162,162,0.39,U,U,U,0,0,0,1,0,(,215,1,cWW,cW-W,5.17,3.18,0.88,1.38,3.68,5.09,4.88,3.53,BI,anti,A,4.38,4.64,2.97,3.75,3.18,3.78,3.79,4.21,0.02,5.87,0.63,5.65,0.39,37.84,0.30,C3'-endo
163,163,0.39,A,A,A,1,0,0,0,0,(,214,1,cWW,cW-W,5.13,3.18,0.77,1.38,3.70,4.93,5.06,3.52,BI,anti,A,4.39,4.65,2.85,3.61,3.04,3.68,3.67,4.19,0.01,5.87,0.63,5.64,0.39,37.92,0.30,C3'-endo
164,164,0.39,U,U,U,0,0,0,1,0,(,213,1,cWW,cW-W,5.26,2.90,0.91,1.38,3.64,4.92,5.00,3.60,BI,anti,A,4.28,4.65,2.91,3.62,3.14,3.60,3.83,3.96,0.04,5.84,0.65,5.64,0.38,38.41,0.26,C3'-endo
165,165,0.39,C,C,C,0,1,0,0,0,(,212,1,cWW,cW-W,5.21,2.84,0.99,1.37,3.59,4.99,4.88,3.68,BI,anti,A,4.13,4.64,2.88,3.65,3.11,3.63,3.72,3.94,0.04,5.84,0.65,5.64,0.38,38.82,0.27,C3'-endo
166,166,0.40,A,A,A,1,0,0,0,0,(,211,1,cWW,cW-W,5.21,2.98,0.96,1.40,3.80,5.00,5.09,3.42,BI,anti,A,4.51,4.68,3.00,3.82,3.19,3.86,3.72,4.54,0.03,5.86,0.63,5.65,0.38,37.68,0.27,C3'-endo
167,167,0.40,A,A,A,1,0,0,0,0,(,210,1,cWW,cW-W,5.19,2.87,1.01,1.41,3.68,5.51,4.45,3.41,BI,anti,.,4.56,4.67,2.88,4.05,3.20,4.02,4.19,4.25,0.07,5.83,0.64,5.66,0.35,37.85,0.22,C3'-endo
168,168,0.40,U,U,U,0,0,0,1,0,(,209,1,cWW,cW-W,4.40,2.29,2.84,2.54,4.48,5.43,5.34,3.71,..,anti,.,0.96,1.01,4.56,4.45,4.57,4.73,4.87,5.16,5.91,0.62,5.67,0.41,6.26,36.76,2.86,C2'-endo
169,169,0.40,G,G,G,0,0,1,0,0,(,"49,197",2,"cSS,cWW","cm-m,cW-W",5.37,3.43,0.96,1.40,4.00,4.96,5.32,3.38,BI,anti,A,4.57,4.77,3.21,3.91,3.95,3.99,4.36,4.67,0.09,5.81,0.65,5.67,0.33,38.09,0.19,C3'-endo
170,170,0.41,G,G,G,0,0,1,0,0,(,196,1,cWW,cW-W,5.20,2.79,1.01,1.36,3.62,5.07,4.83,3.35,BI,anti,A,4.62,4.67,2.77,3.74,3.13,3.72,4.15,4.15,0.06,5.82,0.67,5.63,0.37,39.69,0.24,C3'-endo
171,171,0.41,A,A,A,1,0,0,0,0,(,195,1,cWW,cW-W,5.22,3.15,0.91,1.42,3.74,5.08,4.95,3.42,BI,anti,A,4.47,4.62,3.07,3.86,3.26,3.90,3.93,4.46,0.03,5.87,0.61,5.68,0.36,36.30,0.28,C3'-endo
172,172,0.41,U,U,U,0,0,0,1,0,(,194,1,cWW,cW-W,5.20,2.99,0.89,1.41,4.15,5.11,5.32,3.47,..,anti,.,4.28,4.65,2.99,4.21,3.24,4.33,4.01,5.21,6.26,5.92,0.59,5.66,0.41,36.17,0.36,C3'-endo
173,173,0.41,G,G,G,0,0,1,0,0,.,192,1,tSH,tm-M,5.18,2.82,1.08,1.44,3.99,3.88,0.11,3.64,..,anti,.,3.99,4.64,2.89,2.77,3.37,2.75,4.52,2.64,0.01,5.89,0.60,5.67,0.38,36.00,0.31,C3'-endo
174,174,0.42,A,A,A,1,0,0,0,0,.,"128,191",2,"tSS,tHS","tm+m,tM-m",4.98,2.30,1.13,1.34,3.89,5.43,4.74,3.45,BI,anti,.,4.47,4.73,2.82,4.32,2.76,4.32,2.65,4.95,0.02,5.85,0.67,5.61,0.42,40.03,0.30,C3'-endo
175,175,0.42,G,G,G,0,0,1,0,0,(,190,1,cWW,cW-W,5.01,2.89,1.32,1.40,3.65,4.98,4.95,3.32,BI,anti,A,4.62,4.66,2.94,3.68,3.55,3.63,4.78,3.91,0.06,5.83,0.65,5.65,0.36,38.19,0.23,C3'-endo
176,176,0.42,U,U,U,0,0,0,1,0,(,189,1,cWW,cW-W,5.12,3.00,1.02,1.40,3.74,5.07,4.95,3.43,BI,anti,A,4.50,4.65,2.97,3.84,3.18,3.86,3.73,4.46,0.03,5.86,0.63,5.65,0.38,37.76,0.28,C3'-endo
177,177,0.42,U,U,U,0,0,0,1,0,(,188,1,cWW,cW-W,5.15,2.94,1.03,1.38,3.67,5.06,4.90,3.45,BI,anti,A,4.48,4.64,2.92,3.77,3.23,3.79,4.14,4.34,0.02,5.86,0.64,5.64,0.39,38.32,0.29,C3'-endo
178,178,0.42,U,U,U,0,0,0,1,0,(,187,1,cWW,cW-W,5.22,3.04,0.94,1.42,3.55,2.45,1.10,3.52,..,anti,.,4.37,4.56,2.99,1.11,3.27,1.26,4.08,2.11,0.03,5.88,0.61,5.67,0.37,36.43,0.28,C3'-endo
179,179,0.43,G,G,G,0,0,1,0,0,.,220,1,tSS,tm+m,5.23,2.63,0.85,1.40,3.95,2.10,1.85,3.33,..,anti,.,4.65,4.78,3.29,1.65,3.44,1.54,2.89,1.76,0.09,5.80,0.67,5.65,0.34,38.83,0.19,C3'-endo
180,180,0.43,C,C,C,0,1,0,0,0,],155,1,cWW,cW-W,1.49,4.25,3.09,1.40,4.42,3.06,1.36,3.32,BII,anti,.,4.50,4.78,3.00,2.29,3.11,1.79,3.04,0.84,0.08,5.82,0.65,5.66,0.34,38.05,0.21,C3'-endo
181,181,0.43,A,A,A,1,0,0,0,0,.,,0,,,1.68,3.37,0.95,1.40,4.33,3.57,0.76,3.14,..,anti,.,4.73,4.77,0.45,2.89,0.48,3.07,1.16,2.93,0.05,5.84,0.64,5.65,0.37,38.09,0.25,C3'-endo
182,182,0.43,U,U,U,0,0,0,1,0,.,,0,,,5.48,1.93,0.95,1.38,3.56,5.89,3.95,3.69,BI,anti,-,,,2.85,4.70,2.98,4.22,2.80,,0.02,5.86,0.64,5.64,0.39,38.19,0.29,C3'-endo
183,183,0.44,A,A,A,1,0,0,0,0,.,,0,,,3.37,2.31,2.86,1.40,3.27,4.73,4.83,,BI,n/a,-,,,3.01,2.08,3.26,2.52,0.00,0.00,0.05,5.85,0.63,5.66,0.36,37.46,0.25,C3'-endo
184,184,0.44,A,A,A,1,0,0,0,0,.,,0,,,5.16,4.09,0.53,1.39,3.79,4.88,5.19,3.48,BI,anti,.,4.44,4.68,3.46,4.16,3.04,4.27,,5.13,0.03,5.86,0.63,5.65,0.37,37.59,0.27,C3'-endo
185,185,0.44,C,C,C,0,1,0,0,0,.,,0,,,2.80,3.84,2.91,1.42,3.77,5.13,4.92,3.43,BI,anti,A,4.51,4.67,2.78,3.72,3.33,3.65,4.45,4.35,0.06,5.85,0.63,5.67,0.35,36.99,0.24,C3'-endo
186,186,0.44,A,A,A,1,0,0,0,0,.,,0,,,5.23,2.97,0.84,1.38,3.91,5.18,5.01,3.41,BI,anti,.,4.53,4.73,2.86,4.06,3.18,4.15,4.22,4.93,0.05,5.84,0.65,5.65,0.37,38.34,0.25,C3'-endo
187,187,0.45,A,A,A,1,0,0,0,0,),178,1,cWW,cW-W,5.28,3.08,0.81,1.40,4.37,4.57,6.08,3.36,..,anti,A,4.46,4.81,3.05,3.87,3.38,3.99,4.40,4.64,0.09,5.81,0.65,5.66,0.33,38.17,0.19,C3'-endo
188,188,0.45,A,A,A,1,0,0,0,0,),177,1,cWW,cW-W,5.31,2.57,0.94,1.41,3.77,4.86,5.19,3.42,BI,anti,A,4.53,4.69,2.76,3.75,3.06,3.71,3.93,4.08,0.06,5.84,0.64,5.66,0.35,37.65,0.23,C3'-endo
189,189,0.45,A,A,A,1,0,0,0,0,),176,1,cWW,cW-W,5.24,2.91,0.91,1.41,3.80,4.95,5.13,3.46,BI,anti,A,4.49,4.72,2.94,3.82,3.13,3.83,3.78,4.37,0.08,5.82,0.65,5.66,0.34,38.20,0.20,C3'-endo
190,190,0.45,C,C,C,0,1,0,0,0,),175,1,cWW,cW-W,5.27,2.80,1.01,1.38,3.67,5.18,4.78,3.35,BI,anti,A,4.62,4.67,2.90,3.90,3.21,3.91,4.09,4.60,0.06,5.82,0.66,5.64,0.37,39.11,0.23,C3'-endo
191,191,0.46,A,A,A,1,0,0,0,0,.,174,1,tSH,tm-M,5.15,3.04,1.04,1.42,3.30,4.17,5.42,3.58,BI,anti,.,4.27,4.46,2.96,2.76,3.35,2.82,4.42,3.03,0.06,5.84,0.63,5.67,0.35,37.30,0.24,C3'-endo
192,192,0.46,A,A,A,1,0,0,0,0,.,173,1,tHS,tM-m,5.55,2.74,1.10,1.50,4.15,4.93,5.51,3.34,..,anti,.,4.49,4.69,3.54,4.16,3.40,4.13,3.25,5.01,0.07,5.87,0.58,5.73,0.31,34.13,0.21,C3'-endo
193,193,0.46,A,A,A,1,0,0,0,0,.,239,1,tSS,tm+m,5.25,2.84,0.75,1.40,3.85,5.06,5.07,3.64,BI,anti,A,4.12,4.75,2.66,3.94,3.02,3.93,4.29,4.21,0.12,5.79,0.66,5.67,0.31,38.44,0.16,C3'-endo
194,194,0.46,G,G,G,0,0,1,0,0,),172,1,cWW,cW-W,5.28,2.98,0.82,1.33,2.96,4.95,4.30,3.70,BI,anti,A,4.10,4.31,2.79,3.64,3.15,3.54,3.77,4.04,6.26,5.87,0.67,5.59,0.45,40.74,0.36,C3'-endo
195,195,0.47,U,U,U,0,0,0,1,0,),171,1,cWW,cW-W,2.96,3.75,2.74,1.43,4.07,4.73,5.63,3.35,..,anti,A,4.58,4.76,2.97,3.63,3.20,3.62,3.97,4.07,0.10,5.82,0.64,5.69,0.31,37.08,0.17,C3'-endo
196,196,0.47,C,C,C,0,1,0,0,0,),170,1,cWW,cW-W,5.37,2.91,0.74,1.42,3.71,4.96,5.03,3.37,BI,anti,A,4.57,4.65,2.87,3.72,3.07,3.76,3.77,4.15,0.05,5.85,0.62,5.67,0.35,36.90,0.24,C3'-endo
197,197,0.47,C,C,C,0,1,0,0,0,),169,1,cWW,cW-W,5.15,3.10,0.92,1.43,3.70,4.91,5.06,3.39,BI,anti,.,4.47,4.58,2.98,3.64,3.17,3.81,3.76,3.74,0.03,5.87,0.61,5.67,0.36,36.38,0.27,C3'-endo
198,198,0.47,U,U,U,0,0,0,1,0,.,50,1,cWH,cW+M,5.12,3.24,1.12,2.52,4.56,1.68,2.88,4.25,..,anti,.,0.93,0.98,3.52,2.32,3.84,1.86,3.71,2.00,5.89,0.62,5.68,0.39,0.00,36.49,2.81,C2'-endo
199,199,0.47,U,U,U,0,0,0,1,0,],57,1,cWW,cW-W,0.71,2.65,4.48,1.40,4.02,4.69,5.61,3.57,..,anti,.,4.21,4.74,2.69,3.23,2.28,3.17,2.30,3.06,0.04,5.85,0.64,5.65,0.37,37.83,0.27,C3'-endo
200,200,0.48,U,U,U,0,0,0,1,0,],56,1,cWW,cW-W,1.31,3.76,4.17,1.42,3.63,5.12,4.79,3.49,BI,anti,A,4.45,4.64,2.83,2.94,2.85,3.17,2.76,3.78,0.08,5.83,0.64,5.67,0.34,37.64,0.21,C3'-endo
201,201,0.48,C,C,C,0,1,0,0,0,],55,1,cWW,cW-W,5.14,3.09,0.88,1.37,3.66,4.99,4.95,3.49,BI,anti,A,4.44,4.65,2.89,3.64,3.12,3.68,3.84,4.04,0.02,5.86,0.65,5.63,0.40,38.72,0.29,C3'-endo
202,202,0.48,U,U,U,0,0,0,1,0,],54,1,cWW,cW-W,5.20,3.09,0.84,1.38,3.65,4.95,4.98,3.57,BI,anti,A,4.32,4.64,2.93,3.62,3.10,3.65,3.64,4.00,0.03,5.86,0.64,5.64,0.38,38.11,0.28,C3'-endo
203,203,0.48,G,G,G,0,0,1,0,0,],53,1,cWW,cW-W,5.23,3.00,0.87,1.39,3.34,4.66,4.96,3.61,BI,anti,A,4.26,4.49,2.89,3.77,3.12,3.70,3.68,4.16,0.02,5.87,0.63,5.65,0.38,37.55,0.29,C3'-endo
204,204,0.49,C,C,C,0,1,0,0,0,],52,1,cWW,cW-W,3.01,3.85,2.62,1.43,3.85,5.02,5.11,3.47,BI,anti,A,4.45,4.71,2.78,3.83,3.07,3.73,3.80,4.13,0.09,5.83,0.63,5.68,0.32,36.84,0.19,C3'-endo
205,205,0.49,C,C,C,0,1,0,0,0,],51,1,cWW,cW-W,5.26,3.08,0.82,1.40,3.96,4.91,5.33,3.48,BI,anti,A,4.38,4.71,2.98,3.83,3.21,3.92,3.90,4.58,0.03,5.87,0.62,5.66,0.37,37.16,0.28,C3'-endo
206,206,0.49,A,A,A,1,0,0,0,0,.,,0,,,5.15,2.89,1.00,1.40,3.07,4.81,4.54,3.69,BI,anti,.,4.12,4.37,2.78,3.48,3.17,3.26,4.11,3.29,0.06,5.84,0.64,5.66,0.36,37.79,0.24,C3'-endo
207,207,0.49,A,A,A,1,0,0,0,0,.,,0,,,2.71,2.88,4.93,2.54,4.03,2.04,1.99,5.02,..,anti,.,1.00,1.56,4.79,1.20,4.62,1.37,4.06,1.38,5.89,0.63,5.67,0.41,6.27,37.00,2.84,C2'-endo
208,208,0.50,A,A,A,1,0,0,0,0,.,,0,,,4.77,2.73,0.67,2.55,5.06,2.04,3.02,4.34,..,anti,.,0.18,0.25,3.21,2.89,3.41,2.87,3.20,3.73,5.90,0.63,5.66,0.42,6.26,37.05,2.85,C2'-endo
209,209,0.50,G,G,G,0,0,1,0,0,),168,1,cWW,cW-W,2.74,4.20,1.47,1.41,3.79,5.10,4.97,3.17,BI,anti,.,4.70,4.69,2.87,4.12,2.65,4.15,3.44,4.52,0.06,5.83,0.64,5.66,0.36,37.97,0.23,C3'-endo
210,210,0.50,U,U,U,0,0,0,1,0,),167,1,cWW,cW-W,5.30,3.11,1.00,1.40,3.64,4.96,4.96,3.32,BI,anti,A,4.58,4.62,3.14,3.65,3.45,3.68,4.21,4.05,0.04,5.85,0.63,5.66,0.37,37.63,0.26,C3'-endo
211,211,0.50,U,U,U,0,0,0,1,0,),166,1,cWW,cW-W,5.25,3.01,0.90,1.39,3.31,4.99,4.61,3.45,BI,anti,A,4.44,4.49,2.94,3.99,3.18,3.89,3.81,4.36,0.03,5.86,0.63,5.65,0.38,37.69,0.27,C3'-endo
212,212,0.51,G,G,G,0,0,1,0,0,),165,1,cWW,cW-W,2.97,3.66,2.79,1.44,4.89,4.07,0.83,3.13,..,anti,.,4.43,4.58,3.19,3.96,3.39,3.72,4.11,3.85,0.04,5.87,0.61,5.69,0.35,35.92,0.26,C3'-endo
213,213,0.51,G,G,G,0,0,1,0,0,),164,1,cWW,cW-W,1.40,4.25,3.46,1.44,4.48,4.47,0.01,3.07,..,anti,A,4.70,4.73,2.53,3.29,2.78,3.40,3.17,3.99,0.06,5.85,0.62,5.68,0.34,36.38,0.23,C3'-endo
214,214,0.51,U,U,U,0,0,0,1,0,),163,1,cWW,cW-W,5.25,2.49,0.96,1.39,3.73,5.05,4.96,3.46,BI,anti,A,4.48,4.67,2.67,3.90,2.97,3.84,3.76,4.34,0.03,5.85,0.64,5.65,0.38,38.04,0.27,C3'-endo
215,215,0.51,A,A,A,1,0,0,0,0,),162,1,cWW,cW-W,5.22,3.03,0.88,1.40,4.39,5.30,5.38,3.31,..,anti,.,4.52,4.77,3.09,4.17,3.29,4.04,4.05,4.16,0.06,5.84,0.64,5.66,0.36,37.79,0.24,C3'-endo
216,216,0.52,C,C,C,0,1,0,0,0,),161,1,cWW,cW-W,4.46,1.65,2.64,1.44,4.44,4.81,5.91,3.39,..,anti,.,4.33,4.73,3.16,3.29,3.26,3.50,3.62,4.35,0.07,5.85,0.61,5.69,0.33,35.98,0.22,C3'-endo
217,217,0.52,A,A,A,1,0,0,0,0,.,160,1,cWW,cW-W,5.17,2.73,0.91,1.40,4.21,4.57,5.92,3.42,..,anti,.,4.46,4.81,2.70,4.03,3.04,3.71,4.06,3.29,0.06,5.83,0.65,5.65,0.36,38.16,0.23,C3'-endo
218,218,0.52,G,G,G,0,0,1,0,0,.,159,1,cWH,cW+M,1.10,3.96,4.26,1.43,3.70,5.13,4.85,3.41,BI,anti,A,4.57,4.68,2.87,2.96,2.84,3.23,2.69,3.94,0.10,5.81,0.64,5.68,0.32,37.30,0.17,C3'-endo
219,219,0.52,A,A,A,1,0,0,0,0,),158,1,cWW,cW-W,5.06,3.21,0.83,1.40,3.70,5.07,4.91,3.46,BI,anti,A,4.50,4.69,2.85,3.76,3.09,3.83,3.90,4.32,0.09,5.81,0.66,5.66,0.34,38.50,0.20,C3'-endo
220,220,0.53,G,G,G,0,0,1,0,0,),"157,179",2,"cWW,tSS","cW-W,tm+m",5.20,3.08,0.90,1.40,3.77,5.07,4.98,3.32,BI,anti,A,4.61,4.67,2.97,3.83,3.20,3.88,3.92,4.48,0.04,5.86,0.63,5.65,0.37,37.61,0.27,C3'-endo
221,221,0.53,U,U,U,0,0,0,1,0,),156,1,cWW,cW-W,5.11,3.01,1.02,1.41,3.95,5.11,5.12,3.42,BI,anti,.,4.49,4.70,2.97,3.94,3.23,4.07,4.08,3.89,0.03,5.87,0.62,5.66,0.37,37.00,0.28,C3'-endo
222,222,0.53,A,A,A,1,0,0,0,0,.,154,1,tWH,tW-M,5.21,3.84,0.60,2.52,4.80,2.86,1.94,4.77,BII,anti,.,0.61,0.61,3.61,3.35,3.84,2.73,3.62,2.34,5.83,0.68,5.65,0.39,0.03,39.15,2.77,C2'-endo
223,223,0.53,A,A,A,1,0,0,0,0,.,,0,,,0.94,3.03,1.24,2.66,4.28,5.65,4.91,4.37,..,anti,.,1.08,1.15,6.20,5.88,0.43,5.32,0.66,5.82,5.96,0.62,5.63,0.48,6.18,38.05,2.96,C2'-endo
224,224,0.53,A,A,A,1,0,0,0,0,.,"138,153",2,"cSW,tHS","cm-W,tM-m",4.80,4.30,1.04,2.59,4.86,1.98,2.88,3.96,..,anti,.,0.35,0.45,3.66,3.34,4.52,3.18,4.32,3.66,5.86,0.68,5.61,0.44,6.26,40.14,2.84,C2'-endo
225,225,0.54,U,U,U,0,0,0,1,0,),149,1,cWW,cW-W,1.50,4.54,3.30,1.42,3.64,5.12,4.80,3.43,BI,anti,A,4.56,4.68,3.70,3.45,3.87,3.34,4.51,3.82,0.12,5.78,0.67,5.67,0.31,38.78,0.15,C3'-endo
226,226,0.54,G,G,G,0,0,1,0,0,),148,1,cWW,cW-W,5.05,3.04,1.04,1.41,3.50,5.08,4.71,3.36,BI,anti,A,4.57,4.59,2.90,3.66,3.19,3.65,4.01,3.90,0.06,5.84,0.64,5.66,0.36,37.88,0.24,C3'-endo
227,227,0.54,A,A,A,1,0,0,0,0,),147,1,cWW,cW-W,5.01,3.25,0.92,1.40,3.66,4.98,4.97,3.48,BI,anti,A,4.45,4.65,2.95,3.66,3.10,3.70,3.56,4.17,0.05,5.84,0.64,5.66,0.36,37.79,0.25,C3'-endo
228,228,0.54,A,A,A,1,0,0,0,0,),146,1,cWW,cW-W,5.18,2.90,0.99,1.37,3.61,5.10,4.80,3.51,BI,anti,A,4.45,4.67,2.89,3.76,3.14,3.73,3.86,4.15,0.07,5.81,0.67,5.63,0.37,39.54,0.23,C3'-endo
229,229,0.55,G,G,G,0,0,1,0,0,),145,1,cWW,cW-W,5.18,3.09,0.89,1.38,3.65,4.94,5.00,3.40,BI,anti,A,4.55,4.65,2.94,3.62,3.16,3.66,3.86,4.10,0.04,5.85,0.65,5.64,0.38,38.32,0.27,C3'-endo
230,230,0.55,C,C,C,0,1,0,0,0,),133,1,cWW,cW-W,5.29,2.94,0.89,1.38,3.68,5.04,4.92,3.52,BI,anti,A,4.41,4.67,2.95,3.74,3.16,3.78,3.83,4.25,0.06,5.82,0.66,5.64,0.37,39.12,0.24,C3'-endo
231,231,0.55,A,A,A,1,0,0,0,0,),132,1,cWW,cW-W,5.20,3.10,0.90,1.42,3.35,5.01,4.62,3.52,BI,anti,A,4.38,4.50,2.94,4.00,3.21,3.83,3.93,4.04,0.05,5.85,0.62,5.67,0.35,36.80,0.24,C3'-endo
232,232,0.55,G,G,G,0,0,1,0,0,),131,1,cWW,cW-W,2.86,3.45,2.95,1.43,3.80,5.07,5.01,3.21,BI,anti,A,4.66,4.67,2.89,3.51,3.15,3.55,3.71,4.16,0.06,5.85,0.62,5.67,0.35,36.84,0.24,C3'-endo
233,233,0.56,A,A,A,1,0,0,0,0,),130,1,cWW,cW-W,5.26,3.09,0.80,1.40,3.84,4.94,5.19,3.35,BI,anti,A,4.55,4.66,2.95,3.76,3.21,3.82,4.04,4.38,0.01,5.88,0.61,5.66,0.38,36.76,0.30,C3'-endo
234,234,0.56,U,U,U,0,0,0,1,0,),129,1,cWW,cW-W,5.14,2.95,0.96,1.40,4.19,3.36,0.83,3.48,BII,anti,.,4.29,4.74,2.97,2.37,3.17,2.90,3.88,3.16,0.03,5.86,0.63,5.66,0.37,37.36,0.28,C3'-endo
235,235,0.56,U,U,U,0,0,0,1,0,.,,0,,,5.31,2.86,1.29,2.57,4.44,1.45,2.99,4.14,..,anti,.,1.03,1.03,4.17,1.54,4.03,0.48,3.37,0.03,5.90,0.63,5.65,0.43,6.25,37.69,2.86,C2'-endo
236,236,0.56,G,G,G,0,0,1,0,0,.,,0,,,2.65,2.43,0.96,1.42,3.35,1.03,2.32,3.20,..,anti,.,4.41,4.45,0.62,0.11,1.15,5.20,1.71,3.56,0.02,5.88,0.61,5.67,0.37,36.28,0.29,C3'-endo
237,237,0.57,A,A,A,1,0,0,0,0,.,,0,,,1.34,2.57,1.59,2.55,4.72,3.22,1.50,1.25,BII,syn,.,-0.62,0.67,0.42,3.41,1.61,3.03,1.43,2.96,5.88,0.64,5.66,0.41,6.28,37.71,2.83,C2'-endo
238,238,0.57,U,U,U,0,0,0,1,0,),128,1,cWW,cW-W,0.93,3.85,3.95,1.45,3.90,4.99,5.20,3.30,BI,anti,.,4.62,4.69,3.08,3.10,2.99,3.35,3.11,3.90,0.06,5.86,0.61,5.69,0.33,35.79,0.22,C3'-endo
239,239,0.57,G,G,G,0,0,1,0,0,),"127,193",2,"cWW,tSS","cW-W,tm+m",5.06,3.33,0.87,1.41,3.86,5.76,4.39,3.37,..,anti,.,4.55,4.68,2.99,4.22,3.16,4.03,3.73,4.32,0.03,5.87,0.62,5.66,0.38,37.20,0.28,C3'-endo
240,240,0.57,A,A,A,1,0,0,0,0,),126,1,cWW,cW-W,3.90,1.86,2.73,1.49,4.33,4.62,6.00,3.11,..,anti,A,4.69,4.72,3.04,3.06,3.18,3.32,3.74,4.04,0.09,5.85,0.59,5.73,0.29,34.56,0.17,C3'-endo
241,241,0.58,A,A,A,1,0,0,0,0,),125,1,cWW,cW-W,5.37,2.67,0.86,1.40,3.81,4.99,5.11,3.59,BI,anti,A,4.23,4.68,2.80,3.87,3.10,3.83,3.92,4.25,0.03,5.86,0.63,5.65,0.37,37.52,0.27,C3'-endo
242,242,0.58,G,G,G,0,0,1,0,0,),124,1,cWW,cW-W,5.26,2.96,0.79,1.36,3.64,5.05,4.87,3.47,BI,anti,A,4.48,4.65,2.80,3.70,3.05,3.73,3.78,4.21,0.02,5.86,0.65,5.62,0.40,39.02,0.30,C3'-endo
243,243,0.58,G,G,G,0,0,1,0,0,),123,1,cWW,cW-W,5.23,2.97,0.93,1.37,3.84,5.06,5.06,3.38,BI,anti,.,4.55,4.68,2.97,3.90,3.20,3.97,3.92,4.78,0.00,5.88,0.63,5.64,0.40,38.04,0.32,C3'-endo
244,244,0.58,G,G,G,0,0,1,0,0,.,122,1,tSH,tm-M,5.32,2.92,0.88,1.41,3.96,5.01,5.23,3.57,BI,anti,.,4.23,4.72,2.97,4.05,3.30,3.72,4.38,3.98,0.05,5.85,0.63,5.66,0.36,37.34,0.25,C3'-endo
245,245,0.58,A,A,A,1,0,0,0,0,.,32,1,tWS,tW+m,3.18,2.29,5.30,2.61,3.86,2.05,1.80,4.36,..,anti,.,1.54,1.62,5.05,1.62,5.31,1.43,4.87,1.09,5.96,0.60,5.65,0.46,6.20,36.81,2.94,C2'-endo
246,246,0.59,A,A,A,1,0,0,0,0,.,,0,,,3.07,3.33,1.08,2.58,4.77,4.13,0.64,3.77,..,anti,.,0.64,0.67,2.17,4.16,2.33,4.05,2.21,4.44,5.94,0.61,5.66,0.44,6.22,36.62,2.91,C2'-endo
247,247,0.59,A,A,A,1,0,0,0,0,),24,1,cWW,cW-W,4.82,1.51,2.33,1.42,3.86,4.96,5.19,3.27,BI,anti,A,4.69,4.74,3.51,3.24,3.88,3.28,4.54,3.90,0.10,5.80,0.65,5.67,0.32,38.06,0.17,C3'-endo
248,248,0.59,G,G,G,0,0,1,0,0,),"23,67",2,"cWW,tSW","cW-W,tm+W",5.11,2.91,1.04,1.39,3.62,5.11,4.79,3.39,BI,anti,A,4.57,4.67,2.84,3.79,3.14,3.77,4.06,4.08,0.10,5.78,0.68,5.64,0.34,39.73,0.18,C3'-endo
249,249,0.59,A,A,A,1,0,0,0,0,),22,1,cWW,cW-W,5.14,3.11,1.00,1.38,3.61,5.00,4.89,3.41,BI,anti,A,4.50,4.60,3.00,3.64,3.23,3.67,3.83,4.18,0.00,5.88,0.63,5.64,0.40,38.14,0.32,C3'-endo
250,250,0.60,C,C,C,0,1,0,0,0,),21,1,cWW,cW-W,5.11,3.04,1.01,1.40,3.61,5.13,4.76,3.55,BI,anti,A,4.36,4.63,2.95,3.77,3.16,3.75,3.89,4.12,0.05,5.84,0.64,5.65,0.36,38.04,0.25,C3'-endo
251,251,0.60,U,U,U,0,0,0,1,0,),20,1,cWW,cW-W,5.03,3.08,0.96,1.36,3.59,5.14,4.73,3.55,BI,anti,A,4.37,4.64,2.83,3.72,3.07,3.72,3.74,4.25,0.04,5.84,0.66,5.62,0.39,39.42,0.27,C3'-endo
252,252,0.60,G,G,G,0,0,1,0,0,),19,1,cWW,cW-W,4.98,3.10,0.98,1.37,3.56,5.04,4.80,3.47,BI,anti,A,4.51,4.66,2.81,3.63,3.06,3.65,3.88,4.10,0.07,5.81,0.68,5.63,0.37,39.76,0.23,C3'-endo
253,253,0.60,C,C,C,0,1,0,0,0,),18,1,cWW,cW-W,5.16,2.96,1.05,1.39,3.64,5.04,4.88,3.42,BI,anti,A,4.56,4.67,2.97,3.74,3.21,3.73,3.93,4.11,0.07,5.81,0.67,5.64,0.36,39.11,0.22,C3'-endo
254,254,0.61,A,A,A,1,0,0,0,0,),17,1,cWW,cW-W,5.18,3.06,0.94,1.41,3.88,4.99,5.18,3.33,BI,anti,A,4.57,4.67,3.01,3.87,3.21,3.91,3.84,4.62,0.03,5.87,0.62,5.67,0.37,36.80,0.28,C3'-endo
255,255,0.61,U,U,U,0,0,0,1,0,),16,1,cWW,cW-W,5.18,2.93,0.90,1.39,3.62,5.00,4.90,3.57,BI,anti,A,4.32,4.61,2.80,3.67,3.10,3.64,4.10,3.95,0.03,5.86,0.64,5.64,0.39,38.10,0.28,C3'-endo
256,256,0.61,U,U,U,0,0,0,1,0,),15,1,cWW,cW-W,5.08,2.91,1.04,1.37,3.50,4.90,4.88,3.56,BI,anti,A,4.34,4.58,2.84,3.49,3.08,3.45,3.68,3.65,0.02,5.86,0.64,5.63,0.40,38.66,0.30,C3'-endo
257,257,0.61,C,C,C,0,1,0,0,0,),14,1,cWW,cW-W,5.17,2.99,1.00,1.41,3.70,5.10,4.89,3.54,BI,anti,A,4.35,4.64,3.01,3.85,3.14,3.87,3.51,4.46,0.04,5.86,0.63,5.66,0.37,37.31,0.27,C3'-endo
258,258,0.62,U,U,U,0,0,0,1,0,.,12,1,tWH,tW-M,5.22,2.95,0.97,1.37,3.46,4.90,4.84,3.54,BI,anti,.,4.39,4.60,2.91,3.45,3.25,3.44,4.18,3.45,0.07,5.81,0.67,5.64,0.37,39.40,0.23,C3'-endo
259,259,0.62,U,U,U,0,0,0,1,0,.,110,1,cWH,cW+M,5.22,3.08,0.99,1.41,4.08,3.90,0.18,3.63,..,anti,.,4.00,4.71,3.20,3.44,3.24,2.96,3.32,2.53,0.01,5.88,0.62,5.65,0.40,37.26,0.32,C3'-endo
260,260,0.62,A,A,A,1,0,0,0,0,.,"5,378",2,"cWS,tHS","cW-m,tM-m",0.96,2.79,3.04,2.59,4.49,4.26,0.23,4.00,..,anti,.,0.93,0.94,1.60,3.69,1.42,3.68,0.95,3.62,5.90,0.64,5.64,0.44,6.24,38.23,2.88,C2'-endo
261,261,0.62,C,C,C,0,1,0,0,0,],3,1,cWW,cW-W,0.28,3.27,4.82,2.58,4.77,5.11,5.95,4.79,..,anti,.,0.47,0.53,2.85,4.97,3.21,4.96,3.23,5.84,5.87,0.67,5.63,0.43,6.27,39.23,2.83,C2'-endo
262,262,0.63,C,C,C,0,1,0,0,0,),10,1,cWW,cW-W,4.92,3.63,0.91,1.43,3.71,5.12,4.88,3.27,BI,anti,A,4.61,4.65,2.72,3.84,3.43,3.94,3.30,4.55,0.06,5.85,0.62,5.68,0.35,36.80,0.24,C3'-endo
263,263,0.63,C,C,C,0,1,0,0,0,),9,1,cWW,cW-W,5.08,3.16,0.91,1.42,3.71,5.05,4.95,3.44,BI,anti,A,4.50,4.65,2.93,3.78,3.19,3.80,4.02,4.19,0.05,5.85,0.62,5.67,0.35,36.76,0.24,C3'-endo
264,264,0.63,G,G,G,0,0,1,0,0,),8,1,cWW,cW-W,5.17,3.10,0.81,1.36,3.69,5.06,4.91,3.42,BI,anti,A,4.56,4.69,2.86,3.70,3.07,3.76,3.72,4.36,0.04,5.83,0.66,5.63,0.39,39.46,0.26,C3'-endo
265,265,0.63,G,G,G,0,0,1,0,0,),7,1,cWW,cW-W,5.16,2.94,1.01,1.37,3.57,5.05,4.80,3.37,BI,anti,A,4.61,4.66,2.88,3.68,3.17,3.69,4.07,4.22,0.07,5.81,0.68,5.63,0.37,39.76,0.23,C3'-endo
266,266,0.63,G,G,G,0,0,1,0,0,),"6,319",2,"cWW,tSW","cW-W,tm+W",5.16,3.09,0.98,1.42,3.86,5.01,5.13,3.41,BI,anti,.,4.56,4.74,3.05,3.85,3.25,3.96,4.01,3.40,0.10,5.81,0.65,5.67,0.32,37.85,0.18,C3'-endo
267,267,0.64,G,G,G,0,0,1,0,0,(,"286,320",2,"cWW,tSS","cW-W,tm+m",5.30,3.43,0.66,2.52,3.53,2.47,1.05,4.50,..,anti,.,2.10,2.10,2.98,2.07,3.37,1.93,2.92,2.49,5.83,0.67,5.66,0.38,0.04,38.42,2.75,C2'-endo
268,268,0.64,A,A,A,1,0,0,0,0,.,285,1,tHW,tM-W,5.23,2.24,1.01,1.38,4.06,5.13,5.21,3.03,BI,anti,.,4.72,4.72,3.16,4.27,3.11,4.22,3.31,5.07,0.02,5.87,0.63,5.65,0.39,37.65,0.30,C3'-endo
269,269,0.64,G,G,G,0,0,1,0,0,.,284,1,tH.,tM-.,5.17,2.93,0.90,1.43,4.04,5.02,5.30,3.28,BI,anti,.,4.66,4.75,2.81,4.07,3.22,4.14,4.58,5.12,0.07,5.83,0.63,5.67,0.34,37.27,0.22,C3'-endo
270,270,0.64,G,G,G,0,0,1,0,0,.,283,1,cWW,cW-W,5.23,2.78,0.93,1.43,3.71,5.10,4.90,3.31,BI,anti,A,4.64,4.69,2.72,3.92,3.17,3.91,4.59,4.29,0.13,5.78,0.66,5.68,0.30,38.38,0.13,C3'-endo
271,271,0.65,U,U,U,0,0,0,1,0,(,282,1,cWW,cW-W,5.23,3.08,0.97,1.40,3.72,5.09,4.92,3.43,BI,anti,A,4.50,4.65,3.04,3.84,3.32,3.87,4.02,4.50,0.04,5.86,0.63,5.66,0.37,37.52,0.26,C3'-endo
272,272,0.65,C,C,C,0,1,0,0,0,(,281,1,cWW,cW-W,5.24,3.02,0.85,1.39,3.62,4.98,4.92,3.43,BI,anti,A,4.49,4.61,2.89,3.63,3.18,3.66,4.11,3.99,0.03,5.86,0.64,5.65,0.38,37.94,0.28,C3'-endo
273,273,0.65,U,U,U,0,0,0,1,0,(,"92,280",2,"cSS,cWW","cm-m,cW-W",5.13,3.13,0.95,1.41,3.57,5.04,4.81,3.43,BI,anti,A,4.49,4.58,2.98,3.66,3.16,3.66,3.67,3.88,0.04,5.86,0.62,5.67,0.36,36.83,0.27,C3'-endo
274,274,0.65,G,G,G,0,0,1,0,0,(,279,1,cWW,cW-W,5.09,3.18,0.83,1.36,3.90,5.11,5.07,3.57,BI,anti,.,4.24,4.72,2.90,3.93,3.02,4.01,3.43,4.88,0.02,5.85,0.65,5.63,0.40,39.07,0.29,C3'-endo
275,275,0.66,G,G,G,0,0,1,0,0,.,278,1,tSH,tm-M,5.15,3.05,0.85,1.39,3.75,5.48,4.55,3.55,BI,anti,.,4.34,4.71,2.78,4.28,3.10,3.44,4.24,2.38,0.09,5.80,0.67,5.65,0.34,38.84,0.19,C3'-endo
276,276,0.66,A,A,A,1,0,0,0,0,.,,0,,,3.09,2.16,1.05,1.47,3.97,4.93,5.32,3.33,BI,anti,.,4.46,4.60,0.38,4.07,0.90,3.94,0.47,4.60,0.01,5.91,0.57,5.70,0.36,34.30,0.31,C3'-endo
277,277,0.66,A,A,A,1,0,0,0,0,.,,0,,,5.02,2.62,1.27,1.46,3.97,4.87,5.39,3.45,BI,anti,.,4.41,4.67,2.86,3.88,3.23,3.82,4.32,4.62,0.02,5.89,0.59,5.69,0.36,35.48,0.29,C3'-endo
278,278,0.66,A,A,A,1,0,0,0,0,.,275,1,tHS,tM-m,5.14,2.60,1.13,1.42,4.08,5.37,5.00,3.53,..,anti,.,4.28,4.78,2.85,4.44,3.19,4.51,4.32,5.19,0.09,5.81,0.65,5.67,0.33,38.00,0.19,C3'-endo
279,279,0.67,C,C,C,0,1,0,0,0,),274,1,cWW,cW-W,5.25,2.74,1.15,1.37,3.55,5.00,4.84,3.38,BI,anti,A,4.59,4.65,2.82,3.65,3.53,3.60,4.84,3.94,0.07,5.81,0.67,5.63,0.36,39.62,0.22,C3'-endo
280,280,0.67,A,A,A,1,0,0,0,0,),273,1,cWW,cW-W,5.25,2.93,1.00,1.40,3.41,5.04,4.65,3.50,BI,anti,.,4.42,4.56,2.97,4.10,3.24,3.91,3.91,4.16,0.09,5.81,0.66,5.66,0.34,38.38,0.20,C3'-endo
281,281,0.67,G,G,G,0,0,1,0,0,),"93,272",2,"tSS,cWW","tm+m,cW-W",2.77,3.47,3.03,1.39,3.82,4.99,5.11,3.18,BI,anti,A,4.74,4.74,2.86,3.39,3.16,3.45,3.85,3.94,0.11,5.78,0.67,5.66,0.32,39.18,0.16,C3'-endo
282,282,0.67,A,A,A,1,0,0,0,0,),271,1,cWW,cW-W,5.23,3.17,0.86,1.39,3.86,4.86,5.29,3.42,BI,anti,A,4.53,4.74,3.03,3.67,3.21,3.73,3.83,4.23,0.07,5.82,0.66,5.64,0.36,38.91,0.22,C3'-endo
283,283,0.68,A,A,A,1,0,0,0,0,.,270,1,cWW,cW-W,5.17,2.67,1.15,1.38,3.73,5.26,4.75,3.43,BI,anti,.,4.54,4.70,2.87,4.04,3.15,4.03,3.91,4.80,0.07,5.82,0.67,5.64,0.36,39.22,0.23,C3'-endo
284,284,0.68,G,G,G,0,0,1,0,0,.,269,1,t.H,t.-M,5.16,3.08,0.97,1.40,3.98,4.94,5.32,3.57,BI,anti,.,4.24,4.77,3.00,3.47,3.37,3.40,4.51,2.72,0.09,5.81,0.66,5.66,0.34,38.32,0.20,C3'-endo
285,285,0.68,U,U,U,0,0,0,1,0,.,268,1,tWH,tW-M,4.65,1.56,2.80,2.62,4.57,5.23,5.63,3.83,..,anti,.,0.67,0.80,4.59,3.90,4.08,4.33,3.28,5.28,5.88,0.67,5.61,0.46,6.25,39.99,2.87,C2'-endo
286,286,0.68,C,C,C,0,1,0,0,0,),267,1,cWW,cW-W,4.89,2.50,0.94,1.37,4.30,2.83,1.47,4.52,BII,anti,.,0.25,4.64,2.16,2.26,3.03,1.68,3.94,5.49,6.22,5.94,0.60,5.63,0.45,37.73,0.42,C3'-endo
287,287,0.68,A,A,A,1,0,0,0,0,(,419,1,cWW,cW-W,0.96,3.36,1.05,2.58,4.73,2.28,2.45,4.46,BII,anti,.,0.47,0.72,0.08,2.95,0.47,2.45,2.64,2.43,5.94,0.60,5.66,0.44,6.22,36.37,2.92,C2'-endo
288,288,0.69,G,G,G,0,0,1,0,0,.,"359,384",2,"tWH,t.W","tW-M,t.+W",0.97,2.54,3.59,1.43,4.23,4.74,5.77,3.53,..,anti,.,4.14,4.72,2.18,3.07,1.75,3.51,1.85,4.44,0.04,5.86,0.62,5.67,0.36,36.70,0.26,C3'-endo
289,289,0.69,C,C,C,0,1,0,0,0,.,358,1,tWH,tW-M,5.42,2.67,1.16,2.56,3.44,1.90,1.54,4.13,..,anti,.,2.08,2.10,2.78,2.02,3.70,0.74,4.57,5.35,5.88,0.65,5.65,0.42,6.27,38.35,2.83,C2'-endo
290,290,0.69,A,A,A,1,0,0,0,0,.,327,1,cSW,cm-W,0.97,3.46,1.14,1.47,3.41,4.94,4.75,3.88,BI,anti,.,3.68,4.50,6.01,3.52,0.12,3.64,1.79,3.13,0.06,5.86,0.60,5.70,0.33,35.26,0.22,C3'-endo
291,291,0.69,G,G,G,0,0,1,0,0,.,326,1,tSH,tm-M,5.15,3.33,1.02,2.57,3.63,2.77,0.86,4.83,..,anti,.,1.61,1.95,3.15,2.44,3.54,2.17,3.04,2.62,5.91,0.62,5.66,0.42,6.25,36.83,2.87,C2'-endo
292,292,0.70,A,A,A,1,0,0,0,0,.,325,1,tHS,tM-m,4.92,2.66,0.68,1.41,3.59,5.13,4.74,3.24,BI,anti,A,4.62,4.62,2.81,3.85,2.63,3.85,2.99,4.21,0.06,5.84,0.64,5.66,0.36,37.77,0.24,C3'-endo
293,293,0.70,A,A,A,1,0,0,0,0,.,324,1,tHS,tM-m,5.27,3.21,0.83,1.40,3.95,5.20,5.03,3.60,BI,anti,.,4.15,4.72,3.12,4.12,3.31,4.31,3.90,5.03,0.04,5.86,0.63,5.65,0.37,37.58,0.27,C3'-endo
294,294,0.70,G,G,G,0,0,1,0,0,(,323,1,cWW,cW-W,5.35,2.71,1.13,1.41,4.08,4.81,5.56,3.31,..,anti,.,4.63,4.76,3.06,4.22,3.60,3.93,4.68,3.83,0.06,5.84,0.64,5.66,0.35,37.54,0.23,C3'-endo
295,295,0.70,U,U,U,0,0,0,1,0,(,322,1,cWW,cW-W,1.23,3.79,4.48,1.47,3.84,5.12,5.00,3.47,BI,anti,A,4.46,4.71,3.01,3.09,3.10,3.34,3.36,3.97,0.12,5.82,0.62,5.72,0.28,35.66,0.14,C3'-endo
296,296,0.71,C,C,C,0,1,0,0,0,(,321,1,cWW,cW-W,5.20,3.26,0.67,1.39,4.06,4.82,5.52,3.56,..,anti,.,4.18,4.72,2.92,3.78,3.13,3.92,3.75,4.72,0.02,5.87,0.63,5.66,0.38,37.35,0.29,C3'-endo
297,297,0.71,A,A,A,1,0,0,0,0,.,,0,,,5.30,2.76,0.89,1.40,3.70,4.78,5.21,3.59,BI,anti,A,4.28,4.69,2.81,3.58,3.13,3.55,4.10,3.50,0.08,5.81,0.66,5.66,0.34,38.47,0.21,C3'-endo
298,298,0.71,U,U,U,0,0,0,1,0,(,320,1,cWW,cW-W,5.25,2.89,0.94,1.41,3.87,0.75,3.11,3.69,..,anti,.,3.95,4.66,3.01,5.90,3.11,5.21,3.23,4.50,0.00,5.89,0.62,5.65,0.40,37.16,0.32,C3'-endo
299,299,0.71,A,A,A,1,0,0,0,0,.,319,1,tHH,tM+M,2.91,2.52,1.00,2.57,4.93,2.11,2.82,4.14,..,anti,.,0.38,0.39,1.10,3.03,2.23,2.34,2.16,2.72,5.89,0.65,5.64,0.42,6.26,38.25,2.84,C2'-endo
300,300,0.72,G,G,G,0,0,1,0,0,.,301,1,cSH,cm+M,0.71,4.32,4.92,2.56,3.44,2.60,0.84,4.80,..,anti,.,1.89,2.05,4.99,0.89,4.56,1.15,4.57,1.47,5.88,0.65,5.64,0.42,6.26,38.30,2.84,C2'-endo
301,301,0.72,U,U,U,0,0,0,1,0,.,"300,318",2,"cHS,tWH","cM+m,tW-M",4.84,2.52,0.74,1.43,3.81,5.03,5.07,3.47,BI,anti,A,4.40,4.63,2.69,3.98,2.59,3.96,2.66,4.49,0.03,5.88,0.60,5.68,0.36,35.68,0.28,C3'-endo
302,302,0.72,A,A,A,1,0,0,0,0,.,317,1,tHS,tM-m,5.27,3.03,0.81,1.38,3.57,5.19,4.67,3.45,BI,anti,.,4.50,4.63,2.87,4.38,3.16,4.37,4.04,5.13,0.06,5.83,0.66,5.64,0.36,38.77,0.24,C3'-endo
303,303,0.72,C,C,C,0,1,0,0,0,(,316,1,cWW,cW-W,2.96,3.71,2.75,1.43,3.82,5.02,5.08,3.33,BI,anti,A,4.62,4.69,2.79,3.69,3.39,3.63,4.65,4.16,0.08,5.83,0.63,5.68,0.33,36.74,0.20,C3'-endo
304,304,0.73,C,C,C,0,1,0,0,0,(,315,1,cWW,cW-W,5.22,2.99,0.88,1.39,3.73,4.91,5.10,3.48,BI,anti,A,4.44,4.66,2.90,3.65,3.17,3.69,4.01,4.04,0.03,5.86,0.64,5.65,0.38,37.81,0.27,C3'-endo
305,305,0.73,C,C,C,0,1,0,0,0,(,314,1,cWW,cW-W,5.10,3.06,0.93,1.40,3.63,5.26,4.65,3.49,BI,anti,.,4.45,4.63,2.89,4.30,3.07,4.11,3.62,4.47,0.05,5.85,0.64,5.66,0.36,37.71,0.25,C3'-endo
306,306,0.73,U,U,U,0,0,0,1,0,(,313,1,cWW,cW-W,2.95,3.10,2.95,1.42,3.69,5.04,4.93,3.44,BI,anti,A,4.52,4.67,2.77,3.25,3.11,3.38,3.85,3.84,0.07,5.83,0.64,5.67,0.34,37.35,0.21,C3'-endo
307,307,0.73,G,G,G,0,0,1,0,0,(,312,1,cWW,cW-W,5.16,3.23,0.94,1.41,3.41,0.77,2.65,3.65,..,anti,.,4.19,4.53,3.04,5.17,3.27,5.10,3.84,5.63,0.03,5.86,0.63,5.66,0.37,37.24,0.27,C3'-endo
308,308,0.74,U,U,U,0,0,0,1,0,.,,0,,,3.52,1.91,3.04,2.54,4.76,3.31,1.45,4.05,BII,anti,.,0.64,0.70,4.18,1.72,4.55,1.62,5.33,1.13,5.92,0.61,5.67,0.41,6.25,36.26,2.87,C2'-endo
309,309,0.74,U,U,U,0,0,0,1,0,.,,0,,,5.11,3.88,3.17,2.56,3.94,0.92,3.02,3.96,..,anti,.,1.66,1.68,0.96,0.28,1.08,0.03,1.23,0.41,5.92,0.61,5.67,0.42,6.25,36.60,2.87,C2'-endo
310,310,0.74,C,C,C,0,1,0,0,0,.,,0,,,3.66,3.64,0.90,1.40,4.09,2.22,1.88,3.52,..,anti,-,,,2.27,1.75,2.62,2.16,2.73,,0.03,5.86,0.63,5.65,0.38,37.75,0.28,C3'-endo
311,311,0.74,G,G,G,0,0,1,0,0,.,,0,,,0.12,2.05,1.11,1.42,3.65,2.08,1.57,,..,n/a,-,,,4.27,1.36,4.21,0.64,0.00,0.00,0.06,5.85,0.63,5.67,0.35,37.00,0.24,C3'-endo
312,312,0.74,C,C,C,0,1,0,0,0,),307,1,cWW,cW-W,1.16,3.13,3.21,1.43,3.18,4.88,4.58,3.46,BI,anti,A,4.33,4.37,2.06,3.16,2.36,3.24,,3.77,0.03,5.88,0.61,5.68,0.36,36.16,0.28,C3'-endo
313,313,0.75,A,A,A,1,0,0,0,0,),306,1,cWW,cW-W,2.96,3.74,2.71,1.43,4.06,4.85,5.50,3.36,..,anti,A,4.58,4.78,2.89,3.73,3.17,3.68,3.91,4.18,0.10,5.81,0.64,5.68,0.32,37.39,0.17,C3'-endo
314,314,0.75,G,G,G,0,0,1,0,0,),305,1,cWW,cW-W,5.09,3.04,0.84,1.43,3.94,4.83,5.40,3.37,BI,anti,A,4.58,4.74,2.80,3.76,3.00,3.79,3.76,4.26,0.08,5.83,0.64,5.68,0.33,37.24,0.20,C3'-endo
315,315,0.75,G,G,G,0,0,1,0,0,),304,1,cWW,cW-W,5.09,2.86,0.99,1.40,3.63,5.07,4.85,3.23,BI,anti,A,4.67,4.66,2.76,3.77,3.00,3.77,3.75,4.15,0.07,5.82,0.65,5.65,0.35,38.46,0.22,C3'-endo
316,316,0.75,G,G,G,0,0,1,0,0,),303,1,cWW,cW-W,5.11,2.98,1.14,1.41,3.65,5.38,4.55,3.22,BI,anti,.,4.63,4.63,3.02,4.07,3.30,4.10,4.02,4.95,0.04,5.86,0.63,5.66,0.37,37.44,0.27,C3'-endo
317,317,0.76,G,G,G,0,0,1,0,0,.,302,1,tSH,tm-M,5.04,3.17,1.00,1.40,3.23,4.97,4.54,3.66,BI,anti,.,4.19,4.47,2.90,3.06,3.38,2.84,4.68,2.73,0.07,5.83,0.65,5.66,0.35,38.09,0.22,C3'-endo
318,318,0.76,A,A,A,1,0,0,0,0,.,301,1,tHW,tM-W,3.84,2.01,3.10,1.45,4.45,4.47,6.26,3.24,..,anti,.,4.57,4.74,3.54,2.89,3.10,3.23,2.72,4.18,0.08,5.84,0.62,5.69,0.32,36.30,0.20,C3'-endo
319,319,0.76,A,A,A,1,0,0,0,0,.,"266,299",2,"tWS,tHH","tW+m,tM+M",5.36,2.39,1.09,1.47,5.00,3.78,1.22,3.72,..,anti,.,2.98,4.52,3.22,3.74,3.44,3.95,4.28,4.70,0.06,5.86,0.61,5.69,0.34,35.82,0.23,C3'-endo
320,320,0.76,G,G,G,0,0,1,0,0,),"267,298",2,"tSS,cWW","tm+m,cW-W",5.44,2.21,0.95,1.55,4.13,4.95,5.46,4.74,..,anti,.,-0.38,4.70,3.08,4.31,3.30,4.22,3.96,4.42,0.13,5.84,0.56,5.78,0.24,32.48,0.10,C3'-endo
321,321,0.77,G,G,G,0,0,1,0,0,),296,1,cWW,cW-W,5.23,2.92,0.95,1.41,3.59,4.95,4.92,3.55,BI,anti,A,4.35,4.61,2.83,3.63,3.23,3.61,3.65,3.94,0.04,5.85,0.64,5.65,0.37,37.88,0.26,C3'-endo
322,322,0.77,A,A,A,1,0,0,0,0,),295,1,cWW,cW-W,5.13,2.85,1.13,1.42,3.45,5.12,4.62,3.53,BI,anti,A,4.37,4.54,2.93,3.71,3.19,3.64,3.81,4.00,0.03,5.87,0.62,5.66,0.37,36.89,0.28,C3'-endo
323,323,0.77,C,C,C,0,1,0,0,0,),294,1,cWW,cW-W,5.07,3.17,0.96,1.40,3.69,5.20,4.78,3.54,BI,anti,.,4.37,4.66,2.99,3.91,3.18,4.00,3.79,4.87,0.04,5.85,0.64,5.65,0.37,37.88,0.26,C3'-endo
324,324,0.77,G,G,G,0,0,1,0,0,.,293,1,tSH,tm-M,5.19,2.96,1.01,1.49,4.22,5.05,5.45,3.52,..,anti,.,4.17,4.69,3.10,4.31,3.45,4.49,4.55,5.25,0.07,5.86,0.59,5.72,0.31,34.57,0.21,C3'-endo
325,325,0.78,G,G,G,0,0,1,0,0,.,292,1,tSH,tm-M,5.41,3.07,0.94,2.58,4.11,2.56,1.56,4.79,BII,anti,.,1.10,1.46,3.14,2.43,3.86,2.19,4.71,2.69,5.92,0.62,5.66,0.43,6.24,36.82,2.88,C2'-endo
326,326,0.78,A,A,A,1,0,0,0,0,.,291,1,tHS,tM-m,4.77,2.90,0.59,1.39,3.76,4.93,5.11,3.50,BI,anti,.,4.42,4.69,2.98,4.33,2.75,4.26,3.09,5.04,0.06,5.84,0.64,5.65,0.36,37.99,0.24,C3'-endo
327,327,0.78,A,A,A,1,0,0,0,0,.,290,1,cWS,cW-m,2.61,3.75,2.97,1.43,3.98,5.04,5.23,3.11,BI,anti,.,4.75,4.75,2.68,3.75,3.18,3.78,4.42,4.57,0.10,5.82,0.64,5.68,0.32,37.28,0.18,C3'-endo
328,328,0.78,C,C,C,0,1,0,0,0,(,354,1,cWW,cW-W,5.44,2.98,0.74,1.41,3.77,4.94,5.11,3.51,BI,anti,A,4.41,4.70,2.92,3.73,3.28,3.78,4.40,4.24,0.07,5.82,0.65,5.66,0.35,38.03,0.21,C3'-endo
329,329,0.79,A,A,A,1,0,0,0,0,(,353,1,cWW,cW-W,5.16,3.11,0.85,1.42,3.77,4.96,5.09,3.31,BI,anti,A,4.64,4.70,2.92,3.74,3.09,3.79,3.74,4.23,0.08,5.82,0.65,5.67,0.33,37.71,0.20,C3'-endo
330,330,0.79,A,A,A,1,0,0,0,0,(,352,1,cWW,cW-W,5.14,3.06,0.90,1.43,3.69,5.03,4.94,3.36,BI,anti,A,4.58,4.65,2.90,3.77,3.11,3.80,3.77,4.30,0.06,5.85,0.62,5.68,0.35,36.75,0.24,C3'-endo
331,331,0.79,G,G,G,0,0,1,0,0,(,351,1,cWW,cW-W,5.17,2.97,0.98,1.41,3.80,5.00,5.08,3.48,BI,anti,A,4.41,4.65,2.96,3.82,3.21,3.83,3.96,4.36,0.02,5.88,0.62,5.66,0.38,36.98,0.30,C3'-endo
332,332,0.79,U,U,U,0,0,0,1,0,(,350,1,cWW,cW-W,5.10,2.96,0.98,1.40,3.70,4.75,5.24,3.57,BI,anti,.,4.29,4.63,2.85,3.47,3.12,3.65,3.91,3.79,0.01,5.88,0.62,5.66,0.39,37.02,0.31,C3'-endo
333,333,0.79,A,A,A,1,0,0,0,0,.,347,1,tHW,tM-W,5.39,3.25,1.35,2.53,3.80,3.48,0.32,4.44,..,anti,.,1.84,1.83,3.71,3.25,4.07,2.52,3.95,1.68,5.84,0.67,5.65,0.39,0.03,38.81,2.77,C2'-endo
334,334,0.80,U,U,U,0,0,0,1,0,(,349,1,cWW,cW-W,5.08,2.41,5.98,1.47,3.71,5.43,4.56,3.41,BI,anti,.,4.53,4.64,1.82,4.06,1.54,4.27,1.04,4.78,0.06,5.86,0.60,5.70,0.33,35.48,0.22,C3'-endo
335,335,0.80,G,G,G,0,0,1,0,0,(,346,1,cWW,cW-W,4.95,3.79,1.24,1.46,3.48,5.24,4.52,3.33,BI,anti,.,4.51,4.54,3.50,4.39,3.84,4.25,4.39,4.71,0.08,5.85,0.61,5.70,0.32,35.59,0.21,C3'-endo
336,336,0.80,G,G,G,0,0,1,0,0,(,345,1,cWW,cW-W,2.88,3.39,2.93,1.43,3.71,4.56,5.43,3.28,BI,anti,A,4.54,4.58,2.87,3.54,3.28,3.46,4.20,3.80,0.01,5.89,0.59,5.68,0.37,35.68,0.30,C3'-endo
337,337,0.80,C,C,C,0,1,0,0,0,(,344,1,cWW,cW-W,2.97,3.69,2.59,1.38,3.96,4.84,5.40,3.51,BI,anti,A,4.36,4.76,2.60,3.67,2.89,3.64,3.45,4.11,0.07,5.82,0.66,5.65,0.36,38.78,0.22,C3'-endo
338,338,0.81,G,G,G,0,0,1,0,0,(,343,1,cWW,cW-W,5.38,2.82,0.86,1.39,3.81,5.12,4.97,3.35,BI,anti,A,4.61,4.71,2.91,3.95,3.16,3.97,3.92,4.59,0.05,5.84,0.65,5.65,0.37,38.46,0.25,C3'-endo
339,339,0.81,U,U,U,0,0,0,1,0,.,342,1,tSW,tm+W,5.25,3.07,0.87,1.39,3.35,4.48,5.15,3.50,BI,anti,.,4.38,4.49,2.90,3.11,3.24,2.54,4.20,1.78,0.02,5.88,0.62,5.65,0.39,37.26,0.30,C3'-endo
340,340,0.81,U,U,U,0,0,0,1,0,.,,0,,,3.32,2.90,0.92,2.54,4.79,5.09,5.99,3.81,..,anti,.,0.62,0.65,1.41,5.64,1.58,5.35,1.22,5.75,5.92,0.61,5.67,0.41,6.25,36.28,2.87,C2'-endo
341,341,0.81,C,C,C,0,1,0,0,0,.,,0,,,4.98,3.28,1.06,2.57,4.50,1.57,2.94,3.94,..,anti,Z,0.97,0.98,2.89,2.19,3.85,1.34,4.09,1.15,5.92,0.62,5.66,0.43,6.24,37.06,2.88,C2'-endo
342,342,0.82,G,G,G,0,0,1,0,0,.,339,1,tWS,tW+m,0.99,3.22,3.08,1.44,4.37,5.17,5.48,0.90,..,syn,.,-2.37,4.58,1.99,3.91,1.73,4.23,2.06,4.20,6.25,5.94,0.57,5.68,0.40,34.90,0.38,C3'-endo
343,343,0.82,C,C,C,0,1,0,0,0,),338,1,cWW,cW-W,5.39,2.41,1.76,1.42,3.52,5.03,4.77,3.48,BI,anti,A,4.47,4.60,3.26,3.55,4.08,3.39,4.49,3.63,0.07,5.83,0.64,5.67,0.35,37.60,0.22,C3'-endo
344,344,0.82,G,G,G,0,0,1,0,0,),337,1,cWW,cW-W,5.09,3.00,1.09,1.40,3.66,5.07,4.87,3.40,BI,anti,A,4.55,4.64,3.00,3.78,3.21,3.78,3.75,4.33,0.04,5.85,0.64,5.65,0.37,37.74,0.26,C3'-endo
345,345,0.82,C,C,C,0,1,0,0,0,),336,1,cWW,cW-W,5.12,2.93,1.07,1.40,3.55,5.10,4.74,3.46,BI,anti,A,4.48,4.60,2.92,3.72,3.23,3.70,4.11,4.04,0.04,5.85,0.64,5.65,0.38,37.95,0.27,C3'-endo
346,346,0.83,C,C,C,0,1,0,0,0,),335,1,cWW,cW-W,5.03,3.25,0.93,1.40,3.64,5.05,4.88,3.39,BI,anti,A,4.49,4.58,2.97,3.72,3.15,3.77,3.72,4.33,0.01,5.89,0.61,5.66,0.39,36.85,0.31,C3'-endo
347,347,0.83,U,U,U,0,0,0,1,0,.,333,1,tWH,tW-M,5.17,2.91,1.05,1.41,3.78,5.08,4.98,3.54,BI,anti,A,4.31,4.63,2.98,3.88,3.25,4.00,4.05,4.26,0.01,5.89,0.61,5.66,0.39,36.61,0.32,C3'-endo
348,348,0.83,A,A,A,1,0,0,0,0,.,349,1,cSH,cm+M,5.21,3.31,0.91,2.48,4.83,2.39,2.44,4.33,BII,anti,.,0.52,0.76,3.52,2.44,3.90,2.23,4.18,2.48,5.91,0.59,5.71,0.37,0.00,34.50,2.81,C2'-endo
349,349,0.83,A,A,A,1,0,0,0,0,),"334,348",2,"cWW,cHS","cW-W,cM+m",3.38,3.00,1.04,1.43,4.11,5.01,5.38,3.35,..,anti,.,4.60,4.81,2.47,4.14,2.26,4.21,2.57,5.07,0.13,5.78,0.67,5.67,0.31,38.48,0.14,C3'-endo
350,350,0.84,G,G,G,0,0,1,0,0,),332,1,cWW,cW-W,5.27,2.79,0.97,1.45,3.93,5.02,5.19,3.35,BI,anti,A,4.61,4.74,2.84,4.03,3.27,4.03,4.53,4.81,0.10,5.82,0.63,5.69,0.31,36.69,0.17,C3'-endo
351,351,0.84,C,C,C,0,1,0,0,0,),331,1,cWW,cW-W,5.28,2.89,0.86,1.42,3.82,4.94,5.16,3.57,BI,anti,A,4.29,4.71,2.86,3.81,3.20,3.82,4.34,4.19,0.06,5.84,0.63,5.67,0.35,37.23,0.23,C3'-endo
352,352,0.84,U,U,U,0,0,0,1,0,),330,1,cWW,cW-W,5.23,3.06,0.78,1.39,3.68,5.03,4.94,3.56,BI,anti,A,4.33,4.66,2.86,3.72,3.06,3.76,3.67,4.29,0.05,5.84,0.65,5.65,0.37,38.33,0.25,C3'-endo
353,353,0.84,U,U,U,0,0,0,1,0,),329,1,cWW,cW-W,5.24,2.99,0.85,1.37,3.59,5.00,4.87,3.54,BI,anti,A,4.39,4.65,2.87,3.62,3.12,3.65,3.90,3.93,0.07,5.81,0.67,5.63,0.37,39.65,0.23,C3'-endo
354,354,0.84,G,G,G,0,0,1,0,0,),328,1,cWW,cW-W,5.16,3.14,0.88,1.43,3.55,2.57,0.98,3.62,..,anti,.,4.22,4.58,2.96,1.11,3.13,1.08,3.60,1.43,0.05,5.86,0.61,5.68,0.35,36.20,0.25,C3'-endo
355,355,0.85,A,A,A,1,0,0,0,0,.,388,1,tHS,tM-m,4.86,2.67,0.38,1.41,4.17,5.05,5.40,3.31,..,anti,.,4.64,4.80,2.61,4.21,2.76,4.36,2.81,5.20,0.10,5.81,0.65,5.67,0.32,37.76,0.17,C3'-endo
356,356,0.85,A,A,A,1,0,0,0,0,(,387,1,cWW,cW-W,5.26,2.70,1.08,1.41,3.53,5.01,4.80,3.29,BI,anti,A,4.66,4.66,2.75,3.71,3.31,3.62,4.65,3.72,0.13,5.77,0.68,5.66,0.31,39.25,0.14,C3'-endo
357,357,0.85,C,C,C,0,1,0,0,0,(,386,1,cWW,cW-W,5.25,2.93,1.12,1.38,3.46,5.05,4.69,3.37,BI,anti,.,4.53,4.57,3.09,3.58,3.35,3.58,3.77,3.92,0.04,5.84,0.65,5.63,0.39,38.81,0.27,C3'-endo
358,358,0.85,C,C,C,0,1,0,0,0,(,"289,385",2,"tHW,cWW","tM-W,cW-W",5.09,3.38,0.90,1.38,4.36,5.39,5.24,3.32,..,anti,.,4.57,4.83,3.26,4.18,3.29,4.08,3.68,3.91,0.11,5.78,0.68,5.64,0.34,39.76,0.18,C3'-endo
359,359,0.86,G,G,G,0,0,1,0,0,(,"288,384",2,"tHW,cWW","tM-W,cW-W",4.55,1.61,2.82,1.41,3.84,5.09,5.03,3.17,BI,anti,A,4.59,4.62,3.39,2.92,3.42,3.23,3.48,4.15,6.26,5.91,0.60,5.66,0.41,36.52,0.35,C3'-endo
360,360,0.86,C,C,C,0,1,0,0,0,(,"377,383",2,"cHS,cWW","cM+m,cW-W",5.15,3.07,0.81,1.39,3.64,5.01,4.92,3.47,BI,anti,A,4.49,4.64,2.79,3.66,3.10,3.72,4.21,4.12,0.04,5.86,0.63,5.66,0.37,37.45,0.27,C3'-endo
361,361,0.86,C,C,C,0,1,0,0,0,(,"143,382",2,"cSW,cWW","cm-W,cW-W",5.16,3.09,0.95,1.39,3.57,5.03,4.82,3.45,BI,anti,A,4.50,4.61,2.98,3.63,3.18,3.65,3.78,3.99,0.04,5.85,0.64,5.65,0.37,38.00,0.27,C3'-endo
362,362,0.86,G,G,G,0,0,1,0,0,(,381,1,cWW,cW-W,5.14,3.14,0.93,1.40,3.83,4.95,5.17,3.42,BI,anti,A,4.50,4.69,3.03,3.77,3.17,3.82,3.68,4.39,0.04,5.85,0.63,5.66,0.37,37.42,0.26,C3'-endo
363,363,0.87,U,U,U,0,0,0,1,0,(,380,1,cWW,cW-W,5.24,2.94,0.85,1.40,3.75,5.04,4.99,3.47,BI,anti,A,4.48,4.69,2.85,3.81,3.10,3.82,3.92,4.36,0.06,5.83,0.65,5.65,0.36,38.36,0.23,C3'-endo
364,364,0.87,A,A,A,1,0,0,0,0,(,379,1,cWW,cW-W,5.16,3.03,0.86,1.39,3.70,5.23,4.76,3.44,BI,anti,A,4.50,4.66,2.83,3.94,3.07,3.98,3.90,4.73,0.05,5.84,0.64,5.65,0.37,38.12,0.25,C3'-endo
365,365,0.87,U,U,U,0,0,0,1,0,(,378,1,cWW,cW-W,5.13,3.12,0.87,1.40,3.46,4.87,4.87,3.56,BI,anti,.,4.36,4.56,2.84,3.40,3.20,3.35,4.27,3.09,0.04,5.85,0.64,5.65,0.37,37.74,0.27,C3'-endo
366,366,0.87,A,A,A,1,0,0,0,0,(,375,1,cWW,cW-W,5.15,3.14,0.73,1.35,3.37,4.98,4.68,3.58,BI,anti,A,4.30,4.50,2.81,3.35,2.84,3.37,2.73,3.54,6.25,5.90,0.63,5.62,0.44,38.77,0.37,C3'-endo
367,367,0.88,C,C,C,0,1,0,0,0,(,374,1,cWW,cW-W,5.05,3.02,1.10,1.39,3.56,5.02,4.82,3.52,BI,anti,A,4.34,4.53,2.99,3.63,3.12,3.60,3.41,3.83,6.25,5.91,0.61,5.64,0.42,37.18,0.37,C3'-endo
368,368,0.88,C,C,C,0,1,0,0,0,(,"72,373",2,"cSH,cWW","cm+M,cW-W",4.98,3.28,0.78,1.38,3.38,0.80,2.59,3.54,..,anti,.,4.38,4.55,2.77,6.08,2.91,5.33,3.38,4.11,0.04,5.84,0.66,5.63,0.39,39.13,0.27,C3'-endo
369,369,0.88,G,G,G,0,0,1,0,0,.,,0,,,1.09,2.29,0.90,1.42,3.85,5.05,5.08,3.41,BI,anti,A,4.56,4.73,5.00,4.08,6.11,4.01,0.84,4.42,0.08,5.82,0.64,5.67,0.34,37.63,0.20,C3'-endo
370,370,0.88,A,A,A,1,0,0,0,0,.,,0,,,4.98,3.29,0.88,1.45,3.78,5.04,5.02,3.50,BI,anti,A,4.39,4.64,2.88,3.85,3.10,3.90,3.85,4.46,0.06,5.86,0.61,5.69,0.34,35.71,0.24,C3'-endo
371,371,0.89,A,A,A,1,0,0,0,0,.,,0,,,5.02,3.05,0.97,1.42,3.81,5.10,4.99,3.51,BI,anti,A,4.39,4.68,2.85,3.92,3.10,3.94,3.90,4.59,0.04,5.86,0.62,5.67,0.36,37.02,0.26,C3'-endo
372,372,0.89,C,C,C,0,1,0,0,0,.,,0,,,4.97,3.05,0.99,1.37,3.93,5.27,4.94,3.45,BI,anti,.,4.49,4.75,2.81,4.16,3.09,4.27,4.02,5.12,0.05,5.83,0.67,5.63,0.38,39.36,0.25,C3'-endo
373,373,0.89,G,G,G,0,0,1,0,0,),"72,368",2,"cW.,cWW","cW-.,cW-W",5.27,2.97,0.90,1.40,3.43,5.18,4.53,3.50,BI,anti,.,4.43,4.57,2.83,4.16,3.36,4.00,4.65,4.38,0.08,5.81,0.66,5.66,0.34,38.59,0.20,C3'-endo
374,374,0.89,G,G,G,0,0,1,0,0,),"106,367",2,"tSS,cWW","tm+m,cW-W",2.93,3.32,2.92,1.42,4.19,4.96,5.52,3.18,..,anti,A,4.76,4.81,2.91,3.68,3.19,3.76,3.98,4.40,0.12,5.79,0.66,5.68,0.31,38.08,0.15,C3'-endo
375,375,0.89,U,U,U,0,0,0,1,0,),366,1,cWW,cW-W,5.29,2.97,0.88,1.39,3.46,1.21,2.25,3.53,..,anti,.,4.33,4.49,2.81,0.27,3.18,5.35,4.09,3.66,6.24,5.92,0.60,5.64,0.43,37.31,0.39,C3'-endo
376,376,0.90,A,A,A,1,0,0,0,0,.,2,1,tSW,tm+W,1.24,2.23,0.92,2.59,4.38,4.72,5.94,5.05,..,anti,.,0.75,1.12,5.18,5.78,0.67,4.48,1.81,4.43,5.89,0.65,5.64,0.43,6.25,38.28,2.86,C2'-endo
377,377,0.90,C,C,C,0,1,0,0,0,.,360,1,cSH,cm+M,1.08,2.74,3.10,1.43,3.64,0.88,2.76,3.50,..,anti,.,4.43,4.63,0.66,5.60,1.39,5.00,1.89,3.94,0.07,5.84,0.63,5.68,0.34,36.92,0.22,C3'-endo
378,378,0.90,G,G,G,0,0,1,0,0,),"260,365",2,"tSH,cWW","tm-M,cW-W",1.19,2.61,0.80,1.39,3.84,5.11,5.02,3.45,BI,anti,A,4.49,4.73,5.26,4.03,6.25,4.04,0.95,4.73,0.08,5.81,0.66,5.65,0.35,38.75,0.21,C3'-endo
379,379,0.90,U,U,U,0,0,0,1,0,),364,1,cWW,cW-W,5.25,3.01,0.85,1.43,3.82,4.91,5.19,3.59,BI,anti,A,4.23,4.70,2.90,3.75,3.23,3.77,4.27,4.09,0.06,5.85,0.63,5.67,0.35,36.89,0.24,C3'-endo
380,380,0.91,A,A,A,1,0,0,0,0,),363,1,cWW,cW-W,5.04,3.15,0.81,1.42,3.74,5.00,5.02,3.51,BI,anti,A,4.41,4.67,2.80,3.75,2.95,3.79,3.46,4.38,0.07,5.83,0.64,5.67,0.34,37.57,0.22,C3'-endo
381,381,0.91,C,C,C,0,1,0,0,0,),362,1,cWW,cW-W,5.19,2.97,0.84,1.38,3.70,5.08,4.91,3.58,BI,anti,A,4.32,4.69,2.82,3.77,3.07,3.78,3.91,4.25,0.07,5.82,0.66,5.64,0.36,38.99,0.23,C3'-endo
382,382,0.91,G,G,G,0,0,1,0,0,),361,1,cWW,cW-W,5.13,2.95,0.98,1.36,3.57,5.07,4.78,3.36,BI,anti,A,4.61,4.65,2.84,3.67,3.12,3.67,3.91,4.08,0.06,5.82,0.67,5.63,0.38,39.60,0.24,C3'-endo
383,383,0.91,G,G,G,0,0,1,0,0,),"143,144,360",3,"cSH,cSW,cWW","cm+M,cm+W,cW-W",5.13,3.16,0.92,1.40,3.71,5.04,4.96,3.32,BI,anti,A,4.63,4.67,2.99,3.77,3.17,3.82,3.81,4.35,0.05,5.84,0.64,5.65,0.36,38.02,0.25,C3'-endo
384,384,0.92,U,U,U,0,0,0,1,0,),"288,359",2,"tW.,cWW","tW+.,cW-W",5.25,3.09,0.84,1.39,3.68,4.71,5.25,3.41,BI,anti,.,4.56,4.67,2.96,3.39,3.19,3.40,3.96,3.42,0.06,5.83,0.65,5.65,0.36,38.19,0.23,C3'-endo
385,385,0.92,G,G,G,0,0,1,0,0,),358,1,cWW,cW-W,5.09,2.81,1.10,1.35,3.65,4.97,4.97,3.35,BI,anti,A,4.63,4.68,2.89,3.65,2.99,3.63,3.17,4.02,0.05,5.82,0.68,5.62,0.39,40.19,0.25,C3'-endo
386,386,0.92,G,G,G,0,0,1,0,0,),357,1,cWW,cW-W,5.18,2.91,1.12,1.40,3.59,4.95,4.92,3.23,BI,anti,A,4.62,4.62,3.03,3.62,3.27,3.62,3.94,3.86,0.04,5.85,0.64,5.65,0.38,37.93,0.27,C3'-endo
387,387,0.92,U,U,U,0,0,0,1,0,),356,1,cWW,cW-W,5.21,3.09,1.01,1.46,4.01,5.06,5.24,3.42,BI,anti,.,4.40,4.62,3.21,4.10,3.34,4.30,3.71,5.09,0.01,5.91,0.57,5.70,0.36,34.38,0.31,C3'-endo
388,388,0.93,G,G,G,0,0,1,0,0,.,355,1,tSH,tm-M,5.34,3.01,1.01,2.59,4.83,2.40,2.42,4.13,BII,anti,.,0.48,0.55,3.44,2.97,4.07,3.00,4.91,3.46,5.93,0.61,5.65,0.44,6.22,37.06,2.91,C2'-endo
389,389,0.93,U,U,U,0,0,0,1,0,.,,0,,,2.45,3.65,2.66,2.55,4.26,1.86,2.40,3.78,..,anti,.,1.35,1.36,3.64,1.26,3.60,1.19,3.86,2.09,5.93,0.60,5.68,0.42,6.23,35.88,2.89,C2'-endo
390,390,0.93,G,G,G,0,0,1,0,0,(,416,1,cWW,cW-W,4.81,3.83,0.66,1.38,3.72,4.96,5.05,3.22,BI,anti,A,4.69,4.69,3.62,3.58,3.43,3.72,2.96,4.20,0.06,5.83,0.65,5.65,0.36,38.38,0.23,C3'-endo
391,391,0.93,G,G,G,0,0,1,0,0,(,415,1,cWW,cW-W,5.26,3.00,0.93,1.36,3.66,5.02,4.92,3.34,BI,anti,A,4.63,4.67,2.97,3.69,3.18,3.72,3.78,4.25,0.04,5.84,0.66,5.63,0.39,39.17,0.27,C3'-endo
392,392,0.94,C,C,C,0,1,0,0,0,(,414,1,cWW,cW-W,5.20,3.03,0.96,1.39,3.70,5.19,4.79,3.52,BI,anti,A,4.41,4.67,2.98,3.91,3.20,3.94,3.97,4.64,0.06,5.84,0.65,5.65,0.36,38.18,0.24,C3'-endo
393,393,0.94,A,A,A,1,0,0,0,0,(,411,1,cWW,cW-W,5.15,3.09,0.87,1.41,3.71,5.02,4.97,3.40,BI,anti,A,4.56,4.68,2.88,3.77,3.20,3.81,4.22,4.38,0.08,5.82,0.65,5.66,0.34,37.89,0.21,C3'-endo
394,394,0.94,G,G,G,0,0,1,0,0,(,410,1,cWW,cW-W,5.25,2.97,0.88,1.40,3.72,4.98,5.02,3.46,BI,anti,A,4.50,4.69,2.92,3.75,3.18,3.77,4.01,4.28,0.07,5.82,0.65,5.65,0.35,38.33,0.22,C3'-endo
395,395,0.94,G,G,G,0,0,1,0,0,(,409,1,cWW,cW-W,5.27,2.91,0.91,1.39,3.66,5.00,4.95,3.47,BI,anti,A,4.49,4.67,2.91,3.72,3.17,3.73,3.96,4.18,0.06,5.83,0.66,5.65,0.36,38.67,0.23,C3'-endo
396,396,0.95,G,G,G,0,0,1,0,0,(,408,1,cWW,cW-W,5.20,2.91,1.01,1.41,3.63,5.12,4.79,3.41,BI,anti,A,4.53,4.62,2.94,3.81,3.20,3.78,3.95,4.07,0.04,5.85,0.63,5.66,0.37,37.56,0.26,C3'-endo
397,397,0.95,G,G,G,0,0,1,0,0,(,407,1,cWW,cW-W,5.02,3.32,0.77,1.39,4.34,5.61,5.02,3.56,..,anti,.,4.02,4.74,3.00,5.25,3.11,5.22,3.56,5.14,0.01,5.87,0.63,5.64,0.40,37.77,0.31,C3'-endo
398,398,0.95,C,C,C,0,1,0,0,0,.,,0,,,1.86,3.80,5.14,1.40,4.07,3.12,0.94,3.51,BII,anti,.,4.29,4.72,4.09,1.08,4.60,1.56,5.23,2.18,0.02,5.87,0.62,5.66,0.38,37.12,0.29,C3'-endo
399,399,0.95,G,G,G,0,0,1,0,0,(,406,1,cWW,cW-W,4.93,2.72,0.75,1.43,4.26,4.94,5.60,3.16,..,anti,A,4.72,4.76,3.19,4.20,2.94,4.23,2.58,4.96,0.07,5.84,0.63,5.68,0.34,36.87,0.21,C3'-endo
400,400,0.95,C,C,C,0,1,0,0,0,(,405,1,cWW,cW-W,5.03,2.97,0.96,1.41,,,,3.48,..,anti,-,,,,,,,,,0.04,5.86,0.62,5.66,0.37,37.03,0.27,C3'-endo
401,not resolved,0.96,-,-,-,0,0,0,0,1,,,0,,,,,,,,,,,,,,,,,,,,,,,,,,,,,
402,not resolved,0.96,-,-,-,0,0,0,0,1,,,0,,,,,,,,,,,,,,,,,,,,,,,,,,,,,
403,not resolved,0.96,-,-,-,0,0,0,0,1,,,0,,,,,,,,,,,,,,,,,,,,,,,,,,,,,
404,not resolved,0.96,-,-,-,0,0,0,0,1,,,0,,,,,,,,,,,,,,,,,,,,,,,,,,,,,
405,405,0.97,G,G,G,0,0,1,0,0,),400,1,cWW,cW-W,,2.65,1.23,2.57,3.30,4.09,5.49,4.39,BI,anti,B,2.12,2.11,,3.84,,3.12,,3.89,5.89,0.65,5.64,0.44,6.25,38.46,2.86,C2'-endo
406,406,0.97,C,C,C,0,1,0,0,0,),399,1,cWW,cW-W,5.03,2.90,0.85,1.36,3.65,5.08,4.86,3.55,BI,anti,A,4.34,4.64,2.82,3.73,2.79,3.75,3.77,4.17,0.00,5.87,0.64,5.62,0.42,38.96,0.32,C3'-endo
407,407,0.97,C,C,C,0,1,0,0,0,),397,1,cWW,cW-W,5.17,3.15,0.89,1.38,3.20,4.99,4.49,3.43,BI,anti,.,4.36,4.39,2.93,3.78,3.19,3.62,3.87,3.66,6.27,5.89,0.62,5.64,0.41,37.68,0.34,C3'-endo
408,408,0.97,C,C,C,0,1,0,0,0,),396,1,cWW,cW-W,2.89,3.42,2.94,1.43,4.11,4.82,5.58,3.41,..,anti,A,4.46,4.74,2.97,3.49,3.11,3.56,3.38,4.15,0.06,5.85,0.62,5.68,0.34,36.52,0.24,C3'-endo
409,409,0.98,C,C,C,0,1,0,0,0,),395,1,cWW,cW-W,5.18,2.94,0.84,1.39,3.68,5.03,4.94,3.43,BI,anti,A,4.53,4.67,2.76,3.74,3.02,3.75,3.81,4.12,0.06,5.83,0.65,5.65,0.36,38.22,0.23,C3'-endo
410,410,0.98,C,C,C,0,1,0,0,0,),394,1,cWW,cW-W,5.22,3.13,0.78,1.38,3.68,5.02,4.94,3.55,BI,anti,A,4.36,4.67,2.90,3.67,3.09,3.71,3.69,3.98,0.05,5.84,0.65,5.64,0.38,38.51,0.26,C3'-endo
411,411,0.98,U,U,U,0,0,0,1,0,),393,1,cWW,cW-W,5.19,3.17,0.73,1.38,3.97,3.85,0.12,3.60,..,anti,.,4.16,4.74,2.92,3.11,3.05,3.30,3.45,4.29,0.03,5.85,0.64,5.64,0.38,38.12,0.28,C3'-endo
412,412,0.98,A,A,A,1,0,0,0,0,.,,0,,,0.54,2.90,1.00,1.41,4.04,2.94,1.10,5.01,BII,anti,.,-1.72,4.80,4.79,1.99,4.60,1.99,3.97,2.21,0.14,5.76,0.68,5.66,0.30,39.41,0.12,C3'-endo
413,413,0.99,U,U,U,0,0,0,1,0,.,,0,,,5.26,1.58,2.93,2.54,4.53,3.29,1.24,3.88,BII,anti,.,0.99,1.01,5.83,2.32,5.24,2.53,4.86,2.10,5.92,0.61,5.67,0.41,6.25,36.21,2.87,C2'-endo
414,414,0.99,G,G,G,0,0,1,0,0,),392,1,cWW,cW-W,0.79,2.82,1.06,1.41,3.68,5.04,4.92,3.20,BI,anti,A,4.64,4.64,5.31,3.80,5.50,3.78,6.14,4.17,0.04,5.86,0.63,5.66,0.37,37.17,0.26,C3'-endo
415,415,0.99,C,C,C,0,1,0,0,0,),391,1,cWW,cW-W,5.23,3.13,0.92,1.39,3.41,5.14,4.55,3.46,BI,anti,.,4.43,4.51,3.02,4.00,3.27,3.79,3.95,3.92,0.02,5.87,0.63,5.65,0.39,37.49,0.30,C3'-endo
416,416,0.99,C,C,C,0,1,0,0,0,),390,1,cWW,cW-W,2.94,3.14,2.83,1.41,3.99,5.01,5.26,3.35,BI,anti,.,4.60,4.75,2.71,3.54,2.93,3.64,3.37,4.40,0.10,5.81,0.65,5.67,0.33,37.90,0.18,C3'-endo
417,417,1.00,G,G,G,0,0,1,0,0,.,,0,,,5.30,2.89,0.91,1.39,3.72,5.05,4.96,3.28,BI,anti,A,4.67,4.70,2.86,3.83,3.22,3.86,4.28,4.38,0.08,5.81,0.66,5.65,0.35,38.68,0.21,C3'-endo
418,418,1.00,A,A,A,1,0,0,0,0,.,1,1,tWS,tW+m,5.33,2.92,0.99,1.40,3.99,5.20,5.08,3.38,BI,anti,.,4.51,4.71,3.11,4.42,3.38,4.26,4.18,4.31,0.04,5.86,0.63,5.66,0.37,37.22,0.27,C3'-endo
419,419,1.00,U,U,U,0,0,0,1,0,),287,1,cWW,cW-W,3.08,2.70,3.09,2.56,,,,3.85,n/a,anti,-,,,,,,,,,5.93,0.59,5.69,0.41,6.24,35.43,2.88,C2'-endo
