index_chain,old_nt_resnum,nt_position,nt_name,nt_code,nt_align_code,is_A,is_C,is_G,is_U,is_other,dbn,paired,nb_interact,pair_type_LW,pair_type_DSSR,alpha,beta,gamma,delta,epsilon,zeta,epsilon_zeta,chi,bb_type,glyco_bond,form,ssZp,Dp,eta,theta,eta_prime,theta_prime,eta_base,theta_base,v0,v1,v2,v3,v4,amplitude,phase_angle,puckering
1,1,0.01,U,U,U,0,0,0,1,0,(,119,1,cWW,cW-W,,3.73,1.11,1.40,3.69,5.03,4.94,3.57,BI,anti,A,4.37,4.70,,3.73,,3.80,,4.32,0.09,5.76,0.73,5.58,0.39,42.74,0.21,C3'-endo
2,2,0.02,G,G,G,0,0,1,0,0,(,118,1,cWW,cW-W,4.92,3.05,1.13,1.47,3.78,4.93,5.13,3.32,BI,anti,A,4.58,4.64,2.96,3.75,3.18,3.76,3.90,4.20,0.11,5.79,0.66,5.66,0.32,38.64,0.17,C3'-endo
3,3,0.03,C,C,C,0,1,0,0,0,(,117,1,cWW,cW-W,5.09,2.96,0.97,1.38,3.81,4.98,5.11,3.49,BI,anti,A,4.41,4.70,2.87,3.78,3.10,3.80,3.81,4.28,0.09,5.75,0.74,5.58,0.39,43.44,0.20,C3'-endo
4,4,0.03,C,C,C,0,1,0,0,0,(,116,1,cWW,cW-W,5.17,2.93,1.01,1.37,3.77,4.98,5.07,3.36,BI,anti,A,4.54,4.64,2.93,3.71,3.17,3.73,3.94,4.14,0.03,5.81,0.72,5.56,0.44,43.24,0.29,C3'-endo
5,5,0.04,U,U,U,0,0,0,1,0,(,115,1,cWW,cW-W,4.98,2.97,1.15,1.39,3.61,4.90,4.99,3.34,BI,anti,A,4.59,4.60,2.92,3.55,3.14,3.54,3.82,3.81,0.01,5.83,0.70,5.57,0.45,42.03,0.32,C3'-endo
6,6,0.05,G,G,G,0,0,1,0,0,(,114,1,cWW,cW-W,5.10,2.97,1.00,1.34,3.78,4.93,5.13,3.32,BI,anti,A,4.68,4.69,2.93,3.68,3.09,3.71,3.59,4.19,0.04,5.79,0.75,5.55,0.44,44.33,0.27,C3'-endo
7,7,0.06,G,G,G,0,0,1,0,0,(,113,1,cWW,cW-W,5.16,2.94,1.08,1.44,3.84,4.95,5.17,3.31,BI,anti,A,4.60,4.66,3.05,3.83,3.24,3.85,3.94,4.35,0.05,5.81,0.69,5.60,0.40,40.86,0.25,C3'-endo
8,8,0.07,C,C,C,0,1,0,0,0,(,112,1,cWW,cW-W,5.23,2.98,0.83,1.42,3.69,4.75,5.22,3.54,BI,anti,.,4.32,4.53,2.88,4.05,3.15,3.81,3.92,3.83,6.28,5.87,0.65,5.62,0.42,39.35,0.33,C3'-endo
9,9,0.07,G,G,G,0,0,1,0,0,(,111,1,cWW,cW-W,2.07,3.58,3.63,1.42,3.67,5.10,4.85,3.22,BI,anti,A,4.83,4.71,2.90,3.10,3.03,3.33,3.39,3.96,0.16,5.69,0.78,5.58,0.35,44.80,0.13,C3'-endo
10,10,0.08,G,G,G,0,0,1,0,0,(,110,1,cWW,cW-W,5.01,3.06,1.21,1.47,4.11,5.24,5.15,3.26,..,anti,.,4.63,4.71,3.21,4.34,3.45,4.40,4.17,5.40,0.11,5.77,0.70,5.63,0.35,40.68,0.18,C3'-endo
11,11,0.09,C,C,C,0,1,0,0,0,.,109,1,c.W,c.-W,5.09,3.00,0.87,1.55,3.89,5.06,5.11,3.56,BI,anti,.,4.27,4.64,2.74,4.07,3.25,4.22,4.66,4.90,0.12,5.82,0.62,5.72,0.28,35.58,0.14,C3'-endo
12,12,0.10,C,C,C,0,1,0,0,0,.,,0,,,5.16,2.85,1.34,2.43,4.47,2.76,1.72,4.00,BII,anti,.,1.19,1.13,3.43,2.73,4.04,2.63,4.81,3.22,5.83,0.63,5.72,0.32,0.08,36.12,2.69,C2'-endo
13,13,0.11,G,G,G,0,0,1,0,0,.,"16,69",2,"tSS,tSS","tm-m,tm+m",5.43,3.04,1.12,1.44,4.31,3.84,0.47,3.63,..,anti,.,3.78,4.72,4.48,3.28,4.21,2.75,4.14,3.11,0.04,5.83,0.68,5.61,0.40,40.20,0.28,C3'-endo
14,14,0.12,U,U,U,0,0,0,1,0,.,,0,,,0.83,3.97,1.02,2.47,4.59,5.11,5.76,4.05,..,anti,.,0.39,0.99,6.15,5.54,0.02,5.23,5.52,5.49,5.99,0.54,5.72,0.41,6.20,32.78,2.95,C2'-endo
15,15,0.12,A,A,A,1,0,0,0,0,.,,0,,,4.56,3.17,1.01,2.44,4.51,5.32,5.47,3.80,..,anti,.,-0.23,0.83,2.46,5.48,3.39,5.25,3.74,5.78,5.67,0.80,5.61,0.34,0.16,44.99,2.61,C2'-endo
16,16,0.13,G,G,G,0,0,1,0,0,(,"13,68",2,"tSS,cWW","tm-m,cW-W",4.83,3.16,1.03,1.40,3.76,5.05,5.00,3.25,BI,anti,A,4.64,4.67,2.52,3.80,3.34,3.82,3.92,4.27,0.08,5.77,0.73,5.57,0.40,43.20,0.23,C3'-endo
17,17,0.14,C,C,C,0,1,0,0,0,(,67,1,cWW,cW-W,5.00,2.92,1.20,1.33,3.80,5.11,4.98,3.30,BI,anti,A,4.69,4.70,2.95,3.84,3.19,3.88,3.94,4.55,0.00,5.82,0.73,5.54,0.47,43.83,0.32,C3'-endo
18,18,0.15,G,G,G,0,0,1,0,0,(,65,1,cWW,cW-W,5.12,2.92,1.14,1.37,3.90,4.94,5.24,3.30,BI,anti,A,4.55,4.65,3.01,3.81,3.33,3.84,4.30,4.58,6.26,5.87,0.68,5.58,0.46,41.44,0.36,C3'-endo
19,19,0.16,C,C,C,0,1,0,0,0,(,64,1,cWW,cW-W,5.23,2.88,0.85,1.34,3.74,4.98,5.05,3.40,BI,anti,A,4.58,4.72,2.79,3.71,3.07,3.74,4.12,4.11,0.08,5.76,0.76,5.55,0.41,44.65,0.22,C3'-endo
20,20,0.17,G,G,G,0,0,1,0,0,(,63,1,cWW,cW-W,5.15,3.03,0.99,1.37,3.77,5.06,4.98,3.35,BI,anti,A,4.62,4.72,2.96,3.80,3.15,3.81,3.77,4.29,0.06,5.76,0.75,5.55,0.42,44.48,0.25,C3'-endo
21,21,0.17,G,G,G,0,0,1,0,0,(,62,1,cWW,cW-W,5.02,2.86,1.25,1.34,3.74,5.13,4.89,3.22,BI,anti,A,4.72,4.70,2.96,3.83,3.23,3.86,4.03,4.60,6.27,5.83,0.73,5.52,0.49,44.49,0.35,C3'-endo
22,22,0.18,U,U,U,0,0,0,1,0,(,61,1,cWW,cW-W,5.10,2.94,1.12,1.43,3.67,4.82,5.13,3.39,BI,anti,.,4.36,4.51,2.99,3.56,3.35,3.56,4.42,3.56,6.28,5.86,0.67,5.59,0.44,40.66,0.33,C3'-endo
23,23,0.19,G,G,G,0,0,1,0,0,(,60,1,cWW,cW-W,5.15,3.12,0.85,1.52,3.87,4.47,5.68,3.85,BI,anti,.,3.47,4.51,3.06,3.38,3.13,3.62,3.22,3.19,0.02,5.91,0.56,5.72,0.35,33.80,0.30,C3'-endo
24,24,0.20,G,G,G,0,0,1,0,0,.,"27,59",2,"tSW,cWW","tm+W,cW-W",5.15,3.08,1.00,2.41,3.86,2.08,1.79,4.87,..,anti,.,0.80,2.10,3.18,2.14,3.45,1.57,2.97,1.38,6.14,0.37,5.84,0.37,6.14,25.19,3.14,C3'-exo
25,25,0.21,U,U,U,0,0,0,1,0,.,,0,,,2.61,3.66,1.17,1.54,3.84,5.15,4.98,3.24,BI,anti,.,4.45,4.46,1.73,4.13,1.68,4.20,1.89,5.02,6.27,5.94,0.56,5.71,0.38,33.91,0.35,C3'-endo
26,26,0.22,C,C,C,0,1,0,0,0,.,,0,,,5.13,2.93,0.93,1.45,4.01,5.06,5.23,3.48,BI,anti,.,4.29,4.60,2.90,4.04,3.30,4.07,4.44,4.81,0.01,5.88,0.63,5.64,0.41,38.13,0.32,C3'-endo
27,27,0.23,C,C,C,0,1,0,0,0,.,24,1,tWS,tW+m,4.98,2.83,1.11,1.39,3.86,5.06,5.08,3.52,BI,anti,.,4.35,4.66,2.78,3.91,3.14,3.92,4.19,4.65,0.02,5.82,0.70,5.57,0.44,41.91,0.30,C3'-endo
28,28,0.23,C,C,C,0,1,0,0,0,(,56,1,cWW,cW-W,5.11,2.95,0.89,1.35,3.73,5.01,5.00,3.43,BI,anti,A,4.49,4.69,2.77,3.72,3.10,3.76,4.16,4.24,0.09,5.75,0.77,5.55,0.41,45.11,0.21,C3'-endo
29,29,0.24,A,A,A,1,0,0,0,0,(,"55,58",2,"cWW,cSW","cW-W,cm-W",5.14,2.93,1.05,1.39,3.96,4.78,5.46,3.39,BI,anti,A,4.49,4.75,3.03,3.67,3.24,3.67,3.95,4.19,0.08,5.76,0.75,5.57,0.41,43.83,0.23,C3'-endo
30,30,0.25,C,C,C,0,1,0,0,0,(,"52,54,57",3,"c.W,cWW,cSW","c.-W,cW-W,cm-W",5.08,2.47,1.28,1.41,3.85,5.50,4.63,3.32,BI,anti,.,4.71,4.74,2.83,4.37,3.12,4.40,3.96,5.05,0.13,5.73,0.75,5.59,0.36,43.66,0.16,C3'-endo
31,31,0.26,C,C,C,0,1,0,0,0,(,"51,53",2,"cWW,cSW","cW-W,cm-W",5.02,3.02,1.21,1.47,3.95,4.87,5.36,3.34,BI,anti,A,4.42,4.63,3.06,3.86,3.66,3.88,4.87,4.33,0.08,5.79,0.69,5.63,0.36,40.41,0.20,C3'-endo
32,32,0.27,U,U,U,0,0,0,1,0,(,50,1,cWW,cW-W,5.17,3.13,0.80,1.48,3.83,5.00,5.11,3.35,BI,anti,A,4.50,4.63,2.94,3.87,3.12,3.91,3.79,4.36,0.09,5.81,0.66,5.66,0.34,38.41,0.19,C3'-endo
33,33,0.28,G,G,G,0,0,1,0,0,(,49,1,cWW,cW-W,5.13,2.87,1.00,1.40,3.68,5.03,4.94,3.41,BI,anti,A,4.40,4.50,2.84,3.78,3.14,3.79,3.88,4.36,6.18,5.93,0.64,5.57,0.51,40.74,0.46,C3'-endo
34,34,0.28,A,A,A,1,0,0,0,0,(,48,1,cWW,cW-W,5.13,3.01,1.03,1.48,3.86,3.59,0.27,3.67,..,anti,.,3.91,4.35,3.05,2.73,3.29,2.16,4.05,1.69,6.12,6.05,0.51,5.66,0.50,35.54,0.59,C3'-endo
35,35,0.29,C,C,C,0,1,0,0,0,.,,0,,,0.85,3.96,3.12,1.32,4.11,5.26,5.13,3.24,..,anti,.,4.56,4.68,1.76,3.91,1.60,4.00,1.51,4.83,6.23,5.87,0.71,5.52,0.52,44.33,0.40,C3'-endo
36,36,0.30,C,C,C,0,1,0,0,0,.,49,1,cWS,cW-m,5.26,2.87,1.10,1.40,4.00,4.96,5.32,3.43,BI,anti,.,4.33,4.59,3.02,3.89,3.51,3.95,4.71,4.48,6.23,5.90,0.65,5.58,0.47,40.52,0.40,C3'-endo
37,37,0.31,C,C,C,0,1,0,0,0,.,48,1,cWS,cW-m,5.32,3.42,0.44,1.55,4.09,5.28,5.10,3.38,..,anti,.,4.50,4.65,3.01,4.28,3.15,4.44,3.78,5.47,0.14,5.81,0.60,5.74,0.25,34.71,0.10,C3'-endo
38,38,0.32,C,C,C,0,1,0,0,0,(,44,1,cWW,cW-W,5.02,2.81,1.02,1.34,3.75,4.92,5.11,3.47,BI,anti,A,4.43,4.67,2.59,3.68,3.15,3.69,4.56,4.04,0.06,5.79,0.74,5.56,0.42,43.56,0.25,C3'-endo
39,39,0.33,A,A,A,1,0,0,0,0,.,46,1,cSW,cm-W,5.23,2.97,1.03,1.44,3.63,4.58,5.33,3.52,BI,anti,.,4.29,4.55,3.07,3.33,3.27,3.48,3.82,3.24,0.01,5.86,0.65,5.62,0.41,39.29,0.31,C3'-endo
40,40,0.33,U,U,U,0,0,0,1,0,.,45,1,tSH,tm-M,5.34,2.95,1.10,2.48,4.52,5.50,5.30,4.33,..,anti,.,1.17,1.18,3.55,5.73,3.82,5.09,3.47,4.82,5.94,0.57,5.72,0.38,6.26,33.80,2.86,C2'-endo
41,41,0.34,G,G,G,0,0,1,0,0,.,,0,,,4.98,3.26,3.39,1.56,3.49,1.01,2.48,4.59,..,anti,.,1.45,3.60,5.29,5.72,5.91,5.40,0.04,5.49,5.79,0.12,0.26,5.74,0.66,36.91,1.16,C4'-exo
42,42,0.35,C,C,C,0,1,0,0,0,.,,0,,,1.31,2.80,3.13,1.47,3.91,5.17,5.02,3.38,BI,anti,.,4.30,4.45,1.76,3.39,2.32,3.63,2.78,4.55,6.20,5.95,0.60,5.62,0.48,38.37,0.45,C3'-endo
43,43,0.36,C,C,C,0,1,0,0,0,.,,0,,,5.13,2.93,1.01,1.43,3.90,4.87,5.32,3.61,BI,anti,.,3.72,4.32,2.93,4.39,3.33,4.05,4.38,4.53,6.09,6.05,0.54,5.62,0.54,37.59,0.62,C3'-endo
44,44,0.37,G,G,G,0,0,1,0,0,),"38,47",2,"cWW,tSW","cW-W,tm+W",1.47,2.72,0.63,2.42,3.88,2.12,1.76,5.19,..,anti,.,0.76,1.84,4.82,2.10,5.51,1.45,5.23,1.23,5.89,0.59,5.74,0.33,0.04,33.54,2.75,C2'-endo
45,45,0.38,A,A,A,1,0,0,0,0,.,40,1,tHS,tM-m,2.65,3.29,1.11,1.55,3.78,5.31,4.75,3.26,BI,anti,.,4.60,4.64,1.48,4.21,1.54,4.23,1.80,5.02,0.16,5.78,0.64,5.72,0.26,36.94,0.07,C3'-endo
46,46,0.38,A,A,A,1,0,0,0,0,.,39,1,cWS,cW-m,4.89,3.08,1.01,1.43,3.90,5.06,5.12,3.36,BI,anti,A,4.59,4.71,2.80,3.97,3.23,4.01,4.45,4.78,0.08,5.82,0.66,5.65,0.36,38.98,0.22,C3'-endo
47,47,0.39,C,C,C,0,1,0,0,0,.,44,1,tWS,tW+m,5.07,2.89,1.04,1.40,4.03,5.27,5.05,3.34,BI,anti,.,4.58,4.72,2.88,4.24,3.20,4.24,4.29,4.85,0.06,5.79,0.72,5.58,0.41,42.67,0.25,C3'-endo
48,48,0.40,U,U,U,0,0,0,1,0,),"34,37",2,"cWW,cSW","cW-W,cm-W",4.99,3.01,1.14,1.27,3.66,4.78,5.17,3.48,BI,anti,A,4.37,4.60,2.81,3.35,3.22,3.40,4.23,3.87,6.18,5.88,0.73,5.47,0.59,46.62,0.45,C3'-endo
49,49,0.41,C,C,C,0,1,0,0,0,),"33,36",2,"cWW,cSW","cW-W,cm-W",5.15,2.81,1.05,1.47,3.58,5.07,4.79,3.63,BI,anti,A,4.17,4.57,2.92,3.82,3.12,3.76,3.73,4.17,0.08,5.81,0.67,5.64,0.36,39.26,0.21,C3'-endo
50,50,0.42,A,A,A,1,0,0,0,0,),32,1,cWW,cW-W,4.85,3.21,1.00,1.41,3.64,4.84,5.08,3.44,BI,anti,.,4.42,4.62,2.86,4.16,3.07,4.06,3.76,4.37,0.09,5.78,0.71,5.61,0.37,41.39,0.20,C3'-endo
51,51,0.42,G,G,G,0,0,1,0,0,),31,1,cWW,cW-W,2.35,3.77,3.55,1.61,3.73,5.03,4.99,3.30,BI,anti,B,3.91,4.27,3.32,3.23,3.55,3.53,4.17,4.15,0.03,5.94,0.50,5.78,0.30,30.00,0.28,C3'-endo
52,52,0.43,A,A,A,1,0,0,0,0,.,"30,53",2,"cW.,cSH","cW-.,cm+M",4.97,3.17,1.21,2.46,4.45,3.20,1.25,4.23,BII,anti,.,0.86,1.18,3.36,2.77,3.86,2.37,4.43,2.38,5.94,0.57,5.71,0.39,6.25,34.06,2.86,C2'-endo
53,53,0.44,A,A,A,1,0,0,0,0,.,"31,52",2,"cWS,cHS","cW-m,cM+m",3.64,2.46,0.88,1.40,3.88,4.92,5.25,3.08,BI,anti,A,4.86,4.75,2.05,3.90,1.91,3.89,2.20,4.17,0.15,5.72,0.75,5.60,0.33,43.28,0.13,C3'-endo
54,54,0.45,G,G,G,0,0,1,0,0,),30,1,cWW,cW-W,5.27,2.85,1.13,1.40,3.74,4.99,5.02,3.23,BI,anti,A,4.67,4.65,3.11,3.76,3.39,3.78,4.03,4.32,0.03,5.82,0.70,5.59,0.42,41.76,0.28,C3'-endo
55,55,0.46,U,U,U,0,0,0,1,0,),"29,57",2,"cWW,cSH","cW-W,cm+M",5.03,3.06,1.08,1.49,3.84,5.27,4.86,3.39,BI,anti,A,4.47,4.58,3.04,3.76,3.27,3.68,4.04,3.68,0.04,5.84,0.65,5.65,0.37,38.21,0.26,C3'-endo
56,56,0.47,G,G,G,0,0,1,0,0,),"28,58,59",3,"cWW,cSH,tSW","cW-W,cm+M,tm+W",4.34,1.70,2.87,2.61,4.73,2.18,2.55,3.57,BII,anti,.,1.02,1.27,4.42,1.23,4.12,1.66,4.11,1.65,6.23,0.40,5.71,0.56,5.96,34.08,3.38,C3'-exo
57,57,0.47,A,A,A,1,0,0,0,0,.,"30,55",2,"cWS,cHS","cW-m,cM+m",2.85,3.84,1.14,1.53,3.85,5.01,5.12,3.32,BI,anti,A,4.29,4.57,2.39,4.01,2.15,4.06,2.26,4.68,0.15,5.79,0.64,5.72,0.26,36.65,0.10,C3'-endo
58,58,0.48,A,A,A,1,0,0,0,0,.,"29,56",2,"cWS,cHS","cW-m,cM+m",5.16,2.92,0.92,1.46,3.91,5.11,5.08,3.41,BI,anti,.,4.46,4.69,2.90,4.03,3.20,4.09,4.11,4.88,0.09,5.82,0.64,5.67,0.33,37.66,0.19,C3'-endo
59,59,0.49,A,A,A,1,0,0,0,0,.,"24,56",2,"cWW,tWS","cW-W,tW+m",5.12,2.87,1.00,1.49,3.91,5.02,5.17,3.29,BI,anti,.,4.65,4.68,2.87,4.01,3.28,4.04,4.43,4.88,0.10,5.80,0.67,5.66,0.33,38.72,0.18,C3'-endo
60,60,0.50,C,C,C,0,1,0,0,0,),23,1,cWW,cW-W,5.22,2.83,0.90,1.43,3.81,4.89,5.20,3.43,BI,anti,A,4.54,4.68,2.81,3.74,3.20,3.72,4.45,3.92,0.13,5.74,0.74,5.61,0.34,42.70,0.15,C3'-endo
61,61,0.51,G,G,G,0,0,1,0,0,),22,1,cWW,cW-W,5.11,2.91,1.04,1.41,3.69,5.10,4.87,3.34,BI,anti,A,4.61,4.63,2.90,3.80,3.10,3.82,3.57,4.54,0.02,5.82,0.71,5.57,0.44,42.40,0.30,C3'-endo
62,62,0.52,C,C,C,0,1,0,0,0,),21,1,cWW,cW-W,4.98,2.98,1.13,1.45,3.70,4.97,5.01,3.47,BI,anti,A,4.48,4.62,2.92,3.75,3.23,3.74,4.26,4.16,0.07,5.81,0.68,5.63,0.37,39.87,0.23,C3'-endo
63,63,0.53,C,C,C,0,1,0,0,0,),20,1,cWW,cW-W,5.01,3.05,0.99,1.36,3.73,5.03,4.98,3.41,BI,anti,A,4.52,4.67,2.87,3.75,3.08,3.76,3.77,4.14,0.08,5.74,0.78,5.54,0.42,45.73,0.22,C3'-endo
64,64,0.53,G,G,G,0,0,1,0,0,),19,1,cWW,cW-W,5.05,2.88,1.22,1.36,3.80,5.07,5.01,3.30,BI,anti,A,4.38,4.64,2.99,3.83,3.24,3.84,3.89,4.59,6.27,5.85,0.69,5.56,0.46,42.19,0.34,C3'-endo
65,65,0.54,U,U,U,0,0,0,1,0,),18,1,cWW,cW-W,5.00,2.97,1.15,1.46,3.86,4.86,5.29,3.48,BI,anti,.,4.20,4.55,2.98,3.91,3.27,4.07,4.28,4.68,0.01,5.89,0.61,5.66,0.40,36.84,0.32,C3'-endo
66,66,0.55,A,A,A,1,0,0,0,0,.,68,1,cSH,cm+M,3.90,3.16,2.89,2.69,4.66,3.08,1.59,4.60,BII,anti,.,-0.47,1.27,4.70,2.07,4.57,2.06,4.78,2.05,0.03,0.35,5.72,0.60,5.88,34.70,3.51,C3'-exo
67,67,0.56,G,G,G,0,0,1,0,0,),17,1,cWW,cW-W,3.06,2.91,0.75,1.43,3.86,4.95,5.20,3.24,BI,anti,A,4.79,4.76,1.68,3.82,1.56,3.85,1.92,4.20,0.14,5.73,0.74,5.61,0.34,42.71,0.14,C3'-endo
68,68,0.57,C,C,C,0,1,0,0,0,),"16,66",2,"cWW,cHS","cW-W,cM+m",5.14,2.87,1.09,1.29,3.78,5.01,5.05,3.32,BI,anti,A,4.71,4.73,2.92,3.70,3.16,3.72,3.81,4.20,0.03,5.77,0.79,5.49,0.48,47.17,0.29,C3'-endo
69,69,0.57,G,G,G,0,0,1,0,0,.,"13,107",2,"tSS,tHS","tm+m,tM-m",5.10,2.84,1.26,1.35,4.02,5.18,5.13,3.13,BI,anti,.,4.74,4.76,3.09,4.11,3.32,4.19,4.07,5.07,0.07,5.76,0.76,5.54,0.43,44.96,0.24,C3'-endo
70,70,0.58,C,C,C,0,1,0,0,0,(,106,1,cWW,cW-W,5.23,2.97,0.92,1.43,3.83,4.93,5.18,3.31,BI,anti,A,4.58,4.68,2.88,3.78,3.33,3.81,4.66,4.24,0.13,5.73,0.74,5.60,0.35,43.18,0.16,C3'-endo
71,71,0.59,C,C,C,0,1,0,0,0,(,105,1,cWW,cW-W,5.11,2.94,1.11,1.43,3.88,5.30,4.86,3.30,BI,anti,.,4.50,4.66,3.02,4.17,3.25,4.21,3.92,5.02,0.08,5.78,0.73,5.58,0.39,42.62,0.22,C3'-endo
72,72,0.60,G,G,G,0,0,1,0,0,.,104,1,tSH,tm-M,4.96,3.08,1.01,1.37,3.73,4.86,5.15,3.46,BI,anti,.,4.53,4.70,2.80,2.99,3.24,2.69,4.45,2.56,0.04,5.81,0.71,5.58,0.42,42.30,0.27,C3'-endo
73,73,0.61,A,A,A,1,0,0,0,0,.,103,1,tHW,tM-W,4.54,1.15,3.12,1.55,4.17,5.35,5.10,3.07,..,anti,.,4.69,4.72,3.66,3.27,3.14,3.66,2.78,4.73,0.23,5.75,0.63,5.77,0.18,35.90,6.25,C2'-exo
74,74,0.62,U,U,U,0,0,0,1,0,.,102,1,t.W,t.-W,5.01,2.98,0.93,1.40,3.95,5.13,5.10,3.32,BI,anti,.,4.57,4.65,2.65,4.03,3.20,4.07,4.55,4.96,6.27,5.85,0.70,5.56,0.47,42.63,0.34,C3'-endo
75,75,0.62,G,G,G,0,0,1,0,0,.,101,1,cWW,cW-W,5.05,2.90,0.97,1.35,3.79,4.99,5.08,3.45,BI,anti,A,4.50,4.74,2.72,3.74,3.10,3.79,4.37,4.38,0.11,5.72,0.79,5.54,0.41,46.11,0.20,C3'-endo
76,76,0.63,G,G,G,0,0,1,0,0,.,100,1,tWH,tW-M,5.13,2.92,1.07,1.41,3.70,5.07,4.91,3.35,BI,anti,A,4.62,4.67,2.92,3.85,3.21,3.85,4.11,4.32,0.12,5.72,0.77,5.57,0.37,44.50,0.17,C3'-endo
77,77,0.64,U,U,U,0,0,0,1,0,.,99,1,tWH,tW-M,5.15,2.96,1.13,1.34,3.79,5.05,5.02,3.33,BI,anti,.,4.54,4.67,3.03,3.82,3.32,3.81,4.13,4.21,0.03,5.78,0.77,5.52,0.46,45.77,0.29,C3'-endo
78,78,0.65,A,A,A,1,0,0,0,0,.,98,1,tHS,tM-m,5.17,3.16,0.88,1.30,3.79,5.10,4.98,3.30,BI,anti,.,4.70,4.72,2.97,3.77,3.14,3.91,3.79,4.73,6.27,5.79,0.79,5.47,0.53,48.05,0.35,C3'-endo
79,79,0.66,G,G,G,0,0,1,0,0,(,"97,0",2,"cWW,tSS","cW-W,tm+m",5.14,2.87,1.19,1.51,3.84,5.06,5.06,3.22,BI,anti,A,4.80,4.69,3.09,4.00,3.46,4.02,4.56,4.60,0.18,5.75,0.67,5.70,0.26,38.53,0.06,C3'-endo
80,80,0.67,U,U,U,0,0,0,1,0,(,96,1,cWW,cW-W,5.14,3.01,1.01,1.55,3.30,4.74,4.85,3.51,BI,anti,.,4.19,4.25,2.92,3.36,3.36,3.33,4.33,3.49,6.27,5.93,0.55,5.71,0.37,33.63,0.34,C3'-endo
81,81,0.68,G,G,G,0,0,1,0,0,(,95,1,cWW,cW-W,4.73,3.39,0.98,1.44,3.84,5.06,5.06,3.33,BI,anti,A,4.70,4.75,2.94,3.91,2.89,3.98,3.13,4.59,0.16,5.71,0.74,5.62,0.32,42.90,0.11,C3'-endo
82,82,0.68,U,U,U,0,0,0,1,0,(,94,1,cWW,cW-W,5.13,3.10,0.90,1.41,3.75,4.97,5.07,3.38,BI,anti,A,4.65,4.69,2.91,3.74,3.18,3.76,4.08,4.15,0.12,5.74,0.74,5.59,0.36,43.24,0.16,C3'-endo
83,83,0.69,G,G,G,0,0,1,0,0,(,93,1,cWW,cW-W,5.06,2.95,1.01,1.36,3.78,5.07,4.99,3.25,BI,anti,A,4.67,4.67,2.84,3.82,3.06,3.82,3.72,4.30,6.27,5.85,0.70,5.56,0.46,42.42,0.34,C3'-endo
84,84,0.70,G,G,G,0,0,1,0,0,(,92,1,cWW,cW-W,4.77,2.91,1.45,1.34,3.87,4.88,5.27,3.21,BI,anti,A,4.67,4.67,2.90,3.68,3.18,3.66,3.99,4.10,6.28,5.81,0.74,5.52,0.48,44.91,0.33,C3'-endo
85,85,0.71,G,G,G,0,0,1,0,0,(,91,1,cWW,cW-W,5.14,2.82,1.18,1.36,3.62,4.88,5.02,3.19,BI,anti,A,4.68,4.62,2.95,3.51,3.19,3.50,3.92,3.70,6.28,5.83,0.72,5.55,0.47,43.46,0.33,C3'-endo
86,86,0.72,G,G,G,0,0,1,0,0,(,90,1,cWW,cW-W,5.22,3.11,0.92,1.44,3.56,4.77,5.07,3.48,BI,anti,.,4.24,4.53,3.07,3.77,3.21,3.15,3.58,2.15,0.07,5.79,0.70,5.60,0.38,41.11,0.23,C3'-endo
87,87,0.72,U,U,U,0,0,0,1,0,.,,0,,,3.07,3.20,1.13,2.39,4.70,4.31,0.38,3.52,..,anti,.,0.84,0.88,1.42,5.41,1.66,5.21,0.94,5.57,5.77,0.68,5.71,0.30,0.13,38.10,2.62,C2'-endo
88,88,0.73,C,C,C,0,1,0,0,0,.,,0,,,1.04,2.33,5.94,2.51,4.39,2.70,1.69,3.89,BII,anti,.,1.39,1.65,3.19,2.94,3.93,2.78,4.16,4.96,6.18,0.37,5.80,0.43,6.07,27.74,3.26,C3'-exo
89,89,0.74,U,U,U,0,0,0,1,0,.,,0,,,1.48,2.22,0.83,2.48,3.90,5.50,4.68,3.76,BI,anti,.,0.93,1.64,5.52,6.16,5.85,5.61,3.74,6.00,5.76,0.75,5.59,0.40,0.07,43.22,2.72,C2'-endo
90,90,0.75,C,C,C,0,1,0,0,0,),86,1,cWW,cW-W,2.78,3.77,2.55,1.33,3.62,4.71,5.20,3.36,BI,anti,.,4.54,4.59,2.37,3.84,3.39,3.64,4.16,3.90,0.05,5.78,0.75,5.54,0.43,44.67,0.26,C3'-endo
91,91,0.76,C,C,C,0,1,0,0,0,),85,1,cWW,cW-W,2.46,3.69,3.36,1.56,3.86,4.89,5.25,3.14,BI,anti,A,4.69,4.69,3.13,3.30,3.34,3.41,3.97,3.85,0.23,5.72,0.67,5.73,0.21,38.63,6.26,C2'-exo
92,92,0.77,C,C,C,0,1,0,0,0,),84,1,cWW,cW-W,5.21,3.00,0.95,1.46,3.65,4.99,4.95,3.42,BI,anti,A,4.44,4.56,2.98,3.74,3.25,3.75,3.88,4.12,0.07,5.81,0.68,5.63,0.37,40.02,0.23,C3'-endo
93,93,0.78,C,C,C,0,1,0,0,0,),83,1,cWW,cW-W,4.98,3.16,1.02,1.42,3.69,5.01,4.96,3.37,BI,anti,A,4.49,4.59,2.96,3.72,3.15,3.72,3.74,4.09,0.00,5.85,0.67,5.60,0.43,40.20,0.32,C3'-endo
94,94,0.78,A,A,A,1,0,0,0,0,),82,1,cWW,cW-W,5.10,3.15,0.81,1.39,3.87,5.00,5.15,3.45,BI,anti,A,4.41,4.73,2.87,3.79,3.01,3.87,3.60,4.57,0.12,5.75,0.73,5.61,0.36,42.33,0.17,C3'-endo
95,95,0.79,U,U,U,0,0,0,1,0,),81,1,cWW,cW-W,5.25,2.89,0.88,1.37,3.74,4.88,5.14,3.49,BI,anti,A,4.43,4.67,2.84,3.61,3.13,3.60,4.10,3.76,0.09,5.76,0.74,5.57,0.40,43.62,0.21,C3'-endo
96,96,0.80,G,G,G,0,0,1,0,0,),80,1,cWW,cW-W,5.15,2.92,0.90,1.35,3.62,5.06,4.84,3.37,BI,anti,A,4.59,4.63,2.81,3.69,2.98,3.73,3.39,4.30,0.05,5.77,0.77,5.53,0.45,45.47,0.26,C3'-endo
97,97,0.81,C,C,C,0,1,0,0,0,),79,1,cWW,cW-W,5.16,3.09,0.98,1.36,3.87,5.31,4.85,3.29,BI,anti,.,4.67,4.73,3.04,4.10,3.23,4.20,4.04,4.91,0.08,5.73,0.79,5.53,0.42,46.29,0.22,C3'-endo
98,98,0.82,G,G,G,0,0,1,0,0,.,78,1,tSH,tm-M,5.04,2.92,1.24,1.35,3.74,4.67,5.35,3.19,BI,anti,.,4.78,4.72,3.00,2.90,3.46,2.66,4.61,2.48,0.06,5.77,0.75,5.55,0.44,44.41,0.26,C3'-endo
99,99,0.82,A,A,A,1,0,0,0,0,.,77,1,tHW,tM-W,4.54,1.45,2.91,1.43,4.14,5.15,5.28,3.06,..,anti,.,4.69,4.75,3.69,3.16,3.26,3.50,2.85,4.62,0.15,5.72,0.74,5.61,0.33,42.80,0.12,C3'-endo
100,100,0.83,G,G,G,0,0,1,0,0,.,76,1,tHW,tM-W,5.08,3.09,0.82,1.49,3.77,5.20,4.85,3.32,BI,anti,.,4.64,4.67,2.69,4.03,3.12,4.07,4.50,4.88,0.11,5.75,0.72,5.61,0.35,41.88,0.17,C3'-endo
101,101,0.84,A,A,A,1,0,0,0,0,.,75,1,cWW,cW-W,4.90,3.02,1.13,1.41,3.80,5.18,4.91,3.35,BI,anti,A,4.61,4.74,2.86,3.96,3.23,4.00,4.45,4.72,0.17,5.69,0.77,5.59,0.34,44.63,0.11,C3'-endo
102,102,0.85,G,G,G,0,0,1,0,0,.,74,1,tW.,tW-.,4.96,2.98,1.13,1.45,3.70,5.06,4.92,3.34,BI,anti,A,4.49,4.67,2.84,3.85,3.25,3.81,4.38,4.04,0.18,5.71,0.74,5.64,0.29,42.29,0.08,C3'-endo
103,103,0.86,U,U,U,0,0,0,1,0,.,73,1,tWH,tW-M,5.21,3.11,0.93,1.31,3.74,4.98,5.05,3.54,BI,anti,A,4.27,4.67,3.01,3.65,3.20,3.70,3.71,4.16,0.01,5.79,0.77,5.50,0.49,46.22,0.31,C3'-endo
104,104,0.87,A,A,A,1,0,0,0,0,.,72,1,tHS,tM-m,5.06,2.97,1.10,1.35,4.02,5.29,5.00,3.30,BI,anti,.,4.72,4.79,3.01,4.18,3.17,4.29,3.78,5.02,0.02,5.79,0.76,5.52,0.47,45.64,0.30,C3'-endo
105,105,0.88,G,G,G,0,0,1,0,0,),71,1,cWW,cW-W,5.03,2.72,1.33,1.36,3.73,4.94,5.07,3.17,BI,anti,A,4.76,4.70,2.84,3.68,3.43,3.67,4.72,4.11,0.10,5.73,0.78,5.54,0.40,45.56,0.20,C3'-endo
106,106,0.88,G,G,G,0,0,1,0,0,),70,1,cWW,cW-W,5.21,2.96,1.16,1.48,3.88,5.24,4.93,3.28,BI,anti,.,4.49,4.65,3.19,4.17,3.41,4.19,4.10,5.14,0.09,5.79,0.68,5.64,0.34,39.44,0.19,C3'-endo
107,107,0.89,G,G,G,0,0,1,0,0,.,69,1,tSH,tm-M,4.96,2.96,1.13,1.42,3.56,4.98,4.86,3.65,BI,anti,.,4.11,4.60,2.82,3.51,3.31,3.75,4.68,3.81,0.12,5.76,0.71,5.62,0.35,41.49,0.17,C3'-endo
108,108,0.90,A,A,A,1,0,0,0,0,.,,0,,,5.01,3.93,1.28,2.44,4.17,0.88,3.30,4.92,..,anti,.,0.97,1.43,3.91,0.90,4.02,0.60,3.79,1.04,5.87,0.62,5.70,0.36,0.03,35.71,2.76,C2'-endo
109,109,0.91,A,A,A,1,0,0,0,0,.,11,1,cW.,cW-.,3.40,2.83,3.27,1.46,3.83,5.07,5.04,3.30,BI,anti,A,4.59,4.62,3.90,3.15,4.16,3.39,4.11,4.34,0.05,5.84,0.65,5.64,0.38,38.67,0.26,C3'-endo
110,110,0.92,C,C,C,0,1,0,0,0,),10,1,cWW,cW-W,5.07,2.93,0.94,1.39,3.83,5.02,5.09,3.46,BI,anti,A,4.45,4.68,2.77,3.86,3.11,3.87,4.25,4.37,0.09,5.75,0.75,5.57,0.39,43.91,0.21,C3'-endo
111,111,0.93,U,U,U,0,0,0,1,0,),9,1,cWW,cW-W,5.13,2.91,1.11,1.35,3.68,4.64,5.32,3.36,BI,anti,.,4.60,4.63,2.93,3.33,3.22,3.34,4.03,3.45,6.27,5.83,0.72,5.54,0.48,43.62,0.34,C3'-endo
112,112,0.93,G,G,G,0,0,1,0,0,),8,1,cWW,cW-W,5.11,2.91,1.04,1.42,3.72,4.80,5.21,3.21,BI,anti,A,4.60,4.61,2.99,3.61,3.04,3.64,3.25,4.06,0.04,5.83,0.67,5.61,0.40,40.15,0.27,C3'-endo
113,113,0.94,C,C,C,0,1,0,0,0,),7,1,cWW,cW-W,5.30,2.96,0.85,1.42,3.90,4.91,5.28,3.45,BI,anti,A,4.47,4.71,3.02,3.82,3.17,3.85,3.78,4.23,0.14,5.72,0.75,5.60,0.34,43.37,0.13,C3'-endo
114,114,0.95,C,C,C,0,1,0,0,0,),6,1,cWW,cW-W,5.19,2.80,1.10,1.35,3.67,5.00,4.96,3.37,BI,anti,A,4.56,4.62,2.91,3.69,3.18,3.68,3.84,4.19,6.23,5.86,0.72,5.52,0.52,44.48,0.39,C3'-endo
115,115,0.96,A,A,A,1,0,0,0,0,),5,1,cWW,cW-W,5.09,2.95,1.08,1.41,3.75,4.91,5.12,3.40,BI,anti,A,4.34,4.57,2.97,3.69,3.21,3.67,3.98,3.96,0.01,5.84,0.69,5.59,0.43,41.28,0.31,C3'-endo
116,116,0.97,G,G,G,0,0,1,0,0,),4,1,cWW,cW-W,5.08,2.89,1.07,1.36,3.60,4.98,4.90,3.29,BI,anti,A,4.61,4.60,2.88,3.59,3.09,3.61,3.64,4.12,6.27,5.84,0.70,5.55,0.47,42.82,0.35,C3'-endo
117,117,0.97,G,G,G,0,0,1,0,0,),3,1,cWW,cW-W,4.96,3.15,1.02,1.43,3.81,4.94,5.15,3.34,BI,anti,A,4.69,4.75,2.96,3.79,3.11,3.85,3.83,4.42,0.12,5.74,0.73,5.61,0.35,42.24,0.16,C3'-endo
118,118,0.98,C,C,C,0,1,0,0,0,),2,1,cWW,cW-W,5.25,2.81,1.05,1.40,3.77,4.99,5.06,3.41,BI,anti,A,4.55,4.67,2.99,3.79,3.29,3.76,4.15,4.15,0.06,5.80,0.71,5.59,0.40,41.93,0.25,C3'-endo
119,119,0.99,A,A,A,1,0,0,0,0,),1,1,cWW,cW-W,5.05,2.93,1.11,1.41,3.80,4.82,5.27,3.51,BI,anti,A,4.30,4.60,2.95,3.62,3.18,3.64,3.84,3.91,0.00,5.86,0.66,5.61,0.42,39.58,0.32,C3'-endo
120,120,1.00,U,U,U,0,0,0,1,0,.,,0,,,5.12,2.70,1.36,1.51,,,,3.78,..,anti,-,,,,,,,,,6.13,6.06,0.48,5.70,0.47,33.08,0.59,C3'-endo
