index_chain,old_nt_resnum,nt_position,nt_name,nt_code,nt_align_code,is_A,is_C,is_G,is_U,is_other,dbn,paired,nb_interact,pair_type_LW,pair_type_DSSR,alpha,beta,gamma,delta,epsilon,zeta,epsilon_zeta,chi,bb_type,glyco_bond,form,ssZp,Dp,eta,theta,eta_prime,theta_prime,eta_base,theta_base,v0,v1,v2,v3,v4,amplitude,phase_angle,puckering
1,1,0.10,G,G,G,0,0,1,0,0,),0,1,cWW,cW-W,,2.71,0.88,1.40,3.54,5.14,4.69,3.35,BI,anti,A,4.59,4.62,,3.82,,3.79,,4.13,0.10,5.78,0.69,5.63,0.35,40.15,0.19,C3'-endo
2,2,0.20,G,G,G,0,0,1,0,0,),0,1,cWW,cW-W,4.87,3.13,1.23,1.39,3.86,4.86,5.28,3.30,BI,anti,A,4.58,4.67,3.05,3.72,3.28,3.73,3.91,4.12,0.03,5.83,0.68,5.61,0.40,40.37,0.28,C3'-endo
3,3,0.30,U,U,U,0,0,0,1,0,),0,1,cWW,cW-W,5.17,2.94,0.89,1.30,3.76,4.95,5.10,3.50,BI,anti,A,4.44,4.74,2.82,3.69,3.01,3.74,3.65,4.34,0.05,5.79,0.72,5.57,0.42,42.85,0.26,C3'-endo
4,4,0.40,A,A,A,1,0,0,0,0,),0,1,cWW,cW-W,5.21,2.84,1.05,1.38,3.64,4.89,5.03,3.49,BI,anti,A,4.43,4.67,2.90,3.66,3.18,3.65,4.05,4.09,0.09,5.77,0.72,5.60,0.37,41.91,0.20,C3'-endo
5,5,0.50,C,C,C,0,1,0,0,0,),0,1,cWW,cW-W,5.25,2.94,0.95,1.39,3.76,5.20,4.84,3.53,BI,anti,A,4.39,4.71,3.01,3.98,3.21,3.93,3.88,4.22,0.10,5.79,0.68,5.65,0.34,39.46,0.18,C3'-endo
6,6,0.60,G,G,G,0,0,1,0,0,),0,1,cWW,cW-W,5.15,2.99,0.98,1.17,3.64,5.07,4.86,3.41,BI,anti,A,4.49,4.66,2.84,3.53,3.12,3.60,3.76,4.18,6.19,5.87,0.74,5.47,0.57,46.74,0.44,C3'-endo
7,7,0.70,U,U,U,0,0,0,1,0,),0,1,cWW,cW-W,5.17,2.99,1.03,1.29,3.60,5.05,4.84,3.52,BI,anti,A,4.40,4.66,2.96,3.61,3.18,3.61,3.96,3.97,6.28,5.83,0.71,5.56,0.46,42.79,0.33,C3'-endo
8,8,0.80,A,A,A,1,0,0,0,0,),0,1,cWW,cW-W,5.09,2.88,1.20,1.35,3.71,4.78,5.22,3.41,BI,anti,A,4.45,4.63,3.05,3.52,3.27,3.52,3.84,3.98,0.01,5.83,0.69,5.58,0.43,41.64,0.30,C3'-endo
9,9,0.90,C,C,C,0,1,0,0,0,),0,1,cWW,cW-W,5.34,2.73,0.93,1.41,3.88,4.86,5.31,3.57,BI,anti,A,4.24,4.73,2.99,3.77,3.18,3.77,3.84,4.23,0.09,5.78,0.70,5.62,0.36,41.08,0.20,C3'-endo
10,10,1.00,C,C,C,0,1,0,0,0,),0,1,cWW,cW-W,4.97,2.76,1.27,1.42,,,,3.47,n/a,anti,-,,,,,,,,,0.09,5.79,0.68,5.64,0.34,39.38,0.19,C3'-endo
