index_chain,old_nt_resnum,nt_position,nt_name,nt_code,nt_align_code,is_A,is_C,is_G,is_U,is_other,dbn,paired,nb_interact,pair_type_LW,pair_type_DSSR,alpha,beta,gamma,delta,epsilon,zeta,epsilon_zeta,chi,bb_type,glyco_bond,form,ssZp,Dp,eta,theta,eta_prime,theta_prime,eta_base,theta_base,v0,v1,v2,v3,v4,amplitude,phase_angle,puckering
1,1,0.10,G,G,G,0,0,1,0,0,(,0,1,cWW,cW-W,,2.02,3.12,1.60,4.02,4.95,5.35,3.18,BI,anti,A,4.73,4.75,,3.05,,3.33,,4.03,0.32,5.70,0.62,5.83,0.09,36.03,6.09,C2'-exo
2,2,0.20,G,G,G,0,0,1,0,0,(,0,1,cWW,cW-W,5.16,2.87,0.94,1.39,3.75,5.03,5.01,3.38,BI,anti,A,4.60,4.71,2.78,3.84,3.13,3.85,3.96,4.44,0.07,5.80,0.69,5.61,0.38,40.79,0.22,C3'-endo
3,3,0.30,U,U,U,0,0,0,1,0,(,0,1,cWW,cW-W,5.16,2.91,1.04,1.34,3.53,5.02,4.79,3.48,BI,anti,A,4.49,4.64,2.87,3.61,3.20,3.57,4.15,3.81,0.08,5.77,0.73,5.59,0.39,42.70,0.21,C3'-endo
4,4,0.40,A,A,A,1,0,0,0,0,(,0,1,cWW,cW-W,5.08,2.98,1.15,1.33,3.83,4.85,5.26,3.44,BI,anti,A,4.48,4.73,3.06,3.64,3.22,3.65,3.68,4.07,0.04,5.81,0.70,5.59,0.41,41.69,0.27,C3'-endo
5,5,0.50,C,C,C,0,1,0,0,0,(,0,1,cWW,cW-W,5.19,2.68,1.16,1.33,3.66,5.08,4.86,3.49,BI,anti,A,4.38,4.63,2.91,3.76,3.18,3.71,3.87,4.06,0.01,5.83,0.70,5.57,0.44,42.15,0.31,C3'-endo
6,6,0.60,G,G,G,0,0,1,0,0,(,0,1,cWW,cW-W,5.01,3.19,0.95,1.30,3.67,5.03,4.92,3.42,BI,anti,A,4.50,4.66,2.89,3.64,3.08,3.69,3.69,4.19,6.28,5.83,0.71,5.56,0.46,42.68,0.33,C3'-endo
7,7,0.70,U,U,U,0,0,0,1,0,(,0,1,cWW,cW-W,5.13,3.01,1.01,1.34,3.66,4.91,5.04,3.58,BI,anti,A,4.30,4.70,2.96,3.58,3.17,3.60,3.86,3.97,0.07,5.79,0.71,5.60,0.39,41.48,0.23,C3'-endo
8,8,0.80,A,A,A,1,0,0,0,0,(,0,1,cWW,cW-W,5.23,2.82,1.01,1.40,3.75,5.05,4.99,3.50,BI,anti,A,4.41,4.69,2.97,3.87,3.19,3.86,3.77,4.45,0.07,5.80,0.69,5.61,0.38,40.80,0.23,C3'-endo
9,9,0.90,C,C,C,0,1,0,0,0,(,0,1,cWW,cW-W,5.18,2.88,1.04,1.39,3.38,5.02,4.64,3.53,BI,anti,A,4.31,4.44,2.90,4.00,3.26,3.81,4.19,4.21,6.27,5.88,0.64,5.61,0.43,39.17,0.35,C3'-endo
10,10,1.00,C,C,C,0,1,0,0,0,(,0,1,cWW,cW-W,2.84,3.35,2.96,1.56,,,,3.31,..,anti,-,,,,,,,,,0.19,5.78,0.60,5.77,0.20,34.59,0.01,C3'-endo
