index_chain,old_nt_resnum,nt_position,nt_name,nt_code,nt_align_code,is_A,is_C,is_G,is_U,is_other,dbn,paired,nb_interact,pair_type_LW,pair_type_DSSR,alpha,beta,gamma,delta,epsilon,zeta,epsilon_zeta,chi,bb_type,glyco_bond,form,ssZp,Dp,eta,theta,eta_prime,theta_prime,eta_base,theta_base,v0,v1,v2,v3,v4,amplitude,phase_angle,puckering
1,1,0.10,G,G,G,0,0,1,0,0,(,0,1,cWW,cW-W,,1.74,3.15,1.64,4.05,5.00,5.34,3.17,..,anti,A,4.69,4.71,,3.04,,3.34,,4.07,0.32,5.72,0.58,5.87,0.06,33.98,6.05,C2'-exo
2,2,0.20,G,G,G,0,0,1,0,0,(,0,1,cWW,cW-W,5.15,2.90,0.89,1.38,3.76,4.99,5.05,3.42,BI,anti,A,4.55,4.71,2.72,3.79,3.09,3.82,3.96,4.40,0.05,5.81,0.70,5.60,0.40,41.15,0.25,C3'-endo
3,3,0.30,U,U,U,0,0,0,1,0,(,0,1,cWW,cW-W,5.17,2.86,1.07,1.33,3.53,5.02,4.79,3.42,BI,anti,A,4.55,4.63,2.87,3.62,3.20,3.58,4.13,3.84,0.07,5.78,0.72,5.58,0.40,42.69,0.23,C3'-endo
4,4,0.40,A,A,A,1,0,0,0,0,(,0,1,cWW,cW-W,5.06,3.01,1.15,1.36,3.79,4.81,5.26,3.45,BI,anti,A,4.46,4.70,3.03,3.63,3.20,3.65,3.70,4.08,0.05,5.80,0.70,5.59,0.40,41.58,0.26,C3'-endo
5,5,0.50,C,C,C,0,1,0,0,0,(,0,1,cWW,cW-W,5.30,2.72,1.06,1.33,3.59,5.13,4.75,3.56,BI,anti,A,4.28,4.60,2.94,3.76,3.20,3.70,3.88,4.01,0.03,5.82,0.70,5.58,0.43,42.01,0.29,C3'-endo
6,6,0.60,G,G,G,0,0,1,0,0,(,0,1,cWW,cW-W,4.96,3.21,0.99,1.31,3.71,4.98,5.01,3.43,BI,anti,A,4.49,4.68,2.90,3.63,3.08,3.68,3.65,4.16,0.03,5.80,0.73,5.56,0.44,43.41,0.28,C3'-endo
7,7,0.70,U,U,U,0,0,0,1,0,(,0,1,cWW,cW-W,5.19,2.97,0.98,1.36,3.64,4.94,4.99,3.52,BI,anti,A,4.41,4.68,2.96,3.61,3.17,3.62,3.86,4.00,0.09,5.77,0.72,5.60,0.38,42.20,0.21,C3'-endo
8,8,0.80,A,A,A,1,0,0,0,0,(,0,1,cWW,cW-W,5.19,2.87,1.02,1.38,3.77,5.05,5.00,3.51,BI,anti,A,4.40,4.70,2.97,3.86,3.18,3.86,3.79,4.44,0.08,5.78,0.71,5.60,0.39,41.82,0.22,C3'-endo
9,9,0.90,C,C,C,0,1,0,0,0,(,0,1,cWW,cW-W,5.14,2.88,1.10,1.40,3.42,5.05,4.65,3.50,BI,anti,A,4.36,4.47,2.90,4.04,3.26,3.82,4.18,4.22,6.26,5.88,0.64,5.61,0.44,39.19,0.35,C3'-endo
10,10,1.00,C,C,C,0,1,0,0,0,(,0,1,cWW,cW-W,2.89,3.26,2.88,1.53,,,,3.33,n/a,anti,-,,,,,,,,,0.20,5.76,0.63,5.75,0.21,36.29,0.01,C3'-endo
