index_chain,old_nt_resnum,nt_position,nt_name,nt_code,nt_align_code,is_A,is_C,is_G,is_U,is_other,dbn,paired,nb_interact,pair_type_LW,pair_type_DSSR,alpha,beta,gamma,delta,epsilon,zeta,epsilon_zeta,chi,bb_type,glyco_bond,form,ssZp,Dp,eta,theta,eta_prime,theta_prime,eta_base,theta_base,v0,v1,v2,v3,v4,amplitude,phase_angle,puckering
1,6758,0.00,A,A,A,1,0,0,0,0,.,,0,,,,3.08,1.25,1.36,3.93,5.05,5.17,3.03,BI,anti,.,4.85,4.78,,4.04,,4.12,,4.29,0.07,5.81,0.67,5.64,0.37,39.39,0.22,C3'-endo
2,6759,0.01,A,A,A,1,0,0,0,0,.,,0,,,5.67,2.99,1.29,1.36,3.85,3.88,6.26,3.07,..,anti,.,4.53,4.61,3.64,3.23,4.02,3.49,4.51,4.23,6.24,5.90,0.64,5.61,0.45,39.62,0.38,C3'-endo
3,6760,0.01,A,A,A,1,0,0,0,0,.,73,1,tHS,tM-m,0.23,2.31,0.90,1.53,3.75,5.05,4.98,4.63,BI,anti,.,0.64,4.54,3.79,4.78,3.85,4.61,4.15,5.15,0.27,5.75,0.57,5.85,0.10,33.10,6.13,C2'-exo
4,6761,0.02,C,C,C,0,1,0,0,0,(,73,1,cWW,cW-W,3.01,3.83,2.76,1.48,3.98,4.76,5.50,4.18,BI,anti,.,2.17,4.58,2.88,3.48,3.50,3.23,4.19,3.10,0.16,5.81,0.58,5.78,0.22,33.41,0.05,C3'-endo
5,6762,0.02,U,U,U,0,0,0,1,0,(,72,1,cWW,cW-W,4.78,2.31,1.46,1.40,3.31,5.28,4.32,3.72,BI,anti,A,4.22,4.57,2.41,3.85,2.80,3.63,3.06,4.12,0.05,5.81,0.69,5.62,0.39,40.66,0.24,C3'-endo
6,6763,0.03,C,C,C,0,1,0,0,0,(,71,1,cWW,cW-W,4.85,3.42,1.01,1.49,3.92,4.87,5.33,3.62,BI,anti,.,4.03,4.63,3.10,3.91,3.30,3.97,4.03,4.61,0.11,5.84,0.60,5.74,0.27,34.56,0.14,C3'-endo
7,6764,0.03,C,C,C,0,1,0,0,0,(,70,1,cWW,cW-W,5.20,2.83,0.94,1.40,3.71,5.02,4.97,3.74,BI,anti,A,3.98,4.67,2.82,3.81,3.11,3.73,3.98,3.95,0.11,5.81,0.64,5.69,0.31,37.23,0.16,C3'-endo
8,6765,0.04,A,A,A,1,0,0,0,0,(,69,1,cWW,cW-W,5.15,2.86,0.94,1.31,3.99,5.07,5.21,3.37,BI,anti,.,4.62,4.76,2.83,4.00,3.03,4.14,3.54,5.13,0.00,5.86,0.65,5.61,0.42,39.47,0.32,C3'-endo
9,6766,0.04,U,U,U,0,0,0,1,0,(,68,1,cWW,cW-W,5.40,2.84,0.93,1.45,3.99,5.24,5.03,3.65,BI,anti,.,3.72,4.60,3.02,4.31,3.45,4.33,4.68,4.82,0.11,5.84,0.60,5.72,0.29,34.92,0.16,C3'-endo
10,6767,0.05,G,G,G,0,0,1,0,0,(,"12,16,67",3,"tSH,c.H,cWW","tm+M,c.+M,cW-W",5.35,2.87,0.86,1.30,4.10,5.82,4.57,3.95,..,anti,.,3.11,4.32,2.87,4.22,3.29,3.96,4.05,4.39,6.02,6.05,0.61,5.51,0.65,44.39,0.66,C4'-exo
11,6768,0.05,U,U,U,0,0,0,1,0,.,,0,,,4.12,1.17,3.35,2.43,4.73,2.61,2.12,5.30,BII,anti,.,0.45,0.65,3.91,1.67,3.75,1.81,4.13,1.61,5.89,0.63,5.68,0.39,0.00,36.45,2.81,C2'-endo
12,6769,0.06,A,A,A,1,0,0,0,0,.,10,1,tHS,tM+m,2.20,3.93,1.16,1.45,4.48,5.20,5.56,3.71,..,anti,.,3.46,4.70,1.84,4.61,1.68,4.32,1.77,4.14,0.10,5.82,0.63,5.69,0.32,36.91,0.18,C3'-endo
13,6770,0.06,U,U,U,0,0,0,1,0,.,,0,,,0.59,4.53,4.86,1.34,4.29,4.07,0.22,4.10,..,anti,.,2.40,4.65,3.07,2.25,3.08,2.30,3.11,1.77,6.28,5.89,0.61,5.65,0.40,37.24,0.33,C3'-endo
14,6771,0.07,U,U,U,0,0,0,1,0,.,,0,,,5.84,2.30,5.34,1.44,3.50,3.20,0.30,3.72,..,anti,.,3.90,4.37,1.47,2.26,1.35,2.51,1.00,2.63,0.03,5.88,0.61,5.67,0.37,36.24,0.29,C3'-endo
15,6772,0.07,G,G,G,0,0,1,0,0,.,,0,,,1.91,4.83,3.60,1.37,4.16,5.48,4.96,3.45,..,anti,.,3.71,4.46,3.99,4.30,3.59,4.45,3.26,4.93,6.20,5.91,0.65,5.57,0.50,41.23,0.43,C3'-endo
16,6773,0.08,G,G,G,0,0,1,0,0,.,"10,67",2,"cH.,cHH","cM+.,cM-M",3.12,3.70,2.87,1.44,4.86,2.11,2.74,1.93,BII,...,.,2.15,3.65,3.23,1.23,3.82,1.28,4.69,1.34,6.15,6.02,0.53,5.65,0.48,35.65,0.54,C3'-endo
17,6774,0.08,U,U,U,0,0,0,1,0,.,,0,,,3.49,3.40,0.89,1.31,3.95,5.74,4.50,1.78,..,...,.,-0.22,3.29,2.55,4.99,2.45,4.57,2.62,3.71,5.85,6.25,0.46,5.57,0.72,42.98,0.91,C4'-exo
18,6775,0.09,U,U,U,0,0,0,1,0,.,,0,,,3.85,4.22,5.20,1.45,4.69,4.07,0.62,0.64,..,syn,.,-3.21,4.38,0.25,4.05,0.71,4.10,0.78,4.56,6.27,5.91,0.60,5.66,0.40,36.59,0.34,C3'-endo
19,6776,0.09,A,A,A,1,0,0,0,0,.,,0,,,3.72,4.37,4.01,1.40,3.39,4.40,5.27,3.39,BI,anti,.,4.27,4.18,4.80,1.72,4.85,1.92,4.50,1.92,6.08,6.05,0.56,5.59,0.56,39.38,0.62,C3'-endo
20,6777,0.10,C,C,C,0,1,0,0,0,.,,0,,,5.07,1.82,2.82,1.41,4.32,2.39,1.94,4.31,BII,anti,.,1.68,4.34,4.31,0.71,3.90,0.62,3.50,0.37,6.08,6.05,0.55,5.60,0.56,38.80,0.62,C3'-endo
21,6778,0.10,C,C,C,0,1,0,0,0,.,,0,,,5.13,2.25,4.72,1.41,3.27,3.32,6.23,3.75,..,anti,.,3.38,3.66,0.91,1.76,0.71,2.49,0.88,3.34,5.98,6.16,0.46,5.64,0.60,37.29,0.79,C4'-exo
22,6779,0.11,C,C,C,0,1,0,0,0,.,,0,,,1.05,2.13,1.34,1.20,3.47,0.62,2.85,4.13,..,anti,.,2.96,4.51,4.65,5.31,4.29,5.15,3.90,5.26,6.07,5.99,0.66,5.49,0.63,45.39,0.58,C3'-endo
23,6780,0.11,A,A,A,1,0,0,0,0,.,,0,,,4.80,3.58,0.82,1.34,3.93,5.02,5.19,3.50,BI,anti,.,4.29,4.58,3.22,3.89,3.97,4.06,4.68,4.88,6.25,5.91,0.60,5.65,0.42,37.02,0.37,C3'-endo
24,6781,0.12,U,U,U,0,0,0,1,0,.,56,1,t.H,t.-M,5.40,2.81,1.18,1.52,3.88,3.11,0.77,4.20,..,anti,.,2.05,3.63,3.26,2.15,3.63,1.90,4.48,1.63,6.00,6.17,0.43,5.67,0.56,35.21,0.79,C4'-exo
25,6782,0.12,C,C,C,0,1,0,0,0,(,57,1,cWW,cW-W,5.54,2.60,5.40,1.68,4.13,4.64,5.78,3.35,..,anti,A,4.80,4.89,2.03,3.63,1.81,3.87,1.88,4.24,0.45,5.65,0.57,5.96,6.20,36.29,5.84,C2'-exo
26,6783,0.13,U,U,U,0,0,0,1,0,(,56,1,cWW,cW-W,5.49,2.73,0.89,1.34,3.78,4.91,5.16,3.88,BI,anti,.,3.61,4.76,2.98,3.75,3.24,3.76,3.59,4.12,0.09,5.80,0.68,5.64,0.35,39.82,0.20,C3'-endo
27,6784,0.13,G,G,G,0,0,1,0,0,(,55,1,cWW,cW-W,5.19,2.95,1.03,1.39,3.67,4.94,5.01,3.22,BI,anti,.,4.61,4.67,2.96,3.70,3.18,3.72,3.78,3.99,0.07,5.81,0.67,5.64,0.36,39.45,0.22,C3'-endo
28,6785,0.14,C,C,C,0,1,0,0,0,(,54,1,cWW,cW-W,5.33,3.03,1.10,1.37,3.61,4.74,5.15,3.44,BI,anti,.,4.55,4.58,3.21,3.46,3.43,3.48,3.90,3.70,0.03,5.85,0.65,5.64,0.39,38.74,0.28,C3'-endo
29,6786,0.14,A,A,A,1,0,0,0,0,(,53,1,cWW,cW-W,5.38,2.80,1.12,1.41,3.59,5.04,4.84,3.42,BI,anti,A,4.38,4.54,3.15,3.73,3.34,3.70,3.71,4.17,0.04,5.85,0.64,5.65,0.38,38.28,0.27,C3'-endo
30,6787,0.15,U,U,U,0,0,0,1,0,(,"51,52",2,"t.W,cWW","t.-W,cW-W",5.06,3.24,0.90,1.41,3.72,5.25,4.75,3.66,BI,anti,.,4.14,4.68,2.98,4.63,3.15,4.66,3.83,5.43,0.13,5.79,0.65,5.69,0.29,37.58,0.13,C3'-endo
31,6788,0.15,C,C,C,0,1,0,0,0,(,51,1,cWW,cW-W,2.85,3.81,3.03,1.46,4.16,3.75,0.41,3.87,..,anti,.,2.63,4.10,3.14,2.77,3.71,2.52,4.76,2.41,6.18,5.99,0.55,5.65,0.46,35.71,0.48,C3'-endo
32,6789,0.16,G,G,G,0,0,1,0,0,.,,0,,,0.99,4.34,4.04,1.46,4.83,5.85,5.27,3.83,..,anti,.,2.66,4.62,3.33,4.54,2.99,4.88,2.86,5.33,0.12,5.80,0.65,5.69,0.30,37.40,0.14,C3'-endo
33,6790,0.16,A,A,A,1,0,0,0,0,.,,0,,,5.13,3.41,1.10,1.54,4.06,3.71,0.35,3.64,..,anti,.,3.34,3.81,3.09,3.24,3.81,3.54,4.43,4.47,6.07,6.12,0.46,5.68,0.51,34.01,0.69,C4'-exo
34,6791,0.17,A,A,A,1,0,0,0,0,.,,0,,,0.21,2.60,1.00,1.51,3.61,3.79,6.10,1.52,..,syn,.,-0.65,4.27,4.22,3.15,4.17,2.96,4.12,4.14,0.02,5.92,0.54,5.74,0.33,32.37,0.28,C3'-endo
35,6792,0.17,A,A,A,1,0,0,0,0,.,,0,,,1.39,2.82,1.04,1.48,3.97,2.92,1.05,4.13,BII,anti,.,2.50,4.37,5.53,1.89,5.39,1.58,3.61,0.64,6.27,5.93,0.56,5.70,0.37,34.00,0.34,C3'-endo
36,6793,0.18,A,A,A,1,0,0,0,0,.,,0,,,2.95,3.09,0.94,1.43,4.13,4.77,5.64,5.06,..,anti,.,-1.88,4.73,1.57,4.42,1.61,3.90,2.13,2.89,0.11,5.81,0.64,5.69,0.31,37.23,0.16,C3'-endo
37,6794,0.18,C,C,C,0,1,0,0,0,.,40,1,cHH,cM-M,1.82,3.48,3.14,1.39,3.92,4.79,5.41,4.37,BI,anti,.,1.75,4.32,1.91,3.41,2.11,3.25,1.49,2.81,6.12,6.01,0.58,5.59,0.55,39.62,0.56,C3'-endo
38,6795,0.19,U,U,U,0,0,0,1,0,[,131,1,cWW,cW-W,6.11,2.85,5.27,1.47,4.21,4.54,5.95,3.79,..,anti,.,3.34,4.30,1.88,3.12,1.92,3.35,1.70,3.88,6.24,5.95,0.57,5.68,0.41,35.16,0.40,C3'-endo
39,6796,0.19,C,C,C,0,1,0,0,0,[,130,1,cWW,cW-W,4.89,2.68,1.03,1.39,3.69,5.31,4.66,3.79,BI,anti,.,4.08,4.72,2.55,4.33,2.77,4.03,3.30,3.89,0.09,5.82,0.64,5.68,0.33,37.38,0.19,C3'-endo
40,6797,0.20,U,U,U,0,0,0,1,0,[,"37,129",2,"cHH,cWW","cM-M,cW-W",3.17,2.86,3.08,1.41,3.46,4.84,4.90,3.56,BI,anti,.,4.01,4.14,3.16,2.67,3.31,3.00,3.45,3.44,6.21,5.98,0.54,5.69,0.42,34.13,0.44,C3'-endo
41,6798,0.20,C,C,C,0,1,0,0,0,[,128,1,cWW,cW-W,4.67,3.66,0.88,1.56,4.57,5.58,5.28,3.50,..,anti,.,4.06,4.58,3.20,4.83,3.11,4.93,3.35,5.13,0.21,5.81,0.55,5.84,0.15,31.39,6.23,C2'-exo
42,6799,0.21,C,C,C,0,1,0,0,0,[,127,1,cWW,cW-W,4.91,1.78,3.14,1.32,3.31,4.85,4.75,2.76,BI,anti,.,1.84,3.36,4.13,2.66,4.35,3.19,4.83,4.26,5.89,6.21,0.48,5.57,0.70,42.54,0.87,C4'-exo
43,6800,0.21,G,G,G,0,0,1,0,0,.,,0,,,2.84,3.96,3.30,1.43,3.75,5.21,4.82,4.93,BI,anti,.,-0.89,4.68,3.56,3.53,3.92,3.53,4.97,3.54,0.13,5.78,0.66,5.68,0.30,38.39,0.13,C3'-endo
44,6801,0.22,A,A,A,1,0,0,0,0,.,47,1,cWH,cW+M,4.93,3.51,0.81,1.31,3.71,5.37,4.62,3.42,BI,anti,.,4.43,4.51,2.87,4.65,3.05,4.84,3.16,5.60,6.20,5.95,0.60,5.62,0.47,38.26,0.44,C3'-endo
45,6802,0.22,A,A,A,1,0,0,0,0,.,,0,,,2.41,4.07,3.33,1.42,3.87,4.70,5.46,3.01,BI,anti,.,3.55,3.97,3.25,2.98,3.94,2.98,5.12,3.14,6.03,6.09,0.54,5.58,0.60,39.97,0.68,C4'-exo
46,6803,0.23,C,C,C,0,1,0,0,0,.,,0,,,5.07,2.23,3.27,1.37,4.07,4.60,5.76,4.51,..,anti,.,0.88,4.19,4.92,2.98,4.70,2.63,4.58,2.09,6.05,6.05,0.58,5.55,0.61,41.77,0.64,C4'-exo
47,6804,0.23,A,A,A,1,0,0,0,0,.,44,1,cHW,cM+W,1.04,3.41,3.04,1.42,3.72,5.41,4.60,3.00,BI,anti,.,4.49,4.55,1.09,4.10,1.26,4.07,1.19,4.57,0.04,5.86,0.63,5.66,0.37,37.49,0.27,C3'-endo
48,6805,0.24,C,C,C,0,1,0,0,0,.,,0,,,3.21,3.35,3.14,1.42,3.96,3.37,0.59,1.07,..,syn,-,,,3.39,1.93,3.79,,4.82,,6.09,6.04,0.56,5.59,0.56,39.14,0.60,C3'-endo
49,6806,0.24,U,U,U,0,0,0,1,0,.,,0,,,3.36,3.74,1.05,2.62,4.40,5.39,5.30,,..,n/a,-,,,2.27,6.15,,,0.00,0.00,,,,,,,,
50,6807,0.25,A,A,A,1,0,0,0,0,.,,0,,,2.82,2.47,3.13,2.57,4.07,3.14,0.93,,BII,n/a,-,,,2.84,2.01,,,0.00,0.00,,,,,,,,
51,6808,0.25,G,G,G,0,0,1,0,0,),"30,31",2,"tW.,cWW","tW-.,cW-W",5.40,2.54,0.87,2.55,4.53,3.08,1.45,4.40,BII,anti,.,0.35,0.67,3.61,3.64,,3.05,,3.57,5.98,0.60,5.64,0.49,6.16,37.48,2.99,C2'-endo
52,6809,0.26,G,G,G,0,0,1,0,0,),30,1,cWW,cW-W,1.53,3.51,2.96,1.51,4.33,4.75,5.86,2.72,..,anti,.,4.12,4.46,2.44,4.40,2.38,4.25,3.07,5.17,0.07,5.87,0.57,5.74,0.30,33.39,0.20,C3'-endo
53,6810,0.26,U,U,U,0,0,0,1,0,),29,1,cWW,cW-W,2.72,3.77,2.72,1.42,3.81,5.14,4.96,3.40,BI,anti,A,4.46,4.62,2.24,3.85,2.92,3.75,4.30,4.28,0.12,5.81,0.62,5.71,0.29,36.07,0.14,C3'-endo
54,6811,0.27,G,G,G,0,0,1,0,0,),28,1,cWW,cW-W,5.16,2.97,0.92,1.31,3.71,5.05,4.94,3.39,BI,anti,.,4.64,4.71,2.78,3.73,3.11,3.76,4.04,3.96,0.03,5.83,0.69,5.60,0.42,40.96,0.29,C3'-endo
55,6812,0.27,C,C,C,0,1,0,0,0,),27,1,cWW,cW-W,5.38,3.21,0.95,1.31,3.67,4.68,5.28,3.87,BI,anti,.,3.77,4.46,3.27,3.80,3.43,3.67,3.73,3.85,6.12,5.99,0.61,5.57,0.56,40.77,0.55,C3'-endo
56,6813,0.28,A,A,A,1,0,0,0,0,),"24,26",2,"tH.,cWW","tM-.,cW-W",2.69,3.42,3.04,1.41,3.61,4.70,5.20,3.43,BI,anti,A,4.54,4.62,2.74,3.47,2.94,3.31,3.30,3.77,0.06,5.84,0.63,5.67,0.35,37.18,0.24,C3'-endo
57,6814,0.28,G,G,G,0,0,1,0,0,),25,1,cWW,cW-W,2.58,3.51,2.99,1.52,3.70,5.94,4.05,2.97,..,anti,.,4.89,4.83,2.66,4.80,2.93,4.57,3.78,4.53,0.37,5.65,0.65,5.84,0.05,38.25,6.03,C2'-exo
58,6815,0.29,U,U,U,0,0,0,1,0,.,,0,,,1.61,3.06,4.85,1.40,3.28,6.17,3.39,3.21,..,anti,.,4.43,4.46,3.44,4.27,3.97,3.98,4.79,3.43,0.03,5.86,0.64,5.65,0.38,38.13,0.28,C3'-endo
59,6816,0.29,A,A,A,1,0,0,0,0,.,,0,,,1.78,2.38,3.29,1.33,4.15,4.51,5.93,4.67,..,anti,.,-0.11,4.44,1.81,3.17,2.20,3.17,1.88,2.93,6.06,6.02,0.61,5.54,0.61,42.68,0.61,C3'-endo
60,6817,0.30,A,A,A,1,0,0,0,0,.,,0,,,2.79,3.19,2.84,1.44,3.50,1.89,1.60,4.87,..,anti,.,0.00,4.45,2.38,5.80,2.68,5.23,2.58,5.12,0.07,5.88,0.57,5.74,0.30,33.20,0.21,C3'-endo
61,6818,0.30,G,G,G,0,0,1,0,0,.,,0,,,5.27,4.60,4.59,1.39,3.18,0.88,2.30,4.76,..,anti,.,1.14,3.93,2.63,4.46,2.97,4.81,3.29,4.35,5.97,6.14,0.51,5.58,0.64,40.85,0.77,C4'-exo
62,6819,0.31,G,G,G,0,0,1,0,0,.,,0,,,0.76,4.18,5.37,1.65,4.06,4.08,6.26,1.32,..,syn,.,-0.62,4.73,4.36,2.91,5.01,3.36,5.84,3.55,0.43,5.67,0.56,5.95,6.23,35.11,5.87,C2'-exo
63,6820,0.31,C,C,C,0,1,0,0,0,.,,0,,,0.14,2.09,1.27,1.49,4.60,5.32,5.56,3.78,..,anti,.,2.89,4.05,4.09,5.12,4.25,4.92,3.57,5.21,6.19,5.98,0.56,5.66,0.45,35.76,0.47,C3'-endo
64,6821,0.32,U,U,U,0,0,0,1,0,.,,0,,,1.25,3.96,4.58,1.34,4.18,4.53,5.93,3.58,..,anti,.,4.07,4.66,2.95,2.70,3.38,3.11,4.08,3.49,0.04,5.84,0.66,5.63,0.39,39.19,0.27,C3'-endo
65,6822,0.32,U,U,U,0,0,0,1,0,.,,0,,,4.01,3.01,3.10,1.32,3.26,0.56,2.70,4.03,..,anti,.,3.50,4.41,4.12,4.95,3.98,4.87,3.98,4.55,6.22,5.90,0.66,5.57,0.49,41.12,0.41,C3'-endo
66,6823,0.33,U,U,U,0,0,0,1,0,.,,0,,,1.59,3.33,4.89,1.37,3.54,2.21,1.33,3.02,..,anti,.,4.52,4.62,4.01,6.19,4.64,0.38,5.48,2.22,0.09,5.81,0.66,5.66,0.34,38.59,0.20,C3'-endo
67,6824,0.33,C,C,C,0,1,0,0,0,),"10,16",2,"cWW,cHH","cW-W,cM-M",5.01,2.96,0.87,1.81,4.39,4.36,0.03,2.89,..,anti,.,4.59,4.63,3.59,4.14,3.84,4.16,2.46,3.97,0.48,5.68,0.49,6.05,6.12,34.10,5.69,C2'-exo
68,6825,0.34,A,A,A,1,0,0,0,0,),9,1,cWW,cW-W,5.51,2.43,0.91,1.42,3.78,4.35,5.72,3.69,BI,anti,.,4.08,4.73,2.85,3.30,3.17,3.25,3.40,3.25,0.09,5.81,0.65,5.68,0.33,37.72,0.19,C3'-endo
69,6826,0.34,U,U,U,0,0,0,1,0,),8,1,cWW,cW-W,5.09,2.75,1.04,1.44,3.82,5.33,4.77,3.37,BI,anti,.,4.60,4.76,2.94,4.27,2.93,4.22,3.04,4.91,0.22,5.75,0.64,5.76,0.20,36.50,6.27,C2'-exo
70,6827,0.35,G,G,G,0,0,1,0,0,),7,1,cWW,cW-W,4.94,3.34,0.78,1.35,3.82,4.72,5.39,3.53,BI,anti,A,4.42,4.80,2.75,3.57,3.11,3.70,4.18,4.27,0.15,5.79,0.64,5.71,0.27,36.76,0.10,C3'-endo
71,6828,0.35,G,G,G,0,0,1,0,0,),6,1,cWW,cW-W,5.50,2.61,0.94,1.44,3.99,5.02,5.25,3.52,BI,anti,A,4.24,4.75,3.06,4.08,3.29,4.00,3.97,4.16,0.17,5.78,0.62,5.74,0.23,35.54,0.05,C3'-endo
72,6829,0.36,A,A,A,1,0,0,0,0,),5,1,cWW,cW-W,4.99,3.05,0.97,1.40,4.23,4.56,5.95,3.53,..,anti,.,4.11,4.51,2.86,3.74,3.08,3.92,3.49,4.73,0.00,5.90,0.59,5.68,0.38,35.38,0.32,C3'-endo
73,6830,0.36,G,G,G,0,0,1,0,0,),"3,4",2,"tSH,cWW","tm-M,cW-W",5.22,2.48,1.35,1.61,3.07,2.82,0.25,3.86,..,anti,.,3.11,3.70,2.91,1.78,3.50,1.43,4.41,1.56,0.15,5.89,0.47,5.88,0.16,26.99,0.01,C3'-endo
74,6831,0.37,U,U,U,0,0,0,1,0,.,,0,,,1.04,3.08,4.86,1.53,4.23,5.37,5.14,3.71,..,anti,.,3.09,4.05,3.15,4.27,2.80,4.39,2.47,4.72,6.24,5.99,0.49,5.75,0.37,30.82,0.41,C3'-endo
75,6832,0.37,G,G,G,0,0,1,0,0,.,,0,,,1.57,4.20,5.17,1.47,4.14,4.40,6.02,3.36,..,anti,.,2.37,2.77,4.17,2.87,4.52,2.93,4.90,3.18,5.71,0.17,0.27,5.68,0.74,41.69,1.19,C4'-exo
76,6833,0.38,G,G,G,0,0,1,0,0,.,,0,,,3.62,3.52,1.10,1.44,3.73,4.67,5.34,3.22,BI,anti,A,4.47,4.59,1.78,4.19,2.08,4.12,2.55,4.72,0.09,5.84,0.61,5.71,0.31,35.27,0.18,C3'-endo
77,6834,0.38,U,U,U,0,0,0,1,0,[,98,1,cWW,cW-W,2.81,3.81,2.86,1.38,3.46,2.51,0.95,3.30,..,anti,.,4.42,4.55,2.65,1.06,3.17,0.60,4.15,0.19,0.14,5.80,0.64,5.71,0.28,36.77,0.12,C3'-endo
78,6835,0.39,U,U,U,0,0,0,1,0,.,91,1,cWS,cW-m,3.09,3.53,0.98,1.38,3.89,5.17,5.00,2.92,BI,anti,.,3.64,4.11,1.80,4.06,2.00,4.27,2.55,5.25,6.06,6.05,0.57,5.57,0.59,40.79,0.64,C4'-exo
79,6836,0.39,U,U,U,0,0,0,1,0,(,90,1,cWW,cW-W,5.33,2.89,0.96,1.55,4.74,3.32,1.42,3.61,BII,anti,.,3.32,4.29,3.30,2.88,3.72,3.25,4.84,3.40,0.10,5.87,0.54,5.78,0.25,31.40,0.14,C3'-endo
80,6837,0.40,G,G,G,0,0,1,0,0,(,89,1,cWW,cW-W,5.05,2.45,1.11,1.66,3.64,5.45,4.47,4.11,BI,anti,.,2.51,3.92,3.38,4.11,3.36,3.67,3.22,3.80,0.18,5.87,0.47,5.89,0.14,26.98,6.24,C2'-exo
81,6838,0.40,C,C,C,0,1,0,0,0,(,88,1,cWW,cW-W,4.14,1.88,2.65,1.46,3.04,2.70,0.34,3.06,..,anti,.,3.26,4.01,3.59,0.52,3.45,3.28,3.87,3.73,0.12,5.85,0.56,5.77,0.25,32.28,0.13,C3'-endo
82,6839,0.41,U,U,U,0,0,0,1,0,.,87,1,tHW,tM-W,1.89,1.77,1.15,1.47,3.92,5.73,4.48,3.04,..,anti,.,4.03,4.09,5.18,5.64,2.99,5.29,2.96,4.97,6.19,6.00,0.53,5.69,0.43,33.99,0.47,C3'-endo
83,6840,0.41,A,A,A,1,0,0,0,0,.,,0,,,3.49,4.42,3.22,1.41,3.20,4.25,5.23,3.84,BI,anti,.,3.26,3.80,4.31,2.09,4.99,1.95,5.50,2.23,6.07,6.08,0.52,5.63,0.54,37.32,0.65,C4'-exo
84,6841,0.42,U,U,U,0,0,0,1,0,.,,0,,,4.83,2.11,2.92,1.37,3.64,5.79,4.13,4.78,BI,anti,.,0.44,4.16,4.41,3.52,3.95,3.81,3.75,4.04,6.13,6.02,0.56,5.62,0.51,37.47,0.55,C3'-endo
85,6842,0.42,U,U,U,0,0,0,1,0,.,,0,,,4.03,2.85,2.87,1.41,3.29,2.99,0.30,3.39,..,anti,.,4.13,4.29,3.83,0.78,4.30,0.98,4.68,1.23,0.04,5.88,0.59,5.69,0.35,35.22,0.26,C3'-endo
86,6843,0.43,U,U,U,0,0,0,1,0,.,,0,,,5.08,2.21,1.09,1.44,3.64,2.54,1.09,4.26,..,anti,.,2.49,4.60,2.78,2.03,2.99,1.71,2.86,1.52,0.12,5.79,0.65,5.69,0.30,37.58,0.14,C3'-endo
87,6844,0.43,A,A,A,1,0,0,0,0,.,82,1,tWH,tW-M,1.70,4.28,2.97,1.57,4.03,4.79,5.53,4.34,..,anti,.,1.89,4.40,2.83,4.52,2.91,4.30,2.95,5.08,0.03,5.91,0.55,5.73,0.33,32.57,0.28,C3'-endo
88,6845,0.44,G,G,G,0,0,1,0,0,),81,1,cWW,cW-W,3.01,3.91,2.57,1.53,3.80,5.10,4.98,4.08,BI,anti,.,2.85,4.65,2.50,4.52,3.26,4.07,4.20,4.04,0.32,5.71,0.58,5.87,0.06,34.37,6.06,C2'-exo
89,6846,0.44,C,C,C,0,1,0,0,0,),80,1,cWW,cW-W,2.56,3.45,3.13,1.34,4.00,5.29,4.99,3.90,BI,anti,.,3.52,4.76,2.65,3.56,3.02,3.72,3.42,3.85,6.28,5.86,0.67,5.59,0.43,40.65,0.33,C3'-endo
90,6847,0.45,G,G,G,0,0,1,0,0,),79,1,cWW,cW-W,4.91,2.08,2.53,1.48,3.60,5.54,4.34,3.09,BI,anti,.,4.89,4.71,3.82,4.06,4.17,4.23,4.68,4.76,0.17,5.75,0.66,5.70,0.27,37.79,0.07,C3'-endo
91,6848,0.45,U,U,U,0,0,0,1,0,.,78,1,cSW,cm-W,3.24,3.82,2.57,1.52,3.68,3.85,6.11,2.94,..,anti,.,3.82,4.35,2.90,2.24,3.74,2.08,4.92,2.62,0.15,5.85,0.54,5.81,0.21,30.96,0.06,C3'-endo
92,6849,0.46,A,A,A,1,0,0,0,0,(,122,1,cWW,cW-W,5.05,4.10,4.94,1.43,3.72,4.11,5.89,3.32,..,anti,.,3.66,3.99,2.01,2.36,1.39,2.78,0.31,3.21,5.99,6.14,0.50,5.61,0.60,38.83,0.75,C4'-exo
93,6850,0.46,C,C,C,0,1,0,0,0,(,121,1,cWW,cW-W,3.13,3.58,2.60,1.51,4.22,4.22,6.28,3.45,..,anti,.,4.06,4.59,2.93,4.04,2.91,3.79,3.20,4.18,0.23,5.81,0.53,5.86,0.13,30.70,6.19,C2'-exo
94,6851,0.47,G,G,G,0,0,1,0,0,(,120,1,cWW,cW-W,2.57,3.91,2.68,1.50,3.96,4.89,5.35,3.08,BI,anti,.,4.79,4.75,2.32,3.91,2.75,3.90,3.50,4.36,0.26,5.76,0.57,5.84,0.12,33.07,6.17,C2'-exo
95,6852,0.47,U,U,U,0,0,0,1,0,(,119,1,cWW,cW-W,5.59,2.79,1.03,1.45,3.86,4.88,5.26,3.83,BI,anti,.,3.55,4.67,3.27,3.83,3.66,3.71,4.39,3.74,0.13,5.82,0.61,5.73,0.27,35.44,0.13,C3'-endo
96,6853,0.48,G,G,G,0,0,1,0,0,(,118,1,cWW,cW-W,4.96,2.86,1.03,1.32,3.60,6.05,3.83,3.58,..,anti,.,4.26,4.68,2.65,4.56,2.85,4.28,3.19,4.32,0.04,5.83,0.68,5.61,0.40,40.30,0.27,C3'-endo
97,6854,0.48,U,U,U,0,0,0,1,0,(,117,1,cWW,cW-W,3.41,2.31,3.22,1.43,4.01,4.77,5.53,3.52,..,anti,.,3.45,3.70,3.38,2.86,3.57,3.32,3.85,4.66,5.90,6.23,0.43,5.63,0.65,39.16,0.89,C4'-exo
98,6855,0.49,A,A,A,1,0,0,0,0,],77,1,cWW,cW-W,5.27,2.65,1.17,1.54,3.32,5.25,4.35,4.41,BI,anti,-,,,2.89,3.92,3.49,,4.79,,0.35,5.67,0.63,5.84,0.06,36.97,6.05,C2'-exo
99,6856,0.49,C,C,C,0,1,0,0,0,.,,0,,,4.72,3.09,0.93,1.29,3.96,5.46,4.78,,BI,n/a,-,,,2.59,4.28,,,0.00,0.00,,,,,,,,
100,6857,0.50,C,C,C,0,1,0,0,0,.,,0,,,5.10,3.16,1.03,1.28,3.77,3.95,6.10,,..,n/a,-,,,2.90,2.65,,,0.00,0.00,,,,,,,,
101,6858,0.50,A,A,A,1,0,0,0,0,.,,0,,,5.28,2.59,1.06,1.50,4.71,1.89,2.83,,..,n/a,-,,,3.44,1.87,,,0.00,0.00,,,,,,,,
102,6859,0.51,U,U,U,0,0,0,1,0,.,,0,,,1.32,3.52,3.11,1.42,3.53,5.24,4.58,,BI,n/a,-,,,2.57,3.63,,,0.00,0.00,,,,,,,,
103,6860,0.51,A,A,A,1,0,0,0,0,.,,0,,,2.86,2.53,3.17,1.37,3.81,4.92,5.18,,BI,n/a,-,,,2.71,3.53,,,0.00,0.00,,,,,,,,
104,6861,0.52,G,G,G,0,0,1,0,0,.,,0,,,2.70,3.80,2.80,1.52,4.02,5.01,5.29,,BI,n/a,-,,,2.65,4.07,,,0.00,0.00,,,,,,,,
105,6862,0.52,G,G,G,0,0,1,0,0,.,,0,,,4.26,3.54,1.22,1.51,3.93,4.87,5.34,,BI,n/a,-,,,2.58,4.04,,,0.00,0.00,,,,,,,,
106,6863,0.53,C,C,C,0,1,0,0,0,.,,0,,,4.24,3.40,0.96,1.30,3.71,5.20,4.80,,BI,n/a,-,,,2.23,4.71,,,0.00,0.00,,,,,,,,
107,6864,0.53,A,A,A,1,0,0,0,0,.,,0,,,2.52,4.60,3.63,1.45,4.10,3.06,1.05,,BII,n/a,-,,,4.13,1.31,,,0.00,0.00,,,,,,,,
108,6865,0.54,G,G,G,0,0,1,0,0,.,,0,,,2.76,3.11,1.01,1.43,3.83,3.79,0.04,,..,n/a,-,,,1.40,3.11,,,0.00,0.00,,,,,,,,
109,6866,0.54,C,C,C,0,1,0,0,0,.,,0,,,3.00,3.63,3.05,1.42,3.39,0.15,3.24,,..,n/a,-,,,3.41,4.47,,,0.00,0.00,,,,,,,,
110,6867,0.55,C,C,C,0,1,0,0,0,.,,0,,,4.54,3.10,1.23,1.35,3.57,5.20,4.66,,BI,n/a,-,,,2.84,4.30,,,0.00,0.00,,,,,,,,
111,6868,0.55,C,C,C,0,1,0,0,0,.,,0,,,2.90,3.50,3.04,1.40,3.59,4.87,5.00,,BI,n/a,-,,,3.02,3.52,,,0.00,0.00,,,,,,,,
112,6869,0.56,C,C,C,0,1,0,0,0,.,,0,,,3.02,3.34,2.94,1.39,4.37,4.96,5.70,,..,n/a,-,,,3.03,4.04,,,0.00,0.00,,,,,,,,
113,6870,0.56,A,A,A,1,0,0,0,0,.,,0,,,6.01,2.17,1.07,1.38,3.42,4.85,4.85,,BI,n/a,-,,,2.96,3.54,,,0.00,0.00,,,,,,,,
114,6871,0.57,A,A,A,1,0,0,0,0,.,,0,,,5.04,3.02,0.66,1.19,3.93,5.24,4.98,,BI,n/a,-,,,2.60,3.90,,,0.00,0.00,,,,,,,,
115,6872,0.57,A,A,A,1,0,0,0,0,.,,0,,,5.36,3.26,1.04,1.28,4.04,5.15,5.17,,BI,n/a,-,,,3.32,4.65,,,0.00,0.00,,,,,,,,
116,6873,0.58,A,A,A,1,0,0,0,0,.,,0,,,2.65,3.69,3.23,1.46,4.65,2.52,2.13,,BII,n/a,-,,,3.10,1.17,,,0.00,0.00,,,,,,,,
117,6874,0.58,A,A,A,1,0,0,0,0,),97,1,cWW,cW-W,4.02,2.80,1.14,1.29,3.61,5.06,4.84,3.43,BI,anti,.,4.21,4.43,2.82,3.66,,3.60,,3.66,6.19,5.94,0.62,5.60,0.48,39.19,0.45,C3'-endo
118,6875,0.59,C,C,C,0,1,0,0,0,),96,1,cWW,cW-W,5.19,3.17,0.94,1.30,3.42,4.31,5.39,3.54,BI,anti,B,3.84,4.02,3.03,3.59,3.18,3.66,3.39,4.34,5.97,6.13,0.53,5.57,0.65,41.46,0.75,C4'-exo
119,6876,0.59,A,A,A,1,0,0,0,0,),95,1,cWW,cW-W,2.58,4.36,3.04,1.47,3.65,5.11,4.82,3.25,BI,anti,B,3.44,3.87,3.10,3.71,3.47,3.52,4.30,4.18,6.12,6.07,0.49,5.68,0.48,33.88,0.60,C3'-endo
120,6877,0.60,C,C,C,0,1,0,0,0,),94,1,cWW,cW-W,4.57,3.26,1.05,1.41,4.27,4.16,0.11,3.70,..,anti,.,3.88,4.79,2.74,4.18,2.96,4.17,3.83,4.40,0.07,5.82,0.65,5.65,0.35,38.32,0.22,C3'-endo
121,6878,0.60,G,G,G,0,0,1,0,0,),93,1,cWW,cW-W,2.93,3.91,2.77,1.41,3.67,0.44,3.23,4.16,..,anti,.,2.77,4.50,2.61,5.19,3.02,4.57,3.40,4.39,0.01,5.89,0.60,5.67,0.38,36.24,0.31,C3'-endo
122,6879,0.61,U,U,U,0,0,0,1,0,),92,1,cWW,cW-W,2.93,1.66,3.22,2.32,,,,5.04,..,anti,-,,,,,,,,,5.79,0.67,5.70,0.32,0.11,37.91,2.65,C2'-endo
123,not resolved,0.61,-,-,-,0,0,0,0,1,,,0,,,,,,,,,,,,,,,,,,,,,,,,,,,,,
124,not resolved,0.62,-,-,-,0,0,0,0,1,,,0,,,,,,,,,,,,,,,,,,,,,,,,,,,,,
125,not resolved,0.62,-,-,-,0,0,0,0,1,,,0,,,,,,,,,,,,,,,,,,,,,,,,,,,,,
126,6883,0.63,A,A,A,1,0,0,0,0,.,,0,,,,2.16,1.36,1.49,3.81,5.73,4.37,2.80,BI,anti,.,4.55,4.80,,5.31,,5.07,,5.62,0.30,5.66,0.69,5.75,0.14,39.71,6.16,C2'-exo
127,6884,0.63,G,G,G,0,0,1,0,0,],42,1,cWW,cW-W,2.80,3.72,2.81,1.41,3.62,5.22,4.68,3.83,BI,anti,.,3.68,4.62,2.67,3.73,3.62,3.49,5.17,3.30,0.12,5.82,0.61,5.73,0.27,35.08,0.13,C3'-endo
128,6885,0.64,G,G,G,0,0,1,0,0,],41,1,cWW,cW-W,4.87,3.26,0.73,1.29,3.64,5.17,4.76,3.69,BI,anti,.,4.31,4.69,2.54,3.70,2.70,3.82,2.81,4.68,6.10,5.97,0.65,5.51,0.60,43.94,0.55,C3'-endo
129,6886,0.64,A,A,A,1,0,0,0,0,],40,1,cWW,cW-W,4.96,3.01,1.16,1.39,3.64,5.01,4.92,3.64,BI,anti,.,4.27,4.68,2.88,3.72,3.25,3.64,4.32,3.67,0.04,5.84,0.66,5.63,0.39,39.09,0.27,C3'-endo
130,6887,0.65,G,G,G,0,0,1,0,0,],39,1,cWW,cW-W,5.00,3.02,1.18,1.36,3.60,4.93,4.95,3.35,BI,anti,.,4.24,4.32,2.95,3.57,3.13,3.62,3.37,4.55,6.07,6.02,0.60,5.54,0.60,41.99,0.60,C3'-endo
131,6888,0.65,A,A,A,1,0,0,0,0,],38,1,cWW,cW-W,4.92,3.03,1.14,1.50,3.61,3.47,0.13,3.52,..,anti,.,4.20,4.52,2.90,2.87,3.18,2.61,4.31,2.56,0.17,5.80,0.60,5.76,0.23,34.37,0.05,C3'-endo
132,6889,0.66,A,A,A,1,0,0,0,0,.,,0,,,0.99,2.41,3.44,1.36,4.32,2.64,1.68,4.27,BII,anti,.,1.72,4.20,1.09,0.63,0.63,0.67,0.09,0.46,6.00,6.10,0.55,5.56,0.63,41.47,0.71,C4'-exo
133,6890,0.66,A,A,A,1,0,0,0,0,.,,0,,,4.77,3.25,4.92,1.17,3.66,4.31,5.63,3.86,BI,anti,.,3.37,4.35,1.30,2.62,1.07,2.72,1.28,3.34,5.97,6.07,0.62,5.47,0.71,46.60,0.70,C4'-exo
134,6891,0.67,G,G,G,0,0,1,0,0,(,182,1,cWW,cW-W,2.23,3.87,3.09,1.50,4.04,5.09,5.23,3.16,BI,anti,.,4.68,4.75,2.69,4.41,2.82,4.26,3.54,4.87,0.21,5.78,0.59,5.80,0.17,34.10,6.25,C2'-exo
135,6892,0.67,U,U,U,0,0,0,1,0,(,181,1,cWW,cW-W,2.36,3.79,3.26,1.31,4.53,3.68,0.85,3.05,..,anti,.,4.48,4.55,2.78,2.57,3.29,2.84,4.40,3.21,6.18,5.92,0.66,5.55,0.52,42.33,0.45,C3'-endo
136,6893,0.68,C,C,C,0,1,0,0,0,(,180,1,cWW,cW-W,5.41,2.24,0.80,1.42,3.91,5.10,5.09,3.40,BI,anti,A,4.69,4.79,2.96,4.24,2.95,4.18,3.18,4.65,0.13,5.79,0.65,5.69,0.29,37.33,0.13,C3'-endo
137,6894,0.68,C,C,C,0,1,0,0,0,(,179,1,cWW,cW-W,5.19,3.07,1.08,1.43,3.40,5.07,4.62,3.74,BI,anti,.,3.62,4.27,3.03,4.10,3.42,3.83,4.27,4.08,0.04,5.90,0.57,5.72,0.33,33.80,0.26,C3'-endo
138,6895,0.69,C,C,C,0,1,0,0,0,(,178,1,cWW,cW-W,2.48,3.41,3.15,1.39,3.62,4.86,5.04,3.23,BI,anti,.,4.52,4.64,2.75,3.56,3.01,3.47,3.63,3.41,0.09,5.81,0.67,5.65,0.34,38.95,0.20,C3'-endo
139,6896,0.69,A,A,A,1,0,0,0,0,.,,0,,,1.27,2.72,5.07,1.16,1.08,1.50,5.86,4.04,..,anti,.,1.97,3.03,3.52,3.78,3.62,3.51,3.55,3.51,0.05,5.87,0.61,5.68,0.34,36.15,0.25,C3'-endo
140,6897,0.70,G,G,G,0,0,1,0,0,(,160,1,cWW,cW-W,0.75,3.21,3.01,1.40,3.89,4.78,5.40,3.13,BI,anti,A,4.61,4.62,1.84,3.13,2.14,3.24,2.31,3.93,6.21,5.93,0.61,5.61,0.47,38.38,0.43,C3'-endo
141,6898,0.70,U,U,U,0,0,0,1,0,(,159,1,cWW,cW-W,4.99,2.79,1.08,1.35,3.82,4.51,5.59,3.29,BI,anti,.,4.81,4.80,2.72,3.34,2.95,3.38,3.86,3.53,0.12,5.76,0.71,5.63,0.33,41.21,0.15,C3'-endo
142,6899,0.71,C,C,C,0,1,0,0,0,(,"157,158",2,"cWW,cWW","cW-W,cW-W",5.01,3.12,0.93,1.35,3.81,5.63,4.46,3.28,BI,anti,.,4.94,4.87,2.89,4.34,2.83,4.42,3.07,4.89,0.29,5.65,0.72,5.72,0.17,41.46,6.20,C2'-exo
143,6900,0.71,A,A,A,1,0,0,0,0,(,156,1,cWW,cW-W,4.96,3.89,0.97,1.38,3.66,5.15,4.79,3.78,BI,anti,.,3.86,4.72,3.32,3.91,3.67,3.95,4.39,4.03,0.12,5.77,0.69,5.65,0.32,39.99,0.15,C3'-endo
144,6901,0.72,C,C,C,0,1,0,0,0,(,155,1,cWW,cW-W,5.49,2.83,1.05,1.33,3.64,4.98,4.94,3.65,BI,anti,.,3.71,4.10,3.20,3.64,3.49,3.64,3.75,4.25,5.96,6.11,0.56,5.52,0.68,43.84,0.74,C4'-exo
145,6902,0.72,U,U,U,0,0,0,1,0,(,154,1,cWW,cW-W,5.30,2.74,0.92,1.32,3.82,4.51,5.59,3.68,BI,anti,.,3.85,4.28,2.89,3.32,3.15,3.43,3.94,3.73,5.99,6.09,0.57,5.54,0.65,42.88,0.71,C4'-exo
146,6903,0.73,U,U,U,0,0,0,1,0,(,153,1,cWW,cW-W,5.16,3.03,0.77,1.54,4.48,4.08,0.40,3.98,..,anti,.,2.53,4.59,3.17,4.30,3.12,4.23,3.35,3.99,0.16,5.85,0.53,5.82,0.20,30.51,0.04,C3'-endo
147,6904,0.73,U,U,U,0,0,0,1,0,.,151,1,cW.,cW-.,0.63,2.29,5.22,1.44,3.58,4.56,5.30,4.03,BI,anti,.,3.30,4.63,2.04,2.78,2.16,2.76,2.16,2.55,0.09,5.81,0.66,5.66,0.33,38.28,0.19,C3'-endo
148,6905,0.74,G,G,G,0,0,1,0,0,.,195,1,cWW,cW-W,4.05,3.01,1.14,1.37,4.41,4.80,5.89,2.60,..,anti,A,3.97,4.43,2.26,4.10,2.10,4.11,1.89,4.85,6.19,5.94,0.62,5.59,0.49,39.58,0.45,C3'-endo
149,6906,0.74,G,G,G,0,0,1,0,0,[,194,1,cWW,cW-W,4.76,2.92,1.05,1.41,3.48,5.03,4.73,3.40,BI,anti,A,4.54,4.64,2.40,3.67,2.80,3.62,3.90,3.81,0.07,5.82,0.67,5.64,0.37,39.21,0.23,C3'-endo
150,6907,0.75,G,G,G,0,0,1,0,0,[,193,1,cWW,cW-W,5.31,3.11,0.88,1.40,3.73,4.49,5.52,3.49,BI,anti,A,4.31,4.52,3.14,3.95,3.29,3.85,3.68,4.32,0.00,5.89,0.62,5.65,0.40,37.21,0.32,C3'-endo
151,6908,0.75,C,C,C,0,1,0,0,0,[,"147,192",2,"c.W,cWW","c.-W,cW-W",2.42,3.94,3.06,1.40,4.36,4.91,5.73,3.27,..,anti,.,4.59,4.75,2.85,3.99,3.07,3.84,3.80,4.17,0.09,5.83,0.64,5.68,0.33,37.19,0.20,C3'-endo
152,6909,0.76,A,A,A,1,0,0,0,0,[,191,1,cWW,cW-W,1.01,4.09,4.68,1.68,3.81,5.18,4.92,3.29,BI,anti,.,3.96,4.50,3.24,3.83,3.43,4.00,4.12,5.24,0.36,5.73,0.54,5.93,6.28,32.45,5.95,C2'-exo
153,6910,0.76,A,A,A,1,0,0,0,0,),146,1,cWW,cW-W,2.64,3.76,2.72,1.46,4.25,4.30,6.23,3.50,..,anti,B,4.08,4.72,2.53,3.62,3.20,3.71,4.69,4.43,0.16,5.80,0.60,5.75,0.24,34.75,0.08,C3'-endo
154,6911,0.77,A,A,A,1,0,0,0,0,),145,1,cWW,cW-W,5.93,2.10,0.84,1.43,3.71,4.93,5.07,3.71,BI,anti,.,3.52,4.30,2.97,3.92,3.36,3.71,4.26,3.72,0.01,5.90,0.59,5.67,0.38,35.79,0.32,C3'-endo
155,6912,0.77,G,G,G,0,0,1,0,0,),"0,144",2,"cSS,cWW","cm-m,cW-W",5.17,2.92,0.78,1.32,3.24,4.95,4.58,3.60,BI,anti,.,3.94,4.24,2.72,3.91,2.92,3.84,3.26,4.31,6.22,5.94,0.59,5.63,0.45,37.45,0.43,C3'-endo
156,6913,0.78,U,U,U,0,0,0,1,0,),143,1,cWW,cW-W,2.69,3.86,3.04,1.41,4.02,3.91,0.11,3.19,..,anti,.,4.13,4.18,3.10,3.32,3.39,3.33,4.10,3.97,6.05,6.07,0.55,5.59,0.58,39.41,0.65,C4'-exo
157,6914,0.78,A,A,A,1,0,0,0,0,.,142,1,cWW,cW-W,2.10,4.34,3.17,1.49,4.34,4.33,0.01,3.53,..,anti,.,4.24,4.92,3.05,3.20,3.26,3.07,4.04,2.74,0.29,5.70,0.65,5.78,0.14,37.41,6.17,C2'-exo
158,6915,0.79,G,G,G,0,0,1,0,0,),142,1,cWW,cW-W,4.22,2.86,1.13,1.45,3.86,5.28,4.86,3.22,BI,anti,.,5.11,4.89,2.25,4.22,2.32,4.21,2.26,4.55,0.30,5.67,0.68,5.76,0.14,39.01,6.17,C2'-exo
159,6916,0.79,A,A,A,1,0,0,0,0,),141,1,cWW,cW-W,5.15,3.25,1.14,1.44,3.48,4.58,5.18,3.53,BI,anti,A,4.04,4.37,3.17,3.92,3.58,3.80,4.34,4.28,0.04,5.88,0.59,5.70,0.34,34.94,0.26,C3'-endo
160,6917,0.80,C,C,C,0,1,0,0,0,),140,1,cWW,cW-W,2.42,4.09,3.10,1.39,3.99,5.08,5.19,3.12,BI,anti,.,4.46,4.62,2.92,3.79,3.24,3.85,4.06,4.98,0.02,5.87,0.63,5.64,0.40,38.11,0.30,C3'-endo
161,6918,0.80,A,A,A,1,0,0,0,0,.,,0,,,5.39,2.64,0.94,1.51,3.57,4.61,5.24,3.45,BI,anti,.,4.60,4.64,2.77,3.91,3.37,3.65,4.97,3.34,0.25,5.75,0.60,5.81,0.15,34.49,6.20,C2'-exo
162,6919,0.81,G,G,G,0,0,1,0,0,(,177,1,cWW,cW-W,2.89,3.38,2.93,1.47,3.96,5.13,5.11,2.95,BI,anti,.,4.12,4.51,2.87,3.72,2.95,3.84,2.93,5.03,0.07,5.86,0.60,5.71,0.32,35.00,0.22,C3'-endo
163,6920,0.81,C,C,C,0,1,0,0,0,(,176,1,cWW,cW-W,4.97,2.79,1.26,1.66,3.71,5.29,4.69,3.45,BI,anti,.,3.67,4.14,2.85,4.70,3.42,4.15,4.92,4.30,0.21,5.85,0.48,5.90,0.12,27.81,6.19,C2'-exo
164,6921,0.82,C,C,C,0,1,0,0,0,(,175,1,cWW,cW-W,2.47,2.86,2.95,1.45,4.14,5.16,5.26,3.56,..,anti,.,4.33,4.90,2.21,3.64,2.58,3.75,3.23,3.90,0.30,5.70,0.64,5.81,0.11,36.86,6.13,C2'-exo
165,6922,0.82,G,G,G,0,0,1,0,0,(,174,1,cWW,cW-W,5.23,2.87,1.26,1.23,3.48,5.02,4.75,3.45,BI,anti,.,4.42,4.24,2.99,3.45,3.40,3.44,3.75,3.87,5.97,6.10,0.58,5.51,0.69,44.75,0.72,C4'-exo
166,6923,0.83,C,C,C,0,1,0,0,0,(,173,1,cWW,cW-W,5.29,2.99,0.94,1.32,4.13,4.41,6.01,3.52,..,anti,.,3.85,4.23,3.15,4.04,3.28,3.79,3.81,3.88,6.02,6.07,0.58,5.54,0.64,42.73,0.67,C4'-exo
167,6924,0.83,G,G,G,0,0,1,0,0,(,172,1,cWW,cW-W,2.10,3.83,3.12,1.43,3.69,5.03,4.94,3.35,BI,anti,.,4.69,4.63,2.35,3.12,2.68,2.77,3.02,2.16,6.23,5.90,0.64,5.60,0.46,39.56,0.39,C3'-endo
168,6925,0.84,C,C,C,0,1,0,0,0,.,,0,,,5.23,4.37,4.94,1.45,4.05,5.29,5.04,4.85,BI,anti,.,-0.60,4.14,1.96,3.24,1.63,3.75,1.10,4.55,6.16,6.02,0.53,5.67,0.47,35.28,0.53,C3'-endo
169,6926,0.84,U,U,U,0,0,0,1,0,.,,0,,,5.33,2.93,0.91,2.02,4.32,3.59,0.73,3.98,..,anti,.,2.03,3.19,3.11,3.54,3.79,2.88,4.41,1.90,0.08,6.22,0.03,0.01,6.22,4.49,5.11,C1'-endo
170,6927,0.85,U,U,U,0,0,0,1,0,.,,0,,,0.97,3.74,2.80,1.39,3.96,1.12,2.84,4.58,..,anti,.,0.38,4.73,1.41,5.99,1.49,5.89,1.29,6.00,0.11,5.82,0.63,5.71,0.29,36.52,0.15,C3'-endo
171,6928,0.85,G,G,G,0,0,1,0,0,.,,0,,,4.93,3.40,0.74,1.18,4.08,3.37,0.71,4.52,..,anti,.,0.76,4.20,3.18,1.96,3.84,2.19,4.36,2.63,5.96,6.11,0.57,5.52,0.69,44.12,0.74,C4'-exo
172,6929,0.86,C,C,C,0,1,0,0,0,),167,1,cWW,cW-W,4.98,2.09,1.03,1.39,3.86,5.08,5.06,3.91,BI,anti,A,3.46,4.82,2.72,4.19,2.76,3.97,3.07,3.94,0.23,5.70,0.70,5.70,0.22,40.30,6.28,C2'-exo
173,6930,0.86,G,G,G,0,0,1,0,0,),166,1,cWW,cW-W,5.20,2.80,1.09,1.29,3.77,5.20,4.85,3.57,BI,anti,.,4.38,4.68,2.83,4.24,3.16,4.00,3.61,4.32,6.16,5.93,0.67,5.53,0.56,43.57,0.48,C3'-endo
174,6931,0.87,U,U,U,0,0,0,1,0,),165,1,cWW,cW-W,1.14,3.68,4.86,1.37,3.76,4.76,5.28,3.60,BI,anti,.,3.97,4.59,3.20,2.66,3.35,2.91,3.99,3.19,0.08,5.83,0.64,5.67,0.33,37.46,0.20,C3'-endo
175,6932,0.87,G,G,G,0,0,1,0,0,),164,1,cWW,cW-W,5.49,2.85,0.73,1.25,3.79,4.28,5.79,3.29,..,anti,A,4.47,4.58,2.93,3.65,3.02,3.63,3.24,3.94,6.16,5.94,0.65,5.55,0.53,42.05,0.48,C3'-endo
176,6933,0.88,G,G,G,0,0,1,0,0,),163,1,cWW,cW-W,2.63,3.84,3.07,1.46,3.77,4.77,5.28,3.35,BI,anti,.,4.47,4.64,2.92,3.34,3.09,3.38,3.53,4.07,0.10,5.84,0.61,5.72,0.30,35.22,0.17,C3'-endo
177,6934,0.88,U,U,U,0,0,0,1,0,),162,1,cWW,cW-W,5.51,2.77,0.96,1.43,3.37,5.17,4.49,3.86,BI,anti,.,3.70,4.58,3.07,4.38,3.41,3.92,4.28,3.43,0.25,5.71,0.65,5.76,0.17,37.51,6.22,C2'-exo
178,6935,0.89,G,G,G,0,0,1,0,0,),138,1,cWW,cW-W,2.28,3.90,5.22,1.50,2.27,0.88,1.38,3.48,..,anti,.,3.37,3.81,5.34,4.33,5.50,4.24,5.37,4.75,0.46,5.66,0.55,5.98,6.19,35.54,5.81,C2'-exo
179,6936,0.89,G,G,G,0,0,1,0,0,),137,1,cWW,cW-W,1.40,3.38,3.06,1.40,3.48,4.75,5.01,3.52,BI,anti,.,4.18,4.25,2.28,2.81,2.94,2.85,3.71,3.25,6.05,6.05,0.58,5.56,0.60,41.35,0.64,C4'-exo
180,6937,0.90,G,G,G,0,0,1,0,0,),136,1,cWW,cW-W,4.81,3.20,0.88,1.38,3.81,5.29,4.80,3.17,BI,anti,.,4.89,4.80,2.72,4.08,2.69,4.25,3.18,5.14,0.12,5.79,0.66,5.67,0.31,38.46,0.15,C3'-endo
181,6938,0.90,A,A,A,1,0,0,0,0,),135,1,cWW,cW-W,5.17,2.93,1.05,1.46,3.85,4.37,5.76,3.35,..,anti,.,4.47,4.60,2.94,3.34,3.48,3.39,4.76,3.55,0.08,5.84,0.63,5.69,0.33,36.71,0.21,C3'-endo
182,6939,0.91,C,C,C,0,1,0,0,0,),134,1,cWW,cW-W,5.22,2.78,1.07,1.42,4.10,4.16,6.22,3.36,..,anti,.,4.53,4.79,3.17,3.29,3.13,2.94,3.29,2.31,0.15,5.77,0.67,5.68,0.29,38.38,0.11,C3'-endo
183,6940,0.91,U,U,U,0,0,0,1,0,.,,0,,,5.33,2.68,5.11,1.36,3.69,4.20,5.78,4.24,..,anti,.,2.46,4.59,1.03,2.34,0.77,2.57,0.36,2.69,0.01,5.86,0.65,5.63,0.41,39.02,0.30,C3'-endo
184,6941,0.92,U,U,U,0,0,0,1,0,.,,0,,,5.40,2.34,0.99,1.38,4.31,5.21,5.38,4.08,..,anti,.,2.34,4.75,3.02,4.97,3.00,4.31,2.95,3.06,0.06,5.83,0.66,5.64,0.37,39.02,0.24,C3'-endo
185,6942,0.92,A,A,A,1,0,0,0,0,.,,0,,,1.44,3.31,3.13,1.42,3.42,5.54,4.17,4.32,BI,anti,.,2.38,4.03,1.44,3.85,1.77,3.57,1.02,3.24,6.06,6.07,0.54,5.59,0.58,39.26,0.65,C4'-exo
186,6943,0.93,A,A,A,1,0,0,0,0,.,,0,,,3.14,3.39,5.07,1.45,3.52,1.54,1.98,3.69,..,anti,.,4.21,4.59,5.37,5.55,5.65,5.52,5.82,4.47,0.08,5.85,0.60,5.71,0.31,35.14,0.20,C3'-endo
187,6944,0.93,U,U,U,0,0,0,1,0,.,,0,,,5.33,3.50,1.08,1.49,3.91,2.56,1.35,3.60,..,anti,.,4.04,4.54,4.23,1.59,4.97,1.47,0.10,1.62,0.11,5.86,0.55,5.77,0.26,32.10,0.14,C3'-endo
188,6945,0.94,U,U,U,0,0,0,1,0,.,0,1,c.W,c.-W,2.08,2.55,3.04,1.59,4.80,5.50,5.59,3.33,..,anti,.,3.95,4.45,2.74,4.21,2.58,4.46,2.42,4.89,0.19,5.82,0.54,5.83,0.17,31.19,6.26,C2'-exo
189,6946,0.94,A,A,A,1,0,0,0,0,.,,0,,,4.88,2.05,3.01,1.49,4.35,4.12,0.24,4.03,..,anti,.,2.33,4.53,3.96,2.57,4.40,2.89,5.04,3.29,0.09,5.87,0.56,5.75,0.29,32.84,0.18,C3'-endo
190,6947,0.95,A,A,A,1,0,0,0,0,.,,0,,,5.53,2.20,0.83,1.32,4.02,4.65,5.66,4.07,..,anti,.,2.78,4.82,2.79,4.08,2.96,3.65,3.35,3.18,0.03,5.82,0.70,5.59,0.42,41.57,0.28,C3'-endo
191,6948,0.95,U,U,U,0,0,0,1,0,],152,1,cWW,cW-W,1.17,4.30,5.05,1.36,3.59,4.63,5.25,3.58,BI,anti,.,4.38,4.52,3.90,2.19,3.70,2.57,3.38,2.96,6.25,5.92,0.60,5.64,0.43,37.04,0.38,C3'-endo
192,6949,0.96,G,G,G,0,0,1,0,0,],151,1,cWW,cW-W,5.38,2.83,0.98,1.39,3.52,5.06,4.74,3.47,BI,anti,A,4.14,4.41,3.12,4.13,3.22,3.86,3.48,4.15,0.00,5.89,0.60,5.66,0.39,36.45,0.32,C3'-endo
193,6950,0.96,C,C,C,0,1,0,0,0,],150,1,cWW,cW-W,2.64,3.21,3.03,1.45,3.75,5.13,4.90,3.37,BI,anti,A,4.65,4.72,2.64,3.46,2.91,3.58,3.58,4.19,0.12,5.80,0.64,5.69,0.30,37.06,0.14,C3'-endo
194,6951,0.97,C,C,C,0,1,0,0,0,],149,1,cWW,cW-W,5.41,2.90,0.98,1.43,3.48,5.08,4.68,3.47,BI,anti,A,4.07,4.31,3.08,4.12,3.49,3.90,4.34,4.28,6.23,5.92,0.61,5.63,0.44,37.67,0.40,C3'-endo
195,6952,0.97,U,U,U,0,0,0,1,0,.,148,1,cWW,cW-W,2.87,3.23,2.91,1.50,3.53,3.04,0.49,3.28,..,anti,.,4.17,4.27,2.81,1.16,3.12,1.45,3.84,2.45,0.08,5.88,0.55,5.76,0.28,32.27,0.19,C3'-endo
196,6953,0.98,G,G,G,0,0,1,0,0,.,,0,,,5.01,2.76,1.08,1.50,3.99,5.21,5.07,2.26,BI,...,.,3.37,4.75,3.33,4.26,3.18,4.25,2.73,4.21,0.18,5.75,0.66,5.71,0.25,38.03,0.05,C3'-endo
197,6954,0.98,C,C,C,0,1,0,0,0,.,,0,,,5.02,3.92,1.11,1.33,3.41,5.40,4.30,4.54,BI,anti,.,1.44,4.36,3.44,4.21,3.65,4.04,3.76,4.28,6.08,6.00,0.64,5.52,0.61,43.81,0.58,C3'-endo
198,6955,0.99,U,U,U,0,0,0,1,0,.,0,1,tWH,tW+M,2.83,2.97,3.09,1.38,3.86,4.67,5.48,4.00,BI,anti,.,3.12,4.70,2.81,3.23,3.08,3.22,3.51,3.79,0.04,5.84,0.66,5.63,0.39,39.07,0.27,C3'-endo
199,6956,0.99,A,A,A,1,0,0,0,0,.,,0,,,3.06,3.01,3.00,1.40,3.02,4.60,4.70,5.68,BI,syn,.,-3.09,4.34,3.04,2.57,3.08,2.91,3.65,3.00,0.11,5.79,0.67,5.66,0.32,38.71,0.16,C3'-endo
200,6957,1.00,A,A,A,1,0,0,0,0,.,,0,,,3.48,3.63,2.81,2.56,3.78,3.21,0.56,3.47,..,anti,.,1.85,1.99,3.52,3.18,3.83,2.83,3.66,3.31,6.06,0.52,5.68,0.49,6.11,34.48,3.10,C2'-endo
201,6958,1.00,C,C,C,0,1,0,0,0,.,,0,,,0.79,2.69,0.96,1.27,,,,3.86,n/a,anti,-,,,,,,,,,6.06,6.03,0.60,5.55,0.60,41.86,0.62,C3'-endo
