index_chain,old_nt_resnum,nt_position,nt_name,nt_code,nt_align_code,is_A,is_C,is_G,is_U,is_other,dbn,paired,nb_interact,pair_type_LW,pair_type_DSSR,alpha,beta,gamma,delta,epsilon,zeta,epsilon_zeta,chi,bb_type,glyco_bond,form,ssZp,Dp,eta,theta,eta_prime,theta_prime,eta_base,theta_base,v0,v1,v2,v3,v4,amplitude,phase_angle,puckering
1,1,0.07,LCC,c,C,0,0,0,0,1,.,,0,,,,,1.07,1.05,3.25,4.95,4.58,3.38,BI,anti,.,4.34,4.51,,,,,,,6.12,5.77,0.98,5.23,0.78,62.57,0.46,C3'-endo
2,2,0.13,LCC,c,C,0,0,0,0,1,),0,1,cWW,cW-W,5.20,2.94,0.99,1.15,3.45,5.03,4.71,3.41,BI,anti,A,4.48,4.71,3.01,3.49,3.05,3.53,3.29,3.82,6.24,5.72,0.95,5.31,0.66,58.08,0.36,C3'-endo
3,3,0.20,LCC,c,C,0,0,0,0,1,),0,1,cWW,cW-W,5.23,3.04,0.93,1.22,3.57,5.18,4.68,3.53,BI,anti,A,4.48,4.77,3.09,3.65,3.22,3.67,3.64,4.03,0.20,5.50,1.01,5.33,0.46,58.28,0.14,C3'-endo
4,4,0.27,LCG,g,G,0,0,0,0,1,),0,1,cWW,cW-W,4.95,3.05,0.98,1.08,3.57,4.96,4.90,3.36,BI,anti,A,4.51,4.75,2.85,3.40,3.02,3.48,3.62,3.98,6.25,5.67,1.02,5.26,0.66,61.67,0.34,C3'-endo
5,5,0.33,A,A,A,1,0,0,0,0,),0,1,cWW,cW-W,5.13,3.04,1.03,1.41,3.68,5.02,4.95,3.39,BI,anti,A,4.50,4.74,3.08,3.77,3.24,3.77,3.86,4.23,0.17,5.69,0.77,5.59,0.33,44.47,0.11,C3'-endo
6,6,0.40,C,C,C,0,1,0,0,0,),0,1,cWW,cW-W,5.17,2.88,1.02,1.39,3.61,5.05,4.84,3.54,BI,anti,A,4.37,4.66,2.95,3.76,3.25,3.76,4.01,4.15,0.15,5.73,0.73,5.62,0.33,41.90,0.13,C3'-endo
7,7,0.47,U,U,U,0,0,0,1,0,),0,1,cWW,cW-W,5.02,3.09,1.01,1.39,3.64,5.06,4.87,3.46,BI,anti,A,4.32,4.64,2.94,3.80,3.18,3.80,3.83,4.29,0.04,5.78,0.75,5.54,0.44,44.53,0.27,C3'-endo
8,8,0.53,U,U,U,0,0,0,1,0,),0,1,cWW,cW-W,5.13,2.98,0.99,1.28,3.68,5.12,4.85,3.49,BI,anti,A,4.23,4.66,2.95,3.72,3.18,3.71,3.94,4.07,0.03,5.80,0.73,5.55,0.44,43.85,0.29,C3'-endo
9,9,0.60,A,A,A,1,0,0,0,0,),0,1,cWW,cW-W,4.96,3.09,0.92,1.33,3.52,5.13,4.67,3.49,BI,anti,A,4.35,4.68,2.82,3.64,3.00,3.67,3.59,4.16,0.07,5.76,0.75,5.56,0.42,44.17,0.24,C3'-endo
10,10,0.67,A,A,A,1,0,0,0,0,),0,1,cWW,cW-W,4.94,2.91,1.19,1.40,3.40,5.31,4.37,3.42,BI,anti,.,4.42,4.51,3.02,4.20,3.29,3.96,3.99,4.31,0.05,5.84,0.64,5.65,0.38,37.89,0.26,C3'-endo
11,11,0.73,G,G,G,0,0,1,0,0,),0,1,cWW,cW-W,2.51,3.16,3.11,1.50,3.66,5.06,4.88,3.30,BI,anti,A,4.54,4.64,2.73,3.25,3.06,3.36,3.84,3.86,0.18,5.71,0.73,5.64,0.28,42.20,0.07,C3'-endo
12,12,0.80,U,U,U,0,0,0,1,0,),0,1,cWW,cW-W,5.09,3.10,0.93,1.40,3.54,5.04,4.79,3.51,BI,anti,A,4.31,4.61,2.93,3.69,3.17,3.70,3.82,4.14,0.14,5.71,0.77,5.58,0.35,44.40,0.14,C3'-endo
13,13,0.87,C,C,C,0,1,0,0,0,),0,1,cWW,cW-W,5.06,2.91,1.06,1.38,3.64,5.14,4.78,3.51,BI,anti,A,4.45,4.64,2.92,3.82,3.18,3.77,3.89,4.10,0.07,5.77,0.75,5.55,0.42,44.27,0.24,C3'-endo
14,14,0.93,G,G,G,0,0,1,0,0,),0,1,cWW,cW-W,5.07,3.06,0.91,1.26,3.52,5.00,4.81,3.43,BI,anti,.,4.40,4.63,2.88,3.87,3.10,3.77,3.72,4.14,6.27,5.79,0.78,5.48,0.51,47.35,0.34,C3'-endo
15,15,1.00,G,G,G,0,0,1,0,0,),0,1,cWW,cW-W,2.56,3.39,3.36,1.58,,,,3.25,n/a,anti,-,,,,,,,,,0.18,5.78,0.60,5.77,0.21,34.43,0.03,C3'-endo
