index_chain,old_nt_resnum,nt_position,nt_name,nt_code,nt_align_code,is_A,is_C,is_G,is_U,is_other,dbn,paired,nb_interact,pair_type_LW,pair_type_DSSR,alpha,beta,gamma,delta,epsilon,zeta,epsilon_zeta,chi,bb_type,glyco_bond,form,ssZp,Dp,eta,theta,eta_prime,theta_prime,eta_base,theta_base,v0,v1,v2,v3,v4,amplitude,phase_angle,puckering
1,1,0.06,C,C,C,0,1,0,0,0,(,0,1,cWW,cW-W,,3.12,1.12,1.34,3.73,4.96,5.05,3.58,BI,anti,A,4.16,4.55,,3.66,,3.69,,4.21,6.23,5.91,0.63,5.60,0.47,39.29,0.41,C3'-endo
2,2,0.12,C,C,C,0,1,0,0,0,(,0,1,cWW,cW-W,5.38,3.03,0.69,1.30,3.74,4.91,5.11,3.44,BI,anti,A,4.48,4.70,2.89,3.57,3.07,3.66,3.80,4.18,0.03,5.82,0.70,5.59,0.42,41.73,0.28,C3'-endo
3,3,0.19,A,A,A,1,0,0,0,0,(,0,1,cWW,cW-W,5.44,2.98,0.77,1.65,3.52,4.96,4.84,3.60,BI,anti,A,4.12,4.37,2.98,3.79,3.23,3.80,3.92,4.39,0.02,5.93,0.54,5.74,0.33,32.50,0.29,C3'-endo
4,4,0.25,U,U,U,0,0,0,1,0,(,0,1,cWW,cW-W,5.16,3.05,0.92,1.39,3.75,4.86,5.17,3.60,BI,anti,A,4.23,4.66,2.91,3.69,3.18,3.71,4.02,4.15,0.03,5.86,0.63,5.66,0.37,37.49,0.27,C3'-endo
5,5,0.31,C,C,C,0,1,0,0,0,(,0,1,cWW,cW-W,5.54,3.04,0.51,1.44,3.63,5.02,4.90,3.75,BI,anti,A,3.96,4.68,2.89,3.67,3.05,3.70,3.69,3.81,0.16,5.75,0.68,5.68,0.28,39.07,0.09,C3'-endo
6,6,0.38,C,C,C,0,1,0,0,0,(,0,1,cWW,cW-W,5.21,2.93,0.96,1.40,3.63,5.04,4.87,3.44,BI,anti,A,4.50,4.57,2.91,3.71,3.13,3.70,3.45,4.31,6.18,5.95,0.61,5.59,0.49,39.31,0.46,C3'-endo
7,7,0.44,U,U,U,0,0,0,1,0,(,0,1,cWW,cW-W,4.96,3.07,1.09,1.35,3.64,5.04,4.88,3.45,BI,anti,A,4.44,4.65,2.89,3.67,3.10,3.70,3.97,4.00,0.04,5.83,0.68,5.61,0.40,40.24,0.27,C3'-endo
8,8,0.50,C,C,C,0,1,0,0,0,(,0,1,cWW,cW-W,5.24,2.96,0.94,1.39,3.50,5.02,4.77,3.44,BI,anti,A,4.43,4.52,2.92,3.64,3.20,3.65,3.76,4.17,6.25,5.88,0.67,5.58,0.46,40.96,0.37,C3'-endo
9,9,0.56,U,U,U,0,0,0,1,0,(,0,1,cWW,cW-W,5.12,3.08,1.02,1.37,3.64,5.03,4.90,3.46,BI,anti,A,4.46,4.64,2.98,3.72,3.18,3.71,3.94,4.05,0.05,5.83,0.67,5.63,0.38,39.53,0.25,C3'-endo
10,10,0.62,A,A,A,1,0,0,0,0,(,0,1,cWW,cW-W,5.24,3.05,0.88,1.37,3.63,5.01,4.90,3.43,BI,anti,A,4.62,4.71,2.96,3.65,3.15,3.67,3.74,4.19,0.00,5.86,0.66,5.61,0.43,39.76,0.32,C3'-endo
11,11,0.69,C,C,C,0,1,0,0,0,(,0,1,cWW,cW-W,5.14,2.87,1.05,1.33,3.79,4.91,5.17,3.47,BI,anti,A,4.47,4.74,2.92,3.71,3.16,3.72,3.94,4.04,0.06,5.80,0.71,5.59,0.40,41.91,0.25,C3'-endo
12,12,0.75,A,A,A,1,0,0,0,0,(,0,1,cWW,cW-W,5.54,3.13,0.56,1.40,3.39,4.95,4.72,3.67,BI,anti,A,4.09,4.49,2.99,3.92,3.15,3.80,3.67,4.16,0.05,5.85,0.63,5.66,0.36,37.53,0.26,C3'-endo
13,13,0.81,G,G,G,0,0,1,0,0,(,0,1,cWW,cW-W,2.36,3.41,3.37,1.50,4.15,5.00,5.43,3.36,..,anti,A,4.51,4.77,2.92,3.56,3.10,3.66,3.75,4.17,0.21,5.75,0.64,5.74,0.21,36.82,0.01,C3'-endo
14,14,0.88,G,G,G,0,0,1,0,0,(,0,1,cWW,cW-W,5.11,2.79,1.14,1.32,3.69,4.99,4.98,3.33,BI,anti,A,4.61,4.63,2.75,3.66,3.13,3.65,3.89,4.27,6.24,5.89,0.67,5.57,0.48,41.20,0.39,C3'-endo
15,15,0.94,C,C,C,0,1,0,0,0,(,0,1,cWW,cW-W,5.12,3.05,1.01,1.43,3.73,4.68,5.33,3.42,BI,anti,A,4.52,4.64,2.97,3.61,3.17,3.68,4.05,4.15,0.04,5.86,0.63,5.66,0.36,37.19,0.26,C3'-endo
16,16,1.00,G,G,G,0,0,1,0,0,(,0,1,cWW,cW-W,5.70,2.74,0.72,1.44,,,,3.73,..,anti,-,,,,,,,,,0.05,5.88,0.59,5.70,0.33,34.77,0.25,C3'-endo
