index_chain,old_nt_resnum,nt_position,nt_name,nt_code,nt_align_code,is_A,is_C,is_G,is_U,is_other,dbn,paired,nb_interact,pair_type_LW,pair_type_DSSR,alpha,beta,gamma,delta,epsilon,zeta,epsilon_zeta,chi,bb_type,glyco_bond,form,ssZp,Dp,eta,theta,eta_prime,theta_prime,eta_base,theta_base,v0,v1,v2,v3,v4,amplitude,phase_angle,puckering
1,1,0.07,LCC,c,C,0,0,0,0,1,.,0,1,tWS,tW+m,,,0.93,1.22,3.55,5.04,4.78,3.43,BI,anti,A,4.37,4.70,,,,,,,6.12,5.64,1.11,5.12,0.81,69.53,0.41,C3'-endo
2,2,0.13,LCC,c,C,0,0,0,0,1,(,0,1,cWW,cW-W,5.16,2.89,0.90,1.22,3.35,5.05,4.59,3.33,BI,anti,A,4.66,4.77,2.89,3.49,3.12,3.48,4.10,3.75,6.25,5.65,1.01,5.25,0.70,61.66,0.35,C3'-endo
3,3,0.20,LCC,c,C,0,0,0,0,1,(,0,1,cWW,cW-W,5.13,3.11,1.01,1.14,3.67,5.11,4.84,3.42,BI,anti,A,4.45,4.76,3.11,3.68,3.22,3.73,3.64,4.09,0.08,5.57,1.02,5.29,0.57,60.21,0.24,C3'-endo
4,4,0.27,LCG,g,G,0,0,0,0,1,(,0,1,cWW,cW-W,5.21,3.01,0.81,1.26,3.58,4.81,5.06,3.47,BI,anti,A,4.42,4.74,2.93,3.39,3.10,3.46,3.67,3.97,0.07,5.54,1.06,5.26,0.62,62.86,0.25,C3'-endo
5,5,0.33,A,A,A,1,0,0,0,0,(,0,1,cWW,cW-W,5.25,2.90,0.92,1.43,3.61,5.09,4.81,3.44,BI,anti,A,4.50,4.74,3.00,3.84,3.16,3.85,3.83,4.33,0.19,5.66,0.80,5.59,0.32,45.79,0.08,C3'-endo
6,6,0.40,C,C,C,0,1,0,0,0,(,0,1,cWW,cW-W,5.23,2.82,1.05,1.37,3.48,5.16,4.61,3.48,BI,anti,A,4.29,4.64,3.00,3.76,3.34,3.73,4.16,4.03,0.08,5.79,0.69,5.63,0.36,40.13,0.20,C3'-endo
7,7,0.47,U,U,U,0,0,0,1,0,(,0,1,cWW,cW-W,5.11,3.13,0.91,1.33,3.70,5.11,4.87,3.51,BI,anti,A,3.92,4.57,3.01,3.78,3.20,3.81,3.73,4.28,0.10,5.72,0.77,5.55,0.39,44.84,0.19,C3'-endo
8,8,0.53,U,U,U,0,0,0,1,0,(,0,1,cWW,cW-W,5.01,2.97,0.90,1.29,3.67,5.08,4.88,3.54,BI,anti,A,4.36,4.71,2.72,3.71,2.95,3.73,3.67,4.25,6.28,5.81,0.74,5.53,0.47,44.66,0.32,C3'-endo
9,9,0.60,A,A,A,1,0,0,0,0,(,0,1,cWW,cW-W,5.16,2.97,0.96,1.41,3.58,5.02,4.84,3.42,BI,anti,A,4.46,4.66,2.95,3.64,3.19,3.61,3.97,3.98,0.04,5.80,0.72,5.57,0.43,42.72,0.27,C3'-endo
10,10,0.67,A,A,A,1,0,0,0,0,(,0,1,cWW,cW-W,4.97,3.05,0.93,1.36,3.63,5.08,4.83,3.39,BI,anti,A,4.56,4.73,2.84,3.71,3.01,3.73,3.65,4.14,0.08,5.72,0.81,5.51,0.42,47.60,0.22,C3'-endo
11,11,0.73,G,G,G,0,0,1,0,0,(,0,1,cWW,cW-W,5.15,2.91,1.07,1.37,3.56,5.02,4.83,3.45,BI,anti,A,4.45,4.67,3.03,3.67,3.31,3.65,3.99,4.01,0.13,5.67,0.82,5.51,0.39,47.83,0.16,C3'-endo
12,12,0.80,U,U,U,0,0,0,1,0,(,0,1,cWW,cW-W,5.17,3.08,0.84,1.32,3.70,5.06,4.93,3.48,BI,anti,A,4.27,4.64,2.95,3.73,3.14,3.76,3.73,4.29,0.11,5.73,0.76,5.58,0.37,44.04,0.17,C3'-endo
13,13,0.87,C,C,C,0,1,0,0,0,(,0,1,cWW,cW-W,5.21,2.94,0.88,1.40,3.63,5.12,4.79,3.45,BI,anti,A,4.51,4.77,2.84,3.80,3.10,3.76,3.93,4.04,0.09,5.75,0.76,5.57,0.40,44.45,0.21,C3'-endo
14,14,0.93,G,G,G,0,0,1,0,0,(,0,1,cWW,cW-W,5.17,3.01,0.98,1.28,3.57,5.03,4.82,3.33,BI,anti,.,4.57,4.62,3.00,3.85,3.24,3.74,3.81,4.02,6.25,5.81,0.78,5.47,0.52,47.51,0.36,C3'-endo
15,15,1.00,G,G,G,0,0,1,0,0,(,0,1,cWW,cW-W,2.65,3.23,3.21,1.59,,,,3.24,n/a,anti,-,,,,,,,,,0.11,5.78,0.70,5.66,0.33,40.64,0.15,C3'-endo
