index_chain,old_nt_resnum,nt_position,nt_name,nt_code,nt_align_code,is_A,is_C,is_G,is_U,is_other,dbn,paired,nb_interact,pair_type_LW,pair_type_DSSR,alpha,beta,gamma,delta,epsilon,zeta,epsilon_zeta,chi,bb_type,glyco_bond,form,ssZp,Dp,eta,theta,eta_prime,theta_prime,eta_base,theta_base,v0,v1,v2,v3,v4,amplitude,phase_angle,puckering
1,1,0.07,LCC,c,C,0,0,0,0,1,[,0,1,cWW,cW-W,,,0.95,1.18,3.19,5.09,4.39,3.47,BI,anti,.,4.49,4.66,,,,,,,6.23,5.64,0.99,5.24,0.72,60.95,0.37,C3'-endo
2,2,0.13,LCC,c,C,0,0,0,0,1,),0,1,cWW,cW-W,5.01,3.06,1.05,1.09,3.52,4.98,4.82,3.37,BI,anti,.,4.54,4.78,2.97,3.45,3.00,3.51,3.21,3.81,6.22,5.69,0.93,5.28,0.68,57.47,0.38,C3'-endo
3,3,0.20,LCC,c,C,0,0,0,0,1,),0,1,cWW,cW-W,5.28,3.03,0.97,1.20,3.43,5.18,4.54,3.35,BI,anti,A,4.60,4.72,3.07,3.60,3.24,3.61,3.69,3.90,0.12,5.54,1.01,5.33,0.52,59.08,0.19,C3'-endo
4,4,0.27,LCG,g,G,0,0,0,0,1,),0,1,cWW,cW-W,5.10,3.18,0.94,1.21,3.46,5.02,4.73,3.42,BI,anti,A,4.36,4.74,3.04,3.46,3.19,3.55,3.67,4.04,0.06,5.57,1.04,5.25,0.63,61.71,0.27,C3'-endo
5,5,0.33,A,A,A,1,0,0,0,0,),0,1,cWW,cW-W,5.08,3.03,0.93,1.36,3.63,5.12,4.80,3.44,BI,anti,A,4.48,4.81,2.97,3.79,3.13,3.82,3.76,4.30,0.10,5.72,0.80,5.54,0.40,46.66,0.19,C3'-endo
6,6,0.40,C,C,C,0,1,0,0,0,),0,1,cWW,cW-W,5.16,2.86,1.07,1.34,3.56,5.03,4.82,3.52,BI,anti,A,4.47,4.68,2.97,3.69,3.28,3.67,4.07,4.01,0.16,5.71,0.74,5.62,0.31,42.88,0.11,C3'-endo
7,7,0.47,U,U,U,0,0,0,1,0,),0,1,cWW,cW-W,5.18,3.08,0.89,1.42,3.59,5.11,4.76,3.49,BI,anti,A,4.16,4.62,2.99,3.81,3.20,3.83,3.79,4.39,0.14,5.68,0.80,5.54,0.37,46.38,0.15,C3'-endo
8,8,0.53,U,U,U,0,0,0,1,0,),0,1,cWW,cW-W,5.12,3.01,0.96,1.43,3.73,4.96,5.05,3.50,BI,anti,A,4.11,4.61,2.96,3.75,3.24,3.73,4.06,4.10,0.12,5.74,0.74,5.60,0.36,43.13,0.17,C3'-endo
9,9,0.60,A,A,A,1,0,0,0,0,),0,1,cWW,cW-W,5.04,3.09,0.84,1.30,3.72,4.91,5.10,3.51,BI,anti,A,4.31,4.72,2.74,3.53,2.90,3.59,3.50,4.06,0.00,5.82,0.73,5.54,0.46,44.07,0.32,C3'-endo
10,10,0.67,A,A,A,1,0,0,0,0,),0,1,cWW,cW-W,5.20,2.88,1.08,1.53,3.70,5.27,4.71,3.50,BI,anti,A,4.32,4.58,3.06,4.10,3.29,3.97,3.93,4.30,0.18,5.73,0.71,5.67,0.27,40.58,0.07,C3'-endo
11,11,0.73,G,G,G,0,0,1,0,0,),0,1,cWW,cW-W,4.79,3.01,1.14,1.31,3.47,4.95,4.80,3.38,BI,anti,A,4.59,4.67,2.70,3.40,3.10,3.41,3.87,3.85,0.11,5.66,0.87,5.47,0.45,51.00,0.20,C3'-endo
12,12,0.80,U,U,U,0,0,0,1,0,),0,1,cWW,cW-W,5.12,3.03,0.97,1.30,3.64,5.03,4.90,3.45,BI,anti,A,4.38,4.75,3.02,3.69,3.16,3.71,3.76,4.25,0.11,5.72,0.78,5.54,0.39,45.53,0.19,C3'-endo
13,13,0.87,C,C,C,0,1,0,0,0,),0,1,cWW,cW-W,5.25,2.83,0.95,1.46,3.68,5.21,4.75,3.53,BI,anti,A,4.32,4.66,2.99,3.94,3.25,3.87,4.04,4.15,0.13,5.72,0.77,5.58,0.36,44.94,0.15,C3'-endo
14,14,0.93,G,G,G,0,0,1,0,0,),0,1,cWW,cW-W,4.91,3.08,0.93,1.25,3.59,5.05,4.82,3.42,BI,anti,.,4.44,4.59,2.77,3.85,3.03,3.73,3.64,4.08,6.24,5.83,0.77,5.48,0.53,47.12,0.37,C3'-endo
15,15,1.00,G,G,G,0,0,1,0,0,),0,1,cWW,cW-W,2.62,3.19,3.29,1.56,,,,3.27,..,anti,-,,,,,,,,,0.23,5.74,0.63,5.77,0.18,36.28,6.24,C2'-exo
