index_chain,old_nt_resnum,nt_position,nt_name,nt_code,nt_align_code,is_A,is_C,is_G,is_U,is_other,dbn,paired,nb_interact,pair_type_LW,pair_type_DSSR,alpha,beta,gamma,delta,epsilon,zeta,epsilon_zeta,chi,bb_type,glyco_bond,form,ssZp,Dp,eta,theta,eta_prime,theta_prime,eta_base,theta_base,v0,v1,v2,v3,v4,amplitude,phase_angle,puckering
1,2,0.09,A,A,A,1,0,0,0,0,.,,0,,,,4.18,1.68,2.53,4.80,1.56,3.24,4.18,..,anti,.,0.52,0.64,,2.66,,1.95,,2.86,5.93,0.60,5.68,0.41,6.24,35.90,2.88,C2'-endo
2,3,0.18,A,A,A,1,0,0,0,0,.,,0,,,1.07,2.42,0.87,2.53,4.52,2.50,2.02,4.63,BII,anti,.,0.92,0.97,5.69,2.65,5.88,2.41,4.98,3.05,5.78,0.72,5.63,0.38,0.07,41.27,2.71,C2'-endo
3,4,0.27,A,A,A,1,0,0,0,0,.,,0,,,5.26,3.25,0.99,1.44,4.08,4.13,6.24,3.42,..,anti,.,4.50,4.75,4.28,3.79,3.99,3.88,4.14,4.46,0.05,5.84,0.64,5.66,0.36,37.75,0.25,C3'-endo
4,5,0.36,A,A,A,1,0,0,0,0,.,,0,,,1.10,2.59,0.79,2.60,4.15,5.02,5.41,3.64,..,anti,.,1.48,1.40,4.63,5.68,5.06,4.34,4.71,3.54,5.97,0.60,5.64,0.48,6.18,37.25,2.98,C2'-endo
5,6,0.45,A,A,A,1,0,0,0,0,.,11,1,tSS,tm+m,2.54,2.96,0.92,1.35,3.47,4.96,4.79,3.67,BI,anti,.,4.24,4.66,6.23,3.88,0.93,3.59,1.15,3.97,0.06,5.80,0.69,5.61,0.39,40.98,0.24,C3'-endo
6,7,0.55,A,A,A,1,0,0,0,0,.,,0,,,2.87,3.12,5.03,2.55,4.90,5.17,6.01,1.14,..,syn,.,0.02,0.39,5.49,5.14,5.46,5.14,5.07,5.63,5.93,0.60,5.68,0.42,6.24,35.82,2.89,C2'-endo
7,8,0.64,A,A,A,1,0,0,0,0,.,,0,,,5.19,3.97,1.00,2.44,4.56,4.86,5.99,4.09,..,anti,.,0.98,1.01,3.55,5.27,4.31,5.01,3.96,5.33,5.80,0.67,5.68,0.34,0.09,38.23,2.69,C2'-endo
8,9,0.73,A,A,A,1,0,0,0,0,.,,0,,,4.76,3.30,0.70,2.67,4.76,2.04,2.72,4.10,..,anti,.,-0.18,0.25,2.58,2.89,3.49,2.33,3.90,1.62,5.98,0.60,5.63,0.49,6.17,37.78,2.99,C2'-endo
9,10,0.82,A,A,A,1,0,0,0,0,.,,0,,,2.38,3.98,1.07,2.52,4.51,4.54,6.24,4.02,..,anti,.,0.99,0.99,2.06,5.11,2.02,4.17,1.53,3.51,5.90,0.61,5.68,0.40,6.27,36.06,2.84,C2'-endo
10,11,0.91,A,A,A,1,0,0,0,0,.,,0,,,3.38,2.88,0.91,2.66,4.05,4.70,5.63,4.41,..,anti,.,1.28,1.36,0.86,4.81,2.05,4.40,1.96,4.87,5.94,0.64,5.60,0.50,6.18,39.73,2.96,C2'-endo
11,12,1.00,G,G,G,0,0,1,0,0,.,5,1,tSS,tm+m,5.19,3.48,0.81,1.42,,,,3.87,n/a,anti,-,,,,,,,,,0.01,5.87,0.64,5.64,0.40,38.33,0.31,C3'-endo
