index_chain,old_nt_resnum,nt_position,nt_name,nt_code,nt_align_code,is_A,is_C,is_G,is_U,is_other,dbn,paired,nb_interact,pair_type_LW,pair_type_DSSR,alpha,beta,gamma,delta,epsilon,zeta,epsilon_zeta,chi,bb_type,glyco_bond,form,ssZp,Dp,eta,theta,eta_prime,theta_prime,eta_base,theta_base,v0,v1,v2,v3,v4,amplitude,phase_angle,puckering
1,1,0.01,G,G,G,0,0,1,0,0,(,73,1,cWW,cW-W,,,0.43,1.52,3.59,5.15,4.73,3.28,BI,anti,A,4.53,4.57,,,,,,,0.19,5.76,0.64,5.73,0.23,36.70,0.03,C3'-endo
2,2,0.03,U,U,U,0,0,0,1,0,(,72,1,cWW,cW-W,4.90,3.12,1.19,1.41,4.13,4.87,5.53,3.42,..,anti,.,4.31,4.58,3.11,3.92,3.34,3.95,3.79,4.71,6.22,5.93,0.61,5.62,0.46,38.16,0.41,C3'-endo
3,3,0.04,C,C,C,0,1,0,0,0,.,71,1,cWW,cW-W,5.08,2.69,1.04,1.33,3.56,5.12,4.72,3.57,BI,anti,A,4.34,4.62,2.62,3.73,2.99,3.66,4.07,3.92,6.27,5.85,0.69,5.57,0.46,42.06,0.34,C3'-endo
4,4,0.05,U,U,U,0,0,0,1,0,(,70,1,cWW,cW-W,4.96,2.99,1.23,1.33,4.01,4.78,5.51,3.51,BI,anti,A,4.23,4.64,3.06,3.64,3.25,3.67,3.74,4.17,6.21,5.91,0.65,5.58,0.49,40.74,0.42,C3'-endo
5,5,0.06,C,C,C,0,1,0,0,0,(,69,1,cWW,cW-W,5.08,2.49,1.38,1.38,3.75,4.94,5.10,3.45,BI,anti,A,4.30,4.47,2.94,3.70,3.23,3.62,3.94,3.98,6.20,5.95,0.59,5.63,0.47,37.73,0.45,C3'-endo
6,6,0.08,C,C,C,0,1,0,0,0,(,68,1,cWW,cW-W,5.15,3.04,0.87,1.38,3.24,4.98,4.55,3.68,BI,anti,A,4.05,4.34,2.87,3.81,3.12,3.77,3.74,4.01,6.25,5.90,0.62,5.63,0.43,38.20,0.37,C3'-endo
7,7,0.09,G,G,G,0,0,1,0,0,(,67,1,cWW,cW-W,2.68,3.32,3.39,2.59,4.80,5.57,5.52,3.61,..,anti,.,0.76,0.85,4.05,5.17,4.00,5.35,4.24,5.90,6.05,0.55,5.64,0.53,6.09,36.68,3.11,C2'-endo
8,8,0.10,U,U,U,0,0,0,1,0,.,"14,22",2,"tWH,tSW","tW-M,tm+W",4.68,3.66,1.42,1.36,3.92,4.75,5.45,3.61,BI,anti,.,4.09,4.67,2.97,3.26,3.63,3.28,3.76,2.97,6.27,5.88,0.64,5.62,0.43,39.05,0.34,C3'-endo
9,9,0.12,A,A,A,1,0,0,0,0,.,,0,,,3.55,1.70,3.34,2.47,4.74,4.86,6.17,4.21,..,anti,.,0.66,0.91,4.12,4.72,3.55,4.40,2.93,4.72,5.93,0.60,5.69,0.41,6.24,35.42,2.88,C2'-endo
10,10,0.13,G,G,G,0,0,1,0,0,(,"26,46",2,"cWW,cHS","cW-W,cM+m",3.05,3.80,1.20,1.47,3.67,5.07,4.88,3.13,BI,anti,A,4.52,4.57,0.96,3.90,1.93,3.94,2.59,4.35,0.07,5.83,0.64,5.67,0.35,37.48,0.22,C3'-endo
11,11,0.14,U,U,U,0,0,0,1,0,(,25,1,cWW,cW-W,4.96,3.26,0.97,1.39,3.69,5.07,4.90,3.46,BI,anti,A,4.44,4.63,2.96,3.76,3.17,3.78,3.83,4.20,0.06,5.82,0.67,5.63,0.38,39.75,0.24,C3'-endo
12,12,0.16,G,G,G,0,0,1,0,0,(,24,1,cWW,cW-W,5.04,2.97,1.06,1.39,3.42,5.97,3.73,3.54,BI,anti,.,4.32,4.48,2.87,4.34,3.15,4.10,3.83,4.45,6.25,5.89,0.64,5.60,0.45,39.63,0.37,C3'-endo
13,13,0.17,U,U,U,0,0,0,1,0,.,"23,47",2,"cWW,t.W","cW-W,t.+W",3.49,2.26,2.88,1.50,3.49,5.04,4.73,3.32,BI,anti,.,4.28,4.32,3.23,3.27,3.44,3.26,4.14,3.51,6.27,5.93,0.55,5.71,0.37,33.70,0.34,C3'-endo
14,14,0.18,A,A,A,1,0,0,0,0,.,"8,22",2,"tHW,cWS","tM-W,cW-m",2.22,3.08,3.61,1.53,4.10,5.34,5.04,3.19,..,anti,.,4.64,4.68,2.84,3.68,2.98,3.92,3.39,4.97,0.15,5.80,0.61,5.74,0.25,35.29,0.09,C3'-endo
15,15,0.19,G,G,G,0,0,1,0,0,.,"20,49",2,"cSH,tWW","cm+M,tW+W",5.15,3.00,0.89,1.38,3.85,3.44,0.41,3.60,..,anti,.,4.17,4.68,2.74,2.61,3.27,2.23,4.58,0.70,0.01,5.86,0.66,5.61,0.42,39.63,0.32,C3'-endo
16,16,0.21,C,C,C,0,1,0,0,0,.,,0,,,2.37,3.36,0.99,1.43,,,,6.22,..,syn,-,,,,,,,,,6.23,5.93,0.60,5.64,0.44,37.15,0.41,C3'-endo
17,not resolved,0.22,-,-,-,0,0,0,0,1,,,0,,,,,,,,,,,,,,,,,,,,,,,,,,,,,
18,18,0.23,G,G,G,0,0,1,0,0,.,56,1,tWS,tW+m,,1.59,2.88,2.62,3.64,4.31,5.61,4.18,BI,anti,.,1.82,1.83,,2.35,,3.17,,3.74,5.96,0.63,5.60,0.51,6.16,39.45,2.99,C2'-endo
19,19,0.25,G,G,G,0,0,1,0,0,{,57,1,cWW,cW-W,4.72,3.74,1.23,2.61,5.00,4.26,0.74,4.93,..,anti,.,-0.05,0.09,3.80,6.00,4.05,5.65,4.28,1.09,5.95,0.63,5.62,0.49,6.18,38.70,2.96,C2'-endo
20,20,0.26,U,U,U,0,0,0,1,0,.,"15,49",2,"cHS,t.W","cM+m,t.+W",0.84,1.96,0.57,1.36,3.84,5.33,4.78,1.15,BI,syn,.,-1.80,4.08,3.19,4.69,3.89,3.74,2.99,3.25,5.95,6.18,0.47,5.60,0.64,39.78,0.82,C4'-exo
21,20A,0.27,U,U,U,0,0,0,1,0,.,,0,,,2.74,2.49,0.88,2.38,3.65,0.20,3.45,5.30,..,anti,.,0.95,2.02,6.08,6.08,0.76,5.32,6.18,3.28,5.85,0.63,5.70,0.34,0.06,36.26,2.73,C2'-endo
22,21,0.29,A,A,A,1,0,0,0,0,.,"8,14",2,"tWS,cSW","tW+m,cm-W",4.71,4.22,1.54,1.49,4.11,3.42,0.69,3.10,BII,anti,.,4.68,4.68,4.21,2.81,5.06,2.94,1.12,2.96,0.09,5.82,0.63,5.69,0.32,36.84,0.18,C3'-endo
23,22,0.30,U,U,U,0,0,0,1,0,.,"13,47",2,"cWW,tHW","cW-W,tM-W",5.40,2.42,0.86,1.39,3.81,5.03,5.06,3.30,BI,anti,A,4.57,4.64,3.26,3.94,3.12,3.87,2.85,4.32,0.03,5.84,0.66,5.62,0.40,39.46,0.28,C3'-endo
24,23,0.31,C,C,C,0,1,0,0,0,),12,1,cWW,cW-W,5.12,3.03,0.90,1.31,3.74,4.91,5.11,3.47,BI,anti,A,4.48,4.72,2.85,3.59,3.08,3.64,3.87,4.11,0.03,5.81,0.72,5.57,0.44,42.76,0.29,C3'-endo
25,24,0.32,A,A,A,1,0,0,0,0,),11,1,cWW,cW-W,5.22,2.84,1.00,1.34,3.88,5.03,5.14,3.39,BI,anti,A,4.58,4.77,2.94,3.87,3.15,3.87,3.82,4.39,0.07,5.79,0.70,5.60,0.39,41.44,0.23,C3'-endo
26,25,0.34,C,C,C,0,1,0,0,0,),10,1,cWW,cW-W,5.07,2.80,1.20,1.28,3.81,5.14,4.95,3.30,BI,anti,.,4.70,4.74,2.86,3.87,3.17,3.87,4.04,4.57,6.28,5.82,0.73,5.54,0.47,43.89,0.33,C3'-endo
27,26,0.35,G,G,G,0,0,1,0,0,.,45,1,cWW,cW-W,5.08,2.97,1.09,1.33,3.81,5.13,4.97,3.19,BI,anti,A,4.79,4.76,2.91,3.88,3.22,3.91,4.31,4.53,0.09,5.77,0.72,5.59,0.38,42.26,0.21,C3'-endo
28,27,0.36,U,U,U,0,0,0,1,0,(,44,1,cWW,cW-W,5.22,3.12,0.86,1.30,3.93,4.76,5.45,3.36,BI,anti,A,4.63,4.81,2.98,3.64,3.23,3.75,4.14,4.28,0.10,5.74,0.75,5.57,0.38,43.83,0.19,C3'-endo
29,28,0.38,U,U,U,0,0,0,1,0,(,43,1,cWW,cW-W,5.45,2.81,0.86,1.36,3.75,5.09,4.94,3.35,BI,anti,A,4.63,4.73,2.99,3.85,3.19,3.84,3.90,4.23,0.11,5.77,0.70,5.62,0.35,40.93,0.18,C3'-endo
30,29,0.39,C,C,C,0,1,0,0,0,(,42,1,cWW,cW-W,5.21,3.14,0.77,1.25,3.66,5.08,4.86,3.41,BI,anti,A,4.56,4.70,2.84,3.60,3.04,3.68,3.74,4.09,0.04,5.79,0.74,5.55,0.43,43.80,0.27,C3'-endo
31,30,0.40,G,G,G,0,0,1,0,0,(,"41,0",2,"cWW,tSS","cW-W,tm+m",5.20,3.10,0.97,1.31,3.33,5.07,4.54,3.37,BI,anti,A,4.50,4.51,3.03,3.90,3.24,3.82,3.83,4.33,0.01,5.85,0.67,5.60,0.43,40.23,0.32,C3'-endo
32,31,0.42,C,C,C,0,1,0,0,0,(,40,1,cWW,cW-W,2.94,3.45,2.86,1.52,4.25,4.98,5.55,3.21,..,anti,.,4.60,4.71,3.04,3.85,3.27,3.91,4.08,4.69,0.19,5.75,0.66,5.72,0.24,37.72,0.04,C3'-endo
33,32,0.43,C,C,C,0,1,0,0,0,.,39,1,cWW,cW-W,5.30,2.78,0.91,1.41,4.31,5.07,5.52,3.49,..,anti,.,4.11,4.62,2.91,4.29,3.29,4.31,4.33,4.98,6.25,5.90,0.63,5.62,0.44,38.77,0.37,C3'-endo
34,33,0.44,U,U,U,0,0,0,1,0,.,37,1,tWH,tW-M,5.07,2.89,0.96,1.29,4.01,5.13,5.17,3.48,BI,anti,.,4.38,4.75,2.62,4.33,3.03,3.59,4.03,2.45,6.28,5.84,0.69,5.57,0.45,41.91,0.33,C3'-endo
35,34,0.45,A,A,A,1,0,0,0,0,[,0,1,cWW,cW-W,3.15,2.88,0.51,1.64,4.04,5.03,5.29,3.26,..,anti,A,4.63,4.72,0.38,4.12,0.82,4.12,0.39,4.49,0.32,5.71,0.60,5.85,0.08,34.95,6.08,C2'-exo
36,35,0.47,A,A,A,1,0,0,0,0,[,0,1,cWW,cW-W,4.83,2.79,1.23,1.39,3.94,4.78,5.44,3.31,BI,anti,A,4.61,4.72,2.78,3.69,3.13,3.68,3.84,4.00,0.03,5.84,0.66,5.62,0.40,39.32,0.29,C3'-endo
37,36,0.48,C,C,C,0,1,0,0,0,[,"34,0",2,"tHW,cWW","tM-W,cW-W",5.23,2.75,0.95,1.31,3.64,5.24,4.68,3.43,BI,anti,.,4.50,4.64,2.82,3.89,3.05,3.89,3.65,4.51,6.26,5.85,0.70,5.55,0.47,42.74,0.35,C3'-endo
38,37,0.49,A,A,A,1,0,0,0,0,.,,0,,,4.94,3.12,1.10,1.36,3.94,5.06,5.16,3.26,BI,anti,.,4.73,4.77,2.95,3.93,3.24,4.00,4.18,4.81,0.04,5.81,0.69,5.60,0.40,40.87,0.26,C3'-endo
39,38,0.51,C,C,C,0,1,0,0,0,.,33,1,cWW,cW-W,5.11,2.84,1.13,1.37,3.98,5.22,5.04,3.32,BI,anti,.,4.63,4.73,2.90,4.16,3.25,4.22,4.39,5.00,0.04,5.82,0.69,5.60,0.40,40.93,0.26,C3'-endo
40,39,0.52,G,G,G,0,0,1,0,0,),32,1,cWW,cW-W,5.16,2.91,1.05,1.38,3.78,4.98,5.08,3.21,BI,anti,A,4.69,4.72,2.88,3.77,3.36,3.77,4.62,4.17,0.12,5.76,0.71,5.62,0.34,41.27,0.16,C3'-endo
41,40,0.53,C,C,C,0,1,0,0,0,),31,1,cWW,cW-W,5.23,3.07,0.84,1.35,3.68,5.10,4.86,3.45,BI,anti,A,4.52,4.70,2.92,3.74,3.12,3.76,3.80,4.12,0.09,5.77,0.71,5.61,0.37,41.48,0.20,C3'-endo
42,41,0.55,G,G,G,0,0,1,0,0,),"30,0",2,"cWW,cSS","cW-W,cm-m",5.07,3.06,1.04,1.36,3.52,5.55,4.25,3.42,BI,anti,A,4.50,4.58,2.93,4.06,3.18,3.84,3.79,4.27,0.01,5.85,0.68,5.59,0.43,40.78,0.32,C3'-endo
43,42,0.56,A,A,A,1,0,0,0,0,),29,1,cWW,cW-W,3.44,2.42,2.66,1.49,4.13,4.92,5.50,3.21,..,anti,A,4.82,4.88,2.85,3.34,3.06,3.46,3.85,3.91,0.33,5.65,0.68,5.78,0.11,39.36,6.12,C2'-exo
44,43,0.57,A,A,A,1,0,0,0,0,),28,1,cWW,cW-W,5.11,2.63,1.30,1.32,4.01,4.58,5.71,3.17,..,anti,A,4.79,4.79,2.94,3.55,3.26,3.57,3.93,3.96,0.05,5.80,0.71,5.58,0.41,41.94,0.26,C3'-endo
45,44,0.58,A,A,A,1,0,0,0,0,.,27,1,cWW,cW-W,5.39,2.53,1.07,1.41,4.04,4.90,5.43,3.34,..,anti,.,4.54,4.71,3.07,4.01,3.27,3.99,3.85,4.79,0.05,5.83,0.65,5.64,0.37,38.61,0.25,C3'-endo
46,45,0.60,G,G,G,0,0,1,0,0,.,10,1,cSH,cm+M,5.36,2.77,0.80,1.45,4.91,3.75,1.16,3.51,..,anti,.,3.76,4.66,3.13,3.84,3.38,3.88,4.42,3.92,0.11,5.79,0.68,5.65,0.33,39.26,0.17,C3'-endo
47,46,0.61,G,G,G,0,0,1,0,0,.,"13,23",2,"tW.,tWH","tW+.,tW-M",0.98,4.42,4.46,2.68,4.61,5.12,5.77,4.21,..,anti,.,0.53,1.44,4.39,4.76,4.21,4.32,4.02,3.89,0.01,0.36,5.71,0.60,5.90,34.80,3.49,C3'-exo
48,47,0.62,U,U,U,0,0,0,1,0,.,,0,,,1.91,3.28,0.28,2.58,4.34,5.32,5.30,4.02,..,anti,.,1.20,1.18,5.27,5.40,0.07,4.89,0.56,4.33,5.91,0.64,5.63,0.46,6.22,38.75,2.90,C2'-endo
49,48,0.64,C,C,C,0,1,0,0,0,.,"15,20",2,"tWW,tW.","tW+W,tW+.",4.88,3.32,2.86,2.65,3.54,1.84,1.70,3.84,..,anti,.,1.80,1.89,4.63,1.08,5.88,0.26,0.30,4.28,6.03,0.58,5.61,0.54,6.09,38.34,3.10,C2'-endo
50,49,0.65,C,C,C,0,1,0,0,0,(,66,1,cWW,cW-W,5.67,3.46,1.92,1.38,4.05,4.96,5.38,3.33,..,anti,A,4.56,4.71,5.33,3.93,5.70,3.94,1.87,4.54,0.05,5.83,0.66,5.63,0.38,39.13,0.25,C3'-endo
51,50,0.66,U,U,U,0,0,0,1,0,(,65,1,cWW,cW-W,5.38,3.14,0.53,1.48,3.75,4.83,5.20,3.48,BI,anti,A,4.37,4.64,2.86,3.57,3.11,3.63,3.97,3.87,0.17,5.77,0.65,5.71,0.26,37.24,0.07,C3'-endo
52,51,0.68,C,C,C,0,1,0,0,0,(,64,1,cWW,cW-W,5.13,2.75,1.10,1.31,3.71,5.07,4.92,3.43,BI,anti,A,4.53,4.70,2.88,3.76,3.09,3.71,3.52,4.16,0.05,5.80,0.71,5.58,0.41,42.31,0.26,C3'-endo
53,52,0.69,G,G,G,0,0,1,0,0,(,63,1,cWW,cW-W,4.94,3.01,1.11,1.35,3.56,5.14,4.70,3.33,BI,anti,A,4.63,4.65,2.81,3.72,3.06,3.72,3.86,4.10,0.05,5.80,0.71,5.58,0.41,42.09,0.26,C3'-endo
54,53,0.70,G,G,G,0,0,1,0,0,(,62,1,cWW,cW-W,4.96,3.05,1.28,1.39,3.71,5.02,4.97,3.29,BI,anti,A,4.47,4.52,3.11,3.72,3.35,3.72,3.99,4.15,6.25,5.90,0.62,5.63,0.44,38.23,0.37,C3'-endo
55,54,0.71,U,U,U,0,0,0,1,0,.,59,1,tWH,tW-M,5.06,2.95,1.08,1.43,4.13,5.07,5.34,3.50,..,anti,.,4.10,4.51,3.06,4.16,3.27,4.20,3.87,5.10,6.20,5.96,0.58,5.64,0.46,37.02,0.45,C3'-endo
56,55,0.73,U,U,U,0,0,0,1,0,.,18,1,tSW,tm+W,5.14,2.81,0.95,1.33,4.07,5.26,5.10,3.79,..,anti,.,3.51,4.67,2.74,4.47,3.15,3.69,4.31,2.66,6.26,5.88,0.66,5.59,0.45,40.21,0.36,C3'-endo
57,56,0.74,C,C,C,0,1,0,0,0,},19,1,cWW,cW-W,3.10,2.65,0.76,1.52,3.92,5.18,5.03,3.26,BI,anti,A,4.54,4.58,0.35,4.23,0.87,4.20,0.57,4.73,0.09,5.84,0.60,5.71,0.31,35.10,0.19,C3'-endo
58,57,0.75,G,G,G,0,0,1,0,0,.,,0,,,4.90,2.99,1.22,1.42,3.82,4.50,5.60,3.39,BI,anti,.,4.33,4.45,2.91,3.99,3.30,4.08,4.20,4.20,6.17,5.98,0.58,5.62,0.49,37.64,0.49,C3'-endo
59,58,0.77,A,A,A,1,0,0,0,0,.,55,1,tHW,tM-W,1.21,2.52,5.76,2.58,4.57,3.04,1.53,4.78,BII,anti,.,0.54,0.83,3.73,3.47,4.02,2.86,4.09,2.34,5.97,0.61,5.63,0.49,6.17,37.85,2.98,C2'-endo
60,59,0.78,A,A,A,1,0,0,0,0,.,,0,,,1.60,3.71,1.32,1.48,3.85,5.00,5.13,3.19,BI,anti,B,4.24,4.28,0.90,3.99,0.93,4.14,1.03,5.05,6.12,6.06,0.51,5.67,0.49,34.89,0.59,C3'-endo
61,60,0.79,A,A,A,1,0,0,0,0,.,,0,,,5.05,2.95,1.21,2.31,3.96,5.38,4.86,4.06,BI,anti,.,2.16,2.18,3.05,5.31,3.64,4.90,4.70,5.50,5.91,0.54,5.78,0.31,0.04,31.16,2.75,C2'-endo
62,61,0.81,C,C,C,0,1,0,0,0,),54,1,cWW,cW-W,4.40,3.73,0.65,1.44,3.78,4.99,5.07,3.24,BI,anti,A,4.68,4.71,2.29,3.72,2.95,3.88,3.71,4.34,0.21,5.71,0.70,5.69,0.25,40.13,0.03,C3'-endo
63,62,0.82,C,C,C,0,1,0,0,0,),53,1,cWW,cW-W,5.24,3.01,0.98,1.41,3.57,4.97,4.88,3.35,BI,anti,A,4.41,4.49,3.06,4.07,3.33,3.86,3.91,4.26,0.03,5.86,0.63,5.65,0.38,37.50,0.28,C3'-endo
64,63,0.83,G,G,G,0,0,1,0,0,),52,1,cWW,cW-W,2.82,3.24,2.80,1.53,4.50,4.66,6.12,3.19,..,anti,A,4.67,4.80,2.75,3.53,2.95,3.58,3.66,3.67,0.25,5.72,0.64,5.77,0.17,36.59,6.21,C2'-exo
65,64,0.84,G,G,G,0,0,1,0,0,),51,1,cWW,cW-W,5.06,2.13,1.71,1.33,3.63,5.19,4.73,2.99,BI,anti,.,4.04,4.22,2.91,4.20,3.28,3.86,3.59,4.58,6.00,6.11,0.54,5.57,0.63,40.93,0.72,C4'-exo
66,65,0.86,G,G,G,0,0,1,0,0,),50,1,cWW,cW-W,2.45,3.02,3.24,1.65,4.15,4.88,5.55,3.05,..,anti,A,4.69,4.72,2.70,3.45,3.01,3.63,4.19,4.22,0.31,5.71,0.61,5.83,0.09,35.53,6.10,C2'-exo
67,66,0.87,C,C,C,0,1,0,0,0,),7,1,cWW,cW-W,5.28,2.84,0.87,1.42,3.52,5.06,4.74,3.44,BI,anti,.,4.40,4.48,2.81,4.21,3.18,3.94,3.96,4.21,0.01,5.88,0.61,5.66,0.39,36.93,0.31,C3'-endo
68,67,0.88,G,G,G,0,0,1,0,0,),6,1,cWW,cW-W,2.16,3.28,3.53,1.50,3.80,5.23,4.86,3.25,BI,anti,A,4.67,4.70,2.80,3.37,3.01,3.53,3.68,4.06,0.20,5.75,0.65,5.73,0.22,37.30,0.02,C3'-endo
69,68,0.90,G,G,G,0,0,1,0,0,),5,1,cWW,cW-W,5.09,3.12,0.94,1.28,3.55,5.12,4.71,3.37,BI,anti,A,4.52,4.58,2.85,3.60,3.18,3.66,3.93,4.17,6.20,5.90,0.68,5.54,0.52,43.13,0.43,C3'-endo
70,69,0.91,A,A,A,1,0,0,0,0,),4,1,cWW,cW-W,5.05,3.06,1.13,1.36,3.32,4.88,4.72,3.44,BI,anti,A,4.36,4.41,3.03,3.76,3.30,3.60,4.01,3.85,6.25,5.89,0.64,5.60,0.45,39.43,0.38,C3'-endo
71,70,0.92,A,A,A,1,0,0,0,0,.,3,1,cWW,cW-W,2.90,3.42,2.81,1.48,4.04,4.90,5.42,3.24,..,anti,A,4.74,4.80,2.86,3.58,3.03,3.63,3.57,4.22,0.21,5.71,0.69,5.70,0.24,39.40,0.02,C3'-endo
72,71,0.94,A,A,A,1,0,0,0,0,),2,1,cWW,cW-W,5.15,2.76,1.17,1.48,3.83,4.95,5.16,3.36,BI,anti,.,4.42,4.54,2.99,4.35,3.32,4.05,4.15,4.33,0.03,5.88,0.60,5.68,0.36,35.63,0.29,C3'-endo
73,72,0.95,C,C,C,0,1,0,0,0,),1,1,cWW,cW-W,1.67,3.33,4.00,1.55,4.13,5.10,5.31,3.51,..,anti,.,4.26,4.73,2.77,3.47,2.97,3.70,3.65,4.56,0.21,5.77,0.61,5.77,0.19,34.96,6.27,C2'-exo
74,73,0.96,A,A,A,1,0,0,0,0,.,,0,,,5.20,2.89,0.89,1.39,3.65,2.40,1.24,3.73,..,anti,.,3.94,4.61,2.75,1.01,3.19,1.06,4.20,1.55,6.27,5.87,0.66,5.59,0.45,40.40,0.34,C3'-endo
75,74,0.97,C,C,C,0,1,0,0,0,{,0,1,cWW,cW-W,4.84,2.42,0.87,1.49,3.63,4.32,5.60,3.17,BI,anti,A,4.50,4.53,2.74,3.99,3.12,3.93,3.24,4.04,0.02,5.87,0.62,5.66,0.39,37.12,0.30,C3'-endo
76,75,0.99,C,C,C,0,1,0,0,0,{,0,1,cWW,cW-W,1.07,2.19,5.66,1.71,4.03,5.63,4.68,4.11,..,anti,B,2.53,4.49,3.10,4.20,3.18,4.01,3.45,4.12,0.15,5.88,0.48,5.87,0.17,27.74,0.02,C3'-endo
77,76,1.00,A,A,A,1,0,0,0,0,.,,0,,,4.12,1.44,2.67,1.60,,,,4.11,n/a,anti,-,,,,,,,,,0.21,5.78,0.59,5.80,0.18,33.56,6.26,C2'-exo
