index_chain,old_nt_resnum,nt_position,nt_name,nt_code,nt_align_code,is_A,is_C,is_G,is_U,is_other,dbn,paired,nb_interact,pair_type_LW,pair_type_DSSR,alpha,beta,gamma,delta,epsilon,zeta,epsilon_zeta,chi,bb_type,glyco_bond,form,ssZp,Dp,eta,theta,eta_prime,theta_prime,eta_base,theta_base,v0,v1,v2,v3,v4,amplitude,phase_angle,puckering
1,1,0.01,G,G,G,0,0,1,0,0,(,72,1,cWW,cW-W,,,0.22,1.58,3.93,4.95,5.26,3.20,BI,anti,A,4.78,4.80,,,,,,,0.38,5.63,0.65,5.83,0.05,38.78,6.02,C2'-exo
2,2,0.03,C,C,C,0,1,0,0,0,(,71,1,cWW,cW-W,5.39,3.04,0.68,1.34,3.70,4.94,5.05,3.54,BI,anti,A,4.35,4.71,2.91,3.58,3.16,3.63,3.71,3.87,0.09,5.78,0.70,5.62,0.36,40.90,0.20,C3'-endo
3,3,0.04,C,C,C,0,1,0,0,0,(,70,1,cWW,cW-W,5.26,2.88,0.90,1.28,3.72,5.03,4.97,3.55,BI,anti,A,4.32,4.72,2.90,3.70,3.08,3.74,3.50,4.38,0.04,5.79,0.73,5.56,0.43,43.46,0.27,C3'-endo
4,4,0.05,C,C,C,0,1,0,0,0,(,69,1,cWW,cW-W,5.29,2.93,0.93,1.36,3.35,4.81,4.82,3.55,BI,anti,A,4.33,4.54,2.98,3.81,3.27,3.70,4.16,3.89,0.12,5.77,0.69,5.64,0.33,40.26,0.16,C3'-endo
5,5,0.07,G,G,G,0,0,1,0,0,.,68,1,cWW,cW-W,2.95,3.67,2.71,1.44,4.05,4.98,5.35,3.16,..,anti,A,4.63,4.68,2.91,3.76,3.13,3.87,3.58,4.12,0.10,5.82,0.64,5.68,0.32,37.35,0.18,C3'-endo
6,6,0.08,G,G,G,0,0,1,0,0,(,67,1,cWW,cW-W,5.39,3.26,0.73,2.43,3.41,4.62,5.08,4.05,BI,anti,.,2.05,2.13,2.94,4.08,3.46,3.91,3.91,4.50,5.89,0.62,5.68,0.39,6.28,36.31,2.82,C2'-endo
7,7,0.09,A,A,A,1,0,0,0,0,(,66,1,cWW,cW-W,5.31,3.15,0.74,2.18,4.59,5.27,5.60,4.30,..,anti,.,1.05,1.31,3.41,5.28,3.70,5.17,4.37,6.09,5.74,0.62,5.82,0.17,0.23,35.13,2.43,C1'-exo
8,8,0.11,U,U,U,0,0,0,1,0,.,14,1,tHH,tM+M,5.38,3.38,0.60,1.43,4.03,3.55,0.49,0.82,..,syn,.,-2.89,4.20,2.85,3.00,3.50,3.37,3.79,2.82,6.02,6.13,0.48,5.63,0.58,37.32,0.74,C4'-exo
9,9,0.12,A,A,A,1,0,0,0,0,.,,0,,,0.90,2.46,5.47,2.54,4.76,4.60,0.15,5.26,..,anti,.,0.24,0.58,3.57,5.28,3.37,4.43,2.55,4.70,5.89,0.67,5.61,0.46,6.24,39.70,2.88,C2'-endo
10,10,0.13,G,G,G,0,0,1,0,0,(,"25,45",2,"cWW,cHS","cW-W,cM+m",3.49,3.08,0.80,1.56,3.86,5.11,5.03,3.11,BI,anti,A,4.69,4.72,0.86,4.07,1.91,4.08,2.50,4.28,0.28,5.69,0.66,5.77,0.15,38.01,6.18,C2'-exo
11,11,0.14,C,C,C,0,1,0,0,0,(,24,1,cWW,cW-W,4.98,3.10,1.11,1.36,3.53,5.13,4.68,3.51,BI,anti,A,4.30,4.45,2.90,3.70,3.23,3.69,3.75,4.14,6.17,5.96,0.61,5.59,0.51,39.59,0.49,C3'-endo
12,12,0.16,U,U,U,0,0,0,1,0,(,23,1,cWW,cW-W,4.84,3.07,1.19,1.36,3.01,0.53,2.47,3.64,..,anti,.,4.04,4.17,2.86,4.58,3.18,4.12,3.89,4.53,6.17,5.97,0.60,5.60,0.50,38.77,0.49,C3'-endo
13,13,0.17,C,C,C,0,1,0,0,0,(,22,1,cWW,cW-W,3.26,1.56,2.80,1.50,3.36,5.05,4.58,3.30,BI,anti,.,4.35,4.36,3.04,2.88,3.18,3.04,3.95,3.27,0.04,5.88,0.59,5.70,0.34,35.11,0.26,C3'-endo
14,14,0.18,A,A,A,1,0,0,0,0,.,"8,21",2,"tHH,cWS","tM+M,cW-m",2.27,2.92,3.75,1.59,4.04,5.44,4.89,3.12,..,anti,.,4.74,4.76,2.97,3.73,3.05,4.00,3.42,5.05,0.30,5.68,0.66,5.78,0.13,38.09,6.15,C2'-exo
15,15,0.20,G,G,G,0,0,1,0,0,.,48,1,tWW,tW+W,5.01,3.04,1.04,1.40,4.24,3.50,0.74,3.51,..,anti,.,4.19,4.72,2.88,3.02,3.42,2.60,4.70,1.04,0.02,5.85,0.66,5.62,0.41,39.42,0.29,C3'-endo
16,16,0.21,C,C,C,0,1,0,0,0,.,,0,,,2.03,3.35,1.05,1.45,,,,6.16,..,syn,-,,,,,,,,,6.26,5.92,0.59,5.66,0.41,36.14,0.36,C3'-endo
17,not resolved,0.22,-,-,-,0,0,0,0,1,,,0,,,,,,,,,,,,,,,,,,,,,,,,,,,,,
18,18,0.24,U,U,U,0,0,0,1,0,.,,0,,,,2.64,3.12,2.59,3.92,4.57,5.64,4.05,BI,anti,.,1.60,1.62,,3.35,,3.65,,4.07,5.97,0.60,5.63,0.49,6.17,37.66,2.98,C2'-endo
19,19,0.25,G,G,G,0,0,1,0,0,[,56,1,cWW,cW-W,4.95,3.51,0.81,2.42,,,,5.02,..,anti,-,,,,,,,,,5.87,0.64,5.68,0.39,0.01,36.94,2.79,C2'-endo
20,20,0.26,U,U,U,0,0,0,1,0,.,,0,,,,3.27,0.92,2.38,3.49,0.49,3.01,5.20,..,anti,.,1.43,2.06,,6.07,,5.46,,2.48,5.81,0.68,5.66,0.36,0.07,38.92,2.71,C2'-endo
21,21,0.28,A,A,A,1,0,0,0,0,.,14,1,cSW,cm-W,4.54,4.36,1.30,1.49,4.09,3.56,0.53,3.16,..,anti,.,4.59,4.62,4.10,2.86,4.90,3.02,1.86,3.09,0.07,5.85,0.62,5.69,0.33,36.18,0.22,C3'-endo
22,22,0.29,G,G,G,0,0,1,0,0,),"13,46",2,"cWW,tHW","cW-W,tM-W",5.19,2.49,0.95,1.40,3.74,4.96,5.06,3.24,BI,anti,A,4.66,4.68,3.14,3.83,3.03,3.77,2.85,4.03,0.10,5.79,0.68,5.64,0.34,39.62,0.18,C3'-endo
23,23,0.30,A,A,A,1,0,0,0,0,),12,1,cWW,cW-W,5.16,3.02,0.97,1.38,4.11,4.77,5.62,3.45,..,anti,A,4.37,4.75,3.07,3.78,3.23,3.81,3.75,4.20,0.05,5.82,0.67,5.63,0.38,39.49,0.25,C3'-endo
24,24,0.32,G,G,G,0,0,1,0,0,),11,1,cWW,cW-W,5.06,2.62,1.19,1.36,3.64,5.14,4.78,3.42,BI,anti,A,4.46,4.56,2.75,3.80,3.05,3.68,3.69,4.09,6.22,5.92,0.63,5.60,0.48,39.68,0.42,C3'-endo
25,25,0.33,C,C,C,0,1,0,0,0,),10,1,cWW,cW-W,4.56,2.80,1.65,1.37,3.82,5.27,4.84,3.37,BI,anti,.,4.50,4.61,2.89,3.99,3.17,3.94,3.91,4.72,6.24,5.89,0.64,5.60,0.46,39.70,0.38,C3'-endo
26,26,0.34,A,A,A,1,0,0,0,0,.,44,1,cWW,cW-W,4.67,3.02,1.30,1.40,3.76,5.27,4.78,3.23,BI,anti,.,4.62,4.63,2.74,4.04,3.16,4.03,4.34,4.61,0.02,5.86,0.65,5.62,0.41,39.00,0.30,C3'-endo
27,27,0.36,U,U,U,0,0,0,1,0,(,43,1,cWW,cW-W,4.98,3.30,0.93,1.40,3.86,5.04,5.11,3.36,BI,anti,A,4.50,4.61,2.96,3.82,3.26,3.85,4.15,4.40,6.26,5.89,0.63,5.63,0.43,38.40,0.35,C3'-endo
28,28,0.37,C,C,C,0,1,0,0,0,(,42,1,cWW,cW-W,4.69,2.77,1.50,1.36,3.42,5.15,4.55,3.37,BI,anti,A,4.44,4.45,2.77,3.82,3.14,3.72,3.96,4.25,6.23,5.91,0.64,5.60,0.46,39.58,0.40,C3'-endo
29,29,0.38,A,A,A,1,0,0,0,0,(,41,1,cWW,cW-W,3.89,3.35,1.94,1.49,3.44,5.14,4.58,3.41,BI,anti,.,4.23,4.30,2.85,4.19,3.20,3.83,4.04,4.11,6.27,5.93,0.56,5.70,0.38,34.02,0.34,C3'-endo
30,30,0.39,G,G,G,0,0,1,0,0,(,40,1,cWW,cW-W,2.33,3.10,3.40,1.57,3.61,5.16,4.74,3.33,BI,anti,A,4.45,4.50,2.81,3.68,3.03,3.63,3.71,4.17,0.18,5.80,0.58,5.79,0.20,33.07,0.01,C3'-endo
31,31,0.41,A,A,A,1,0,0,0,0,(,39,1,cWW,cW-W,2.53,3.24,3.14,1.54,4.20,5.16,5.33,3.21,..,anti,.,4.66,4.73,2.75,3.78,3.07,3.92,3.87,4.82,0.19,5.77,0.62,5.75,0.22,35.62,0.02,C3'-endo
32,32,0.42,C,C,C,0,1,0,0,0,.,38,1,cWW,cW-W,5.17,2.88,0.97,1.45,4.21,4.84,5.65,3.50,..,anti,.,3.98,4.41,2.89,3.99,3.33,4.04,4.46,4.99,6.18,5.99,0.55,5.66,0.46,35.60,0.48,C3'-endo
33,33,0.43,U,U,U,0,0,0,1,0,.,,0,,,5.17,2.49,1.12,1.39,4.25,5.15,5.39,3.89,..,anti,.,2.95,4.54,2.82,4.86,3.18,3.97,4.33,3.04,6.18,5.96,0.60,5.60,0.50,38.81,0.48,C3'-endo
34,34,0.45,U,U,U,0,0,0,1,0,.,,0,,,2.49,3.05,1.00,2.42,3.79,4.98,5.09,3.52,BI,anti,.,1.92,2.04,6.22,5.22,0.86,4.52,0.72,4.70,5.98,0.55,5.72,0.40,6.22,33.00,2.92,C2'-endo
35,35,0.46,U,U,U,0,0,0,1,0,.,,0,,,2.36,3.17,2.97,1.49,3.34,5.18,4.44,3.60,BI,anti,.,3.65,3.77,2.27,3.11,2.82,3.22,3.45,3.90,5.93,6.24,0.40,5.67,0.61,36.31,0.89,C4'-exo
36,36,0.47,U,U,U,0,0,0,1,0,.,,0,,,4.57,2.91,1.65,1.49,3.60,5.32,4.57,3.56,BI,anti,.,3.71,3.86,3.05,4.49,3.36,4.23,4.17,5.20,5.93,6.26,0.36,5.71,0.59,34.81,0.93,C4'-exo
37,37,0.49,A,A,A,1,0,0,0,0,.,,0,,,2.37,3.34,2.97,1.49,3.88,5.32,4.84,3.42,BI,anti,.,4.54,4.73,2.39,3.78,2.96,3.83,4.38,4.63,0.17,5.76,0.65,5.72,0.25,37.34,0.06,C3'-endo
38,38,0.50,A,A,A,1,0,0,0,0,.,32,1,cWW,cW-W,5.07,3.09,0.88,1.34,3.85,5.37,4.77,3.38,BI,anti,.,4.59,4.75,2.75,4.12,3.17,4.19,4.34,4.91,0.06,5.80,0.70,5.60,0.39,41.27,0.24,C3'-endo
39,39,0.51,U,U,U,0,0,0,1,0,),31,1,cWW,cW-W,5.05,3.07,1.13,1.30,3.45,5.10,4.63,3.44,BI,anti,A,4.40,4.47,2.90,3.74,3.36,3.66,4.45,4.13,6.16,5.94,0.65,5.55,0.54,41.81,0.49,C3'-endo
40,40,0.53,C,C,C,0,1,0,0,0,),30,1,cWW,cW-W,3.82,3.26,1.91,1.33,3.69,5.08,4.89,3.41,BI,anti,A,4.54,4.67,2.65,3.70,2.90,3.67,3.64,4.06,0.03,5.82,0.69,5.59,0.42,41.39,0.28,C3'-endo
41,41,0.54,U,U,U,0,0,0,1,0,),29,1,cWW,cW-W,5.06,3.04,1.09,1.43,4.33,5.01,5.60,3.41,..,anti,A,4.28,4.61,3.13,3.85,3.32,3.70,3.90,3.89,6.23,5.92,0.62,5.61,0.46,38.81,0.41,C3'-endo
42,42,0.55,G,G,G,0,0,1,0,0,),28,1,cWW,cW-W,4.43,1.65,2.29,1.54,3.89,5.22,4.95,3.10,BI,anti,.,4.65,4.68,2.88,3.57,3.06,3.62,3.51,4.39,0.19,5.75,0.64,5.73,0.23,36.95,0.03,C3'-endo
43,43,0.57,A,A,A,1,0,0,0,0,),27,1,cWW,cW-W,4.92,3.15,1.01,1.46,3.78,4.96,5.10,3.36,BI,anti,A,4.55,4.64,2.85,3.79,3.24,3.83,4.35,4.19,0.09,5.83,0.63,5.69,0.32,36.47,0.19,C3'-endo
44,44,0.58,G,G,G,0,0,1,0,0,.,26,1,cWW,cW-W,5.01,2.90,1.21,1.45,3.62,5.26,4.65,3.46,BI,anti,.,4.34,4.46,2.97,4.00,3.27,3.96,3.87,4.77,6.24,5.94,0.58,5.66,0.42,35.91,0.40,C3'-endo
45,45,0.59,G,G,G,0,0,1,0,0,.,10,1,cSH,cm+M,4.72,3.08,1.25,1.49,4.54,4.29,0.25,3.68,..,anti,.,3.45,4.51,3.09,4.17,3.39,4.10,4.43,4.16,6.26,5.92,0.59,5.66,0.40,36.03,0.36,C3'-endo
46,46,0.61,G,G,G,0,0,1,0,0,.,22,1,tWH,tW-M,1.34,3.94,4.69,2.57,4.34,5.21,5.41,4.43,..,anti,.,0.92,1.31,4.01,4.83,4.08,4.39,4.05,4.00,6.05,0.53,5.67,0.49,6.11,34.96,3.09,C2'-endo
47,47,0.62,U,U,U,0,0,0,1,0,.,,0,,,2.00,3.08,6.23,2.58,4.49,5.41,5.36,4.10,..,anti,.,1.05,1.12,5.09,5.51,6.12,5.10,0.35,4.68,6.00,0.57,5.66,0.48,6.16,36.06,3.01,C2'-endo
48,48,0.63,C,C,C,0,1,0,0,0,.,15,1,tWW,tW+W,5.08,3.16,2.78,2.59,3.52,2.20,1.32,3.90,..,anti,.,1.89,1.91,4.65,1.08,5.83,0.09,0.13,4.41,6.07,0.54,5.64,0.54,6.08,36.86,3.14,C2'-endo
49,49,0.64,C,C,C,0,1,0,0,0,(,65,1,cWW,cW-W,5.49,3.99,1.87,1.33,3.74,5.04,4.98,3.24,BI,anti,A,4.67,4.67,5.42,3.89,6.01,3.83,1.95,4.17,0.04,5.82,0.69,5.60,0.41,41.04,0.27,C3'-endo
50,50,0.66,A,A,A,1,0,0,0,0,(,64,1,cWW,cW-W,5.09,3.25,0.81,1.38,3.70,5.04,4.94,3.48,BI,anti,A,4.46,4.69,2.90,3.67,3.07,3.69,3.70,3.96,0.09,5.78,0.70,5.62,0.36,40.65,0.20,C3'-endo
51,51,0.67,G,G,G,0,0,1,0,0,(,63,1,cWW,cW-W,4.76,2.90,1.36,1.33,3.65,5.11,4.83,3.37,BI,anti,A,4.56,4.64,2.83,3.73,3.07,3.68,3.57,4.16,0.00,5.85,0.68,5.58,0.44,41.21,0.32,C3'-endo
52,52,0.68,G,G,G,0,0,1,0,0,(,62,1,cWW,cW-W,4.86,3.11,1.13,1.36,3.51,5.18,4.61,3.36,BI,anti,A,4.59,4.61,2.81,3.72,3.07,3.71,3.87,4.04,0.01,5.84,0.69,5.58,0.44,41.40,0.31,C3'-endo
53,53,0.70,G,G,G,0,0,1,0,0,(,61,1,cWW,cW-W,4.78,2.98,1.55,1.39,3.62,5.12,4.78,3.20,BI,anti,A,4.38,4.43,3.13,3.74,3.41,3.71,4.01,4.19,6.20,5.95,0.60,5.62,0.47,38.11,0.45,C3'-endo
54,54,0.71,U,U,U,0,0,0,1,0,.,58,1,tWH,tW-M,4.88,3.15,1.08,1.39,4.09,5.20,5.17,3.54,..,anti,.,4.09,4.58,2.99,4.22,3.20,4.29,3.89,5.13,6.21,5.93,0.62,5.61,0.47,38.91,0.43,C3'-endo
55,55,0.72,U,U,U,0,0,0,1,0,.,,0,,,5.10,2.93,1.00,1.38,3.89,5.24,4.92,3.75,BI,anti,.,3.75,4.58,2.77,4.42,3.22,3.64,4.34,2.59,6.21,5.93,0.62,5.60,0.48,39.11,0.43,C3'-endo
56,56,0.74,C,C,C,0,1,0,0,0,],19,1,cWW,cW-W,2.90,2.78,0.77,1.61,3.87,5.17,4.98,3.27,BI,anti,.,4.41,4.48,0.29,4.21,0.81,4.19,0.50,4.68,0.13,5.84,0.56,5.78,0.24,32.51,0.09,C3'-endo
57,57,0.75,A,A,A,1,0,0,0,0,.,,0,,,4.81,3.01,1.23,1.43,3.69,4.56,5.42,3.45,BI,anti,.,4.36,4.50,2.85,4.01,3.26,4.10,4.12,4.23,6.22,5.94,0.59,5.64,0.44,36.91,0.42,C3'-endo
58,58,0.76,A,A,A,1,0,0,0,0,.,54,1,tHW,tM-W,1.35,2.42,5.80,2.65,4.65,3.20,1.44,4.83,BII,anti,.,0.33,0.64,3.81,3.77,4.12,3.06,4.18,2.49,6.01,0.59,5.62,0.52,6.12,38.17,3.05,C2'-endo
59,59,0.78,G,G,G,0,0,1,0,0,.,,0,,,1.53,3.61,1.30,1.51,3.67,5.35,4.60,3.19,BI,anti,.,4.43,4.46,0.61,4.24,0.81,4.32,1.05,5.12,0.02,5.90,0.58,5.70,0.36,34.72,0.30,C3'-endo
60,60,0.79,U,U,U,0,0,0,1,0,.,,0,,,4.46,3.19,1.65,2.32,3.78,5.61,4.46,3.92,BI,anti,.,2.20,2.15,2.98,5.55,3.69,5.02,4.76,5.54,5.82,0.61,5.76,0.28,0.11,34.61,2.63,C2'-endo
61,61,0.80,C,C,C,0,1,0,0,0,),53,1,cWW,cW-W,3.94,3.84,0.76,1.42,3.65,5.03,4.91,3.33,BI,anti,A,4.60,4.64,2.01,3.64,2.77,3.77,3.59,4.19,0.12,5.78,0.68,5.66,0.32,39.32,0.16,C3'-endo
62,62,0.82,C,C,C,0,1,0,0,0,),52,1,cWW,cW-W,5.04,3.00,1.14,1.45,4.69,4.02,0.67,3.33,..,anti,.,4.13,4.48,3.29,4.06,3.45,3.87,3.87,3.85,6.25,5.91,0.61,5.63,0.43,37.74,0.38,C3'-endo
63,63,0.83,C,C,C,0,1,0,0,0,),51,1,cWW,cW-W,1.35,4.46,3.49,1.47,4.02,5.11,5.19,3.43,BI,anti,.,4.36,4.62,2.79,3.47,2.98,3.57,3.22,4.21,0.04,5.86,0.62,5.67,0.36,36.53,0.26,C3'-endo
64,64,0.84,U,U,U,0,0,0,1,0,),50,1,cWW,cW-W,4.98,2.92,1.15,1.43,4.26,4.55,5.99,3.31,..,anti,A,4.28,4.46,2.97,4.17,3.31,3.95,4.15,4.43,6.19,5.97,0.58,5.63,0.47,37.26,0.47,C3'-endo
65,65,0.86,G,G,G,0,0,1,0,0,),49,1,cWW,cW-W,1.45,3.90,3.84,1.59,3.90,5.07,5.11,3.20,BI,anti,A,4.62,4.66,2.80,3.26,2.99,3.43,3.82,3.82,0.29,5.73,0.59,5.84,0.10,34.21,6.12,C2'-exo
66,66,0.87,U,U,U,0,0,0,1,0,),7,1,cWW,cW-W,5.16,3.01,0.91,1.39,3.82,4.43,5.67,3.47,BI,anti,.,4.32,4.56,2.91,4.06,3.20,4.05,3.73,4.62,6.22,5.92,0.62,5.62,0.46,38.47,0.41,C3'-endo
67,67,0.88,U,U,U,0,0,0,1,0,),6,1,cWW,cW-W,2.34,4.37,3.20,1.37,4.19,5.16,5.32,3.17,..,anti,.,3.97,4.07,3.13,3.87,3.46,3.90,4.26,4.79,5.96,6.16,0.49,5.60,0.63,39.60,0.79,C4'-exo
68,68,0.89,C,C,C,0,1,0,0,0,.,5,1,cWW,cW-W,5.16,2.80,0.92,1.44,4.39,5.09,5.59,3.35,..,anti,.,4.13,4.37,2.79,3.91,3.23,3.67,4.40,3.09,6.08,6.05,0.54,5.61,0.55,38.26,0.62,C3'-endo
69,69,0.91,G,G,G,0,0,1,0,0,),4,1,cWW,cW-W,4.49,1.39,2.62,1.70,3.51,5.16,4.63,3.37,BI,anti,.,3.58,3.57,3.45,3.16,3.22,3.17,2.75,3.76,5.90,0.12,0.16,5.90,0.48,27.14,1.23,C4'-exo
70,70,0.92,G,G,G,0,0,1,0,0,),3,1,cWW,cW-W,2.56,2.69,2.74,1.47,4.48,4.79,5.98,3.28,..,anti,A,4.59,4.91,2.13,3.41,2.43,3.51,3.28,3.84,0.36,5.62,0.71,5.76,0.11,41.36,6.10,C2'-exo
71,71,0.93,G,G,G,0,0,1,0,0,),2,1,cWW,cW-W,5.01,2.20,1.66,1.42,4.22,4.40,6.10,3.12,..,anti,A,4.55,4.58,3.02,3.99,3.31,3.78,3.79,4.34,6.25,5.90,0.63,5.62,0.44,38.45,0.37,C3'-endo
72,72,0.95,C,C,C,0,1,0,0,0,),1,1,cWW,cW-W,1.91,4.08,3.33,1.43,4.27,4.97,5.59,3.26,..,anti,.,4.64,4.79,2.76,3.70,3.06,3.78,4.01,4.32,0.16,5.77,0.65,5.70,0.27,37.52,0.09,C3'-endo
73,73,0.96,G,G,G,0,0,1,0,0,.,,0,,,5.55,2.97,0.59,1.36,3.80,4.72,5.36,3.44,BI,anti,.,4.35,4.55,2.88,3.58,3.20,3.77,3.98,5.24,6.20,5.94,0.62,5.59,0.49,39.35,0.45,C3'-endo
74,74,0.97,C,C,C,0,1,0,0,0,.,,0,,,5.54,2.60,1.21,2.05,5.00,3.90,1.10,0.80,..,syn,.,-0.85,1.11,3.83,4.49,4.06,3.73,5.31,0.10,5.72,0.59,5.89,0.08,0.30,33.95,2.30,C1'-exo
75,75,0.99,C,C,C,0,1,0,0,0,.,,0,,,1.12,3.42,0.76,1.48,2.98,4.77,4.48,5.73,BI,syn,.,-2.92,4.18,5.17,3.90,5.98,3.78,3.19,3.71,0.15,5.76,0.67,5.69,0.28,38.55,0.10,C3'-endo
76,76,1.00,A,A,A,1,0,0,0,0,.,0,1,cSW,cm-W,2.96,4.66,4.30,2.35,,,,3.35,..,anti,-,,,,,,,,,5.87,0.59,5.75,0.31,0.06,33.79,2.71,C2'-endo
