index_chain,old_nt_resnum,nt_position,nt_name,nt_code,nt_align_code,is_A,is_C,is_G,is_U,is_other,dbn,paired,nb_interact,pair_type_LW,pair_type_DSSR,alpha,beta,gamma,delta,epsilon,zeta,epsilon_zeta,chi,bb_type,glyco_bond,form,ssZp,Dp,eta,theta,eta_prime,theta_prime,eta_base,theta_base,v0,v1,v2,v3,v4,amplitude,phase_angle,puckering
1,1,0.02,G,G,G,0,0,1,0,0,(,42,1,cWW,cW-W,,,3.04,1.42,4.43,4.44,6.28,2.98,..,anti,A,4.74,4.74,,,,,,,0.07,5.83,0.64,5.66,0.35,37.72,0.23,C3'-endo
2,2,0.05,A,A,A,1,0,0,0,0,(,41,1,cWW,cW-W,5.47,2.39,0.91,1.39,3.98,4.43,5.84,3.19,..,anti,A,4.66,4.69,2.80,3.79,3.09,3.78,4.00,4.20,6.28,5.89,0.61,5.65,0.40,37.26,0.33,C3'-endo
3,3,0.07,U,U,U,0,0,0,1,0,(,40,1,cWW,cW-W,6.06,2.52,0.34,1.37,3.59,5.05,4.82,3.50,BI,anti,A,4.45,4.62,2.89,3.74,3.09,3.80,3.80,4.37,0.03,5.85,0.64,5.64,0.39,38.43,0.28,C3'-endo
4,4,0.10,A,A,A,1,0,0,0,0,(,39,1,cWW,cW-W,5.21,3.03,0.92,1.44,4.42,5.07,5.63,3.58,..,anti,.,3.87,4.68,3.17,3.89,3.35,3.62,4.04,3.38,0.01,5.90,0.59,5.68,0.38,35.85,0.31,C3'-endo
5,5,0.12,A,A,A,1,0,0,0,0,(,38,1,cWW,cW-W,4.49,1.34,2.34,1.42,4.59,3.31,1.28,3.19,BII,anti,.,4.67,4.84,2.76,2.55,2.79,1.98,2.76,0.73,0.15,5.77,0.66,5.69,0.28,38.05,0.11,C3'-endo
6,6,0.14,C,C,C,0,1,0,0,0,.,,0,,,1.50,4.35,1.31,1.51,4.31,2.56,1.75,2.66,BII,anti,.,4.50,4.83,1.13,2.29,1.08,1.97,0.84,5.07,0.22,5.74,0.64,5.75,0.20,36.71,6.27,C2'-exo
7,7,0.17,U,U,U,0,0,0,1,0,(,37,1,cWW,cW-W,1.37,2.57,0.61,1.33,1.36,1.35,0.01,3.33,..,anti,.,3.45,3.41,5.89,4.03,6.21,3.77,3.00,3.89,0.10,5.80,0.66,5.66,0.33,38.56,0.18,C3'-endo
8,8,0.19,G,G,G,0,0,1,0,0,(,36,1,cWW,cW-W,3.20,2.87,1.35,1.30,4.14,2.85,1.29,3.70,BII,anti,.,3.72,4.78,2.49,1.32,2.79,0.66,3.24,0.47,0.04,5.82,0.70,5.59,0.41,41.40,0.27,C3'-endo
9,9,0.21,A,A,A,1,0,0,0,0,.,,0,,,2.83,2.42,0.77,1.25,3.99,2.55,1.44,2.82,BII,anti,.,4.66,4.74,1.05,1.30,1.66,1.29,2.46,3.91,0.16,5.69,0.79,5.57,0.35,45.45,0.13,C3'-endo
10,10,0.24,A,A,A,1,0,0,0,0,.,,0,,,5.47,3.42,1.24,1.61,4.08,3.71,0.37,3.24,..,anti,.,4.55,4.65,4.75,3.23,4.80,3.01,2.04,3.57,0.13,5.85,0.56,5.79,0.23,31.97,0.09,C3'-endo
11,11,0.26,U,U,U,0,0,0,1,0,(,"35,36",2,"cWW,cWW","cW-W,cW-W",0.15,2.88,2.16,1.47,3.84,5.04,5.08,3.87,BI,anti,.,3.41,4.49,5.69,3.67,5.60,3.69,4.71,4.36,6.26,5.97,0.51,5.74,0.36,31.61,0.37,C3'-endo
12,12,0.29,C,C,C,0,1,0,0,0,(,34,1,cWW,cW-W,5.34,2.94,0.80,1.40,3.88,4.97,5.19,3.46,BI,anti,A,4.46,4.73,2.89,3.85,3.22,3.90,4.14,4.29,0.11,5.79,0.66,5.67,0.32,38.44,0.16,C3'-endo
13,13,0.31,G,G,G,0,0,1,0,0,(,33,1,cWW,cW-W,5.38,2.91,0.79,1.39,3.49,4.97,4.81,3.35,BI,anti,A,4.60,4.58,2.85,3.52,3.17,3.53,3.88,3.84,0.01,5.86,0.65,5.62,0.41,39.04,0.31,C3'-endo
14,14,0.33,C,C,C,0,1,0,0,0,(,32,1,cWW,cW-W,5.19,3.17,0.90,1.38,3.63,5.10,4.82,3.53,BI,anti,A,4.37,4.61,3.04,3.74,3.15,3.81,3.61,4.26,0.06,5.82,0.68,5.62,0.38,39.89,0.24,C3'-endo
15,15,0.36,U,U,U,0,0,0,1,0,.,30,1,tWH,tW-M,5.22,3.03,1.01,1.42,3.63,4.80,5.12,3.50,BI,anti,A,4.36,4.54,3.05,4.05,3.33,3.99,3.99,4.50,6.21,5.93,0.61,5.61,0.46,38.41,0.43,C3'-endo
16,16,0.38,A,A,A,1,0,0,0,0,.,17,1,cSH,cm+M,1.76,3.35,4.29,2.75,4.28,3.22,1.06,3.89,BII,anti,.,1.48,1.57,3.63,2.19,3.85,2.26,4.46,2.41,6.17,0.44,5.70,0.54,6.01,33.75,3.28,C3'-exo
17,17,0.40,A,A,A,1,0,0,0,0,.,16,1,cHS,cM+m,4.18,2.67,0.78,1.47,3.92,5.15,5.05,3.27,BI,anti,.,4.74,4.78,2.49,4.20,2.31,4.21,2.56,5.08,0.12,5.81,0.63,5.71,0.29,36.35,0.14,C3'-endo
18,18,0.43,G,G,G,0,0,1,0,0,(,29,1,cWW,cW-W,5.27,2.88,0.76,1.41,3.62,5.32,4.58,3.28,BI,anti,A,4.75,4.74,2.72,4.02,3.17,4.05,4.56,4.66,0.11,5.78,0.69,5.64,0.33,39.98,0.16,C3'-endo
19,19,0.45,G,G,G,0,0,1,0,0,(,28,1,cWW,cW-W,4.96,3.26,0.88,1.46,3.59,5.16,4.71,3.32,BI,anti,A,4.71,4.67,2.86,3.80,3.20,3.83,4.20,4.30,0.09,5.82,0.63,5.69,0.31,36.60,0.18,C3'-endo
20,20,0.48,A,A,A,1,0,0,0,0,(,27,1,cWW,cW-W,5.01,3.14,1.01,1.41,3.89,4.96,5.21,3.36,BI,anti,A,4.61,4.73,3.00,3.85,3.21,3.90,3.94,4.51,0.07,5.81,0.68,5.63,0.37,39.79,0.23,C3'-endo
21,21,0.50,U,U,U,0,0,0,1,0,(,26,1,cWW,cW-W,5.33,2.88,0.81,1.41,3.80,4.92,5.16,3.49,BI,anti,A,4.47,4.70,2.87,3.77,3.16,3.77,4.04,4.40,0.01,5.87,0.63,5.65,0.39,37.63,0.30,C3'-endo
22,22,0.52,G,G,G,0,0,1,0,0,.,25,1,tSH,tm-M,5.30,2.80,0.78,1.34,3.93,4.74,5.48,3.42,BI,anti,.,4.54,4.81,2.77,4.12,3.00,3.36,3.93,2.33,0.03,5.82,0.69,5.59,0.41,41.08,0.28,C3'-endo
23,23,0.55,A,A,A,1,0,0,0,0,.,,0,,,2.49,3.00,1.31,1.58,3.95,5.00,5.23,3.28,BI,anti,.,4.32,4.52,0.47,4.07,0.88,4.03,0.45,4.67,0.08,5.89,0.54,5.77,0.28,31.69,0.19,C3'-endo
24,24,0.57,A,A,A,1,0,0,0,0,.,,0,,,4.96,2.70,1.28,1.52,3.86,4.98,5.16,3.56,BI,anti,.,4.15,4.56,2.84,3.91,3.28,3.80,4.31,4.70,0.04,5.88,0.59,5.70,0.34,34.68,0.26,C3'-endo
25,25,0.60,A,A,A,1,0,0,0,0,.,22,1,tHS,tM-m,4.87,2.76,1.13,1.45,4.20,5.12,5.37,3.55,..,anti,.,4.17,4.84,2.75,4.34,3.05,4.40,4.29,5.03,0.17,5.73,0.70,5.66,0.29,40.52,0.09,C3'-endo
26,26,0.62,G,G,G,0,0,1,0,0,),21,1,cWW,cW-W,5.24,2.56,1.38,1.47,3.67,5.00,4.95,3.34,BI,anti,A,4.47,4.53,2.92,3.76,3.56,3.66,4.72,4.18,6.28,5.89,0.62,5.64,0.41,37.55,0.33,C3'-endo
27,27,0.64,U,U,U,0,0,0,1,0,),20,1,cWW,cW-W,5.02,2.93,1.08,1.42,3.73,4.99,5.03,3.45,BI,anti,A,4.35,4.59,2.93,3.78,3.19,3.77,4.02,4.19,0.02,5.87,0.63,5.65,0.39,37.76,0.30,C3'-endo
28,28,0.67,C,C,C,0,1,0,0,0,),19,1,cWW,cW-W,5.21,3.02,0.87,1.43,3.72,5.08,4.92,3.47,BI,anti,A,4.31,4.54,2.91,3.84,3.15,3.88,3.82,4.50,6.26,5.88,0.65,5.60,0.44,39.68,0.36,C3'-endo
29,29,0.69,U,U,U,0,0,0,1,0,),18,1,cWW,cW-W,5.09,3.02,1.00,1.45,3.78,4.81,5.25,3.54,BI,anti,.,4.34,4.61,2.92,3.59,3.22,3.76,4.09,3.76,6.26,5.89,0.64,5.61,0.44,39.42,0.36,C3'-endo
30,30,0.71,A,A,A,1,0,0,0,0,.,15,1,tHW,tM-W,5.49,3.55,0.92,2.53,4.93,2.63,2.30,4.61,BII,anti,.,0.49,0.51,4.07,3.45,4.22,2.58,3.96,2.07,5.82,0.68,5.66,0.38,0.05,38.97,2.74,C2'-endo
31,31,0.74,U,U,U,0,0,0,1,0,.,,0,,,1.24,3.92,1.17,2.57,5.08,4.04,1.04,4.08,..,anti,.,0.12,0.17,1.11,4.79,1.22,4.56,0.92,5.18,5.85,0.64,5.69,0.36,0.04,36.63,2.76,C2'-endo
32,32,0.76,G,G,G,0,0,1,0,0,),14,1,cWW,cW-W,5.30,3.12,0.63,1.50,3.48,5.26,4.50,3.47,BI,anti,.,4.35,4.52,3.03,4.33,3.52,4.18,3.90,4.58,0.14,5.83,0.59,5.76,0.25,33.81,0.10,C3'-endo
33,33,0.79,C,C,C,0,1,0,0,0,),13,1,cWW,cW-W,2.79,3.30,3.05,1.45,4.17,4.62,5.83,3.22,..,anti,A,4.66,4.75,2.92,3.23,3.24,3.36,4.05,3.76,0.06,5.83,0.65,5.65,0.36,38.17,0.23,C3'-endo
34,34,0.81,G,G,G,0,0,1,0,0,),12,1,cWW,cW-W,5.27,2.74,0.92,1.36,3.58,5.03,4.84,3.35,BI,anti,A,4.54,4.59,2.81,3.69,3.04,3.68,3.60,4.20,6.27,5.86,0.68,5.58,0.45,41.14,0.34,C3'-endo
35,35,0.83,A,A,A,1,0,0,0,0,),11,1,cWW,cW-W,5.15,3.10,0.97,1.40,3.71,5.09,4.90,3.51,BI,anti,A,4.42,4.72,3.01,3.85,3.20,3.91,3.98,4.55,0.10,5.80,0.67,5.66,0.33,38.72,0.18,C3'-endo
36,36,0.86,C,C,C,0,1,0,0,0,),"8,11",2,"cWW,cWW","cW-W,cW-W",5.28,2.99,0.90,1.40,3.63,4.83,5.08,3.63,BI,anti,.,4.19,4.62,2.95,4.16,3.28,4.04,4.20,4.48,0.06,5.84,0.64,5.66,0.36,37.80,0.24,C3'-endo
37,37,0.88,A,A,A,1,0,0,0,0,),7,1,cWW,cW-W,2.25,3.80,3.43,1.49,4.23,4.06,0.17,3.19,..,anti,A,4.75,4.83,3.02,3.58,3.31,3.55,4.17,3.97,0.18,5.76,0.65,5.72,0.24,37.09,0.05,C3'-endo
38,38,0.90,U,U,U,0,0,0,1,0,),5,1,cWW,cW-W,2.38,4.23,2.99,1.34,4.67,3.87,0.80,3.11,..,anti,A,4.66,4.77,2.81,3.95,3.06,3.83,3.65,4.46,0.05,5.83,0.67,5.63,0.38,39.54,0.25,C3'-endo
39,39,0.93,U,U,U,0,0,0,1,0,),4,1,cWW,cW-W,1.97,4.56,3.05,1.36,4.34,4.71,5.91,3.27,..,anti,A,4.57,4.76,2.62,3.79,3.04,3.69,4.01,4.37,0.05,5.84,0.66,5.63,0.38,38.99,0.26,C3'-endo
40,40,0.95,A,A,A,1,0,0,0,0,),3,1,cWW,cW-W,5.39,2.93,0.55,1.36,3.93,4.44,5.77,3.32,..,anti,A,4.69,4.82,2.67,3.47,2.89,3.59,3.90,3.95,0.14,5.75,0.71,5.63,0.32,41.18,0.14,C3'-endo
41,41,0.98,U,U,U,0,0,0,1,0,),2,1,cWW,cW-W,5.69,2.38,0.93,1.37,3.98,4.84,5.42,3.32,BI,anti,A,4.64,4.77,3.05,3.91,3.24,3.86,3.74,4.28,0.10,5.79,0.69,5.64,0.34,39.92,0.18,C3'-endo
42,42,1.00,C,C,C,0,1,0,0,0,),1,1,cWW,cW-W,5.25,2.77,1.06,1.39,,,,3.65,n/a,anti,-,,,,,,,,,0.01,5.88,0.62,5.65,0.39,37.17,0.31,C3'-endo
