index_chain,old_nt_resnum,nt_position,nt_name,nt_code,nt_align_code,is_A,is_C,is_G,is_U,is_other,dbn,paired,nb_interact,pair_type_LW,pair_type_DSSR,alpha,beta,gamma,delta,epsilon,zeta,epsilon_zeta,chi,bb_type,glyco_bond,form,ssZp,Dp,eta,theta,eta_prime,theta_prime,eta_base,theta_base,v0,v1,v2,v3,v4,amplitude,phase_angle,puckering
1,8,0.08,A,A,A,1,0,0,0,0,.,,0,,,,3.30,5.07,1.42,4.26,4.60,5.94,3.66,..,anti,.,3.83,4.75,,3.04,,3.49,,3.97,0.05,5.86,0.62,5.67,0.36,36.97,0.26,C3'-endo
2,9,0.15,U,U,U,0,0,0,1,0,.,,0,,,5.00,3.15,1.13,2.58,3.66,3.80,6.14,3.72,..,anti,.,1.59,1.86,2.93,4.15,3.40,3.45,3.69,2.18,5.93,0.61,5.66,0.43,6.23,36.70,2.89,C2'-endo
3,10,0.23,A,A,A,1,0,0,0,0,.,,0,,,2.96,3.73,1.49,2.67,5.46,5.63,6.11,4.01,..,anti,.,-0.40,0.38,2.07,1.14,2.63,1.01,1.63,1.36,5.95,0.62,5.62,0.49,6.18,38.52,2.97,C2'-endo
4,11,0.31,A,A,A,1,0,0,0,0,.,,0,,,3.96,4.44,1.81,1.41,3.40,4.45,5.23,4.73,BI,anti,.,0.53,4.51,2.86,3.99,2.95,3.66,2.72,3.44,0.03,5.87,0.62,5.66,0.37,36.94,0.28,C3'-endo
5,12,0.38,A,A,A,1,0,0,0,0,.,,0,,,2.84,3.85,2.60,1.43,0.61,2.67,4.22,3.69,..,anti,.,2.36,3.06,3.52,4.00,3.38,3.86,3.33,4.33,0.09,5.83,0.62,5.70,0.32,36.19,0.19,C3'-endo
6,13,0.46,G,G,G,0,0,1,0,0,[,0,1,cWW,cW-W,0.17,4.60,3.30,1.46,3.81,4.96,5.13,3.71,BI,anti,.,4.00,4.70,2.16,3.44,2.92,3.35,3.65,3.80,0.10,5.82,0.63,5.69,0.31,36.54,0.18,C3'-endo
7,14,0.54,A,A,A,1,0,0,0,0,[,0,1,cWW,cW-W,4.87,3.21,0.97,1.45,3.98,4.69,5.58,3.17,BI,anti,A,4.71,4.73,2.87,3.69,3.04,3.78,3.68,4.16,0.08,5.84,0.62,5.69,0.32,36.26,0.20,C3'-endo
8,15,0.62,C,C,C,0,1,0,0,0,[,0,1,cWW,cW-W,5.14,2.85,1.04,1.44,3.59,4.96,4.91,3.39,BI,anti,A,4.54,4.61,2.89,3.69,3.11,3.66,3.70,3.91,0.07,5.84,0.63,5.68,0.34,36.76,0.22,C3'-endo
9,16,0.69,C,C,C,0,1,0,0,0,[,0,1,cWW,cW-W,5.11,3.07,1.00,1.42,3.65,5.00,4.93,3.42,BI,anti,A,4.51,4.63,2.99,3.72,3.18,3.73,3.68,4.17,0.05,5.85,0.63,5.67,0.36,37.11,0.25,C3'-endo
10,17,0.77,A,A,A,1,0,0,0,0,[,0,1,cWW,cW-W,5.11,2.98,0.99,1.41,3.72,5.03,4.97,3.31,BI,anti,A,4.63,4.67,2.91,3.80,3.14,3.82,3.87,4.32,0.06,5.84,0.64,5.66,0.35,37.68,0.24,C3'-endo
11,18,0.85,G,G,G,0,0,1,0,0,[,0,1,cWW,cW-W,5.17,2.96,1.02,1.40,3.56,4.89,4.96,3.31,BI,anti,.,4.58,4.60,2.93,3.53,3.23,3.54,4.06,3.80,0.04,5.85,0.64,5.65,0.37,37.73,0.27,C3'-endo
12,19,0.92,G,G,G,0,0,1,0,0,[,0,1,cWW,cW-W,5.24,3.14,0.92,1.41,3.83,5.05,5.07,3.18,BI,anti,A,4.67,4.67,3.13,3.88,3.21,3.94,3.60,4.53,0.04,5.86,0.62,5.66,0.37,37.11,0.27,C3'-endo
13,20,1.00,C,C,C,0,1,0,0,0,[,0,1,cWW,cW-W,5.13,3.18,0.85,1.41,,,,3.50,..,anti,-,,,,,,,,,0.04,5.86,0.63,5.66,0.37,37.26,0.27,C3'-endo
