index_chain,old_nt_resnum,nt_position,nt_name,nt_code,nt_align_code,is_A,is_C,is_G,is_U,is_other,dbn,paired,nb_interact,pair_type_LW,pair_type_DSSR,alpha,beta,gamma,delta,epsilon,zeta,epsilon_zeta,chi,bb_type,glyco_bond,form,ssZp,Dp,eta,theta,eta_prime,theta_prime,eta_base,theta_base,v0,v1,v2,v3,v4,amplitude,phase_angle,puckering
1,1,0.01,U,U,U,0,0,0,1,0,(,119,1,cWW,cW-W,,3.70,4.94,2.36,4.26,4.55,5.99,3.14,..,anti,.,1.46,1.71,,4.15,,3.99,,4.68,5.98,0.52,5.76,0.37,6.24,31.21,2.89,C2'-endo
2,2,0.02,G,G,G,0,0,1,0,0,(,118,1,cWW,cW-W,1.93,3.51,3.05,1.50,3.64,5.10,4.82,3.44,BI,anti,A,4.44,4.62,1.99,3.39,2.67,3.39,3.65,3.80,0.20,5.74,0.67,5.71,0.24,38.44,0.03,C3'-endo
3,3,0.03,C,C,C,0,1,0,0,0,(,117,1,cWW,cW-W,5.01,3.06,0.97,1.31,3.72,5.11,4.89,3.38,BI,anti,A,4.63,4.74,2.82,3.76,3.06,3.78,3.75,4.25,0.10,5.76,0.73,5.59,0.38,42.77,0.20,C3'-endo
4,4,0.03,C,C,C,0,1,0,0,0,(,116,1,cWW,cW-W,5.13,3.06,0.95,1.33,3.63,5.07,4.84,3.30,BI,anti,A,4.68,4.69,2.87,3.67,3.12,3.69,3.90,4.10,0.08,5.76,0.74,5.57,0.40,43.67,0.22,C3'-endo
5,5,0.04,U,U,U,0,0,0,1,0,(,115,1,cWW,cW-W,4.84,3.11,1.24,1.32,3.56,5.12,4.73,3.35,BI,anti,A,4.62,4.67,2.92,3.66,3.14,3.65,3.80,4.04,0.08,5.78,0.71,5.60,0.38,41.81,0.22,C3'-endo
6,6,0.05,G,G,G,0,0,1,0,0,(,114,1,cWW,cW-W,5.10,3.12,0.97,1.34,3.76,4.93,5.11,3.34,BI,anti,A,4.61,4.71,2.98,3.66,3.18,3.71,3.81,4.09,0.07,5.78,0.72,5.59,0.39,42.44,0.22,C3'-endo
7,7,0.06,G,G,G,0,0,1,0,0,(,113,1,cWW,cW-W,5.20,2.94,1.03,1.30,3.76,5.07,4.98,3.40,BI,anti,A,4.50,4.70,3.01,3.77,3.20,3.77,3.77,4.24,0.03,5.80,0.72,5.57,0.43,42.86,0.28,C3'-endo
8,8,0.07,C,C,C,0,1,0,0,0,(,112,1,cWW,cW-W,5.28,3.04,0.74,1.32,3.53,5.73,4.09,3.51,BI,anti,.,4.41,4.63,2.85,4.07,3.07,3.89,3.82,3.96,0.02,5.82,0.71,5.57,0.43,42.29,0.29,C3'-endo
9,9,0.07,G,G,G,0,0,1,0,0,(,111,1,cWW,cW-W,3.63,2.25,2.79,1.35,3.87,4.96,5.19,3.10,BI,anti,A,4.84,4.77,2.99,3.07,3.15,3.32,3.53,4.07,0.10,5.77,0.71,5.61,0.36,41.59,0.19,C3'-endo
10,10,0.08,G,G,G,0,0,1,0,0,(,110,1,cWW,cW-W,5.27,2.99,1.06,1.48,4.02,5.31,4.99,3.28,BI,anti,.,4.57,4.65,3.18,4.38,3.44,4.44,4.27,5.30,0.08,5.84,0.62,5.69,0.32,36.13,0.20,C3'-endo
11,11,0.09,C,C,C,0,1,0,0,0,.,109,1,c.W,c.-W,5.08,2.91,1.06,1.48,3.92,5.26,4.94,3.43,BI,anti,.,4.30,4.51,2.85,4.20,3.40,4.27,4.70,4.93,6.27,5.91,0.59,5.67,0.39,35.59,0.34,C3'-endo
12,12,0.10,C,C,C,0,1,0,0,0,.,,0,,,4.74,2.93,1.57,2.35,4.73,2.71,2.02,3.94,BII,anti,.,1.27,1.05,3.46,2.60,3.95,2.61,4.74,3.18,5.71,0.71,5.71,0.26,0.20,40.04,2.53,C2'-endo
13,13,0.11,G,G,G,0,0,1,0,0,.,"16,69",2,"tSS,tSS","tm-m,tm+m",5.65,3.20,0.74,1.36,4.10,4.02,0.07,3.85,..,anti,.,3.27,4.79,4.46,3.25,4.19,2.80,4.16,3.08,0.05,5.83,0.66,5.63,0.38,39.09,0.25,C3'-endo
14,14,0.12,U,U,U,0,0,0,1,0,.,,0,,,0.98,3.83,1.02,2.40,4.73,5.09,5.92,3.76,..,anti,.,1.02,1.07,6.12,5.50,6.25,5.28,5.60,5.62,5.91,0.60,5.70,0.38,6.28,34.95,2.82,C2'-endo
15,15,0.12,A,A,A,1,0,0,0,0,.,,0,,,5.50,3.34,0.21,2.52,3.60,5.61,4.27,0.25,BI,syn,.,-0.14,1.93,2.51,5.32,3.39,5.17,3.82,5.90,5.78,0.74,5.61,0.41,0.06,42.10,2.74,C2'-endo
16,16,0.13,G,G,G,0,0,1,0,0,(,"13,68",2,"tSS,cWW","tm-m,cW-W",3.87,3.86,1.53,1.48,3.87,4.73,5.43,3.34,BI,anti,.,4.49,4.59,2.81,4.25,3.62,3.97,3.77,4.04,0.05,5.87,0.60,5.69,0.34,35.50,0.24,C3'-endo
17,17,0.14,C,C,C,0,1,0,0,0,(,67,1,cWW,cW-W,1.56,3.60,3.95,1.46,4.01,5.16,5.14,3.26,BI,anti,.,4.79,4.85,2.77,3.39,2.91,3.65,3.42,4.39,0.30,5.65,0.71,5.74,0.16,40.68,6.18,C2'-exo
18,18,0.15,G,G,G,0,0,1,0,0,(,65,1,cWW,cW-W,5.25,2.85,1.15,1.38,4.07,5.00,5.36,3.21,..,anti,A,4.70,4.76,3.10,4.00,3.51,4.00,4.45,4.76,0.08,5.80,0.68,5.63,0.37,39.99,0.21,C3'-endo
19,19,0.16,C,C,C,0,1,0,0,0,(,64,1,cWW,cW-W,5.25,2.88,0.83,1.34,3.84,4.99,5.13,3.32,BI,anti,A,4.71,4.78,2.75,3.77,3.07,3.81,4.21,4.21,0.12,5.76,0.72,5.62,0.35,41.56,0.17,C3'-endo
20,20,0.17,G,G,G,0,0,1,0,0,(,63,1,cWW,cW-W,5.07,3.02,1.04,1.36,3.62,5.12,4.78,3.39,BI,anti,A,4.57,4.64,2.88,3.75,3.12,3.74,3.79,4.20,0.04,5.83,0.68,5.61,0.40,40.28,0.27,C3'-endo
21,21,0.17,G,G,G,0,0,1,0,0,(,62,1,cWW,cW-W,4.62,2.95,1.56,1.40,3.73,5.19,4.82,3.27,BI,anti,A,4.59,4.62,2.95,3.90,3.24,3.87,3.99,4.44,0.04,5.84,0.65,5.63,0.39,38.84,0.27,C3'-endo
22,22,0.18,U,U,U,0,0,0,1,0,(,61,1,cWW,cW-W,5.05,3.03,1.09,1.38,3.65,4.81,5.12,3.41,BI,anti,A,4.44,4.52,2.98,3.50,3.32,3.52,4.23,3.62,6.23,5.93,0.61,5.63,0.45,37.94,0.41,C3'-endo
23,23,0.19,G,G,G,0,0,1,0,0,(,60,1,cWW,cW-W,5.25,3.13,0.68,1.43,3.86,4.36,5.79,3.96,..,anti,.,3.14,4.69,3.01,3.28,3.06,3.54,3.24,3.03,0.10,5.82,0.63,5.69,0.31,36.80,0.17,C3'-endo
24,24,0.20,G,G,G,0,0,1,0,0,.,"27,59",2,"tSW,cWW","tm+W,cW-W",5.51,2.78,0.91,2.51,4.07,1.91,2.15,4.84,..,anti,.,0.80,1.50,3.24,2.01,3.58,1.52,2.97,1.58,5.98,0.57,5.68,0.45,6.18,35.21,2.97,C2'-endo
25,25,0.21,U,U,U,0,0,0,1,0,.,,0,,,3.32,3.59,0.63,1.45,3.93,5.24,4.97,3.23,BI,anti,.,4.75,4.74,1.96,4.07,1.83,4.22,1.99,5.04,0.14,5.77,0.66,5.68,0.29,38.26,0.12,C3'-endo
26,26,0.22,C,C,C,0,1,0,0,0,.,,0,,,4.80,3.07,1.28,1.39,3.90,5.19,5.00,3.29,BI,anti,.,4.67,4.74,2.87,4.06,3.30,4.08,4.39,4.88,0.06,5.81,0.68,5.62,0.38,40.13,0.24,C3'-endo
27,27,0.23,C,C,C,0,1,0,0,0,.,24,1,tWS,tW+m,5.10,2.94,1.00,1.36,3.93,5.02,5.20,3.30,BI,anti,A,4.64,4.75,2.84,3.94,3.23,3.96,4.44,4.75,0.08,5.78,0.71,5.61,0.38,41.51,0.21,C3'-endo
28,28,0.23,C,C,C,0,1,0,0,0,(,56,1,cWW,cW-W,5.37,2.97,0.66,1.41,3.64,5.01,4.91,3.45,BI,anti,A,4.60,4.72,2.78,3.67,3.09,3.70,4.24,4.11,0.11,5.76,0.70,5.63,0.34,40.79,0.17,C3'-endo
29,29,0.24,A,A,A,1,0,0,0,0,(,"55,58",2,"cWW,cSW","cW-W,cm-W",5.13,2.81,1.12,1.26,4.29,4.66,5.91,3.32,..,anti,A,4.53,4.86,3.03,3.68,3.23,3.70,3.85,4.20,0.11,5.74,0.75,5.58,0.38,43.56,0.18,C3'-endo
30,30,0.25,C,C,C,0,1,0,0,0,(,"52,54,57",3,"t.W,cWW,cSW","t.-W,cW-W,cm-W",5.19,2.23,1.39,1.34,3.74,5.71,4.32,3.19,BI,anti,.,4.71,4.70,2.78,4.47,3.11,4.42,3.94,5.11,0.09,5.77,0.72,5.60,0.38,41.97,0.21,C3'-endo
31,31,0.26,C,C,C,0,1,0,0,0,(,"51,53",2,"cWW,cSW","cW-W,cm-W",4.70,3.16,1.28,1.39,4.03,4.83,5.49,3.33,..,anti,.,4.55,4.70,2.96,3.82,3.57,3.90,4.88,4.36,0.05,5.82,0.68,5.61,0.39,40.46,0.26,C3'-endo
32,32,0.27,U,U,U,0,0,0,1,0,(,50,1,cWW,cW-W,5.29,3.19,0.65,1.46,3.60,5.17,4.72,3.36,BI,anti,A,4.51,4.60,2.93,3.81,3.10,3.86,3.74,4.32,0.13,5.79,0.65,5.69,0.30,37.60,0.14,C3'-endo
33,33,0.28,G,G,G,0,0,1,0,0,(,49,1,cWW,cW-W,5.04,3.04,1.02,1.38,3.61,5.09,4.81,3.44,BI,anti,A,4.39,4.53,2.90,3.75,3.19,3.76,3.93,4.19,6.27,5.88,0.65,5.61,0.44,39.61,0.35,C3'-endo
34,34,0.28,A,A,A,1,0,0,0,0,(,48,1,cWW,cW-W,4.99,3.00,1.24,1.46,3.64,3.69,6.24,3.55,..,anti,.,4.03,4.26,3.08,2.36,3.35,2.11,3.99,1.67,6.17,6.01,0.54,5.66,0.47,35.36,0.51,C3'-endo
35,35,0.29,C,C,C,0,1,0,0,0,.,,0,,,5.11,2.73,5.93,1.46,3.57,5.41,4.45,3.66,BI,anti,.,4.22,4.63,1.86,3.82,1.62,4.00,1.52,4.58,0.10,5.80,0.67,5.66,0.34,38.88,0.18,C3'-endo
36,36,0.30,C,C,C,0,1,0,0,0,.,49,1,cWS,cW-m,4.77,3.13,1.60,1.36,3.80,5.30,4.79,3.56,BI,anti,.,4.17,4.51,3.26,3.99,3.66,4.02,4.37,4.58,6.19,5.96,0.60,5.61,0.49,38.60,0.47,C3'-endo
37,37,0.31,C,C,C,0,1,0,0,0,.,48,1,cWS,cW-m,4.96,3.78,0.57,1.47,3.89,5.32,4.85,3.30,BI,anti,.,4.67,4.73,2.92,4.13,3.12,4.31,3.84,5.33,0.14,5.78,0.66,5.68,0.30,38.17,0.12,C3'-endo
38,38,0.32,C,C,C,0,1,0,0,0,(,44,1,cWW,cW-W,5.08,3.01,0.90,1.38,3.65,5.11,4.81,3.27,BI,anti,A,4.71,4.71,2.67,3.80,3.19,3.81,4.63,4.15,0.15,5.74,0.71,5.64,0.31,41.21,0.11,C3'-endo
39,39,0.33,A,A,A,1,0,0,0,0,.,46,1,cSW,cm-W,5.11,3.17,0.99,1.40,3.52,4.61,5.20,3.46,BI,anti,.,4.47,4.59,3.03,3.24,3.26,3.42,3.86,3.08,0.04,5.84,0.64,5.65,0.37,38.03,0.26,C3'-endo
40,40,0.33,U,U,U,0,0,0,1,0,.,45,1,tSH,tm-M,5.39,2.90,1.17,2.49,4.48,5.60,5.16,4.47,..,anti,.,0.87,1.11,3.59,5.81,3.89,5.23,3.39,5.05,5.94,0.59,5.68,0.43,6.22,35.68,2.91,C2'-endo
41,41,0.34,G,G,G,0,0,1,0,0,.,,0,,,5.16,3.17,3.03,1.53,3.31,1.26,2.05,4.05,..,anti,.,2.84,3.62,5.12,5.86,5.79,5.45,6.18,5.54,5.96,6.24,0.37,5.72,0.56,33.48,0.89,C4'-exo
42,42,0.35,C,C,C,0,1,0,0,0,.,,0,,,0.94,2.86,3.33,1.45,4.04,5.25,5.08,3.20,BI,anti,.,4.61,4.64,1.62,3.47,2.18,3.68,2.78,4.58,0.03,5.87,0.61,5.67,0.37,36.59,0.28,C3'-endo
43,43,0.36,C,C,C,0,1,0,0,0,.,,0,,,4.83,2.91,1.35,1.50,4.38,4.64,6.02,3.35,..,anti,.,4.06,4.23,3.00,4.38,3.39,4.06,4.42,4.53,6.02,6.13,0.48,5.64,0.57,36.64,0.73,C4'-exo
44,44,0.37,G,G,G,0,0,1,0,0,),"38,47",2,"cWW,tSW","cW-W,tm+W",0.88,3.11,1.01,2.43,3.88,2.15,1.73,5.23,..,anti,.,0.52,1.75,4.81,2.01,5.53,1.37,5.29,1.25,5.90,0.60,5.69,0.39,6.27,35.59,2.83,C2'-endo
45,45,0.38,A,A,A,1,0,0,0,0,.,40,1,tHS,tM-m,2.76,3.19,1.06,1.52,4.07,5.05,5.30,3.14,..,anti,.,4.66,4.66,1.59,4.17,1.63,4.21,1.86,4.97,0.09,5.84,0.61,5.70,0.31,35.65,0.19,C3'-endo
46,46,0.38,A,A,A,1,0,0,0,0,.,39,1,cWS,cW-m,5.12,2.77,1.07,1.42,4.01,5.11,5.18,3.28,BI,anti,.,4.59,4.68,2.85,4.08,3.25,4.06,4.41,4.86,0.04,5.85,0.64,5.64,0.38,38.30,0.27,C3'-endo
47,47,0.39,C,C,C,0,1,0,0,0,.,44,1,tWS,tW+m,4.99,2.82,1.09,1.38,4.00,5.28,5.00,3.33,BI,anti,.,4.53,4.66,2.78,4.14,3.15,4.12,4.32,4.72,6.28,5.86,0.67,5.59,0.44,40.60,0.33,C3'-endo
48,48,0.40,U,U,U,0,0,0,1,0,),"34,37",2,"cWW,cSW","cW-W,cm-W",4.87,2.93,1.19,1.12,4.04,4.40,5.91,3.30,..,anti,A,4.67,4.85,2.70,3.30,3.06,3.42,4.05,3.97,6.24,5.83,0.75,5.49,0.53,46.38,0.37,C3'-endo
49,49,0.41,C,C,C,0,1,0,0,0,),"33,36",2,"cWW,cSW","cW-W,cm-W",5.69,2.31,0.98,1.37,3.69,5.02,4.96,3.32,BI,anti,A,4.48,4.59,2.99,3.88,3.23,3.79,3.92,4.17,0.08,5.78,0.72,5.59,0.39,42.10,0.22,C3'-endo
50,50,0.42,A,A,A,1,0,0,0,0,),32,1,cWW,cW-W,4.81,3.19,1.14,1.45,3.62,5.69,4.22,3.48,BI,anti,.,4.38,4.56,2.88,4.30,3.11,4.13,3.81,4.49,0.04,5.85,0.63,5.66,0.37,37.50,0.27,C3'-endo
51,51,0.42,G,G,G,0,0,1,0,0,),31,1,cWW,cW-W,3.81,2.43,2.62,1.42,4.10,4.76,5.63,3.10,..,anti,.,4.41,4.49,3.15,3.21,3.41,3.52,4.14,4.18,6.24,5.93,0.59,5.65,0.42,36.63,0.38,C3'-endo
52,52,0.43,A,A,A,1,0,0,0,0,.,"30,53",2,"tW.,cSH","tW-.,cm+M",5.48,2.82,0.90,2.46,4.54,2.85,1.70,4.03,BII,anti,.,1.36,1.23,3.28,2.66,3.79,2.30,4.42,2.31,5.88,0.64,5.68,0.39,0.01,36.84,2.80,C2'-endo
53,53,0.44,A,A,A,1,0,0,0,0,.,"31,52",2,"cWS,cHS","cW-m,cM+m",3.67,2.67,0.93,1.31,3.77,5.14,4.92,3.22,BI,anti,.,4.82,4.79,2.22,3.91,2.06,3.92,2.26,4.42,0.10,5.76,0.72,5.60,0.37,42.20,0.20,C3'-endo
54,54,0.45,G,G,G,0,0,1,0,0,),30,1,cWW,cW-W,5.15,3.02,1.15,1.31,3.82,4.90,5.20,3.24,BI,anti,A,4.70,4.74,3.08,3.69,3.38,3.75,4.24,4.18,0.08,5.78,0.71,5.60,0.38,41.86,0.21,C3'-endo
55,55,0.46,U,U,U,0,0,0,1,0,),"29,57",2,"cWW,cSH","cW-W,cm+M",5.37,2.83,1.01,1.38,3.70,5.30,4.68,3.38,BI,anti,A,4.46,4.57,3.07,3.80,3.32,3.76,3.99,4.00,0.03,5.85,0.65,5.63,0.39,38.63,0.28,C3'-endo
56,56,0.47,G,G,G,0,0,1,0,0,),"28,58",2,"cWW,cSH","cW-W,cm+M",4.08,2.18,2.67,2.52,4.86,1.83,3.03,3.61,..,anti,.,1.12,1.31,4.17,1.31,4.01,1.53,4.29,1.59,6.12,0.49,5.67,0.53,6.05,35.02,3.20,C3'-exo
57,57,0.47,A,A,A,1,0,0,0,0,.,"30,55",2,"cWS,cHS","cW-m,cM+m",2.81,3.83,1.16,1.44,3.87,4.98,5.17,3.23,BI,anti,.,4.61,4.66,2.39,3.96,2.18,4.06,2.32,4.80,0.08,5.81,0.66,5.65,0.35,38.53,0.21,C3'-endo
58,58,0.48,A,A,A,1,0,0,0,0,.,"29,56",2,"cWS,cHS","cW-m,cM+m",5.26,2.92,0.83,1.45,4.03,5.08,5.24,3.39,BI,anti,.,4.55,4.76,2.94,4.12,3.24,4.17,4.24,4.90,0.13,5.78,0.66,5.68,0.30,38.29,0.13,C3'-endo
59,59,0.49,A,A,A,1,0,0,0,0,.,24,1,cWW,cW-W,5.11,2.74,1.14,1.41,3.96,5.04,5.20,3.22,BI,anti,A,4.66,4.69,2.86,4.02,3.27,4.00,4.41,4.77,0.04,5.84,0.66,5.64,0.38,38.84,0.26,C3'-endo
60,60,0.50,C,C,C,0,1,0,0,0,),23,1,cWW,cW-W,5.23,2.93,0.81,1.33,3.60,5.12,4.77,3.41,BI,anti,A,4.61,4.69,2.71,3.69,3.07,3.70,4.28,4.13,0.10,5.75,0.73,5.60,0.37,42.77,0.19,C3'-endo
61,61,0.51,G,G,G,0,0,1,0,0,),22,1,cWW,cW-W,5.05,2.96,1.19,1.39,3.79,5.16,4.92,3.31,BI,anti,A,4.61,4.69,3.05,3.88,3.29,3.86,3.99,4.41,0.10,5.78,0.70,5.63,0.35,40.58,0.19,C3'-endo
62,62,0.52,C,C,C,0,1,0,0,0,),21,1,cWW,cW-W,4.72,2.91,1.39,1.34,3.74,5.07,4.95,3.31,BI,anti,A,4.58,4.65,2.87,3.73,3.19,3.70,4.06,4.13,0.03,5.83,0.68,5.60,0.41,40.78,0.28,C3'-endo
63,63,0.53,C,C,C,0,1,0,0,0,),20,1,cWW,cW-W,5.14,3.02,0.88,1.32,3.65,5.19,4.74,3.42,BI,anti,A,4.53,4.65,2.83,3.76,3.07,3.77,3.80,4.23,0.02,5.83,0.69,5.59,0.42,41.03,0.29,C3'-endo
64,64,0.53,G,G,G,0,0,1,0,0,),19,1,cWW,cW-W,4.50,2.89,1.72,1.36,4.00,4.97,5.32,3.19,BI,anti,A,4.61,4.69,3.00,3.81,3.26,3.81,3.98,4.57,0.04,5.83,0.66,5.62,0.39,39.48,0.27,C3'-endo
65,65,0.54,U,U,U,0,0,0,1,0,),18,1,cWW,cW-W,5.28,2.82,0.88,1.38,3.94,4.80,5.42,3.39,BI,anti,.,4.59,4.75,2.87,3.73,3.18,3.96,4.25,4.60,0.07,5.81,0.67,5.64,0.36,39.36,0.22,C3'-endo
66,66,0.55,A,A,A,1,0,0,0,0,.,,0,,,4.37,3.03,2.66,2.71,4.55,3.09,1.47,4.90,BII,anti,.,-0.51,1.13,4.73,2.15,4.67,2.06,4.75,2.09,6.23,0.44,5.64,0.62,5.92,37.80,3.38,C3'-exo
67,67,0.56,G,G,G,0,0,1,0,0,),17,1,cWW,cW-W,3.77,2.89,0.23,1.45,3.59,5.59,4.28,3.52,BI,anti,.,4.44,4.68,1.83,4.06,1.61,3.92,1.98,4.13,0.19,5.73,0.69,5.69,0.26,39.36,0.06,C3'-endo
68,68,0.57,C,C,C,0,1,0,0,0,),16,1,cWW,cW-W,3.60,2.35,2.68,1.42,3.96,5.15,5.10,3.24,BI,anti,A,4.80,4.85,2.92,3.40,3.12,3.55,3.64,4.16,0.27,5.67,0.72,5.71,0.19,41.09,6.23,C2'-exo
69,69,0.57,G,G,G,0,0,1,0,0,.,"13,107",2,"tSS,tHS","tm+m,tM-m",5.24,2.94,0.98,1.31,3.92,5.29,4.91,3.22,BI,anti,.,4.78,4.78,2.92,4.11,3.27,4.19,4.15,5.05,0.04,5.80,0.71,5.58,0.42,42.44,0.27,C3'-endo
70,70,0.58,C,C,C,0,1,0,0,0,(,106,1,cWW,cW-W,5.22,3.10,0.87,1.40,3.77,5.04,5.02,3.23,BI,anti,A,4.75,4.73,2.93,3.78,3.35,3.88,4.65,4.38,0.17,5.73,0.71,5.65,0.29,40.99,0.09,C3'-endo
71,71,0.59,C,C,C,0,1,0,0,0,(,105,1,cWW,cW-W,5.14,3.03,1.06,1.49,3.70,5.38,4.61,3.26,BI,anti,.,4.46,4.53,3.07,4.18,3.36,4.19,4.08,5.04,0.09,5.82,0.64,5.68,0.33,37.32,0.19,C3'-endo
72,72,0.60,G,G,G,0,0,1,0,0,.,104,1,tSH,tm-M,4.94,3.20,0.90,1.35,3.81,4.93,5.17,3.59,BI,anti,.,4.19,4.68,2.84,3.05,3.24,2.76,4.47,2.60,0.08,5.79,0.69,5.62,0.37,40.60,0.21,C3'-endo
73,73,0.61,A,A,A,1,0,0,0,0,.,103,1,tHW,tM-W,4.57,1.04,3.07,1.54,4.14,5.31,5.11,2.98,..,anti,.,4.67,4.65,3.57,3.20,3.05,3.59,2.74,4.60,0.12,5.84,0.58,5.75,0.26,33.50,0.12,C3'-endo
74,74,0.62,U,U,U,0,0,0,1,0,.,102,1,t.W,t.-W,5.07,3.12,0.79,1.43,3.82,5.23,4.88,3.42,BI,anti,.,4.48,4.65,2.65,4.04,3.15,4.10,4.42,4.91,0.03,5.85,0.65,5.64,0.39,38.53,0.28,C3'-endo
75,75,0.62,G,G,G,0,0,1,0,0,.,101,1,cWW,cW-W,5.04,3.01,1.02,1.35,3.77,5.08,4.97,3.46,BI,anti,A,4.47,4.71,2.85,3.78,3.23,3.83,4.37,4.45,0.04,5.81,0.70,5.59,0.42,41.62,0.28,C3'-endo
76,76,0.63,G,G,G,0,0,1,0,0,.,100,1,tWH,tW-M,5.12,2.89,1.09,1.32,3.69,5.09,4.89,3.37,BI,anti,A,4.66,4.74,2.86,3.77,3.19,3.76,4.15,4.25,0.09,5.77,0.72,5.59,0.38,42.22,0.21,C3'-endo
77,77,0.64,U,U,U,0,0,0,1,0,.,99,1,tWH,tW-M,5.14,2.97,1.07,1.30,3.79,5.02,5.05,3.28,BI,anti,A,4.73,4.76,2.96,3.76,3.21,3.79,4.06,4.18,0.09,5.75,0.75,5.57,0.39,43.80,0.21,C3'-endo
78,78,0.65,A,A,A,1,0,0,0,0,.,98,1,tHS,tM-m,5.30,3.03,0.99,1.23,4.05,5.02,5.31,3.34,BI,anti,.,4.59,4.82,3.09,3.90,3.27,4.02,3.88,4.87,0.05,5.76,0.77,5.53,0.44,45.37,0.26,C3'-endo
79,79,0.66,G,G,G,0,0,1,0,0,(,97,1,cWW,cW-W,5.36,2.79,1.01,1.45,3.92,4.89,5.31,3.21,BI,anti,A,4.86,4.82,3.02,3.92,3.39,3.97,4.56,4.44,0.14,5.75,0.70,5.65,0.31,40.51,0.12,C3'-endo
80,80,0.67,U,U,U,0,0,0,1,0,(,96,1,cWW,cW-W,5.44,2.69,0.94,1.38,3.48,4.78,4.97,3.32,BI,anti,.,4.53,4.51,2.94,3.37,3.34,3.34,4.20,3.51,6.22,5.92,0.63,5.59,0.47,39.72,0.41,C3'-endo
81,81,0.68,G,G,G,0,0,1,0,0,(,95,1,cWW,cW-W,5.01,3.31,0.88,1.48,3.92,5.05,5.15,3.22,BI,anti,A,4.76,4.80,3.11,3.95,3.03,4.02,3.23,4.70,0.13,5.77,0.67,5.67,0.31,38.49,0.13,C3'-endo
82,82,0.68,U,U,U,0,0,0,1,0,(,94,1,cWW,cW-W,5.25,2.94,0.78,1.33,3.81,5.01,5.09,3.40,BI,anti,A,4.62,4.78,2.83,3.73,3.15,3.78,4.14,4.25,0.08,5.78,0.71,5.60,0.38,41.72,0.21,C3'-endo
83,83,0.69,G,G,G,0,0,1,0,0,(,93,1,cWW,cW-W,5.22,2.94,0.88,1.33,3.71,5.12,4.88,3.37,BI,anti,A,4.60,4.71,2.84,3.78,3.08,3.78,3.83,4.20,0.04,5.80,0.72,5.57,0.42,42.60,0.27,C3'-endo
84,84,0.70,G,G,G,0,0,1,0,0,(,92,1,cWW,cW-W,4.96,3.05,1.20,1.31,3.50,5.14,4.65,3.32,BI,anti,A,4.65,4.65,2.86,3.65,3.14,3.64,3.89,4.04,0.01,5.82,0.72,5.56,0.45,43.14,0.31,C3'-endo
85,85,0.71,G,G,G,0,0,1,0,0,(,91,1,cWW,cW-W,4.97,3.18,1.14,1.31,3.48,5.06,4.70,3.36,BI,anti,A,4.61,4.62,2.96,3.54,3.20,3.56,3.88,3.85,0.02,5.82,0.70,5.58,0.43,42.11,0.29,C3'-endo
86,86,0.72,G,G,G,0,0,1,0,0,(,90,1,cWW,cW-W,5.04,3.08,1.20,1.36,3.50,4.95,4.83,3.38,BI,anti,.,4.46,4.54,3.09,3.76,3.29,3.12,3.78,2.08,0.02,5.84,0.67,5.60,0.42,40.28,0.30,C3'-endo
87,87,0.72,U,U,U,0,0,0,1,0,.,,0,,,3.27,3.04,1.12,2.32,4.66,4.09,0.57,5.54,..,...,.,-0.15,1.13,1.52,5.19,1.73,5.07,0.89,5.86,5.85,0.62,5.73,0.32,0.07,35.19,2.70,C2'-endo
88,88,0.73,C,C,C,0,1,0,0,0,.,,0,,,0.90,2.09,6.27,2.52,4.85,3.88,0.97,3.67,..,anti,.,0.94,0.89,3.25,3.55,4.03,3.63,3.81,5.06,5.97,0.57,5.69,0.43,6.21,34.67,2.93,C2'-endo
89,89,0.74,U,U,U,0,0,0,1,0,.,,0,,,4.89,4.37,1.34,2.52,3.16,0.18,2.98,0.29,..,syn,.,-1.04,2.28,4.79,0.25,4.88,5.91,3.73,6.28,5.85,0.69,5.62,0.43,6.28,40.19,2.82,C2'-endo
90,90,0.75,C,C,C,0,1,0,0,0,),86,1,cWW,cW-W,2.17,3.15,2.92,1.44,3.38,5.12,4.54,3.55,BI,anti,A,4.29,4.53,2.45,3.61,3.34,3.51,3.86,3.86,0.15,5.76,0.68,5.67,0.30,38.97,0.11,C3'-endo
91,91,0.76,C,C,C,0,1,0,0,0,),85,1,cWW,cW-W,2.52,3.41,3.23,1.47,3.84,4.95,5.17,3.17,BI,anti,A,4.74,4.76,3.00,3.21,3.25,3.34,3.93,3.78,0.24,5.70,0.69,5.71,0.21,39.57,6.27,C2'-exo
92,92,0.77,C,C,C,0,1,0,0,0,),84,1,cWW,cW-W,5.30,2.88,0.89,1.35,3.70,5.01,4.97,3.29,BI,anti,A,4.66,4.70,2.97,3.70,3.21,3.75,3.83,4.13,0.12,5.75,0.73,5.61,0.35,42.15,0.17,C3'-endo
93,93,0.78,C,C,C,0,1,0,0,0,),83,1,cWW,cW-W,5.13,3.03,1.06,1.40,3.84,5.01,5.12,3.33,BI,anti,A,4.50,4.63,3.06,3.83,3.27,3.81,3.86,4.21,0.07,5.82,0.66,5.65,0.36,38.74,0.22,C3'-endo
94,94,0.78,A,A,A,1,0,0,0,0,),82,1,cWW,cW-W,5.01,3.05,0.95,1.31,3.93,5.00,5.22,3.40,BI,anti,A,4.53,4.76,2.81,3.82,3.00,3.88,3.65,4.60,0.04,5.82,0.69,5.60,0.41,41.25,0.27,C3'-endo
95,95,0.79,U,U,U,0,0,0,1,0,),81,1,cWW,cW-W,5.16,2.75,1.04,1.31,3.86,4.84,5.31,3.27,BI,anti,A,4.77,4.77,2.76,3.60,3.09,3.53,4.15,3.64,0.10,5.74,0.76,5.57,0.39,44.27,0.20,C3'-endo
96,96,0.80,G,G,G,0,0,1,0,0,),80,1,cWW,cW-W,4.81,2.75,1.36,1.14,4.11,4.81,5.58,3.12,..,anti,A,4.85,4.87,2.80,3.66,2.90,3.70,3.26,4.23,0.10,5.72,0.79,5.53,0.41,46.25,0.20,C3'-endo
97,97,0.81,C,C,C,0,1,0,0,0,),79,1,cWW,cW-W,5.46,2.81,0.94,1.26,3.92,5.34,4.87,3.23,BI,anti,.,4.79,4.83,3.03,4.10,3.21,4.19,3.99,4.88,0.12,5.72,0.78,5.56,0.38,45.16,0.17,C3'-endo
98,98,0.82,G,G,G,0,0,1,0,0,.,78,1,tSH,tm-M,5.12,3.01,1.15,1.30,3.87,3.74,0.13,3.25,..,anti,.,4.78,4.80,2.99,2.90,3.43,2.63,4.58,2.41,0.03,5.80,0.73,5.56,0.44,43.42,0.28,C3'-endo
99,99,0.82,A,A,A,1,0,0,0,0,.,"0,77",2,"tWS,tHW","tW+m,tM-W",1.11,4.51,4.19,1.56,3.82,5.39,4.72,3.13,BI,anti,.,4.60,4.60,3.73,3.24,3.29,3.51,2.86,4.61,0.09,5.84,0.60,5.71,0.30,35.07,0.18,C3'-endo
100,100,0.83,G,G,G,0,0,1,0,0,.,76,1,tHW,tM-W,4.50,3.06,1.24,1.35,4.01,5.02,5.27,3.21,BI,anti,.,4.68,4.76,2.60,3.94,3.05,4.01,4.43,4.89,0.06,5.79,0.72,5.58,0.41,42.46,0.25,C3'-endo
101,101,0.84,A,A,A,1,0,0,0,0,.,75,1,cWW,cW-W,5.19,2.80,1.09,1.40,4.08,5.20,5.16,3.30,..,anti,.,4.61,4.76,2.97,4.15,3.31,4.13,4.52,4.73,0.12,5.79,0.67,5.67,0.32,38.60,0.16,C3'-endo
102,102,0.85,G,G,G,0,0,1,0,0,.,74,1,tW.,tW-.,4.89,2.69,1.43,1.29,3.93,4.90,5.32,3.18,BI,anti,A,4.78,4.77,2.81,3.70,3.23,3.71,4.28,4.15,0.02,5.84,0.68,5.60,0.42,40.60,0.29,C3'-endo
103,103,0.86,U,U,U,0,0,0,1,0,.,73,1,tWH,tW-M,5.31,2.89,0.98,1.35,3.77,4.99,5.06,3.36,BI,anti,A,4.57,4.65,3.03,3.73,3.27,3.74,3.95,4.16,6.24,5.89,0.65,5.59,0.46,40.11,0.38,C3'-endo
104,104,0.87,A,A,A,1,0,0,0,0,.,72,1,tHS,tM-m,5.17,3.01,0.92,1.28,4.12,5.32,5.08,3.46,..,anti,.,4.34,4.79,2.97,4.18,3.13,4.32,3.74,5.07,0.01,5.82,0.72,5.55,0.46,43.20,0.32,C3'-endo
105,105,0.88,G,G,G,0,0,1,0,0,),71,1,cWW,cW-W,4.85,2.56,1.76,1.40,3.63,5.19,4.73,3.21,BI,anti,A,4.63,4.64,2.93,3.75,3.56,3.67,4.80,4.10,0.09,5.81,0.66,5.66,0.34,38.55,0.19,C3'-endo
106,106,0.88,G,G,G,0,0,1,0,0,),70,1,cWW,cW-W,4.99,3.19,1.08,1.40,3.83,5.21,4.91,3.37,BI,anti,.,4.46,4.59,3.04,4.05,3.30,4.11,4.01,5.06,6.26,5.89,0.62,5.63,0.42,38.12,0.35,C3'-endo
107,107,0.89,G,G,G,0,0,1,0,0,.,69,1,tSH,tm-M,5.06,2.88,1.08,1.37,3.74,4.67,5.35,3.44,BI,anti,.,4.46,4.67,2.85,3.35,3.29,3.60,4.60,3.84,0.07,5.80,0.68,5.63,0.37,40.13,0.22,C3'-endo
108,108,0.90,A,A,A,1,0,0,0,0,.,,0,,,5.42,3.43,1.34,2.56,4.11,1.05,3.06,4.70,..,anti,.,1.15,1.52,3.97,0.98,4.19,0.59,3.98,0.99,5.99,0.58,5.65,0.48,6.16,36.47,3.00,C2'-endo
109,109,0.91,A,A,A,1,0,0,0,0,.,11,1,cW.,cW-.,3.67,2.62,3.14,1.53,3.90,5.08,5.10,3.33,BI,anti,A,4.55,4.66,4.06,3.22,4.31,3.44,4.26,4.23,0.13,5.80,0.64,5.71,0.28,36.66,0.12,C3'-endo
110,110,0.92,C,C,C,0,1,0,0,0,),10,1,cWW,cW-W,5.13,2.85,1.00,1.33,3.73,5.17,4.85,3.36,BI,anti,A,4.53,4.62,2.79,3.89,3.18,3.87,4.16,4.45,6.25,5.87,0.67,5.58,0.46,40.85,0.36,C3'-endo
111,111,0.93,U,U,U,0,0,0,1,0,),9,1,cWW,cW-W,5.06,2.98,1.05,1.33,3.35,4.81,4.83,3.38,BI,anti,.,4.50,4.50,2.80,3.25,3.15,3.27,4.10,3.51,6.21,5.91,0.65,5.57,0.50,40.98,0.43,C3'-endo
112,112,0.93,G,G,G,0,0,1,0,0,),8,1,cWW,cW-W,5.03,3.18,1.09,1.33,3.85,4.86,5.28,3.28,BI,anti,A,4.70,4.79,3.13,3.69,3.13,3.72,3.40,4.17,0.12,5.76,0.71,5.62,0.34,41.35,0.16,C3'-endo
113,113,0.94,C,C,C,0,1,0,0,0,),7,1,cWW,cW-W,5.45,2.93,0.71,1.37,3.79,4.91,5.16,3.37,BI,anti,A,4.65,4.78,2.95,3.72,3.11,3.76,3.78,4.13,0.16,5.72,0.73,5.63,0.32,42.17,0.11,C3'-endo
114,114,0.95,C,C,C,0,1,0,0,0,),6,1,cWW,cW-W,5.42,2.87,0.79,1.31,3.68,5.05,4.92,3.37,BI,anti,A,4.63,4.73,2.90,3.70,3.14,3.73,3.78,4.18,0.08,5.77,0.73,5.59,0.39,42.58,0.22,C3'-endo
115,115,0.96,A,A,A,1,0,0,0,0,),5,1,cWW,cW-W,5.20,2.96,1.03,1.23,3.86,4.87,5.27,3.37,BI,anti,A,4.61,4.80,2.99,3.61,3.20,3.66,3.90,4.09,0.08,5.76,0.75,5.56,0.41,44.32,0.23,C3'-endo
116,116,0.97,G,G,G,0,0,1,0,0,),4,1,cWW,cW-W,5.32,2.80,1.01,1.35,3.73,4.95,5.07,3.30,BI,anti,A,4.65,4.71,3.00,3.68,3.21,3.68,3.86,4.09,0.08,5.77,0.72,5.60,0.38,42.01,0.21,C3'-endo
117,117,0.97,G,G,G,0,0,1,0,0,),3,1,cWW,cW-W,5.15,2.97,1.02,1.42,3.88,4.86,5.30,3.36,BI,anti,A,4.58,4.71,3.01,3.80,3.20,3.84,3.84,4.29,0.08,5.81,0.67,5.65,0.35,38.99,0.21,C3'-endo
118,118,0.98,C,C,C,0,1,0,0,0,),2,1,cWW,cW-W,5.27,2.75,1.12,1.49,3.59,4.40,5.47,3.43,BI,anti,.,4.20,4.24,3.02,4.01,3.34,3.91,4.05,4.34,6.06,6.11,0.46,5.68,0.52,34.37,0.69,C4'-exo
119,119,0.99,A,A,A,1,0,0,0,0,),1,1,cWW,cW-W,2.51,4.28,3.19,1.58,3.85,4.99,5.14,3.04,BI,anti,B,3.37,3.47,3.29,3.57,3.56,3.67,4.24,4.59,5.71,0.24,0.15,5.80,0.66,37.26,1.33,O4'-endo
120,120,1.00,U,U,U,0,0,0,1,0,.,,0,,,5.01,2.69,1.43,1.94,,,,3.86,..,anti,-,,,,,,,,,5.77,0.44,6.08,6.20,0.38,28.89,1.99,C1'-exo
