index_chain,old_nt_resnum,nt_position,nt_name,nt_code,nt_align_code,is_A,is_C,is_G,is_U,is_other,dbn,paired,nb_interact,pair_type_LW,pair_type_DSSR,alpha,beta,gamma,delta,epsilon,zeta,epsilon_zeta,chi,bb_type,glyco_bond,form,ssZp,Dp,eta,theta,eta_prime,theta_prime,eta_base,theta_base,v0,v1,v2,v3,v4,amplitude,phase_angle,puckering
1,2140,0.01,G,G,G,0,0,1,0,0,.,,0,,,,3.30,1.52,1.24,3.41,4.94,4.76,3.26,BI,anti,.,4.59,4.57,,3.39,,3.45,,4.03,6.14,5.93,0.69,5.50,0.58,44.89,0.50,C3'-endo
2,2141,0.02,G,G,G,0,0,1,0,0,(,95,1,cWW,cW-W,4.81,3.31,1.21,1.42,3.53,5.09,4.72,3.33,BI,anti,A,4.67,4.69,2.99,3.87,3.13,3.82,3.88,4.12,0.22,5.67,0.75,5.65,0.26,43.01,0.02,C3'-endo
3,2142,0.03,G,G,G,0,0,1,0,0,(,94,1,cWW,cW-W,4.41,3.37,1.39,1.32,3.62,4.78,5.12,3.33,BI,anti,A,4.67,4.70,2.72,3.51,2.95,3.56,3.66,3.92,0.11,5.70,0.80,5.54,0.40,46.62,0.18,C3'-endo
4,2143,0.04,U,U,U,0,0,0,1,0,(,93,1,cWW,cW-W,5.31,3.06,1.06,1.48,4.06,4.88,5.46,3.44,..,anti,A,4.45,4.74,3.34,4.00,3.42,4.01,3.82,4.40,0.17,5.79,0.61,5.75,0.23,35.02,0.06,C3'-endo
5,2144,0.05,C,C,C,0,1,0,0,0,(,92,1,cWW,cW-W,5.34,2.78,0.88,1.28,3.24,4.60,4.92,3.77,BI,anti,.,3.90,4.44,2.81,3.42,3.15,3.35,3.87,3.74,6.18,5.93,0.66,5.55,0.53,42.06,0.47,C3'-endo
6,2145,0.06,G,G,G,0,0,1,0,0,(,91,1,cWW,cW-W,3.35,3.68,2.16,1.42,4.05,4.89,5.45,3.32,..,anti,.,4.64,4.87,2.70,4.15,2.80,3.96,3.38,3.96,0.29,5.65,0.72,5.71,0.18,41.36,6.21,C2'-exo
7,2146,0.07,C,C,C,0,1,0,0,0,(,90,1,cWW,cW-W,0.24,3.11,5.78,1.14,1.30,1.24,0.05,3.60,..,anti,.,3.40,3.68,3.36,4.00,3.55,3.94,3.86,4.36,0.09,5.74,0.77,5.55,0.41,45.20,0.21,C3'-endo
8,2147,0.08,C,C,C,0,1,0,0,0,(,89,1,cWW,cW-W,0.72,3.36,3.62,1.43,4.09,4.78,5.60,3.50,..,anti,A,4.34,4.84,2.56,3.22,2.88,3.43,3.47,4.20,0.19,5.73,0.69,5.69,0.26,39.34,0.05,C3'-endo
9,2148,0.09,G,G,G,0,0,1,0,0,(,88,1,cWW,cW-W,5.52,2.53,0.93,1.28,3.20,4.93,4.56,3.30,BI,anti,A,4.52,4.49,2.86,3.96,3.28,3.86,4.26,4.48,0.03,5.82,0.69,5.59,0.42,41.40,0.28,C3'-endo
10,2149,0.11,A,A,A,1,0,0,0,0,(,87,1,cWW,cW-W,3.00,4.08,2.38,1.25,4.44,4.23,0.21,3.04,..,anti,A,4.62,4.73,2.87,3.61,3.19,3.65,4.18,4.19,0.02,5.78,0.76,5.52,0.46,45.68,0.29,C3'-endo
11,2150,0.12,U,U,U,0,0,0,1,0,(,86,1,cWW,cW-W,5.54,2.34,0.82,1.43,3.41,4.25,5.45,3.32,BI,anti,.,4.49,4.49,2.72,3.89,2.97,3.87,3.82,3.79,0.07,5.78,0.73,5.59,0.39,42.73,0.23,C3'-endo
12,2151,0.13,G,G,G,0,0,1,0,0,(,85,1,cWW,cW-W,0.97,1.80,0.23,1.69,1.00,4.13,3.15,3.75,..,anti,.,1.53,1.31,3.39,0.83,3.89,0.01,3.98,0.20,5.66,0.49,6.11,6.11,0.51,34.95,1.86,O4'-endo
13,2152,0.14,U,U,U,0,0,0,1,0,.,52,1,cWH,cW+M,4.17,1.55,2.59,2.26,4.32,4.77,5.83,3.14,..,anti,.,1.59,1.77,3.31,3.85,3.49,3.92,3.49,3.34,5.99,0.44,5.87,0.26,0.02,25.20,2.77,C2'-endo
14,2153,0.15,G,G,G,0,0,1,0,0,.,,0,,,1.24,2.67,0.60,1.56,3.12,5.67,3.73,3.36,BI,anti,A,4.40,4.42,4.30,4.27,5.19,4.13,6.03,4.34,0.29,5.73,0.58,5.85,0.09,33.78,6.11,C2'-exo
15,2154,0.16,C,C,C,0,1,0,0,0,.,,0,,,4.35,3.53,1.18,1.20,4.19,4.43,6.05,3.12,..,anti,.,4.66,4.67,2.90,3.91,3.19,4.12,3.86,4.92,6.07,6.01,0.63,5.51,0.61,43.90,0.60,C3'-endo
16,2155,0.17,A,A,A,1,0,0,0,0,.,21,1,tWH,tW-M,0.02,2.18,0.62,1.18,4.01,5.29,5.01,3.23,BI,anti,.,4.64,4.74,3.04,4.26,3.37,4.30,4.39,5.30,6.19,5.92,0.66,5.56,0.51,41.79,0.44,C3'-endo
17,2156,0.18,G,G,G,0,0,1,0,0,.,77,1,tSW,tm+W,5.31,3.17,0.70,1.58,4.31,4.74,5.85,3.53,..,anti,.,4.17,4.72,3.03,4.63,3.40,3.95,4.72,3.10,0.18,5.83,0.52,5.85,0.16,30.00,6.26,C2'-exo
18,2157,0.19,C,C,C,0,1,0,0,0,.,,0,,,2.88,3.15,1.20,1.54,4.14,4.88,5.54,3.22,..,anti,.,4.12,4.10,0.77,4.07,1.32,4.24,0.95,5.15,5.99,6.20,0.40,5.70,0.56,34.17,0.83,C4'-exo
19,2158,0.20,A,A,A,1,0,0,0,0,[,78,1,cWW,cW-W,4.91,3.05,1.18,2.22,0.51,2.66,4.14,4.18,..,anti,.,0.49,0.29,3.02,4.94,3.96,3.48,4.84,3.21,6.07,0.37,5.90,0.28,6.24,22.37,2.92,C2'-endo
20,2159,0.21,U,U,U,0,0,0,1,0,.,53,1,cHS,cM+m,5.94,4.01,1.21,2.08,4.22,3.76,0.46,3.83,..,anti,.,0.82,1.48,5.80,3.90,0.33,3.49,0.56,3.46,5.55,0.75,5.79,0.09,0.40,43.61,2.27,C1'-exo
21,2160,0.22,A,A,A,1,0,0,0,0,.,"16,74",2,"tHW,tWS","tM-W,tW+m",0.29,2.75,2.01,2.53,4.70,4.76,6.22,4.07,..,anti,.,0.45,0.62,6.18,4.78,0.07,4.14,0.01,3.26,5.90,0.67,5.59,0.49,6.21,40.67,2.91,C2'-endo
22,2161,0.23,G,G,G,0,0,1,0,0,(,84,1,cWW,cW-W,0.84,3.52,0.91,1.45,3.57,5.31,4.54,3.14,BI,anti,A,4.59,4.60,4.91,3.97,5.81,4.03,0.51,4.53,0.14,5.77,0.67,5.68,0.29,38.82,0.11,C3'-endo
23,2162,0.24,G,G,G,0,0,1,0,0,(,83,1,cWW,cW-W,4.98,3.28,0.97,1.45,3.52,5.06,4.73,3.36,BI,anti,A,4.52,4.57,2.96,3.68,3.26,3.67,4.08,4.13,0.01,5.85,0.67,5.60,0.42,40.02,0.31,C3'-endo
24,2163,0.25,U,U,U,0,0,0,1,0,(,82,1,cWW,cW-W,5.03,3.21,0.83,1.40,3.58,5.03,4.83,3.39,BI,anti,A,4.70,4.72,2.81,3.63,3.00,3.66,3.77,4.13,0.19,5.68,0.76,5.63,0.29,43.51,0.07,C3'-endo
25,2164,0.26,A,A,A,1,0,0,0,0,(,81,1,cWW,cW-W,4.82,2.98,1.33,1.46,4.33,5.26,5.35,3.23,..,anti,A,4.83,4.89,3.05,4.10,3.24,3.91,3.93,4.06,0.23,5.72,0.67,5.73,0.21,38.42,6.27,C2'-exo
26,2165,0.27,G,G,G,0,0,1,0,0,(,80,1,cWW,cW-W,4.49,1.56,2.54,1.46,3.68,5.56,4.41,2.94,BI,anti,.,4.50,4.65,3.01,4.00,3.24,4.10,3.90,5.19,0.40,5.60,0.72,5.79,0.06,42.16,6.05,C2'-exo
27,2166,0.28,G,G,G,0,0,1,0,0,.,79,1,tSH,tm-M,3.72,4.23,1.26,1.34,4.17,4.02,0.15,3.62,..,anti,.,3.94,4.67,2.61,3.12,3.16,3.25,4.63,2.68,6.14,6.01,0.57,5.62,0.51,37.88,0.54,C3'-endo
28,2167,0.29,A,A,A,1,0,0,0,0,.,,0,,,4.98,1.92,2.01,2.39,4.67,1.76,2.91,4.24,..,anti,.,1.82,1.57,4.20,1.94,3.87,2.04,3.08,2.90,5.59,0.82,5.66,0.24,0.28,46.05,2.46,C1'-exo
29,2168,0.31,G,G,G,0,0,1,0,0,(,67,1,cWW,cW-W,1.38,4.30,3.34,1.76,3.62,5.21,4.69,3.26,BI,anti,A,4.29,4.37,3.59,3.65,3.68,3.53,4.53,3.84,0.30,5.75,0.55,5.89,0.07,32.30,6.07,C2'-exo
30,2169,0.32,A,A,A,1,0,0,0,0,(,66,1,cWW,cW-W,4.46,3.23,1.32,1.35,4.07,5.25,5.10,3.42,..,anti,A,4.32,4.75,2.86,4.01,3.13,3.99,3.73,4.52,0.04,5.83,0.67,5.62,0.39,39.86,0.26,C3'-endo
31,2170,0.33,C,C,C,0,1,0,0,0,(,65,1,cWW,cW-W,4.62,2.55,1.70,1.25,4.13,4.97,5.45,3.29,..,anti,A,4.73,4.85,2.69,3.69,3.06,3.61,3.93,4.05,6.15,5.98,0.59,5.60,0.51,38.88,0.51,C3'-endo
32,2171,0.34,A,A,A,1,0,0,0,0,.,,0,,,4.44,2.40,2.05,1.35,4.36,4.51,6.13,3.14,..,anti,.,4.83,4.88,2.96,3.69,3.19,3.74,3.91,4.54,0.15,5.71,0.75,5.60,0.33,43.20,0.12,C3'-endo
33,2172,0.35,C,C,C,0,1,0,0,0,.,,0,,,5.93,2.42,0.67,1.41,3.95,2.73,1.21,3.49,BII,anti,.,4.24,4.55,2.96,1.78,3.29,1.91,4.37,1.99,6.17,5.94,0.64,5.56,0.53,41.30,0.48,C3'-endo
34,2173,0.36,U,U,U,0,0,0,1,0,.,,0,,,5.17,2.50,0.83,2.23,3.88,2.53,1.35,3.74,..,anti,.,1.68,1.87,3.28,1.96,3.41,1.72,3.04,0.98,5.61,0.73,5.77,0.14,0.33,41.65,2.35,C1'-exo
35,2174,0.37,A,A,A,1,0,0,0,0,.,"36,64",2,"cSH,tWH","cm+M,tW-M",4.57,2.14,1.27,2.68,4.38,1.86,2.52,4.98,..,anti,.,1.42,1.29,2.70,2.54,3.34,1.93,2.54,1.81,5.75,0.81,5.52,0.48,0.03,47.01,2.78,C2'-endo
36,2175,0.38,C,C,C,0,1,0,0,0,.,35,1,cHS,cM+m,3.17,4.24,0.84,1.60,3.39,5.35,4.33,4.16,BI,anti,.,2.99,4.45,2.45,4.02,2.07,3.91,1.90,4.18,0.19,5.81,0.55,5.82,0.17,31.56,6.26,C2'-exo
37,2176,0.39,A,A,A,1,0,0,0,0,.,42,1,cW.,cW+.,4.38,3.05,3.45,2.48,4.72,2.51,2.21,4.56,BII,anti,.,-0.22,0.59,5.73,1.68,5.59,1.47,5.26,1.05,5.93,0.57,5.71,0.38,6.26,34.00,2.86,C2'-endo
38,2177,0.40,C,C,C,0,1,0,0,0,(,63,1,cWW,cW-W,5.04,2.31,5.30,2.91,5.11,3.38,1.73,4.01,BII,anti,.,0.31,0.82,1.98,3.58,1.82,3.26,1.43,3.35,5.85,0.71,5.58,0.48,6.26,42.11,2.85,C2'-endo
39,2178,0.41,A,A,A,1,0,0,0,0,.,"63,65",2,"tHS,tSS","tM-m,tm+m",5.33,3.68,4.56,1.59,3.45,5.89,3.85,3.54,BI,anti,.,4.36,4.57,2.13,3.78,2.02,3.96,2.38,4.93,0.32,5.70,0.60,5.84,0.08,35.20,6.09,C2'-exo
40,2179,0.42,G,G,G,0,0,1,0,0,(,"59,62",2,"tHW,cWW","tM-W,cW-W",3.32,2.94,2.25,1.39,4.18,4.78,5.68,3.03,..,anti,A,4.93,4.90,2.62,3.57,3.25,3.63,4.63,3.85,0.35,5.60,0.74,5.74,0.12,42.95,6.12,C2'-exo
41,2180,0.43,G,G,G,0,0,1,0,0,(,61,1,cWW,cW-W,5.52,2.73,0.83,1.26,3.82,4.83,5.27,3.09,BI,anti,A,4.82,4.75,2.95,3.65,3.18,3.74,3.66,4.13,0.01,5.81,0.74,5.54,0.46,44.34,0.31,C3'-endo
42,2181,0.44,U,U,U,0,0,0,1,0,(,"37,60",2,"c.W,cWW","c.+W,cW-W",5.39,3.02,0.91,1.43,3.71,4.85,5.14,3.45,BI,anti,.,4.45,4.61,3.08,4.30,3.25,4.15,3.81,4.78,0.00,5.85,0.67,5.60,0.43,40.52,0.32,C3'-endo
43,2182,0.45,A,A,A,1,0,0,0,0,.,58,1,cWW,cW-W,2.28,3.68,3.46,1.56,4.34,4.66,5.96,3.09,..,anti,A,4.63,4.73,3.06,3.62,3.33,3.76,4.38,4.58,0.25,5.73,0.63,5.77,0.17,36.37,6.22,C2'-exo
44,2183,0.46,C,C,C,0,1,0,0,0,(,57,1,cWW,cW-W,6.01,2.48,0.26,1.20,3.72,4.86,5.14,3.54,BI,anti,A,4.36,4.77,2.60,3.53,2.97,3.61,4.06,4.15,6.20,5.90,0.68,5.53,0.53,43.18,0.44,C3'-endo
45,2184,0.47,C,C,C,0,1,0,0,0,(,56,1,cWW,cW-W,5.48,2.76,0.90,1.34,3.94,4.76,5.46,3.50,BI,anti,A,4.31,4.72,3.05,3.68,3.23,3.72,3.92,4.16,0.10,5.77,0.71,5.62,0.35,41.15,0.19,C3'-endo
46,2185,0.48,C,C,C,0,1,0,0,0,(,55,1,cWW,cW-W,5.40,2.77,0.87,1.35,3.33,5.03,4.59,3.53,BI,anti,A,4.49,4.61,2.80,3.83,3.09,3.77,3.84,4.31,0.09,5.76,0.73,5.58,0.39,42.98,0.21,C3'-endo
47,2186,0.49,G,G,G,0,0,1,0,0,(,54,1,cWW,cW-W,3.83,3.64,1.83,1.30,3.74,5.08,4.94,3.40,BI,anti,A,4.60,4.75,2.70,3.85,2.95,3.78,3.87,4.12,0.24,5.65,0.78,5.63,0.26,44.48,0.02,C3'-endo
48,2187,0.51,C,C,C,0,1,0,0,0,(,53,1,cWW,cW-W,4.72,3.11,1.35,1.31,4.74,4.21,0.53,3.13,..,anti,.,4.78,4.90,3.06,3.78,3.20,3.94,3.83,4.82,0.13,5.69,0.80,5.55,0.38,46.20,0.16,C3'-endo
49,2188,0.52,G,G,G,0,0,1,0,0,.,52,1,tSW,tm+W,5.33,1.98,1.44,1.45,3.26,5.19,4.36,3.31,BI,anti,.,4.38,4.37,2.75,3.70,3.34,2.60,4.55,1.62,0.09,5.84,0.62,5.70,0.32,36.00,0.20,C3'-endo
50,2189,0.53,C,C,C,0,1,0,0,0,.,,0,,,3.08,1.78,1.74,2.28,4.72,5.62,5.38,3.77,..,anti,.,0.81,1.04,1.76,5.31,1.76,5.30,1.31,5.66,5.72,0.62,5.84,0.14,0.27,35.38,2.38,C1'-exo
51,2190,0.54,U,U,U,0,0,0,1,0,.,,0,,,4.48,3.44,1.48,1.97,4.95,1.29,3.66,3.54,..,anti,Z,0.72,1.02,3.10,1.78,3.81,1.22,4.00,1.20,5.69,0.58,5.93,0.02,0.36,34.55,2.19,C1'-exo
52,2191,0.55,A,A,A,1,0,0,0,0,.,"13,49",2,"cHW,tWS","cM+W,tW+m",1.50,2.90,2.69,1.54,4.03,5.97,4.34,0.81,..,syn,.,-3.17,4.65,1.97,4.12,1.83,4.19,2.32,3.64,0.05,5.84,0.64,5.66,0.37,37.69,0.25,C3'-endo
53,2192,0.56,G,G,G,0,0,1,0,0,),"20,48",2,"cSH,cWW","cm+M,cW-W",4.14,1.77,2.81,1.72,3.29,5.45,4.12,3.33,BI,anti,.,4.49,4.48,3.63,3.16,3.96,3.33,3.98,3.74,0.36,5.73,0.52,5.95,6.27,31.81,5.92,C2'-exo
54,2193,0.57,C,C,C,0,1,0,0,0,),47,1,cWW,cW-W,2.92,2.95,2.84,1.53,4.10,5.13,5.26,2.89,..,anti,A,4.60,4.67,2.86,3.61,3.17,3.69,3.88,4.16,0.30,5.67,0.68,5.76,0.14,39.03,6.16,C2'-exo
55,2194,0.58,G,G,G,0,0,1,0,0,),46,1,cWW,cW-W,5.36,3.15,0.57,1.41,3.65,5.35,4.59,3.46,BI,anti,A,4.44,4.65,2.74,3.82,3.04,3.77,3.74,4.29,0.04,5.85,0.64,5.65,0.38,37.85,0.27,C3'-endo
56,2195,0.59,G,G,G,0,0,1,0,0,),45,1,cWW,cW-W,3.98,2.49,2.22,1.50,4.19,4.90,5.58,3.11,..,anti,A,4.71,4.79,2.93,3.61,3.17,3.66,3.97,4.22,0.24,5.71,0.67,5.73,0.20,38.68,6.25,C2'-exo
57,2196,0.60,G,G,G,0,0,1,0,0,),44,1,cWW,cW-W,5.17,2.71,1.05,1.37,4.06,4.10,6.24,3.15,..,anti,A,4.77,4.77,2.85,3.80,3.16,3.91,4.01,4.77,6.19,5.94,0.61,5.59,0.49,39.22,0.46,C3'-endo
58,2197,0.61,C,C,C,0,1,0,0,0,.,43,1,cWW,cW-W,0.27,1.85,0.48,1.47,3.56,5.03,4.81,3.55,BI,anti,.,4.14,4.27,2.96,4.20,3.28,4.19,4.39,4.37,6.04,6.14,0.45,5.68,0.53,34.57,0.73,C4'-exo
59,2198,0.62,C,C,C,0,1,0,0,0,.,"40,61,62",3,"tWH,cSH,cWH","tW-M,cm+M,cW+M",3.91,3.46,2.67,2.13,4.90,3.39,1.51,4.27,BII,anti,.,0.59,0.60,4.35,2.29,4.38,2.18,4.44,1.78,5.61,0.76,5.72,0.18,0.31,43.18,2.41,C1'-exo
60,2199,0.63,A,A,A,1,0,0,0,0,),42,1,cWW,cW-W,3.66,2.33,0.24,1.40,3.18,5.42,4.04,3.44,BI,anti,A,4.39,4.43,1.53,3.87,1.50,3.84,1.56,4.13,0.17,5.73,0.71,5.66,0.29,40.88,0.09,C3'-endo
61,2200,0.64,C,C,C,0,1,0,0,0,),"41,59",2,"cWW,cHS","cW-W,cM+m",4.78,3.31,1.05,1.40,3.65,5.18,4.75,3.30,BI,anti,A,4.56,4.54,3.01,3.92,3.25,3.96,3.85,4.50,6.24,5.89,0.66,5.59,0.46,40.64,0.38,C3'-endo
62,2201,0.65,C,C,C,0,1,0,0,0,),"40,59",2,"cWW,cHW","cW-W,cM+W",5.02,3.09,1.08,1.48,3.58,5.19,4.68,3.15,BI,anti,.,4.55,4.43,2.92,3.93,3.25,3.98,4.14,4.98,6.13,5.99,0.60,5.59,0.53,39.84,0.54,C3'-endo
63,2202,0.66,G,G,G,0,0,1,0,0,),"38,39",2,"cWW,tSH","cW-W,tm-M",5.05,3.15,0.92,1.58,4.52,3.54,0.98,3.50,BII,anti,.,3.90,4.55,3.17,2.93,3.48,3.25,4.72,2.87,0.11,5.81,0.63,5.71,0.29,36.27,0.15,C3'-endo
64,2203,0.67,A,A,A,1,0,0,0,0,.,35,1,tHW,tM-W,5.05,2.27,1.19,2.60,5.01,2.19,2.82,4.25,BII,anti,.,-0.00,0.59,3.56,2.78,3.78,2.32,3.12,2.85,5.75,0.76,5.59,0.40,0.09,43.72,2.71,C2'-endo
65,2204,0.68,G,G,G,0,0,1,0,0,),"31,39",2,"cWW,tSS","cW-W,tm+m",4.77,1.87,2.00,1.33,3.59,4.05,5.82,3.29,..,anti,A,4.55,4.62,3.91,3.28,4.07,3.09,4.62,3.11,0.01,5.81,0.73,5.55,0.46,43.88,0.31,C3'-endo
66,2205,0.69,U,U,U,0,0,0,1,0,),30,1,cWW,cW-W,2.65,4.30,2.76,1.19,4.36,4.20,0.16,3.16,..,anti,.,4.62,4.77,2.81,3.93,2.91,3.91,3.11,4.49,6.28,5.79,0.77,5.49,0.49,46.76,0.32,C3'-endo
67,2206,0.71,C,C,C,0,1,0,0,0,),29,1,cWW,cW-W,0.31,1.99,0.35,1.08,3.28,5.22,4.35,3.48,BI,anti,.,4.40,4.53,2.72,3.90,3.04,3.85,4.00,4.60,6.01,5.98,0.73,5.39,0.74,51.40,0.62,C3'-endo
68,2207,0.72,A,A,A,1,0,0,0,0,.,,0,,,3.29,3.28,2.55,1.53,4.54,5.30,5.52,3.04,..,anti,.,4.89,4.88,3.01,4.10,3.27,3.98,4.39,4.55,0.36,5.58,0.75,5.72,0.13,43.59,6.13,C2'-exo
69,2208,0.73,A,A,A,1,0,0,0,0,.,,0,,,4.28,1.77,2.45,1.90,4.89,5.04,6.13,2.85,..,anti,.,4.80,4.81,3.32,4.19,3.48,4.36,4.47,5.73,0.65,5.51,0.59,6.06,6.01,43.44,5.60,C1'-endo
70,2209,0.74,C,C,C,0,1,0,0,0,.,,0,,,5.64,2.73,0.42,1.20,3.46,5.41,4.33,0.48,BI,syn,.,-4.35,4.54,2.23,3.83,2.88,4.03,4.79,3.71,6.03,6.03,0.64,5.49,0.66,45.49,0.64,C4'-exo
71,2210,0.75,A,A,A,1,0,0,0,0,.,,0,,,4.94,3.21,1.17,1.48,3.85,4.99,5.14,3.45,BI,anti,.,4.32,4.56,3.12,4.03,3.54,4.07,3.42,5.03,6.27,5.94,0.54,5.72,0.36,33.11,0.35,C3'-endo
72,2211,0.76,G,G,G,0,0,1,0,0,.,78,1,tWH,tW-M,5.27,2.86,0.98,1.47,3.56,5.02,4.83,3.75,BI,anti,A,3.99,4.60,2.85,3.79,3.28,3.69,4.59,3.72,0.22,5.74,0.65,5.75,0.20,36.97,6.27,C2'-exo
73,2212,0.77,U,U,U,0,0,0,1,0,.,77,1,tWH,tW-M,4.89,3.20,0.94,1.33,3.52,5.42,4.39,3.77,BI,anti,.,3.95,4.61,2.72,3.96,2.90,4.05,3.24,4.79,0.09,5.77,0.73,5.59,0.38,42.59,0.21,C3'-endo
74,2213,0.78,G,G,G,0,0,1,0,0,.,21,1,tSW,tm+W,4.85,3.18,1.23,1.33,4.13,4.68,5.74,3.57,..,anti,.,4.07,4.80,3.03,4.31,3.41,3.51,4.42,2.48,6.25,5.86,0.69,5.55,0.48,42.61,0.37,C3'-endo
75,2214,0.79,A,A,A,1,0,0,0,0,.,,0,,,2.29,3.17,1.46,1.59,3.89,5.06,5.11,3.04,BI,anti,.,4.09,4.21,0.44,4.14,0.87,4.08,0.46,4.86,6.04,6.13,0.47,5.66,0.54,35.61,0.72,C4'-exo
76,2215,0.80,A,A,A,1,0,0,0,0,.,,0,,,5.01,2.92,1.07,1.44,3.81,5.32,4.78,3.64,BI,anti,.,3.83,4.47,2.90,4.08,3.26,4.23,4.41,4.34,0.03,5.86,0.64,5.64,0.39,38.38,0.29,C3'-endo
77,2216,0.81,A,A,A,1,0,0,0,0,.,"17,73",2,"tWS,tHW","tW+m,tM-W",4.90,3.80,1.24,2.63,4.98,2.78,2.20,4.98,BII,anti,B,1.05,0.90,3.75,3.18,4.24,2.93,4.19,3.90,5.75,0.75,5.62,0.39,0.08,42.14,2.70,C2'-endo
78,2217,0.82,U,U,U,0,0,0,1,0,],"19,72",2,"cWW,tHW","cW-W,tM-W",4.43,2.32,1.22,2.31,4.70,4.70,0.00,3.98,..,anti,.,0.57,1.18,3.52,4.83,3.56,4.66,4.37,5.21,5.51,0.84,5.70,0.15,0.39,47.74,2.34,C1'-exo
79,2218,0.83,A,A,A,1,0,0,0,0,.,27,1,tHS,tM-m,5.28,2.93,0.95,1.38,3.95,5.14,5.09,2.93,BI,anti,.,4.41,4.66,2.85,4.56,3.56,4.47,4.21,5.49,0.08,5.77,0.71,5.59,0.38,41.81,0.22,C3'-endo
80,2219,0.84,C,C,C,0,1,0,0,0,),26,1,cWW,cW-W,3.07,3.49,2.49,1.57,4.44,4.89,5.83,2.88,..,anti,.,4.54,4.57,2.65,3.95,3.20,3.88,4.78,3.96,0.23,5.78,0.59,5.81,0.15,33.62,6.22,C2'-exo
81,2220,0.85,U,U,U,0,0,0,1,0,),25,1,cWW,cW-W,4.89,2.47,1.45,1.36,4.26,4.04,0.21,3.35,..,anti,.,4.26,4.52,2.82,3.51,3.13,3.63,3.51,4.02,6.14,5.99,0.59,5.59,0.52,39.06,0.53,C3'-endo
82,2221,0.86,A,A,A,1,0,0,0,0,),24,1,cWW,cW-W,6.13,1.94,0.53,1.30,3.52,4.41,5.39,3.57,BI,anti,.,4.05,4.33,2.75,3.63,3.03,3.58,3.61,4.41,5.91,6.15,0.56,5.51,0.72,45.33,0.79,C4'-exo
83,2222,0.87,C,C,C,0,1,0,0,0,),23,1,cWW,cW-W,6.19,2.39,0.44,1.41,3.43,4.39,5.32,3.70,BI,anti,A,4.12,4.59,3.00,3.81,3.17,3.71,4.24,4.00,0.05,5.85,0.63,5.66,0.36,37.45,0.25,C3'-endo
84,2223,0.88,C,C,C,0,1,0,0,0,),22,1,cWW,cW-W,2.58,4.09,2.88,1.50,4.37,4.62,6.03,3.20,..,anti,A,4.50,4.68,3.03,3.72,3.19,3.70,3.74,4.07,0.19,5.78,0.62,5.75,0.22,35.49,0.03,C3'-endo
85,2224,0.89,C,C,C,0,1,0,0,0,),12,1,cWW,cW-W,5.55,2.57,0.71,1.34,4.42,4.79,5.91,3.26,..,anti,A,4.55,4.75,2.86,3.75,3.11,3.72,3.73,4.01,6.24,5.86,0.70,5.54,0.49,43.31,0.37,C3'-endo
86,2225,0.91,G,G,G,0,0,1,0,0,),11,1,cWW,cW-W,4.76,1.65,2.16,1.43,4.50,4.70,6.09,2.87,..,anti,.,4.75,4.80,3.10,3.70,3.25,3.73,3.77,4.65,0.22,5.70,0.70,5.69,0.23,40.23,0.01,C3'-endo
87,2226,0.92,U,U,U,0,0,0,1,0,),10,1,cWW,cW-W,5.65,2.67,0.44,1.29,3.79,4.69,5.38,3.45,BI,anti,A,4.55,4.80,2.56,3.48,2.90,3.53,4.21,3.61,0.06,5.78,0.73,5.57,0.41,43.33,0.25,C3'-endo
88,2227,0.93,C,C,C,0,1,0,0,0,),9,1,cWW,cW-W,5.09,2.73,1.22,1.38,3.93,4.65,5.57,3.40,BI,anti,A,4.58,4.77,2.97,3.59,3.07,3.54,3.28,3.76,0.08,5.79,0.69,5.62,0.37,40.57,0.22,C3'-endo
89,2228,0.94,G,G,G,0,0,1,0,0,),8,1,cWW,cW-W,5.07,2.90,0.88,1.28,3.24,4.86,4.67,3.38,BI,anti,A,4.62,4.63,2.66,3.64,2.83,3.62,3.38,4.07,0.19,5.68,0.77,5.60,0.31,44.47,0.08,C3'-endo
90,2229,0.95,G,G,G,0,0,1,0,0,),7,1,cWW,cW-W,3.51,3.74,2.16,1.42,3.73,5.44,4.57,2.95,BI,anti,.,4.63,4.70,2.75,4.30,3.03,4.16,3.87,4.42,0.29,5.62,0.77,5.66,0.21,44.30,6.23,C2'-exo
91,2230,0.96,U,U,U,0,0,0,1,0,),6,1,cWW,cW-W,4.69,4.17,0.67,1.34,3.48,5.03,4.73,3.90,BI,anti,A,3.68,4.62,2.93,3.45,3.09,3.56,3.71,3.93,0.09,5.78,0.70,5.62,0.36,40.90,0.20,C3'-endo
92,2231,0.97,G,G,G,0,0,1,0,0,),5,1,cWW,cW-W,5.14,2.98,0.94,1.34,3.47,4.97,4.79,3.58,BI,anti,A,4.30,4.56,2.79,3.57,3.01,3.59,3.55,3.99,0.04,5.77,0.78,5.52,0.45,46.08,0.27,C3'-endo
93,2232,0.98,A,A,A,1,0,0,0,0,),4,1,cWW,cW-W,5.10,3.22,1.05,1.44,3.72,4.99,5.01,3.52,BI,anti,A,4.36,4.64,3.12,3.78,3.24,3.79,3.77,4.21,0.13,5.76,0.69,5.66,0.31,39.85,0.14,C3'-endo
94,2233,0.99,C,C,C,0,1,0,0,0,),3,1,cWW,cW-W,4.97,2.96,1.16,1.41,3.52,5.06,4.73,3.44,BI,anti,A,4.51,4.57,2.89,3.74,3.16,3.68,3.84,3.92,6.27,5.90,0.61,5.65,0.41,37.02,0.34,C3'-endo
95,2234,1.00,C,C,C,0,1,0,0,0,),2,1,cWW,cW-W,4.52,3.22,1.29,1.52,,,,3.55,..,anti,-,,,,,,,,,6.26,5.95,0.55,5.70,0.38,33.57,0.37,C3'-endo
