index_chain,old_nt_resnum,nt_position,nt_name,nt_code,nt_align_code,is_A,is_C,is_G,is_U,is_other,dbn,paired,nb_interact,pair_type_LW,pair_type_DSSR,alpha,beta,gamma,delta,epsilon,zeta,epsilon_zeta,chi,bb_type,glyco_bond,form,ssZp,Dp,eta,theta,eta_prime,theta_prime,eta_base,theta_base,v0,v1,v2,v3,v4,amplitude,phase_angle,puckering
1,1,0.06,C,C,C,0,1,0,0,0,(,17,1,cWW,cW-W,,,4.49,1.53,3.64,5.09,4.83,3.37,BI,anti,A,4.41,4.53,,,,,,,0.14,5.80,0.63,5.71,0.28,36.48,0.12,C3'-endo
2,2,0.11,C,C,C,0,1,0,0,0,(,16,1,cWW,cW-W,5.07,3.06,0.86,1.46,3.68,5.02,4.94,3.31,BI,anti,A,4.62,4.66,2.84,3.79,3.14,3.85,3.96,4.23,0.07,5.82,0.66,5.65,0.35,38.80,0.22,C3'-endo
3,3,0.17,G,G,G,0,0,1,0,0,(,15,1,cWW,cW-W,5.02,3.29,0.95,1.48,3.65,4.84,5.09,3.58,BI,anti,A,4.22,4.56,3.03,3.60,3.21,3.64,3.76,3.90,0.07,5.83,0.64,5.66,0.35,37.62,0.22,C3'-endo
4,4,0.22,G,G,G,0,0,1,0,0,.,14,1,cWW,cW-W,5.10,2.98,0.92,1.49,4.45,3.80,0.65,3.79,..,anti,.,3.21,4.72,3.11,3.55,3.20,3.01,3.53,5.05,0.07,5.83,0.65,5.66,0.35,38.01,0.22,C3'-endo
5,5,0.28,A,A,A,1,0,0,0,0,.,,0,,,1.26,3.53,1.04,1.70,4.26,1.49,2.77,5.06,..,anti,.,-2.22,4.74,6.18,1.69,0.10,1.19,3.95,0.60,0.33,5.69,0.61,5.85,0.07,35.74,6.06,C2'-exo
6,6,0.33,G,G,G,0,0,1,0,0,(,13,1,cWW,cW-W,0.93,1.61,3.16,1.45,3.93,4.85,5.36,3.09,BI,anti,A,4.75,4.75,0.88,2.63,0.85,3.01,1.67,3.68,0.07,5.82,0.67,5.64,0.36,39.09,0.22,C3'-endo
7,7,0.39,G,G,G,0,0,1,0,0,(,12,1,cWW,cW-W,5.00,3.10,0.90,1.41,3.58,4.91,4.96,3.34,BI,anti,A,4.68,4.69,2.75,3.62,2.96,3.67,3.71,4.04,0.07,5.80,0.69,5.62,0.37,40.71,0.22,C3'-endo
8,8,0.44,A,A,A,1,0,0,0,0,.,,0,,,5.36,2.93,1.05,1.52,4.20,4.14,0.05,3.33,..,anti,.,4.49,4.69,3.32,3.70,3.49,2.97,3.98,2.03,0.06,5.84,0.64,5.66,0.35,37.56,0.23,C3'-endo
9,9,0.50,U,U,U,0,0,0,1,0,.,,0,,,1.04,3.62,2.65,2.37,3.82,6.14,3.96,3.82,..,anti,.,1.49,1.66,1.01,5.88,1.43,5.51,0.92,5.83,6.09,0.41,5.82,0.37,6.16,26.40,3.07,C2'-endo
10,10,0.56,C,C,C,0,1,0,0,0,.,,0,,,3.99,4.01,1.14,2.44,4.82,2.54,2.29,3.95,BII,anti,.,0.58,0.72,2.89,2.93,3.76,2.98,4.06,3.41,6.08,0.43,5.81,0.38,6.17,27.43,3.04,C2'-endo
11,11,0.61,A,A,A,1,0,0,0,0,.,,0,,,5.30,3.24,0.89,2.41,4.28,1.28,3.00,4.40,..,anti,.,0.91,1.24,4.44,1.67,4.34,1.08,4.14,1.22,6.10,0.41,5.81,0.39,6.15,26.97,3.09,C2'-endo
12,12,0.67,C,C,C,0,1,0,0,0,),7,1,cWW,cW-W,1.06,3.20,3.58,1.49,3.46,5.15,4.59,3.25,BI,anti,A,4.57,4.56,2.44,2.98,2.43,3.22,2.59,3.78,0.06,5.83,0.64,5.65,0.36,38.02,0.24,C3'-endo
13,13,0.72,C,C,C,0,1,0,0,0,),6,1,cWW,cW-W,5.03,3.34,0.87,1.45,3.46,5.00,4.74,3.50,BI,anti,A,4.45,4.57,2.95,3.57,3.17,3.58,3.84,3.83,0.05,5.83,0.67,5.63,0.38,39.51,0.25,C3'-endo
14,14,0.78,A,A,A,1,0,0,0,0,.,4,1,cWW,cW-W,5.08,3.07,0.95,1.43,3.53,5.09,4.72,3.49,BI,anti,A,4.49,4.65,2.89,3.76,3.07,3.77,3.55,4.31,0.07,5.80,0.68,5.63,0.36,39.80,0.22,C3'-endo
15,15,0.83,C,C,C,0,1,0,0,0,),3,1,cWW,cW-W,5.37,3.03,0.82,1.42,3.53,5.16,4.66,3.57,BI,anti,A,4.36,4.62,3.02,3.79,3.30,3.82,4.12,4.33,0.03,5.84,0.67,5.61,0.40,39.99,0.28,C3'-endo
16,16,0.89,G,G,G,0,0,1,0,0,),2,1,cWW,cW-W,5.31,3.12,0.78,1.41,3.76,4.66,5.39,3.51,BI,anti,A,4.28,4.60,3.05,4.06,3.29,3.91,4.03,4.33,0.02,5.86,0.64,5.63,0.40,38.71,0.30,C3'-endo
17,17,0.94,G,G,G,0,0,1,0,0,),1,1,cWW,cW-W,2.32,3.70,3.27,1.43,4.19,4.13,0.06,3.25,..,anti,A,4.72,4.86,2.79,2.96,3.01,3.14,3.74,3.68,0.13,5.76,0.69,5.65,0.32,40.06,0.14,C3'-endo
18,18,1.00,G,G,G,0,0,1,0,0,.,,0,,,5.71,2.08,0.95,1.36,,,,3.28,n/a,anti,-,,,,,,,,,0.10,5.80,0.66,5.66,0.33,38.42,0.19,C3'-endo
