index_chain,old_nt_resnum,nt_position,nt_name,nt_code,nt_align_code,is_A,is_C,is_G,is_U,is_other,dbn,paired,nb_interact,pair_type_LW,pair_type_DSSR,alpha,beta,gamma,delta,epsilon,zeta,epsilon_zeta,chi,bb_type,glyco_bond,form,ssZp,Dp,eta,theta,eta_prime,theta_prime,eta_base,theta_base,v0,v1,v2,v3,v4,amplitude,phase_angle,puckering
1,1,0.01,G,G,G,0,0,1,0,0,(,72,1,cWW,cW-W,,,0.86,1.40,3.67,5.28,4.67,3.18,BI,anti,.,4.72,4.72,,,,,,,0.21,5.72,0.69,5.69,0.24,39.51,0.03,C3'-endo
2,2,0.03,C,C,C,0,1,0,0,0,(,71,1,cWW,cW-W,4.78,3.33,1.26,1.38,3.89,4.18,6.00,3.71,..,anti,.,3.94,4.79,3.02,3.89,3.37,3.68,4.54,3.33,0.07,5.81,0.68,5.63,0.37,40.04,0.23,C3'-endo
3,3,0.04,C,C,C,0,1,0,0,0,(,70,1,cWW,cW-W,2.24,4.09,3.08,1.36,4.32,4.58,6.02,3.50,..,anti,A,4.24,4.82,2.71,3.62,2.84,3.64,2.79,4.22,0.08,5.82,0.65,5.67,0.34,37.94,0.20,C3'-endo
4,4,0.05,C,C,C,0,1,0,0,0,(,69,1,cWW,cW-W,5.61,2.35,1.01,1.32,3.78,4.86,5.20,3.58,BI,anti,A,4.27,4.64,2.86,3.72,3.23,3.67,4.09,4.18,6.24,5.91,0.63,5.62,0.44,38.60,0.38,C3'-endo
5,5,0.07,G,G,G,0,0,1,0,0,(,68,1,cWW,cW-W,5.25,2.93,0.89,1.41,3.73,4.93,5.08,3.58,BI,anti,A,4.29,4.68,2.90,3.68,3.10,3.66,3.88,3.86,0.10,5.81,0.65,5.68,0.32,37.68,0.17,C3'-endo
6,6,0.08,G,G,G,0,0,1,0,0,(,67,1,cWW,cW-W,4.97,2.84,1.26,1.35,3.87,5.06,5.09,3.31,BI,anti,A,4.63,4.69,2.93,3.88,3.12,3.96,3.55,4.38,6.25,5.91,0.62,5.63,0.44,38.11,0.38,C3'-endo
7,7,0.09,A,A,A,1,0,0,0,0,(,66,1,cWW,cW-W,5.33,3.13,1.15,2.34,4.01,5.53,4.77,4.32,..,anti,.,1.67,1.77,3.44,5.49,3.89,5.14,4.37,5.56,5.82,0.62,5.75,0.28,0.11,34.76,2.63,C2'-endo
8,8,0.11,U,U,U,0,0,0,1,0,.,"15,46",2,"tWH,cSS","tW-M,cm-m",4.29,4.10,0.72,1.36,0.48,1.78,4.98,3.96,..,anti,.,1.86,3.23,3.02,3.35,3.71,3.50,3.96,3.56,0.03,5.88,0.60,5.68,0.36,36.06,0.28,C3'-endo
9,9,0.12,A,A,A,1,0,0,0,0,.,"11,23,24",3,"cHH,tHH,tHH","cM-M,tM+M,tM+M",3.60,3.12,1.23,1.41,4.77,4.74,0.04,4.59,..,anti,.,-0.15,3.92,3.40,5.11,3.30,4.54,3.21,4.35,6.08,6.10,0.48,5.67,0.52,35.03,0.66,C4'-exo
10,10,0.13,G,G,G,0,0,1,0,0,(,"25,44",2,"cWW,cHH","cW-W,cM-M",3.06,3.66,1.25,1.40,3.70,4.66,5.32,3.36,BI,anti,A,4.67,4.75,0.90,3.57,1.70,3.61,1.94,3.90,0.13,5.77,0.69,5.65,0.32,39.88,0.15,C3'-endo
11,11,0.14,C,C,C,0,1,0,0,0,(,"9,24",2,"cHH,cWW","cM-M,cW-W",5.63,2.70,0.81,1.42,4.01,4.89,5.39,3.56,BI,anti,A,4.26,4.76,3.14,3.95,3.27,3.91,3.70,3.99,0.09,5.82,0.64,5.68,0.33,37.50,0.19,C3'-endo
12,12,0.16,U,U,U,0,0,0,1,0,(,23,1,cWW,cW-W,4.73,3.02,1.18,1.38,4.14,5.73,4.69,3.83,..,anti,.,3.42,4.74,2.77,4.37,2.95,4.21,3.24,4.31,0.02,5.87,0.63,5.65,0.39,37.60,0.30,C3'-endo
13,13,0.17,C,C,C,0,1,0,0,0,(,22,1,cWW,cW-W,4.31,1.74,2.91,1.36,3.63,4.34,5.58,3.17,BI,anti,.,4.52,4.58,3.41,2.55,3.54,2.84,3.96,3.21,6.26,5.89,0.63,5.62,0.43,38.61,0.36,C3'-endo
14,14,0.18,A,A,A,1,0,0,0,0,.,,0,,,0.87,2.54,5.41,1.40,3.89,4.78,5.39,3.24,BI,anti,A,4.81,4.84,2.73,3.34,2.70,3.62,3.10,4.52,0.23,5.68,0.73,5.66,0.25,42.00,0.02,C3'-endo
15,15,0.20,G,G,G,0,0,1,0,0,.,8,1,tHW,tM-W,5.49,2.69,1.00,1.51,3.29,4.21,5.37,3.30,BI,anti,.,4.46,4.48,2.97,3.69,3.38,3.65,4.37,3.92,0.17,5.78,0.63,5.74,0.24,36.13,0.05,C3'-endo
16,16,0.21,U,U,U,0,0,0,1,0,.,,0,,,1.58,1.99,1.12,1.35,3.83,5.54,4.58,3.03,BI,anti,.,4.74,4.77,4.73,4.43,4.77,3.74,4.48,2.99,0.13,5.74,0.73,5.61,0.34,42.51,0.15,C3'-endo
17,17,0.22,C,C,C,0,1,0,0,0,.,,0,,,5.12,3.97,3.03,1.50,3.77,0.87,2.90,3.33,..,anti,.,4.62,4.69,5.59,0.07,6.04,5.52,5.89,3.88,0.16,5.80,0.61,5.74,0.24,35.32,0.07,C3'-endo
18,18,0.24,G,G,G,0,0,1,0,0,.,54,1,tWW,tW+W,1.01,2.26,1.07,1.35,2.14,0.89,1.25,4.21,..,anti,.,2.68,3.80,5.03,4.56,0.05,4.15,1.35,3.99,0.10,5.80,0.66,5.66,0.33,38.46,0.18,C3'-endo
19,19,0.25,G,G,G,0,0,1,0,0,.,,0,,,3.34,2.65,2.75,1.38,3.19,2.17,1.02,2.78,..,anti,.,4.14,4.58,3.73,5.81,4.20,5.17,4.84,5.67,0.28,5.62,0.77,5.66,0.22,44.02,6.25,C2'-exo
20,20,0.26,U,U,U,0,0,0,1,0,.,,0,,,3.13,2.28,1.23,1.48,3.86,4.34,5.81,2.65,..,anti,.,3.79,4.56,1.46,4.20,2.57,4.19,4.11,3.94,0.05,5.88,0.58,5.72,0.32,34.05,0.23,C3'-endo
21,21,0.28,A,A,A,1,0,0,0,0,.,,0,,,0.66,1.69,1.57,1.31,3.83,4.53,5.58,0.72,BI,syn,.,-3.62,4.70,4.00,3.90,4.58,3.45,5.06,2.56,0.02,5.84,0.68,5.60,0.41,40.42,0.29,C3'-endo
22,22,0.29,G,G,G,0,0,1,0,0,),13,1,cWW,cW-W,1.36,3.45,4.72,1.54,3.65,4.91,5.03,3.39,BI,anti,.,4.60,4.70,3.20,2.92,3.18,3.12,2.72,3.27,0.26,5.73,0.63,5.78,0.16,36.40,6.20,C2'-exo
23,23,0.30,A,A,A,1,0,0,0,0,),"9,12",2,"tHH,cWW","tM+M,cW-W",5.16,3.03,0.90,1.34,3.67,4.94,5.02,3.30,BI,anti,A,4.67,4.70,2.89,3.60,3.02,3.64,3.15,4.22,0.03,5.83,0.68,5.61,0.40,40.29,0.28,C3'-endo
24,24,0.32,G,G,G,0,0,1,0,0,),"9,11",2,"tHH,cWW","tM+M,cW-W",5.18,2.82,1.15,1.45,3.93,4.99,5.22,3.14,BI,anti,A,4.71,4.73,3.06,3.94,3.28,3.90,4.10,4.44,0.08,5.85,0.61,5.70,0.32,35.57,0.20,C3'-endo
25,25,0.33,C,C,C,0,1,0,0,0,),10,1,cWW,cW-W,4.88,2.85,1.20,1.38,3.62,5.31,4.58,3.41,BI,anti,.,4.58,4.66,2.73,4.48,3.08,4.18,4.02,4.39,0.04,5.84,0.65,5.64,0.38,38.52,0.26,C3'-endo
26,26,0.34,A,A,A,1,0,0,0,0,.,,0,,,1.82,3.17,4.13,1.41,3.89,5.43,4.75,3.17,BI,anti,.,4.59,4.63,2.90,3.48,3.15,3.72,3.82,4.86,6.28,5.90,0.60,5.67,0.39,36.27,0.32,C3'-endo
27,27,0.36,G,G,G,0,0,1,0,0,(,43,1,cWW,cW-W,4.98,3.37,0.59,1.34,3.84,4.83,5.29,3.76,BI,anti,.,3.80,4.74,2.58,3.62,2.96,3.76,4.28,4.47,0.02,5.85,0.67,5.60,0.42,40.30,0.30,C3'-endo
28,28,0.37,G,G,G,0,0,1,0,0,(,42,1,cWW,cW-W,5.62,2.78,0.63,1.32,3.95,4.57,5.66,3.22,BI,anti,A,4.74,4.78,2.92,3.63,3.13,3.73,4.01,4.14,0.11,5.76,0.72,5.61,0.35,41.88,0.17,C3'-endo
29,29,0.38,G,G,G,0,0,1,0,0,(,41,1,cWW,cW-W,5.93,2.80,0.49,1.42,3.75,4.56,5.47,3.26,BI,anti,A,4.63,4.65,3.12,4.00,3.24,3.92,3.76,4.42,0.08,5.84,0.62,5.70,0.32,36.01,0.20,C3'-endo
30,30,0.39,G,G,G,0,0,1,0,0,(,40,1,cWW,cW-W,2.30,3.87,3.23,1.43,4.77,3.65,1.12,3.05,..,anti,.,4.84,4.91,2.96,3.49,3.17,3.50,4.00,3.55,0.25,5.68,0.70,5.71,0.21,40.34,6.25,C2'-exo
31,31,0.41,A,A,A,1,0,0,0,0,(,39,1,cWW,cW-W,1.55,4.79,3.30,1.41,4.82,5.88,5.22,2.61,..,anti,.,4.31,4.57,3.18,4.56,3.30,4.38,3.50,5.24,0.04,5.86,0.62,5.67,0.36,37.01,0.26,C3'-endo
32,32,0.42,U,U,U,0,0,0,1,0,.,38,1,tWH,tW-M,4.15,1.78,2.64,1.50,4.73,5.46,5.56,3.25,..,anti,.,4.10,4.34,2.81,3.86,3.20,3.85,4.56,4.78,6.25,5.96,0.53,5.72,0.38,32.75,0.38,C3'-endo
33,33,0.43,U,U,U,0,0,0,1,0,.,,0,,,4.16,1.78,2.40,1.50,3.35,1.23,2.12,1.31,..,syn,.,-1.57,4.37,2.71,4.72,3.19,3.95,4.59,2.63,0.13,5.85,0.55,5.78,0.24,31.98,0.11,C3'-endo
34,34,0.45,G,G,G,0,0,1,0,0,.,0,1,c.H,c.+M,5.03,4.73,1.67,1.34,3.45,5.49,4.24,2.99,BI,anti,.,4.44,4.58,5.23,4.55,6.24,4.45,6.10,5.28,0.03,5.85,0.65,5.63,0.39,38.96,0.28,C3'-endo
35,35,0.46,A,A,A,1,0,0,0,0,.,0,1,cW.,cW-.,4.18,3.65,1.38,1.47,3.79,4.37,5.71,3.75,BI,anti,.,3.92,4.70,2.82,3.50,3.25,3.52,4.67,3.86,0.14,5.77,0.66,5.69,0.28,38.20,0.11,C3'-endo
36,36,0.47,A,A,A,1,0,0,0,0,.,,0,,,5.70,2.48,0.78,1.44,4.33,4.84,5.77,3.77,..,anti,.,3.60,4.91,3.16,4.66,3.22,4.45,3.63,4.54,0.18,5.76,0.64,5.73,0.24,36.93,0.05,C3'-endo
37,37,0.49,A,A,A,1,0,0,0,0,.,,0,,,1.51,4.01,4.21,1.46,4.13,4.71,5.71,3.21,..,anti,.,4.53,4.64,3.11,3.51,3.37,3.61,3.92,4.56,0.05,5.89,0.57,5.72,0.33,33.69,0.25,C3'-endo
38,38,0.50,A,A,A,1,0,0,0,0,.,32,1,tHW,tM-W,2.01,3.81,3.48,1.56,4.42,5.04,5.67,3.26,..,anti,.,4.56,4.79,2.82,3.90,3.18,4.04,4.39,4.96,0.23,5.77,0.59,5.81,0.15,33.59,6.22,C2'-exo
39,39,0.51,U,U,U,0,0,0,1,0,),31,1,cWW,cW-W,5.55,2.72,0.67,1.33,3.73,4.78,5.23,3.53,BI,anti,A,4.38,4.70,2.61,3.60,3.15,3.66,4.47,3.95,0.06,5.82,0.68,5.62,0.38,40.14,0.24,C3'-endo
40,40,0.53,C,C,C,0,1,0,0,0,),30,1,cWW,cW-W,5.65,2.88,0.62,1.35,3.88,4.64,5.52,3.79,BI,anti,A,3.66,4.71,3.06,3.56,3.19,3.64,3.60,3.98,0.02,5.87,0.64,5.63,0.40,38.65,0.30,C3'-endo
41,41,0.54,C,C,C,0,1,0,0,0,),29,1,cWW,cW-W,5.58,2.78,0.75,1.41,3.77,4.69,5.37,3.45,BI,anti,.,4.41,4.62,3.04,4.13,3.16,3.98,3.60,4.32,0.00,5.89,0.61,5.66,0.39,36.70,0.32,C3'-endo
42,42,0.55,C,C,C,0,1,0,0,0,),28,1,cWW,cW-W,2.06,3.84,3.71,1.47,4.36,4.39,6.25,2.90,..,anti,A,4.56,4.65,3.15,3.71,3.33,3.69,4.01,4.42,0.06,5.87,0.60,5.70,0.33,35.32,0.23,C3'-endo
43,43,0.57,C,C,C,0,1,0,0,0,),27,1,cWW,cW-W,2.05,4.08,3.31,1.45,4.43,5.34,5.37,3.18,..,anti,.,4.68,4.78,2.73,4.03,3.09,3.80,4.08,4.39,0.08,5.83,0.63,5.68,0.32,36.87,0.20,C3'-endo
44,44,0.58,G,G,G,0,0,1,0,0,.,10,1,cHH,cM-M,3.84,2.03,3.22,1.41,3.06,1.03,2.04,5.58,..,...,.,-2.17,4.02,3.60,4.43,3.62,4.33,4.28,4.35,6.11,6.07,0.49,5.67,0.50,34.55,0.61,C3'-endo
45,45,0.59,U,U,U,0,0,0,1,0,.,,0,,,2.43,2.13,3.78,2.55,5.44,1.67,3.76,3.45,..,anti,.,-0.83,0.71,4.14,1.99,4.64,1.79,4.56,1.03,5.83,0.70,5.62,0.42,0.02,40.48,2.79,C2'-endo
46,46,0.61,G,G,G,0,0,1,0,0,.,8,1,cSS,cm-m,2.18,3.73,1.15,1.53,5.12,3.72,1.40,3.57,..,anti,.,2.62,3.36,2.22,4.58,1.87,4.90,1.24,5.22,6.03,6.20,0.36,5.77,0.48,29.81,0.82,C4'-exo
47,47,0.62,U,U,U,0,0,0,1,0,.,,0,,,0.29,1.00,2.59,1.36,3.15,2.42,0.72,4.11,..,anti,.,3.15,4.28,4.96,0.28,4.93,0.87,5.19,1.71,6.20,5.96,0.58,5.63,0.47,37.23,0.45,C3'-endo
48,48,0.63,C,C,C,0,1,0,0,0,.,,0,,,1.55,5.02,3.97,1.37,4.07,3.45,0.61,5.24,..,anti,.,-2.76,4.81,4.45,0.87,4.05,0.82,3.58,4.60,0.07,5.81,0.67,5.64,0.36,39.40,0.22,C3'-endo
49,49,0.64,C,C,C,0,1,0,0,0,(,65,1,cWW,cW-W,5.81,4.24,1.35,1.37,3.72,4.75,5.25,3.30,BI,anti,.,4.71,4.74,5.54,3.67,5.64,3.69,1.83,3.52,0.12,5.77,0.69,5.65,0.33,39.97,0.15,C3'-endo
50,50,0.66,U,U,U,0,0,0,1,0,(,64,1,cWW,cW-W,5.32,3.07,0.92,1.33,3.77,4.88,5.17,3.65,BI,anti,A,4.16,4.69,3.13,3.64,3.16,3.70,3.11,4.16,6.28,5.86,0.66,5.61,0.43,39.86,0.32,C3'-endo
51,51,0.67,U,U,U,0,0,0,1,0,(,63,1,cWW,cW-W,5.42,2.88,0.83,1.37,3.48,4.44,5.32,3.49,BI,anti,A,4.37,4.51,2.96,3.72,3.20,3.62,3.86,4.06,6.28,5.89,0.62,5.65,0.40,37.44,0.33,C3'-endo
52,52,0.68,G,G,G,0,0,1,0,0,(,62,1,cWW,cW-W,2.63,3.96,2.87,1.51,4.23,5.02,5.49,3.06,..,anti,A,4.80,4.79,2.85,4.01,3.07,3.94,3.79,4.45,0.14,5.82,0.59,5.76,0.24,33.71,0.09,C3'-endo
53,53,0.70,G,G,G,0,0,1,0,0,(,61,1,cWW,cW-W,4.96,2.74,1.31,1.40,3.45,5.19,4.54,3.16,BI,anti,.,4.42,4.47,2.71,3.77,3.22,3.77,4.23,4.36,6.24,5.93,0.59,5.66,0.42,36.30,0.39,C3'-endo
54,54,0.71,U,U,U,0,0,0,1,0,.,18,1,tWW,tW+W,4.78,3.57,1.08,1.50,4.26,5.19,5.36,3.70,..,anti,.,3.72,4.73,3.27,4.34,3.40,3.92,4.08,3.38,0.07,5.87,0.59,5.72,0.31,34.31,0.22,C3'-endo
55,55,0.72,U,U,U,0,0,0,1,0,.,,0,,,3.67,2.07,2.08,1.48,3.74,5.57,4.45,3.45,BI,anti,.,4.45,4.62,1.99,4.02,2.40,3.51,2.18,2.59,0.05,5.87,0.59,5.71,0.33,34.50,0.24,C3'-endo
56,56,0.74,C,C,C,0,1,0,0,0,.,,0,,,4.82,3.62,5.21,1.46,3.67,5.21,4.74,3.64,BI,anti,.,4.15,4.60,1.05,3.23,1.19,3.53,0.72,4.68,0.04,5.87,0.60,5.69,0.35,35.61,0.26,C3'-endo
57,57,0.75,G,G,G,0,0,1,0,0,.,,0,,,4.50,3.30,1.20,1.57,4.38,4.11,0.27,3.39,..,anti,.,4.39,4.73,2.91,3.49,3.22,3.61,4.32,3.70,0.15,5.84,0.56,5.80,0.22,31.91,0.06,C3'-endo
58,58,0.76,A,A,A,1,0,0,0,0,.,,0,,,5.28,1.81,1.79,1.37,1.19,1.73,5.74,2.93,..,anti,.,2.68,2.98,4.39,3.93,4.09,3.55,4.17,2.89,0.05,5.87,0.60,5.70,0.34,35.37,0.24,C3'-endo
59,59,0.78,U,U,U,0,0,0,1,0,.,,0,,,2.22,3.96,0.02,1.45,3.36,5.82,3.83,3.43,BI,anti,.,4.36,4.43,0.37,3.87,1.06,4.15,0.97,5.13,0.02,5.89,0.59,5.69,0.36,35.47,0.29,C3'-endo
60,60,0.79,U,U,U,0,0,0,1,0,.,,0,,,4.24,3.12,1.57,1.46,2.64,1.12,1.52,2.88,..,anti,.,3.19,3.96,2.79,5.93,3.60,5.33,5.00,5.45,0.10,5.84,0.60,5.73,0.29,34.86,0.16,C3'-endo
61,61,0.80,C,C,C,0,1,0,0,0,),53,1,cWW,cW-W,2.98,4.27,0.98,1.47,3.46,5.00,4.74,3.74,BI,anti,.,4.01,4.51,2.03,3.65,2.80,3.68,3.71,4.00,0.07,5.86,0.60,5.70,0.33,35.41,0.22,C3'-endo
62,62,0.82,C,C,C,0,1,0,0,0,),52,1,cWW,cW-W,5.05,2.97,1.10,1.31,3.87,4.74,5.41,3.35,BI,anti,.,4.66,4.78,2.96,3.54,3.12,3.60,3.65,3.79,0.09,5.76,0.73,5.59,0.38,42.57,0.20,C3'-endo
63,63,0.83,G,G,G,0,0,1,0,0,),51,1,cWW,cW-W,4.73,3.20,1.18,1.32,3.83,5.08,5.04,3.38,BI,anti,A,4.64,4.80,2.86,3.83,2.88,3.87,3.19,4.55,0.11,5.75,0.72,5.61,0.35,42.12,0.17,C3'-endo
64,64,0.84,A,A,A,1,0,0,0,0,),50,1,cWW,cW-W,5.04,2.96,1.14,1.36,4.16,5.28,5.16,3.36,..,anti,.,4.59,4.85,2.97,4.10,3.23,4.09,4.18,4.17,0.13,5.76,0.70,5.64,0.33,40.67,0.14,C3'-endo
65,65,0.86,G,G,G,0,0,1,0,0,),49,1,cWW,cW-W,4.66,2.09,2.51,1.41,4.18,4.76,5.70,2.78,..,anti,A,4.54,4.76,3.47,3.45,3.72,3.48,4.22,3.96,0.08,5.82,0.64,5.67,0.34,37.49,0.20,C3'-endo
66,66,0.87,U,U,U,0,0,0,1,0,),7,1,cWW,cW-W,3.85,3.20,1.85,1.36,4.07,4.58,5.77,3.19,..,anti,A,4.84,4.85,2.51,3.75,2.78,3.82,3.45,4.36,0.14,5.76,0.70,5.65,0.31,40.19,0.13,C3'-endo
67,67,0.88,C,C,C,0,1,0,0,0,),6,1,cWW,cW-W,5.98,2.60,0.58,1.42,3.76,4.79,5.25,3.43,BI,anti,A,4.42,4.57,3.09,3.73,3.36,3.72,4.13,4.01,6.25,5.93,0.58,5.66,0.41,35.90,0.38,C3'-endo
68,68,0.89,C,C,C,0,1,0,0,0,),5,1,cWW,cW-W,5.41,2.75,0.86,1.36,3.70,4.91,5.07,3.47,BI,anti,A,4.45,4.64,2.91,3.68,3.12,3.67,3.66,4.04,0.00,5.89,0.62,5.65,0.40,37.23,0.32,C3'-endo
69,69,0.91,G,G,G,0,0,1,0,0,),4,1,cWW,cW-W,5.32,2.79,0.97,1.32,3.73,4.88,5.13,3.39,BI,anti,A,4.54,4.66,2.95,3.62,3.19,3.62,3.82,4.09,6.27,5.87,0.66,5.60,0.44,40.19,0.34,C3'-endo
70,70,0.92,G,G,G,0,0,1,0,0,),3,1,cWW,cW-W,5.21,3.03,0.84,1.34,3.73,4.83,5.17,3.63,BI,anti,A,4.20,4.72,2.87,3.62,3.01,3.65,3.68,3.92,0.03,5.85,0.65,5.63,0.39,38.88,0.28,C3'-endo
71,71,0.93,G,G,G,0,0,1,0,0,),2,1,cWW,cW-W,5.53,2.80,0.71,1.35,3.27,5.01,4.54,3.54,BI,anti,.,4.33,4.47,2.85,3.98,3.11,3.79,3.63,4.23,0.02,5.86,0.66,5.62,0.41,39.33,0.30,C3'-endo
72,72,0.95,C,C,C,0,1,0,0,0,),1,1,cWW,cW-W,2.38,3.47,3.33,1.39,4.36,4.74,5.90,3.13,..,anti,.,4.77,4.82,2.84,3.79,3.06,3.69,3.94,3.88,0.24,5.71,0.68,5.72,0.20,39.22,6.26,C2'-exo
73,73,0.96,A,A,A,1,0,0,0,0,.,,0,,,0.99,3.55,5.04,1.56,3.65,5.34,4.60,3.28,BI,anti,A,4.64,4.66,3.08,3.35,3.20,3.56,3.59,4.57,0.20,5.77,0.61,5.77,0.19,34.80,6.28,C2'-exo
74,74,0.97,C,C,C,0,1,0,0,0,.,,0,,,4.47,3.14,1.33,1.36,4.01,4.77,5.52,3.36,BI,anti,A,4.56,4.78,2.73,3.75,3.08,3.83,4.21,4.23,0.11,5.76,0.72,5.60,0.36,42.06,0.18,C3'-endo
75,75,0.99,C,C,C,0,1,0,0,0,.,,0,,,5.41,2.62,1.18,1.43,4.36,2.70,1.67,3.54,BII,anti,.,3.91,4.57,3.24,1.95,3.49,2.11,4.07,2.28,6.25,5.89,0.64,5.61,0.44,39.23,0.37,C3'-endo
76,76,1.00,A,A,A,1,0,0,0,0,.,0,1,c.W,c.+W,5.29,2.70,0.70,2.44,,,,0.62,n/a,syn,-,,,,,,,,,5.66,0.79,5.64,0.30,0.19,43.84,2.56,C2'-endo
