index_chain,old_nt_resnum,nt_position,nt_name,nt_code,nt_align_code,is_A,is_C,is_G,is_U,is_other,dbn,paired,nb_interact,pair_type_LW,pair_type_DSSR,alpha,beta,gamma,delta,epsilon,zeta,epsilon_zeta,chi,bb_type,glyco_bond,form,ssZp,Dp,eta,theta,eta_prime,theta_prime,eta_base,theta_base,v0,v1,v2,v3,v4,amplitude,phase_angle,puckering
1,1,0.01,G,G,G,0,0,1,0,0,(,72,1,cWW,cW-W,,,0.92,1.38,3.79,5.11,4.96,3.10,BI,anti,.,4.74,4.73,,,,,,,0.20,5.72,0.71,5.67,0.26,40.53,0.05,C3'-endo
2,2,0.03,C,C,C,0,1,0,0,0,(,71,1,cWW,cW-W,4.95,3.31,1.14,1.35,3.75,4.17,5.86,3.59,..,anti,.,4.29,4.75,3.00,3.81,3.29,3.66,4.43,3.21,0.10,5.77,0.72,5.60,0.37,42.01,0.19,C3'-endo
3,3,0.04,C,C,C,0,1,0,0,0,(,70,1,cWW,cW-W,2.43,4.20,2.90,1.26,4.26,4.39,6.15,3.55,..,anti,A,4.09,4.81,2.67,3.63,2.83,3.63,2.68,4.22,0.06,5.82,0.67,5.63,0.37,39.53,0.24,C3'-endo
4,4,0.05,C,C,C,0,1,0,0,0,(,69,1,cWW,cW-W,5.95,2.25,0.81,1.32,3.77,4.82,5.23,3.62,BI,anti,A,4.26,4.71,2.93,3.70,3.24,3.64,4.11,4.03,0.05,5.84,0.65,5.64,0.37,38.68,0.25,C3'-endo
5,5,0.07,G,G,G,0,0,1,0,0,(,68,1,cWW,cW-W,5.22,2.91,0.95,1.40,3.84,4.82,5.30,3.48,BI,anti,A,4.44,4.74,2.93,3.71,3.09,3.72,3.74,3.95,0.14,5.77,0.67,5.68,0.29,38.79,0.12,C3'-endo
6,6,0.08,G,G,G,0,0,1,0,0,(,67,1,cWW,cW-W,5.26,2.80,1.07,1.34,3.81,5.13,4.97,3.36,BI,anti,A,4.59,4.70,2.98,3.92,3.18,4.00,3.64,4.34,6.26,5.89,0.64,5.62,0.43,38.95,0.35,C3'-endo
7,7,0.09,A,A,A,1,0,0,0,0,(,66,1,cWW,cW-W,5.30,3.17,1.10,2.34,3.95,5.43,4.80,4.12,BI,anti,.,1.90,1.88,3.36,5.55,3.82,5.18,4.28,5.54,5.81,0.63,5.75,0.28,0.12,35.38,2.62,C2'-endo
8,8,0.11,U,U,U,0,0,0,1,0,.,"15,46",2,"tWH,cSS","tW-M,cm-m",4.08,4.42,0.79,1.37,0.49,1.71,5.06,4.00,..,anti,.,1.71,3.13,3.03,3.47,3.70,3.54,3.97,3.53,0.02,5.91,0.57,5.71,0.35,34.09,0.30,C3'-endo
9,9,0.12,A,A,A,1,0,0,0,0,.,"11,23",2,"cHH,tHH","cM-M,tM+M",3.83,3.04,1.08,1.41,4.71,4.86,6.14,4.49,..,anti,.,0.34,3.67,3.37,5.09,3.31,4.52,3.22,4.33,6.01,6.18,0.42,5.69,0.55,34.07,0.79,C4'-exo
10,10,0.13,G,G,G,0,0,1,0,0,(,"25,44",2,"cWW,cHH","cW-W,cM-M",3.00,3.53,1.26,1.38,3.73,4.65,5.37,3.36,BI,anti,A,4.67,4.76,0.81,3.55,1.60,3.60,1.90,3.91,0.11,5.78,0.69,5.64,0.34,40.15,0.17,C3'-endo
11,11,0.14,C,C,C,0,1,0,0,0,(,"9,24",2,"cHH,cWW","cM-M,cW-W",5.64,2.81,0.70,1.41,3.95,4.82,5.42,3.45,BI,anti,A,4.51,4.77,3.12,3.81,3.21,3.84,3.63,4.06,0.10,5.81,0.65,5.68,0.32,37.57,0.17,C3'-endo
12,12,0.16,U,U,U,0,0,0,1,0,(,23,1,cWW,cW-W,5.06,2.94,0.97,1.40,4.39,5.59,5.08,3.77,..,anti,.,3.44,4.79,2.96,4.45,3.09,4.33,3.45,4.40,0.07,5.84,0.62,5.68,0.34,36.69,0.22,C3'-endo
13,13,0.17,C,C,C,0,1,0,0,0,(,22,1,cWW,cW-W,4.55,1.61,2.96,1.38,3.66,4.37,5.57,3.19,BI,anti,.,4.46,4.53,3.53,2.57,3.64,2.86,4.02,3.24,6.23,5.93,0.60,5.64,0.44,37.16,0.40,C3'-endo
14,14,0.18,A,A,A,1,0,0,0,0,.,,0,,,0.90,2.50,5.30,1.36,3.93,4.61,5.61,3.22,BI,anti,A,4.82,4.86,2.59,3.17,2.58,3.46,3.04,4.40,0.22,5.67,0.75,5.64,0.26,43.26,0.03,C3'-endo
15,15,0.20,G,G,G,0,0,1,0,0,.,8,1,tHW,tM-W,5.61,2.54,0.95,1.49,3.34,4.26,5.36,3.26,BI,anti,.,4.54,4.54,2.94,3.73,3.30,3.62,4.29,3.85,0.20,5.75,0.66,5.72,0.23,37.71,0.03,C3'-endo
16,16,0.21,U,U,U,0,0,0,1,0,.,,0,,,1.58,2.13,1.01,1.31,3.83,5.38,4.73,3.05,BI,anti,.,4.76,4.75,4.76,4.22,4.79,3.55,4.47,2.81,0.15,5.71,0.76,5.59,0.34,43.90,0.13,C3'-endo
17,17,0.22,C,C,C,0,1,0,0,0,.,,0,,,5.24,3.92,3.27,1.50,3.56,0.96,2.60,3.32,..,anti,.,4.60,4.63,5.96,6.11,6.27,5.35,5.98,3.86,0.17,5.78,0.63,5.74,0.24,36.04,0.06,C3'-endo
18,18,0.24,G,G,G,0,0,1,0,0,.,,0,,,0.90,2.34,1.02,1.28,1.94,1.05,0.89,4.04,..,anti,.,2.98,3.75,5.07,4.40,0.03,4.11,1.25,3.98,0.07,5.80,0.70,5.61,0.38,40.93,0.23,C3'-endo
19,19,0.25,G,G,G,0,0,1,0,0,.,,0,,,3.37,2.69,2.61,1.39,3.21,2.35,0.86,2.89,..,anti,.,4.35,4.57,3.66,6.09,4.19,5.29,4.84,5.59,0.30,5.60,0.78,5.66,0.21,45.07,6.22,C2'-exo
20,20,0.26,U,U,U,0,0,0,1,0,.,,0,,,3.15,2.21,1.19,1.45,3.77,4.32,5.73,2.87,BI,anti,.,4.14,4.53,1.36,4.12,2.50,4.10,3.97,3.85,0.01,5.91,0.58,5.70,0.36,34.67,0.31,C3'-endo
21,21,0.28,A,A,A,1,0,0,0,0,.,48,1,tHW,tM-W,0.62,1.64,1.67,1.37,3.74,4.61,5.42,0.72,BI,syn,.,-3.63,4.66,4.03,3.96,4.63,3.47,5.15,2.57,0.04,5.85,0.65,5.64,0.38,38.59,0.27,C3'-endo
22,22,0.29,G,G,G,0,0,1,0,0,),13,1,cWW,cW-W,1.42,3.29,4.71,1.53,3.69,4.83,5.14,3.40,BI,anti,.,4.59,4.72,3.13,2.92,3.15,3.11,2.72,3.23,0.25,5.74,0.62,5.78,0.16,35.84,6.22,C2'-exo
23,23,0.30,A,A,A,1,0,0,0,0,),"9,12",2,"tHH,cWW","tM+M,cW-W",5.31,2.92,0.83,1.33,3.66,4.95,4.99,3.32,BI,anti,A,4.67,4.70,2.89,3.61,3.02,3.66,3.12,4.30,0.03,5.83,0.68,5.60,0.41,40.57,0.29,C3'-endo
24,24,0.32,G,G,G,0,0,1,0,0,),11,1,cWW,cW-W,5.26,2.84,1.07,1.47,3.94,4.94,5.28,3.18,BI,anti,A,4.71,4.72,3.09,3.92,3.32,3.89,4.20,4.33,0.08,5.86,0.58,5.73,0.30,33.83,0.19,C3'-endo
25,25,0.33,C,C,C,0,1,0,0,0,),10,1,cWW,cW-W,5.01,2.81,1.08,1.37,3.55,5.29,4.55,3.39,BI,anti,.,4.60,4.65,2.70,4.44,3.05,4.15,3.90,4.38,0.04,5.84,0.66,5.63,0.39,39.01,0.27,C3'-endo
26,26,0.34,A,A,A,1,0,0,0,0,.,,0,,,2.06,3.17,3.94,1.46,4.00,5.38,4.91,3.14,BI,anti,.,4.51,4.54,2.98,3.58,3.22,3.79,3.88,4.99,6.24,5.96,0.54,5.70,0.40,33.81,0.39,C3'-endo
27,27,0.36,G,G,G,0,0,1,0,0,(,43,1,cWW,cW-W,5.12,3.14,0.57,1.33,3.81,4.91,5.18,3.66,BI,anti,A,4.07,4.71,2.51,3.62,2.96,3.74,4.39,4.43,0.02,5.85,0.66,5.62,0.41,39.30,0.30,C3'-endo
28,28,0.37,G,G,G,0,0,1,0,0,(,42,1,cWW,cW-W,5.45,2.88,0.68,1.31,3.92,4.69,5.51,3.27,BI,anti,A,4.71,4.79,2.86,3.64,3.07,3.73,3.95,4.11,0.13,5.74,0.73,5.60,0.35,42.51,0.15,C3'-endo
29,29,0.38,G,G,G,0,0,1,0,0,(,41,1,cWW,cW-W,5.79,2.91,0.58,1.38,3.66,4.71,5.24,3.30,BI,anti,A,4.63,4.66,3.09,3.98,3.23,3.89,3.75,4.47,0.09,5.81,0.66,5.66,0.34,38.30,0.19,C3'-endo
30,30,0.39,G,G,G,0,0,1,0,0,(,40,1,cWW,cW-W,2.58,3.67,3.03,1.43,4.71,3.62,1.08,3.02,BII,anti,.,4.85,4.89,2.89,3.52,3.10,3.56,4.00,3.59,0.23,5.70,0.69,5.70,0.22,39.79,6.28,C2'-exo
31,31,0.41,A,A,A,1,0,0,0,0,(,39,1,cWW,cW-W,1.59,4.88,3.29,1.40,4.85,5.91,5.23,2.68,..,anti,.,4.21,4.42,3.31,4.53,3.41,4.38,3.57,5.29,6.26,5.93,0.58,5.68,0.40,35.31,0.37,C3'-endo
32,32,0.42,U,U,U,0,0,0,1,0,.,38,1,tWH,tW-M,4.33,1.66,2.65,1.45,4.60,5.52,5.36,3.17,..,anti,.,4.22,4.32,2.80,3.80,3.20,3.72,4.58,4.82,6.19,6.01,0.51,5.71,0.42,33.00,0.48,C3'-endo
33,33,0.43,U,U,U,0,0,0,1,0,.,,0,,,3.93,1.73,2.41,1.64,3.49,1.15,2.34,1.29,..,syn,.,-1.35,4.35,2.59,4.77,3.05,3.97,4.56,2.51,0.23,5.86,0.45,5.95,0.07,26.36,6.10,C2'-exo
34,34,0.45,G,G,G,0,0,1,0,0,.,0,1,cHH,cM+M,5.04,4.86,1.77,1.31,3.38,5.26,4.40,2.89,BI,anti,.,4.19,4.53,5.36,4.42,0.10,4.30,6.19,5.18,6.27,5.88,0.64,5.62,0.42,38.77,0.34,C3'-endo
35,35,0.46,A,A,A,1,0,0,0,0,.,,0,,,4.02,3.91,1.39,1.44,3.56,4.97,4.88,3.75,BI,anti,A,4.00,4.68,2.75,3.73,3.09,3.65,4.52,3.72,0.17,5.74,0.68,5.68,0.27,39.35,0.07,C3'-endo
36,36,0.47,A,A,A,1,0,0,0,0,.,,0,,,5.08,2.57,1.49,1.46,4.52,4.80,6.00,3.54,..,anti,.,4.04,4.79,3.29,4.54,3.44,4.32,3.74,4.80,0.13,5.83,0.58,5.76,0.25,33.58,0.11,C3'-endo
37,37,0.49,A,A,A,1,0,0,0,0,.,,0,,,1.42,3.81,4.09,1.56,4.20,4.88,5.61,3.31,..,anti,.,4.55,4.76,2.75,3.73,3.08,3.80,4.02,4.55,0.19,5.80,0.57,5.80,0.18,32.84,6.28,C2'-exo
38,38,0.50,A,A,A,1,0,0,0,0,.,32,1,tHW,tM-W,1.53,3.73,4.08,1.63,4.28,5.08,5.49,3.39,..,anti,.,4.51,4.85,2.91,3.70,3.26,3.94,4.31,4.96,0.32,5.71,0.59,5.86,0.07,34.67,6.07,C2'-exo
39,39,0.51,U,U,U,0,0,0,1,0,),31,1,cWW,cW-W,5.44,2.74,0.79,1.36,3.75,4.94,5.09,3.59,BI,anti,A,4.26,4.71,2.66,3.75,3.22,3.75,4.54,3.95,0.12,5.77,0.70,5.64,0.33,40.55,0.16,C3'-endo
40,40,0.53,C,C,C,0,1,0,0,0,),30,1,cWW,cW-W,5.38,3.06,0.71,1.36,3.80,4.63,5.45,3.76,BI,anti,A,3.83,4.70,2.95,3.49,3.10,3.58,3.50,3.91,0.01,5.86,0.65,5.62,0.41,39.06,0.31,C3'-endo
41,41,0.54,C,C,C,0,1,0,0,0,),29,1,cWW,cW-W,5.54,2.74,0.83,1.42,3.98,4.62,5.64,3.43,..,anti,.,4.40,4.64,3.10,4.14,3.20,3.97,3.59,4.32,6.26,5.92,0.59,5.66,0.41,36.26,0.37,C3'-endo
42,42,0.55,C,C,C,0,1,0,0,0,),28,1,cWW,cW-W,1.61,3.90,4.07,1.52,4.16,4.70,5.74,2.93,..,anti,.,4.63,4.73,3.12,3.74,3.26,3.74,3.99,4.45,0.16,5.80,0.61,5.75,0.24,34.96,0.08,C3'-endo
43,43,0.57,C,C,C,0,1,0,0,0,),27,1,cWW,cW-W,2.45,3.71,3.16,1.46,4.51,5.13,5.66,3.32,..,anti,.,4.46,4.76,2.74,3.82,3.11,3.73,4.02,4.39,0.06,5.86,0.61,5.70,0.33,35.60,0.23,C3'-endo
44,44,0.58,G,G,G,0,0,1,0,0,.,10,1,cHH,cM-M,4.27,1.98,3.03,1.43,3.25,0.99,2.26,5.50,..,...,.,-2.13,4.11,3.81,4.52,3.77,4.42,4.44,4.42,6.12,6.06,0.49,5.69,0.48,33.53,0.59,C3'-endo
45,45,0.59,U,U,U,0,0,0,1,0,.,,0,,,2.59,2.05,3.69,2.53,5.37,1.81,3.55,3.35,..,anti,.,-0.89,0.70,4.13,2.03,4.60,1.83,4.55,1.03,5.82,0.70,5.62,0.41,0.03,40.64,2.77,C2'-endo
46,46,0.61,G,G,G,0,0,1,0,0,.,8,1,cSS,cm-m,1.96,3.83,1.25,1.52,5.14,3.69,1.45,3.56,..,anti,.,2.62,3.31,2.17,4.58,1.85,4.88,1.19,5.12,6.02,6.21,0.35,5.77,0.49,29.84,0.83,C4'-exo
47,47,0.62,U,U,U,0,0,0,1,0,.,,0,,,0.28,0.92,2.69,1.33,3.05,2.50,0.55,3.84,..,anti,.,3.84,4.26,5.12,0.11,4.94,0.86,5.20,1.76,6.20,5.95,0.59,5.63,0.47,37.62,0.45,C3'-endo
48,48,0.63,C,C,C,0,1,0,0,0,.,21,1,tWH,tW-M,1.70,4.97,4.11,1.38,3.89,3.56,0.33,5.08,..,anti,.,-1.84,4.73,4.61,0.76,4.11,0.77,3.44,4.56,0.05,5.84,0.64,5.65,0.37,38.15,0.26,C3'-endo
49,49,0.64,C,C,C,0,1,0,0,0,(,65,1,cWW,cW-W,5.77,4.33,1.38,1.36,3.50,4.91,4.87,3.29,BI,anti,.,4.63,4.64,5.48,3.65,5.58,3.64,1.86,3.56,0.08,5.80,0.69,5.63,0.36,40.14,0.21,C3'-endo
50,50,0.66,U,U,U,0,0,0,1,0,(,64,1,cWW,cW-W,5.22,3.19,0.95,1.35,3.84,4.85,5.28,3.54,BI,anti,A,4.39,4.76,3.16,3.70,3.19,3.78,3.25,4.24,0.05,5.83,0.67,5.63,0.38,39.42,0.25,C3'-endo
51,51,0.67,U,U,U,0,0,0,1,0,(,63,1,cWW,cW-W,5.50,2.79,0.87,1.38,3.73,4.31,5.70,3.45,BI,anti,A,4.41,4.58,3.04,3.80,3.29,3.66,3.94,4.08,6.26,5.91,0.60,5.65,0.41,36.90,0.36,C3'-endo
52,52,0.68,G,G,G,0,0,1,0,0,(,62,1,cWW,cW-W,2.39,4.00,2.98,1.48,4.25,4.94,5.59,3.07,..,anti,A,4.83,4.82,2.77,3.91,2.99,3.89,3.71,4.40,0.15,5.80,0.61,5.75,0.24,34.92,0.08,C3'-endo
53,53,0.70,G,G,G,0,0,1,0,0,(,61,1,cWW,cW-W,5.24,2.70,1.12,1.37,3.47,5.16,4.59,3.18,BI,anti,A,4.46,4.49,2.76,3.74,3.24,3.75,4.24,4.28,6.23,5.92,0.61,5.63,0.44,37.71,0.40,C3'-endo
54,54,0.71,U,U,U,0,0,0,1,0,.,58,1,tWH,tW-M,4.85,3.51,1.06,1.48,4.38,5.09,5.58,3.69,..,anti,.,3.63,4.70,3.31,4.26,3.41,3.88,4.01,3.35,0.03,5.89,0.58,5.70,0.35,34.51,0.27,C3'-endo
55,55,0.72,U,U,U,0,0,0,1,0,.,57,1,tWH,tW-M,3.76,2.01,2.04,1.48,3.82,5.58,4.52,3.57,BI,anti,.,4.30,4.66,1.99,4.12,2.41,3.57,2.17,2.76,0.06,5.87,0.58,5.72,0.32,34.33,0.22,C3'-endo
56,56,0.74,C,C,C,0,1,0,0,0,.,,0,,,4.91,3.62,5.14,1.46,3.57,5.27,4.59,3.60,BI,anti,.,4.21,4.54,1.07,3.24,1.23,3.56,0.87,4.73,0.02,5.89,0.59,5.69,0.36,35.33,0.29,C3'-endo
57,57,0.75,G,G,G,0,0,1,0,0,.,55,1,tHW,tM-W,4.36,3.49,1.24,1.57,4.43,4.29,0.15,3.54,..,anti,.,4.05,4.70,2.97,3.59,3.27,3.65,4.35,3.63,0.14,5.84,0.55,5.80,0.22,31.62,0.07,C3'-endo
58,58,0.76,A,A,A,1,0,0,0,0,.,54,1,tHW,tM-W,5.09,1.66,2.08,1.33,1.34,1.50,6.12,3.14,..,anti,.,3.23,3.31,4.51,3.49,4.05,3.41,4.05,2.88,0.10,5.82,0.64,5.68,0.32,37.34,0.18,C3'-endo
59,59,0.78,U,U,U,0,0,0,1,0,.,,0,,,2.50,4.12,6.00,1.48,3.42,5.82,3.89,3.33,BI,anti,.,4.39,4.46,0.53,3.76,1.07,4.09,1.01,5.17,0.06,5.87,0.60,5.70,0.33,35.02,0.23,C3'-endo
60,60,0.79,U,U,U,0,0,0,1,0,.,,0,,,4.28,3.13,1.50,1.46,2.53,1.23,1.29,2.98,..,anti,.,3.18,3.84,2.77,5.94,3.62,5.31,5.06,5.45,0.11,5.83,0.60,5.73,0.28,34.64,0.15,C3'-endo
61,61,0.80,C,C,C,0,1,0,0,0,),53,1,cWW,cW-W,2.95,4.17,1.13,1.45,3.46,5.08,4.66,3.68,BI,anti,.,4.11,4.51,2.04,3.74,2.85,3.75,3.72,4.15,0.04,5.87,0.61,5.68,0.35,36.02,0.26,C3'-endo
62,62,0.82,C,C,C,0,1,0,0,0,),52,1,cWW,cW-W,5.02,3.05,1.03,1.30,3.89,4.71,5.47,3.32,BI,anti,.,4.70,4.79,2.91,3.49,3.09,3.58,3.76,3.70,0.14,5.73,0.74,5.60,0.34,43.09,0.15,C3'-endo
63,63,0.83,G,G,G,0,0,1,0,0,),51,1,cWW,cW-W,4.87,3.17,1.10,1.32,3.83,5.03,5.09,3.44,BI,anti,A,4.58,4.82,2.91,3.79,2.91,3.84,3.11,4.48,0.13,5.75,0.71,5.62,0.34,41.34,0.15,C3'-endo
64,64,0.84,A,A,A,1,0,0,0,0,),50,1,cWW,cW-W,5.20,2.93,1.03,1.34,4.13,5.39,5.02,3.45,..,anti,.,4.46,4.86,3.00,4.16,3.24,4.17,4.13,4.21,0.15,5.74,0.71,5.64,0.31,41.18,0.12,C3'-endo
65,65,0.86,G,G,G,0,0,1,0,0,),49,1,cWW,cW-W,4.71,2.07,2.63,1.43,4.15,4.94,5.50,2.77,..,anti,.,4.34,4.66,3.63,3.71,3.88,3.56,4.36,3.90,0.04,5.88,0.59,5.69,0.35,35.34,0.27,C3'-endo
66,66,0.87,U,U,U,0,0,0,1,0,),7,1,cWW,cW-W,3.06,2.96,2.61,1.38,4.17,4.70,5.75,3.26,..,anti,A,4.76,4.88,2.28,3.50,2.66,3.63,3.25,4.23,0.14,5.78,0.66,5.68,0.29,38.33,0.12,C3'-endo
67,67,0.88,C,C,C,0,1,0,0,0,),6,1,cWW,cW-W,5.73,2.79,0.61,1.41,3.64,4.91,5.01,3.42,BI,anti,A,4.48,4.60,2.95,3.69,3.23,3.71,4.01,4.09,0.01,5.88,0.62,5.65,0.39,37.50,0.31,C3'-endo
68,68,0.89,C,C,C,0,1,0,0,0,),5,1,cWW,cW-W,5.38,2.91,0.79,1.37,3.62,5.03,4.86,3.51,BI,anti,A,4.43,4.65,2.93,3.72,3.14,3.75,3.76,4.12,0.03,5.87,0.63,5.65,0.38,37.47,0.28,C3'-endo
69,69,0.91,G,G,G,0,0,1,0,0,),4,1,cWW,cW-W,5.27,2.90,1.05,1.37,3.77,4.88,5.18,3.41,BI,anti,A,4.47,4.61,3.07,3.67,3.32,3.66,3.93,4.19,6.26,5.90,0.62,5.64,0.42,37.59,0.35,C3'-endo
70,70,0.92,G,G,G,0,0,1,0,0,),3,1,cWW,cW-W,5.18,2.99,0.84,1.34,3.70,4.93,5.05,3.65,BI,anti,A,4.19,4.69,2.83,3.66,2.99,3.69,3.74,3.73,0.01,5.87,0.64,5.63,0.41,38.38,0.32,C3'-endo
71,71,0.93,G,G,G,0,0,1,0,0,),2,1,cWW,cW-W,5.39,2.86,0.84,1.33,3.32,4.97,4.64,3.57,BI,anti,A,4.17,4.37,2.86,3.96,3.13,3.73,3.41,4.34,6.20,5.95,0.61,5.61,0.48,38.81,0.45,C3'-endo
72,72,0.95,C,C,C,0,1,0,0,0,),1,1,cWW,cW-W,2.28,3.47,3.39,1.44,4.35,4.89,5.75,3.21,..,anti,.,4.76,4.86,2.84,3.80,3.00,3.72,3.98,3.94,0.14,5.83,0.60,5.75,0.25,34.43,0.10,C3'-endo
73,73,0.96,A,A,A,1,0,0,0,0,.,,0,,,0.87,3.70,5.09,1.55,3.75,4.96,5.07,3.24,BI,anti,A,4.56,4.58,3.11,3.51,3.26,3.63,3.69,4.56,0.14,5.84,0.55,5.79,0.22,31.86,0.07,C3'-endo
74,74,0.97,C,C,C,0,1,0,0,0,.,,0,,,2.70,3.46,2.94,1.40,4.38,4.69,5.97,3.11,..,anti,A,4.70,4.80,2.69,3.56,3.07,3.67,4.17,4.39,0.17,5.74,0.70,5.66,0.29,40.31,0.09,C3'-endo
75,75,0.99,C,C,C,0,1,0,0,0,.,,0,,,5.29,2.58,1.15,1.46,4.55,2.32,2.23,3.44,BII,anti,.,4.12,4.71,3.10,2.06,3.36,2.15,4.21,2.26,0.05,5.85,0.62,5.67,0.36,36.90,0.25,C3'-endo
76,76,1.00,A,A,A,1,0,0,0,0,.,0,1,c.W,c.+W,5.83,2.46,0.13,2.53,,,,0.85,n/a,syn,-,,,,,,,,,5.67,0.81,5.60,0.35,0.16,45.20,2.61,C2'-endo
