index_chain,old_nt_resnum,nt_position,nt_name,nt_code,nt_align_code,is_A,is_C,is_G,is_U,is_other,dbn,paired,nb_interact,pair_type_LW,pair_type_DSSR,alpha,beta,gamma,delta,epsilon,zeta,epsilon_zeta,chi,bb_type,glyco_bond,form,ssZp,Dp,eta,theta,eta_prime,theta_prime,eta_base,theta_base,v0,v1,v2,v3,v4,amplitude,phase_angle,puckering
1,2647,0.04,U,U,U,0,0,0,1,0,.,,0,,,,,0.69,2.56,4.23,2.01,2.22,3.69,..,anti,.,1.45,1.40,,,,,,,5.89,0.64,5.65,0.42,6.26,37.86,2.84,C2'-endo
2,2648,0.07,G,G,G,0,0,1,0,0,(,26,1,cWW,cW-W,4.64,2.60,1.38,1.49,3.65,5.12,4.81,3.20,BI,anti,A,4.46,4.52,3.29,3.92,3.39,3.82,3.47,4.35,0.04,5.90,0.56,5.73,0.33,33.42,0.26,C3'-endo
3,2649,0.11,C,C,C,0,1,0,0,0,(,25,1,cWW,cW-W,4.88,3.32,0.93,1.46,3.41,5.18,4.51,3.62,BI,anti,.,4.19,4.46,2.84,4.24,3.11,4.05,4.00,4.31,0.07,5.87,0.59,5.72,0.31,34.28,0.21,C3'-endo
4,2650,0.15,U,U,U,0,0,0,1,0,(,24,1,cWW,cW-W,2.39,3.31,3.39,1.43,3.87,5.05,5.10,3.33,BI,anti,A,4.54,4.69,2.85,3.32,3.14,3.47,3.77,4.31,0.08,5.81,0.67,5.65,0.35,39.04,0.21,C3'-endo
5,2651,0.19,5HM,c,C,0,0,0,0,1,(,23,1,cWW,cW-W,5.11,2.93,1.02,1.38,3.60,5.02,4.86,3.42,BI,anti,A,4.52,4.65,2.82,3.68,3.18,3.66,4.26,3.86,0.02,5.84,0.67,5.61,0.41,40.15,0.29,C3'-endo
6,2652,0.22,C,C,C,0,1,0,0,0,(,22,1,cWW,cW-W,5.16,3.14,0.95,1.38,3.67,5.29,4.66,3.49,BI,anti,.,4.31,4.55,3.02,3.96,3.18,4.02,3.58,4.95,6.28,5.87,0.65,5.61,0.42,39.27,0.33,C3'-endo
7,2653,0.26,U,U,U,0,0,0,1,0,.,21,1,tW.,tW-.,5.02,3.08,1.00,1.41,3.64,0.98,2.65,3.68,..,anti,.,4.05,4.59,2.87,5.88,3.26,5.15,4.47,4.55,0.02,5.88,0.60,5.67,0.37,36.21,0.29,C3'-endo
8,2654,0.30,A,A,A,1,0,0,0,0,.,20,1,tHH,tM+M,2.95,2.43,0.89,2.59,4.71,2.78,1.93,3.94,BII,anti,.,0.54,0.67,0.96,2.94,2.19,2.39,2.27,2.72,5.86,0.66,5.64,0.42,6.28,38.76,2.82,C2'-endo
9,2655,0.33,G,G,G,0,0,1,0,0,.,10,1,cSH,cm+M,4.67,1.41,3.15,2.62,3.37,2.55,0.82,4.60,..,anti,.,2.23,2.19,5.52,0.46,4.85,1.06,4.65,1.64,5.82,0.74,5.56,0.47,6.28,43.49,2.82,C2'-endo
10,2656,0.37,U,U,U,0,0,0,1,0,.,"9,19",2,"cHS,tWH","cM+m,tW-M",5.02,2.62,0.78,1.48,3.90,5.13,5.05,3.17,BI,anti,.,4.56,4.62,2.97,4.16,2.81,4.15,2.81,4.60,0.07,5.87,0.58,5.73,0.31,34.10,0.20,C3'-endo
11,2657,0.41,A,A,A,1,0,0,0,0,.,18,1,tHS,tM-m,5.08,3.10,0.92,1.37,3.82,5.29,4.82,3.33,BI,anti,.,4.47,4.60,2.85,4.09,3.18,4.17,4.01,5.12,6.26,5.89,0.64,5.61,0.44,38.97,0.36,C3'-endo
12,2658,0.44,C,C,C,0,1,0,0,0,(,17,1,cWW,cW-W,5.16,3.02,0.89,1.39,3.78,5.13,4.93,3.44,BI,anti,A,4.52,4.69,2.82,3.93,3.26,3.96,4.59,4.58,0.04,5.85,0.64,5.65,0.37,38.03,0.26,C3'-endo
13,2659,0.48,G,G,G,0,0,1,0,0,.,16,1,tSH,tm-M,5.17,3.06,0.83,1.36,3.99,5.22,5.05,3.38,BI,anti,.,4.61,4.80,2.86,4.37,3.14,3.56,4.05,2.63,0.04,5.83,0.66,5.63,0.39,39.40,0.27,C3'-endo
14,2660,0.52,A,A,A,1,0,0,0,0,.,,0,,,2.95,2.34,0.97,1.42,4.18,4.92,5.54,3.37,..,anti,.,4.45,4.72,0.21,4.15,0.77,4.12,0.43,4.94,0.05,5.83,0.65,5.64,0.38,38.65,0.25,C3'-endo
15,2661,0.56,G,G,G,0,0,1,0,0,.,,0,,,5.14,2.49,1.30,1.44,3.63,5.22,4.69,3.46,BI,anti,.,4.38,4.56,2.76,3.99,3.29,3.88,4.59,4.63,0.09,5.83,0.63,5.69,0.32,36.80,0.19,C3'-endo
16,2662,0.59,A,A,A,1,0,0,0,0,.,13,1,tHS,tM-m,5.11,3.12,0.85,1.44,3.80,5.16,4.93,3.67,BI,anti,.,4.05,4.67,2.91,4.65,3.22,4.71,4.33,5.28,0.07,5.85,0.61,5.69,0.33,35.93,0.22,C3'-endo
17,2663,0.63,G,G,G,0,0,1,0,0,),12,1,cWW,cW-W,2.49,3.90,3.16,1.41,3.98,5.21,5.05,3.29,BI,anti,.,4.71,4.81,2.87,3.83,3.57,3.88,4.73,4.67,0.16,5.75,0.68,5.68,0.28,39.14,0.09,C3'-endo
18,2664,0.67,G,G,G,0,0,1,0,0,.,11,1,tSH,tm-M,5.29,2.98,0.95,1.38,3.51,4.92,4.87,3.39,BI,anti,.,4.56,4.63,2.90,3.02,3.39,2.69,4.64,2.48,0.12,5.76,0.70,5.63,0.33,40.59,0.16,C3'-endo
19,2665,0.70,A,A,A,1,0,0,0,0,.,10,1,tHW,tM-W,4.36,1.47,2.90,1.37,3.68,4.98,4.98,3.16,BI,anti,.,4.77,4.73,3.49,2.60,3.04,2.96,2.69,3.31,0.21,5.69,0.73,5.65,0.27,41.93,0.05,C3'-endo
20,2666,0.74,C,C,C,0,1,0,0,0,.,8,1,tHH,tM+M,5.27,2.99,1.15,1.39,4.04,5.07,5.25,3.33,BI,anti,.,4.56,4.73,3.26,4.10,3.44,4.15,3.77,5.03,0.07,5.81,0.67,5.63,0.37,39.49,0.23,C3'-endo
21,2667,0.78,C,C,C,0,1,0,0,0,.,7,1,t.W,t.-W,5.21,2.82,0.98,1.42,3.86,5.30,4.84,3.44,BI,anti,.,4.50,4.70,2.80,4.21,3.23,4.21,4.51,5.00,0.07,5.83,0.65,5.66,0.35,38.20,0.23,C3'-endo
22,2668,0.81,G,G,G,0,0,1,0,0,),6,1,cWW,cW-W,4.93,3.08,1.04,1.33,3.80,4.98,5.10,3.32,BI,anti,A,4.70,4.76,2.74,3.79,3.18,3.85,4.45,4.35,0.10,5.77,0.70,5.62,0.35,41.02,0.18,C3'-endo
23,2669,0.85,G,G,G,0,0,1,0,0,),5,1,cWW,cW-W,5.35,2.84,1.09,1.39,3.86,4.85,5.29,3.28,BI,anti,A,4.53,4.64,3.10,3.72,3.39,3.70,4.18,4.13,0.04,5.84,0.65,5.63,0.39,38.93,0.27,C3'-endo
24,2670,0.89,A,A,A,1,0,0,0,0,),4,1,cWW,cW-W,5.08,2.96,0.98,1.38,3.54,5.22,4.60,3.45,BI,anti,A,4.47,4.61,2.81,3.79,3.01,3.76,3.74,4.08,0.10,5.78,0.69,5.63,0.35,40.24,0.19,C3'-endo
25,2671,0.93,G,G,G,0,0,1,0,0,),3,1,cWW,cW-W,4.94,3.09,1.18,1.36,3.75,5.11,4.93,3.40,BI,anti,A,4.52,4.66,2.98,3.81,3.23,3.82,3.84,4.53,0.02,5.85,0.66,5.62,0.41,39.45,0.30,C3'-endo
26,2672,0.96,U,U,U,0,0,0,1,0,),2,1,cWW,cW-W,5.05,2.89,1.08,1.32,3.68,5.06,4.90,3.41,BI,anti,A,4.56,4.70,2.81,3.71,3.14,3.66,4.19,3.80,0.07,5.79,0.70,5.60,0.39,41.40,0.23,C3'-endo
27,2673,1.00,G,G,G,0,0,1,0,0,.,,0,,,5.19,3.09,0.91,1.30,,,,3.55,n/a,anti,-,,,,,,,,,6.22,5.90,0.65,5.58,0.48,40.31,0.41,C3'-endo
