index_chain,old_nt_resnum,nt_position,nt_name,nt_code,nt_align_code,is_A,is_C,is_G,is_U,is_other,dbn,paired,nb_interact,pair_type_LW,pair_type_DSSR,alpha,beta,gamma,delta,epsilon,zeta,epsilon_zeta,chi,bb_type,glyco_bond,form,ssZp,Dp,eta,theta,eta_prime,theta_prime,eta_base,theta_base,v0,v1,v2,v3,v4,amplitude,phase_angle,puckering
1,26,0.03,U,U,U,0,0,0,1,0,(,33,1,cWW,cW-W,,3.14,1.43,1.44,3.60,5.08,4.81,3.43,BI,anti,A,4.48,4.61,,3.74,,3.68,,4.02,0.12,5.74,0.73,5.61,0.35,42.14,0.16,C3'-endo
2,27,0.06,G,G,G,0,0,1,0,0,(,32,1,cWW,cW-W,5.01,3.15,1.06,1.45,3.71,4.87,5.13,3.56,BI,anti,A,4.28,4.58,3.04,3.64,3.24,3.64,3.82,4.01,0.08,5.79,0.69,5.63,0.37,40.16,0.21,C3'-endo
3,28,0.09,C,C,C,0,1,0,0,0,(,31,1,cWW,cW-W,5.14,2.88,0.90,1.42,3.68,4.95,5.00,3.52,BI,anti,A,4.40,4.69,2.80,3.76,3.02,3.76,3.65,4.23,0.12,5.73,0.75,5.59,0.36,43.31,0.17,C3'-endo
4,29,0.12,A,A,A,1,0,0,0,0,(,30,1,cWW,cW-W,5.24,2.98,0.86,1.42,3.77,4.96,5.10,3.44,BI,anti,A,4.51,4.72,2.91,3.84,3.14,3.87,3.89,4.34,0.09,5.78,0.69,5.62,0.36,40.60,0.20,C3'-endo
5,30,0.15,C,C,C,0,1,0,0,0,(,29,1,cWW,cW-W,5.31,2.86,0.98,1.32,3.65,5.25,4.68,3.38,BI,anti,.,4.59,4.63,2.98,3.93,3.26,4.00,4.04,4.83,0.03,5.80,0.72,5.57,0.43,42.82,0.28,C3'-endo
6,31,0.18,C,C,C,0,1,0,0,0,(,"26,27",2,"cWW,...","cW-W,....",5.09,3.14,0.88,1.39,3.85,4.95,5.18,3.48,BI,anti,A,4.41,4.71,2.93,3.82,3.28,3.87,4.43,4.35,0.12,5.74,0.74,5.59,0.36,43.12,0.17,C3'-endo
7,32,0.21,U,U,U,0,0,0,1,0,(,25,1,cWW,cW-W,5.24,2.93,0.91,1.33,3.43,4.83,4.89,3.50,BI,anti,A,4.38,4.61,2.92,3.86,3.18,3.74,3.91,4.04,0.05,5.79,0.71,5.58,0.41,42.20,0.25,C3'-endo
8,33,0.24,G,G,G,0,0,1,0,0,(,24,1,cWW,cW-W,2.59,3.66,3.10,1.61,3.72,4.96,5.05,3.21,BI,anti,A,4.17,4.45,3.04,3.39,3.30,3.57,3.92,3.97,0.22,5.74,0.65,5.75,0.20,37.06,6.27,C2'-exo
9,34,0.27,A,A,A,1,0,0,0,0,(,23,1,cWW,cW-W,5.16,3.27,1.00,2.72,4.22,1.96,2.26,4.06,..,anti,.,1.85,1.58,3.18,2.53,3.73,2.15,4.17,1.92,5.93,0.64,5.63,0.47,6.21,38.52,2.93,C2'-endo
10,35,0.30,C,C,C,0,1,0,0,0,.,,0,,,3.00,3.98,0.95,1.43,3.57,5.32,4.53,3.41,BI,anti,.,4.58,4.68,2.18,3.98,1.87,4.09,1.82,4.81,0.09,5.77,0.72,5.60,0.37,41.88,0.20,C3'-endo
11,36,0.33,C,C,C,0,1,0,0,0,.,24,1,cWS,cW-m,5.13,3.08,0.89,1.37,3.96,4.61,5.63,3.49,..,anti,.,4.39,4.77,3.05,3.53,3.37,3.66,4.33,4.04,6.26,5.85,0.69,5.57,0.46,41.90,0.35,C3'-endo
12,37,0.36,C,C,C,0,1,0,0,0,.,23,1,cWS,cW-m,5.06,3.05,0.88,1.42,3.95,5.30,4.93,3.26,BI,anti,.,4.79,4.80,2.99,4.26,3.02,4.37,3.43,5.21,0.08,5.77,0.72,5.58,0.39,42.46,0.22,C3'-endo
13,38,0.39,C,C,C,0,1,0,0,0,(,19,1,cWW,cW-W,5.15,2.97,0.97,1.42,3.61,4.98,4.92,3.43,BI,anti,A,4.64,4.69,2.80,3.72,3.35,3.70,4.68,4.02,0.08,5.81,0.67,5.64,0.36,39.23,0.21,C3'-endo
14,39,0.42,A,A,A,1,0,0,0,0,.,21,1,cSW,cm-W,5.23,2.98,1.01,1.42,3.46,4.77,4.98,3.54,BI,anti,.,4.30,4.53,3.07,3.34,3.30,3.50,3.87,3.24,0.04,5.82,0.69,5.60,0.41,40.78,0.27,C3'-endo
15,40,0.45,U,U,U,0,0,0,1,0,.,20,1,tSH,tm-M,5.13,3.17,1.14,2.57,4.62,5.42,5.48,4.40,..,anti,-,,,3.55,5.71,3.83,5.33,3.46,,5.96,0.60,5.65,0.47,6.19,36.92,2.95,C2'-endo
16,41,0.48,G,G,G,0,0,1,0,0,.,,0,,,5.01,2.59,2.97,2.16,3.63,1.20,2.43,,..,n/a,-,,,4.84,6.20,5.35,5.88,0.00,0.00,5.66,0.66,5.83,0.10,0.33,38.19,2.31,C1'-exo
17,42,0.52,C,C,C,0,1,0,0,0,.,,0,,,1.05,2.78,3.14,1.44,3.87,5.33,4.82,3.34,BI,anti,.,4.17,4.28,1.54,3.40,1.85,3.64,,4.63,6.11,6.05,0.53,5.63,0.52,36.92,0.60,C3'-endo
18,43,0.55,C,C,C,0,1,0,0,0,.,,0,,,4.99,2.95,1.05,1.53,4.25,4.73,5.80,3.56,..,anti,.,3.55,4.20,2.95,4.42,3.37,4.05,4.48,4.56,6.12,6.04,0.53,5.64,0.51,36.40,0.58,C3'-endo
19,44,0.58,G,G,G,0,0,1,0,0,),"13,22",2,"cWW,tSW","cW-W,tm+W",1.21,3.16,0.66,2.55,3.67,2.12,1.54,5.38,..,anti,.,0.42,1.85,4.77,1.96,5.51,1.28,5.22,1.20,5.95,0.59,5.67,0.43,6.22,35.97,2.92,C2'-endo
20,45,0.61,A,A,A,1,0,0,0,0,.,15,1,tHS,tM-m,2.86,3.09,1.04,1.46,3.94,5.16,5.07,3.13,BI,anti,.,4.82,4.71,1.47,4.21,1.59,4.25,1.88,5.03,0.08,5.81,0.66,5.65,0.35,38.69,0.21,C3'-endo
21,46,0.64,A,A,A,1,0,0,0,0,.,14,1,cWS,cW-m,5.12,3.03,0.94,1.46,3.80,5.20,4.88,3.31,BI,anti,.,4.71,4.71,2.88,4.05,3.27,4.06,4.48,4.85,0.02,5.85,0.65,5.63,0.40,39.04,0.29,C3'-endo
22,47,0.67,C,C,C,0,1,0,0,0,.,19,1,tWS,tW+m,4.89,3.01,1.01,1.36,3.78,5.17,4.89,3.45,BI,anti,A,4.57,4.75,2.74,3.94,3.09,3.97,4.25,4.66,0.08,5.76,0.73,5.58,0.39,42.71,0.22,C3'-endo
23,48,0.70,U,U,U,0,0,0,1,0,),"9,12",2,"cWW,cSW","cW-W,cm-W",5.04,3.08,0.95,1.38,3.71,5.02,4.97,3.41,BI,anti,A,4.57,4.77,2.87,3.78,3.18,3.83,4.21,4.44,0.11,5.74,0.75,5.58,0.38,43.45,0.18,C3'-endo
24,49,0.73,C,C,C,0,1,0,0,0,),"8,11",2,"cWW,cSW","cW-W,cm-W",5.17,2.81,1.05,1.32,3.49,5.14,4.64,3.46,BI,anti,A,4.43,4.59,2.88,3.73,3.23,3.72,4.17,4.10,0.06,5.76,0.76,5.55,0.42,44.88,0.24,C3'-endo
25,50,0.76,A,A,A,1,0,0,0,0,),7,1,cWW,cW-W,5.07,3.08,1.08,1.37,3.63,4.98,4.94,3.55,BI,anti,A,4.13,4.47,3.05,3.70,3.29,3.71,3.91,4.10,6.25,5.88,0.68,5.57,0.47,41.56,0.37,C3'-endo
26,51,0.79,G,G,G,0,0,1,0,0,),6,1,cWW,cW-W,5.07,3.03,1.07,1.43,3.46,4.24,5.50,3.70,BI,anti,.,3.93,4.38,3.00,2.90,3.22,3.14,3.79,2.71,6.26,5.87,0.66,5.59,0.46,40.56,0.36,C3'-endo
27,52,0.82,A,A,A,1,0,0,0,0,.,6,1,...,....,4.03,3.18,2.04,2.50,,,,4.33,..,anti,-,,,,,,,,,6.07,0.50,5.71,0.47,6.12,32.94,3.10,C2'-endo
28,not resolved,0.85,-,-,-,0,0,0,0,1,,,0,,,,,,,,,,,,,,,,,,,,,,,,,,,,,
29,54,0.88,G,G,G,0,0,1,0,0,),5,1,cWW,cW-W,,2.53,0.41,1.31,3.95,4.81,5.43,3.13,BI,anti,A,4.71,4.71,,3.69,,3.80,,4.27,0.00,5.82,0.72,5.55,0.46,43.28,0.32,C3'-endo
30,55,0.91,U,U,U,0,0,0,1,0,),4,1,cWW,cW-W,5.37,3.15,0.59,1.38,3.54,5.19,4.64,3.49,BI,anti,A,4.46,4.66,2.91,3.69,3.06,3.73,3.68,4.12,0.11,5.77,0.70,5.63,0.35,40.76,0.17,C3'-endo
31,56,0.94,G,G,G,0,0,1,0,0,),3,1,cWW,cW-W,4.96,3.23,0.94,1.33,3.70,5.01,4.98,3.48,BI,anti,A,4.47,4.72,2.92,3.64,3.08,3.72,3.66,4.32,0.09,5.74,0.75,5.56,0.40,44.15,0.21,C3'-endo
32,57,0.97,C,C,C,0,1,0,0,0,),2,1,cWW,cW-W,5.21,2.95,0.98,1.38,3.59,5.09,4.78,3.59,BI,anti,A,4.29,4.64,2.95,3.72,3.22,3.70,4.04,4.01,0.11,5.76,0.72,5.62,0.35,41.59,0.17,C3'-endo
33,58,1.00,A,A,A,1,0,0,0,0,),1,1,cWW,cW-W,4.84,2.98,1.27,1.42,,,,3.46,..,anti,-,,,,,,,,,0.04,5.84,0.64,5.65,0.38,38.16,0.26,C3'-endo
