index_chain,old_nt_resnum,nt_position,nt_name,nt_code,nt_align_code,is_A,is_C,is_G,is_U,is_other,dbn,paired,nb_interact,pair_type_LW,pair_type_DSSR,alpha,beta,gamma,delta,epsilon,zeta,epsilon_zeta,chi,bb_type,glyco_bond,form,ssZp,Dp,eta,theta,eta_prime,theta_prime,eta_base,theta_base,v0,v1,v2,v3,v4,amplitude,phase_angle,puckering
1,1,0.01,G,G,G,0,0,1,0,0,(,69,1,cWW,cW-W,,3.16,3.86,1.55,3.93,5.06,5.15,3.18,BI,anti,A,4.58,4.63,,3.32,,3.54,,4.37,0.12,5.86,0.55,5.79,0.24,31.70,0.11,C3'-endo
2,2,0.03,G,G,G,0,0,1,0,0,(,68,1,cWW,cW-W,5.39,3.20,0.40,1.42,3.36,5.13,4.52,3.49,BI,anti,A,4.47,4.59,2.69,3.87,3.01,3.85,4.00,4.14,0.16,5.76,0.67,5.68,0.28,38.54,0.10,C3'-endo
3,3,0.04,G,G,G,0,0,1,0,0,(,67,1,cWW,cW-W,3.23,3.31,2.66,1.43,3.74,5.16,4.86,3.15,BI,anti,A,4.70,4.70,2.87,3.64,3.17,3.67,3.76,4.22,0.12,5.80,0.65,5.69,0.30,37.63,0.14,C3'-endo
4,4,0.06,A,A,A,1,0,0,0,0,(,66,1,cWW,cW-W,5.02,3.51,0.78,1.47,3.52,5.04,4.77,3.59,BI,anti,A,4.31,4.61,2.94,3.67,3.16,3.72,3.91,4.08,0.10,5.82,0.62,5.70,0.30,36.21,0.16,C3'-endo
5,5,0.07,G,G,G,0,0,1,0,0,(,65,1,cWW,cW-W,5.23,2.96,0.97,1.44,3.65,5.07,4.87,3.46,BI,anti,A,4.48,4.63,2.99,3.80,3.23,3.78,3.81,4.23,0.05,5.86,0.61,5.68,0.34,36.27,0.24,C3'-endo
6,6,0.09,U,U,U,0,0,0,1,0,(,64,1,cWW,cW-W,5.00,3.02,1.06,1.37,3.62,5.05,4.86,3.46,BI,anti,A,4.51,4.66,2.88,3.72,3.13,3.72,3.88,4.24,0.03,5.85,0.65,5.63,0.39,38.65,0.28,C3'-endo
7,7,0.10,A,A,A,1,0,0,0,0,(,63,1,cWW,cW-W,5.28,3.04,0.76,1.41,3.69,4.89,5.08,3.50,BI,anti,A,4.45,4.67,2.90,3.66,3.13,3.69,3.91,4.07,0.06,5.85,0.63,5.67,0.35,37.21,0.24,C3'-endo
8,8,0.12,C,C,C,0,1,0,0,0,(,62,1,cWW,cW-W,5.34,2.95,0.76,1.37,3.51,5.02,4.77,3.73,BI,anti,A,4.07,4.64,2.85,3.61,3.05,3.63,3.66,4.02,0.05,5.83,0.66,5.63,0.38,39.24,0.25,C3'-endo
9,9,0.13,G,G,G,0,0,1,0,0,(,61,1,cWW,cW-W,5.35,3.05,0.79,1.41,3.72,5.05,4.95,3.39,BI,anti,A,4.59,4.70,3.03,3.78,3.21,3.82,3.80,4.38,0.09,5.81,0.66,5.66,0.34,38.59,0.19,C3'-endo
10,10,0.14,G,G,G,0,0,1,0,0,(,60,1,cWW,cW-W,5.19,2.89,0.99,1.37,3.74,5.03,5.00,3.30,BI,anti,A,4.65,4.69,2.91,3.83,3.19,3.87,4.06,4.51,0.06,5.81,0.68,5.62,0.38,40.04,0.24,C3'-endo
11,11,0.16,U,U,U,0,0,0,1,0,.,59,1,cWW,cW-W,5.54,2.93,0.78,1.42,3.57,4.93,4.92,3.40,BI,anti,A,4.53,4.60,3.05,3.61,3.37,3.62,4.35,3.92,0.08,5.83,0.64,5.67,0.34,37.51,0.21,C3'-endo
12,12,0.17,G,G,G,0,0,1,0,0,(,58,1,cWW,cW-W,5.46,3.03,0.65,1.38,3.80,4.75,5.34,3.55,BI,anti,A,4.30,4.70,2.98,3.66,3.13,3.68,3.63,3.81,0.12,5.78,0.69,5.65,0.33,39.92,0.16,C3'-endo
13,13,0.19,A,A,A,1,0,0,0,0,.,57,1,cWW,cW-W,5.76,2.72,0.61,1.25,3.52,5.04,4.77,3.55,BI,anti,A,4.36,4.65,2.91,3.54,3.09,3.61,3.44,4.17,6.25,5.86,0.70,5.55,0.48,42.95,0.37,C3'-endo
14,14,0.20,G,G,G,0,0,1,0,0,.,56,1,tW.,tW-.,5.22,2.93,1.08,1.36,3.92,4.77,5.43,3.61,BI,anti,.,4.16,4.73,3.13,3.62,3.34,3.82,4.05,3.73,0.03,5.85,0.67,5.62,0.40,39.76,0.29,C3'-endo
15,15,0.22,G,G,G,0,0,1,0,0,.,"19,49",2,"cWH,cHW","cW+M,cM+W",5.43,3.41,1.11,2.71,4.61,2.67,1.93,4.90,BII,anti,B,1.32,1.15,3.89,3.07,4.19,2.83,3.84,3.70,5.81,0.74,5.58,0.45,0.01,42.88,2.80,C2'-endo
16,16,0.23,G,G,G,0,0,1,0,0,.,"20,46",2,"cWH,cHW","cW+M,cM+W",5.18,2.58,0.53,2.44,4.67,1.52,3.15,4.27,..,anti,.,0.32,0.67,3.51,2.21,3.60,1.51,4.31,2.96,5.74,0.72,5.67,0.32,0.14,40.38,2.62,C2'-endo
17,17,0.25,U,U,U,0,0,0,1,0,.,,0,,,0.77,3.00,1.00,2.58,4.83,1.68,3.15,0.18,..,syn,.,-0.32,0.47,6.09,2.42,6.19,1.68,4.83,1.08,5.90,0.64,5.65,0.43,6.25,37.77,2.87,C2'-endo
18,18,0.26,C,C,C,0,1,0,0,0,(,"47,55",2,"tH.,cWW","tM-.,cW-W",1.14,2.89,0.77,1.37,3.38,5.08,4.58,3.48,BI,anti,.,4.27,4.46,5.88,4.08,5.79,3.87,0.38,4.10,0.01,5.86,0.65,5.62,0.41,39.24,0.31,C3'-endo
19,19,0.28,G,G,G,0,0,1,0,0,.,"15,53",2,"cHW,cWH","cM+W,cW+M",2.52,3.40,3.24,1.43,3.81,4.86,5.23,3.25,BI,anti,A,4.64,4.71,2.91,3.19,3.14,3.32,3.75,3.86,0.13,5.78,0.67,5.67,0.31,38.96,0.14,C3'-endo
20,20,0.29,G,G,G,0,0,1,0,0,.,"16,51",2,"cHW,cWH","cM+W,cW+M",5.33,2.85,0.90,1.36,3.72,5.15,4.85,3.37,BI,anti,A,4.58,4.71,2.93,3.90,3.17,3.93,3.88,4.55,0.07,5.80,0.70,5.61,0.38,41.10,0.23,C3'-endo
21,21,0.30,G,G,G,0,0,1,0,0,.,,0,,,5.10,3.01,1.09,1.36,3.66,5.14,4.81,3.38,BI,anti,A,4.57,4.67,2.95,3.84,3.27,3.87,4.25,4.45,0.02,5.85,0.66,5.62,0.40,39.34,0.29,C3'-endo
22,22,0.32,U,U,U,0,0,0,1,0,(,45,1,cWW,cW-W,5.11,2.94,1.08,1.40,3.71,5.05,4.95,3.41,BI,anti,A,4.51,4.66,2.93,3.87,3.27,3.85,4.18,4.36,0.04,5.83,0.67,5.62,0.39,39.79,0.26,C3'-endo
23,23,0.33,C,C,C,0,1,0,0,0,(,44,1,cWW,cW-W,5.33,2.80,1.00,1.31,3.58,5.03,4.84,3.36,BI,anti,A,4.57,4.61,2.93,3.66,3.25,3.68,4.15,4.27,6.24,5.88,0.67,5.57,0.47,41.46,0.38,C3'-endo
24,24,0.35,C,C,C,0,1,0,0,0,(,41,1,cWW,cW-W,5.23,3.06,0.95,1.41,3.66,4.93,5.01,3.37,BI,anti,A,4.52,4.61,3.04,3.68,3.26,3.71,4.09,4.13,0.03,5.86,0.64,5.65,0.38,37.87,0.28,C3'-endo
25,25,0.36,A,A,A,1,0,0,0,0,(,40,1,cWW,cW-W,5.29,3.02,0.79,1.44,3.56,5.07,4.77,3.53,BI,anti,A,4.34,4.58,2.94,3.73,3.15,3.74,3.79,4.16,0.09,5.82,0.64,5.67,0.33,37.41,0.20,C3'-endo
26,26,0.38,G,G,G,0,0,1,0,0,(,39,1,cWW,cW-W,5.11,3.12,0.86,1.43,3.77,5.00,5.05,3.51,BI,anti,A,4.40,4.70,2.93,3.83,3.13,3.86,3.77,4.40,0.10,5.80,0.66,5.66,0.33,38.62,0.18,C3'-endo
27,27,0.39,U,U,U,0,0,0,1,0,(,38,1,cWW,cW-W,5.39,2.98,0.72,1.36,3.61,5.05,4.84,3.52,BI,anti,A,4.45,4.68,2.89,3.68,3.14,3.71,3.96,4.15,0.07,5.81,0.68,5.63,0.37,39.74,0.23,C3'-endo
28,28,0.41,A,A,A,1,0,0,0,0,(,37,1,cWW,cW-W,5.44,3.06,0.67,1.40,3.32,4.96,4.64,3.57,BI,anti,A,4.32,4.49,2.95,3.91,3.19,3.77,3.88,4.08,0.04,5.85,0.63,5.66,0.37,37.45,0.26,C3'-endo
29,29,0.42,G,G,G,0,0,1,0,0,(,36,1,cWW,cW-W,2.70,3.48,3.02,1.41,4.04,4.89,5.44,3.22,BI,anti,A,4.74,4.79,2.82,3.55,3.06,3.61,3.70,4.10,0.14,5.78,0.66,5.68,0.29,38.32,0.12,C3'-endo
30,30,0.43,G,G,G,0,0,1,0,0,(,35,1,cWW,cW-W,5.55,2.84,0.78,1.33,3.84,4.99,5.13,3.30,BI,anti,A,4.65,4.70,2.95,3.79,3.23,3.85,3.98,4.53,0.01,5.85,0.67,5.60,0.43,40.56,0.31,C3'-endo
31,31,0.45,U,U,U,0,0,0,1,0,.,34,1,t.W,t.+W,5.29,2.93,0.95,1.37,3.49,4.57,5.20,3.46,BI,anti,.,4.49,4.60,2.92,3.12,3.23,2.54,4.20,1.68,0.05,5.82,0.68,5.61,0.39,40.07,0.26,C3'-endo
32,32,0.46,A,A,A,1,0,0,0,0,.,,0,,,3.63,2.69,0.81,2.60,4.76,5.13,5.92,4.93,..,anti,.,0.22,0.69,1.47,5.80,1.70,5.37,1.23,6.20,5.94,0.61,5.66,0.44,6.22,36.59,2.91,C2'-endo
33,33,0.48,C,C,C,0,1,0,0,0,.,,0,,,4.96,3.34,0.90,2.56,5.15,1.38,3.77,0.97,..,syn,.,-0.11,0.28,3.00,2.09,3.91,1.33,3.86,1.76,5.85,0.68,5.64,0.42,0.01,39.34,2.80,C2'-endo
34,34,0.49,G,G,G,0,0,1,0,0,.,31,1,tW.,tW+.,2.30,2.54,1.95,1.51,4.53,4.59,6.22,1.20,..,syn,.,-0.93,4.45,1.87,3.96,1.69,4.21,2.72,3.94,6.25,5.96,0.53,5.72,0.37,32.66,0.38,C3'-endo
35,35,0.51,C,C,C,0,1,0,0,0,),30,1,cWW,cW-W,5.78,1.81,1.80,1.37,3.44,5.10,4.62,3.35,BI,anti,A,4.63,4.61,3.21,3.61,4.09,3.32,4.38,3.65,0.06,5.82,0.68,5.62,0.38,39.91,0.24,C3'-endo
36,36,0.52,C,C,C,0,1,0,0,0,),29,1,cWW,cW-W,5.10,3.27,0.93,1.43,3.66,5.01,4.93,3.39,BI,anti,A,4.54,4.65,3.07,3.72,3.22,3.76,3.81,4.01,0.11,5.80,0.66,5.67,0.32,38.18,0.17,C3'-endo
37,37,0.54,U,U,U,0,0,0,1,0,),28,1,cWW,cW-W,5.24,2.99,0.96,1.39,3.63,4.96,4.95,3.39,BI,anti,A,4.50,4.59,2.99,3.64,3.23,3.66,3.71,4.16,0.01,5.87,0.63,5.64,0.40,38.14,0.31,C3'-endo
38,38,0.55,A,A,A,1,0,0,0,0,),27,1,cWW,cW-W,5.19,3.00,0.94,1.44,3.74,4.95,5.07,3.50,BI,anti,A,4.40,4.67,2.98,3.78,3.19,3.79,3.90,4.27,0.09,5.82,0.64,5.68,0.32,37.29,0.19,C3'-endo
39,39,0.57,C,C,C,0,1,0,0,0,),26,1,cWW,cW-W,5.40,2.95,0.71,1.38,3.51,5.25,4.54,3.54,BI,anti,A,4.35,4.60,2.89,3.79,3.14,3.82,3.90,4.37,0.07,5.81,0.67,5.64,0.36,39.36,0.22,C3'-endo
40,40,0.58,U,U,U,0,0,0,1,0,),25,1,cWW,cW-W,5.13,3.20,0.84,1.40,3.61,5.13,4.76,3.65,BI,anti,A,4.12,4.61,2.94,3.75,3.20,3.77,4.00,4.12,0.06,5.83,0.65,5.64,0.37,38.63,0.25,C3'-endo
41,41,0.59,G,G,G,0,0,1,0,0,),24,1,cWW,cW-W,5.23,3.06,0.85,1.38,3.63,4.93,4.98,3.63,BI,anti,.,4.15,4.57,2.94,3.51,3.17,3.74,3.73,3.71,6.23,5.93,0.61,5.63,0.45,37.92,0.41,C3'-endo
42,42,0.61,U,U,U,0,0,0,1,0,.,45,1,cWH,cW+M,5.02,3.71,1.11,2.19,4.91,1.45,3.46,4.52,..,anti,.,0.71,1.11,3.93,2.19,3.94,1.63,3.71,1.27,5.74,0.58,5.89,0.09,0.28,33.08,2.32,C1'-exo
43,43,0.62,U,U,U,0,0,0,1,0,.,,0,,,1.09,2.61,1.09,1.46,3.81,1.63,2.18,3.58,..,anti,.,4.01,4.42,5.96,1.38,5.99,0.86,0.06,5.55,6.18,6.00,0.55,5.65,0.46,35.78,0.49,C3'-endo
44,44,0.64,G,G,G,0,0,1,0,0,),23,1,cWW,cW-W,0.83,1.51,2.97,1.49,3.78,5.04,5.02,3.13,BI,anti,A,4.11,4.32,0.52,2.67,0.47,3.18,2.02,3.57,6.22,5.99,0.52,5.71,0.40,33.02,0.44,C3'-endo
45,45,0.65,A,A,A,1,0,0,0,0,),"22,42",2,"cWW,cHW","cW-W,cM+W",5.18,3.48,0.79,2.63,4.61,4.20,0.41,4.23,..,anti,.,0.94,0.79,3.39,4.98,3.78,4.09,4.04,4.45,5.92,0.65,5.62,0.48,6.20,39.12,2.93,C2'-endo
46,46,0.67,G,G,G,0,0,1,0,0,.,"16,51",2,"cWH,cHW","cW+M,cM+W",0.80,3.14,3.31,1.42,3.74,5.12,4.90,1.29,BI,syn,.,-1.58,4.58,1.05,3.15,1.63,3.28,2.69,2.99,0.02,5.87,0.63,5.65,0.39,37.60,0.30,C3'-endo
47,47,0.68,U,U,U,0,0,0,1,0,.,"18,54",2,"t.H,tWW","t.-M,tW+W",4.78,2.60,2.94,2.59,4.56,2.91,1.65,4.34,BII,anti,.,0.29,0.59,5.21,2.14,5.09,1.94,4.16,1.91,5.88,0.67,5.61,0.45,6.25,40.13,2.86,C2'-endo
48,48,0.70,A,A,A,1,0,0,0,0,.,,0,,,1.61,2.55,0.84,2.70,4.78,5.05,6.01,4.60,..,anti,.,0.63,0.70,6.21,5.63,0.53,5.12,0.47,5.65,5.82,0.73,5.58,0.46,6.28,42.65,2.82,C2'-endo
49,49,0.71,G,G,G,0,0,1,0,0,.,"15,53",2,"cWH,cHW","cW+M,cM+W",5.13,1.91,3.09,1.57,3.93,4.85,5.36,4.49,BI,anti,.,1.26,3.39,4.40,3.27,4.89,3.00,5.06,2.44,5.83,0.15,0.17,5.85,0.56,31.20,1.25,C4'-exo
50,50,0.72,A,A,A,1,0,0,0,0,.,,0,,,3.09,3.36,0.97,2.52,4.62,5.09,5.81,4.33,..,anti,.,1.27,1.04,1.20,5.44,1.81,4.69,1.56,4.68,5.79,0.70,5.67,0.35,0.09,39.36,2.68,C2'-endo
51,51,0.74,G,G,G,0,0,1,0,0,.,"20,46",2,"cHW,cWH","cM+W,cW+M",5.14,3.75,5.26,2.58,4.60,2.98,1.62,1.20,BII,syn,.,-0.96,0.83,1.80,2.72,2.50,2.19,2.96,1.60,5.85,0.69,5.62,0.44,6.27,40.28,2.82,C2'-endo
52,52,0.75,U,U,U,0,0,0,1,0,.,,0,,,0.95,3.96,0.98,2.65,4.15,1.51,2.64,3.81,..,anti,.,0.83,1.32,0.21,1.54,0.38,1.10,0.78,5.63,5.85,0.70,5.60,0.45,6.27,40.91,2.84,C2'-endo
53,53,0.77,G,G,G,0,0,1,0,0,.,"19,49",2,"cHW,cWH","cM+W,cW+M",4.65,3.48,3.21,1.45,4.36,5.42,5.22,1.27,..,syn,.,-1.28,4.64,5.77,4.04,5.78,4.10,1.55,3.40,6.26,5.90,0.62,5.63,0.43,37.98,0.37,C3'-endo
54,54,0.78,U,U,U,0,0,0,1,0,.,47,1,tWW,tW+W,5.08,2.44,3.42,1.39,3.92,3.41,0.50,3.29,..,anti,.,4.06,4.17,4.94,1.19,5.19,1.73,4.74,2.16,6.06,6.11,0.48,5.66,0.53,35.16,0.68,C4'-exo
55,55,0.80,G,G,G,0,0,1,0,0,),18,1,cWW,cW-W,4.83,2.96,0.70,1.45,3.73,5.06,4.95,3.17,BI,anti,.,4.75,4.75,2.94,3.88,2.69,3.92,2.58,4.03,0.21,5.73,0.67,5.72,0.23,38.31,0.02,C3'-endo
56,56,0.81,G,G,G,0,0,1,0,0,.,14,1,t.W,t.-W,5.13,3.19,1.01,1.40,3.83,5.13,4.99,3.33,BI,anti,.,4.61,4.70,3.09,3.95,3.27,4.04,3.62,4.92,0.05,5.83,0.65,5.64,0.37,38.67,0.25,C3'-endo
57,57,0.83,G,G,G,0,0,1,0,0,.,13,1,cWW,cW-W,5.29,2.88,0.88,1.34,3.53,5.23,4.59,3.35,BI,anti,A,4.62,4.65,2.80,3.82,3.22,3.85,4.49,4.47,0.05,5.81,0.69,5.60,0.39,40.93,0.25,C3'-endo
58,58,0.84,C,C,C,0,1,0,0,0,),12,1,cWW,cW-W,5.04,3.16,1.06,1.43,3.71,5.09,4.91,3.39,BI,anti,.,4.57,4.68,3.04,3.87,3.32,3.90,4.25,4.23,0.09,5.81,0.65,5.66,0.33,38.06,0.19,C3'-endo
59,59,0.86,U,U,U,0,0,0,1,0,.,11,1,cWW,cW-W,5.14,3.29,0.94,1.44,3.85,4.88,5.25,3.35,BI,anti,.,4.38,4.53,3.13,3.79,3.31,3.88,3.82,4.78,6.25,5.93,0.58,5.67,0.41,35.57,0.38,C3'-endo
60,60,0.87,C,C,C,0,1,0,0,0,),10,1,cWW,cW-W,5.32,2.81,0.78,1.43,3.58,5.02,4.84,3.54,BI,anti,A,4.35,4.59,2.78,3.73,3.11,3.69,4.27,3.97,0.06,5.84,0.64,5.66,0.36,37.72,0.24,C3'-endo
61,61,0.88,C,C,C,0,1,0,0,0,),9,1,cWW,cW-W,5.01,3.11,0.97,1.37,3.54,5.00,4.82,3.46,BI,anti,A,4.50,4.62,2.86,3.62,3.03,3.64,3.59,4.04,0.05,5.81,0.68,5.61,0.39,40.41,0.25,C3'-endo
62,62,0.90,G,G,G,0,0,1,0,0,),8,1,cWW,cW-W,5.37,2.92,0.88,1.41,3.81,4.42,5.67,3.40,BI,anti,A,4.50,4.65,3.07,3.89,3.28,3.73,3.89,4.12,0.01,5.88,0.62,5.65,0.39,37.18,0.31,C3'-endo
63,63,0.91,U,U,U,0,0,0,1,0,),7,1,cWW,cW-W,2.00,3.92,3.45,1.54,4.56,4.57,6.28,3.04,..,anti,A,4.81,4.84,2.99,3.59,3.11,3.70,3.80,4.32,0.24,5.74,0.63,5.77,0.17,36.10,6.23,C2'-exo
64,64,0.93,A,A,A,1,0,0,0,0,),6,1,cWW,cW-W,5.51,2.63,0.61,1.23,1.55,2.18,5.66,3.42,..,anti,A,3.80,3.80,2.88,4.43,3.33,3.90,4.17,4.13,0.11,5.75,0.73,5.59,0.37,42.76,0.19,C3'-endo
65,65,0.94,C,C,C,0,1,0,0,0,),5,1,cWW,cW-W,5.22,5.04,3.82,1.63,4.66,4.36,0.30,3.05,..,anti,A,4.72,4.78,2.78,3.44,2.94,3.50,3.51,4.06,0.26,5.77,0.57,5.85,0.11,32.68,6.15,C2'-exo
66,66,0.96,U,U,U,0,0,0,1,0,),4,1,cWW,cW-W,1.61,4.04,3.62,1.57,4.38,4.90,5.77,3.05,..,anti,A,4.84,4.85,2.70,3.63,3.04,3.73,3.89,4.33,0.26,5.73,0.61,5.80,0.14,35.27,6.18,C2'-exo
67,67,0.97,C,C,C,0,1,0,0,0,),3,1,cWW,cW-W,5.22,2.71,1.01,1.31,3.56,5.21,4.64,3.45,BI,anti,A,4.51,4.63,2.63,3.78,3.08,3.74,4.02,4.10,0.01,5.84,0.68,5.59,0.43,41.05,0.31,C3'-endo
68,68,0.99,C,C,C,0,1,0,0,0,),2,1,cWW,cW-W,5.35,3.36,0.66,1.38,3.62,4.08,5.82,3.66,..,anti,A,4.11,4.57,3.08,3.51,3.25,3.55,3.83,3.86,6.27,5.89,0.62,5.63,0.42,38.04,0.35,C3'-endo
69,69,1.00,C,C,C,0,1,0,0,0,),1,1,cWW,cW-W,2.25,4.50,3.05,1.42,,,,3.32,n/a,anti,-,,,,,,,,,0.03,5.88,0.61,5.67,0.37,36.43,0.28,C3'-endo
