index_chain,old_nt_resnum,nt_position,nt_name,nt_code,nt_align_code,is_A,is_C,is_G,is_U,is_other,dbn,paired,nb_interact,pair_type_LW,pair_type_DSSR,alpha,beta,gamma,delta,epsilon,zeta,epsilon_zeta,chi,bb_type,glyco_bond,form,ssZp,Dp,eta,theta,eta_prime,theta_prime,eta_base,theta_base,v0,v1,v2,v3,v4,amplitude,phase_angle,puckering
1,3,0.01,A,A,A,1,0,0,0,0,.,,0,,,,3.50,2.91,2.62,3.85,3.59,0.26,3.82,..,anti,.,1.51,1.67,,2.95,,2.76,,3.38,5.92,0.64,5.63,0.46,6.22,38.33,2.90,C2'-endo
2,4,0.03,U,U,U,0,0,0,1,0,.,,0,,,5.17,2.26,1.20,1.39,3.73,0.73,3.00,3.76,..,anti,.,3.78,4.50,3.08,5.95,3.19,5.21,3.87,4.81,6.19,5.96,0.60,5.62,0.48,38.17,0.46,C3'-endo
3,5,0.04,C,C,C,0,1,0,0,0,.,,0,,,3.05,2.88,0.62,2.57,4.22,1.74,2.49,3.97,..,anti,Z,1.18,1.27,0.89,2.13,1.96,1.21,2.32,1.04,5.87,0.65,5.65,0.42,6.28,38.26,2.82,C2'-endo
4,6,0.06,G,G,G,0,0,1,0,0,],0,1,cWW,cW-W,0.73,3.70,3.15,1.42,4.25,4.90,5.63,1.09,..,syn,.,-1.77,4.45,2.01,4.11,1.81,4.14,2.12,2.88,6.18,5.99,0.56,5.65,0.47,36.06,0.49,C3'-endo
5,7,0.07,A,A,A,1,0,0,0,0,.,,0,,,1.09,3.10,5.23,2.70,4.12,3.75,0.36,5.39,..,anti,.,0.50,1.29,3.33,3.07,3.82,3.18,2.70,3.98,5.92,0.67,5.58,0.51,6.19,41.08,2.94,C2'-endo
6,8,0.08,A,A,A,1,0,0,0,0,.,,0,,,4.83,2.50,1.10,1.38,4.37,5.17,5.48,3.00,..,anti,.,4.52,4.55,3.10,4.45,3.09,4.54,3.86,5.15,6.21,5.95,0.60,5.63,0.46,37.70,0.44,C3'-endo
7,9,0.10,U,U,U,0,0,0,1,0,.,0,1,cWH,cW+M,5.29,3.22,0.71,2.56,4.47,4.81,5.94,4.13,..,anti,.,1.05,1.03,3.01,5.06,3.67,4.93,4.55,5.43,5.84,0.68,5.64,0.40,0.02,39.14,2.78,C2'-endo
8,10,0.11,C,C,C,0,1,0,0,0,(,"68,69",2,"cWW,cWW","cW-W,cW-W",5.30,2.96,0.68,2.54,4.21,2.05,2.16,4.47,..,anti,.,1.22,1.35,2.78,2.38,3.71,1.73,4.19,2.58,5.89,0.63,5.66,0.41,6.27,37.20,2.84,C2'-endo
9,11,0.13,G,G,G,0,0,1,0,0,(,"44,71",2,"cWW,tSW","cW-W,tm+W",1.21,3.09,0.68,2.59,4.93,2.30,2.63,5.00,BII,anti,B,0.94,0.81,6.23,3.09,0.04,2.63,5.35,3.68,5.78,0.75,5.59,0.42,0.05,42.85,2.75,C2'-endo
10,12,0.14,C,C,C,0,1,0,0,0,(,43,1,cWW,cW-W,1.24,3.75,3.14,1.40,3.80,5.01,5.07,3.50,BI,anti,A,4.34,4.64,2.69,3.48,2.57,3.51,3.77,4.01,0.03,5.86,0.64,5.65,0.39,38.10,0.28,C3'-endo
11,13,0.15,C,C,C,0,1,0,0,0,(,42,1,cWW,cW-W,5.40,3.11,0.65,1.37,3.28,4.69,4.88,3.83,BI,anti,.,3.78,4.42,2.89,3.31,3.16,2.73,3.88,1.98,0.00,5.87,0.64,5.62,0.42,38.97,0.33,C3'-endo
12,14,0.17,A,A,A,1,0,0,0,0,.,0,1,cH.,cM+.,2.75,2.50,0.82,1.48,3.79,3.37,0.42,3.15,..,anti,.,4.53,4.58,0.10,2.18,0.27,2.38,0.51,3.94,0.06,5.86,0.60,5.70,0.33,35.24,0.23,C3'-endo
13,15,0.18,C,C,C,0,1,0,0,0,.,,0,,,5.38,3.34,2.18,2.63,4.39,5.16,5.51,3.85,..,anti,.,1.16,1.14,5.46,5.35,5.30,4.83,3.46,5.29,5.95,0.60,5.66,0.45,6.21,36.47,2.93,C2'-endo
14,16,0.20,C,C,C,0,1,0,0,0,.,,0,,,4.45,3.53,1.00,1.39,4.00,5.42,4.87,3.59,BI,anti,.,4.13,4.70,2.40,4.35,3.13,4.46,3.63,5.31,0.02,5.85,0.65,5.63,0.40,38.78,0.29,C3'-endo
15,17,0.21,U,U,U,0,0,0,1,0,.,,0,,,4.95,3.07,1.01,1.35,3.73,1.18,2.56,3.63,..,anti,.,4.15,4.66,2.66,0.53,3.20,6.08,4.42,5.64,0.01,5.85,0.67,5.60,0.43,40.27,0.32,C3'-endo
16,18,0.23,A,A,A,1,0,0,0,0,.,,0,,,1.21,1.88,3.32,1.41,3.85,4.84,5.29,3.51,BI,anti,A,4.38,4.73,1.31,2.65,1.81,3.02,2.70,3.67,0.08,5.81,0.67,5.65,0.35,38.96,0.21,C3'-endo
17,19,0.24,C,C,C,0,1,0,0,0,.,,0,,,5.51,2.80,0.85,1.39,3.82,4.87,5.23,3.45,BI,anti,A,4.41,4.65,3.04,3.75,3.29,3.80,3.97,4.33,0.02,5.86,0.65,5.63,0.40,38.91,0.30,C3'-endo
18,20,0.25,A,A,A,1,0,0,0,0,.,,0,,,5.37,2.81,0.99,1.41,3.73,4.74,5.28,3.49,BI,anti,A,4.42,4.64,3.02,3.62,3.30,3.63,4.08,4.06,0.02,5.87,0.63,5.64,0.39,37.91,0.30,C3'-endo
19,21,0.27,A,A,A,1,0,0,0,0,.,,0,,,5.43,2.70,0.95,1.50,3.76,5.03,5.01,3.51,BI,anti,.,4.26,4.51,3.04,3.94,3.27,4.00,3.91,5.26,6.28,5.93,0.55,5.71,0.36,33.50,0.33,C3'-endo
20,22,0.28,G,G,G,0,0,1,0,0,.,,0,,,5.24,3.18,0.98,2.51,4.31,1.17,3.15,1.27,..,syn,.,-1.17,1.21,3.35,1.56,3.81,0.70,5.08,5.58,5.83,0.67,5.66,0.38,0.04,38.72,2.75,C2'-endo
21,23,0.30,A,A,A,1,0,0,0,0,.,,0,,,1.65,2.79,0.53,2.59,4.53,0.79,3.73,4.58,..,anti,.,0.37,0.88,5.94,1.26,0.21,0.53,1.32,0.48,5.95,0.59,5.67,0.44,6.21,36.01,2.93,C2'-endo
22,24,0.31,C,C,C,0,1,0,0,0,.,,0,,,2.40,2.53,2.48,1.41,3.59,4.38,5.48,3.91,BI,anti,.,3.47,4.54,1.83,2.57,2.17,2.20,2.30,1.55,0.00,5.89,0.61,5.66,0.39,36.74,0.32,C3'-endo
23,25,0.32,U,U,U,0,0,0,1,0,.,,0,,,5.54,2.98,5.28,2.61,4.85,2.21,2.65,4.12,BII,anti,.,0.43,0.76,2.11,2.51,1.89,2.31,1.38,2.02,6.01,0.55,5.69,0.45,6.17,34.29,3.00,C2'-endo
24,26,0.34,G,G,G,0,0,1,0,0,(,35,1,cWW,cW-W,0.52,2.92,0.88,1.40,3.88,5.06,5.10,3.20,BI,anti,A,4.73,4.75,5.50,3.93,5.36,3.96,5.78,4.56,0.08,5.81,0.66,5.65,0.34,38.61,0.20,C3'-endo
25,27,0.35,G,G,G,0,0,1,0,0,(,34,1,cWW,cW-W,5.13,3.17,0.77,1.38,3.68,5.05,4.91,3.35,BI,anti,A,4.63,4.70,2.78,3.71,3.03,3.77,3.97,4.08,0.09,5.79,0.68,5.64,0.35,39.91,0.19,C3'-endo
26,28,0.37,A,A,A,1,0,0,0,0,(,33,1,cWW,cW-W,5.17,2.96,1.19,1.37,3.44,4.98,4.74,3.45,BI,anti,A,4.45,4.53,3.08,3.49,3.36,3.46,3.89,3.70,6.26,5.89,0.63,5.62,0.43,38.45,0.36,C3'-endo
27,29,0.38,G,G,G,0,0,1,0,0,(,32,1,cWW,cW-W,5.14,3.21,0.86,1.48,3.27,4.91,4.64,3.50,BI,anti,.,4.11,4.25,3.02,3.80,3.17,3.92,3.57,4.50,6.27,5.94,0.55,5.71,0.37,33.46,0.35,C3'-endo
28,30,0.39,C,C,C,0,1,0,0,0,(,31,1,cWW,cW-W,3.38,3.58,2.59,2.66,3.65,4.52,5.41,3.80,BI,anti,.,1.47,1.73,2.93,4.17,3.77,3.01,4.41,1.79,5.96,0.61,5.63,0.48,6.18,37.84,2.97,C2'-endo
29,31,0.41,U,U,U,0,0,0,1,0,.,,0,,,4.08,2.61,0.59,2.58,3.71,4.69,5.31,4.10,BI,anti,.,1.77,1.81,1.33,4.50,1.82,4.28,0.96,4.71,5.89,0.65,5.64,0.43,6.25,38.17,2.86,C2'-endo
30,32,0.42,U,U,U,0,0,0,1,0,.,,0,,,5.02,3.67,1.03,2.56,4.46,1.46,3.00,4.01,..,anti,.,0.86,0.99,3.69,2.19,4.13,1.81,4.57,1.23,5.91,0.62,5.67,0.42,6.25,36.82,2.86,C2'-endo
31,33,0.44,G,G,G,0,0,1,0,0,),28,1,cWW,cW-W,1.56,3.80,3.27,2.63,3.43,3.57,6.15,4.98,..,anti,B,1.79,2.02,3.19,3.17,3.38,2.58,2.71,3.42,5.88,0.67,5.62,0.45,6.25,39.52,2.86,C2'-endo
32,34,0.45,C,C,C,0,1,0,0,0,),27,1,cWW,cW-W,1.75,3.99,3.35,1.41,3.47,5.07,4.68,3.60,BI,anti,A,4.25,4.54,2.76,3.17,2.72,3.17,3.66,3.49,0.02,5.87,0.63,5.65,0.39,37.87,0.29,C3'-endo
33,35,0.46,U,U,U,0,0,0,1,0,),26,1,cWW,cW-W,5.13,3.08,0.87,1.43,3.56,5.03,4.81,3.78,BI,anti,A,3.85,4.54,2.91,3.69,3.11,3.67,3.60,4.04,6.27,5.91,0.59,5.67,0.40,36.06,0.34,C3'-endo
34,36,0.48,C,C,C,0,1,0,0,0,),25,1,cWW,cW-W,5.13,2.86,1.09,1.40,3.68,4.97,4.99,3.50,BI,anti,A,4.32,4.51,2.94,3.68,3.18,3.66,3.78,4.08,6.22,5.95,0.58,5.65,0.44,36.35,0.43,C3'-endo
35,37,0.49,C,C,C,0,1,0,0,0,),24,1,cWW,cW-W,5.04,3.00,1.05,1.41,3.56,5.16,4.68,3.21,BI,anti,.,4.36,4.42,2.92,3.78,3.14,3.82,3.81,4.59,6.23,5.95,0.57,5.66,0.43,36.00,0.41,C3'-endo
36,38,0.51,C,C,C,0,1,0,0,0,(,39,1,cWW,cW-W,4.99,3.21,0.90,1.46,3.55,5.00,4.84,3.38,BI,anti,.,4.52,4.59,2.88,3.97,3.18,3.31,4.24,2.09,0.11,5.81,0.63,5.70,0.30,36.73,0.16,C3'-endo
37,39,0.52,U,U,U,0,0,0,1,0,.,,0,,,3.23,3.10,0.99,2.58,4.80,4.73,0.07,3.50,..,anti,.,0.43,0.51,1.41,5.26,1.76,5.08,0.94,5.65,5.92,0.62,5.66,0.43,6.23,37.02,2.89,C2'-endo
38,40,0.54,C,C,C,0,1,0,0,0,.,,0,,,5.21,2.88,1.19,2.59,3.94,1.88,2.05,3.37,..,anti,.,1.38,1.67,2.83,1.82,3.96,1.42,4.37,1.46,5.96,0.58,5.68,0.44,6.21,35.45,2.94,C2'-endo
39,41,0.55,G,G,G,0,0,1,0,0,),36,1,cWW,cW-W,4.79,2.58,0.75,1.63,4.48,2.41,2.06,4.84,BII,anti,.,-1.33,4.79,3.03,2.25,3.14,1.52,3.07,0.13,0.25,5.75,0.59,5.82,0.14,34.23,6.19,C2'-exo
40,42,0.56,A,A,A,1,0,0,0,0,.,,0,,,0.65,3.59,1.06,2.60,4.34,3.02,1.32,4.05,BII,anti,.,1.01,1.06,6.24,3.31,0.33,3.24,1.47,3.62,5.91,0.63,5.65,0.43,6.24,37.43,2.88,C2'-endo
41,43,0.58,A,A,A,1,0,0,0,0,.,,0,,,6.26,3.00,0.12,2.65,4.77,3.95,0.82,5.47,..,anti,.,0.65,0.67,4.35,4.57,4.32,3.99,4.27,3.62,5.84,0.71,5.60,0.45,6.28,41.46,2.82,C2'-endo
42,44,0.59,G,G,G,0,0,1,0,0,),11,1,cWW,cW-W,5.97,2.60,3.04,1.45,4.05,4.81,5.53,3.17,..,anti,A,4.52,4.58,5.90,3.11,0.02,3.33,0.72,4.16,6.27,5.92,0.58,5.67,0.39,35.53,0.35,C3'-endo
43,45,0.61,G,G,G,0,0,1,0,0,),10,1,cWW,cW-W,5.26,2.66,1.03,1.42,3.70,5.26,4.72,3.33,BI,anti,.,4.50,4.57,2.84,4.03,3.18,4.02,4.17,4.87,6.28,5.90,0.61,5.65,0.40,36.92,0.33,C3'-endo
44,46,0.62,C,C,C,0,1,0,0,0,),9,1,cWW,cW-W,4.88,2.93,1.25,1.44,3.66,4.97,4.96,3.54,BI,anti,A,4.28,4.58,2.85,3.76,3.32,3.71,4.58,4.37,0.05,5.85,0.64,5.66,0.37,37.67,0.25,C3'-endo
45,47,0.63,G,G,G,0,0,1,0,0,.,,0,,,5.24,2.92,0.91,1.42,4.11,4.78,5.61,3.61,..,anti,.,4.05,4.75,3.02,3.91,3.22,3.97,4.12,4.34,0.07,5.82,0.65,5.66,0.35,38.42,0.22,C3'-endo
46,48,0.65,C,C,C,0,1,0,0,0,.,,0,,,5.37,2.97,0.74,1.38,3.48,2.54,0.95,3.49,..,anti,.,4.41,4.55,2.84,0.93,3.09,1.10,3.68,1.41,0.02,5.85,0.65,5.62,0.40,39.26,0.30,C3'-endo
47,49,0.66,C,C,C,0,1,0,0,0,.,,0,,,4.66,2.81,1.03,2.57,4.38,2.33,2.05,3.64,BII,anti,.,0.73,1.08,3.20,2.82,3.62,2.29,3.36,3.10,5.84,0.68,5.63,0.42,0.01,39.80,2.80,C2'-endo
48,50,0.68,A,A,A,1,0,0,0,0,.,,0,,,0.86,2.70,1.06,2.46,4.37,4.32,0.06,4.17,..,anti,.,1.34,1.30,5.82,4.88,5.87,4.09,4.97,4.32,5.83,0.65,5.70,0.34,0.07,36.84,2.71,C2'-endo
49,51,0.69,A,A,A,1,0,0,0,0,.,,0,,,0.96,2.99,0.89,2.54,4.38,1.38,3.00,4.91,..,anti,.,0.46,1.20,4.98,1.91,5.91,1.20,5.84,0.68,5.92,0.60,5.69,0.41,6.25,35.59,2.87,C2'-endo
50,52,0.70,G,G,G,0,0,1,0,0,.,52,1,cSH,cm-M,1.41,3.20,2.93,2.57,3.50,3.42,0.08,4.54,..,anti,.,2.22,2.16,2.19,2.40,2.36,2.39,1.98,2.73,5.83,0.69,5.64,0.40,0.03,39.65,2.77,C2'-endo
51,53,0.72,U,U,U,0,0,0,1,0,.,,0,,,4.91,2.56,1.33,2.64,4.68,2.13,2.55,3.89,..,anti,.,0.65,0.75,3.54,2.20,3.63,1.72,3.71,0.92,5.85,0.70,5.60,0.44,6.28,40.93,2.82,C2'-endo
52,54,0.73,A,A,A,1,0,0,0,0,.,50,1,cHS,cM-m,4.30,2.87,0.62,2.54,4.44,4.54,6.18,5.04,..,anti,.,0.40,1.03,2.86,4.16,2.90,3.16,2.13,2.97,5.89,0.63,5.67,0.41,6.27,37.08,2.83,C2'-endo
53,55,0.75,U,U,U,0,0,0,1,0,.,,0,,,5.77,4.73,3.17,1.37,3.59,5.75,4.12,3.43,BI,anti,.,4.53,4.65,0.89,4.33,1.43,4.04,1.78,4.20,0.07,5.80,0.69,5.62,0.37,40.68,0.22,C3'-endo
54,56,0.76,A,A,A,1,0,0,0,0,.,,0,,,3.70,3.04,2.85,1.47,4.08,5.03,5.33,3.19,..,anti,.,4.70,4.75,3.53,3.65,4.01,3.80,4.78,4.70,0.11,5.82,0.62,5.71,0.29,35.92,0.15,C3'-endo
55,57,0.77,U,U,U,0,0,0,1,0,.,,0,,,5.34,2.96,0.85,1.40,3.67,4.25,5.70,3.55,BI,anti,.,4.36,4.67,2.84,3.53,3.27,3.32,4.45,2.91,0.09,5.80,0.67,5.65,0.34,39.23,0.19,C3'-endo
56,58,0.79,U,U,U,0,0,0,1,0,.,,0,,,2.67,3.34,2.92,1.42,4.26,4.98,5.56,3.28,..,anti,.,4.59,4.75,2.62,3.77,2.52,4.00,2.18,4.94,0.06,5.84,0.64,5.66,0.35,37.58,0.23,C3'-endo
57,59,0.80,C,C,C,0,1,0,0,0,.,,0,,,5.41,2.77,1.19,2.49,4.78,4.80,6.26,4.03,..,anti,.,0.77,0.69,3.52,5.15,4.13,5.04,5.10,5.58,5.84,0.65,5.68,0.36,0.04,37.30,2.75,C2'-endo
58,60,0.82,A,A,A,1,0,0,0,0,.,,0,,,5.54,2.80,0.97,2.59,4.10,4.96,5.42,4.18,..,anti,.,1.31,1.39,2.96,5.70,4.06,4.61,4.34,4.34,5.90,0.63,5.66,0.42,6.25,37.36,2.86,C2'-endo
59,61,0.83,U,U,U,0,0,0,1,0,.,,0,,,3.01,3.68,0.70,2.55,4.50,0.80,3.70,3.61,..,anti,.,0.67,0.90,0.90,1.37,1.90,0.51,2.23,5.58,5.85,0.66,5.66,0.40,0.02,38.29,2.79,C2'-endo
60,62,0.85,G,G,G,0,0,1,0,0,.,,0,,,1.52,2.86,1.11,2.59,4.85,5.30,5.83,3.91,..,anti,.,0.48,0.50,0.15,5.84,0.74,5.55,1.74,5.94,5.93,0.61,5.66,0.44,6.23,36.72,2.90,C2'-endo
61,63,0.86,A,A,A,1,0,0,0,0,.,,0,,,5.05,3.50,1.26,2.62,5.13,4.73,0.39,4.34,..,anti,.,-0.13,0.23,3.41,0.38,4.34,5.44,4.27,4.24,5.88,0.67,5.62,0.45,6.25,39.56,2.87,C2'-endo
62,64,0.87,U,U,U,0,0,0,1,0,.,,0,,,1.46,1.72,2.90,2.61,4.18,4.48,5.98,3.75,..,anti,.,1.65,1.65,0.47,3.10,1.17,3.50,2.43,4.06,6.06,0.50,5.72,0.46,6.13,32.50,3.08,C2'-endo
63,65,0.89,C,C,C,0,1,0,0,0,.,0,1,cWS,cW-m,4.66,3.23,1.14,1.41,4.01,4.80,5.49,3.87,BI,anti,.,3.33,4.62,2.95,3.91,3.27,4.13,3.74,4.84,6.24,5.93,0.59,5.65,0.42,36.70,0.38,C3'-endo
64,66,0.90,A,A,A,1,0,0,0,0,.,0,1,tWS,tW+m,5.64,2.64,1.08,2.62,3.46,0.77,2.68,4.44,..,anti,.,2.31,2.17,2.88,1.11,3.86,5.67,4.61,4.59,5.84,0.70,5.61,0.44,6.28,40.77,2.81,C2'-endo
65,67,0.92,C,C,C,0,1,0,0,0,.,,0,,,1.56,2.54,0.93,1.50,4.41,4.17,0.23,3.01,..,anti,.,4.36,4.41,5.85,4.35,0.70,3.64,1.99,2.65,6.23,5.98,0.52,5.71,0.40,32.97,0.42,C3'-endo
66,68,0.93,A,A,A,1,0,0,0,0,.,,0,,,2.23,3.91,1.07,1.45,3.45,3.99,5.74,4.85,..,anti,.,-0.09,4.42,0.46,3.04,0.84,2.37,0.38,1.47,0.00,5.91,0.57,5.69,0.37,34.72,0.32,C3'-endo
67,69,0.94,A,A,A,1,0,0,0,0,.,,0,,,1.10,3.20,2.46,2.65,4.58,5.52,5.35,3.87,..,anti,.,0.57,0.73,1.25,5.26,1.19,5.17,1.50,5.80,5.96,0.60,5.64,0.47,6.18,37.32,2.97,C2'-endo
68,70,0.96,G,G,G,0,0,1,0,0,),8,1,cWW,cW-W,4.94,3.29,0.91,1.44,3.73,5.05,4.97,3.66,BI,anti,.,4.11,4.69,2.54,3.77,3.36,3.98,3.76,3.93,0.10,5.81,0.65,5.68,0.32,37.60,0.18,C3'-endo
69,71,0.97,A,A,A,1,0,0,0,0,.,8,1,cWW,cW-W,5.30,3.45,0.92,2.57,4.16,3.52,0.64,4.97,..,anti,.,0.70,1.46,3.43,3.35,3.84,2.87,3.73,3.46,5.98,0.58,5.66,0.47,6.18,36.28,2.98,C2'-endo
70,72,0.99,A,A,A,1,0,0,0,0,.,,0,,,0.04,4.43,0.29,2.43,0.68,2.86,4.11,3.68,..,anti,.,0.28,0.99,5.28,4.89,5.44,3.66,5.24,2.75,0.36,6.24,6.02,0.47,5.76,30.14,4.20,C4'-endo
71,73,1.00,A,A,A,1,0,0,0,0,.,9,1,tWS,tW+m,5.43,4.50,0.73,1.64,,,,3.58,..,anti,-,,,,,,,,,0.30,5.70,0.63,5.81,0.11,36.31,6.12,C2'-exo
