index_chain,old_nt_resnum,nt_position,nt_name,nt_code,nt_align_code,is_A,is_C,is_G,is_U,is_other,dbn,paired,nb_interact,pair_type_LW,pair_type_DSSR,alpha,beta,gamma,delta,epsilon,zeta,epsilon_zeta,chi,bb_type,glyco_bond,form,ssZp,Dp,eta,theta,eta_prime,theta_prime,eta_base,theta_base,v0,v1,v2,v3,v4,amplitude,phase_angle,puckering
1,1,0.01,A,A,A,1,0,0,0,0,.,0,1,cWS,cW-m,,3.57,1.06,1.39,3.64,5.22,4.71,3.26,BI,anti,A,4.68,4.67,,3.88,,3.89,,4.37,0.07,5.80,0.68,5.62,0.37,40.26,0.22,C3'-endo
2,2,0.01,A,A,A,1,0,0,0,0,.,0,1,tWS,tW+m,4.40,2.92,1.77,1.36,3.98,5.06,5.20,3.10,BI,anti,.,4.73,4.74,2.95,3.88,3.25,3.89,4.04,4.74,0.06,5.80,0.69,5.61,0.39,40.86,0.24,C3'-endo
3,3,0.02,A,A,A,1,0,0,0,0,.,,0,,,5.04,2.91,1.10,1.46,3.96,5.16,5.09,3.25,BI,anti,.,4.65,4.70,2.88,4.16,3.25,4.18,4.46,5.03,0.11,5.80,0.66,5.67,0.32,38.06,0.16,C3'-endo
4,4,0.03,C,C,C,0,1,0,0,0,),0,1,cWW,cW-W,5.11,2.87,1.02,1.41,3.81,5.01,5.08,3.33,BI,anti,A,4.59,4.67,2.81,3.86,3.26,3.87,4.56,4.37,0.10,5.79,0.68,5.65,0.34,39.52,0.18,C3'-endo
5,5,0.03,U,U,U,0,0,0,1,0,),0,1,cWW,cW-W,5.22,2.96,0.90,1.38,3.92,4.94,5.26,3.42,BI,anti,A,4.54,4.75,2.94,3.81,3.20,3.83,3.99,4.30,0.06,5.81,0.68,5.62,0.38,40.19,0.23,C3'-endo
6,6,0.04,U,U,U,0,0,0,1,0,),0,1,cWW,cW-W,5.04,2.82,1.15,1.36,3.71,4.97,5.03,3.58,BI,anti,A,4.27,4.63,2.85,3.68,3.13,3.65,3.84,3.98,6.26,5.88,0.66,5.60,0.45,40.18,0.36,C3'-endo
7,7,0.04,U,U,U,0,0,0,1,0,),"0,0",2,"cWW,cSW","cW-W,cm-W",4.92,3.04,1.08,1.34,3.91,4.88,5.31,3.59,BI,anti,A,4.17,4.71,2.89,3.70,3.05,3.73,3.58,4.11,0.02,5.83,0.69,5.59,0.43,41.13,0.30,C3'-endo
8,8,0.05,C,C,C,0,1,0,0,0,),0,1,cWW,cW-W,5.01,2.83,1.16,1.36,3.64,4.92,5.00,3.43,BI,anti,A,4.38,4.53,2.85,3.60,3.09,3.57,3.68,3.94,6.25,5.89,0.65,5.60,0.46,39.96,0.37,C3'-endo
9,9,0.06,A,A,A,1,0,0,0,0,),0,1,cWW,cW-W,5.12,2.98,1.00,1.41,3.77,4.92,5.13,3.49,BI,anti,A,4.38,4.64,2.98,3.69,3.16,3.69,3.73,4.16,0.05,5.82,0.67,5.63,0.38,39.38,0.25,C3'-endo
10,10,0.06,A,A,A,1,0,0,0,0,),0,1,cWW,cW-W,4.99,2.80,1.17,1.35,4.14,4.81,5.62,3.41,..,anti,A,4.51,4.84,2.93,3.85,3.13,3.84,3.82,4.34,0.09,5.78,0.71,5.61,0.37,41.52,0.20,C3'-endo
11,11,0.07,C,C,C,0,1,0,0,0,),0,1,cWW,cW-W,5.08,2.71,1.09,1.32,3.65,5.13,4.81,3.31,BI,anti,A,4.64,4.68,2.70,3.79,3.00,3.75,3.85,4.18,0.05,5.79,0.73,5.57,0.42,43.21,0.25,C3'-endo
12,12,0.08,A,A,A,1,0,0,0,0,),0,1,cWW,cW-W,4.93,3.01,1.26,1.38,3.49,5.12,4.66,3.27,BI,anti,.,4.52,4.51,2.98,4.15,3.27,3.94,4.04,4.22,6.27,5.88,0.64,5.62,0.42,38.69,0.34,C3'-endo
13,13,0.08,A,A,A,1,0,0,0,0,),0,1,cWW,cW-W,2.70,3.33,3.17,1.46,4.14,5.00,5.42,3.11,..,anti,.,4.50,4.58,3.00,3.52,3.23,3.65,3.86,4.61,0.03,5.87,0.62,5.66,0.37,36.97,0.28,C3'-endo
14,14,0.09,C,C,C,0,1,0,0,0,.,0,1,tWH,tW-M,5.05,2.76,1.09,1.42,4.21,4.83,5.66,3.35,..,anti,.,4.44,4.63,2.83,4.04,3.19,4.11,4.35,5.12,6.26,5.90,0.62,5.64,0.43,37.78,0.36,C3'-endo
15,15,0.09,G,G,G,0,0,1,0,0,.,0,1,tSH,tm-M,5.26,2.59,1.05,1.50,3.99,4.66,5.61,3.74,..,anti,.,3.71,4.57,2.86,3.80,3.29,3.92,4.57,4.48,0.02,5.89,0.59,5.69,0.36,35.28,0.29,C3'-endo
16,16,0.10,G,G,G,0,0,1,0,0,.,0,1,tSH,tm-M,5.30,2.48,1.44,2.52,3.64,3.15,0.48,4.44,..,anti,.,2.11,2.00,2.96,2.92,3.86,2.31,4.47,2.79,5.85,0.68,5.62,0.43,6.28,39.86,2.81,C2'-endo
17,17,0.11,A,A,A,1,0,0,0,0,.,0,1,tHS,tM-m,4.80,2.56,1.15,1.41,3.86,5.14,5.00,3.18,BI,anti,.,4.67,4.67,3.03,4.06,2.86,4.02,3.24,4.74,0.05,5.83,0.66,5.64,0.38,38.92,0.25,C3'-endo
18,18,0.11,U,U,U,0,0,0,1,0,.,0,1,cWW,cW-W,4.99,2.97,1.11,1.42,3.97,4.98,5.27,3.34,BI,anti,A,4.56,4.69,2.90,3.93,3.26,3.95,4.40,4.63,0.07,5.81,0.66,5.64,0.36,39.02,0.22,C3'-endo
19,19,0.12,C,C,C,0,1,0,0,0,),0,1,cWW,cW-W,5.08,2.92,1.01,1.41,3.75,5.07,4.96,3.41,BI,anti,A,4.40,4.57,2.85,3.86,3.16,3.85,4.13,4.39,0.05,5.83,0.66,5.64,0.37,38.74,0.25,C3'-endo
20,20,0.13,U,U,U,0,0,0,1,0,),0,1,cWW,cW-W,5.20,2.98,0.84,1.36,3.34,5.04,4.59,3.49,BI,anti,.,4.45,4.52,2.80,3.99,3.13,3.90,4.01,4.26,0.02,5.85,0.67,5.61,0.41,39.89,0.30,C3'-endo
21,21,0.13,C,C,C,0,1,0,0,0,),0,1,cWW,cW-W,2.91,3.55,3.02,1.48,4.15,5.16,5.28,3.17,..,anti,.,4.58,4.60,3.16,3.85,3.40,4.01,4.05,4.47,0.04,5.87,0.61,5.68,0.35,35.95,0.26,C3'-endo
22,22,0.14,U,U,U,0,0,0,1,0,.,0,1,tWH,tW-M,5.24,3.18,0.92,2.31,4.23,3.56,0.67,4.45,..,anti,.,1.48,1.55,3.14,3.50,3.69,2.79,4.26,2.19,5.74,0.69,5.72,0.27,0.17,38.71,2.56,C2'-endo
23,23,0.15,U,U,U,0,0,0,1,0,.,,0,,,2.35,2.71,1.07,2.47,4.68,5.03,5.92,3.96,..,anti,.,0.89,0.89,0.82,5.60,1.31,5.17,1.46,5.68,5.85,0.66,5.67,0.39,0.03,37.93,2.78,C2'-endo
24,24,0.15,G,G,G,0,0,1,0,0,),"0,0",2,"cWW,tSS","cW-W,tm+m",4.52,3.47,1.52,1.35,3.69,5.05,4.92,3.32,BI,anti,A,4.68,4.70,2.72,3.76,3.50,3.77,3.84,4.19,0.05,5.81,0.70,5.59,0.41,41.58,0.26,C3'-endo
25,25,0.16,G,G,G,0,0,1,0,0,),0,1,cWW,cW-W,4.90,2.83,1.51,1.42,3.96,4.99,5.25,3.18,BI,anti,A,4.68,4.70,3.14,3.90,3.41,3.89,4.13,4.59,0.08,5.80,0.68,5.63,0.36,40.03,0.21,C3'-endo
26,26,0.16,U,U,U,0,0,0,1,0,),0,1,cWW,cW-W,5.13,2.83,1.05,1.40,3.86,4.94,5.21,3.30,BI,anti,A,4.64,4.70,2.88,3.81,3.23,3.77,4.30,4.14,0.08,5.80,0.69,5.63,0.37,40.21,0.21,C3'-endo
27,27,0.17,U,U,U,0,0,0,1,0,),0,1,cWW,cW-W,5.00,2.80,1.16,1.30,3.70,4.98,5.00,3.49,BI,anti,A,4.45,4.69,2.80,3.65,3.06,3.62,3.76,4.00,0.01,5.82,0.72,5.56,0.45,43.00,0.31,C3'-endo
28,28,0.18,C,C,C,0,1,0,0,0,),"0,0",2,"cWW,cSW","cW-W,cm-W",5.06,3.03,1.01,1.33,3.55,5.11,4.72,3.38,BI,anti,A,4.55,4.62,2.87,3.68,3.07,3.69,3.71,4.16,0.04,5.80,0.72,5.58,0.42,42.49,0.27,C3'-endo
29,29,0.18,U,U,U,0,0,0,1,0,),0,1,cWW,cW-W,5.00,3.08,1.14,1.38,3.65,5.02,4.91,3.35,BI,anti,A,4.57,4.64,3.01,3.70,3.25,3.71,3.96,4.08,0.08,5.79,0.69,5.62,0.37,40.34,0.21,C3'-endo
30,30,0.19,C,C,C,0,1,0,0,0,),0,1,cWW,cW-W,5.10,3.02,1.04,1.34,3.72,5.06,4.95,3.38,BI,anti,A,4.56,4.66,2.98,3.75,3.19,3.75,3.81,4.07,0.02,5.83,0.69,5.59,0.42,41.11,0.30,C3'-endo
31,31,0.20,G,G,G,0,0,1,0,0,),0,1,cWW,cW-W,4.85,3.01,1.27,1.32,3.59,5.16,4.71,3.34,BI,anti,A,4.53,4.57,2.88,3.74,3.12,3.73,3.71,4.22,6.23,5.89,0.66,5.57,0.48,41.26,0.40,C3'-endo
32,32,0.20,C,C,C,0,1,0,0,0,),0,1,cWW,cW-W,4.95,3.13,1.17,1.33,3.73,4.96,5.06,3.40,BI,anti,A,4.48,4.60,3.02,3.65,3.26,3.79,4.00,4.05,6.22,5.90,0.65,5.58,0.48,40.70,0.41,C3'-endo
33,33,0.21,A,A,A,1,0,0,0,0,.,0,1,cWW,cW-W,5.14,3.03,1.25,2.40,4.84,2.17,2.67,3.85,BII,anti,.,0.83,0.81,3.62,2.74,3.95,2.32,4.18,1.65,5.77,0.68,5.71,0.29,0.14,38.19,2.61,C2'-endo
34,34,0.22,U,U,U,0,0,0,1,0,.,,0,,,2.36,3.81,1.28,2.35,3.72,3.16,0.56,4.13,..,anti,.,2.02,2.02,1.88,3.28,1.93,3.21,1.50,3.59,5.77,0.68,5.70,0.30,0.13,38.31,2.62,C2'-endo
35,35,0.22,C,C,C,0,1,0,0,0,),0,1,cWW,cW-W,0.56,2.64,0.88,1.38,3.74,5.21,4.81,3.23,BI,anti,A,4.78,4.73,4.67,4.01,4.46,4.00,4.54,4.54,0.09,5.78,0.70,5.61,0.37,41.03,0.21,C3'-endo
36,36,0.23,G,G,G,0,0,1,0,0,.,37,1,cSW,cm-W,4.84,3.18,1.14,1.36,3.87,3.87,0.00,3.34,..,anti,.,4.66,4.75,2.92,3.11,3.21,3.11,4.11,2.40,0.01,5.84,0.69,5.58,0.44,41.43,0.32,C3'-endo
37,37,0.23,A,A,A,1,0,0,0,0,.,"36,106",2,"cWS,cHW","cW-m,cM+W",0.86,3.03,4.93,2.54,4.39,1.36,3.03,0.95,..,syn,.,-1.16,1.18,3.31,1.11,3.04,0.53,2.26,5.85,5.94,0.60,5.66,0.44,6.22,36.44,2.92,C2'-endo
38,38,0.24,U,U,U,0,0,0,1,0,.,,0,,,1.82,2.78,0.76,2.49,4.76,5.53,5.52,3.97,..,anti,.,0.64,0.69,0.22,5.98,0.70,5.80,1.46,6.27,5.84,0.67,5.65,0.39,0.03,38.87,2.78,C2'-endo
39,39,0.25,G,G,G,0,0,1,0,0,.,"104,106",2,"tSH,tWW","tm-M,tW+W",5.08,3.61,1.14,2.43,3.82,2.38,1.44,4.37,..,anti,.,1.77,1.99,3.00,2.17,3.91,2.05,3.91,2.58,5.99,0.52,5.74,0.39,6.22,31.69,2.93,C2'-endo
40,40,0.25,A,A,A,1,0,0,0,0,.,"0,105",2,"tSS,tHH","tm+m,tM+M",5.12,2.62,0.86,1.50,3.89,5.01,5.17,3.31,BI,anti,A,4.40,4.54,3.32,4.00,3.25,3.96,3.35,4.45,0.10,5.83,0.62,5.70,0.31,36.02,0.18,C3'-endo
41,41,0.26,A,A,A,1,0,0,0,0,.,103,1,tHS,tM-m,4.98,2.87,1.06,1.37,3.96,5.29,4.95,3.35,BI,anti,.,4.60,4.74,2.79,4.19,3.08,4.24,3.94,4.99,0.04,5.82,0.68,5.61,0.40,40.53,0.27,C3'-endo
42,42,0.27,G,G,G,0,0,1,0,0,(,102,1,cWW,cW-W,5.01,2.94,1.12,1.30,3.74,5.12,4.91,3.23,BI,anti,A,4.78,4.76,2.75,3.80,3.24,3.80,4.51,4.21,0.07,5.78,0.73,5.57,0.41,43.24,0.24,C3'-endo
43,43,0.27,A,A,A,1,0,0,0,0,(,101,1,cWW,cW-W,4.85,2.98,1.44,1.32,3.89,4.91,5.27,3.19,BI,anti,A,4.70,4.71,3.07,3.67,3.31,3.70,4.02,4.20,0.00,5.84,0.68,5.59,0.44,41.12,0.32,C3'-endo
44,44,0.28,A,A,A,1,0,0,0,0,(,100,1,cWW,cW-W,5.10,2.86,1.12,1.37,3.84,4.97,5.15,3.33,BI,anti,A,4.50,4.63,2.98,3.81,3.22,3.82,3.94,4.45,0.02,5.85,0.66,5.61,0.41,39.65,0.30,C3'-endo
45,45,0.28,C,C,C,0,1,0,0,0,(,58,1,cWW,cW-W,5.29,2.87,0.86,1.37,3.33,4.85,4.76,3.48,BI,anti,A,4.41,4.49,2.84,3.94,3.17,3.84,4.13,4.26,0.04,5.83,0.67,5.62,0.40,39.75,0.27,C3'-endo
46,46,0.29,G,G,G,0,0,1,0,0,(,"57,61",2,"cWW,tSS","cW-W,tm+m",2.74,3.83,2.97,1.50,4.12,4.86,5.54,3.09,..,anti,A,4.49,4.55,3.08,3.63,3.37,3.63,4.12,4.13,0.05,5.86,0.61,5.69,0.35,35.88,0.25,C3'-endo
47,47,0.30,C,C,C,0,1,0,0,0,(,56,1,cWW,cW-W,5.04,2.78,1.13,1.43,4.05,4.72,5.61,3.38,..,anti,.,4.30,4.47,2.92,3.71,3.20,3.93,3.92,4.04,6.17,5.98,0.57,5.64,0.48,36.82,0.49,C3'-endo
48,48,0.30,A,A,A,1,0,0,0,0,.,,0,,,5.29,3.48,1.07,2.44,4.19,5.16,5.32,4.73,..,anti,.,1.13,1.44,3.68,5.55,3.91,4.35,3.88,3.80,5.84,0.66,5.67,0.37,0.04,37.69,2.75,C2'-endo
49,49,0.31,G,G,G,0,0,1,0,0,[,76,1,cWW,cW-W,2.84,2.73,0.58,1.50,3.42,5.11,4.59,3.48,BI,anti,A,4.22,4.36,6.08,4.08,0.87,3.91,1.42,4.30,0.09,5.85,0.59,5.73,0.30,34.29,0.18,C3'-endo
50,50,0.32,C,C,C,0,1,0,0,0,[,75,1,cWW,cW-W,3.39,3.33,2.20,1.32,3.29,0.67,2.62,3.29,..,anti,.,4.66,4.59,2.51,5.87,2.91,4.89,3.73,5.03,0.09,5.77,0.72,5.60,0.37,41.99,0.20,C3'-endo
51,51,0.32,G,G,G,0,0,1,0,0,.,53,1,cHH,cM-M,1.62,1.59,3.34,2.38,4.48,3.28,1.20,0.98,BII,syn,.,-1.16,1.30,1.91,2.26,2.51,2.13,3.41,1.84,5.87,0.60,5.73,0.33,0.04,34.55,2.74,C2'-endo
52,52,0.33,A,A,A,1,0,0,0,0,.,,0,,,1.18,3.61,2.64,1.36,4.17,5.08,5.37,3.11,..,anti,.,4.82,4.83,1.58,3.88,1.64,3.87,1.94,4.37,0.15,5.74,0.71,5.64,0.31,41.22,0.12,C3'-endo
53,53,0.34,A,A,A,1,0,0,0,0,.,51,1,cHH,cM-M,4.91,2.68,1.59,1.34,4.06,4.98,5.36,3.11,..,anti,.,4.61,4.63,3.02,3.85,3.38,3.83,4.25,4.70,6.23,5.89,0.66,5.57,0.48,41.06,0.40,C3'-endo
54,54,0.34,A,A,A,1,0,0,0,0,.,,0,,,4.91,2.80,1.17,1.41,4.07,5.08,5.28,3.27,..,anti,.,4.70,4.78,2.76,4.12,3.10,4.11,4.31,4.85,0.09,5.79,0.68,5.64,0.35,39.89,0.19,C3'-endo
55,55,0.35,U,U,U,0,0,0,1,0,.,62,1,cWW,cW-W,4.98,2.90,1.13,1.38,3.65,5.28,4.66,3.46,BI,anti,.,4.49,4.63,2.72,4.00,3.14,3.98,4.30,4.54,0.01,5.85,0.67,5.60,0.42,40.28,0.31,C3'-endo
56,56,0.35,G,G,G,0,0,1,0,0,),47,1,cWW,cW-W,4.64,3.24,1.33,1.34,3.70,5.17,4.81,3.31,BI,anti,A,4.51,4.58,2.90,3.82,3.23,3.82,4.12,4.42,6.24,5.90,0.65,5.59,0.47,40.26,0.39,C3'-endo
57,57,0.36,C,C,C,0,1,0,0,0,),46,1,cWW,cW-W,4.66,2.84,1.59,1.39,3.54,5.00,4.83,3.22,BI,anti,A,4.46,4.50,2.90,3.56,3.27,3.64,4.22,3.88,6.27,5.88,0.65,5.61,0.43,39.46,0.34,C3'-endo
58,58,0.37,G,G,G,0,0,1,0,0,),"45,59",2,"cWW,cSW","cW-W,cm-W",5.02,3.25,1.32,2.47,4.88,2.18,2.70,3.92,BII,anti,.,0.42,0.57,3.75,2.93,4.06,2.86,4.25,3.18,5.89,0.63,5.67,0.40,6.27,37.01,2.83,C2'-endo
59,59,0.37,A,A,A,1,0,0,0,0,.,58,1,cWS,cW-m,0.69,2.30,5.08,2.53,4.37,1.32,3.05,0.95,..,syn,.,-1.20,1.30,3.56,1.35,3.30,0.70,3.44,6.18,5.99,0.57,5.68,0.46,6.18,35.13,2.98,C2'-endo
60,60,0.38,U,U,U,0,0,0,1,0,.,,0,,,1.82,3.00,0.69,2.52,4.65,4.80,6.13,3.94,..,anti,.,0.64,0.70,0.29,5.18,0.72,4.95,1.36,5.43,5.87,0.66,5.64,0.42,6.27,38.90,2.83,C2'-endo
61,61,0.39,A,A,A,1,0,0,0,0,.,46,1,tSS,tm+m,5.36,3.16,1.07,1.41,3.80,3.14,0.66,3.85,..,anti,.,3.56,4.66,3.16,2.34,3.86,2.76,4.22,2.84,0.04,5.83,0.66,5.63,0.39,39.28,0.26,C3'-endo
62,62,0.39,C,C,C,0,1,0,0,0,.,55,1,cWW,cW-W,2.52,3.63,3.67,2.50,4.86,1.46,3.39,3.97,..,anti,.,0.46,0.60,4.78,0.47,3.91,0.63,3.24,1.02,5.92,0.62,5.66,0.43,6.24,36.92,2.89,C2'-endo
63,63,0.40,G,G,G,0,0,1,0,0,.,97,1,cWW,cW-W,3.31,2.21,2.84,1.48,3.83,5.06,5.05,3.30,BI,anti,.,4.63,4.68,3.45,3.05,3.31,3.28,3.37,3.78,0.13,5.79,0.65,5.70,0.29,37.34,0.12,C3'-endo
64,64,0.41,U,U,U,0,0,0,1,0,(,96,1,cWW,cW-W,5.14,3.46,0.66,1.39,3.64,5.20,4.73,3.19,BI,anti,A,4.69,4.65,2.94,3.75,3.09,3.87,3.66,4.48,0.07,5.80,0.69,5.62,0.38,40.40,0.23,C3'-endo
65,65,0.41,A,A,A,1,0,0,0,0,.,94,1,cW.,cW-.,4.91,3.17,1.16,1.37,3.68,5.23,4.73,3.23,BI,anti,.,4.58,4.60,2.98,3.93,3.27,3.97,4.08,4.76,6.28,5.86,0.66,5.60,0.43,40.08,0.33,C3'-endo
66,66,0.42,A,A,A,1,0,0,0,0,(,93,1,cWW,cW-W,4.93,3.16,1.07,1.44,3.83,5.04,5.07,3.41,BI,anti,A,4.45,4.62,2.96,3.87,3.29,3.86,4.37,4.31,0.06,5.83,0.64,5.66,0.36,37.74,0.23,C3'-endo
67,67,0.42,U,U,U,0,0,0,1,0,(,92,1,cWW,cW-W,4.90,2.89,1.18,1.30,3.84,4.97,5.15,3.39,BI,anti,A,4.61,4.75,2.81,3.71,3.08,3.73,3.82,4.18,0.00,5.83,0.70,5.56,0.45,42.41,0.32,C3'-endo
68,68,0.43,G,G,G,0,0,1,0,0,(,91,1,cWW,cW-W,4.96,2.92,1.26,1.39,3.79,5.07,5.00,3.34,BI,anti,A,4.39,4.53,2.98,3.84,3.22,3.84,3.89,4.41,6.25,5.90,0.63,5.61,0.44,38.96,0.37,C3'-endo
69,69,0.44,U,U,U,0,0,0,1,0,(,89,1,cWW,cW-W,5.09,2.86,1.16,1.40,4.29,4.89,5.69,3.37,..,anti,.,4.26,4.52,3.10,4.08,3.36,4.30,4.16,5.29,6.19,5.96,0.60,5.62,0.48,38.18,0.46,C3'-endo
70,70,0.44,G,G,G,0,0,1,0,0,.,88,1,tSH,tm-M,5.26,2.45,1.56,2.42,3.94,3.29,0.65,4.19,..,anti,.,1.94,1.89,3.13,2.93,4.01,2.77,5.08,3.21,5.88,0.63,5.69,0.38,0.02,36.27,2.79,C2'-endo
71,71,0.45,A,A,A,1,0,0,0,0,.,"82,87",2,"tWS,tHS","tW+m,tM-m",5.00,2.91,1.02,2.52,4.84,1.68,3.16,3.68,..,anti,.,0.64,0.70,3.75,2.79,3.71,2.55,3.87,2.88,5.96,0.59,5.67,0.45,6.20,36.01,2.94,C2'-endo
72,72,0.46,A,A,A,1,0,0,0,0,.,,0,,,1.63,4.30,3.35,1.64,4.07,5.16,5.19,2.99,..,anti,A,4.71,4.74,3.92,3.80,3.89,3.80,4.27,4.40,0.32,5.69,0.62,5.84,0.08,36.06,6.08,C2'-exo
73,73,0.46,U,U,U,0,0,0,1,0,.,,0,,,5.06,3.09,0.90,1.41,3.88,5.36,4.80,3.35,BI,anti,.,4.56,4.67,2.78,4.22,3.18,4.30,4.17,5.01,0.06,5.82,0.67,5.63,0.38,39.36,0.24,C3'-endo
74,74,0.47,U,U,U,0,0,0,1,0,.,,0,,,5.03,3.03,1.15,1.33,3.23,4.81,4.70,3.41,BI,anti,.,4.45,4.42,2.88,3.11,3.42,2.42,4.58,1.60,6.23,5.89,0.65,5.58,0.47,40.52,0.39,C3'-endo
75,75,0.47,G,G,G,0,0,1,0,0,],50,1,cWW,cW-W,3.36,2.36,0.89,1.43,3.67,5.06,4.89,3.40,BI,anti,A,4.46,4.58,0.76,3.92,0.85,3.81,0.78,4.17,0.06,5.83,0.65,5.65,0.37,38.48,0.24,C3'-endo
76,76,0.48,C,C,C,0,1,0,0,0,],49,1,cWW,cW-W,4.98,2.98,1.12,1.37,3.59,5.21,4.67,3.40,BI,anti,A,4.53,4.60,2.88,3.83,3.16,3.83,3.90,4.39,0.01,5.85,0.67,5.60,0.42,40.30,0.31,C3'-endo
77,77,0.49,A,A,A,1,0,0,0,0,.,,0,,,4.91,2.98,1.27,1.40,3.77,5.25,4.81,3.29,BI,anti,.,4.59,4.62,2.98,4.03,3.31,4.05,4.21,4.89,0.00,5.87,0.64,5.63,0.41,38.57,0.32,C3'-endo
78,78,0.49,G,G,G,0,0,1,0,0,.,,0,,,5.01,2.98,1.12,1.43,3.73,4.98,5.03,3.42,BI,anti,A,4.39,4.56,2.92,3.78,3.36,3.76,4.57,4.24,0.05,5.85,0.64,5.66,0.37,37.63,0.25,C3'-endo
79,79,0.50,A,A,A,1,0,0,0,0,.,,0,,,5.19,2.99,0.86,1.40,4.85,3.84,1.00,3.57,..,anti,.,3.58,4.65,3.21,4.00,3.35,4.01,3.95,3.97,0.04,5.83,0.66,5.63,0.38,38.89,0.26,C3'-endo
80,80,0.51,A,A,A,1,0,0,0,0,.,82,1,tSW,tm+W,1.19,4.81,3.86,2.16,4.88,3.50,1.38,3.87,BII,anti,.,1.17,1.47,4.18,2.02,3.95,2.74,3.87,3.48,5.86,0.53,5.85,0.20,0.14,29.79,2.54,C2'-endo
81,81,0.51,U,U,U,0,0,0,1,0,.,,0,,,4.78,2.02,1.60,2.44,3.83,3.56,0.27,4.22,..,anti,.,1.81,1.82,3.10,3.55,3.86,2.37,4.29,1.40,5.83,0.67,5.67,0.37,0.05,38.19,2.74,C2'-endo
82,82,0.52,U,U,U,0,0,0,1,0,.,"71,80",2,"tSW,tWS","tm+W,tW+m",5.45,2.20,5.47,1.29,2.11,0.93,1.19,3.35,..,anti,.,3.71,3.73,1.70,3.69,1.48,3.48,0.86,2.77,0.14,5.78,0.66,5.68,0.30,38.22,0.13,C3'-endo
83,83,0.53,C,C,C,0,1,0,0,0,.,,0,,,2.82,1.24,2.97,2.59,4.07,3.05,1.02,4.08,BII,anti,.,1.43,1.47,3.70,0.90,3.33,1.94,2.48,2.83,6.01,0.57,5.64,0.50,6.13,36.85,3.05,C2'-endo
84,84,0.53,C,C,C,0,1,0,0,0,.,,0,,,2.68,2.26,4.97,2.54,3.99,1.41,2.58,3.87,..,anti,.,1.74,1.72,5.29,0.95,4.58,1.12,3.91,0.84,6.05,0.52,5.68,0.48,6.12,34.39,3.08,C2'-endo
85,85,0.54,G,G,G,0,0,1,0,0,.,,0,,,3.47,4.04,0.88,1.40,1.40,1.34,0.06,5.24,..,anti,.,-1.66,3.34,2.75,4.01,2.86,3.69,2.81,3.75,0.34,5.66,0.66,5.80,0.09,38.41,6.09,C2'-exo
86,86,0.54,U,U,U,0,0,0,1,0,.,,0,,,3.00,2.46,4.12,1.54,3.50,3.60,6.18,3.79,..,anti,.,3.86,4.47,5.07,1.22,5.03,1.46,5.08,1.12,0.12,5.83,0.60,5.74,0.27,34.47,0.14,C3'-endo
87,87,0.55,G,G,G,0,0,1,0,0,.,71,1,tSH,tm-M,4.29,2.82,0.86,2.34,3.97,3.18,0.79,4.27,BII,anti,.,1.86,1.91,2.33,2.76,2.34,2.76,2.21,3.22,5.83,0.63,5.73,0.31,0.09,35.47,2.67,C2'-endo
88,88,0.56,A,A,A,1,0,0,0,0,.,70,1,tHS,tM-m,4.61,2.89,1.17,1.61,3.66,5.46,4.48,3.33,BI,anti,.,4.05,4.18,3.29,4.39,3.07,4.35,3.36,5.32,6.28,5.98,0.47,5.79,0.32,28.85,0.34,C3'-endo
89,89,0.56,A,A,A,1,0,0,0,0,),69,1,cWW,cW-W,4.65,3.27,1.04,1.57,4.46,4.67,6.07,4.01,..,anti,.,2.38,4.43,2.97,3.79,3.42,3.12,4.67,2.87,0.03,5.92,0.54,5.74,0.33,31.93,0.28,C3'-endo
90,90,0.57,U,U,U,0,0,0,1,0,.,,0,,,3.96,1.97,5.99,2.50,4.80,4.28,0.51,4.69,..,anti,.,0.26,0.55,0.42,5.21,0.85,4.92,0.56,5.33,5.95,0.60,5.67,0.44,6.21,36.17,2.93,C2'-endo
91,91,0.58,C,C,C,0,1,0,0,0,),68,1,cWW,cW-W,0.30,2.99,0.48,1.44,3.93,4.96,5.25,3.23,BI,anti,A,4.72,4.77,3.79,3.83,4.38,3.91,4.56,4.42,0.20,5.71,0.70,5.68,0.25,40.11,0.04,C3'-endo
92,92,0.58,A,A,A,1,0,0,0,0,),67,1,cWW,cW-W,4.95,2.79,1.28,1.43,3.78,5.15,4.92,3.19,BI,anti,A,4.64,4.66,2.88,3.97,3.20,3.93,3.99,4.49,0.08,5.81,0.66,5.65,0.35,38.83,0.21,C3'-endo
93,93,0.59,U,U,U,0,0,0,1,0,),66,1,cWW,cW-W,4.91,3.00,1.21,1.40,3.68,5.41,4.55,3.29,BI,anti,.,4.55,4.58,2.88,4.14,3.24,4.14,4.21,5.06,0.01,5.85,0.66,5.61,0.42,39.84,0.31,C3'-endo
94,94,0.59,C,C,C,0,1,0,0,0,.,65,1,c.W,c.-W,4.87,3.16,1.14,1.40,3.63,3.74,6.17,3.77,..,anti,.,3.83,4.49,2.90,2.80,3.35,2.18,4.63,1.32,6.18,5.97,0.58,5.62,0.48,37.69,0.48,C3'-endo
95,95,0.60,G,G,G,0,0,1,0,0,.,,0,,,1.21,3.74,2.83,2.55,4.36,4.86,5.78,4.40,..,anti,.,1.12,1.13,2.01,4.58,1.92,4.36,1.59,5.02,5.82,0.72,5.60,0.43,0.02,41.75,2.79,C2'-endo
96,96,0.61,A,A,A,1,0,0,0,0,),64,1,cWW,cW-W,4.64,3.42,1.01,1.45,3.46,5.15,4.60,3.46,BI,anti,.,4.38,4.47,2.59,4.24,3.28,4.02,3.82,4.29,0.04,5.86,0.62,5.66,0.37,36.95,0.27,C3'-endo
97,97,0.61,A,A,A,1,0,0,0,0,.,63,1,cWW,cW-W,2.28,3.26,3.55,1.49,3.92,5.02,5.18,3.23,BI,anti,A,4.71,4.74,2.95,3.23,3.16,3.42,3.80,4.11,0.17,5.75,0.67,5.69,0.27,38.45,0.08,C3'-endo
98,98,0.62,U,U,U,0,0,0,1,0,.,,0,,,5.02,2.84,1.20,1.39,4.10,5.31,5.07,3.29,..,anti,.,4.61,4.70,2.97,4.34,3.27,4.42,4.10,5.38,0.03,5.84,0.67,5.61,0.41,39.95,0.28,C3'-endo
99,99,0.63,C,C,C,0,1,0,0,0,.,,0,,,5.19,2.91,1.06,1.47,4.31,2.68,1.63,3.82,BII,anti,.,3.16,4.51,3.03,1.66,3.54,1.97,4.82,2.58,6.24,5.94,0.58,5.66,0.43,36.16,0.40,C3'-endo
100,100,0.63,U,U,U,0,0,0,1,0,),44,1,cWW,cW-W,4.67,3.25,0.65,1.63,3.88,5.19,4.97,3.14,BI,anti,A,4.46,4.54,3.37,4.18,3.16,4.22,2.81,4.64,0.26,5.75,0.58,5.84,0.12,33.49,6.16,C2'-exo
101,101,0.64,U,U,U,0,0,0,1,0,),43,1,cWW,cW-W,5.00,3.13,0.90,1.39,3.49,5.15,4.63,3.46,BI,anti,.,4.32,4.43,2.74,4.25,3.13,4.12,3.90,4.51,6.23,5.92,0.62,5.61,0.46,38.66,0.41,C3'-endo
102,102,0.65,U,U,U,0,0,0,1,0,),42,1,cWW,cW-W,2.34,3.60,3.61,1.49,3.83,5.24,4.87,3.11,BI,anti,.,4.21,4.28,3.28,3.40,3.53,3.61,4.26,4.94,6.13,6.04,0.52,5.66,0.49,35.23,0.57,C3'-endo
103,103,0.65,G,G,G,0,0,1,0,0,.,41,1,tSH,tm-M,4.75,3.03,1.17,1.53,4.08,4.97,5.39,3.95,..,anti,.,2.95,4.40,2.84,4.02,3.26,3.93,4.74,3.72,6.27,5.94,0.55,5.71,0.37,33.28,0.34,C3'-endo
104,104,0.66,A,A,A,1,0,0,0,0,.,39,1,tHS,tM-m,5.26,3.67,6.24,1.35,3.21,0.75,2.46,4.69,..,anti,.,0.87,4.39,2.51,5.33,2.61,5.21,2.59,5.34,6.24,5.88,0.66,5.59,0.46,40.50,0.38,C3'-endo
105,105,0.66,A,A,A,1,0,0,0,0,.,40,1,tHH,tM+M,1.20,3.07,3.24,2.41,4.86,2.20,2.66,4.22,BII,anti,.,0.40,0.61,2.64,1.76,3.20,1.70,3.48,0.99,5.81,0.67,5.68,0.34,0.08,38.00,2.70,C2'-endo
106,106,0.67,C,C,C,0,1,0,0,0,.,"37,39",2,"cWH,tWW","cW+M,tW+W",2.37,3.55,1.26,2.54,4.55,1.48,3.07,3.37,..,anti,.,1.12,1.14,1.99,2.23,2.05,1.43,1.60,0.01,5.98,0.58,5.67,0.45,6.19,35.58,2.96,C2'-endo
107,107,0.68,G,G,G,0,0,1,0,0,(,115,1,cWW,cW-W,1.11,2.89,0.90,1.47,3.38,5.24,4.43,3.24,BI,anti,A,4.45,4.49,5.80,4.05,5.88,3.97,0.99,4.44,0.15,5.77,0.66,5.70,0.28,37.98,0.10,C3'-endo
108,108,0.68,C,C,C,0,1,0,0,0,(,114,1,cWW,cW-W,3.97,3.57,1.60,1.28,3.78,5.29,4.78,3.31,BI,anti,.,4.69,4.73,2.69,4.01,3.00,4.03,3.86,4.56,0.04,5.79,0.73,5.57,0.43,43.16,0.27,C3'-endo
109,109,0.69,A,A,A,1,0,0,0,0,.,112,1,tSH,tm-M,4.88,2.97,1.46,1.32,3.78,5.08,4.98,3.22,BI,anti,A,4.64,4.64,3.07,3.78,3.44,3.82,4.37,4.47,6.24,5.88,0.66,5.58,0.47,40.95,0.38,C3'-endo
110,110,0.70,C,C,C,0,1,0,0,0,.,,0,,,5.17,2.97,1.09,1.43,3.56,4.80,5.04,3.42,BI,anti,.,4.30,4.39,3.07,3.19,3.41,2.54,4.33,2.92,6.25,5.93,0.59,5.66,0.41,36.12,0.37,C3'-endo
111,111,0.70,A,A,A,1,0,0,0,0,.,,0,,,3.79,2.14,5.88,2.63,4.46,4.65,6.09,4.81,..,anti,.,0.70,0.89,0.16,4.92,0.33,4.76,5.69,5.21,5.96,0.63,5.60,0.52,6.16,39.59,2.99,C2'-endo
112,112,0.71,U,U,U,0,0,0,1,0,.,109,1,tHS,tM-m,5.78,3.46,0.62,2.47,3.74,5.01,5.01,5.09,BI,anti,.,1.31,1.69,3.55,5.19,4.25,4.77,4.35,4.92,5.84,0.68,5.64,0.40,0.02,39.28,2.79,C2'-endo
113,113,0.72,U,U,U,0,0,0,1,0,.,,0,,,2.87,3.73,4.47,1.53,3.30,2.95,0.35,4.37,..,anti,.,2.16,4.00,4.74,0.48,5.20,1.04,5.49,1.83,6.17,6.06,0.46,5.74,0.42,30.85,0.54,C3'-endo
114,114,0.72,G,G,G,0,0,1,0,0,),108,1,cWW,cW-W,5.12,2.89,0.93,1.49,3.91,5.00,5.19,3.20,BI,anti,A,4.69,4.72,3.32,3.98,3.18,4.00,2.95,4.46,0.18,5.75,0.67,5.70,0.25,38.24,0.05,C3'-endo
115,115,0.73,C,C,C,0,1,0,0,0,),107,1,cWW,cW-W,5.12,2.95,1.07,1.42,3.57,5.66,4.19,3.36,BI,anti,.,4.51,4.54,2.93,4.01,3.26,3.72,4.08,3.59,0.01,5.88,0.63,5.65,0.40,37.74,0.31,C3'-endo
116,116,0.73,G,G,G,0,0,1,0,0,(,137,1,cWW,cW-W,3.77,1.91,2.90,1.54,4.26,4.76,5.78,3.08,..,anti,A,4.60,4.67,3.23,3.04,3.22,3.31,3.32,3.96,0.19,5.77,0.63,5.75,0.22,36.00,0.03,C3'-endo
117,117,0.74,C,C,C,0,1,0,0,0,(,136,1,cWW,cW-W,5.18,2.67,1.04,1.37,3.64,5.13,4.80,3.33,BI,anti,A,4.52,4.56,2.75,3.83,3.10,3.77,3.90,4.06,6.27,5.87,0.65,5.61,0.44,39.70,0.35,C3'-endo
118,118,0.75,C,C,C,0,1,0,0,0,(,135,1,cWW,cW-W,4.96,3.03,1.18,1.29,3.85,4.92,5.21,3.37,BI,anti,A,4.49,4.59,2.99,3.63,3.21,3.61,3.78,3.98,6.15,5.95,0.65,5.54,0.55,42.27,0.50,C3'-endo
119,119,0.75,C,C,C,0,1,0,0,0,(,134,1,cWW,cW-W,4.65,2.78,1.49,1.36,3.94,4.87,5.36,3.44,BI,anti,A,4.37,4.61,2.85,3.71,3.03,3.69,3.59,4.14,6.24,5.90,0.64,5.60,0.46,39.45,0.39,C3'-endo
120,120,0.76,C,C,C,0,1,0,0,0,(,133,1,cWW,cW-W,5.13,2.93,0.87,1.39,3.57,5.18,4.67,3.61,BI,anti,A,4.21,4.55,2.76,3.80,3.00,3.80,3.71,4.29,0.00,5.87,0.65,5.62,0.42,39.01,0.32,C3'-endo
121,121,0.77,U,U,U,0,0,0,1,0,(,132,1,cWW,cW-W,4.89,3.01,1.24,1.35,3.59,4.96,4.91,3.49,BI,anti,A,4.44,4.62,2.93,3.58,3.24,3.55,4.00,3.67,6.25,5.88,0.66,5.59,0.46,40.52,0.36,C3'-endo
122,122,0.77,U,U,U,0,0,0,1,0,(,131,1,cWW,cW-W,4.94,3.20,0.99,1.35,3.54,5.15,4.68,3.66,BI,anti,A,4.15,4.58,2.88,3.70,3.01,3.72,3.31,4.13,6.26,5.87,0.67,5.59,0.45,40.65,0.35,C3'-endo
123,123,0.78,G,G,G,0,0,1,0,0,(,130,1,cWW,cW-W,4.88,3.15,1.12,1.35,3.52,5.15,4.65,3.56,BI,anti,A,4.28,4.52,2.89,3.69,3.14,3.66,3.76,4.06,6.24,5.89,0.66,5.58,0.47,40.79,0.39,C3'-endo
124,124,0.78,G,G,G,0,0,1,0,0,(,129,1,cWW,cW-W,4.91,3.06,1.15,1.30,3.41,0.92,2.49,3.47,..,anti,.,4.47,4.54,2.89,5.54,3.14,4.87,3.79,3.49,6.20,5.91,0.66,5.56,0.51,41.58,0.44,C3'-endo
125,125,0.79,U,U,U,0,0,0,1,0,.,,0,,,4.33,4.02,2.91,1.43,2.99,2.52,0.47,0.70,..,syn,.,-3.78,4.04,5.09,0.27,6.25,5.29,1.00,4.67,6.17,6.00,0.55,5.65,0.47,35.86,0.51,C3'-endo
126,126,0.80,A,A,A,1,0,0,0,0,.,,0,,,2.77,1.78,1.99,2.42,4.98,3.75,1.23,4.08,..,anti,.,0.41,0.50,2.77,3.57,3.46,3.06,3.69,2.53,5.85,0.66,5.66,0.39,0.02,38.06,2.79,C2'-endo
127,127,0.80,U,U,U,0,0,0,1,0,.,,0,,,1.64,3.39,0.87,1.46,3.89,4.96,5.21,3.34,BI,anti,A,4.49,4.58,5.90,3.86,0.46,4.07,0.97,4.51,0.03,5.87,0.61,5.67,0.37,36.55,0.28,C3'-endo
128,128,0.81,U,U,U,0,0,0,1,0,.,,0,,,5.16,3.11,1.13,2.40,3.82,5.39,4.71,4.07,BI,anti,.,1.95,1.94,3.13,5.59,3.66,5.14,4.17,5.62,5.83,0.65,5.69,0.35,0.06,37.05,2.72,C2'-endo
129,129,0.82,C,C,C,0,1,0,0,0,),124,1,cWW,cW-W,3.87,4.02,1.13,1.40,3.49,5.14,4.63,3.32,BI,anti,A,4.37,4.42,2.29,3.78,3.05,3.80,3.71,4.16,6.24,5.91,0.62,5.63,0.44,38.16,0.39,C3'-endo
130,130,0.82,C,C,C,0,1,0,0,0,),123,1,cWW,cW-W,4.90,3.08,1.14,1.26,3.71,5.01,4.98,3.58,BI,anti,A,4.26,4.66,2.91,3.61,3.12,3.62,3.72,4.07,6.23,5.87,0.70,5.54,0.50,43.27,0.39,C3'-endo
131,131,0.83,A,A,A,1,0,0,0,0,),122,1,cWW,cW-W,5.10,2.97,0.95,1.27,3.57,5.01,4.84,3.43,BI,anti,.,4.57,4.70,2.78,3.53,2.99,3.53,3.71,3.75,0.05,5.77,0.75,5.55,0.43,44.29,0.26,C3'-endo
132,132,0.84,G,G,G,0,0,1,0,0,),121,1,cWW,cW-W,5.08,3.14,1.06,1.31,3.67,5.13,4.82,3.15,BI,anti,A,4.68,4.65,3.01,3.76,3.13,3.80,3.51,4.41,6.27,5.85,0.70,5.56,0.47,42.59,0.35,C3'-endo
133,133,0.84,G,G,G,0,0,1,0,0,),120,1,cWW,cW-W,4.99,3.26,0.97,1.36,3.58,5.12,4.74,3.36,BI,anti,A,4.60,4.64,2.91,3.70,3.14,3.74,4.00,4.15,0.05,5.81,0.70,5.60,0.40,41.19,0.25,C3'-endo
134,134,0.85,G,G,G,0,0,1,0,0,),119,1,cWW,cW-W,4.98,3.09,1.16,1.35,3.61,5.21,4.67,3.34,BI,anti,A,4.55,4.60,2.99,3.82,3.23,3.81,3.89,4.25,0.00,5.85,0.68,5.59,0.44,40.86,0.32,C3'-endo
135,135,0.85,G,G,G,0,0,1,0,0,),118,1,cWW,cW-W,4.97,3.15,1.05,1.29,3.45,5.02,4.71,3.41,BI,anti,.,4.48,4.54,2.89,3.99,3.17,3.82,3.91,4.11,6.21,5.90,0.68,5.55,0.51,42.60,0.42,C3'-endo
136,136,0.86,G,G,G,0,0,1,0,0,),"0,117",2,"cSW,cWW","cm-W,cW-W",2.25,3.39,3.72,1.56,3.68,5.29,4.67,3.22,BI,anti,A,4.47,4.53,3.19,3.33,3.33,3.51,3.94,4.13,0.17,5.79,0.61,5.75,0.23,35.24,0.05,C3'-endo
137,137,0.87,C,C,C,0,1,0,0,0,),116,1,cWW,cW-W,4.88,3.27,0.96,1.37,4.13,4.88,5.53,3.49,..,anti,.,4.17,4.59,2.94,3.81,3.22,4.01,3.94,4.36,6.19,5.95,0.61,5.60,0.49,38.98,0.46,C3'-endo
138,138,0.87,A,A,A,1,0,0,0,0,.,0,1,cWW,cW-W,5.17,3.82,1.93,1.42,3.83,5.00,5.12,3.19,BI,anti,A,4.60,4.63,4.45,3.94,4.56,3.87,4.58,4.24,0.05,5.84,0.65,5.65,0.37,38.30,0.25,C3'-endo
139,139,0.88,U,U,U,0,0,0,1,0,),0,1,cWW,cW-W,5.09,2.99,0.99,1.31,3.63,5.08,4.83,3.38,BI,anti,A,4.55,4.64,2.84,3.68,3.11,3.69,3.86,4.19,0.02,5.81,0.71,5.57,0.43,42.50,0.29,C3'-endo
140,140,0.89,G,G,G,0,0,1,0,0,),0,1,cWW,cW-W,5.07,3.07,1.01,1.35,3.83,5.08,5.03,3.41,BI,anti,A,4.51,4.71,2.96,3.86,3.16,3.89,3.87,4.53,0.04,5.81,0.69,5.60,0.41,41.19,0.27,C3'-endo
141,141,0.89,C,C,C,0,1,0,0,0,),0,1,cWW,cW-W,5.12,2.86,1.06,1.29,3.71,4.84,5.15,3.37,BI,anti,A,4.61,4.69,2.83,3.53,3.15,3.53,4.11,3.80,6.27,5.83,0.72,5.54,0.48,43.68,0.34,C3'-endo
142,142,0.90,C,C,C,0,1,0,0,0,),0,1,cWW,cW-W,5.23,2.86,1.04,1.31,3.93,4.76,5.45,3.40,BI,anti,A,4.57,4.76,3.04,3.63,3.16,3.66,3.60,4.03,6.28,5.84,0.70,5.56,0.46,42.42,0.33,C3'-endo
143,143,0.91,U,U,U,0,0,0,1,0,),0,1,cWW,cW-W,5.21,2.98,0.80,1.43,3.61,5.20,4.70,3.45,BI,anti,A,4.48,4.62,2.84,3.85,2.99,3.86,3.56,4.38,0.10,5.79,0.67,5.65,0.33,39.05,0.18,C3'-endo
144,144,0.91,G,G,G,0,0,1,0,0,),0,1,cWW,cW-W,4.76,2.96,1.35,1.36,3.54,5.14,4.68,3.28,BI,anti,A,4.62,4.62,2.83,3.73,3.20,3.69,4.09,3.97,0.05,5.80,0.70,5.59,0.41,41.62,0.26,C3'-endo
145,145,0.92,U,U,U,0,0,0,1,0,),0,1,cWW,cW-W,4.93,3.23,1.19,1.36,3.63,5.22,4.69,3.39,BI,anti,A,4.43,4.51,3.09,3.86,3.29,3.84,3.81,4.46,6.22,5.91,0.63,5.60,0.47,39.47,0.41,C3'-endo
146,146,0.92,U,U,U,0,0,0,1,0,),0,1,cWW,cW-W,4.40,2.95,1.65,1.38,3.70,5.15,4.84,3.31,BI,anti,A,4.58,4.62,2.80,3.81,3.15,3.75,4.09,4.33,0.02,5.84,0.67,5.61,0.41,39.85,0.29,C3'-endo
147,147,0.93,U,U,U,0,0,0,1,0,),0,1,cWW,cW-W,4.95,3.04,1.10,1.37,3.60,5.54,4.35,3.38,BI,anti,.,4.57,4.60,2.86,4.08,3.17,3.90,4.09,4.12,6.27,5.87,0.66,5.60,0.44,40.00,0.35,C3'-endo
148,148,0.94,G,G,G,0,0,1,0,0,),"0,0",2,"cWW,c.W","cW-W,c.-W",3.78,2.47,2.63,1.45,3.80,4.94,5.14,3.16,BI,anti,A,4.32,4.42,3.14,3.12,3.33,3.30,3.86,3.90,6.25,5.93,0.59,5.65,0.42,36.47,0.38,C3'-endo
149,149,0.94,A,A,A,1,0,0,0,0,),0,1,cWW,cW-W,5.08,3.10,0.89,1.47,3.67,5.03,4.93,3.57,BI,anti,A,4.13,4.47,2.92,3.78,3.16,3.78,3.86,4.19,0.07,5.85,0.61,5.69,0.33,36.13,0.22,C3'-endo
150,150,0.95,G,G,G,0,0,1,0,0,),0,1,cWW,cW-W,5.03,3.00,0.97,1.41,4.25,5.14,5.39,3.61,..,anti,.,3.88,4.67,3.00,4.35,3.17,3.86,3.74,4.01,6.27,5.89,0.63,5.63,0.42,38.09,0.34,C3'-endo
151,151,0.96,C,C,C,0,1,0,0,0,.,,0,,,3.39,2.34,5.39,1.48,3.38,4.10,5.56,5.00,BI,anti,.,-0.56,4.42,5.15,2.37,5.49,2.10,5.23,1.47,0.14,5.78,0.66,5.69,0.29,38.03,0.12,C3'-endo
152,152,0.96,G,G,G,0,0,1,0,0,),0,1,cWW,cW-W,3.22,2.78,0.81,1.42,3.89,5.28,4.89,3.21,BI,anti,.,4.66,4.68,0.93,4.21,0.91,4.23,1.50,5.04,0.06,5.83,0.66,5.64,0.37,38.73,0.24,C3'-endo
153,153,0.97,U,U,U,0,0,0,1,0,.,0,1,cWW,cW-W,5.08,3.08,0.88,1.37,3.35,4.72,4.92,3.41,BI,anti,.,4.56,4.54,2.73,3.17,3.19,3.15,4.48,3.00,0.02,5.84,0.67,5.62,0.41,39.78,0.29,C3'-endo
154,154,0.97,C,C,C,0,1,0,0,0,),0,1,cWW,cW-W,5.18,2.94,1.06,1.37,3.91,5.09,5.10,3.50,BI,anti,A,4.32,4.65,3.12,3.77,3.10,3.68,2.95,3.99,6.26,5.88,0.65,5.60,0.44,39.81,0.36,C3'-endo
155,155,0.98,A,A,A,1,0,0,0,0,),0,1,cWW,cW-W,4.48,2.22,2.10,1.49,4.05,5.14,5.19,3.11,BI,anti,.,4.69,4.68,3.03,3.82,3.26,3.84,3.86,4.70,0.12,5.80,0.63,5.70,0.29,36.61,0.13,C3'-endo
156,156,0.99,U,U,U,0,0,0,1,0,.,0,1,cWW,cW-W,5.14,2.88,1.06,1.41,3.59,5.70,4.17,3.70,BI,anti,.,4.00,4.50,2.82,4.10,3.31,3.74,4.53,3.69,6.23,5.92,0.61,5.63,0.45,37.94,0.40,C3'-endo
157,157,0.99,U,U,U,0,0,0,1,0,.,,0,,,3.61,1.88,2.78,1.57,4.66,4.34,0.32,3.26,..,anti,.,4.36,4.60,3.00,3.59,3.00,4.02,3.16,4.89,0.18,5.79,0.61,5.76,0.22,34.77,0.04,C3'-endo
158,158,1.00,U,U,U,0,0,0,1,0,.,,0,,,0.19,2.14,0.50,2.42,,,,5.04,n/a,anti,-,,,,,,,,,5.77,0.72,5.65,0.35,0.10,40.69,2.68,C2'-endo
