index_chain,old_nt_resnum,nt_position,nt_name,nt_code,nt_align_code,is_A,is_C,is_G,is_U,is_other,dbn,paired,nb_interact,pair_type_LW,pair_type_DSSR,alpha,beta,gamma,delta,epsilon,zeta,epsilon_zeta,chi,bb_type,glyco_bond,form,ssZp,Dp,eta,theta,eta_prime,theta_prime,eta_base,theta_base,v0,v1,v2,v3,v4,amplitude,phase_angle,puckering
1,1,0.01,GTP,g,G,0,0,0,0,1,(,40,1,cWW,cW-W,,,1.74,1.25,3.83,5.04,5.07,3.15,BI,anti,A,4.78,4.77,,,,,,,6.23,5.74,0.78,5.39,0.48,47.67,0.35,C3'-endo
2,2,0.02,G,G,G,0,0,1,0,0,(,39,1,cWW,cW-W,5.33,3.06,0.73,1.36,3.59,5.03,4.84,3.33,BI,anti,A,4.69,4.69,2.91,3.60,3.14,3.62,3.73,3.92,0.04,5.82,0.68,5.61,0.40,40.45,0.27,C3'-endo
3,3,0.04,U,U,U,0,0,0,1,0,(,38,1,cWW,cW-W,5.25,3.07,0.93,1.32,3.51,4.96,4.83,3.38,BI,anti,A,4.64,4.70,3.03,3.46,3.19,3.51,3.70,3.75,0.07,5.79,0.70,5.60,0.38,41.32,0.23,C3'-endo
4,4,0.05,G,G,G,0,0,1,0,0,(,37,1,cWW,cW-W,5.30,3.03,0.93,1.38,3.63,5.08,4.84,3.40,BI,anti,A,4.50,4.63,3.09,3.78,3.25,3.81,3.61,4.51,0.02,5.86,0.64,5.64,0.40,38.39,0.30,C3'-endo
5,5,0.06,A,A,A,1,0,0,0,0,(,36,1,cWW,cW-W,5.35,3.03,0.75,1.42,3.67,5.21,4.74,3.45,BI,anti,A,4.57,4.74,2.97,3.91,3.23,3.95,4.21,4.39,0.12,5.78,0.67,5.66,0.32,39.02,0.15,C3'-endo
6,6,0.07,C,C,C,0,1,0,0,0,(,35,1,cWW,cW-W,5.08,2.91,1.13,1.35,3.68,5.08,4.89,3.31,BI,anti,A,4.63,4.67,2.93,3.75,3.29,3.75,4.09,4.25,6.25,5.88,0.65,5.60,0.45,39.90,0.37,C3'-endo
7,7,0.08,U,U,U,0,0,0,1,0,.,32,1,tWH,tW-M,5.13,2.94,1.15,1.44,3.59,5.00,4.88,3.41,BI,anti,A,4.26,4.42,3.02,3.69,3.33,3.64,4.12,3.99,6.25,5.92,0.60,5.65,0.41,36.72,0.37,C3'-endo
8,8,0.09,A,A,A,1,0,0,0,0,.,31,1,tHS,tM-m,4.84,3.07,1.19,1.35,3.91,5.39,4.81,3.53,BI,anti,.,4.16,4.62,2.93,4.20,3.11,4.31,3.68,5.09,6.23,5.87,0.69,5.55,0.50,42.87,0.39,C3'-endo
9,9,0.11,G,G,G,0,0,1,0,0,(,"30,74",2,"cWW,cWS","cW-W,cW-m",5.11,2.87,1.08,1.35,3.56,5.24,4.61,3.29,BI,anti,A,4.58,4.59,2.76,3.86,3.36,3.83,4.67,4.30,0.05,5.78,0.74,5.55,0.43,43.98,0.26,C3'-endo
10,10,0.12,G,G,G,0,0,1,0,0,(,"29,72",2,"cWW,cSW","cW-W,cm-W",4.78,3.19,1.33,1.32,4.50,4.22,0.28,3.28,..,anti,A,4.47,4.72,3.18,3.59,3.38,3.70,4.08,4.13,6.27,5.84,0.70,5.55,0.47,42.86,0.34,C3'-endo
11,11,0.13,G,G,G,0,0,1,0,0,.,"13,28,71",3,"cWH,cW.,cSW","cW+M,cW-.,cm-W",5.45,1.83,1.54,1.35,3.78,4.89,5.17,3.36,BI,anti,A,4.36,4.52,2.93,3.76,3.32,3.69,3.93,4.04,6.25,5.88,0.66,5.59,0.46,40.44,0.37,C3'-endo
12,12,0.14,U,U,U,0,0,0,1,0,.,14,1,cWH,cW+M,5.39,3.03,0.92,2.56,4.73,2.70,2.03,4.04,BII,anti,.,0.91,0.84,3.49,3.21,3.93,2.56,4.39,2.32,5.89,0.63,5.68,0.39,6.28,36.52,2.82,C2'-endo
13,13,0.15,U,U,U,0,0,0,1,0,.,"11,28",2,"cHW,cWW","cM+W,cW-W",0.89,3.23,3.07,1.50,3.97,5.20,5.05,3.11,BI,anti,.,4.66,4.67,2.00,3.66,1.79,3.80,1.84,4.69,0.09,5.84,0.60,5.72,0.30,35.16,0.18,C3'-endo
14,14,0.16,C,C,C,0,1,0,0,0,(,"12,27",2,"cHW,cWW","cM+W,cW-W",5.13,3.12,0.77,1.44,3.66,4.98,4.96,3.38,BI,anti,A,4.55,4.66,2.76,3.72,3.18,3.76,4.36,4.17,0.07,5.83,0.64,5.66,0.34,37.71,0.21,C3'-endo
15,15,0.18,C,C,C,0,1,0,0,0,(,26,1,cWW,cW-W,5.27,3.05,0.78,1.36,3.60,4.95,4.93,3.43,BI,anti,A,4.56,4.71,2.91,3.58,3.11,3.62,3.75,3.91,0.07,5.81,0.67,5.63,0.37,39.67,0.23,C3'-endo
16,16,0.19,G,G,G,0,0,1,0,0,(,25,1,cWW,cW-W,5.42,3.07,0.72,1.41,3.42,5.27,4.44,3.49,BI,anti,A,4.48,4.60,2.99,3.77,3.18,3.79,3.68,4.27,0.08,5.80,0.68,5.64,0.35,39.78,0.20,C3'-endo
17,17,0.20,G,G,G,0,0,1,0,0,(,24,1,cWW,cW-W,4.90,3.10,1.20,1.39,3.51,5.21,4.58,3.31,BI,anti,A,4.61,4.62,2.98,3.79,3.29,3.76,4.08,4.24,0.04,5.85,0.65,5.64,0.38,38.40,0.27,C3'-endo
18,18,0.21,C,C,C,0,1,0,0,0,(,23,1,cWW,cW-W,5.07,3.21,0.83,1.40,3.69,5.27,4.70,3.44,BI,anti,A,4.42,4.61,2.92,3.93,3.15,3.94,3.91,4.45,0.03,5.84,0.65,5.62,0.39,39.05,0.28,C3'-endo
19,19,0.22,G,G,G,0,0,1,0,0,.,22,1,tWH,tW-M,4.96,2.99,1.17,1.32,3.45,5.03,4.70,3.44,BI,anti,.,4.43,4.47,2.85,3.71,3.20,2.94,4.03,1.88,6.07,5.99,0.65,5.50,0.63,44.77,0.59,C3'-endo
20,20,0.24,A,A,A,1,0,0,0,0,.,,0,,,3.15,2.82,0.95,2.67,4.84,4.37,0.47,3.68,..,anti,.,0.30,0.58,1.05,5.86,1.52,4.57,0.81,5.91,6.03,0.54,5.67,0.48,6.14,35.23,3.05,C2'-endo
21,21,0.25,A,A,A,1,0,0,0,0,.,,0,,,1.33,2.67,0.76,2.76,4.78,4.96,6.10,5.00,..,anti,.,0.44,0.50,4.56,5.77,6.14,5.25,4.66,6.11,5.86,0.70,5.59,0.47,6.25,41.29,2.86,C2'-endo
22,22,0.26,A,A,A,1,0,0,0,0,.,19,1,tHW,tM-W,5.47,3.01,0.79,1.50,3.65,5.34,4.59,3.36,BI,anti,.,4.57,4.61,2.79,4.80,3.65,4.91,3.72,5.45,0.06,5.80,0.70,5.60,0.40,41.37,0.25,C3'-endo
23,23,0.27,G,G,G,0,0,1,0,0,),18,1,cWW,cW-W,2.63,3.96,2.99,1.58,3.85,4.97,5.17,3.23,BI,anti,A,4.50,4.57,2.93,3.71,3.82,3.62,5.09,4.16,0.16,5.80,0.61,5.75,0.24,34.86,0.06,C3'-endo
24,24,0.28,C,C,C,0,1,0,0,0,),17,1,cWW,cW-W,5.19,2.94,0.91,1.39,3.77,4.93,5.12,3.35,BI,anti,A,4.58,4.69,2.84,3.75,3.16,3.73,4.07,4.10,0.10,5.78,0.70,5.62,0.35,40.72,0.19,C3'-endo
25,25,0.29,C,C,C,0,1,0,0,0,),16,1,cWW,cW-W,5.24,3.05,0.76,1.37,3.72,4.96,5.05,3.48,BI,anti,A,4.50,4.74,2.84,3.66,3.00,3.71,3.64,4.08,0.09,5.80,0.67,5.65,0.35,39.33,0.20,C3'-endo
26,26,0.31,G,G,G,0,0,1,0,0,),15,1,cWW,cW-W,5.24,2.87,0.98,1.33,3.74,4.87,5.16,3.30,BI,anti,A,4.68,4.69,2.91,3.62,3.14,3.63,3.76,4.06,0.01,5.84,0.68,5.59,0.42,40.67,0.30,C3'-endo
27,27,0.32,G,G,G,0,0,1,0,0,),14,1,cWW,cW-W,5.33,2.90,0.95,1.35,3.81,5.17,4.92,3.25,BI,anti,.,4.81,4.78,3.00,3.95,3.17,3.96,3.85,4.46,0.03,5.84,0.66,5.63,0.39,39.11,0.28,C3'-endo
28,28,0.33,U,U,U,0,0,0,1,0,.,"11,13",2,"c.W,cWW","c.-W,cW-W",5.27,3.04,0.91,1.31,3.93,5.16,5.05,3.26,BI,anti,.,4.79,4.80,2.99,4.00,3.26,4.15,4.09,5.14,6.23,5.89,0.65,5.58,0.47,40.44,0.40,C3'-endo
29,29,0.34,C,C,C,0,1,0,0,0,),"10,71",2,"cWW,tSW","cW-W,tm+W",5.27,2.94,0.91,1.44,3.83,4.93,5.18,3.38,BI,anti,A,4.51,4.65,2.89,3.87,3.34,3.90,4.67,4.29,0.07,5.85,0.62,5.69,0.34,36.41,0.22,C3'-endo
30,30,0.35,C,C,C,0,1,0,0,0,),9,1,cWW,cW-W,5.18,3.14,0.83,1.53,3.79,5.15,4.92,3.36,BI,anti,.,4.46,4.54,2.94,4.06,3.14,4.12,3.78,5.09,0.08,5.82,0.65,5.66,0.34,37.89,0.21,C3'-endo
31,31,0.36,G,G,G,0,0,1,0,0,.,8,1,tSH,tm-M,5.15,3.08,0.79,1.43,3.46,4.73,5.02,3.64,BI,anti,.,4.17,4.59,2.78,2.80,3.19,2.72,4.52,2.62,0.10,5.79,0.67,5.65,0.33,39.25,0.18,C3'-endo
32,32,0.38,A,A,A,1,0,0,0,0,.,7,1,tHW,tM-W,4.31,1.54,3.00,2.72,4.05,5.19,5.14,3.34,BI,anti,.,1.95,1.83,4.48,4.29,3.82,3.75,3.35,2.90,6.17,0.44,5.71,0.53,6.02,33.16,3.28,C3'-exo
33,33,0.39,G,G,G,0,0,1,0,0,.,61,1,tSS,tm+m,1.84,2.56,1.16,1.64,3.94,5.10,5.12,3.32,BI,anti,.,4.27,4.43,5.51,4.32,0.45,4.20,0.86,5.06,0.13,5.84,0.58,5.76,0.25,33.22,0.11,C3'-endo
34,34,0.40,A,A,A,1,0,0,0,0,.,,0,,,5.12,2.93,0.82,1.44,3.69,1.88,1.81,3.56,..,anti,.,4.34,4.68,2.63,0.32,3.10,5.83,4.48,5.50,0.12,5.80,0.65,5.69,0.30,37.49,0.15,C3'-endo
35,35,0.41,G,G,G,0,0,1,0,0,),6,1,cWW,cW-W,4.67,4.01,4.40,1.46,3.55,5.02,4.81,3.32,BI,anti,A,4.52,4.57,1.23,2.70,1.85,3.02,2.76,3.57,0.06,5.85,0.63,5.67,0.35,36.88,0.24,C3'-endo
36,36,0.42,U,U,U,0,0,0,1,0,),5,1,cWW,cW-W,5.23,3.11,0.81,1.41,3.82,4.94,5.17,3.47,BI,anti,A,4.46,4.70,2.99,3.84,3.18,3.92,3.74,4.62,0.10,5.81,0.64,5.68,0.32,37.42,0.18,C3'-endo
37,37,0.44,U,U,U,0,0,0,1,0,),4,1,cWW,cW-W,5.44,2.74,0.87,1.42,3.72,4.63,5.37,3.47,BI,anti,A,4.49,4.66,2.91,3.54,3.26,3.51,4.26,3.72,0.03,5.86,0.63,5.66,0.37,37.32,0.27,C3'-endo
38,38,0.45,A,A,A,1,0,0,0,0,),3,1,cWW,cW-W,5.59,2.80,0.64,1.42,3.45,4.91,4.82,3.50,BI,anti,A,4.41,4.52,2.96,4.03,3.09,3.85,3.50,4.14,0.00,5.90,0.59,5.67,0.38,35.88,0.32,C3'-endo
39,39,0.46,C,C,C,0,1,0,0,0,),2,1,cWW,cW-W,2.33,3.49,3.45,1.50,3.97,5.02,5.23,3.22,BI,anti,A,4.79,4.81,2.99,3.43,3.18,3.58,3.83,4.01,0.18,5.77,0.63,5.74,0.23,35.97,0.04,C3'-endo
40,40,0.47,C,C,C,0,1,0,0,0,),1,1,cWW,cW-W,5.28,3.02,0.80,1.35,3.89,5.11,5.06,3.37,BI,anti,.,4.62,4.74,2.90,3.95,3.19,3.99,3.79,4.82,6.28,5.85,0.67,5.59,0.44,40.66,0.33,C3'-endo
41,41,0.48,G,G,G,0,0,1,0,0,(,58,1,cWW,cW-W,5.19,2.90,0.93,1.32,3.64,5.05,4.87,3.28,BI,anti,A,4.75,4.73,2.78,3.67,3.12,3.72,4.34,4.29,0.03,5.83,0.68,5.60,0.42,40.78,0.29,C3'-endo
42,42,0.49,A,A,A,1,0,0,0,0,(,57,1,cWW,cW-W,5.33,3.14,0.81,1.43,3.68,5.12,4.84,3.40,BI,anti,A,4.51,4.63,3.07,3.83,3.29,3.87,4.06,4.37,0.06,5.84,0.64,5.67,0.35,37.43,0.23,C3'-endo
43,43,0.51,C,C,C,0,1,0,0,0,(,56,1,cWW,cW-W,4.94,2.99,1.13,1.36,3.95,4.80,5.43,3.18,BI,anti,A,4.80,4.79,2.90,3.70,3.17,3.73,3.96,4.12,0.06,5.81,0.68,5.63,0.37,39.80,0.23,C3'-endo
44,44,0.52,C,C,C,0,1,0,0,0,(,55,1,cWW,cW-W,5.23,2.97,0.87,1.38,3.61,4.99,4.90,3.41,BI,anti,A,4.55,4.64,2.86,3.64,3.05,3.64,3.69,3.98,0.07,5.81,0.67,5.63,0.36,39.62,0.22,C3'-endo
45,45,0.53,G,G,G,0,0,1,0,0,(,54,1,cWW,cW-W,5.09,3.05,0.96,1.40,3.77,4.86,5.19,3.33,BI,anti,A,4.64,4.70,2.91,3.65,3.07,3.69,3.64,4.21,0.05,5.83,0.66,5.63,0.38,39.23,0.25,C3'-endo
46,46,0.54,C,C,C,0,1,0,0,0,(,53,1,cWW,cW-W,5.23,2.78,1.01,1.38,3.76,4.96,5.08,3.26,BI,anti,A,4.73,4.74,2.91,3.77,3.15,3.77,3.95,4.17,0.09,5.79,0.68,5.64,0.35,39.81,0.20,C3'-endo
47,47,0.55,C,C,C,0,1,0,0,0,(,52,1,cWW,cW-W,5.19,3.00,0.96,1.37,3.83,5.04,5.07,3.38,BI,anti,A,4.60,4.73,2.96,3.85,3.17,3.85,3.85,4.37,0.06,5.81,0.68,5.63,0.37,39.80,0.23,C3'-endo
48,48,0.56,G,G,G,0,0,1,0,0,.,51,1,tSH,tm-M,5.19,3.05,0.85,1.34,3.95,5.37,4.86,3.39,BI,anti,.,4.64,4.81,2.89,4.39,3.09,3.58,3.87,2.69,0.02,5.85,0.67,5.61,0.42,40.03,0.30,C3'-endo
49,49,0.58,A,A,A,1,0,0,0,0,.,,0,,,2.96,2.26,0.89,1.44,3.87,5.14,5.02,3.47,BI,anti,.,4.17,4.50,0.05,4.22,0.68,4.21,0.37,4.98,6.24,5.93,0.58,5.66,0.42,36.07,0.39,C3'-endo
50,50,0.59,A,A,A,1,0,0,0,0,.,,0,,,5.17,3.02,1.04,1.53,3.83,4.89,5.22,3.86,BI,anti,B,3.40,4.40,3.03,3.84,3.46,3.81,4.55,4.48,0.00,5.94,0.53,5.74,0.34,31.97,0.32,C3'-endo
51,51,0.60,A,A,A,1,0,0,0,0,.,48,1,tHS,tM-m,5.00,2.75,1.07,1.50,4.14,5.45,4.97,3.83,..,anti,.,3.39,4.73,2.86,4.59,3.11,4.75,3.97,5.15,0.05,5.88,0.59,5.70,0.34,35.02,0.25,C3'-endo
52,52,0.61,G,G,G,0,0,1,0,0,),47,1,cWW,cW-W,5.19,2.49,1.58,1.36,3.55,4.93,4.90,3.30,BI,anti,A,4.67,4.64,2.98,3.53,3.85,3.41,4.85,3.77,6.28,5.87,0.65,5.61,0.43,39.23,0.33,C3'-endo
53,53,0.62,G,G,G,0,0,1,0,0,),46,1,cWW,cW-W,5.34,3.06,0.80,1.43,3.68,4.96,5.00,3.34,BI,anti,A,4.63,4.67,3.02,3.69,3.16,3.72,3.78,4.18,0.08,5.83,0.64,5.67,0.34,37.39,0.21,C3'-endo
54,54,0.64,C,C,C,0,1,0,0,0,),45,1,cWW,cW-W,4.98,2.92,1.18,1.36,4.00,4.74,5.54,3.34,BI,anti,A,4.66,4.82,2.94,3.75,3.14,3.76,3.83,4.13,0.10,5.78,0.70,5.62,0.36,41.09,0.19,C3'-endo
55,55,0.65,G,G,G,0,0,1,0,0,),44,1,cWW,cW-W,5.44,2.68,0.89,1.32,3.78,4.97,5.10,3.28,BI,anti,A,4.67,4.70,2.89,3.74,3.13,3.73,3.80,4.20,6.28,5.86,0.67,5.59,0.44,40.45,0.33,C3'-endo
56,56,0.66,G,G,G,0,0,1,0,0,),43,1,cWW,cW-W,5.17,2.89,1.08,1.31,3.76,4.99,5.06,3.24,BI,anti,A,4.68,4.69,2.94,3.70,3.17,3.74,3.94,4.13,0.02,5.83,0.69,5.59,0.42,41.30,0.29,C3'-endo
57,57,0.67,U,U,U,0,0,0,1,0,),42,1,cWW,cW-W,5.37,3.05,0.86,1.36,3.49,5.50,4.27,3.49,BI,anti,.,4.36,4.52,3.02,4.03,3.25,4.02,3.89,4.62,0.00,5.87,0.64,5.63,0.41,38.74,0.32,C3'-endo
58,58,0.68,U,U,U,0,0,0,1,0,),41,1,cWW,cW-W,4.63,3.44,1.03,1.35,3.97,1.33,2.64,3.88,..,anti,.,3.32,4.62,2.84,0.85,3.12,1.06,3.96,1.85,6.17,5.95,0.62,5.58,0.51,40.10,0.48,C3'-endo
59,59,0.69,A,A,A,1,0,0,0,0,.,,0,,,2.19,4.23,2.69,1.46,4.55,4.83,6.00,2.83,..,anti,.,4.77,4.79,3.21,4.33,3.55,4.30,3.41,5.10,0.13,5.80,0.63,5.71,0.27,36.18,0.12,C3'-endo
60,60,0.71,C,C,C,0,1,0,0,0,(,80,1,cWW,cW-W,5.59,2.69,0.71,1.47,3.88,5.01,5.15,3.34,BI,anti,.,4.36,4.49,2.75,4.04,3.25,4.08,4.59,4.96,6.26,5.93,0.57,5.69,0.39,34.80,0.36,C3'-endo
61,61,0.72,A,A,A,1,0,0,0,0,.,33,1,tSS,tm+m,5.23,2.88,0.87,1.44,4.00,3.17,0.83,3.65,BII,anti,.,4.04,4.71,2.87,2.52,3.22,2.21,4.39,1.99,0.06,5.84,0.63,5.68,0.34,36.84,0.23,C3'-endo
62,62,0.73,C,C,C,0,1,0,0,0,[,83,1,cWW,cW-W,1.21,3.52,3.24,1.52,4.08,5.20,5.16,3.18,..,anti,.,4.59,4.68,2.20,3.82,2.02,3.93,1.94,4.91,0.14,5.82,0.59,5.76,0.24,33.90,0.09,C3'-endo
63,63,0.74,G,G,G,0,0,1,0,0,.,82,1,tSH,tm-M,5.24,2.92,0.82,1.39,3.51,4.70,5.09,3.43,BI,anti,.,4.49,4.60,2.68,2.71,3.19,2.41,4.57,2.40,0.05,5.84,0.65,5.64,0.37,38.74,0.25,C3'-endo
64,64,0.75,G,G,G,0,0,1,0,0,.,81,1,tHW,tM-W,4.54,1.21,2.96,1.55,4.25,5.00,5.53,2.98,..,anti,.,4.83,4.83,3.63,3.11,3.11,3.49,2.79,4.39,0.22,5.76,0.61,5.79,0.18,34.69,6.25,C2'-exo
65,65,0.76,C,C,C,0,1,0,0,0,.,79,1,cHW,cM+W,5.37,2.84,0.80,1.41,3.62,5.63,4.27,3.27,BI,anti,.,4.66,4.63,2.71,4.36,3.20,4.41,4.38,5.27,0.02,5.89,0.60,5.68,0.37,35.90,0.29,C3'-endo
66,66,0.78,G,G,G,0,0,1,0,0,(,78,1,cWW,cW-W,4.61,3.25,1.15,1.41,3.81,4.88,5.22,3.29,BI,anti,A,4.64,4.70,2.77,3.76,3.31,3.77,4.70,4.10,0.05,5.84,0.65,5.65,0.36,38.23,0.25,C3'-endo
67,67,0.79,G,G,G,0,0,1,0,0,(,77,1,cWW,cW-W,5.36,2.80,0.93,1.32,3.83,4.97,5.14,3.19,BI,anti,A,4.70,4.70,2.93,3.78,3.16,3.84,3.80,4.42,0.02,5.84,0.68,5.60,0.42,40.66,0.30,C3'-endo
68,68,0.80,G,G,G,0,0,1,0,0,(,76,1,cWW,cW-W,5.30,2.99,1.05,1.46,3.85,5.13,5.00,3.49,BI,anti,.,4.13,4.45,3.15,3.99,3.40,3.96,4.19,5.04,6.26,5.94,0.57,5.69,0.39,34.79,0.37,C3'-endo
69,69,0.81,A,A,A,1,0,0,0,0,.,74,1,tHH,tM+M,5.56,3.26,0.49,2.11,4.22,4.23,6.27,1.18,..,syn,.,-2.22,1.95,3.26,4.55,3.51,4.38,4.71,4.98,5.64,0.65,5.88,0.05,0.37,37.84,2.24,C1'-exo
70,70,0.82,A,A,A,1,0,0,0,0,.,,0,,,1.28,2.43,0.52,2.70,4.90,1.62,3.28,4.19,..,anti,.,0.36,0.50,4.43,2.75,5.35,1.86,4.72,1.60,5.89,0.70,5.56,0.51,6.21,42.24,2.92,C2'-endo
71,71,0.84,A,A,A,1,0,0,0,0,.,"11,29",2,"cWS,tWS","cW-m,tW+m",1.19,2.73,0.78,1.46,3.78,5.02,5.05,3.27,BI,anti,.,4.43,4.54,5.88,3.97,5.74,4.01,5.93,4.69,0.01,5.90,0.59,5.68,0.38,35.79,0.31,C3'-endo
72,72,0.85,A,A,A,1,0,0,0,0,.,10,1,cWS,cW-m,5.16,2.81,1.11,1.48,3.65,4.91,5.02,3.64,BI,anti,.,4.02,4.44,2.93,3.73,3.33,3.65,4.34,4.18,0.03,5.90,0.57,5.71,0.34,34.08,0.28,C3'-endo
73,73,0.86,A,A,A,1,0,0,0,0,.,,0,,,5.12,2.85,1.00,1.42,3.48,5.07,4.69,3.70,BI,anti,A,4.11,4.59,2.81,3.70,3.09,3.60,3.94,3.88,0.13,5.76,0.70,5.65,0.32,40.23,0.14,C3'-endo
74,74,0.87,A,A,A,1,0,0,0,0,.,"9,69",2,"cSW,tHH","cm-W,tM+M",5.06,3.00,0.98,1.36,3.66,4.90,5.04,3.63,BI,anti,.,4.15,4.65,2.89,3.54,3.09,3.08,3.66,2.28,0.05,5.82,0.68,5.62,0.39,40.27,0.25,C3'-endo
75,75,0.88,G,G,G,0,0,1,0,0,.,,0,,,5.15,3.61,5.01,2.78,4.46,5.28,5.47,4.63,..,anti,.,0.02,1.44,1.83,4.89,1.71,4.97,1.01,5.92,0.06,0.36,5.67,0.66,5.83,38.11,3.55,C3'-exo
76,76,0.89,C,C,C,0,1,0,0,0,),68,1,cWW,cW-W,5.04,3.62,0.94,1.62,4.22,4.93,5.58,3.05,..,anti,A,4.54,4.60,3.15,4.32,3.80,4.31,3.63,4.66,0.10,5.89,0.52,5.80,0.25,30.25,0.15,C3'-endo
77,77,0.91,C,C,C,0,1,0,0,0,),67,1,cWW,cW-W,5.00,2.97,0.78,1.33,3.70,5.09,4.89,3.39,BI,anti,A,4.51,4.63,2.49,3.72,2.83,3.77,3.56,4.19,0.02,5.85,0.66,5.62,0.40,39.55,0.29,C3'-endo
78,78,0.92,C,C,C,0,1,0,0,0,),66,1,cWW,cW-W,5.16,3.22,0.91,1.41,3.62,0.81,2.81,3.66,..,anti,.,4.12,4.59,2.98,5.83,3.19,5.15,3.78,4.50,0.02,5.87,0.63,5.65,0.39,37.61,0.30,C3'-endo
79,79,0.93,G,G,G,0,0,1,0,0,.,65,1,cWH,cW+M,2.79,2.81,0.77,2.64,5.06,1.70,3.36,4.05,..,anti,.,0.06,0.18,1.00,2.82,2.15,1.94,2.14,2.24,5.96,0.61,5.64,0.47,6.19,37.29,2.96,C2'-endo
80,80,0.94,G,G,G,0,0,1,0,0,),60,1,cWW,cW-W,0.74,3.10,0.84,2.58,3.58,0.66,2.93,4.37,..,anti,.,1.70,1.90,5.67,0.39,5.79,0.06,5.51,1.25,5.82,0.71,5.60,0.43,0.01,41.55,2.80,C2'-endo
81,81,0.95,G,G,G,0,0,1,0,0,.,64,1,tWH,tW-M,4.18,3.73,1.09,1.48,3.90,5.10,5.08,3.13,BI,anti,A,4.73,4.74,2.93,4.10,3.50,4.15,2.87,4.67,0.14,5.77,0.67,5.68,0.29,38.39,0.11,C3'-endo
82,82,0.96,A,A,A,1,0,0,0,0,.,63,1,tHS,tM-m,5.28,3.22,0.77,1.42,3.90,5.29,4.90,3.38,BI,anti,.,4.57,4.72,3.01,4.15,3.26,4.30,4.08,5.20,0.07,5.84,0.64,5.67,0.34,37.41,0.22,C3'-endo
83,83,0.98,G,G,G,0,0,1,0,0,],62,1,cWW,cW-W,5.33,2.94,0.76,1.34,3.27,4.93,4.63,3.41,BI,anti,A,4.53,4.56,2.75,3.90,3.31,3.92,4.68,4.37,0.10,5.78,0.70,5.62,0.35,40.88,0.19,C3'-endo
84,84,0.99,G,G,G,0,0,1,0,0,.,85,1,cSH,cm+M,2.46,3.82,3.57,2.74,4.76,3.85,0.91,3.19,..,anti,.,1.19,1.27,4.52,3.34,4.44,3.37,5.02,3.24,6.27,0.35,5.76,0.53,5.96,31.18,3.44,C3'-exo
85,85,1.00,A,A,A,1,0,0,0,0,.,84,1,cHS,cM+m,1.03,4.08,3.94,1.90,,,,3.05,n/a,anti,-,,,,,,,,,5.57,0.58,6.04,6.13,0.54,39.43,1.93,C1'-exo
