index_chain,old_nt_resnum,nt_position,nt_name,nt_code,nt_align_code,is_A,is_C,is_G,is_U,is_other,dbn,paired,nb_interact,pair_type_LW,pair_type_DSSR,alpha,beta,gamma,delta,epsilon,zeta,epsilon_zeta,chi,bb_type,glyco_bond,form,ssZp,Dp,eta,theta,eta_prime,theta_prime,eta_base,theta_base,v0,v1,v2,v3,v4,amplitude,phase_angle,puckering
1,1,0.01,C,C,C,0,1,0,0,0,.,73,1,cWW,cW-W,,,1.12,1.42,3.51,5.12,4.68,3.73,BI,anti,.,3.94,4.48,,,,,,,0.02,5.87,0.63,5.64,0.39,38.02,0.30,C3'-endo
2,2,0.03,G,G,G,0,0,1,0,0,(,72,1,cWW,cW-W,2.83,3.56,2.96,1.49,4.40,3.98,0.41,3.39,..,anti,B,3.81,4.30,3.03,3.53,3.36,3.41,4.14,3.72,6.21,5.96,0.57,5.65,0.44,36.29,0.43,C3'-endo
3,3,0.04,C,C,C,0,1,0,0,0,(,71,1,cWW,cW-W,1.81,4.24,3.14,1.44,3.54,5.09,4.73,3.58,BI,anti,.,4.32,4.59,2.43,4.02,2.86,3.74,3.44,4.12,0.10,5.80,0.66,5.66,0.33,38.40,0.18,C3'-endo
4,4,0.05,G,G,G,0,0,1,0,0,(,70,1,cWW,cW-W,2.88,3.48,2.98,1.46,4.12,5.63,4.77,3.16,..,anti,.,4.30,4.53,2.97,4.09,3.31,3.70,4.07,3.67,0.03,5.88,0.61,5.67,0.37,36.37,0.29,C3'-endo
5,5,0.06,G,G,G,0,0,1,0,0,(,69,1,cWW,cW-W,3.56,1.80,2.65,1.48,3.82,5.01,5.08,3.39,BI,anti,.,4.46,4.63,2.52,3.03,2.75,3.31,2.97,4.17,0.12,5.81,0.62,5.72,0.28,35.72,0.13,C3'-endo
6,6,0.08,G,G,G,0,0,1,0,0,(,68,1,cWW,cW-W,5.28,2.72,1.04,1.48,3.43,5.12,4.59,3.38,BI,anti,.,4.32,4.44,2.87,4.17,3.34,4.05,4.47,4.17,0.08,5.83,0.63,5.68,0.33,37.03,0.21,C3'-endo
7,7,0.09,G,G,G,0,0,1,0,0,(,67,1,cWW,cW-W,3.11,3.30,3.09,2.55,4.18,5.53,4.93,3.68,..,anti,.,1.06,1.40,3.83,5.33,3.99,5.37,4.26,5.83,5.87,0.66,5.64,0.42,6.27,38.88,2.83,C2'-endo
8,8,0.10,U,U,U,0,0,0,1,0,.,"14,49",2,"tWH,cSS","tW-M,cm-m",2.91,3.83,2.86,1.47,4.40,5.05,5.63,3.78,..,anti,.,3.00,4.26,2.94,4.34,3.70,3.75,4.06,3.32,6.22,5.96,0.57,5.66,0.44,35.83,0.43,C3'-endo
9,9,0.12,G,G,G,0,0,1,0,0,.,24,1,tH.,tM+.,3.09,1.72,3.10,2.51,4.01,0.58,3.43,4.24,..,anti,.,1.48,1.54,2.85,5.27,3.00,4.77,2.71,4.51,5.90,0.63,5.66,0.42,6.26,37.13,2.85,C2'-endo
10,10,0.13,G,G,G,0,0,1,0,0,(,"26,46",2,"cWW,cHS","cW-W,cM+m",2.87,2.34,0.85,1.44,3.66,5.14,4.80,3.62,BI,anti,.,4.23,4.64,0.27,4.05,1.37,3.97,2.05,4.51,0.08,5.82,0.65,5.66,0.34,37.88,0.20,C3'-endo
11,11,0.14,A,A,A,1,0,0,0,0,(,25,1,cWW,cW-W,5.16,2.98,0.99,1.45,3.55,4.95,4.88,3.50,BI,anti,.,4.39,4.57,2.92,3.63,3.29,3.60,4.25,3.60,0.07,5.83,0.65,5.65,0.35,38.24,0.22,C3'-endo
12,12,0.16,G,G,G,0,0,1,0,0,.,24,1,cWW,cW-W,5.00,3.33,0.86,1.38,3.42,4.80,4.90,3.66,BI,anti,.,4.22,4.49,2.93,3.93,3.00,3.92,3.16,4.67,6.28,5.88,0.64,5.63,0.42,38.63,0.33,C3'-endo
13,13,0.17,C,C,C,0,1,0,0,0,(,"23,24",2,"cWW,cWW","cW-W,cW-W",2.80,3.84,2.85,1.50,4.01,4.79,5.51,3.41,..,anti,.,4.32,4.60,2.90,3.99,3.28,3.73,4.29,3.84,0.10,5.83,0.61,5.71,0.30,35.50,0.17,C3'-endo
14,14,0.18,A,A,A,1,0,0,0,0,.,"8,22",2,"tHW,cWS","tM-W,cW-m",1.02,3.31,4.90,1.53,3.76,5.14,4.90,3.40,BI,anti,.,4.61,4.71,2.90,3.26,3.04,3.57,3.47,4.58,0.23,5.74,0.64,5.76,0.19,36.60,6.26,C2'-exo
15,15,0.19,G,G,G,0,0,1,0,0,.,49,1,tWW,tW+W,5.21,2.81,1.06,1.50,4.07,5.37,4.98,3.41,..,anti,.,4.45,4.71,3.01,4.56,3.43,4.62,4.52,5.02,0.09,5.82,0.64,5.67,0.33,37.43,0.20,C3'-endo
16,16,0.21,C,C,C,0,1,0,0,0,.,,0,,,4.82,3.73,0.96,2.51,4.17,5.09,5.37,3.89,..,anti,.,1.23,1.37,3.06,5.14,3.66,5.00,4.33,5.67,5.92,0.62,5.66,0.43,6.23,37.00,2.89,C2'-endo
17,17,0.22,C,C,C,0,1,0,0,0,.,,0,,,5.03,2.90,1.00,1.45,3.63,1.01,2.62,4.12,..,anti,.,2.80,4.46,2.67,6.04,3.47,5.22,4.26,4.50,0.04,5.87,0.62,5.67,0.37,36.63,0.27,C3'-endo
18,17A,0.23,U,U,U,0,0,0,1,0,.,,0,,,2.75,2.53,0.99,2.51,4.15,5.19,5.24,4.08,..,anti,.,1.28,1.34,0.73,5.69,2.02,5.00,2.05,4.89,5.90,0.64,5.65,0.42,6.25,37.53,2.86,C2'-endo
19,18,0.25,G,G,G,0,0,1,0,0,.,,0,,,3.90,3.63,3.23,2.52,4.05,4.85,5.48,3.50,..,anti,.,1.34,1.63,4.63,3.96,5.28,4.12,5.64,4.70,5.89,0.63,5.66,0.41,6.27,37.42,2.84,C2'-endo
20,19,0.26,G,G,G,0,0,1,0,0,[,57,1,cWW,cW-W,5.19,3.06,1.00,2.49,4.29,5.27,5.30,4.16,..,anti,.,1.15,1.21,3.20,5.40,4.01,5.03,4.62,5.58,5.85,0.66,5.65,0.40,0.01,38.47,2.79,C2'-endo
21,20,0.27,U,U,U,0,0,0,1,0,.,,0,,,4.56,3.18,0.92,1.44,4.22,5.20,5.31,4.04,..,anti,.,2.56,4.62,2.35,4.83,3.11,4.51,3.70,4.50,0.02,5.87,0.63,5.64,0.39,37.77,0.29,C3'-endo
22,21,0.29,A,A,A,1,0,0,0,0,.,14,1,cSW,cm-W,2.77,2.80,5.05,1.51,3.33,4.09,5.51,3.85,BI,anti,.,3.63,4.32,4.32,2.56,4.72,2.61,4.87,2.53,0.07,5.86,0.60,5.71,0.32,35.12,0.22,C3'-endo
23,22,0.30,G,G,G,0,0,1,0,0,),"13,47",2,"cWW,tHW","cW-W,tM-W",2.61,3.57,2.97,1.47,3.62,5.26,4.64,3.44,BI,anti,.,4.44,4.56,2.74,3.63,2.66,3.66,2.50,4.58,0.04,5.85,0.63,5.66,0.36,37.20,0.26,C3'-endo
24,23,0.31,C,C,C,0,1,0,0,0,.,"9,12,13",3,"t.H,cWW,cWW","t.+M,cW-W,cW-W",5.05,3.06,1.06,1.46,3.64,4.94,4.98,3.83,BI,anti,.,3.72,4.52,2.95,3.71,3.37,3.69,4.56,3.95,0.04,5.85,0.63,5.66,0.37,37.50,0.27,C3'-endo
25,24,0.32,U,U,U,0,0,0,1,0,),"11,46",2,"cWW,c.W","cW-W,c.-W",5.00,3.04,1.01,1.45,3.39,4.82,4.85,3.75,BI,anti,A,3.91,4.38,2.86,3.84,3.10,3.61,3.56,3.68,0.02,5.87,0.62,5.66,0.38,36.94,0.29,C3'-endo
26,25,0.34,C,C,C,0,1,0,0,0,),10,1,cWW,cW-W,2.88,3.30,2.80,1.54,3.72,5.21,4.79,3.64,BI,anti,.,4.15,4.63,2.69,3.71,2.90,3.73,3.25,4.37,0.23,5.76,0.61,5.78,0.18,35.03,6.24,C2'-exo
27,26,0.35,G,G,G,0,0,1,0,0,.,45,1,cWW,cW-W,4.92,3.28,0.98,1.50,3.89,4.89,5.28,2.83,BI,anti,.,4.29,4.58,2.96,4.43,3.28,4.34,4.15,4.76,0.11,5.82,0.62,5.71,0.30,35.90,0.16,C3'-endo
28,27,0.36,U,U,U,0,0,0,1,0,(,44,1,cWW,cW-W,3.04,3.49,2.83,1.48,3.89,4.91,5.27,3.31,BI,anti,.,4.22,4.45,2.82,3.54,3.24,3.57,4.03,4.09,0.06,5.87,0.59,5.71,0.32,34.72,0.23,C3'-endo
29,28,0.38,C,C,C,0,1,0,0,0,(,43,1,cWW,cW-W,5.24,2.84,1.00,1.41,3.59,5.03,4.84,3.73,BI,anti,A,3.91,4.45,2.91,3.73,3.22,3.69,3.96,4.18,6.26,5.89,0.63,5.62,0.43,38.56,0.35,C3'-endo
30,29,0.39,G,G,G,0,0,1,0,0,(,42,1,cWW,cW-W,5.10,3.01,0.91,1.40,4.17,5.63,4.82,3.38,..,anti,.,4.36,4.66,2.97,4.39,3.14,4.20,3.82,4.44,0.02,5.86,0.65,5.63,0.40,38.74,0.30,C3'-endo
31,30,0.40,G,G,G,0,0,1,0,0,(,41,1,cWW,cW-W,4.09,1.88,2.76,1.41,3.61,5.11,4.79,3.30,BI,anti,A,4.43,4.52,3.13,2.85,3.29,3.14,3.84,3.79,0.01,5.87,0.63,5.64,0.40,38.05,0.31,C3'-endo
32,31,0.42,G,G,G,0,0,1,0,0,(,40,1,cWW,cW-W,5.05,3.19,0.91,1.41,3.91,5.36,4.83,3.46,BI,anti,.,4.36,4.65,2.96,4.26,3.17,4.35,3.92,5.25,0.02,5.86,0.65,5.63,0.40,38.87,0.30,C3'-endo
33,32,0.43,C,C,C,0,1,0,0,0,.,39,1,t.H,t.-M,5.20,3.09,0.89,1.42,4.47,4.46,0.01,3.86,..,anti,.,2.79,4.37,3.09,3.81,3.50,3.89,4.61,4.18,6.22,5.93,0.60,5.63,0.45,37.64,0.42,C3'-endo
34,33,0.44,U,U,U,0,0,0,1,0,.,37,1,tWH,tW-M,5.05,2.59,0.86,1.39,4.05,4.65,5.68,3.91,..,anti,.,3.28,4.76,2.58,3.80,2.79,3.37,3.17,2.46,0.05,5.82,0.67,5.63,0.38,39.55,0.25,C3'-endo
35,34,0.45,C,C,C,0,1,0,0,0,.,,0,,,5.44,2.92,5.25,1.57,3.77,5.13,4.92,4.15,BI,anti,.,2.54,4.46,1.31,3.91,1.22,3.82,0.72,3.94,0.11,5.83,0.60,5.73,0.28,34.51,0.14,C3'-endo
36,35,0.47,A,A,A,1,0,0,0,0,.,0,1,cWW,cW-W,2.75,3.11,2.86,1.47,3.65,5.25,4.69,4.04,BI,anti,.,3.08,4.53,2.45,3.51,2.84,3.56,3.08,4.17,0.05,5.86,0.61,5.68,0.35,36.28,0.25,C3'-endo
37,36,0.48,U,U,U,0,0,0,1,0,.,"34,0,0",3,"tHW,cWW,cWW","tM-W,cW-W,cW-W",5.02,3.00,0.99,1.38,3.75,5.10,4.93,3.85,BI,anti,.,3.72,4.62,2.80,3.88,3.17,3.96,3.99,4.67,6.25,5.88,0.66,5.58,0.46,40.76,0.37,C3'-endo
38,37,0.49,A,A,A,1,0,0,0,0,.,0,1,tSW,tm+W,5.16,3.05,1.01,1.46,3.35,0.27,3.08,3.66,..,anti,.,4.07,4.43,2.95,4.73,3.35,4.41,4.29,4.75,0.08,5.83,0.63,5.68,0.33,36.90,0.21,C3'-endo
39,38,0.51,A,A,A,1,0,0,0,0,.,33,1,tH.,tM-.,3.48,1.82,2.95,1.46,4.44,5.21,5.52,3.50,..,anti,.,3.85,4.46,3.11,3.56,3.38,3.86,4.08,4.90,6.25,5.91,0.60,5.64,0.42,37.16,0.37,C3'-endo
40,39,0.52,C,C,C,0,1,0,0,0,),32,1,cWW,cW-W,5.06,2.83,0.97,1.42,3.56,4.98,4.86,3.70,BI,anti,A,4.06,4.55,2.46,3.72,3.11,3.70,4.38,4.13,0.04,5.84,0.65,5.64,0.38,38.40,0.26,C3'-endo
41,40,0.53,C,C,C,0,1,0,0,0,),31,1,cWW,cW-W,5.32,2.86,1.00,1.43,3.54,5.08,4.74,3.60,BI,anti,A,4.10,4.43,3.05,3.77,3.34,3.70,4.02,4.00,0.02,5.87,0.63,5.65,0.39,37.70,0.30,C3'-endo
42,41,0.55,C,C,C,0,1,0,0,0,),30,1,cWW,cW-W,5.19,3.05,0.85,1.37,3.72,4.75,5.25,3.59,BI,anti,.,4.17,4.53,2.93,3.53,3.13,3.62,3.68,4.19,6.25,5.90,0.64,5.60,0.45,39.50,0.38,C3'-endo
43,42,0.56,G,G,G,0,0,1,0,0,),29,1,cWW,cW-W,5.36,2.73,0.97,1.47,3.51,4.93,4.86,3.57,BI,anti,A,4.06,4.42,2.99,4.20,3.25,3.95,3.98,4.22,0.05,5.86,0.61,5.68,0.35,36.31,0.25,C3'-endo
44,43,0.57,A,A,A,1,0,0,0,0,),28,1,cWW,cW-W,2.68,3.53,3.00,1.43,3.80,4.70,5.38,3.45,BI,anti,.,4.46,4.63,2.78,3.17,3.09,3.29,3.75,3.74,0.04,5.85,0.64,5.65,0.38,37.95,0.27,C3'-endo
45,44,0.58,A,A,A,1,0,0,0,0,.,27,1,cWW,cW-W,5.33,2.90,1.06,1.46,3.59,5.13,4.74,3.95,BI,anti,.,3.45,4.58,3.15,4.43,3.35,4.27,3.84,4.73,0.07,5.83,0.64,5.66,0.34,37.77,0.22,C3'-endo
46,45,0.60,G,G,G,0,0,1,0,0,.,"10,25",2,"cSH,cW.","cm+M,cW-.",2.84,3.57,2.91,1.48,4.39,5.40,5.27,3.26,..,anti,.,4.36,4.59,2.94,4.65,3.35,4.15,4.17,4.12,0.04,5.87,0.61,5.68,0.36,36.30,0.26,C3'-endo
47,46,0.61,G,G,G,0,0,1,0,0,.,23,1,tWH,tW-M,2.98,2.26,3.10,1.43,4.13,4.80,5.61,4.13,..,anti,.,2.33,4.63,2.31,3.61,2.71,3.76,2.98,4.10,6.25,5.89,0.64,5.61,0.45,39.33,0.37,C3'-endo
48,47,0.62,U,U,U,0,0,0,1,0,.,,0,,,0.92,2.56,0.90,1.36,3.56,2.70,0.86,4.16,..,anti,.,2.69,4.42,4.26,1.37,4.79,1.55,4.92,1.75,6.23,5.91,0.63,5.60,0.47,39.15,0.41,C3'-endo
49,48,0.64,C,C,C,0,1,0,0,0,.,"8,15",2,"cSS,tWW","cm-m,tW+W",5.14,2.47,1.01,2.54,3.82,1.15,2.67,3.95,..,anti,.,1.35,1.61,3.01,1.59,3.52,0.48,3.36,4.70,5.94,0.61,5.65,0.45,6.21,37.20,2.92,C2'-endo
50,49,0.65,G,G,G,0,0,1,0,0,(,66,1,cWW,cW-W,1.06,2.70,0.91,1.46,3.77,5.18,4.87,3.18,BI,anti,A,4.70,4.67,5.35,4.09,5.88,4.11,1.85,4.70,0.10,5.81,0.65,5.68,0.32,37.58,0.17,C3'-endo
51,50,0.66,U,U,U,0,0,0,1,0,(,65,1,cWW,cW-W,5.20,3.10,1.00,1.46,3.66,5.21,4.73,3.73,BI,anti,A,3.89,4.51,3.05,3.97,3.43,3.95,4.37,4.42,0.03,5.86,0.62,5.66,0.37,37.22,0.28,C3'-endo
52,51,0.68,C,C,C,0,1,0,0,0,(,64,1,cWW,cW-W,5.00,3.15,0.94,1.37,3.30,4.85,4.74,3.81,BI,anti,.,3.82,4.31,2.82,3.71,3.16,3.52,3.89,3.54,6.21,5.92,0.63,5.60,0.48,39.56,0.43,C3'-endo
53,52,0.69,G,G,G,0,0,1,0,0,(,63,1,cWW,cW-W,2.82,3.32,2.94,1.46,3.72,4.97,5.04,3.43,BI,anti,A,4.40,4.61,2.80,3.36,2.93,3.43,3.18,4.06,0.08,5.83,0.63,5.68,0.33,36.75,0.20,C3'-endo
54,53,0.70,G,G,G,0,0,1,0,0,(,62,1,cWW,cW-W,5.23,2.87,0.99,1.48,3.65,4.97,4.96,3.45,BI,anti,A,4.35,4.53,2.95,3.79,3.27,3.75,4.11,4.11,0.05,5.86,0.62,5.67,0.35,36.68,0.25,C3'-endo
55,54,0.71,U,U,U,0,0,0,1,0,.,59,1,tWH,tW-M,5.03,3.03,0.97,1.42,4.00,5.24,5.04,3.71,BI,anti,.,3.90,4.71,2.92,4.23,3.10,4.26,3.70,5.29,0.05,5.83,0.66,5.63,0.38,39.10,0.25,C3'-endo
56,55,0.73,U,U,U,0,0,0,1,0,.,,0,,,5.06,3.13,1.00,1.38,3.62,4.99,4.91,0.98,BI,syn,.,-2.83,4.25,2.83,3.99,3.24,3.35,4.58,2.34,6.06,6.04,0.59,5.55,0.60,41.96,0.63,C3'-endo
57,56,0.74,C,C,C,0,1,0,0,0,],20,1,cWW,cW-W,3.02,3.01,0.88,1.39,3.75,5.18,4.85,3.61,BI,anti,.,3.96,4.34,0.64,3.93,0.90,4.01,0.42,5.01,6.12,6.00,0.59,5.58,0.54,40.01,0.55,C3'-endo
58,57,0.75,A,A,A,1,0,0,0,0,.,,0,,,4.96,3.04,0.94,1.48,3.79,5.18,4.90,3.59,BI,anti,.,4.19,4.65,2.75,3.89,3.14,4.09,4.38,4.24,0.08,5.83,0.64,5.67,0.33,37.36,0.20,C3'-endo
59,58,0.77,A,A,A,1,0,0,0,0,.,55,1,tHW,tM-W,5.19,4.08,1.04,2.56,4.44,3.13,1.31,5.15,BII,anti,.,0.36,0.86,4.01,3.71,4.24,2.91,4.12,2.34,5.92,0.63,5.64,0.45,6.23,37.97,2.90,C2'-endo
60,59,0.78,A,A,A,1,0,0,0,0,.,,0,,,1.59,3.57,1.14,1.49,3.90,5.20,4.99,3.43,BI,anti,.,4.46,4.67,0.57,4.25,0.64,4.45,0.93,5.30,0.07,5.83,0.64,5.67,0.34,37.54,0.22,C3'-endo
61,60,0.79,U,U,U,0,0,0,1,0,.,,0,,,5.41,2.92,1.11,2.53,4.31,5.15,5.44,4.00,..,anti,.,1.08,1.20,3.34,5.31,4.12,4.91,5.12,5.52,5.96,0.58,5.67,0.44,6.20,35.69,2.94,C2'-endo
62,61,0.81,C,C,C,0,1,0,0,0,),54,1,cWW,cW-W,4.83,3.05,0.80,1.43,3.88,5.08,5.09,3.33,BI,anti,.,4.35,4.55,2.36,4.00,3.12,4.09,3.85,4.80,0.04,5.86,0.62,5.67,0.36,36.87,0.26,C3'-endo
63,62,0.82,C,C,C,0,1,0,0,0,),53,1,cWW,cW-W,5.28,2.93,0.95,1.42,3.50,5.02,4.77,3.61,BI,anti,.,4.02,4.36,2.93,4.15,3.32,3.92,4.30,4.16,6.27,5.90,0.62,5.64,0.42,37.50,0.35,C3'-endo
64,63,0.83,G,G,G,0,0,1,0,0,),52,1,cWW,cW-W,2.69,3.40,3.01,1.43,3.69,5.04,4.93,3.47,BI,anti,.,4.25,4.47,2.75,3.75,3.04,3.51,3.60,3.63,6.27,5.90,0.62,5.64,0.42,37.63,0.35,C3'-endo
65,64,0.84,G,G,G,0,0,1,0,0,),51,1,cWW,cW-W,2.82,3.07,2.88,1.45,3.65,5.06,4.86,3.35,BI,anti,A,4.49,4.56,2.53,3.29,2.81,3.41,3.20,4.08,0.04,5.86,0.62,5.66,0.37,37.10,0.27,C3'-endo
66,65,0.86,C,C,C,0,1,0,0,0,),50,1,cWW,cW-W,5.14,3.05,1.01,1.47,3.76,4.99,5.05,3.56,BI,anti,.,4.20,4.53,3.03,3.85,3.31,3.88,4.14,4.52,0.04,5.86,0.62,5.66,0.37,37.04,0.27,C3'-endo
67,66,0.87,C,C,C,0,1,0,0,0,),7,1,cWW,cW-W,5.01,3.03,0.98,1.47,3.50,6.18,3.61,3.60,..,anti,.,4.20,4.52,2.81,4.61,3.12,4.27,4.03,4.40,0.09,5.82,0.64,5.68,0.32,37.30,0.18,C3'-endo
68,67,0.88,C,C,C,0,1,0,0,0,),6,1,cWW,cW-W,3.42,2.00,2.97,1.43,3.65,5.01,4.92,3.52,BI,anti,.,4.12,4.42,3.07,2.73,3.27,3.07,3.76,3.72,0.00,5.89,0.62,5.65,0.40,37.22,0.32,C3'-endo
69,68,0.90,C,C,C,0,1,0,0,0,),5,1,cWW,cW-W,5.00,3.19,0.89,1.45,4.44,5.63,5.09,3.64,..,anti,.,3.62,4.65,3.08,4.55,3.21,4.53,3.81,4.63,0.06,5.84,0.63,5.67,0.35,37.13,0.23,C3'-endo
70,69,0.91,C,C,C,0,1,0,0,0,),4,1,cWW,cW-W,4.76,1.59,3.09,1.37,3.77,4.46,5.59,3.18,BI,anti,A,4.23,4.35,3.72,2.71,3.87,3.06,4.23,3.66,6.10,6.00,0.62,5.54,0.59,42.35,0.57,C3'-endo
71,70,0.92,G,G,G,0,0,1,0,0,),3,1,cWW,cW-W,0.91,2.47,5.29,1.58,3.78,5.04,5.02,3.67,BI,anti,.,4.05,4.70,2.66,3.56,2.77,3.81,3.44,4.67,0.28,5.71,0.64,5.79,0.14,36.91,6.17,C2'-exo
72,71,0.94,C,C,C,0,1,0,0,0,),2,1,cWW,cW-W,5.30,2.75,1.07,1.44,3.51,4.90,4.89,3.83,BI,anti,.,3.76,4.52,2.94,3.60,3.39,3.50,4.33,3.76,0.05,5.84,0.65,5.64,0.37,38.53,0.25,C3'-endo
73,72,0.95,A,A,A,1,0,0,0,0,.,1,1,cWW,cW-W,5.16,2.85,1.00,1.43,4.19,5.53,4.94,3.64,..,anti,.,3.93,4.74,3.02,4.26,3.16,4.07,3.62,3.93,0.06,5.83,0.66,5.64,0.36,38.65,0.24,C3'-endo
74,73,0.96,A,A,A,1,0,0,0,0,.,,0,,,4.46,1.68,2.88,1.37,3.99,5.53,4.74,3.00,BI,anti,.,4.63,4.68,3.38,3.44,3.44,3.78,3.62,4.79,6.27,5.86,0.67,5.59,0.44,40.61,0.34,C3'-endo
75,74,0.97,C,C,C,0,1,0,0,0,.,,0,,,5.19,3.28,0.87,1.39,4.38,4.08,0.30,3.98,..,anti,.,2.48,4.42,3.11,3.52,3.59,3.28,4.77,3.82,6.20,5.95,0.61,5.61,0.48,38.57,0.45,C3'-endo
76,75,0.99,C,C,C,0,1,0,0,0,.,,0,,,0.72,3.67,0.95,2.55,3.92,3.18,0.74,4.14,BII,anti,.,1.50,1.57,5.34,3.33,5.67,2.68,5.07,2.61,5.94,0.61,5.65,0.45,6.22,36.96,2.91,C2'-endo
77,76,1.00,A,A,A,1,0,0,0,0,.,0,1,cSW,cm-W,1.01,3.48,1.02,1.36,,,,4.29,n/a,anti,-,,,,,,,,,6.23,5.92,0.61,5.62,0.45,38.16,0.40,C3'-endo
