index_chain,old_nt_resnum,nt_position,nt_name,nt_code,nt_align_code,is_A,is_C,is_G,is_U,is_other,dbn,paired,nb_interact,pair_type_LW,pair_type_DSSR,alpha,beta,gamma,delta,epsilon,zeta,epsilon_zeta,chi,bb_type,glyco_bond,form,ssZp,Dp,eta,theta,eta_prime,theta_prime,eta_base,theta_base,v0,v1,v2,v3,v4,amplitude,phase_angle,puckering
1,1,0.03,G,G,G,0,0,1,0,0,(,36,1,cWW,cW-W,,,0.21,1.55,3.68,5.14,4.82,3.18,BI,anti,A,4.57,4.58,,,,,,,0.12,5.81,0.63,5.70,0.29,36.45,0.15,C3'-endo
2,2,0.06,A,A,A,1,0,0,0,0,(,35,1,cWW,cW-W,5.15,3.22,0.76,1.40,3.08,5.62,3.74,3.48,BI,anti,A,4.34,4.47,2.89,3.79,3.26,3.83,4.38,4.26,0.23,5.66,0.76,5.64,0.26,43.40,0.02,C3'-endo
3,3,0.08,G,G,G,0,0,1,0,0,(,34,1,cWW,cW-W,4.72,3.86,0.62,1.62,2.94,5.33,3.89,3.84,BI,anti,A,3.71,4.11,2.92,3.70,3.17,3.69,3.83,4.08,0.28,5.71,0.63,5.80,0.13,36.32,6.16,C2'-exo
4,4,0.11,A,A,A,1,0,0,0,0,(,33,1,cWW,cW-W,4.13,3.53,1.54,1.42,3.35,5.17,4.46,3.34,BI,anti,A,4.51,4.53,2.91,3.67,3.20,3.66,3.87,4.02,0.12,5.74,0.73,5.61,0.35,42.60,0.16,C3'-endo
5,5,0.14,G,G,G,0,0,1,0,0,(,32,1,cWW,cW-W,4.49,3.46,1.16,1.39,4.07,4.74,5.61,3.50,..,anti,A,4.06,4.53,2.88,3.67,3.05,3.70,3.65,4.13,0.12,5.74,0.75,5.59,0.36,43.42,0.17,C3'-endo
6,6,0.17,CFL,c,C,0,0,0,0,1,(,31,1,cWW,cW-W,5.14,2.60,1.39,1.36,4.01,4.80,5.49,3.34,..,anti,A,4.27,4.44,2.95,3.71,3.20,3.66,3.89,3.95,0.27,5.54,0.87,5.58,0.29,49.74,6.27,C2'-exo
7,7,0.19,CFL,c,C,0,0,0,0,1,.,,0,,,4.77,3.17,1.23,1.27,3.89,5.01,5.17,3.32,BI,anti,.,4.65,4.81,3.00,3.88,3.22,3.95,3.81,4.65,0.28,5.54,0.92,5.55,0.29,52.43,6.28,C2'-exo
8,8,0.22,CFL,c,C,0,0,0,0,1,.,,0,,,5.41,2.82,0.97,1.23,3.57,4.75,5.10,3.36,BI,anti,.,4.51,4.61,2.95,3.96,3.28,4.05,4.35,4.81,0.17,5.65,0.83,5.55,0.36,47.87,0.11,C3'-endo
9,9,0.25,CFL,c,C,0,0,0,0,1,.,27,1,tWH,tW-M,3.27,4.40,2.22,1.11,3.71,3.38,0.33,3.33,..,anti,.,4.50,4.65,2.92,2.07,3.30,1.66,4.36,0.91,6.26,5.79,0.80,5.46,0.54,48.68,0.34,C3'-endo
10,10,0.28,A,A,A,1,0,0,0,0,.,,0,,,5.29,2.91,4.92,2.71,4.92,4.56,0.36,4.64,..,anti,.,-0.21,0.08,1.94,4.78,1.80,4.67,1.89,5.49,6.02,0.62,5.56,0.58,6.08,41.23,3.10,C2'-endo
11,11,0.31,G,G,G,0,0,1,0,0,(,"25,27",2,"tH.,cWW","tM-.,cW-W",5.19,3.12,0.80,1.47,3.85,5.01,5.12,3.11,BI,anti,A,4.77,4.78,2.78,3.82,3.49,3.90,3.58,4.29,0.19,5.72,0.71,5.66,0.28,40.76,0.07,C3'-endo
12,12,0.33,CFL,c,C,0,0,0,0,1,(,26,1,cWW,cW-W,4.93,3.13,1.18,1.42,3.94,4.77,5.45,3.32,..,anti,.,4.38,4.49,2.88,4.30,3.13,4.14,3.79,4.77,0.19,5.70,0.70,5.69,0.27,40.23,0.04,C3'-endo
13,13,0.36,G,G,G,0,0,1,0,0,(,24,1,cWW,cW-W,2.43,3.32,3.73,1.58,3.82,5.38,4.72,3.26,BI,anti,.,4.73,4.74,2.88,3.60,3.15,3.79,4.18,4.64,0.33,5.71,0.60,5.86,0.06,35.01,6.06,C2'-exo
14,14,0.39,A,A,A,1,0,0,0,0,(,23,1,cWW,cW-W,4.92,3.16,0.96,1.34,3.79,5.08,4.99,3.36,BI,anti,A,4.57,4.70,2.73,3.81,3.18,3.85,4.32,4.41,0.10,5.75,0.74,5.59,0.37,42.91,0.19,C3'-endo
15,15,0.42,G,G,G,0,0,1,0,0,(,22,1,cWW,cW-W,4.83,2.82,1.49,1.39,3.93,4.75,5.45,3.25,BI,anti,A,4.64,4.72,3.01,3.63,3.30,3.61,4.15,4.11,0.09,5.79,0.69,5.63,0.35,40.16,0.19,C3'-endo
16,16,0.44,A,A,A,1,0,0,0,0,.,20,1,cWH,cW+M,5.17,2.74,1.03,1.48,3.76,4.89,5.16,3.45,BI,anti,.,4.50,4.70,2.85,3.94,3.11,3.91,3.90,5.16,0.17,5.74,0.69,5.68,0.28,39.43,0.08,C3'-endo
17,17,0.47,UFT,u,U,0,0,0,0,1,.,19,1,cHH,cM-M,5.44,2.76,0.94,1.43,3.12,5.14,4.26,0.61,BI,syn,.,-4.22,4.37,2.95,3.72,3.35,2.86,4.99,1.60,0.01,5.94,0.52,5.77,0.32,31.09,0.29,C3'-endo
18,18,0.50,A,A,A,1,0,0,0,0,.,,0,,,2.99,2.61,1.02,2.35,4.50,4.91,5.87,3.97,..,anti,.,1.49,1.41,0.88,4.82,1.13,4.40,1.09,4.84,5.69,0.70,5.74,0.22,0.23,39.50,2.48,C1'-exo
19,19,0.53,A,A,A,1,0,0,0,0,.,17,1,cHH,cM-M,5.69,4.31,0.62,2.26,0.97,4.79,2.46,3.75,..,anti,.,0.08,0.15,4.12,2.62,4.98,2.14,4.95,2.27,0.07,0.20,5.91,0.43,5.96,24.52,3.63,C3'-exo
20,20,0.56,UFT,u,U,0,0,0,0,1,.,16,1,cHW,cM+W,0.87,1.98,6.07,2.49,3.58,3.27,0.32,2.51,..,anti,.,-0.17,1.76,2.72,3.33,2.70,2.57,2.98,1.26,5.97,0.57,5.67,0.42,6.22,35.62,2.94,C2'-endo
21,21,0.58,A,A,A,1,0,0,0,0,.,,0,,,1.60,3.72,0.98,2.47,4.55,5.05,5.79,0.87,..,syn,.,-0.64,1.00,0.40,5.32,0.43,5.07,1.13,5.85,5.66,0.82,5.59,0.35,0.17,46.03,2.61,C2'-endo
22,22,0.61,CFL,c,C,0,0,0,0,1,),15,1,cWW,cW-W,4.89,4.00,1.53,1.27,4.03,4.87,5.44,3.23,BI,anti,A,4.63,4.81,3.75,3.92,4.40,3.98,4.03,4.38,0.18,5.65,0.82,5.56,0.35,47.46,0.10,C3'-endo
23,23,0.64,UFT,u,U,0,0,0,0,1,),14,1,cWW,cW-W,4.90,3.14,1.08,1.41,3.70,5.25,4.74,3.46,BI,anti,A,4.37,4.59,2.94,3.98,3.17,4.01,3.86,4.70,0.09,5.86,0.58,5.75,0.28,33.54,0.17,C3'-endo
24,24,0.67,UFT,u,U,0,0,0,0,1,),13,1,cWW,cW-W,5.02,3.10,1.11,1.52,3.87,4.94,5.21,3.53,BI,anti,.,4.19,4.53,3.02,3.95,3.34,4.13,4.31,5.25,0.02,5.89,0.57,5.70,0.36,34.41,0.29,C3'-endo
25,25,0.69,G,G,G,0,0,1,0,0,.,11,1,t.H,t.-M,5.36,2.84,1.02,2.38,4.57,3.17,1.40,4.13,BII,anti,.,1.50,2.00,3.31,2.82,3.91,2.42,5.10,2.45,6.11,0.39,5.84,0.36,6.17,25.29,3.07,C2'-endo
26,26,0.72,G,G,G,0,0,1,0,0,),12,1,cWW,cW-W,3.82,2.40,0.75,1.33,4.16,4.67,5.77,3.05,..,anti,A,4.90,4.86,2.13,3.81,1.97,3.85,2.25,4.10,0.14,5.73,0.74,5.60,0.34,43.03,0.14,C3'-endo
27,27,0.75,CFL,c,C,0,0,0,0,1,),"9,11",2,"tHW,cWW","tM-W,cW-W",5.19,2.82,1.23,1.21,3.79,4.78,5.29,3.29,BI,anti,A,4.71,4.83,3.06,3.59,3.27,3.60,3.82,3.86,0.11,5.66,0.90,5.47,0.45,52.75,0.19,C3'-endo
28,28,0.78,CFL,c,C,0,0,0,0,1,.,,0,,,5.21,2.86,0.93,1.25,4.13,4.80,5.61,3.39,BI,anti,A,4.47,4.79,2.93,3.81,3.02,3.90,3.44,4.64,0.12,5.64,0.91,5.48,0.44,52.85,0.17,C3'-endo
29,29,0.81,CFL,c,C,0,0,0,0,1,.,,0,,,4.95,3.00,1.26,1.24,4.11,4.99,5.41,3.46,..,anti,.,4.46,4.83,2.89,4.04,3.14,4.09,4.14,4.78,0.30,5.44,1.03,5.47,0.33,58.80,6.28,C2'-exo
30,30,0.83,CFL,c,C,0,0,0,0,1,.,,0,,,5.30,2.83,1.04,1.15,3.42,5.13,4.57,3.32,BI,anti,.,4.82,4.88,2.91,3.48,3.29,3.52,4.41,3.65,0.14,5.59,0.94,5.42,0.46,54.76,0.17,C3'-endo
31,31,0.86,G,G,G,0,0,1,0,0,),6,1,cWW,cW-W,4.76,3.29,1.16,1.42,3.96,4.75,5.49,3.35,BI,anti,A,4.51,4.66,3.16,3.58,3.24,3.60,3.46,4.07,0.08,5.77,0.72,5.59,0.39,42.34,0.22,C3'-endo
32,32,0.89,CFL,c,C,0,0,0,0,1,),5,1,cWW,cW-W,4.87,2.77,1.44,1.24,3.89,5.05,5.12,3.34,BI,anti,A,4.55,4.80,2.99,3.85,3.17,3.86,3.86,4.46,0.38,5.38,1.02,5.50,0.26,58.71,6.20,C2'-exo
33,33,0.92,UFT,u,U,0,0,0,0,1,),4,1,cWW,cW-W,5.39,2.75,0.83,1.38,3.51,5.04,4.75,3.49,BI,anti,A,4.49,4.72,2.95,3.66,3.26,3.64,4.20,4.00,0.24,5.65,0.74,5.66,0.25,42.52,0.00,C3'-endo
34,34,0.94,CFL,c,C,0,0,0,0,1,),3,1,cWW,cW-W,5.15,2.81,0.89,1.33,3.96,4.97,5.27,3.44,BI,anti,A,4.44,4.78,2.93,3.88,3.14,3.88,3.75,4.37,0.29,5.47,0.97,5.49,0.32,55.35,0.00,C3'-endo
35,35,0.97,UFT,u,U,0,0,0,0,1,),2,1,cWW,cW-W,5.15,2.97,0.94,1.43,3.63,5.14,4.77,3.47,BI,anti,A,4.45,4.62,2.87,3.85,3.16,3.97,3.98,4.73,0.13,5.78,0.66,5.69,0.30,38.10,0.13,C3'-endo
36,36,1.00,UFT,u,U,0,0,0,0,1,),1,1,cWW,cW-W,5.19,3.04,1.14,2.17,,,,3.99,n/a,anti,-,,,,,,,,,6.02,0.36,5.97,0.16,0.06,20.27,2.65,C2'-endo
