index_chain,old_nt_resnum,nt_position,nt_name,nt_code,nt_align_code,is_A,is_C,is_G,is_U,is_other,dbn,paired,nb_interact,pair_type_LW,pair_type_DSSR,alpha,beta,gamma,delta,epsilon,zeta,epsilon_zeta,chi,bb_type,glyco_bond,form,ssZp,Dp,eta,theta,eta_prime,theta_prime,eta_base,theta_base,v0,v1,v2,v3,v4,amplitude,phase_angle,puckering
1,1,0.01,U,U,U,0,0,0,1,0,(,119,1,cWW,cW-W,,4.54,4.15,1.56,4.25,4.62,5.91,3.28,..,anti,.,4.54,4.68,,2.79,,3.12,,3.79,0.17,5.78,0.62,5.75,0.23,35.57,0.05,C3'-endo
2,2,0.02,G,G,G,0,0,1,0,0,.,,0,,,5.16,2.45,1.23,1.41,3.73,5.14,4.87,3.30,BI,anti,A,4.60,4.64,2.81,3.97,3.18,3.87,3.97,4.39,0.05,5.83,0.66,5.64,0.38,38.92,0.26,C3'-endo
3,3,0.03,C,C,C,0,1,0,0,0,(,117,1,cWW,cW-W,4.95,2.96,1.22,1.30,2.79,1.33,1.45,3.33,..,anti,.,4.17,4.18,2.94,4.88,3.37,4.21,4.35,4.35,0.00,5.86,0.66,5.61,0.42,39.64,0.32,C3'-endo
4,4,0.03,C,C,C,0,1,0,0,0,(,116,1,cWW,cW-W,4.88,5.09,4.17,1.55,3.42,5.18,4.52,3.54,BI,anti,A,4.36,4.52,2.61,2.82,2.77,3.10,3.34,3.61,0.19,5.76,0.63,5.74,0.22,36.24,0.03,C3'-endo
5,5,0.04,U,U,U,0,0,0,1,0,(,115,1,cWW,cW-W,2.81,3.25,2.86,1.44,4.10,4.91,5.47,3.39,..,anti,A,4.54,4.80,2.73,3.52,3.03,3.59,3.72,4.17,0.19,5.73,0.69,5.69,0.26,39.32,0.06,C3'-endo
6,6,0.05,G,G,G,0,0,1,0,0,(,114,1,cWW,cW-W,5.16,2.90,0.91,1.35,3.78,4.89,5.18,3.33,BI,anti,A,4.63,4.72,2.78,3.63,3.06,3.65,3.88,3.95,0.07,5.79,0.70,5.60,0.38,41.35,0.23,C3'-endo
7,7,0.06,G,G,G,0,0,1,0,0,(,113,1,cWW,cW-W,5.14,2.88,1.07,1.30,3.81,5.02,5.07,3.30,BI,anti,A,4.70,4.76,2.94,3.79,3.12,3.81,3.64,4.39,0.05,5.79,0.73,5.56,0.42,43.32,0.26,C3'-endo
8,8,0.07,C,C,C,0,1,0,0,0,(,112,1,cWW,cW-W,5.29,2.98,0.93,1.33,3.69,5.75,4.22,3.34,BI,anti,.,4.71,4.74,2.94,4.16,3.21,3.87,4.12,3.69,0.07,5.78,0.72,5.59,0.39,42.43,0.23,C3'-endo
9,9,0.07,G,G,G,0,0,1,0,0,(,111,1,cWW,cW-W,3.65,1.95,2.92,1.44,3.77,5.12,4.93,3.15,BI,anti,A,4.73,4.70,3.07,2.95,3.11,3.28,3.23,4.07,0.13,5.77,0.68,5.66,0.31,39.42,0.14,C3'-endo
10,10,0.08,G,G,G,0,0,1,0,0,(,110,1,cWW,cW-W,4.96,3.10,1.17,1.50,3.78,5.43,4.64,3.31,BI,anti,.,4.45,4.52,3.02,4.32,3.35,4.34,4.27,5.22,0.04,5.88,0.59,5.70,0.34,35.16,0.26,C3'-endo
11,11,0.09,C,C,C,0,1,0,0,0,.,109,1,c.W,c.-W,4.85,3.03,1.13,1.49,3.97,5.85,4.40,3.44,..,anti,.,4.37,4.56,2.86,4.53,3.38,4.38,4.68,5.60,0.00,5.91,0.58,5.68,0.38,35.34,0.32,C3'-endo
12,12,0.10,C,C,C,0,1,0,0,0,.,,0,,,3.84,1.83,2.97,2.53,3.81,3.45,0.36,0.49,..,syn,.,-1.67,1.80,3.78,2.05,3.89,2.54,5.26,3.08,5.98,0.58,5.66,0.46,6.18,36.11,2.98,C2'-endo
13,13,0.11,G,G,G,0,0,1,0,0,.,16,1,tSS,tm-m,0.24,2.98,0.55,1.48,4.14,3.87,0.27,3.74,..,anti,.,3.66,4.71,4.43,3.20,4.23,2.76,3.94,3.60,0.09,5.82,0.64,5.68,0.32,37.05,0.19,C3'-endo
14,14,0.12,U,U,U,0,0,0,1,0,.,106,1,tWS,tW+m,0.98,3.84,0.93,2.40,4.71,5.04,5.96,5.37,..,anti,.,0.05,0.79,6.13,5.54,6.24,5.22,5.08,5.63,5.85,0.64,5.70,0.35,0.05,36.60,2.74,C2'-endo
15,15,0.12,A,A,A,1,0,0,0,0,.,,0,,,4.48,3.09,1.08,2.40,4.74,5.20,5.82,3.50,..,anti,.,0.33,0.77,2.43,5.54,3.36,5.32,3.44,5.80,5.73,0.73,5.66,0.32,0.14,41.13,2.62,C2'-endo
16,16,0.13,G,G,G,0,0,1,0,0,(,"13,68",2,"tSS,cWW","tm-m,cW-W",5.23,3.20,0.72,1.44,3.36,5.11,4.54,3.46,BI,anti,A,4.43,4.50,2.54,4.03,3.36,3.89,3.97,4.25,0.11,5.79,0.66,5.68,0.31,38.02,0.16,C3'-endo
17,17,0.14,C,C,C,0,1,0,0,0,(,67,1,cWW,cW-W,2.72,3.27,3.09,1.52,4.29,4.90,5.68,3.18,..,anti,A,4.74,4.80,2.98,3.57,3.19,3.68,3.86,4.26,0.26,5.70,0.67,5.76,0.17,38.21,6.21,C2'-exo
18,18,0.15,G,G,G,0,0,1,0,0,(,65,1,cWW,cW-W,5.05,2.55,1.35,1.32,4.09,5.01,5.36,3.17,..,anti,.,4.78,4.79,2.83,3.99,3.21,3.95,4.06,4.70,0.03,5.82,0.70,5.58,0.43,41.92,0.29,C3'-endo
19,19,0.16,C,C,C,0,1,0,0,0,(,64,1,cWW,cW-W,5.08,2.88,1.07,1.30,3.62,5.16,4.75,3.44,BI,anti,A,4.55,4.67,2.73,3.77,3.10,3.76,4.27,4.17,0.01,5.82,0.71,5.56,0.45,42.63,0.31,C3'-endo
20,20,0.17,G,G,G,0,0,1,0,0,(,63,1,cWW,cW-W,4.97,3.27,1.02,1.39,3.63,5.57,4.34,3.41,BI,anti,A,4.44,4.53,2.99,4.03,3.20,3.86,3.84,4.28,6.23,5.92,0.62,5.62,0.45,38.36,0.40,C3'-endo
21,21,0.17,G,G,G,0,0,1,0,0,(,62,1,cWW,cW-W,3.72,2.16,2.61,1.58,4.08,5.10,5.27,3.09,..,anti,.,4.81,4.80,2.98,3.51,3.16,3.69,3.91,4.44,0.32,5.67,0.65,5.80,0.11,37.98,6.12,C2'-exo
22,22,0.18,U,U,U,0,0,0,1,0,(,61,1,cWW,cW-W,5.21,2.94,0.99,1.45,3.43,4.97,4.74,3.35,BI,anti,.,4.43,4.45,2.85,3.57,3.34,3.54,4.42,3.40,0.05,5.85,0.62,5.67,0.36,36.95,0.25,C3'-endo
23,23,0.19,G,G,G,0,0,1,0,0,(,60,1,cWW,cW-W,4.85,3.33,0.98,1.48,4.04,4.36,5.96,3.85,..,anti,.,3.34,4.58,3.08,3.43,3.12,3.64,3.07,3.16,0.01,5.90,0.59,5.68,0.38,35.59,0.32,C3'-endo
24,24,0.20,G,G,G,0,0,1,0,0,.,"27,28,59",3,"tSW,tSW,cWW","tm+W,tm+W,cW-W",5.24,2.70,1.07,2.40,4.26,1.53,2.74,4.65,..,anti,.,1.14,1.55,3.19,1.77,3.51,1.35,2.98,1.43,5.87,0.61,5.72,0.34,0.04,35.00,2.75,C2'-endo
25,25,0.21,U,U,U,0,0,0,1,0,.,,0,,,3.22,3.81,0.82,1.43,3.80,4.79,5.30,3.41,BI,anti,.,4.40,4.54,2.14,4.18,2.06,4.16,2.12,5.06,6.27,5.90,0.61,5.65,0.41,37.10,0.35,C3'-endo
26,26,0.22,C,C,C,0,1,0,0,0,.,,0,,,3.03,3.70,2.41,1.48,3.92,5.21,5.00,3.23,BI,anti,.,4.66,4.69,2.47,4.11,2.95,4.06,4.14,4.75,0.15,5.77,0.66,5.70,0.27,37.83,0.09,C3'-endo
27,27,0.23,C,C,C,0,1,0,0,0,.,24,1,tWS,tW+m,5.19,3.03,0.94,1.42,3.59,5.26,4.61,3.45,BI,anti,.,4.42,4.54,2.90,4.06,3.35,4.05,4.49,4.90,0.04,5.86,0.62,5.66,0.37,37.12,0.27,C3'-endo
28,28,0.23,C,C,C,0,1,0,0,0,(,"24,56",2,"tWS,cWW","tW+m,cW-W",4.21,3.36,1.43,1.37,3.58,5.06,4.80,3.68,BI,anti,A,4.16,4.65,2.60,3.74,3.00,3.72,4.20,4.07,0.07,5.79,0.70,5.61,0.39,41.27,0.23,C3'-endo
29,29,0.24,A,A,A,1,0,0,0,0,(,"55,58",2,"cWW,cSW","cW-W,cm-W",5.00,3.04,1.16,1.42,4.27,4.70,5.85,3.43,..,anti,A,4.28,4.68,3.14,3.77,3.31,3.76,3.85,4.17,0.03,5.84,0.65,5.63,0.39,39.01,0.28,C3'-endo
30,30,0.25,C,C,C,0,1,0,0,0,(,"54,57",2,"cWW,cSW","cW-W,cm-W",4.97,2.12,1.65,1.36,3.70,5.68,4.30,3.16,BI,anti,.,4.67,4.66,2.74,4.39,3.14,4.27,3.90,5.14,0.04,5.81,0.70,5.59,0.41,41.70,0.27,C3'-endo
31,31,0.26,C,C,C,0,1,0,0,0,(,"51,53",2,"cWW,cSW","cW-W,cm-W",4.59,3.18,1.41,1.40,3.62,5.21,4.69,3.75,BI,anti,.,3.86,4.51,2.89,3.90,3.52,3.89,4.96,4.32,6.25,5.91,0.62,5.63,0.43,37.94,0.38,C3'-endo
32,32,0.27,U,U,U,0,0,0,1,0,(,50,1,cWW,cW-W,4.80,3.41,0.96,1.41,3.88,5.61,4.55,3.70,BI,anti,A,3.90,4.61,2.92,4.19,3.14,3.92,3.75,4.16,6.25,5.91,0.62,5.63,0.43,38.08,0.37,C3'-endo
33,33,0.28,G,G,G,0,0,1,0,0,(,49,1,cWW,cW-W,3.71,1.83,2.61,1.59,3.78,5.30,4.76,3.18,BI,anti,A,4.64,4.67,2.79,3.32,2.93,3.62,3.45,4.28,0.29,5.70,0.63,5.80,0.12,36.63,6.14,C2'-exo
34,34,0.28,A,A,A,1,0,0,0,0,(,48,1,cWW,cW-W,5.01,3.28,1.21,2.25,3.90,2.41,1.49,3.91,..,anti,.,2.26,2.22,3.22,2.60,3.79,2.38,4.55,2.29,5.87,0.55,5.81,0.26,0.09,31.07,2.64,C2'-endo
35,35,0.29,C,C,C,0,1,0,0,0,.,,0,,,0.82,2.08,4.41,1.52,3.58,5.92,3.93,3.37,BI,anti,.,4.59,4.63,2.10,3.71,1.59,4.10,1.56,5.15,0.22,5.73,0.66,5.73,0.21,37.74,6.28,C2'-exo
36,36,0.30,C,C,C,0,1,0,0,0,.,49,1,cWS,cW-m,4.37,3.00,1.82,1.44,3.98,5.11,5.15,3.80,BI,anti,.,3.51,4.53,3.13,3.96,3.84,3.93,5.05,4.39,6.25,5.93,0.58,5.66,0.41,35.99,0.38,C3'-endo
37,37,0.31,C,C,C,0,1,0,0,0,.,48,1,cWS,cW-m,5.15,3.32,0.58,1.39,4.18,5.22,5.25,3.51,..,anti,.,4.26,4.76,2.82,4.20,3.06,4.35,3.69,5.21,0.05,5.82,0.67,5.63,0.38,39.45,0.25,C3'-endo
38,38,0.32,C,C,C,0,1,0,0,0,(,44,1,cWW,cW-W,4.87,2.83,1.34,1.36,3.56,5.18,4.66,3.34,BI,anti,A,4.51,4.55,2.70,3.79,3.26,3.74,4.45,4.18,0.01,5.84,0.67,5.60,0.42,40.45,0.31,C3'-endo
39,39,0.33,A,A,A,1,0,0,0,0,.,46,1,cSW,cm-W,4.97,3.19,1.07,1.45,3.70,4.36,5.63,3.45,BI,anti,.,4.38,4.49,3.05,3.22,3.29,3.42,4.00,3.10,6.21,5.96,0.57,5.66,0.44,35.89,0.44,C3'-endo
40,40,0.33,U,U,U,0,0,0,1,0,.,45,1,tSH,tm-M,5.44,2.76,1.07,2.46,4.34,5.61,5.02,4.47,..,anti,.,1.16,1.41,3.43,5.70,3.72,5.26,3.27,4.81,5.95,0.57,5.71,0.40,6.24,33.70,2.89,C2'-endo
41,41,0.34,G,G,G,0,0,1,0,0,.,,0,,,5.03,2.67,2.95,1.77,3.26,2.10,1.16,3.20,..,anti,.,4.13,4.22,4.74,6.20,5.47,5.77,6.27,5.54,0.34,5.75,0.51,5.95,6.28,30.86,5.95,C2'-exo
42,42,0.35,C,C,C,0,1,0,0,0,.,,0,,,5.50,3.28,4.43,1.64,3.59,5.36,4.51,3.42,BI,anti,A,4.39,4.49,1.44,3.36,1.91,3.60,2.93,4.45,0.22,5.77,0.59,5.80,0.17,33.86,6.24,C2'-exo
43,43,0.36,C,C,C,0,1,0,0,0,.,,0,,,4.60,3.12,1.32,1.41,4.13,5.16,5.26,3.42,..,anti,.,4.39,4.66,2.91,4.11,3.30,3.84,4.26,4.52,0.00,5.88,0.63,5.63,0.41,38.16,0.32,C3'-endo
44,44,0.37,G,G,G,0,0,1,0,0,),"38,47",2,"cWW,tSW","cW-W,tm+W",5.27,3.93,2.48,2.36,4.06,1.69,2.37,5.02,..,anti,.,0.77,1.70,5.12,1.66,5.78,0.99,5.15,1.06,5.88,0.60,5.71,0.35,0.03,34.93,2.77,C2'-endo
45,45,0.38,A,A,A,1,0,0,0,0,.,40,1,tHS,tM-m,3.01,3.56,0.84,1.46,3.83,5.31,4.80,3.19,BI,anti,.,4.64,4.64,1.76,4.11,1.80,4.22,2.01,5.01,0.10,5.80,0.65,5.67,0.32,37.78,0.17,C3'-endo
46,46,0.38,A,A,A,1,0,0,0,0,.,39,1,cWS,cW-m,4.88,3.09,1.13,1.41,4.00,5.08,5.21,3.12,BI,anti,.,4.59,4.62,2.90,4.05,3.31,4.09,4.42,4.93,0.02,5.86,0.64,5.64,0.40,38.30,0.30,C3'-endo
47,47,0.39,C,C,C,0,1,0,0,0,.,44,1,tWS,tW+m,5.14,2.90,0.90,1.35,3.81,5.35,4.74,3.35,BI,anti,.,4.59,4.68,2.72,4.11,3.10,4.12,4.33,4.66,0.05,5.80,0.70,5.59,0.41,41.66,0.26,C3'-endo
48,48,0.40,U,U,U,0,0,0,1,0,),"34,37",2,"cWW,cSW","cW-W,cm-W",5.04,3.09,1.13,1.19,3.79,4.79,5.28,3.36,BI,anti,A,4.62,4.72,2.92,3.41,3.28,3.48,4.21,4.11,6.16,5.92,0.69,5.50,0.57,44.81,0.48,C3'-endo
49,49,0.41,C,C,C,0,1,0,0,0,),"33,36",2,"cWW,cSW","cW-W,cm-W",5.19,2.67,1.17,1.39,3.53,5.17,4.64,3.64,BI,anti,A,4.19,4.56,2.91,3.85,3.17,3.77,3.97,4.19,0.04,5.83,0.67,5.62,0.39,39.67,0.27,C3'-endo
50,50,0.42,A,A,A,1,0,0,0,0,),32,1,cWW,cW-W,4.75,3.40,0.96,1.40,3.41,5.08,4.62,3.51,BI,anti,.,4.42,4.56,2.79,4.11,3.02,4.02,3.75,4.44,0.07,5.81,0.68,5.63,0.37,39.93,0.23,C3'-endo
51,51,0.42,G,G,G,0,0,1,0,0,),"31,53",2,"cWW,c.H","cW-W,c.+M",2.67,3.49,3.27,1.62,3.93,4.77,5.45,3.25,BI,anti,.,4.48,4.52,3.24,3.23,3.50,3.52,4.25,4.06,0.13,5.85,0.55,5.79,0.23,31.50,0.09,C3'-endo
52,52,0.43,A,A,A,1,0,0,0,0,.,,0,,,5.20,2.84,1.24,2.52,3.69,3.13,0.55,4.12,..,anti,.,1.93,1.92,3.01,2.80,3.72,2.28,4.28,2.20,5.94,0.61,5.66,0.44,6.22,36.61,2.92,C2'-endo
53,53,0.44,A,A,A,1,0,0,0,0,.,"31,51",2,"cWS,cH.","cW-m,cM+.",4.62,2.89,0.38,1.45,3.68,5.19,4.77,3.22,BI,anti,.,4.75,4.74,2.41,3.88,2.13,3.99,2.20,4.41,0.24,5.69,0.71,5.69,0.22,40.59,6.27,C2'-exo
54,54,0.45,G,G,G,0,0,1,0,0,),30,1,cWW,cW-W,5.02,3.01,1.34,1.43,4.01,4.78,5.52,3.30,BI,anti,A,4.53,4.62,3.24,3.76,3.55,3.77,4.21,4.18,0.01,5.88,0.62,5.65,0.39,37.28,0.30,C3'-endo
55,55,0.46,U,U,U,0,0,0,1,0,),"29,57",2,"cWW,cSH","cW-W,cm+M",5.16,2.64,1.17,1.40,3.72,4.86,5.14,3.60,BI,anti,.,4.10,4.48,2.92,3.64,3.21,3.70,3.86,4.07,6.20,5.96,0.59,5.63,0.47,37.61,0.45,C3'-endo
56,56,0.47,G,G,G,0,0,1,0,0,),"28,58",2,"cWW,cSH","cW-W,cm+M",5.13,2.84,1.41,2.22,4.91,1.69,3.22,3.89,..,anti,.,0.99,1.20,3.78,1.71,4.00,1.48,4.36,1.64,5.86,0.56,5.82,0.24,0.11,31.17,2.61,C2'-endo
57,57,0.47,A,A,A,1,0,0,0,0,.,"30,55",2,"cWS,cHS","cW-m,cM+m",3.51,3.28,0.88,1.43,4.12,4.90,5.50,3.10,..,anti,.,4.49,4.54,2.46,3.97,2.33,4.08,2.50,4.98,6.25,5.92,0.60,5.64,0.43,37.22,0.38,C3'-endo
58,58,0.48,A,A,A,1,0,0,0,0,.,"29,56",2,"cWS,cHS","cW-m,cM+m",5.17,2.78,0.94,1.43,3.94,5.11,5.11,3.42,BI,anti,.,4.49,4.71,2.78,4.11,3.14,4.14,4.29,4.97,0.08,5.81,0.66,5.66,0.35,38.46,0.21,C3'-endo
59,59,0.49,A,A,A,1,0,0,0,0,.,24,1,cWW,cW-W,5.15,2.97,0.91,1.49,3.68,5.29,4.68,3.44,BI,anti,A,4.48,4.61,2.80,4.08,3.22,4.08,4.44,4.82,0.12,5.81,0.63,5.71,0.29,36.30,0.14,C3'-endo
60,60,0.50,C,C,C,0,1,0,0,0,),23,1,cWW,cW-W,4.89,3.02,1.15,1.34,3.71,5.04,4.96,3.63,BI,anti,A,4.18,4.67,2.84,3.73,3.24,3.72,4.37,4.04,0.03,5.83,0.69,5.59,0.42,41.20,0.29,C3'-endo
61,61,0.51,G,G,G,0,0,1,0,0,),22,1,cWW,cW-W,4.95,3.02,1.13,1.38,3.61,5.16,4.73,3.42,BI,anti,A,4.38,4.50,2.89,3.81,3.12,3.81,3.68,4.44,6.23,5.91,0.63,5.61,0.46,39.02,0.40,C3'-endo
62,62,0.52,C,C,C,0,1,0,0,0,),21,1,cWW,cW-W,4.94,3.03,1.17,1.39,3.57,5.11,4.74,3.44,BI,anti,A,4.43,4.52,2.94,3.74,3.26,3.69,4.18,4.08,6.26,5.90,0.63,5.62,0.43,38.35,0.36,C3'-endo
63,63,0.53,C,C,C,0,1,0,0,0,),20,1,cWW,cW-W,4.55,3.06,1.39,1.36,3.67,5.13,4.82,3.67,BI,anti,A,4.10,4.62,2.79,3.79,3.04,3.77,3.69,4.18,6.28,5.86,0.67,5.60,0.43,40.43,0.33,C3'-endo
64,64,0.53,G,G,G,0,0,1,0,0,),19,1,cWW,cW-W,4.90,3.16,1.10,1.40,3.50,5.22,4.56,3.37,BI,anti,A,4.45,4.48,2.90,3.80,3.16,3.77,3.84,4.19,6.23,5.92,0.61,5.62,0.46,38.36,0.41,C3'-endo
65,65,0.54,U,U,U,0,0,0,1,0,),18,1,cWW,cW-W,4.37,2.92,1.86,1.43,4.04,4.98,5.35,3.31,BI,anti,.,4.46,4.53,3.09,3.98,3.35,4.11,4.02,4.83,6.23,5.94,0.59,5.64,0.44,36.96,0.41,C3'-endo
66,66,0.55,A,A,A,1,0,0,0,0,.,68,1,cSH,cm+M,4.38,3.33,2.00,1.71,6.05,1.77,4.28,4.21,..,anti,.,1.03,3.58,3.97,2.51,4.16,2.16,4.74,1.91,0.21,5.82,0.52,5.87,0.14,29.71,6.21,C2'-exo
67,67,0.56,G,G,G,0,0,1,0,0,),17,1,cWW,cW-W,4.73,3.16,5.07,1.64,3.50,5.14,4.64,3.32,BI,anti,A,4.56,4.57,1.88,3.66,1.63,3.72,1.91,4.26,0.32,5.70,0.61,5.84,0.08,35.67,6.08,C2'-exo
68,68,0.57,C,C,C,0,1,0,0,0,),"16,66",2,"cWW,cHS","cW-W,cM+m",2.87,3.31,2.90,1.49,3.89,5.10,5.08,3.30,BI,anti,A,4.68,4.75,2.82,3.59,3.19,3.66,3.89,4.32,0.21,5.72,0.68,5.71,0.23,38.95,0.02,C3'-endo
69,69,0.57,G,G,G,0,0,1,0,0,.,107,1,tHS,tM-m,5.06,2.93,1.10,1.42,3.80,5.37,4.71,3.22,BI,anti,.,4.68,4.68,2.89,4.21,3.26,4.22,4.24,5.03,0.09,5.80,0.68,5.64,0.35,39.49,0.20,C3'-endo
70,70,0.58,C,C,C,0,1,0,0,0,(,106,1,cWW,cW-W,4.99,3.12,1.01,1.36,3.72,5.04,4.97,3.37,BI,anti,A,4.59,4.67,2.84,3.75,3.29,3.81,4.57,4.30,0.06,5.80,0.70,5.60,0.39,41.10,0.25,C3'-endo
71,71,0.59,C,C,C,0,1,0,0,0,(,105,1,cWW,cW-W,5.09,3.05,1.12,1.44,3.70,5.41,4.58,3.25,BI,anti,.,4.42,4.49,3.06,4.17,3.32,4.17,4.03,5.06,0.02,5.88,0.62,5.65,0.39,37.30,0.30,C3'-endo
72,72,0.60,G,G,G,0,0,1,0,0,.,104,1,tSH,tm-M,4.91,3.16,0.91,1.36,3.60,4.85,5.03,3.47,BI,anti,.,4.46,4.62,2.74,2.88,3.18,2.64,4.49,2.55,0.03,5.84,0.66,5.62,0.40,39.44,0.28,C3'-endo
73,73,0.61,A,A,A,1,0,0,0,0,.,103,1,tHW,tM-W,4.44,1.27,3.01,1.58,4.29,5.23,5.34,3.11,..,anti,.,4.75,4.77,3.64,3.33,3.14,3.68,2.80,4.76,0.26,5.73,0.62,5.80,0.14,35.73,6.19,C2'-exo
74,74,0.62,U,U,U,0,0,0,1,0,.,102,1,tHW,tM-W,5.26,2.94,0.75,1.36,3.87,5.20,4.95,3.66,BI,anti,.,4.04,4.68,2.62,4.01,3.14,4.08,4.48,4.84,6.27,5.87,0.66,5.60,0.44,40.03,0.34,C3'-endo
75,75,0.62,G,G,G,0,0,1,0,0,.,101,1,cWW,cW-W,5.08,3.05,0.92,1.36,3.71,5.12,4.87,3.43,BI,anti,A,4.54,4.70,2.78,3.80,3.16,3.83,4.23,4.43,0.07,5.79,0.71,5.60,0.39,41.59,0.23,C3'-endo
76,76,0.63,G,G,G,0,0,1,0,0,.,100,1,tWH,tW-M,4.95,2.88,1.26,1.33,3.84,4.95,5.17,3.23,BI,anti,A,4.78,4.80,2.92,3.77,3.24,3.80,4.18,4.36,0.13,5.73,0.74,5.60,0.36,43.05,0.16,C3'-endo
77,77,0.64,U,U,U,0,0,0,1,0,.,99,1,tWH,tW-M,5.36,2.87,0.94,1.38,3.94,4.89,5.34,3.27,BI,anti,A,4.72,4.78,3.04,3.80,3.31,3.83,4.18,4.17,0.15,5.74,0.72,5.63,0.32,41.58,0.13,C3'-endo
78,78,0.65,A,A,A,1,0,0,0,0,.,98,1,tHS,tM-m,5.13,2.84,1.16,1.31,3.89,5.16,5.02,3.25,BI,anti,.,4.75,4.77,2.97,3.99,3.20,4.04,3.81,4.89,0.03,5.80,0.72,5.56,0.44,43.07,0.29,C3'-endo
79,79,0.66,G,G,G,0,0,1,0,0,(,"0,97",2,"tS.,cWW","tm+.,cW-W",5.20,2.95,1.01,1.42,3.92,4.95,5.25,3.31,BI,anti,A,4.68,4.76,2.99,3.91,3.37,3.98,4.60,4.53,0.14,5.76,0.68,5.67,0.30,39.47,0.12,C3'-endo
80,80,0.67,U,U,U,0,0,0,1,0,(,96,1,cWW,cW-W,5.30,2.69,1.12,1.42,3.58,4.68,5.19,3.30,BI,anti,.,4.47,4.49,2.98,3.37,3.40,3.33,4.30,3.46,6.25,5.92,0.60,5.65,0.42,36.99,0.37,C3'-endo
81,81,0.68,G,G,G,0,0,1,0,0,(,95,1,cWW,cW-W,5.15,3.24,0.77,1.37,3.83,5.16,4.95,3.26,BI,anti,.,4.71,4.74,3.04,3.91,2.97,4.00,3.15,4.78,0.09,5.77,0.71,5.61,0.37,41.30,0.20,C3'-endo
82,82,0.68,U,U,U,0,0,0,1,0,(,94,1,cWW,cW-W,5.13,3.04,0.92,1.31,3.77,4.95,5.10,3.32,BI,anti,A,4.73,4.78,2.83,3.66,3.16,3.69,4.27,4.07,0.13,5.71,0.76,5.58,0.36,44.20,0.15,C3'-endo
83,83,0.69,G,G,G,0,0,1,0,0,(,93,1,cWW,cW-W,5.15,3.13,0.83,1.42,3.38,5.11,4.56,3.48,BI,anti,.,4.44,4.54,2.87,4.10,3.06,3.92,3.66,4.23,0.10,5.79,0.67,5.66,0.33,38.93,0.17,C3'-endo
84,84,0.70,G,G,G,0,0,1,0,0,(,92,1,cWW,cW-W,2.38,3.32,3.45,1.54,3.90,5.16,5.02,3.17,BI,anti,A,4.75,4.75,3.00,3.45,3.23,3.60,3.93,4.19,0.28,5.69,0.66,5.77,0.15,37.81,6.18,C2'-exo
85,85,0.71,G,G,G,0,0,1,0,0,(,91,1,cWW,cW-W,5.13,3.05,0.98,1.34,3.59,4.99,4.87,3.36,BI,anti,A,4.56,4.62,2.88,3.57,3.24,3.59,4.07,3.85,0.01,5.84,0.68,5.59,0.44,41.12,0.31,C3'-endo
86,86,0.72,G,G,G,0,0,1,0,0,(,90,1,cWW,cW-W,5.09,2.91,1.22,1.37,3.71,4.96,5.04,3.32,BI,anti,.,4.51,4.55,3.09,3.76,3.29,3.07,3.74,2.04,6.23,5.91,0.63,5.60,0.46,39.33,0.40,C3'-endo
87,87,0.72,U,U,U,0,0,0,1,0,.,,0,,,3.43,2.68,0.93,2.38,4.71,5.15,5.84,3.72,..,anti,.,1.16,1.17,1.30,5.54,1.63,5.28,0.95,5.60,5.92,0.57,5.73,0.36,6.28,33.50,2.82,C2'-endo
88,88,0.73,C,C,C,0,1,0,0,0,.,,0,,,5.11,3.54,0.87,2.41,4.08,3.62,0.46,3.77,..,anti,.,1.83,1.79,2.92,2.69,3.74,2.29,4.06,4.80,5.88,0.61,5.71,0.36,0.02,35.22,2.78,C2'-endo
89,89,0.74,U,U,U,0,0,0,1,0,.,,0,,,4.85,4.55,2.35,2.23,3.67,5.90,4.05,5.22,..,anti,.,1.11,2.11,5.68,0.03,0.04,5.61,3.76,6.22,5.70,0.65,5.80,0.16,0.26,37.15,2.41,C1'-exo
90,90,0.75,C,C,C,0,1,0,0,0,),86,1,cWW,cW-W,2.40,3.62,2.81,1.38,4.09,5.18,5.20,3.46,..,anti,A,4.42,4.81,2.43,3.72,3.38,3.60,3.83,3.88,0.13,5.75,0.71,5.63,0.33,41.22,0.14,C3'-endo
91,91,0.76,C,C,C,0,1,0,0,0,),85,1,cWW,cW-W,4.41,2.20,2.28,1.47,3.94,4.95,5.28,3.31,BI,anti,A,4.57,4.68,3.10,3.40,3.34,3.48,3.92,4.02,0.15,5.77,0.66,5.69,0.28,38.28,0.10,C3'-endo
92,92,0.77,C,C,C,0,1,0,0,0,),84,1,cWW,cW-W,5.18,2.93,1.00,1.42,3.77,4.89,5.16,3.28,BI,anti,A,4.50,4.57,2.97,3.72,3.26,3.71,4.02,4.01,0.04,5.85,0.63,5.65,0.38,37.73,0.27,C3'-endo
93,93,0.78,C,C,C,0,1,0,0,0,),83,1,cWW,cW-W,5.18,2.86,1.04,1.34,3.88,4.87,5.30,3.49,BI,anti,A,4.35,4.67,2.98,3.69,3.18,3.70,3.70,4.04,6.28,5.85,0.68,5.58,0.45,41.10,0.33,C3'-endo
94,94,0.78,A,A,A,1,0,0,0,0,),82,1,cWW,cW-W,5.08,2.93,0.95,1.37,3.93,4.99,5.22,3.52,BI,anti,A,4.29,4.69,2.86,3.90,3.02,3.92,3.55,4.66,6.28,5.86,0.66,5.61,0.43,39.71,0.33,C3'-endo
95,95,0.79,U,U,U,0,0,0,1,0,),81,1,cWW,cW-W,5.23,2.83,0.89,1.32,3.58,5.04,4.82,3.58,BI,anti,.,4.33,4.65,2.73,3.62,3.07,3.55,4.13,3.51,0.04,5.80,0.71,5.58,0.42,42.19,0.27,C3'-endo
96,96,0.80,G,G,G,0,0,1,0,0,),80,1,cWW,cW-W,5.05,3.09,0.94,1.24,3.61,5.18,4.72,3.44,BI,anti,.,4.51,4.62,2.83,3.67,2.94,3.74,3.12,4.35,6.16,5.92,0.69,5.51,0.56,44.31,0.48,C3'-endo
97,97,0.81,C,C,C,0,1,0,0,0,),79,1,cWW,cW-W,5.01,3.01,1.24,1.31,3.82,5.37,4.73,3.24,BI,anti,.,4.67,4.67,3.04,4.10,3.31,4.17,4.17,4.97,6.26,5.85,0.70,5.56,0.48,42.59,0.36,C3'-endo
98,98,0.82,G,G,G,0,0,1,0,0,.,78,1,tSH,tm-M,5.01,3.10,1.11,1.36,3.48,4.94,4.83,3.37,BI,anti,.,4.53,4.56,2.91,2.95,3.40,2.62,4.63,2.45,0.02,5.85,0.66,5.62,0.41,39.66,0.30,C3'-endo
99,99,0.82,A,A,A,1,0,0,0,0,.,"0,77",2,"t.S,tHW","t.+m,tM-W",4.48,1.33,3.12,1.55,4.15,5.18,5.26,2.95,..,anti,.,4.56,4.64,3.73,3.12,3.22,3.49,2.84,4.61,0.15,5.81,0.60,5.76,0.24,34.24,0.08,C3'-endo
100,100,0.83,G,G,G,0,0,1,0,0,.,76,1,tHW,tM-W,5.04,2.96,0.94,1.43,3.77,5.23,4.82,3.37,BI,anti,.,4.47,4.60,2.67,4.02,3.16,4.03,4.51,4.80,0.07,5.82,0.65,5.65,0.35,38.40,0.22,C3'-endo
101,101,0.84,A,A,A,1,0,0,0,0,.,75,1,cWW,cW-W,4.92,2.91,1.15,1.41,3.86,5.18,4.96,3.32,BI,anti,.,4.60,4.66,2.83,4.03,3.23,4.05,4.38,4.91,0.03,5.85,0.65,5.63,0.39,38.84,0.28,C3'-endo
102,102,0.85,G,G,G,0,0,1,0,0,.,74,1,tWH,tW-M,5.07,2.89,1.04,1.38,3.76,5.03,5.01,3.33,BI,anti,A,4.68,4.75,2.79,3.80,3.22,3.79,4.51,4.07,0.12,5.76,0.71,5.63,0.34,40.96,0.15,C3'-endo
103,103,0.86,U,U,U,0,0,0,1,0,.,73,1,tWH,tW-M,5.17,3.13,0.90,1.33,3.62,4.96,4.94,3.42,BI,anti,A,4.53,4.64,2.95,3.53,3.15,3.58,3.70,3.90,0.03,5.83,0.69,5.59,0.42,41.33,0.29,C3'-endo
104,104,0.87,A,A,A,1,0,0,0,0,.,72,1,tHS,tM-m,5.08,2.96,1.16,1.35,4.19,5.34,5.13,3.39,..,anti,.,4.49,4.76,3.12,4.32,3.25,4.42,3.68,5.17,0.04,5.82,0.69,5.59,0.41,41.30,0.28,C3'-endo
105,105,0.88,G,G,G,0,0,1,0,0,),71,1,cWW,cW-W,4.84,2.55,1.67,1.36,3.76,4.96,5.09,3.16,BI,anti,A,4.72,4.72,2.82,3.65,3.48,3.60,4.80,4.05,0.10,5.77,0.71,5.61,0.36,41.36,0.19,C3'-endo
106,106,0.88,G,G,G,0,0,1,0,0,),"14,70",2,"tSW,cWW","tm+W,cW-W",5.18,3.01,1.02,1.48,3.75,5.35,4.68,3.33,BI,anti,.,4.53,4.59,3.05,4.20,3.29,4.23,4.01,5.08,0.07,5.84,0.63,5.68,0.33,36.81,0.21,C3'-endo
107,107,0.89,G,G,G,0,0,1,0,0,.,69,1,tSH,tm-M,4.91,3.03,1.12,1.46,3.47,4.38,5.37,3.41,BI,anti,.,4.42,4.46,2.84,3.14,3.37,3.53,4.68,4.07,0.05,5.86,0.61,5.68,0.35,36.07,0.25,C3'-endo
108,108,0.90,A,A,A,1,0,0,0,0,.,,0,,,4.20,3.63,2.24,1.84,3.88,1.57,2.31,4.24,..,anti,.,2.17,4.39,3.84,1.19,3.72,0.85,3.81,0.63,0.31,5.82,0.43,6.01,6.26,26.69,5.91,C2'-exo
109,109,0.91,A,A,A,1,0,0,0,0,.,11,1,cW.,cW-.,1.24,4.02,4.36,1.53,3.83,5.35,4.76,3.28,BI,anti,.,4.61,4.67,3.96,3.27,4.02,3.58,4.51,4.60,0.19,5.75,0.65,5.73,0.23,37.08,0.04,C3'-endo
110,110,0.92,C,C,C,0,1,0,0,0,),10,1,cWW,cW-W,5.02,3.08,0.94,1.40,3.66,5.40,4.54,3.40,BI,anti,.,4.56,4.64,2.79,4.06,3.26,3.85,4.52,3.94,0.06,5.82,0.66,5.64,0.37,39.11,0.23,C3'-endo
111,111,0.93,U,U,U,0,0,0,1,0,),9,1,cWW,cW-W,3.56,2.51,2.47,1.47,3.99,4.71,5.56,3.43,BI,anti,.,4.46,4.76,2.75,3.14,2.97,3.22,3.37,3.51,0.20,5.73,0.68,5.71,0.24,38.88,0.03,C3'-endo
112,112,0.93,G,G,G,0,0,1,0,0,),8,1,cWW,cW-W,5.08,2.64,1.29,1.36,3.99,4.12,6.16,3.17,..,anti,A,4.73,4.74,3.03,3.71,3.21,3.75,3.61,4.20,0.02,5.83,0.68,5.59,0.42,40.92,0.30,C3'-endo
113,113,0.94,C,C,C,0,1,0,0,0,),7,1,cWW,cW-W,0.53,2.22,6.08,1.44,3.11,4.94,4.46,3.63,BI,anti,A,4.25,4.41,2.87,3.72,3.02,3.67,3.67,3.86,0.13,5.77,0.68,5.67,0.31,39.07,0.13,C3'-endo
114,114,0.95,C,C,C,0,1,0,0,0,),6,1,cWW,cW-W,3.15,3.60,2.50,1.41,3.85,5.06,5.07,3.62,BI,anti,.,4.18,4.75,2.81,3.77,3.05,3.72,3.48,4.16,0.16,5.74,0.69,5.67,0.29,39.92,0.09,C3'-endo
115,115,0.96,A,A,A,1,0,0,0,0,),5,1,cWW,cW-W,5.21,3.05,0.86,1.34,3.96,4.72,5.53,3.25,BI,anti,A,4.76,4.82,2.95,3.60,3.20,3.69,3.93,4.11,0.12,5.74,0.73,5.61,0.35,42.28,0.16,C3'-endo
116,116,0.97,G,G,G,0,0,1,0,0,),4,1,cWW,cW-W,5.25,2.62,1.19,1.42,3.77,5.04,5.01,3.22,BI,anti,A,4.69,4.67,3.02,3.89,3.27,3.85,3.89,4.45,0.08,5.82,0.66,5.65,0.35,38.48,0.21,C3'-endo
117,117,0.97,G,G,G,0,0,1,0,0,),3,1,cWW,cW-W,4.74,3.06,1.35,1.46,3.56,5.15,4.69,3.70,BI,anti,.,4.06,4.56,2.93,3.84,3.26,3.73,4.17,4.23,0.09,5.83,0.63,5.69,0.32,36.67,0.19,C3'-endo
118,118,0.98,C,C,C,0,1,0,0,0,.,,0,,,4.33,2.93,1.68,1.47,3.57,5.06,4.79,3.87,BI,anti,.,3.67,4.54,2.77,3.82,3.12,3.65,3.95,3.59,0.07,5.84,0.62,5.68,0.34,36.51,0.22,C3'-endo
119,119,0.99,A,A,A,1,0,0,0,0,),1,1,cWW,cW-W,4.38,3.49,1.03,1.35,3.41,5.12,4.58,3.69,BI,anti,.,4.13,4.54,2.51,4.10,2.69,4.06,2.93,4.54,6.26,5.87,0.67,5.59,0.45,40.83,0.35,C3'-endo
120,120,1.00,A,A,A,1,0,0,0,0,.,,0,,,2.66,3.52,3.25,1.53,,,,3.27,n/a,anti,-,,,,,,,,,0.20,5.75,0.64,5.74,0.22,36.55,0.01,C3'-endo
