index_chain,old_nt_resnum,nt_position,nt_name,nt_code,nt_align_code,is_A,is_C,is_G,is_U,is_other,dbn,paired,nb_interact,pair_type_LW,pair_type_DSSR,alpha,beta,gamma,delta,epsilon,zeta,epsilon_zeta,chi,bb_type,glyco_bond,form,ssZp,Dp,eta,theta,eta_prime,theta_prime,eta_base,theta_base,v0,v1,v2,v3,v4,amplitude,phase_angle,puckering
1,0,0.09,G,G,G,0,0,1,0,0,.,,0,,,,,0.86,1.44,3.88,4.52,5.65,3.71,BI,anti,.,3.95,4.69,,,,,,,0.04,5.87,0.60,5.69,0.35,35.67,0.26,C3'-endo
2,1,0.18,G,G,G,0,0,1,0,0,.,,0,,,5.57,3.11,0.91,1.48,3.49,4.39,5.39,4.05,BI,anti,.,3.04,4.04,3.49,3.03,3.50,3.14,3.41,3.57,6.09,6.12,0.44,5.72,0.48,32.27,0.68,C4'-exo
3,2,0.27,A,A,A,1,0,0,0,0,.,,0,,,5.27,3.08,0.91,1.45,4.21,5.00,5.49,3.36,..,anti,.,4.43,4.69,3.34,4.22,3.21,4.42,3.47,5.17,0.04,5.88,0.59,5.70,0.35,35.13,0.26,C3'-endo
4,3,0.36,U,U,U,0,0,0,1,0,.,,0,,,5.34,2.94,0.98,2.53,4.53,2.69,1.84,4.12,BII,anti,.,1.39,1.20,3.18,2.63,3.85,2.65,4.73,3.11,5.84,0.64,5.70,0.35,0.06,36.69,2.73,C2'-endo
5,4,0.45,U,U,U,0,0,0,1,0,.,,0,,,5.19,3.49,0.88,2.61,4.31,4.69,5.90,4.26,..,anti,.,0.94,1.06,4.39,4.83,4.25,3.99,4.05,3.45,5.92,0.62,5.65,0.44,6.23,37.27,2.90,C2'-endo
6,5,0.55,U,U,U,0,0,0,1,0,.,,0,,,3.73,2.59,0.77,2.53,3.95,4.18,6.05,3.98,..,anti,.,1.55,1.67,1.05,4.14,2.01,3.84,1.96,4.36,5.91,0.61,5.69,0.39,6.27,35.59,2.83,C2'-endo
7,6,0.64,G,G,G,0,0,1,0,0,.,,0,,,5.04,3.07,0.71,1.34,3.72,5.15,4.85,3.80,BI,anti,.,3.70,4.68,2.92,3.92,3.03,3.65,3.71,3.35,6.25,5.89,0.64,5.61,0.45,39.42,0.37,C3'-endo
8,7,0.73,A,A,A,1,0,0,0,0,.,,0,,,2.99,2.18,3.27,1.51,3.71,5.01,4.98,4.25,BI,anti,.,2.35,4.58,2.87,2.82,2.79,3.17,2.52,3.44,0.12,5.82,0.61,5.72,0.28,35.44,0.14,C3'-endo
9,8,0.82,C,C,C,0,1,0,0,0,.,,0,,,5.20,3.15,0.94,1.73,3.68,3.98,5.98,3.76,..,anti,.,3.27,3.47,3.16,2.95,3.43,3.22,3.63,3.34,5.97,0.09,0.15,5.95,0.40,22.68,1.19,C4'-exo
10,9,0.91,G,G,G,0,0,1,0,0,.,,0,,,5.31,3.17,0.94,2.59,4.67,3.43,1.24,4.33,BII,anti,.,1.32,1.03,3.77,4.09,3.79,3.71,3.61,3.86,5.88,0.64,5.66,0.41,6.28,37.48,2.82,C2'-endo
11,10,1.00,G,G,G,0,0,1,0,0,.,,0,,,1.49,3.44,3.58,2.62,,,,3.99,n/a,anti,-,,,,,,,,,5.88,0.66,5.63,0.44,6.26,38.85,2.85,C2'-endo
