index_chain,old_nt_resnum,nt_position,nt_name,nt_code,nt_align_code,is_A,is_C,is_G,is_U,is_other,dbn,paired,nb_interact,pair_type_LW,pair_type_DSSR,alpha,beta,gamma,delta,epsilon,zeta,epsilon_zeta,chi,bb_type,glyco_bond,form,ssZp,Dp,eta,theta,eta_prime,theta_prime,eta_base,theta_base,v0,v1,v2,v3,v4,amplitude,phase_angle,puckering
1,-19,0.03,A,A,A,1,0,0,0,0,.,,0,,,,,1.11,2.55,4.18,2.54,1.64,4.30,BII,anti,.,2.06,1.71,,,,,,,5.82,0.69,5.64,0.39,0.04,39.60,2.75,C2'-endo
2,-18,0.05,A,A,A,1,0,0,0,0,.,10,1,tHW,tM-W,5.01,2.83,0.75,2.55,4.38,4.93,5.74,4.23,..,anti,.,1.17,1.11,3.49,5.11,3.51,4.93,3.29,5.38,5.84,0.67,5.65,0.39,0.03,38.62,2.77,C2'-endo
3,-17,0.08,U,U,U,0,0,0,1,0,.,"6,7",2,"tWH,tWH","tW-M,tW-M",5.14,3.10,0.91,2.75,4.77,4.44,0.33,4.28,..,anti,.,0.07,0.62,3.04,5.68,4.08,4.18,4.41,3.65,5.88,0.71,5.55,0.52,6.21,43.27,2.91,C2'-endo
4,-16,0.10,U,U,U,0,0,0,1,0,.,19,1,cWW,cW-W,1.97,3.27,1.06,1.56,4.16,5.03,5.41,3.27,..,anti,.,4.18,4.49,6.04,4.29,0.96,4.29,1.54,5.10,0.11,5.84,0.59,5.74,0.27,34.05,0.14,C3'-endo
5,-15,0.13,U,U,U,0,0,0,1,0,(,18,1,cWW,cW-W,5.16,2.78,0.90,1.38,3.60,5.02,4.87,3.56,BI,anti,A,4.27,4.60,2.61,3.69,3.06,3.64,4.28,3.96,0.05,5.83,0.66,5.63,0.38,39.14,0.25,C3'-endo
6,-14,0.15,C,C,C,0,1,0,0,0,(,"3,17",2,"tHW,cWW","tM-W,cW-W",5.19,3.04,0.83,1.32,3.72,4.90,5.11,3.56,BI,anti,A,4.24,4.67,2.88,3.58,3.05,3.64,3.60,4.10,0.04,5.81,0.70,5.58,0.41,41.87,0.27,C3'-endo
7,-13,0.18,U,U,U,0,0,0,1,0,(,"3,16",2,"tHW,cWW","tM-W,cW-W",5.21,2.87,0.98,1.35,3.78,4.96,5.11,3.49,BI,anti,A,4.39,4.71,2.92,3.76,3.12,3.78,3.76,4.33,0.07,5.80,0.69,5.61,0.38,40.77,0.23,C3'-endo
8,-12,0.21,A,A,A,1,0,0,0,0,(,15,1,cWW,cW-W,5.21,2.87,0.99,1.40,3.49,5.12,4.66,3.51,BI,anti,.,4.36,4.55,2.89,4.22,3.18,4.04,4.03,4.37,0.08,5.83,0.65,5.66,0.34,37.89,0.21,C3'-endo
9,-11,0.23,C,C,C,0,1,0,0,0,(,14,1,cWW,cW-W,2.63,3.46,3.34,1.46,3.82,5.00,5.10,3.32,BI,anti,A,4.32,4.49,3.15,3.27,3.41,3.53,4.10,4.08,6.26,5.93,0.57,5.68,0.39,35.01,0.36,C3'-endo
10,-10,0.26,U,U,U,0,0,0,1,0,.,2,1,tWH,tW-M,5.35,3.15,0.86,2.46,4.52,2.98,1.54,4.09,BII,anti,.,1.17,1.25,3.39,2.81,3.83,2.40,4.34,1.93,5.88,0.60,5.72,0.34,0.04,34.64,2.76,C2'-endo
11,-9,0.28,C,C,C,0,1,0,0,0,.,,0,,,2.73,2.85,0.94,1.45,4.09,5.14,5.23,3.32,..,anti,.,4.42,4.60,1.53,4.25,1.41,4.28,1.46,5.22,0.00,5.90,0.60,5.67,0.38,35.98,0.32,C3'-endo
12,-8,0.31,U,U,U,0,0,0,1,0,.,,0,,,5.07,2.76,1.11,1.42,4.15,4.40,6.03,3.59,..,anti,.,4.07,4.73,2.81,4.19,3.25,3.72,4.55,4.06,6.28,5.89,0.61,5.65,0.40,37.26,0.33,C3'-endo
13,-7,0.33,U,U,U,0,0,0,1,0,.,,0,,,1.61,2.63,1.03,2.60,3.67,0.86,2.81,4.24,..,anti,.,1.55,1.76,4.99,1.39,5.92,0.82,5.41,1.15,5.85,0.69,5.62,0.44,6.28,40.24,2.82,C2'-endo
14,-6,0.36,G,G,G,0,0,1,0,0,),9,1,cWW,cW-W,1.52,4.37,3.49,1.39,3.68,4.94,5.02,3.06,BI,anti,A,4.74,4.70,3.31,3.05,3.63,3.18,3.65,3.58,0.04,5.83,0.66,5.62,0.39,39.44,0.26,C3'-endo
15,-5,0.38,U,U,U,0,0,0,1,0,),8,1,cWW,cW-W,5.13,3.29,0.87,1.43,3.67,4.99,4.96,3.42,BI,anti,A,4.51,4.64,3.04,3.70,3.17,3.73,3.65,4.15,0.09,5.80,0.66,5.65,0.34,38.79,0.20,C3'-endo
16,-4,0.41,A,A,A,1,0,0,0,0,),7,1,cWW,cW-W,5.05,3.20,0.81,1.42,3.65,4.99,4.94,3.54,BI,anti,A,4.42,4.70,2.83,3.66,2.97,3.68,3.60,4.07,0.13,5.77,0.69,5.65,0.32,39.84,0.15,C3'-endo
17,-3,0.44,G,G,G,0,0,1,0,0,),6,1,cWW,cW-W,5.05,2.91,1.00,1.31,3.68,4.99,4.97,3.37,BI,anti,A,4.68,4.78,2.79,3.69,3.01,3.73,3.69,4.24,0.10,5.75,0.74,5.59,0.37,42.95,0.19,C3'-endo
18,-2,0.46,A,A,A,1,0,0,0,0,),5,1,cWW,cW-W,5.31,2.87,1.07,1.44,3.61,5.29,4.60,3.37,BI,anti,A,4.62,4.66,3.09,4.03,3.39,3.99,4.18,4.70,0.11,5.81,0.64,5.69,0.31,37.41,0.16,C3'-endo
19,-1,0.49,U,U,U,0,0,0,1,0,.,4,1,cWW,cW-W,5.02,3.16,0.85,1.32,4.06,4.01,0.05,3.49,..,anti,.,4.38,4.86,2.85,3.25,3.14,2.81,4.23,3.32,0.10,5.76,0.72,5.60,0.36,42.27,0.19,C3'-endo
20,0,0.51,G,G,G,0,0,1,0,0,(,0,1,cWW,cW-W,1.08,3.85,0.89,2.41,4.94,2.27,2.67,4.87,BII,anti,B,1.50,1.09,6.16,3.08,6.21,2.74,5.22,3.49,5.69,0.73,5.72,0.24,0.22,40.42,2.50,C1'-exo
21,1,0.54,G,G,G,0,0,1,0,0,(,0,1,cWW,cW-W,1.13,3.77,3.30,1.51,3.97,4.95,5.30,3.53,BI,anti,B,3.89,4.43,2.91,3.47,2.74,3.51,3.62,4.27,0.08,5.88,0.56,5.75,0.28,32.76,0.19,C3'-endo
22,2,0.56,A,A,A,1,0,0,0,0,(,0,1,cWW,cW-W,5.24,2.78,0.85,1.39,3.67,5.03,4.92,3.68,BI,anti,A,4.07,4.64,2.72,3.74,3.06,3.72,4.06,4.22,0.06,5.83,0.66,5.65,0.36,38.72,0.23,C3'-endo
23,3,0.59,A,A,A,1,0,0,0,0,(,0,1,cWW,cW-W,5.22,2.86,0.98,1.38,3.72,5.09,4.91,3.59,BI,anti,A,4.25,4.69,2.93,3.81,3.19,3.80,3.96,4.27,0.07,5.81,0.67,5.63,0.37,39.61,0.22,C3'-endo
24,4,0.62,A,A,A,1,0,0,0,0,(,0,1,cWW,cW-W,5.21,2.92,0.90,1.30,3.60,5.03,4.86,3.54,BI,anti,A,4.39,4.72,2.84,3.60,3.13,3.63,3.92,4.03,0.03,5.82,0.70,5.58,0.42,41.83,0.28,C3'-endo
25,5,0.64,U,U,U,0,0,0,1,0,(,0,1,cWW,cW-W,5.22,2.86,1.13,1.39,3.64,4.99,4.93,3.46,BI,anti,A,4.51,4.66,3.07,3.69,3.32,3.66,3.96,4.14,0.03,5.85,0.65,5.63,0.39,38.90,0.28,C3'-endo
26,6,0.67,U,U,U,0,0,0,1,0,(,0,1,cWW,cW-W,5.19,2.79,1.10,1.39,3.47,5.03,4.72,3.52,BI,anti,A,4.40,4.58,2.94,3.63,3.26,3.58,4.05,4.06,0.07,5.79,0.69,5.61,0.38,40.84,0.23,C3'-endo
27,7,0.69,A,A,A,1,0,0,0,0,(,0,1,cWW,cW-W,5.16,2.95,1.01,1.45,3.58,5.05,4.81,3.54,BI,anti,A,4.32,4.59,2.97,3.78,3.22,3.73,4.00,4.05,0.10,5.81,0.65,5.67,0.32,38.11,0.18,C3'-endo
28,8,0.72,G,G,G,0,0,1,0,0,(,0,1,cWW,cW-W,5.08,2.83,1.17,1.34,3.55,5.02,4.82,3.37,BI,anti,A,4.67,4.70,2.91,3.65,3.22,3.62,3.89,4.07,0.04,5.81,0.70,5.59,0.41,41.42,0.26,C3'-endo
29,9,0.74,G,G,G,0,0,1,0,0,(,0,1,cWW,cW-W,5.32,2.91,0.96,1.41,3.67,4.93,5.02,3.40,BI,anti,A,4.51,4.65,3.08,3.68,3.32,3.69,4.06,4.08,0.06,5.82,0.67,5.63,0.37,39.44,0.23,C3'-endo
30,10,0.77,U,U,U,0,0,0,1,0,(,0,1,cWW,cW-W,5.19,3.02,0.86,1.41,3.68,5.02,4.95,3.51,BI,anti,A,4.42,4.69,2.91,3.78,3.11,3.81,3.74,4.28,0.11,5.78,0.68,5.65,0.33,39.56,0.16,C3'-endo
31,11,0.79,G,G,G,0,0,1,0,0,(,0,1,cWW,cW-W,5.26,2.95,0.89,1.36,3.60,4.98,4.90,3.50,BI,anti,A,4.44,4.63,2.91,3.66,3.17,3.68,3.93,4.18,0.03,5.83,0.68,5.60,0.41,40.49,0.28,C3'-endo
32,12,0.82,C,C,C,0,1,0,0,0,(,0,1,cWW,cW-W,5.18,2.97,0.97,1.36,3.59,5.05,4.82,3.49,BI,anti,A,4.49,4.66,2.93,3.73,3.15,3.72,3.90,4.13,0.03,5.84,0.67,5.62,0.40,39.68,0.28,C3'-endo
33,13,0.85,G,G,G,0,0,1,0,0,(,0,1,cWW,cW-W,5.18,3.09,0.85,1.38,3.71,5.02,4.98,3.43,BI,anti,A,4.55,4.71,2.93,3.76,3.12,3.81,3.79,4.31,0.04,5.84,0.66,5.63,0.39,39.28,0.27,C3'-endo
34,14,0.87,C,C,C,0,1,0,0,0,(,0,1,cWW,cW-W,5.26,2.87,1.02,1.33,3.48,5.07,4.69,3.51,BI,anti,A,4.39,4.58,2.96,3.60,3.26,3.59,4.04,3.84,0.02,5.84,0.68,5.59,0.43,41.01,0.30,C3'-endo
35,15,0.90,U,U,U,0,0,0,1,0,(,0,1,cWW,cW-W,5.05,3.30,0.95,1.38,3.76,4.84,5.20,3.58,BI,anti,A,4.11,4.59,3.06,3.64,3.17,3.70,3.54,4.22,0.02,5.86,0.64,5.63,0.40,38.63,0.30,C3'-endo
36,16,0.92,U,U,U,0,0,0,1,0,(,0,1,cWW,cW-W,5.38,2.79,0.88,1.39,3.55,4.96,4.87,3.63,BI,anti,.,4.14,4.54,2.91,4.16,3.16,3.95,3.87,4.37,0.04,5.85,0.64,5.65,0.38,38.14,0.27,C3'-endo
37,17,0.95,G,G,G,0,0,1,0,0,(,0,1,cWW,cW-W,2.40,3.55,3.27,1.48,3.75,4.94,5.09,3.25,BI,anti,A,4.67,4.68,2.85,3.23,3.15,3.33,3.98,3.81,0.13,5.80,0.63,5.71,0.28,36.63,0.12,C3'-endo
38,18,0.97,G,G,G,0,0,1,0,0,(,0,1,cWW,cW-W,5.21,3.09,0.84,1.40,3.70,5.06,4.92,3.40,BI,anti,A,4.54,4.66,2.95,3.80,3.14,3.85,3.77,4.43,0.08,5.81,0.66,5.65,0.35,38.65,0.21,C3'-endo
39,19,1.00,C,C,C,0,1,0,0,0,(,0,1,cWW,cW-W,5.27,3.00,0.95,1.42,,,,3.52,n/a,anti,-,,,,,,,,,0.01,5.90,0.60,5.67,0.38,36.02,0.31,C3'-endo
