index_chain,old_nt_resnum,nt_position,nt_name,nt_code,nt_align_code,is_A,is_C,is_G,is_U,is_other,dbn,paired,nb_interact,pair_type_LW,pair_type_DSSR,alpha,beta,gamma,delta,epsilon,zeta,epsilon_zeta,chi,bb_type,glyco_bond,form,ssZp,Dp,eta,theta,eta_prime,theta_prime,eta_base,theta_base,v0,v1,v2,v3,v4,amplitude,phase_angle,puckering
1,286,0.03,G,G,G,0,0,1,0,0,(,29,1,cWW,cW-W,,2.37,2.88,1.42,3.58,4.96,4.91,3.33,BI,anti,A,4.62,4.65,,3.30,,3.36,,3.91,0.10,5.81,0.65,5.67,0.33,37.92,0.18,C3'-endo
2,287,0.07,G,G,G,0,0,1,0,0,(,28,1,cWW,cW-W,3.04,3.40,2.71,1.44,3.88,4.96,5.21,3.19,BI,anti,A,4.75,4.75,2.71,3.58,3.04,3.59,3.84,4.12,0.13,5.79,0.65,5.69,0.29,37.38,0.13,C3'-endo
3,288,0.10,A,A,A,1,0,0,0,0,(,27,1,cWW,cW-W,5.12,3.05,0.94,1.42,3.76,5.03,5.01,3.40,BI,anti,A,4.58,4.71,2.90,3.83,3.14,3.85,3.92,4.36,0.09,5.82,0.65,5.67,0.33,37.87,0.20,C3'-endo
4,289,0.13,C,C,C,0,1,0,0,0,(,26,1,cWW,cW-W,5.20,2.86,1.06,1.38,3.69,5.08,4.90,3.45,BI,anti,A,4.49,4.65,2.94,3.80,3.25,3.78,4.07,4.28,0.02,5.86,0.65,5.63,0.40,38.65,0.29,C3'-endo
5,290,0.17,U,U,U,0,0,0,1,0,(,25,1,cWW,cW-W,5.16,2.97,0.99,1.37,3.70,5.05,4.93,3.44,BI,anti,A,4.49,4.64,2.92,3.76,3.19,3.78,4.00,4.42,0.01,5.87,0.64,5.63,0.40,38.48,0.31,C3'-endo
6,291,0.20,U,U,U,0,0,0,1,0,(,24,1,cWW,cW-W,5.20,2.95,0.95,1.39,4.09,4.88,5.50,3.57,..,anti,.,4.14,4.71,2.99,3.92,3.23,4.02,4.08,3.70,0.01,5.88,0.62,5.65,0.40,37.51,0.31,C3'-endo
7,292,0.23,A,A,A,1,0,0,0,0,.,,0,,,5.29,3.32,0.52,2.50,4.51,1.40,3.11,4.30,..,anti,.,0.96,1.01,3.12,1.90,3.42,1.07,3.17,0.54,5.87,0.63,5.68,0.38,0.02,36.77,2.78,C2'-endo
8,293,0.27,U,U,U,0,0,0,1,0,.,,0,,,1.25,3.00,1.18,2.61,4.50,5.59,5.19,4.11,..,anti,.,0.90,0.93,0.18,5.91,0.56,5.56,0.85,6.25,5.94,0.61,5.65,0.45,6.21,36.92,2.93,C2'-endo
9,294,0.30,A,A,A,1,0,0,0,0,(,23,1,cWW,cW-W,4.87,3.42,1.18,1.51,4.07,4.86,5.49,3.24,..,anti,A,4.65,4.72,2.94,3.99,3.71,4.02,3.83,4.40,0.12,5.82,0.60,5.73,0.27,34.73,0.13,C3'-endo
10,295,0.33,G,G,G,0,0,1,0,0,(,22,1,cWW,cW-W,5.19,2.96,0.82,1.38,3.42,5.01,4.69,3.50,BI,anti,.,4.42,4.56,2.73,4.07,3.02,3.91,3.73,4.20,0.04,5.86,0.64,5.65,0.38,37.88,0.27,C3'-endo
11,296,0.37,A,A,A,1,0,0,0,0,(,21,1,cWW,cW-W,2.62,3.55,3.18,1.41,3.91,4.94,5.25,3.19,BI,anti,A,4.72,4.73,2.94,3.38,3.22,3.47,3.89,3.98,0.08,5.83,0.64,5.66,0.34,37.77,0.21,C3'-endo
12,297,0.40,U,U,U,0,0,0,1,0,(,20,1,cWW,cW-W,5.20,2.77,1.25,1.39,3.75,5.07,4.97,3.38,BI,anti,.,4.51,4.61,3.05,3.86,3.37,3.90,4.10,4.93,6.26,5.91,0.61,5.64,0.42,37.31,0.36,C3'-endo
13,298,0.43,G,G,G,0,0,1,0,0,.,18,1,tSH,tm-M,5.20,2.87,1.01,1.53,4.24,4.40,6.12,3.66,..,anti,.,3.85,4.70,3.08,3.86,3.42,4.07,4.70,4.61,0.12,5.84,0.58,5.76,0.26,33.52,0.12,C3'-endo
14,299,0.47,G,G,G,0,0,1,0,0,.,,0,,,5.69,2.37,1.06,2.57,4.32,5.22,5.38,4.36,..,anti,.,1.32,1.32,3.20,5.37,3.91,4.71,4.47,5.13,5.91,0.62,5.67,0.42,6.25,36.75,2.86,C2'-endo
15,300,0.50,C,C,C,0,1,0,0,0,.,,0,,,5.33,4.01,1.14,2.52,4.23,0.96,3.27,4.22,..,anti,.,1.36,1.39,3.97,1.12,4.79,1.07,4.77,1.31,5.90,0.61,5.69,0.39,6.28,35.47,2.82,C2'-endo
16,301,0.53,U,U,U,0,0,0,1,0,.,,0,,,4.02,3.85,1.06,2.56,4.72,1.32,3.41,3.95,..,anti,.,0.54,0.65,3.12,2.21,3.50,1.61,3.29,1.91,5.93,0.60,5.67,0.43,6.23,36.35,2.90,C2'-endo
17,302,0.57,A,A,A,1,0,0,0,0,.,,0,,,1.35,3.47,3.26,2.54,4.28,3.60,0.68,1.62,..,...,.,-0.88,1.25,3.25,2.48,2.96,2.93,3.33,2.48,5.91,0.60,5.69,0.40,6.26,35.70,2.85,C2'-endo
18,303,0.60,A,A,A,1,0,0,0,0,.,13,1,tHS,tM-m,4.85,3.16,0.76,2.54,4.60,4.88,6.01,5.04,..,anti,.,0.38,0.86,3.54,5.03,3.53,4.73,3.05,5.12,5.88,0.63,5.67,0.40,6.28,36.91,2.82,C2'-endo
19,304,0.63,A,A,A,1,0,0,0,0,.,,0,,,5.03,2.11,3.13,2.56,3.97,1.54,2.42,4.06,..,anti,.,1.68,1.67,5.04,0.06,5.43,0.55,5.44,1.68,5.94,0.59,5.68,0.42,6.23,35.48,2.90,C2'-endo
20,305,0.67,A,A,A,1,0,0,0,0,),12,1,cWW,cW-W,4.79,3.36,1.01,1.48,3.69,5.12,4.85,3.17,BI,anti,A,4.65,4.65,3.46,3.93,3.57,3.98,3.11,4.34,0.16,5.78,0.64,5.71,0.26,36.98,0.08,C3'-endo
21,306,0.70,U,U,U,0,0,0,1,0,),11,1,cWW,cW-W,5.13,3.21,0.95,1.42,3.64,4.97,4.96,3.41,BI,anti,A,4.52,4.62,3.02,3.67,3.27,3.69,3.91,4.06,0.06,5.84,0.63,5.67,0.35,37.17,0.24,C3'-endo
22,307,0.73,C,C,C,0,1,0,0,0,),10,1,cWW,cW-W,5.10,2.89,1.19,1.40,3.66,5.06,4.89,3.40,BI,anti,A,4.49,4.60,3.01,3.80,3.25,3.91,3.84,4.41,0.01,5.88,0.62,5.65,0.39,37.27,0.31,C3'-endo
23,308,0.77,U,U,U,0,0,0,1,0,),9,1,cWW,cW-W,5.22,3.02,1.23,2.64,4.89,2.51,2.38,4.03,BII,anti,.,0.27,0.41,3.63,3.01,4.18,2.74,4.70,3.63,5.88,0.67,5.61,0.46,6.24,39.98,2.87,C2'-endo
24,309,0.80,G,G,G,0,0,1,0,0,),6,1,cWW,cW-W,4.99,2.20,0.94,1.41,3.71,5.08,4.91,3.24,BI,anti,A,4.57,4.59,3.21,4.00,3.35,3.90,4.34,4.52,6.27,5.90,0.60,5.66,0.40,36.70,0.34,C3'-endo
25,310,0.83,A,A,A,1,0,0,0,0,),5,1,cWW,cW-W,5.12,2.99,1.00,1.42,3.78,4.80,5.26,3.42,BI,anti,A,4.51,4.67,2.92,3.65,3.22,3.67,4.26,4.12,0.05,5.86,0.62,5.68,0.35,36.56,0.25,C3'-endo
26,311,0.87,G,G,G,0,0,1,0,0,),4,1,cWW,cW-W,5.24,2.88,0.93,1.43,3.85,4.79,5.34,3.43,BI,anti,A,4.52,4.72,2.94,3.73,3.12,3.74,3.78,4.07,0.09,5.82,0.64,5.68,0.33,37.43,0.19,C3'-endo
27,312,0.90,U,U,U,0,0,0,1,0,),3,1,cWW,cW-W,5.37,2.76,0.93,1.40,3.81,4.84,5.25,3.50,BI,anti,A,4.39,4.67,2.96,3.75,3.19,3.75,3.77,4.26,0.03,5.86,0.63,5.65,0.38,37.51,0.28,C3'-endo
28,313,0.93,C,C,C,0,1,0,0,0,),2,1,cWW,cW-W,5.38,2.82,0.87,1.42,3.34,4.80,4.82,3.57,BI,anti,A,4.26,4.44,2.88,3.87,3.18,3.74,3.98,4.12,0.01,5.89,0.60,5.67,0.38,36.28,0.31,C3'-endo
29,314,0.97,C,C,C,0,1,0,0,0,),1,1,cWW,cW-W,3.11,3.65,2.57,1.42,4.00,5.00,5.28,3.29,BI,anti,.,4.64,4.73,2.79,3.83,3.04,3.88,3.73,5.03,0.07,5.84,0.63,5.68,0.34,36.98,0.22,C3'-endo
30,315,1.00,A,A,A,1,0,0,0,0,.,,0,,,5.43,3.32,0.82,2.46,,,,1.18,n/a,syn,-,,,,,,,,,5.81,0.67,5.68,0.35,0.07,37.96,2.70,C2'-endo
