index_chain,old_nt_resnum,nt_position,nt_name,nt_code,nt_align_code,is_A,is_C,is_G,is_U,is_other,dbn,paired,nb_interact,pair_type_LW,pair_type_DSSR,alpha,beta,gamma,delta,epsilon,zeta,epsilon_zeta,chi,bb_type,glyco_bond,form,ssZp,Dp,eta,theta,eta_prime,theta_prime,eta_base,theta_base,v0,v1,v2,v3,v4,amplitude,phase_angle,puckering
1,28,0.01,G,G,G,0,0,1,0,0,(,98,1,cWW,cW-W,,3.18,2.91,1.53,3.27,5.08,4.48,3.35,BI,anti,A,4.32,4.39,,3.37,,3.41,,3.79,0.19,5.76,0.65,5.73,0.24,37.26,0.04,C3'-endo
2,29,0.01,G,G,G,0,0,1,0,0,(,97,1,cWW,cW-W,3.83,3.61,1.84,1.39,3.75,4.96,5.07,3.41,BI,anti,A,4.43,4.64,2.81,3.77,3.06,3.72,3.64,4.19,0.04,5.82,0.69,5.60,0.41,41.06,0.27,C3'-endo
3,30,0.02,A,A,A,1,0,0,0,0,(,96,1,cWW,cW-W,5.11,2.97,1.00,1.40,4.10,5.09,5.30,3.43,..,anti,A,4.44,4.78,2.97,3.92,3.16,3.88,3.89,4.29,0.08,5.77,0.72,5.60,0.38,42.27,0.21,C3'-endo
4,31,0.03,G,G,G,0,0,1,0,0,(,95,1,cWW,cW-W,4.66,2.18,2.04,1.41,3.69,4.36,5.60,3.03,BI,anti,A,4.54,4.62,2.94,3.53,3.31,3.64,4.12,3.82,0.06,5.80,0.70,5.61,0.39,41.43,0.24,C3'-endo
5,32,0.03,G,G,G,0,0,1,0,0,(,94,1,cWW,cW-W,0.86,2.25,0.01,2.60,4.69,4.73,6.24,4.16,..,anti,.,0.70,0.68,3.60,5.25,4.01,4.70,4.18,4.74,5.92,0.66,5.60,0.49,6.20,40.00,2.94,C2'-endo
6,33,0.04,U,U,U,0,0,0,1,0,.,,0,,,0.02,3.79,0.65,2.45,4.27,2.13,2.15,4.16,..,anti,.,1.38,1.42,4.37,1.64,5.14,1.22,5.40,1.27,5.81,0.68,5.66,0.37,0.06,39.17,2.73,C2'-endo
7,34,0.04,C,C,C,0,1,0,0,0,(,93,1,cWW,cW-W,4.73,4.14,4.67,1.39,3.60,4.97,4.91,3.45,BI,anti,A,4.44,4.57,1.72,2.55,1.51,2.90,1.47,3.46,6.26,5.86,0.68,5.57,0.47,41.73,0.36,C3'-endo
8,35,0.05,A,A,A,1,0,0,0,0,(,92,1,cWW,cW-W,5.15,2.99,1.00,1.39,3.50,5.01,4.77,3.47,BI,anti,A,4.37,4.51,2.98,3.60,3.19,3.60,3.76,4.01,6.28,5.85,0.68,5.59,0.44,41.16,0.32,C3'-endo
9,36,0.06,A,A,A,1,0,0,0,0,(,91,1,cWW,cW-W,5.16,3.05,0.95,1.43,3.66,5.09,4.85,3.55,BI,anti,A,4.28,4.59,3.02,3.81,3.21,3.82,3.82,4.31,0.04,5.83,0.67,5.62,0.39,39.80,0.26,C3'-endo
10,37,0.06,C,C,C,0,1,0,0,0,(,90,1,cWW,cW-W,5.17,3.04,0.84,1.36,3.31,4.94,4.66,3.55,BI,anti,A,4.30,4.50,2.85,3.89,3.15,3.78,3.95,4.14,0.05,5.79,0.72,5.57,0.42,42.86,0.26,C3'-endo
11,38,0.07,A,A,A,1,0,0,0,0,(,89,1,cWW,cW-W,2.80,3.55,2.98,1.38,4.31,4.91,5.68,3.24,..,anti,A,4.62,4.79,2.97,3.77,3.17,3.83,3.80,4.59,0.10,5.80,0.67,5.66,0.33,38.83,0.17,C3'-endo
12,39,0.08,U,U,U,0,0,0,1,0,(,88,1,cWW,cW-W,5.30,2.83,0.84,1.39,3.58,4.92,4.94,3.47,BI,anti,A,4.46,4.61,2.70,3.60,3.07,3.58,4.13,3.67,0.06,5.80,0.70,5.60,0.40,41.49,0.25,C3'-endo
13,40,0.08,C,C,C,0,1,0,0,0,(,87,1,cWW,cW-W,5.25,2.99,0.87,1.35,4.26,3.17,1.10,3.49,BII,anti,.,4.13,4.68,3.08,2.01,3.16,2.62,3.38,2.86,6.23,5.88,0.67,5.56,0.49,41.75,0.39,C3'-endo
14,41,0.09,A,A,A,1,0,0,0,0,.,,0,,,4.83,3.08,0.91,2.72,4.74,1.00,3.75,3.53,..,anti,.,0.92,0.95,3.67,2.02,3.53,1.71,3.00,1.06,6.19,0.47,5.65,0.60,5.96,37.15,3.32,C3'-exo
15,42,0.10,A,A,A,1,0,0,0,0,.,"46,51",2,"tWW,tHW","tW+W,tM-W",3.07,4.16,1.43,2.59,4.79,3.64,1.15,5.33,BII,anti,.,0.42,0.63,2.78,4.90,3.07,3.68,2.70,2.79,5.83,0.71,5.61,0.43,0.02,41.21,2.79,C2'-endo
16,43,0.10,G,G,G,0,0,1,0,0,.,,0,,,1.58,3.28,0.88,2.38,5.03,3.28,1.75,1.65,BII,...,.,-0.85,0.61,0.07,4.88,0.84,4.63,1.57,4.69,5.70,0.76,5.66,0.30,0.18,42.61,2.57,C2'-endo
17,44,0.11,A,A,A,1,0,0,0,0,.,48,1,tHH,tM+M,1.49,5.85,4.12,2.55,3.59,3.30,0.28,3.76,..,anti,.,1.42,1.94,5.91,0.98,5.98,1.38,5.66,1.00,5.80,0.69,5.64,0.38,0.06,40.17,2.73,C2'-endo
18,45,0.12,A,A,A,1,0,0,0,0,.,"47,50",2,"tWW,tHW","tW+W,tM-W",4.88,2.22,0.96,2.30,4.47,4.60,6.15,2.69,..,anti,.,0.34,1.36,2.83,4.66,2.82,4.38,2.37,4.62,5.68,0.72,5.72,0.23,0.23,40.66,2.49,C1'-exo
19,46,0.12,C,C,C,0,1,0,0,0,(,42,1,cWW,cW-W,5.30,3.54,0.78,1.39,3.56,5.01,4.84,3.47,BI,anti,A,4.43,4.61,3.27,3.56,3.69,3.63,4.05,3.99,0.04,5.81,0.70,5.59,0.42,41.64,0.27,C3'-endo
20,47,0.13,U,U,U,0,0,0,1,0,(,41,1,cWW,cW-W,5.17,3.01,0.95,1.37,3.50,5.01,4.78,3.49,BI,anti,A,4.42,4.58,2.91,3.58,3.12,3.56,3.67,3.81,0.02,5.82,0.70,5.58,0.43,41.77,0.29,C3'-endo
21,48,0.13,G,G,G,0,0,1,0,0,(,40,1,cWW,cW-W,5.17,3.03,0.97,1.34,3.65,5.08,4.86,3.34,BI,anti,A,4.59,4.64,2.97,3.74,3.14,3.79,3.61,4.50,6.26,5.85,0.69,5.56,0.47,42.21,0.35,C3'-endo
22,49,0.14,U,U,U,0,0,0,1,0,(,39,1,cWW,cW-W,5.17,2.98,1.01,1.41,3.59,4.96,4.92,3.40,BI,anti,.,4.56,4.63,2.95,3.63,3.26,3.62,4.27,3.89,0.07,5.80,0.68,5.62,0.37,40.19,0.22,C3'-endo
23,50,0.15,G,G,G,0,0,1,0,0,(,38,1,cWW,cW-W,5.09,3.21,0.91,1.38,3.81,4.98,5.12,3.24,BI,anti,A,4.71,4.72,2.99,3.77,3.10,3.85,3.55,4.44,0.06,5.80,0.70,5.60,0.39,40.99,0.24,C3'-endo
24,51,0.15,G,G,G,0,0,1,0,0,(,37,1,cWW,cW-W,5.08,2.92,1.14,1.41,3.70,4.98,5.01,3.28,BI,anti,A,4.63,4.65,2.93,3.75,3.24,3.71,4.11,4.08,0.05,5.82,0.68,5.62,0.39,40.10,0.25,C3'-endo
25,52,0.16,G,G,G,0,0,1,0,0,(,36,1,cWW,cW-W,4.76,3.07,1.27,1.39,3.73,4.96,5.06,3.35,BI,anti,A,4.59,4.67,2.88,3.72,3.08,3.71,3.73,4.18,0.04,5.82,0.69,5.60,0.41,40.91,0.27,C3'-endo
26,53,0.17,C,C,C,0,1,0,0,0,(,35,1,cWW,cW-W,5.00,3.05,1.07,1.37,3.68,5.01,4.95,3.45,BI,anti,A,4.49,4.66,2.89,3.73,3.10,3.75,3.83,4.29,0.05,5.80,0.70,5.60,0.40,41.31,0.25,C3'-endo
27,54,0.17,C,C,C,0,1,0,0,0,.,34,1,cWW,cW-W,5.13,3.03,1.04,1.42,3.97,5.12,5.13,3.41,BI,anti,.,4.46,4.68,3.05,4.10,3.26,4.16,4.01,5.03,0.07,5.82,0.66,5.64,0.36,38.95,0.23,C3'-endo
28,55,0.18,U,U,U,0,0,0,1,0,.,33,1,tSW,tm+W,5.15,2.82,1.02,1.43,,,,3.43,..,anti,-,,,,,,,,,0.10,5.79,0.67,5.66,0.33,38.80,0.18,C3'-endo
29,not resolved,0.19,-,-,-,0,0,0,0,1,,,0,,,,,,,,,,,,,,,,,,,,,,,,,,,,,
30,not resolved,0.19,-,-,-,0,0,0,0,1,,,0,,,,,,,,,,,,,,,,,,,,,,,,,,,,,
31,not resolved,0.20,-,-,-,0,0,0,0,1,,,0,,,,,,,,,,,,,,,,,,,,,,,,,,,,,
32,not resolved,0.21,-,-,-,0,0,0,0,1,,,0,,,,,,,,,,,,,,,,,,,,,,,,,,,,,
33,60,0.21,U,U,U,0,0,0,1,0,.,28,1,tWS,tW+m,,1.37,2.82,1.41,3.94,5.14,5.08,0.25,BI,syn,.,-4.59,4.69,,2.98,,3.36,,3.06,0.07,5.82,0.66,5.64,0.36,39.05,0.23,C3'-endo
34,61,0.22,U,U,U,0,0,0,1,0,.,27,1,cWW,cW-W,5.20,2.91,0.97,1.45,4.00,5.25,5.03,3.40,BI,anti,.,4.55,4.75,2.91,4.28,3.32,4.34,3.26,5.14,0.12,5.78,0.67,5.67,0.31,38.93,0.14,C3'-endo
35,62,0.22,G,G,G,0,0,1,0,0,),26,1,cWW,cW-W,5.15,2.94,0.95,1.41,3.67,4.94,5.02,3.41,BI,anti,A,4.55,4.64,2.75,3.69,3.28,3.69,4.55,4.15,0.07,5.81,0.68,5.62,0.38,39.99,0.23,C3'-endo
36,63,0.23,C,C,C,0,1,0,0,0,),25,1,cWW,cW-W,5.08,3.05,0.98,1.42,3.71,4.99,5.00,3.47,BI,anti,A,4.49,4.68,2.91,3.76,3.10,3.77,3.80,4.20,0.11,5.77,0.69,5.63,0.34,40.33,0.17,C3'-endo
37,64,0.24,C,C,C,0,1,0,0,0,),24,1,cWW,cW-W,5.06,2.99,1.03,1.41,3.69,4.99,4.99,3.40,BI,anti,A,4.57,4.66,2.89,3.76,3.13,3.78,3.85,4.45,0.07,5.80,0.69,5.62,0.38,40.44,0.23,C3'-endo
38,65,0.24,U,U,U,0,0,0,1,0,),23,1,cWW,cW-W,5.09,2.98,1.04,1.50,3.65,4.97,4.96,3.40,BI,anti,A,4.53,4.64,2.92,3.78,3.21,3.73,4.18,3.93,0.18,5.74,0.67,5.70,0.26,38.59,0.06,C3'-endo
39,66,0.25,A,A,A,1,0,0,0,0,),22,1,cWW,cW-W,4.95,3.13,1.03,1.43,3.62,5.05,4.85,3.31,BI,anti,A,4.56,4.60,2.90,3.74,3.09,3.76,3.58,4.30,0.04,5.83,0.67,5.62,0.39,39.63,0.26,C3'-endo
40,67,0.26,U,U,U,0,0,0,1,0,),21,1,cWW,cW-W,5.05,3.03,1.08,1.41,3.50,4.92,4.87,3.42,BI,anti,A,4.55,4.61,2.92,3.53,3.21,3.49,4.06,3.55,0.08,5.80,0.68,5.63,0.36,40.04,0.21,C3'-endo
41,68,0.26,A,A,A,1,0,0,0,0,),20,1,cWW,cW-W,5.00,3.14,1.00,1.39,3.61,5.01,4.88,3.43,BI,anti,A,4.53,4.64,2.93,3.66,3.03,3.67,3.29,4.02,0.04,5.82,0.68,5.61,0.40,40.54,0.27,C3'-endo
42,69,0.27,G,G,G,0,0,1,0,0,),19,1,cWW,cW-W,5.09,2.95,1.09,1.36,3.30,5.13,4.46,3.43,BI,anti,.,4.49,4.51,2.90,4.04,3.18,3.89,3.82,4.34,0.02,5.82,0.70,5.58,0.43,41.97,0.29,C3'-endo
43,70,0.28,A,A,A,1,0,0,0,0,.,,0,,,2.89,3.43,2.98,1.46,3.87,3.05,0.81,3.24,BII,anti,.,4.65,4.69,2.99,1.52,3.30,1.71,4.16,2.11,0.16,5.76,0.68,5.68,0.28,39.00,0.09,C3'-endo
44,71,0.28,A,A,A,1,0,0,0,0,.,,0,,,5.17,2.68,0.69,1.41,3.98,5.14,5.12,3.30,BI,anti,.,4.58,4.68,3.19,4.16,2.99,4.19,2.54,4.90,0.03,5.84,0.67,5.62,0.41,39.87,0.29,C3'-endo
45,72,0.29,C,C,C,0,1,0,0,0,.,88,1,cSS,cm-m,5.01,3.08,0.94,1.43,3.88,4.96,5.21,3.48,BI,anti,A,4.34,4.61,2.81,3.84,3.16,3.91,4.19,4.47,0.04,5.83,0.66,5.62,0.39,39.52,0.27,C3'-endo
46,73,0.29,U,U,U,0,0,0,1,0,.,15,1,tWW,tW+W,5.10,2.98,0.97,1.46,4.43,4.17,0.25,3.51,..,anti,.,4.04,4.67,3.07,4.08,3.28,3.85,3.98,3.50,0.06,5.82,0.66,5.64,0.37,39.12,0.24,C3'-endo
47,74,0.30,U,U,U,0,0,0,1,0,.,"18,50",2,"tWW,cSW","tW+W,cm-W",1.64,4.04,3.61,1.42,4.49,3.91,0.58,3.63,..,anti,.,3.60,4.62,2.77,2.52,2.86,2.94,2.70,2.51,0.01,5.86,0.66,5.61,0.42,39.64,0.32,C3'-endo
48,75,0.31,A,A,A,1,0,0,0,0,.,17,1,tHH,tM+M,5.23,2.86,0.74,2.44,4.96,2.44,2.53,4.86,BII,anti,.,0.43,0.38,3.57,2.60,3.52,1.99,2.88,2.30,5.73,0.77,5.60,0.38,0.11,43.81,2.68,C2'-endo
49,76,0.31,U,U,U,0,0,0,1,0,.,,0,,,5.71,3.80,1.53,2.43,3.31,1.98,1.33,4.05,..,anti,.,1.76,2.09,5.41,1.05,5.69,0.24,5.67,0.24,5.93,0.60,5.67,0.43,6.23,36.30,2.90,C2'-endo
50,77,0.32,A,A,A,1,0,0,0,0,.,"18,47",2,"tWH,cWS","tW-M,cW-m",5.59,4.82,5.13,1.52,3.47,4.82,4.93,3.71,BI,anti,.,4.14,4.61,3.37,2.26,3.65,2.64,3.87,2.76,0.16,5.77,0.66,5.71,0.27,37.76,0.08,C3'-endo
51,78,0.33,A,A,A,1,0,0,0,0,.,15,1,tWH,tW-M,4.99,3.26,0.87,1.37,1.11,1.34,6.06,3.70,..,anti,.,2.81,3.07,3.38,3.52,3.43,3.46,3.29,3.70,0.06,5.79,0.70,5.60,0.39,41.06,0.23,C3'-endo
52,79,0.33,C,C,C,0,1,0,0,0,(,86,1,cWW,cW-W,3.08,2.48,3.10,1.41,3.29,1.66,1.63,1.22,..,syn,.,-2.36,4.17,4.31,5.47,4.24,5.39,4.59,5.10,6.27,5.90,0.60,5.64,0.41,36.96,0.36,C3'-endo
53,80,0.34,G,G,G,0,0,1,0,0,(,85,1,cWW,cW-W,5.07,2.82,5.19,2.57,4.74,4.35,0.39,4.97,..,anti,.,0.22,0.75,1.86,4.29,2.57,4.06,3.09,4.39,5.92,0.64,5.62,0.47,6.21,38.89,2.92,C2'-endo
54,81,0.35,A,A,A,1,0,0,0,0,.,,0,,,5.93,3.44,1.52,2.59,4.12,6.24,4.17,4.17,..,anti,.,0.38,1.23,4.67,0.36,5.56,6.20,5.47,0.58,5.75,0.76,5.58,0.41,0.07,43.88,2.73,C2'-endo
55,82,0.35,A,A,A,1,0,0,0,0,.,,0,,,2.88,3.51,2.65,1.34,4.15,5.03,5.40,3.20,..,anti,.,4.80,4.84,2.63,3.85,3.30,3.92,3.32,4.76,0.12,5.75,0.71,5.62,0.34,41.45,0.15,C3'-endo
56,83,0.36,C,C,C,0,1,0,0,0,.,,0,,,5.42,3.06,0.75,1.40,2.61,4.90,3.99,3.53,BI,anti,.,3.88,3.95,2.97,3.15,3.42,2.76,4.57,2.38,0.13,5.79,0.65,5.69,0.30,37.51,0.14,C3'-endo
57,84,0.37,A,A,A,1,0,0,0,0,(,83,1,cWW,cW-W,2.82,2.95,3.05,1.42,3.82,4.93,5.17,3.29,BI,anti,A,4.59,4.66,2.86,3.15,2.59,3.31,2.34,3.89,0.07,5.79,0.70,5.61,0.38,41.28,0.22,C3'-endo
58,85,0.37,U,U,U,0,0,0,1,0,(,82,1,cWW,cW-W,5.23,2.85,1.01,1.44,3.51,5.05,4.75,3.42,BI,anti,A,4.48,4.55,2.95,3.66,3.25,3.63,3.98,3.97,0.05,5.80,0.70,5.59,0.41,41.43,0.26,C3'-endo
59,86,0.38,G,G,G,0,0,1,0,0,(,81,1,cWW,cW-W,5.12,3.04,1.02,1.39,3.60,4.98,4.90,3.36,BI,anti,A,4.48,4.57,3.00,3.63,3.22,3.64,3.82,3.96,0.04,5.82,0.69,5.60,0.41,40.97,0.27,C3'-endo
60,87,0.38,G,G,G,0,0,1,0,0,(,80,1,cWW,cW-W,5.24,3.15,0.86,1.41,3.69,5.02,4.95,3.43,BI,anti,A,4.38,4.58,3.05,3.72,3.20,3.77,3.70,4.24,0.06,5.80,0.69,5.61,0.39,40.86,0.24,C3'-endo
61,88,0.39,U,U,U,0,0,0,1,0,(,79,1,cWW,cW-W,5.10,3.04,0.95,1.40,3.68,5.05,4.91,3.52,BI,anti,A,4.26,4.61,2.88,3.77,3.12,3.79,3.81,4.29,0.06,5.80,0.69,5.61,0.39,40.69,0.24,C3'-endo
62,89,0.40,U,U,U,0,0,0,1,0,(,78,1,cWW,cW-W,5.18,2.94,0.99,1.34,4.12,4.28,6.12,3.45,..,anti,A,4.31,4.72,2.97,3.85,3.21,3.72,3.95,4.04,0.03,5.80,0.72,5.56,0.44,43.29,0.29,C3'-endo
63,90,0.40,C,C,C,0,1,0,0,0,(,77,1,cWW,cW-W,1.65,4.08,3.82,1.56,3.99,4.85,5.42,3.34,BI,anti,A,4.52,4.74,3.07,3.82,3.18,3.75,3.77,4.26,0.34,5.67,0.66,5.81,0.09,38.43,6.09,C2'-exo
64,91,0.41,U,U,U,0,0,0,1,0,(,76,1,cWW,cW-W,2.69,3.57,2.92,1.40,4.35,5.70,4.93,3.35,..,anti,.,4.46,4.78,2.60,4.11,3.02,3.84,3.83,4.05,0.15,5.73,0.72,5.63,0.32,41.73,0.12,C3'-endo
65,92,0.42,U,U,U,0,0,0,1,0,.,75,1,cWW,cW-W,4.12,1.56,2.88,1.44,4.00,5.11,5.17,3.35,BI,anti,.,4.52,4.73,2.98,3.09,3.12,3.41,3.61,4.11,0.18,5.74,0.68,5.70,0.26,39.03,0.06,C3'-endo
66,93,0.42,G,G,G,0,0,1,0,0,(,74,1,cWW,cW-W,5.28,3.00,0.94,1.42,4.02,4.61,5.69,3.37,..,anti,.,4.35,4.59,3.02,4.11,3.38,3.93,4.24,4.28,6.28,5.85,0.68,5.58,0.44,41.20,0.33,C3'-endo
67,94,0.43,C,C,C,0,1,0,0,0,.,,0,,,1.68,3.73,3.91,1.52,4.36,5.48,5.17,3.37,..,anti,.,4.47,4.79,2.91,4.05,3.06,4.46,3.70,5.37,0.24,5.71,0.68,5.73,0.20,38.93,6.25,C2'-exo
68,95,0.44,C,C,C,0,1,0,0,0,.,,0,,,5.41,2.94,1.09,2.54,4.29,3.93,0.36,3.97,..,anti,.,1.12,1.16,3.14,4.29,4.18,3.47,5.26,2.82,5.90,0.64,5.64,0.44,6.25,38.42,2.87,C2'-endo
69,96,0.44,U,U,U,0,0,0,1,0,.,,0,,,0.82,3.45,0.94,1.52,3.69,5.10,4.87,3.32,BI,anti,A,4.64,4.67,5.39,3.90,5.74,3.95,6.22,4.47,0.22,5.73,0.66,5.72,0.22,38.10,6.28,C2'-exo
70,97,0.45,U,U,U,0,0,0,1,0,.,,0,,,5.08,3.26,0.83,1.42,3.80,4.85,5.23,3.47,BI,anti,A,4.51,4.73,2.93,3.67,3.15,3.76,3.92,4.11,0.15,5.75,0.69,5.66,0.30,39.91,0.11,C3'-endo
71,98,0.46,U,U,U,0,0,0,1,0,.,,0,,,5.21,3.14,0.85,1.41,3.34,4.81,4.82,3.45,BI,anti,A,4.45,4.49,2.95,3.90,3.12,3.85,3.63,4.39,0.07,5.82,0.66,5.65,0.36,38.75,0.22,C3'-endo
72,99,0.46,U,U,U,0,0,0,1,0,.,,0,,,3.00,3.77,2.65,1.43,4.23,5.25,5.27,3.32,..,anti,.,4.55,4.73,2.91,4.28,3.18,4.30,4.00,5.20,0.12,5.78,0.67,5.67,0.31,38.71,0.15,C3'-endo
73,100,0.47,A,A,A,1,0,0,0,0,.,,0,,,5.18,2.98,0.86,1.37,3.97,4.96,5.30,3.57,BI,anti,.,4.21,4.75,2.69,4.46,3.23,4.32,4.58,4.50,0.12,5.76,0.72,5.62,0.35,41.78,0.16,C3'-endo
74,101,0.47,C,C,C,0,1,0,0,0,),66,1,cWW,cW-W,1.93,3.69,4.13,1.44,3.70,5.16,4.82,3.40,BI,anti,.,4.53,4.61,3.27,3.03,3.51,3.33,4.06,4.03,6.28,5.86,0.66,5.61,0.43,39.87,0.33,C3'-endo
75,102,0.48,C,C,C,0,1,0,0,0,.,65,1,cWW,cW-W,5.09,3.45,0.83,1.47,3.92,5.14,5.06,3.50,BI,anti,A,4.19,4.64,3.15,4.02,3.34,4.22,4.01,4.34,0.12,5.79,0.66,5.67,0.31,38.26,0.15,C3'-endo
76,103,0.49,A,A,A,1,0,0,0,0,),64,1,cWW,cW-W,5.24,3.33,0.83,2.39,3.08,4.43,4.93,4.55,BI,anti,.,2.40,2.19,2.82,4.08,3.45,3.42,3.69,3.91,5.82,0.67,5.67,0.36,0.06,38.34,2.72,C2'-endo
77,104,0.49,G,G,G,0,0,1,0,0,),63,1,cWW,cW-W,2.51,3.00,2.95,1.36,3.59,5.02,4.85,3.40,BI,anti,A,4.45,4.58,2.34,3.12,2.37,3.24,3.20,3.70,0.05,5.79,0.72,5.57,0.42,42.73,0.26,C3'-endo
78,105,0.50,A,A,A,1,0,0,0,0,),62,1,cWW,cW-W,5.30,3.02,0.96,1.41,3.71,4.88,5.11,3.46,BI,anti,A,4.37,4.60,3.08,3.67,3.29,3.71,3.87,4.10,0.06,5.81,0.68,5.61,0.39,40.47,0.25,C3'-endo
79,106,0.51,A,A,A,1,0,0,0,0,),61,1,cWW,cW-W,5.23,3.05,0.87,1.43,3.68,5.01,4.95,3.60,BI,anti,A,4.25,4.65,2.95,3.76,3.13,3.78,3.70,4.25,0.07,5.81,0.67,5.63,0.37,39.43,0.23,C3'-endo
80,107,0.51,C,C,C,0,1,0,0,0,),60,1,cWW,cW-W,5.22,2.82,1.07,1.44,3.83,5.55,4.57,3.50,BI,anti,.,4.24,4.58,2.99,4.19,3.28,4.00,4.01,4.35,0.04,5.80,0.72,5.57,0.42,42.58,0.27,C3'-endo
81,108,0.52,C,C,C,0,1,0,0,0,),59,1,cWW,cW-W,4.00,2.21,2.54,1.47,3.98,4.64,5.63,3.34,..,anti,.,4.37,4.57,3.09,3.60,3.32,3.56,4.01,4.01,0.06,5.82,0.66,5.64,0.36,39.03,0.23,C3'-endo
82,109,0.53,A,A,A,1,0,0,0,0,),58,1,cWW,cW-W,2.31,3.79,3.28,1.37,3.81,4.88,5.21,3.28,BI,anti,A,4.51,4.64,2.69,3.24,3.06,3.31,3.81,3.80,0.02,5.85,0.67,5.62,0.41,39.88,0.30,C3'-endo
83,110,0.53,U,U,U,0,0,0,1,0,),57,1,cWW,cW-W,5.30,2.87,0.98,1.38,3.77,5.09,4.96,3.44,BI,anti,A,4.37,4.61,2.98,3.89,3.21,3.90,3.89,4.57,0.05,5.81,0.68,5.62,0.39,40.30,0.25,C3'-endo
84,111,0.54,C,C,C,0,1,0,0,0,.,,0,,,5.20,3.00,0.96,1.45,3.53,4.95,4.86,3.47,BI,anti,A,4.41,4.54,2.94,3.55,3.26,3.55,4.23,3.80,0.03,5.83,0.69,5.60,0.42,41.28,0.28,C3'-endo
85,112,0.54,C,C,C,0,1,0,0,0,),53,1,cWW,cW-W,5.09,3.16,0.86,1.44,3.60,5.80,4.08,3.55,BI,anti,.,4.24,4.57,2.97,4.43,3.08,4.27,3.49,4.61,0.10,5.77,0.70,5.62,0.36,41.02,0.19,C3'-endo
86,113,0.55,G,G,G,0,0,1,0,0,),52,1,cWW,cW-W,3.40,2.53,2.72,1.31,3.83,4.99,5.12,3.17,BI,anti,.,4.75,4.73,2.73,3.21,3.15,3.36,3.94,3.92,0.08,5.76,0.74,5.57,0.39,43.57,0.21,C3'-endo
87,114,0.56,G,G,G,0,0,1,0,0,),13,1,cWW,cW-W,5.42,3.13,0.90,1.37,3.49,4.91,4.87,3.26,BI,anti,.,4.68,4.62,3.16,3.47,3.38,3.51,4.07,3.70,0.06,5.77,0.74,5.56,0.42,43.73,0.25,C3'-endo
88,115,0.56,G,G,G,0,0,1,0,0,),"12,45",2,"cWW,cSS","cW-W,cm-m",5.32,3.10,0.96,1.40,3.78,4.96,5.11,3.50,BI,anti,A,4.38,4.67,3.22,3.77,3.31,3.83,3.57,4.41,0.05,5.80,0.71,5.59,0.41,41.95,0.26,C3'-endo
89,116,0.57,U,U,U,0,0,0,1,0,),11,1,cWW,cW-W,5.24,2.94,0.92,1.44,3.62,5.06,4.85,3.43,BI,anti,A,4.47,4.60,2.92,3.78,3.20,3.77,4.04,4.15,0.04,5.82,0.67,5.62,0.39,39.65,0.26,C3'-endo
90,117,0.58,G,G,G,0,0,1,0,0,),10,1,cWW,cW-W,5.20,3.10,0.88,1.42,3.67,4.96,5.00,3.38,BI,anti,A,4.43,4.58,2.97,3.66,3.20,3.70,3.85,4.20,0.02,5.84,0.67,5.61,0.41,40.15,0.29,C3'-endo
91,118,0.58,U,U,U,0,0,0,1,0,),9,1,cWW,cW-W,5.19,3.04,0.87,1.43,3.64,4.99,4.93,3.49,BI,anti,A,4.38,4.62,2.89,3.71,3.11,3.73,3.83,4.21,0.10,5.78,0.70,5.62,0.36,40.98,0.19,C3'-endo
92,119,0.59,U,U,U,0,0,0,1,0,),8,1,cWW,cW-W,5.20,2.95,0.99,1.41,3.61,5.03,4.86,3.46,BI,anti,A,4.45,4.64,2.92,3.73,3.18,3.72,3.94,4.12,0.09,5.79,0.69,5.63,0.36,40.35,0.20,C3'-endo
93,120,0.60,G,G,G,0,0,1,0,0,),7,1,cWW,cW-W,5.17,2.97,1.03,1.40,3.59,5.13,4.74,3.36,BI,anti,A,4.50,4.59,2.98,3.79,3.23,3.81,3.92,4.52,0.04,5.82,0.69,5.60,0.41,40.98,0.27,C3'-endo
94,121,0.60,U,U,U,0,0,0,1,0,),5,1,cWW,cW-W,5.11,3.02,1.02,1.49,3.64,4.98,4.94,3.48,BI,anti,A,4.37,4.57,2.97,3.73,3.30,3.70,4.33,4.05,0.12,5.77,0.69,5.64,0.33,40.21,0.16,C3'-endo
95,122,0.61,C,C,C,0,1,0,0,0,),4,1,cWW,cW-W,5.09,3.01,0.97,1.43,3.66,4.98,4.96,3.52,BI,anti,A,4.32,4.59,2.91,3.68,3.13,3.68,3.74,4.01,0.05,5.81,0.70,5.60,0.40,41.21,0.26,C3'-endo
96,123,0.62,U,U,U,0,0,0,1,0,),3,1,cWW,cW-W,5.13,3.07,0.93,1.42,3.60,5.06,4.83,3.46,BI,anti,A,4.36,4.57,2.93,3.69,3.12,3.72,3.67,4.18,0.06,5.81,0.69,5.61,0.39,40.73,0.25,C3'-endo
97,124,0.62,C,C,C,0,1,0,0,0,),2,1,cWW,cW-W,5.11,3.18,0.86,1.38,3.42,4.84,4.86,3.54,BI,anti,A,4.35,4.55,2.91,3.94,3.13,3.87,3.82,4.34,0.09,5.78,0.71,5.62,0.37,41.54,0.20,C3'-endo
98,125,0.63,C,C,C,0,1,0,0,0,),1,1,cWW,cW-W,2.68,3.74,3.02,1.46,3.96,4.42,5.82,3.27,..,anti,A,4.61,4.73,2.93,3.87,3.24,3.78,4.06,4.28,0.16,5.75,0.69,5.67,0.29,39.66,0.10,C3'-endo
99,126,0.63,A,A,A,1,0,0,0,0,.,,0,,,2.80,4.04,2.74,1.40,4.43,4.26,0.17,3.31,..,anti,.,4.41,4.74,2.79,3.90,3.14,3.78,3.90,4.02,0.07,5.81,0.66,5.64,0.36,38.90,0.22,C3'-endo
100,127,0.64,U,U,U,0,0,0,1,0,.,,0,,,1.45,4.23,4.21,2.62,,,,4.42,..,anti,-,,,,,,,,,6.11,0.51,5.65,0.55,6.05,36.30,3.19,C3'-exo
101,not resolved,0.65,-,-,-,0,0,0,0,1,,,0,,,,,,,,,,,,,,,,,,,,,,,,,,,,,
102,not resolved,0.65,-,-,-,0,0,0,0,1,,,0,,,,,,,,,,,,,,,,,,,,,,,,,,,,,
103,not resolved,0.66,-,-,-,0,0,0,0,1,,,0,,,,,,,,,,,,,,,,,,,,,,,,,,,,,
104,not resolved,0.67,-,-,-,0,0,0,0,1,,,0,,,,,,,,,,,,,,,,,,,,,,,,,,,,,
105,not resolved,0.67,-,-,-,0,0,0,0,1,,,0,,,,,,,,,,,,,,,,,,,,,,,,,,,,,
106,not resolved,0.68,-,-,-,0,0,0,0,1,,,0,,,,,,,,,,,,,,,,,,,,,,,,,,,,,
107,not resolved,0.69,-,-,-,0,0,0,0,1,,,0,,,,,,,,,,,,,,,,,,,,,,,,,,,,,
108,not resolved,0.69,-,-,-,0,0,0,0,1,,,0,,,,,,,,,,,,,,,,,,,,,,,,,,,,,
109,not resolved,0.70,-,-,-,0,0,0,0,1,,,0,,,,,,,,,,,,,,,,,,,,,,,,,,,,,
110,not resolved,0.71,-,-,-,0,0,0,0,1,,,0,,,,,,,,,,,,,,,,,,,,,,,,,,,,,
111,not resolved,0.71,-,-,-,0,0,0,0,1,,,0,,,,,,,,,,,,,,,,,,,,,,,,,,,,,
112,not resolved,0.72,-,-,-,0,0,0,0,1,,,0,,,,,,,,,,,,,,,,,,,,,,,,,,,,,
113,not resolved,0.72,-,-,-,0,0,0,0,1,,,0,,,,,,,,,,,,,,,,,,,,,,,,,,,,,
114,not resolved,0.73,-,-,-,0,0,0,0,1,,,0,,,,,,,,,,,,,,,,,,,,,,,,,,,,,
115,not resolved,0.74,-,-,-,0,0,0,0,1,,,0,,,,,,,,,,,,,,,,,,,,,,,,,,,,,
116,not resolved,0.74,-,-,-,0,0,0,0,1,,,0,,,,,,,,,,,,,,,,,,,,,,,,,,,,,
117,not resolved,0.75,-,-,-,0,0,0,0,1,,,0,,,,,,,,,,,,,,,,,,,,,,,,,,,,,
118,not resolved,0.76,-,-,-,0,0,0,0,1,,,0,,,,,,,,,,,,,,,,,,,,,,,,,,,,,
119,not resolved,0.76,-,-,-,0,0,0,0,1,,,0,,,,,,,,,,,,,,,,,,,,,,,,,,,,,
120,not resolved,0.77,-,-,-,0,0,0,0,1,,,0,,,,,,,,,,,,,,,,,,,,,,,,,,,,,
121,not resolved,0.78,-,-,-,0,0,0,0,1,,,0,,,,,,,,,,,,,,,,,,,,,,,,,,,,,
122,not resolved,0.78,-,-,-,0,0,0,0,1,,,0,,,,,,,,,,,,,,,,,,,,,,,,,,,,,
123,not resolved,0.79,-,-,-,0,0,0,0,1,,,0,,,,,,,,,,,,,,,,,,,,,,,,,,,,,
124,not resolved,0.79,-,-,-,0,0,0,0,1,,,0,,,,,,,,,,,,,,,,,,,,,,,,,,,,,
125,not resolved,0.80,-,-,-,0,0,0,0,1,,,0,,,,,,,,,,,,,,,,,,,,,,,,,,,,,
126,not resolved,0.81,-,-,-,0,0,0,0,1,,,0,,,,,,,,,,,,,,,,,,,,,,,,,,,,,
127,not resolved,0.81,-,-,-,0,0,0,0,1,,,0,,,,,,,,,,,,,,,,,,,,,,,,,,,,,
128,not resolved,0.82,-,-,-,0,0,0,0,1,,,0,,,,,,,,,,,,,,,,,,,,,,,,,,,,,
129,not resolved,0.83,-,-,-,0,0,0,0,1,,,0,,,,,,,,,,,,,,,,,,,,,,,,,,,,,
130,not resolved,0.83,-,-,-,0,0,0,0,1,,,0,,,,,,,,,,,,,,,,,,,,,,,,,,,,,
131,not resolved,0.84,-,-,-,0,0,0,0,1,,,0,,,,,,,,,,,,,,,,,,,,,,,,,,,,,
132,not resolved,0.85,-,-,-,0,0,0,0,1,,,0,,,,,,,,,,,,,,,,,,,,,,,,,,,,,
133,not resolved,0.85,-,-,-,0,0,0,0,1,,,0,,,,,,,,,,,,,,,,,,,,,,,,,,,,,
134,not resolved,0.86,-,-,-,0,0,0,0,1,,,0,,,,,,,,,,,,,,,,,,,,,,,,,,,,,
135,not resolved,0.87,-,-,-,0,0,0,0,1,,,0,,,,,,,,,,,,,,,,,,,,,,,,,,,,,
136,163,0.87,C,C,C,0,1,0,0,0,.,,0,,,,1.65,4.53,2.56,4.49,3.71,0.78,4.21,..,anti,.,1.04,0.99,,3.19,,3.27,,3.90,5.91,0.64,5.63,0.46,6.23,38.71,2.90,C2'-endo
137,164,0.88,C,C,C,0,1,0,0,0,.,,0,,,0.15,3.54,5.03,2.50,4.33,3.02,1.31,0.97,BII,syn,.,-1.20,1.21,3.38,2.75,3.31,2.52,3.85,2.02,5.85,0.66,5.66,0.40,0.02,38.24,2.78,C2'-endo
138,165,0.88,A,A,A,1,0,0,0,0,.,,0,,,6.07,1.81,4.66,2.57,4.96,1.69,3.27,5.19,..,anti,.,-0.31,0.67,1.81,1.80,1.60,1.79,1.37,2.62,6.03,0.54,5.68,0.48,6.14,34.57,3.05,C2'-endo
139,166,0.89,U,U,U,0,0,0,1,0,.,,0,,,5.04,2.81,0.24,1.42,3.03,4.51,4.80,3.72,BI,anti,.,4.03,4.28,2.93,2.61,2.90,2.80,3.83,3.06,6.27,5.86,0.68,5.58,0.45,41.26,0.35,C3'-endo
140,167,0.90,A,A,A,1,0,0,0,0,.,,0,,,5.40,3.75,0.58,1.66,3.48,5.05,4.70,3.39,BI,anti,.,4.25,4.29,3.47,3.59,3.15,3.83,2.90,4.19,0.12,5.87,0.54,5.80,0.23,30.89,0.11,C3'-endo
141,168,0.90,U,U,U,0,0,0,1,0,.,,0,,,4.94,4.04,1.12,1.48,3.88,3.56,0.32,4.11,..,anti,.,2.52,4.38,3.82,2.47,3.76,2.94,3.74,3.36,6.16,6.02,0.52,5.68,0.46,34.22,0.53,C3'-endo
142,169,0.91,U,U,U,0,0,0,1,0,.,,0,,,5.62,3.34,1.03,2.39,4.59,4.61,6.26,4.25,..,anti,.,1.00,1.06,4.50,5.37,4.19,4.50,3.62,4.15,5.81,0.66,5.71,0.32,0.09,37.11,2.67,C2'-endo
143,170,0.92,U,U,U,0,0,0,1,0,.,,0,,,1.30,3.08,3.17,1.55,4.29,2.64,1.65,4.44,BII,anti,.,0.84,4.12,1.23,1.33,1.86,1.70,2.14,2.17,6.07,6.10,0.48,5.67,0.52,35.07,0.67,C4'-exo
144,171,0.92,U,U,U,0,0,0,1,0,.,,0,,,5.24,1.97,1.58,2.35,4.44,5.51,5.22,3.76,..,anti,.,1.49,1.44,4.08,5.78,4.25,4.80,4.17,4.04,5.75,0.68,5.72,0.27,0.16,38.15,2.57,C2'-endo
145,172,0.93,U,U,U,0,0,0,1,0,.,,0,,,2.84,3.15,1.28,2.00,3.80,2.21,1.59,5.39,..,anti,.,0.13,2.15,0.71,1.37,1.75,1.55,1.99,2.12,5.61,0.63,5.92,6.27,0.44,38.75,2.13,C1'-exo
146,173,0.94,U,U,U,0,0,0,1,0,.,,0,,,4.61,2.62,1.57,2.79,5.15,2.54,2.61,4.49,BII,anti,.,0.10,0.18,4.20,1.91,4.28,1.38,4.14,1.77,5.98,0.64,5.57,0.56,6.12,41.18,3.04,C2'-endo
147,174,0.94,G,G,G,0,0,1,0,0,.,,0,,,4.68,5.22,4.73,1.51,4.05,4.92,5.41,3.44,BI,anti,.,4.49,4.77,3.21,3.07,2.59,2.78,2.48,2.82,0.23,5.73,0.65,5.75,0.20,37.03,6.26,C2'-exo
148,175,0.95,G,G,G,0,0,1,0,0,.,,0,,,1.53,3.16,1.19,2.52,4.50,1.18,3.33,4.46,..,anti,.,1.22,1.09,5.89,1.92,0.25,1.33,6.04,1.51,5.91,0.64,5.64,0.45,6.24,38.31,2.88,C2'-endo
149,176,0.96,A,A,A,1,0,0,0,0,.,,0,,,1.68,3.68,3.09,1.43,3.42,5.03,4.67,3.36,BI,anti,.,4.47,4.51,2.71,3.90,2.74,3.91,2.96,4.74,0.03,5.83,0.67,5.61,0.40,40.00,0.28,C3'-endo
150,177,0.96,A,A,A,1,0,0,0,0,.,,0,,,2.90,3.94,2.79,1.48,3.83,4.99,5.12,3.43,BI,anti,A,4.49,4.66,2.90,3.76,3.52,3.62,4.81,4.23,0.10,5.80,0.66,5.67,0.32,38.38,0.17,C3'-endo
151,178,0.97,C,C,C,0,1,0,0,0,.,,0,,,4.86,2.92,1.23,1.46,3.68,5.11,4.86,3.49,BI,anti,A,4.39,4.63,2.82,3.90,3.15,3.83,4.12,4.17,0.12,5.78,0.67,5.67,0.31,38.57,0.14,C3'-endo
152,179,0.97,U,U,U,0,0,0,1,0,.,,0,,,4.94,3.06,1.01,1.37,3.50,5.07,4.71,3.53,BI,anti,A,4.37,4.55,2.76,3.63,3.06,3.61,3.77,3.88,0.00,5.85,0.68,5.59,0.44,41.15,0.32,C3'-endo
153,180,0.98,U,U,U,0,0,0,1,0,.,,0,,,5.10,3.12,0.92,1.33,3.41,4.90,4.80,3.50,BI,anti,A,4.43,4.54,2.89,3.36,3.08,3.36,3.59,3.49,6.25,5.86,0.69,5.56,0.47,42.20,0.36,C3'-endo
154,181,0.99,U,U,U,0,0,0,1,0,.,,0,,,5.16,2.98,1.08,1.34,3.71,5.02,4.98,3.48,BI,anti,.,4.45,4.66,3.05,3.73,3.15,3.79,3.39,4.45,0.01,5.83,0.70,5.58,0.44,41.97,0.31,C3'-endo
155,182,0.99,U,U,U,0,0,0,1,0,.,,0,,,5.12,3.01,1.10,1.46,3.85,5.08,5.05,3.41,BI,anti,.,4.49,4.68,3.06,4.01,3.33,4.03,4.21,4.84,0.15,5.76,0.68,5.68,0.29,38.95,0.11,C3'-endo
156,183,1.00,C,C,C,0,1,0,0,0,.,,0,,,5.14,2.94,0.96,1.48,,,,3.52,n/a,anti,-,,,,,,,,,0.18,5.74,0.67,5.71,0.25,38.32,0.05,C3'-endo
