index_chain,old_nt_resnum,nt_position,nt_name,nt_code,nt_align_code,is_A,is_C,is_G,is_U,is_other,dbn,paired,nb_interact,pair_type_LW,pair_type_DSSR,alpha,beta,gamma,delta,epsilon,zeta,epsilon_zeta,chi,bb_type,glyco_bond,form,ssZp,Dp,eta,theta,eta_prime,theta_prime,eta_base,theta_base,v0,v1,v2,v3,v4,amplitude,phase_angle,puckering
1,2,0.11,G,G,G,0,0,1,0,0,.,,0,,,,3.57,2.55,1.41,4.14,4.91,5.51,2.97,..,anti,.,4.76,4.77,,3.81,,3.88,,4.42,0.07,5.84,0.63,5.67,0.34,37.06,0.23,C3'-endo
2,3,0.22,C,C,C,0,1,0,0,0,.,,0,,,5.20,3.38,0.81,1.49,3.85,4.93,5.21,3.46,BI,anti,.,4.37,4.63,3.10,4.42,3.29,4.32,3.96,5.10,0.08,5.87,0.57,5.74,0.29,33.22,0.19,C3'-endo
3,4,0.33,C,C,C,0,1,0,0,0,.,,0,,,2.70,3.60,2.88,1.41,4.21,5.38,5.11,3.60,..,anti,.,4.02,4.79,2.61,4.22,3.06,4.25,4.20,5.44,0.11,5.80,0.66,5.67,0.31,38.07,0.16,C3'-endo
4,5,0.44,C,C,C,0,1,0,0,0,.,,0,,,5.20,3.28,0.81,1.44,3.65,5.16,4.77,0.60,BI,syn,.,-3.79,4.27,2.84,3.83,3.34,3.89,4.73,3.42,6.12,6.07,0.48,5.70,0.47,32.90,0.60,C3'-endo
5,6,0.56,A,A,A,1,0,0,0,0,.,,0,,,4.93,2.90,1.08,1.35,3.69,5.05,4.93,3.40,BI,anti,A,4.49,4.61,2.73,3.74,3.10,3.73,2.93,4.29,6.22,5.92,0.62,5.61,0.46,39.06,0.41,C3'-endo
6,7,0.67,U,U,U,0,0,0,1,0,.,,0,,,5.06,3.13,0.92,1.28,3.94,5.07,5.15,3.51,BI,anti,.,4.31,4.75,2.84,3.90,3.03,4.02,3.86,4.66,0.15,5.69,0.79,5.57,0.35,45.46,0.13,C3'-endo
7,8,0.78,U,U,U,0,0,0,1,0,.,,0,,,5.49,2.90,1.04,1.33,3.73,4.96,5.06,3.53,BI,anti,.,4.37,4.71,3.14,4.36,3.50,4.33,4.43,5.03,0.05,5.83,0.66,5.63,0.38,39.13,0.26,C3'-endo
8,9,0.89,A,A,A,1,0,0,0,0,.,,0,,,2.69,3.89,2.96,1.39,4.54,4.86,5.96,3.17,..,anti,.,4.63,4.77,2.95,3.87,3.43,3.90,4.56,4.85,0.07,5.83,0.64,5.67,0.34,37.56,0.22,C3'-endo
9,10,1.00,G,G,G,0,0,1,0,0,.,,0,,,5.09,2.43,1.28,1.45,,,,3.23,n/a,anti,-,,,,,,,,,0.06,5.85,0.62,5.68,0.34,36.58,0.23,C3'-endo
