index_chain,old_nt_resnum,nt_position,nt_name,nt_code,nt_align_code,is_A,is_C,is_G,is_U,is_other,dbn,paired,nb_interact,pair_type_LW,pair_type_DSSR,alpha,beta,gamma,delta,epsilon,zeta,epsilon_zeta,chi,bb_type,glyco_bond,form,ssZp,Dp,eta,theta,eta_prime,theta_prime,eta_base,theta_base,v0,v1,v2,v3,v4,amplitude,phase_angle,puckering
1,2,0.05,U,U,U,0,0,0,1,0,.,,0,,,,2.30,1.01,1.61,4.70,2.15,2.55,3.44,BII,anti,.,3.56,4.01,,1.57,,1.43,,1.67,6.18,6.09,0.39,5.82,0.36,26.13,0.54,C3'-endo
2,3,0.09,G,G,G,0,0,1,0,0,(,0,1,cWW,cW-W,3.53,2.58,1.44,1.49,3.56,5.12,4.72,3.22,BI,anti,A,4.53,4.54,2.44,3.85,2.74,3.71,3.07,4.03,0.06,5.87,0.59,5.71,0.32,34.51,0.23,C3'-endo
3,4,0.14,C,C,C,0,1,0,0,0,(,0,1,cWW,cW-W,4.70,3.21,1.21,1.42,3.92,4.73,5.47,3.44,BI,anti,.,4.45,4.68,2.92,3.60,3.14,3.61,3.78,4.03,0.05,5.85,0.63,5.66,0.36,37.40,0.25,C3'-endo
4,5,0.18,G,G,G,0,0,1,0,0,(,0,1,cWW,cW-W,4.88,2.71,1.28,1.38,3.94,4.82,5.40,3.08,BI,anti,.,4.80,4.78,2.80,3.73,2.98,3.68,3.66,3.75,0.17,5.73,0.71,5.65,0.29,40.98,0.10,C3'-endo
5,6,0.23,U,U,U,0,0,0,1,0,.,"0,0",2,"cWW,cWW","cW-W,cW-W",5.08,3.00,1.07,1.28,3.67,5.19,4.76,3.32,BI,anti,.,4.63,4.68,2.87,3.79,3.02,3.86,3.39,4.44,0.07,5.77,0.74,5.57,0.41,43.55,0.24,C3'-endo
6,7,0.27,C,C,C,0,1,0,0,0,(,0,1,cWW,cW-W,5.19,3.06,1.18,1.34,4.14,4.56,5.87,3.21,..,anti,A,4.72,4.79,3.23,3.76,3.50,3.85,4.35,4.40,0.07,5.80,0.70,5.60,0.39,41.47,0.24,C3'-endo
7,8,0.32,1MA,a,A,0,0,0,0,1,.,,0,,,5.73,2.50,0.67,1.39,3.74,4.93,5.10,3.34,BI,anti,A,4.69,4.75,2.84,3.81,3.13,3.81,3.98,4.41,0.14,5.75,0.69,5.65,0.31,39.99,0.12,C3'-endo
8,9,0.36,C,C,C,0,1,0,0,0,(,0,1,cWW,cW-W,5.37,3.03,0.83,1.40,3.89,4.78,5.39,3.49,BI,anti,A,4.39,4.71,3.08,3.71,3.25,3.74,4.10,4.07,0.05,5.84,0.65,5.64,0.37,38.52,0.26,C3'-endo
9,10,0.41,G,G,G,0,0,1,0,0,(,0,1,cWW,cW-W,5.41,2.73,0.85,1.37,3.68,5.02,4.95,3.34,BI,anti,A,4.55,4.59,2.87,3.75,3.09,3.74,3.66,4.16,6.25,5.91,0.61,5.63,0.43,37.88,0.38,C3'-endo
10,11,0.45,U,U,U,0,0,0,1,0,(,0,1,cWW,cW-W,5.19,3.05,0.88,1.36,3.66,4.91,5.03,3.60,BI,anti,A,4.24,4.61,2.91,3.58,3.12,3.64,3.79,4.18,6.28,5.88,0.64,5.63,0.42,38.65,0.33,C3'-endo
11,12,0.50,C,C,C,0,1,0,0,0,(,0,1,cWW,cW-W,5.25,2.97,0.90,1.40,3.58,4.98,4.88,3.38,BI,anti,A,4.55,4.61,2.92,3.64,3.13,3.61,3.88,3.87,0.06,5.82,0.66,5.64,0.36,38.87,0.23,C3'-endo
12,13,0.55,G,G,G,0,0,1,0,0,(,0,1,cWW,cW-W,5.08,3.08,0.89,1.41,3.61,4.89,5.00,3.51,BI,anti,A,4.45,4.68,2.83,3.59,2.99,3.64,3.52,4.01,0.11,5.79,0.67,5.66,0.32,38.85,0.16,C3'-endo
13,14,0.59,A,A,A,1,0,0,0,0,(,0,1,cWW,cW-W,5.26,3.02,0.89,1.48,3.65,5.00,4.93,3.28,BI,anti,A,4.55,4.58,3.00,3.81,3.18,3.82,3.74,4.20,0.05,5.87,0.60,5.70,0.33,35.13,0.24,C3'-endo
14,15,0.64,C,C,C,0,1,0,0,0,(,0,1,cWW,cW-W,5.19,3.10,0.86,1.39,3.84,4.95,5.17,3.43,BI,anti,A,4.50,4.69,2.98,3.82,3.17,3.90,3.80,4.41,0.05,5.84,0.65,5.64,0.38,38.68,0.26,C3'-endo
15,16,0.68,G,G,G,0,0,1,0,0,(,0,1,cWW,cW-W,5.26,2.77,1.19,1.51,4.34,5.54,5.08,3.34,..,anti,.,4.03,4.23,3.24,5.13,3.49,4.25,4.17,3.88,6.15,6.07,0.45,5.74,0.43,30.72,0.57,C3'-endo
16,17,0.73,A,A,A,1,0,0,0,0,.,,0,,,2.92,2.11,6.05,2.59,3.35,4.45,5.19,4.04,BI,anti,.,1.95,1.97,4.79,3.92,5.94,3.90,6.14,4.44,6.01,0.54,5.69,0.45,6.16,34.31,3.01,C2'-endo
17,18,0.77,A,A,A,1,0,0,0,0,.,,0,,,5.33,3.62,1.04,2.63,4.06,5.45,4.90,4.76,..,anti,.,0.84,1.53,3.81,5.57,4.10,5.20,4.46,5.90,6.01,0.56,5.67,0.47,6.16,35.34,3.01,C2'-endo
18,19,0.82,G,G,G,0,0,1,0,0,(,0,1,cWW,cW-W,4.72,3.93,0.82,1.45,3.89,4.87,5.30,3.22,BI,anti,A,4.72,4.73,2.92,3.80,3.55,3.95,3.67,4.55,0.08,5.83,0.63,5.68,0.33,36.95,0.21,C3'-endo
19,20,0.86,U,U,U,0,0,0,1,0,.,0,1,cWW,cW-W,5.30,2.87,0.93,1.39,4.02,4.63,5.67,3.61,..,anti,A,4.07,4.70,2.99,3.64,3.22,3.67,3.97,4.17,0.02,5.86,0.65,5.63,0.39,38.61,0.29,C3'-endo
20,21,0.91,C,C,C,0,1,0,0,0,(,0,1,cWW,cW-W,5.23,2.51,1.12,1.42,3.56,4.95,4.88,3.54,BI,anti,A,4.34,4.59,2.77,3.67,3.06,3.58,3.83,3.76,0.05,5.84,0.65,5.65,0.37,38.39,0.25,C3'-endo
21,22,0.95,G,G,G,0,0,1,0,0,(,0,1,cWW,cW-W,5.06,3.29,0.90,1.43,3.72,4.89,5.12,3.49,BI,anti,A,4.38,4.62,3.01,3.69,3.10,3.78,3.48,4.22,0.04,5.85,0.64,5.66,0.37,37.71,0.26,C3'-endo
22,23,1.00,C,C,C,0,1,0,0,0,(,0,1,cWW,cW-W,5.37,2.90,0.95,1.45,,,,3.67,..,anti,-,,,,,,,,,0.01,5.90,0.59,5.68,0.37,35.37,0.31,C3'-endo
