index_chain,old_nt_resnum,nt_position,nt_name,nt_code,nt_align_code,is_A,is_C,is_G,is_U,is_other,dbn,paired,nb_interact,pair_type_LW,pair_type_DSSR,alpha,beta,gamma,delta,epsilon,zeta,epsilon_zeta,chi,bb_type,glyco_bond,form,ssZp,Dp,eta,theta,eta_prime,theta_prime,eta_base,theta_base,v0,v1,v2,v3,v4,amplitude,phase_angle,puckering
1,1,0.08,C,C,C,0,1,0,0,0,(,0,1,cWW,cW-W,,2.87,0.65,1.42,3.76,5.24,4.80,3.46,BI,anti,A,4.48,4.69,,4.01,,4.03,,4.50,0.08,5.82,0.64,5.67,0.34,37.60,0.20,C3'-endo
2,2,0.17,G,G,G,0,0,1,0,0,(,0,1,cWW,cW-W,5.06,3.04,1.02,1.35,3.36,5.04,4.59,3.60,BI,anti,.,4.20,4.39,2.84,3.99,3.22,3.79,4.02,4.17,6.19,5.96,0.59,5.62,0.47,37.81,0.46,C3'-endo
3,3,0.25,G,G,G,0,0,1,0,0,(,0,1,cWW,cW-W,2.48,3.42,3.31,1.41,3.64,5.02,4.91,3.31,BI,anti,.,4.57,4.61,2.93,3.66,3.14,3.57,3.86,4.02,0.04,5.86,0.63,5.66,0.37,37.36,0.27,C3'-endo
4,4,0.33,G,G,G,0,0,1,0,0,(,0,1,cWW,cW-W,2.46,3.38,3.31,1.43,3.78,4.84,5.22,3.22,BI,anti,A,4.67,4.69,2.80,3.09,3.09,3.25,3.85,3.75,0.09,5.82,0.64,5.68,0.33,37.44,0.19,C3'-endo
5,5,0.42,A,A,A,1,0,0,0,0,(,0,1,cWW,cW-W,5.27,2.91,0.96,1.42,4.04,4.84,5.48,3.41,BI,anti,.,4.50,4.75,3.07,4.23,3.24,4.04,3.81,4.28,0.08,5.83,0.64,5.67,0.34,37.63,0.21,C3'-endo
6,6,0.50,U,U,U,0,0,0,1,0,(,0,1,cWW,cW-W,1.27,3.74,4.50,1.55,3.40,4.87,4.81,3.40,BI,anti,A,4.49,4.55,3.12,3.22,3.28,3.38,3.93,3.82,0.24,5.75,0.60,5.80,0.15,34.59,6.21,C2'-exo
7,7,0.58,G,G,G,0,0,1,0,0,(,0,1,cWW,cW-W,2.92,3.80,2.67,1.36,4.07,4.58,5.78,3.14,..,anti,A,4.71,4.74,2.77,3.58,3.12,3.58,3.72,4.01,0.04,5.84,0.66,5.63,0.38,38.99,0.26,C3'-endo
8,8,0.67,U,U,U,0,0,0,1,0,(,0,1,cWW,cW-W,5.70,2.65,0.70,1.36,3.78,4.82,5.25,3.47,BI,anti,A,4.45,4.69,2.99,3.68,3.20,3.69,3.85,4.18,0.02,5.85,0.65,5.63,0.40,38.91,0.29,C3'-endo
9,9,0.75,C,C,C,0,1,0,0,0,(,0,1,cWW,cW-W,5.40,2.85,0.80,1.38,3.58,5.07,4.79,3.59,BI,anti,A,4.32,4.66,2.89,3.72,3.10,3.73,3.85,4.10,0.08,5.80,0.68,5.64,0.35,39.57,0.21,C3'-endo
10,10,0.83,A,A,A,1,0,0,0,0,(,0,1,cWW,cW-W,5.26,3.05,0.95,1.40,3.63,5.17,4.75,3.69,BI,anti,A,4.07,4.63,3.05,3.84,3.28,3.86,3.87,4.47,0.04,5.85,0.64,5.65,0.37,37.77,0.26,C3'-endo
11,11,0.92,C,C,C,0,1,0,0,0,(,0,1,cWW,cW-W,5.20,2.97,0.99,1.37,3.21,4.79,4.70,3.69,BI,anti,A,4.13,4.44,2.91,3.71,3.30,3.56,4.22,3.80,0.01,5.86,0.64,5.63,0.40,38.63,0.30,C3'-endo
12,12,1.00,G,G,G,0,0,1,0,0,(,0,1,cWW,cW-W,2.93,3.62,2.81,1.44,,,,3.01,n/a,anti,-,,,,,,,,,0.10,5.82,0.63,5.69,0.31,36.52,0.17,C3'-endo
