index_chain,old_nt_resnum,nt_position,nt_name,nt_code,nt_align_code,is_A,is_C,is_G,is_U,is_other,dbn,paired,nb_interact,pair_type_LW,pair_type_DSSR,alpha,beta,gamma,delta,epsilon,zeta,epsilon_zeta,chi,bb_type,glyco_bond,form,ssZp,Dp,eta,theta,eta_prime,theta_prime,eta_base,theta_base,v0,v1,v2,v3,v4,amplitude,phase_angle,puckering
1,1,0.07,A,A,A,1,0,0,0,0,.,10,1,tHS,tM-m,,3.08,3.12,1.41,4.20,5.40,5.09,3.26,..,anti,.,4.70,4.82,,3.92,,4.09,,5.08,0.10,5.80,0.67,5.66,0.33,38.74,0.18,C3'-endo
2,2,0.13,G,G,G,0,0,1,0,0,(,9,1,cWW,cW-W,4.94,2.96,1.15,1.38,3.87,4.72,5.44,3.39,BI,anti,A,4.55,4.69,2.70,3.58,3.29,3.60,4.67,3.95,0.02,5.87,0.63,5.64,0.39,38.08,0.30,C3'-endo
3,3,0.20,C,C,C,0,1,0,0,0,(,8,1,cWW,cW-W,5.16,2.62,1.24,1.41,4.03,5.33,4.98,3.54,BI,anti,.,4.26,4.70,3.01,4.33,3.21,4.39,3.75,5.16,0.02,5.87,0.63,5.65,0.39,37.74,0.29,C3'-endo
4,4,0.27,A,A,A,1,0,0,0,0,.,7,1,cSW,cm-W,5.03,2.79,1.33,1.43,3.84,4.80,5.32,3.62,BI,anti,.,4.17,4.69,2.91,3.73,3.53,3.79,4.77,5.05,0.06,5.84,0.63,5.68,0.34,36.91,0.23,C3'-endo
5,5,0.33,G,G,G,0,0,1,0,0,.,,0,,,5.39,2.89,1.18,2.50,4.60,3.10,1.50,1.12,BII,syn,.,-0.80,0.82,3.61,3.15,4.00,3.19,5.15,3.54,5.85,0.65,5.68,0.37,0.03,37.34,2.76,C2'-endo
6,6,0.40,U,U,U,0,0,0,1,0,.,,0,,,5.07,2.43,1.31,2.54,4.47,1.22,3.25,4.13,..,anti,.,1.02,1.06,3.91,1.22,4.20,0.87,4.10,0.75,5.91,0.61,5.68,0.41,6.26,36.09,2.85,C2'-endo
7,7,0.47,A,A,A,1,0,0,0,0,.,4,1,cWS,cW-m,4.35,3.29,0.82,2.49,3.60,3.55,0.05,4.79,..,anti,.,1.86,2.02,2.61,3.57,3.06,3.00,2.89,3.68,5.83,0.67,5.67,0.37,0.05,38.24,2.74,C2'-endo
8,8,0.53,G,G,G,0,0,1,0,0,),3,1,cWW,cW-W,1.29,4.22,3.74,1.44,3.99,4.80,5.47,3.35,BI,anti,A,4.59,4.73,3.07,3.09,2.87,3.27,3.72,3.84,0.07,5.84,0.62,5.68,0.34,36.64,0.22,C3'-endo
9,9,0.60,C,C,C,0,1,0,0,0,),2,1,cWW,cW-W,5.28,2.70,1.06,1.43,3.74,5.14,4.88,3.57,BI,anti,.,4.27,4.57,2.92,3.98,3.22,3.97,3.95,4.75,6.24,5.94,0.58,5.67,0.41,35.71,0.39,C3'-endo
10,10,0.67,A,A,A,1,0,0,0,0,.,1,1,tSH,tm-M,5.03,2.96,1.07,1.44,4.18,0.93,3.25,3.41,..,anti,.,4.46,4.77,2.97,0.23,3.31,6.13,4.38,4.43,0.09,5.83,0.63,5.68,0.32,37.01,0.19,C3'-endo
11,11,0.73,A,A,A,1,0,0,0,0,),0,1,cWW,cW-W,3.72,4.17,3.12,1.41,3.87,4.85,5.31,3.40,BI,anti,A,4.57,4.74,4.79,3.49,5.60,3.41,1.04,3.86,0.09,5.81,0.65,5.66,0.33,38.20,0.19,C3'-endo
12,12,0.80,G,G,G,0,0,1,0,0,),0,1,cWW,cW-W,5.21,2.88,0.98,1.42,3.74,4.92,5.10,3.37,BI,anti,A,4.59,4.68,2.92,3.73,3.15,3.73,3.87,4.14,0.07,5.83,0.64,5.67,0.35,37.58,0.22,C3'-endo
13,13,0.87,G,G,G,0,0,1,0,0,),0,1,cWW,cW-W,5.16,2.95,0.98,1.42,3.67,4.90,5.05,3.36,BI,anti,A,4.58,4.65,2.92,3.64,3.14,3.65,3.83,3.97,0.06,5.84,0.64,5.66,0.35,37.46,0.23,C3'-endo
14,14,0.93,A,A,A,1,0,0,0,0,),0,1,cWW,cW-W,5.16,3.00,0.97,1.40,3.74,5.00,5.02,3.30,BI,anti,A,4.65,4.69,2.97,3.77,3.13,3.80,3.69,4.21,0.07,5.83,0.65,5.66,0.35,38.02,0.23,C3'-endo
15,15,1.00,G,G,G,0,0,1,0,0,),0,1,cWW,cW-W,5.12,3.08,0.98,1.40,,,,3.40,n/a,anti,-,,,,,,,,,0.03,5.86,0.63,5.65,0.38,37.43,0.28,C3'-endo
