index_chain,old_nt_resnum,nt_position,nt_name,nt_code,nt_align_code,is_A,is_C,is_G,is_U,is_other,dbn,paired,nb_interact,pair_type_LW,pair_type_DSSR,alpha,beta,gamma,delta,epsilon,zeta,epsilon_zeta,chi,bb_type,glyco_bond,form,ssZp,Dp,eta,theta,eta_prime,theta_prime,eta_base,theta_base,v0,v1,v2,v3,v4,amplitude,phase_angle,puckering
1,3,0.01,C,C,C,0,1,0,0,0,),0,1,cWW,cW-W,,4.15,0.91,1.43,3.68,4.89,5.08,3.27,BI,anti,A,4.61,4.63,,3.65,,3.76,,4.20,0.07,5.84,0.62,5.68,0.34,36.65,0.22,C3'-endo
2,4,0.01,G,G,G,0,0,1,0,0,),0,1,cWW,cW-W,5.10,3.05,0.96,1.45,3.74,4.96,5.07,3.33,BI,anti,A,4.62,4.69,2.95,3.79,3.12,3.81,3.70,4.27,0.11,5.81,0.63,5.70,0.30,36.72,0.16,C3'-endo
3,5,0.02,C,C,C,0,1,0,0,0,),0,1,cWW,cW-W,5.18,3.00,0.95,1.43,3.73,4.97,5.04,3.38,BI,anti,A,4.57,4.68,2.95,3.77,3.18,3.79,3.91,4.20,0.08,5.83,0.64,5.67,0.33,37.26,0.21,C3'-endo
4,6,0.02,U,U,U,0,0,0,1,0,),0,1,cWW,cW-W,5.13,3.04,0.95,1.41,3.70,4.99,4.99,3.42,BI,anti,A,4.55,4.67,2.92,3.75,3.14,3.77,3.81,4.20,0.07,5.83,0.64,5.67,0.34,37.71,0.22,C3'-endo
5,7,0.03,U,U,U,0,0,0,1,0,),0,1,cWW,cW-W,5.15,3.00,0.97,1.39,3.75,4.94,5.09,3.42,BI,anti,A,4.55,4.70,2.93,3.71,3.15,3.72,3.85,4.20,0.06,5.83,0.66,5.64,0.37,38.66,0.24,C3'-endo
6,8,0.03,C,C,C,0,1,0,0,0,),0,1,cWW,cW-W,5.11,2.87,1.09,1.38,3.63,5.05,4.86,3.33,BI,anti,A,4.62,4.66,2.88,3.73,3.14,3.71,3.91,4.03,0.05,5.83,0.66,5.64,0.38,38.97,0.25,C3'-endo
7,9,0.04,U,U,U,0,0,0,1,0,.,,0,,,5.03,3.19,0.98,1.39,3.65,5.03,4.90,3.41,BI,anti,A,4.54,4.64,2.96,3.70,3.14,3.72,3.71,4.26,0.04,5.84,0.65,5.64,0.37,38.28,0.26,C3'-endo
8,10,0.04,C,C,C,0,1,0,0,0,),0,1,cWW,cW-W,5.05,2.98,1.07,1.39,3.62,5.10,4.80,3.30,BI,anti,A,4.63,4.65,2.88,3.77,3.14,3.76,3.96,4.08,0.06,5.83,0.66,5.64,0.37,38.70,0.24,C3'-endo
9,11,0.05,G,G,G,0,0,1,0,0,),0,1,cWW,cW-W,4.98,3.12,1.10,1.37,3.55,5.05,4.78,3.27,BI,anti,A,4.58,4.59,2.94,3.62,3.18,3.62,3.81,3.89,0.01,5.86,0.64,5.63,0.40,38.69,0.31,C3'-endo
10,12,0.05,G,G,G,0,0,1,0,0,),0,1,cWW,cW-W,5.09,3.21,0.94,1.35,3.65,4.95,4.99,3.35,BI,anti,A,4.61,4.65,2.98,3.56,3.12,3.62,3.59,3.99,0.01,5.86,0.66,5.61,0.41,39.52,0.31,C3'-endo
11,13,0.06,C,C,C,0,1,0,0,0,.,0,1,cWW,cW-W,5.10,3.10,0.99,1.39,3.53,4.98,4.83,3.46,BI,anti,A,4.46,4.57,2.96,3.56,3.12,3.58,3.65,3.83,0.02,5.87,0.63,5.65,0.39,37.49,0.30,C3'-endo
12,14,0.07,C,C,C,0,1,0,0,0,.,,0,,,5.10,3.29,0.82,1.42,,,,3.48,..,anti,-,,,,,,,,,0.04,5.86,0.63,5.66,0.37,37.28,0.26,C3'-endo
13,not resolved,0.07,-,-,-,0,0,0,0,1,,,0,,,,,,,,,,,,,,,,,,,,,,,,,,,,,
14,not resolved,0.08,-,-,-,0,0,0,0,1,,,0,,,,,,,,,,,,,,,,,,,,,,,,,,,,,
15,not resolved,0.08,-,-,-,0,0,0,0,1,,,0,,,,,,,,,,,,,,,,,,,,,,,,,,,,,
16,not resolved,0.09,-,-,-,0,0,0,0,1,,,0,,,,,,,,,,,,,,,,,,,,,,,,,,,,,
17,not resolved,0.09,-,-,-,0,0,0,0,1,,,0,,,,,,,,,,,,,,,,,,,,,,,,,,,,,
18,not resolved,0.10,-,-,-,0,0,0,0,1,,,0,,,,,,,,,,,,,,,,,,,,,,,,,,,,,
19,not resolved,0.10,-,-,-,0,0,0,0,1,,,0,,,,,,,,,,,,,,,,,,,,,,,,,,,,,
20,not resolved,0.11,-,-,-,0,0,0,0,1,,,0,,,,,,,,,,,,,,,,,,,,,,,,,,,,,
21,not resolved,0.12,-,-,-,0,0,0,0,1,,,0,,,,,,,,,,,,,,,,,,,,,,,,,,,,,
22,not resolved,0.12,-,-,-,0,0,0,0,1,,,0,,,,,,,,,,,,,,,,,,,,,,,,,,,,,
23,not resolved,0.13,-,-,-,0,0,0,0,1,,,0,,,,,,,,,,,,,,,,,,,,,,,,,,,,,
24,not resolved,0.13,-,-,-,0,0,0,0,1,,,0,,,,,,,,,,,,,,,,,,,,,,,,,,,,,
25,not resolved,0.14,-,-,-,0,0,0,0,1,,,0,,,,,,,,,,,,,,,,,,,,,,,,,,,,,
26,not resolved,0.14,-,-,-,0,0,0,0,1,,,0,,,,,,,,,,,,,,,,,,,,,,,,,,,,,
27,not resolved,0.15,-,-,-,0,0,0,0,1,,,0,,,,,,,,,,,,,,,,,,,,,,,,,,,,,
28,30,0.15,A,A,A,1,0,0,0,0,.,,0,,,,2.29,1.96,1.59,4.23,4.12,0.11,2.21,..,...,.,3.16,4.73,,4.23,,3.96,,3.53,0.23,5.74,0.64,5.75,0.19,36.74,6.26,C2'-exo
29,31,0.16,G,G,G,0,0,1,0,0,.,0,1,cWW,cW-W,1.31,1.48,2.42,1.42,3.70,5.12,4.86,3.32,BI,anti,A,4.62,4.66,5.43,3.17,5.76,3.27,5.62,3.83,0.10,5.78,0.69,5.64,0.34,40.11,0.18,C3'-endo
30,32,0.16,U,U,U,0,0,0,1,0,.,,0,,,5.10,3.12,1.04,1.39,3.61,4.95,4.94,3.39,BI,anti,A,4.58,4.64,2.98,3.60,3.27,3.64,4.08,4.05,0.05,5.81,0.70,5.59,0.41,41.56,0.26,C3'-endo
31,33,0.17,G,G,G,0,0,1,0,0,.,0,1,cWW,cW-W,5.09,3.12,0.98,1.47,3.47,5.04,4.71,3.27,BI,anti,.,4.58,4.55,2.96,3.66,3.16,3.65,3.81,3.78,0.08,5.79,0.70,5.61,0.37,41.10,0.21,C3'-endo
32,34,0.18,U,U,U,0,0,0,1,0,.,,0,,,5.13,3.15,1.00,1.44,3.47,4.88,4.88,3.39,BI,anti,.,4.42,4.47,3.11,4.10,3.29,3.98,3.63,4.66,0.02,5.81,0.70,5.56,0.44,42.27,0.30,C3'-endo
33,35,0.18,A,A,A,1,0,0,0,0,],0,1,cWW,cW-W,2.73,3.65,2.85,1.37,3.98,5.11,5.15,3.38,BI,anti,.,4.48,4.72,2.67,3.74,3.04,3.70,4.08,4.12,0.07,5.77,0.73,5.58,0.40,42.78,0.23,C3'-endo
34,36,0.19,G,G,G,0,0,1,0,0,],0,1,cWW,cW-W,5.16,2.93,1.07,1.34,3.45,5.00,4.73,3.44,BI,anti,A,4.34,4.44,2.88,3.38,3.19,3.35,3.91,3.53,6.14,5.93,0.68,5.50,0.58,44.22,0.51,C3'-endo
35,37,0.19,U,U,U,0,0,0,1,0,],0,1,cWW,cW-W,4.77,2.83,1.55,1.36,3.56,5.05,4.79,3.44,BI,anti,A,4.43,4.56,3.02,3.61,3.20,3.59,3.56,4.19,6.23,5.89,0.67,5.57,0.49,41.40,0.40,C3'-endo
36,38,0.20,A,A,A,1,0,0,0,0,],0,1,cWW,cW-W,5.12,3.03,1.07,1.43,3.78,5.06,5.00,3.39,BI,anti,A,4.47,4.62,3.04,3.89,3.30,3.91,4.15,4.38,0.02,5.85,0.66,5.62,0.40,39.40,0.29,C3'-endo
37,39,0.20,U,U,U,0,0,0,1,0,],0,1,cWW,cW-W,5.13,3.04,0.98,1.49,3.59,4.49,5.38,3.52,BI,anti,A,4.27,4.42,2.95,3.73,3.25,3.53,4.00,3.71,6.15,5.97,0.61,5.58,0.52,39.71,0.51,C3'-endo
38,40,0.21,C,C,C,0,1,0,0,0,.,,0,,,1.65,3.31,4.03,1.80,3.76,5.27,4.78,3.51,BI,anti,A,4.36,4.65,2.92,3.51,2.96,3.66,3.37,4.05,0.52,5.61,0.58,6.00,6.13,38.57,5.74,C2'-exo
39,41,0.21,U,U,U,0,0,0,1,0,.,0,1,cWW,cW-W,4.89,3.02,1.19,1.39,3.61,5.10,4.80,3.42,BI,anti,.,4.38,4.54,2.86,3.73,3.27,3.74,3.86,4.36,6.26,5.86,0.67,5.58,0.46,41.24,0.36,C3'-endo
40,42,0.22,G,G,G,0,0,1,0,0,.,0,1,cWW,cW-W,5.08,3.09,1.00,1.44,3.69,5.13,4.84,3.20,BI,anti,A,4.57,4.62,2.96,3.86,3.22,3.90,4.13,4.49,0.09,5.79,0.69,5.63,0.35,40.30,0.19,C3'-endo
41,43,0.23,U,U,U,0,0,0,1,0,],0,1,cWW,cW-W,4.95,3.17,0.98,1.44,3.69,4.97,4.99,3.39,BI,anti,A,4.59,4.67,2.85,3.73,3.15,3.76,4.06,4.22,0.13,5.75,0.70,5.64,0.32,40.73,0.14,C3'-endo
42,44,0.23,U,U,U,0,0,0,1,0,.,0,1,cWW,cW-W,5.01,3.14,1.01,1.45,3.37,5.00,4.66,3.37,BI,anti,A,4.53,4.54,2.89,3.88,3.13,3.85,3.87,4.49,0.12,5.78,0.68,5.66,0.32,39.42,0.15,C3'-endo
43,45,0.24,C,C,C,0,1,0,0,0,.,,0,,,3.76,3.66,1.82,1.45,3.42,4.94,4.76,3.42,BI,anti,.,4.56,4.59,2.64,3.51,2.98,3.61,3.96,3.19,0.15,5.75,0.69,5.66,0.30,39.68,0.11,C3'-endo
44,46,0.24,U,U,U,0,0,0,1,0,.,0,1,tHW,tM-W,4.86,4.07,0.70,2.51,4.40,1.24,3.16,3.97,..,anti,.,1.12,1.15,3.47,1.48,3.42,0.62,2.96,6.09,5.86,0.65,5.66,0.40,0.01,38.09,2.80,C2'-endo
45,47,0.25,U,U,U,0,0,0,1,0,.,,0,,,2.46,2.77,0.84,2.61,5.00,2.16,2.84,3.85,BII,anti,.,0.09,0.24,0.91,2.62,1.56,2.37,2.03,2.89,5.97,0.62,5.61,0.51,6.15,39.13,3.00,C2'-endo
46,48,0.25,A,A,A,1,0,0,0,0,(,63,1,cWW,cW-W,5.09,3.23,0.83,1.39,4.06,5.05,5.30,3.39,BI,anti,.,4.55,4.75,4.07,4.45,3.83,4.20,3.94,4.62,0.05,5.81,0.68,5.61,0.39,40.41,0.25,C3'-endo
47,49,0.26,U,U,U,0,0,0,1,0,(,62,1,cWW,cW-W,2.87,2.94,2.88,1.47,3.84,4.96,5.17,3.48,BI,anti,A,4.44,4.72,2.42,3.28,2.78,3.38,3.52,4.05,0.19,5.73,0.69,5.69,0.25,39.37,0.05,C3'-endo
48,50,0.26,C,C,C,0,1,0,0,0,(,61,1,cWW,cW-W,5.04,2.75,1.15,1.48,3.28,5.11,4.45,3.41,BI,anti,A,4.46,4.47,2.73,3.87,3.16,3.78,4.13,4.13,0.14,5.77,0.67,5.67,0.30,38.75,0.13,C3'-endo
49,51,0.27,A,A,A,1,0,0,0,0,(,60,1,cWW,cW-W,4.17,3.83,1.25,1.44,3.65,4.88,5.05,3.39,BI,anti,A,4.58,4.68,2.80,3.67,2.94,3.68,3.58,3.99,0.13,5.75,0.70,5.64,0.32,40.44,0.14,C3'-endo
50,52,0.27,G,G,G,0,0,1,0,0,(,59,1,cWW,cW-W,5.01,2.91,1.23,1.41,3.61,5.12,4.78,3.28,BI,anti,A,4.59,4.63,2.98,3.80,3.18,3.77,3.74,4.17,0.05,5.81,0.69,5.61,0.39,40.91,0.25,C3'-endo
51,53,0.28,U,U,U,0,0,0,1,0,.,,0,,,5.00,3.18,1.00,1.39,3.80,5.27,4.82,3.40,BI,anti,.,4.54,4.72,2.95,4.06,3.19,4.17,3.88,5.06,0.08,5.78,0.71,5.60,0.38,41.67,0.22,C3'-endo
52,54,0.29,U,U,U,0,0,0,1,0,.,57,1,tSH,tm-M,5.19,3.00,1.03,1.43,3.73,4.99,5.02,3.54,BI,anti,A,4.30,4.67,2.96,3.79,3.43,3.77,4.69,3.92,0.12,5.77,0.69,5.65,0.33,39.95,0.16,C3'-endo
53,55,0.29,U,U,U,0,0,0,1,0,.,,0,,,5.12,3.10,0.91,1.39,3.88,4.94,5.22,3.50,BI,anti,.,4.26,4.64,2.95,4.28,3.12,3.57,3.47,2.58,6.27,5.86,0.68,5.57,0.46,41.62,0.35,C3'-endo
54,56,0.30,A,A,A,1,0,0,0,0,.,,0,,,2.49,3.00,1.26,1.44,4.09,5.04,5.34,3.45,..,anti,.,4.34,4.67,0.44,4.10,0.83,4.09,0.41,4.86,0.04,5.85,0.64,5.65,0.38,38.16,0.27,C3'-endo
55,57,0.30,A,A,A,1,0,0,0,0,.,,0,,,5.03,2.98,0.87,1.44,3.54,5.01,4.81,3.65,BI,anti,.,4.22,4.60,2.60,4.26,3.00,4.10,4.13,4.42,0.08,5.80,0.68,5.63,0.37,39.91,0.22,C3'-endo
56,58,0.31,U,U,U,0,0,0,1,0,.,,0,,,2.49,3.63,3.36,1.39,4.03,5.38,4.93,3.42,BI,anti,.,4.43,4.75,3.03,3.80,3.34,4.03,4.04,4.95,0.07,5.79,0.71,5.60,0.39,41.80,0.23,C3'-endo
57,59,0.31,A,A,A,1,0,0,0,0,.,52,1,tHS,tM-m,5.22,2.87,1.06,1.41,3.78,5.27,4.79,3.53,BI,anti,.,4.29,4.62,2.86,4.12,3.51,4.16,4.81,5.05,0.00,5.86,0.65,5.61,0.42,39.43,0.32,C3'-endo
58,60,0.32,U,U,U,0,0,0,1,0,.,,0,,,5.18,2.94,0.92,1.42,3.75,5.03,5.01,3.40,BI,anti,A,4.55,4.71,2.84,3.85,3.31,3.87,4.63,4.32,0.11,5.77,0.70,5.63,0.34,40.44,0.17,C3'-endo
59,61,0.32,C,C,C,0,1,0,0,0,),50,1,cWW,cW-W,5.23,2.99,0.93,1.36,3.60,5.12,4.76,3.36,BI,anti,A,4.59,4.65,2.90,3.77,3.20,3.79,3.98,4.25,0.04,5.81,0.71,5.58,0.42,42.10,0.27,C3'-endo
60,62,0.33,U,U,U,0,0,0,1,0,),49,1,cWW,cW-W,5.13,3.22,0.88,1.38,3.71,4.72,5.28,3.41,BI,anti,A,4.56,4.69,2.97,3.94,3.18,3.80,3.89,4.14,0.07,5.78,0.71,5.60,0.39,41.74,0.22,C3'-endo
61,63,0.34,G,G,G,0,0,1,0,0,),48,1,cWW,cW-W,2.85,3.30,2.85,1.51,4.32,4.29,0.03,3.28,..,anti,A,4.69,4.87,2.70,3.21,2.88,3.32,3.45,3.71,0.31,5.66,0.69,5.76,0.14,39.68,6.15,C2'-exo
62,64,0.34,A,A,A,1,0,0,0,0,),47,1,cWW,cW-W,5.33,2.41,0.96,1.48,3.18,4.87,4.59,3.32,BI,anti,.,4.46,4.46,2.68,3.83,3.02,3.79,3.64,4.17,0.21,5.72,0.69,5.69,0.24,39.47,0.03,C3'-endo
63,65,0.35,U,U,U,0,0,0,1,0,),46,1,cWW,cW-W,3.99,4.21,1.44,1.44,,,,3.28,..,anti,-,,,,,,,,,0.15,5.76,0.68,5.67,0.30,39.35,0.11,C3'-endo
64,not resolved,0.35,-,-,-,0,0,0,0,1,,,0,,,,,,,,,,,,,,,,,,,,,,,,,,,,,
65,not resolved,0.36,-,-,-,0,0,0,0,1,,,0,,,,,,,,,,,,,,,,,,,,,,,,,,,,,
66,not resolved,0.36,-,-,-,0,0,0,0,1,,,0,,,,,,,,,,,,,,,,,,,,,,,,,,,,,
67,not resolved,0.37,-,-,-,0,0,0,0,1,,,0,,,,,,,,,,,,,,,,,,,,,,,,,,,,,
68,not resolved,0.37,-,-,-,0,0,0,0,1,,,0,,,,,,,,,,,,,,,,,,,,,,,,,,,,,
69,not resolved,0.38,-,-,-,0,0,0,0,1,,,0,,,,,,,,,,,,,,,,,,,,,,,,,,,,,
70,not resolved,0.38,-,-,-,0,0,0,0,1,,,0,,,,,,,,,,,,,,,,,,,,,,,,,,,,,
71,not resolved,0.39,-,-,-,0,0,0,0,1,,,0,,,,,,,,,,,,,,,,,,,,,,,,,,,,,
72,not resolved,0.40,-,-,-,0,0,0,0,1,,,0,,,,,,,,,,,,,,,,,,,,,,,,,,,,,
73,not resolved,0.40,-,-,-,0,0,0,0,1,,,0,,,,,,,,,,,,,,,,,,,,,,,,,,,,,
74,not resolved,0.41,-,-,-,0,0,0,0,1,,,0,,,,,,,,,,,,,,,,,,,,,,,,,,,,,
75,not resolved,0.41,-,-,-,0,0,0,0,1,,,0,,,,,,,,,,,,,,,,,,,,,,,,,,,,,
76,not resolved,0.42,-,-,-,0,0,0,0,1,,,0,,,,,,,,,,,,,,,,,,,,,,,,,,,,,
77,not resolved,0.42,-,-,-,0,0,0,0,1,,,0,,,,,,,,,,,,,,,,,,,,,,,,,,,,,
78,not resolved,0.43,-,-,-,0,0,0,0,1,,,0,,,,,,,,,,,,,,,,,,,,,,,,,,,,,
79,not resolved,0.43,-,-,-,0,0,0,0,1,,,0,,,,,,,,,,,,,,,,,,,,,,,,,,,,,
80,not resolved,0.44,-,-,-,0,0,0,0,1,,,0,,,,,,,,,,,,,,,,,,,,,,,,,,,,,
81,not resolved,0.45,-,-,-,0,0,0,0,1,,,0,,,,,,,,,,,,,,,,,,,,,,,,,,,,,
82,not resolved,0.45,-,-,-,0,0,0,0,1,,,0,,,,,,,,,,,,,,,,,,,,,,,,,,,,,
83,not resolved,0.46,-,-,-,0,0,0,0,1,,,0,,,,,,,,,,,,,,,,,,,,,,,,,,,,,
84,not resolved,0.46,-,-,-,0,0,0,0,1,,,0,,,,,,,,,,,,,,,,,,,,,,,,,,,,,
85,not resolved,0.47,-,-,-,0,0,0,0,1,,,0,,,,,,,,,,,,,,,,,,,,,,,,,,,,,
86,not resolved,0.47,-,-,-,0,0,0,0,1,,,0,,,,,,,,,,,,,,,,,,,,,,,,,,,,,
87,not resolved,0.48,-,-,-,0,0,0,0,1,,,0,,,,,,,,,,,,,,,,,,,,,,,,,,,,,
88,not resolved,0.48,-,-,-,0,0,0,0,1,,,0,,,,,,,,,,,,,,,,,,,,,,,,,,,,,
89,not resolved,0.49,-,-,-,0,0,0,0,1,,,0,,,,,,,,,,,,,,,,,,,,,,,,,,,,,
90,not resolved,0.49,-,-,-,0,0,0,0,1,,,0,,,,,,,,,,,,,,,,,,,,,,,,,,,,,
91,not resolved,0.50,-,-,-,0,0,0,0,1,,,0,,,,,,,,,,,,,,,,,,,,,,,,,,,,,
92,not resolved,0.51,-,-,-,0,0,0,0,1,,,0,,,,,,,,,,,,,,,,,,,,,,,,,,,,,
93,not resolved,0.51,-,-,-,0,0,0,0,1,,,0,,,,,,,,,,,,,,,,,,,,,,,,,,,,,
94,not resolved,0.52,-,-,-,0,0,0,0,1,,,0,,,,,,,,,,,,,,,,,,,,,,,,,,,,,
95,97,0.52,G,G,G,0,0,1,0,0,.,,0,,,,3.12,0.94,1.47,4.08,3.05,1.04,3.63,BII,anti,.,3.97,4.64,,2.40,,2.20,,5.24,0.06,5.86,0.60,5.70,0.33,35.55,0.23,C3'-endo
96,98,0.53,G,G,G,0,0,1,0,0,.,,0,,,1.34,2.89,0.97,1.49,3.60,4.80,5.08,3.70,BI,anti,.,4.02,4.51,5.87,3.32,5.92,3.56,2.98,3.44,0.07,5.85,0.61,5.69,0.33,36.04,0.22,C3'-endo
97,99,0.53,A,A,A,1,0,0,0,0,.,,0,,,5.25,4.13,0.80,2.45,4.23,2.58,1.66,4.77,BII,anti,.,0.75,1.33,4.01,2.39,3.86,2.63,3.42,3.23,5.91,0.59,5.71,0.38,6.27,34.65,2.83,C2'-endo
98,100,0.54,U,U,U,0,0,0,1,0,.,,0,,,5.17,3.33,0.95,2.51,4.70,4.95,6.03,3.86,..,anti,.,1.16,1.01,4.31,5.80,4.13,4.64,4.10,4.09,5.95,0.56,5.72,0.40,6.24,33.53,2.89,C2'-endo
99,101,0.54,U,U,U,0,0,0,1,0,.,,0,,,3.37,2.86,1.08,1.47,4.26,2.26,2.00,4.66,BII,anti,.,0.11,3.89,0.87,1.49,1.92,1.73,2.15,2.14,6.02,6.12,0.51,5.60,0.60,38.87,0.72,C4'-exo
100,102,0.55,U,U,U,0,0,0,1,0,.,,0,,,5.15,2.39,0.98,2.48,4.72,5.13,5.87,4.10,..,anti,.,0.70,0.71,3.65,5.99,4.02,4.70,4.04,3.97,5.90,0.60,5.70,0.39,6.28,35.40,2.82,C2'-endo
101,103,0.55,U,U,U,0,0,0,1,0,.,,0,,,3.19,2.96,1.01,2.48,4.04,1.58,2.46,5.22,..,anti,.,1.29,1.47,0.54,1.62,1.92,1.48,2.14,2.14,5.87,0.63,5.69,0.37,0.02,36.03,2.78,C2'-endo
102,104,0.56,U,U,U,0,0,0,1,0,.,,0,,,5.37,2.57,1.21,2.52,3.98,2.42,1.55,4.02,..,anti,.,1.36,1.55,3.64,2.32,4.21,1.83,4.18,2.06,5.87,0.62,5.68,0.39,0.01,36.64,2.80,C2'-endo
103,105,0.57,G,G,G,0,0,1,0,0,.,,0,,,5.00,2.95,0.91,1.22,3.58,4.45,5.41,3.71,BI,anti,.,4.08,4.46,3.30,3.42,3.07,2.96,2.94,3.30,6.01,6.04,0.63,5.47,0.69,46.14,0.67,C4'-exo
104,106,0.57,G,G,G,0,0,1,0,0,.,,0,,,1.39,3.40,0.88,2.50,4.59,1.43,3.15,4.78,..,anti,.,-0.06,0.91,5.87,2.12,6.04,1.61,5.46,2.29,5.95,0.57,5.71,0.41,6.23,34.00,2.90,C2'-endo
105,107,0.58,A,A,A,1,0,0,0,0,.,,0,,,1.27,3.87,3.29,1.63,3.60,5.24,4.65,3.38,BI,anti,A,4.54,4.61,2.95,3.54,2.90,3.52,3.66,4.00,0.30,5.70,0.63,5.81,0.11,36.39,6.12,C2'-exo
106,108,0.58,G,G,G,0,0,1,0,0,.,,0,,,5.04,3.11,0.90,1.46,3.60,5.04,4.84,3.49,BI,anti,A,4.39,4.56,2.85,3.75,3.20,3.76,4.01,4.30,0.01,5.89,0.60,5.67,0.38,36.22,0.31,C3'-endo
107,109,0.59,C,C,C,0,1,0,0,0,.,,0,,,5.19,2.93,1.00,1.42,3.44,4.94,4.78,3.40,BI,anti,A,4.46,4.46,2.89,3.55,3.21,3.53,4.06,3.70,6.26,5.91,0.61,5.65,0.42,37.21,0.36,C3'-endo
108,110,0.59,A,A,A,1,0,0,0,0,.,,0,,,5.19,3.14,0.95,1.47,3.96,4.76,5.49,3.60,BI,anti,.,4.13,4.59,3.15,4.03,3.27,3.79,3.55,3.74,0.02,5.89,0.59,5.68,0.37,35.53,0.30,C3'-endo
109,111,0.60,G,G,G,0,0,1,0,0,.,,0,,,2.94,2.60,2.90,1.65,3.97,3.70,0.27,3.72,..,anti,.,3.90,4.75,2.62,1.85,2.72,1.98,2.81,2.22,0.34,5.68,0.63,5.84,0.07,36.71,6.06,C2'-exo
110,112,0.60,G,G,G,0,0,1,0,0,(,142,1,cWW,cW-W,5.01,1.56,1.77,1.53,3.41,5.16,4.54,3.38,BI,anti,A,4.59,4.57,2.80,3.95,3.24,3.43,3.38,3.65,0.24,5.73,0.63,5.77,0.17,36.29,6.22,C2'-exo
111,113,0.61,G,G,G,0,0,1,0,0,.,141,1,cWH,cW+M,4.74,3.30,1.12,1.41,3.74,4.91,5.12,3.24,BI,anti,A,4.63,4.65,2.92,3.67,3.15,3.72,3.78,4.12,0.19,5.71,0.72,5.67,0.28,41.26,0.06,C3'-endo
112,114,0.62,A,A,A,1,0,0,0,0,.,140,1,cWW,cW-W,4.92,3.30,1.11,1.41,3.74,4.91,5.12,3.25,BI,anti,A,4.63,4.65,2.99,3.67,3.16,3.72,3.78,4.12,0.19,5.71,0.72,5.67,0.27,41.30,0.05,C3'-endo
113,115,0.62,G,G,G,0,0,1,0,0,(,139,1,cWW,cW-W,4.92,3.30,1.11,1.41,,,,3.24,..,anti,-,,,,,,,,,0.19,5.71,0.72,5.67,0.27,41.24,0.05,C3'-endo
114,not resolved,0.63,-,-,-,0,0,0,0,1,,,0,,,,,,,,,,,,,,,,,,,,,,,,,,,,,
115,not resolved,0.63,-,-,-,0,0,0,0,1,,,0,,,,,,,,,,,,,,,,,,,,,,,,,,,,,
116,not resolved,0.64,-,-,-,0,0,0,0,1,,,0,,,,,,,,,,,,,,,,,,,,,,,,,,,,,
117,not resolved,0.64,-,-,-,0,0,0,0,1,,,0,,,,,,,,,,,,,,,,,,,,,,,,,,,,,
118,not resolved,0.65,-,-,-,0,0,0,0,1,,,0,,,,,,,,,,,,,,,,,,,,,,,,,,,,,
119,not resolved,0.65,-,-,-,0,0,0,0,1,,,0,,,,,,,,,,,,,,,,,,,,,,,,,,,,,
120,not resolved,0.66,-,-,-,0,0,0,0,1,,,0,,,,,,,,,,,,,,,,,,,,,,,,,,,,,
121,not resolved,0.66,-,-,-,0,0,0,0,1,,,0,,,,,,,,,,,,,,,,,,,,,,,,,,,,,
122,not resolved,0.67,-,-,-,0,0,0,0,1,,,0,,,,,,,,,,,,,,,,,,,,,,,,,,,,,
123,not resolved,0.68,-,-,-,0,0,0,0,1,,,0,,,,,,,,,,,,,,,,,,,,,,,,,,,,,
124,not resolved,0.68,-,-,-,0,0,0,0,1,,,0,,,,,,,,,,,,,,,,,,,,,,,,,,,,,
125,not resolved,0.69,-,-,-,0,0,0,0,1,,,0,,,,,,,,,,,,,,,,,,,,,,,,,,,,,
126,not resolved,0.69,-,-,-,0,0,0,0,1,,,0,,,,,,,,,,,,,,,,,,,,,,,,,,,,,
127,not resolved,0.70,-,-,-,0,0,0,0,1,,,0,,,,,,,,,,,,,,,,,,,,,,,,,,,,,
128,not resolved,0.70,-,-,-,0,0,0,0,1,,,0,,,,,,,,,,,,,,,,,,,,,,,,,,,,,
129,not resolved,0.71,-,-,-,0,0,0,0,1,,,0,,,,,,,,,,,,,,,,,,,,,,,,,,,,,
130,not resolved,0.71,-,-,-,0,0,0,0,1,,,0,,,,,,,,,,,,,,,,,,,,,,,,,,,,,
131,not resolved,0.72,-,-,-,0,0,0,0,1,,,0,,,,,,,,,,,,,,,,,,,,,,,,,,,,,
132,not resolved,0.73,-,-,-,0,0,0,0,1,,,0,,,,,,,,,,,,,,,,,,,,,,,,,,,,,
133,not resolved,0.73,-,-,-,0,0,0,0,1,,,0,,,,,,,,,,,,,,,,,,,,,,,,,,,,,
134,not resolved,0.74,-,-,-,0,0,0,0,1,,,0,,,,,,,,,,,,,,,,,,,,,,,,,,,,,
135,not resolved,0.74,-,-,-,0,0,0,0,1,,,0,,,,,,,,,,,,,,,,,,,,,,,,,,,,,
136,not resolved,0.75,-,-,-,0,0,0,0,1,,,0,,,,,,,,,,,,,,,,,,,,,,,,,,,,,
137,not resolved,0.75,-,-,-,0,0,0,0,1,,,0,,,,,,,,,,,,,,,,,,,,,,,,,,,,,
138,not resolved,0.76,-,-,-,0,0,0,0,1,,,0,,,,,,,,,,,,,,,,,,,,,,,,,,,,,
139,141,0.76,C,C,C,0,1,0,0,0,),113,1,cWW,cW-W,,3.30,1.11,1.41,3.74,4.91,5.12,3.23,BI,anti,A,4.61,4.65,,3.67,,3.72,,4.13,0.19,5.71,0.72,5.67,0.27,41.26,0.05,C3'-endo
140,142,0.77,C,C,C,0,1,0,0,0,.,112,1,cWW,cW-W,4.92,3.30,1.11,1.41,3.79,4.75,5.31,3.24,BI,anti,.,4.67,4.71,3.03,3.73,3.19,3.74,3.78,4.98,0.19,5.71,0.72,5.67,0.27,41.28,0.05,C3'-endo
141,143,0.77,A,A,A,1,0,0,0,0,.,111,1,cHW,cM+W,5.97,2.98,0.14,1.54,3.02,5.15,4.15,1.09,BI,syn,.,-2.79,4.24,2.95,3.65,3.16,3.78,4.68,3.12,0.17,5.78,0.63,5.73,0.25,36.17,0.07,C3'-endo
142,144,0.78,C,C,C,0,1,0,0,0,),110,1,cWW,cW-W,3.42,3.34,2.66,2.66,4.32,3.99,0.34,3.39,..,anti,.,1.23,1.29,3.68,4.29,4.00,3.85,3.39,4.20,6.12,0.51,5.65,0.56,6.03,36.54,3.22,C3'-exo
143,not resolved,0.79,-,-,-,0,0,0,0,1,,,0,,,,,,,,,,,,,,,,,,,,,,,,,,,,,
144,not resolved,0.79,-,-,-,0,0,0,0,1,,,0,,,,,,,,,,,,,,,,,,,,,,,,,,,,,
145,147,0.80,G,G,G,0,0,1,0,0,(,182,1,cWW,cW-W,1.47,2.58,4.47,1.71,3.54,5.16,4.66,3.36,BI,anti,A,4.58,4.58,2.50,3.26,2.86,3.50,3.36,4.15,0.42,5.67,0.56,5.95,6.23,35.10,5.88,C2'-exo
146,148,0.80,C,C,C,0,1,0,0,0,(,181,1,cWW,cW-W,4.73,3.30,1.11,1.41,3.75,4.91,5.12,3.24,BI,anti,A,4.61,4.65,2.86,3.67,3.14,3.72,3.85,4.05,0.19,5.71,0.72,5.67,0.27,41.30,0.05,C3'-endo
147,149,0.81,A,A,A,1,0,0,0,0,(,180,1,cWW,cW-W,4.92,3.30,1.11,1.41,3.75,4.91,5.12,3.24,BI,anti,A,4.63,4.65,2.99,3.67,3.15,3.72,3.70,4.15,0.19,5.71,0.72,5.67,0.28,41.19,0.06,C3'-endo
148,150,0.81,U,U,U,0,0,0,1,0,.,179,1,cWW,cW-W,4.92,3.30,1.11,1.41,3.75,4.91,5.12,3.24,BI,anti,A,4.62,4.65,2.99,3.67,3.16,3.72,3.80,4.16,0.19,5.71,0.72,5.67,0.27,41.19,0.05,C3'-endo
149,151,0.82,C,C,C,0,1,0,0,0,(,178,1,cWW,cW-W,4.92,3.29,1.12,1.41,3.35,5.24,4.39,3.24,BI,anti,A,4.50,4.53,2.96,3.80,3.18,3.75,3.87,4.12,0.19,5.71,0.72,5.67,0.27,41.20,0.05,C3'-endo
150,152,0.82,G,G,G,0,0,1,0,0,(,177,1,cWW,cW-W,4.22,3.20,1.65,1.50,4.69,4.88,6.10,2.87,..,anti,.,4.58,4.57,3.15,3.72,3.30,3.47,3.89,4.57,0.05,5.85,0.63,5.67,0.36,37.01,0.25,C3'-endo
151,153,0.83,A,A,A,1,0,0,0,0,.,175,1,t.W,t.+W,4.92,0.71,2.79,1.61,3.32,0.41,2.91,6.03,..,syn,.,-4.17,4.54,3.74,3.57,3.26,4.25,4.66,3.98,0.35,5.65,0.67,5.80,0.09,38.98,6.09,C2'-exo
152,154,0.84,C,C,C,0,1,0,0,0,(,174,1,cWW,cW-W,5.00,3.45,0.03,1.45,3.23,5.10,4.41,3.57,BI,anti,A,4.16,4.26,2.49,3.20,3.26,3.37,3.69,3.93,6.23,5.94,0.58,5.65,0.43,36.32,0.40,C3'-endo
153,155,0.84,C,C,C,0,1,0,0,0,(,173,1,cWW,cW-W,4.98,3.33,0.86,1.43,3.30,4.89,4.69,3.55,BI,anti,A,4.35,4.53,2.97,3.92,3.12,3.81,3.70,4.21,0.01,5.84,0.67,5.60,0.43,40.05,0.31,C3'-endo
154,156,0.85,U,U,U,0,0,0,1,0,(,172,1,cWW,cW-W,1.83,3.05,4.04,1.89,4.07,4.63,5.72,3.49,..,anti,A,4.24,4.61,2.99,3.80,3.14,3.75,3.76,4.07,0.50,5.74,0.40,6.16,6.05,31.33,5.53,C1'-endo
155,157,0.85,G,G,G,0,0,1,0,0,(,171,1,cWW,cW-W,1.64,3.60,4.00,1.73,4.18,5.10,5.36,3.36,..,anti,A,4.52,4.74,2.82,3.58,3.06,3.70,3.63,4.15,0.40,5.64,0.62,5.86,0.02,37.53,5.98,C2'-exo
156,158,0.86,G,G,G,0,0,1,0,0,(,170,1,cWW,cW-W,5.13,2.60,1.20,1.36,3.73,5.18,4.84,3.26,BI,anti,.,4.72,4.74,2.73,3.81,3.17,3.82,3.91,4.68,6.28,5.81,0.73,5.52,0.49,44.58,0.34,C3'-endo
157,159,0.86,U,U,U,0,0,0,1,0,.,169,1,cWW,cW-W,5.11,3.08,0.90,1.57,3.68,4.85,5.12,3.51,BI,anti,.,4.42,4.64,2.93,3.58,3.28,3.56,4.50,3.56,0.18,5.76,0.67,5.71,0.25,38.18,0.06,C3'-endo
158,160,0.87,A,A,A,1,0,0,0,0,.,,0,,,4.97,2.92,1.19,1.25,3.82,4.78,5.33,3.43,BI,anti,A,4.37,4.63,3.02,3.70,3.10,3.76,3.24,4.43,6.26,5.77,0.82,5.44,0.55,49.96,0.34,C3'-endo
159,161,0.87,U,U,U,0,0,0,1,0,.,,0,,,5.81,2.55,0.56,1.42,3.85,4.84,5.29,3.83,BI,anti,.,3.61,4.68,3.00,3.77,3.24,4.02,4.09,4.28,6.22,5.87,0.69,5.54,0.51,42.86,0.40,C3'-endo
160,162,0.88,U,U,U,0,0,0,1,0,.,,0,,,5.12,3.59,0.93,2.55,5.03,1.36,3.68,3.86,..,anti,.,0.56,0.54,3.65,2.00,3.92,1.56,4.05,1.21,5.87,0.65,5.65,0.40,0.00,38.27,2.81,C2'-endo
161,163,0.88,G,G,G,0,0,1,0,0,.,,0,,,3.78,2.85,1.24,1.46,3.68,4.84,5.12,4.60,BI,anti,.,0.71,4.63,2.50,4.01,2.54,3.98,2.34,4.36,0.04,5.85,0.63,5.66,0.37,37.46,0.26,C3'-endo
162,164,0.89,C,C,C,0,1,0,0,0,.,,0,,,2.42,2.34,5.39,3.13,4.08,2.26,1.82,4.16,..,anti,.,1.00,0.98,4.29,2.43,4.63,2.19,4.28,2.62,6.18,0.57,5.50,0.75,5.86,45.70,3.35,C3'-exo
163,165,0.90,A,A,A,1,0,0,0,0,.,,0,,,5.10,2.54,0.95,1.48,3.58,4.74,5.13,3.55,BI,anti,.,4.09,4.35,3.28,3.66,3.25,3.68,3.45,4.84,6.27,5.86,0.68,5.58,0.45,41.40,0.33,C3'-endo
164,166,0.90,G,G,G,0,0,1,0,0,.,,0,,,5.54,2.92,0.80,2.44,3.91,1.63,2.28,1.01,..,syn,.,-2.40,2.41,3.14,1.49,3.54,1.36,4.78,1.36,5.60,0.85,5.61,0.29,0.25,47.39,2.52,C2'-endo
165,167,0.91,U,U,U,0,0,0,1,0,.,,0,,,5.18,2.71,0.59,2.52,4.42,4.85,5.86,4.14,..,anti,.,0.66,0.66,3.22,4.87,3.63,4.06,3.84,3.19,5.86,0.66,5.65,0.41,0.00,38.59,2.81,C2'-endo
166,168,0.91,A,A,A,1,0,0,0,0,.,,0,,,4.30,2.87,3.97,2.01,4.35,5.17,5.46,3.00,..,anti,.,4.85,4.85,5.43,4.23,5.97,4.42,0.49,5.30,0.70,5.47,0.63,6.05,5.99,46.33,5.60,C1'-endo
167,169,0.92,C,C,C,0,1,0,0,0,.,,0,,,5.25,2.90,0.78,1.40,3.66,4.90,5.04,3.44,BI,anti,A,4.50,4.69,2.68,3.81,3.27,3.97,4.50,4.47,0.07,5.75,0.76,5.56,0.42,44.95,0.23,C3'-endo
168,170,0.92,C,C,C,0,1,0,0,0,.,,0,,,5.50,2.68,1.06,2.51,4.18,3.40,0.78,4.05,..,anti,.,1.76,1.75,3.25,4.04,3.89,3.54,4.47,3.46,5.59,0.79,5.67,0.22,0.30,45.62,2.45,C1'-exo
169,171,0.93,U,U,U,0,0,0,1,0,.,157,1,cWW,cW-W,0.78,2.77,0.80,1.52,3.91,4.85,5.35,3.46,BI,anti,A,4.38,4.60,4.94,3.93,5.05,3.91,5.36,4.65,0.03,5.79,0.74,5.54,0.46,44.51,0.29,C3'-endo
170,172,0.93,C,C,C,0,1,0,0,0,),156,1,cWW,cW-W,5.25,2.69,0.96,1.41,3.59,5.01,4.86,3.38,BI,anti,A,4.56,4.66,2.83,3.74,3.18,3.71,4.28,4.00,6.26,5.80,0.76,5.49,0.52,46.37,0.35,C3'-endo
171,173,0.94,C,C,C,0,1,0,0,0,),155,1,cWW,cW-W,5.31,3.12,0.50,1.44,3.54,5.03,4.79,3.60,BI,anti,A,4.33,4.66,2.83,3.66,3.06,3.69,3.64,4.14,0.13,5.73,0.76,5.59,0.36,43.78,0.15,C3'-endo
172,174,0.95,A,A,A,1,0,0,0,0,),154,1,cWW,cW-W,5.04,3.10,0.90,1.49,3.48,5.01,4.76,3.51,BI,anti,A,4.43,4.60,2.78,3.67,3.02,3.64,3.72,3.98,6.27,5.84,0.71,5.56,0.48,43.05,0.34,C3'-endo
173,175,0.95,G,G,G,0,0,1,0,0,),153,1,cWW,cW-W,4.78,2.98,1.30,1.32,3.69,5.12,4.85,3.26,BI,anti,A,4.75,4.79,2.90,3.76,3.13,3.73,3.74,4.31,6.27,5.78,0.80,5.46,0.53,48.71,0.34,C3'-endo
174,176,0.96,G,G,G,0,0,1,0,0,),152,1,cWW,cW-W,5.33,3.14,0.76,1.55,3.84,5.07,5.05,3.41,BI,anti,A,4.49,4.63,3.12,3.88,3.32,3.91,4.16,4.40,0.13,5.77,0.68,5.67,0.31,39.25,0.14,C3'-endo
175,177,0.96,A,A,A,1,0,0,0,0,.,151,1,tW.,tW+.,4.52,2.78,1.77,1.48,4.68,2.74,1.94,3.69,BII,anti,.,3.19,4.37,3.24,2.09,3.45,1.77,4.06,1.22,6.21,5.96,0.58,5.65,0.44,36.33,0.43,C3'-endo
176,178,0.97,A,A,A,1,0,0,0,0,.,,0,,,2.41,3.37,0.61,1.61,5.02,4.08,0.93,2.82,..,anti,.,4.60,4.61,1.51,4.90,1.48,4.83,1.72,5.05,0.27,5.72,0.63,5.79,0.14,36.19,6.18,C2'-exo
177,179,0.97,C,C,C,0,1,0,0,0,),150,1,cWW,cW-W,1.59,2.90,5.65,1.52,3.35,5.15,4.48,3.36,BI,anti,A,4.59,4.50,3.60,3.32,3.92,3.51,4.13,4.05,0.21,5.76,0.62,5.77,0.20,35.40,6.27,C2'-exo
178,180,0.98,G,G,G,0,0,1,0,0,),149,1,cWW,cW-W,4.74,3.30,1.11,1.41,3.75,4.91,5.12,3.24,BI,anti,A,4.63,4.65,2.94,3.67,3.13,3.72,3.71,4.13,0.19,5.71,0.72,5.67,0.28,41.26,0.06,C3'-endo
179,181,0.98,G,G,G,0,0,1,0,0,.,148,1,cWW,cW-W,4.91,3.30,1.12,1.41,3.74,4.91,5.12,3.24,BI,anti,A,4.63,4.65,2.99,3.67,3.15,3.72,3.78,4.15,0.19,5.71,0.72,5.67,0.28,41.29,0.06,C3'-endo
180,182,0.99,U,U,U,0,0,0,1,0,),147,1,cWW,cW-W,4.92,3.30,1.12,1.41,3.74,4.91,5.12,3.24,BI,anti,A,4.62,4.66,2.99,3.67,3.15,3.72,3.81,4.10,0.19,5.71,0.72,5.67,0.27,41.24,0.05,C3'-endo
181,183,0.99,G,G,G,0,0,1,0,0,),146,1,cWW,cW-W,4.91,3.30,1.12,1.40,3.75,4.91,5.12,3.24,BI,anti,A,4.63,4.65,2.99,3.67,3.15,3.72,3.75,4.19,0.19,5.71,0.72,5.67,0.27,41.15,0.05,C3'-endo
182,184,1.00,C,C,C,0,1,0,0,0,),145,1,cWW,cW-W,4.92,3.30,1.11,1.41,,,,3.24,n/a,anti,-,,,,,,,,,0.19,5.71,0.72,5.66,0.28,41.48,0.06,C3'-endo
