index_chain,old_nt_resnum,nt_position,nt_name,nt_code,nt_align_code,is_A,is_C,is_G,is_U,is_other,dbn,paired,nb_interact,pair_type_LW,pair_type_DSSR,alpha,beta,gamma,delta,epsilon,zeta,epsilon_zeta,chi,bb_type,glyco_bond,form,ssZp,Dp,eta,theta,eta_prime,theta_prime,eta_base,theta_base,v0,v1,v2,v3,v4,amplitude,phase_angle,puckering
1,1,0.07,U,U,U,0,0,0,1,0,.,,0,,,,,0.21,1.55,4.21,5.03,5.47,4.72,..,anti,.,-0.23,4.38,,,,,,,0.01,5.94,0.52,5.75,0.33,31.25,0.31,C3'-endo
2,2,0.14,U,U,U,0,0,0,1,0,.,,0,,,3.35,3.83,1.02,2.55,4.65,1.49,3.16,4.24,..,anti,.,0.93,0.98,1.55,1.85,2.34,1.73,1.96,2.14,5.72,0.75,5.63,0.34,0.14,42.54,2.63,C2'-endo
3,3,0.21,U,U,U,0,0,0,1,0,.,0,1,cWW,cW-W,3.95,3.37,1.15,1.44,3.60,5.20,4.69,3.47,BI,anti,A,4.45,4.63,2.87,3.93,2.85,3.88,2.97,4.15,0.14,5.76,0.69,5.65,0.31,40.03,0.13,C3'-endo
4,4,0.29,G,G,G,0,0,1,0,0,),0,1,cWW,cW-W,5.05,3.01,1.02,1.24,3.80,4.38,5.70,3.34,BI,anti,A,4.61,4.73,2.89,3.28,3.12,3.39,3.74,3.82,6.21,5.86,0.73,5.50,0.54,45.40,0.41,C3'-endo
5,5,0.36,U,U,U,0,0,0,1,0,),0,1,cWW,cW-W,5.82,2.52,0.74,1.42,3.87,5.03,5.12,3.49,BI,anti,A,4.35,4.66,3.16,4.03,3.27,3.98,3.71,4.44,0.11,5.80,0.66,5.67,0.32,38.20,0.16,C3'-endo
6,6,0.43,U,U,U,0,0,0,1,0,),0,1,cWW,cW-W,5.30,2.85,0.83,1.33,3.49,5.01,4.76,3.47,BI,anti,A,4.47,4.55,2.76,3.56,3.10,3.58,3.94,4.02,6.16,5.93,0.66,5.54,0.55,42.73,0.48,C3'-endo
7,7,0.50,G,G,G,0,0,1,0,0,),0,1,cWW,cW-W,5.04,3.07,1.01,1.38,3.49,5.11,4.66,3.56,BI,anti,A,4.29,4.54,2.95,3.68,3.14,3.67,3.78,4.15,6.28,5.84,0.69,5.58,0.45,41.77,0.33,C3'-endo
8,8,0.57,C,C,C,0,1,0,0,0,),0,1,cWW,cW-W,4.70,2.81,1.56,1.45,3.68,4.94,5.02,3.44,BI,anti,A,4.37,4.52,2.96,3.72,3.28,3.65,4.04,4.08,0.01,5.88,0.63,5.65,0.40,37.64,0.31,C3'-endo
9,9,0.64,C,C,C,0,1,0,0,0,),0,1,cWW,cW-W,5.22,3.16,0.81,1.38,3.74,4.96,5.06,3.54,BI,anti,A,4.34,4.66,2.98,3.71,3.15,3.75,3.82,4.06,0.09,5.78,0.70,5.62,0.36,40.62,0.20,C3'-endo
10,10,0.71,U,U,U,0,0,0,1,0,),0,1,cWW,cW-W,5.19,2.98,0.94,1.33,3.75,5.01,5.02,3.36,BI,anti,A,4.61,4.67,2.87,3.71,3.06,3.70,3.60,4.16,6.25,5.87,0.68,5.57,0.47,41.50,0.36,C3'-endo
11,11,0.79,G,G,G,0,0,1,0,0,),0,1,cWW,cW-W,4.75,2.89,1.41,1.36,3.69,5.02,4.95,3.24,BI,anti,A,4.72,4.70,2.83,3.71,3.08,3.70,3.84,4.17,0.01,5.84,0.69,5.58,0.44,41.51,0.31,C3'-endo
12,12,0.86,G,G,G,0,0,1,0,0,),0,1,cWW,cW-W,5.09,3.04,1.07,1.32,3.62,4.97,4.93,3.34,BI,anti,A,4.61,4.66,2.95,3.62,3.20,3.62,3.98,3.92,0.01,5.84,0.69,5.59,0.43,41.40,0.31,C3'-endo
13,13,0.93,A,A,A,1,0,0,0,0,),0,1,cWW,cW-W,5.20,3.11,0.90,1.35,3.60,4.85,5.03,3.45,BI,anti,A,4.47,4.61,2.98,4.02,3.13,3.89,3.63,4.28,0.03,5.84,0.66,5.62,0.40,39.48,0.28,C3'-endo
14,14,1.00,G,G,G,0,0,1,0,0,),"0,0",2,"cWW,cWW","cW-W,cW-W",2.46,3.54,3.34,1.63,,,,3.24,n/a,anti,-,,,,,,,,,0.20,5.79,0.58,5.80,0.18,33.33,6.27,C2'-exo
