index_chain,old_nt_resnum,nt_position,nt_name,nt_code,nt_align_code,is_A,is_C,is_G,is_U,is_other,dbn,paired,nb_interact,pair_type_LW,pair_type_DSSR,alpha,beta,gamma,delta,epsilon,zeta,epsilon_zeta,chi,bb_type,glyco_bond,form,ssZp,Dp,eta,theta,eta_prime,theta_prime,eta_base,theta_base,v0,v1,v2,v3,v4,amplitude,phase_angle,puckering
1,1,0.02,C,C,C,0,1,0,0,0,.,,0,,,,,,1.43,4.08,2.66,1.42,0.50,BII,syn,.,-4.13,4.64,,,,,,,0.06,5.84,0.64,5.66,0.35,37.64,0.24,C3'-endo
2,2,0.03,U,U,U,0,0,0,1,0,.,,0,,,4.29,2.73,1.19,2.59,4.09,6.19,4.18,3.92,..,anti,.,1.24,1.33,3.01,0.15,3.38,5.36,3.64,5.01,5.93,0.61,5.67,0.43,6.23,36.29,2.89,C2'-endo
3,3,0.05,A,A,A,1,0,0,0,0,.,,0,,,2.82,2.49,4.90,2.74,4.52,1.31,3.21,4.42,..,anti,.,0.51,0.76,4.71,1.05,5.63,1.24,6.01,1.84,6.01,0.59,5.62,0.53,6.12,38.29,3.06,C2'-endo
4,4,0.07,A,A,A,1,0,0,0,0,.,,0,,,4.33,3.62,1.08,1.48,3.59,5.02,4.85,3.38,BI,anti,.,4.03,4.21,3.22,4.04,3.24,4.13,3.19,5.11,6.16,6.04,0.50,5.70,0.45,33.18,0.53,C3'-endo
5,5,0.08,G,G,G,0,0,1,0,0,.,,0,,,3.98,3.62,1.56,1.54,4.35,4.52,6.12,3.91,..,anti,.,2.92,4.73,2.85,4.04,3.16,4.11,4.26,4.32,0.09,5.85,0.60,5.72,0.30,35.01,0.18,C3'-endo
6,6,0.10,A,A,A,1,0,0,0,0,.,,0,,,5.31,2.99,0.79,1.56,3.91,4.29,5.90,4.22,..,anti,.,2.23,4.55,3.03,3.57,3.19,3.74,3.48,3.45,0.09,5.87,0.55,5.77,0.27,32.22,0.16,C3'-endo
7,7,0.12,A,A,A,1,0,0,0,0,.,,0,,,5.87,2.51,0.85,2.61,4.68,4.37,0.31,5.03,..,anti,.,0.58,0.64,3.49,5.42,3.95,4.17,3.50,3.03,5.90,0.65,5.64,0.44,6.25,38.27,2.87,C2'-endo
8,8,0.13,A,A,A,1,0,0,0,0,.,,0,,,1.08,3.04,1.06,2.60,4.57,3.89,0.68,4.47,..,anti,.,0.57,0.93,5.22,4.75,0.22,4.13,1.49,4.38,5.98,0.59,5.66,0.47,6.18,36.39,2.98,C2'-endo
9,9,0.15,U,U,U,0,0,0,1,0,.,,0,,,1.59,4.36,5.42,1.63,3.43,4.53,5.18,4.45,BI,anti,.,1.70,3.07,4.95,2.78,5.18,2.78,5.36,2.83,5.86,0.15,0.14,5.90,0.51,28.61,1.28,O4'-endo
10,10,0.17,U,U,U,0,0,0,1,0,.,,0,,,2.30,3.47,2.94,1.42,4.14,4.29,6.13,4.09,..,anti,.,2.37,4.54,2.45,2.98,2.57,3.05,2.75,3.07,6.22,5.95,0.58,5.66,0.44,36.19,0.42,C3'-endo
11,11,0.18,C,C,C,0,1,0,0,0,.,,0,,,5.28,2.37,1.01,1.34,4.35,4.31,0.05,4.12,..,anti,.,2.03,4.62,2.94,3.77,3.01,3.80,3.06,4.11,6.24,5.89,0.66,5.58,0.47,40.80,0.39,C3'-endo
12,12,0.20,A,A,A,1,0,0,0,0,.,,0,,,5.67,2.51,0.65,1.39,3.52,4.91,4.89,3.89,BI,anti,.,3.57,4.51,2.82,3.60,3.04,3.67,3.48,3.81,6.28,5.88,0.63,5.64,0.41,38.05,0.33,C3'-endo
13,13,0.22,C,C,C,0,1,0,0,0,.,,0,,,5.22,2.91,1.32,2.52,4.07,5.03,5.32,4.31,..,anti,.,1.64,1.59,3.39,5.61,3.86,4.32,3.99,3.50,5.84,0.66,5.66,0.39,0.03,38.42,2.77,C2'-endo
14,14,0.23,G,G,G,0,0,1,0,0,.,,0,,,1.95,2.54,0.56,2.58,4.52,4.61,6.19,4.18,..,anti,.,1.04,1.00,5.15,4.59,0.25,4.02,0.98,4.35,5.90,0.63,5.66,0.42,6.26,37.09,2.85,C2'-endo
15,15,0.25,G,G,G,0,0,1,0,0,.,,0,,,4.58,1.68,3.87,2.40,4.45,4.02,0.43,4.71,..,anti,.,0.95,1.23,5.22,2.92,5.30,2.83,5.47,2.50,5.77,0.68,5.70,0.30,0.12,38.55,2.63,C2'-endo
16,16,0.27,C,C,C,0,1,0,0,0,.,,0,,,0.38,4.07,3.94,2.19,3.75,4.43,5.60,4.52,BI,anti,B,1.70,2.62,2.63,2.88,2.62,3.09,2.44,3.70,5.88,0.45,5.96,0.10,0.19,25.63,2.38,C1'-exo
17,17,0.28,G,G,G,0,0,1,0,0,.,,0,,,5.09,2.88,0.72,1.38,3.79,4.93,5.15,4.57,BI,anti,.,0.76,4.57,2.71,3.70,2.88,3.75,3.52,3.89,6.21,5.93,0.62,5.60,0.48,39.41,0.43,C3'-endo
18,18,0.30,G,G,G,0,0,1,0,0,.,,0,,,4.71,2.98,1.35,1.45,3.85,4.34,5.79,4.14,..,anti,.,2.55,4.51,2.91,3.52,3.12,3.65,3.32,3.72,6.27,5.91,0.60,5.66,0.41,36.65,0.35,C3'-endo
19,19,0.32,G,G,G,0,0,1,0,0,.,,0,,,6.00,2.41,0.86,2.51,4.27,4.68,5.87,4.84,..,anti,.,1.17,1.30,3.39,5.51,3.91,4.34,3.88,3.85,5.84,0.66,5.66,0.38,0.03,38.13,2.76,C2'-endo
20,20,0.33,C,C,C,0,1,0,0,0,.,,0,,,1.52,2.87,0.75,2.56,4.43,4.77,5.94,4.49,..,anti,.,0.90,0.94,5.17,4.72,0.06,4.21,0.66,3.84,5.86,0.66,5.65,0.41,0.00,38.53,2.81,C2'-endo
21,21,0.35,U,U,U,0,0,0,1,0,.,,0,,,4.60,2.09,3.94,1.43,3.84,4.43,5.70,1.20,BI,syn,.,-1.43,4.04,4.99,2.74,5.20,2.75,5.90,1.80,6.11,6.07,0.49,5.67,0.50,34.50,0.62,C3'-endo
22,22,0.37,U,U,U,0,0,0,1,0,.,,0,,,1.68,3.78,3.58,1.50,4.07,4.41,5.94,4.29,..,anti,.,1.64,4.33,2.71,2.91,2.73,3.08,1.79,3.35,6.22,5.99,0.52,5.72,0.40,32.59,0.43,C3'-endo
23,23,0.38,G,G,G,0,0,1,0,0,.,,0,,,5.46,2.60,0.69,1.39,3.74,4.97,5.06,4.54,BI,anti,.,0.97,4.60,2.80,3.81,2.97,3.85,3.27,3.99,0.00,5.88,0.63,5.64,0.40,37.90,0.32,C3'-endo
24,24,0.40,A,A,A,1,0,0,0,0,.,,0,,,4.86,3.25,1.04,1.50,3.63,4.56,5.36,4.10,BI,anti,.,2.94,4.50,2.89,3.50,3.10,3.60,3.33,3.68,0.07,5.86,0.61,5.70,0.33,35.59,0.22,C3'-endo
25,25,0.42,U,U,U,0,0,0,1,0,.,,0,,,5.64,2.62,1.06,2.54,4.42,5.08,5.62,4.46,..,anti,.,1.28,1.27,3.44,5.28,3.89,4.18,3.89,3.50,5.86,0.65,5.67,0.38,0.02,37.46,2.78,C2'-endo
26,26,0.43,G,G,G,0,0,1,0,0,.,,0,,,5.61,3.70,2.33,2.53,4.92,3.94,0.98,4.01,..,anti,.,0.34,0.43,5.63,4.49,0.34,3.96,0.96,4.34,5.88,0.65,5.66,0.41,6.28,37.83,2.82,C2'-endo
27,27,0.45,U,U,U,0,0,0,1,0,.,,0,,,1.06,4.67,5.44,2.42,3.99,3.77,0.23,4.98,..,anti,.,0.78,1.72,4.93,2.93,5.28,2.79,5.48,2.82,5.84,0.62,5.73,0.31,0.08,35.15,2.68,C2'-endo
28,28,0.47,C,C,C,0,1,0,0,0,.,,0,,,1.23,3.80,3.54,1.49,3.75,4.63,5.41,4.37,BI,anti,.,1.66,4.29,2.51,2.87,2.48,3.00,2.69,2.96,6.19,6.01,0.51,5.71,0.42,32.88,0.48,C3'-endo
29,29,0.48,C,C,C,0,1,0,0,0,.,,0,,,5.41,2.82,0.60,1.41,3.60,4.99,4.89,4.55,BI,anti,.,1.12,4.43,2.80,3.73,2.93,3.84,2.96,4.19,6.19,5.96,0.59,5.62,0.47,37.78,0.46,C3'-endo
30,30,0.50,G,G,G,0,0,1,0,0,.,,0,,,4.67,3.38,1.19,1.51,3.46,4.82,4.92,4.09,BI,anti,.,3.06,4.42,2.91,3.55,3.13,3.60,3.51,3.62,0.08,5.85,0.61,5.71,0.31,35.47,0.20,C3'-endo
31,31,0.52,C,C,C,0,1,0,0,0,.,,0,,,5.24,2.88,1.30,2.56,4.30,4.66,5.92,4.47,..,anti,.,1.37,1.32,3.46,5.42,3.87,4.25,3.84,3.54,5.85,0.66,5.65,0.40,0.02,38.58,2.79,C2'-endo
32,32,0.53,G,G,G,0,0,1,0,0,.,,0,,,1.49,2.83,0.89,2.54,4.76,4.29,0.46,4.19,..,anti,.,0.66,0.70,5.37,4.42,0.27,4.06,0.93,4.23,5.90,0.62,5.67,0.40,6.27,36.63,2.84,C2'-endo
33,33,0.55,U,U,U,0,0,0,1,0,.,,0,,,4.98,1.81,3.51,1.53,3.91,5.35,4.84,4.26,BI,anti,.,1.93,4.17,5.00,2.74,5.11,2.68,5.40,2.28,6.14,6.08,0.45,5.74,0.43,30.59,0.58,C3'-endo
34,34,0.57,C,C,C,0,1,0,0,0,.,,0,,,3.96,1.63,2.45,1.48,4.06,4.29,6.05,3.96,..,anti,B,2.84,4.34,2.70,2.93,2.68,3.17,2.36,3.48,6.20,6.00,0.51,5.71,0.42,33.00,0.47,C3'-endo
35,35,0.58,U,U,U,0,0,0,1,0,.,,0,,,6.10,2.35,0.34,1.35,3.98,4.76,5.50,4.35,BI,anti,.,1.51,4.52,2.93,3.78,3.12,3.85,3.47,4.09,6.16,5.98,0.58,5.61,0.50,38.13,0.50,C3'-endo
36,36,0.60,A,A,A,1,0,0,0,0,.,,0,,,4.70,3.02,1.23,1.48,3.56,4.74,5.10,4.00,BI,anti,.,3.25,4.48,2.74,3.51,2.96,3.55,3.28,3.58,0.03,5.88,0.61,5.67,0.37,36.30,0.28,C3'-endo
37,37,0.62,C,C,C,0,1,0,0,0,.,,0,,,5.38,2.80,1.24,2.54,4.57,4.95,5.90,4.41,..,anti,.,1.01,0.93,3.64,5.21,4.00,4.34,3.95,3.79,5.83,0.68,5.64,0.40,0.03,39.36,2.77,C2'-endo
38,38,0.63,C,C,C,0,1,0,0,0,.,,0,,,5.39,3.14,2.91,2.64,4.32,4.17,0.16,4.45,..,anti,.,0.80,1.15,5.68,4.43,0.17,4.12,0.73,4.14,5.99,0.59,5.65,0.48,6.16,36.85,3.00,C2'-endo
39,39,0.65,U,U,U,0,0,0,1,0,.,,0,,,2.21,4.48,5.19,1.46,3.62,5.10,4.80,4.33,BI,anti,.,2.04,4.33,5.02,2.90,5.39,2.47,5.70,1.82,6.16,6.02,0.51,5.69,0.45,33.89,0.52,C3'-endo
40,40,0.67,G,G,G,0,0,1,0,0,.,,0,,,2.84,2.23,1.00,1.35,3.63,4.56,5.35,4.01,BI,anti,.,3.14,4.61,0.03,3.48,0.59,3.17,0.76,3.43,6.26,5.88,0.64,5.61,0.44,39.22,0.35,C3'-endo
41,41,0.68,G,G,G,0,0,1,0,0,.,,0,,,5.58,2.72,3.00,1.48,4.53,5.54,5.27,5.41,..,anti,.,-3.65,4.71,5.53,4.27,5.29,4.02,4.85,3.04,0.08,5.84,0.61,5.71,0.31,35.54,0.19,C3'-endo
42,42,0.70,U,U,U,0,0,0,1,0,.,,0,,,4.81,2.99,5.70,1.44,3.90,4.25,5.93,3.56,..,anti,.,4.18,4.58,0.83,3.21,1.26,3.19,0.74,2.76,6.24,5.93,0.58,5.66,0.41,35.87,0.39,C3'-endo
43,43,0.72,U,U,U,0,0,0,1,0,.,,0,,,3.52,3.70,5.35,1.45,3.67,3.30,0.36,0.65,..,syn,.,-3.81,4.45,6.13,1.57,5.98,2.12,6.24,3.05,6.26,5.94,0.57,5.68,0.39,34.82,0.37,C3'-endo
44,44,0.73,C,C,C,0,1,0,0,0,.,,0,,,5.96,2.32,1.75,2.61,3.81,5.13,4.96,4.27,BI,anti,.,1.70,1.70,4.37,5.42,4.65,4.22,3.49,3.39,5.92,0.62,5.65,0.44,6.23,37.42,2.90,C2'-endo
45,45,0.75,A,A,A,1,0,0,0,0,.,,0,,,3.07,3.35,5.07,1.47,3.72,3.65,0.07,0.87,..,syn,.,-3.07,4.41,5.10,1.40,5.71,1.75,0.38,1.75,6.22,5.98,0.53,5.70,0.41,33.44,0.43,C3'-endo
46,46,0.77,C,C,C,0,1,0,0,0,(,60,1,cWW,cW-W,4.18,2.42,1.79,1.49,3.61,3.83,6.06,4.26,..,anti,.,2.32,4.39,2.95,3.08,2.83,2.75,2.79,2.19,6.26,5.96,0.53,5.73,0.36,32.18,0.36,C3'-endo
47,47,0.78,U,U,U,0,0,0,1,0,.,,0,,,2.51,3.84,2.59,1.46,3.74,5.46,4.57,3.97,BI,anti,.,3.30,4.59,2.35,4.26,2.41,3.96,2.17,4.06,0.03,5.89,0.59,5.69,0.36,35.14,0.28,C3'-endo
48,48,0.80,G,G,G,0,0,1,0,0,.,,0,,,4.64,3.55,0.55,1.30,3.14,0.45,2.69,3.87,..,anti,.,3.78,4.38,2.35,4.52,2.67,4.36,3.15,5.11,6.21,5.92,0.63,5.59,0.48,39.65,0.43,C3'-endo
49,49,0.82,C,C,C,0,1,0,0,0,.,,0,,,3.21,2.11,2.60,1.35,3.54,3.12,0.42,3.67,..,anti,.,4.15,4.52,2.72,1.59,3.19,2.22,4.23,2.70,6.20,5.94,0.61,5.61,0.47,38.69,0.44,C3'-endo
50,50,0.83,C,C,C,0,1,0,0,0,.,,0,,,2.73,4.06,4.07,1.38,4.01,0.64,3.37,3.66,..,anti,.,3.97,4.65,4.59,5.00,3.80,4.87,3.22,4.66,6.24,5.92,0.61,5.64,0.43,37.44,0.39,C3'-endo
51,51,0.85,G,G,G,0,0,1,0,0,.,,0,,,4.16,3.46,5.62,1.45,3.37,4.33,5.32,5.18,BI,anti,.,-1.45,4.48,0.94,2.78,1.58,2.42,2.17,1.69,0.03,5.88,0.61,5.68,0.36,36.12,0.28,C3'-endo
52,52,0.87,U,U,U,0,0,0,1,0,.,,0,,,1.67,2.96,2.69,1.42,3.98,5.65,4.61,4.62,..,anti,.,0.40,4.39,1.19,4.47,1.08,4.48,1.22,4.92,6.12,6.06,0.50,5.68,0.49,34.34,0.60,C3'-endo
53,53,0.88,G,G,G,0,0,1,0,0,.,,0,,,3.96,3.84,1.12,1.47,3.87,2.50,1.38,4.39,..,anti,.,1.54,4.52,2.33,1.66,2.96,1.44,3.52,0.86,6.24,5.96,0.55,5.70,0.40,33.92,0.40,C3'-endo
54,54,0.90,U,U,U,0,0,0,1,0,.,,0,,,1.75,2.24,3.17,2.55,4.50,2.51,1.99,3.66,BII,anti,.,0.98,1.02,2.78,0.82,2.55,0.51,2.99,0.00,5.93,0.60,5.68,0.41,6.24,35.75,2.88,C2'-endo
55,55,0.92,A,A,A,1,0,0,0,0,.,,0,,,4.97,4.63,3.72,1.46,4.24,4.76,5.75,4.53,..,anti,.,0.43,4.65,1.71,3.13,1.60,3.37,1.90,3.91,0.02,5.89,0.59,5.69,0.36,35.16,0.29,C3'-endo
56,56,0.93,G,G,G,0,0,1,0,0,.,57,1,cSH,cm+M,5.05,2.97,1.05,1.43,3.26,4.64,4.90,2.89,BI,anti,.,3.94,4.41,2.78,3.10,3.13,3.07,3.78,2.92,0.07,5.84,0.62,5.69,0.33,36.51,0.21,C3'-endo
57,57,0.95,G,G,G,0,0,1,0,0,.,56,1,cHS,cM+m,5.24,3.23,0.83,1.38,3.61,0.45,3.16,3.25,..,anti,.,4.67,4.66,3.10,5.17,2.99,5.02,2.80,5.66,0.10,5.79,0.68,5.64,0.34,39.89,0.18,C3'-endo
58,58,0.97,C,C,C,0,1,0,0,0,.,,0,,,3.24,2.21,2.88,1.42,3.58,3.19,0.39,3.56,..,anti,.,4.27,4.50,2.99,1.32,3.54,1.68,4.81,2.89,6.25,5.93,0.58,5.67,0.41,35.88,0.38,C3'-endo
59,59,0.98,A,A,A,1,0,0,0,0,.,,0,,,1.17,3.34,5.84,1.46,3.73,1.43,2.29,3.26,..,anti,.,4.61,4.63,4.46,5.90,3.98,5.60,2.98,5.80,0.07,5.86,0.60,5.71,0.32,35.09,0.22,C3'-endo
60,60,1.00,G,G,G,0,0,1,0,0,),46,1,cWW,cW-W,2.58,1.96,3.34,2.51,,,,5.05,n/a,anti,-,,,,,,,,,5.86,0.65,5.67,0.38,0.03,37.45,2.78,C2'-endo
