index_chain,old_nt_resnum,nt_position,nt_name,nt_code,nt_align_code,is_A,is_C,is_G,is_U,is_other,dbn,paired,nb_interact,pair_type_LW,pair_type_DSSR,alpha,beta,gamma,delta,epsilon,zeta,epsilon_zeta,chi,bb_type,glyco_bond,form,ssZp,Dp,eta,theta,eta_prime,theta_prime,eta_base,theta_base,v0,v1,v2,v3,v4,amplitude,phase_angle,puckering
1,1,0.05,C,C,C,0,1,0,0,0,),0,1,cWW,cW-W,,2.92,0.97,1.41,3.74,5.04,4.98,3.44,BI,anti,A,4.50,4.68,,3.83,,3.82,,4.15,0.07,5.83,0.65,5.66,0.34,37.83,0.21,C3'-endo
2,2,0.10,G,G,G,0,0,1,0,0,),0,1,cWW,cW-W,5.23,3.21,0.73,1.38,3.75,5.00,5.03,3.45,BI,anti,A,4.49,4.67,2.92,3.72,3.10,3.80,3.67,4.34,0.04,5.85,0.64,5.65,0.38,38.10,0.27,C3'-endo
3,3,0.14,U,U,U,0,0,0,1,0,),0,1,cWW,cW-W,5.33,2.98,0.84,1.37,3.78,4.97,5.10,3.52,BI,anti,A,4.37,4.67,2.96,3.73,3.20,3.74,3.92,4.20,0.02,5.86,0.64,5.63,0.40,38.52,0.30,C3'-endo
4,4,0.19,A,A,A,1,0,0,0,0,),0,1,cWW,cW-W,5.18,2.91,0.88,1.36,3.92,4.76,5.45,3.50,BI,anti,A,4.38,4.72,2.83,3.55,3.04,3.56,3.72,3.95,0.00,5.87,0.65,5.62,0.42,38.96,0.32,C3'-endo
5,5,0.24,C,C,C,0,1,0,0,0,),0,1,cWW,cW-W,5.03,2.28,1.56,1.39,3.76,5.01,5.03,3.45,BI,anti,A,4.48,4.67,2.89,3.77,3.20,3.64,3.85,4.05,0.04,5.84,0.65,5.65,0.38,38.31,0.26,C3'-endo
6,6,0.29,G,G,G,0,0,1,0,0,),0,1,cWW,cW-W,5.13,3.27,0.77,1.40,3.69,4.88,5.10,3.40,BI,anti,A,4.57,4.68,2.91,3.60,3.08,3.67,3.77,3.96,0.09,5.81,0.66,5.66,0.34,38.48,0.20,C3'-endo
7,7,0.33,C,C,C,0,1,0,0,0,),0,1,cWW,cW-W,5.40,2.91,0.86,1.38,3.73,5.02,4.99,3.54,BI,anti,A,4.35,4.66,3.02,3.78,3.20,3.80,3.65,4.32,0.02,5.86,0.64,5.64,0.39,38.14,0.30,C3'-endo
8,8,0.38,G,G,G,0,0,1,0,0,),0,1,cWW,cW-W,5.33,3.03,0.73,1.40,3.29,5.02,4.55,3.57,BI,anti,.,4.29,4.46,2.85,3.98,3.13,3.83,3.94,4.07,0.03,5.87,0.62,5.66,0.38,37.25,0.28,C3'-endo
9,9,0.43,G,G,G,0,0,1,0,0,),0,1,cWW,cW-W,2.63,3.55,3.16,1.41,4.12,4.69,5.71,3.19,..,anti,A,4.69,4.73,3.00,3.34,3.22,3.46,3.79,4.20,0.05,5.85,0.63,5.66,0.36,37.35,0.25,C3'-endo
10,10,0.48,A,A,A,1,0,0,0,0,),0,1,cWW,cW-W,5.41,2.66,0.86,1.41,3.67,4.99,4.97,3.38,BI,anti,A,4.55,4.64,2.83,3.78,3.13,3.73,4.08,4.07,0.05,5.85,0.63,5.66,0.36,37.53,0.25,C3'-endo
11,11,0.52,A,A,A,1,0,0,0,0,),0,1,cWW,cW-W,5.28,3.00,0.81,1.34,3.65,4.86,5.07,3.43,BI,anti,A,4.53,4.68,2.88,3.53,3.09,3.56,3.75,3.83,0.07,5.80,0.69,5.61,0.38,40.78,0.23,C3'-endo
12,12,0.57,U,U,U,0,0,0,1,0,),0,1,cWW,cW-W,5.33,2.74,1.12,1.37,3.97,4.78,5.47,3.36,BI,anti,A,4.55,4.71,3.11,3.73,3.29,3.73,3.72,4.17,0.02,5.86,0.64,5.63,0.40,38.52,0.30,C3'-endo
13,13,0.62,A,A,A,1,0,0,0,0,),0,1,cWW,cW-W,5.21,2.90,0.87,1.40,3.72,4.95,5.06,3.53,BI,anti,A,4.38,4.67,2.82,3.71,3.02,3.70,3.70,4.09,0.05,5.84,0.64,5.65,0.37,38.13,0.25,C3'-endo
14,14,0.67,C,C,C,0,1,0,0,0,),0,1,cWW,cW-W,5.11,2.87,1.06,1.37,3.78,5.12,4.94,3.48,BI,anti,A,4.46,4.69,2.90,3.89,3.12,3.89,3.76,4.39,0.03,5.85,0.65,5.63,0.39,38.87,0.28,C3'-endo
15,15,0.71,U,U,U,0,0,0,1,0,),0,1,cWW,cW-W,5.16,3.04,0.94,1.35,3.53,5.04,4.77,3.54,BI,anti,A,4.37,4.58,2.88,3.59,3.18,3.58,4.00,3.91,6.27,5.88,0.64,5.61,0.43,39.22,0.35,C3'-endo
16,16,0.76,U,U,U,0,0,0,1,0,),0,1,cWW,cW-W,5.15,3.14,0.82,1.36,3.66,4.90,5.05,3.61,BI,anti,A,4.24,4.66,2.90,3.55,3.04,3.59,3.56,3.98,0.03,5.85,0.66,5.62,0.40,39.25,0.28,C3'-endo
17,17,0.81,C,C,C,0,1,0,0,0,),0,1,cWW,cW-W,5.23,2.78,1.09,1.36,3.69,4.88,5.10,3.57,BI,anti,A,4.30,4.66,2.96,3.62,3.18,3.60,3.76,3.88,0.01,5.86,0.65,5.62,0.41,38.92,0.30,C3'-endo
18,18,0.86,G,G,G,0,0,1,0,0,),0,1,cWW,cW-W,5.26,3.00,0.86,1.40,3.66,5.19,4.75,3.43,BI,anti,A,4.51,4.63,2.94,3.87,3.10,3.88,3.61,4.38,0.03,5.86,0.63,5.65,0.38,37.74,0.28,C3'-endo
19,19,0.90,A,A,A,1,0,0,0,0,),0,1,cWW,cW-W,5.21,3.23,0.76,1.41,4.04,2.91,1.13,3.64,BII,anti,.,3.98,4.65,3.02,2.10,3.23,2.29,3.91,2.53,6.27,5.91,0.60,5.66,0.41,36.53,0.35,C3'-endo
20,20,0.95,U,U,U,0,0,0,1,0,.,,0,,,0.90,3.42,4.93,2.65,4.04,4.97,5.35,3.81,..,anti,.,1.36,1.43,4.02,5.07,3.64,5.23,3.09,5.91,5.97,0.60,5.64,0.48,6.18,37.33,2.97,C2'-endo
21,21,1.00,U,U,U,0,0,0,1,0,.,,0,,,2.71,4.38,2.77,1.42,,,,3.93,n/a,anti,-,,,,,,,,,0.09,5.82,0.64,5.67,0.33,37.62,0.20,C3'-endo
