index_chain,old_nt_resnum,nt_position,nt_name,nt_code,nt_align_code,is_A,is_C,is_G,is_U,is_other,dbn,paired,nb_interact,pair_type_LW,pair_type_DSSR,alpha,beta,gamma,delta,epsilon,zeta,epsilon_zeta,chi,bb_type,glyco_bond,form,ssZp,Dp,eta,theta,eta_prime,theta_prime,eta_base,theta_base,v0,v1,v2,v3,v4,amplitude,phase_angle,puckering
1,1,0.05,U,U,U,0,0,0,1,0,(,0,1,cWW,cW-W,,3.00,1.14,1.37,3.71,5.01,4.99,3.49,BI,anti,A,4.45,4.68,,3.74,,3.73,,4.15,0.04,5.84,0.65,5.64,0.38,38.81,0.27,C3'-endo
2,2,0.10,C,C,C,0,1,0,0,0,(,0,1,cWW,cW-W,5.16,3.02,0.93,1.36,3.93,4.87,5.34,3.47,BI,anti,A,4.43,4.73,2.95,3.76,3.14,3.83,3.79,4.35,0.03,5.85,0.66,5.62,0.40,39.31,0.28,C3'-endo
3,3,0.14,G,G,G,0,0,1,0,0,(,0,1,cWW,cW-W,5.27,2.90,0.94,1.39,3.61,5.04,4.85,3.48,BI,anti,A,4.44,4.60,2.90,3.71,3.16,3.69,3.91,4.06,0.01,5.87,0.63,5.65,0.39,37.69,0.31,C3'-endo
4,4,0.19,A,A,A,1,0,0,0,0,(,0,1,cWW,cW-W,5.14,3.05,0.94,1.37,3.50,5.07,4.71,3.47,BI,anti,A,4.47,4.59,2.89,3.60,3.12,3.60,3.77,3.93,0.02,5.85,0.65,5.63,0.40,38.90,0.29,C3'-endo
5,5,0.24,A,A,A,1,0,0,0,0,(,0,1,cWW,cW-W,5.11,3.13,0.91,1.37,3.70,4.97,5.01,3.47,BI,anti,A,4.48,4.67,2.94,3.66,3.10,3.70,3.64,4.08,0.04,5.84,0.66,5.63,0.39,39.04,0.27,C3'-endo
6,6,0.29,G,G,G,0,0,1,0,0,(,0,1,cWW,cW-W,5.17,2.83,1.14,1.39,3.67,4.95,5.00,3.31,BI,anti,A,4.53,4.56,2.97,3.67,3.23,3.66,3.85,4.11,6.25,5.92,0.60,5.64,0.43,37.11,0.38,C3'-endo
7,7,0.33,U,U,U,0,0,0,1,0,(,0,1,cWW,cW-W,5.18,2.95,0.99,1.38,3.74,5.00,5.02,3.54,BI,anti,A,4.33,4.65,2.96,3.75,3.18,3.75,3.88,4.10,0.02,5.87,0.64,5.64,0.40,38.19,0.30,C3'-endo
8,8,0.38,A,A,A,1,0,0,0,0,(,0,1,cWW,cW-W,5.12,2.99,0.98,1.38,3.44,5.72,4.00,3.61,BI,anti,.,4.22,4.48,2.87,4.09,3.13,3.86,3.73,4.13,6.24,5.92,0.60,5.64,0.43,37.11,0.39,C3'-endo
9,9,0.43,U,U,U,0,0,0,1,0,(,0,1,cWW,cW-W,3.61,2.31,2.63,1.42,3.90,4.90,5.28,3.28,BI,anti,A,4.65,4.71,2.93,3.15,3.13,3.32,3.74,3.99,0.07,5.83,0.63,5.68,0.34,37.12,0.21,C3'-endo
10,10,0.48,U,U,U,0,0,0,1,0,(,0,1,cWW,cW-W,5.32,2.85,0.93,1.41,3.80,5.00,5.08,3.38,BI,anti,A,4.55,4.68,2.95,3.84,3.23,3.83,4.08,4.29,0.06,5.84,0.64,5.66,0.36,37.83,0.24,C3'-endo
11,11,0.52,C,C,C,0,1,0,0,0,(,0,1,cWW,cW-W,5.22,2.94,0.93,1.35,3.58,4.89,4.98,3.49,BI,anti,A,4.42,4.60,2.87,3.52,3.14,3.52,3.91,3.82,0.00,5.86,0.65,5.62,0.42,39.29,0.32,C3'-endo
12,12,0.57,C,C,C,0,1,0,0,0,(,0,1,cWW,cW-W,5.32,2.99,0.85,1.38,3.58,5.07,4.78,3.54,BI,anti,A,4.38,4.63,2.98,3.69,3.13,3.70,3.62,4.07,0.06,5.83,0.66,5.64,0.37,38.73,0.24,C3'-endo
13,13,0.62,G,G,G,0,0,1,0,0,(,0,1,cWW,cW-W,5.17,3.04,0.93,1.40,3.80,4.95,5.13,3.44,BI,anti,A,4.48,4.67,2.97,3.74,3.17,3.76,3.78,4.25,0.03,5.86,0.63,5.65,0.38,37.56,0.28,C3'-endo
14,14,0.67,C,C,C,0,1,0,0,0,(,0,1,cWW,cW-W,5.08,2.82,1.14,1.38,3.79,5.05,5.02,3.45,BI,anti,A,4.46,4.65,2.89,3.84,3.15,3.81,3.89,4.34,6.27,5.89,0.62,5.64,0.41,37.94,0.34,C3'-endo
15,15,0.71,G,G,G,0,0,1,0,0,(,0,1,cWW,cW-W,5.09,3.04,0.93,1.36,3.54,4.99,4.83,3.41,BI,anti,A,4.53,4.61,2.80,3.56,3.08,3.56,3.93,3.80,0.02,5.86,0.65,5.62,0.40,39.08,0.30,C3'-endo
16,16,0.76,U,U,U,0,0,0,1,0,(,0,1,cWW,cW-W,5.25,3.04,0.89,1.35,3.74,4.91,5.11,3.53,BI,anti,A,4.37,4.67,3.01,3.63,3.15,3.66,3.57,4.10,0.02,5.85,0.65,5.62,0.40,39.18,0.30,C3'-endo
17,17,0.81,A,A,A,1,0,0,0,0,(,0,1,cWW,cW-W,5.23,2.87,0.96,1.37,3.69,4.90,5.07,3.46,BI,anti,A,4.48,4.67,2.90,3.66,3.12,3.66,3.77,4.07,0.03,5.85,0.65,5.63,0.39,38.88,0.28,C3'-endo
18,18,0.86,C,C,C,0,1,0,0,0,(,0,1,cWW,cW-W,5.39,2.86,0.89,1.38,3.59,4.82,5.06,3.49,BI,anti,A,4.42,4.60,2.98,4.03,3.21,3.85,3.87,4.14,0.02,5.87,0.63,5.64,0.39,38.04,0.30,C3'-endo
19,19,0.90,G,G,G,0,0,1,0,0,(,0,1,cWW,cW-W,2.60,3.47,3.19,1.50,4.16,4.78,5.66,3.28,..,anti,.,4.59,4.72,2.93,3.27,3.12,2.99,3.70,2.68,0.10,5.85,0.58,5.74,0.28,33.70,0.16,C3'-endo
20,20,0.95,U,U,U,0,0,0,1,0,.,,0,,,4.62,2.44,4.39,1.53,3.21,0.57,2.64,3.62,..,anti,.,4.28,4.52,5.71,4.31,5.64,4.18,5.42,4.56,0.26,5.71,0.66,5.76,0.17,37.76,6.21,C2'-exo
21,21,1.00,U,U,U,0,0,0,1,0,.,,0,,,4.06,4.91,5.89,1.46,,,,5.26,..,anti,-,,,,,,,,,0.12,5.80,0.64,5.69,0.30,37.11,0.14,C3'-endo
