index_chain,old_nt_resnum,nt_position,nt_name,nt_code,nt_align_code,is_A,is_C,is_G,is_U,is_other,dbn,paired,nb_interact,pair_type_LW,pair_type_DSSR,alpha,beta,gamma,delta,epsilon,zeta,epsilon_zeta,chi,bb_type,glyco_bond,form,ssZp,Dp,eta,theta,eta_prime,theta_prime,eta_base,theta_base,v0,v1,v2,v3,v4,amplitude,phase_angle,puckering
1,1,0.01,U,U,U,0,0,0,1,0,.,,0,,,,3.74,2.85,2.53,4.88,3.62,1.26,3.25,BII,anti,.,1.65,1.78,,3.83,,3.97,,4.39,6.21,0.34,5.83,0.42,6.06,26.39,3.31,C3'-exo
2,2,0.02,C,C,C,0,1,0,0,0,(,119,1,cWW,cW-W,0.05,2.01,6.20,1.38,3.50,5.01,4.77,3.85,BI,anti,A,3.81,4.63,2.55,3.69,3.01,3.74,3.45,4.22,0.03,5.86,0.64,5.64,0.39,38.11,0.28,C3'-endo
3,3,0.03,C,C,C,0,1,0,0,0,(,118,1,cWW,cW-W,5.27,2.97,0.93,1.45,3.86,4.74,5.40,3.55,BI,anti,A,4.29,4.67,3.07,3.64,3.27,3.62,3.91,3.67,0.07,5.85,0.61,5.69,0.33,35.86,0.22,C3'-endo
4,4,0.03,C,C,C,0,1,0,0,0,(,117,1,cWW,cW-W,5.20,2.75,0.96,1.31,3.66,5.12,4.83,3.47,BI,anti,A,4.47,4.65,2.79,3.79,2.96,3.80,3.25,4.43,6.26,5.88,0.66,5.59,0.45,40.67,0.36,C3'-endo
5,5,0.04,C,C,C,0,1,0,0,0,(,116,1,cWW,cW-W,5.25,2.94,1.03,1.31,3.93,4.72,5.49,3.47,BI,anti,A,4.40,4.74,3.03,3.60,3.31,3.64,4.22,3.95,0.05,5.82,0.68,5.62,0.39,40.18,0.25,C3'-endo
6,6,0.05,C,C,C,0,1,0,0,0,(,115,1,cWW,cW-W,5.38,2.82,0.85,1.39,3.77,4.88,5.18,3.43,BI,anti,.,4.43,4.64,2.94,3.70,3.10,3.74,3.58,4.46,0.03,5.85,0.64,5.64,0.39,38.35,0.28,C3'-endo
7,7,0.06,G,G,G,0,0,1,0,0,(,114,1,cWW,cW-W,5.33,2.76,1.00,1.40,3.90,5.93,4.25,3.43,..,anti,.,4.58,4.80,2.99,4.48,3.26,4.27,4.25,4.38,0.14,5.77,0.67,5.68,0.29,38.45,0.11,C3'-endo
8,8,0.07,U,U,U,0,0,0,1,0,(,113,1,cWW,cW-W,3.96,1.93,2.94,1.48,3.82,5.95,4.16,3.44,..,anti,.,4.41,4.57,3.33,3.49,3.54,3.32,4.06,3.64,0.01,5.92,0.55,5.72,0.35,33.25,0.30,C3'-endo
9,9,0.07,G,G,G,0,0,1,0,0,(,112,1,cWW,cW-W,3.60,1.59,2.63,1.47,4.24,4.93,5.60,3.07,..,anti,.,4.83,4.83,2.51,3.24,2.73,3.48,3.25,4.32,0.18,5.75,0.66,5.71,0.25,37.90,0.05,C3'-endo
10,10,0.08,C,C,C,0,1,0,0,0,(,111,1,cWW,cW-W,5.20,2.77,1.09,1.39,3.71,4.88,5.12,3.25,BI,anti,.,4.64,4.67,2.80,3.69,3.22,3.67,4.37,3.62,0.08,5.81,0.67,5.64,0.36,39.45,0.22,C3'-endo
11,11,0.09,C,C,C,0,1,0,0,0,(,110,1,cWW,cW-W,4.60,3.18,1.35,1.48,4.46,4.67,6.08,3.65,..,anti,.,3.65,4.54,3.09,4.28,3.15,4.54,3.22,5.29,6.26,5.95,0.54,5.71,0.37,33.31,0.36,C3'-endo
12,12,0.10,C,C,C,0,1,0,0,0,.,,0,,,5.77,2.28,1.16,2.50,3.40,3.91,5.77,3.55,..,anti,.,1.70,2.21,2.64,3.85,3.87,2.95,4.90,3.07,5.90,0.61,5.69,0.38,6.28,35.69,2.81,C2'-endo
13,13,0.11,A,A,A,1,0,0,0,0,.,69,1,tWS,tW+m,0.29,3.74,0.62,1.45,3.93,4.03,6.18,3.22,..,anti,.,4.71,4.72,4.79,3.31,4.56,2.86,4.39,3.67,0.06,5.86,0.60,5.71,0.33,35.10,0.22,C3'-endo
14,14,0.12,U,U,U,0,0,0,1,0,.,,0,,,1.44,3.65,0.96,2.52,4.20,5.02,5.47,5.44,..,anti,.,0.47,1.38,6.11,5.65,0.04,5.22,5.17,5.56,5.87,0.64,5.69,0.38,0.02,36.63,2.78,C2'-endo
15,15,0.12,A,A,A,1,0,0,0,0,.,,0,,,3.69,3.84,1.41,2.55,4.90,4.79,0.11,3.93,..,anti,.,0.36,0.42,2.35,5.51,3.39,5.28,3.45,5.87,5.89,0.63,5.67,0.40,6.28,37.07,2.82,C2'-endo
16,16,0.13,G,G,G,0,0,1,0,0,(,68,1,cWW,cW-W,5.54,2.38,0.88,1.33,4.00,4.75,5.53,3.00,BI,anti,A,4.66,4.69,2.50,3.77,3.39,3.77,4.01,4.12,6.26,5.90,0.62,5.63,0.43,38.01,0.37,C3'-endo
17,17,0.14,C,C,C,0,1,0,0,0,(,"67,109",2,"cWW,tHW","cW-W,tM+W",5.30,3.03,0.81,1.41,4.03,5.01,5.30,3.30,BI,anti,.,4.60,4.71,3.03,3.96,3.13,4.05,3.69,4.89,0.01,5.90,0.59,5.68,0.38,35.43,0.32,C3'-endo
18,18,0.15,G,G,G,0,0,1,0,0,(,65,1,cWW,cW-W,5.19,2.61,1.20,1.34,4.14,4.60,5.82,3.37,..,anti,A,4.55,4.82,2.91,3.64,3.31,3.65,4.46,4.11,0.08,5.80,0.68,5.63,0.36,39.75,0.21,C3'-endo
19,19,0.16,G,G,G,0,0,1,0,0,(,64,1,cWW,cW-W,5.20,2.50,1.12,1.42,3.85,4.92,5.21,3.26,BI,anti,A,4.68,4.73,2.80,3.89,3.07,3.81,3.82,4.14,0.11,5.80,0.65,5.68,0.31,37.85,0.16,C3'-endo
20,20,0.17,C,C,C,0,1,0,0,0,(,63,1,cWW,cW-W,5.35,2.89,0.98,1.31,3.74,4.87,5.16,3.33,BI,anti,.,4.59,4.66,3.01,4.14,3.25,4.01,3.95,4.56,0.02,5.84,0.68,5.60,0.42,40.59,0.30,C3'-endo
21,21,0.17,G,G,G,0,0,1,0,0,(,"61,62",2,"cWW,cWW","cW-W,cW-W",2.85,3.54,2.90,1.44,4.09,4.14,6.23,3.26,..,anti,A,4.74,4.83,2.75,3.25,3.09,3.35,4.00,3.91,0.11,5.79,0.66,5.67,0.32,38.47,0.17,C3'-endo
22,22,0.18,U,U,U,0,0,0,1,0,.,61,1,cWW,cW-W,6.04,2.04,0.73,1.35,3.62,4.89,5.02,3.61,BI,anti,A,4.22,4.58,2.86,3.79,3.16,3.68,3.92,3.82,0.01,5.84,0.68,5.60,0.42,40.79,0.31,C3'-endo
23,23,0.19,G,G,G,0,0,1,0,0,(,60,1,cWW,cW-W,5.09,3.09,0.98,1.37,4.45,4.22,0.23,3.67,..,anti,.,3.61,4.74,3.13,3.46,3.17,3.75,3.49,3.06,0.04,5.86,0.63,5.66,0.37,37.49,0.27,C3'-endo
24,24,0.20,G,G,G,0,0,1,0,0,.,27,1,tSW,tm+W,5.01,2.79,1.11,2.41,4.43,2.71,1.71,4.90,BII,anti,.,0.13,1.79,3.24,2.19,3.39,1.50,2.66,1.22,6.00,0.47,5.81,0.32,6.25,28.10,2.88,C2'-endo
25,25,0.21,A,A,A,1,0,0,0,0,.,,0,,,3.24,2.21,0.72,1.46,3.98,5.06,5.21,3.01,BI,anti,.,4.47,4.53,1.43,4.26,1.47,4.22,1.74,4.58,6.22,5.99,0.52,5.71,0.40,33.03,0.43,C3'-endo
26,26,0.22,A,A,A,1,0,0,0,0,.,,0,,,5.40,2.79,1.01,1.31,4.56,4.76,6.09,3.26,..,anti,.,4.32,4.53,3.18,4.08,3.51,4.13,4.28,5.10,6.19,5.97,0.59,5.62,0.48,37.69,0.47,C3'-endo
27,27,0.23,C,C,C,0,1,0,0,0,.,24,1,tWS,tW+m,5.17,2.47,1.06,1.35,3.75,5.04,4.99,3.49,BI,anti,A,4.45,4.66,2.47,3.87,2.93,3.79,4.21,4.38,6.28,5.88,0.63,5.63,0.41,38.36,0.33,C3'-endo
28,28,0.23,C,C,C,0,1,0,0,0,(,56,1,cWW,cW-W,5.10,3.10,0.82,1.36,3.66,5.06,4.89,3.52,BI,anti,A,4.43,4.69,2.75,3.70,2.99,3.80,3.93,4.46,0.12,5.78,0.69,5.65,0.32,39.82,0.15,C3'-endo
29,29,0.24,A,A,A,1,0,0,0,0,(,"55,58",2,"cWW,cSW","cW-W,cm-W",5.15,2.94,1.23,1.47,4.09,4.96,5.41,3.56,..,anti,.,4.20,4.73,3.21,3.85,3.47,3.71,4.28,3.96,0.09,5.84,0.61,5.71,0.31,35.30,0.19,C3'-endo
30,30,0.25,C,C,C,0,1,0,0,0,(,"54,57",2,"cWW,cSW","cW-W,cm-W",4.65,2.18,1.79,1.40,4.28,5.22,5.34,3.52,..,anti,.,4.20,4.79,2.77,4.22,3.04,4.23,3.63,4.98,0.12,5.77,0.69,5.65,0.32,39.78,0.15,C3'-endo
31,31,0.26,C,C,C,0,1,0,0,0,(,"51,53",2,"cWW,cSW","cW-W,cm-W",5.13,2.78,1.20,1.45,3.93,5.14,5.07,3.40,BI,anti,A,4.57,4.76,2.83,4.14,3.44,4.08,4.68,4.45,0.14,5.79,0.64,5.70,0.28,37.09,0.12,C3'-endo
32,32,0.27,C,C,C,0,1,0,0,0,(,50,1,cWW,cW-W,4.75,3.41,0.94,1.44,4.16,4.80,5.64,3.50,..,anti,.,4.23,4.66,2.85,3.80,3.08,3.88,3.70,4.56,0.02,5.90,0.59,5.69,0.36,35.11,0.29,C3'-endo
33,33,0.28,G,G,G,0,0,1,0,0,(,49,1,cWW,cW-W,4.88,2.38,1.53,1.45,4.26,4.38,6.17,3.20,..,anti,.,4.67,4.74,2.89,3.53,3.20,3.62,4.09,4.07,0.07,5.84,0.62,5.69,0.33,36.25,0.22,C3'-endo
34,34,0.28,U,U,U,0,0,0,1,0,.,36,1,cSH,cm+M,5.20,2.41,1.38,2.51,3.99,2.29,1.70,3.91,..,anti,.,1.80,1.79,3.07,2.57,3.67,1.88,4.20,1.69,5.99,0.53,5.72,0.41,6.21,32.65,2.94,C2'-endo
35,35,0.29,U,U,U,0,0,0,1,0,.,,0,,,5.85,2.25,5.70,1.46,3.73,4.99,5.02,3.60,BI,anti,.,4.10,4.52,2.48,3.63,2.20,3.80,2.14,4.44,0.00,5.92,0.57,5.70,0.37,34.15,0.32,C3'-endo
36,36,0.30,C,C,C,0,1,0,0,0,.,"34,49",2,"cHS,cWS","cM+m,cW-m",5.34,2.99,0.73,1.38,4.01,4.73,5.57,3.45,BI,anti,A,4.41,4.72,2.96,3.67,3.18,3.74,3.89,4.09,0.04,5.85,0.64,5.65,0.37,37.78,0.27,C3'-endo
37,37,0.31,C,C,C,0,1,0,0,0,.,48,1,cWS,cW-m,5.26,2.81,0.95,1.33,4.08,5.22,5.14,3.46,..,anti,.,4.42,4.78,2.91,4.20,3.06,4.29,3.55,5.21,0.03,5.83,0.68,5.61,0.41,40.41,0.28,C3'-endo
38,38,0.32,C,C,C,0,1,0,0,0,(,44,1,cWW,cW-W,5.08,2.91,1.09,1.35,3.73,5.04,4.97,3.59,BI,anti,A,4.29,4.74,2.74,3.80,3.26,3.81,4.60,4.47,0.09,5.79,0.68,5.64,0.35,39.78,0.19,C3'-endo
39,39,0.33,A,A,A,1,0,0,0,0,.,,0,,,5.19,3.03,0.98,1.44,3.52,4.36,5.44,3.53,BI,anti,.,4.43,4.66,2.92,3.06,3.22,3.23,4.20,2.84,0.17,5.75,0.68,5.69,0.27,38.89,0.08,C3'-endo
40,40,0.33,U,U,U,0,0,0,1,0,.,45,1,tSH,tm-M,5.32,2.99,1.15,2.60,3.91,5.89,4.30,4.09,..,anti,.,1.78,1.74,3.32,6.04,3.57,5.14,3.03,3.97,5.93,0.61,5.67,0.43,6.23,36.38,2.90,C2'-endo
41,41,0.34,U,U,U,0,0,0,1,0,.,,0,,,4.35,3.78,3.00,1.56,5.34,5.52,6.11,3.22,..,anti,.,4.07,4.37,5.14,5.69,5.87,5.28,0.77,5.38,0.13,5.84,0.58,5.76,0.25,33.35,0.11,C3'-endo
42,42,0.35,C,C,C,0,1,0,0,0,.,,0,,,2.83,2.42,2.99,1.40,4.14,5.17,5.26,3.22,..,anti,.,4.63,4.69,1.89,3.44,2.44,3.66,3.21,4.54,0.01,5.90,0.60,5.67,0.38,36.22,0.32,C3'-endo
43,43,0.36,C,C,C,0,1,0,0,0,.,,0,,,5.13,3.05,0.97,1.46,4.15,4.34,6.09,3.57,..,anti,.,3.88,4.41,2.94,4.03,3.31,3.99,4.31,4.47,6.17,6.02,0.52,5.68,0.45,34.06,0.51,C3'-endo
44,44,0.37,G,G,G,0,0,1,0,0,),"38,47",2,"cWW,tSW","cW-W,tm+W",0.28,2.18,2.10,2.51,4.08,2.63,1.45,4.70,BII,anti,.,1.15,1.66,5.37,1.55,5.63,1.31,5.36,1.26,5.93,0.59,5.70,0.39,6.25,34.75,2.86,C2'-endo
45,45,0.38,A,A,A,1,0,0,0,0,.,40,1,tHS,tM-m,3.30,2.87,0.84,1.48,4.08,5.00,5.36,3.03,..,anti,.,4.59,4.62,1.88,4.19,1.73,4.27,1.88,5.07,0.01,5.91,0.58,5.70,0.36,34.54,0.30,C3'-endo
46,46,0.38,A,A,A,1,0,0,0,0,.,,0,,,5.39,2.77,0.85,1.47,3.83,5.12,5.00,3.33,BI,anti,.,4.37,4.46,2.85,4.06,3.31,4.01,4.51,4.81,6.21,5.98,0.54,5.69,0.43,34.19,0.45,C3'-endo
47,47,0.39,C,C,C,0,1,0,0,0,.,44,1,tWS,tW+m,4.78,3.05,1.02,1.40,3.75,5.25,4.78,3.52,BI,anti,.,4.36,4.61,2.63,3.99,2.96,4.01,4.09,4.57,6.25,5.92,0.60,5.65,0.42,36.82,0.37,C3'-endo
48,48,0.40,A,A,A,1,0,0,0,0,.,37,1,cSW,cm-W,5.05,2.93,1.17,1.28,4.05,4.67,5.66,3.33,..,anti,.,4.56,4.73,2.96,3.63,3.31,3.77,4.20,4.74,0.02,5.82,0.70,5.58,0.43,41.97,0.29,C3'-endo
49,49,0.41,C,C,C,0,1,0,0,0,),"33,36",2,"cWW,cSW","cW-W,cm-W",5.44,2.71,0.98,1.47,3.73,4.76,5.25,3.89,BI,anti,.,3.50,4.64,3.01,3.62,3.29,3.48,4.39,3.35,0.10,5.84,0.61,5.72,0.29,35.18,0.16,C3'-endo
50,50,0.42,G,G,G,0,0,1,0,0,),32,1,cWW,cW-W,5.11,2.75,0.95,1.29,3.81,4.44,5.66,3.50,BI,anti,.,4.38,4.74,2.70,4.03,2.81,4.00,2.99,4.45,0.05,5.80,0.71,5.58,0.41,42.37,0.26,C3'-endo
51,51,0.42,G,G,G,0,0,1,0,0,),"31,53",2,"cWW,c.H","cW-W,c.+M",2.40,4.30,3.31,1.48,4.33,4.67,5.94,2.88,..,anti,.,4.23,4.41,3.29,3.57,3.54,3.76,4.31,4.43,6.21,5.99,0.52,5.71,0.40,32.70,0.44,C3'-endo
52,52,0.43,A,A,A,1,0,0,0,0,.,,0,,,5.63,2.96,0.66,2.52,4.83,2.13,2.70,4.32,..,anti,.,0.40,1.03,3.39,2.61,3.86,2.23,4.53,2.17,6.02,0.50,5.74,0.41,6.19,31.37,2.99,C2'-endo
53,53,0.44,A,A,A,1,0,0,0,0,.,"31,51",2,"cWS,cH.","cW-m,cM+.",2.62,3.45,1.34,1.38,3.50,5.15,4.63,3.45,BI,anti,.,4.55,4.68,2.05,3.74,1.91,3.78,2.13,4.38,0.07,5.81,0.67,5.63,0.36,39.41,0.22,C3'-endo
54,54,0.45,G,G,G,0,0,1,0,0,),30,1,cWW,cW-W,5.12,3.05,1.02,1.47,4.03,4.75,5.57,3.02,..,anti,.,4.84,4.81,3.13,3.94,3.38,4.02,4.26,4.31,0.16,5.79,0.62,5.73,0.25,35.73,0.08,C3'-endo
55,55,0.46,U,U,U,0,0,0,1,0,),29,1,cWW,cW-W,5.69,2.63,0.95,1.33,3.65,4.76,5.18,3.34,BI,anti,.,4.62,4.64,3.12,3.53,3.47,3.57,4.11,3.09,6.28,5.87,0.65,5.62,0.42,39.25,0.33,C3'-endo
56,56,0.47,G,G,G,0,0,1,0,0,),"28,59",2,"cWW,tSW","cW-W,tm+W",5.60,2.81,0.98,2.48,4.76,0.93,3.83,4.08,..,anti,.,0.76,0.75,3.67,1.52,3.96,1.34,3.47,1.53,5.79,0.71,5.64,0.38,0.07,40.28,2.72,C2'-endo
57,57,0.47,A,A,A,1,0,0,0,0,.,30,1,cWS,cW-m,3.34,4.21,0.85,1.51,3.64,5.27,4.65,3.00,BI,anti,A,4.40,4.54,2.39,4.04,2.28,4.16,2.31,4.76,0.09,5.86,0.57,5.75,0.28,33.24,0.17,C3'-endo
58,58,0.48,A,A,A,1,0,0,0,0,.,29,1,cWS,cW-m,4.91,3.42,0.89,1.41,4.02,4.72,5.59,3.62,..,anti,.,4.12,4.80,2.98,3.88,3.24,4.02,4.02,4.84,0.11,5.80,0.65,5.68,0.31,37.63,0.16,C3'-endo
59,59,0.49,A,A,A,1,0,0,0,0,.,56,1,tWS,tW+m,5.78,2.53,0.69,1.43,3.92,5.03,5.17,3.38,BI,anti,.,4.62,4.77,2.92,4.06,3.27,4.09,4.35,4.83,0.13,5.79,0.64,5.70,0.28,37.18,0.12,C3'-endo
60,60,0.50,C,C,C,0,1,0,0,0,),23,1,cWW,cW-W,5.11,2.91,1.00,1.43,3.57,5.20,4.66,3.33,BI,anti,A,4.63,4.65,2.76,3.92,3.17,3.90,4.37,4.54,0.11,5.78,0.68,5.65,0.32,39.38,0.16,C3'-endo
61,61,0.51,G,G,G,0,0,1,0,0,.,"21,22",2,"cWW,cWW","cW-W,cW-W",5.01,3.23,0.98,1.43,4.12,4.61,5.79,3.33,..,anti,A,4.61,4.79,3.08,3.70,3.29,3.74,4.22,3.85,0.14,5.78,0.66,5.69,0.29,37.87,0.12,C3'-endo
62,62,0.52,C,C,C,0,1,0,0,0,),21,1,cWW,cW-W,5.28,2.38,1.23,1.38,4.32,4.65,5.95,3.38,..,anti,.,4.36,4.68,3.03,4.37,3.22,4.11,3.51,4.25,6.27,5.89,0.62,5.64,0.42,37.73,0.34,C3'-endo
63,63,0.53,G,G,G,0,0,1,0,0,),20,1,cWW,cW-W,1.60,4.05,3.98,1.42,3.76,4.70,5.35,3.15,BI,anti,A,4.35,4.41,3.01,3.32,3.21,3.40,3.74,4.26,6.16,6.02,0.53,5.67,0.47,34.97,0.52,C3'-endo
64,64,0.53,C,C,C,0,1,0,0,0,),19,1,cWW,cW-W,2.92,3.68,2.65,1.49,4.79,5.18,5.89,3.19,..,anti,.,4.20,4.38,2.84,4.04,3.10,3.78,4.07,3.90,6.23,5.97,0.53,5.70,0.40,33.34,0.41,C3'-endo
65,65,0.54,C,C,C,0,1,0,0,0,),18,1,cWW,cW-W,4.56,1.19,2.60,1.52,2.98,0.64,2.34,3.10,..,anti,.,3.66,4.01,3.42,3.96,3.25,4.50,3.65,5.03,0.03,5.94,0.51,5.78,0.30,30.34,0.27,C3'-endo
66,66,0.55,A,A,A,1,0,0,0,0,.,68,1,cSH,cm+M,3.71,3.98,1.03,2.43,4.65,2.13,2.52,4.84,..,anti,.,0.21,1.27,2.98,2.36,3.84,1.90,4.64,1.79,5.94,0.55,5.75,0.35,6.28,32.12,2.82,C2'-endo
67,67,0.56,G,G,G,0,0,1,0,0,),"17,109",2,"cWW,tHW","cW-W,tM-W",2.94,3.09,0.88,1.49,3.92,4.80,5.41,3.12,BI,anti,A,4.70,4.72,1.76,3.83,1.66,3.89,1.92,4.23,0.11,5.83,0.59,5.74,0.27,34.42,0.14,C3'-endo
68,68,0.57,C,C,C,0,1,0,0,0,),"16,66",2,"cWW,cHS","cW-W,cM+m",5.37,2.78,1.02,1.35,4.05,4.86,5.47,3.37,BI,anti,.,4.57,4.77,3.07,3.86,3.31,3.90,3.90,4.79,0.05,5.82,0.67,5.62,0.39,39.85,0.25,C3'-endo
69,69,0.57,G,G,G,0,0,1,0,0,(,"13,108",2,"tSW,cWW","tm+W,cW-W",5.16,2.81,0.95,1.49,3.89,4.93,5.24,3.25,BI,anti,A,4.72,4.77,2.78,4.02,3.10,4.02,4.31,4.62,0.19,5.75,0.66,5.71,0.24,37.95,0.05,C3'-endo
70,70,0.58,C,C,C,0,1,0,0,0,(,107,1,cWW,cW-W,5.52,2.76,0.80,1.34,4.23,4.34,6.18,3.47,..,anti,.,4.26,4.76,3.06,3.62,3.35,3.72,4.29,4.24,0.02,5.85,0.66,5.62,0.41,39.68,0.29,C3'-endo
71,71,0.59,C,C,C,0,1,0,0,0,(,106,1,cWW,cW-W,5.62,2.19,1.04,1.31,4.00,5.25,5.03,3.12,BI,anti,.,4.73,4.77,2.94,4.29,3.18,4.23,3.92,5.12,0.08,5.79,0.70,5.61,0.37,40.90,0.21,C3'-endo
72,72,0.60,G,G,G,0,0,1,0,0,.,"104,105",2,"tSH,tSH","tm-M,tm-M",5.10,3.26,0.68,1.39,3.53,3.50,0.03,3.31,..,anti,.,4.67,4.66,2.65,2.64,3.05,2.50,4.51,2.50,0.13,5.77,0.69,5.65,0.31,39.97,0.14,C3'-endo
73,73,0.61,A,A,A,1,0,0,0,0,.,104,1,tHW,tM-W,1.52,4.49,3.82,1.56,4.04,5.34,4.98,2.83,..,anti,.,4.37,4.58,3.71,3.51,3.29,3.72,2.94,4.56,0.06,5.91,0.52,5.78,0.29,30.61,0.23,C3'-endo
74,74,0.62,U,U,U,0,0,0,1,0,.,103,1,tHW,tM-W,4.78,2.98,1.10,1.39,4.05,5.05,5.27,3.23,BI,anti,.,4.54,4.61,2.64,4.05,3.14,4.13,4.31,5.15,6.25,5.91,0.61,5.63,0.43,37.88,0.38,C3'-endo
75,75,0.62,G,G,G,0,0,1,0,0,.,,0,,,5.20,2.86,1.00,1.40,4.02,4.95,5.35,3.59,BI,anti,.,4.09,4.68,2.86,3.95,3.26,3.95,4.58,4.61,6.27,5.90,0.61,5.65,0.41,37.23,0.35,C3'-endo
76,76,0.63,G,G,G,0,0,1,0,0,.,"101,102",2,"tWH,cWW","tW-M,cW-W",5.11,2.79,1.11,1.36,3.75,4.97,5.06,3.49,BI,anti,A,4.46,4.71,2.81,3.73,3.14,3.74,4.10,4.25,0.03,5.85,0.64,5.64,0.39,38.20,0.28,C3'-endo
77,77,0.64,U,U,U,0,0,0,1,0,.,100,1,tWH,tW-M,5.30,2.77,1.09,1.33,3.76,4.83,5.22,3.52,BI,anti,A,4.40,4.74,3.01,3.61,3.33,3.61,4.14,4.04,0.09,5.78,0.71,5.61,0.37,41.44,0.20,C3'-endo
78,78,0.65,A,A,A,1,0,0,0,0,.,99,1,tHS,tM-m,5.36,2.95,0.92,1.40,3.96,5.17,5.07,3.41,BI,anti,.,4.57,4.80,3.08,4.13,3.22,4.23,3.83,4.96,0.10,5.80,0.66,5.67,0.32,38.26,0.17,C3'-endo
79,79,0.66,C,C,C,0,1,0,0,0,(,98,1,cWW,cW-W,5.26,2.88,1.08,1.37,3.83,5.14,4.98,3.56,BI,anti,A,4.33,4.75,2.93,3.96,3.41,3.96,4.56,4.35,0.10,5.78,0.69,5.63,0.35,40.32,0.18,C3'-endo
80,80,0.67,U,U,U,0,0,0,1,0,(,97,1,cWW,cW-W,5.08,2.84,1.34,1.32,3.51,4.60,5.19,3.53,BI,anti,.,4.40,4.56,2.98,3.13,3.38,3.16,4.13,3.53,6.21,5.92,0.64,5.59,0.49,40.25,0.42,C3'-endo
81,81,0.68,G,G,G,0,0,1,0,0,(,96,1,cWW,cW-W,5.10,3.28,0.77,1.44,3.86,5.33,4.81,3.25,BI,anti,.,4.80,4.82,3.02,4.18,2.90,4.27,3.25,5.00,0.19,5.73,0.68,5.70,0.25,38.80,0.04,C3'-endo
82,82,0.68,G,G,G,0,0,1,0,0,(,95,1,cWW,cW-W,5.05,3.18,0.92,1.37,3.64,5.01,4.91,3.47,BI,anti,A,4.45,4.66,2.79,3.67,3.22,3.71,4.40,4.01,0.09,5.78,0.71,5.61,0.37,41.39,0.21,C3'-endo
83,83,0.69,G,G,G,0,0,1,0,0,(,94,1,cWW,cW-W,5.24,3.11,0.88,1.41,3.43,5.06,4.65,3.25,BI,anti,.,4.57,4.51,2.94,4.03,3.15,3.89,3.71,4.30,6.25,5.91,0.62,5.63,0.43,37.88,0.37,C3'-endo
84,84,0.70,C,C,C,0,1,0,0,0,(,93,1,cWW,cW-W,2.99,3.27,2.90,1.39,4.01,4.72,5.57,3.25,BI,anti,A,4.73,4.80,2.84,3.31,3.09,3.36,3.83,3.87,0.11,5.79,0.67,5.66,0.32,38.83,0.16,C3'-endo
85,85,0.71,G,G,G,0,0,1,0,0,(,92,1,cWW,cW-W,5.29,2.59,1.06,1.33,3.67,5.12,4.83,3.25,BI,anti,.,4.66,4.66,2.80,3.83,3.07,3.78,3.84,4.03,0.07,5.80,0.69,5.61,0.38,40.81,0.23,C3'-endo
86,86,0.72,G,G,G,0,0,1,0,0,(,91,1,cWW,cW-W,5.14,3.01,1.21,1.28,4.23,3.93,0.30,3.01,..,anti,A,4.59,4.67,3.18,3.74,3.39,3.67,3.94,4.24,6.25,5.86,0.69,5.55,0.48,42.52,0.37,C3'-endo
87,87,0.72,G,G,G,0,0,1,0,0,.,90,1,tSH,tm-M,2.16,4.22,3.02,1.40,4.56,5.06,5.78,3.01,..,anti,.,4.95,4.94,2.73,4.49,2.90,3.47,3.68,2.30,0.19,5.72,0.70,5.67,0.26,40.19,0.06,C3'-endo
88,88,0.73,C,C,C,0,1,0,0,0,.,,0,,,3.16,2.28,0.84,1.42,4.29,4.63,5.94,3.11,..,anti,.,4.76,4.82,0.13,4.08,0.92,4.11,0.53,4.81,0.15,5.75,0.68,5.67,0.29,39.37,0.10,C3'-endo
89,89A,0.74,G,G,G,0,0,1,0,0,.,,0,,,5.50,2.22,1.25,1.40,3.88,4.68,5.48,3.45,BI,anti,.,4.36,4.61,2.93,3.76,3.40,3.65,4.59,4.25,6.26,5.92,0.60,5.65,0.42,36.84,0.37,C3'-endo
90,89B,0.75,A,A,A,1,0,0,0,0,.,87,1,tHS,tM-m,5.53,2.76,0.62,1.42,3.56,6.26,3.58,3.76,..,anti,.,3.93,4.63,2.81,4.89,3.05,4.92,3.98,5.35,0.13,5.79,0.65,5.68,0.30,37.84,0.14,C3'-endo
91,90,0.76,C,C,C,0,1,0,0,0,),86,1,cWW,cW-W,3.76,2.76,2.46,1.47,3.37,5.13,4.52,3.35,BI,anti,A,4.50,4.50,3.12,3.23,3.91,3.26,5.04,3.50,0.09,5.85,0.59,5.73,0.29,34.33,0.18,C3'-endo
92,91,0.77,C,C,C,0,1,0,0,0,),85,1,cWW,cW-W,4.80,3.33,1.06,1.44,3.43,5.07,4.65,3.63,BI,anti,.,4.26,4.56,2.94,3.62,3.13,3.61,3.53,4.03,0.09,5.82,0.64,5.68,0.32,37.10,0.19,C3'-endo
93,92,0.78,G,G,G,0,0,1,0,0,),84,1,cWW,cW-W,4.98,3.02,1.15,1.42,3.91,4.62,5.58,3.06,BI,anti,A,4.81,4.81,3.01,3.60,3.19,3.65,3.88,3.85,0.15,5.75,0.69,5.67,0.29,39.51,0.10,C3'-endo
94,93,0.78,C,C,C,0,1,0,0,0,),83,1,cWW,cW-W,5.41,2.76,0.92,1.35,3.67,4.97,4.98,3.31,BI,anti,A,4.67,4.69,2.96,3.73,3.14,3.73,3.58,4.05,0.07,5.80,0.69,5.62,0.37,40.42,0.22,C3'-endo
95,94,0.79,C,C,C,0,1,0,0,0,),82,1,cWW,cW-W,5.31,3.08,0.95,1.41,3.98,4.86,5.40,3.51,BI,anti,A,4.33,4.72,3.16,3.84,3.30,3.87,3.81,4.39,0.05,5.86,0.62,5.67,0.36,36.73,0.25,C3'-endo
96,95,0.80,U,U,U,0,0,0,1,0,),81,1,cWW,cW-W,5.29,2.76,0.84,1.30,3.79,4.87,5.21,3.42,BI,anti,A,4.54,4.71,2.73,3.62,3.00,3.59,3.83,3.83,0.06,5.80,0.71,5.58,0.40,42.23,0.25,C3'-endo
97,96,0.81,G,G,G,0,0,1,0,0,),80,1,cWW,cW-W,5.16,2.88,0.95,1.31,3.70,5.07,4.91,3.37,BI,anti,A,4.65,4.75,2.77,3.74,2.92,3.76,3.43,4.40,0.07,5.79,0.71,5.60,0.39,41.65,0.23,C3'-endo
98,97,0.82,G,G,G,0,0,1,0,0,),79,1,cWW,cW-W,5.16,3.02,1.00,1.41,3.73,5.28,4.74,3.26,BI,anti,.,4.66,4.69,2.95,4.06,3.21,4.15,4.17,4.95,0.10,5.79,0.68,5.65,0.34,39.45,0.18,C3'-endo
99,98,0.82,G,G,G,0,0,1,0,0,.,78,1,tSH,tm-M,5.05,3.05,1.17,1.48,3.99,4.63,5.64,3.47,..,anti,.,4.26,4.56,3.10,3.08,3.52,2.77,4.65,2.50,0.01,5.91,0.57,5.70,0.36,34.38,0.30,C3'-endo
100,99,0.83,A,A,A,1,0,0,0,0,.,77,1,tHW,tM-W,4.62,1.10,3.00,1.38,3.92,5.27,4.93,3.14,BI,anti,.,4.70,4.72,3.70,2.93,3.16,3.32,2.78,4.43,0.01,5.87,0.63,5.64,0.40,37.91,0.31,C3'-endo
101,100,0.84,G,G,G,0,0,1,0,0,.,76,1,tHW,tM-W,4.52,3.23,1.13,1.44,4.09,4.86,5.51,3.23,..,anti,A,4.66,4.76,2.64,3.95,3.00,4.02,4.31,4.65,0.09,5.81,0.66,5.66,0.33,38.28,0.19,C3'-endo
102,101,0.85,A,A,A,1,0,0,0,0,.,76,1,cWW,cW-W,5.23,2.60,1.26,1.39,4.02,5.23,5.06,3.37,BI,anti,.,4.44,4.66,2.99,4.21,3.35,4.22,4.28,5.09,0.00,5.90,0.60,5.67,0.39,36.50,0.32,C3'-endo
103,102,0.86,G,G,G,0,0,1,0,0,.,74,1,tWH,tW-M,5.07,2.85,1.07,1.37,3.67,5.01,4.95,3.44,BI,anti,A,4.53,4.71,2.70,3.73,3.25,3.70,4.64,3.93,0.16,5.72,0.73,5.63,0.32,42.04,0.11,C3'-endo
104,103,0.87,U,U,U,0,0,0,1,0,.,"72,73",2,"tHS,tWH","tM-m,tW-M",5.17,3.15,0.92,1.32,3.67,5.01,4.94,3.48,BI,anti,A,4.50,4.74,2.96,3.67,3.12,3.72,3.63,4.19,0.10,5.75,0.74,5.59,0.37,43.04,0.19,C3'-endo
105,104,0.88,A,A,A,1,0,0,0,0,.,72,1,tHS,tM-m,5.28,3.04,0.89,1.39,3.93,5.39,4.82,3.34,BI,anti,.,4.65,4.76,3.03,4.23,3.20,4.29,3.89,5.03,0.10,5.79,0.68,5.64,0.34,39.60,0.18,C3'-endo
106,105,0.88,G,G,G,0,0,1,0,0,),71,1,cWW,cW-W,4.52,2.74,1.80,1.43,3.55,5.09,4.75,3.16,BI,anti,A,4.61,4.61,2.80,3.66,3.42,3.59,4.72,3.85,0.11,5.79,0.67,5.66,0.32,38.70,0.16,C3'-endo
107,106,0.89,G,G,G,0,0,1,0,0,),70,1,cWW,cW-W,5.02,3.30,1.06,1.48,3.54,5.33,4.50,3.34,BI,anti,.,4.44,4.47,3.12,3.99,3.32,4.00,3.82,4.44,6.26,5.94,0.56,5.70,0.38,34.18,0.35,C3'-endo
108,107,0.90,U,U,U,0,0,0,1,0,),69,1,cWW,cW-W,4.99,3.05,1.12,1.36,3.93,4.88,5.33,3.31,BI,anti,.,4.25,4.40,3.04,3.65,3.37,3.79,4.11,3.76,6.14,5.99,0.59,5.60,0.52,38.99,0.53,C3'-endo
109,108,0.91,C,C,C,0,1,0,0,0,.,"17,67",2,"tWH,tWH","tW+M,tW-M",5.57,3.69,0.49,2.50,4.18,0.54,3.64,4.72,..,anti,.,1.27,1.45,3.62,0.96,3.76,0.96,3.62,1.38,5.84,0.66,5.67,0.37,0.04,37.83,2.75,C2'-endo
110,109,0.92,G,G,G,0,0,1,0,0,),11,1,cWW,cW-W,2.35,4.01,3.63,1.36,3.81,5.19,4.90,3.05,BI,anti,A,4.49,4.59,3.81,3.34,3.97,3.49,3.94,4.23,6.26,5.88,0.65,5.61,0.44,39.43,0.35,C3'-endo
111,110,0.93,G,G,G,0,0,1,0,0,),10,1,cWW,cW-W,5.01,3.47,0.69,1.46,3.12,4.84,4.57,3.63,BI,anti,A,4.14,4.31,2.73,3.84,3.04,3.84,4.01,4.30,0.03,5.88,0.61,5.67,0.37,36.37,0.29,C3'-endo
112,111,0.93,U,U,U,0,0,0,1,0,),9,1,cWW,cW-W,2.83,4.00,2.93,1.41,3.93,4.51,5.71,3.19,..,anti,.,4.34,4.43,3.09,3.23,3.41,3.19,4.13,3.26,6.16,6.01,0.54,5.66,0.47,35.70,0.51,C3'-endo
113,112,0.94,G,G,G,0,0,1,0,0,),8,1,cWW,cW-W,5.10,2.87,0.86,1.44,3.46,5.06,4.68,3.38,BI,anti,A,4.39,4.42,2.75,3.69,2.84,3.69,3.08,4.24,6.24,5.94,0.57,5.67,0.41,35.48,0.39,C3'-endo
114,113,0.95,C,C,C,0,1,0,0,0,),7,1,cWW,cW-W,4.88,3.22,1.01,1.37,3.91,4.76,5.43,3.42,BI,anti,A,4.56,4.78,2.91,3.65,3.07,3.69,3.85,4.08,0.10,5.80,0.67,5.65,0.34,39.16,0.19,C3'-endo
115,114,0.96,G,G,G,0,0,1,0,0,),6,1,cWW,cW-W,5.15,2.68,1.17,1.42,3.80,4.85,5.23,3.38,BI,anti,A,4.53,4.68,2.88,3.74,3.11,3.73,3.75,4.25,0.10,5.80,0.67,5.66,0.33,38.88,0.18,C3'-endo
116,115,0.97,G,G,G,0,0,1,0,0,),5,1,cWW,cW-W,5.26,2.81,1.09,1.46,3.82,4.82,5.28,3.40,BI,anti,A,4.52,4.70,3.02,3.76,3.30,3.74,4.13,4.16,0.16,5.77,0.65,5.71,0.27,37.49,0.09,C3'-endo
117,116,0.97,G,G,G,0,0,1,0,0,),4,1,cWW,cW-W,5.13,2.89,0.98,1.40,3.89,5.67,4.50,3.40,..,anti,.,4.59,4.80,2.87,4.13,3.07,3.75,3.81,3.52,0.17,5.73,0.71,5.65,0.29,41.13,0.09,C3'-endo
118,117,0.98,G,G,G,0,0,1,0,0,),3,1,cWW,cW-W,3.98,1.54,2.84,1.40,4.09,5.27,5.10,2.93,..,anti,.,4.76,4.77,2.91,3.32,2.90,3.56,3.03,4.37,0.27,5.65,0.74,5.68,0.21,42.38,6.24,C2'-exo
119,118,0.99,G,G,G,0,0,1,0,0,),2,1,cWW,cW-W,5.01,3.60,0.78,1.35,3.67,4.94,5.00,3.65,BI,anti,A,4.15,4.70,2.83,3.60,3.12,3.85,4.11,4.43,0.07,5.80,0.68,5.62,0.37,40.09,0.22,C3'-endo
120,119,1.00,A,A,A,1,0,0,0,0,.,,0,,,5.49,2.81,1.33,2.58,,,,4.21,n/a,anti,-,,,,,,,,,5.88,0.66,5.64,0.43,6.26,38.57,2.84,C2'-endo
