index_chain,old_nt_resnum,nt_position,nt_name,nt_code,nt_align_code,is_A,is_C,is_G,is_U,is_other,dbn,paired,nb_interact,pair_type_LW,pair_type_DSSR,alpha,beta,gamma,delta,epsilon,zeta,epsilon_zeta,chi,bb_type,glyco_bond,form,ssZp,Dp,eta,theta,eta_prime,theta_prime,eta_base,theta_base,v0,v1,v2,v3,v4,amplitude,phase_angle,puckering
1,1,0.07,LCC,c,C,0,0,0,0,1,.,,0,,,,,0.87,1.18,3.22,4.98,4.52,3.40,BI,anti,.,4.41,4.62,,,,,,,6.20,5.64,1.01,5.20,0.79,63.02,0.40,C3'-endo
2,2,0.14,LCC,c,C,0,0,0,0,1,.,,0,,,5.15,3.10,0.97,1.20,3.46,4.92,4.82,3.46,BI,anti,.,4.49,4.72,2.96,3.38,3.03,3.43,3.37,3.69,0.08,5.54,1.01,5.33,0.57,59.32,0.22,C3'-endo
3,3,0.21,LCC,c,C,0,0,0,0,1,),0,1,cWW,cW-W,5.22,3.04,1.00,1.19,3.69,5.03,4.94,3.34,BI,anti,A,4.43,4.84,3.10,3.65,3.19,3.69,3.55,4.07,0.01,5.59,1.04,5.29,0.61,61.84,0.27,C3'-endo
4,4,0.29,LCG,g,G,0,0,0,0,1,),0,1,cWW,cW-W,5.17,3.08,0.87,1.19,3.56,4.92,4.93,3.43,BI,anti,A,4.44,4.78,2.96,3.41,3.12,3.48,3.69,3.95,0.02,5.61,1.00,5.32,0.61,59.59,0.28,C3'-endo
5,5,0.36,A,A,A,1,0,0,0,0,),0,1,cWW,cW-W,5.20,2.89,0.95,1.37,3.66,4.99,4.96,3.47,BI,anti,A,4.43,4.74,2.96,3.78,3.13,3.81,3.75,4.35,0.13,5.72,0.76,5.59,0.35,44.26,0.14,C3'-endo
6,6,0.43,C,C,C,0,1,0,0,0,),0,1,cWW,cW-W,5.28,2.87,1.01,1.38,3.61,5.10,4.79,3.55,BI,anti,A,4.23,4.66,3.01,3.83,3.32,3.81,4.15,4.16,0.08,5.77,0.74,5.57,0.40,43.73,0.22,C3'-endo
7,7,0.50,U,U,U,0,0,0,1,0,),0,1,cWW,cW-W,5.13,3.11,0.88,1.36,3.65,5.02,4.92,3.55,BI,anti,A,4.13,4.59,2.97,3.68,3.19,3.72,3.80,4.11,0.09,5.73,0.79,5.53,0.42,46.17,0.21,C3'-endo
8,8,0.57,U,U,U,0,0,0,1,0,),0,1,cWW,cW-W,5.13,2.99,0.91,1.33,3.64,5.09,4.84,3.58,BI,anti,A,4.18,4.64,2.88,3.74,3.07,3.72,3.66,4.17,0.05,5.78,0.74,5.56,0.42,43.90,0.25,C3'-endo
9,9,0.64,A,A,A,1,0,0,0,0,),0,1,cWW,cW-W,5.03,3.06,0.90,1.27,3.67,5.05,4.90,3.49,BI,anti,A,4.45,4.76,2.84,3.69,3.01,3.71,3.69,4.18,0.09,5.73,0.78,5.54,0.41,45.44,0.21,C3'-endo
10,10,0.71,A,A,A,1,0,0,0,0,),0,1,cWW,cW-W,5.18,2.89,0.98,1.16,3.62,5.11,4.80,3.41,BI,anti,A,4.53,4.80,2.89,3.64,3.12,3.69,3.85,4.05,0.05,5.76,0.77,5.53,0.44,45.40,0.25,C3'-endo
11,11,0.79,G,G,G,0,0,1,0,0,),0,1,cWW,cW-W,5.16,2.98,1.05,1.40,3.51,4.91,4.89,3.40,BI,anti,A,4.64,4.67,2.99,3.62,3.26,3.62,3.88,4.00,0.06,5.77,0.73,5.58,0.42,42.99,0.25,C3'-endo
12,12,0.86,U,U,U,0,0,0,1,0,),0,1,cWW,cW-W,5.25,3.03,0.84,1.41,3.64,4.96,4.96,3.49,BI,anti,A,4.34,4.61,2.96,3.74,3.14,3.76,3.74,4.33,0.11,5.72,0.77,5.56,0.39,44.88,0.19,C3'-endo
13,13,0.93,C,C,C,0,1,0,0,0,),0,1,cWW,cW-W,5.19,2.89,1.00,1.46,3.73,5.10,4.91,3.46,BI,anti,A,4.42,4.65,2.94,3.90,3.22,3.82,4.08,4.12,0.13,5.74,0.74,5.61,0.35,42.65,0.16,C3'-endo
14,14,1.00,G,G,G,0,0,1,0,0,),0,1,cWW,cW-W,5.00,3.02,1.02,1.36,,,,3.43,n/a,anti,-,,,,,,,,,6.20,5.87,0.71,5.50,0.55,44.81,0.43,C3'-endo
