index_chain,old_nt_resnum,nt_position,nt_name,nt_code,nt_align_code,is_A,is_C,is_G,is_U,is_other,dbn,paired,nb_interact,pair_type_LW,pair_type_DSSR,alpha,beta,gamma,delta,epsilon,zeta,epsilon_zeta,chi,bb_type,glyco_bond,form,ssZp,Dp,eta,theta,eta_prime,theta_prime,eta_base,theta_base,v0,v1,v2,v3,v4,amplitude,phase_angle,puckering
1,1,0.05,U,U,U,0,0,0,1,0,.,,0,,,,2.76,3.21,2.51,3.64,1.01,2.62,4.11,..,anti,.,1.97,2.04,,0.03,,5.98,,3.89,5.80,0.71,5.64,0.38,0.06,40.38,2.73,C2'-endo
2,2,0.10,U,U,U,0,0,0,1,0,(,0,1,cWW,cW-W,1.01,2.77,0.76,1.40,3.78,4.99,5.08,3.36,BI,anti,A,4.60,4.70,5.15,3.86,5.75,3.88,1.94,4.50,0.07,5.82,0.65,5.66,0.35,38.15,0.22,C3'-endo
3,3,0.14,C,C,C,0,1,0,0,0,(,0,1,cWW,cW-W,5.26,2.86,1.01,1.41,3.73,4.57,5.44,3.48,BI,anti,A,4.45,4.65,2.97,3.44,3.27,3.45,4.19,3.70,0.02,5.87,0.62,5.66,0.38,37.24,0.29,C3'-endo
4,4,0.19,A,A,A,1,0,0,0,0,(,0,1,cWW,cW-W,5.39,2.61,1.03,1.45,3.75,4.99,5.04,3.51,BI,anti,A,4.31,4.61,3.05,3.89,3.22,3.82,3.62,4.32,0.04,5.87,0.61,5.68,0.35,36.02,0.26,C3'-endo
5,5,0.24,C,C,C,0,1,0,0,0,(,0,1,cWW,cW-W,5.13,2.85,1.02,1.42,3.85,5.03,5.10,3.50,BI,anti,A,4.36,4.67,2.90,3.92,3.18,3.90,4.01,4.34,0.06,5.84,0.63,5.67,0.35,37.30,0.24,C3'-endo
6,6,0.29,A,A,A,1,0,0,0,0,(,0,1,cWW,cW-W,5.19,2.89,0.95,1.37,3.73,4.90,5.11,3.48,BI,anti,A,4.36,4.57,2.84,3.63,3.15,3.66,3.90,4.08,6.23,5.92,0.61,5.62,0.45,38.13,0.40,C3'-endo
7,7,0.33,U,U,U,0,0,0,1,0,(,0,1,cWW,cW-W,5.08,3.20,0.79,1.40,3.74,5.07,4.96,3.44,BI,anti,A,4.49,4.66,2.87,3.80,2.98,3.83,3.55,4.33,0.03,5.86,0.64,5.65,0.39,37.95,0.29,C3'-endo
8,8,0.38,U,U,U,0,0,0,1,0,(,0,1,cWW,cW-W,5.08,2.92,1.07,1.33,3.61,5.03,4.87,3.54,BI,anti,A,4.39,4.65,2.85,3.65,3.13,3.64,3.88,4.15,6.27,5.86,0.66,5.60,0.44,40.29,0.34,C3'-endo
9,9,0.43,G,G,G,0,0,1,0,0,(,0,1,cWW,cW-W,5.24,3.00,0.85,1.36,4.06,5.15,5.19,3.68,BI,anti,.,3.88,4.75,2.99,4.21,3.15,4.31,3.85,4.12,0.02,5.85,0.65,5.63,0.40,39.00,0.29,C3'-endo
10,10,0.48,C,C,C,0,1,0,0,0,.,,0,,,4.67,3.88,0.67,2.50,4.86,3.55,1.31,4.49,BII,anti,.,0.49,0.53,3.06,3.64,3.41,3.79,3.31,4.51,5.84,0.65,5.68,0.36,0.05,37.40,2.74,C2'-endo
11,11,0.52,C,C,C,0,1,0,0,0,.,,0,,,4.79,2.82,0.73,1.42,3.84,5.25,4.88,3.40,BI,anti,.,4.55,4.71,3.07,4.13,3.11,4.17,3.79,4.93,0.07,5.84,0.63,5.67,0.34,37.19,0.22,C3'-endo
12,12,0.57,C,C,C,0,1,0,0,0,.,,0,,,4.96,3.08,1.04,1.38,3.96,5.33,4.92,3.47,BI,anti,.,4.45,4.77,2.84,4.24,3.21,4.35,4.34,5.18,0.07,5.81,0.67,5.63,0.37,39.55,0.22,C3'-endo
13,13,0.62,A,A,A,1,0,0,0,0,.,,0,,,5.09,2.90,1.13,1.43,3.86,5.24,4.90,3.41,BI,anti,.,4.56,4.73,2.88,4.15,3.43,4.17,4.71,4.94,0.09,5.82,0.64,5.68,0.32,37.25,0.19,C3'-endo
14,14,0.67,A,A,A,1,0,0,0,0,.,,0,,,5.06,2.99,1.09,1.45,3.93,5.00,5.22,3.47,BI,anti,.,4.38,4.66,2.94,3.98,3.36,4.03,4.52,4.90,0.03,5.88,0.60,5.69,0.35,35.43,0.27,C3'-endo
15,15,0.71,G,G,G,0,0,1,0,0,.,,0,,,5.25,2.76,0.98,1.47,4.04,4.48,5.84,3.53,..,anti,.,4.25,4.67,2.92,3.77,3.29,3.91,4.46,4.17,0.05,5.88,0.59,5.71,0.33,34.69,0.25,C3'-endo
16,16,0.76,U,U,U,0,0,0,1,0,.,,0,,,5.96,2.84,0.50,2.50,4.18,5.06,5.40,3.75,..,anti,.,1.68,1.63,3.33,5.10,3.68,4.85,3.98,5.18,5.94,0.57,5.72,0.38,6.26,33.65,2.86,C2'-endo
17,17,0.81,C,C,C,0,1,0,0,0,.,,0,,,4.99,3.66,1.21,1.37,,,,3.64,n/a,anti,-,,,,,,,,,0.05,5.83,0.66,5.63,0.38,39.25,0.25,C3'-endo
18,not resolved,0.86,-,-,-,0,0,0,0,1,,,0,,,,,,,,,,,,,,,,,,,,,,,,,,,,,
19,not resolved,0.90,-,-,-,0,0,0,0,1,,,0,,,,,,,,,,,,,,,,,,,,,,,,,,,,,
20,not resolved,0.95,-,-,-,0,0,0,0,1,,,0,,,,,,,,,,,,,,,,,,,,,,,,,,,,,
21,21,1.00,U,U,U,0,0,0,1,0,.,,0,,,,2.40,1.27,1.38,,,,3.95,n/a,anti,-,,,,,,,,,6.24,5.92,0.60,5.64,0.43,37.31,0.39,C3'-endo
