index_chain,old_nt_resnum,nt_position,nt_name,nt_code,nt_align_code,is_A,is_C,is_G,is_U,is_other,dbn,paired,nb_interact,pair_type_LW,pair_type_DSSR,alpha,beta,gamma,delta,epsilon,zeta,epsilon_zeta,chi,bb_type,glyco_bond,form,ssZp,Dp,eta,theta,eta_prime,theta_prime,eta_base,theta_base,v0,v1,v2,v3,v4,amplitude,phase_angle,puckering
1,1,0.01,U,U,U,0,0,0,1,0,.,,0,,,,,1.87,1.59,4.37,4.36,0.02,2.97,..,anti,.,3.72,3.91,,,,,,,6.11,6.15,0.36,5.81,0.41,27.17,0.69,C4'-exo
2,2,0.02,C,C,C,0,1,0,0,0,(,119,1,cWW,cW-W,5.03,2.92,0.89,1.51,3.93,4.68,5.53,3.21,BI,anti,A,4.56,4.61,2.91,3.74,3.05,3.76,3.56,3.95,0.07,5.88,0.57,5.74,0.30,33.23,0.21,C3'-endo
3,3,0.03,C,C,C,0,1,0,0,0,(,118,1,cWW,cW-W,5.33,2.82,0.82,1.38,3.66,4.95,4.99,3.46,BI,anti,A,4.47,4.64,2.85,3.66,3.04,3.68,3.48,3.97,0.04,5.84,0.65,5.63,0.38,38.84,0.27,C3'-endo
4,4,0.03,C,C,C,0,1,0,0,0,(,117,1,cWW,cW-W,5.17,3.13,0.89,1.36,3.68,5.09,4.87,3.45,BI,anti,A,4.47,4.65,2.94,3.74,3.09,3.79,3.60,4.31,0.07,5.81,0.68,5.62,0.37,40.20,0.23,C3'-endo
5,5,0.04,C,C,C,0,1,0,0,0,(,116,1,cWW,cW-W,5.08,2.93,1.24,1.39,3.67,5.05,4.90,3.40,BI,anti,A,4.49,4.59,3.03,3.74,3.32,3.72,4.09,4.21,6.27,5.89,0.62,5.64,0.41,37.55,0.34,C3'-endo
6,6,0.05,C,C,C,0,1,0,0,0,(,115,1,cWW,cW-W,5.06,3.16,0.93,1.37,3.69,4.76,5.21,3.46,BI,anti,A,4.49,4.70,2.92,3.95,3.12,3.81,3.86,4.19,0.05,5.83,0.67,5.63,0.38,39.54,0.25,C3'-endo
7,7,0.06,G,G,G,0,0,1,0,0,(,114,1,cWW,cW-W,1.53,3.39,4.30,1.69,3.92,5.21,4.99,3.47,BI,anti,A,4.42,4.74,3.00,3.56,3.14,3.75,3.81,4.45,0.34,5.72,0.57,5.89,0.04,33.78,6.02,C2'-exo
8,8,0.07,U,U,U,0,0,0,1,0,(,113,1,cWW,cW-W,5.19,2.98,0.88,1.38,3.47,4.82,4.93,3.62,BI,anti,.,4.26,4.58,2.76,3.91,3.21,3.69,4.14,3.63,0.04,5.84,0.66,5.63,0.38,38.91,0.26,C3'-endo
9,9,0.07,G,G,G,0,0,1,0,0,(,112,1,cWW,cW-W,2.36,3.52,3.51,1.43,3.99,4.89,5.39,3.19,BI,anti,A,4.71,4.72,3.05,3.25,3.13,3.44,3.33,4.29,0.05,5.84,0.64,5.66,0.36,37.66,0.25,C3'-endo
10,10,0.08,C,C,C,0,1,0,0,0,(,111,1,cWW,cW-W,5.42,2.84,0.80,1.46,3.78,5.00,5.06,3.42,BI,anti,A,4.45,4.60,2.91,3.86,3.23,3.87,4.24,4.29,0.03,5.89,0.59,5.70,0.35,34.99,0.27,C3'-endo
11,11,0.09,C,C,C,0,1,0,0,0,(,110,1,cWW,cW-W,5.19,3.04,0.90,1.47,3.99,5.44,4.83,3.58,BI,anti,.,4.07,4.50,3.03,4.45,3.25,4.66,3.86,5.50,6.20,6.00,0.51,5.71,0.42,32.97,0.47,C3'-endo
12,12,0.10,C,C,C,0,1,0,0,0,.,,0,,,4.87,3.08,1.31,2.66,4.74,2.59,2.16,3.99,BII,anti,.,0.54,0.54,3.23,2.93,4.13,2.64,5.04,3.11,5.91,0.65,5.62,0.47,6.22,39.20,2.91,C2'-endo
13,13,0.11,A,A,A,1,0,0,0,0,.,69,1,tWS,tW+m,5.56,3.17,0.90,1.41,4.08,3.92,0.17,3.38,..,anti,.,4.48,4.68,4.51,3.17,4.24,2.63,4.27,2.92,6.27,5.90,0.60,5.66,0.40,36.74,0.34,C3'-endo
14,14,0.12,U,U,U,0,0,0,1,0,.,,0,,,0.96,4.07,0.91,2.54,5.19,4.39,0.81,3.91,..,anti,.,0.01,0.15,0.02,5.42,0.17,5.06,5.69,5.41,5.90,0.62,5.67,0.41,6.26,36.68,2.85,C2'-endo
15,15,0.12,A,A,A,1,0,0,0,0,.,,0,,,5.17,2.81,0.56,2.50,4.27,5.39,5.17,3.75,..,anti,.,1.03,1.21,2.42,5.51,3.37,5.26,3.78,5.72,5.88,0.62,5.69,0.37,0.02,36.23,2.79,C2'-endo
16,16,0.13,G,G,G,0,0,1,0,0,(,68,1,cWW,cW-W,4.77,3.33,1.03,1.39,3.82,4.88,5.21,3.19,BI,anti,A,4.66,4.67,2.61,3.71,3.40,3.76,4.03,4.10,0.03,5.85,0.65,5.64,0.39,38.52,0.28,C3'-endo
17,17,0.14,C,C,C,0,1,0,0,0,(,"67,109",2,"cWW,cHW","cW-W,cM+W",5.15,2.92,1.16,1.34,3.97,5.05,5.20,3.29,BI,anti,.,4.59,4.68,3.05,3.98,3.22,4.05,3.74,5.00,6.27,5.87,0.66,5.60,0.44,39.98,0.34,C3'-endo
18,18,0.15,G,G,G,0,0,1,0,0,(,65,1,cWW,cW-W,5.36,2.91,0.83,1.43,3.82,4.81,5.29,3.44,BI,anti,A,4.52,4.73,2.87,3.75,3.26,3.78,4.56,4.25,0.10,5.81,0.65,5.68,0.32,37.62,0.18,C3'-endo
19,19,0.16,G,G,G,0,0,1,0,0,(,64,1,cWW,cW-W,5.47,2.75,0.85,1.37,3.97,4.84,5.41,3.39,BI,anti,A,4.55,4.77,3.01,3.83,3.23,3.86,3.94,4.34,0.07,5.81,0.67,5.63,0.37,39.43,0.23,C3'-endo
20,20,0.17,C,C,C,0,1,0,0,0,(,63,1,cWW,cW-W,5.40,2.67,1.02,1.33,3.82,4.92,5.18,3.41,BI,anti,A,4.54,4.70,2.96,3.72,3.24,3.68,4.02,3.97,6.28,5.87,0.65,5.61,0.42,39.54,0.33,C3'-endo
21,21,0.17,G,G,G,0,0,1,0,0,(,62,1,cWW,cW-W,5.24,2.81,0.97,1.33,3.71,4.90,5.09,3.44,BI,anti,A,4.49,4.66,2.86,3.63,3.08,3.64,3.66,4.19,6.26,5.88,0.66,5.59,0.45,40.23,0.36,C3'-endo
22,22,0.18,U,U,U,0,0,0,1,0,(,61,1,cWW,cW-W,5.34,2.74,1.01,1.35,3.87,4.65,5.50,3.33,BI,anti,A,4.62,4.71,2.99,3.58,3.23,3.60,4.04,3.70,0.01,5.85,0.66,5.61,0.41,39.77,0.30,C3'-endo
23,23,0.19,G,G,G,0,0,1,0,0,(,60,1,cWW,cW-W,5.47,2.81,0.81,1.45,4.01,4.42,5.86,3.67,..,anti,.,3.81,4.48,3.08,3.44,3.19,3.72,3.40,3.25,6.21,5.98,0.54,5.69,0.42,34.28,0.44,C3'-endo
24,24,0.20,G,G,G,0,0,1,0,0,.,"27,59",2,"tSW,cWW","tm+W,cW-W",5.07,3.20,0.96,2.54,4.29,2.01,2.28,4.89,..,anti,.,0.34,1.70,3.28,2.00,3.46,1.42,2.96,1.39,6.04,0.49,5.75,0.40,6.18,30.68,3.00,C2'-endo
25,25,0.21,A,A,A,1,0,0,0,0,.,,0,,,3.27,3.00,0.73,1.43,3.91,5.13,5.06,3.10,BI,anti,.,4.60,4.62,1.73,4.06,1.73,4.15,2.00,5.16,6.26,5.93,0.58,5.68,0.39,35.31,0.36,C3'-endo
26,26,0.22,A,A,A,1,0,0,0,0,.,,0,,,5.16,2.99,0.90,1.45,4.02,4.92,5.39,3.46,BI,anti,A,4.43,4.75,2.88,4.01,3.25,4.06,4.58,4.62,0.09,5.84,0.62,5.70,0.31,35.99,0.19,C3'-endo
27,27,0.23,C,C,C,0,1,0,0,0,.,24,1,tWS,tW+m,5.38,2.74,0.89,1.38,3.65,5.18,4.75,3.50,BI,anti,A,4.39,4.57,2.83,3.90,3.20,3.87,4.09,4.59,6.23,5.93,0.61,5.63,0.45,37.78,0.41,C3'-endo
28,28,0.23,C,C,C,0,1,0,0,0,(,56,1,cWW,cW-W,5.13,3.14,0.73,1.31,3.15,5.06,4.38,3.72,BI,anti,A,4.15,4.52,2.73,3.77,3.05,3.77,4.14,4.26,0.07,5.80,0.69,5.61,0.38,40.75,0.23,C3'-endo
29,29,0.24,A,A,A,1,0,0,0,0,(,"55,58",2,"cWW,cSW","cW-W,cm-W",3.15,3.70,2.60,1.42,4.50,4.71,6.07,3.13,..,anti,A,4.57,4.69,3.10,3.78,3.33,3.73,4.04,4.28,0.06,5.86,0.61,5.69,0.34,35.87,0.24,C3'-endo
30,30,0.25,C,C,C,0,1,0,0,0,(,"54,57",2,"cWW,cSW","cW-W,cm-W",5.07,2.05,1.57,1.27,4.08,5.35,5.01,3.13,..,anti,.,4.75,4.77,2.65,4.31,3.05,4.31,4.02,5.03,0.05,5.78,0.74,5.55,0.43,43.90,0.26,C3'-endo
31,31,0.26,C,C,C,0,1,0,0,0,(,"51,53",2,"cWW,cSW","cW-W,cm-W",5.23,2.95,1.13,1.49,4.07,4.59,5.77,3.28,..,anti,A,4.57,4.66,3.05,3.90,3.64,3.93,4.94,4.38,0.04,5.89,0.58,5.71,0.34,34.39,0.26,C3'-endo
32,32,0.27,C,C,C,0,1,0,0,0,(,50,1,cWW,cW-W,5.85,2.82,0.33,1.44,3.48,5.20,4.56,3.50,BI,anti,.,4.35,4.51,2.89,4.23,3.11,4.08,3.82,4.50,0.03,5.89,0.59,5.69,0.36,35.50,0.28,C3'-endo
33,33,0.28,G,G,G,0,0,1,0,0,(,"35,49",2,"cSH,cWW","cm+M,cW-W",2.74,3.29,2.96,1.45,3.97,4.89,5.37,3.37,BI,anti,A,4.44,4.62,2.75,3.45,3.06,3.65,3.80,4.20,6.28,5.92,0.57,5.69,0.38,34.56,0.34,C3'-endo
34,34,0.28,U,U,U,0,0,0,1,0,(,"36,48",2,"cSH,cWW","cm+M,cW-W",5.52,2.90,0.94,2.40,4.52,2.34,2.18,4.27,BII,anti,.,1.21,1.25,3.46,2.15,3.91,1.87,4.45,1.87,5.82,0.62,5.74,0.29,0.10,35.12,2.65,C2'-endo
35,35,0.29,U,U,U,0,0,0,1,0,.,33,1,cHS,cM+m,3.85,3.04,0.54,1.40,3.73,5.20,4.82,3.34,BI,anti,.,4.47,4.55,2.27,3.89,2.06,3.99,2.14,4.90,6.24,5.93,0.60,5.65,0.43,36.96,0.39,C3'-endo
36,36,0.30,C,C,C,0,1,0,0,0,.,"34,49",2,"cHS,cWS","cM+m,cW-m",5.09,3.08,0.89,1.39,4.00,4.78,5.50,3.50,BI,anti,A,4.35,4.75,2.89,3.73,3.19,3.79,4.34,4.07,0.05,5.84,0.65,5.64,0.37,38.45,0.25,C3'-endo
37,37,0.31,C,C,C,0,1,0,0,0,.,48,1,cWS,cW-m,5.28,3.00,0.80,1.38,3.81,5.35,4.75,3.43,BI,anti,.,4.51,4.68,2.90,4.12,3.05,4.19,3.47,5.07,6.28,5.87,0.64,5.62,0.42,39.02,0.33,C3'-endo
38,38,0.32,C,C,C,0,1,0,0,0,(,44,1,cWW,cW-W,4.95,3.04,1.01,1.36,3.67,4.97,4.99,3.46,BI,anti,A,4.53,4.69,2.71,3.69,3.18,3.69,4.47,4.13,0.05,5.82,0.69,5.61,0.39,40.61,0.26,C3'-endo
39,39,0.33,A,A,A,1,0,0,0,0,.,46,1,cSW,cm-W,5.32,2.90,0.98,1.38,3.51,4.62,5.17,3.47,BI,anti,.,4.43,4.55,3.01,3.25,3.26,3.41,3.95,3.24,0.01,5.88,0.63,5.65,0.40,37.64,0.31,C3'-endo
40,40,0.33,U,U,U,0,0,0,1,0,.,45,1,tSH,tm-M,5.38,3.09,1.09,2.56,4.40,5.52,5.16,4.28,..,anti,.,1.12,1.24,3.60,5.74,3.84,5.08,3.49,4.62,5.94,0.59,5.68,0.42,6.23,35.60,2.89,C2'-endo
41,41,0.34,U,U,U,0,0,0,1,0,.,,0,,,5.02,3.19,3.28,1.43,3.31,1.40,1.91,4.43,..,anti,.,1.91,4.25,5.17,5.88,5.87,5.43,0.21,5.45,6.15,6.02,0.54,5.65,0.49,36.11,0.54,C3'-endo
42,42,0.35,C,C,C,0,1,0,0,0,.,,0,,,1.06,2.90,3.08,1.44,4.14,4.94,5.48,3.45,..,anti,.,4.32,4.67,1.54,3.41,2.18,3.62,2.81,4.44,0.01,5.90,0.59,5.68,0.37,35.65,0.31,C3'-endo
43,43,0.36,C,C,C,0,1,0,0,0,.,,0,,,5.37,2.73,1.00,1.46,4.38,4.63,6.03,3.49,..,anti,.,3.95,4.43,3.08,4.41,3.43,4.07,4.35,4.54,6.21,5.98,0.54,5.69,0.42,33.89,0.44,C3'-endo
44,44,0.37,G,G,G,0,0,1,0,0,),"38,47",2,"cWW,tSW","cW-W,tm+W",1.02,3.21,0.81,2.56,3.87,2.02,1.85,5.29,..,anti,.,0.65,1.73,4.83,2.03,5.51,1.40,5.20,1.19,5.92,0.61,5.68,0.41,6.25,36.06,2.87,C2'-endo
45,45,0.38,A,A,A,1,0,0,0,0,.,40,1,tHS,tM-m,2.70,3.33,1.02,1.50,3.77,5.29,4.77,3.21,BI,anti,.,4.65,4.64,1.45,4.15,1.49,4.22,1.77,4.98,0.09,5.86,0.58,5.74,0.29,33.92,0.18,C3'-endo
46,46,0.38,A,A,A,1,0,0,0,0,.,39,1,cWS,cW-m,5.03,3.05,1.00,1.49,3.97,5.01,5.24,3.37,BI,anti,A,4.55,4.70,2.94,4.07,3.36,4.10,4.50,4.83,0.04,5.88,0.59,5.69,0.35,35.28,0.27,C3'-endo
47,47,0.39,C,C,C,0,1,0,0,0,.,44,1,tWS,tW+m,5.25,2.84,0.88,1.38,3.84,5.25,4.87,3.41,BI,anti,.,4.49,4.62,2.79,4.10,3.15,4.10,4.23,4.80,6.22,5.93,0.60,5.63,0.45,37.73,0.41,C3'-endo
48,48,0.40,A,A,A,1,0,0,0,0,),"34,37",2,"cWW,cSW","cW-W,cm-W",5.03,3.11,0.98,1.30,3.52,4.93,4.87,3.46,BI,anti,A,4.49,4.61,2.77,3.39,3.15,3.42,4.24,3.76,6.27,5.86,0.68,5.57,0.46,41.53,0.35,C3'-endo
49,49,0.41,C,C,C,0,1,0,0,0,),"33,36",2,"cWW,cSW","cW-W,cm-W",5.01,2.95,1.12,1.37,3.74,4.88,5.15,3.50,BI,anti,A,4.42,4.70,2.92,3.67,3.07,3.69,3.58,4.13,0.10,5.78,0.70,5.63,0.35,40.57,0.18,C3'-endo
50,50,0.42,G,G,G,0,0,1,0,0,),32,1,cWW,cW-W,5.35,3.03,0.82,1.39,3.51,5.01,4.78,3.50,BI,anti,.,4.42,4.62,2.95,4.20,3.16,4.11,3.83,4.39,0.09,5.80,0.68,5.64,0.35,39.61,0.19,C3'-endo
51,51,0.42,G,G,G,0,0,1,0,0,),31,1,cWW,cW-W,2.64,3.67,3.35,1.49,4.02,4.85,5.45,3.17,BI,anti,.,4.39,4.48,3.25,3.37,3.53,3.65,4.18,4.45,6.25,5.97,0.52,5.73,0.37,32.24,0.39,C3'-endo
52,52,0.43,A,A,A,1,0,0,0,0,.,53,1,cSH,cm+M,5.39,3.02,0.93,2.59,4.10,2.44,1.66,4.31,BII,anti,.,1.54,1.56,3.16,2.82,3.75,2.28,4.56,2.25,5.96,0.58,5.69,0.42,6.22,35.03,2.92,C2'-endo
53,53,0.44,A,A,A,1,0,0,0,0,.,"31,52",2,"cWS,cHS","cW-m,cM+m",2.18,3.62,2.07,1.39,4.18,4.69,5.77,3.13,..,anti,A,4.81,4.83,2.16,3.89,2.00,3.93,2.22,4.26,0.18,5.73,0.71,5.66,0.28,40.66,0.08,C3'-endo
54,54,0.45,G,G,G,0,0,1,0,0,),30,1,cWW,cW-W,5.63,2.56,1.06,1.41,3.64,5.08,4.85,3.23,BI,anti,A,4.53,4.55,3.11,3.82,3.48,3.77,4.18,4.30,6.27,5.91,0.60,5.66,0.41,36.54,0.35,C3'-endo
55,55,0.46,U,U,U,0,0,0,1,0,),"29,57",2,"cWW,cSH","cW-W,cm+M",5.04,3.20,0.86,1.42,3.84,5.09,5.03,3.41,BI,anti,.,4.55,4.72,2.91,3.65,3.11,3.67,3.94,3.62,0.10,5.80,0.66,5.67,0.33,38.26,0.18,C3'-endo
56,56,0.47,G,G,G,0,0,1,0,0,),"28,58,59",3,"cWW,cSH,tSW","cW-W,cm+M,tm+W",4.59,1.99,2.59,2.49,4.76,2.29,2.48,3.56,BII,anti,.,0.91,1.01,4.45,1.16,4.17,1.51,4.07,1.60,5.98,0.55,5.71,0.41,6.21,33.28,2.94,C2'-endo
57,57,0.47,A,A,A,1,0,0,0,0,.,"30,55",2,"cWS,cHS","cW-m,cM+m",3.14,3.35,0.99,1.52,4.05,5.06,5.27,3.18,BI,anti,A,4.74,4.79,2.37,4.14,2.13,4.18,2.30,4.64,0.20,5.75,0.64,5.74,0.22,36.76,0.02,C3'-endo
58,58,0.48,A,A,A,1,0,0,0,0,.,"29,56",2,"cWS,cHS","cW-m,cM+m",5.19,3.13,0.80,1.36,3.93,5.06,5.15,3.48,BI,anti,.,4.44,4.80,2.86,3.89,3.14,4.03,3.93,4.83,0.09,5.79,0.69,5.63,0.35,40.12,0.19,C3'-endo
59,59,0.49,A,A,A,1,0,0,0,0,.,"24,56",2,"cWW,tWS","cW-W,tW+m",5.20,2.90,0.99,1.47,3.78,5.17,4.89,3.32,BI,anti,.,4.68,4.72,2.89,4.07,3.29,4.07,4.38,4.80,0.11,5.81,0.64,5.69,0.30,37.20,0.16,C3'-endo
60,60,0.50,C,C,C,0,1,0,0,0,),23,1,cWW,cW-W,5.07,3.01,0.98,1.40,3.64,5.04,4.89,3.30,BI,anti,A,4.64,4.66,2.82,3.76,3.21,3.77,4.40,4.09,0.08,5.80,0.69,5.63,0.36,40.16,0.21,C3'-endo
61,61,0.51,G,G,G,0,0,1,0,0,),22,1,cWW,cW-W,5.26,3.04,0.90,1.36,3.61,5.16,4.73,3.37,BI,anti,A,4.50,4.59,2.98,3.79,3.21,3.81,3.81,4.47,0.03,5.84,0.66,5.62,0.40,39.60,0.28,C3'-endo
62,62,0.52,C,C,C,0,1,0,0,0,),21,1,cWW,cW-W,5.03,3.13,0.97,1.37,3.40,4.96,4.72,3.53,BI,anti,A,4.42,4.58,2.85,3.93,3.13,3.79,4.10,4.02,0.05,5.82,0.68,5.61,0.39,40.31,0.25,C3'-endo
63,63,0.53,G,G,G,0,0,1,0,0,),20,1,cWW,cW-W,2.97,3.44,2.87,1.44,4.35,4.46,6.18,3.09,..,anti,A,4.63,4.69,2.98,3.49,3.15,3.61,3.64,4.17,0.05,5.87,0.61,5.68,0.35,36.14,0.26,C3'-endo
64,64,0.53,C,C,C,0,1,0,0,0,),19,1,cWW,cW-W,5.69,2.32,0.87,1.32,3.75,4.98,5.05,3.37,BI,anti,A,4.45,4.54,2.82,3.83,3.16,3.79,3.96,4.18,6.17,5.96,0.61,5.59,0.51,39.63,0.49,C3'-endo
65,65,0.54,C,C,C,0,1,0,0,0,),18,1,cWW,cW-W,4.95,3.07,1.19,1.46,3.71,5.30,4.69,3.45,BI,anti,.,4.16,4.32,2.99,4.06,3.21,4.20,3.84,4.81,6.15,6.02,0.53,5.67,0.47,34.95,0.53,C3'-endo
66,66,0.55,A,A,A,1,0,0,0,0,.,68,1,cSH,cm+M,4.95,3.58,1.45,2.48,4.66,2.50,2.16,4.59,BII,anti,.,0.39,1.04,3.89,2.58,4.36,2.16,4.81,1.99,5.94,0.56,5.73,0.37,6.26,32.96,2.85,C2'-endo
67,67,0.56,G,G,G,0,0,1,0,0,),"17,109",2,"cWW,tHW","cW-W,tM-W",3.01,3.18,0.80,1.44,3.71,5.12,4.88,3.34,BI,anti,A,4.63,4.71,1.81,3.87,1.63,3.91,1.84,4.18,0.16,5.76,0.67,5.69,0.28,38.63,0.09,C3'-endo
68,68,0.57,C,C,C,0,1,0,0,0,),"16,66",2,"cWW,cHS","cW-W,cM+m",5.16,3.03,1.13,1.38,3.71,5.19,4.79,3.34,BI,anti,.,4.56,4.62,3.10,3.89,3.36,3.93,3.90,4.77,6.26,5.90,0.62,5.63,0.43,37.91,0.36,C3'-endo
69,69,0.57,G,G,G,0,0,1,0,0,(,"13,108",2,"tSW,cWW","tm+W,cW-W",5.08,2.97,0.97,1.44,3.89,5.01,5.17,3.24,BI,anti,A,4.76,4.76,2.88,3.96,3.25,3.98,4.44,4.72,0.09,5.82,0.64,5.68,0.32,37.46,0.18,C3'-endo
70,70,0.58,C,C,C,0,1,0,0,0,(,107,1,cWW,cW-W,5.32,2.89,0.83,1.37,3.74,5.00,5.02,3.38,BI,anti,A,4.60,4.70,2.84,3.76,3.17,3.81,4.30,4.22,0.10,5.79,0.68,5.65,0.34,39.60,0.18,C3'-endo
71,71,0.59,C,C,C,0,1,0,0,0,(,106,1,cWW,cW-W,5.23,3.04,0.98,1.39,3.61,5.44,4.46,3.33,BI,anti,.,4.57,4.62,3.02,4.11,3.26,4.13,3.92,4.90,0.02,5.87,0.64,5.64,0.40,38.23,0.30,C3'-endo
72,72,0.60,G,G,G,0,0,1,0,0,.,105,1,tSH,tm-M,4.68,3.21,1.18,1.43,4.21,4.02,0.19,3.25,..,anti,.,4.63,4.71,2.94,3.03,3.30,2.73,4.42,2.60,6.27,5.90,0.61,5.65,0.41,36.91,0.34,C3'-endo
73,73,0.61,A,A,A,1,0,0,0,0,.,104,1,tHW,tM-W,0.26,4.86,4.47,1.60,3.76,5.53,4.52,3.27,BI,anti,.,4.64,4.68,3.61,3.19,3.15,3.60,2.83,4.69,0.24,5.75,0.60,5.80,0.15,34.58,6.21,C2'-exo
74,74,0.62,U,U,U,0,0,0,1,0,.,103,1,t.W,t.-W,4.70,3.17,1.08,1.42,3.91,5.20,4.99,3.37,BI,anti,.,4.56,4.70,2.70,4.12,3.23,4.17,4.58,4.95,0.06,5.84,0.64,5.66,0.36,37.91,0.24,C3'-endo
75,75,0.62,G,G,G,0,0,1,0,0,.,102,1,c.W,c.-W,5.03,2.86,1.20,1.35,3.97,5.09,5.16,3.48,BI,anti,A,4.37,4.71,2.88,3.97,3.30,3.95,4.47,4.60,6.28,5.87,0.65,5.61,0.43,39.64,0.33,C3'-endo
76,76,0.63,G,G,G,0,0,1,0,0,.,101,1,tWH,tW-M,4.92,2.94,1.17,1.33,3.58,5.10,4.77,3.43,BI,anti,A,4.54,4.66,2.72,3.69,3.07,3.68,4.10,4.24,0.02,5.83,0.70,5.58,0.43,41.77,0.30,C3'-endo
77,77,0.64,U,U,U,0,0,0,1,0,.,100,1,tWH,tW-M,5.12,2.99,1.09,1.34,3.45,5.12,4.61,3.46,BI,anti,A,4.50,4.61,2.95,3.63,3.25,3.64,4.12,4.01,0.04,5.82,0.69,5.60,0.41,41.16,0.27,C3'-endo
78,78,0.65,A,A,A,1,0,0,0,0,.,99,1,tHS,tM-m,5.07,3.24,1.07,1.39,3.84,5.31,4.81,3.42,BI,anti,.,4.55,4.74,3.18,4.14,3.33,4.21,3.85,5.04,0.06,5.82,0.66,5.64,0.37,38.98,0.24,C3'-endo
79,79,0.66,C,C,C,0,1,0,0,0,(,98,1,cWW,cW-W,5.10,2.92,1.01,1.39,3.76,5.09,4.95,3.37,BI,anti,A,4.65,4.72,2.82,3.89,3.29,3.95,4.55,4.50,0.06,5.82,0.67,5.63,0.37,39.60,0.24,C3'-endo
80,80,0.67,U,U,U,0,0,0,1,0,(,97,1,cWW,cW-W,5.22,2.91,1.15,1.48,3.55,4.49,5.34,3.49,BI,anti,.,4.25,4.37,3.09,3.20,3.47,3.21,4.31,3.49,6.21,5.99,0.53,5.70,0.42,33.72,0.44,C3'-endo
81,81,0.68,G,G,G,0,0,1,0,0,(,96,1,cWW,cW-W,5.18,3.10,0.78,1.50,3.95,5.21,5.03,3.22,BI,anti,A,4.76,4.76,3.07,4.18,2.99,4.22,3.25,4.90,0.16,5.80,0.61,5.75,0.24,34.82,0.07,C3'-endo
82,82,0.68,G,G,G,0,0,1,0,0,(,95,1,cWW,cW-W,5.01,2.97,0.98,1.34,3.65,5.07,4.86,3.29,BI,anti,A,4.75,4.75,2.69,3.77,3.12,3.80,4.24,4.27,0.04,5.81,0.70,5.59,0.41,41.70,0.26,C3'-endo
83,83,0.69,G,G,G,0,0,1,0,0,(,94,1,cWW,cW-W,5.35,3.07,0.85,1.36,3.51,5.03,4.77,3.42,BI,anti,.,4.45,4.53,3.05,4.12,3.31,3.94,4.05,4.34,6.26,5.89,0.64,5.61,0.44,39.21,0.36,C3'-endo
84,84,0.70,C,C,C,0,1,0,0,0,(,93,1,cWW,cW-W,2.14,3.32,3.76,1.50,3.82,4.74,5.36,3.27,BI,anti,.,4.63,4.69,3.00,3.50,3.18,3.48,3.94,3.61,0.15,5.79,0.62,5.73,0.25,35.92,0.09,C3'-endo
85,85,0.71,G,G,G,0,0,1,0,0,(,92,1,cWW,cW-W,2.07,3.73,3.59,1.41,3.90,5.15,5.03,3.10,BI,anti,A,4.80,4.77,2.87,3.38,3.11,3.51,3.49,4.11,0.12,5.78,0.68,5.65,0.33,39.58,0.16,C3'-endo
86,86,0.72,G,G,G,0,0,1,0,0,(,91,1,cWW,cW-W,5.15,3.19,0.86,1.32,3.63,5.06,4.85,3.42,BI,anti,A,4.54,4.67,2.83,3.61,3.12,3.66,3.97,4.17,0.04,5.82,0.69,5.60,0.41,41.12,0.27,C3'-endo
87,87,0.72,G,G,G,0,0,1,0,0,.,90,1,tSH,tm-M,5.11,3.12,0.98,1.35,4.17,5.25,5.20,3.41,..,anti,.,4.48,4.83,3.04,4.40,3.17,3.66,3.81,2.71,0.05,5.81,0.69,5.61,0.39,40.51,0.25,C3'-endo
88,88,0.73,C,C,C,0,1,0,0,0,.,,0,,,3.34,2.43,0.69,1.36,3.47,4.86,4.89,3.62,BI,anti,.,4.19,4.48,0.28,4.23,0.84,4.16,0.46,4.91,6.24,5.92,0.61,5.63,0.43,37.65,0.38,C3'-endo
89,89,0.74,G,G,G,0,0,1,0,0,.,,0,,,2.74,4.00,2.81,1.43,4.15,4.62,5.82,3.25,..,anti,A,4.64,4.76,2.85,3.63,3.34,3.58,4.55,3.87,0.10,5.82,0.64,5.68,0.32,37.07,0.18,C3'-endo
90,90,0.75,A,A,A,1,0,0,0,0,.,87,1,tHS,tM-m,5.38,2.74,0.84,1.41,4.06,5.05,5.30,3.50,BI,anti,.,4.30,4.74,2.90,4.87,3.08,4.97,3.60,5.43,0.03,5.87,0.62,5.66,0.37,36.99,0.28,C3'-endo
91,91,0.76,C,C,C,0,1,0,0,0,),86,1,cWW,cW-W,2.38,4.23,3.37,1.41,3.54,5.29,4.54,3.32,BI,anti,A,4.60,4.63,3.10,3.42,3.90,3.43,5.05,3.99,0.07,5.82,0.67,5.64,0.36,39.18,0.23,C3'-endo
92,92,0.77,C,C,C,0,1,0,0,0,),85,1,cWW,cW-W,5.01,3.43,0.92,1.42,3.34,4.88,4.74,3.48,BI,anti,A,4.36,4.47,3.06,3.90,3.32,3.79,4.10,4.03,0.06,5.85,0.62,5.67,0.35,36.76,0.24,C3'-endo
93,93,0.78,G,G,G,0,0,1,0,0,),84,1,cWW,cW-W,2.68,3.62,3.02,1.41,4.04,4.56,5.76,3.03,..,anti,A,4.68,4.71,2.90,3.30,3.13,3.39,3.69,3.73,0.06,5.83,0.65,5.65,0.36,38.06,0.24,C3'-endo
94,94,0.78,C,C,C,0,1,0,0,0,),83,1,cWW,cW-W,5.70,2.81,0.55,1.39,3.52,5.11,4.69,3.42,BI,anti,A,4.54,4.62,2.95,3.72,3.13,3.75,3.62,4.10,0.08,5.80,0.68,5.63,0.36,39.64,0.21,C3'-endo
95,95,0.79,C,C,C,0,1,0,0,0,),82,1,cWW,cW-W,5.00,3.25,1.01,1.41,3.87,4.82,5.33,3.42,BI,anti,A,4.49,4.66,3.05,3.75,3.20,3.81,3.73,4.37,0.02,5.86,0.63,5.65,0.39,37.88,0.29,C3'-endo
96,96,0.80,U,U,U,0,0,0,1,0,),81,1,cWW,cW-W,5.42,2.80,0.77,1.39,3.68,4.97,4.99,3.52,BI,anti,A,4.33,4.58,2.85,3.71,3.11,3.67,3.91,4.06,0.00,5.88,0.63,5.64,0.40,38.17,0.32,C3'-endo
97,97,0.81,G,G,G,0,0,1,0,0,),80,1,cWW,cW-W,4.98,2.95,1.01,1.30,3.76,5.03,5.02,3.26,BI,anti,A,4.73,4.74,2.72,3.73,2.91,3.75,3.61,4.24,0.06,5.79,0.73,5.57,0.41,42.87,0.25,C3'-endo
98,98,0.82,G,G,G,0,0,1,0,0,),79,1,cWW,cW-W,5.02,2.93,1.30,1.31,3.91,5.23,4.96,3.24,BI,anti,.,4.74,4.76,3.03,4.05,3.25,4.10,4.01,4.94,0.01,5.83,0.69,5.58,0.44,41.75,0.31,C3'-endo
99,99,0.82,G,G,G,0,0,1,0,0,.,78,1,tSH,tm-M,5.15,3.03,1.01,1.42,3.61,4.65,5.24,3.31,BI,anti,.,4.55,4.60,2.88,2.96,3.33,2.74,4.60,2.55,0.05,5.85,0.63,5.66,0.36,37.23,0.26,C3'-endo
100,100,0.83,A,A,A,1,0,0,0,0,.,"0,77",2,"tSS,tHW","tm+m,tM-W",4.68,1.58,2.80,1.48,4.29,5.00,5.57,2.90,..,anti,.,4.46,4.61,3.78,3.25,3.37,3.50,2.99,4.63,0.06,5.86,0.60,5.70,0.33,35.24,0.23,C3'-endo
101,101,0.84,G,G,G,0,0,1,0,0,.,76,1,tHW,tM-W,5.02,2.84,0.96,1.38,3.75,5.12,4.91,3.31,BI,anti,.,4.65,4.70,2.53,3.92,2.98,3.96,4.39,4.72,0.04,5.84,0.66,5.63,0.39,39.24,0.27,C3'-endo
102,102,0.85,A,A,A,1,0,0,0,0,.,75,1,cW.,cW-.,5.14,2.97,1.03,1.42,3.96,5.24,5.00,3.35,BI,anti,.,4.59,4.75,2.98,4.19,3.31,4.22,4.42,4.90,0.10,5.80,0.67,5.66,0.33,38.91,0.18,C3'-endo
103,103,0.86,G,G,G,0,0,1,0,0,.,74,1,tW.,tW-.,5.06,2.95,1.15,1.36,3.71,5.00,4.99,3.43,BI,anti,A,4.48,4.64,2.89,3.71,3.33,3.67,4.43,3.93,6.27,5.87,0.66,5.60,0.44,39.91,0.35,C3'-endo
104,104,0.87,U,U,U,0,0,0,1,0,.,73,1,tWH,tW-M,5.28,2.92,0.94,1.29,3.73,5.09,4.93,3.48,BI,anti,A,4.44,4.66,2.95,3.74,3.16,3.78,3.67,4.39,6.25,5.87,0.67,5.57,0.47,41.35,0.37,C3'-endo
105,105,0.88,A,A,A,1,0,0,0,0,.,72,1,tHS,tM-m,5.17,3.01,0.97,1.32,3.88,5.51,4.65,3.39,BI,anti,.,4.54,4.70,2.94,4.24,3.19,4.32,4.03,5.07,6.24,5.90,0.64,5.61,0.45,39.35,0.38,C3'-endo
106,106,0.88,G,G,G,0,0,1,0,0,),71,1,cWW,cW-W,4.66,2.79,1.65,1.37,3.69,4.98,5.00,3.15,BI,anti,.,4.70,4.67,2.86,3.61,3.47,3.58,4.74,3.90,0.03,5.85,0.65,5.63,0.39,38.95,0.28,C3'-endo
107,107,0.89,G,G,G,0,0,1,0,0,),70,1,cWW,cW-W,5.19,2.98,1.10,1.37,4.02,4.69,5.62,3.22,..,anti,A,4.63,4.69,3.14,3.82,3.33,3.89,3.88,4.40,6.27,5.88,0.64,5.62,0.43,39.10,0.34,C3'-endo
108,108,0.90,U,U,U,0,0,0,1,0,),69,1,cWW,cW-W,5.71,2.56,0.89,1.39,3.96,4.49,5.75,3.40,..,anti,.,4.25,4.39,3.13,3.99,3.41,3.95,4.13,3.81,6.11,6.06,0.51,5.66,0.51,35.65,0.60,C3'-endo
109,109,0.91,C,C,C,0,1,0,0,0,.,"17,67",2,"cWH,tWH","cW+M,tW-M",1.18,3.03,5.22,2.61,4.44,0.85,3.59,4.70,..,anti,.,0.90,1.03,3.65,0.77,3.81,0.89,3.66,1.43,5.92,0.62,5.66,0.43,6.24,36.72,2.88,C2'-endo
110,110,0.92,G,G,G,0,0,1,0,0,),11,1,cWW,cW-W,2.89,3.31,3.38,1.41,3.97,4.78,5.47,3.32,BI,anti,A,4.60,4.72,3.76,3.13,3.81,3.28,3.72,3.86,0.09,5.82,0.65,5.66,0.33,38.16,0.19,C3'-endo
111,111,0.93,G,G,G,0,0,1,0,0,),10,1,cWW,cW-W,5.26,2.79,0.94,1.39,3.73,5.01,5.00,3.28,BI,anti,A,4.63,4.65,2.83,3.79,3.06,3.79,3.79,4.34,0.03,5.86,0.64,5.64,0.39,38.43,0.29,C3'-endo
112,112,0.93,U,U,U,0,0,0,1,0,),9,1,cWW,cW-W,5.12,2.96,1.05,1.35,3.34,4.93,4.70,3.34,BI,anti,.,4.54,4.55,2.85,3.39,3.16,3.37,4.09,3.38,0.06,5.80,0.71,5.59,0.40,41.96,0.25,C3'-endo
113,113,0.94,G,G,G,0,0,1,0,0,),8,1,cWW,cW-W,5.10,3.29,1.03,1.40,3.71,5.07,4.92,3.38,BI,anti,A,4.46,4.58,3.18,3.79,3.18,3.82,3.23,4.45,6.27,5.88,0.64,5.62,0.42,38.62,0.34,C3'-endo
114,114,0.95,C,C,C,0,1,0,0,0,),7,1,cWW,cW-W,5.05,2.99,1.02,1.32,3.81,4.85,5.24,3.43,BI,anti,A,4.51,4.72,2.84,3.65,3.09,3.68,4.01,4.10,0.07,5.79,0.71,5.59,0.39,41.89,0.23,C3'-endo
115,115,0.96,G,G,G,0,0,1,0,0,),6,1,cWW,cW-W,5.42,2.92,0.82,1.34,3.22,4.91,4.58,3.43,BI,anti,A,4.38,4.45,2.93,3.79,3.16,3.75,3.83,4.27,0.01,5.85,0.67,5.61,0.42,40.05,0.31,C3'-endo
116,116,0.97,G,G,G,0,0,1,0,0,),5,1,cWW,cW-W,3.24,3.77,2.42,1.36,4.19,4.53,5.94,3.17,..,anti,A,4.67,4.75,2.92,3.68,3.16,3.67,3.95,4.05,0.05,5.84,0.66,5.63,0.38,38.88,0.26,C3'-endo
117,117,0.97,G,G,G,0,0,1,0,0,),4,1,cWW,cW-W,5.67,2.72,0.58,1.30,3.73,5.06,4.95,3.41,BI,anti,A,4.57,4.73,2.82,3.74,3.00,3.77,3.66,4.15,0.06,5.80,0.71,5.58,0.40,42.12,0.25,C3'-endo
118,118,0.98,G,G,G,0,0,1,0,0,),3,1,cWW,cW-W,5.14,2.93,1.12,1.33,3.68,5.02,4.95,3.36,BI,anti,A,4.65,4.72,2.94,3.70,3.19,3.71,3.86,4.24,0.04,5.82,0.69,5.59,0.41,41.18,0.27,C3'-endo
119,119,0.99,G,G,G,0,0,1,0,0,),2,1,cWW,cW-W,5.28,3.01,0.90,1.35,3.70,5.03,4.95,3.42,BI,anti,.,4.57,4.73,2.98,3.72,3.21,3.86,4.02,3.75,0.09,5.79,0.70,5.62,0.36,40.73,0.20,C3'-endo
120,120,1.00,A,A,A,1,0,0,0,0,.,,0,,,5.37,3.14,1.14,2.46,,,,4.29,n/a,anti,-,,,,,,,,,5.77,0.70,5.67,0.34,0.10,39.59,2.66,C2'-endo
