index_chain,old_nt_resnum,nt_position,nt_name,nt_code,nt_align_code,is_A,is_C,is_G,is_U,is_other,dbn,paired,nb_interact,pair_type_LW,pair_type_DSSR,alpha,beta,gamma,delta,epsilon,zeta,epsilon_zeta,chi,bb_type,glyco_bond,form,ssZp,Dp,eta,theta,eta_prime,theta_prime,eta_base,theta_base,v0,v1,v2,v3,v4,amplitude,phase_angle,puckering
1,1,0.06,U,U,U,0,0,0,1,0,.,,0,,,,3.15,3.25,2.60,3.97,0.88,3.09,4.19,..,anti,.,1.58,1.57,,0.18,,6.07,,4.34,5.91,0.64,5.64,0.44,6.24,38.23,2.88,C2'-endo
2,2,0.11,U,U,U,0,0,0,1,0,(,0,1,cWW,cW-W,1.00,2.94,0.77,1.47,3.74,5.02,5.00,3.44,BI,anti,.,4.31,4.61,5.23,4.46,5.78,4.29,1.48,4.83,0.11,5.81,0.65,5.68,0.31,37.57,0.17,C3'-endo
3,3,0.17,A,A,A,1,0,0,0,0,(,0,1,cWW,cW-W,2.40,3.59,3.45,1.46,3.79,4.89,5.18,3.38,BI,anti,A,4.38,4.56,3.00,3.11,3.33,3.27,4.32,3.93,0.04,5.90,0.56,5.72,0.33,33.44,0.26,C3'-endo
4,4,0.22,C,C,C,0,1,0,0,0,(,0,1,cWW,cW-W,5.29,2.85,0.86,1.40,3.72,5.10,4.90,3.54,BI,anti,A,4.28,4.64,2.85,3.89,3.13,3.90,3.97,4.43,0.07,5.80,0.68,5.62,0.37,40.21,0.22,C3'-endo
5,5,0.28,U,U,U,0,0,0,1,0,(,0,1,cWW,cW-W,5.25,3.02,0.88,1.33,3.67,5.01,4.94,3.59,BI,anti,A,4.26,4.64,2.91,3.67,3.22,3.68,4.07,4.14,0.08,5.80,0.69,5.62,0.37,40.65,0.21,C3'-endo
6,6,0.33,G,G,G,0,0,1,0,0,(,0,1,cWW,cW-W,5.30,2.86,0.96,1.31,3.73,4.87,5.15,3.53,BI,anti,A,4.38,4.75,2.97,3.62,3.17,3.66,3.87,4.21,0.08,5.78,0.70,5.61,0.37,41.16,0.21,C3'-endo
7,7,0.39,C,C,C,0,1,0,0,0,(,0,1,cWW,cW-W,5.48,2.74,0.91,1.35,3.54,5.03,4.79,3.47,BI,anti,A,4.48,4.66,3.01,3.64,3.28,3.62,4.07,4.06,0.01,5.86,0.64,5.63,0.41,38.72,0.31,C3'-endo
8,8,0.44,A,A,A,1,0,0,0,0,(,0,1,cWW,cW-W,5.08,2.81,1.17,1.38,4.02,4.75,5.54,3.54,..,anti,A,4.30,4.77,3.05,3.73,3.27,3.72,3.96,4.11,0.13,5.77,0.68,5.66,0.32,39.48,0.14,C3'-endo
9,9,0.50,C,C,C,0,1,0,0,0,(,0,1,cWW,cW-W,5.19,2.57,1.14,1.39,3.82,4.87,5.24,3.53,BI,anti,A,4.30,4.63,2.86,3.78,3.15,3.71,3.81,4.15,0.04,5.83,0.67,5.62,0.39,39.76,0.27,C3'-endo
10,10,0.56,A,A,A,1,0,0,0,0,(,0,1,cWW,cW-W,5.26,2.75,1.00,1.36,3.66,4.90,5.05,3.49,BI,anti,A,4.40,4.64,2.88,3.65,3.15,3.66,3.91,4.19,0.02,5.84,0.67,5.60,0.42,40.27,0.30,C3'-endo
11,11,0.61,G,G,G,0,0,1,0,0,(,0,1,cWW,cW-W,5.27,2.80,1.07,1.51,4.38,5.27,5.39,3.43,..,anti,.,4.30,4.71,3.20,4.29,3.39,4.22,4.09,4.17,0.09,5.83,0.61,5.71,0.31,35.76,0.18,C3'-endo
12,12,0.67,G,G,G,0,0,1,0,0,(,0,1,cWW,cW-W,4.89,1.61,2.90,1.42,3.83,4.96,5.15,3.31,BI,anti,A,4.71,4.76,3.80,2.75,3.94,3.09,4.27,3.73,0.11,5.79,0.66,5.67,0.32,38.39,0.15,C3'-endo
13,13,0.72,U,U,U,0,0,0,1,0,(,0,1,cWW,cW-W,5.22,2.78,1.11,1.36,3.47,5.00,4.76,3.42,BI,anti,A,4.55,4.61,2.92,3.56,3.27,3.50,4.09,3.71,0.07,5.80,0.68,5.63,0.37,40.04,0.22,C3'-endo
14,14,0.78,G,G,G,0,0,1,0,0,(,0,1,cWW,cW-W,5.07,2.93,1.15,1.40,3.78,4.89,5.17,3.46,BI,anti,A,4.40,4.62,3.02,3.72,3.21,3.69,3.65,4.28,6.28,5.89,0.62,5.65,0.40,37.38,0.32,C3'-endo
15,15,0.83,A,A,A,1,0,0,0,0,(,0,1,cWW,cW-W,5.24,2.93,0.84,1.37,3.52,5.07,4.73,3.61,BI,anti,A,4.30,4.66,2.79,3.67,3.03,3.70,3.93,4.16,0.11,5.76,0.72,5.61,0.36,41.74,0.18,C3'-endo
16,16,0.89,C,C,C,0,1,0,0,0,(,0,1,cWW,cW-W,5.29,3.08,0.94,1.44,3.70,4.65,5.33,3.61,BI,anti,A,4.23,4.67,3.10,4.09,3.33,3.95,4.00,4.33,0.13,5.80,0.63,5.71,0.28,36.19,0.13,C3'-endo
17,17,0.94,G,G,G,0,0,1,0,0,(,0,1,cWW,cW-W,2.43,3.84,3.12,1.52,4.65,4.11,0.54,3.16,..,anti,A,4.64,4.79,2.99,3.37,3.22,3.52,3.93,4.02,0.17,5.77,0.64,5.72,0.25,36.53,0.06,C3'-endo
18,18,1.00,A,A,A,1,0,0,0,0,(,0,1,cWW,cW-W,5.60,2.20,0.87,1.40,,,,3.65,..,anti,-,,,,,,,,,6.27,5.90,0.60,5.66,0.40,36.67,0.34,C3'-endo
