index_chain,old_nt_resnum,nt_position,nt_name,nt_code,nt_align_code,is_A,is_C,is_G,is_U,is_other,dbn,paired,nb_interact,pair_type_LW,pair_type_DSSR,alpha,beta,gamma,delta,epsilon,zeta,epsilon_zeta,chi,bb_type,glyco_bond,form,ssZp,Dp,eta,theta,eta_prime,theta_prime,eta_base,theta_base,v0,v1,v2,v3,v4,amplitude,phase_angle,puckering
1,1,0.02,G,G,G,0,0,1,0,0,(,60,1,cWW,cW-W,,2.36,1.63,1.36,3.98,4.80,5.46,3.04,BI,anti,A,4.70,4.69,,3.65,,3.62,,4.09,6.27,5.90,0.61,5.65,0.40,36.83,0.34,C3'-endo
2,2,0.03,G,G,G,0,0,1,0,0,(,59,1,cWW,cW-W,5.27,3.03,0.77,1.39,3.66,5.08,4.86,3.31,BI,anti,A,4.70,4.73,2.86,3.76,3.06,3.79,3.83,4.08,0.14,5.75,0.69,5.65,0.31,40.12,0.13,C3'-endo
3,3,0.05,A,A,A,1,0,0,0,0,(,58,1,cWW,cW-W,5.24,3.22,0.77,1.33,3.66,5.23,4.72,3.38,BI,anti,A,4.61,4.70,2.97,3.82,3.14,3.89,3.66,4.55,0.05,5.81,0.69,5.60,0.40,40.98,0.26,C3'-endo
4,4,0.07,U,U,U,0,0,0,1,0,(,57,1,cWW,cW-W,5.00,3.20,0.98,1.38,3.67,5.00,4.95,3.45,BI,anti,A,4.52,4.67,2.90,3.64,3.17,3.65,4.08,4.05,0.05,5.83,0.66,5.63,0.38,39.17,0.25,C3'-endo
5,5,0.08,G,G,G,0,0,1,0,0,(,56,1,cWW,cW-W,4.97,2.91,1.14,1.36,3.60,5.00,4.88,3.31,BI,anti,A,4.63,4.64,2.82,3.62,3.06,3.61,3.73,4.07,0.04,5.84,0.65,5.63,0.38,38.85,0.27,C3'-endo
6,6,0.10,C,C,C,0,1,0,0,0,(,55,1,cWW,cW-W,5.02,2.95,1.21,1.41,3.80,4.87,5.22,3.32,BI,anti,A,4.61,4.69,3.02,3.70,3.24,3.69,3.95,3.94,0.06,5.83,0.65,5.65,0.36,38.21,0.23,C3'-endo
7,7,0.12,G,G,G,0,0,1,0,0,(,54,1,cWW,cW-W,5.20,2.99,0.89,1.37,3.79,4.87,5.20,3.47,BI,anti,A,4.46,4.70,2.90,3.68,3.07,3.71,3.56,4.21,0.04,5.84,0.66,5.63,0.39,39.38,0.27,C3'-endo
8,8,0.13,C,C,C,0,1,0,0,0,(,53,1,cWW,cW-W,5.27,2.86,0.89,1.35,3.84,4.86,5.26,3.44,BI,anti,A,4.53,4.75,2.86,3.76,3.06,3.80,3.81,4.34,0.10,5.77,0.71,5.62,0.35,41.25,0.18,C3'-endo
9,9,0.15,C,C,C,0,1,0,0,0,(,52,1,cWW,cW-W,5.48,2.74,0.93,1.38,3.73,5.15,4.87,3.34,BI,anti,A,4.63,4.69,2.98,3.92,3.25,3.90,4.10,4.54,0.06,5.81,0.68,5.63,0.37,39.83,0.24,C3'-endo
10,10,0.17,U,U,U,0,0,0,1,0,.,51,1,cWW,cW-W,4.91,3.02,1.16,1.39,3.49,1.70,1.79,3.41,..,anti,.,4.58,4.62,2.83,0.28,3.17,0.25,4.20,6.20,0.07,5.83,0.65,5.66,0.35,37.93,0.22,C3'-endo
11,11,0.18,U,U,U,0,0,0,1,0,.,20,1,cWW,cW-W,5.19,2.87,1.05,1.43,3.61,4.97,4.92,3.72,BI,anti,.,3.94,4.48,3.49,3.76,4.15,3.68,4.90,3.71,6.18,5.98,0.57,5.64,0.47,36.90,0.48,C3'-endo
12,12,0.20,G,G,G,0,0,1,0,0,.,19,1,cWW,cW-W,4.80,3.21,0.94,1.35,3.50,5.37,4.41,4.04,BI,anti,.,3.21,4.61,2.59,4.37,2.79,3.74,3.11,2.77,0.15,5.74,0.71,5.65,0.31,40.74,0.11,C3'-endo
13,13,0.22,A,A,A,1,0,0,0,0,.,,0,,,3.16,3.47,0.65,2.51,4.78,1.67,3.11,3.94,..,anti,.,0.78,0.88,1.23,2.38,1.63,1.80,0.89,0.65,5.76,0.72,5.66,0.34,0.11,40.43,2.66,C2'-endo
14,14,0.23,A,A,A,1,0,0,0,0,.,"38,42",2,"tWW,tHW","tW+W,tM-W",1.13,3.50,3.20,2.52,4.68,4.74,6.22,5.17,..,anti,.,0.45,0.79,3.27,4.85,2.77,4.26,1.71,4.46,5.84,0.66,5.66,0.38,0.03,38.29,2.77,C2'-endo
15,15,0.25,A,A,A,1,0,0,0,0,.,41,1,tHH,tM+M,1.42,2.84,3.07,1.48,4.10,4.92,5.46,3.14,..,anti,A,4.73,4.76,0.87,3.39,1.73,3.59,2.20,4.50,0.13,5.81,0.62,5.72,0.27,35.51,0.12,C3'-endo
16,16,0.27,A,A,A,1,0,0,0,0,.,,0,,,5.34,2.82,0.82,1.44,3.74,5.13,4.89,3.36,BI,anti,A,4.61,4.70,2.79,3.96,3.17,3.99,4.30,4.70,0.09,5.81,0.66,5.66,0.34,38.32,0.20,C3'-endo
17,17,0.28,G,G,G,0,0,1,0,0,.,,0,,,5.14,3.02,0.95,1.44,3.78,4.98,5.08,3.41,BI,anti,A,4.54,4.68,2.90,3.86,3.24,3.88,4.31,4.45,0.08,5.83,0.63,5.68,0.33,36.94,0.20,C3'-endo
18,18,0.30,C,C,C,0,1,0,0,0,[,43,1,cWW,cW-W,5.33,2.88,0.88,1.36,3.81,4.99,5.10,3.41,BI,anti,A,4.56,4.72,2.92,3.78,3.20,3.80,4.10,4.34,0.06,5.81,0.68,5.62,0.38,40.16,0.24,C3'-endo
19,19,0.32,C,C,C,0,1,0,0,0,.,12,1,cWW,cW-W,5.06,2.90,1.11,1.35,3.75,5.04,4.99,3.43,BI,anti,A,4.55,4.72,2.86,3.78,3.13,3.77,3.95,4.32,0.06,5.81,0.68,5.62,0.38,40.32,0.24,C3'-endo
20,20,0.33,U,U,U,0,0,0,1,0,.,11,1,cWW,cW-W,4.84,2.98,1.26,1.37,3.66,4.91,5.03,3.33,BI,anti,A,4.66,4.70,2.84,3.61,3.11,3.63,4.00,3.95,0.10,5.78,0.69,5.64,0.34,39.98,0.18,C3'-endo
21,21,0.35,G,G,G,0,0,1,0,0,(,31,1,cWW,cW-W,4.95,3.26,1.04,1.43,3.84,5.01,5.11,3.31,BI,anti,A,4.69,4.74,3.03,3.90,3.12,3.93,3.59,4.35,0.11,5.80,0.66,5.68,0.31,38.02,0.16,C3'-endo
22,22,0.37,C,C,C,0,1,0,0,0,(,30,1,cWW,cW-W,5.33,2.79,1.08,1.30,3.70,4.94,5.04,3.28,BI,anti,A,4.65,4.66,2.99,3.65,3.31,3.64,4.09,3.96,6.26,5.87,0.66,5.59,0.45,40.60,0.35,C3'-endo
23,23,0.38,G,G,G,0,0,1,0,0,(,29,1,cWW,cW-W,5.50,3.01,0.75,1.35,3.33,0.69,2.65,3.56,..,anti,.,4.23,4.41,3.05,5.88,3.26,4.92,3.78,3.95,6.20,5.94,0.61,5.61,0.48,38.88,0.44,C3'-endo
24,24,0.40,A,A,A,1,0,0,0,0,.,,0,,,1.36,2.36,0.82,2.60,4.61,4.97,5.92,4.89,..,anti,.,0.03,0.91,5.36,5.59,0.59,5.03,1.08,5.36,5.97,0.59,5.66,0.46,6.19,36.31,2.97,C2'-endo
25,25,0.42,A,A,A,1,0,0,0,0,.,28,1,tSW,tm+W,4.91,3.22,0.74,2.54,5.16,3.90,1.26,4.53,..,anti,.,-0.40,0.32,2.86,5.06,3.74,4.23,3.75,2.01,5.95,0.57,5.70,0.41,6.23,34.59,2.90,C2'-endo
26,26,0.43,A,A,A,1,0,0,0,0,.,,0,,,0.72,3.02,0.75,2.66,4.34,5.04,5.58,3.89,..,anti,.,1.25,1.39,4.56,5.36,5.76,4.97,1.91,5.49,6.10,0.49,5.69,0.50,6.08,33.95,3.17,C3'-exo
27,27,0.45,C,C,C,0,1,0,0,0,.,,0,,,4.87,3.12,0.83,1.47,3.95,4.98,5.25,3.41,BI,anti,.,4.39,4.58,2.51,3.98,3.22,4.04,3.84,4.82,6.27,5.94,0.55,5.71,0.37,33.58,0.34,C3'-endo
28,28,0.47,A,A,A,1,0,0,0,0,.,25,1,tWS,tW+m,5.22,2.93,0.77,1.42,3.89,5.07,5.10,3.39,BI,anti,A,4.58,4.75,2.75,3.98,3.07,4.04,4.14,4.72,0.09,5.81,0.66,5.66,0.34,38.39,0.20,C3'-endo
29,29,0.48,C,C,C,0,1,0,0,0,),23,1,cWW,cW-W,5.28,3.14,0.75,1.45,3.70,5.00,4.98,3.52,BI,anti,A,4.41,4.66,2.89,3.75,3.18,3.81,4.14,4.28,0.08,5.83,0.63,5.68,0.33,36.86,0.20,C3'-endo
30,30,0.50,G,G,G,0,0,1,0,0,),22,1,cWW,cW-W,5.12,3.04,0.94,1.44,3.67,4.92,5.03,3.36,BI,anti,A,4.56,4.62,2.91,3.70,3.15,3.73,3.84,4.11,0.02,5.87,0.62,5.65,0.39,37.47,0.30,C3'-endo
31,31,0.52,C,C,C,0,1,0,0,0,),21,1,cWW,cW-W,5.28,3.02,0.92,1.49,3.78,3.14,0.63,3.56,..,anti,.,4.25,4.56,3.07,1.89,3.26,2.15,3.83,2.67,0.02,5.91,0.57,5.71,0.35,33.90,0.29,C3'-endo
32,32,0.53,A,A,A,1,0,0,0,0,(,49,1,cWW,cW-W,5.13,2.99,0.78,1.38,3.60,5.03,4.85,3.34,BI,anti,A,4.62,4.66,3.32,3.67,3.04,3.70,2.62,3.97,0.07,5.82,0.66,5.64,0.36,39.06,0.23,C3'-endo
33,33,0.55,G,G,G,0,0,1,0,0,(,48,1,cWW,cW-W,5.24,3.03,0.96,1.36,3.58,4.99,4.88,3.40,BI,anti,A,4.47,4.56,3.04,3.59,3.25,3.60,3.73,4.07,6.27,5.89,0.63,5.63,0.42,38.34,0.35,C3'-endo
34,34,0.57,C,C,C,0,1,0,0,0,(,47,1,cWW,cW-W,5.10,3.10,0.89,1.34,3.57,5.03,4.83,3.51,BI,anti,A,4.43,4.66,2.87,3.61,3.03,3.64,3.71,3.97,0.06,5.81,0.69,5.61,0.38,40.59,0.24,C3'-endo
35,35,0.58,U,U,U,0,0,0,1,0,(,46,1,cWW,cW-W,5.21,3.07,0.96,1.42,3.87,4.99,5.17,3.54,BI,anti,A,4.29,4.68,3.08,3.85,3.24,3.84,3.71,4.29,0.05,5.86,0.62,5.68,0.35,36.58,0.25,C3'-endo
36,36,0.60,G,G,G,0,0,1,0,0,(,45,1,cWW,cW-W,5.19,2.83,0.91,1.29,3.63,5.10,4.82,3.35,BI,anti,A,4.65,4.70,2.71,3.72,3.00,3.76,3.79,4.47,6.28,5.84,0.70,5.56,0.46,42.59,0.33,C3'-endo
37,37,0.62,G,G,G,0,0,1,0,0,.,,0,,,5.27,3.05,0.91,1.42,3.82,5.06,5.05,3.44,BI,anti,A,4.51,4.72,3.04,3.91,3.29,3.93,4.25,4.46,0.08,5.82,0.65,5.66,0.34,38.17,0.20,C3'-endo
38,38,0.63,U,U,U,0,0,0,1,0,.,14,1,tWW,tW+W,5.29,2.94,0.86,1.32,3.74,5.00,5.03,3.54,BI,anti,A,4.37,4.71,2.87,3.69,3.16,3.75,3.99,4.34,0.02,5.83,0.69,5.59,0.42,41.39,0.29,C3'-endo
39,39,0.65,G,G,G,0,0,1,0,0,.,41,1,cSW,cm-W,5.19,3.15,0.84,1.43,4.14,3.85,0.29,3.62,..,anti,.,4.04,4.78,3.05,3.49,3.20,3.72,3.90,4.61,0.10,5.80,0.66,5.66,0.33,38.28,0.18,C3'-endo
40,40,0.67,A,A,A,1,0,0,0,0,.,,0,,,0.86,2.64,0.85,2.55,4.46,1.15,3.30,1.81,..,...,.,-1.40,1.28,4.80,1.01,4.92,0.65,4.40,0.75,5.73,0.77,5.60,0.38,0.10,43.59,2.68,C2'-endo
41,41,0.68,A,A,A,1,0,0,0,0,.,"15,39",2,"tHH,cWS","tM+M,cW-m",3.60,2.16,3.25,2.57,4.43,3.38,1.05,4.77,BII,anti,.,0.98,1.05,4.42,2.55,4.37,2.42,4.39,2.85,5.85,0.67,5.65,0.40,0.02,38.72,2.79,C2'-endo
42,42,0.70,U,U,U,0,0,0,1,0,.,14,1,tWH,tW-M,0.87,3.93,3.33,1.15,2.13,1.15,0.98,3.70,..,anti,.,3.90,4.09,2.64,3.57,2.49,3.53,3.07,4.24,0.06,5.76,0.76,5.54,0.43,44.93,0.25,C3'-endo
43,43,0.72,G,G,G,0,0,1,0,0,],18,1,cWW,cW-W,2.61,2.00,3.18,2.55,4.46,2.72,1.74,1.12,BII,syn,.,-1.03,1.03,3.92,2.16,3.94,1.83,4.45,1.39,5.91,0.61,5.67,0.41,6.25,36.39,2.86,C2'-endo
44,44,0.73,A,A,A,1,0,0,0,0,.,,0,,,1.49,4.36,0.69,2.47,5.00,2.09,2.91,4.59,..,anti,.,0.09,0.32,1.11,2.68,1.03,2.55,1.08,3.31,5.79,0.70,5.65,0.37,0.07,39.86,2.71,C2'-endo
45,45,0.75,C,C,C,0,1,0,0,0,),36,1,cWW,cW-W,4.78,2.01,1.64,1.30,3.74,4.94,5.08,3.32,BI,anti,A,4.60,4.64,3.52,3.64,3.68,3.48,4.56,3.95,6.23,5.90,0.65,5.58,0.48,40.37,0.40,C3'-endo
46,46,0.77,A,A,A,1,0,0,0,0,),35,1,cWW,cW-W,5.28,3.08,0.73,1.40,3.62,5.12,4.79,3.49,BI,anti,A,4.48,4.68,2.86,3.74,3.06,3.76,3.84,4.08,0.09,5.80,0.67,5.65,0.34,39.20,0.19,C3'-endo
47,47,0.78,G,G,G,0,0,1,0,0,),34,1,cWW,cW-W,5.15,3.10,0.93,1.31,3.74,4.94,5.08,3.50,BI,anti,A,4.40,4.71,2.94,3.65,3.14,3.71,3.68,4.27,6.28,5.85,0.68,5.58,0.44,41.21,0.33,C3'-endo
48,48,0.80,C,C,C,0,1,0,0,0,),33,1,cWW,cW-W,5.41,2.84,0.93,1.35,3.41,4.93,4.76,3.55,BI,anti,.,4.36,4.54,2.98,3.96,3.27,3.75,4.06,4.00,0.02,5.85,0.66,5.61,0.42,39.90,0.30,C3'-endo
49,49,0.82,U,U,U,0,0,0,1,0,),32,1,cWW,cW-W,2.48,3.39,3.31,1.45,3.85,5.07,5.06,3.26,BI,anti,A,4.71,4.76,2.89,3.42,3.07,3.56,3.68,4.24,0.19,5.75,0.67,5.71,0.25,38.25,0.05,C3'-endo
50,50,0.83,A,A,A,1,0,0,0,0,.,,0,,,5.38,3.01,0.77,1.42,3.74,5.10,4.92,3.42,BI,anti,A,4.54,4.68,2.96,3.88,3.27,3.91,4.15,4.44,0.09,5.82,0.65,5.67,0.33,37.95,0.20,C3'-endo
51,51,0.85,U,U,U,0,0,0,1,0,.,10,1,cWW,cW-W,5.17,3.01,0.91,1.33,3.77,4.93,5.12,3.47,BI,anti,A,4.48,4.72,2.87,3.67,3.14,3.72,3.97,4.30,0.05,5.82,0.69,5.60,0.40,40.84,0.26,C3'-endo
52,52,0.87,G,G,G,0,0,1,0,0,),9,1,cWW,cW-W,5.28,2.77,1.04,1.39,3.50,5.05,4.73,3.38,BI,anti,A,4.58,4.62,2.91,3.67,3.22,3.61,4.10,3.89,0.06,5.82,0.67,5.63,0.37,39.42,0.23,C3'-endo
53,53,0.88,G,G,G,0,0,1,0,0,),8,1,cWW,cW-W,5.14,3.10,0.94,1.39,3.71,4.99,5.00,3.44,BI,anti,A,4.51,4.66,3.00,3.71,3.17,3.72,3.70,4.18,0.02,5.86,0.64,5.64,0.39,38.05,0.29,C3'-endo
54,54,0.90,C,C,C,0,1,0,0,0,),7,1,cWW,cW-W,5.00,2.85,1.17,1.37,3.82,4.91,5.19,3.37,BI,anti,A,4.61,4.72,2.88,3.75,3.12,3.74,3.85,4.22,0.04,5.83,0.66,5.63,0.39,39.33,0.26,C3'-endo
55,55,0.92,G,G,G,0,0,1,0,0,),6,1,cWW,cW-W,5.28,2.76,1.03,1.36,3.75,4.92,5.11,3.29,BI,anti,A,4.63,4.67,2.92,3.71,3.20,3.70,4.00,4.21,0.01,5.86,0.65,5.62,0.41,39.11,0.31,C3'-endo
56,56,0.93,C,C,C,0,1,0,0,0,),5,1,cWW,cW-W,5.12,2.97,1.01,1.37,3.81,4.83,5.26,3.45,BI,anti,A,4.50,4.72,2.92,3.72,3.12,3.74,3.88,4.16,0.08,5.80,0.68,5.63,0.36,40.04,0.22,C3'-endo
57,57,0.95,A,A,A,1,0,0,0,0,),4,1,cWW,cW-W,5.53,2.82,0.74,1.38,3.76,5.05,4.99,3.46,BI,anti,A,4.50,4.70,2.95,3.83,3.16,3.86,3.83,4.55,0.05,5.84,0.66,5.64,0.38,38.82,0.26,C3'-endo
58,58,0.97,U,U,U,0,0,0,1,0,),3,1,cWW,cW-W,5.14,2.91,0.94,1.37,3.67,4.81,5.14,3.40,BI,anti,A,4.60,4.70,2.79,3.54,3.09,3.53,4.14,3.64,0.09,5.79,0.69,5.63,0.36,40.28,0.20,C3'-endo
59,59,0.98,C,C,C,0,1,0,0,0,),2,1,cWW,cW-W,5.16,3.01,0.91,1.38,3.79,4.93,5.15,3.45,BI,anti,A,4.51,4.72,2.92,3.70,2.99,3.74,3.29,4.09,0.07,5.82,0.66,5.64,0.36,39.03,0.23,C3'-endo
60,60,1.00,C,C,C,0,1,0,0,0,),1,1,cWW,cW-W,5.15,2.81,1.25,1.43,,,,3.35,n/a,anti,-,,,,,,,,,6.22,5.97,0.55,5.68,0.42,34.61,0.43,C3'-endo
