index_chain,old_nt_resnum,nt_position,nt_name,nt_code,nt_align_code,is_A,is_C,is_G,is_U,is_other,dbn,paired,nb_interact,pair_type_LW,pair_type_DSSR,alpha,beta,gamma,delta,epsilon,zeta,epsilon_zeta,chi,bb_type,glyco_bond,form,ssZp,Dp,eta,theta,eta_prime,theta_prime,eta_base,theta_base,v0,v1,v2,v3,v4,amplitude,phase_angle,puckering
1,2,0.01,G,G,G,0,0,1,0,0,.,"27,54",2,"cWS,cHH","cW-m,cM-M",,4.18,3.05,2.61,4.62,2.73,1.89,5.39,BII,anti,.,-0.06,0.75,,2.09,,1.74,,2.52,5.93,0.61,5.66,0.44,6.22,36.97,2.91,C2'-endo
2,3,0.02,C,C,C,0,1,0,0,0,.,"26,55",2,"cWW,cHS","cW-W,cM+m",0.22,4.27,4.03,1.50,0.47,2.92,3.83,3.54,..,anti,.,1.62,2.23,3.90,3.16,3.15,3.35,3.74,3.19,6.22,6.02,0.47,5.76,0.37,29.87,0.45,C3'-endo
3,4,0.02,G,G,G,0,0,1,0,0,.,25,1,cWW,cW-W,5.89,4.91,3.64,2.76,4.78,2.77,2.01,4.58,BII,anti,.,0.47,0.63,4.04,1.94,3.83,2.77,3.46,3.30,5.87,0.73,5.53,0.53,6.20,44.11,2.92,C2'-endo
4,5,0.03,C,C,C,0,1,0,0,0,.,24,1,t.W,t.-W,0.02,2.01,5.69,2.63,5.43,1.61,3.82,5.22,..,anti,.,0.36,0.69,3.17,3.22,3.52,3.33,3.80,4.63,5.84,0.72,5.58,0.46,6.27,42.18,2.84,C2'-endo
5,6,0.04,G,G,G,0,0,1,0,0,.,,0,,,2.31,4.33,2.21,2.59,5.40,3.68,1.72,4.85,..,anti,.,0.25,0.86,3.62,3.92,4.06,3.11,4.98,3.80,5.78,0.76,5.57,0.44,0.04,43.66,2.77,C2'-endo
6,7,0.05,U,U,U,0,0,0,1,0,.,,0,,,5.74,5.01,3.95,2.58,4.01,4.98,5.31,3.66,BI,anti,.,0.73,1.78,3.94,2.73,3.46,2.94,3.93,2.77,5.74,0.78,5.59,0.40,0.08,44.03,2.71,C2'-endo
7,8,0.06,U,U,U,0,0,0,1,0,.,98,1,c.W,c.+W,3.42,1.47,2.55,2.39,1.03,1.34,5.97,4.43,..,anti,.,0.32,1.02,4.45,2.19,3.71,3.05,3.22,3.63,6.01,0.48,5.79,0.35,6.23,29.05,2.92,C2'-endo
8,9,0.07,U,U,U,0,0,0,1,0,.,99,1,cHW,cM+W,2.54,3.44,1.06,1.52,0.92,1.25,5.95,4.93,..,anti,.,0.82,1.34,2.30,3.08,2.92,2.87,3.41,4.26,5.84,0.14,0.18,5.85,0.55,30.87,1.23,C4'-exo
9,10,0.07,A,A,A,1,0,0,0,0,.,100,1,c.W,c.-W,3.25,1.57,2.81,2.70,3.26,4.82,4.72,0.89,BI,syn,.,-1.24,2.27,4.76,2.27,3.89,3.14,5.06,4.14,5.79,0.80,5.50,0.51,6.27,46.87,2.83,C2'-endo
10,11,0.08,U,U,U,0,0,0,1,0,.,,0,,,5.02,3.22,0.88,1.64,1.08,1.57,5.79,1.05,..,syn,.,-0.58,0.96,3.52,4.46,3.97,3.54,4.78,2.79,5.79,0.30,6.27,6.03,0.47,28.15,1.60,O4'-endo
11,12,0.09,U,U,U,0,0,0,1,0,.,,0,,,1.26,2.70,1.73,2.84,4.12,3.78,0.34,4.03,..,anti,.,0.54,1.45,0.57,4.05,1.99,3.61,1.72,4.52,5.84,0.79,5.47,0.58,6.19,47.80,2.92,C2'-endo
12,13,0.10,C,C,C,0,1,0,0,0,.,,0,,,5.46,1.75,1.95,1.51,3.74,5.81,4.22,5.19,..,anti,.,-1.91,4.54,3.78,4.10,4.42,3.61,5.41,3.30,0.10,5.84,0.60,5.73,0.29,34.77,0.16,C3'-endo
13,14,0.11,C,C,C,0,1,0,0,0,.,,0,,,3.83,1.90,4.06,2.72,3.50,5.08,4.70,4.82,BI,anti,.,2.36,2.21,4.53,3.84,4.68,3.56,4.23,3.56,5.82,0.77,5.53,0.50,6.26,45.11,2.84,C2'-endo
14,15,0.12,A,A,A,1,0,0,0,0,.,,0,,,4.38,3.62,5.26,1.29,1.24,1.38,6.14,3.66,..,anti,.,3.08,3.47,1.32,3.17,1.65,3.11,2.12,2.65,0.10,5.80,0.66,5.66,0.33,38.48,0.18,C3'-endo
15,16,0.12,U,U,U,0,0,0,1,0,.,,0,,,3.41,3.21,6.22,1.41,,,,3.48,..,anti,-,,,,,,,,,6.28,5.89,0.62,5.65,0.40,37.26,0.33,C3'-endo
16,not resolved,0.13,-,-,-,0,0,0,0,1,,,0,,,,,,,,,,,,,,,,,,,,,,,,,,,,,
17,not resolved,0.14,-,-,-,0,0,0,0,1,,,0,,,,,,,,,,,,,,,,,,,,,,,,,,,,,
18,19,0.15,C,C,C,0,1,0,0,0,.,,0,,,,4.53,3.28,1.45,3.34,2.81,0.53,3.02,..,anti,.,3.70,3.79,,1.77,,1.98,,2.51,5.81,0.04,0.38,5.62,0.72,41.33,1.02,C4'-exo
19,20,0.16,U,U,U,0,0,0,1,0,.,100,1,cHH,cM-M,0.47,1.42,2.81,1.27,1.16,2.64,4.81,3.53,..,anti,.,0.52,1.72,0.36,2.55,5.54,2.74,4.48,4.00,5.42,0.55,6.22,5.86,0.81,49.41,1.64,O4'-endo
20,21,0.17,U,U,U,0,0,0,1,0,.,,0,,,4.88,4.96,3.18,2.04,3.89,4.38,5.79,3.87,..,anti,.,3.93,4.70,1.79,3.45,2.71,3.07,4.08,3.18,0.61,5.59,0.51,6.11,6.00,39.33,5.55,C1'-endo
21,22,0.17,U,U,U,0,0,0,1,0,.,,0,,,5.40,2.27,1.16,1.50,3.22,4.75,4.76,3.56,BI,anti,.,4.12,4.26,2.74,4.00,3.23,3.57,3.75,3.34,0.00,5.92,0.57,5.70,0.37,34.31,0.32,C3'-endo
22,23,0.18,G,G,G,0,0,1,0,0,.,97,1,tHW,tM-W,2.64,3.59,3.43,1.59,4.93,3.59,1.34,3.13,BII,anti,.,3.33,3.55,3.59,3.59,3.51,3.81,3.49,4.97,6.06,6.18,0.36,5.79,0.45,28.59,0.77,C4'-exo
23,24,0.19,G,G,G,0,0,1,0,0,.,96,1,tHW,tM-W,1.82,4.62,2.99,1.59,2.95,4.66,4.57,4.28,BI,anti,.,2.59,4.11,2.40,3.64,3.43,2.97,4.63,3.01,0.21,5.80,0.56,5.83,0.16,31.85,6.24,C2'-exo
24,25,0.20,A,A,A,1,0,0,0,0,.,4,1,tW.,tW-.,3.17,3.83,2.34,1.43,0.94,2.36,4.86,3.92,..,anti,.,2.13,3.14,3.43,3.60,3.48,3.51,3.67,4.34,0.11,5.83,0.61,5.72,0.29,35.68,0.16,C3'-endo
25,26,0.21,G,G,G,0,0,1,0,0,.,3,1,cWW,cW-W,3.63,1.79,1.48,1.51,2.99,4.64,4.63,3.92,BI,anti,.,3.63,4.26,2.09,3.97,3.02,3.29,4.08,3.06,0.15,5.79,0.62,5.74,0.25,35.72,0.08,C3'-endo
26,27,0.21,C,C,C,0,1,0,0,0,.,2,1,cWW,cW-W,2.98,4.00,2.61,1.43,3.22,0.60,2.62,3.56,..,anti,.,4.24,4.37,2.71,5.19,3.12,5.16,3.38,5.32,0.01,5.89,0.61,5.66,0.39,36.92,0.31,C3'-endo
27,28,0.22,C,C,C,0,1,0,0,0,.,1,1,cSW,cm-W,4.25,2.45,1.90,1.51,3.52,5.14,4.67,3.37,BI,anti,.,4.50,4.56,2.95,4.40,4.19,3.45,5.41,2.60,0.13,5.79,0.66,5.69,0.30,37.90,0.13,C3'-endo
28,29,0.23,A,A,A,1,0,0,0,0,.,,0,,,2.11,1.85,2.93,1.35,2.71,0.66,2.05,4.34,..,anti,.,2.52,4.17,1.59,3.53,1.62,4.02,1.13,4.59,0.01,5.87,0.64,5.63,0.41,38.35,0.32,C3'-endo
29,30,0.24,G,G,G,0,0,1,0,0,(,"52,53",2,"cWW,cWW","cW-W,cW-W",3.84,3.60,1.38,1.49,3.18,4.74,4.73,3.98,BI,anti,A,3.47,4.33,2.95,3.81,3.70,3.59,4.32,3.64,0.06,5.87,0.59,5.70,0.33,34.98,0.23,C3'-endo
30,31,0.25,U,U,U,0,0,0,1,0,(,52,1,cWW,cW-W,2.74,3.66,3.00,1.57,4.75,5.56,5.48,3.55,..,anti,.,3.47,4.25,3.22,4.38,3.24,4.47,3.45,5.08,6.26,5.99,0.49,5.77,0.34,29.91,0.38,C3'-endo
31,32,0.26,C,C,C,0,1,0,0,0,.,"32,33",2,"cSH,cSH","cm+M,cm+M",4.52,1.69,2.85,2.59,4.91,3.43,1.47,3.87,BII,anti,.,0.50,0.61,4.24,1.81,4.38,2.24,5.02,2.32,5.98,0.58,5.67,0.45,6.18,35.77,2.97,C2'-endo
32,33,0.26,C,C,C,0,1,0,0,0,(,"31,50",2,"cHS,cWW","cM+m,cW-W",3.39,2.68,0.91,1.50,3.87,5.08,5.07,3.22,BI,anti,A,4.55,4.59,2.13,4.14,2.05,4.08,2.30,4.53,0.05,5.89,0.57,5.73,0.32,33.57,0.24,C3'-endo
33,34,0.27,C,C,C,0,1,0,0,0,.,"31,49",2,"cHS,cWW","cM+m,cW-W",4.56,3.35,1.06,1.43,3.74,5.11,4.92,3.42,BI,anti,A,4.51,4.64,2.65,3.86,2.93,3.86,3.72,4.47,0.05,5.84,0.65,5.64,0.37,38.57,0.26,C3'-endo
34,35,0.28,A,A,A,1,0,0,0,0,.,48,1,cWW,cW-W,4.90,2.87,1.17,1.38,3.78,4.75,5.31,3.17,BI,anti,.,4.73,4.72,2.78,3.61,3.08,3.67,4.06,4.03,0.07,5.80,0.69,5.62,0.38,40.56,0.23,C3'-endo
35,36,0.29,G,G,G,0,0,1,0,0,.,47,1,tWH,tW-M,5.47,2.83,1.04,1.50,3.92,5.09,5.12,3.14,BI,anti,A,4.25,4.41,3.28,4.10,3.47,4.09,3.98,4.76,6.24,5.97,0.54,5.70,0.39,33.39,0.40,C3'-endo
36,37,0.30,C,C,C,0,1,0,0,0,(,46,1,cWW,cW-W,5.06,3.14,0.75,1.46,3.51,4.93,4.86,3.74,BI,anti,A,3.98,4.50,2.63,3.54,3.00,3.55,4.04,3.84,0.07,5.84,0.63,5.67,0.34,37.23,0.22,C3'-endo
37,38,0.31,G,G,G,0,0,1,0,0,(,45,1,cWW,cW-W,5.10,2.95,1.08,1.45,3.82,4.75,5.35,3.48,BI,anti,.,4.34,4.61,2.99,3.71,3.15,3.77,3.60,4.48,0.07,5.83,0.64,5.66,0.35,37.47,0.23,C3'-endo
38,39,0.31,A,A,A,1,0,0,0,0,(,"43,44",2,"cWH,cWW","cW+M,cW-W",5.47,2.83,0.81,1.48,3.54,4.74,5.08,3.53,BI,anti,.,4.39,4.60,2.97,4.18,3.25,4.08,4.20,4.64,0.14,5.79,0.63,5.71,0.27,36.56,0.10,C3'-endo
39,40,0.32,C,C,C,0,1,0,0,0,.,,0,,,2.75,3.89,2.88,1.42,3.88,4.84,5.33,2.88,BI,anti,A,4.67,4.78,2.79,4.13,3.23,3.91,4.33,4.45,0.15,5.77,0.67,5.68,0.29,38.82,0.11,C3'-endo
40,41,0.33,U,U,U,0,0,0,1,0,.,,0,,,2.24,3.39,3.58,1.85,3.02,0.12,2.90,2.61,..,anti,.,2.48,3.85,2.86,3.98,3.34,3.56,4.55,2.66,0.43,5.77,0.40,6.12,6.12,29.00,5.63,C1'-endo
41,42,0.34,A,A,A,1,0,0,0,0,.,,0,,,3.75,1.87,4.37,1.40,,,,3.55,..,anti,-,,,,,,,,,0.00,5.89,0.62,5.65,0.40,37.33,0.32,C3'-endo
42,43,0.35,U,U,U,0,0,0,1,0,.,,0,,,,1.93,3.00,3.03,,,,2.82,..,anti,-,,,,,,,,,0.24,0.24,5.69,0.75,5.65,42.54,3.79,C4'-endo
43,44,0.36,G,G,G,0,0,1,0,0,.,38,1,cHW,cM+W,,3.90,2.87,1.41,4.76,4.08,0.68,5.44,..,anti,.,-3.40,4.27,,3.47,,3.64,,3.30,6.13,6.03,0.54,5.64,0.51,36.78,0.56,C3'-endo
44,45,0.36,U,U,U,0,0,0,1,0,),38,1,cWW,cW-W,5.40,2.41,0.77,1.57,3.58,4.79,5.07,4.41,BI,anti,.,1.77,4.30,2.73,3.70,3.04,3.52,2.79,3.60,0.01,5.96,0.49,5.78,0.31,29.57,0.31,C3'-endo
45,46,0.37,C,C,C,0,1,0,0,0,),37,1,cWW,cW-W,4.90,2.65,1.32,1.51,3.69,4.88,5.09,4.20,BI,anti,B,2.50,4.38,2.86,3.76,3.08,3.67,3.35,4.00,6.23,5.99,0.52,5.72,0.39,32.40,0.42,C3'-endo
46,47,0.38,G,G,G,0,0,1,0,0,),36,1,cWW,cW-W,5.24,2.86,0.94,1.48,3.22,4.70,4.81,4.21,BI,anti,.,2.79,4.18,2.87,3.55,3.21,3.14,3.74,2.91,6.23,5.98,0.53,5.71,0.40,33.24,0.42,C3'-endo
47,48,0.39,U,U,U,0,0,0,1,0,.,35,1,tHW,tM-W,2.53,2.56,3.26,1.37,4.25,5.21,5.32,3.48,..,anti,.,4.29,4.75,2.47,3.58,2.23,3.95,2.08,4.84,0.00,5.86,0.65,5.62,0.42,39.34,0.32,C3'-endo
48,49,0.40,A,A,A,1,0,0,0,0,.,34,1,cWW,cW-W,5.29,2.79,1.07,1.49,4.10,4.80,5.59,3.05,..,anti,.,4.80,4.79,2.92,3.99,3.55,4.01,4.76,4.13,0.16,5.78,0.64,5.72,0.25,36.63,0.08,C3'-endo
49,50,0.40,U,U,U,0,0,0,1,0,.,33,1,cWW,cW-W,5.47,3.15,0.76,1.38,3.73,5.00,5.02,3.44,BI,anti,A,4.50,4.63,3.12,3.70,3.30,3.76,3.65,4.30,6.27,5.89,0.63,5.62,0.42,38.61,0.34,C3'-endo
50,51,0.41,G,G,G,0,0,1,0,0,),32,1,cWW,cW-W,5.15,3.05,0.85,1.42,3.69,5.06,4.91,3.43,BI,anti,A,4.39,4.55,2.87,3.79,3.08,3.84,3.81,4.55,0.01,5.88,0.62,5.65,0.39,37.32,0.30,C3'-endo
51,52,0.42,G,G,G,0,0,1,0,0,.,,0,,,5.08,3.02,0.95,1.46,3.73,5.01,5.01,3.43,BI,anti,A,4.38,4.56,2.89,3.83,3.17,3.83,4.13,4.29,0.03,5.88,0.60,5.69,0.36,35.60,0.28,C3'-endo
52,53,0.43,A,A,A,1,0,0,0,0,),"29,30",2,"cWW,cWW","cW-W,cW-W",5.14,2.96,0.85,1.40,4.31,4.56,6.04,3.49,..,anti,A,4.17,4.74,2.94,3.81,3.14,3.88,3.82,4.43,0.05,5.83,0.66,5.64,0.37,38.77,0.25,C3'-endo
53,54,0.44,C,C,C,0,1,0,0,0,),29,1,cWW,cW-W,5.31,2.47,1.01,1.36,3.99,4.75,5.52,3.51,BI,anti,.,4.26,4.69,2.78,3.59,3.03,3.51,3.78,4.28,6.26,5.89,0.64,5.61,0.44,39.27,0.36,C3'-endo
54,55,0.45,G,G,G,0,0,1,0,0,.,1,1,cHH,cM-M,4.86,2.10,2.28,1.35,4.33,5.83,4.79,5.54,..,...,.,-3.96,4.75,3.53,4.61,3.55,4.62,4.40,4.83,6.28,5.87,0.65,5.61,0.43,39.59,0.33,C3'-endo
55,56,0.45,A,A,A,1,0,0,0,0,.,2,1,cSH,cm+M,4.41,3.50,0.96,1.47,4.26,3.01,1.25,4.22,BII,anti,.,1.77,4.43,2.45,2.48,3.10,2.48,3.70,2.74,6.16,6.02,0.51,5.68,0.45,34.04,0.52,C3'-endo
56,57,0.46,A,A,A,1,0,0,0,0,.,95,1,cWH,cW+M,1.05,3.97,5.00,1.41,3.78,5.19,4.87,3.27,BI,anti,.,4.57,4.63,4.20,3.00,3.76,3.42,3.59,5.03,0.03,5.86,0.63,5.65,0.39,37.91,0.29,C3'-endo
57,58,0.47,G,G,G,0,0,1,0,0,.,94,1,cHW,cM+W,4.99,3.45,1.08,2.55,3.35,4.58,5.05,1.10,BI,syn,.,-2.32,2.34,2.95,4.18,3.55,3.76,5.05,4.30,5.78,0.76,5.59,0.42,0.05,43.15,2.74,C2'-endo
58,59,0.48,C,C,C,0,1,0,0,0,.,93,1,cHW,cM+W,5.46,3.15,0.10,1.40,3.16,4.77,4.67,0.84,BI,syn,.,-3.51,3.96,2.65,3.50,2.84,3.58,3.75,3.06,6.05,6.12,0.47,5.66,0.54,35.35,0.70,C4'-exo
59,60,0.49,G,G,G,0,0,1,0,0,.,92,1,cWW,cW-W,2.45,3.66,3.35,2.38,3.76,5.08,4.96,3.43,BI,anti,.,2.83,2.65,3.33,4.11,3.61,3.90,3.15,4.42,6.00,0.45,5.86,0.27,0.01,25.95,2.80,C2'-endo
60,61,0.50,C,C,C,0,1,0,0,0,.,90,1,cWW,cW-W,4.40,3.21,0.89,1.31,3.31,4.73,4.86,3.59,BI,anti,A,4.10,4.25,2.16,3.68,2.71,3.61,3.60,4.28,6.10,6.03,0.57,5.59,0.55,39.10,0.59,C3'-endo
61,62,0.50,U,U,U,0,0,0,1,0,(,89,1,cWW,cW-W,2.63,3.75,3.02,1.43,3.89,5.09,5.09,3.19,BI,anti,A,4.61,4.65,2.84,3.68,3.10,3.68,4.04,4.17,0.05,5.86,0.62,5.68,0.35,36.65,0.24,C3'-endo
62,63,0.51,U,U,U,0,0,0,1,0,(,88,1,cWW,cW-W,5.15,3.14,0.85,1.41,4.18,4.08,0.10,3.52,..,anti,A,4.13,4.64,2.98,3.93,3.22,3.80,3.92,4.12,6.26,5.92,0.59,5.66,0.41,36.35,0.37,C3'-endo
63,64,0.52,A,A,A,1,0,0,0,0,(,87,1,cWW,cW-W,2.26,4.01,2.91,1.42,3.43,4.56,5.16,3.24,BI,anti,A,4.61,4.59,2.32,3.62,2.74,3.44,3.39,3.73,0.11,5.80,0.65,5.68,0.31,37.75,0.16,C3'-endo
64,65,0.53,U,U,U,0,0,0,1,0,.,86,1,cWW,cW-W,3.12,3.86,2.66,1.46,4.37,4.36,0.01,2.99,..,anti,.,4.64,4.70,3.07,3.55,3.21,3.59,3.72,3.78,0.10,5.83,0.62,5.70,0.31,36.22,0.17,C3'-endo
65,66,0.54,U,U,U,0,0,0,1,0,(,85,1,cWW,cW-W,5.34,2.76,0.74,1.45,3.84,5.03,5.10,3.38,BI,anti,A,4.52,4.67,2.87,3.97,3.00,3.96,3.35,4.44,0.09,5.82,0.63,5.69,0.32,36.83,0.18,C3'-endo
66,67,0.55,U,U,U,0,0,0,1,0,(,84,1,cWW,cW-W,5.14,2.94,0.93,1.36,3.76,4.93,5.12,3.41,BI,anti,A,4.56,4.69,2.79,3.71,3.08,3.76,3.92,4.35,0.05,5.82,0.68,5.62,0.38,40.01,0.25,C3'-endo
67,68,0.55,A,A,A,1,0,0,0,0,(,83,1,cWW,cW-W,5.23,2.91,1.02,1.45,4.01,4.13,6.16,3.18,..,anti,A,4.66,4.71,3.06,3.73,3.27,3.83,4.08,4.18,0.08,5.83,0.63,5.68,0.33,36.99,0.20,C3'-endo
68,69,0.56,U,U,U,0,0,0,1,0,(,82,1,cWW,cW-W,0.22,2.16,0.23,1.37,3.70,4.99,4.99,3.56,BI,anti,A,4.28,4.59,3.00,3.85,3.16,3.85,3.67,4.34,6.25,5.91,0.61,5.64,0.43,37.59,0.37,C3'-endo
69,70,0.57,C,C,C,0,1,0,0,0,(,81,1,cWW,cW-W,5.12,2.88,1.08,1.36,3.89,5.10,5.07,3.50,BI,anti,A,4.39,4.70,2.93,3.93,3.16,3.91,3.91,4.20,0.01,5.86,0.65,5.62,0.41,39.28,0.31,C3'-endo
70,71,0.58,G,G,G,0,0,1,0,0,(,80,1,cWW,cW-W,5.09,3.34,0.61,1.33,4.11,4.79,5.60,3.90,..,anti,.,3.13,4.75,2.75,3.14,2.91,2.96,3.40,2.54,6.28,5.87,0.65,5.61,0.43,39.62,0.33,C3'-endo
71,72,0.59,G,G,G,0,0,1,0,0,.,,0,,,4.48,1.38,2.42,1.39,,,,3.69,..,anti,-,,,,,,,,,6.27,5.90,0.61,5.65,0.40,36.91,0.34,C3'-endo
72,not resolved,0.60,-,-,-,0,0,0,0,1,,,0,,,,,,,,,,,,,,,,,,,,,,,,,,,,,
73,not resolved,0.60,-,-,-,0,0,0,0,1,,,0,,,,,,,,,,,,,,,,,,,,,,,,,,,,,
74,not resolved,0.61,-,-,-,0,0,0,0,1,,,0,,,,,,,,,,,,,,,,,,,,,,,,,,,,,
75,not resolved,0.62,-,-,-,0,0,0,0,1,,,0,,,,,,,,,,,,,,,,,,,,,,,,,,,,,
76,not resolved,0.63,-,-,-,0,0,0,0,1,,,0,,,,,,,,,,,,,,,,,,,,,,,,,,,,,
77,not resolved,0.64,-,-,-,0,0,0,0,1,,,0,,,,,,,,,,,,,,,,,,,,,,,,,,,,,
78,not resolved,0.64,-,-,-,0,0,0,0,1,,,0,,,,,,,,,,,,,,,,,,,,,,,,,,,,,
79,80,0.65,C,C,C,0,1,0,0,0,.,,0,,,,2.94,0.92,1.40,4.35,5.67,4.96,3.53,..,anti,.,4.06,4.67,,4.47,,4.42,,4.73,0.00,5.89,0.61,5.66,0.39,36.74,0.32,C3'-endo
80,81,0.66,C,C,C,0,1,0,0,0,),70,1,cWW,cW-W,4.54,1.68,3.00,1.43,4.08,4.60,5.76,3.43,..,anti,.,4.36,4.64,3.53,2.61,3.74,2.97,4.37,3.57,0.00,5.90,0.59,5.67,0.38,35.77,0.32,C3'-endo
81,82,0.67,G,G,G,0,0,1,0,0,),69,1,cWW,cW-W,5.39,2.96,0.59,1.44,3.71,4.85,5.15,3.20,BI,anti,A,4.60,4.63,2.85,3.61,2.97,3.71,3.57,4.08,0.05,5.86,0.61,5.69,0.34,35.84,0.24,C3'-endo
82,83,0.68,A,A,A,1,0,0,0,0,),68,1,cWW,cW-W,5.14,3.09,0.92,1.48,3.36,4.76,4.88,3.38,BI,anti,A,4.41,4.47,2.93,3.94,3.14,3.84,3.69,4.24,0.09,5.84,0.61,5.71,0.31,35.49,0.18,C3'-endo
83,84,0.69,U,U,U,0,0,0,1,0,),67,1,cWW,cW-W,3.11,3.78,2.51,1.41,3.66,5.01,4.93,3.19,BI,anti,A,4.61,4.63,2.68,3.70,3.04,3.60,3.84,3.96,0.08,5.82,0.65,5.66,0.34,38.11,0.21,C3'-endo
84,85,0.69,A,A,A,1,0,0,0,0,),66,1,cWW,cW-W,5.00,3.27,0.91,1.46,3.84,4.76,5.36,3.39,BI,anti,A,4.58,4.73,2.96,3.70,3.11,3.75,3.72,4.07,0.12,5.81,0.63,5.70,0.29,36.54,0.15,C3'-endo
85,86,0.70,A,A,A,1,0,0,0,0,),65,1,cWW,cW-W,5.42,2.86,0.74,1.40,4.04,4.98,5.34,3.44,BI,anti,A,4.44,4.75,2.97,4.04,3.12,4.11,3.60,4.59,0.05,5.84,0.65,5.65,0.37,38.37,0.25,C3'-endo
86,87,0.71,G,G,G,0,0,1,0,0,.,64,1,cWW,cW-W,5.34,2.72,1.08,1.36,3.67,4.94,5.01,3.46,BI,anti,A,4.30,4.43,2.92,3.67,3.32,3.61,4.11,4.22,6.15,5.99,0.58,5.61,0.51,38.21,0.52,C3'-endo
87,88,0.72,U,U,U,0,0,0,1,0,),63,1,cWW,cW-W,5.22,2.88,0.88,1.24,4.46,4.27,0.19,3.51,..,anti,A,4.03,4.78,2.95,3.54,3.08,3.68,3.89,4.24,0.00,5.83,0.71,5.55,0.46,43.09,0.32,C3'-endo
88,89,0.73,A,A,A,1,0,0,0,0,),62,1,cWW,cW-W,5.42,2.20,1.07,1.37,3.75,4.05,5.98,3.25,..,anti,A,4.60,4.63,2.76,3.66,3.01,3.64,3.73,3.88,6.27,5.88,0.64,5.61,0.43,39.08,0.35,C3'-endo
89,90,0.74,A,A,A,1,0,0,0,0,),61,1,cWW,cW-W,0.44,1.99,0.24,1.37,3.58,4.65,5.21,3.49,BI,anti,.,4.26,4.41,3.07,3.49,3.19,3.47,3.63,3.51,6.18,5.97,0.58,5.63,0.48,37.41,0.48,C3'-endo
90,91,0.74,A,A,A,1,0,0,0,0,.,60,1,cWW,cW-W,5.18,2.88,1.01,1.42,3.67,4.89,5.07,3.50,BI,anti,A,4.26,4.49,2.99,3.66,3.05,3.65,3.22,3.98,6.25,5.93,0.58,5.67,0.41,35.81,0.38,C3'-endo
91,92,0.75,A,A,A,1,0,0,0,0,.,,0,,,5.26,2.93,0.82,1.40,3.67,4.92,5.03,3.53,BI,anti,A,4.28,4.54,2.88,3.66,3.08,3.67,3.63,4.05,6.26,5.90,0.61,5.65,0.41,37.21,0.35,C3'-endo
92,93,0.76,C,C,C,0,1,0,0,0,.,59,1,cWW,cW-W,5.21,2.92,0.92,1.37,3.69,5.01,4.96,3.54,BI,anti,A,4.30,4.59,2.88,3.71,3.09,3.70,3.69,4.31,0.00,5.86,0.65,5.62,0.41,39.25,0.32,C3'-endo
93,94,0.77,G,G,G,0,0,1,0,0,.,58,1,cWH,cW+M,5.02,2.86,1.09,1.39,3.71,4.89,5.10,3.42,BI,anti,.,4.57,4.71,2.79,3.66,3.06,3.62,4.00,3.66,0.11,5.78,0.69,5.65,0.33,39.85,0.16,C3'-endo
94,95,0.78,C,C,C,0,1,0,0,0,.,57,1,cWH,cW+M,5.30,2.91,1.22,1.32,3.58,5.01,4.85,3.44,BI,anti,.,4.39,4.49,3.22,4.09,3.39,3.90,3.62,5.27,6.17,5.96,0.61,5.59,0.51,39.69,0.49,C3'-endo
95,96,0.79,A,A,A,1,0,0,0,0,.,56,1,cHW,cM+W,2.94,3.44,2.65,1.41,4.48,4.33,0.15,0.50,..,syn,.,-3.84,4.72,2.67,4.55,2.98,4.20,4.73,3.24,0.04,5.85,0.63,5.66,0.36,37.27,0.26,C3'-endo
96,97,0.79,U,U,U,0,0,0,1,0,.,23,1,tWH,tW-M,3.68,4.35,1.15,1.53,3.73,3.61,0.12,3.59,..,anti,.,3.84,4.20,1.83,2.71,2.36,2.83,1.70,2.98,6.20,6.03,0.46,5.76,0.38,29.70,0.48,C3'-endo
97,98,0.80,C,C,C,0,1,0,0,0,.,22,1,tWH,tW-M,5.40,2.27,1.18,1.49,3.76,5.10,4.94,3.79,BI,anti,.,3.68,4.47,3.25,3.69,3.26,3.23,3.20,2.84,6.26,5.96,0.53,5.72,0.37,32.55,0.36,C3'-endo
98,99,0.81,A,A,A,1,0,0,0,0,.,7,1,cW.,cW+.,3.96,1.84,2.55,1.46,3.73,4.98,5.03,3.51,BI,anti,.,4.36,4.63,3.01,3.52,2.86,3.44,2.69,3.63,0.04,5.88,0.59,5.70,0.35,35.26,0.26,C3'-endo
99,100,0.82,A,A,A,1,0,0,0,0,.,8,1,cWH,cW+M,2.08,3.43,3.66,1.41,3.59,5.08,4.79,3.24,BI,anti,A,4.60,4.61,2.83,3.22,3.06,3.35,3.57,3.88,0.06,5.81,0.68,5.62,0.38,40.28,0.24,C3'-endo
100,101,0.83,A,A,A,1,0,0,0,0,.,"9,19",2,"cW.,cHH","cW-.,cM-M",3.67,3.16,2.23,1.45,3.59,5.13,4.75,3.38,BI,anti,A,4.36,4.44,2.77,3.62,3.09,3.62,3.80,4.11,0.05,5.86,0.61,5.68,0.35,36.19,0.25,C3'-endo
101,102,0.83,G,G,G,0,0,1,0,0,.,,0,,,4.91,3.45,1.01,1.62,3.87,4.02,6.13,3.64,..,anti,.,3.94,4.58,3.16,3.32,3.35,2.73,3.96,2.84,0.04,5.79,0.73,5.56,0.43,43.27,0.27,C3'-endo
102,103,0.84,U,U,U,0,0,0,1,0,.,0,1,cWW,cW-W,0.92,3.80,1.25,2.44,4.66,2.76,1.90,4.07,BII,anti,.,0.44,0.88,0.06,3.15,0.12,2.66,5.71,3.31,5.46,0.87,5.68,0.13,0.45,50.84,2.32,C1'-exo
103,104,0.85,G,G,G,0,0,1,0,0,),0,1,cWW,cW-W,0.73,4.01,3.60,1.40,4.00,4.63,5.66,3.40,..,anti,A,4.47,4.75,2.82,3.05,2.60,3.14,3.44,3.33,0.15,5.73,0.73,5.63,0.32,41.85,0.12,C3'-endo
104,105,0.86,C,C,C,0,1,0,0,0,.,0,1,cWW,cW-W,5.53,2.70,0.81,1.34,4.00,4.61,5.67,3.52,..,anti,A,4.21,4.65,3.04,3.59,3.17,3.62,3.41,3.76,6.26,5.87,0.67,5.58,0.46,41.27,0.36,C3'-endo
105,106,0.87,U,U,U,0,0,0,1,0,.,0,1,cWW,cW-W,5.48,2.79,0.68,1.40,3.75,4.99,5.04,3.72,BI,anti,.,3.88,4.55,2.89,3.74,3.03,3.79,3.31,4.17,6.24,5.92,0.60,5.64,0.43,37.13,0.39,C3'-endo
106,107,0.88,G,G,G,0,0,1,0,0,),0,1,cWW,cW-W,5.12,2.89,1.15,1.41,3.83,5.13,4.99,3.68,BI,anti,.,3.96,4.58,3.01,3.89,3.28,3.88,3.84,4.90,0.01,5.86,0.65,5.61,0.42,39.38,0.31,C3'-endo
107,108,0.88,C,C,C,0,1,0,0,0,.,,0,,,4.73,2.72,1.53,1.37,4.43,4.55,6.17,4.03,..,anti,.,2.34,4.70,2.99,3.52,3.29,3.47,4.50,3.84,0.04,5.83,0.67,5.62,0.39,39.96,0.26,C3'-endo
108,109,0.89,A,A,A,1,0,0,0,0,.,0,1,cWW,cW-W,4.82,1.95,1.72,1.46,3.89,5.02,5.15,3.24,BI,anti,A,4.63,4.71,2.70,3.87,3.02,3.69,3.63,4.11,0.14,5.77,0.67,5.68,0.29,38.54,0.12,C3'-endo
109,110,0.90,G,G,G,0,0,1,0,0,.,0,1,cWW,cW-W,5.21,3.15,0.91,1.51,3.63,5.14,4.77,3.68,BI,anti,.,4.03,4.54,3.02,3.85,3.30,3.88,4.04,4.48,0.10,5.83,0.61,5.71,0.30,35.34,0.17,C3'-endo
110,111,0.91,C,C,C,0,1,0,0,0,.,,0,,,4.90,3.01,1.09,1.48,3.67,4.99,4.96,4.16,BI,anti,.,2.65,4.51,2.83,3.76,3.17,3.68,4.00,4.03,0.02,5.89,0.59,5.69,0.36,35.47,0.29,C3'-endo
111,112,0.92,A,A,A,1,0,0,0,0,.,0,1,cWW,cW-W,5.13,2.92,0.92,1.41,3.64,4.90,5.02,3.59,BI,anti,.,4.24,4.64,2.81,3.59,3.03,3.63,3.64,4.04,0.04,5.85,0.65,5.64,0.38,38.52,0.27,C3'-endo
112,113,0.93,G,G,G,0,0,1,0,0,.,0,1,cWW,cW-W,5.22,2.93,1.08,1.34,4.20,4.87,5.60,3.59,..,anti,.,4.01,4.79,3.15,3.98,3.31,4.01,3.84,4.43,0.08,5.78,0.71,5.60,0.38,41.77,0.22,C3'-endo
113,114,0.93,A,A,A,1,0,0,0,0,.,"0,0",2,"cWW,cWW","cW-W,cW-W",5.43,2.79,0.92,1.29,4.59,3.80,0.79,3.12,..,anti,A,4.48,4.58,3.10,3.72,3.32,3.65,3.95,3.95,6.21,5.88,0.70,5.53,0.53,43.76,0.42,C3'-endo
114,115,0.94,A,A,A,1,0,0,0,0,.,0,1,cWW,cW-W,1.45,4.54,3.45,1.42,4.17,5.06,5.40,2.89,..,anti,A,4.53,4.65,2.93,3.62,3.08,3.66,3.59,4.32,0.05,5.83,0.66,5.63,0.38,39.23,0.26,C3'-endo
115,116,0.95,A,A,A,1,0,0,0,0,.,0,1,cWW,cW-W,5.21,3.21,0.66,1.48,3.15,4.80,4.64,3.55,BI,anti,A,4.25,4.34,2.72,3.72,3.09,3.61,4.08,3.91,0.01,5.90,0.58,5.69,0.37,35.03,0.31,C3'-endo
116,117,0.96,A,A,A,1,0,0,0,0,.,0,1,cWW,cW-W,2.56,3.56,3.14,1.58,4.32,4.77,5.84,3.22,..,anti,A,4.50,4.67,3.05,3.69,3.17,3.77,3.70,4.06,0.18,5.80,0.59,5.78,0.20,33.93,0.02,C3'-endo
117,118,0.97,U,U,U,0,0,0,1,0,),0,1,cWW,cW-W,5.52,2.72,0.72,1.34,3.70,4.97,5.01,3.57,BI,anti,A,4.16,4.52,2.80,3.66,3.14,3.70,3.66,4.21,6.22,5.90,0.66,5.57,0.49,41.16,0.40,C3'-endo
118,119,0.98,C,C,C,0,1,0,0,0,),0,1,cWW,cW-W,5.20,2.99,0.91,1.40,3.56,4.86,4.99,3.70,BI,anti,.,4.03,4.51,2.94,4.13,3.16,3.98,3.86,4.40,6.26,5.89,0.63,5.62,0.43,38.52,0.36,C3'-endo
119,120,0.98,A,A,A,1,0,0,0,0,),0,1,cWW,cW-W,2.45,3.74,3.27,1.43,3.68,4.99,4.98,3.22,BI,anti,A,4.45,4.48,2.95,3.24,3.26,3.32,4.03,3.82,6.23,5.94,0.58,5.65,0.43,36.27,0.41,C3'-endo
120,121,0.99,A,A,A,1,0,0,0,0,.,0,1,cWW,cW-W,5.12,3.15,0.90,1.49,5.79,2.28,3.51,3.58,..,anti,.,1.97,3.19,3.63,3.55,3.75,3.66,4.22,4.12,6.25,5.97,0.52,5.73,0.37,32.36,0.38,C3'-endo
121,122,1.00,A,A,A,1,0,0,0,0,.,0,1,cWW,cW-W,2.89,3.30,1.11,1.41,,,,3.25,n/a,anti,-,,,,,,,,,0.19,5.71,0.72,5.67,0.28,41.25,0.06,C3'-endo
