index_chain,old_nt_resnum,nt_position,nt_name,nt_code,nt_align_code,is_A,is_C,is_G,is_U,is_other,dbn,paired,nb_interact,pair_type_LW,pair_type_DSSR,alpha,beta,gamma,delta,epsilon,zeta,epsilon_zeta,chi,bb_type,glyco_bond,form,ssZp,Dp,eta,theta,eta_prime,theta_prime,eta_base,theta_base,v0,v1,v2,v3,v4,amplitude,phase_angle,puckering
1,1,0.03,G,G,G,0,0,1,0,0,(,38,1,cWW,cW-W,,,2.79,1.48,3.93,4.90,5.31,3.13,BI,anti,A,4.76,4.75,,,,,,,0.14,5.81,0.61,5.73,0.26,35.23,0.11,C3'-endo
2,2,0.05,C,C,C,0,1,0,0,0,(,37,1,cWW,cW-W,5.48,2.90,0.71,1.38,3.40,5.25,4.43,3.52,BI,anti,A,4.42,4.56,2.87,3.73,3.19,3.75,3.93,4.18,0.03,5.85,0.65,5.64,0.39,38.70,0.28,C3'-endo
3,3,0.08,U,U,U,0,0,0,1,0,(,36,1,cWW,cW-W,4.99,3.23,1.00,1.41,3.59,4.96,4.91,3.41,BI,anti,A,4.49,4.58,2.99,3.65,3.24,3.68,3.92,4.22,0.00,5.89,0.61,5.66,0.40,37.01,0.32,C3'-endo
4,4,0.11,A,A,A,1,0,0,0,0,(,35,1,cWW,cW-W,5.30,2.99,0.78,1.41,3.60,5.05,4.83,3.53,BI,anti,A,4.38,4.64,2.91,3.74,3.12,3.76,3.90,4.17,0.08,5.81,0.67,5.64,0.35,39.18,0.21,C3'-endo
5,5,0.13,C,C,C,0,1,0,0,0,(,34,1,cWW,cW-W,5.27,3.01,0.80,1.37,3.61,5.04,4.85,3.57,BI,anti,A,4.36,4.67,2.88,3.68,3.12,3.69,3.80,4.11,0.05,5.83,0.66,5.63,0.38,39.22,0.25,C3'-endo
6,6,0.16,G,G,G,0,0,1,0,0,(,33,1,cWW,cW-W,5.22,3.05,0.93,1.40,3.57,5.07,4.79,3.45,BI,anti,A,4.44,4.57,2.97,3.69,3.17,3.72,3.83,4.11,0.04,5.85,0.64,5.65,0.37,37.91,0.26,C3'-endo
7,7,0.18,A,A,A,1,0,0,0,0,(,32,1,cWW,cW-W,5.18,3.11,0.86,1.39,3.69,4.87,5.11,3.51,BI,anti,A,4.43,4.69,2.95,3.64,3.16,3.67,3.78,4.17,0.06,5.83,0.66,5.64,0.37,38.73,0.24,C3'-endo
8,8,0.21,A,A,A,1,0,0,0,0,(,31,1,cWW,cW-W,5.47,2.92,0.74,1.40,3.40,4.68,5.00,3.69,BI,anti,.,4.16,4.60,2.97,3.35,3.18,3.48,3.89,3.16,0.08,5.82,0.65,5.66,0.34,38.07,0.20,C3'-endo
9,9,0.24,G,G,G,0,0,1,0,0,.,"13,25",2,"cWH,cHW","cW+M,cM+W",3.50,3.02,3.12,2.79,5.14,2.75,2.39,4.69,BII,anti,.,0.52,0.65,4.76,2.62,4.26,2.78,3.52,3.56,5.87,0.72,5.54,0.52,6.21,43.47,2.91,C2'-endo
10,10,0.26,G,G,G,0,0,1,0,0,.,"14,23",2,"cWH,cHW","cW+M,cM+W",0.85,3.62,3.57,2.68,4.93,1.65,3.28,3.97,..,anti,.,0.27,0.53,3.70,1.46,3.44,1.19,4.06,1.93,5.87,0.69,5.59,0.47,6.25,41.08,2.86,C2'-endo
11,11,0.29,A,A,A,1,0,0,0,0,.,,0,,,1.16,2.93,0.78,2.71,4.82,1.39,3.43,4.77,..,anti,.,0.42,0.47,6.20,2.44,0.08,1.64,5.56,1.25,5.93,0.64,5.62,0.48,6.20,38.78,2.93,C2'-endo
12,12,0.32,A,A,A,1,0,0,0,0,.,"24,31",2,"tH.,cWS","tM-.,cW-m",1.03,2.74,0.88,1.44,3.76,4.93,5.11,3.17,BI,anti,A,4.76,4.73,5.66,3.82,5.57,3.82,6.12,4.00,0.13,5.80,0.64,5.70,0.28,36.96,0.13,C3'-endo
13,13,0.34,G,G,G,0,0,1,0,0,.,"9,18",2,"cHW,cWH","cM+W,cW+M",5.42,3.03,0.93,1.44,3.54,4.89,4.93,3.49,BI,anti,A,4.26,4.44,3.16,3.55,3.39,3.59,3.83,3.76,6.26,5.92,0.58,5.68,0.39,35.46,0.35,C3'-endo
14,14,0.37,G,G,G,0,0,1,0,0,.,"10,19",2,"cHW,cWH","cM+W,cW+M",5.15,3.17,0.88,1.51,3.82,5.09,5.01,3.82,BI,anti,.,3.58,4.46,3.08,3.97,3.18,4.13,3.43,4.35,6.25,5.95,0.54,5.71,0.38,33.40,0.37,C3'-endo
15,15,0.39,A,A,A,1,0,0,0,0,.,22,1,tWW,tW+W,5.31,3.52,1.10,2.54,4.36,1.31,3.05,4.88,..,anti,.,1.42,1.37,3.75,1.74,4.16,0.73,4.21,0.14,5.79,0.72,5.63,0.39,0.06,41.01,2.73,C2'-endo
16,16,0.42,U,U,U,0,0,0,1,0,.,,0,,,1.85,2.88,1.02,2.66,4.71,5.08,5.91,3.84,..,anti,.,0.48,0.67,0.44,5.68,1.07,5.35,1.39,5.81,5.88,0.66,5.63,0.44,6.26,39.03,2.85,C2'-endo
17,17,0.45,U,U,U,0,0,0,1,0,.,,0,,,5.35,3.08,1.02,2.54,4.35,4.91,5.72,4.15,..,anti,.,0.99,1.19,3.08,5.46,4.10,4.09,4.35,3.44,5.95,0.58,5.69,0.41,6.23,34.83,2.89,C2'-endo
18,18,0.47,G,G,G,0,0,1,0,0,.,"13,25",2,"cHW,cWH","cM+W,cW+M",2.88,2.67,0.60,1.51,3.72,4.83,5.17,3.29,BI,anti,A,4.48,4.57,6.11,3.80,0.93,3.95,1.33,4.20,0.06,5.87,0.59,5.72,0.32,34.37,0.22,C3'-endo
19,19,0.50,G,G,G,0,0,1,0,0,.,"14,23,25,26",4,"cHW,cWH,cWH,c.W","cM+W,cW+M,cW+M,c.-W",5.40,3.05,0.95,2.62,5.07,3.24,1.82,4.26,BII,anti,.,0.56,0.54,3.63,4.15,4.06,3.20,4.29,2.67,5.98,0.58,5.67,0.45,6.19,35.96,2.96,C2'-endo
20,20,0.53,U,U,U,0,0,0,1,0,.,27,1,tWW,tW+W,1.41,3.49,1.02,1.52,4.20,4.24,6.24,3.38,..,anti,.,3.82,4.13,0.31,3.51,0.68,3.78,0.91,3.78,6.15,6.05,0.49,5.70,0.45,32.86,0.56,C3'-endo
21,21,0.55,A,A,A,1,0,0,0,0,.,28,1,tHH,tM+M,5.41,2.68,0.89,2.60,4.26,5.24,5.30,4.36,..,anti,.,1.26,1.28,3.18,5.46,3.63,5.02,3.55,5.45,5.81,0.72,5.60,0.42,0.03,41.69,2.77,C2'-endo
22,22,0.58,U,U,U,0,0,0,1,0,.,15,1,tWW,tW+W,4.89,4.12,0.99,2.56,4.34,1.22,3.12,4.19,..,anti,Z,1.48,1.41,3.47,1.85,4.22,1.16,4.28,1.58,5.95,0.59,5.68,0.42,6.22,35.38,2.91,C2'-endo
23,23,0.61,G,G,G,0,0,1,0,0,.,"10,19",2,"cWH,cHW","cW+M,cM+W",1.25,3.47,3.16,1.52,4.46,4.30,0.16,0.88,..,syn,.,-2.31,4.47,2.37,3.63,2.29,3.66,2.90,3.16,6.26,5.96,0.53,5.73,0.37,32.40,0.36,C3'-endo
24,24,0.63,U,U,U,0,0,0,1,0,.,"12,30",2,"t.H,tWW","t.-M,tW+W",1.37,4.60,4.74,2.91,4.76,2.90,1.86,4.51,BII,anti,.,-0.55,0.39,5.03,2.09,5.05,2.17,4.24,1.25,6.15,0.52,5.59,0.63,5.97,39.85,3.28,C3'-exo
25,25,0.66,G,G,G,0,0,1,0,0,.,"9,18,19",3,"cWH,cHW,cHW","cW+M,cM+W,cM+W",5.15,2.87,5.30,2.62,4.45,1.46,2.99,1.05,..,syn,.,-1.58,1.24,2.37,1.65,2.18,1.30,1.50,1.93,5.87,0.68,5.62,0.44,6.26,39.71,2.85,C2'-endo
26,26,0.68,G,G,G,0,0,1,0,0,.,"19,29",2,"cW.,cWH","cW-.,cW+M",1.36,3.36,3.17,2.55,4.14,4.99,5.43,1.32,..,syn,.,-1.73,1.53,3.00,4.82,2.73,4.34,3.65,3.48,5.88,0.64,5.67,0.40,0.00,37.39,2.81,C2'-endo
27,27,0.71,U,U,U,0,0,0,1,0,.,20,1,tWW,tW+W,2.62,3.98,0.65,1.34,3.10,4.75,4.64,3.33,BI,anti,.,4.14,4.25,0.43,2.82,1.24,3.09,1.10,3.52,6.23,5.93,0.61,5.62,0.45,38.11,0.41,C3'-endo
28,28,0.74,A,A,A,1,0,0,0,0,.,21,1,tHH,tM+M,5.11,3.50,1.05,1.51,3.61,5.09,4.81,3.37,BI,anti,A,4.46,4.56,3.42,3.89,3.30,3.91,3.36,4.40,0.06,5.88,0.57,5.73,0.31,33.64,0.22,C3'-endo
29,29,0.76,U,U,U,0,0,0,1,0,.,26,1,cHW,cM+W,5.29,3.09,0.73,1.37,3.31,5.24,4.35,3.70,BI,anti,.,4.13,4.53,2.84,4.21,3.15,4.27,3.97,4.43,0.09,5.80,0.67,5.64,0.35,39.32,0.20,C3'-endo
30,30,0.79,A,A,A,1,0,0,0,0,.,24,1,tWW,tW+W,2.94,3.79,3.13,1.52,4.38,4.95,5.71,2.61,..,anti,.,4.40,4.80,3.52,3.90,3.96,3.97,4.67,4.67,0.19,5.75,0.65,5.72,0.24,37.51,0.04,C3'-endo
31,31,0.82,U,U,U,0,0,0,1,0,),"8,12",2,"cWW,cSW","cW-W,cm-W",5.24,3.13,0.77,1.44,3.69,5.01,4.96,3.39,BI,anti,A,4.42,4.61,2.78,3.74,3.16,3.74,4.20,4.24,0.06,5.86,0.61,5.69,0.34,36.16,0.23,C3'-endo
32,32,0.84,U,U,U,0,0,0,1,0,),7,1,cWW,cW-W,4.86,2.87,1.16,1.36,3.86,4.86,5.27,3.42,BI,anti,A,4.55,4.77,2.76,3.78,3.00,3.76,3.77,4.25,0.08,5.79,0.70,5.61,0.37,41.15,0.21,C3'-endo
33,33,0.87,C,C,C,0,1,0,0,0,),6,1,cWW,cW-W,5.45,2.82,0.81,1.35,3.66,5.05,4.89,3.50,BI,anti,A,4.44,4.68,2.89,3.73,3.14,3.72,3.94,4.18,0.03,5.84,0.66,5.62,0.40,39.51,0.28,C3'-endo
34,34,0.89,G,G,G,0,0,1,0,0,),5,1,cWW,cW-W,5.07,3.02,1.06,1.32,3.88,4.83,5.33,3.33,BI,anti,A,4.63,4.75,2.94,3.67,3.13,3.72,3.84,4.25,0.04,5.82,0.69,5.60,0.41,41.13,0.27,C3'-endo
35,35,0.92,U,U,U,0,0,0,1,0,),4,1,cWW,cW-W,5.42,2.85,0.80,1.35,3.73,4.92,5.09,3.50,BI,anti,A,4.48,4.75,2.89,3.71,3.12,3.71,3.89,4.18,0.08,5.80,0.69,5.62,0.37,40.32,0.22,C3'-endo
36,36,0.95,A,A,A,1,0,0,0,0,),3,1,cWW,cW-W,5.47,2.89,0.79,1.36,3.60,5.04,4.84,3.43,BI,anti,A,4.53,4.66,2.96,3.66,3.18,3.66,3.93,4.04,0.05,5.84,0.66,5.63,0.38,39.01,0.26,C3'-endo
37,37,0.97,G,G,G,0,0,1,0,0,),2,1,cWW,cW-W,5.04,2.93,1.13,1.36,3.65,5.03,4.90,3.42,BI,anti,A,4.54,4.67,2.92,3.73,3.15,3.73,3.80,4.15,0.06,5.81,0.70,5.60,0.39,41.18,0.25,C3'-endo
38,38,1.00,C,C,C,0,1,0,0,0,),1,1,cWW,cW-W,5.37,3.00,0.84,1.37,,,,3.50,n/a,anti,-,,,,,,,,,0.05,5.83,0.66,5.63,0.38,39.30,0.25,C3'-endo
