index_chain,old_nt_resnum,nt_position,nt_name,nt_code,nt_align_code,is_A,is_C,is_G,is_U,is_other,dbn,paired,nb_interact,pair_type_LW,pair_type_DSSR,alpha,beta,gamma,delta,epsilon,zeta,epsilon_zeta,chi,bb_type,glyco_bond,form,ssZp,Dp,eta,theta,eta_prime,theta_prime,eta_base,theta_base,v0,v1,v2,v3,v4,amplitude,phase_angle,puckering
13,1,0.08,U,U,U,0,0,0,1,0,.,,0,,,,,1.21,1.39,3.60,5.19,4.69,3.52,BI,anti,A,4.31,4.53,,,,,,,6.25,5.89,0.64,5.61,0.44,39.03,0.37,C3'-endo
14,2,0.17,A,A,A,1,0,0,0,0,.,,0,,,4.76,3.31,1.00,1.40,3.50,5.06,4.72,3.57,BI,anti,A,4.29,4.54,2.78,3.63,3.04,3.63,3.85,3.94,0.00,5.86,0.65,5.62,0.42,39.16,0.32,C3'-endo
15,3,0.25,U,U,U,0,0,0,1,0,.,,0,,,4.92,3.03,1.13,1.34,3.37,4.91,4.74,3.71,BI,anti,A,4.08,4.53,2.85,3.90,3.10,3.75,3.64,4.33,6.26,5.86,0.68,5.58,0.46,41.31,0.35,C3'-endo
16,4,0.33,A,A,A,1,0,0,0,0,.,,0,,,2.78,3.52,2.89,1.60,4.81,3.97,0.85,3.18,..,anti,A,4.58,4.79,3.10,3.86,3.27,3.80,4.13,4.25,0.35,5.65,0.65,5.82,0.07,38.34,6.07,C2'-exo
17,5,0.42,C,C,C,0,1,0,0,0,(,0,1,cWW,cW-W,1.53,4.59,3.34,1.54,4.26,4.90,5.64,3.32,..,anti,.,4.49,4.68,2.89,3.63,3.23,3.66,3.98,4.30,0.19,5.78,0.61,5.77,0.21,34.95,0.02,C3'-endo
18,6,0.50,C,C,C,0,1,0,0,0,(,0,1,cWW,cW-W,5.27,2.74,0.90,1.34,3.59,5.05,4.82,3.51,BI,anti,A,4.38,4.59,2.67,3.71,3.10,3.68,4.09,3.95,6.26,5.86,0.68,5.58,0.46,41.52,0.35,C3'-endo
19,7,0.58,U,U,U,0,0,0,1,0,(,0,1,cWW,cW-W,5.00,3.13,1.02,1.34,3.61,4.98,4.92,3.69,BI,anti,A,4.01,4.59,2.94,3.60,3.12,3.62,3.60,4.04,6.25,5.87,0.68,5.57,0.47,41.55,0.37,C3'-endo
20,8,0.67,C,C,C,0,1,0,0,0,(,0,1,cWW,cW-W,5.11,2.96,1.04,1.36,3.80,5.06,5.03,3.66,BI,anti,A,4.06,4.67,2.98,3.85,3.16,3.88,3.74,4.42,0.01,5.85,0.68,5.59,0.43,40.89,0.31,C3'-endo
21,9,0.75,U,U,U,0,0,0,1,0,(,0,1,cWW,cW-W,5.17,3.03,0.94,1.43,3.68,4.85,5.11,3.53,BI,anti,.,4.32,4.56,2.95,3.57,3.24,3.70,4.00,4.92,0.02,5.87,0.63,5.64,0.39,37.79,0.30,C3'-endo
22,10,0.83,G,G,G,0,0,1,0,0,.,,0,,,5.07,3.22,1.08,2.35,4.57,1.73,2.84,1.27,..,syn,.,-0.91,1.00,3.46,2.25,3.68,1.65,4.78,0.34,5.74,0.70,5.70,0.28,0.16,39.26,2.58,C2'-endo
23,11,0.92,C,C,C,0,1,0,0,0,.,,0,,,0.90,2.75,1.34,1.39,3.86,4.94,5.20,3.71,BI,anti,.,3.86,4.57,6.04,3.74,6.01,3.86,0.96,4.04,6.20,5.94,0.61,5.61,0.48,38.66,0.44,C3'-endo
24,12,1.00,U,U,U,0,0,0,1,0,.,,0,,,5.05,3.58,0.84,2.43,,,,3.85,n/a,anti,-,,,,,,,,,5.91,0.60,5.70,0.39,6.27,35.25,2.84,C2'-endo
