index_chain,old_nt_resnum,nt_position,nt_name,nt_code,nt_align_code,is_A,is_C,is_G,is_U,is_other,dbn,paired,nb_interact,pair_type_LW,pair_type_DSSR,alpha,beta,gamma,delta,epsilon,zeta,epsilon_zeta,chi,bb_type,glyco_bond,form,ssZp,Dp,eta,theta,eta_prime,theta_prime,eta_base,theta_base,v0,v1,v2,v3,v4,amplitude,phase_angle,puckering
1,1,0.07,U,U,U,0,0,0,1,0,),0,1,cWW,cW-W,,2.88,0.83,1.37,3.56,4.92,4.92,3.42,BI,anti,A,4.47,4.56,,3.58,,3.58,,3.88,6.28,5.89,0.63,5.63,0.41,38.12,0.34,C3'-endo
2,2,0.13,C,C,C,0,1,0,0,0,),0,1,cWW,cW-W,5.48,2.98,0.73,1.38,3.66,4.79,5.15,3.42,BI,anti,A,4.46,4.57,3.04,3.56,3.20,3.62,3.69,4.03,6.26,5.91,0.61,5.64,0.42,37.50,0.36,C3'-endo
3,3,0.20,U,U,U,0,0,0,1,0,),0,1,cWW,cW-W,5.61,2.82,0.68,1.41,3.59,4.92,4.96,3.44,BI,anti,A,4.43,4.55,3.00,3.64,3.20,3.65,3.80,4.13,0.00,5.89,0.61,5.66,0.39,36.76,0.32,C3'-endo
4,4,0.27,C,C,C,0,1,0,0,0,),0,1,cWW,cW-W,5.46,2.99,0.68,1.42,3.63,4.98,4.93,3.48,BI,anti,A,4.43,4.61,2.98,3.71,3.17,3.74,3.86,4.21,0.06,5.85,0.63,5.67,0.35,37.06,0.24,C3'-endo
5,5,0.33,C,C,C,0,1,0,0,0,),0,1,cWW,cW-W,5.44,2.88,0.79,1.40,3.64,5.00,4.92,3.41,BI,anti,A,4.52,4.62,2.97,3.75,3.22,3.79,3.96,4.26,0.03,5.86,0.63,5.65,0.38,37.72,0.28,C3'-endo
6,6,0.40,U,U,U,0,0,0,1,0,),0,1,cWW,cW-W,5.46,2.87,0.84,1.41,3.65,4.89,5.04,3.35,BI,anti,A,4.55,4.60,3.02,3.66,3.32,3.68,4.08,4.10,0.02,5.87,0.62,5.66,0.38,36.98,0.29,C3'-endo
7,7,0.47,C,C,C,0,1,0,0,0,),0,1,cWW,cW-W,5.39,2.89,0.90,1.43,3.55,5.04,4.79,3.37,BI,anti,A,4.49,4.54,3.02,3.70,3.26,3.68,3.93,4.13,0.02,5.88,0.61,5.67,0.38,36.45,0.30,C3'-endo
8,8,0.53,G,G,G,0,0,1,0,0,),0,1,cWW,cW-W,5.06,3.10,0.90,1.44,3.49,5.09,4.69,3.45,BI,anti,A,4.48,4.58,2.86,3.70,3.08,3.70,3.82,4.05,0.08,5.83,0.64,5.67,0.34,37.24,0.21,C3'-endo
9,9,0.60,G,G,G,0,0,1,0,0,),0,1,cWW,cW-W,5.15,2.96,1.08,1.41,3.44,5.23,4.49,3.30,BI,anti,A,4.46,4.49,3.00,3.76,3.29,3.74,3.95,4.15,0.01,5.88,0.62,5.65,0.39,37.27,0.30,C3'-endo
10,10,0.67,C,C,C,0,1,0,0,0,),0,1,cWW,cW-W,5.11,3.41,0.79,1.44,3.05,4.95,4.38,3.58,BI,anti,A,4.10,4.22,3.03,3.72,3.27,3.68,3.93,4.02,0.02,5.89,0.60,5.68,0.37,35.68,0.30,C3'-endo
11,11,0.73,U,U,U,0,0,0,1,0,),0,1,cWW,cW-W,3.17,3.75,2.49,1.40,3.81,4.83,5.26,3.25,BI,anti,A,4.51,4.57,2.86,3.64,3.13,3.58,3.71,3.94,6.26,5.92,0.59,5.66,0.41,36.37,0.36,C3'-endo
12,12,0.80,U,U,U,0,0,0,1,0,),0,1,cWW,cW-W,5.56,3.00,0.52,1.40,3.68,5.00,4.96,3.53,BI,anti,.,4.38,4.66,2.92,3.69,3.10,3.78,3.71,4.14,0.05,5.84,0.65,5.65,0.37,38.22,0.25,C3'-endo
13,13,0.87,G,G,G,0,0,1,0,0,),0,1,cWW,cW-W,5.32,2.76,1.14,1.35,3.78,4.76,5.30,3.26,BI,anti,A,4.65,4.65,3.08,3.57,3.38,3.55,3.97,4.02,6.25,5.89,0.64,5.61,0.44,39.26,0.37,C3'-endo
14,14,0.93,A,A,A,1,0,0,0,0,),0,1,cWW,cW-W,5.30,2.77,0.93,1.34,3.51,5.20,4.59,3.19,BI,anti,.,4.63,4.62,2.83,3.72,3.06,3.72,3.86,3.95,0.07,5.79,0.70,5.61,0.38,41.24,0.22,C3'-endo
15,15,1.00,C,C,C,0,1,0,0,0,),0,1,cWW,cW-W,5.17,3.54,0.81,1.41,,,,3.51,n/a,anti,-,,,,,,,,,0.01,5.88,0.62,5.65,0.39,37.14,0.31,C3'-endo
