index_chain,old_nt_resnum,nt_position,nt_name,nt_code,nt_align_code,is_A,is_C,is_G,is_U,is_other,dbn,paired,nb_interact,pair_type_LW,pair_type_DSSR,alpha,beta,gamma,delta,epsilon,zeta,epsilon_zeta,chi,bb_type,glyco_bond,form,ssZp,Dp,eta,theta,eta_prime,theta_prime,eta_base,theta_base,v0,v1,v2,v3,v4,amplitude,phase_angle,puckering
1,180,0.05,A,A,A,1,0,0,0,0,.,,0,,,,2.01,2.59,1.52,5.17,5.66,5.80,4.81,..,anti,.,-1.45,4.05,,4.85,,5.09,,5.57,6.21,6.02,0.48,5.74,0.39,30.82,0.46,C3'-endo
2,181,0.10,G,G,G,0,0,1,0,0,.,0,1,cWW,cW-W,5.09,3.97,0.85,1.37,3.61,4.90,4.99,3.53,BI,anti,A,4.37,4.63,2.97,3.52,3.54,3.63,3.80,3.95,0.06,5.83,0.65,5.65,0.36,38.10,0.24,C3'-endo
3,182,0.15,U,U,U,0,0,0,1,0,(,0,1,cWW,cW-W,5.34,2.90,0.86,1.39,3.69,4.90,5.07,3.55,BI,anti,A,4.32,4.62,2.98,3.65,3.16,3.64,3.59,4.03,6.25,5.92,0.60,5.65,0.42,37.00,0.38,C3'-endo
4,183,0.20,G,G,G,0,0,1,0,0,(,0,1,cWW,cW-W,5.19,2.82,1.01,1.42,3.71,4.97,5.02,3.57,BI,anti,A,4.26,4.58,2.92,3.76,3.13,3.75,3.75,4.14,6.28,5.91,0.60,5.67,0.39,36.14,0.34,C3'-endo
5,184,0.25,G,G,G,0,0,1,0,0,(,0,1,cWW,cW-W,5.15,2.83,1.12,1.44,3.95,4.84,5.39,3.50,BI,anti,A,4.27,4.58,3.02,3.82,3.28,3.78,3.90,4.11,6.24,5.94,0.57,5.67,0.42,35.47,0.40,C3'-endo
6,185,0.30,C,C,C,0,1,0,0,0,(,0,1,cWW,cW-W,5.26,2.91,0.73,1.35,3.64,4.90,5.02,3.56,BI,anti,A,4.30,4.54,2.70,3.56,2.92,3.56,3.53,4.01,6.22,5.93,0.60,5.63,0.45,37.80,0.42,C3'-endo
7,186,0.35,G,G,G,0,0,1,0,0,(,0,1,cWW,cW-W,5.24,2.88,0.92,1.32,3.80,5.13,4.96,3.23,BI,anti,.,4.79,4.77,2.88,3.84,3.02,3.88,3.68,4.33,0.10,5.80,0.66,5.66,0.33,38.50,0.18,C3'-endo
8,187,0.40,G,G,G,0,0,1,0,0,(,0,1,cWW,cW-W,4.99,3.25,1.02,1.30,3.72,4.91,5.09,3.47,BI,anti,A,4.53,4.70,2.94,3.59,3.18,3.65,3.89,4.27,6.28,5.85,0.68,5.59,0.44,40.98,0.33,C3'-endo
9,188,0.45,C,C,C,0,1,0,0,0,(,0,1,cWW,cW-W,5.31,2.86,0.93,1.36,3.88,4.84,5.32,3.51,BI,anti,A,4.35,4.70,2.96,3.71,3.16,3.73,3.96,4.16,0.02,5.85,0.65,5.62,0.40,39.18,0.30,C3'-endo
10,189,0.50,C,C,C,0,1,0,0,0,(,0,1,cWW,cW-W,5.22,2.69,1.18,1.39,4.20,4.96,5.52,3.34,..,anti,A,4.50,4.69,3.06,3.82,3.27,3.72,3.89,3.90,6.27,5.90,0.61,5.65,0.41,37.26,0.34,C3'-endo
11,190,0.55,G,G,G,0,0,1,0,0,(,0,1,cWW,cW-W,4.61,2.02,2.17,1.45,3.79,4.99,5.09,3.06,BI,anti,A,4.50,4.57,3.05,3.40,3.28,3.43,3.77,4.01,0.00,5.92,0.57,5.69,0.37,34.61,0.33,C3'-endo
12,191,0.60,A,A,A,1,0,0,0,0,(,0,1,cWW,cW-W,5.11,2.97,1.08,1.44,4.25,4.14,0.11,3.22,..,anti,A,4.54,4.63,3.12,4.02,3.35,3.88,4.12,4.30,6.27,5.94,0.54,5.71,0.37,33.10,0.35,C3'-endo
13,192,0.65,A,A,A,1,0,0,0,0,(,0,1,cWW,cW-W,1.88,4.19,3.25,1.47,4.16,4.75,5.69,3.04,..,anti,A,4.86,4.84,2.67,3.57,2.98,3.58,3.78,4.01,0.21,5.74,0.65,5.74,0.21,37.30,0.00,C3'-endo
14,193,0.70,C,C,C,0,1,0,0,0,(,0,1,cWW,cW-W,5.56,2.88,0.70,1.38,3.81,4.97,5.12,3.51,BI,anti,A,4.42,4.72,2.96,3.77,3.20,3.79,3.88,4.24,0.05,5.83,0.66,5.64,0.37,38.86,0.25,C3'-endo
15,194,0.75,A,A,A,1,0,0,0,0,(,0,1,cWW,cW-W,5.25,2.76,1.03,1.32,3.59,5.01,4.86,3.19,BI,anti,A,4.67,4.65,2.86,3.62,3.16,3.62,3.94,4.02,0.03,5.83,0.68,5.60,0.41,40.55,0.28,C3'-endo
16,195,0.80,G,G,G,0,0,1,0,0,(,0,1,cWW,cW-W,5.33,3.14,0.88,1.39,3.97,4.73,5.52,3.48,BI,anti,A,4.37,4.72,3.20,3.69,3.33,3.75,3.88,4.17,0.09,5.82,0.65,5.67,0.33,37.70,0.20,C3'-endo
17,196,0.85,G,G,G,0,0,1,0,0,(,0,1,cWW,cW-W,5.41,2.59,0.93,1.33,3.51,4.56,5.23,3.54,BI,anti,A,4.38,4.60,2.82,3.85,3.11,3.66,3.79,3.97,0.04,5.84,0.67,5.62,0.40,39.79,0.28,C3'-endo
18,197,0.90,G,G,G,0,0,1,0,0,(,0,1,cWW,cW-W,2.39,3.96,3.14,1.49,4.01,5.03,5.26,2.90,BI,anti,A,4.63,4.77,2.89,3.71,3.15,3.68,3.90,4.20,0.18,5.77,0.63,5.74,0.23,36.27,0.04,C3'-endo
19,198,0.95,A,A,A,1,0,0,0,0,(,0,1,cWW,cW-W,5.31,3.37,0.51,1.41,3.52,5.06,4.74,3.29,BI,anti,.,4.66,4.67,2.81,4.01,3.05,3.97,3.89,4.30,0.14,5.76,0.69,5.65,0.31,40.01,0.13,C3'-endo
20,199,1.00,C,C,C,0,1,0,0,0,.,,0,,,2.99,3.39,2.93,1.44,,,,3.40,..,anti,-,,,,,,,,,0.08,5.84,0.62,5.69,0.32,36.27,0.19,C3'-endo
