index_chain,old_nt_resnum,nt_position,nt_name,nt_code,nt_align_code,is_A,is_C,is_G,is_U,is_other,dbn,paired,nb_interact,pair_type_LW,pair_type_DSSR,alpha,beta,gamma,delta,epsilon,zeta,epsilon_zeta,chi,bb_type,glyco_bond,form,ssZp,Dp,eta,theta,eta_prime,theta_prime,eta_base,theta_base,v0,v1,v2,v3,v4,amplitude,phase_angle,puckering
1,1,0.01,G,G,G,0,0,1,0,0,(,120,1,cWW,cW-W,,2.99,3.14,1.50,3.94,5.06,5.16,3.14,BI,anti,A,4.82,4.83,,3.43,,3.58,,3.96,0.24,5.71,0.67,5.74,0.19,38.25,6.25,C2'-exo
2,2,0.02,G,G,G,0,0,1,0,0,(,"24,119",2,"tSS,cWW","tm+m,cW-W",5.20,3.08,0.98,1.35,3.71,5.27,4.72,3.35,BI,anti,.,4.51,4.59,2.99,3.93,3.28,4.01,3.82,4.96,6.24,5.90,0.64,5.60,0.46,39.66,0.39,C3'-endo
3,3,0.02,U,U,U,0,0,0,1,0,(,118,1,cWW,cW-W,4.90,3.07,1.07,1.40,3.79,4.66,5.42,3.48,BI,anti,A,4.36,4.61,2.81,3.57,3.19,3.59,4.46,3.73,0.01,5.88,0.63,5.65,0.39,37.66,0.31,C3'-endo
4,4,0.03,U,U,U,0,0,0,1,0,(,117,1,cWW,cW-W,5.53,2.70,0.88,1.40,3.62,4.88,5.02,3.45,BI,anti,A,4.22,4.46,3.01,3.64,3.19,3.63,3.51,4.13,6.23,5.92,0.62,5.62,0.45,38.38,0.40,C3'-endo
5,5,0.04,G,G,G,0,0,1,0,0,(,116,1,cWW,cW-W,5.24,3.15,0.65,1.47,3.69,5.07,4.90,3.57,BI,anti,A,4.32,4.69,2.88,3.84,3.00,3.87,3.71,4.31,0.10,5.82,0.62,5.70,0.30,36.19,0.17,C3'-endo
6,6,0.05,C,C,C,0,1,0,0,0,(,115,1,cWW,cW-W,5.21,3.03,0.84,1.33,3.61,5.82,4.08,3.63,BI,anti,.,4.20,4.63,2.83,4.16,3.08,3.98,3.79,3.98,0.03,5.83,0.68,5.60,0.41,40.65,0.28,C3'-endo
7,7,0.06,G,G,G,0,0,1,0,0,(,114,1,cWW,cW-W,3.80,2.17,2.97,1.39,3.91,4.87,5.32,3.04,BI,anti,A,4.64,4.64,3.28,2.88,3.41,3.19,3.72,3.94,0.01,5.87,0.64,5.63,0.40,38.32,0.31,C3'-endo
8,8,0.07,G,G,G,0,0,1,0,0,(,113,1,cWW,cW-W,5.25,3.19,0.72,1.51,3.66,5.15,4.79,3.56,BI,anti,A,4.27,4.59,2.94,3.90,3.13,3.88,3.90,4.27,0.11,5.84,0.60,5.73,0.28,34.52,0.16,C3'-endo
9,9,0.07,C,C,C,0,1,0,0,0,(,112,1,cWW,cW-W,4.52,3.02,1.41,1.38,4.14,5.44,4.98,3.37,..,anti,.,4.51,4.73,2.81,4.47,3.05,4.64,3.69,5.49,0.00,5.87,0.64,5.62,0.41,38.74,0.32,C3'-endo
10,10,0.08,C,C,C,0,1,0,0,0,.,,0,,,4.93,3.14,1.42,2.49,4.83,2.90,1.93,4.13,BII,anti,.,0.69,0.75,3.48,2.87,4.23,2.82,5.22,3.42,5.87,0.60,5.72,0.34,0.04,34.73,2.74,C2'-endo
11,11,0.09,A,A,A,1,0,0,0,0,.,67,1,tWS,tW+m,5.43,3.42,0.96,1.47,3.80,4.04,6.05,3.33,..,anti,.,4.48,4.61,4.60,3.21,4.35,2.66,4.34,3.31,0.07,5.84,0.62,5.69,0.33,36.40,0.21,C3'-endo
12,12,0.10,U,U,U,0,0,0,1,0,.,,0,,,1.10,3.90,0.98,2.46,4.91,4.80,0.12,4.87,..,anti,.,-0.15,0.87,0.00,5.43,0.04,5.17,5.16,5.58,5.90,0.59,5.72,0.36,0.01,34.36,2.79,C2'-endo
13,13,0.11,A,A,A,1,0,0,0,0,.,,0,,,5.28,3.25,0.31,2.71,4.07,5.33,5.03,3.85,..,anti,.,1.40,1.31,2.40,5.33,3.35,5.10,3.49,5.57,5.99,0.60,5.62,0.52,6.14,38.44,3.03,C2'-endo
14,14,0.12,U,U,U,0,0,0,1,0,(,66,1,cWW,cW-W,4.72,3.35,0.96,1.45,3.78,5.08,4.99,3.37,BI,anti,.,4.56,4.65,2.64,3.89,3.42,4.00,4.09,4.61,0.05,5.87,0.61,5.69,0.34,35.80,0.25,C3'-endo
15,15,0.12,C,C,C,0,1,0,0,0,(,65,1,cWW,cW-W,5.11,2.98,1.17,1.40,4.02,4.86,5.44,3.31,BI,anti,A,4.54,4.70,3.10,3.87,3.41,3.86,4.27,4.23,0.03,5.85,0.65,5.63,0.40,39.03,0.28,C3'-endo
16,16,0.13,U,U,U,0,0,0,1,0,(,63,1,cWW,cW-W,5.24,2.94,0.81,1.35,3.86,4.70,5.44,3.60,BI,anti,A,4.21,4.70,2.79,3.61,3.00,3.64,3.63,4.02,0.00,5.87,0.64,5.62,0.41,38.88,0.32,C3'-endo
17,17,0.14,A,A,A,1,0,0,0,0,(,62,1,cWW,cW-W,5.75,2.88,0.40,1.33,3.29,4.98,4.59,3.77,BI,anti,A,4.00,4.58,2.84,3.79,3.02,3.76,3.60,4.27,0.13,5.74,0.73,5.61,0.34,42.17,0.15,C3'-endo
18,18,0.15,C,C,C,0,1,0,0,0,(,61,1,cWW,cW-W,2.97,3.59,2.78,1.47,4.30,4.71,5.87,3.46,..,anti,A,4.27,4.76,2.99,3.57,3.23,3.56,3.96,3.87,0.11,5.84,0.60,5.73,0.28,34.56,0.14,C3'-endo
19,19,0.16,C,C,C,0,1,0,0,0,(,60,1,cWW,cW-W,5.09,2.33,1.45,1.36,3.97,4.84,5.42,3.04,BI,anti,A,4.66,4.67,2.87,3.72,3.17,3.66,3.78,4.13,0.00,5.87,0.65,5.62,0.42,39.05,0.32,C3'-endo
20,20,0.17,A,A,A,1,0,0,0,0,(,59,1,cWW,cW-W,5.21,2.98,0.82,1.39,3.63,5.01,4.91,3.32,BI,anti,A,4.59,4.63,2.77,3.68,3.00,3.75,3.82,4.30,0.09,5.80,0.68,5.63,0.35,39.81,0.20,C3'-endo
21,21,0.17,G,G,G,0,0,1,0,0,(,58,1,cWW,cW-W,5.19,3.06,1.01,1.51,3.73,2.50,1.23,3.46,..,anti,.,4.46,4.65,3.07,2.06,3.31,2.13,4.07,2.15,0.08,5.85,0.61,5.70,0.32,35.72,0.21,C3'-endo
22,22,0.18,A,A,A,1,0,0,0,0,.,,0,,,2.30,4.40,2.35,1.36,4.49,4.48,0.01,3.15,..,anti,B,4.31,4.41,2.88,4.02,2.68,3.95,2.35,4.75,6.16,6.01,0.55,5.65,0.48,36.24,0.52,C3'-endo
23,23,0.19,A,A,A,1,0,0,0,0,.,,0,,,5.37,2.38,0.83,1.37,4.14,4.62,5.80,3.60,..,anti,.,4.01,4.75,2.65,3.81,2.94,3.79,4.08,4.36,0.01,5.86,0.65,5.62,0.41,39.33,0.31,C3'-endo
24,24,0.20,A,A,A,1,0,0,0,0,.,2,1,tSS,tm+m,5.27,2.47,1.11,1.37,3.84,4.96,5.17,3.51,BI,anti,.,4.38,4.72,2.80,3.93,3.07,3.90,3.95,4.57,0.01,5.86,0.66,5.61,0.41,39.56,0.31,C3'-endo
25,25,0.21,G,G,G,0,0,1,0,0,.,,0,,,5.48,2.87,0.84,1.39,3.22,5.03,4.47,3.59,BI,anti,A,4.18,4.41,2.97,4.03,3.36,3.89,4.41,4.51,0.05,5.83,0.67,5.62,0.39,39.64,0.26,C3'-endo
26,26,0.21,C,C,C,0,1,0,0,0,.,"54,57",2,"cWW,cWW","cW-W,cW-W",3.02,3.74,2.44,1.27,4.24,4.87,5.65,3.32,..,anti,.,4.54,4.79,2.65,3.92,2.96,3.99,3.98,4.61,0.06,5.80,0.71,5.59,0.39,41.83,0.24,C3'-endo
27,27,0.22,A,A,A,1,0,0,0,0,(,"53,56",2,"cWW,cSW","cW-W,cm-W",5.59,2.59,1.10,1.35,4.19,4.45,6.02,3.26,..,anti,A,4.67,4.82,3.14,3.62,3.52,3.66,4.50,4.23,0.07,5.80,0.69,5.61,0.38,40.62,0.23,C3'-endo
28,28,0.23,C,C,C,0,1,0,0,0,(,"52,55",2,"cWW,cSW","cW-W,cm-W",5.49,2.35,1.02,1.42,3.79,5.61,4.47,3.48,BI,anti,.,4.43,4.69,2.91,4.50,3.20,4.43,4.03,5.14,0.08,5.82,0.65,5.66,0.34,38.17,0.21,C3'-endo
29,29,0.24,C,C,C,0,1,0,0,0,(,"49,51",2,"cWW,cSW","cW-W,cm-W",4.92,3.01,1.09,1.32,3.65,4.95,4.98,3.53,BI,anti,.,4.37,4.63,2.78,3.53,3.35,3.67,4.66,4.25,6.24,5.89,0.65,5.59,0.46,40.21,0.38,C3'-endo
30,30,0.25,G,G,G,0,0,1,0,0,(,47,1,cWW,cW-W,5.03,3.47,0.91,1.50,3.57,5.21,4.64,3.31,BI,anti,A,4.59,4.63,3.13,3.89,3.22,3.94,3.85,4.39,0.17,5.77,0.64,5.72,0.25,36.90,0.06,C3'-endo
31,31,0.26,U,U,U,0,0,0,1,0,(,46,1,cWW,cW-W,5.11,3.11,1.03,1.41,3.53,5.10,4.72,3.49,BI,anti,A,4.33,4.50,3.03,3.69,3.33,3.84,4.08,4.15,0.02,5.88,0.62,5.66,0.38,36.95,0.30,C3'-endo
32,32,0.26,U,U,U,0,0,0,1,0,(,45,1,cWW,cW-W,5.02,3.36,1.12,2.63,4.76,2.65,2.11,3.92,BII,anti,.,0.66,0.59,3.52,2.64,3.94,2.16,4.21,1.88,5.92,0.62,5.66,0.44,6.23,37.10,2.89,C2'-endo
33,33,0.27,U,U,U,0,0,0,1,0,.,,0,,,3.19,2.68,0.93,1.33,3.90,5.04,5.14,3.21,BI,anti,A,4.61,4.68,1.95,3.88,1.75,3.88,1.76,4.63,0.02,5.83,0.69,5.58,0.43,41.44,0.30,C3'-endo
34,34,0.28,C,C,C,0,1,0,0,0,.,46,1,cWS,cW-m,5.14,2.81,1.11,1.36,4.55,4.11,0.45,3.60,..,anti,.,3.77,4.79,3.07,3.59,3.31,3.70,4.30,3.95,0.06,5.82,0.67,5.63,0.38,39.43,0.25,C3'-endo
35,35,0.29,C,C,C,0,1,0,0,0,.,45,1,cWS,cW-m,5.58,2.36,0.77,1.35,3.96,5.18,5.06,3.40,BI,anti,.,4.51,4.68,2.88,4.23,3.02,4.25,3.34,5.06,6.23,5.91,0.64,5.60,0.47,39.54,0.40,C3'-endo
36,36,0.30,C,C,C,0,1,0,0,0,(,41,1,cWW,cW-W,5.29,2.93,0.88,1.40,3.63,4.88,5.03,3.45,BI,anti,A,4.46,4.58,2.84,3.56,3.31,3.58,4.55,3.86,6.28,5.92,0.58,5.69,0.38,34.99,0.33,C3'-endo
37,37,0.31,G,G,G,0,0,1,0,0,.,43,1,cSW,cm-W,5.36,3.20,0.59,1.47,3.14,4.93,4.49,3.73,BI,anti,.,4.00,4.36,2.93,3.78,3.08,3.61,3.53,3.43,0.09,5.82,0.63,5.69,0.31,36.73,0.18,C3'-endo
38,38,0.31,U,U,U,0,0,0,1,0,.,42,1,tSH,tm-M,2.60,3.51,3.25,1.52,4.01,5.41,4.88,3.39,BI,anti,.,4.36,4.59,3.09,4.19,3.20,3.38,3.24,2.50,0.02,5.92,0.55,5.72,0.34,33.10,0.29,C3'-endo
39,39,0.32,C,C,C,0,1,0,0,0,.,,0,,,2.87,2.36,0.74,1.49,4.36,4.78,5.86,3.44,..,anti,.,4.07,4.49,0.02,4.23,0.65,4.22,0.38,4.74,6.24,5.97,0.53,5.71,0.39,32.97,0.40,C3'-endo
40,40,0.33,C,C,C,0,1,0,0,0,.,,0,,,5.19,2.68,1.06,1.50,4.49,4.56,6.22,3.42,..,anti,.,3.73,4.16,3.00,4.51,3.30,4.26,4.04,4.72,6.11,6.10,0.45,5.72,0.47,31.95,0.63,C4'-exo
41,41,0.34,G,G,G,0,0,1,0,0,),"36,44",2,"cWW,tSW","cW-W,tm+W",0.91,2.94,0.98,2.41,3.82,1.99,1.83,5.09,..,anti,.,1.04,1.93,4.66,1.84,5.39,1.28,5.14,1.18,5.80,0.63,5.75,0.27,0.13,35.65,2.61,C2'-endo
42,42,0.35,A,A,A,1,0,0,0,0,.,38,1,tHS,tM-m,2.95,3.39,0.87,1.53,4.00,4.99,5.29,3.18,BI,anti,A,4.68,4.68,1.65,4.05,1.66,4.18,1.86,4.89,0.10,5.85,0.57,5.75,0.28,33.34,0.16,C3'-endo
43,43,0.36,U,U,U,0,0,0,1,0,.,37,1,cWS,cW-m,5.27,2.89,0.95,1.50,3.93,5.30,4.91,3.20,BI,anti,.,4.33,4.44,2.97,4.28,3.35,4.24,4.35,5.04,6.24,5.95,0.55,5.69,0.40,34.31,0.39,C3'-endo
44,44,0.36,C,C,C,0,1,0,0,0,.,41,1,tWS,tW+m,5.09,2.98,0.76,1.24,3.59,5.17,4.70,3.42,BI,anti,.,4.52,4.62,2.51,3.63,2.95,3.79,4.25,4.52,6.27,5.83,0.73,5.53,0.48,44.20,0.34,C3'-endo
45,45,0.37,A,A,A,1,0,0,0,0,),"32,35",2,"cWW,cSW","cW-W,cm-W",4.88,3.58,0.95,1.46,3.76,4.82,5.23,3.48,BI,anti,A,4.42,4.65,3.04,3.70,3.18,3.76,4.00,4.27,0.10,5.81,0.66,5.66,0.33,38.39,0.18,C3'-endo
46,46,0.38,A,A,A,1,0,0,0,0,),"31,34",2,"cWW,cSW","cW-W,cm-W",5.46,2.75,0.93,1.36,3.37,5.36,4.29,3.25,BI,anti,A,4.59,4.60,2.98,3.84,3.25,3.83,4.06,4.21,0.11,5.78,0.68,5.65,0.33,39.67,0.17,C3'-endo
47,47,0.39,C,C,C,0,1,0,0,0,),30,1,cWW,cW-W,4.73,3.56,0.89,1.42,3.48,5.06,4.71,3.41,BI,anti,A,4.50,4.55,2.88,3.63,3.10,3.70,3.79,4.12,0.09,5.81,0.66,5.65,0.34,38.86,0.20,C3'-endo
48,48,0.40,U,U,U,0,0,0,1,0,.,,0,,,5.13,3.16,1.02,1.47,4.06,4.96,5.39,3.51,..,anti,.,4.20,4.62,3.19,4.03,3.32,4.13,3.83,4.03,6.26,5.93,0.56,5.69,0.39,34.51,0.36,C3'-endo
49,49,0.40,G,G,G,0,0,1,0,0,),29,1,cWW,cW-W,5.41,2.89,0.99,2.22,4.87,1.47,3.40,4.20,..,anti,.,1.15,1.00,3.53,2.00,3.88,1.39,3.84,1.31,5.67,0.65,5.84,0.10,0.32,37.44,2.31,C1'-exo
50,50,0.41,U,U,U,0,0,0,1,0,.,,0,,,0.91,3.43,3.45,1.43,3.98,5.07,5.20,3.32,BI,anti,.,4.64,4.75,2.49,3.40,2.17,3.58,2.21,4.48,0.12,5.79,0.66,5.67,0.31,38.37,0.14,C3'-endo
51,51,0.42,A,A,A,1,0,0,0,0,.,29,1,cWS,cW-m,5.24,3.30,0.61,1.48,3.72,5.32,4.68,3.28,BI,anti,.,4.65,4.70,2.83,4.41,3.11,4.25,4.19,4.62,0.19,5.74,0.67,5.70,0.24,38.57,0.04,C3'-endo
52,52,0.43,G,G,G,0,0,1,0,0,),28,1,cWW,cW-W,2.88,3.02,3.05,1.46,3.79,5.07,5.01,2.98,BI,anti,A,4.70,4.68,2.80,3.30,3.13,3.48,3.91,3.95,0.07,5.87,0.59,5.71,0.32,34.80,0.22,C3'-endo
53,53,0.44,U,U,U,0,0,0,1,0,),"27,55",2,"cWW,cSH","cW-W,cm+M",5.05,3.21,0.97,1.43,3.50,5.11,4.67,3.49,BI,anti,.,4.38,4.51,2.95,3.54,3.23,3.49,3.84,3.18,6.28,5.89,0.61,5.65,0.40,36.95,0.33,C3'-endo
54,54,0.45,U,U,U,0,0,0,1,0,.,"26,56",2,"cWW,c.H","cW-W,c.+M",4.04,2.36,2.51,2.59,5.08,1.59,3.49,3.60,..,anti,.,0.70,0.50,4.30,1.38,3.94,1.60,3.54,1.43,5.92,0.62,5.66,0.43,6.24,36.76,2.88,C2'-endo
55,55,0.45,A,A,A,1,0,0,0,0,.,"28,53",2,"cWS,cHS","cW-m,cM+m",2.85,4.01,0.89,1.39,3.60,5.20,4.69,3.50,BI,anti,A,4.37,4.56,2.25,3.78,1.98,3.86,1.91,4.55,6.28,5.88,0.64,5.63,0.42,38.57,0.33,C3'-endo
56,56,0.46,A,A,A,1,0,0,0,0,.,"27,54",2,"cWS,cH.","cW-m,cM+.",4.86,2.90,1.26,1.30,4.15,4.87,5.56,3.33,..,anti,.,4.59,4.82,2.89,3.87,3.15,3.94,4.09,4.46,0.09,5.78,0.71,5.60,0.37,41.60,0.20,C3'-endo
57,57,0.47,G,G,G,0,0,1,0,0,.,26,1,cWW,cW-W,5.23,2.73,1.29,1.35,4.16,5.35,5.09,3.28,..,anti,.,4.67,4.79,3.10,4.39,3.39,4.45,4.18,5.48,0.04,5.83,0.68,5.61,0.40,40.35,0.27,C3'-endo
58,58,0.48,C,C,C,0,1,0,0,0,),21,1,cWW,cW-W,5.17,3.04,0.80,1.46,3.82,4.87,5.23,3.64,BI,anti,.,4.17,4.71,2.70,3.79,3.26,3.83,4.75,4.27,0.10,5.82,0.64,5.69,0.31,36.98,0.18,C3'-endo
59,59,0.49,U,U,U,0,0,0,1,0,),20,1,cWW,cW-W,5.44,2.95,0.64,1.35,3.55,5.21,4.63,3.17,BI,anti,A,4.63,4.63,2.85,3.78,3.08,3.83,3.80,4.56,0.06,5.80,0.70,5.60,0.39,41.00,0.24,C3'-endo
60,60,0.50,G,G,G,0,0,1,0,0,),19,1,cWW,cW-W,4.79,3.09,1.32,1.44,3.68,4.90,5.07,3.45,BI,anti,A,4.45,4.64,2.96,3.67,3.26,3.66,4.29,3.97,0.05,5.85,0.62,5.68,0.35,36.68,0.24,C3'-endo
61,61,0.50,G,G,G,0,0,1,0,0,),18,1,cWW,cW-W,5.11,2.97,0.98,1.48,3.46,5.05,4.69,3.35,BI,anti,.,4.43,4.47,2.88,3.71,3.12,3.69,3.73,4.07,0.03,5.88,0.60,5.68,0.36,35.72,0.28,C3'-endo
62,62,0.51,U,U,U,0,0,0,1,0,),17,1,cWW,cW-W,4.98,3.18,1.15,1.48,3.76,5.21,4.84,3.22,BI,anti,.,4.45,4.52,3.13,4.04,3.31,4.14,3.92,4.45,0.01,5.90,0.59,5.68,0.37,35.32,0.32,C3'-endo
63,63,0.52,A,A,A,1,0,0,0,0,),16,1,cWW,cW-W,4.99,3.33,1.01,2.50,4.91,4.92,6.28,4.22,..,anti,.,0.44,0.49,3.44,5.49,3.89,4.85,4.29,4.27,5.86,0.63,5.69,0.36,0.03,36.48,2.77,C2'-endo
64,64,0.53,A,A,A,1,0,0,0,0,.,,0,,,5.18,2.96,3.38,1.44,3.65,1.28,2.37,4.24,..,anti,.,2.37,4.35,5.18,5.91,5.85,5.85,0.35,5.49,6.18,6.01,0.52,5.68,0.45,34.09,0.50,C3'-endo
65,65,0.54,G,G,G,0,0,1,0,0,),15,1,cWW,cW-W,1.39,3.01,4.78,1.43,4.05,4.85,5.49,2.99,..,anti,A,4.84,4.80,3.55,3.10,3.93,3.39,4.83,4.14,0.10,5.80,0.66,5.66,0.33,38.49,0.18,C3'-endo
66,66,0.55,A,A,A,1,0,0,0,0,),14,1,cWW,cW-W,4.97,3.04,1.02,1.40,4.00,5.06,5.23,3.14,BI,anti,.,4.79,4.79,2.86,4.04,3.05,4.12,3.71,4.94,0.13,5.76,0.71,5.63,0.33,40.87,0.15,C3'-endo
67,67,0.55,G,G,G,0,0,1,0,0,(,"11,111",2,"tSW,cWW","tm+W,cW-W",5.22,2.89,1.04,1.44,3.85,5.00,5.13,3.32,BI,anti,A,4.67,4.76,2.93,3.93,3.34,3.95,4.56,4.53,0.15,5.76,0.68,5.67,0.29,39.22,0.10,C3'-endo
68,68,0.56,C,C,C,0,1,0,0,0,(,110,1,cWW,cW-W,5.39,2.81,0.95,1.42,3.79,4.95,5.13,3.26,BI,anti,A,4.61,4.66,2.99,3.82,3.34,3.84,4.32,4.36,0.05,5.83,0.65,5.64,0.37,38.55,0.25,C3'-endo
69,69,0.57,C,C,C,0,1,0,0,0,(,109,1,cWW,cW-W,5.28,3.02,0.87,1.37,3.65,5.04,4.89,3.55,BI,anti,A,4.34,4.64,2.92,3.75,3.18,3.76,3.99,4.11,0.06,5.81,0.68,5.62,0.38,40.12,0.24,C3'-endo
70,70,0.58,U,U,U,0,0,0,1,0,(,108,1,cWW,cW-W,5.24,3.08,0.88,1.41,3.58,5.02,4.84,3.35,BI,anti,A,4.53,4.59,2.96,3.69,3.18,3.73,3.79,4.15,0.04,5.84,0.65,5.63,0.38,38.77,0.27,C3'-endo
71,71,0.59,G,G,G,0,0,1,0,0,(,107,1,cWW,cW-W,5.25,2.95,0.98,1.37,3.66,4.90,5.04,3.45,BI,anti,A,4.31,4.48,3.02,3.60,3.26,3.60,3.91,4.04,6.20,5.95,0.60,5.62,0.47,38.34,0.45,C3'-endo
72,72,0.60,A,A,A,1,0,0,0,0,(,106,1,cWW,cW-W,5.31,3.05,0.69,1.44,3.37,4.54,5.12,3.50,BI,anti,.,4.42,4.50,2.88,3.50,3.04,2.92,3.70,2.19,0.03,5.87,0.62,5.66,0.38,36.85,0.29,C3'-endo
73,73,0.60,C,C,C,0,1,0,0,0,.,,0,,,2.28,2.72,1.16,1.41,4.36,2.78,1.59,3.02,BII,anti,.,4.64,4.71,0.13,2.17,0.25,1.62,0.29,0.30,0.05,5.86,0.62,5.67,0.35,36.72,0.25,C3'-endo
74,74,0.61,C,C,C,0,1,0,0,0,.,105,1,cWW,cW-W,1.85,3.28,1.02,1.55,3.65,5.11,4.82,3.66,BI,anti,.,3.99,4.43,0.64,3.94,0.88,3.92,2.03,4.65,0.02,5.95,0.50,5.78,0.31,30.08,0.29,C3'-endo
75,75,0.62,G,G,G,0,0,1,0,0,.,104,1,tSH,tm-M,5.04,2.88,1.10,1.42,3.98,5.31,4.96,3.78,BI,anti,.,3.66,4.69,2.93,4.99,3.24,4.54,4.24,3.96,0.05,5.86,0.62,5.68,0.35,36.46,0.24,C3'-endo
76,76,0.63,A,A,A,1,0,0,0,0,.,103,1,tHH,tM+M,3.09,4.06,0.83,2.44,4.70,2.77,1.93,3.71,BII,anti,.,0.23,0.91,1.48,2.65,2.19,2.52,2.03,2.89,5.72,0.73,5.68,0.30,0.16,40.57,2.59,C2'-endo
77,77,0.64,G,G,G,0,0,1,0,0,.,78,1,cSH,cm+M,4.47,1.49,2.94,2.37,2.41,3.25,5.44,4.63,..,anti,.,2.11,2.07,5.79,0.08,4.78,0.99,4.53,1.56,5.85,0.64,5.69,0.36,0.04,36.82,2.75,C2'-endo
78,78,0.64,U,U,U,0,0,0,1,0,.,"77,102",2,"cHS,tWH","cM+m,tW-M",5.94,2.62,0.44,1.47,3.75,5.25,4.78,3.24,BI,anti,.,4.53,4.58,3.04,4.06,2.82,4.10,2.78,4.57,0.05,5.87,0.59,5.70,0.34,35.03,0.25,C3'-endo
79,79,0.65,A,A,A,1,0,0,0,0,.,101,1,tHS,tM-m,4.86,3.14,1.14,1.38,4.06,5.10,5.25,3.25,BI,anti,.,4.67,4.72,2.96,4.07,3.28,4.17,4.07,5.14,6.27,5.88,0.64,5.62,0.43,38.91,0.35,C3'-endo
80,80,0.66,G,G,G,0,0,1,0,0,(,100,1,cWW,cW-W,5.11,2.81,1.05,1.39,3.89,4.94,5.23,3.26,BI,anti,A,4.66,4.73,2.74,3.93,3.21,3.97,4.62,4.43,0.11,5.77,0.70,5.63,0.34,40.76,0.18,C3'-endo
81,81,0.67,U,U,U,0,0,0,1,0,(,99,1,cWW,cW-W,5.50,2.78,1.01,1.50,3.63,4.70,5.21,3.37,BI,anti,.,4.26,4.38,3.09,3.53,3.47,3.49,4.28,3.66,6.24,5.96,0.54,5.71,0.39,33.29,0.39,C3'-endo
82,82,0.68,G,G,G,0,0,1,0,0,(,98,1,cWW,cW-W,4.97,3.16,0.92,1.42,3.80,5.10,4.98,3.29,BI,anti,A,4.63,4.62,2.89,3.90,2.91,3.97,3.23,4.62,6.27,5.90,0.61,5.66,0.40,36.78,0.34,C3'-endo
83,83,0.69,U,U,U,0,0,0,1,0,(,97,1,cWW,cW-W,5.06,2.95,1.09,1.35,3.84,4.88,5.24,3.34,BI,anti,A,4.62,4.67,2.83,3.73,3.18,3.73,4.17,4.08,6.26,5.88,0.65,5.61,0.44,39.83,0.35,C3'-endo
84,84,0.69,A,A,A,1,0,0,0,0,(,96,1,cWW,cW-W,5.35,3.11,0.80,1.37,3.72,4.61,5.40,3.57,BI,anti,A,4.25,4.58,3.01,3.37,3.13,3.45,3.65,3.70,6.22,5.93,0.61,5.62,0.46,38.11,0.41,C3'-endo
85,85,0.70,G,G,G,0,0,1,0,0,.,95,1,cWW,cW-W,5.58,2.83,0.64,1.37,4.22,4.20,0.02,4.02,..,anti,.,2.59,4.77,3.11,3.68,3.15,3.20,3.41,3.08,0.02,5.83,0.68,5.59,0.42,40.85,0.30,C3'-endo
86,86,0.71,U,U,U,0,0,0,1,0,.,0,1,c.S,c.-m,1.08,3.70,1.20,2.27,4.27,1.46,2.81,3.64,..,anti,.,1.98,1.81,6.04,1.87,6.22,1.40,5.86,1.25,5.74,0.61,5.84,0.15,0.24,34.67,2.40,C1'-exo
87,87,0.72,G,G,G,0,0,1,0,0,(,94,1,cWW,cW-W,1.34,1.71,3.11,1.46,3.91,4.84,5.36,2.99,BI,anti,A,4.76,4.75,1.32,2.70,1.06,3.09,1.25,3.71,0.10,5.82,0.63,5.69,0.31,36.53,0.17,C3'-endo
88,88,0.73,G,G,G,0,0,1,0,0,(,93,1,cWW,cW-W,5.29,3.05,0.88,1.41,3.87,5.16,5.00,3.23,BI,anti,A,4.75,4.74,3.05,4.05,3.25,4.10,3.84,4.82,0.07,5.82,0.66,5.65,0.36,38.72,0.22,C3'-endo
89,89,0.74,G,G,G,0,0,1,0,0,.,92,1,tSH,tm-M,4.83,3.06,1.14,1.36,4.10,5.14,5.24,3.42,..,anti,.,4.44,4.78,2.85,4.35,3.17,3.57,4.20,2.65,0.01,5.84,0.68,5.59,0.43,40.70,0.31,C3'-endo
90,90,0.74,U,U,U,0,0,0,1,0,.,,0,,,3.16,2.41,0.89,1.36,3.94,5.29,4.93,3.29,BI,anti,.,4.60,4.68,0.29,4.21,0.79,4.16,0.48,5.06,0.00,5.83,0.70,5.57,0.44,41.94,0.32,C3'-endo
91,91,0.75,G,G,G,0,0,1,0,0,.,,0,,,4.57,2.65,1.74,1.46,3.89,4.98,5.19,3.21,BI,anti,.,4.55,4.62,2.86,3.81,3.36,3.78,4.77,4.69,0.07,5.80,0.68,5.63,0.37,39.96,0.22,C3'-endo
92,92,0.76,A,A,A,1,0,0,0,0,.,89,1,tHS,tM-m,5.27,2.90,0.81,1.47,3.77,5.23,4.83,3.54,BI,anti,.,4.26,4.64,2.84,4.72,3.19,4.75,4.46,5.25,0.12,5.79,0.66,5.68,0.30,38.13,0.14,C3'-endo
93,93,0.77,C,C,C,0,1,0,0,0,),88,1,cWW,cW-W,2.50,3.87,3.23,1.47,3.67,5.11,4.84,3.21,BI,anti,A,4.68,4.68,3.00,3.42,3.71,3.46,4.91,3.81,0.11,5.82,0.63,5.70,0.31,36.69,0.16,C3'-endo
94,94,0.78,C,C,C,0,1,0,0,0,),87,1,cWW,cW-W,5.15,2.96,1.13,1.43,3.66,4.86,5.08,3.64,BI,anti,A,4.12,4.55,3.04,3.58,3.38,3.54,3.98,3.98,0.03,5.87,0.62,5.66,0.37,36.95,0.29,C3'-endo
95,95,0.79,A,A,A,1,0,0,0,0,.,85,1,cWW,cW-W,5.07,3.00,1.09,1.39,3.64,5.17,4.75,3.35,BI,anti,A,4.57,4.64,2.97,3.81,3.12,3.78,3.77,4.18,0.01,5.85,0.66,5.62,0.41,39.40,0.30,C3'-endo
96,96,0.79,U,U,U,0,0,0,1,0,),84,1,cWW,cW-W,5.02,3.07,1.03,1.38,3.57,5.13,4.73,3.52,BI,anti,A,4.43,4.66,2.90,3.68,3.19,3.75,3.92,4.23,0.09,5.77,0.71,5.61,0.37,41.31,0.20,C3'-endo
97,97,0.80,A,A,A,1,0,0,0,0,),83,1,cWW,cW-W,5.02,3.41,0.84,1.51,3.66,5.04,4.90,3.50,BI,anti,A,4.38,4.59,3.04,3.78,3.22,3.83,3.84,4.16,0.13,5.80,0.63,5.71,0.28,36.28,0.12,C3'-endo
98,98,0.81,C,C,C,0,1,0,0,0,),82,1,cWW,cW-W,5.10,3.31,0.66,1.48,3.38,5.18,4.49,3.45,BI,anti,.,4.45,4.51,2.83,4.14,3.01,3.96,3.56,4.07,0.12,5.79,0.65,5.69,0.30,37.52,0.14,C3'-endo
99,99,0.82,G,G,G,0,0,1,0,0,),81,1,cWW,cW-W,2.51,3.31,3.30,1.40,3.85,5.04,5.09,3.18,BI,anti,A,4.72,4.70,2.89,3.25,3.12,3.40,3.58,4.07,0.04,5.84,0.66,5.63,0.39,39.31,0.28,C3'-endo
100,100,0.83,C,C,C,0,1,0,0,0,),80,1,cWW,cW-W,5.11,3.04,1.02,1.31,3.84,5.32,4.81,3.31,BI,anti,.,4.69,4.74,2.91,4.04,3.16,4.12,4.03,4.98,0.03,5.82,0.69,5.59,0.42,41.39,0.28,C3'-endo
101,101,0.83,G,G,G,0,0,1,0,0,.,79,1,tSH,tm-M,4.86,2.98,1.34,1.39,3.97,3.79,0.18,3.33,..,anti,.,4.61,4.78,2.92,3.03,3.36,2.73,4.67,2.50,0.13,5.76,0.70,5.64,0.33,40.79,0.15,C3'-endo
102,102,0.84,A,A,A,1,0,0,0,0,.,78,1,tHW,tM-W,1.08,4.42,4.28,1.49,4.06,5.07,5.28,3.17,BI,anti,.,4.72,4.79,3.58,3.11,3.19,3.40,2.78,4.27,0.18,5.75,0.66,5.71,0.25,37.61,0.05,C3'-endo
103,103,0.85,A,A,A,1,0,0,0,0,.,76,1,tHH,tM+M,4.97,3.00,1.06,1.30,3.78,5.06,5.00,3.25,BI,anti,A,4.72,4.75,2.69,3.79,3.07,3.79,4.16,4.14,0.02,5.81,0.72,5.56,0.44,43.17,0.29,C3'-endo
104,104,0.86,A,A,A,1,0,0,0,0,.,75,1,tHS,tM-m,5.13,2.91,1.21,1.30,3.93,5.42,4.80,3.41,BI,anti,.,4.49,4.76,3.02,4.23,3.26,4.33,3.90,5.14,0.03,5.80,0.73,5.55,0.45,43.87,0.29,C3'-endo
105,105,0.87,C,C,C,0,1,0,0,0,.,74,1,cWW,cW-W,5.02,3.01,1.19,1.47,4.19,4.63,5.84,3.34,..,anti,A,4.57,4.77,3.02,3.91,3.55,3.95,4.79,4.61,0.09,5.82,0.63,5.69,0.32,36.92,0.19,C3'-endo
106,106,0.88,U,U,U,0,0,0,1,0,),72,1,cWW,cW-W,5.52,2.59,0.72,1.39,3.94,4.61,5.62,3.35,BI,anti,A,4.63,4.75,2.81,3.75,3.10,3.78,4.07,4.26,0.05,5.83,0.67,5.63,0.38,39.35,0.25,C3'-endo
107,107,0.88,C,C,C,0,1,0,0,0,),71,1,cWW,cW-W,5.65,2.65,0.73,1.44,3.44,5.12,4.60,3.36,BI,anti,A,4.57,4.56,2.91,3.72,3.16,3.66,3.95,3.86,0.06,5.86,0.61,5.69,0.33,35.82,0.23,C3'-endo
108,108,0.89,A,A,A,1,0,0,0,0,),70,1,cWW,cW-W,4.90,3.10,1.14,1.39,3.73,4.96,5.05,3.42,BI,anti,A,4.54,4.70,2.96,3.73,3.15,3.75,3.64,4.15,0.04,5.82,0.68,5.60,0.40,40.60,0.27,C3'-endo
109,109,0.90,G,G,G,0,0,1,0,0,),69,1,cWW,cW-W,5.39,2.87,0.86,1.33,3.77,5.09,4.96,3.22,BI,anti,.,4.65,4.65,2.97,3.83,3.22,3.84,3.90,4.20,6.26,5.89,0.65,5.60,0.45,39.95,0.36,C3'-endo
110,110,0.91,G,G,G,0,0,1,0,0,),68,1,cWW,cW-W,5.06,2.93,1.30,1.30,3.65,5.01,4.92,3.31,BI,anti,A,4.37,4.41,3.02,3.62,3.30,3.74,3.92,4.30,6.08,6.02,0.59,5.56,0.58,41.05,0.60,C3'-endo
111,111,0.92,U,U,U,0,0,0,1,0,),67,1,cWW,cW-W,5.23,3.19,1.04,2.43,3.51,2.63,0.88,4.12,..,anti,.,2.31,2.24,3.06,2.07,3.57,1.82,4.24,2.10,5.81,0.62,5.75,0.27,0.12,35.20,2.62,C2'-endo
112,112,0.93,G,G,G,0,0,1,0,0,),9,1,cWW,cW-W,4.86,1.92,2.81,1.38,3.68,4.82,5.14,3.38,BI,anti,A,4.26,4.36,4.65,2.57,4.23,2.85,3.89,3.42,6.14,6.01,0.56,5.63,0.51,37.32,0.54,C3'-endo
113,113,0.93,C,C,C,0,1,0,0,0,),8,1,cWW,cW-W,4.87,2.87,1.19,1.35,3.97,5.04,5.21,3.55,BI,anti,.,4.20,4.71,2.82,3.98,2.96,4.01,3.59,4.78,0.06,5.80,0.70,5.60,0.39,41.27,0.24,C3'-endo
114,114,0.94,U,U,U,0,0,0,1,0,),7,1,cWW,cW-W,5.23,2.79,1.15,1.43,3.32,4.73,4.88,3.62,BI,anti,.,4.21,4.43,2.85,3.29,3.32,3.24,4.48,3.34,6.27,5.90,0.61,5.65,0.41,37.30,0.35,C3'-endo
115,115,0.95,G,G,G,0,0,1,0,0,),6,1,cWW,cW-W,5.15,3.29,0.89,1.41,3.70,4.90,5.08,3.29,BI,anti,A,4.58,4.60,3.09,3.66,3.02,3.74,3.16,4.30,6.27,5.90,0.62,5.64,0.41,37.51,0.34,C3'-endo
116,116,0.96,C,C,C,0,1,0,0,0,),5,1,cWW,cW-W,5.10,3.08,1.04,1.37,3.79,5.03,5.04,3.37,BI,anti,A,4.54,4.67,2.99,3.79,3.15,3.79,3.88,4.18,0.03,5.83,0.69,5.60,0.41,40.89,0.28,C3'-endo
117,117,0.97,A,A,A,1,0,0,0,0,),4,1,cWW,cW-W,4.94,2.86,1.21,1.38,4.00,4.74,5.55,3.29,BI,anti,A,4.61,4.73,2.86,3.70,3.11,3.71,3.81,4.05,0.06,5.81,0.68,5.62,0.38,40.10,0.24,C3'-endo
118,118,0.98,A,A,A,1,0,0,0,0,),3,1,cWW,cW-W,5.20,2.57,1.25,1.32,4.00,4.78,5.50,3.31,BI,anti,A,4.60,4.72,2.93,3.77,3.18,3.75,3.78,4.32,6.26,5.86,0.68,5.57,0.46,41.74,0.35,C3'-endo
119,119,0.98,U,U,U,0,0,0,1,0,),2,1,cWW,cW-W,5.38,2.63,1.13,1.34,3.74,5.03,5.00,3.38,BI,anti,A,4.49,4.63,2.99,3.75,3.28,3.70,4.18,3.88,0.02,5.83,0.69,5.59,0.42,41.16,0.30,C3'-endo
120,120,0.99,C,C,C,0,1,0,0,0,),1,1,cWW,cW-W,5.16,3.22,0.82,1.39,3.78,4.01,6.05,3.69,..,anti,.,3.92,4.53,2.95,3.44,3.09,3.34,3.47,3.55,6.22,5.94,0.59,5.64,0.45,37.15,0.42,C3'-endo
121,121,1.00,U,U,U,0,0,0,1,0,.,,0,,,1.75,4.56,4.78,2.65,,,,4.87,..,anti,-,,,,,,,,,6.04,0.53,5.69,0.47,6.14,34.28,3.06,C2'-endo
