index_chain,old_nt_resnum,nt_position,nt_name,nt_code,nt_align_code,is_A,is_C,is_G,is_U,is_other,dbn,paired,nb_interact,pair_type_LW,pair_type_DSSR,alpha,beta,gamma,delta,epsilon,zeta,epsilon_zeta,chi,bb_type,glyco_bond,form,ssZp,Dp,eta,theta,eta_prime,theta_prime,eta_base,theta_base,v0,v1,v2,v3,v4,amplitude,phase_angle,puckering
1,75,0.10,G,G,G,0,0,1,0,0,(,0,1,cWW,cW-W,,,0.90,1.43,3.77,4.98,5.07,3.22,BI,anti,A,4.88,4.83,,,,,,,0.19,5.70,0.71,5.66,0.27,40.72,0.05,C3'-endo
2,76,0.20,A,A,A,1,0,0,0,0,(,0,1,cWW,cW-W,5.35,3.10,0.67,1.40,3.70,5.08,4.91,3.44,BI,anti,A,4.61,4.72,2.99,3.81,3.19,3.83,3.87,4.14,0.11,5.76,0.71,5.62,0.34,41.05,0.17,C3'-endo
3,77,0.30,G,G,G,0,0,1,0,0,(,0,1,cWW,cW-W,5.15,2.82,1.04,1.29,3.79,4.94,5.13,3.31,BI,anti,A,4.75,4.76,2.87,3.66,3.14,3.65,3.74,4.17,6.22,5.86,0.72,5.51,0.53,44.87,0.40,C3'-endo
4,78,0.40,U,U,U,0,0,0,1,0,(,0,1,cWW,cW-W,5.22,2.89,0.95,1.30,3.45,5.12,4.62,3.40,BI,anti,.,4.68,4.72,2.90,3.56,3.13,3.57,3.95,3.69,0.09,5.77,0.72,5.59,0.38,42.22,0.21,C3'-endo
5,79,0.50,G,G,G,0,0,1,0,0,(,0,1,cWW,cW-W,5.04,2.96,1.06,1.39,3.78,4.87,5.20,3.29,BI,anti,A,4.62,4.68,3.01,3.69,3.22,3.71,3.56,4.44,0.02,5.83,0.71,5.57,0.43,42.54,0.30,C3'-endo
6,80,0.60,C,C,C,0,1,0,0,0,(,0,1,cWW,cW-W,5.31,3.00,0.81,1.49,3.80,4.88,5.21,3.47,BI,anti,A,4.40,4.67,3.01,3.71,3.22,3.73,4.20,4.14,0.20,5.74,0.67,5.72,0.24,38.28,0.03,C3'-endo
7,81,0.70,C,C,C,0,1,0,0,0,(,0,1,cWW,cW-W,5.26,3.08,0.76,1.53,3.75,5.04,4.99,3.51,BI,anti,A,4.31,4.54,2.93,3.83,3.12,3.86,3.74,4.44,0.08,5.83,0.64,5.68,0.34,37.65,0.20,C3'-endo
8,82,0.80,A,A,A,1,0,0,0,0,(,0,1,cWW,cW-W,5.09,2.95,0.98,1.45,3.72,4.92,5.08,3.46,BI,anti,A,4.47,4.75,2.87,3.69,3.17,3.64,4.02,3.97,0.06,5.82,0.67,5.63,0.38,39.43,0.25,C3'-endo
9,83,0.90,G,G,G,0,0,1,0,0,(,0,1,cWW,cW-W,5.04,2.95,1.00,1.36,3.56,5.01,4.83,3.48,BI,anti,A,4.56,4.70,2.83,3.62,3.04,3.65,3.67,4.11,0.12,5.74,0.74,5.59,0.37,43.09,0.17,C3'-endo
10,84,1.00,A,A,A,1,0,0,0,0,.,,0,,,5.16,2.99,0.87,1.39,,,,3.52,..,anti,-,,,,,,,,,0.20,5.64,0.81,5.57,0.31,46.62,0.07,C3'-endo
