index_chain,old_nt_resnum,nt_position,nt_name,nt_code,nt_align_code,is_A,is_C,is_G,is_U,is_other,dbn,paired,nb_interact,pair_type_LW,pair_type_DSSR,alpha,beta,gamma,delta,epsilon,zeta,epsilon_zeta,chi,bb_type,glyco_bond,form,ssZp,Dp,eta,theta,eta_prime,theta_prime,eta_base,theta_base,v0,v1,v2,v3,v4,amplitude,phase_angle,puckering
1,1,0.10,U,U,U,0,0,0,1,0,.,,0,,,,3.49,5.12,1.45,4.24,3.95,0.29,3.49,..,anti,.,3.90,4.29,,2.36,,2.78,,3.45,6.13,6.05,0.50,5.68,0.47,34.07,0.57,C3'-endo
2,2,0.20,C,C,C,0,1,0,0,0,],0,1,cWW,cW-W,5.36,1.89,1.46,1.54,3.41,4.94,4.75,3.60,BI,anti,A,4.15,4.37,2.94,3.80,3.41,3.33,3.92,3.27,0.03,5.90,0.56,5.73,0.33,33.16,0.27,C3'-endo
3,3,0.30,U,U,U,0,0,0,1,0,],0,1,cWW,cW-W,4.92,3.08,1.01,1.36,3.87,4.85,5.31,3.55,BI,anti,.,4.26,4.64,2.86,3.73,2.95,3.81,3.23,4.62,6.27,5.88,0.64,5.62,0.42,38.81,0.33,C3'-endo
4,4,0.40,C,C,C,0,1,0,0,0,],0,1,cWW,cW-W,5.28,2.69,1.08,1.48,3.60,5.01,4.87,3.52,BI,anti,A,4.35,4.57,2.87,3.81,3.24,3.71,4.33,4.11,0.09,5.84,0.61,5.71,0.31,35.57,0.18,C3'-endo
5,5,0.50,A,A,A,1,0,0,0,0,],0,1,cWW,cW-W,4.87,3.06,1.11,1.46,3.89,4.34,5.83,3.43,..,anti,A,4.41,4.64,2.90,3.69,3.10,3.77,3.80,4.17,0.05,5.86,0.61,5.69,0.34,36.06,0.24,C3'-endo
6,6,0.60,C,C,C,0,1,0,0,0,],0,1,cWW,cW-W,6.20,2.31,0.43,1.42,3.17,4.70,4.76,3.83,BI,anti,A,3.74,4.25,2.92,3.87,3.22,3.70,3.84,3.99,6.26,5.93,0.57,5.68,0.39,35.16,0.36,C3'-endo
7,7,0.70,U,U,U,0,0,0,1,0,],0,1,cWW,cW-W,2.79,3.86,2.84,1.41,4.22,4.72,5.78,3.36,..,anti,.,4.38,4.65,2.94,3.77,3.13,3.78,3.70,4.22,0.03,5.87,0.62,5.66,0.38,37.33,0.29,C3'-endo
8,8,0.80,G,G,G,0,0,1,0,0,],0,1,cWW,cW-W,5.66,2.74,0.62,1.27,3.90,4.53,5.66,3.41,BI,anti,A,4.50,4.76,2.83,3.48,3.10,3.61,3.83,4.03,0.02,5.82,0.72,5.55,0.45,43.10,0.30,C3'-endo
9,9,0.90,G,G,G,0,0,1,0,0,],0,1,cWW,cW-W,5.72,2.67,0.85,1.50,3.50,4.73,5.05,3.49,BI,anti,A,4.00,4.19,3.18,4.11,3.37,3.96,3.85,4.34,6.21,6.00,0.50,5.72,0.40,31.90,0.45,C3'-endo
10,10,1.00,A,A,A,1,0,0,0,0,],0,1,cWW,cW-W,2.97,3.87,2.54,1.41,,,,3.40,n/a,anti,-,,,,,,,,,6.17,6.00,0.55,5.65,0.47,35.86,0.51,C3'-endo
