index_chain,old_nt_resnum,nt_position,nt_name,nt_code,nt_align_code,is_A,is_C,is_G,is_U,is_other,dbn,paired,nb_interact,pair_type_LW,pair_type_DSSR,alpha,beta,gamma,delta,epsilon,zeta,epsilon_zeta,chi,bb_type,glyco_bond,form,ssZp,Dp,eta,theta,eta_prime,theta_prime,eta_base,theta_base,v0,v1,v2,v3,v4,amplitude,phase_angle,puckering
1,8,0.01,G,G,G,0,0,1,0,0,.,"62,63",2,"cWW,cWS","cW-W,cW-m",,3.77,2.87,1.40,4.15,4.00,0.14,3.07,..,anti,.,4.90,4.86,,3.64,,3.78,,4.07,0.18,5.72,0.72,5.66,0.28,41.12,0.07,C3'-endo
2,9,0.02,G,G,G,0,0,1,0,0,(,"60,61",2,"cWW,cWW","cW-W,cW-W",3.17,4.01,3.00,1.45,3.30,4.96,4.62,3.14,BI,anti,A,4.40,4.49,3.26,3.66,3.43,3.57,3.84,3.89,0.08,5.84,0.62,5.69,0.33,36.48,0.20,C3'-endo
3,10,0.03,U,U,U,0,0,0,1,0,.,,0,,,3.75,3.88,1.99,1.37,3.45,4.70,5.04,3.42,BI,anti,A,4.30,4.41,2.93,4.04,3.22,3.81,3.80,4.27,6.25,5.91,0.62,5.63,0.43,37.88,0.38,C3'-endo
4,11,0.04,U,U,U,0,0,0,1,0,(,59,1,cWW,cW-W,2.75,3.80,2.89,1.34,4.07,5.28,5.08,3.21,..,anti,.,4.57,4.68,2.78,4.06,3.06,4.16,3.92,4.75,0.05,5.83,0.67,5.62,0.39,39.92,0.26,C3'-endo
5,12,0.05,U,U,U,0,0,0,1,0,(,58,1,cWW,cW-W,4.93,3.56,1.05,2.50,3.48,4.12,5.65,4.26,BI,anti,.,2.66,2.33,2.85,3.77,3.51,3.45,4.36,3.96,5.86,0.64,5.69,0.36,0.03,36.66,2.76,C2'-endo
6,13,0.06,C,C,C,0,1,0,0,0,(,57,1,cWW,cW-W,5.51,3.01,0.26,1.41,3.31,4.72,4.88,3.89,BI,anti,.,3.53,4.26,2.82,3.62,2.83,3.54,3.55,3.77,6.21,5.96,0.57,5.66,0.44,35.87,0.44,C3'-endo
7,14,0.07,U,U,U,0,0,0,1,0,(,56,1,cWW,cW-W,2.65,3.60,2.93,1.48,3.81,4.95,5.15,3.47,BI,anti,A,4.33,4.59,2.75,3.52,2.96,3.51,3.38,3.97,0.08,5.85,0.60,5.71,0.31,35.10,0.20,C3'-endo
8,15,0.08,C,C,C,0,1,0,0,0,(,55,1,cWW,cW-W,5.24,2.88,0.94,1.39,3.71,4.92,5.07,3.54,BI,anti,A,4.33,4.60,2.90,3.67,3.17,3.69,3.88,4.12,0.01,5.88,0.62,5.64,0.40,37.66,0.32,C3'-endo
9,16,0.09,U,U,U,0,0,0,1,0,(,54,1,cWW,cW-W,5.17,2.97,0.99,1.42,3.87,4.88,5.27,3.49,BI,anti,A,4.38,4.66,2.99,3.81,3.18,3.84,3.80,4.41,0.01,5.88,0.62,5.65,0.39,37.52,0.30,C3'-endo
10,17,0.10,U,U,U,0,0,0,1,0,(,53,1,cWW,cW-W,5.31,2.80,0.95,1.37,3.78,4.66,5.40,3.39,BI,anti,A,4.55,4.67,2.92,3.57,3.20,3.58,4.05,3.89,0.03,5.85,0.65,5.63,0.39,38.84,0.28,C3'-endo
11,18,0.11,C,C,C,0,1,0,0,0,(,52,1,cWW,cW-W,5.55,2.74,0.84,1.39,3.68,4.89,5.07,3.46,BI,anti,.,4.41,4.59,3.02,4.20,3.19,4.00,3.69,4.16,0.01,5.87,0.64,5.64,0.40,38.36,0.31,C3'-endo
12,19,0.12,A,A,A,1,0,0,0,0,(,51,1,cWW,cW-W,1.93,3.70,3.92,1.48,4.61,5.48,5.42,3.11,..,anti,.,4.62,4.71,3.21,3.72,3.37,3.51,3.88,3.38,0.05,5.86,0.61,5.69,0.34,35.97,0.24,C3'-endo
13,20,0.13,G,G,G,0,0,1,0,0,.,50,1,tWW,tW+W,5.51,5.27,4.49,2.69,5.44,1.68,3.75,1.31,..,syn,.,-0.34,1.22,3.55,1.85,3.49,1.60,3.26,1.20,5.80,0.77,5.56,0.46,0.01,44.29,2.80,C2'-endo
14,21,0.14,A,A,A,1,0,0,0,0,.,52,1,tHS,tM-m,0.77,3.05,3.22,2.52,5.98,3.40,2.58,3.58,..,anti,.,-0.91,0.92,3.42,4.89,2.61,4.86,2.31,4.38,5.84,0.66,5.66,0.38,0.03,38.18,2.76,C2'-endo
15,22,0.15,U,U,U,0,0,0,1,0,.,,0,,,1.63,5.34,4.80,1.46,3.33,4.34,5.27,3.49,BI,anti,.,4.25,4.38,4.94,1.33,5.44,2.21,6.20,2.82,0.03,5.90,0.58,5.71,0.35,34.36,0.28,C3'-endo
16,23,0.16,C,C,C,0,1,0,0,0,.,,0,,,5.24,3.64,1.39,2.60,3.67,3.61,0.05,0.34,..,syn,.,-1.29,1.97,3.89,4.16,3.87,3.03,3.51,2.45,5.93,0.62,5.64,0.46,6.21,37.65,2.92,C2'-endo
17,24,0.18,G,G,G,0,0,1,0,0,(,49,1,cWW,cW-W,2.04,4.08,0.99,2.44,4.50,4.01,0.50,4.94,..,anti,.,0.30,1.16,0.94,3.94,1.06,4.02,0.94,4.81,5.88,0.61,5.71,0.35,0.03,35.39,2.76,C2'-endo
18,25,0.19,C,C,C,0,1,0,0,0,.,,0,,,4.59,3.43,2.59,2.46,4.62,1.10,3.52,3.43,..,anti,.,0.78,0.90,5.41,0.78,5.29,0.39,4.81,0.56,5.89,0.60,5.71,0.36,0.02,35.00,2.78,C2'-endo
19,26,0.20,A,A,A,1,0,0,0,0,.,,0,,,2.53,2.31,2.72,1.40,4.06,4.78,5.56,3.20,..,anti,.,4.75,4.79,2.30,3.21,2.40,3.45,2.68,4.26,0.10,5.78,0.69,5.64,0.35,40.22,0.18,C3'-endo
20,27,0.21,U,U,U,0,0,0,1,0,.,,0,,,5.61,2.66,0.98,1.43,3.56,3.96,5.88,3.50,..,anti,.,4.24,4.45,3.09,3.19,3.48,2.79,4.45,2.42,6.28,5.89,0.62,5.65,0.41,37.35,0.34,C3'-endo
21,28,0.22,A,A,A,1,0,0,0,0,(,47,1,cWW,cW-W,1.69,3.76,3.63,1.40,4.02,4.74,5.56,3.22,..,anti,A,4.64,4.72,2.82,3.10,2.56,3.28,2.29,3.92,0.05,5.83,0.66,5.63,0.38,39.20,0.25,C3'-endo
22,29,0.23,A,A,A,1,0,0,0,0,(,46,1,cWW,cW-W,5.37,2.69,0.94,1.40,3.57,5.01,4.85,3.36,BI,anti,A,4.60,4.63,2.86,3.69,3.17,3.66,3.99,3.99,0.08,5.81,0.66,5.65,0.35,38.95,0.21,C3'-endo
23,30,0.24,A,A,A,1,0,0,0,0,(,45,1,cWW,cW-W,5.08,2.95,1.21,1.42,3.71,4.89,5.10,3.26,BI,anti,A,4.44,4.52,3.08,3.66,3.32,3.67,3.91,3.96,0.00,5.89,0.60,5.66,0.39,36.49,0.32,C3'-endo
24,31,0.25,U,U,U,0,0,0,1,0,(,44,1,cWW,cW-W,5.05,3.17,0.92,1.46,3.68,4.97,4.99,3.43,BI,anti,A,4.46,4.58,2.94,3.76,3.09,3.78,3.57,4.21,0.04,5.86,0.62,5.67,0.36,36.69,0.26,C3'-endo
25,32,0.26,C,C,C,0,1,0,0,0,(,43,1,cWW,cW-W,5.15,2.88,1.09,1.40,3.89,4.47,5.71,3.34,..,anti,A,4.44,4.59,3.01,3.71,3.24,3.75,3.91,4.16,6.27,5.87,0.65,5.61,0.43,39.66,0.34,C3'-endo
26,33,0.27,U,U,U,0,0,0,1,0,(,42,1,cWW,cW-W,6.09,2.46,0.41,1.36,3.50,4.79,4.99,3.56,BI,anti,A,4.15,4.41,2.94,4.04,3.17,3.88,3.79,4.22,6.22,5.93,0.60,5.63,0.45,37.85,0.41,C3'-endo
27,34,0.28,U,U,U,0,0,0,1,0,(,41,1,cWW,cW-W,2.43,3.59,3.33,1.43,3.81,4.59,5.50,3.35,BI,anti,A,4.42,4.56,2.91,3.60,3.12,3.53,3.76,4.04,0.03,5.87,0.61,5.67,0.37,36.58,0.28,C3'-endo
28,35,0.29,U,U,U,0,0,0,1,0,(,40,1,cWW,cW-W,2.51,3.81,3.07,1.41,4.38,5.66,5.01,3.23,..,anti,.,4.59,4.72,2.80,4.09,3.07,3.84,3.82,4.11,0.06,5.83,0.65,5.66,0.35,38.06,0.23,C3'-endo
29,36,0.30,C,C,C,0,1,0,0,0,.,39,1,cWW,cW-W,4.22,1.55,2.88,1.46,4.24,4.93,5.59,3.06,..,anti,A,4.67,4.71,3.04,3.13,3.18,3.45,3.77,4.26,0.11,5.82,0.62,5.71,0.30,36.18,0.16,C3'-endo
30,37,0.31,G,G,G,0,0,1,0,0,(,38,1,cWW,cW-W,5.31,2.89,0.81,1.47,4.07,4.37,5.99,3.48,..,anti,A,4.17,4.56,2.84,4.08,3.20,3.89,4.14,4.10,0.00,5.90,0.59,5.68,0.38,35.63,0.32,C3'-endo
31,38,0.32,C,C,C,0,1,0,0,0,.,,0,,,1.83,4.02,3.59,1.42,3.94,5.80,4.43,3.36,..,anti,.,4.52,4.67,2.84,4.16,3.03,4.39,3.56,5.15,0.06,5.84,0.64,5.66,0.35,37.93,0.23,C3'-endo
32,39,0.33,C,C,C,0,1,0,0,0,.,,0,,,4.60,3.53,1.27,2.53,3.64,3.97,5.96,3.87,..,anti,.,2.15,2.06,2.79,4.24,3.79,3.35,4.89,2.47,5.90,0.61,5.68,0.39,6.27,36.02,2.83,C2'-endo
33,40,0.34,U,U,U,0,0,0,1,0,.,0,1,cWW,cW-W,1.84,2.83,0.78,1.49,3.77,5.07,4.98,3.05,BI,anti,.,4.60,4.69,5.68,4.00,6.01,3.99,0.18,4.00,0.17,5.76,0.66,5.70,0.26,38.09,0.07,C3'-endo
34,41,0.35,U,U,U,0,0,0,1,0,.,0,1,cWW,cW-W,5.08,3.34,0.90,1.38,3.74,5.01,5.01,3.40,BI,anti,A,4.38,4.53,3.01,3.73,3.18,3.79,3.46,4.33,6.24,5.92,0.61,5.63,0.44,37.92,0.38,C3'-endo
35,42,0.36,U,U,U,0,0,0,1,0,{,0,1,cWW,cW-W,5.17,3.00,0.88,1.37,3.35,4.70,4.93,3.54,BI,anti,A,4.28,4.42,2.82,3.81,3.09,3.71,3.85,4.20,6.20,5.95,0.60,5.63,0.46,37.75,0.44,C3'-endo
36,43,0.37,U,U,U,0,0,0,1,0,{,0,1,cWW,cW-W,2.67,3.80,3.02,1.48,4.27,5.27,5.28,3.13,..,anti,.,4.60,4.67,3.02,4.16,3.23,4.23,3.99,5.26,0.06,5.86,0.61,5.70,0.33,35.62,0.23,C3'-endo
37,44,0.38,A,A,A,1,0,0,0,0,.,0,1,cSW,cm-W,5.16,2.80,0.88,1.32,4.04,4.99,5.33,3.45,BI,anti,.,4.41,4.77,2.53,4.48,3.14,4.28,4.69,4.42,0.12,5.75,0.72,5.61,0.34,42.02,0.16,C3'-endo
38,45,0.39,C,C,C,0,1,0,0,0,),30,1,cWW,cW-W,1.77,3.55,4.42,1.39,3.80,5.12,4.96,3.21,BI,anti,A,4.66,4.68,3.18,3.06,3.39,3.38,3.97,4.13,0.05,5.84,0.65,5.65,0.37,38.29,0.26,C3'-endo
39,46,0.40,U,U,U,0,0,0,1,0,.,29,1,cWW,cW-W,5.12,3.13,1.07,1.47,4.26,4.54,6.00,3.35,..,anti,.,4.14,4.42,3.20,4.02,3.46,4.18,4.15,4.32,6.21,5.97,0.55,5.67,0.43,35.08,0.44,C3'-endo
40,47,0.41,A,A,A,1,0,0,0,0,),28,1,cWW,cW-W,5.91,2.60,0.43,2.55,4.04,3.88,0.17,4.27,..,anti,.,1.94,1.73,2.87,4.17,3.46,3.51,3.75,4.03,5.80,0.72,5.62,0.40,0.05,41.24,2.75,C2'-endo
41,48,0.42,A,A,A,1,0,0,0,0,),27,1,cWW,cW-W,1.04,3.85,3.67,1.37,3.70,4.92,5.06,3.40,BI,anti,A,4.45,4.60,2.41,2.99,2.45,3.16,3.27,3.61,6.28,5.87,0.65,5.62,0.42,39.24,0.33,C3'-endo
42,49,0.43,A,A,A,1,0,0,0,0,),26,1,cWW,cW-W,5.24,2.90,0.98,1.37,3.80,4.88,5.21,3.43,BI,anti,A,4.45,4.63,2.97,3.70,3.18,3.71,3.76,4.18,6.28,5.87,0.65,5.61,0.43,39.50,0.33,C3'-endo
43,50,0.44,G,G,G,0,0,1,0,0,),25,1,cWW,cW-W,5.16,2.85,1.05,1.38,3.70,5.06,4.92,3.46,BI,anti,A,4.45,4.64,2.90,3.79,3.13,3.77,3.84,4.25,0.01,5.85,0.67,5.61,0.42,40.00,0.31,C3'-endo
44,51,0.45,A,A,A,1,0,0,0,0,),24,1,cWW,cW-W,5.12,2.95,1.07,1.36,3.73,5.51,4.51,3.52,BI,anti,.,4.30,4.59,2.97,4.08,3.22,3.98,3.98,4.36,6.28,5.87,0.65,5.61,0.43,39.58,0.33,C3'-endo
45,52,0.46,U,U,U,0,0,0,1,0,),23,1,cWW,cW-W,4.09,2.47,2.40,1.35,3.82,4.75,5.36,3.36,BI,anti,.,4.36,4.53,3.05,3.68,3.35,3.53,4.06,3.89,6.21,5.93,0.63,5.59,0.48,39.57,0.43,C3'-endo
46,53,0.47,U,U,U,0,0,0,1,0,),22,1,cWW,cW-W,2.40,3.57,3.38,1.41,3.83,4.90,5.21,3.33,BI,anti,A,4.48,4.59,2.85,3.17,3.09,3.29,3.70,3.81,0.01,5.87,0.63,5.64,0.40,38.03,0.31,C3'-endo
47,54,0.48,U,U,U,0,0,0,1,0,),21,1,cWW,cW-W,5.22,2.86,0.98,1.37,3.60,5.13,4.76,3.40,BI,anti,A,4.46,4.57,2.87,3.79,3.14,3.79,3.84,4.44,6.28,5.86,0.66,5.60,0.43,40.14,0.32,C3'-endo
48,55,0.49,C,C,C,0,1,0,0,0,.,,0,,,4.90,3.01,1.21,1.41,3.67,4.97,4.98,3.34,BI,anti,A,4.43,4.54,2.92,3.71,3.22,3.68,4.18,3.91,0.01,5.87,0.65,5.62,0.41,39.10,0.32,C3'-endo
49,56,0.51,C,C,C,0,1,0,0,0,),17,1,cWW,cW-W,5.09,3.22,0.84,1.36,3.80,5.60,4.48,3.52,BI,anti,.,4.30,4.61,2.92,4.24,3.04,4.11,3.47,4.62,6.27,5.88,0.65,5.61,0.44,39.65,0.35,C3'-endo
50,57,0.52,G,G,G,0,0,1,0,0,.,13,1,tWW,tW+W,3.73,2.42,2.45,1.36,3.98,4.98,5.28,3.07,BI,anti,.,4.83,4.78,2.69,3.37,3.04,3.49,3.97,3.98,0.13,5.75,0.72,5.62,0.33,41.70,0.15,C3'-endo
51,58,0.53,U,U,U,0,0,0,1,0,),12,1,cWW,cW-W,5.30,3.07,1.07,1.35,3.64,4.88,5.04,3.25,BI,anti,.,4.60,4.64,3.15,3.51,3.41,3.58,4.08,3.96,0.06,5.80,0.70,5.60,0.39,41.12,0.25,C3'-endo
52,59,0.54,G,G,G,0,0,1,0,0,),"11,14",2,"cWW,tSH","cW-W,tm-M",5.25,3.07,0.95,1.42,3.69,4.93,5.04,3.27,BI,anti,A,4.67,4.69,3.09,3.68,3.25,3.70,3.77,3.95,0.11,5.78,0.68,5.65,0.33,39.36,0.17,C3'-endo
53,60,0.55,G,G,G,0,0,1,0,0,),10,1,cWW,cW-W,5.15,3.12,0.94,1.39,3.85,4.96,5.18,3.27,BI,anti,A,4.69,4.73,3.02,3.82,3.14,3.90,3.58,4.58,0.06,5.82,0.67,5.63,0.37,39.37,0.24,C3'-endo
54,61,0.56,A,A,A,1,0,0,0,0,),9,1,cWW,cW-W,5.31,2.83,0.99,1.38,3.77,4.96,5.09,3.28,BI,anti,A,4.60,4.66,2.96,3.77,3.28,3.77,4.26,4.28,0.04,5.85,0.65,5.64,0.38,38.48,0.27,C3'-endo
55,62,0.57,G,G,G,0,0,1,0,0,),8,1,cWW,cW-W,5.15,3.06,0.90,1.44,3.75,4.76,5.28,3.34,BI,anti,A,4.60,4.68,2.92,3.61,3.12,3.64,3.90,3.85,0.07,5.84,0.63,5.68,0.33,36.78,0.21,C3'-endo
56,63,0.58,A,A,A,1,0,0,0,0,),7,1,cWW,cW-W,5.41,2.88,0.79,1.39,3.65,4.91,5.02,3.42,BI,anti,A,4.52,4.63,2.95,3.62,3.12,3.62,3.52,3.99,0.04,5.84,0.65,5.64,0.38,38.56,0.26,C3'-endo
57,64,0.59,G,G,G,0,0,1,0,0,),6,1,cWW,cW-W,5.20,2.89,0.98,1.38,3.78,4.92,5.14,3.32,BI,anti,A,4.64,4.70,2.93,3.66,3.11,3.67,3.74,4.14,0.07,5.81,0.67,5.63,0.36,39.44,0.23,C3'-endo
58,65,0.60,G,G,G,0,0,1,0,0,),5,1,cWW,cW-W,4.87,2.75,1.44,1.47,3.74,4.69,5.34,3.20,BI,anti,A,4.64,4.65,2.95,3.93,3.22,3.82,3.98,4.32,0.09,5.83,0.62,5.70,0.31,35.87,0.18,C3'-endo
59,66,0.61,A,A,A,1,0,0,0,0,),4,1,cWW,cW-W,3.64,3.62,1.90,1.42,3.60,4.25,5.64,2.83,BI,anti,.,4.26,4.64,2.52,3.71,2.81,3.83,3.72,3.91,0.11,5.80,0.66,5.67,0.32,38.42,0.17,C3'-endo
60,67,0.62,A,A,A,1,0,0,0,0,.,2,1,cWW,cW-W,3.39,4.06,2.73,1.47,3.63,5.25,4.67,3.49,BI,anti,A,4.35,4.57,3.25,3.94,3.38,3.72,3.57,4.09,0.07,5.85,0.61,5.70,0.32,35.81,0.21,C3'-endo
61,68,0.63,C,C,C,0,1,0,0,0,),2,1,cWW,cW-W,4.83,2.98,1.30,1.34,3.57,4.91,4.94,3.58,BI,anti,.,4.24,4.50,2.89,4.00,3.24,3.73,4.01,3.84,6.20,5.94,0.61,5.61,0.48,38.80,0.45,C3'-endo
62,69,0.64,A,A,A,1,0,0,0,0,.,1,1,cWW,cW-W,2.61,3.25,3.18,1.41,3.88,5.16,5.01,3.26,BI,anti,.,4.58,4.64,2.74,4.03,2.91,4.06,3.29,5.12,0.01,5.88,0.62,5.65,0.39,37.33,0.31,C3'-endo
63,70,0.65,A,A,A,1,0,0,0,0,.,1,1,cSW,cm-W,2.32,3.55,3.28,1.70,4.87,3.41,1.46,3.40,BII,anti,.,4.07,4.71,3.02,3.21,3.46,3.51,4.90,3.05,0.37,5.67,0.61,5.88,0.02,36.23,5.99,C2'-exo
64,71,0.66,C,C,C,0,1,0,0,0,.,,0,,,0.51,2.20,5.60,2.59,4.69,1.47,3.22,4.51,..,anti,.,0.46,0.89,3.03,1.67,3.10,1.17,2.58,0.57,6.01,0.57,5.66,0.49,6.15,36.12,3.03,C2'-endo
65,72,0.67,U,U,U,0,0,0,1,0,.,,0,,,4.56,3.01,5.54,2.51,4.04,2.02,2.03,5.48,..,anti,.,0.08,1.66,1.65,1.97,1.66,1.91,1.40,1.70,5.93,0.60,5.67,0.42,6.24,36.05,2.89,C2'-endo
66,73,0.68,C,C,C,0,1,0,0,0,.,,0,,,2.64,4.28,5.17,2.65,3.99,2.74,1.24,3.63,BII,anti,.,1.50,1.55,0.34,0.84,6.21,0.50,0.22,0.76,6.09,0.53,5.65,0.54,6.07,36.34,3.16,C3'-exo
67,74,0.69,U,U,U,0,0,0,1,0,.,,0,,,5.03,5.22,3.83,1.65,4.87,6.11,5.04,2.97,..,anti,.,4.68,4.70,2.65,4.22,2.44,3.81,2.51,3.40,0.32,5.69,0.62,5.82,0.09,36.29,6.10,C2'-exo
68,75,0.70,G,G,G,0,0,1,0,0,.,,0,,,3.84,1.03,2.59,1.53,3.64,0.10,3.55,3.97,..,anti,.,3.34,4.58,2.02,4.09,2.45,4.05,2.37,4.46,0.16,5.79,0.62,5.73,0.25,35.71,0.08,C3'-endo
69,76,0.71,A,A,A,1,0,0,0,0,.,,0,,,3.00,2.39,2.69,1.35,2.87,0.32,2.55,2.97,..,anti,.,3.81,4.12,2.68,3.84,3.17,3.89,4.07,4.23,6.19,5.93,0.64,5.58,0.51,40.64,0.46,C3'-endo
70,77,0.72,G,G,G,0,0,1,0,0,.,,0,,,2.76,2.51,3.51,1.45,3.68,5.88,4.08,3.66,..,anti,.,4.14,4.63,3.51,4.16,3.88,3.55,4.62,2.55,0.07,5.82,0.66,5.64,0.36,39.01,0.22,C3'-endo
71,78,0.73,U,U,U,0,0,0,1,0,.,,0,,,2.06,2.36,1.38,1.41,0.64,2.98,3.94,4.34,..,anti,.,0.70,3.40,0.60,4.37,1.23,3.64,0.83,3.85,0.19,5.70,0.73,5.65,0.28,41.81,0.06,C3'-endo
72,79,0.74,C,C,C,0,1,0,0,0,.,,0,,,4.96,3.60,4.65,2.00,3.42,3.81,5.89,2.87,..,anti,.,4.13,4.41,1.59,2.12,2.35,4.02,2.62,4.14,0.61,5.63,0.46,6.17,5.97,37.66,5.48,C1'-endo
73,80,0.75,U,U,U,0,0,0,1,0,.,,0,,,2.51,1.67,0.38,2.19,1.33,1.26,0.07,5.36,..,anti,.,1.28,1.30,4.61,5.54,3.88,3.97,3.35,3.56,5.93,0.58,5.70,0.40,6.25,34.54,2.87,C2'-endo
74,81,0.76,U,U,U,0,0,0,1,0,.,,0,,,3.25,4.44,5.16,2.57,3.23,3.84,5.67,5.37,..,anti,.,1.04,2.09,1.52,2.57,1.87,2.71,2.16,3.18,5.98,0.58,5.66,0.46,6.18,36.20,2.97,C2'-endo
75,82,0.77,A,A,A,1,0,0,0,0,.,,0,,,1.31,3.32,5.63,2.34,4.67,3.38,1.28,5.11,BII,anti,.,-0.12,1.32,4.57,2.36,4.39,2.58,4.48,2.58,5.89,0.58,5.75,0.33,0.04,33.11,2.75,C2'-endo
76,83,0.78,A,A,A,1,0,0,0,0,.,,0,,,3.04,2.35,1.62,1.68,4.45,5.78,4.95,4.85,..,anti,.,-1.39,4.78,2.56,5.73,2.36,4.89,2.61,3.52,0.37,5.67,0.60,5.88,0.03,36.01,5.99,C2'-exo
77,84,0.79,C,C,C,0,1,0,0,0,.,,0,,,1.85,2.20,2.72,2.67,3.71,4.23,5.76,5.10,BI,anti,.,0.79,1.72,1.39,2.25,1.99,2.04,1.40,2.87,6.13,0.50,5.65,0.56,6.03,36.44,3.22,C3'-exo
78,85,0.80,C,C,C,0,1,0,0,0,.,,0,,,3.99,1.58,5.19,2.78,4.46,3.91,0.55,5.46,..,anti,.,-1.48,1.90,5.97,4.51,5.89,4.42,5.33,5.10,0.19,0.23,5.75,0.65,5.75,37.06,3.75,C3'-exo
79,86,0.81,C,C,C,0,1,0,0,0,.,,0,,,1.64,3.41,4.36,2.73,4.06,2.74,1.32,3.14,BII,anti,.,1.40,1.56,3.73,2.09,3.99,2.62,4.00,3.22,6.25,0.41,5.68,0.61,5.92,36.26,3.42,C3'-exo
80,87,0.82,A,A,A,1,0,0,0,0,.,,0,,,2.71,3.71,3.12,1.62,4.31,3.42,0.89,2.65,BII,anti,.,4.48,4.80,3.96,2.60,3.50,2.99,3.45,3.40,0.31,5.69,0.63,5.81,0.11,36.65,6.12,C2'-exo
81,88,0.84,A,A,A,1,0,0,0,0,.,,0,,,2.25,3.41,4.86,2.84,3.86,3.12,0.74,4.83,..,anti,.,0.74,1.41,5.04,2.46,4.57,2.70,3.60,3.15,6.27,0.42,5.64,0.66,5.88,38.87,3.45,C3'-exo
82,89,0.85,U,U,U,0,0,0,1,0,.,,0,,,0.15,3.15,0.14,2.56,3.82,5.29,4.82,4.21,BI,anti,.,1.78,1.78,4.13,5.63,4.00,4.88,4.09,4.88,5.93,0.62,5.65,0.45,6.22,37.27,2.91,C2'-endo
83,90,0.86,U,U,U,0,0,0,1,0,.,,0,,,1.60,2.31,3.30,1.62,4.21,2.80,1.42,4.91,BII,anti,.,-1.40,4.78,1.35,1.00,2.02,1.49,2.61,1.85,0.30,5.70,0.63,5.81,0.12,36.41,6.14,C2'-exo
84,91,0.87,U,U,U,0,0,0,1,0,.,,0,,,4.88,2.20,1.49,2.55,3.73,5.52,4.49,4.15,BI,anti,.,1.85,1.85,3.16,0.12,3.85,4.85,3.81,4.12,5.93,0.62,5.65,0.44,6.22,37.16,2.90,C2'-endo
85,92,0.88,U,U,U,0,0,0,1,0,.,,0,,,3.41,4.91,5.59,2.34,3.55,2.92,0.62,5.21,..,anti,.,-1.60,3.85,0.86,1.40,1.72,1.76,2.18,2.03,0.60,5.88,0.09,0.25,5.75,33.66,4.86,O4'-exo
86,93,0.89,U,U,U,0,0,0,1,0,.,,0,,,5.20,2.51,0.91,2.51,4.26,2.03,2.23,4.13,..,anti,.,1.37,1.37,3.20,2.39,3.40,1.86,3.67,2.08,5.85,0.66,5.66,0.39,0.02,38.01,2.78,C2'-endo
87,94,0.90,U,U,U,0,0,0,1,0,.,,0,,,0.06,3.22,5.37,1.54,3.13,4.66,4.74,4.05,BI,anti,.,3.28,4.30,3.37,3.17,3.07,2.96,3.05,3.33,0.13,5.80,0.63,5.71,0.28,36.45,0.12,C3'-endo
88,95,0.91,G,G,G,0,0,1,0,0,.,,0,,,2.94,4.05,5.15,2.88,4.71,1.32,3.39,4.81,..,anti,.,-0.46,1.11,0.01,1.56,6.22,1.50,5.60,2.54,0.07,0.36,5.65,0.69,5.81,39.56,3.56,C3'-exo
89,96,0.92,A,A,A,1,0,0,0,0,.,,0,,,1.90,3.85,2.73,1.66,3.72,5.12,4.88,3.43,BI,anti,A,4.54,4.67,2.80,3.98,2.93,3.77,4.05,4.19,0.35,5.67,0.62,5.84,0.06,36.85,6.04,C2'-exo
90,97,0.93,G,G,G,0,0,1,0,0,.,,0,,,5.47,3.00,0.54,1.47,3.68,4.93,5.03,3.45,BI,anti,A,4.46,4.61,2.85,3.69,3.20,3.75,4.10,4.20,0.07,5.82,0.65,5.65,0.35,38.25,0.22,C3'-endo
91,98,0.94,G,G,G,0,0,1,0,0,.,,0,,,5.31,2.95,0.82,1.45,3.80,4.63,5.45,3.46,BI,anti,.,4.39,4.60,2.98,3.60,3.20,3.68,3.83,4.20,0.00,5.88,0.63,5.63,0.41,38.17,0.32,C3'-endo
92,99,0.95,C,C,C,0,1,0,0,0,.,,0,,,5.55,2.67,0.89,1.47,3.78,4.54,5.52,3.53,BI,anti,A,4.33,4.63,3.09,3.63,3.33,3.63,4.00,3.92,0.06,5.83,0.65,5.65,0.36,38.15,0.23,C3'-endo
93,100,0.96,C,C,C,0,1,0,0,0,.,,0,,,5.75,2.63,0.65,1.48,3.42,4.87,4.83,3.60,BI,anti,.,4.19,4.43,3.01,3.55,3.24,3.51,3.75,3.66,0.02,5.87,0.62,5.65,0.38,37.27,0.29,C3'-endo
94,101,0.97,U,U,U,0,0,0,1,0,.,,0,,,5.12,3.03,0.99,1.47,3.53,5.08,4.74,3.52,BI,anti,A,4.38,4.53,2.99,3.78,3.15,3.78,3.51,4.18,0.04,5.87,0.61,5.68,0.35,36.12,0.25,C3'-endo
95,102,0.98,U,U,U,0,0,0,1,0,.,,0,,,5.12,3.14,0.99,1.46,3.66,5.12,4.83,3.57,BI,anti,A,4.26,4.53,3.04,3.89,3.28,3.93,3.92,4.48,0.02,5.89,0.60,5.68,0.37,36.03,0.29,C3'-endo
96,103,0.99,G,G,G,0,0,1,0,0,.,,0,,,4.87,3.34,0.99,1.47,3.46,4.94,4.80,4.01,BI,anti,.,3.32,4.41,2.89,3.48,3.17,3.70,3.90,3.78,0.03,5.90,0.57,5.72,0.34,33.66,0.27,C3'-endo
97,104,1.00,C,C,C,0,1,0,0,0,.,,0,,,5.10,3.71,1.18,2.72,,,,4.69,n/a,anti,-,,,,,,,,,5.87,0.62,5.72,0.34,0.05,35.15,2.74,C2'-endo
