index_chain,old_nt_resnum,nt_position,nt_name,nt_code,nt_align_code,is_A,is_C,is_G,is_U,is_other,dbn,paired,nb_interact,pair_type_LW,pair_type_DSSR,alpha,beta,gamma,delta,epsilon,zeta,epsilon_zeta,chi,bb_type,glyco_bond,form,ssZp,Dp,eta,theta,eta_prime,theta_prime,eta_base,theta_base,v0,v1,v2,v3,v4,amplitude,phase_angle,puckering
1,1,0.03,A,A,A,1,0,0,0,0,.,,0,,,,1.71,4.37,2.62,4.70,2.30,2.39,0.87,BII,syn,.,-0.66,0.62,,1.39,,1.63,,1.54,5.91,0.63,5.64,0.44,6.23,37.81,2.89,C2'-endo
2,2,0.06,C,C,C,0,1,0,0,0,.,,0,,,2.55,1.81,3.21,2.53,4.63,4.44,0.19,3.56,..,anti,.,0.58,0.79,3.96,4.43,3.26,4.33,3.51,4.42,5.84,0.66,5.67,0.38,0.03,37.91,2.76,C2'-endo
3,3,0.09,G,G,G,0,0,1,0,0,.,,0,,,2.64,4.32,4.66,2.75,4.28,2.14,2.15,4.41,..,anti,.,0.69,0.88,5.22,1.03,5.78,1.21,5.88,1.78,5.99,0.62,5.59,0.54,6.12,39.80,3.05,C2'-endo
4,4,0.12,G,G,G,0,0,1,0,0,.,,0,,,4.76,2.37,0.96,1.34,3.55,5.04,4.79,3.26,BI,anti,A,4.53,4.57,2.83,3.76,2.87,3.73,3.35,4.11,6.26,5.87,0.66,5.60,0.45,40.19,0.35,C3'-endo
5,5,0.15,A,A,A,1,0,0,0,0,.,,0,,,4.82,3.52,0.87,1.46,3.88,4.67,5.49,3.61,BI,anti,A,4.14,4.67,2.97,3.69,3.04,3.79,3.60,4.22,0.10,5.81,0.65,5.68,0.32,37.66,0.18,C3'-endo
6,6,0.18,A,A,A,1,0,0,0,0,.,,0,,,5.55,2.76,0.71,1.41,3.94,5.05,5.16,3.74,BI,anti,.,3.78,4.71,2.98,4.01,3.15,4.11,3.69,3.99,0.06,5.83,0.66,5.64,0.37,38.92,0.24,C3'-endo
7,7,0.21,A,A,A,1,0,0,0,0,.,,0,,,5.21,3.28,0.92,2.40,4.39,4.49,6.18,4.40,..,anti,.,1.56,1.44,3.33,5.22,3.70,4.30,3.63,2.65,5.78,0.65,5.74,0.27,0.14,36.69,2.60,C2'-endo
8,8,0.24,C,C,C,0,1,0,0,0,.,,0,,,1.32,2.72,1.15,2.46,4.67,4.70,6.25,0.73,..,syn,.,-1.09,1.02,5.35,4.70,0.20,4.26,1.66,4.54,5.81,0.66,5.69,0.33,0.08,37.60,2.69,C2'-endo
9,9,0.26,G,G,G,0,0,1,0,0,(,0,1,cWW,cW-W,4.79,1.95,3.59,2.52,3.73,3.02,0.72,4.86,..,anti,.,2.83,2.43,5.22,1.37,5.45,1.70,5.02,2.55,5.70,0.80,5.61,0.36,0.13,44.37,2.63,C2'-endo
10,10,0.29,C,C,C,0,1,0,0,0,(,0,1,cWW,cW-W,4.94,2.43,0.99,1.38,3.61,4.96,4.94,3.28,BI,anti,A,4.53,4.56,2.88,3.75,2.80,3.69,3.59,3.90,0.01,5.85,0.67,5.60,0.42,40.35,0.31,C3'-endo
11,11,0.32,U,U,U,0,0,0,1,0,(,0,1,cWW,cW-W,5.14,3.29,0.87,1.43,3.73,5.04,4.98,3.43,BI,anti,A,4.40,4.55,3.07,3.84,3.18,3.90,3.58,4.33,6.24,5.93,0.60,5.65,0.43,37.01,0.39,C3'-endo
12,12,0.35,U,U,U,0,0,0,1,0,(,0,1,cWW,cW-W,5.16,3.03,0.86,1.38,3.91,4.85,5.35,3.49,BI,anti,A,4.18,4.54,2.90,3.80,3.13,3.96,3.77,4.34,6.22,5.93,0.62,5.61,0.46,38.81,0.42,C3'-endo
13,13,0.38,U,U,U,0,0,0,1,0,(,0,1,cWW,cW-W,5.48,2.82,0.97,2.23,4.54,5.05,5.77,3.98,..,anti,.,2.03,1.68,3.42,5.14,3.79,4.50,4.21,3.07,5.74,0.63,5.82,0.16,0.24,35.48,2.42,C1'-exo
14,14,0.41,C,C,C,0,1,0,0,0,.,,0,,,5.31,3.23,2.90,2.63,4.02,4.30,6.00,0.21,..,syn,.,-1.65,1.76,5.38,4.57,6.25,4.25,1.26,4.56,6.09,0.48,5.70,0.48,6.09,33.14,3.14,C3'-exo
15,15,0.44,U,U,U,0,0,0,1,0,(,0,1,cWW,cW-W,2.39,4.53,4.58,2.50,3.57,3.08,0.49,4.81,..,anti,.,2.37,2.26,5.24,1.40,5.48,1.79,5.06,2.58,5.72,0.76,5.63,0.35,0.13,42.79,2.63,C2'-endo
16,16,0.47,A,A,A,1,0,0,0,0,(,0,1,cWW,cW-W,5.45,2.31,0.75,1.34,3.59,4.90,4.97,3.39,BI,anti,A,4.43,4.53,3.00,3.66,2.90,3.61,3.60,3.94,6.23,5.91,0.63,5.60,0.47,39.55,0.40,C3'-endo
17,17,0.50,G,G,G,0,0,1,0,0,(,0,1,cWW,cW-W,5.17,3.12,0.81,1.44,4.04,4.70,5.62,3.49,..,anti,A,4.30,4.70,3.03,3.79,3.11,3.86,3.62,4.19,0.04,5.87,0.62,5.67,0.36,36.81,0.27,C3'-endo
18,18,0.53,C,C,C,0,1,0,0,0,(,0,1,cWW,cW-W,5.52,2.70,0.79,1.32,3.88,4.97,5.19,3.61,BI,anti,A,4.06,4.59,2.93,3.81,3.14,3.94,3.64,4.24,6.19,5.94,0.63,5.58,0.50,40.07,0.45,C3'-endo
19,19,0.56,U,U,U,0,0,0,1,0,(,0,1,cWW,cW-W,5.29,3.03,1.02,2.39,4.24,5.22,5.30,4.15,..,anti,.,2.20,1.82,3.28,5.22,3.71,4.47,4.07,3.77,5.77,0.67,5.73,0.27,0.15,37.26,2.59,C2'-endo
20,20,0.59,C,C,C,0,1,0,0,0,.,,0,,,4.93,3.48,2.98,2.70,4.50,5.09,5.70,3.85,..,anti,.,0.98,1.00,5.61,4.47,0.08,4.24,0.73,4.61,6.02,0.57,5.64,0.51,6.13,36.84,3.06,C2'-endo
21,21,0.62,G,G,G,0,0,1,0,0,(,0,1,cWW,cW-W,4.62,2.18,3.67,2.37,3.71,3.16,0.55,4.85,..,anti,.,2.73,2.47,5.06,1.49,5.41,1.80,5.46,2.68,5.63,0.78,5.69,0.24,0.25,43.37,2.48,C1'-exo
22,22,0.65,C,C,C,0,1,0,0,0,(,0,1,cWW,cW-W,5.04,2.33,0.95,1.36,3.72,4.25,5.75,3.41,BI,anti,A,4.50,4.62,2.82,3.63,2.76,3.56,3.63,3.63,0.01,5.84,0.68,5.59,0.43,40.98,0.31,C3'-endo
23,23,0.68,U,U,U,0,0,0,1,0,(,0,1,cWW,cW-W,0.15,2.32,0.27,1.28,4.12,4.37,6.04,3.47,..,anti,A,4.34,4.74,3.10,3.55,3.12,3.71,3.35,4.14,6.23,5.89,0.67,5.57,0.49,41.54,0.40,C3'-endo
24,24,0.71,A,A,A,1,0,0,0,0,(,0,1,cWW,cW-W,5.53,2.63,0.80,1.48,3.97,4.98,5.28,3.60,BI,anti,A,4.07,4.57,3.03,4.07,3.13,4.14,3.59,4.40,6.27,5.92,0.58,5.68,0.39,35.32,0.35,C3'-endo
25,25,0.74,U,U,U,0,0,0,1,0,(,0,1,cWW,cW-W,5.29,2.91,1.01,2.32,4.46,5.01,5.74,4.10,..,anti,.,2.05,1.67,3.30,5.18,3.74,4.57,4.16,3.36,5.75,0.65,5.78,0.21,0.20,36.22,2.50,C1'-exo
26,26,0.76,A,A,A,1,0,0,0,0,.,,0,,,4.52,3.28,3.35,2.64,4.61,5.17,5.72,0.78,..,syn,.,-0.42,0.81,5.54,4.41,6.03,4.39,0.98,4.68,5.86,0.69,5.61,0.45,6.26,40.67,2.84,C2'-endo
27,27,0.79,A,A,A,1,0,0,0,0,(,0,1,cWW,cW-W,4.82,2.32,3.54,2.43,3.74,3.04,0.70,4.50,..,anti,.,2.22,2.11,5.13,1.55,5.62,1.77,5.24,2.39,5.72,0.72,5.69,0.28,0.17,40.42,2.57,C2'-endo
28,28,0.82,U,U,U,0,0,0,1,0,(,0,1,cWW,cW-W,5.20,2.20,0.92,1.27,3.60,4.89,4.99,3.35,BI,anti,A,4.61,4.62,2.87,3.63,2.81,3.55,3.40,3.91,6.22,5.88,0.69,5.54,0.50,42.84,0.40,C3'-endo
29,29,0.85,U,U,U,0,0,0,1,0,(,0,1,cWW,cW-W,5.27,2.92,1.08,1.38,4.09,4.56,5.81,3.25,..,anti,A,4.58,4.70,3.19,3.73,3.32,3.78,3.89,4.22,0.04,5.83,0.67,5.62,0.39,39.69,0.26,C3'-endo
30,30,0.88,A,A,A,1,0,0,0,0,(,0,1,cWW,cW-W,5.65,2.62,0.67,1.41,4.27,4.54,6.01,3.43,..,anti,A,4.27,4.66,3.04,3.88,3.21,4.08,3.80,4.39,6.27,5.90,0.61,5.65,0.41,37.12,0.34,C3'-endo
31,31,0.91,C,C,C,0,1,0,0,0,(,0,1,cWW,cW-W,5.50,2.57,1.16,2.57,4.17,2.78,1.39,4.10,BII,anti,.,1.73,1.59,3.20,3.13,3.85,2.78,4.19,3.50,5.79,0.72,5.63,0.39,0.06,40.98,2.73,C2'-endo
32,32,0.94,C,C,C,0,1,0,0,0,(,0,1,cWW,cW-W,5.59,1.98,1.07,1.33,3.64,4.74,5.19,3.30,BI,anti,.,4.50,4.54,3.40,3.62,3.57,3.47,4.35,3.55,6.23,5.91,0.63,5.60,0.46,39.33,0.39,C3'-endo
33,33,0.97,C,C,C,0,1,0,0,0,(,0,1,cWW,cW-W,5.40,2.99,0.84,1.42,3.75,4.95,5.08,3.39,BI,anti,A,4.44,4.57,3.11,3.74,3.19,3.76,3.49,4.15,0.01,5.89,0.61,5.66,0.39,36.80,0.31,C3'-endo
34,34,1.00,A,A,A,1,0,0,0,0,(,0,1,cWW,cW-W,5.18,3.04,0.83,1.39,,,,3.41,..,anti,-,,,,,,,,,0.05,5.84,0.65,5.64,0.37,38.40,0.26,C3'-endo
