index_chain,old_nt_resnum,nt_position,nt_name,nt_code,nt_align_code,is_A,is_C,is_G,is_U,is_other,dbn,paired,nb_interact,pair_type_LW,pair_type_DSSR,alpha,beta,gamma,delta,epsilon,zeta,epsilon_zeta,chi,bb_type,glyco_bond,form,ssZp,Dp,eta,theta,eta_prime,theta_prime,eta_base,theta_base,v0,v1,v2,v3,v4,amplitude,phase_angle,puckering
1,1,0.03,A,A,A,1,0,0,0,0,.,,0,,,,1.30,4.40,2.60,4.31,2.83,1.48,0.55,BII,syn,.,-0.92,1.21,,1.22,,1.61,,1.65,5.85,0.68,5.63,0.42,0.00,39.61,2.81,C2'-endo
2,2,0.06,C,C,C,0,1,0,0,0,.,,0,,,3.03,1.65,3.12,2.51,4.82,4.31,0.51,3.73,..,anti,.,0.61,0.73,4.35,4.48,3.53,4.42,3.61,4.61,5.91,0.59,5.71,0.38,6.27,34.82,2.83,C2'-endo
3,3,0.09,G,G,G,0,0,1,0,0,.,4,1,cSH,cm+M,2.56,4.62,4.72,2.71,3.91,2.47,1.44,4.39,..,anti,.,1.19,1.36,5.29,0.95,5.79,1.22,5.74,1.78,5.91,0.68,5.57,0.51,6.19,41.43,2.94,C2'-endo
4,4,0.12,G,G,G,0,0,1,0,0,.,3,1,cHS,cM+m,4.81,2.21,1.19,1.38,3.64,5.08,4.84,3.11,BI,anti,A,4.40,4.51,2.90,3.88,2.94,3.80,3.31,4.19,6.25,5.90,0.63,5.62,0.44,38.73,0.37,C3'-endo
5,5,0.15,A,A,A,1,0,0,0,0,.,,0,,,4.98,3.56,0.71,1.51,3.79,4.78,5.29,3.76,BI,anti,A,3.82,4.62,2.98,3.69,3.10,3.76,3.72,3.84,0.09,5.85,0.60,5.72,0.30,34.83,0.19,C3'-endo
6,6,0.18,A,A,A,1,0,0,0,0,.,,0,,,5.38,2.79,0.85,1.38,3.84,5.23,4.89,3.77,BI,anti,.,3.71,4.59,2.95,4.05,3.12,4.18,3.32,4.56,6.24,5.92,0.62,5.62,0.45,38.47,0.39,C3'-endo
7,7,0.21,A,A,A,1,0,0,0,0,.,,0,,,5.02,3.49,0.93,2.38,4.65,4.46,0.19,4.52,..,anti,.,0.66,1.29,3.40,4.90,3.79,4.26,4.19,2.95,5.87,0.57,5.78,0.27,0.09,32.29,2.67,C2'-endo
8,8,0.24,C,C,C,0,1,0,0,0,.,,0,,,5.99,2.87,2.61,2.60,4.07,4.51,5.83,0.60,..,syn,.,-1.67,1.65,5.71,4.59,0.15,4.25,1.33,4.43,5.94,0.60,5.67,0.44,6.22,36.23,2.91,C2'-endo
9,9,0.26,G,G,G,0,0,1,0,0,(,0,1,cWW,cW-W,2.39,4.10,4.76,2.54,4.07,2.84,1.23,4.97,BII,anti,.,2.64,2.28,5.05,1.41,5.43,1.69,5.00,2.59,5.66,0.85,5.57,0.38,0.15,47.08,2.63,C2'-endo
10,10,0.29,C,C,C,0,1,0,0,0,(,0,1,cWW,cW-W,4.64,2.46,1.00,1.39,3.55,4.95,4.88,3.31,BI,anti,.,4.57,4.59,2.79,3.68,2.72,3.59,3.63,3.72,0.04,5.82,0.68,5.62,0.39,40.24,0.26,C3'-endo
11,11,0.32,U,U,U,0,0,0,1,0,(,0,1,cWW,cW-W,5.16,3.22,0.95,1.40,3.77,5.14,4.92,3.32,BI,anti,A,4.50,4.58,3.11,3.91,3.19,3.97,3.52,4.46,6.28,5.88,0.63,5.63,0.41,38.23,0.33,C3'-endo
12,12,0.35,U,U,U,0,0,0,1,0,(,0,1,cWW,cW-W,5.03,3.23,0.86,1.41,3.81,4.98,5.11,3.52,BI,anti,A,4.18,4.51,2.87,3.80,3.13,3.96,3.82,4.32,6.21,5.95,0.59,5.64,0.45,37.03,0.43,C3'-endo
13,13,0.38,U,U,U,0,0,0,1,0,(,0,1,cWW,cW-W,5.30,2.90,1.12,2.32,4.47,5.20,5.54,3.94,..,anti,.,1.79,1.53,3.42,5.26,3.83,4.58,4.24,3.09,5.75,0.66,5.76,0.23,0.19,37.14,2.52,C2'-endo
14,14,0.41,C,C,C,0,1,0,0,0,.,,0,,,5.25,3.31,2.83,2.64,3.95,4.26,5.97,0.74,..,syn,.,-1.64,1.64,5.19,4.65,6.20,4.27,1.29,4.46,5.97,0.60,5.64,0.48,6.18,37.26,2.97,C2'-endo
15,15,0.44,U,U,U,0,0,0,1,0,(,0,1,cWW,cW-W,2.44,4.56,4.52,2.41,3.65,3.11,0.54,4.67,..,anti,.,2.27,2.15,5.28,1.31,5.47,1.74,5.07,2.52,5.69,0.76,5.67,0.29,0.19,42.19,2.56,C2'-endo
16,16,0.47,A,A,A,1,0,0,0,0,(,0,1,cWW,cW-W,5.31,2.40,0.73,1.37,3.63,4.88,5.02,3.34,BI,anti,A,4.48,4.51,2.95,3.69,2.83,3.65,3.51,4.06,6.19,5.95,0.61,5.61,0.48,38.66,0.46,C3'-endo
17,17,0.50,G,G,G,0,0,1,0,0,(,0,1,cWW,cW-W,5.23,3.13,0.75,1.41,4.07,4.37,5.98,3.43,..,anti,A,4.38,4.68,3.00,3.66,3.08,3.77,3.67,4.11,0.02,5.86,0.64,5.64,0.40,38.40,0.30,C3'-endo
18,18,0.53,C,C,C,0,1,0,0,0,(,0,1,cWW,cW-W,5.94,2.49,0.52,1.37,3.70,5.06,4.93,3.55,BI,anti,A,4.17,4.50,2.98,3.83,3.16,3.95,3.60,4.20,6.20,5.94,0.61,5.61,0.48,38.74,0.45,C3'-endo
19,19,0.56,U,U,U,0,0,0,1,0,(,0,1,cWW,cW-W,5.12,3.11,1.12,2.43,4.23,5.37,5.15,4.09,..,anti,.,2.11,1.75,3.29,5.34,3.74,4.56,4.06,3.75,5.78,0.68,5.70,0.30,0.13,38.40,2.63,C2'-endo
20,20,0.59,C,C,C,0,1,0,0,0,.,,0,,,4.99,3.57,2.85,2.63,4.48,5.02,5.74,3.60,..,anti,.,1.10,1.10,5.44,4.55,0.05,4.26,0.82,4.55,5.95,0.60,5.66,0.45,6.21,36.60,2.93,C2'-endo
21,21,0.62,G,G,G,0,0,1,0,0,(,0,1,cWW,cW-W,4.73,2.21,3.60,2.33,3.55,3.11,0.44,4.74,..,anti,.,3.02,2.66,5.12,1.47,5.45,1.83,5.52,2.60,5.64,0.77,5.70,0.23,0.25,42.90,2.47,C1'-exo
22,22,0.65,C,C,C,0,1,0,0,0,(,0,1,cWW,cW-W,5.42,2.26,0.81,1.35,3.60,4.85,5.03,3.60,BI,anti,A,4.22,4.54,2.96,3.67,2.89,3.57,3.57,3.72,6.23,5.91,0.63,5.60,0.46,39.35,0.40,C3'-endo
23,23,0.68,U,U,U,0,0,0,1,0,(,0,1,cWW,cW-W,5.24,3.22,0.67,1.36,4.06,4.45,5.89,3.51,..,anti,A,4.32,4.75,2.97,3.50,2.97,3.66,3.28,4.09,0.04,5.83,0.68,5.61,0.40,40.34,0.27,C3'-endo
24,24,0.71,A,A,A,1,0,0,0,0,(,0,1,cWW,cW-W,5.56,2.55,0.86,1.44,4.18,4.79,5.67,3.50,..,anti,A,4.28,4.72,3.09,4.09,3.21,4.19,3.66,4.52,6.28,5.88,0.62,5.64,0.41,37.65,0.33,C3'-endo
25,25,0.74,U,U,U,0,0,0,1,0,(,0,1,cWW,cW-W,5.55,2.89,0.78,2.41,4.84,4.05,0.79,4.21,..,anti,.,1.25,0.98,3.41,4.94,3.84,4.49,4.28,3.56,5.80,0.65,5.73,0.29,0.12,36.47,2.62,C2'-endo
26,26,0.76,A,A,A,1,0,0,0,0,.,,0,,,6.26,2.05,2.55,2.54,3.68,6.11,3.85,0.44,..,syn,.,-1.28,2.03,5.67,4.58,6.04,4.47,0.78,4.69,5.82,0.69,5.65,0.39,0.04,39.35,2.75,C2'-endo
27,27,0.79,A,A,A,1,0,0,0,0,(,0,1,cWW,cW-W,3.42,2.58,4.23,2.43,3.60,3.13,0.47,5.19,..,anti,.,2.75,2.61,4.78,1.74,5.41,1.88,5.17,2.66,5.64,0.82,5.62,0.31,0.20,45.68,2.56,C2'-endo
28,28,0.82,U,U,U,0,0,0,1,0,(,0,1,cWW,cW-W,5.19,2.10,1.19,1.24,3.66,4.78,5.17,3.33,BI,anti,A,4.59,4.62,2.95,3.53,2.92,3.43,3.75,3.79,6.21,5.88,0.69,5.53,0.52,43.49,0.42,C3'-endo
29,29,0.85,U,U,U,0,0,0,1,0,(,0,1,cWW,cW-W,5.39,2.94,0.87,1.38,3.81,4.84,5.25,3.32,BI,anti,A,4.61,4.68,3.08,3.68,3.18,3.73,3.76,4.21,0.06,5.81,0.68,5.62,0.38,40.30,0.24,C3'-endo
30,30,0.88,A,A,A,1,0,0,0,0,(,0,1,cWW,cW-W,5.29,2.97,0.84,1.46,3.97,4.54,5.71,3.42,..,anti,A,4.45,4.71,3.00,3.74,3.16,3.93,3.81,4.25,0.08,5.83,0.63,5.68,0.33,36.91,0.21,C3'-endo
31,31,0.91,C,C,C,0,1,0,0,0,(,0,1,cWW,cW-W,5.82,2.58,1.00,2.45,3.85,4.30,5.83,4.02,..,anti,.,2.12,1.98,3.28,3.81,3.86,3.33,4.23,3.63,5.86,0.62,5.71,0.34,0.05,35.76,2.73,C2'-endo
32,32,0.94,C,C,C,0,1,0,0,0,(,0,1,cWW,cW-W,4.82,1.52,2.76,1.44,4.23,4.63,5.88,3.55,..,anti,.,4.01,4.56,3.97,2.80,3.78,3.11,4.21,3.69,6.24,5.95,0.56,5.68,0.41,34.94,0.39,C3'-endo
33,33,0.97,C,C,C,0,1,0,0,0,(,0,1,cWW,cW-W,5.12,2.90,0.89,1.42,3.62,4.98,4.93,3.37,BI,anti,A,4.48,4.57,2.76,3.70,2.98,3.72,3.62,4.14,0.03,5.86,0.63,5.66,0.37,37.48,0.27,C3'-endo
34,34,1.00,A,A,A,1,0,0,0,0,(,0,1,cWW,cW-W,5.11,3.05,0.98,1.45,,,,3.41,..,anti,-,,,,,,,,,0.07,5.85,0.62,5.68,0.34,36.61,0.22,C3'-endo
