index_chain,old_nt_resnum,nt_position,nt_name,nt_code,nt_align_code,is_A,is_C,is_G,is_U,is_other,dbn,paired,nb_interact,pair_type_LW,pair_type_DSSR,alpha,beta,gamma,delta,epsilon,zeta,epsilon_zeta,chi,bb_type,glyco_bond,form,ssZp,Dp,eta,theta,eta_prime,theta_prime,eta_base,theta_base,v0,v1,v2,v3,v4,amplitude,phase_angle,puckering
1,7,0.03,A,A,A,1,0,0,0,0,.,,0,,,,3.26,0.92,1.47,3.86,4.61,5.53,3.72,BI,anti,A,3.88,4.62,,4.20,,4.08,,4.62,0.05,5.88,0.59,5.71,0.34,34.78,0.25,C3'-endo
2,8,0.06,A,A,A,1,0,0,0,0,.,,0,,,2.31,3.92,3.15,1.45,4.04,5.13,5.20,3.18,BI,anti,.,4.65,4.69,2.72,3.79,3.09,3.81,3.98,4.73,0.05,5.87,0.60,5.69,0.34,35.63,0.25,C3'-endo
3,9,0.09,U,U,U,0,0,0,1,0,),0,1,cWW,cW-W,5.13,2.87,0.92,1.22,1.30,1.32,6.27,3.42,..,anti,.,3.50,3.55,3.07,4.31,3.57,3.98,4.81,4.47,0.05,5.82,0.69,5.61,0.39,40.83,0.26,C3'-endo
4,10,0.12,G,G,G,0,0,1,0,0,),0,1,cWW,cW-W,0.97,3.45,3.28,1.50,3.99,4.70,5.57,3.42,BI,anti,.,4.46,4.69,2.45,3.78,2.86,3.68,3.76,3.98,0.11,5.83,0.60,5.72,0.28,35.05,0.15,C3'-endo
5,11,0.15,G,G,G,0,0,1,0,0,),0,1,cWW,cW-W,1.98,3.89,3.74,1.44,4.31,4.33,6.26,3.21,..,anti,.,4.52,4.64,3.06,3.51,3.28,3.56,3.84,3.45,0.00,5.89,0.61,5.66,0.39,36.73,0.32,C3'-endo
6,12,0.18,G,G,G,0,0,1,0,0,),0,1,cWW,cW-W,1.68,4.64,4.53,1.42,3.71,5.02,4.98,3.47,BI,anti,A,4.42,4.61,4.20,2.55,4.22,2.93,4.23,3.60,0.02,5.87,0.63,5.65,0.38,37.47,0.29,C3'-endo
7,13,0.21,U,U,U,0,0,0,1,0,),0,1,cWW,cW-W,5.09,2.97,0.99,1.33,3.96,4.71,5.54,3.49,BI,anti,A,4.36,4.72,2.87,3.64,3.09,3.68,3.81,4.14,0.04,5.82,0.69,5.60,0.40,40.87,0.27,C3'-endo
8,14,0.24,A,A,A,1,0,0,0,0,),0,1,cWW,cW-W,5.36,2.65,1.01,1.36,3.74,5.08,4.94,3.37,BI,anti,A,4.58,4.68,2.90,3.85,3.12,3.81,3.81,4.17,0.04,5.83,0.67,5.62,0.39,39.57,0.27,C3'-endo
9,15,0.27,A,A,A,1,0,0,0,0,),0,1,cWW,cW-W,5.09,3.03,1.07,1.33,3.85,4.92,5.21,3.65,BI,anti,A,4.04,4.67,2.98,3.71,3.21,3.75,3.83,4.20,6.24,5.89,0.65,5.59,0.47,40.42,0.39,C3'-endo
10,16,0.30,U,U,U,0,0,0,1,0,),0,1,cWW,cW-W,5.19,2.91,0.94,1.40,4.02,5.04,5.26,3.63,BI,anti,.,4.01,4.62,2.93,4.03,3.14,4.18,3.75,4.64,6.23,5.93,0.60,5.64,0.44,37.16,0.41,C3'-endo
11,17,0.33,U,U,U,0,0,0,1,0,.,,0,,,5.01,3.20,1.17,2.46,3.76,1.36,2.40,4.24,..,anti,.,2.05,2.01,3.01,1.68,3.59,1.28,4.16,1.49,5.84,0.63,5.72,0.33,0.06,35.79,2.71,C2'-endo
12,18,0.36,A,A,A,1,0,0,0,0,),0,1,cWW,cW-W,1.26,4.49,4.20,1.42,3.80,4.82,5.26,3.42,BI,anti,A,4.54,4.72,4.20,2.62,4.03,2.92,3.98,3.22,0.13,5.77,0.68,5.66,0.31,39.36,0.14,C3'-endo
13,19,0.39,U,U,U,0,0,0,1,0,),0,1,cWW,cW-W,5.34,2.91,0.89,1.34,3.89,5.00,5.18,3.46,BI,anti,A,4.44,4.70,2.97,3.85,3.12,3.90,3.43,4.49,0.01,5.85,0.67,5.60,0.43,40.32,0.32,C3'-endo
14,20,0.42,A,A,A,1,0,0,0,0,),0,1,cWW,cW-W,5.12,3.09,0.95,1.42,3.60,4.96,4.92,3.69,BI,anti,.,4.04,4.54,2.89,4.18,3.14,3.95,3.95,4.08,6.27,5.90,0.61,5.65,0.41,36.96,0.34,C3'-endo
15,21,0.45,G,G,G,0,0,1,0,0,),0,1,cWW,cW-W,1.99,3.49,3.78,1.42,4.08,4.79,5.57,3.51,..,anti,A,4.20,4.64,2.93,3.14,3.09,3.37,3.52,4.09,0.01,5.89,0.61,5.66,0.39,37.00,0.32,C3'-endo
16,22,0.48,C,C,C,0,1,0,0,0,),0,1,cWW,cW-W,5.39,2.70,0.88,1.40,3.99,5.37,4.90,3.67,BI,anti,.,3.89,4.61,2.89,4.37,3.17,4.48,3.97,4.93,6.24,5.92,0.61,5.63,0.44,37.68,0.39,C3'-endo
17,23,0.52,G,G,G,0,0,1,0,0,.,,0,,,4.86,3.44,1.09,2.49,3.65,1.58,2.06,4.48,..,anti,.,2.07,2.06,2.86,1.74,3.58,1.28,4.21,1.49,5.84,0.65,5.69,0.35,0.06,37.16,2.73,C2'-endo
18,24,0.55,A,A,A,1,0,0,0,0,),0,1,cWW,cW-W,1.05,4.47,4.34,1.38,3.79,4.86,5.20,3.37,BI,anti,A,4.59,4.73,4.07,2.53,3.84,2.89,3.73,3.24,0.09,5.79,0.69,5.62,0.36,40.54,0.20,C3'-endo
19,25,0.58,G,G,G,0,0,1,0,0,),0,1,cWW,cW-W,5.08,3.05,0.99,1.38,3.79,5.02,5.05,3.63,BI,anti,A,4.14,4.69,2.94,3.77,3.07,3.77,3.39,4.15,0.04,5.84,0.66,5.63,0.39,39.05,0.27,C3'-endo
20,26,0.61,C,C,C,0,1,0,0,0,),0,1,cWW,cW-W,5.01,2.87,1.21,1.34,3.67,5.10,4.85,3.52,BI,anti,A,4.37,4.62,2.88,3.74,3.14,3.72,3.78,4.14,6.25,5.88,0.66,5.59,0.45,40.24,0.36,C3'-endo
21,27,0.64,U,U,U,0,0,0,1,0,),0,1,cWW,cW-W,5.00,3.15,0.98,1.31,3.92,5.05,5.16,3.56,BI,anti,A,4.24,4.71,2.88,3.85,3.08,3.91,3.73,4.52,0.01,5.84,0.69,5.58,0.43,41.38,0.31,C3'-endo
22,28,0.67,A,A,A,1,0,0,0,0,),0,1,cWW,cW-W,5.12,3.05,0.98,1.35,3.81,5.24,4.86,3.75,BI,anti,.,3.81,4.66,2.85,4.07,3.11,4.22,3.92,4.52,6.26,5.88,0.66,5.59,0.45,40.16,0.36,C3'-endo
23,29,0.70,G,G,G,0,0,1,0,0,.,,0,,,4.56,3.51,1.36,2.48,3.72,1.74,1.98,4.41,..,anti,.,2.09,2.06,2.92,1.90,3.53,1.30,3.94,1.45,5.78,0.69,5.68,0.33,0.10,38.82,2.66,C2'-endo
24,30,0.73,A,A,A,1,0,0,0,0,),0,1,cWW,cW-W,0.86,4.52,4.65,1.38,3.41,4.78,4.92,3.50,BI,anti,A,4.40,4.54,4.30,2.64,3.96,2.88,3.80,3.27,0.05,5.83,0.65,5.64,0.37,38.67,0.25,C3'-endo
25,31,0.76,A,A,A,1,0,0,0,0,),0,1,cWW,cW-W,2.79,3.55,2.87,1.36,4.20,4.69,5.79,3.27,..,anti,A,4.66,4.82,2.73,3.57,2.93,3.61,3.40,4.07,0.15,5.74,0.71,5.64,0.32,41.17,0.13,C3'-endo
26,32,0.79,A,A,A,1,0,0,0,0,),0,1,cWW,cW-W,5.55,2.71,0.86,1.33,3.75,4.88,5.15,3.45,BI,anti,.,4.45,4.67,2.92,4.16,3.18,3.96,3.87,4.03,0.02,5.83,0.69,5.59,0.43,41.28,0.30,C3'-endo
27,33,0.82,G,G,G,0,0,1,0,0,),0,1,cWW,cW-W,1.92,3.49,4.18,1.80,3.82,5.07,5.03,3.32,BI,anti,.,3.97,3.90,3.29,3.86,3.42,3.88,3.76,4.58,6.02,0.11,0.07,6.06,0.30,17.26,1.34,O4'-endo
28,34,0.85,C,C,C,0,1,0,0,0,),0,1,cWW,cW-W,1.74,3.39,3.98,1.69,4.07,5.75,4.60,3.22,..,anti,.,4.24,4.12,2.80,4.14,3.17,4.43,4.15,5.38,6.00,0.10,0.10,6.02,0.34,19.27,1.27,O4'-endo
29,35,0.88,C,C,C,0,1,0,0,0,.,,0,,,4.86,3.24,0.79,1.70,3.78,4.83,5.23,3.66,BI,anti,.,3.89,4.00,2.43,3.96,3.21,4.10,4.50,5.03,5.95,0.14,0.09,6.00,0.38,21.74,1.33,O4'-endo
30,36,0.91,A,A,A,1,0,0,0,0,.,,0,,,5.38,2.77,0.93,1.46,3.49,4.83,4.94,3.30,BI,anti,.,4.54,4.56,2.85,4.33,3.36,4.29,4.62,4.84,0.12,5.82,0.63,5.71,0.29,36.29,0.15,C3'-endo
31,37,0.94,A,A,A,1,0,0,0,0,.,,0,,,2.82,4.17,2.83,1.40,4.36,5.10,5.54,3.29,..,anti,.,4.42,4.62,3.09,4.24,3.55,4.17,4.55,5.01,6.26,5.92,0.60,5.65,0.42,36.86,0.37,C3'-endo
32,38,0.97,A,A,A,1,0,0,0,0,.,,0,,,5.21,2.96,0.71,1.38,3.32,0.44,2.87,3.85,..,anti,.,3.79,4.47,2.49,5.16,3.01,4.69,4.27,3.10,6.27,5.89,0.63,5.63,0.42,38.20,0.34,C3'-endo
33,39,1.00,G,G,G,0,0,1,0,0,.,,0,,,4.10,3.57,5.49,2.60,,,,0.85,n/a,syn,-,,,,,,,,,5.96,0.60,5.66,0.45,6.20,36.33,2.94,C2'-endo
