index_chain,old_nt_resnum,nt_position,nt_name,nt_code,nt_align_code,is_A,is_C,is_G,is_U,is_other,dbn,paired,nb_interact,pair_type_LW,pair_type_DSSR,alpha,beta,gamma,delta,epsilon,zeta,epsilon_zeta,chi,bb_type,glyco_bond,form,ssZp,Dp,eta,theta,eta_prime,theta_prime,eta_base,theta_base,v0,v1,v2,v3,v4,amplitude,phase_angle,puckering
1,-30,0.02,C,C,C,0,1,0,0,0,.,,0,,,,4.53,4.27,2.54,4.60,1.87,2.72,1.52,..,syn,.,0.76,1.79,,0.82,,1.23,,1.50,0.13,0.17,5.90,0.47,5.90,26.73,3.75,C3'-exo
2,-29,0.04,A,A,A,1,0,0,0,0,(,25,1,cWW,cW-W,5.10,2.57,1.13,1.40,3.86,5.14,5.01,3.11,BI,anti,A,4.71,4.70,3.70,4.09,3.77,4.07,4.27,4.71,0.06,5.80,0.70,5.60,0.39,41.29,0.24,C3'-endo
3,-28,0.06,C,C,C,0,1,0,0,0,(,22,1,cWW,cW-W,5.08,3.13,0.90,1.37,3.79,4.93,5.15,3.36,BI,anti,A,4.63,4.72,2.89,3.80,3.20,3.85,4.22,4.42,0.02,5.82,0.71,5.57,0.44,42.60,0.30,C3'-endo
4,-27,0.07,U,U,U,0,0,0,1,0,(,21,1,cWW,cW-W,5.39,2.84,0.72,1.27,3.31,4.87,4.72,3.47,BI,anti,A,4.50,4.61,2.85,3.74,3.13,3.58,3.97,3.80,6.28,5.84,0.70,5.55,0.46,42.66,0.33,C3'-endo
5,-26,0.09,G,G,G,0,0,1,0,0,(,20,1,cWW,cW-W,1.92,3.26,3.88,1.71,3.95,5.12,5.11,3.27,BI,anti,A,4.66,4.78,3.00,3.55,3.06,3.72,3.56,4.43,0.47,5.60,0.63,5.90,6.23,39.32,5.88,C2'-exo
6,-25,0.11,G,G,G,0,0,1,0,0,(,19,1,cWW,cW-W,5.24,2.99,0.86,1.46,3.75,4.98,5.05,3.42,BI,anti,A,4.49,4.69,2.90,3.86,3.28,3.88,4.18,4.31,0.17,5.72,0.73,5.64,0.30,41.72,0.09,C3'-endo
7,-24,0.13,U,U,U,0,0,0,1,0,(,18,1,cWW,cW-W,5.46,2.91,0.72,1.30,3.46,4.81,4.93,3.53,BI,anti,A,4.33,4.57,2.92,3.85,3.20,3.69,3.94,4.12,0.03,5.82,0.70,5.59,0.42,41.57,0.28,C3'-endo
8,-23,0.15,G,G,G,0,0,1,0,0,(,17,1,cWW,cW-W,2.09,3.40,3.66,1.77,3.81,4.91,5.18,3.29,BI,anti,A,4.47,4.59,3.06,3.73,3.17,3.67,3.88,4.11,0.44,5.64,0.59,5.92,6.23,36.90,5.88,C2'-exo
9,-22,0.17,C,C,C,0,1,0,0,0,(,16,1,cWW,cW-W,1.62,3.29,4.07,1.78,4.09,5.17,5.20,3.34,..,anti,.,4.62,4.82,2.88,3.66,3.14,3.91,3.87,4.17,0.54,5.59,0.58,6.00,6.13,39.13,5.73,C2'-exo
10,-21,0.19,A,A,A,1,0,0,0,0,(,15,1,cWW,cW-W,5.36,2.42,1.72,1.53,4.40,3.60,0.80,3.15,..,anti,.,2.90,3.09,3.54,3.77,3.98,3.99,4.37,5.02,5.67,0.20,0.23,5.70,0.75,42.17,1.25,C4'-exo
11,-20,0.20,A,A,A,1,0,0,0,0,.,,0,,,2.14,4.91,2.68,2.64,5.10,1.66,3.44,4.30,..,anti,.,0.48,1.02,5.27,0.85,4.07,2.60,4.91,3.43,5.70,0.81,5.57,0.39,0.12,45.72,2.66,C2'-endo
12,-19,0.22,A,A,A,1,0,0,0,0,.,,0,,,2.00,4.71,2.56,1.35,3.16,5.40,4.04,2.65,BI,anti,.,3.68,4.54,3.12,4.47,3.72,3.38,4.89,1.66,0.14,5.72,0.76,5.59,0.35,43.92,0.14,C3'-endo
13,-18,0.24,U,U,U,0,0,0,1,0,.,,0,,,2.42,2.52,3.06,1.69,0.10,2.63,3.75,4.63,..,anti,.,0.40,0.48,3.08,2.29,2.78,2.47,1.28,3.64,5.57,0.56,6.06,6.11,0.56,39.34,1.91,C1'-exo
14,-17,0.26,U,U,U,0,0,0,1,0,.,,0,,,5.33,4.87,4.21,2.14,0.68,0.96,6.01,5.53,..,...,.,0.16,0.51,4.58,1.15,3.99,1.06,4.82,1.47,6.06,0.36,5.92,0.25,6.26,21.37,2.86,C2'-endo
15,-16,0.28,U,U,U,0,0,0,1,0,),10,1,cWW,cW-W,3.87,0.39,4.06,1.45,3.70,5.25,4.73,3.44,BI,anti,A,4.49,4.72,3.54,2.43,2.69,2.91,3.02,3.54,0.23,5.67,0.75,5.65,0.25,42.93,0.02,C3'-endo
16,-15,0.30,G,G,G,0,0,1,0,0,),9,1,cWW,cW-W,5.10,3.25,0.88,1.53,3.16,4.87,4.57,3.48,BI,anti,A,4.09,4.10,3.02,3.89,3.35,3.82,3.98,4.34,6.20,5.96,0.58,5.64,0.46,36.90,0.46,C3'-endo
17,-14,0.31,C,C,C,0,1,0,0,0,),8,1,cWW,cW-W,2.88,3.82,2.69,1.22,4.16,4.57,5.87,3.13,..,anti,A,4.57,4.63,2.83,3.48,3.15,3.49,3.95,3.96,6.18,5.92,0.66,5.55,0.52,41.96,0.46,C3'-endo
18,-13,0.33,A,A,A,1,0,0,0,0,),7,1,cWW,cW-W,5.62,2.64,0.68,1.33,3.73,4.90,5.11,3.41,BI,anti,A,4.45,4.63,2.89,3.66,3.06,3.70,3.71,4.17,0.02,5.82,0.70,5.58,0.43,41.70,0.29,C3'-endo
19,-12,0.35,C,C,C,0,1,0,0,0,),6,1,cWW,cW-W,5.28,2.74,1.06,1.32,3.90,5.12,5.07,3.37,BI,anti,A,4.46,4.66,2.97,4.02,3.23,4.00,3.96,4.67,0.01,5.84,0.69,5.59,0.43,41.30,0.31,C3'-endo
20,-11,0.37,U,U,U,0,0,0,1,0,),5,1,cWW,cW-W,5.38,3.00,0.88,1.29,3.31,4.73,4.85,3.63,BI,anti,A,4.14,4.47,2.95,3.67,3.30,3.57,4.33,3.85,6.27,5.83,0.73,5.54,0.48,44.02,0.34,C3'-endo
21,-10,0.39,A,A,A,1,0,0,0,0,),4,1,cWW,cW-W,2.52,3.64,3.20,1.66,3.83,5.23,4.88,3.31,BI,anti,A,4.10,4.33,3.13,3.69,3.27,3.72,3.77,4.11,0.23,5.78,0.57,5.82,0.15,32.81,6.21,C2'-exo
22,-9,0.41,G,G,G,0,0,1,0,0,),3,1,cWW,cW-W,5.02,3.13,0.86,1.62,3.98,4.44,5.82,3.72,..,anti,.,3.24,3.95,2.99,4.08,3.33,3.69,3.90,3.93,6.15,6.03,0.51,5.67,0.47,34.46,0.55,C3'-endo
23,-8,0.43,U,U,U,0,0,0,1,0,.,,0,,,1.60,2.68,0.79,2.42,4.55,5.05,5.78,3.98,..,anti,.,1.22,1.11,5.38,5.42,5.96,4.98,5.60,5.51,5.78,0.70,5.66,0.35,0.09,39.98,2.69,C2'-endo
24,-7,0.44,C,C,C,0,1,0,0,0,.,,0,,,4.77,3.34,0.64,1.53,3.77,1.21,2.56,3.72,..,anti,.,3.86,4.55,2.24,0.58,3.00,5.85,3.62,5.14,0.20,5.74,0.66,5.72,0.23,37.63,0.03,C3'-endo
25,-6,0.46,U,U,U,0,0,0,1,0,),2,1,cWW,cW-W,1.50,1.71,2.81,1.46,3.62,5.22,4.68,3.30,BI,anti,.,3.68,3.93,1.09,2.87,1.79,3.21,2.56,3.82,5.94,6.18,0.48,5.59,0.65,40.37,0.82,C4'-exo
26,-5,0.48,A,A,A,1,0,0,0,0,.,,0,,,4.85,3.13,0.96,1.49,4.32,5.04,5.56,3.76,..,anti,.,2.84,3.57,2.92,4.41,3.18,4.09,3.84,3.44,5.73,0.12,0.32,5.65,0.76,42.64,1.13,C4'-exo
27,-4,0.50,A,A,A,1,0,0,0,0,.,,0,,,5.12,3.21,5.09,1.84,3.99,4.98,5.30,1.13,BI,syn,.,-2.10,2.45,0.95,3.67,1.14,4.08,1.16,4.41,5.54,0.56,6.09,6.06,0.61,41.48,1.84,O4'-endo
28,-3,0.52,A,A,A,1,0,0,0,0,.,,0,,,4.71,3.57,1.18,2.70,4.28,3.24,1.04,4.42,BII,anti,.,0.83,0.95,3.03,3.93,3.83,3.43,3.85,2.75,6.00,0.61,5.60,0.54,6.12,39.44,3.05,C2'-endo
29,-2,0.54,A,A,A,1,0,0,0,0,.,,0,,,1.14,2.49,0.97,1.34,3.68,4.98,4.99,3.37,BI,anti,.,4.58,4.69,5.27,3.75,5.38,3.69,6.26,3.70,6.27,5.83,0.71,5.55,0.47,43.03,0.33,C3'-endo
30,-1,0.56,C,C,C,0,1,0,0,0,.,,0,,,4.96,3.32,1.13,1.19,3.80,5.19,4.90,3.22,BI,anti,.,4.52,4.56,3.09,3.81,3.12,3.92,3.29,4.95,6.06,6.00,0.66,5.49,0.64,45.48,0.60,C3'-endo
31,not resolved,0.57,-,-,-,0,0,0,0,1,,,0,,,,,,,,,,,,,,,,,,,,,,,,,,,,,
32,1,0.59,U,U,U,0,0,0,1,0,.,,0,,,5.11,3.10,0.88,1.37,3.68,5.09,4.88,3.52,BI,anti,.,4.33,4.63,2.81,4.33,3.15,4.19,4.44,4.75,6.27,5.85,0.69,5.57,0.46,41.89,0.34,C3'-endo
33,2,0.61,C,C,C,0,1,0,0,0,.,,0,,,2.37,3.43,3.48,1.54,3.95,5.32,4.92,3.28,BI,anti,.,4.62,4.69,3.02,3.62,3.33,3.82,4.30,4.83,0.23,5.72,0.66,5.74,0.20,37.67,6.26,C2'-exo
34,3,0.63,C,C,C,0,1,0,0,0,.,,0,,,5.15,3.03,0.79,1.42,3.82,5.22,4.89,3.49,BI,anti,.,4.40,4.73,2.71,4.53,3.21,4.34,4.55,4.81,0.10,5.77,0.70,5.63,0.35,40.78,0.18,C3'-endo
35,4,0.65,U,U,U,0,0,0,1,0,.,,0,,,2.54,3.28,3.35,1.51,3.75,5.14,4.89,3.27,BI,anti,A,4.66,4.65,2.96,3.22,3.27,3.46,4.17,4.34,0.15,5.76,0.68,5.67,0.29,39.07,0.11,C3'-endo
36,5,0.67,C,C,C,0,1,0,0,0,.,,0,,,5.13,2.94,0.92,1.48,3.70,5.08,4.90,3.57,BI,anti,.,4.09,4.50,2.88,3.90,3.27,3.93,4.34,4.74,6.25,5.89,0.66,5.59,0.46,40.55,0.37,C3'-endo
37,6,0.69,G,G,G,0,0,1,0,0,.,,0,,,4.98,3.08,1.04,1.60,4.34,5.51,5.11,3.79,..,anti,.,3.33,4.62,3.10,5.52,3.36,5.01,4.34,4.10,0.06,5.86,0.61,5.69,0.34,35.77,0.24,C3'-endo
38,7,0.70,A,A,A,1,0,0,0,0,.,,0,,,3.20,3.79,0.85,2.58,4.95,1.38,3.58,3.91,..,anti,.,0.60,0.90,1.35,2.41,2.25,1.62,1.86,0.81,6.04,0.51,5.72,0.44,6.16,32.62,3.03,C2'-endo
39,8,0.72,U,U,U,0,0,0,1,0,.,,0,,,1.30,3.41,2.92,1.54,4.47,4.98,5.77,4.70,..,anti,.,-0.61,4.52,2.45,4.29,2.11,4.46,1.67,4.92,0.06,5.87,0.59,5.71,0.33,34.86,0.23,C3'-endo
40,9,0.74,U,U,U,0,0,0,1,0,.,,0,,,6.09,2.57,0.31,1.08,3.95,0.56,3.40,3.62,..,anti,.,4.00,4.73,2.51,5.58,3.12,5.45,3.77,5.29,6.26,5.79,0.79,5.47,0.53,48.08,0.35,C3'-endo
41,10,0.76,A,A,A,1,0,0,0,0,.,,0,,,2.73,2.52,4.23,1.70,4.10,5.05,5.34,3.68,..,anti,A,3.65,4.66,3.98,3.38,4.60,3.66,5.54,4.26,0.38,5.76,0.47,6.02,6.21,29.93,5.83,C2'-exo
42,11,0.78,C,C,C,0,1,0,0,0,.,,0,,,5.08,2.88,1.05,1.44,3.71,5.01,4.98,3.73,BI,anti,.,3.92,4.49,2.73,3.87,3.17,3.89,3.77,4.85,0.04,5.85,0.63,5.66,0.37,37.28,0.26,C3'-endo
43,12,0.80,A,A,A,1,0,0,0,0,.,,0,,,5.18,2.98,0.96,1.68,4.62,3.68,0.95,4.02,BII,anti,.,2.17,4.61,3.25,3.79,3.50,3.34,4.57,2.96,0.12,5.85,0.55,5.78,0.24,31.80,0.11,C3'-endo
44,13,0.81,U,U,U,0,0,0,1,0,.,,0,,,1.12,2.94,3.21,1.51,4.26,4.98,5.56,3.39,..,anti,B,4.14,4.48,1.51,3.54,1.54,3.86,1.41,4.42,0.05,5.83,0.67,5.62,0.39,39.60,0.26,C3'-endo
45,14,0.83,A,A,A,1,0,0,0,0,.,,0,,,4.93,3.52,0.87,2.57,4.43,5.28,5.43,4.41,..,anti,.,0.66,1.36,3.08,5.51,3.60,4.71,4.13,4.13,6.06,0.53,5.66,0.51,6.10,35.56,3.11,C2'-endo
46,15,0.85,C,C,C,0,1,0,0,0,.,,0,,,5.00,3.58,3.40,1.35,3.80,5.21,4.87,3.23,BI,anti,.,4.73,4.72,5.44,3.37,6.20,3.55,0.65,4.66,0.05,5.80,0.71,5.59,0.41,42.16,0.26,C3'-endo
47,16,0.87,A,A,A,1,0,0,0,0,.,,0,,,5.11,3.01,0.85,1.48,3.75,5.12,4.92,3.50,BI,anti,.,4.45,4.74,2.81,3.96,3.20,3.95,4.58,4.19,0.21,5.71,0.70,5.69,0.24,40.22,0.02,C3'-endo
48,17,0.89,C,C,C,0,1,0,0,0,.,,0,,,5.20,3.06,0.96,1.26,3.74,5.14,4.88,3.37,BI,anti,.,4.57,4.68,3.02,3.76,3.27,3.85,3.82,4.85,0.03,5.77,0.77,5.51,0.47,46.13,0.29,C3'-endo
49,18,0.91,A,A,A,1,0,0,0,0,.,,0,,,5.16,2.95,0.93,1.54,3.76,5.17,4.87,3.40,BI,anti,A,4.63,4.74,2.93,4.08,3.27,4.11,4.55,4.77,0.25,5.68,0.69,5.71,0.20,39.71,6.25,C2'-exo
50,19,0.93,A,A,A,1,0,0,0,0,.,,0,,,5.09,3.09,0.96,1.30,3.59,5.28,4.59,3.66,BI,anti,.,4.10,4.67,2.96,3.86,3.34,3.85,4.33,4.39,0.15,5.73,0.72,5.63,0.32,41.40,0.12,C3'-endo
51,20,0.94,A,A,A,1,0,0,0,0,.,,0,,,4.71,2.94,1.30,1.33,4.31,5.19,5.40,3.59,..,anti,.,3.83,4.84,2.97,4.36,3.20,4.43,3.98,4.44,0.09,5.80,0.68,5.64,0.35,39.69,0.20,C3'-endo
52,21,0.96,G,G,G,0,0,1,0,0,.,,0,,,5.05,3.33,0.88,2.37,4.69,4.58,0.10,4.16,..,anti,.,0.74,0.90,3.15,5.55,3.62,5.08,3.79,5.34,5.64,0.79,5.65,0.28,0.23,44.40,2.52,C2'-endo
53,22,0.98,C,C,C,0,1,0,0,0,.,,0,,,2.07,2.98,4.92,1.70,3.59,5.24,4.63,3.23,BI,anti,.,4.71,4.71,3.40,3.93,4.11,3.75,4.49,3.30,0.52,5.59,0.60,5.97,6.15,39.37,5.77,C2'-exo
54,23,1.00,A,A,A,1,0,0,0,0,.,,0,,,2.14,2.82,4.26,1.31,,,,4.29,n/a,anti,-,,,,,,,,,6.06,6.02,0.62,5.52,0.62,43.52,0.61,C3'-endo
