index_chain,old_nt_resnum,nt_position,nt_name,nt_code,nt_align_code,is_A,is_C,is_G,is_U,is_other,dbn,paired,nb_interact,pair_type_LW,pair_type_DSSR,alpha,beta,gamma,delta,epsilon,zeta,epsilon_zeta,chi,bb_type,glyco_bond,form,ssZp,Dp,eta,theta,eta_prime,theta_prime,eta_base,theta_base,v0,v1,v2,v3,v4,amplitude,phase_angle,puckering
1,1,0.01,G,G,G,0,0,1,0,0,),0,1,cWW,cW-W,,2.76,1.02,1.49,3.69,4.68,5.30,3.27,BI,anti,A,4.60,4.61,,4.07,,3.82,,4.11,0.05,5.88,0.58,5.72,0.33,34.18,0.25,C3'-endo
2,2,0.01,G,G,G,0,0,1,0,0,),0,1,cWW,cW-W,1.96,3.36,3.80,1.71,4.06,5.00,5.34,3.13,..,anti,A,4.70,4.75,2.95,3.52,3.08,3.70,3.76,4.14,0.34,5.75,0.51,5.95,0.01,31.04,5.96,C2'-exo
3,3,0.02,U,U,U,0,0,0,1,0,),0,1,cWW,cW-W,5.31,3.09,0.69,1.47,3.69,4.96,5.01,3.45,BI,anti,A,4.39,4.56,2.82,3.73,3.17,3.76,3.75,4.22,0.02,5.89,0.59,5.69,0.36,35.22,0.29,C3'-endo
4,4,0.03,C,C,C,0,1,0,0,0,),0,1,cWW,cW-W,5.19,2.96,0.92,1.40,3.71,4.79,5.20,3.52,BI,anti,A,4.37,4.61,2.89,3.59,3.12,3.60,3.79,4.01,6.27,5.90,0.61,5.65,0.41,37.18,0.34,C3'-endo
5,5,0.04,A,A,A,1,0,0,0,0,),0,1,cWW,cW-W,5.37,2.82,0.82,1.43,3.60,5.12,4.76,3.46,BI,anti,A,4.45,4.58,2.88,3.80,3.09,3.77,3.73,4.27,0.03,5.87,0.62,5.67,0.36,36.62,0.27,C3'-endo
6,6,0.04,C,C,C,0,1,0,0,0,),0,1,cWW,cW-W,4.91,2.92,1.25,1.37,3.88,4.69,5.47,3.31,BI,anti,A,4.64,4.70,2.92,3.60,3.18,3.61,4.00,3.84,0.03,5.85,0.65,5.64,0.39,38.58,0.28,C3'-endo
7,7,0.05,U,U,U,0,0,0,1,0,),0,1,cWW,cW-W,5.62,3.04,0.47,1.46,3.67,4.99,4.97,3.41,BI,anti,A,4.50,4.60,2.98,3.68,3.07,3.74,3.45,4.18,0.06,5.86,0.60,5.69,0.34,35.63,0.24,C3'-endo
8,8,0.06,C,C,C,0,1,0,0,0,),0,1,cWW,cW-W,5.22,2.95,0.90,1.37,3.66,4.90,5.04,3.36,BI,anti,A,4.54,4.60,2.88,3.62,3.12,3.65,3.78,4.05,6.25,5.91,0.62,5.62,0.44,38.40,0.37,C3'-endo
9,9,0.07,U,U,U,0,0,0,1,0,),0,1,cWW,cW-W,5.31,2.99,0.88,1.39,3.80,4.84,5.25,3.42,BI,anti,A,4.47,4.64,3.02,3.67,3.19,3.71,3.76,4.13,6.26,5.91,0.61,5.64,0.42,37.35,0.36,C3'-endo
10,10,0.07,G,G,G,0,0,1,0,0,),0,1,cWW,cW-W,5.28,2.88,0.88,1.40,3.82,4.74,5.36,3.32,BI,anti,A,4.57,4.64,2.92,3.64,3.11,3.67,3.73,4.11,0.01,5.88,0.62,5.66,0.39,37.02,0.31,C3'-endo
11,11,0.08,C,C,C,0,1,0,0,0,),0,1,cWW,cW-W,5.42,2.80,0.81,1.39,3.72,4.95,5.05,3.44,BI,anti,A,4.51,4.67,2.92,3.76,3.11,3.78,3.77,4.29,0.05,5.84,0.65,5.64,0.37,38.40,0.26,C3'-endo
12,12,0.09,U,U,U,0,0,0,1,0,),0,1,cWW,cW-W,5.37,2.88,0.86,1.42,3.67,4.91,5.04,3.45,BI,anti,A,4.49,4.64,2.95,3.66,3.22,3.66,4.01,4.04,0.03,5.86,0.63,5.66,0.38,37.38,0.28,C3'-endo
13,13,0.10,A,A,A,1,0,0,0,0,),0,1,cWW,cW-W,5.23,2.94,0.91,1.42,3.69,4.96,5.02,3.46,BI,anti,A,4.46,4.63,2.91,3.74,3.12,3.74,3.74,4.17,0.04,5.87,0.62,5.67,0.37,36.97,0.27,C3'-endo
14,14,0.10,U,U,U,0,0,0,1,0,),0,1,cWW,cW-W,5.24,2.87,1.04,1.40,3.66,5.01,4.93,3.47,BI,anti,A,4.44,4.60,2.96,3.72,3.22,3.70,3.93,4.16,6.28,5.89,0.61,5.65,0.41,37.30,0.33,C3'-endo
15,15,0.11,U,U,U,0,0,0,1,0,),0,1,cWW,cW-W,5.03,2.78,1.32,1.42,3.76,4.77,5.27,3.29,BI,anti,A,4.54,4.58,2.98,3.67,3.27,3.64,4.04,4.06,6.23,5.94,0.58,5.66,0.43,36.24,0.40,C3'-endo
16,16,0.12,U,U,U,0,0,0,1,0,),0,1,cWW,cW-W,5.60,2.83,0.71,1.44,3.73,5.02,5.00,3.43,BI,anti,A,4.44,4.58,3.04,3.81,3.25,3.80,3.92,4.24,6.27,5.92,0.58,5.68,0.39,35.45,0.35,C3'-endo
17,17,0.13,A,A,A,1,0,0,0,0,),0,1,cWW,cW-W,4.96,3.02,0.93,1.36,3.67,4.82,5.13,3.46,BI,anti,A,4.47,4.66,2.69,3.55,2.93,3.54,3.66,3.68,0.01,5.86,0.66,5.61,0.42,39.81,0.31,C3'-endo
18,18,0.13,A,A,A,1,0,0,0,0,),0,1,cWW,cW-W,5.47,2.84,0.85,1.34,3.68,4.93,5.03,3.36,BI,anti,A,4.54,4.59,3.00,3.64,3.14,3.69,3.47,4.19,6.21,5.93,0.62,5.61,0.47,38.80,0.43,C3'-endo
19,19,0.14,C,C,C,0,1,0,0,0,),0,1,cWW,cW-W,5.32,2.80,1.11,1.39,3.76,4.80,5.24,3.32,BI,anti,A,4.49,4.52,3.10,3.63,3.36,3.64,4.09,3.93,6.20,5.96,0.57,5.65,0.45,36.48,0.45,C3'-endo
20,20,0.15,U,U,U,0,0,0,1,0,),0,1,cWW,cW-W,5.30,2.94,0.92,1.49,3.82,4.68,5.43,3.49,BI,anti,.,4.13,4.36,3.07,4.14,3.24,3.89,3.69,4.12,6.18,6.03,0.49,5.72,0.42,31.97,0.50,C3'-endo
21,21,0.16,U,U,U,0,0,0,1,0,),0,1,cWW,cW-W,1.80,3.72,3.73,1.45,3.69,5.01,4.96,3.30,BI,anti,A,4.67,4.68,2.84,3.07,3.01,3.29,3.60,3.85,0.08,5.84,0.62,5.69,0.33,36.53,0.21,C3'-endo
22,22,0.16,U,U,U,0,0,0,1,0,),0,1,cWW,cW-W,5.29,2.91,1.11,1.48,3.90,4.89,5.29,3.33,BI,anti,A,4.46,4.55,3.20,3.92,3.48,3.91,4.13,4.31,6.24,5.96,0.54,5.71,0.39,33.20,0.39,C3'-endo
23,23,0.17,A,A,A,1,0,0,0,0,),0,1,cWW,cW-W,5.45,2.76,0.80,1.40,3.60,4.62,5.27,3.51,BI,anti,.,4.25,4.40,2.86,3.92,3.19,3.72,3.90,3.97,6.14,6.02,0.55,5.64,0.50,36.69,0.54,C3'-endo
24,24,0.18,C,C,C,0,1,0,0,0,),0,1,cWW,cW-W,2.09,3.83,3.63,1.44,3.72,5.32,4.69,3.14,BI,anti,.,4.62,4.60,3.10,3.42,3.22,3.60,3.78,4.62,6.28,5.91,0.59,5.68,0.38,35.54,0.33,C3'-endo
25,25,0.19,G,G,G,0,0,1,0,0,(,64,1,cWW,cW-W,4.95,3.18,0.91,1.46,3.69,5.07,4.90,3.29,BI,anti,A,4.59,4.62,2.79,3.85,3.20,3.90,4.53,4.44,0.05,5.87,0.60,5.69,0.34,35.65,0.25,C3'-endo
26,26,0.19,U,U,U,0,0,0,1,0,(,63,1,cWW,cW-W,5.25,3.12,0.80,1.40,3.68,5.07,4.89,3.38,BI,anti,A,4.51,4.61,2.96,3.75,3.21,3.78,4.01,4.21,0.04,5.86,0.63,5.66,0.36,37.13,0.26,C3'-endo
27,27,0.20,U,U,U,0,0,0,1,0,(,62,1,cWW,cW-W,4.86,3.02,1.16,1.37,3.72,4.99,5.02,3.34,BI,anti,A,4.61,4.67,2.84,3.72,3.07,3.74,3.76,4.21,0.01,5.86,0.65,5.63,0.41,38.77,0.31,C3'-endo
28,28,0.21,G,G,G,0,0,1,0,0,(,61,1,cWW,cW-W,5.14,3.08,0.92,1.46,3.70,4.95,5.03,3.39,BI,anti,A,4.46,4.57,2.94,3.76,3.16,3.79,3.87,4.26,0.03,5.89,0.59,5.69,0.36,35.43,0.28,C3'-endo
29,29,0.22,U,U,U,0,0,0,1,0,(,60,1,cWW,cW-W,5.34,2.99,0.78,1.44,3.90,4.53,5.64,3.53,BI,anti,A,4.29,4.66,2.99,3.90,3.20,3.72,3.88,4.06,0.01,5.89,0.60,5.67,0.38,36.14,0.31,C3'-endo
30,30,0.22,A,A,A,1,0,0,0,0,(,59,1,cWW,cW-W,1.44,3.77,4.04,1.73,4.15,4.75,5.68,3.18,..,anti,A,4.69,4.76,3.00,3.36,3.07,3.54,3.70,4.02,0.37,5.73,0.52,5.96,6.26,31.84,5.91,C2'-exo
31,31,0.23,G,G,G,0,0,1,0,0,(,58,1,cWW,cW-W,5.53,2.81,0.53,1.40,3.92,4.71,5.50,3.37,BI,anti,A,4.61,4.77,2.75,3.72,3.03,3.79,3.66,4.25,0.08,5.81,0.66,5.65,0.35,38.80,0.21,C3'-endo
32,32,0.24,C,C,C,0,1,0,0,0,(,57,1,cWW,cW-W,5.52,2.62,0.87,1.37,3.69,5.22,4.76,3.31,BI,anti,A,4.67,4.69,2.89,3.97,3.15,3.98,3.90,4.66,0.04,5.83,0.68,5.62,0.39,40.07,0.26,C3'-endo
33,33,0.25,U,U,U,0,0,0,1,0,.,56,1,cWW,cW-W,4.88,3.01,1.32,1.46,3.54,4.94,4.89,3.32,BI,anti,.,4.48,4.51,2.94,3.62,3.36,3.59,4.47,3.69,0.01,5.90,0.59,5.69,0.37,35.45,0.30,C3'-endo
34,34,0.25,C,C,C,0,1,0,0,0,.,55,1,cWW,cW-W,5.21,3.38,0.74,1.50,3.50,4.75,5.04,3.58,BI,anti,A,4.12,4.36,3.08,4.02,3.17,3.91,3.41,4.52,0.01,5.94,0.53,5.74,0.34,32.22,0.32,C3'-endo
35,35,0.26,C,C,C,0,1,0,0,0,(,54,1,cWW,cW-W,2.40,3.76,3.20,1.48,4.08,4.99,5.37,3.28,..,anti,.,4.48,4.62,2.87,3.68,3.14,3.78,4.06,4.61,0.06,5.90,0.55,5.75,0.30,32.55,0.23,C3'-endo
36,36,0.27,C,C,C,0,1,0,0,0,.,,0,,,5.37,2.69,0.98,1.43,3.62,4.33,5.57,3.44,BI,anti,.,4.34,4.47,2.83,3.21,3.31,3.19,4.47,3.20,6.19,5.98,0.56,5.65,0.46,36.22,0.47,C3'-endo
37,37,0.28,U,U,U,0,0,0,1,0,.,52,1,cW.,cW-.,5.65,2.85,0.55,1.56,3.65,4.82,5.11,3.40,BI,anti,A,4.33,4.44,3.09,4.15,3.07,3.94,3.11,4.36,0.04,5.93,0.51,5.78,0.29,30.16,0.24,C3'-endo
38,38,0.28,U,U,U,0,0,0,1,0,(,51,1,cWW,cW-W,1.64,3.37,4.00,1.64,4.21,4.96,5.54,3.33,..,anti,A,4.56,4.76,2.82,3.57,3.00,3.79,3.78,4.46,0.28,5.77,0.54,5.89,0.08,31.56,6.10,C2'-exo
39,39,0.29,U,U,U,0,0,0,1,0,(,50,1,cWW,cW-W,5.47,2.73,0.87,1.44,3.71,4.66,5.34,3.47,BI,anti,A,4.31,4.47,2.84,3.99,3.31,3.73,4.16,4.08,6.22,5.97,0.56,5.67,0.43,35.15,0.43,C3'-endo
40,40,0.30,C,C,C,0,1,0,0,0,(,49,1,cWW,cW-W,1.76,3.59,3.79,1.56,4.04,5.00,5.32,3.18,BI,anti,A,4.73,4.76,2.84,3.43,2.96,3.61,3.68,4.14,0.22,5.77,0.59,5.80,0.16,34.01,6.23,C2'-exo
41,41,0.31,U,U,U,0,0,0,1,0,(,48,1,cWW,cW-W,5.45,3.01,0.62,1.38,3.73,5.15,4.86,3.43,BI,anti,A,4.47,4.63,2.82,3.83,3.14,3.88,3.85,4.45,0.02,5.86,0.64,5.63,0.40,38.62,0.30,C3'-endo
42,42,0.31,C,C,C,0,1,0,0,0,(,47,1,cWW,cW-W,5.04,3.01,1.04,1.32,3.82,4.63,5.47,3.42,BI,anti,A,4.53,4.70,2.87,3.61,3.14,3.69,3.96,4.37,0.01,5.85,0.67,5.60,0.43,40.58,0.31,C3'-endo
43,43,0.32,G,G,G,0,0,1,0,0,.,46,1,tSH,tm-M,5.94,2.59,0.56,1.35,3.94,5.12,5.10,3.45,BI,anti,.,4.42,4.75,3.06,4.37,3.27,3.59,4.13,2.50,0.01,5.85,0.67,5.60,0.43,40.54,0.31,C3'-endo
44,44,0.33,A,A,A,1,0,0,0,0,.,,0,,,2.97,2.75,0.46,1.37,1.34,1.26,0.08,3.35,..,anti,.,3.80,3.83,0.26,4.54,0.83,4.30,0.52,4.89,0.30,5.64,0.73,5.71,0.17,42.02,6.20,C2'-exo
45,45,0.34,A,A,A,1,0,0,0,0,.,,0,,,1.06,3.53,3.32,1.78,4.29,4.83,5.74,3.31,..,anti,.,4.33,4.55,2.84,3.68,3.34,3.80,4.41,4.37,0.35,5.80,0.44,6.03,6.23,27.78,5.85,C2'-exo
46,46,0.34,A,A,A,1,0,0,0,0,.,43,1,tHS,tM-m,5.24,2.57,1.03,1.47,4.43,5.42,5.30,3.57,..,anti,.,3.83,4.52,2.90,4.58,3.31,4.69,4.08,5.20,6.24,5.95,0.56,5.68,0.41,34.77,0.40,C3'-endo
47,47,0.35,G,G,G,0,0,1,0,0,),42,1,cWW,cW-W,4.88,1.94,2.44,1.50,3.40,5.84,3.85,3.33,BI,anti,A,4.17,4.26,3.57,3.29,4.08,3.13,5.04,3.52,6.20,6.01,0.50,5.72,0.41,32.00,0.47,C3'-endo
48,48,0.36,A,A,A,1,0,0,0,0,),41,1,cWW,cW-W,3.45,1.73,2.67,1.74,4.27,4.93,5.62,3.03,..,anti,A,4.76,4.80,2.81,3.46,2.91,3.65,3.52,4.07,0.38,5.75,0.48,6.00,6.23,30.39,5.86,C2'-exo
49,49,0.37,G,G,G,0,0,1,0,0,),40,1,cWW,cW-W,5.47,3.19,0.49,1.63,3.69,4.85,5.13,3.45,BI,anti,A,4.23,4.38,2.87,4.16,3.23,3.98,3.83,4.31,0.16,5.88,0.48,5.88,0.16,27.61,0.00,C3'-endo
50,50,0.37,A,A,A,1,0,0,0,0,),39,1,cWW,cW-W,1.72,3.45,3.94,1.70,4.04,4.84,5.48,3.26,..,anti,A,4.45,4.53,2.97,3.28,3.14,3.47,3.78,3.83,0.18,5.89,0.44,5.94,0.11,25.12,6.19,C2'-exo
51,51,0.38,A,A,A,1,0,0,0,0,),38,1,cWW,cW-W,5.36,3.05,0.47,1.51,3.80,4.53,5.55,3.59,BI,anti,.,4.19,4.60,2.76,3.80,3.01,3.57,3.44,3.41,0.04,5.90,0.55,5.74,0.32,32.81,0.25,C3'-endo
52,52,0.39,C,C,C,0,1,0,0,0,.,37,1,c.W,c.-W,1.41,3.68,4.18,1.54,4.09,5.29,5.08,3.23,..,anti,.,4.62,4.69,2.98,3.60,2.92,3.88,2.93,4.95,0.16,5.82,0.57,5.78,0.22,32.87,0.06,C3'-endo
53,53,0.40,C,C,C,0,1,0,0,0,.,,0,,,5.25,2.97,0.75,1.38,3.65,5.03,4.91,3.46,BI,anti,A,4.51,4.68,2.64,3.71,3.21,3.76,4.59,4.16,0.06,5.82,0.67,5.63,0.37,39.41,0.24,C3'-endo
54,54,0.40,G,G,G,0,0,1,0,0,),35,1,cWW,cW-W,5.11,2.90,1.24,1.43,4.03,5.21,5.10,3.19,BI,anti,.,4.57,4.62,3.15,4.21,3.38,4.27,3.98,5.20,6.26,5.92,0.59,5.66,0.41,36.10,0.36,C3'-endo
55,55,0.41,U,U,U,0,0,0,1,0,.,34,1,cWW,cW-W,5.07,2.80,1.18,1.51,3.64,4.27,5.65,3.45,BI,anti,.,4.35,4.48,2.80,3.21,3.37,3.17,4.76,3.17,0.01,5.93,0.54,5.73,0.34,32.59,0.31,C3'-endo
56,56,0.42,U,U,U,0,0,0,1,0,.,33,1,cWW,cW-W,5.94,3.02,0.11,1.60,3.65,5.15,4.78,3.42,BI,anti,A,4.48,4.57,3.09,3.85,2.99,3.94,2.98,4.59,0.14,5.85,0.55,5.81,0.21,31.31,0.07,C3'-endo
57,57,0.43,G,G,G,0,0,1,0,0,),32,1,cWW,cW-W,4.92,2.93,1.18,1.52,3.69,4.96,5.02,3.35,BI,anti,A,4.26,4.35,2.89,3.82,3.26,3.76,4.16,4.12,6.20,6.02,0.49,5.74,0.40,31.37,0.47,C3'-endo
58,58,0.43,C,C,C,0,1,0,0,0,),31,1,cWW,cW-W,5.21,2.97,0.83,1.42,3.66,4.89,5.05,3.46,BI,anti,A,4.29,4.43,2.85,3.66,3.10,3.65,3.74,4.12,6.17,6.00,0.55,5.66,0.47,35.79,0.50,C3'-endo
59,59,0.44,U,U,U,0,0,0,1,0,),30,1,cWW,cW-W,5.36,2.88,0.73,1.35,3.58,4.98,4.88,3.52,BI,anti,A,4.36,4.58,2.80,3.58,3.01,3.61,3.73,4.06,6.22,5.92,0.63,5.60,0.47,39.31,0.41,C3'-endo
60,60,0.45,A,A,A,1,0,0,0,0,),29,1,cWW,cW-W,5.20,2.86,1.14,1.42,3.77,4.97,5.08,3.37,BI,anti,A,4.37,4.48,3.08,3.76,3.30,3.72,3.93,4.20,6.22,5.97,0.56,5.67,0.43,35.06,0.43,C3'-endo
61,61,0.46,C,C,C,0,1,0,0,0,),28,1,cWW,cW-W,5.01,2.93,0.97,1.34,3.64,4.94,4.98,3.48,BI,anti,A,4.45,4.64,2.72,3.59,2.98,3.61,3.77,4.04,6.28,5.86,0.66,5.60,0.43,40.24,0.33,C3'-endo
62,62,0.46,A,A,A,1,0,0,0,0,),27,1,cWW,cW-W,5.12,3.04,1.04,1.44,3.82,4.95,5.15,3.32,BI,anti,A,4.50,4.59,3.03,3.84,3.18,3.86,3.78,4.30,0.02,5.90,0.59,5.69,0.37,35.30,0.30,C3'-endo
63,63,0.47,A,A,A,1,0,0,0,0,),26,1,cWW,cW-W,5.37,2.98,0.70,1.39,3.73,5.23,4.79,3.53,BI,anti,A,4.31,4.59,2.88,3.92,3.12,3.96,3.82,4.51,6.28,5.89,0.62,5.64,0.41,37.77,0.33,C3'-endo
64,64,0.48,U,U,U,0,0,0,1,0,),25,1,cWW,cW-W,4.82,2.96,1.39,1.39,4.27,2.79,1.48,3.55,BII,anti,.,3.96,4.55,3.07,1.94,3.35,1.90,4.10,2.26,6.17,5.98,0.57,5.63,0.49,37.41,0.50,C3'-endo
65,65,0.49,A,A,A,1,0,0,0,0,.,,0,,,5.21,1.58,3.14,1.43,3.77,5.22,4.84,0.56,BI,syn,.,-3.68,4.30,5.31,2.84,4.89,3.29,4.64,2.99,6.15,6.03,0.52,5.67,0.47,34.94,0.54,C3'-endo
66,66,0.49,A,A,A,1,0,0,0,0,.,88,1,tHS,tM-m,5.01,3.07,1.01,1.41,3.88,5.52,4.64,4.00,BI,anti,.,3.01,4.71,2.89,4.95,3.29,4.97,3.06,5.37,0.06,5.84,0.64,5.66,0.36,37.91,0.24,C3'-endo
67,67,0.50,G,G,G,0,0,1,0,0,(,87,1,cWW,cW-W,2.96,3.66,3.00,1.46,3.59,5.09,4.78,3.41,BI,anti,.,4.39,4.48,3.03,3.94,3.80,3.66,4.71,3.92,0.01,5.90,0.59,5.68,0.37,35.48,0.31,C3'-endo
68,68,0.51,G,G,G,0,0,1,0,0,(,86,1,cWW,cW-W,2.30,3.26,3.47,1.41,3.77,5.42,4.64,3.38,BI,anti,.,4.51,4.64,2.74,3.42,2.99,3.49,3.61,3.95,0.05,5.84,0.65,5.64,0.37,38.34,0.26,C3'-endo
69,69,0.51,C,C,C,0,1,0,0,0,(,85,1,cWW,cW-W,4.22,2.61,2.27,1.31,3.70,4.96,5.02,3.20,BI,anti,.,4.51,4.53,3.06,3.23,3.37,3.26,4.06,3.60,6.19,5.95,0.62,5.59,0.49,39.43,0.46,C3'-endo
70,70,0.52,C,C,C,0,1,0,0,0,(,83,1,cWW,cW-W,5.18,3.25,0.66,1.12,1.14,1.01,0.13,3.43,..,anti,.,3.71,3.78,3.35,3.79,3.45,3.76,3.82,4.06,0.06,5.75,0.78,5.52,0.44,45.94,0.25,C3'-endo
71,71,0.53,G,G,G,0,0,1,0,0,(,82,1,cWW,cW-W,2.14,3.68,2.19,1.26,4.35,4.74,5.89,3.23,..,anti,A,4.49,4.64,2.64,3.76,2.92,3.77,3.41,4.30,6.20,5.92,0.64,5.57,0.50,40.86,0.44,C3'-endo
72,72,0.54,U,U,U,0,0,0,1,0,(,81,1,cWW,cW-W,5.07,2.40,1.38,1.24,4.15,4.43,6.00,3.16,..,anti,A,4.68,4.72,2.80,3.52,3.07,3.55,3.87,3.97,6.25,5.86,0.69,5.55,0.48,42.47,0.37,C3'-endo
73,73,0.54,C,C,C,0,1,0,0,0,(,80,1,cWW,cW-W,5.66,2.42,0.94,1.35,3.96,4.58,5.67,3.30,..,anti,A,4.49,4.58,3.06,4.00,3.25,3.76,3.84,4.05,6.18,5.96,0.60,5.61,0.49,38.62,0.48,C3'-endo
74,74,0.55,U,U,U,0,0,0,1,0,(,79,1,cWW,cW-W,1.24,3.55,4.38,1.63,4.27,4.80,5.75,3.44,..,anti,.,4.46,4.83,2.90,3.95,2.97,3.92,3.58,4.66,0.33,5.71,0.59,5.86,0.06,34.90,6.05,C2'-exo
75,75,0.56,G,G,G,0,0,1,0,0,.,78,1,tSH,tm-M,2.01,3.73,3.42,1.46,3.67,0.64,3.03,3.08,..,anti,.,4.74,4.73,2.48,5.04,2.98,3.53,4.17,2.47,0.32,5.63,0.72,5.73,0.15,41.48,6.16,C2'-exo
76,76,0.57,A,A,A,1,0,0,0,0,.,,0,,,2.78,1.13,0.65,1.57,4.58,4.39,0.19,3.19,..,anti,B,4.19,4.30,5.68,4.44,0.89,4.30,0.50,4.68,0.10,5.89,0.52,5.81,0.24,29.81,0.14,C3'-endo
77,77,0.57,A,A,A,1,0,0,0,0,.,,0,,,5.32,2.05,1.31,1.45,2.94,5.01,4.21,3.43,BI,anti,.,3.76,3.88,2.61,4.04,3.32,3.72,4.31,4.32,6.13,6.06,0.49,5.69,0.47,33.46,0.58,C3'-endo
78,78,0.58,A,A,A,1,0,0,0,0,.,75,1,tHS,tM-m,3.52,4.31,1.61,1.33,3.57,5.13,4.73,3.77,BI,anti,.,3.88,4.50,2.71,4.57,2.94,4.51,3.85,5.18,6.19,5.95,0.61,5.60,0.49,38.85,0.47,C3'-endo
79,79,0.59,A,A,A,1,0,0,0,0,),74,1,cWW,cW-W,2.40,3.80,3.31,1.58,3.85,4.78,5.35,3.16,BI,anti,A,4.63,4.64,3.09,3.75,3.63,3.63,4.86,4.03,0.16,5.85,0.53,5.83,0.19,30.49,0.03,C3'-endo
80,80,0.60,G,G,G,0,0,1,0,0,),73,1,cWW,cW-W,1.56,3.32,4.21,1.72,3.63,5.02,4.89,3.19,BI,anti,A,4.55,4.61,2.88,3.72,3.14,3.84,3.93,4.34,0.36,5.74,0.52,5.95,6.27,31.81,5.94,C2'-exo
81,81,0.60,A,A,A,1,0,0,0,0,),72,1,cWW,cW-W,3.25,3.75,2.38,1.43,4.48,4.72,6.04,3.05,..,anti,.,4.34,4.44,2.89,4.04,3.32,4.02,4.00,4.58,6.21,5.96,0.58,5.65,0.45,36.64,0.44,C3'-endo
82,82,0.61,U,U,U,0,0,0,1,0,),71,1,cWW,cW-W,5.42,2.51,0.93,1.29,3.74,4.61,5.41,3.47,BI,anti,A,4.29,4.47,2.68,3.44,3.07,3.57,3.98,3.58,6.12,6.00,0.60,5.57,0.55,40.29,0.55,C3'-endo
83,83,0.62,G,G,G,0,0,1,0,0,),70,1,cWW,cW-W,5.57,2.88,0.91,2.60,4.65,4.55,0.10,4.25,..,anti,.,0.82,0.81,3.54,5.59,3.89,4.53,3.83,3.56,5.82,0.72,5.61,0.43,0.02,41.44,2.79,C2'-endo
84,84,0.63,U,U,U,0,0,0,1,0,.,,0,,,1.01,2.77,1.52,1.41,3.77,0.78,2.99,3.77,..,anti,.,3.72,4.50,5.04,6.16,6.14,5.72,0.95,5.02,6.17,6.00,0.56,5.64,0.48,36.38,0.51,C3'-endo
85,85,0.63,G,G,G,0,0,1,0,0,),69,1,cWW,cW-W,1.90,2.70,4.82,1.42,3.77,4.93,5.12,3.14,BI,anti,A,4.65,4.67,3.74,3.00,4.31,3.30,5.39,3.92,0.10,5.81,0.64,5.68,0.32,37.45,0.18,C3'-endo
86,86,0.64,C,C,C,0,1,0,0,0,),68,1,cWW,cW-W,5.21,3.19,0.91,1.39,3.50,4.76,5.02,3.49,BI,anti,A,4.41,4.57,3.06,3.87,3.23,3.70,3.68,3.95,0.02,5.87,0.63,5.64,0.39,38.02,0.30,C3'-endo
87,87,0.65,C,C,C,0,1,0,0,0,),67,1,cWW,cW-W,2.11,3.40,3.67,1.65,4.26,4.80,5.75,3.14,..,anti,A,4.75,4.80,3.03,3.52,3.11,3.73,3.63,4.41,0.34,5.72,0.57,5.88,0.04,34.02,6.03,C2'-exo
88,88,0.66,G,G,G,0,0,1,0,0,.,66,1,tSH,tm-M,5.50,2.75,0.80,1.51,4.38,3.97,0.41,3.43,..,anti,.,4.13,4.53,3.06,3.23,3.40,3.65,4.15,3.88,6.26,5.95,0.54,5.72,0.37,32.74,0.36,C3'-endo
89,89,0.66,C,C,C,0,1,0,0,0,.,,0,,,5.52,3.31,0.87,2.53,4.58,5.22,5.64,3.84,..,anti,.,0.82,0.88,4.12,5.52,4.00,5.31,3.71,5.80,5.90,0.62,5.68,0.40,6.27,36.42,2.83,C2'-endo
90,90,0.67,A,A,A,1,0,0,0,0,(,131,1,cWW,cW-W,5.08,3.26,1.07,1.40,3.50,5.03,4.76,3.51,BI,anti,A,4.37,4.55,2.80,3.63,3.61,3.64,4.07,4.11,0.07,5.83,0.65,5.66,0.35,37.96,0.22,C3'-endo
91,91,0.68,A,A,A,1,0,0,0,0,(,130,1,cWW,cW-W,5.23,3.01,0.89,1.42,3.76,5.05,4.99,3.46,BI,anti,A,4.46,4.67,3.00,3.83,3.20,3.84,3.89,4.31,0.10,5.81,0.65,5.68,0.32,37.70,0.17,C3'-endo
92,92,0.69,C,C,C,0,1,0,0,0,(,129,1,cWW,cW-W,4.99,2.80,1.28,1.38,3.63,5.07,4.85,3.29,BI,anti,A,4.59,4.62,2.88,3.74,3.21,3.73,4.04,4.17,0.05,5.83,0.66,5.63,0.38,39.16,0.25,C3'-endo
93,93,0.69,G,G,G,0,0,1,0,0,(,"96,128",2,"cWH,cWW","cW+M,cW-W",5.11,2.96,1.22,1.53,3.77,4.83,5.22,3.38,BI,anti,.,3.99,4.21,3.16,3.73,3.45,3.81,4.14,3.99,6.24,5.99,0.49,5.75,0.36,30.62,0.40,C3'-endo
94,94,0.70,C,C,C,0,1,0,0,0,.,126,1,tWH,tW-M,5.27,2.96,1.06,2.48,4.89,2.32,2.57,4.03,BII,anti,.,0.68,0.59,3.59,2.52,3.94,2.17,4.12,1.88,5.83,0.65,5.70,0.34,0.06,36.93,2.71,C2'-endo
95,95,0.71,U,U,U,0,0,0,1,0,.,,0,,,3.03,3.26,0.85,1.45,3.63,5.09,4.83,3.31,BI,anti,A,4.54,4.56,2.01,3.78,1.80,3.81,1.78,4.28,0.03,5.89,0.59,5.69,0.35,35.10,0.27,C3'-endo
96,96,0.72,C,C,C,0,1,0,0,0,.,"93,128",2,"cHW,cWS","cM+W,cW-m",5.06,3.06,0.98,1.37,3.70,5.19,4.79,3.23,BI,anti,A,4.63,4.64,2.91,3.87,3.14,3.93,3.87,4.65,0.00,5.88,0.63,5.63,0.41,38.22,0.32,C3'-endo
97,97,0.72,U,U,U,0,0,0,1,0,(,126,1,cWW,cW-W,5.04,3.29,0.82,1.44,3.59,4.71,5.16,3.40,BI,anti,A,4.51,4.62,2.91,3.89,3.19,3.73,4.18,4.08,0.10,5.81,0.65,5.67,0.32,37.96,0.18,C3'-endo
98,98,0.73,G,G,G,0,0,1,0,0,(,125,1,cWW,cW-W,1.64,3.31,4.06,1.78,3.95,5.00,5.23,3.22,BI,anti,A,4.67,4.74,2.94,3.46,3.04,3.64,3.68,4.12,0.43,5.70,0.52,6.00,6.20,33.23,5.81,C2'-exo
99,99,0.74,C,C,C,0,1,0,0,0,(,124,1,cWW,cW-W,5.28,2.96,0.80,1.45,3.63,5.09,4.82,3.38,BI,anti,A,4.52,4.60,2.84,3.82,3.21,3.82,3.86,4.31,0.09,5.83,0.63,5.69,0.32,36.69,0.19,C3'-endo
100,100,0.75,C,C,C,0,1,0,0,0,(,123,1,cWW,cW-W,5.05,2.99,1.04,1.41,3.58,5.07,4.80,3.37,BI,anti,A,4.49,4.56,2.90,3.72,3.19,3.70,3.98,4.05,0.04,5.86,0.63,5.66,0.37,37.28,0.27,C3'-endo
101,101,0.75,C,C,C,0,1,0,0,0,(,122,1,cWW,cW-W,4.93,3.13,1.05,1.39,3.77,4.81,5.25,3.32,BI,anti,A,4.59,4.64,2.91,3.66,3.09,3.71,3.70,4.17,0.02,5.86,0.63,5.64,0.39,37.93,0.29,C3'-endo
102,102,0.76,C,C,C,0,1,0,0,0,(,121,1,cWW,cW-W,5.50,2.81,0.82,1.41,3.59,5.07,4.80,3.37,BI,anti,A,4.42,4.52,2.98,3.74,3.23,3.73,3.93,4.18,0.01,5.88,0.62,5.66,0.39,37.08,0.31,C3'-endo
103,103,0.77,U,U,U,0,0,0,1,0,(,120,1,cWW,cW-W,5.04,3.09,0.96,1.40,3.74,4.84,5.18,3.44,BI,anti,A,4.45,4.64,2.90,3.68,3.12,3.71,3.83,4.23,0.08,5.82,0.65,5.66,0.34,38.15,0.20,C3'-endo
104,104,0.78,U,U,U,0,0,0,1,0,(,119,1,cWW,cW-W,5.52,2.84,0.74,1.41,3.55,4.62,5.22,3.49,BI,anti,A,4.43,4.59,2.95,3.88,3.19,3.72,3.96,4.15,0.10,5.81,0.64,5.68,0.32,37.52,0.18,C3'-endo
105,105,0.78,A,A,A,1,0,0,0,0,(,118,1,cWW,cW-W,2.45,3.62,3.15,1.58,4.58,4.30,0.28,3.07,..,anti,A,4.72,4.81,2.95,3.55,3.08,3.67,3.80,4.10,0.32,5.70,0.61,5.84,0.08,35.69,6.09,C2'-exo
106,106,0.79,A,A,A,1,0,0,0,0,(,117,1,cWW,cW-W,5.71,2.29,0.71,1.29,3.88,4.37,5.79,3.29,..,anti,A,4.63,4.71,2.74,3.55,3.05,3.57,3.71,3.89,0.03,5.83,0.69,5.59,0.42,41.36,0.28,C3'-endo
107,107,0.80,A,A,A,1,0,0,0,0,(,116,1,cWW,cW-W,5.89,2.52,0.59,1.38,3.78,5.03,5.04,3.37,BI,anti,A,4.60,4.71,3.01,3.88,3.11,3.93,3.62,4.38,0.05,5.85,0.63,5.67,0.36,37.18,0.25,C3'-endo
108,108,0.81,G,G,G,0,0,1,0,0,(,115,1,cWW,cW-W,4.98,2.70,1.51,1.54,4.03,4.74,5.58,3.18,..,anti,.,4.46,4.55,3.14,3.69,3.48,3.58,4.24,3.89,0.14,5.86,0.53,5.82,0.21,30.55,0.07,C3'-endo
109,109,0.81,C,C,C,0,1,0,0,0,(,114,1,cWW,cW-W,4.44,2.71,1.55,1.54,3.84,4.69,5.43,3.33,BI,anti,.,4.58,4.64,2.68,4.48,2.91,4.38,3.51,4.88,6.28,5.98,0.49,5.78,0.32,29.51,0.34,C3'-endo
110,110,0.82,U,U,U,0,0,0,1,0,.,113,1,cWW,cW-W,2.73,4.24,2.91,1.41,,,,3.16,..,anti,-,,,,,,,,,6.25,5.93,0.58,5.66,0.41,35.93,0.37,C3'-endo
111,not resolved,0.83,-,-,-,0,0,0,0,1,,,0,,,,,,,,,,,,,,,,,,,,,,,,,,,,,
112,not resolved,0.84,-,-,-,0,0,0,0,1,,,0,,,,,,,,,,,,,,,,,,,,,,,,,,,,,
113,113,0.84,U,U,U,0,0,0,1,0,.,110,1,cWW,cW-W,,3.78,2.62,1.58,4.32,3.81,0.52,3.08,..,anti,.,4.47,4.56,,3.66,,3.75,,4.20,0.08,5.91,0.51,5.81,0.25,29.65,0.17,C3'-endo
114,114,0.85,G,G,G,0,0,1,0,0,),109,1,cWW,cW-W,0.30,1.81,0.27,1.47,3.68,4.87,5.09,3.49,BI,anti,A,4.34,4.54,2.87,3.95,3.12,3.93,3.76,4.51,6.27,5.93,0.56,5.70,0.38,34.11,0.34,C3'-endo
115,115,0.86,C,C,C,0,1,0,0,0,),108,1,cWW,cW-W,5.38,2.81,0.93,1.49,3.62,4.90,5.01,3.47,BI,anti,A,4.42,4.57,2.99,3.70,3.31,3.64,4.27,3.78,0.05,5.88,0.59,5.70,0.34,35.06,0.25,C3'-endo
116,116,0.87,U,U,U,0,0,0,1,0,),107,1,cWW,cW-W,5.41,2.91,0.86,1.36,3.61,4.61,5.28,3.42,BI,anti,A,4.28,4.41,3.05,3.90,3.24,3.78,3.63,4.36,6.17,6.01,0.54,5.66,0.47,35.66,0.51,C3'-endo
117,117,0.87,U,U,U,0,0,0,1,0,),106,1,cWW,cW-W,2.33,3.76,3.26,1.53,4.26,4.69,5.85,3.14,..,anti,A,4.60,4.69,2.91,3.60,3.12,3.70,4.00,4.29,0.16,5.81,0.58,5.78,0.22,33.44,0.05,C3'-endo
118,118,0.88,U,U,U,0,0,0,1,0,),105,1,cWW,cW-W,5.71,2.63,0.54,1.35,3.62,5.02,4.88,3.48,BI,anti,A,4.41,4.60,2.75,3.69,3.10,3.73,3.97,4.23,6.26,5.89,0.65,5.61,0.44,39.45,0.36,C3'-endo
119,119,0.89,A,A,A,1,0,0,0,0,),104,1,cWW,cW-W,5.07,2.98,1.08,1.41,3.79,4.83,5.24,3.40,BI,anti,A,4.44,4.61,2.98,3.66,3.19,3.66,3.91,4.10,0.02,5.88,0.61,5.66,0.38,36.90,0.30,C3'-endo
120,120,0.90,A,A,A,1,0,0,0,0,),103,1,cWW,cW-W,5.11,2.76,1.13,1.41,3.75,4.95,5.08,3.36,BI,anti,A,4.52,4.62,2.91,3.78,3.14,3.74,3.83,4.19,0.03,5.87,0.62,5.66,0.37,37.07,0.28,C3'-endo
121,121,0.90,G,G,G,0,0,1,0,0,),102,1,cWW,cW-W,5.24,2.93,0.86,1.38,3.63,5.06,4.85,3.35,BI,anti,A,4.60,4.66,2.85,3.72,3.10,3.73,3.89,4.17,0.07,5.82,0.67,5.63,0.37,39.40,0.23,C3'-endo
122,122,0.91,G,G,G,0,0,1,0,0,),101,1,cWW,cW-W,5.18,3.13,0.86,1.37,3.73,5.19,4.82,3.44,BI,anti,A,4.51,4.69,2.94,3.84,3.13,3.86,3.83,4.26,0.10,5.78,0.70,5.62,0.35,40.63,0.19,C3'-endo
123,123,0.92,G,G,G,0,0,1,0,0,),100,1,cWW,cW-W,4.62,2.83,1.68,1.33,3.74,4.89,5.14,3.26,BI,anti,A,4.66,4.68,2.93,3.53,3.24,3.54,3.97,4.01,0.05,5.83,0.67,5.62,0.39,39.82,0.26,C3'-endo
124,124,0.93,G,G,G,0,0,1,0,0,),99,1,cWW,cW-W,5.33,3.00,0.86,1.46,3.81,5.14,4.96,3.50,BI,anti,A,4.35,4.63,3.06,3.97,3.24,3.97,3.90,4.42,0.10,5.82,0.63,5.69,0.31,36.68,0.18,C3'-endo
125,125,0.93,C,C,C,0,1,0,0,0,),98,1,cWW,cW-W,4.97,2.79,1.36,1.34,3.51,4.80,4.99,3.45,BI,anti,A,4.35,4.43,2.91,3.92,3.29,3.72,4.07,4.19,6.15,6.00,0.58,5.61,0.51,38.12,0.53,C3'-endo
126,126,0.94,A,A,A,1,0,0,0,0,),"94,97",2,"tHW,cWW","tM-W,cW-W",2.46,3.60,3.27,1.52,3.54,4.71,5.11,3.29,BI,anti,.,4.44,4.50,2.95,3.12,3.21,2.71,4.05,1.87,0.12,5.84,0.59,5.75,0.27,33.86,0.13,C3'-endo
127,127,0.95,U,U,U,0,0,0,1,0,.,,0,,,3.63,3.26,0.76,2.48,4.63,4.98,5.93,4.44,..,anti,.,0.88,0.89,1.72,5.33,1.88,5.03,1.10,5.64,5.82,0.67,5.68,0.35,0.07,38.11,2.71,C2'-endo
128,128,0.96,C,C,C,0,1,0,0,0,),"93,96",2,"cWW,cSW","cW-W,cm-W",4.83,3.28,0.83,1.41,3.63,5.08,4.84,3.36,BI,anti,A,4.55,4.61,2.39,3.71,3.13,3.79,3.57,4.30,0.04,5.85,0.64,5.65,0.37,37.67,0.26,C3'-endo
129,129,0.96,G,G,G,0,0,1,0,0,),92,1,cWW,cW-W,4.97,3.18,0.99,1.46,3.62,4.97,4.93,3.38,BI,anti,A,4.46,4.55,2.92,3.70,3.15,3.73,3.86,4.13,0.06,5.86,0.61,5.70,0.33,35.65,0.23,C3'-endo
130,130,0.97,U,U,U,0,0,0,1,0,),91,1,cWW,cW-W,5.27,3.05,0.84,1.47,3.63,5.08,4.83,3.58,BI,anti,A,4.12,4.47,3.00,3.81,3.22,3.81,3.82,4.21,0.06,5.87,0.59,5.71,0.33,34.79,0.23,C3'-endo
131,131,0.98,U,U,U,0,0,0,1,0,),90,1,cWW,cW-W,4.96,2.99,1.10,1.44,3.93,0.50,3.42,3.73,..,anti,.,3.68,4.48,2.93,5.81,3.18,5.16,3.78,3.43,6.22,5.96,0.56,5.67,0.42,35.31,0.42,C3'-endo
132,132,0.99,U,U,U,0,0,0,1,0,.,,0,,,2.95,2.68,1.03,2.50,4.75,1.33,3.42,0.40,..,syn,.,-0.51,0.75,1.17,2.01,2.19,1.67,1.18,1.93,5.82,0.67,5.67,0.37,0.05,38.51,2.73,C2'-endo
133,133,0.99,A,A,A,1,0,0,0,0,.,,0,,,2.36,3.63,2.44,2.39,5.76,5.03,0.73,4.80,..,anti,.,-0.22,0.22,3.93,4.89,3.50,4.21,3.66,4.55,5.94,0.54,5.76,0.34,6.28,31.79,2.82,C2'-endo
134,134,1.00,U,U,U,0,0,0,1,0,.,,0,,,5.26,5.86,3.39,1.57,,,,3.42,n/a,anti,-,,,,,,,,,6.08,6.19,0.34,5.82,0.42,26.80,0.77,C4'-exo
