index_chain,old_nt_resnum,nt_position,nt_name,nt_code,nt_align_code,is_A,is_C,is_G,is_U,is_other,dbn,paired,nb_interact,pair_type_LW,pair_type_DSSR,alpha,beta,gamma,delta,epsilon,zeta,epsilon_zeta,chi,bb_type,glyco_bond,form,ssZp,Dp,eta,theta,eta_prime,theta_prime,eta_base,theta_base,v0,v1,v2,v3,v4,amplitude,phase_angle,puckering
1,1,0.01,G,G,G,0,0,1,0,0,(,81,1,cWW,cW-W,,2.71,0.99,1.46,3.70,5.07,4.91,3.34,BI,anti,A,4.63,4.69,,3.92,,3.87,,4.07,0.14,5.79,0.65,5.70,0.28,37.24,0.11,C3'-endo
2,2,0.02,G,G,G,0,0,1,0,0,(,80,1,cWW,cW-W,5.03,3.13,1.12,1.40,3.86,4.54,5.61,3.44,BI,anti,.,4.47,4.67,3.07,3.44,3.29,3.52,3.77,3.82,0.01,5.88,0.62,5.65,0.39,37.31,0.30,C3'-endo
3,3,0.04,U,U,U,0,0,0,1,0,(,79,1,cWW,cW-W,5.33,2.65,1.12,1.41,3.71,4.95,5.04,3.46,BI,anti,A,4.47,4.64,3.07,3.75,3.24,3.67,3.65,3.99,0.04,5.86,0.63,5.66,0.37,37.57,0.27,C3'-endo
4,4,0.05,G,G,G,0,0,1,0,0,(,78,1,cWW,cW-W,4.95,3.16,0.89,1.41,3.56,4.88,4.96,3.52,BI,anti,.,4.42,4.62,2.76,4.14,2.93,4.02,3.55,4.22,0.08,5.82,0.64,5.67,0.34,37.71,0.21,C3'-endo
5,5,0.06,G,G,G,0,0,1,0,0,(,77,1,cWW,cW-W,2.40,3.78,3.46,1.42,3.86,4.87,5.27,3.09,BI,anti,A,4.58,4.62,3.13,3.15,3.41,3.29,3.98,3.90,0.00,5.89,0.61,5.66,0.39,36.69,0.32,C3'-endo
6,6,0.07,G,G,G,0,0,1,0,0,(,76,1,cWW,cW-W,4.80,2.97,1.27,1.49,3.56,4.96,4.88,3.22,BI,anti,A,4.42,4.50,2.85,3.69,3.12,3.76,3.90,4.04,0.06,5.87,0.58,5.72,0.32,34.31,0.23,C3'-endo
7,7,0.08,G,G,G,0,0,1,0,0,(,75,1,cWW,cW-W,5.10,3.11,1.35,2.57,4.49,5.64,5.13,3.83,..,anti,.,0.97,1.01,3.61,5.94,4.03,5.55,4.32,6.00,5.95,0.59,5.67,0.43,6.22,35.90,2.92,C2'-endo
8,8,0.10,U,U,U,0,0,0,1,0,.,"14,22",2,"tWH,tSW","tW-M,tm+W",4.73,3.61,1.08,1.42,3.87,4.27,5.89,3.61,..,anti,.,4.12,4.62,2.77,2.96,3.50,3.53,3.76,3.27,6.28,5.90,0.60,5.67,0.39,36.31,0.33,C3'-endo
9,9,0.11,U,U,U,0,0,0,1,0,.,24,1,tHH,tM+M,4.85,3.85,0.88,2.49,4.57,4.70,6.15,4.67,..,anti,.,0.71,0.94,3.75,5.34,3.39,4.30,2.86,4.35,5.86,0.64,5.68,0.37,0.02,36.73,2.78,C2'-endo
10,10,0.12,C,C,C,0,1,0,0,0,(,26,1,cWW,cW-W,3.28,2.83,0.94,1.48,3.96,4.83,5.41,3.19,BI,anti,A,4.60,4.64,0.68,3.87,1.71,3.90,2.32,4.23,0.07,5.86,0.60,5.71,0.32,35.00,0.22,C3'-endo
11,11,0.13,C,C,C,0,1,0,0,0,(,25,1,cWW,cW-W,5.00,3.02,1.05,1.48,3.32,4.74,4.86,3.45,BI,anti,A,4.28,4.36,2.84,3.91,3.12,3.83,3.73,4.35,0.03,5.90,0.57,5.71,0.34,34.03,0.28,C3'-endo
12,12,0.14,C,C,C,0,1,0,0,0,(,24,1,cWW,cW-W,3.22,3.89,2.39,1.42,3.73,5.14,4.88,3.35,BI,anti,.,4.52,4.60,2.75,4.49,3.09,4.19,3.92,4.71,0.03,5.88,0.61,5.68,0.37,36.31,0.28,C3'-endo
13,13,0.16,G,G,G,0,0,1,0,0,.,23,1,tSH,tm-M,2.79,3.46,2.95,1.45,4.03,4.30,6.01,3.19,..,anti,.,4.51,4.57,2.77,3.31,3.20,3.10,4.23,2.90,6.26,5.93,0.57,5.69,0.39,34.64,0.35,C3'-endo
14,14,0.17,A,A,A,1,0,0,0,0,.,"8,22",2,"tHW,cWS","tM-W,cW-m",1.29,3.87,4.26,1.49,3.66,5.03,4.91,3.28,BI,anti,.,4.60,4.63,3.12,3.61,3.01,3.82,2.92,4.89,0.13,5.81,0.61,5.73,0.27,35.34,0.12,C3'-endo
15,15,0.18,G,G,G,0,0,1,0,0,.,"21,57",2,"cSW,tWW","cm-W,tW+W",2.81,3.95,2.65,1.42,4.10,4.11,6.27,3.17,..,anti,.,4.71,4.74,2.66,2.40,3.29,2.34,4.71,2.25,0.07,5.84,0.63,5.68,0.34,36.88,0.22,C3'-endo
16,16,0.19,C,C,C,0,1,0,0,0,.,,0,,,3.23,1.71,2.45,1.42,3.97,0.65,3.32,3.64,..,anti,.,4.02,4.61,2.70,5.23,2.29,4.47,1.77,3.93,6.26,5.92,0.58,5.67,0.40,35.80,0.36,C3'-endo
17,17,0.20,G,G,G,0,0,1,0,0,.,64,1,tWS,tW+m,2.62,2.24,5.84,2.61,4.34,2.67,1.68,4.69,BII,anti,.,0.79,1.14,5.35,3.31,0.19,3.56,0.58,3.99,5.95,0.60,5.66,0.45,6.20,36.65,2.94,C2'-endo
18,18,0.22,G,G,G,0,0,1,0,0,.,65,1,cWW,cW-W,0.41,2.03,6.21,2.65,4.68,3.35,1.33,4.89,BII,anti,.,0.13,0.67,3.66,3.74,3.77,3.73,4.01,4.39,5.97,0.60,5.64,0.48,6.17,37.42,2.98,C2'-endo
19,19,0.23,C,C,C,0,1,0,0,0,.,,0,,,5.17,2.92,1.01,1.42,3.24,1.96,1.28,3.51,..,anti,.,4.33,4.42,3.70,0.79,3.74,5.94,4.21,4.33,0.03,5.87,0.62,5.66,0.37,36.84,0.28,C3'-endo
20,20,0.24,C,C,C,0,1,0,0,0,.,,0,,,1.21,2.89,0.56,1.43,4.48,5.66,5.11,3.56,..,anti,.,3.86,4.61,5.51,5.58,0.21,4.83,1.67,3.82,6.26,5.92,0.58,5.67,0.40,35.70,0.36,C3'-endo
21,21,0.25,A,A,A,1,0,0,0,0,.,15,1,cWS,cW-m,2.32,2.28,0.62,1.41,4.41,5.27,5.42,3.21,..,anti,.,4.66,4.78,5.37,5.27,0.03,5.18,0.54,4.96,0.08,5.83,0.64,5.67,0.34,37.35,0.21,C3'-endo
22,22,0.27,A,A,A,1,0,0,0,0,.,"8,14,56",3,"tWS,cSW,tHW","tW+m,cm-W,tM-W",1.93,4.02,4.78,1.49,4.42,3.65,0.77,2.86,..,anti,.,4.47,4.58,3.97,2.25,4.43,2.57,5.12,2.91,0.04,5.90,0.56,5.73,0.32,33.28,0.26,C3'-endo
23,23,0.28,A,A,A,1,0,0,0,0,.,13,1,tHS,tM-m,0.61,3.23,5.25,1.51,4.18,0.02,4.16,3.58,..,anti,.,4.09,4.70,3.29,4.29,2.98,4.35,2.60,5.06,0.09,5.86,0.58,5.74,0.29,33.97,0.17,C3'-endo
24,24,0.29,G,G,G,0,0,1,0,0,),"9,12",2,"tHH,cWW","tM+M,cW-W",4.09,1.54,2.98,1.45,4.02,4.73,5.58,3.14,..,anti,A,4.72,4.72,3.12,2.70,3.47,3.05,4.44,3.71,0.09,5.83,0.62,5.70,0.31,36.15,0.18,C3'-endo
25,25,0.30,G,G,G,0,0,1,0,0,),11,1,cWW,cW-W,5.48,2.78,0.73,1.39,3.96,4.88,5.36,3.23,BI,anti,A,4.73,4.76,2.91,3.84,3.13,3.89,3.86,4.52,0.07,5.82,0.66,5.65,0.36,38.56,0.22,C3'-endo
26,26,0.31,G,G,G,0,0,1,0,0,),10,1,cWW,cW-W,5.25,2.77,0.97,1.37,3.89,5.23,4.95,3.10,BI,anti,.,4.80,4.78,2.85,4.12,3.13,4.15,4.12,4.78,0.10,5.78,0.69,5.63,0.35,40.50,0.19,C3'-endo
27,27,0.33,A,A,A,1,0,0,0,0,.,45,1,cW.,cW-.,5.02,3.17,1.11,1.43,3.76,5.02,5.03,3.19,BI,anti,A,4.52,4.56,3.00,3.82,3.36,3.86,4.40,4.38,6.27,5.91,0.59,5.68,0.39,35.54,0.34,C3'-endo
28,28,0.34,G,G,G,0,0,1,0,0,(,44,1,cWW,cW-W,5.11,3.15,0.86,1.46,3.75,4.99,5.04,3.44,BI,anti,A,4.32,4.51,2.92,3.80,3.15,3.84,3.89,4.41,0.01,5.91,0.58,5.70,0.37,34.69,0.32,C3'-endo
29,29,0.35,C,C,C,0,1,0,0,0,(,43,1,cWW,cW-W,5.17,2.90,0.95,1.39,3.86,4.88,5.25,3.59,BI,anti,A,4.19,4.65,2.88,3.76,3.15,3.77,3.95,4.22,0.00,5.89,0.62,5.65,0.40,37.47,0.32,C3'-endo
30,30,0.36,A,A,A,1,0,0,0,0,(,42,1,cWW,cW-W,5.25,2.82,0.94,1.37,3.66,4.95,4.99,3.29,BI,anti,A,4.60,4.61,2.84,3.66,3.09,3.67,3.82,4.07,6.28,5.88,0.64,5.63,0.42,38.66,0.33,C3'-endo
31,31,0.37,G,G,G,0,0,1,0,0,(,41,1,cWW,cW-W,5.16,2.88,1.16,1.41,3.81,5.11,4.98,3.27,BI,anti,.,4.49,4.55,3.07,3.96,3.29,3.97,3.93,4.80,6.25,5.92,0.59,5.66,0.41,36.38,0.37,C3'-endo
32,32,0.39,A,A,A,1,0,0,0,0,.,40,1,cWW,cW-W,5.06,2.95,1.00,1.45,3.95,5.01,5.22,3.33,BI,anti,.,4.47,4.60,2.88,4.02,3.23,4.06,4.40,4.89,0.02,5.90,0.59,5.69,0.36,35.22,0.29,C3'-endo
33,33,0.40,C,C,C,0,1,0,0,0,.,39,1,t.W,t.-W,5.26,2.84,0.88,1.41,4.03,4.74,5.58,3.55,..,anti,A,4.20,4.67,2.87,3.80,3.21,3.83,4.35,4.18,0.02,5.88,0.61,5.66,0.38,36.72,0.30,C3'-endo
34,34,0.41,U,U,U,0,0,0,1,0,.,37,1,tSH,tm-M,5.36,2.77,0.81,1.36,3.92,5.04,5.17,3.57,BI,anti,.,4.22,4.67,2.84,4.30,3.04,3.57,3.60,2.51,6.27,5.88,0.64,5.62,0.42,38.60,0.34,C3'-endo
35,35,0.42,C,C,C,0,1,0,0,0,.,,0,,,2.99,2.94,0.74,1.49,3.79,5.11,4.96,3.26,BI,anti,A,4.47,4.54,0.37,3.99,0.77,4.01,0.40,4.48,0.04,5.89,0.57,5.72,0.33,33.89,0.26,C3'-endo
36,36,0.43,U,U,U,0,0,0,1,0,.,,0,,,5.01,3.09,0.93,1.40,3.83,5.05,5.06,3.49,BI,anti,.,4.39,4.65,2.83,3.87,3.11,3.92,3.87,4.67,0.00,5.88,0.62,5.65,0.40,37.35,0.32,C3'-endo
37,37,0.45,A,A,A,1,0,0,0,0,.,34,1,tHS,tM-m,5.10,2.89,1.02,1.40,3.65,4.89,5.04,3.35,BI,anti,A,4.60,4.66,2.80,3.63,3.14,3.62,4.22,4.02,0.06,5.84,0.65,5.65,0.36,38.21,0.24,C3'-endo
38,38,0.46,A,A,A,1,0,0,0,0,.,,0,,,5.25,2.91,1.02,1.40,4.03,4.99,5.33,3.09,BI,anti,.,4.79,4.76,3.10,4.01,3.25,4.08,3.87,4.84,0.07,5.83,0.65,5.65,0.35,38.19,0.23,C3'-endo
39,39,0.47,A,A,A,1,0,0,0,0,.,33,1,tW.,tW-.,5.23,2.87,0.98,1.44,3.84,5.07,5.05,3.17,BI,anti,A,4.67,4.68,2.89,3.98,3.26,4.00,4.40,4.60,0.07,5.84,0.62,5.69,0.33,36.37,0.21,C3'-endo
40,40,0.48,U,U,U,0,0,0,1,0,.,32,1,cWW,cW-W,5.11,3.08,0.97,1.43,3.76,5.06,4.99,3.35,BI,anti,A,4.54,4.63,2.92,3.87,3.23,3.90,4.15,4.47,0.05,5.86,0.62,5.67,0.36,36.80,0.25,C3'-endo
41,41,0.49,C,C,C,0,1,0,0,0,),31,1,cWW,cW-W,5.11,2.97,1.04,1.41,3.66,5.00,4.94,3.41,BI,anti,A,4.44,4.54,2.91,3.73,3.21,3.73,4.07,4.13,6.27,5.90,0.60,5.66,0.40,36.69,0.34,C3'-endo
42,42,0.51,U,U,U,0,0,0,1,0,),30,1,cWW,cW-W,5.08,3.05,1.00,1.40,3.92,4.78,5.43,3.48,BI,anti,A,4.39,4.67,2.98,3.66,3.18,3.69,3.77,4.06,0.01,5.88,0.62,5.65,0.39,37.22,0.31,C3'-endo
43,43,0.52,G,G,G,0,0,1,0,0,),29,1,cWW,cW-W,4.87,2.80,1.25,1.46,3.61,5.01,4.88,3.42,BI,anti,A,4.43,4.54,2.79,3.76,3.03,3.69,3.62,4.04,0.04,5.88,0.59,5.69,0.35,35.27,0.27,C3'-endo
44,44,0.53,C,C,C,0,1,0,0,0,),28,1,cWW,cW-W,5.08,3.05,0.99,1.44,4.00,5.56,4.72,3.69,..,anti,.,3.87,4.60,3.02,4.47,3.21,4.64,3.78,5.28,0.01,5.90,0.59,5.68,0.38,35.80,0.31,C3'-endo
45,45,0.54,C,C,C,0,1,0,0,0,.,27,1,c.W,c.-W,4.83,2.58,1.86,1.45,3.08,2.64,0.44,3.57,..,anti,.,4.13,4.23,3.04,1.24,3.92,0.19,5.04,5.54,6.27,5.92,0.58,5.68,0.38,35.12,0.34,C3'-endo
46,46,0.55,G,G,G,0,0,1,0,0,(,54,1,cWW,cW-W,1.25,3.77,1.57,1.47,3.62,4.94,4.96,3.50,BI,anti,A,4.42,4.61,0.41,3.80,1.02,3.73,2.20,3.85,0.09,5.83,0.62,5.70,0.31,36.23,0.18,C3'-endo
47,47,0.57,U,U,U,0,0,0,1,0,(,"53,54",2,"cWW,cWW","cW-W,cW-W",5.18,2.96,0.98,1.39,4.11,4.58,5.82,3.52,..,anti,.,4.21,4.68,3.06,3.68,3.20,3.77,3.56,4.28,6.27,5.90,0.61,5.65,0.40,36.98,0.34,C3'-endo
48,48,0.58,C,C,C,0,1,0,0,0,(,52,1,cWW,cW-W,5.35,2.64,0.95,1.34,3.85,0.06,3.78,3.44,..,anti,.,4.53,4.72,2.86,5.32,3.08,5.36,3.79,5.62,0.05,5.82,0.68,5.62,0.38,40.09,0.25,C3'-endo
49,49,0.59,A,A,A,1,0,0,0,0,.,,0,,,3.55,3.12,2.52,1.49,4.11,3.92,0.19,3.58,..,anti,.,4.16,4.74,3.14,2.15,4.00,1.56,5.10,0.66,0.10,5.84,0.60,5.72,0.29,35.10,0.17,C3'-endo
50,50,0.60,U,U,U,0,0,0,1,0,.,,0,,,5.57,4.35,3.10,1.44,3.91,5.04,5.15,3.55,BI,anti,.,4.25,4.64,0.76,4.17,1.02,3.82,1.75,4.21,0.02,5.89,0.59,5.68,0.37,35.62,0.30,C3'-endo
51,51,0.61,C,C,C,0,1,0,0,0,.,,0,,,3.11,3.18,2.64,1.46,3.74,5.80,4.23,3.50,BI,anti,.,4.36,4.59,2.54,4.23,2.96,4.33,3.74,5.24,0.02,5.89,0.59,5.70,0.36,34.96,0.28,C3'-endo
52,52,0.63,G,G,G,0,0,1,0,0,),48,1,cWW,cW-W,4.51,2.96,1.40,1.47,3.66,4.98,4.96,3.54,BI,anti,A,4.38,4.65,2.66,3.75,3.46,3.66,4.90,3.86,0.10,5.82,0.63,5.70,0.30,36.35,0.17,C3'-endo
53,53,0.64,A,A,A,1,0,0,0,0,),47,1,cWW,cW-W,5.05,2.96,1.07,1.43,3.70,4.92,5.06,3.46,BI,anti,A,4.40,4.57,2.93,3.69,3.15,3.69,3.64,4.16,0.00,5.90,0.59,5.68,0.38,35.73,0.32,C3'-endo
54,54,0.65,C,C,C,0,1,0,0,0,),"46,47",2,"cWW,cWW","cW-W,cW-W",5.00,2.87,1.20,1.44,3.70,5.03,4.95,3.50,BI,anti,A,4.40,4.60,2.93,3.81,3.19,3.80,3.90,4.20,0.03,5.88,0.61,5.67,0.37,36.31,0.28,C3'-endo
55,55,0.66,U,U,U,0,0,0,1,0,.,,0,,,4.97,3.21,1.04,1.45,3.62,4.98,4.93,3.51,BI,anti,A,4.33,4.54,2.97,3.70,3.19,3.73,3.83,4.13,0.03,5.88,0.59,5.69,0.35,35.26,0.27,C3'-endo
56,56,0.67,U,U,U,0,0,0,1,0,.,22,1,tWH,tW-M,5.12,3.01,0.96,1.43,4.38,4.35,0.03,3.66,..,anti,.,3.71,4.68,3.10,4.11,3.25,4.07,3.78,4.22,0.02,5.88,0.60,5.68,0.37,35.98,0.29,C3'-endo
57,57,0.69,C,C,C,0,1,0,0,0,.,15,1,tWW,tW+W,1.39,3.99,4.59,2.61,3.62,1.88,1.74,3.48,..,anti,.,1.75,1.93,3.85,0.81,3.94,0.61,4.14,4.59,6.06,0.50,5.71,0.46,6.13,33.09,3.08,C2'-endo
58,58,0.70,G,G,G,0,0,1,0,0,(,74,1,cWW,cW-W,0.85,3.12,0.89,1.45,3.71,5.04,4.96,3.17,BI,anti,A,4.45,4.51,5.53,3.82,5.67,3.85,1.92,4.30,6.27,5.92,0.57,5.69,0.38,34.80,0.34,C3'-endo
59,59,0.71,A,A,A,1,0,0,0,0,(,73,1,cWW,cW-W,4.91,3.20,0.94,1.42,3.63,4.92,4.99,3.42,BI,anti,A,4.49,4.60,2.82,3.61,3.05,3.63,3.74,4.02,0.04,5.86,0.62,5.66,0.37,37.14,0.27,C3'-endo
60,60,0.72,A,A,A,1,0,0,0,0,(,72,1,cWW,cW-W,5.17,2.94,0.99,1.40,3.73,4.92,5.09,3.35,BI,anti,A,4.57,4.65,2.96,3.70,3.15,3.70,3.74,4.12,0.04,5.86,0.63,5.66,0.37,37.47,0.27,C3'-endo
61,61,0.73,G,G,G,0,0,1,0,0,(,71,1,cWW,cW-W,5.19,2.88,0.99,1.39,3.77,5.02,5.04,3.28,BI,anti,A,4.66,4.68,2.92,3.82,3.14,3.84,3.84,4.50,0.04,5.85,0.64,5.65,0.38,38.22,0.27,C3'-endo
62,62,0.75,G,G,G,0,0,1,0,0,(,70,1,cWW,cW-W,5.11,2.91,1.08,1.42,3.63,4.94,4.97,3.23,BI,anti,A,4.62,4.63,2.90,3.68,3.22,3.68,4.23,3.92,0.07,5.83,0.64,5.67,0.34,37.43,0.22,C3'-endo
63,63,0.76,U,U,U,0,0,0,1,0,.,67,1,tWH,tW-M,5.16,3.14,0.98,1.44,4.06,5.03,5.32,3.42,BI,anti,.,4.40,4.65,3.16,4.10,3.28,4.20,3.66,5.01,0.02,5.89,0.60,5.68,0.37,35.73,0.29,C3'-endo
64,64,0.77,U,U,U,0,0,0,1,0,.,17,1,tSW,tm+W,5.27,2.79,1.01,1.43,4.11,5.24,5.15,3.53,..,anti,.,4.21,4.68,2.94,4.38,3.34,3.62,4.43,2.41,0.02,5.88,0.61,5.67,0.37,36.24,0.29,C3'-endo
65,65,0.78,C,C,C,0,1,0,0,0,.,18,1,cWW,cW-W,3.58,2.54,0.43,1.46,3.76,5.05,4.99,3.33,BI,anti,A,4.57,4.65,0.46,3.95,0.88,3.94,0.42,4.37,0.10,5.83,0.62,5.71,0.30,35.93,0.17,C3'-endo
66,66,0.80,G,G,G,0,0,1,0,0,.,,0,,,4.99,3.00,1.01,1.38,3.48,4.18,5.59,3.29,BI,anti,.,4.60,4.61,2.77,3.60,3.06,3.91,3.88,4.33,0.07,5.82,0.66,5.64,0.36,38.95,0.22,C3'-endo
67,67,0.81,A,A,A,1,0,0,0,0,.,63,1,tHW,tM-W,3.16,4.37,3.26,2.63,3.73,4.82,5.19,4.20,BI,anti,.,1.61,1.68,4.29,4.32,4.39,3.11,4.45,2.48,5.98,0.59,5.65,0.47,6.17,36.85,2.98,C2'-endo
68,68,0.82,A,A,A,1,0,0,0,0,.,,0,,,2.58,2.36,0.96,1.43,4.14,5.15,5.27,3.24,..,anti,.,4.57,4.64,6.19,4.36,0.75,4.45,0.97,5.43,6.27,5.91,0.59,5.67,0.40,36.12,0.34,C3'-endo
69,69,0.83,U,U,U,0,0,0,1,0,.,,0,,,5.18,2.90,1.22,2.49,4.35,5.27,5.36,4.33,..,anti,.,1.23,1.33,3.20,5.42,3.93,4.92,5.13,5.51,5.89,0.61,5.70,0.37,0.01,35.46,2.79,C2'-endo
70,70,0.84,C,C,C,0,1,0,0,0,),62,1,cWW,cW-W,4.69,3.26,0.51,1.41,3.63,4.96,4.95,3.29,BI,anti,A,4.55,4.57,1.98,3.54,2.74,3.66,3.44,4.06,0.02,5.88,0.62,5.66,0.38,36.91,0.29,C3'-endo
71,71,0.86,C,C,C,0,1,0,0,0,),61,1,cWW,cW-W,5.11,3.15,0.93,1.42,3.69,5.00,4.97,3.41,BI,anti,A,4.46,4.57,2.99,3.73,3.15,3.76,3.62,4.15,0.02,5.88,0.61,5.67,0.38,36.53,0.30,C3'-endo
72,72,0.87,U,U,U,0,0,0,1,0,),60,1,cWW,cW-W,5.12,3.02,0.96,1.40,3.69,5.00,4.98,3.46,BI,anti,A,4.39,4.57,2.91,3.73,3.14,3.74,3.74,4.19,0.00,5.89,0.62,5.65,0.40,37.17,0.32,C3'-endo
73,73,0.88,U,U,U,0,0,0,1,0,),59,1,cWW,cW-W,5.14,2.91,1.02,1.39,3.68,4.94,5.03,3.47,BI,anti,A,4.38,4.56,2.91,3.68,3.16,3.70,3.86,4.23,6.26,5.91,0.61,5.65,0.41,37.10,0.35,C3'-endo
74,74,0.89,C,C,C,0,1,0,0,0,),58,1,cWW,cW-W,5.22,2.88,1.04,1.42,4.14,4.68,5.75,3.49,..,anti,.,4.24,4.66,3.10,4.28,3.30,4.06,4.00,4.27,0.01,5.89,0.61,5.67,0.39,36.49,0.32,C3'-endo
75,75,0.90,C,C,C,0,1,0,0,0,),7,1,cWW,cW-W,1.61,3.89,3.99,1.42,4.09,4.75,5.62,3.31,..,anti,A,4.60,4.73,2.91,3.02,3.09,3.28,3.66,4.02,0.07,5.83,0.64,5.66,0.35,37.78,0.23,C3'-endo
76,76,0.92,C,C,C,0,1,0,0,0,),6,1,cWW,cW-W,5.29,2.55,1.21,1.43,3.68,5.07,4.89,3.29,BI,anti,A,4.54,4.58,2.93,3.89,3.30,3.82,4.19,4.31,0.03,5.87,0.61,5.67,0.37,36.58,0.28,C3'-endo
77,77,0.93,C,C,C,0,1,0,0,0,),5,1,cWW,cW-W,5.09,3.05,1.05,1.47,3.86,4.72,5.42,3.43,BI,anti,.,4.29,4.51,3.04,4.15,3.31,3.89,4.10,3.87,6.28,5.93,0.56,5.70,0.37,34.06,0.34,C3'-endo
78,78,0.94,C,C,C,0,1,0,0,0,),4,1,cWW,cW-W,1.65,3.64,4.03,1.45,4.24,4.67,5.86,3.35,..,anti,A,4.43,4.68,2.92,3.18,3.01,3.41,3.28,4.13,0.06,5.87,0.60,5.70,0.33,35.57,0.24,C3'-endo
79,79,0.95,A,A,A,1,0,0,0,0,),3,1,cWW,cW-W,5.58,2.67,0.62,1.38,4.12,4.42,5.98,3.39,..,anti,.,4.44,4.70,2.83,3.69,3.09,3.83,3.86,4.43,6.28,5.88,0.63,5.64,0.41,37.83,0.33,C3'-endo
80,80,0.96,C,C,C,0,1,0,0,0,),2,1,cWW,cW-W,5.71,2.41,0.90,1.42,3.71,4.45,5.55,3.57,BI,anti,.,4.25,4.57,3.03,3.98,3.32,3.70,4.08,3.60,6.28,5.90,0.60,5.67,0.39,36.20,0.32,C3'-endo
81,81,0.98,C,C,C,0,1,0,0,0,),1,1,cWW,cW-W,2.10,3.90,3.55,1.41,4.30,4.15,0.14,3.42,..,anti,.,4.36,4.74,3.06,3.61,3.13,3.86,3.33,4.16,0.06,5.84,0.64,5.66,0.35,37.62,0.24,C3'-endo
82,82,0.99,A,A,A,1,0,0,0,0,.,,0,,,0.95,2.11,1.09,1.46,4.55,5.38,5.45,3.22,..,anti,.,4.58,4.75,4.38,4.98,4.61,4.96,4.71,5.39,0.09,5.83,0.62,5.70,0.31,36.10,0.19,C3'-endo
83,83,1.00,C,C,C,0,1,0,0,0,.,,0,,,5.06,3.08,1.18,1.42,,,,3.43,..,anti,-,,,,,,,,,0.02,5.88,0.62,5.66,0.38,37.00,0.30,C3'-endo
