index_chain,old_nt_resnum,nt_position,nt_name,nt_code,nt_align_code,is_A,is_C,is_G,is_U,is_other,dbn,paired,nb_interact,pair_type_LW,pair_type_DSSR,alpha,beta,gamma,delta,epsilon,zeta,epsilon_zeta,chi,bb_type,glyco_bond,form,ssZp,Dp,eta,theta,eta_prime,theta_prime,eta_base,theta_base,v0,v1,v2,v3,v4,amplitude,phase_angle,puckering
1,1,0.08,C,C,C,0,1,0,0,0,(,0,1,cWW,cW-W,,3.37,0.87,1.41,3.69,5.02,4.96,3.30,BI,anti,A,4.60,4.63,,3.72,,3.80,,4.20,0.04,5.85,0.63,5.66,0.37,37.48,0.26,C3'-endo
2,2,0.15,U,U,U,0,0,0,1,0,(,0,1,cWW,cW-W,5.07,3.10,0.99,1.40,3.67,5.01,4.95,3.37,BI,anti,A,4.56,4.62,2.93,3.72,3.15,3.75,3.75,4.23,0.02,5.87,0.63,5.65,0.39,37.80,0.29,C3'-endo
3,3,0.23,C,C,C,0,1,0,0,0,(,0,1,cWW,cW-W,5.11,2.95,1.10,1.40,3.27,4.72,4.83,3.35,BI,anti,A,4.37,4.39,2.92,3.74,3.23,3.71,4.02,4.12,6.28,5.89,0.62,5.65,0.40,37.27,0.33,C3'-endo
4,4,0.31,C,C,C,0,1,0,0,0,(,0,1,cWW,cW-W,3.36,3.88,2.34,1.41,3.70,4.72,5.26,3.27,BI,anti,A,4.50,4.55,2.85,4.06,3.10,3.83,3.76,4.07,6.28,5.90,0.60,5.67,0.39,36.31,0.33,C3'-endo
5,5,0.38,U,U,U,0,0,0,1,0,(,0,1,cWW,cW-W,3.12,3.55,2.59,1.38,3.96,3.66,0.30,3.28,..,anti,.,4.70,4.75,2.65,3.05,2.95,3.12,3.58,3.74,0.07,5.82,0.66,5.64,0.36,38.99,0.22,C3'-endo
6,6,0.46,G,G,G,0,0,1,0,0,.,,0,,,2.75,3.91,2.85,1.41,3.59,4.30,5.57,0.67,BI,syn,.,-3.82,4.54,2.87,2.65,2.83,2.40,3.47,1.57,0.01,5.89,0.61,5.66,0.39,36.77,0.31,C3'-endo
7,7,0.54,C,C,C,0,1,0,0,0,.,,0,,,4.29,2.49,1.60,1.45,4.33,4.73,5.88,3.94,..,anti,.,2.78,4.52,2.75,3.91,2.58,3.90,2.35,4.38,6.22,5.97,0.55,5.69,0.42,34.41,0.42,C3'-endo
8,8,0.62,U,U,U,0,0,0,1,0,.,,0,,,5.11,2.83,0.92,1.34,0.77,2.77,4.28,3.60,..,anti,.,2.74,3.13,3.27,0.14,3.56,5.65,4.11,5.54,0.05,5.85,0.64,5.66,0.37,37.68,0.26,C3'-endo
9,9,0.69,U,U,U,0,0,0,1,0,.,,0,,,3.01,3.98,2.35,2.28,0.32,5.05,1.56,4.08,..,anti,.,-0.14,0.72,2.10,1.86,3.65,1.20,3.80,1.50,5.93,0.58,5.71,0.39,6.25,34.33,2.86,C2'-endo
10,10,0.77,A,A,A,1,0,0,0,0,.,,0,,,3.30,4.20,2.66,1.52,3.38,1.95,1.43,4.33,..,anti,.,2.32,4.38,2.88,0.13,3.05,5.71,3.01,5.78,0.03,5.88,0.60,5.68,0.36,35.76,0.27,C3'-endo
11,11,0.85,U,U,U,0,0,0,1,0,.,,0,,,3.19,1.72,2.34,2.57,4.37,0.25,4.11,3.89,..,anti,.,1.18,1.19,3.53,5.24,3.82,5.36,4.24,6.08,5.93,0.60,5.67,0.43,6.23,36.21,2.89,C2'-endo
12,12,0.92,G,G,G,0,0,1,0,0,.,,0,,,2.93,1.94,3.99,2.67,3.59,4.69,5.18,0.50,BI,syn,.,-1.39,1.86,3.56,3.00,4.06,2.79,3.89,2.52,5.97,0.61,5.62,0.50,6.16,38.22,2.99,C2'-endo
13,13,1.00,C,C,C,0,1,0,0,0,.,,0,,,3.96,1.96,4.86,1.42,,,,3.56,..,anti,-,,,,,,,,,6.27,5.91,0.59,5.67,0.40,36.00,0.35,C3'-endo
