index_chain,old_nt_resnum,nt_position,nt_name,nt_code,nt_align_code,is_A,is_C,is_G,is_U,is_other,dbn,paired,nb_interact,pair_type_LW,pair_type_DSSR,alpha,beta,gamma,delta,epsilon,zeta,epsilon_zeta,chi,bb_type,glyco_bond,form,ssZp,Dp,eta,theta,eta_prime,theta_prime,eta_base,theta_base,v0,v1,v2,v3,v4,amplitude,phase_angle,puckering
1,1,0.08,C,C,C,0,1,0,0,0,(,0,1,cWW,cW-W,,3.27,0.80,1.39,3.64,4.99,4.93,3.33,BI,anti,A,4.57,4.60,,3.62,,3.70,,4.13,0.01,5.88,0.62,5.65,0.40,37.63,0.31,C3'-endo
2,2,0.17,U,U,U,0,0,0,1,0,(,0,1,cWW,cW-W,5.11,3.02,1.01,1.38,3.72,5.05,4.95,3.35,BI,anti,A,4.58,4.64,2.95,3.79,3.16,3.81,3.77,4.30,0.03,5.85,0.64,5.64,0.39,38.45,0.28,C3'-endo
3,3,0.25,C,C,C,0,1,0,0,0,(,0,1,cWW,cW-W,5.03,3.01,1.15,1.41,3.27,4.94,4.62,3.37,BI,anti,A,4.38,4.39,2.91,3.73,3.23,3.65,4.04,4.03,6.28,5.90,0.61,5.65,0.40,36.91,0.34,C3'-endo
4,4,0.33,C,C,C,0,1,0,0,0,(,0,1,cWW,cW-W,3.59,3.55,2.15,1.50,3.61,4.80,5.09,3.26,BI,anti,A,4.48,4.51,2.80,4.01,3.06,3.86,3.73,4.15,0.12,5.83,0.59,5.75,0.27,34.04,0.13,C3'-endo
5,5,0.42,U,U,U,0,0,0,1,0,(,0,1,cWW,cW-W,3.56,3.67,2.07,1.39,3.59,3.76,6.12,3.43,..,anti,.,4.43,4.55,2.60,3.06,2.94,3.11,3.58,3.72,0.00,5.89,0.62,5.65,0.40,37.18,0.32,C3'-endo
6,6,0.50,G,G,G,0,0,1,0,0,.,,0,,,2.95,3.85,2.78,1.39,3.55,4.44,5.40,0.61,BI,syn,.,-4.01,4.57,2.94,2.74,2.83,2.45,3.46,1.68,0.03,5.86,0.64,5.64,0.38,38.08,0.28,C3'-endo
7,7,0.58,C,C,C,0,1,0,0,0,.,,0,,,4.27,2.39,1.79,1.40,4.40,4.74,5.94,3.68,..,anti,.,3.55,4.53,2.83,3.83,2.62,3.85,2.39,4.45,6.19,5.97,0.57,5.65,0.46,36.40,0.47,C3'-endo
8,8,0.67,U,U,U,0,0,0,1,0,.,,0,,,5.14,2.75,0.89,1.29,0.91,2.60,4.60,3.62,..,anti,.,2.92,3.27,3.14,0.10,3.49,5.62,4.21,5.53,0.04,5.84,0.67,5.62,0.39,39.65,0.27,C3'-endo
9,9,0.75,U,U,U,0,0,0,1,0,.,,0,,,2.98,4.17,2.19,2.22,0.35,5.03,1.60,3.99,..,anti,.,-0.12,0.72,1.65,2.37,3.61,1.28,3.81,1.46,5.91,0.58,5.73,0.36,0.00,33.78,2.81,C2'-endo
10,10,0.83,A,A,A,1,0,0,0,0,.,,0,,,3.28,4.16,2.69,1.59,3.29,1.89,1.41,4.45,..,anti,.,1.97,4.25,2.87,0.09,3.07,5.67,2.99,5.80,0.04,5.89,0.57,5.72,0.33,33.84,0.26,C3'-endo
11,11,0.92,U,U,U,0,0,0,1,0,.,,0,,,3.21,1.83,2.26,2.55,4.40,0.24,4.16,3.96,..,anti,.,1.23,1.29,3.39,5.37,3.79,5.35,4.18,6.09,5.95,0.58,5.70,0.41,6.23,34.67,2.90,C2'-endo
12,12,1.00,G,G,G,0,0,1,0,0,.,,0,,,2.93,1.77,4.18,2.66,,,,0.59,..,syn,-,,,,,,,,,6.00,0.58,5.65,0.48,6.15,36.39,3.01,C2'-endo
