index_chain,old_nt_resnum,nt_position,nt_name,nt_code,nt_align_code,is_A,is_C,is_G,is_U,is_other,dbn,paired,nb_interact,pair_type_LW,pair_type_DSSR,alpha,beta,gamma,delta,epsilon,zeta,epsilon_zeta,chi,bb_type,glyco_bond,form,ssZp,Dp,eta,theta,eta_prime,theta_prime,eta_base,theta_base,v0,v1,v2,v3,v4,amplitude,phase_angle,puckering
1,2,0.02,G,G,G,0,0,1,0,0,(,53,1,cWW,cW-W,,2.74,0.56,1.44,3.90,4.92,5.26,3.41,BI,anti,A,4.47,4.67,,3.86,,3.87,,4.28,0.07,5.84,0.63,5.68,0.34,36.87,0.22,C3'-endo
2,3,0.04,C,C,C,0,1,0,0,0,(,52,1,cWW,cW-W,4.85,2.85,1.23,1.35,3.68,5.11,4.85,3.34,BI,anti,.,4.65,4.70,2.70,3.78,2.99,3.70,3.73,3.78,0.07,5.81,0.69,5.62,0.37,40.33,0.23,C3'-endo
3,4,0.06,A,A,A,1,0,0,0,0,(,51,1,cWW,cW-W,5.08,3.21,0.95,1.28,3.91,4.78,5.42,3.41,BI,anti,A,4.50,4.70,2.98,3.57,3.10,3.67,3.42,4.53,6.25,5.87,0.67,5.58,0.46,41.00,0.37,C3'-endo
4,5,0.07,U,U,U,0,0,0,1,0,(,50,1,cWW,cW-W,5.41,2.68,0.83,1.34,3.98,4.73,5.53,3.44,BI,anti,A,4.48,4.78,2.82,3.79,3.06,3.85,4.14,4.27,0.17,5.72,0.72,5.64,0.30,41.37,0.09,C3'-endo
5,6,0.09,U,U,U,0,0,0,1,0,(,49,1,cWW,cW-W,5.60,2.55,1.04,1.35,3.67,4.57,5.38,3.44,BI,anti,.,4.47,4.63,3.01,3.33,3.34,3.30,4.10,3.31,0.03,5.84,0.67,5.61,0.40,40.13,0.28,C3'-endo
6,7,0.11,G,G,G,0,0,1,0,0,.,"32,39",2,"tWW,cSS","tW+W,cm-m",5.17,2.94,1.06,1.36,3.92,4.97,5.24,3.23,BI,anti,.,4.67,4.70,3.09,3.91,3.06,3.95,3.13,4.84,6.28,5.86,0.67,5.60,0.43,40.53,0.33,C3'-endo
7,8,0.13,U,U,U,0,0,0,1,0,.,0,1,tWH,tW-M,5.57,3.10,0.30,0.99,1.80,1.56,0.24,3.55,..,anti,A,4.30,4.50,2.99,3.94,3.28,3.86,4.46,4.06,0.20,5.64,0.84,5.55,0.33,48.46,0.09,C3'-endo
8,9,0.15,G,G,G,0,0,1,0,0,(,31,1,cWW,cW-W,3.59,1.79,2.06,1.42,4.01,4.77,5.52,3.11,BI,anti,.,4.73,4.69,2.82,3.41,3.18,3.35,3.70,3.55,0.05,5.85,0.63,5.67,0.36,37.19,0.25,C3'-endo
9,10,0.17,C,C,C,0,1,0,0,0,(,"30,33",2,"cWW,cSH","cW-W,cm-M",5.09,2.80,1.30,1.29,3.94,4.86,5.37,3.29,BI,anti,A,4.45,4.62,3.03,3.69,3.21,3.70,3.62,4.16,6.23,5.87,0.70,5.53,0.51,43.47,0.40,C3'-endo
10,11,0.19,C,C,C,0,1,0,0,0,(,29,1,cWW,cW-W,5.41,2.95,0.79,1.34,3.58,5.13,4.73,3.39,BI,anti,A,4.46,4.57,2.94,3.68,3.14,3.71,3.84,4.15,0.01,5.85,0.67,5.60,0.43,40.12,0.32,C3'-endo
11,12,0.20,U,U,U,0,0,0,1,0,(,28,1,cWW,cW-W,4.99,3.11,1.03,1.42,3.67,4.80,5.14,3.37,BI,anti,A,4.63,4.63,2.91,3.58,3.14,3.62,3.81,4.04,6.25,5.91,0.61,5.63,0.43,37.73,0.38,C3'-endo
12,13,0.22,C,C,C,0,1,0,0,0,(,27,1,cWW,cW-W,5.27,2.92,0.86,1.47,3.79,4.78,5.29,3.42,BI,anti,A,4.52,4.64,2.94,3.71,3.11,3.69,3.72,3.90,6.28,5.90,0.59,5.67,0.38,35.92,0.33,C3'-endo
13,14,0.24,G,G,G,0,0,1,0,0,(,26,1,cWW,cW-W,5.34,2.87,0.83,1.38,3.78,5.14,4.93,3.52,BI,anti,A,4.30,4.60,2.95,3.83,3.09,3.80,3.51,4.42,6.24,5.92,0.61,5.64,0.44,37.52,0.39,C3'-endo
14,15,0.26,C,C,C,0,1,0,0,0,(,25,1,cWW,cW-W,4.77,2.83,1.25,1.32,3.91,5.05,5.14,3.32,BI,anti,.,4.61,4.73,2.71,3.85,2.99,3.89,3.91,4.66,0.00,5.85,0.68,5.59,0.44,40.99,0.32,C3'-endo
15,16,0.28,A,A,A,1,0,0,0,0,.,,0,,,5.32,2.88,0.89,1.33,3.79,4.92,5.15,3.36,BI,anti,A,4.66,4.80,2.87,3.70,3.22,3.76,4.37,4.23,0.12,5.75,0.72,5.61,0.35,41.76,0.17,C3'-endo
16,17,0.30,U,U,U,0,0,0,1,0,.,18,1,c.W,c.-W,5.33,2.83,1.06,1.40,3.94,4.84,5.38,3.40,BI,anti,.,4.47,4.69,3.09,3.65,3.34,3.88,4.04,4.06,6.27,5.86,0.66,5.60,0.43,40.09,0.34,C3'-endo
17,18,0.31,U,U,U,0,0,0,1,0,.,,0,,,5.18,3.88,1.09,2.32,5.02,1.18,3.85,3.92,..,anti,.,0.97,0.93,4.18,1.81,4.17,1.51,4.06,1.19,5.83,0.58,5.80,0.24,0.13,32.40,2.58,C2'-endo
18,19,0.33,G,G,G,0,0,1,0,0,.,16,1,cW.,cW-.,3.18,3.23,1.53,1.54,4.19,4.82,5.66,4.58,..,anti,.,0.29,4.64,2.48,3.86,2.53,4.03,2.36,4.35,0.08,5.84,0.62,5.69,0.32,36.23,0.20,C3'-endo
19,20,0.35,C,C,C,0,1,0,0,0,.,,0,,,5.41,3.99,1.23,2.50,4.41,2.19,2.23,4.12,..,anti,.,0.94,1.11,4.32,2.36,4.46,2.14,4.11,2.56,5.77,0.66,5.73,0.28,0.14,37.11,2.60,C2'-endo
20,21,0.37,A,A,A,1,0,0,0,0,.,,0,,,4.77,2.81,0.73,1.44,3.71,4.91,5.08,3.63,BI,anti,A,4.23,4.66,3.09,3.72,3.01,3.72,3.25,4.19,0.04,5.87,0.62,5.67,0.36,36.69,0.27,C3'-endo
21,22,0.39,C,C,C,0,1,0,0,0,.,,0,,,5.23,2.81,0.98,1.39,4.16,1.45,2.71,3.56,..,anti,.,4.14,4.73,3.02,0.81,3.20,6.15,3.86,4.71,6.28,5.89,0.61,5.65,0.41,37.24,0.34,C3'-endo
22,23,0.41,U,U,U,0,0,0,1,0,.,,0,,,1.90,2.64,1.04,2.54,4.56,5.61,5.23,0.77,..,syn,.,-0.51,0.78,0.44,5.77,1.49,5.54,2.23,5.84,5.85,0.65,5.67,0.38,0.03,37.80,2.77,C2'-endo
23,24,0.43,C,C,C,0,1,0,0,0,.,,0,,,4.82,3.48,1.22,2.47,4.70,4.74,6.24,4.17,..,anti,.,0.81,0.74,3.15,5.02,4.08,4.74,3.99,5.10,5.77,0.69,5.69,0.31,0.12,38.78,2.63,C2'-endo
24,25,0.44,C,C,C,0,1,0,0,0,.,,0,,,5.42,3.62,0.30,2.55,4.83,4.25,0.58,4.06,..,anti,.,0.28,0.86,3.35,5.02,3.97,4.30,4.23,3.34,6.00,0.52,5.74,0.40,6.21,31.90,2.94,C2'-endo
25,26,0.46,G,G,G,0,0,1,0,0,),14,1,cWW,cW-W,0.81,3.01,1.23,1.46,3.77,4.97,5.08,3.43,BI,anti,A,4.30,4.53,4.89,3.83,5.86,3.79,0.65,4.32,0.02,5.90,0.58,5.70,0.35,34.68,0.29,C3'-endo
26,27,0.48,C,C,C,0,1,0,0,0,),13,1,cWW,cW-W,5.35,3.02,0.68,1.35,3.97,4.75,5.51,3.59,BI,anti,A,4.21,4.80,2.87,3.76,3.07,3.86,3.88,4.11,0.11,5.78,0.70,5.64,0.34,40.38,0.17,C3'-endo
27,28,0.50,G,G,G,0,0,1,0,0,),12,1,cWW,cW-W,5.76,2.53,0.83,1.25,3.48,5.16,4.60,3.46,BI,anti,.,4.32,4.50,2.95,3.96,3.28,3.68,3.77,3.94,6.18,5.94,0.64,5.56,0.52,41.09,0.47,C3'-endo
28,29,0.52,G,G,G,0,0,1,0,0,),11,1,cWW,cW-W,2.95,2.87,2.90,1.42,4.38,4.84,5.82,3.16,..,anti,.,4.71,4.79,2.69,3.53,2.80,3.67,3.35,4.49,0.14,5.78,0.67,5.67,0.30,38.69,0.13,C3'-endo
29,30,0.54,G,G,G,0,0,1,0,0,),10,1,cWW,cW-W,5.51,2.71,0.86,1.28,3.81,4.91,5.19,3.28,BI,anti,A,4.70,4.75,2.79,3.61,3.15,3.65,4.25,3.88,0.03,5.82,0.70,5.58,0.42,41.79,0.29,C3'-endo
30,31,0.56,G,G,G,0,0,1,0,0,),9,1,cWW,cW-W,5.36,2.98,0.90,1.33,3.53,5.23,4.59,3.42,BI,anti,.,4.45,4.57,2.98,4.02,3.18,3.84,3.64,4.29,6.28,5.84,0.70,5.56,0.45,42.24,0.33,C3'-endo
31,32,0.57,C,C,C,0,1,0,0,0,),8,1,cWW,cW-W,3.08,2.92,2.91,1.49,4.60,3.76,0.84,3.12,..,anti,.,4.83,4.89,2.99,2.93,3.12,3.02,3.84,3.46,0.19,5.74,0.67,5.70,0.25,38.51,0.05,C3'-endo
32,33,0.59,G,G,G,0,0,1,0,0,.,"6,37",2,"tWW,tHW","tW+W,tM-W",1.11,4.01,4.83,2.72,5.00,2.04,2.96,0.88,..,syn,.,-0.31,0.15,4.64,2.11,4.34,1.83,4.07,1.36,5.97,0.62,5.62,0.51,6.16,38.53,3.00,C2'-endo
33,34,0.61,A,A,A,1,0,0,0,0,.,9,1,cHS,cM-m,1.95,3.94,1.10,2.64,4.97,4.13,0.84,4.62,..,anti,.,0.72,0.77,1.78,4.61,1.80,3.96,1.81,3.99,5.81,0.75,5.57,0.46,0.00,43.35,2.81,C2'-endo
34,35,0.63,U,U,U,0,0,0,1,0,.,,0,,,0.05,4.81,5.48,2.25,3.55,3.49,0.05,3.64,..,anti,.,1.51,2.37,4.36,2.02,4.50,1.75,4.76,0.66,5.68,0.70,5.76,0.20,0.25,39.43,2.44,C1'-exo
35,36,0.65,A,A,A,1,0,0,0,0,.,,0,,,0.43,3.40,3.62,1.46,4.10,5.34,5.04,0.08,..,syn,.,-4.33,4.50,1.60,3.75,1.24,3.96,0.67,3.88,6.27,5.94,0.55,5.71,0.37,33.58,0.35,C3'-endo
36,37,0.67,A,A,A,1,0,0,0,0,.,0,1,cWW,cW+W,5.11,2.85,0.98,1.38,3.74,5.00,5.02,3.62,BI,anti,.,4.12,4.62,2.68,3.75,3.26,3.79,3.47,4.44,0.03,5.85,0.65,5.64,0.39,38.60,0.28,C3'-endo
37,38,0.69,G,G,G,0,0,1,0,0,.,32,1,tWH,tW-M,5.26,2.94,0.79,1.39,3.43,4.16,5.56,3.79,BI,anti,.,3.90,4.59,2.79,2.60,3.12,2.21,4.06,1.42,0.13,5.75,0.72,5.62,0.33,41.59,0.14,C3'-endo
38,39,0.70,U,U,U,0,0,0,1,0,.,,0,,,4.34,2.61,0.56,2.48,4.46,5.06,5.68,4.04,..,anti,.,0.94,1.10,1.92,5.41,1.96,5.04,1.74,5.61,5.89,0.59,5.73,0.35,0.02,34.08,2.78,C2'-endo
39,40,0.72,C,C,C,0,1,0,0,0,(,"6,48",2,"cSS,cWW","cm-m,cW-W",4.73,3.28,0.86,1.44,3.86,4.88,5.26,3.35,BI,anti,A,4.55,4.67,2.39,3.76,3.11,3.81,3.69,4.19,0.06,5.84,0.64,5.66,0.36,37.73,0.24,C3'-endo
40,41,0.74,C,C,C,0,1,0,0,0,(,47,1,cWW,cW-W,5.38,2.92,0.80,1.37,3.66,4.89,5.05,3.48,BI,anti,.,4.43,4.63,2.95,3.54,3.15,3.58,3.75,3.94,0.03,5.85,0.65,5.63,0.39,38.61,0.28,C3'-endo
41,42,0.76,U,U,U,0,0,0,1,0,(,46,1,cWW,cW-W,5.34,3.11,0.72,1.39,3.60,5.33,4.56,3.24,BI,anti,.,4.63,4.66,2.96,3.96,3.10,4.03,3.64,5.00,0.07,5.81,0.67,5.63,0.36,39.58,0.22,C3'-endo
42,43,0.78,G,G,G,0,0,1,0,0,.,,0,,,4.66,3.48,0.89,1.36,4.10,3.43,0.67,3.48,..,anti,.,4.29,4.81,2.75,3.24,3.00,3.50,4.24,3.50,0.15,5.74,0.72,5.64,0.31,41.27,0.12,C3'-endo
43,44,0.80,A,A,A,1,0,0,0,0,.,45,1,cWH,cW+M,1.48,5.22,3.46,2.37,1.90,4.95,3.24,3.97,..,anti,.,0.85,1.36,0.04,0.41,4.75,2.23,4.25,3.16,6.04,0.48,5.76,0.40,6.18,30.27,3.00,C2'-endo
44,45,0.81,A,A,A,1,0,0,0,0,.,,0,,,3.91,4.10,2.16,2.42,1.57,1.01,0.56,3.40,..,anti,Z,-0.67,2.09,2.36,5.82,4.03,3.19,4.70,2.01,5.83,0.67,5.67,0.37,0.05,38.37,2.74,C2'-endo
45,46,0.83,A,A,A,1,0,0,0,0,.,43,1,cHW,cM+W,2.20,1.11,2.39,2.58,2.07,4.00,4.34,2.98,..,anti,.,-1.21,2.06,4.44,5.23,3.01,0.64,1.93,0.97,5.91,0.67,5.59,0.50,6.20,40.85,2.93,C2'-endo
46,47,0.85,A,A,A,1,0,0,0,0,),41,1,cWW,cW-W,5.31,1.89,1.69,1.42,3.88,4.80,5.36,3.13,BI,anti,A,4.79,4.76,2.79,3.78,2.82,3.61,2.87,3.99,0.10,5.82,0.64,5.68,0.32,37.30,0.18,C3'-endo
47,48,0.87,G,G,G,0,0,1,0,0,),40,1,cWW,cW-W,5.62,2.70,0.83,1.37,3.81,4.88,5.22,3.24,BI,anti,A,4.74,4.74,2.99,3.73,3.30,3.75,4.13,4.20,0.12,5.77,0.69,5.64,0.33,39.89,0.16,C3'-endo
48,49,0.89,G,G,G,0,0,1,0,0,),39,1,cWW,cW-W,5.16,2.92,1.13,1.43,3.53,5.05,4.76,3.14,BI,anti,.,4.52,4.54,2.99,3.70,3.23,3.45,3.99,2.98,0.01,5.90,0.59,5.68,0.37,35.69,0.31,C3'-endo
49,50,0.91,G,G,G,0,0,1,0,0,),5,1,cWW,cW-W,4.97,2.67,3.39,1.32,3.69,5.31,4.66,3.32,BI,anti,A,4.50,4.60,5.14,3.09,4.99,3.33,4.57,4.14,0.00,5.85,0.68,5.58,0.44,41.38,0.32,C3'-endo
50,51,0.93,A,A,A,1,0,0,0,0,),4,1,cWW,cW-W,4.65,3.07,1.38,1.28,3.72,4.80,5.21,3.34,BI,anti,A,4.57,4.66,2.79,3.43,3.14,3.45,4.14,3.86,6.25,5.87,0.68,5.57,0.47,41.82,0.36,C3'-endo
51,52,0.94,U,U,U,0,0,0,1,0,),3,1,cWW,cW-W,4.99,3.01,1.02,1.33,3.92,4.92,5.29,3.49,BI,anti,.,4.39,4.77,2.84,3.85,2.93,3.89,3.50,4.38,0.14,5.74,0.73,5.61,0.33,42.36,0.14,C3'-endo
52,53,0.96,G,G,G,0,0,1,0,0,),2,1,cWW,cW-W,5.55,2.80,0.96,1.29,4.10,4.69,5.69,3.30,..,anti,A,4.68,4.84,3.13,3.77,3.37,3.86,4.14,4.56,0.04,5.82,0.68,5.61,0.40,40.54,0.26,C3'-endo
53,54,0.98,U,U,U,0,0,0,1,0,),1,1,cWW,cW-W,5.60,2.70,0.69,1.33,3.39,4.84,4.83,3.54,BI,anti,.,4.42,4.60,2.79,3.67,3.10,3.49,4.12,3.30,0.06,5.80,0.70,5.60,0.39,41.21,0.24,C3'-endo
54,55,1.00,C,C,C,0,1,0,0,0,(,0,1,cWW,cW-W,3.27,3.19,2.53,1.51,,,,3.48,..,anti,-,,,,,,,,,0.22,5.74,0.64,5.75,0.20,36.62,6.27,C2'-exo
