index_chain,old_nt_resnum,nt_position,nt_name,nt_code,nt_align_code,is_A,is_C,is_G,is_U,is_other,dbn,paired,nb_interact,pair_type_LW,pair_type_DSSR,alpha,beta,gamma,delta,epsilon,zeta,epsilon_zeta,chi,bb_type,glyco_bond,form,ssZp,Dp,eta,theta,eta_prime,theta_prime,eta_base,theta_base,v0,v1,v2,v3,v4,amplitude,phase_angle,puckering
1,-1,0.01,G,G,G,0,0,1,0,0,.,,0,,,,,1.04,1.49,3.49,5.23,4.54,3.63,BI,anti,A,4.18,4.49,,,,,,,0.05,5.89,0.57,5.73,0.32,33.63,0.24,C3'-endo
2,0,0.03,G,G,G,0,0,1,0,0,.,,0,,,4.31,2.67,1.73,1.38,4.17,4.62,5.83,3.20,..,anti,A,4.76,4.84,2.77,3.72,3.03,3.74,3.80,4.15,0.17,5.73,0.71,5.66,0.29,40.73,0.09,C3'-endo
3,1,0.04,G,G,G,0,0,1,0,0,(,0,1,cWW,cW-W,5.75,2.68,0.69,1.33,3.85,4.93,5.20,3.40,BI,anti,A,4.55,4.75,2.99,3.81,3.23,3.85,3.92,4.44,0.05,5.81,0.69,5.61,0.39,40.73,0.25,C3'-endo
4,2,0.06,U,U,U,0,0,0,1,0,(,0,1,cWW,cW-W,5.40,2.79,0.94,1.34,3.59,4.91,4.96,3.43,BI,anti,A,4.52,4.64,2.92,3.55,3.23,3.53,4.15,3.67,0.04,5.83,0.68,5.61,0.40,40.44,0.27,C3'-endo
5,3,0.07,G,G,G,0,0,1,0,0,(,0,1,cWW,cW-W,5.34,3.07,0.78,1.36,3.74,4.86,5.16,3.57,BI,anti,A,4.29,4.68,3.01,3.57,3.11,3.64,3.43,4.04,0.04,5.84,0.66,5.62,0.39,39.51,0.27,C3'-endo
6,4,0.08,C,C,C,0,1,0,0,0,(,0,1,cWW,cW-W,5.23,3.12,0.75,1.40,3.71,4.99,5.01,3.39,BI,anti,A,4.57,4.68,2.91,3.74,3.02,3.82,3.56,4.30,0.07,5.82,0.66,5.65,0.36,38.60,0.23,C3'-endo
7,5,0.10,U,U,U,0,0,0,1,0,(,0,1,cWW,cW-W,5.35,2.87,1.01,1.41,3.92,4.85,5.36,3.39,BI,anti,A,4.45,4.63,3.08,3.79,3.34,3.77,4.03,4.05,6.27,5.91,0.60,5.66,0.40,36.43,0.35,C3'-endo
8,6,0.11,A,A,A,1,0,0,0,0,(,0,1,cWW,cW-W,5.24,2.85,0.86,1.32,3.63,4.96,4.96,3.57,BI,anti,A,4.30,4.62,2.76,3.57,2.98,3.58,3.53,4.10,6.26,5.88,0.66,5.59,0.45,40.34,0.36,C3'-endo
9,7,0.13,A,A,A,1,0,0,0,0,(,0,1,cWW,cW-W,5.13,2.74,1.25,1.37,3.75,4.98,5.05,3.45,BI,anti,A,4.46,4.67,3.00,3.72,3.25,3.69,4.01,4.18,0.04,5.84,0.65,5.64,0.38,38.71,0.27,C3'-endo
10,8,0.14,G,G,G,0,0,1,0,0,(,0,1,cWW,cW-W,5.22,3.05,0.85,1.39,3.74,5.04,4.98,3.53,BI,anti,A,4.39,4.73,2.92,3.79,3.13,3.81,3.89,4.20,0.10,5.79,0.68,5.64,0.34,39.67,0.19,C3'-endo
11,9,0.15,A,A,A,1,0,0,0,0,(,0,1,cWW,cW-W,5.33,2.97,0.81,1.30,3.35,4.91,4.72,3.54,BI,anti,A,4.40,4.59,2.87,3.85,3.14,3.78,3.85,4.21,0.05,5.81,0.71,5.58,0.41,41.93,0.26,C3'-endo
12,10,0.17,U,U,U,0,0,0,1,0,(,0,1,cWW,cW-W,2.87,3.65,2.92,1.39,4.39,4.90,5.77,3.25,..,anti,A,4.64,4.82,3.02,3.76,3.24,3.75,3.96,4.19,0.12,5.79,0.67,5.67,0.31,38.75,0.15,C3'-endo
13,11,0.18,U,U,U,0,0,0,1,0,(,0,1,cWW,cW-W,5.07,2.39,1.56,1.25,3.60,4.80,5.08,3.27,BI,anti,A,4.62,4.61,2.79,3.33,3.21,3.30,4.01,3.73,6.23,5.89,0.67,5.56,0.49,41.79,0.40,C3'-endo
14,12,0.20,A,A,A,1,0,0,0,0,(,0,1,cWW,cW-W,5.37,3.04,0.85,1.46,3.65,4.97,4.96,3.31,BI,anti,A,4.63,4.66,3.10,3.73,3.22,3.76,3.80,4.14,0.12,5.81,0.63,5.70,0.29,36.42,0.15,C3'-endo
15,13,0.21,A,A,A,1,0,0,0,0,(,0,1,cWW,cW-W,5.21,2.99,0.93,1.43,3.84,5.01,5.11,3.40,BI,anti,A,4.55,4.70,2.99,3.90,3.20,3.90,3.82,4.34,0.07,5.84,0.63,5.67,0.35,37.21,0.23,C3'-endo
16,14,0.23,U,U,U,0,0,0,1,0,(,0,1,cWW,cW-W,5.24,2.88,0.94,1.31,3.49,4.93,4.85,3.51,BI,anti,A,4.41,4.56,2.81,3.45,3.12,3.45,3.90,3.72,6.23,5.90,0.65,5.58,0.47,40.53,0.40,C3'-endo
17,15,0.24,C,C,C,0,1,0,0,0,(,0,1,cWW,cW-W,5.20,3.02,1.01,1.37,3.60,4.94,4.94,3.43,BI,anti,A,4.47,4.58,3.03,3.60,3.17,3.64,3.59,4.03,6.27,5.88,0.64,5.62,0.43,39.00,0.34,C3'-endo
18,16,0.25,A,A,A,1,0,0,0,0,(,0,1,cWW,cW-W,5.20,3.02,1.03,1.45,3.85,4.78,5.36,3.35,BI,anti,.,4.44,4.57,3.10,4.27,3.27,4.05,3.82,4.39,6.28,5.91,0.59,5.67,0.39,35.81,0.33,C3'-endo
19,17,0.27,G,G,G,0,0,1,0,0,(,0,1,cWW,cW-W,2.09,3.64,3.58,1.40,3.81,4.84,5.25,3.14,BI,anti,.,4.68,4.70,2.78,3.07,3.05,3.24,3.82,3.60,0.09,5.80,0.67,5.64,0.34,39.36,0.19,C3'-endo
20,18,0.28,G,G,G,0,0,1,0,0,(,0,1,cWW,cW-W,5.44,2.98,1.03,1.39,3.89,4.94,5.24,3.41,BI,anti,A,4.42,4.60,3.27,3.83,3.43,3.83,3.79,4.39,6.26,5.91,0.60,5.65,0.41,36.74,0.35,C3'-endo
21,19,0.30,A,A,A,1,0,0,0,0,(,0,1,cWW,cW-W,5.39,2.81,0.80,1.26,3.53,4.83,4.98,3.61,BI,anti,.,4.22,4.63,2.76,3.93,3.07,3.80,3.94,4.01,0.01,5.82,0.72,5.55,0.46,43.19,0.32,C3'-endo
22,20,0.31,U,U,U,0,0,0,1,0,(,0,1,cWW,cW-W,2.38,3.77,3.59,1.44,3.94,5.14,5.08,3.34,BI,anti,.,4.69,4.78,3.29,3.44,3.45,3.63,3.95,4.56,0.09,5.81,0.65,5.67,0.33,37.67,0.19,C3'-endo
23,21,0.32,G,G,G,0,0,1,0,0,(,52,1,cWW,cW-W,5.20,2.97,0.88,1.41,3.88,5.02,5.14,3.26,BI,anti,A,4.74,4.77,2.84,3.92,3.25,3.96,4.48,4.45,0.12,5.78,0.68,5.66,0.32,39.12,0.15,C3'-endo
24,22,0.34,U,U,U,0,0,0,1,0,(,51,1,cWW,cW-W,5.25,3.01,0.94,1.41,3.97,5.00,5.25,3.34,BI,anti,A,4.57,4.68,3.05,3.93,3.30,3.95,4.04,4.75,0.02,5.88,0.62,5.66,0.38,36.91,0.30,C3'-endo
25,23,0.35,U,U,U,0,0,0,1,0,(,50,1,cWW,cW-W,5.01,2.77,1.08,1.39,3.54,4.92,4.90,3.48,BI,anti,A,4.48,4.62,2.68,3.57,3.07,3.53,4.22,3.75,0.05,5.84,0.65,5.65,0.37,38.38,0.25,C3'-endo
26,24,0.37,U,U,U,0,0,0,1,0,(,49,1,cWW,cW-W,5.16,3.08,0.97,1.42,3.84,4.90,5.22,3.38,BI,anti,A,4.55,4.68,3.09,3.79,3.20,3.84,3.58,4.41,0.05,5.85,0.63,5.67,0.36,37.12,0.24,C3'-endo
27,25,0.38,U,U,U,0,0,0,1,0,(,48,1,cWW,cW-W,5.34,2.83,0.84,1.39,3.58,5.04,4.83,3.39,BI,anti,A,4.47,4.57,2.85,3.71,3.14,3.70,4.01,4.08,0.01,5.87,0.63,5.64,0.39,37.89,0.30,C3'-endo
28,26,0.39,U,U,U,0,0,0,1,0,(,47,1,cWW,cW-W,5.09,2.95,1.07,1.39,3.58,5.05,4.81,3.47,BI,anti,A,4.41,4.59,2.92,3.71,3.17,3.68,3.84,4.06,0.03,5.86,0.65,5.64,0.39,38.58,0.29,C3'-endo
29,27,0.41,G,G,G,0,0,1,0,0,(,46,1,cWW,cW-W,5.11,3.04,0.96,1.41,3.76,5.05,5.00,3.47,BI,anti,A,4.35,4.56,2.96,3.83,3.16,3.82,3.77,4.38,6.25,5.92,0.60,5.65,0.42,36.69,0.37,C3'-endo
30,28,0.42,U,U,U,0,0,0,1,0,(,"42,45",2,"tHW,cWW","tM-W,cW-W",5.11,2.86,1.02,1.33,3.69,5.02,4.96,3.44,BI,anti,A,4.47,4.63,2.81,3.68,3.10,3.67,3.95,4.23,6.27,5.87,0.66,5.60,0.44,39.95,0.34,C3'-endo
31,29,0.44,A,A,A,1,0,0,0,0,(,44,1,cWW,cW-W,5.09,2.91,1.03,1.37,3.86,5.06,5.07,3.39,BI,anti,A,4.56,4.72,2.89,3.89,3.12,3.92,3.94,4.62,0.04,5.84,0.66,5.62,0.39,39.44,0.27,C3'-endo
32,30,0.45,C,C,C,0,1,0,0,0,.,"41,43",2,"cWW,cWW","cW-W,cW-W",5.19,3.01,0.89,1.39,3.84,5.10,5.03,3.41,BI,anti,A,4.56,4.73,2.90,3.93,3.19,3.99,4.18,4.62,0.07,5.82,0.66,5.64,0.36,39.04,0.23,C3'-endo
33,31,0.46,U,U,U,0,0,0,1,0,(,40,1,cWW,cW-W,5.00,3.27,0.87,1.44,3.68,5.09,4.88,3.44,BI,anti,A,4.55,4.69,2.86,3.82,3.12,3.87,3.99,4.39,0.09,5.82,0.64,5.68,0.32,37.15,0.19,C3'-endo
34,32,0.48,C,C,C,0,1,0,0,0,(,39,1,cWW,cW-W,5.10,3.10,0.88,1.36,3.77,5.11,4.94,3.50,BI,anti,A,4.44,4.72,2.86,3.85,3.11,3.88,3.88,4.45,0.06,5.82,0.68,5.62,0.38,40.25,0.25,C3'-endo
35,33,0.49,G,G,G,0,0,1,0,0,.,38,1,tSH,tm-M,5.18,3.04,0.91,1.36,3.94,5.31,4.92,3.48,BI,anti,.,4.40,4.75,2.94,4.35,3.17,3.58,3.99,2.57,0.03,5.85,0.65,5.63,0.40,39.06,0.29,C3'-endo
36,34,0.51,A,A,A,1,0,0,0,0,.,,0,,,3.11,2.48,0.88,1.42,3.49,4.60,5.17,3.62,BI,anti,A,4.19,4.51,0.28,4.05,0.84,3.85,0.45,4.27,0.00,5.89,0.60,5.67,0.39,36.40,0.32,C3'-endo
37,35,0.52,A,A,A,1,0,0,0,0,.,,0,,,2.70,3.99,2.79,1.40,4.16,4.88,5.57,3.24,..,anti,A,4.65,4.73,2.77,3.88,3.08,3.84,3.88,4.57,0.02,5.87,0.62,5.65,0.38,37.36,0.30,C3'-endo
38,36,0.54,A,A,A,1,0,0,0,0,.,35,1,tHS,tM-m,5.42,2.75,0.89,1.41,3.64,0.19,3.45,3.45,..,anti,.,4.41,4.53,2.85,4.86,3.23,4.91,4.32,5.37,6.25,5.93,0.59,5.66,0.41,36.04,0.38,C3'-endo
39,37,0.55,G,G,G,0,0,1,0,0,),34,1,cWW,cW-W,3.97,2.11,2.56,1.50,3.89,4.91,5.26,3.20,BI,anti,A,4.72,4.74,3.16,3.19,3.86,3.35,5.07,3.87,0.17,5.78,0.63,5.74,0.23,35.90,0.05,C3'-endo
40,38,0.56,A,A,A,1,0,0,0,0,),33,1,cWW,cW-W,5.32,2.87,0.95,1.46,3.77,5.19,4.86,3.31,BI,anti,A,4.53,4.59,2.99,4.04,3.29,4.05,4.00,4.76,0.02,5.90,0.59,5.69,0.36,35.14,0.30,C3'-endo
41,39,0.58,A,A,A,1,0,0,0,0,.,32,1,cWW,cW-W,5.06,3.07,0.98,1.45,3.96,5.07,5.18,3.65,BI,anti,.,3.97,4.59,2.96,4.05,3.28,4.24,4.28,4.84,6.26,5.94,0.56,5.69,0.39,34.62,0.37,C3'-endo
42,40,0.59,G,G,G,0,0,1,0,0,.,"30,44",2,"tWH,cSH","tW-M,cm+M",5.27,3.12,0.94,2.58,4.52,1.85,2.67,4.27,..,anti,.,1.07,1.06,3.28,2.50,3.88,1.80,4.52,1.79,5.92,0.61,5.67,0.42,6.24,36.26,2.88,C2'-endo
43,41,0.61,C,C,C,0,1,0,0,0,.,32,1,cWW,cW-W,1.04,3.55,3.44,1.50,4.21,5.17,5.32,3.12,..,anti,.,4.38,4.47,2.70,3.77,2.38,3.88,2.46,4.84,6.24,5.98,0.51,5.74,0.37,31.64,0.40,C3'-endo
44,42,0.62,U,U,U,0,0,0,1,0,),"31,42",2,"cWW,cHS","cW-W,cM+m",5.03,2.92,0.88,1.35,3.77,5.00,5.05,3.64,BI,anti,A,4.10,4.63,2.52,3.70,2.99,3.67,4.23,3.88,6.26,5.89,0.64,5.61,0.44,39.45,0.36,C3'-endo
45,43,0.63,A,A,A,1,0,0,0,0,),30,1,cWW,cW-W,4.75,2.86,1.38,1.33,3.69,4.92,5.06,3.50,BI,anti,A,4.32,4.53,2.82,3.55,3.03,3.52,3.45,3.99,6.20,5.94,0.62,5.60,0.49,39.21,0.45,C3'-endo
46,44,0.65,C,C,C,0,1,0,0,0,),29,1,cWW,cW-W,5.10,2.90,1.01,1.37,3.68,5.08,4.88,3.55,BI,anti,A,4.33,4.62,2.86,3.77,3.06,3.74,3.77,4.16,6.27,5.88,0.64,5.62,0.42,38.70,0.34,C3'-endo
47,45,0.66,A,A,A,1,0,0,0,0,),28,1,cWW,cW-W,5.10,2.96,0.99,1.33,3.72,4.79,5.21,3.42,BI,anti,A,4.54,4.67,2.85,3.54,3.10,3.58,3.82,4.12,6.27,5.87,0.66,5.60,0.43,39.85,0.34,C3'-endo
48,46,0.68,A,A,A,1,0,0,0,0,),27,1,cWW,cW-W,5.46,2.74,0.91,1.45,3.79,4.95,5.12,3.47,BI,anti,A,4.39,4.62,3.06,3.82,3.27,3.78,3.99,4.27,0.04,5.88,0.60,5.69,0.35,35.60,0.27,C3'-endo
49,47,0.69,A,A,A,1,0,0,0,0,),26,1,cWW,cW-W,5.14,2.83,0.94,1.35,3.68,5.08,4.88,3.49,BI,anti,A,4.47,4.71,2.75,3.76,3.03,3.72,3.87,3.91,0.08,5.79,0.69,5.62,0.36,40.41,0.21,C3'-endo
50,48,0.70,G,G,G,0,0,1,0,0,),25,1,cWW,cW-W,5.05,3.08,1.00,1.32,3.57,5.19,4.66,3.31,BI,anti,A,4.64,4.63,2.87,3.73,3.07,3.76,3.54,4.40,6.25,5.88,0.65,5.59,0.45,40.18,0.37,C3'-endo
51,49,0.72,A,A,A,1,0,0,0,0,),24,1,cWW,cW-W,4.98,3.26,0.89,1.35,3.77,5.09,4.96,3.39,BI,anti,A,4.59,4.72,2.87,3.81,3.08,3.90,3.96,4.58,0.04,5.83,0.68,5.61,0.40,40.40,0.27,C3'-endo
52,50,0.73,U,U,U,0,0,0,1,0,),23,1,cWW,cW-W,5.22,2.96,1.06,1.41,4.11,3.30,0.81,3.48,BII,anti,.,4.34,4.70,3.12,2.36,3.38,2.23,4.25,2.41,6.26,5.91,0.61,5.64,0.42,37.35,0.36,C3'-endo
53,51,0.75,A,A,A,1,0,0,0,0,.,,0,,,5.28,1.66,3.47,1.51,4.41,4.88,5.82,0.82,..,syn,.,-2.71,4.45,5.45,3.16,4.97,3.51,4.70,3.49,6.23,5.99,0.50,5.74,0.37,31.07,0.41,C3'-endo
54,52,0.76,A,A,A,1,0,0,0,0,.,66,1,tHS,tM-m,4.94,3.15,1.04,1.48,4.30,5.26,5.32,3.90,..,anti,.,3.01,4.72,2.90,4.54,3.24,4.74,3.00,5.12,0.08,5.85,0.61,5.70,0.32,35.51,0.20,C3'-endo
55,53,0.77,G,G,G,0,0,1,0,0,(,65,1,cWW,cW-W,5.38,2.58,1.46,1.31,3.48,4.88,4.89,3.37,BI,anti,.,4.57,4.59,3.05,3.94,3.83,3.67,4.70,3.92,6.28,5.85,0.68,5.58,0.44,41.25,0.33,C3'-endo
56,54,0.79,G,G,G,0,0,1,0,0,(,64,1,cWW,cW-W,2.56,3.52,3.21,1.38,3.90,4.77,5.41,3.02,BI,anti,.,4.78,4.75,2.83,3.25,3.08,3.40,3.82,3.90,0.19,5.70,0.73,5.64,0.28,42.04,0.07,C3'-endo
57,55,0.80,C,C,C,0,1,0,0,0,(,63,1,cWW,cW-W,5.53,3.00,0.95,1.43,3.88,4.73,5.43,3.39,BI,anti,.,4.57,4.72,3.29,3.79,3.45,3.91,3.98,3.78,0.08,5.82,0.65,5.66,0.34,38.05,0.21,C3'-endo
58,56,0.82,U,U,U,0,0,0,1,0,(,61,1,cWW,cW-W,5.72,2.87,0.85,2.48,3.69,4.16,5.82,4.14,..,anti,.,1.99,1.99,3.20,3.65,3.72,2.92,3.69,1.68,5.80,0.68,5.67,0.35,0.08,38.76,2.70,C2'-endo
59,57,0.83,U,U,U,0,0,0,1,0,.,,0,,,4.39,2.38,0.62,2.51,3.79,4.45,5.63,3.75,BI,anti,.,1.36,1.79,1.67,4.59,1.96,4.23,1.04,4.71,5.83,0.67,5.66,0.38,0.04,38.56,2.75,C2'-endo
60,58,0.85,C,C,C,0,1,0,0,0,.,,0,,,3.27,3.00,2.97,2.57,4.88,1.90,2.99,3.28,..,anti,.,1.02,1.06,4.11,1.82,4.16,1.87,4.68,1.20,6.06,0.50,5.72,0.45,6.14,32.65,3.07,C2'-endo
61,59,0.86,A,A,A,1,0,0,0,0,),58,1,cWW,cW-W,1.47,3.68,3.13,2.67,4.38,4.55,6.11,4.92,..,anti,.,0.79,0.95,3.70,4.54,3.41,3.85,2.71,2.89,5.90,0.67,5.60,0.47,6.22,40.02,2.90,C2'-endo
62,60,0.87,U,U,U,0,0,0,1,0,.,,0,,,1.39,2.74,0.96,1.42,3.57,0.90,2.67,3.75,..,anti,.,3.97,4.59,4.90,0.02,5.99,5.89,0.99,5.11,0.03,5.87,0.62,5.66,0.37,36.93,0.28,C3'-endo
63,61,0.89,G,G,G,0,0,1,0,0,),57,1,cWW,cW-W,1.41,2.92,5.18,1.42,3.63,5.13,4.78,3.23,BI,anti,A,4.61,4.61,3.84,3.18,4.45,3.45,5.56,4.17,0.04,5.85,0.63,5.66,0.37,37.58,0.26,C3'-endo
64,62,0.90,C,C,C,0,1,0,0,0,),56,1,cWW,cW-W,5.09,3.24,0.91,1.42,3.55,5.03,4.81,3.46,BI,anti,A,4.40,4.51,2.99,3.61,3.23,3.61,3.90,3.83,6.25,5.92,0.59,5.66,0.41,36.15,0.37,C3'-endo
65,63,0.92,C,C,C,0,1,0,0,0,),55,1,cWW,cW-W,5.04,3.03,1.02,1.34,3.73,5.08,4.94,3.40,BI,anti,A,4.50,4.62,2.92,3.73,3.08,3.80,3.49,4.37,6.24,5.90,0.63,5.61,0.45,39.10,0.38,C3'-endo
66,64,0.93,G,G,G,0,0,1,0,0,.,54,1,tSH,tm-M,5.07,3.10,1.01,1.45,4.56,3.88,0.68,3.45,..,anti,.,4.02,4.57,3.20,3.11,3.38,3.66,4.07,3.84,6.27,5.92,0.58,5.68,0.39,35.34,0.34,C3'-endo
67,65,0.94,A,A,A,1,0,0,0,0,.,,0,,,5.37,3.34,0.73,2.62,4.91,4.99,6.20,3.89,..,anti,.,-0.10,0.15,4.07,5.69,3.88,5.34,3.57,5.92,5.94,0.62,5.63,0.47,6.20,38.03,2.93,C2'-endo
68,66,0.96,A,A,A,1,0,0,0,0,.,,0,,,4.83,3.28,1.26,1.35,3.67,5.28,4.67,3.65,BI,anti,A,4.11,4.68,2.64,3.93,3.44,3.95,3.70,4.57,0.11,5.76,0.72,5.61,0.35,41.88,0.18,C3'-endo
69,67,0.97,A,A,A,1,0,0,0,0,.,,0,,,5.06,2.98,1.20,1.36,3.85,4.78,5.35,3.42,BI,anti,.,4.46,4.66,3.02,4.19,3.38,4.05,4.33,4.67,0.01,5.87,0.64,5.63,0.41,38.80,0.32,C3'-endo
70,68,0.99,U,U,U,0,0,0,1,0,.,,0,,,1.98,3.62,3.75,1.66,4.81,5.31,5.78,3.37,..,anti,.,4.13,4.66,3.13,4.50,3.34,4.73,4.28,5.19,0.22,5.82,0.52,5.87,0.12,30.19,6.19,C2'-exo
71,69,1.00,C,C,C,0,1,0,0,0,.,,0,,,5.01,3.62,0.95,2.58,,,,4.26,n/a,anti,-,,,,,,,,,5.94,0.61,5.66,0.44,6.22,36.66,2.91,C2'-endo
