index_chain,old_nt_resnum,nt_position,nt_name,nt_code,nt_align_code,is_A,is_C,is_G,is_U,is_other,dbn,paired,nb_interact,pair_type_LW,pair_type_DSSR,alpha,beta,gamma,delta,epsilon,zeta,epsilon_zeta,chi,bb_type,glyco_bond,form,ssZp,Dp,eta,theta,eta_prime,theta_prime,eta_base,theta_base,v0,v1,v2,v3,v4,amplitude,phase_angle,puckering
1,1,0.01,GTP,g,G,0,0,0,0,1,.,,0,,,,,5.70,6.12,4.49,6.00,4.77,3.53,..,anti,.,3.88,4.33,,,,,,,0.34,5.83,0.39,6.07,6.20,25.49,5.77,C2'-exo
2,2,0.02,G,G,G,0,0,1,0,0,.,,0,,,2.89,2.76,0.99,1.38,3.91,4.45,5.74,3.32,..,anti,.,4.62,4.71,0.33,3.78,1.16,3.60,1.25,3.16,0.02,5.86,0.64,5.63,0.40,38.51,0.30,C3'-endo
3,3,0.03,C,C,C,0,1,0,0,0,.,,0,,,1.39,3.85,4.95,2.60,4.75,2.02,2.73,4.09,..,anti,.,0.52,0.57,4.42,1.39,4.30,1.45,3.72,1.68,5.86,0.68,5.62,0.44,6.27,39.84,2.83,C2'-endo
4,4,0.03,G,G,G,0,0,1,0,0,.,,0,,,4.57,2.81,0.43,1.40,3.00,0.58,2.42,3.27,..,anti,.,3.99,4.11,2.68,5.54,2.58,4.85,2.83,4.32,6.22,5.96,0.56,5.67,0.42,35.00,0.43,C3'-endo
5,5,0.04,C,C,C,0,1,0,0,0,.,,0,,,3.17,4.27,4.72,1.40,3.70,4.00,5.98,3.42,..,anti,.,4.45,4.58,6.04,1.76,0.36,1.68,0.86,2.15,0.00,5.89,0.62,5.65,0.39,37.13,0.32,C3'-endo
6,6,0.05,A,A,A,1,0,0,0,0,.,,0,,,0.67,4.49,4.79,1.36,3.58,2.11,1.47,0.81,..,syn,.,-3.42,4.48,3.68,5.29,3.13,5.36,3.11,5.97,6.22,5.94,0.59,5.63,0.45,37.38,0.42,C3'-endo
7,7,0.06,U,U,U,0,0,0,1,0,.,,0,,,5.58,4.78,4.60,2.44,4.06,5.56,4.78,0.98,..,syn,.,-1.59,1.63,3.38,3.96,3.67,4.34,4.82,3.54,5.88,0.60,5.73,0.33,0.04,34.39,2.74,C2'-endo
8,8,0.07,A,A,A,1,0,0,0,0,.,,0,,,4.58,2.81,1.02,2.53,3.43,3.87,5.85,5.38,..,anti,.,2.40,2.54,1.92,3.72,3.25,2.88,2.52,3.97,5.70,0.81,5.57,0.40,0.11,45.60,2.67,C2'-endo
9,9,0.08,A,A,A,1,0,0,0,0,.,,0,,,0.79,4.54,5.05,2.49,4.52,4.79,6.01,0.76,..,syn,.,-1.09,1.08,4.62,4.36,4.22,4.21,5.12,4.75,5.91,0.60,5.70,0.38,6.27,35.18,2.83,C2'-endo
10,10,0.09,A,A,A,1,0,0,0,0,.,,0,,,1.53,3.84,3.08,1.25,3.88,5.42,4.75,1.41,BI,syn,.,-0.81,4.60,1.52,4.17,2.34,3.13,3.24,2.24,6.22,5.90,0.66,5.57,0.49,41.24,0.41,C3'-endo
11,11,0.09,G,G,G,0,0,1,0,0,.,,0,,,2.77,1.77,1.57,2.70,3.40,4.68,5.00,5.07,BI,anti,B,1.49,1.87,5.29,4.82,1.38,2.68,0.71,3.49,6.00,0.61,5.61,0.53,6.12,39.04,3.04,C2'-endo
12,12,0.10,A,A,A,1,0,0,0,0,.,,0,,,4.26,1.53,2.38,1.43,3.79,5.17,4.90,3.42,BI,anti,A,4.41,4.60,2.88,3.33,2.75,3.42,3.63,4.15,0.04,5.86,0.62,5.67,0.36,36.70,0.26,C3'-endo
13,13,0.11,U,U,U,0,0,0,1,0,.,,0,,,4.95,3.00,1.14,1.43,3.84,5.01,5.11,3.56,BI,anti,.,4.21,4.56,2.88,3.88,3.23,3.90,4.22,4.52,6.24,5.93,0.58,5.66,0.42,36.10,0.39,C3'-endo
14,14,0.12,G,G,G,0,0,1,0,0,.,,0,,,4.86,3.24,0.98,1.48,3.49,4.72,5.05,3.49,BI,anti,.,4.40,4.53,2.80,3.37,3.07,3.35,3.92,3.24,0.07,5.86,0.59,5.71,0.31,34.69,0.21,C3'-endo
15,15,0.13,A,A,A,1,0,0,0,0,.,,0,,,5.25,2.91,0.99,1.41,3.91,4.88,5.31,3.56,BI,anti,.,4.19,4.61,3.11,3.79,3.14,3.90,3.10,4.43,6.25,5.91,0.60,5.64,0.42,37.12,0.37,C3'-endo
16,16,0.14,G,G,G,0,0,1,0,0,.,,0,,,5.26,3.17,0.95,1.50,3.67,5.00,4.95,3.90,BI,anti,.,3.53,4.57,3.15,3.75,3.38,3.70,3.98,3.88,0.06,5.87,0.59,5.71,0.32,34.81,0.23,C3'-endo
17,17,0.15,A,A,A,1,0,0,0,0,.,,0,,,4.79,2.76,1.44,1.33,4.31,5.39,5.20,3.77,..,anti,.,3.35,4.75,2.99,3.99,3.17,3.79,3.52,3.70,6.26,5.86,0.68,5.58,0.46,41.23,0.35,C3'-endo
18,18,0.16,C,C,C,0,1,0,0,0,.,,0,,,4.59,1.50,3.10,1.46,4.39,4.98,5.69,3.47,..,anti,.,4.14,4.64,3.61,3.17,3.56,3.53,3.63,4.57,6.28,5.91,0.59,5.68,0.38,35.47,0.33,C3'-endo
19,19,0.16,G,G,G,0,0,1,0,0,.,,0,,,5.31,2.72,0.83,1.39,3.60,4.88,5.00,3.51,BI,anti,.,4.40,4.63,2.57,4.16,3.10,3.95,4.37,4.05,0.05,5.84,0.65,5.64,0.37,38.73,0.25,C3'-endo
20,20,0.17,C,C,C,0,1,0,0,0,.,,0,,,2.04,3.69,3.87,1.44,4.02,5.13,5.18,3.19,BI,anti,.,4.70,4.71,3.20,3.38,3.36,3.61,3.85,4.67,0.06,5.84,0.64,5.66,0.35,37.84,0.23,C3'-endo
21,21,0.18,G,G,G,0,0,1,0,0,(,68,1,cWW,cW-W,5.16,2.83,0.96,1.41,3.90,4.76,5.42,3.20,BI,anti,A,4.70,4.71,2.77,3.76,3.21,3.81,4.55,4.25,0.06,5.83,0.65,5.65,0.36,38.37,0.24,C3'-endo
22,22,0.19,U,U,U,0,0,0,1,0,(,67,1,cWW,cW-W,5.52,2.74,0.87,1.38,3.97,4.74,5.52,3.29,BI,anti,A,4.60,4.68,3.07,3.80,3.30,3.87,3.98,4.34,0.03,5.85,0.65,5.63,0.40,38.95,0.29,C3'-endo
23,23,0.20,U,U,U,0,0,0,1,0,(,66,1,cWW,cW-W,5.53,2.73,0.91,1.52,3.62,4.87,5.03,3.41,BI,anti,.,3.95,4.13,3.08,4.13,3.38,3.88,4.05,4.13,6.15,6.07,0.46,5.73,0.43,31.22,0.56,C3'-endo
24,24,0.21,U,U,U,0,0,0,1,0,(,65,1,cWW,cW-W,2.96,3.26,2.68,1.46,3.77,5.11,4.95,3.34,BI,anti,A,4.46,4.57,2.58,3.57,2.88,3.57,3.48,4.23,0.03,5.87,0.62,5.67,0.37,36.80,0.28,C3'-endo
25,25,0.22,U,U,U,0,0,0,1,0,(,64,1,cWW,cW-W,4.96,2.92,1.09,1.42,3.70,5.08,4.90,3.44,BI,anti,A,4.50,4.61,2.78,3.82,3.12,3.76,4.08,4.09,6.28,5.90,0.61,5.65,0.40,37.14,0.34,C3'-endo
26,26,0.22,A,A,A,1,0,0,0,0,(,63,1,cWW,cW-W,5.05,3.06,0.90,1.39,4.15,4.32,6.11,3.45,..,anti,A,4.22,4.60,2.91,4.02,3.08,3.89,3.64,4.35,6.21,5.95,0.59,5.63,0.46,37.20,0.44,C3'-endo
27,27,0.23,G,G,G,0,0,1,0,0,.,,0,,,2.06,3.93,3.20,1.34,0.65,4.79,2.14,3.23,..,anti,.,3.75,3.82,3.40,5.96,3.37,6.26,3.99,6.23,0.19,5.70,0.73,5.64,0.28,42.10,0.07,C3'-endo
28,28,0.24,A,A,A,1,0,0,0,0,.,,0,,,5.27,2.80,2.85,2.54,4.07,5.42,4.93,3.96,..,anti,.,1.55,1.59,4.89,5.17,5.13,5.17,5.34,4.93,5.93,0.59,5.70,0.40,6.25,34.79,2.87,C2'-endo
29,29,0.25,G,G,G,0,0,1,0,0,(,58,1,cWW,cW-W,2.38,4.19,4.46,1.44,3.72,5.02,4.98,3.21,BI,anti,A,4.53,4.56,4.39,2.76,4.94,3.08,5.58,3.72,0.01,5.90,0.60,5.68,0.38,35.86,0.31,C3'-endo
30,30,0.26,C,C,C,0,1,0,0,0,(,57,1,cWW,cW-W,5.11,3.06,0.97,1.38,3.66,5.01,4.94,3.38,BI,anti,A,4.49,4.57,2.92,3.70,3.16,3.73,3.85,4.21,6.27,5.89,0.63,5.63,0.42,38.12,0.34,C3'-endo
31,31,0.27,U,U,U,0,0,0,1,0,(,56,1,cWW,cW-W,5.15,3.02,0.96,1.40,3.77,5.01,5.04,3.38,BI,anti,A,4.50,4.61,2.96,3.79,3.18,3.81,3.87,4.38,0.01,5.88,0.63,5.65,0.39,37.60,0.31,C3'-endo
32,32,0.28,A,A,A,1,0,0,0,0,(,55,1,cWW,cW-W,5.12,2.95,0.93,1.41,3.71,4.92,5.07,3.35,BI,anti,A,4.54,4.62,2.83,3.69,3.09,3.70,3.94,4.09,0.02,5.88,0.62,5.66,0.38,37.02,0.30,C3'-endo
33,33,0.28,U,U,U,0,0,0,1,0,(,54,1,cWW,cW-W,5.22,2.92,0.96,1.38,3.72,4.98,5.02,3.42,BI,anti,A,4.52,4.64,2.93,3.72,3.15,3.71,3.79,4.14,0.01,5.87,0.64,5.63,0.40,38.42,0.31,C3'-endo
34,34,0.29,G,G,G,0,0,1,0,0,(,53,1,cWW,cW-W,5.00,2.97,1.06,1.40,3.43,4.78,4.93,3.32,BI,anti,A,4.52,4.53,2.79,3.85,3.05,3.73,3.79,4.06,0.02,5.87,0.63,5.65,0.39,37.52,0.30,C3'-endo
35,35,0.30,C,C,C,0,1,0,0,0,(,52,1,cWW,cW-W,3.10,3.53,2.78,1.47,3.01,0.63,2.38,3.14,..,anti,.,3.87,4.12,2.97,4.80,3.26,4.10,3.90,4.32,0.04,5.90,0.56,5.73,0.33,33.23,0.26,C3'-endo
36,36,0.31,U,U,U,0,0,0,1,0,(,51,1,cWW,cW-W,2.65,1.96,2.47,1.48,4.10,4.34,6.04,3.37,..,anti,.,4.54,4.73,2.05,3.30,2.66,3.37,3.36,3.61,0.08,5.85,0.60,5.71,0.31,35.13,0.20,C3'-endo
37,37,0.32,G,G,G,0,0,1,0,0,.,,0,,,3.34,3.62,2.14,1.63,4.26,4.37,6.18,3.70,..,anti,.,3.70,4.62,2.61,3.73,2.85,3.71,3.16,3.79,0.17,5.85,0.52,5.84,0.18,29.94,0.01,C3'-endo
38,38,0.33,U,U,U,0,0,0,1,0,.,50,1,cWW,cW-W,5.34,2.44,0.93,1.57,4.10,4.08,0.02,4.11,..,anti,.,2.38,4.48,2.91,3.58,3.15,3.60,3.43,3.75,0.06,5.92,0.51,5.79,0.28,29.98,0.22,C3'-endo
39,39,0.34,U,U,U,0,0,0,1,0,(,49,1,cWW,cW-W,5.74,2.27,0.72,1.59,4.77,3.94,0.84,4.31,..,anti,.,0.71,4.26,3.32,4.04,3.40,4.16,3.57,4.75,0.01,5.98,0.46,5.81,0.29,27.74,0.31,C3'-endo
40,40,0.34,U,U,U,0,0,0,1,0,.,,0,,,5.71,1.92,0.90,1.47,4.40,3.21,1.19,4.29,BII,anti,.,1.32,4.50,2.98,3.00,3.32,3.32,3.83,3.19,6.24,5.96,0.54,5.70,0.39,33.51,0.40,C3'-endo
41,41,0.35,U,U,U,0,0,0,1,0,.,,0,,,3.09,4.02,1.72,1.44,4.27,6.21,4.34,3.56,..,anti,.,4.07,4.70,2.89,5.62,2.42,5.35,2.30,5.35,0.03,5.88,0.61,5.68,0.36,36.20,0.28,C3'-endo
42,42,0.36,G,G,G,0,0,1,0,0,.,46,1,cSW,cm-W,3.16,2.42,3.41,1.40,3.78,5.22,4.84,3.24,BI,anti,.,4.70,4.71,3.12,3.14,3.63,2.61,4.42,1.81,0.07,5.83,0.65,5.66,0.35,38.18,0.22,C3'-endo
43,43,0.37,A,A,A,1,0,0,0,0,.,,0,,,3.22,2.28,0.93,1.46,3.46,4.44,5.30,4.54,BI,anti,.,1.37,4.48,0.38,3.48,0.88,3.35,0.47,3.13,0.04,5.88,0.59,5.70,0.34,34.92,0.26,C3'-endo
44,44,0.38,A,A,A,1,0,0,0,0,.,,0,,,4.04,3.76,1.07,1.44,3.61,4.81,5.08,3.25,BI,anti,.,4.58,4.59,2.46,4.38,2.30,4.51,2.31,5.09,0.05,5.86,0.61,5.69,0.34,36.05,0.24,C3'-endo
45,45,0.39,A,A,A,1,0,0,0,0,.,,0,,,2.57,4.35,3.09,1.42,3.79,5.48,4.59,3.24,BI,anti,.,4.64,4.66,3.07,4.70,3.77,4.48,4.89,5.44,0.04,5.86,0.63,5.66,0.37,37.17,0.27,C3'-endo
46,46,0.40,A,A,A,1,0,0,0,0,.,42,1,cWS,cW-m,3.57,4.13,1.42,1.47,4.35,4.47,6.17,3.84,..,anti,.,3.14,4.70,2.51,4.82,3.12,4.73,4.45,3.69,0.05,5.87,0.59,5.70,0.33,35.08,0.24,C3'-endo
47,47,0.41,A,A,A,1,0,0,0,0,.,,0,,,3.58,4.08,1.67,2.71,5.31,1.58,3.72,5.30,..,anti,.,0.36,0.59,2.31,3.36,3.32,2.91,2.48,4.67,5.89,0.70,5.56,0.51,6.20,42.18,2.92,C2'-endo
48,48,0.41,A,A,A,1,0,0,0,0,.,,0,,,2.50,4.41,1.86,1.46,4.30,5.49,5.09,4.59,..,anti,.,0.05,4.63,3.24,4.73,3.18,4.34,4.53,3.60,0.01,5.91,0.57,5.71,0.36,34.19,0.30,C3'-endo
49,49,0.42,A,A,A,1,0,0,0,0,),39,1,cWW,cW-W,3.79,1.72,2.84,2.58,4.64,3.19,1.44,5.21,BII,anti,.,0.10,0.82,3.68,2.23,3.58,2.52,2.93,2.53,5.92,0.62,5.66,0.43,6.24,37.07,2.88,C2'-endo
50,50,0.43,C,C,C,0,1,0,0,0,.,38,1,cWW,cW-W,5.61,2.12,5.72,1.39,3.79,4.66,5.41,4.89,BI,anti,.,-0.65,4.50,2.09,3.41,2.05,3.67,2.20,4.27,6.17,5.98,0.57,5.63,0.48,37.28,0.49,C3'-endo
51,51,0.44,A,A,A,1,0,0,0,0,),36,1,cWW,cW-W,5.58,2.69,0.90,1.45,3.80,4.91,5.17,3.30,BI,anti,A,4.70,4.74,3.11,3.85,3.37,3.81,3.86,4.04,0.14,5.78,0.65,5.69,0.29,37.77,0.12,C3'-endo
52,52,0.45,G,G,G,0,0,1,0,0,),35,1,cWW,cW-W,5.27,3.06,0.82,1.38,3.71,4.99,5.01,3.19,BI,anti,A,4.67,4.67,2.93,3.70,3.11,3.78,3.66,4.23,0.04,5.84,0.65,5.64,0.38,38.72,0.27,C3'-endo
53,53,0.46,C,C,C,0,1,0,0,0,),34,1,cWW,cW-W,5.18,3.10,1.01,1.40,3.69,4.94,5.04,3.34,BI,anti,A,4.50,4.56,3.06,3.68,3.26,3.71,3.89,4.17,6.26,5.90,0.61,5.65,0.41,37.26,0.35,C3'-endo
54,54,0.47,A,A,A,1,0,0,0,0,),33,1,cWW,cW-W,5.20,2.91,0.98,1.42,3.74,4.93,5.10,3.31,BI,anti,A,4.58,4.63,2.95,3.75,3.18,3.77,3.89,4.22,0.02,5.87,0.62,5.66,0.38,36.97,0.29,C3'-endo
55,55,0.47,U,U,U,0,0,0,1,0,),32,1,cWW,cW-W,5.27,2.90,0.96,1.41,3.70,4.59,5.40,3.44,BI,anti,A,4.41,4.56,2.99,3.98,3.24,3.79,3.94,4.17,6.27,5.91,0.60,5.66,0.40,36.50,0.34,C3'-endo
56,56,0.48,A,A,A,1,0,0,0,0,),31,1,cWW,cW-W,2.76,3.64,2.71,1.43,4.10,4.59,5.80,3.15,..,anti,A,4.76,4.78,2.54,3.50,2.80,3.52,3.52,3.94,0.11,5.80,0.65,5.68,0.31,37.78,0.16,C3'-endo
57,57,0.49,G,G,G,0,0,1,0,0,),30,1,cWW,cW-W,5.42,2.62,0.98,1.45,3.50,4.85,4.93,3.31,BI,anti,A,4.42,4.48,2.93,4.14,3.21,3.93,3.88,4.37,0.03,5.89,0.59,5.69,0.36,35.08,0.29,C3'-endo
58,58,0.50,C,C,C,0,1,0,0,0,),29,1,cWW,cW-W,2.86,3.64,2.78,1.42,4.17,4.69,5.77,3.17,..,anti,A,4.68,4.72,2.78,3.58,3.08,3.64,3.95,4.15,0.06,5.84,0.64,5.66,0.35,37.62,0.24,C3'-endo
59,59,0.51,A,A,A,1,0,0,0,0,.,,0,,,5.23,2.67,1.13,1.46,4.54,3.89,0.65,3.30,..,anti,A,4.36,4.66,3.14,4.06,3.35,3.94,3.99,4.14,0.04,5.86,0.62,5.67,0.36,36.56,0.26,C3'-endo
60,60,0.52,A,A,A,1,0,0,0,0,.,,0,,,1.68,4.63,3.33,1.39,2.88,0.52,2.36,3.28,..,anti,.,3.99,4.10,3.16,4.19,3.39,4.25,3.92,5.04,6.26,5.92,0.59,5.66,0.41,36.44,0.36,C3'-endo
61,61,0.53,G,G,G,0,0,1,0,0,.,,0,,,4.02,3.31,0.89,2.47,5.22,3.75,1.47,4.50,..,anti,.,0.10,0.21,3.02,5.36,3.83,4.93,4.84,5.38,5.80,0.68,5.67,0.35,0.08,38.72,2.69,C2'-endo
62,62,0.53,U,U,U,0,0,0,1,0,.,,0,,,2.22,4.16,2.96,2.50,4.17,5.81,4.64,4.05,..,anti,.,1.41,1.51,2.55,5.33,3.64,5.11,3.86,5.70,5.86,0.63,5.69,0.36,0.03,36.29,2.76,C2'-endo
63,63,0.54,U,U,U,0,0,0,1,0,),26,1,cWW,cW-W,4.62,2.92,1.38,1.36,4.01,5.32,4.97,3.30,BI,anti,A,4.58,4.70,2.62,3.96,3.53,3.83,4.14,4.23,0.01,5.86,0.66,5.62,0.41,39.47,0.31,C3'-endo
64,64,0.55,A,A,A,1,0,0,0,0,),25,1,cWW,cW-W,4.25,2.13,2.37,1.50,4.47,4.56,6.19,2.88,..,anti,A,4.73,4.75,3.13,3.42,3.30,3.57,4.03,4.18,0.15,5.80,0.61,5.74,0.25,35.06,0.08,C3'-endo
65,65,0.56,A,A,A,1,0,0,0,0,),24,1,cWW,cW-W,5.46,2.72,0.64,1.43,3.77,5.03,5.03,3.24,BI,anti,A,4.68,4.69,2.72,3.89,3.02,3.94,3.84,4.50,0.06,5.84,0.64,5.66,0.36,37.69,0.24,C3'-endo
66,66,0.57,A,A,A,1,0,0,0,0,),23,1,cWW,cW-W,5.15,3.03,0.97,1.50,3.87,4.93,5.22,3.35,BI,anti,A,4.43,4.58,3.01,3.88,3.28,3.87,4.11,4.17,0.06,5.87,0.59,5.70,0.33,34.98,0.23,C3'-endo
67,67,0.58,A,A,A,1,0,0,0,0,),22,1,cWW,cW-W,5.09,2.88,1.03,1.42,3.66,5.11,4.84,3.47,BI,anti,A,4.32,4.48,2.84,3.83,3.12,3.82,3.70,4.58,6.22,5.94,0.60,5.63,0.45,37.48,0.42,C3'-endo
68,68,0.59,U,U,U,0,0,0,1,0,),21,1,cWW,cW-W,4.98,2.88,1.16,1.48,4.38,2.38,2.00,3.59,BII,anti,.,3.80,4.55,3.07,1.85,3.33,1.88,4.31,2.31,6.28,5.92,0.57,5.69,0.38,34.54,0.34,C3'-endo
69,69,0.59,A,A,A,1,0,0,0,0,.,,0,,,5.25,1.79,2.56,1.44,4.52,4.35,0.17,0.88,..,syn,.,-2.11,4.35,5.02,2.86,4.80,3.25,4.52,3.34,6.17,6.01,0.52,5.68,0.45,34.34,0.51,C3'-endo
70,70,0.60,A,A,A,1,0,0,0,0,.,80,1,tHS,tM-m,4.87,2.80,1.49,1.46,4.25,4.85,5.68,3.11,..,anti,.,4.68,4.72,3.31,4.88,3.39,4.95,3.15,5.32,0.07,5.84,0.63,5.67,0.34,37.07,0.22,C3'-endo
71,71,0.61,G,G,G,0,0,1,0,0,(,79,1,cWW,cW-W,2.45,4.44,3.32,1.44,3.68,4.92,5.05,3.32,BI,anti,A,4.47,4.54,3.16,3.29,3.95,3.25,5.05,3.67,0.01,5.89,0.61,5.67,0.38,36.38,0.31,C3'-endo
72,72,0.62,G,G,G,0,0,1,0,0,(,78,1,cWW,cW-W,5.27,2.94,0.96,1.43,4.03,4.51,5.81,3.37,..,anti,.,4.31,4.53,3.10,3.60,3.28,3.80,3.87,4.18,6.25,5.93,0.58,5.67,0.41,35.91,0.38,C3'-endo
73,73,0.63,C,C,C,0,1,0,0,0,(,76,1,cWW,cW-W,5.45,2.45,1.31,2.53,3.70,4.61,5.36,3.81,BI,anti,.,1.72,1.92,3.04,4.24,3.82,3.01,4.23,1.70,5.87,0.64,5.67,0.39,0.01,37.38,2.79,C2'-endo
74,74,0.64,U,U,U,0,0,0,1,0,.,,0,,,3.88,2.22,0.80,2.49,3.97,4.58,5.67,3.63,..,anti,.,1.64,1.76,1.14,5.22,1.68,4.64,0.86,5.00,5.89,0.61,5.71,0.36,0.02,35.13,2.79,C2'-endo
75,75,0.65,A,A,A,1,0,0,0,0,.,,0,,,2.98,3.33,3.02,2.59,4.06,2.19,1.87,3.53,..,anti,.,1.40,1.53,3.32,1.39,3.92,1.33,4.48,1.29,5.98,0.57,5.68,0.45,6.19,35.22,2.96,C2'-endo
76,76,0.66,G,G,G,0,0,1,0,0,),73,1,cWW,cW-W,4.84,2.37,0.83,1.52,4.24,4.16,0.08,4.77,..,anti,.,-0.67,4.60,3.00,4.44,3.00,4.32,2.86,4.15,0.04,5.91,0.55,5.74,0.32,32.80,0.26,C3'-endo
77,77,0.66,U,U,U,0,0,0,1,0,.,,0,,,0.63,1.46,2.79,1.39,3.23,2.87,0.36,3.64,..,anti,.,4.20,4.41,5.72,6.24,5.65,0.60,5.49,1.49,0.01,5.87,0.64,5.63,0.41,38.62,0.32,C3'-endo
78,78,0.67,C,C,C,0,1,0,0,0,),72,1,cWW,cW-W,4.98,2.81,1.04,1.46,3.93,4.80,5.41,3.34,BI,anti,A,4.51,4.61,3.23,3.88,3.20,3.87,2.60,4.31,0.01,5.89,0.61,5.67,0.38,36.51,0.31,C3'-endo
79,79,0.68,C,C,C,0,1,0,0,0,),71,1,cWW,cW-W,5.49,2.71,0.81,1.41,3.72,4.87,5.13,3.52,BI,anti,.,4.24,4.46,2.92,3.68,3.20,3.70,3.94,4.00,6.21,5.96,0.57,5.65,0.45,36.17,0.44,C3'-endo
80,80,0.69,G,G,G,0,0,1,0,0,.,70,1,tSH,tm-M,5.26,3.02,0.89,1.39,4.57,4.03,0.54,3.70,..,anti,.,3.37,4.63,3.24,3.08,3.33,3.76,3.70,3.81,6.27,5.88,0.64,5.62,0.42,38.67,0.34,C3'-endo
81,81,0.70,U,U,U,0,0,0,1,0,.,,0,,,5.16,3.70,0.78,2.49,5.59,3.69,1.89,4.50,..,anti,.,-0.17,0.32,4.33,5.01,3.95,4.87,3.52,5.62,5.87,0.63,5.69,0.37,0.02,36.48,2.78,C2'-endo
82,82,0.71,U,U,U,0,0,0,1,0,.,,0,,,5.59,2.22,0.91,1.41,3.97,4.98,5.27,3.55,BI,anti,.,4.25,4.70,2.90,4.14,3.68,4.06,3.88,4.79,0.02,5.87,0.63,5.64,0.39,37.94,0.30,C3'-endo
83,83,0.72,A,A,A,1,0,0,0,0,.,,0,,,4.87,3.21,0.94,1.52,3.79,5.46,4.62,2.97,BI,anti,A,4.53,4.66,2.77,4.37,3.03,4.41,4.13,5.08,0.15,5.80,0.62,5.73,0.25,35.66,0.09,C3'-endo
84,84,0.72,U,U,U,0,0,0,1,0,.,,0,,,4.73,3.48,0.91,1.48,4.67,3.83,0.84,3.60,..,anti,.,3.59,4.56,3.04,3.62,3.40,3.89,4.37,4.38,0.02,5.90,0.58,5.70,0.35,34.55,0.29,C3'-endo
85,85,0.73,C,C,C,0,1,0,0,0,.,,0,,,5.68,2.21,0.79,1.42,3.76,4.64,5.41,3.49,BI,anti,.,4.29,4.54,3.01,3.56,3.18,3.15,3.63,2.80,6.26,5.92,0.59,5.66,0.41,36.16,0.37,C3'-endo
86,86,0.74,A,A,A,1,0,0,0,0,.,99,1,cWW,cW-W,5.57,3.51,2.96,1.35,2.28,0.96,1.33,3.28,..,anti,.,4.00,4.07,6.17,3.91,6.14,3.77,6.02,4.59,0.18,5.73,0.69,5.68,0.27,39.51,0.07,C3'-endo
87,87,0.75,A,A,A,1,0,0,0,0,(,98,1,cWW,cW-W,3.13,2.46,1.96,1.57,4.21,4.71,5.79,3.17,..,anti,.,4.35,4.47,2.62,3.82,3.13,3.86,4.34,5.21,0.03,5.94,0.51,5.77,0.31,30.57,0.27,C3'-endo
88,88,0.76,C,C,C,0,1,0,0,0,.,97,1,cHW,cM+W,5.68,2.53,0.70,1.43,3.76,4.96,5.08,0.71,BI,syn,.,-3.54,4.40,2.82,3.87,3.25,3.83,4.86,3.08,6.21,5.98,0.55,5.68,0.43,34.65,0.44,C3'-endo
89,89,0.77,U,U,U,0,0,0,1,0,(,96,1,cWW,cW-W,5.24,3.10,0.68,1.43,3.58,4.84,5.02,3.51,BI,anti,.,4.12,4.33,2.84,4.01,3.04,3.83,2.60,4.18,6.18,6.01,0.53,5.68,0.45,34.51,0.50,C3'-endo
90,90,0.78,U,U,U,0,0,0,1,0,(,95,1,cWW,cW-W,2.01,3.49,3.64,1.45,4.30,4.92,5.66,3.24,..,anti,.,4.61,4.74,2.84,3.53,2.99,3.72,3.60,4.73,0.09,5.83,0.63,5.68,0.32,36.99,0.19,C3'-endo
91,91,0.78,G,G,G,0,0,1,0,0,.,94,1,tSH,tm-M,5.39,2.64,0.81,1.30,4.11,5.17,5.22,3.27,..,anti,.,4.71,4.83,2.66,4.55,3.08,3.68,4.36,2.62,0.08,5.78,0.72,5.59,0.38,42.04,0.22,C3'-endo
92,92,0.79,A,A,A,1,0,0,0,0,.,,0,,,2.81,2.40,1.00,1.51,3.97,5.15,5.11,3.19,BI,anti,.,4.66,4.70,6.28,4.30,0.69,4.22,0.40,5.04,0.11,5.83,0.60,5.73,0.28,34.71,0.15,C3'-endo
93,93,0.80,A,A,A,1,0,0,0,0,.,,0,,,4.96,2.86,1.12,1.49,3.74,5.12,4.90,3.33,BI,anti,A,4.58,4.65,2.73,3.99,3.22,3.94,4.61,4.60,0.11,5.83,0.61,5.71,0.29,35.67,0.16,C3'-endo
94,94,0.81,A,A,A,1,0,0,0,0,.,91,1,tHS,tM-m,4.90,2.92,1.19,1.48,4.43,4.82,5.90,3.31,..,anti,.,4.50,4.76,3.03,4.27,3.32,4.40,4.30,5.24,0.10,5.82,0.63,5.69,0.31,36.63,0.17,C3'-endo
95,95,0.82,A,A,A,1,0,0,0,0,),90,1,cWW,cW-W,5.41,2.34,1.16,1.46,3.60,4.92,4.96,3.36,BI,anti,A,4.61,4.65,2.68,3.79,3.38,3.61,4.74,3.76,0.11,5.81,0.64,5.69,0.31,37.40,0.16,C3'-endo
96,96,0.83,A,A,A,1,0,0,0,0,),89,1,cWW,cW-W,5.18,2.89,1.07,1.41,3.97,4.85,5.40,3.27,BI,anti,A,4.65,4.72,3.06,3.81,3.24,3.82,3.74,4.42,0.06,5.83,0.65,5.66,0.36,38.11,0.23,C3'-endo
97,97,0.84,G,G,G,0,0,1,0,0,.,88,1,cWH,cW+M,5.08,2.64,1.24,1.43,3.69,4.97,5.01,3.20,BI,anti,A,4.65,4.66,2.83,3.77,3.17,3.71,4.16,3.92,0.08,5.82,0.65,5.67,0.34,37.79,0.21,C3'-endo
98,98,0.84,U,U,U,0,0,0,1,0,),87,1,cWW,cW-W,5.20,3.08,1.03,1.44,4.54,4.38,0.16,3.49,..,anti,.,3.98,4.58,3.33,3.79,3.45,4.10,3.81,3.95,6.27,5.92,0.58,5.68,0.39,35.44,0.35,C3'-endo
99,99,0.85,G,G,G,0,0,1,0,0,.,86,1,cWW,cW-W,4.96,3.08,1.19,2.59,4.57,5.35,5.50,4.83,..,anti,.,0.23,0.87,3.38,5.71,3.66,4.84,3.40,3.56,5.95,0.59,5.67,0.44,6.21,36.06,2.93,C2'-endo
100,100,0.86,G,G,G,0,0,1,0,0,(,114,1,cWW,cW-W,4.94,3.75,2.78,1.51,3.70,4.97,5.01,3.36,BI,anti,A,4.42,4.51,4.68,3.58,5.73,3.47,1.10,3.81,0.03,5.90,0.57,5.72,0.34,33.84,0.27,C3'-endo
101,101,0.87,C,C,C,0,1,0,0,0,(,113,1,cWW,cW-W,4.89,3.05,1.09,1.40,3.24,4.67,4.86,3.46,BI,anti,A,4.38,4.42,2.80,3.73,3.07,3.66,3.71,4.10,6.28,5.89,0.62,5.64,0.41,37.63,0.33,C3'-endo
102,102,0.88,A,A,A,1,0,0,0,0,(,112,1,cWW,cW-W,3.03,3.89,2.65,1.45,4.06,4.81,5.54,3.13,..,anti,A,4.71,4.72,2.94,3.81,3.18,3.76,3.89,4.21,0.08,5.85,0.61,5.70,0.32,35.88,0.20,C3'-endo
103,103,0.89,C,C,C,0,1,0,0,0,(,111,1,cWW,cW-W,5.38,2.79,0.91,1.43,3.68,4.96,5.00,3.41,BI,anti,A,4.43,4.54,2.91,3.72,3.23,3.71,4.02,4.11,6.27,5.90,0.60,5.66,0.40,36.58,0.34,C3'-endo
104,104,0.90,C,C,C,0,1,0,0,0,(,110,1,cWW,cW-W,5.08,2.97,1.06,1.41,3.76,5.85,4.20,3.45,..,anti,.,4.43,4.61,2.97,4.31,3.18,4.05,3.81,4.36,0.00,5.89,0.62,5.65,0.40,37.26,0.32,C3'-endo
105,105,0.91,G,G,G,0,0,1,0,0,(,109,1,cWW,cW-W,3.82,1.92,2.68,1.45,3.72,5.14,4.85,3.04,BI,anti,A,4.67,4.70,2.96,3.06,3.17,3.43,3.93,4.21,0.14,5.78,0.66,5.68,0.29,38.26,0.12,C3'-endo
106,106,0.91,A,A,A,1,0,0,0,0,.,,0,,,4.90,3.15,1.49,2.65,3.70,3.27,0.43,3.66,..,anti,.,1.35,1.67,3.11,3.95,3.90,3.49,4.71,4.22,5.98,0.60,5.64,0.48,6.17,37.33,2.99,C2'-endo
107,107,0.92,G,G,G,0,0,1,0,0,.,,0,,,0.82,1.96,1.53,2.56,3.79,2.73,1.06,4.58,..,anti,.,1.60,1.84,4.52,2.72,5.34,1.97,4.88,2.06,5.94,0.59,5.69,0.41,6.24,35.41,2.88,C2'-endo
108,108,0.93,U,U,U,0,0,0,1,0,.,,0,,,4.88,2.70,1.09,2.49,4.63,1.77,2.86,4.28,..,anti,.,0.85,0.85,3.60,1.47,3.55,1.05,3.34,1.28,5.83,0.66,5.68,0.36,0.06,37.82,2.73,C2'-endo
109,109,0.94,C,C,C,0,1,0,0,0,),105,1,cWW,cW-W,3.85,1.80,2.99,1.43,3.51,4.89,4.90,3.45,BI,anti,.,4.17,4.26,3.97,2.39,3.70,2.73,3.60,3.17,6.13,6.04,0.52,5.66,0.49,35.12,0.57,C3'-endo
110,110,0.95,G,G,G,0,0,1,0,0,),104,1,cWW,cW-W,5.05,2.91,1.11,1.35,3.79,4.94,5.13,3.24,BI,anti,A,4.57,4.57,2.98,3.69,3.11,3.71,3.59,4.27,6.20,5.95,0.60,5.62,0.47,38.04,0.45,C3'-endo
111,111,0.96,G,G,G,0,0,1,0,0,),103,1,cWW,cW-W,5.17,2.92,0.93,1.40,3.65,4.96,4.97,3.29,BI,anti,A,4.57,4.59,2.86,3.66,3.11,3.67,3.94,4.05,6.28,5.89,0.62,5.64,0.40,37.53,0.33,C3'-endo
112,112,0.97,U,U,U,0,0,0,1,0,),102,1,cWW,cW-W,5.12,3.08,0.92,1.38,3.59,4.90,4.97,3.34,BI,anti,A,4.59,4.62,2.90,3.55,3.09,3.59,3.71,4.03,0.03,5.84,0.66,5.63,0.39,39.20,0.28,C3'-endo
113,113,0.97,G,G,G,0,0,1,0,0,),101,1,cWW,cW-W,5.22,2.93,1.03,1.41,3.92,4.81,5.39,3.24,BI,anti,A,4.68,4.72,3.07,3.78,3.23,3.82,3.85,4.33,0.08,5.82,0.65,5.66,0.34,37.96,0.21,C3'-endo
114,114,0.98,C,C,C,0,1,0,0,0,),100,1,cWW,cW-W,5.34,2.82,0.90,1.41,3.80,5.13,4.95,3.34,BI,anti,A,4.60,4.69,2.93,3.99,3.18,4.01,3.96,4.60,0.07,5.82,0.65,5.65,0.35,38.47,0.22,C3'-endo
115,115,0.99,U,U,U,0,0,0,1,0,.,,0,,,5.07,3.04,1.08,1.43,4.02,4.20,6.10,3.42,..,anti,.,4.38,4.64,3.01,3.46,3.31,3.13,4.20,2.72,0.00,5.90,0.60,5.67,0.39,36.22,0.32,C3'-endo
116,116,1.00,U,U,U,0,0,0,1,0,.,,0,,,0.99,4.38,4.56,1.40,,,,3.56,n/a,anti,-,,,,,,,,,6.27,5.91,0.60,5.65,0.41,36.87,0.35,C3'-endo
