index_chain,old_nt_resnum,nt_position,nt_name,nt_code,nt_align_code,is_A,is_C,is_G,is_U,is_other,dbn,paired,nb_interact,pair_type_LW,pair_type_DSSR,alpha,beta,gamma,delta,epsilon,zeta,epsilon_zeta,chi,bb_type,glyco_bond,form,ssZp,Dp,eta,theta,eta_prime,theta_prime,eta_base,theta_base,v0,v1,v2,v3,v4,amplitude,phase_angle,puckering
1,1,0.00,GTP,g,G,0,0,0,0,1,.,8,1,cWH,cW-M,,,1.11,1.56,3.81,5.22,4.87,3.11,BI,anti,.,4.57,4.57,,,,,,,6.24,5.97,0.51,5.74,0.38,31.81,0.39,C3'-endo
2,2,0.01,G,G,G,0,0,1,0,0,.,,0,,,4.81,3.03,1.11,1.38,3.79,4.94,5.13,3.33,BI,anti,A,4.65,4.74,2.67,3.75,3.11,3.77,4.46,4.00,0.10,5.78,0.69,5.64,0.34,39.96,0.18,C3'-endo
3,3,0.01,U,U,U,0,0,0,1,0,.,6,1,tWH,tW-M,5.36,2.96,0.93,1.35,4.01,4.72,5.57,3.58,BI,anti,.,4.15,4.72,3.09,4.22,3.28,3.54,3.71,2.42,6.27,5.88,0.64,5.61,0.43,39.13,0.34,C3'-endo
4,4,0.02,U,U,U,0,0,0,1,0,(,112,1,cWW,cW-W,2.67,3.38,1.05,1.49,3.85,5.08,5.05,3.33,BI,anti,A,4.59,4.67,0.57,4.01,0.92,4.05,0.44,4.65,0.09,5.83,0.61,5.71,0.30,35.73,0.18,C3'-endo
5,5,0.02,G,G,G,0,0,1,0,0,(,"111,201",2,"cWW,t.S","cW-W,t.+m",5.16,2.90,0.98,1.39,3.66,5.05,4.90,3.28,BI,anti,A,4.55,4.58,2.83,3.75,3.19,3.72,4.17,4.07,6.28,5.88,0.63,5.64,0.41,38.10,0.33,C3'-endo
6,6,0.03,C,C,C,0,1,0,0,0,(,"3,110",2,"tHW,cWW","tM-W,cW-W",5.13,3.16,0.82,1.34,3.63,4.78,5.13,3.48,BI,anti,A,4.44,4.63,2.86,3.40,3.04,3.48,3.65,3.71,0.01,5.85,0.67,5.60,0.42,40.27,0.31,C3'-endo
7,7,0.03,C,C,C,0,1,0,0,0,(,109,1,cWW,cW-W,5.34,2.99,0.93,1.43,4.06,5.07,5.27,3.61,BI,anti,.,4.05,4.66,3.18,4.12,3.24,4.19,3.46,4.87,0.01,5.89,0.60,5.66,0.39,36.45,0.32,C3'-endo
8,8,0.04,G,G,G,0,0,1,0,0,.,"1,108",2,"cHW,tSH","cM-W,tm-M",5.22,2.83,1.00,1.38,3.97,5.31,4.95,3.62,BI,anti,.,4.08,4.66,2.85,4.43,3.26,3.61,4.22,2.59,6.25,5.91,0.62,5.63,0.43,37.91,0.37,C3'-endo
9,9,0.04,A,A,A,1,0,0,0,0,.,106,1,tSS,tm+m,3.10,2.48,0.79,1.52,3.94,5.00,5.22,3.39,BI,anti,.,4.32,4.50,0.30,4.12,0.83,4.10,0.50,4.89,6.28,5.94,0.54,5.73,0.35,32.47,0.33,C3'-endo
10,10,0.05,A,A,A,1,0,0,0,0,.,,0,,,5.12,2.82,1.05,1.51,3.50,2.51,0.99,3.79,..,anti,.,3.77,4.36,2.82,1.70,3.26,1.36,4.40,1.43,6.26,5.96,0.53,5.73,0.36,32.23,0.36,C3'-endo
11,11,0.05,U,U,U,0,0,0,1,0,.,23,1,cWW,cW-W,1.45,4.05,3.00,1.45,4.15,4.16,6.27,3.39,..,anti,A,4.51,4.77,2.46,3.74,2.57,3.56,2.76,3.93,0.11,5.82,0.64,5.69,0.30,36.89,0.16,C3'-endo
12,12,0.06,C,C,C,0,1,0,0,0,(,22,1,cWW,cW-W,1.96,4.26,3.33,1.46,4.27,4.76,5.79,3.08,..,anti,A,4.80,4.82,2.90,3.63,3.15,3.66,3.89,4.02,0.20,5.74,0.67,5.71,0.24,38.24,0.03,C3'-endo
13,13,0.06,C,C,C,0,1,0,0,0,(,21,1,cWW,cW-W,5.59,2.86,0.74,1.35,3.81,4.89,5.20,3.58,BI,anti,A,4.25,4.68,2.94,3.63,3.22,3.66,3.82,4.15,6.28,5.87,0.65,5.61,0.43,39.33,0.33,C3'-endo
14,14,0.07,A,A,A,1,0,0,0,0,(,20,1,cWW,cW-W,5.01,2.57,1.40,1.42,4.34,5.31,5.32,3.22,..,anti,A,4.63,4.74,3.04,4.18,3.25,3.99,3.94,4.54,0.04,5.85,0.63,5.66,0.37,37.43,0.26,C3'-endo
15,15,0.07,U,U,U,0,0,0,1,0,.,19,1,cWW,cW-W,4.44,1.84,2.34,1.43,4.28,4.73,5.84,3.11,..,anti,.,4.80,4.83,2.90,3.65,3.19,3.88,4.19,4.84,0.14,5.77,0.67,5.68,0.29,38.55,0.12,C3'-endo
16,16,0.08,G,G,G,0,0,1,0,0,.,,0,,,6.02,2.22,0.85,1.43,4.63,3.79,0.84,3.52,..,anti,.,3.75,4.42,3.22,3.52,3.74,3.82,4.97,4.95,6.21,5.97,0.55,5.67,0.43,35.04,0.44,C3'-endo
17,17,0.08,A,A,A,1,0,0,0,0,.,,0,,,5.52,1.79,1.56,2.56,0.02,1.41,4.89,4.83,..,anti,.,-0.26,0.58,0.22,0.30,4.71,2.22,5.30,4.12,6.04,0.51,5.71,0.45,6.15,32.78,3.05,C2'-endo
18,18,0.09,U,U,U,0,0,0,1,0,.,,0,,,3.81,4.10,0.34,2.54,5.30,6.06,5.52,1.20,..,syn,.,0.46,0.45,3.64,1.05,3.49,0.99,4.87,1.70,6.00,0.55,5.70,0.44,6.19,34.01,2.97,C2'-endo
19,19,0.09,U,U,U,0,0,0,1,0,.,15,1,cWW,cW-W,3.04,3.86,2.46,1.37,2.89,4.79,4.38,3.51,BI,anti,.,4.15,4.21,2.54,3.82,3.02,3.68,3.92,4.07,0.02,5.87,0.62,5.65,0.38,37.22,0.30,C3'-endo
20,20,0.10,U,U,U,0,0,0,1,0,),14,1,cWW,cW-W,3.15,4.79,1.79,1.22,3.25,4.63,4.90,3.76,BI,anti,A,3.77,4.26,2.67,3.86,2.98,3.48,3.68,3.80,5.94,6.08,0.64,5.43,0.75,48.98,0.72,C4'-exo
21,21,0.10,G,G,G,0,0,1,0,0,),13,1,cWW,cW-W,2.01,3.43,3.67,1.76,4.33,5.13,5.48,3.16,..,anti,A,4.76,4.86,3.09,3.70,3.04,3.78,3.69,4.23,0.48,5.60,0.61,5.93,6.21,38.68,5.85,C2'-exo
22,22,0.11,G,G,G,0,0,1,0,0,),12,1,cWW,cW-W,4.81,2.42,1.60,1.28,3.89,5.10,5.07,2.99,BI,anti,.,4.76,4.72,2.65,3.80,3.14,3.80,3.97,4.42,6.27,5.85,0.70,5.56,0.46,42.26,0.34,C3'-endo
23,23,0.11,U,U,U,0,0,0,1,0,.,11,1,cWW,cW-W,5.22,3.30,0.88,1.43,3.48,4.53,5.23,3.55,BI,anti,.,4.32,4.51,3.02,3.12,3.31,3.21,4.21,3.36,0.01,5.87,0.63,5.64,0.40,38.01,0.31,C3'-endo
24,24,0.12,A,A,A,1,0,0,0,0,.,107,1,tHS,tM-m,5.22,2.93,0.99,1.42,4.13,5.27,5.14,3.49,..,anti,.,4.34,4.81,3.16,4.40,3.10,4.54,3.16,5.29,0.11,5.79,0.67,5.66,0.32,38.65,0.16,C3'-endo
25,25,0.12,C,C,C,0,1,0,0,0,(,106,1,cWW,cW-W,5.32,2.77,1.09,1.43,3.51,5.13,4.67,3.43,BI,anti,.,4.45,4.53,2.86,4.29,3.54,4.00,4.82,4.27,0.02,5.88,0.62,5.66,0.38,36.83,0.29,C3'-endo
26,26,0.13,G,G,G,0,0,1,0,0,(,105,1,cWW,cW-W,2.49,3.28,3.31,1.42,3.81,4.90,5.18,3.18,BI,anti,A,4.75,4.74,2.81,3.13,3.09,3.27,3.84,3.60,0.12,5.78,0.67,5.66,0.32,39.05,0.16,C3'-endo
27,27,0.13,G,G,G,0,0,1,0,0,(,104,1,cWW,cW-W,5.23,3.08,0.86,1.37,3.56,4.94,4.91,3.29,BI,anti,A,4.64,4.63,2.93,3.53,3.11,3.57,3.55,3.99,0.04,5.83,0.67,5.62,0.39,39.66,0.26,C3'-endo
28,28,0.14,A,A,A,1,0,0,0,0,(,103,1,cWW,cW-W,5.22,2.96,1.01,1.40,3.75,4.92,5.12,3.23,BI,anti,A,4.72,4.72,3.02,3.72,3.20,3.76,3.84,4.12,0.10,5.79,0.69,5.64,0.35,39.98,0.19,C3'-endo
29,29,0.14,G,G,G,0,0,1,0,0,(,102,1,cWW,cW-W,5.31,2.88,1.08,1.41,3.91,5.16,5.03,3.28,BI,anti,.,4.67,4.72,3.14,4.07,3.37,4.10,3.97,5.05,0.04,5.85,0.64,5.65,0.37,37.74,0.27,C3'-endo
30,30,0.15,G,G,G,0,0,1,0,0,.,101,1,tSH,tm-M,5.16,2.98,0.86,1.41,3.82,4.48,5.62,3.41,BI,anti,.,4.60,4.78,2.78,3.47,3.18,3.45,4.56,3.29,0.14,5.76,0.69,5.66,0.31,39.78,0.13,C3'-endo
31,31,0.15,A,A,A,1,0,0,0,0,.,99,1,tHS,tM-m,3.28,2.81,3.00,1.44,3.85,5.17,4.97,3.44,BI,anti,.,4.46,4.65,3.21,3.39,2.98,3.59,2.69,4.68,0.03,5.88,0.60,5.68,0.36,35.81,0.28,C3'-endo
32,32,0.16,A,A,A,1,0,0,0,0,.,,0,,,5.08,2.93,0.97,1.49,4.20,4.98,5.51,3.38,..,anti,.,4.49,4.75,2.91,4.24,3.30,4.29,4.58,5.14,0.10,5.84,0.60,5.72,0.29,34.97,0.17,C3'-endo
33,33,0.16,C,C,C,0,1,0,0,0,.,98,1,cWW,cW-W,5.32,2.70,0.91,1.40,3.96,5.02,5.22,3.46,BI,anti,.,4.43,4.72,2.76,4.02,3.21,4.04,4.45,4.79,0.05,5.85,0.64,5.65,0.37,37.81,0.25,C3'-endo
34,34,0.17,C,C,C,0,1,0,0,0,(,97,1,cWW,cW-W,5.21,2.79,1.01,1.37,3.71,5.15,4.84,3.39,BI,anti,A,4.60,4.71,2.78,3.90,3.18,3.89,4.36,4.41,0.09,5.79,0.69,5.63,0.36,40.17,0.20,C3'-endo
35,35,0.17,G,G,G,0,0,1,0,0,.,,0,,,5.08,2.99,1.16,1.38,3.76,4.94,5.11,3.40,BI,anti,A,4.53,4.66,2.99,3.73,3.31,3.75,4.18,4.30,0.02,5.86,0.64,5.64,0.39,38.39,0.30,C3'-endo
36,36,0.18,C,C,C,0,1,0,0,0,.,,0,,,5.29,2.92,0.91,1.40,3.91,5.94,4.25,3.52,..,anti,.,4.34,4.71,2.99,4.37,3.21,4.23,3.99,4.32,0.03,5.86,0.64,5.65,0.38,37.88,0.28,C3'-endo
37,37,0.18,U,U,U,0,0,0,1,0,.,,0,,,4.16,1.63,3.40,2.60,5.92,3.36,2.56,3.54,..,anti,.,-0.92,0.86,4.90,5.02,4.82,4.66,4.96,4.88,5.90,0.65,5.63,0.45,6.24,38.72,2.88,C2'-endo
38,38,0.19,U,U,U,0,0,0,1,0,.,39,1,cSH,cm+M,2.57,4.20,2.64,2.53,4.62,2.30,2.33,5.04,BII,anti,.,0.09,0.98,2.25,1.86,3.64,1.27,3.80,1.68,5.93,0.59,5.70,0.39,6.25,34.73,2.86,C2'-endo
39,39,0.19,U,U,U,0,0,0,1,0,.,38,1,cHS,cM+m,3.62,2.24,1.36,1.35,3.53,1.59,1.93,3.56,..,anti,.,4.37,4.62,2.17,0.71,2.28,0.38,2.73,1.45,0.05,5.82,0.68,5.61,0.39,40.26,0.26,C3'-endo
40,40,0.20,U,U,U,0,0,0,1,0,{,94,1,cWW,cW-W,1.47,2.16,5.23,2.62,5.21,1.67,3.54,1.25,..,syn,.,0.25,0.15,4.15,2.67,4.45,1.80,3.12,1.35,5.95,0.60,5.66,0.45,6.21,36.71,2.93,C2'-endo
41,41,0.20,U,U,U,0,0,0,1,0,.,,0,,,0.92,3.46,1.18,2.58,4.15,5.48,4.96,4.04,..,anti,.,1.42,1.42,0.40,5.47,0.32,5.06,0.74,4.73,5.91,0.63,5.66,0.42,6.25,37.25,2.86,C2'-endo
42,42,0.21,G,G,G,0,0,1,0,0,(,"93,95",2,"tHS,cWW","tM-m,cW-W",4.83,2.60,3.13,1.39,3.85,5.14,5.00,3.36,BI,anti,.,4.62,4.73,4.52,3.20,5.15,3.45,5.82,4.40,0.07,5.82,0.66,5.64,0.36,38.84,0.23,C3'-endo
43,43,0.21,G,G,G,0,0,1,0,0,(,"92,96",2,"cWW,cSW","cW-W,cm-W",5.21,2.88,1.00,1.39,3.80,5.00,5.09,3.23,BI,anti,A,4.73,4.74,2.88,3.83,3.27,3.83,4.48,4.15,0.08,5.82,0.66,5.65,0.35,38.79,0.21,C3'-endo
44,44,0.22,G,G,G,0,0,1,0,0,(,"91,202",2,"cWW,t.S","cW-W,t.+m",5.29,2.82,1.10,1.32,3.61,4.90,4.99,3.21,BI,anti,.,4.63,4.61,2.99,3.52,3.30,3.52,3.99,3.81,6.27,5.86,0.67,5.59,0.44,40.83,0.34,C3'-endo
45,45,0.22,G,G,G,0,0,1,0,0,(,90,1,cWW,cW-W,5.29,3.08,0.91,1.37,3.76,4.77,5.27,3.30,BI,anti,A,4.63,4.67,3.09,3.56,3.21,3.63,3.66,3.95,0.03,5.85,0.65,5.63,0.40,38.99,0.29,C3'-endo
46,46,0.23,U,U,U,0,0,0,1,0,(,89,1,cWW,cW-W,5.39,2.92,0.86,1.42,4.04,5.15,5.17,3.54,BI,anti,.,4.22,4.68,3.10,4.17,3.22,4.23,3.63,4.95,0.02,5.88,0.62,5.66,0.38,36.92,0.29,C3'-endo
47,47,0.23,U,U,U,0,0,0,1,0,.,88,1,tSH,tm-M,5.18,2.92,0.99,1.37,4.06,5.50,4.84,3.62,..,anti,.,4.02,4.67,2.88,4.48,3.28,3.65,4.29,2.65,6.25,5.90,0.63,5.62,0.44,38.56,0.37,C3'-endo
48,48,0.24,A,A,A,1,0,0,0,0,.,70,1,cSS,cm-m,3.32,2.19,0.72,1.44,3.91,5.13,5.06,3.30,BI,anti,.,4.42,4.52,0.25,4.23,0.82,4.13,0.48,4.93,6.24,5.95,0.56,5.68,0.41,34.99,0.40,C3'-endo
49,49,0.24,A,A,A,1,0,0,0,0,.,,0,,,4.81,2.88,1.18,1.37,4.19,2.22,1.97,3.57,..,anti,.,4.08,4.76,2.75,1.63,3.09,1.34,4.30,1.44,0.02,5.85,0.65,5.63,0.40,38.77,0.29,C3'-endo
50,50,0.25,U,U,U,0,0,0,1,0,.,68,1,cWW,cW-W,0.97,3.96,3.26,1.43,4.01,4.77,5.52,3.36,BI,anti,A,4.60,4.76,2.54,3.43,2.64,3.48,2.89,4.17,0.10,5.81,0.65,5.67,0.32,37.86,0.17,C3'-endo
51,51,0.25,C,C,C,0,1,0,0,0,(,67,1,cWW,cW-W,5.48,2.67,0.87,1.39,3.49,4.68,5.09,3.68,BI,anti,.,4.15,4.58,2.85,3.95,3.20,3.72,4.17,3.73,0.05,5.84,0.65,5.64,0.37,38.57,0.26,C3'-endo
52,52,0.26,U,U,U,0,0,0,1,0,(,66,1,cWW,cW-W,2.38,3.73,3.42,1.42,4.65,3.81,0.83,3.19,..,anti,A,4.59,4.77,3.16,3.55,3.23,3.53,3.51,4.06,0.11,5.80,0.66,5.67,0.32,38.27,0.16,C3'-endo
53,53,0.26,G,G,G,0,0,1,0,0,(,65,1,cWW,cW-W,2.12,4.31,2.86,1.43,3.92,5.05,5.15,3.23,BI,anti,A,4.72,4.76,2.34,3.94,2.81,3.76,3.56,4.21,0.12,5.80,0.65,5.68,0.31,37.77,0.15,C3'-endo
54,54,0.27,C,C,C,0,1,0,0,0,(,64,1,cWW,cW-W,5.16,3.21,0.81,1.40,3.90,4.79,5.39,3.50,BI,anti,A,4.39,4.72,2.92,3.67,3.15,3.74,3.94,4.29,0.05,5.84,0.64,5.66,0.36,37.86,0.24,C3'-endo
55,55,0.27,A,A,A,1,0,0,0,0,(,63,1,cWW,cW-W,5.24,2.68,1.03,1.39,3.65,4.98,4.95,3.29,BI,anti,.,4.65,4.67,2.82,3.73,3.11,3.68,3.91,3.88,0.06,5.83,0.66,5.65,0.36,38.70,0.23,C3'-endo
56,56,0.28,G,G,G,0,0,1,0,0,(,62,1,cWW,cW-W,5.25,3.14,0.88,1.35,3.48,1.11,2.37,3.22,..,anti,.,4.54,4.56,3.02,5.31,3.19,4.66,3.68,4.86,0.00,5.87,0.64,5.63,0.41,38.52,0.32,C3'-endo
57,57,0.28,U,U,U,0,0,0,1,0,.,"59,60,61",3,"tWH,tWH,cW.","tW-M,tW-M,cW-.",4.86,4.88,4.18,1.35,4.06,5.36,4.98,3.57,..,anti,.,4.18,4.77,1.77,3.16,2.18,2.70,2.88,1.61,0.04,5.83,0.67,5.62,0.39,39.75,0.27,C3'-endo
58,58,0.29,G,G,G,0,0,1,0,0,.,,0,,,3.40,2.25,1.00,1.47,3.48,4.59,5.17,3.20,BI,anti,A,4.53,4.55,0.52,3.94,1.12,3.77,0.63,3.69,0.08,5.85,0.61,5.71,0.31,35.41,0.20,C3'-endo
59,59,0.29,A,A,A,1,0,0,0,0,.,57,1,tHW,tM-W,3.32,3.74,2.51,1.47,4.14,4.98,5.44,3.69,..,anti,.,3.80,4.67,3.02,4.02,3.17,3.87,3.35,4.38,0.04,5.89,0.58,5.71,0.34,34.35,0.27,C3'-endo
60,60,0.30,A,A,A,1,0,0,0,0,.,57,1,tHW,tM-W,4.49,2.98,1.24,1.44,3.81,5.23,4.86,3.42,BI,anti,.,4.55,4.71,2.45,4.05,2.81,4.03,3.65,4.83,0.08,5.83,0.64,5.67,0.33,37.31,0.21,C3'-endo
61,61,0.30,G,G,G,0,0,1,0,0,.,57,1,c.W,c.-W,4.87,2.87,1.23,1.39,3.76,4.95,5.09,3.37,BI,anti,A,4.62,4.72,2.77,3.78,3.20,3.79,4.47,4.37,0.09,5.80,0.67,5.65,0.35,39.05,0.20,C3'-endo
62,62,0.31,C,C,C,0,1,0,0,0,),56,1,cWW,cW-W,5.32,2.88,1.04,1.46,3.74,5.04,4.99,3.36,BI,anti,A,4.57,4.65,3.07,3.89,3.37,3.85,4.25,4.13,0.08,5.85,0.61,5.70,0.32,35.85,0.21,C3'-endo
63,63,0.31,U,U,U,0,0,0,1,0,),55,1,cWW,cW-W,5.24,2.98,0.87,1.38,3.80,5.02,5.07,3.63,BI,anti,A,4.13,4.64,2.91,3.80,3.16,3.78,3.75,4.22,6.27,5.90,0.62,5.64,0.42,37.84,0.35,C3'-endo
64,64,0.32,G,G,G,0,0,1,0,0,),54,1,cWW,cW-W,5.20,3.12,0.54,1.25,1.12,1.21,6.19,3.47,..,anti,.,3.36,3.43,3.14,4.01,3.35,3.80,3.94,3.93,0.05,5.81,0.69,5.60,0.40,41.16,0.26,C3'-endo
65,65,0.32,C,C,C,0,1,0,0,0,),53,1,cWW,cW-W,1.12,3.38,3.29,1.42,4.04,4.89,5.43,3.45,BI,anti,.,4.34,4.64,2.64,3.36,2.91,3.51,3.29,4.30,6.28,5.91,0.60,5.67,0.39,36.15,0.33,C3'-endo
66,66,0.33,A,A,A,1,0,0,0,0,),52,1,cWW,cW-W,5.42,2.85,0.67,1.39,3.78,4.69,5.38,3.44,BI,anti,.,4.50,4.69,2.78,4.09,3.08,3.96,4.08,4.18,0.04,5.85,0.64,5.65,0.38,38.04,0.27,C3'-endo
67,67,0.33,G,G,G,0,0,1,0,0,),51,1,cWW,cW-W,2.02,3.90,3.71,1.45,4.06,4.98,5.36,3.10,..,anti,A,4.73,4.74,3.12,3.38,3.31,3.58,3.89,4.49,0.10,5.82,0.63,5.69,0.31,36.57,0.17,C3'-endo
68,68,0.34,U,U,U,0,0,0,1,0,.,50,1,cWW,cW-W,5.39,2.86,0.82,1.42,3.41,4.73,4.96,3.43,BI,anti,.,4.44,4.50,2.80,3.29,3.24,3.31,4.42,3.46,0.04,5.86,0.62,5.67,0.36,36.87,0.27,C3'-endo
69,69,0.34,A,A,A,1,0,0,0,0,.,87,1,tHS,tM-m,5.19,3.20,0.89,1.44,3.99,5.41,4.86,3.38,BI,anti,.,4.57,4.77,3.17,4.36,3.12,4.50,3.24,5.26,0.11,5.80,0.66,5.68,0.31,38.02,0.16,C3'-endo
70,70,0.35,G,G,G,0,0,1,0,0,(,"48,86",2,"cSS,cWW","cm-m,cW-W",5.07,2.87,1.17,1.37,3.77,5.02,5.03,3.30,BI,anti,A,4.68,4.72,2.81,3.80,3.43,3.78,4.74,4.20,0.06,5.81,0.68,5.62,0.38,40.18,0.24,C3'-endo
71,71,0.35,G,G,G,0,0,1,0,0,(,85,1,cWW,cW-W,5.23,2.91,1.06,1.35,3.50,4.97,4.81,3.28,BI,anti,.,4.60,4.60,2.96,3.51,3.26,3.51,4.05,3.68,0.03,5.83,0.68,5.60,0.41,40.75,0.28,C3'-endo
72,72,0.36,G,G,G,0,0,1,0,0,(,84,1,cWW,cW-W,4.93,3.20,1.12,1.37,3.60,4.92,4.96,3.36,BI,anti,A,4.56,4.62,3.00,3.56,3.10,3.60,3.44,4.08,0.03,5.84,0.66,5.62,0.40,39.46,0.28,C3'-endo
73,73,0.36,A,A,A,1,0,0,0,0,(,83,1,cWW,cW-W,5.20,3.01,0.99,1.46,3.92,4.98,5.22,3.38,BI,anti,A,4.55,4.71,3.08,3.96,3.23,3.99,3.87,4.57,0.08,5.84,0.62,5.69,0.33,36.34,0.21,C3'-endo
74,74,0.37,U,U,U,0,0,0,1,0,(,82,1,cWW,cW-W,5.27,2.86,0.93,1.40,4.41,1.60,2.81,3.56,..,anti,.,3.94,4.67,3.04,1.07,3.31,1.14,4.12,0.86,6.27,5.90,0.61,5.65,0.41,37.16,0.34,C3'-endo
75,75,0.37,A,A,A,1,0,0,0,0,.,,0,,,3.22,3.93,1.02,2.56,4.37,1.60,2.77,4.45,..,anti,.,0.86,1.16,2.57,2.18,2.94,1.50,3.13,0.75,5.95,0.59,5.68,0.42,6.22,35.36,2.91,C2'-endo
76,76,0.38,C,C,C,0,1,0,0,0,[,123,1,cWW,cW-W,1.13,2.92,0.88,1.41,3.77,4.88,5.17,3.42,BI,anti,A,4.52,4.67,5.81,3.71,5.85,3.75,0.37,4.06,0.06,5.84,0.65,5.65,0.36,38.04,0.24,C3'-endo
77,77,0.38,C,C,C,0,1,0,0,0,[,122,1,cWW,cW-W,5.32,3.04,0.85,1.41,3.96,4.67,5.58,3.47,BI,anti,A,4.38,4.67,3.08,3.65,3.22,3.72,3.68,4.16,0.02,5.87,0.63,5.65,0.39,37.56,0.30,C3'-endo
78,78,0.39,U,U,U,0,0,0,1,0,[,121,1,cWW,cW-W,5.32,2.75,0.86,1.41,3.66,5.03,4.91,3.48,BI,anti,A,4.44,4.63,2.84,3.80,3.05,3.78,3.68,4.29,0.05,5.85,0.64,5.65,0.37,38.03,0.26,C3'-endo
79,79,0.39,U,U,U,0,0,0,1,0,[,120,1,cWW,cW-W,5.17,2.98,0.94,1.40,3.70,4.92,5.07,3.47,BI,anti,A,4.46,4.65,2.91,3.68,3.16,3.70,3.98,4.14,0.05,5.84,0.65,5.65,0.37,38.17,0.25,C3'-endo
80,80,0.40,C,C,C,0,1,0,0,0,[,119,1,cWW,cW-W,5.17,2.87,1.05,1.43,3.72,5.10,4.91,3.55,BI,anti,A,4.31,4.63,2.95,3.91,3.19,3.90,3.87,4.53,0.03,5.87,0.62,5.67,0.37,36.66,0.27,C3'-endo
81,81,0.40,U,U,U,0,0,0,1,0,[,118,1,cWW,cW-W,5.11,2.99,0.97,1.40,3.90,4.92,5.26,3.51,BI,anti,A,4.37,4.71,2.89,3.80,3.19,3.79,4.13,4.39,0.06,5.84,0.64,5.65,0.36,38.02,0.24,C3'-endo
82,82,0.41,G,G,G,0,0,1,0,0,),"74,116",2,"cWW,tSS","cW-W,tm+m",5.06,2.75,1.08,1.37,3.66,5.06,4.88,3.36,BI,anti,A,4.64,4.71,2.70,3.79,3.00,3.75,3.96,4.26,0.08,5.79,0.69,5.62,0.36,40.33,0.21,C3'-endo
83,83,0.41,U,U,U,0,0,0,1,0,),73,1,cWW,cW-W,5.19,2.97,1.03,1.36,3.78,4.92,5.14,3.41,BI,anti,A,4.56,4.72,2.98,3.72,3.24,3.76,4.08,4.20,0.08,5.80,0.68,5.63,0.36,39.98,0.21,C3'-endo
84,84,0.42,C,C,C,0,1,0,0,0,),72,1,cWW,cW-W,5.34,3.02,0.91,1.41,3.45,5.07,4.67,3.52,BI,anti,.,4.37,4.54,3.03,4.18,3.26,4.00,3.93,4.38,0.04,5.86,0.63,5.66,0.37,37.48,0.27,C3'-endo
85,85,0.42,C,C,C,0,1,0,0,0,),71,1,cWW,cW-W,2.44,3.50,3.39,1.45,3.78,4.91,5.15,3.25,BI,anti,A,4.61,4.65,3.00,3.16,3.27,3.30,4.07,3.70,0.07,5.85,0.61,5.69,0.33,35.97,0.21,C3'-endo
86,86,0.43,C,C,C,0,1,0,0,0,),70,1,cWW,cW-W,5.21,3.04,0.90,1.41,3.88,5.17,5.00,3.42,BI,anti,.,4.49,4.68,2.99,4.04,3.18,4.12,3.66,4.99,0.04,5.86,0.64,5.65,0.38,37.90,0.27,C3'-endo
87,87,0.43,G,G,G,0,0,1,0,0,.,69,1,tSH,tm-M,5.17,2.90,0.99,1.41,4.33,1.68,2.65,3.42,..,anti,.,4.36,4.78,2.97,1.28,3.34,1.06,4.51,1.12,0.07,5.83,0.64,5.66,0.35,37.77,0.23,C3'-endo
88,88,0.44,C,C,C,0,1,0,0,0,.,47,1,tHS,tM-m,1.30,3.36,3.60,1.37,3.83,5.39,4.72,3.53,BI,anti,.,4.35,4.71,2.83,3.46,2.94,3.73,3.25,4.65,0.03,5.84,0.66,5.62,0.39,39.42,0.27,C3'-endo
89,89,0.44,A,A,A,1,0,0,0,0,),46,1,cWW,cW-W,5.01,2.88,1.22,1.42,3.69,4.95,5.02,3.30,BI,anti,A,4.63,4.66,2.86,3.72,3.44,3.68,4.73,3.91,0.08,5.82,0.65,5.66,0.34,38.16,0.21,C3'-endo
90,90,0.45,C,C,C,0,1,0,0,0,),45,1,cWW,cW-W,5.28,2.88,1.07,1.36,3.62,5.16,4.75,3.42,BI,anti,A,4.49,4.60,3.03,3.78,3.27,3.77,3.81,4.19,6.28,5.86,0.66,5.61,0.42,39.63,0.32,C3'-endo
91,91,0.45,C,C,C,0,1,0,0,0,),44,1,cWW,cW-W,5.02,2.88,1.39,1.36,3.60,4.94,4.94,3.43,BI,anti,.,4.41,4.51,3.08,3.55,3.40,3.54,4.12,3.90,6.21,5.94,0.60,5.62,0.46,37.95,0.43,C3'-endo
92,92,0.46,C,C,C,0,1,0,0,0,),"43,96",2,"cWW,tSW","cW-W,tm+W",5.20,3.11,0.97,1.46,4.13,4.98,5.43,3.42,..,anti,.,4.22,4.49,3.21,4.15,3.32,4.39,3.77,5.38,6.22,5.98,0.54,5.69,0.42,34.09,0.43,C3'-endo
93,93,0.46,G,G,G,0,0,1,0,0,.,"42,95",2,"tSH,cSH","tm-M,cm+M",5.43,2.78,1.07,2.61,4.17,2.75,1.41,4.35,BII,anti,.,1.28,1.32,3.09,2.71,3.95,2.56,5.00,2.94,5.92,0.62,5.65,0.45,6.22,37.51,2.90,C2'-endo
94,94,0.47,A,A,A,1,0,0,0,0,},40,1,cWW,cW-W,4.86,2.92,1.02,2.66,4.67,1.58,3.10,3.90,..,anti,.,0.58,0.64,3.74,2.38,3.76,1.37,3.80,1.29,5.90,0.67,5.61,0.47,6.23,39.84,2.89,C2'-endo
95,95,0.47,C,C,C,0,1,0,0,0,),"42,93",2,"cWW,cHS","cW-W,cM+m",0.96,3.54,3.24,1.46,3.41,4.61,5.09,1.27,BI,syn,.,-1.78,4.13,2.37,2.57,2.04,2.65,2.41,1.91,6.17,6.01,0.52,5.68,0.45,34.26,0.51,C3'-endo
96,96,0.48,A,A,A,1,0,0,0,0,.,"43,92",2,"cWS,tWS","cW-m,tW+m",4.88,2.96,1.10,2.41,4.65,5.30,5.64,1.46,..,syn,.,-0.98,0.93,3.26,5.33,3.30,4.81,2.65,5.13,5.75,0.70,5.70,0.29,0.15,38.98,2.59,C2'-endo
97,97,0.48,G,G,G,0,0,1,0,0,),34,1,cWW,cW-W,5.32,4.13,1.39,1.44,3.90,4.98,5.20,3.24,BI,anti,.,4.70,4.72,4.09,4.11,4.87,4.16,4.64,4.97,0.07,5.83,0.63,5.67,0.34,37.13,0.22,C3'-endo
98,98,0.49,C,C,C,0,1,0,0,0,.,33,1,cWW,cW-W,5.32,2.79,0.95,1.45,4.27,5.13,5.42,3.46,..,anti,.,4.28,4.72,3.03,4.40,3.36,4.50,4.51,5.37,0.04,5.86,0.62,5.67,0.36,36.60,0.26,C3'-endo
99,99,0.49,U,U,U,0,0,0,1,0,.,31,1,tSH,tm-M,5.27,2.75,1.07,1.51,4.02,3.74,0.28,3.65,..,anti,.,3.91,4.55,2.89,2.75,3.45,2.83,4.66,2.80,6.27,5.95,0.53,5.73,0.36,32.41,0.35,C3'-endo
100,100,0.50,A,A,A,1,0,0,0,0,.,,0,,,5.09,2.74,0.65,1.41,3.75,5.17,4.86,3.51,BI,anti,A,4.41,4.69,2.87,3.96,2.67,4.00,2.56,4.71,0.07,5.83,0.65,5.66,0.35,38.11,0.22,C3'-endo
101,101,0.50,A,A,A,1,0,0,0,0,.,30,1,tHS,tM-m,5.03,3.00,1.05,1.39,4.06,5.25,5.09,3.48,BI,anti,.,4.37,4.78,2.92,4.27,3.24,4.39,4.25,5.16,0.07,5.81,0.67,5.64,0.36,39.24,0.22,C3'-endo
102,102,0.50,C,C,C,0,1,0,0,0,),29,1,cWW,cW-W,5.22,2.82,1.14,1.43,3.66,4.98,4.96,3.34,BI,anti,A,4.59,4.64,2.88,3.75,3.48,3.71,4.74,4.00,0.06,5.84,0.63,5.67,0.35,37.34,0.24,C3'-endo
103,103,0.51,U,U,U,0,0,0,1,0,),28,1,cWW,cW-W,5.22,3.06,0.87,1.41,3.65,4.96,4.97,3.40,BI,anti,A,4.53,4.62,2.96,3.69,3.17,3.72,3.74,4.08,0.03,5.86,0.63,5.65,0.38,37.77,0.27,C3'-endo
104,104,0.51,C,C,C,0,1,0,0,0,),27,1,cWW,cW-W,5.34,2.94,0.94,1.39,3.50,4.87,4.91,3.49,BI,anti,.,4.33,4.48,3.03,4.04,3.28,3.86,3.86,4.20,6.25,5.92,0.60,5.64,0.43,37.33,0.38,C3'-endo
105,105,0.52,C,C,C,0,1,0,0,0,),26,1,cWW,cW-W,2.46,3.58,3.32,1.43,3.82,4.85,5.26,3.23,BI,anti,.,4.65,4.68,2.94,3.17,3.18,3.30,3.89,3.70,0.07,5.84,0.63,5.67,0.34,37.13,0.22,C3'-endo
106,106,0.52,G,G,G,0,0,1,0,0,),"9,25",2,"tSS,cWW","tm+m,cW-W",5.23,3.02,0.95,1.41,3.89,5.17,5.01,3.24,BI,anti,.,4.67,4.71,3.04,4.05,3.20,4.12,3.69,5.08,0.05,5.84,0.64,5.65,0.37,37.87,0.25,C3'-endo
107,107,0.53,G,G,G,0,0,1,0,0,.,24,1,tSH,tm-M,5.13,2.97,0.94,1.43,4.54,1.56,2.98,3.43,..,anti,.,4.23,4.80,3.02,1.38,3.35,1.18,4.60,1.26,0.10,5.80,0.65,5.67,0.32,37.94,0.17,C3'-endo
108,108,0.53,A,A,A,1,0,0,0,0,.,8,1,tHS,tM-m,1.17,3.15,3.77,1.43,3.47,5.07,4.68,3.60,BI,anti,.,4.28,4.58,2.84,3.50,2.91,3.69,3.24,4.51,0.10,5.81,0.65,5.67,0.33,38.03,0.18,C3'-endo
109,109,0.54,G,G,G,0,0,1,0,0,),7,1,cWW,cW-W,2.69,3.81,2.94,1.42,4.09,4.84,5.53,3.11,..,anti,A,4.82,4.80,2.85,3.68,3.38,3.68,4.57,3.98,0.14,5.78,0.66,5.68,0.29,38.35,0.12,C3'-endo
110,110,0.54,G,G,G,0,0,1,0,0,),6,1,cWW,cW-W,5.49,2.67,1.05,1.28,3.89,5.05,5.13,3.29,BI,anti,.,4.66,4.72,3.00,3.77,3.32,3.76,3.96,4.18,6.27,5.85,0.69,5.57,0.46,42.11,0.34,C3'-endo
111,111,0.55,C,C,C,0,1,0,0,0,),5,1,cWW,cW-W,4.84,2.63,1.76,1.34,3.63,4.94,4.98,3.36,BI,anti,A,4.48,4.53,3.07,3.45,3.38,3.46,4.10,3.97,6.22,5.93,0.62,5.62,0.46,38.46,0.41,C3'-endo
112,112,0.55,A,A,A,1,0,0,0,0,),4,1,cWW,cW-W,5.14,3.16,0.99,1.51,4.13,4.46,5.95,3.56,..,anti,.,4.07,4.60,3.21,3.65,3.33,3.89,3.92,3.88,0.04,5.91,0.55,5.74,0.32,32.47,0.26,C3'-endo
113,113,0.56,A,A,A,1,0,0,0,0,.,,0,,,5.31,2.90,1.04,2.59,3.75,2.26,1.49,4.54,..,anti,.,1.55,1.84,3.06,2.02,3.56,1.95,3.53,2.34,5.99,0.56,5.69,0.44,6.19,34.65,2.97,C2'-endo
114,114,0.56,U,U,U,0,0,0,1,0,.,,0,,,5.00,3.24,1.15,2.57,4.86,1.47,3.39,4.29,..,anti,.,0.39,0.43,4.20,2.35,4.08,1.54,3.66,0.58,5.89,0.64,5.65,0.42,6.26,37.87,2.85,C2'-endo
115,115,0.57,A,A,A,1,0,0,0,0,.,,0,,,1.27,3.46,3.07,1.46,4.34,4.20,0.14,4.94,..,anti,.,-1.59,4.59,2.53,3.39,2.18,2.83,1.46,2.93,6.27,5.93,0.57,5.69,0.38,34.62,0.35,C3'-endo
116,116,0.57,A,A,A,1,0,0,0,0,.,82,1,tSS,tm+m,1.27,3.88,0.95,2.54,4.32,1.20,3.13,4.83,..,anti,.,0.99,1.20,6.04,1.79,0.12,1.16,5.90,0.20,5.86,0.66,5.66,0.40,0.01,38.25,2.80,C2'-endo
117,117,0.58,A,A,A,1,0,0,0,0,.,,0,,,1.17,2.52,1.12,1.50,4.50,1.49,3.01,3.52,..,anti,.,3.95,4.59,5.87,1.34,6.03,0.78,0.76,0.49,0.04,5.90,0.56,5.72,0.33,33.40,0.27,C3'-endo
118,118,0.58,G,G,G,0,0,1,0,0,],81,1,cWW,cW-W,1.33,2.35,3.13,1.39,3.91,4.99,5.20,3.11,BI,anti,A,4.72,4.72,1.78,3.04,1.92,3.33,2.49,4.28,0.04,5.85,0.65,5.64,0.38,38.29,0.26,C3'-endo
119,119,0.59,G,G,G,0,0,1,0,0,],80,1,cWW,cW-W,5.31,2.95,0.86,1.41,3.75,4.98,5.05,3.39,BI,anti,A,4.58,4.70,2.90,3.78,3.22,3.80,4.32,4.29,0.08,5.82,0.65,5.66,0.34,38.24,0.21,C3'-endo
120,120,0.59,A,A,A,1,0,0,0,0,],79,1,cWW,cW-W,5.24,2.95,0.92,1.40,3.69,4.89,5.08,3.42,BI,anti,A,4.54,4.67,2.92,3.64,3.17,3.65,3.95,3.99,0.06,5.83,0.65,5.64,0.37,38.55,0.24,C3'-endo
121,121,0.60,A,A,A,1,0,0,0,0,],78,1,cWW,cW-W,5.23,3.05,0.84,1.41,3.72,4.96,5.04,3.48,BI,anti,A,4.47,4.70,2.94,3.73,3.09,3.76,3.63,4.17,0.09,5.81,0.66,5.65,0.34,38.64,0.20,C3'-endo
122,122,0.60,G,G,G,0,0,1,0,0,],77,1,cWW,cW-W,5.21,2.91,1.01,1.41,3.39,5.06,4.62,3.44,BI,anti,.,4.45,4.51,2.91,4.15,3.20,3.96,3.89,4.44,0.02,5.87,0.63,5.65,0.39,37.77,0.29,C3'-endo
123,123,0.61,G,G,G,0,0,1,0,0,],76,1,cWW,cW-W,2.63,3.54,3.15,1.46,4.04,4.98,5.35,3.12,BI,anti,A,4.68,4.69,2.96,3.56,3.27,3.66,4.19,4.58,0.08,5.84,0.62,5.69,0.32,36.35,0.20,C3'-endo
124,124,0.61,A,A,A,1,0,0,0,0,.,,0,,,5.13,2.90,0.95,1.49,3.80,5.04,5.04,3.33,BI,anti,A,4.59,4.65,2.80,3.95,3.17,3.94,4.37,4.68,0.06,5.87,0.58,5.72,0.32,34.38,0.23,C3'-endo
125,125,0.62,G,G,G,0,0,1,0,0,.,,0,,,4.88,2.96,1.11,1.39,,,,3.49,..,anti,-,,,,,,,,,0.18,5.72,0.71,5.66,0.28,40.75,0.08,C3'-endo
126,not resolved,0.62,-,-,-,0,0,0,0,1,,,0,,,,,,,,,,,,,,,,,,,,,,,,,,,,,
127,not resolved,0.63,-,-,-,0,0,0,0,1,,,0,,,,,,,,,,,,,,,,,,,,,,,,,,,,,
128,not resolved,0.63,-,-,-,0,0,0,0,1,,,0,,,,,,,,,,,,,,,,,,,,,,,,,,,,,
129,not resolved,0.64,-,-,-,0,0,0,0,1,,,0,,,,,,,,,,,,,,,,,,,,,,,,,,,,,
130,not resolved,0.64,-,-,-,0,0,0,0,1,,,0,,,,,,,,,,,,,,,,,,,,,,,,,,,,,
131,not resolved,0.65,-,-,-,0,0,0,0,1,,,0,,,,,,,,,,,,,,,,,,,,,,,,,,,,,
132,not resolved,0.65,-,-,-,0,0,0,0,1,,,0,,,,,,,,,,,,,,,,,,,,,,,,,,,,,
133,not resolved,0.66,-,-,-,0,0,0,0,1,,,0,,,,,,,,,,,,,,,,,,,,,,,,,,,,,
134,not resolved,0.66,-,-,-,0,0,0,0,1,,,0,,,,,,,,,,,,,,,,,,,,,,,,,,,,,
135,not resolved,0.67,-,-,-,0,0,0,0,1,,,0,,,,,,,,,,,,,,,,,,,,,,,,,,,,,
136,not resolved,0.67,-,-,-,0,0,0,0,1,,,0,,,,,,,,,,,,,,,,,,,,,,,,,,,,,
137,not resolved,0.68,-,-,-,0,0,0,0,1,,,0,,,,,,,,,,,,,,,,,,,,,,,,,,,,,
138,not resolved,0.68,-,-,-,0,0,0,0,1,,,0,,,,,,,,,,,,,,,,,,,,,,,,,,,,,
139,not resolved,0.69,-,-,-,0,0,0,0,1,,,0,,,,,,,,,,,,,,,,,,,,,,,,,,,,,
140,not resolved,0.69,-,-,-,0,0,0,0,1,,,0,,,,,,,,,,,,,,,,,,,,,,,,,,,,,
141,not resolved,0.70,-,-,-,0,0,0,0,1,,,0,,,,,,,,,,,,,,,,,,,,,,,,,,,,,
142,not resolved,0.70,-,-,-,0,0,0,0,1,,,0,,,,,,,,,,,,,,,,,,,,,,,,,,,,,
143,not resolved,0.71,-,-,-,0,0,0,0,1,,,0,,,,,,,,,,,,,,,,,,,,,,,,,,,,,
144,not resolved,0.71,-,-,-,0,0,0,0,1,,,0,,,,,,,,,,,,,,,,,,,,,,,,,,,,,
145,not resolved,0.72,-,-,-,0,0,0,0,1,,,0,,,,,,,,,,,,,,,,,,,,,,,,,,,,,
146,not resolved,0.72,-,-,-,0,0,0,0,1,,,0,,,,,,,,,,,,,,,,,,,,,,,,,,,,,
147,not resolved,0.73,-,-,-,0,0,0,0,1,,,0,,,,,,,,,,,,,,,,,,,,,,,,,,,,,
148,not resolved,0.73,-,-,-,0,0,0,0,1,,,0,,,,,,,,,,,,,,,,,,,,,,,,,,,,,
149,not resolved,0.74,-,-,-,0,0,0,0,1,,,0,,,,,,,,,,,,,,,,,,,,,,,,,,,,,
150,not resolved,0.74,-,-,-,0,0,0,0,1,,,0,,,,,,,,,,,,,,,,,,,,,,,,,,,,,
151,not resolved,0.75,-,-,-,0,0,0,0,1,,,0,,,,,,,,,,,,,,,,,,,,,,,,,,,,,
152,not resolved,0.75,-,-,-,0,0,0,0,1,,,0,,,,,,,,,,,,,,,,,,,,,,,,,,,,,
153,not resolved,0.76,-,-,-,0,0,0,0,1,,,0,,,,,,,,,,,,,,,,,,,,,,,,,,,,,
154,not resolved,0.76,-,-,-,0,0,0,0,1,,,0,,,,,,,,,,,,,,,,,,,,,,,,,,,,,
155,not resolved,0.77,-,-,-,0,0,0,0,1,,,0,,,,,,,,,,,,,,,,,,,,,,,,,,,,,
156,not resolved,0.77,-,-,-,0,0,0,0,1,,,0,,,,,,,,,,,,,,,,,,,,,,,,,,,,,
157,not resolved,0.78,-,-,-,0,0,0,0,1,,,0,,,,,,,,,,,,,,,,,,,,,,,,,,,,,
158,not resolved,0.78,-,-,-,0,0,0,0,1,,,0,,,,,,,,,,,,,,,,,,,,,,,,,,,,,
159,not resolved,0.79,-,-,-,0,0,0,0,1,,,0,,,,,,,,,,,,,,,,,,,,,,,,,,,,,
160,not resolved,0.79,-,-,-,0,0,0,0,1,,,0,,,,,,,,,,,,,,,,,,,,,,,,,,,,,
161,not resolved,0.80,-,-,-,0,0,0,0,1,,,0,,,,,,,,,,,,,,,,,,,,,,,,,,,,,
162,not resolved,0.80,-,-,-,0,0,0,0,1,,,0,,,,,,,,,,,,,,,,,,,,,,,,,,,,,
163,not resolved,0.81,-,-,-,0,0,0,0,1,,,0,,,,,,,,,,,,,,,,,,,,,,,,,,,,,
164,not resolved,0.81,-,-,-,0,0,0,0,1,,,0,,,,,,,,,,,,,,,,,,,,,,,,,,,,,
165,not resolved,0.82,-,-,-,0,0,0,0,1,,,0,,,,,,,,,,,,,,,,,,,,,,,,,,,,,
166,not resolved,0.82,-,-,-,0,0,0,0,1,,,0,,,,,,,,,,,,,,,,,,,,,,,,,,,,,
167,not resolved,0.83,-,-,-,0,0,0,0,1,,,0,,,,,,,,,,,,,,,,,,,,,,,,,,,,,
168,not resolved,0.83,-,-,-,0,0,0,0,1,,,0,,,,,,,,,,,,,,,,,,,,,,,,,,,,,
169,not resolved,0.84,-,-,-,0,0,0,0,1,,,0,,,,,,,,,,,,,,,,,,,,,,,,,,,,,
170,not resolved,0.84,-,-,-,0,0,0,0,1,,,0,,,,,,,,,,,,,,,,,,,,,,,,,,,,,
171,not resolved,0.85,-,-,-,0,0,0,0,1,,,0,,,,,,,,,,,,,,,,,,,,,,,,,,,,,
172,not resolved,0.85,-,-,-,0,0,0,0,1,,,0,,,,,,,,,,,,,,,,,,,,,,,,,,,,,
173,not resolved,0.86,-,-,-,0,0,0,0,1,,,0,,,,,,,,,,,,,,,,,,,,,,,,,,,,,
174,not resolved,0.86,-,-,-,0,0,0,0,1,,,0,,,,,,,,,,,,,,,,,,,,,,,,,,,,,
175,not resolved,0.87,-,-,-,0,0,0,0,1,,,0,,,,,,,,,,,,,,,,,,,,,,,,,,,,,
176,not resolved,0.87,-,-,-,0,0,0,0,1,,,0,,,,,,,,,,,,,,,,,,,,,,,,,,,,,
177,not resolved,0.88,-,-,-,0,0,0,0,1,,,0,,,,,,,,,,,,,,,,,,,,,,,,,,,,,
178,not resolved,0.88,-,-,-,0,0,0,0,1,,,0,,,,,,,,,,,,,,,,,,,,,,,,,,,,,
179,not resolved,0.89,-,-,-,0,0,0,0,1,,,0,,,,,,,,,,,,,,,,,,,,,,,,,,,,,
180,not resolved,0.89,-,-,-,0,0,0,0,1,,,0,,,,,,,,,,,,,,,,,,,,,,,,,,,,,
181,not resolved,0.90,-,-,-,0,0,0,0,1,,,0,,,,,,,,,,,,,,,,,,,,,,,,,,,,,
182,not resolved,0.90,-,-,-,0,0,0,0,1,,,0,,,,,,,,,,,,,,,,,,,,,,,,,,,,,
183,not resolved,0.91,-,-,-,0,0,0,0,1,,,0,,,,,,,,,,,,,,,,,,,,,,,,,,,,,
184,not resolved,0.91,-,-,-,0,0,0,0,1,,,0,,,,,,,,,,,,,,,,,,,,,,,,,,,,,
185,not resolved,0.92,-,-,-,0,0,0,0,1,,,0,,,,,,,,,,,,,,,,,,,,,,,,,,,,,
186,not resolved,0.92,-,-,-,0,0,0,0,1,,,0,,,,,,,,,,,,,,,,,,,,,,,,,,,,,
187,not resolved,0.93,-,-,-,0,0,0,0,1,,,0,,,,,,,,,,,,,,,,,,,,,,,,,,,,,
188,not resolved,0.93,-,-,-,0,0,0,0,1,,,0,,,,,,,,,,,,,,,,,,,,,,,,,,,,,
189,not resolved,0.94,-,-,-,0,0,0,0,1,,,0,,,,,,,,,,,,,,,,,,,,,,,,,,,,,
190,not resolved,0.94,-,-,-,0,0,0,0,1,,,0,,,,,,,,,,,,,,,,,,,,,,,,,,,,,
191,not resolved,0.95,-,-,-,0,0,0,0,1,,,0,,,,,,,,,,,,,,,,,,,,,,,,,,,,,
192,not resolved,0.95,-,-,-,0,0,0,0,1,,,0,,,,,,,,,,,,,,,,,,,,,,,,,,,,,
193,not resolved,0.96,-,-,-,0,0,0,0,1,,,0,,,,,,,,,,,,,,,,,,,,,,,,,,,,,
194,not resolved,0.96,-,-,-,0,0,0,0,1,,,0,,,,,,,,,,,,,,,,,,,,,,,,,,,,,
195,not resolved,0.97,-,-,-,0,0,0,0,1,,,0,,,,,,,,,,,,,,,,,,,,,,,,,,,,,
196,not resolved,0.97,-,-,-,0,0,0,0,1,,,0,,,,,,,,,,,,,,,,,,,,,,,,,,,,,
197,not resolved,0.98,-,-,-,0,0,0,0,1,,,0,,,,,,,,,,,,,,,,,,,,,,,,,,,,,
198,not resolved,0.98,-,-,-,0,0,0,0,1,,,0,,,,,,,,,,,,,,,,,,,,,,,,,,,,,
199,not resolved,0.99,-,-,-,0,0,0,0,1,,,0,,,,,,,,,,,,,,,,,,,,,,,,,,,,,
200,not resolved,0.99,-,-,-,0,0,0,0,1,,,0,,,,,,,,,,,,,,,,,,,,,,,,,,,,,
201,201,1.00,2BA,a,A,0,0,0,0,1,.,5,1,tS.,tm+.,,3.13,0.76,1.75,,,,3.97,..,anti,-,,,,,,,,,6.19,6.14,0.31,5.91,0.30,21.37,0.57,C3'-endo
202,202,1.00,2BA,a,A,0,0,0,0,1,.,44,1,tS.,tm+.,,3.20,0.66,1.77,,,,3.95,n/a,anti,-,,,,,,,,,6.22,6.12,0.32,5.93,0.27,20.50,0.49,C3'-endo
