index_chain,old_nt_resnum,nt_position,nt_name,nt_code,nt_align_code,is_A,is_C,is_G,is_U,is_other,dbn,paired,nb_interact,pair_type_LW,pair_type_DSSR,alpha,beta,gamma,delta,epsilon,zeta,epsilon_zeta,chi,bb_type,glyco_bond,form,ssZp,Dp,eta,theta,eta_prime,theta_prime,eta_base,theta_base,v0,v1,v2,v3,v4,amplitude,phase_angle,puckering
1,2,0.05,A,A,A,1,0,0,0,0,.,,0,,,,4.30,0.85,2.54,3.69,3.90,6.07,4.74,..,anti,.,1.47,1.91,,4.19,,3.79,,4.65,5.94,0.59,5.69,0.41,6.24,35.25,2.88,C2'-endo
2,3,0.09,A,A,A,1,0,0,0,0,.,,0,,,1.67,4.04,3.44,1.39,3.90,5.04,5.14,3.80,BI,anti,.,3.61,4.72,2.76,3.43,2.92,3.54,4.00,4.21,0.04,5.84,0.65,5.64,0.38,38.51,0.26,C3'-endo
3,4,0.14,C,C,C,0,1,0,0,0,.,,0,,,5.36,2.86,0.91,1.38,3.60,4.68,5.20,3.55,BI,anti,A,4.33,4.59,2.90,3.97,3.30,3.78,4.22,4.04,0.01,5.88,0.63,5.64,0.40,38.02,0.31,C3'-endo
4,5,0.18,A,A,A,1,0,0,0,0,.,,0,,,2.66,3.63,2.95,1.40,4.49,4.44,0.05,3.11,..,anti,A,4.75,4.82,2.79,3.47,2.97,3.59,3.53,4.36,0.11,5.79,0.66,5.66,0.32,38.60,0.16,C3'-endo
5,6,0.23,C,C,C,0,1,0,0,0,.,,0,,,5.39,2.28,1.16,1.40,3.99,4.55,5.73,3.47,..,anti,A,4.40,4.74,2.87,3.65,3.20,3.57,4.18,3.67,0.05,5.84,0.64,5.66,0.36,37.86,0.24,C3'-endo
6,7,0.27,C,C,C,0,1,0,0,0,],0,1,cWW,cW-W,5.34,2.78,0.82,1.42,,,,3.50,..,anti,-,,,,,,,,,0.05,5.85,0.63,5.67,0.36,37.21,0.25,C3'-endo
7,not resolved,0.32,-,-,-,0,0,0,0,1,,,0,,,,,,,,,,,,,,,,,,,,,,,,,,,,,
8,not resolved,0.36,-,-,-,0,0,0,0,1,,,0,,,,,,,,,,,,,,,,,,,,,,,,,,,,,
9,10,0.41,G,G,G,0,0,1,0,0,.,,0,,,,3.45,2.91,1.42,0.56,2.96,3.89,5.54,..,syn,.,-2.73,3.19,,2.74,,3.36,,3.49,0.12,5.80,0.64,5.69,0.30,37.28,0.15,C3'-endo
10,11,0.45,C,C,C,0,1,0,0,0,.,0,1,tWS,tW+m,3.38,1.86,1.85,2.36,1.60,4.68,3.20,3.73,..,anti,.,0.21,1.66,0.61,4.96,3.96,1.30,3.49,1.54,5.88,0.60,5.72,0.35,0.03,34.74,2.76,C2'-endo
11,12,0.50,C,C,C,0,1,0,0,0,.,0,1,tHS,tM-m,5.81,2.94,0.91,1.37,4.10,4.73,5.65,3.55,..,anti,.,4.19,4.74,3.33,3.87,3.06,4.00,2.85,4.84,6.26,5.90,0.63,5.63,0.43,38.25,0.36,C3'-endo
12,13,0.55,A,A,A,1,0,0,0,0,.,,0,,,5.51,2.42,1.03,1.42,3.66,4.94,5.00,3.16,BI,anti,A,4.76,4.72,2.86,3.77,3.32,3.66,4.53,3.58,0.13,5.78,0.66,5.67,0.31,38.39,0.14,C3'-endo
13,14,0.59,A,A,A,1,0,0,0,0,],0,1,cWW,cW-W,4.54,3.07,1.48,1.45,3.81,4.91,5.19,3.53,BI,anti,A,4.37,4.71,2.92,3.79,3.09,3.74,3.32,4.26,0.08,5.83,0.62,5.69,0.32,36.51,0.20,C3'-endo
14,15,0.64,C,C,C,0,1,0,0,0,],0,1,cWW,cW-W,5.31,2.85,0.83,1.43,3.72,4.95,5.05,3.46,BI,anti,A,4.52,4.71,2.82,3.78,3.10,3.81,3.97,4.31,0.05,5.85,0.64,5.66,0.37,37.72,0.25,C3'-endo
15,16,0.68,A,A,A,1,0,0,0,0,],0,1,cWW,cW-W,5.31,2.99,0.92,1.42,3.73,4.73,5.28,3.54,BI,anti,A,4.38,4.67,3.04,3.58,3.30,3.61,4.05,4.03,0.04,5.87,0.62,5.67,0.36,36.66,0.27,C3'-endo
16,17,0.73,C,C,C,0,1,0,0,0,],0,1,cWW,cW-W,5.34,2.58,1.15,1.43,3.76,4.95,5.09,3.53,BI,anti,A,4.37,4.66,3.02,3.84,3.29,3.76,3.93,4.14,0.05,5.85,0.62,5.67,0.35,36.82,0.24,C3'-endo
17,18,0.77,U,U,U,0,0,0,1,0,],0,1,cWW,cW-W,5.26,3.08,0.74,1.42,3.81,4.92,5.18,3.42,BI,anti,A,4.53,4.70,2.90,3.75,3.09,3.81,3.76,4.44,0.06,5.84,0.63,5.67,0.35,37.28,0.24,C3'-endo
18,19,0.82,C,C,C,0,1,0,0,0,],0,1,cWW,cW-W,5.27,2.82,0.93,1.40,3.73,4.71,5.30,3.50,BI,anti,A,4.43,4.68,2.86,3.62,3.14,3.59,4.03,3.67,0.05,5.84,0.65,5.65,0.37,38.25,0.25,C3'-endo
19,20,0.86,C,C,C,0,1,0,0,0,],0,1,cWW,cW-W,5.68,2.87,0.50,1.39,,,,3.56,n/a,anti,-,,,,,,,,,0.02,5.87,0.63,5.64,0.39,37.82,0.30,C3'-endo
20,not resolved,0.91,-,-,-,0,0,0,0,1,,,0,,,,,,,,,,,,,,,,,,,,,,,,,,,,,
21,22,0.95,A,A,A,1,0,0,0,0,.,,0,,,,2.19,0.94,1.39,4.04,4.98,5.34,3.53,BI,anti,.,4.27,4.71,,4.14,,4.06,,4.85,0.03,5.86,0.63,5.65,0.38,37.83,0.29,C3'-endo
22,23,1.00,A,A,A,1,0,0,0,0,.,,0,,,5.07,2.86,1.01,1.44,,,,3.70,n/a,anti,-,,,,,,,,,0.09,5.82,0.64,5.68,0.32,37.29,0.19,C3'-endo
