index_chain,old_nt_resnum,nt_position,nt_name,nt_code,nt_align_code,is_A,is_C,is_G,is_U,is_other,dbn,paired,nb_interact,pair_type_LW,pair_type_DSSR,alpha,beta,gamma,delta,epsilon,zeta,epsilon_zeta,chi,bb_type,glyco_bond,form,ssZp,Dp,eta,theta,eta_prime,theta_prime,eta_base,theta_base,v0,v1,v2,v3,v4,amplitude,phase_angle,puckering
1,1,0.01,G,G,G,0,0,1,0,0,[,28,1,cWW,cW-W,,3.28,1.06,1.44,3.75,5.03,5.00,3.22,BI,anti,A,4.65,4.68,,3.82,,3.88,,4.37,0.10,5.82,0.64,5.69,0.31,37.07,0.17,C3'-endo
2,2,0.02,G,G,G,0,0,1,0,0,[,27,1,cWW,cW-W,5.08,3.00,1.07,1.45,3.71,5.06,4.93,3.31,BI,anti,A,4.54,4.61,2.97,3.86,3.26,3.86,4.03,4.31,0.06,5.85,0.62,5.68,0.35,36.79,0.24,C3'-endo
3,3,0.02,C,C,C,0,1,0,0,0,[,26,1,cWW,cW-W,5.11,3.09,0.99,1.40,3.46,4.67,5.07,3.55,BI,anti,A,4.26,4.45,2.95,3.90,3.23,3.77,3.96,3.92,6.26,5.91,0.60,5.65,0.41,36.84,0.36,C3'-endo
4,4,0.03,G,G,G,0,0,1,0,0,.,25,1,cWW,cW-W,2.62,3.82,3.12,1.47,4.24,4.38,6.14,3.22,..,anti,.,4.19,4.34,3.06,3.59,3.23,3.41,3.63,3.54,6.19,6.00,0.52,5.69,0.43,33.86,0.48,C3'-endo
5,5,0.04,C,C,C,0,1,0,0,0,.,24,1,cWW,cW-W,1.39,4.00,4.00,1.62,4.52,4.33,0.19,3.69,..,anti,.,3.54,4.77,3.09,3.85,3.13,4.03,3.42,4.82,0.28,5.71,0.63,5.80,0.13,36.26,6.17,C2'-exo
6,6,0.05,G,G,G,0,0,1,0,0,.,"23,98",2,"cW.,tSW","cW-.,tm+W",2.13,4.55,3.15,1.44,3.88,4.24,5.92,3.26,..,anti,.,4.33,4.43,2.71,2.94,3.41,2.87,4.46,2.82,6.20,5.98,0.55,5.66,0.44,35.40,0.46,C3'-endo
7,7,0.06,U,U,U,0,0,0,1,0,.,99,1,cWH,cW+M,5.45,2.76,0.74,1.38,3.67,4.93,5.03,3.47,BI,anti,A,4.32,4.53,3.03,3.67,3.01,3.70,2.98,4.14,6.24,5.91,0.62,5.63,0.44,38.16,0.38,C3'-endo
8,8,0.07,U,U,U,0,0,0,1,0,.,100,1,cWH,cW+M,5.24,2.89,1.03,1.42,3.64,4.99,4.94,3.55,BI,anti,.,4.17,4.44,3.02,4.28,3.25,4.07,3.89,4.38,6.23,5.94,0.58,5.66,0.42,35.99,0.40,C3'-endo
9,9,0.07,U,U,U,0,0,0,1,0,.,101,1,cWH,cW+M,2.00,3.57,3.85,1.50,4.43,1.43,3.00,3.34,..,anti,.,4.23,4.51,3.13,0.15,3.33,5.86,3.96,4.48,6.25,5.95,0.56,5.69,0.39,34.37,0.38,C3'-endo
10,10,0.08,A,A,A,1,0,0,0,0,.,,0,,,3.49,4.69,4.51,2.59,,,,5.38,..,anti,-,,,,,,,,,6.00,0.54,5.70,0.43,6.19,33.67,2.97,C2'-endo
11,not resolved,0.09,-,-,-,0,0,0,0,1,,,0,,,,,,,,,,,,,,,,,,,,,,,,,,,,,
12,not resolved,0.10,-,-,-,0,0,0,0,1,,,0,,,,,,,,,,,,,,,,,,,,,,,,,,,,,
13,not resolved,0.11,-,-,-,0,0,0,0,1,,,0,,,,,,,,,,,,,,,,,,,,,,,,,,,,,
14,not resolved,0.11,-,-,-,0,0,0,0,1,,,0,,,,,,,,,,,,,,,,,,,,,,,,,,,,,
15,not resolved,0.12,-,-,-,0,0,0,0,1,,,0,,,,,,,,,,,,,,,,,,,,,,,,,,,,,
16,16,0.13,U,U,U,0,0,0,1,0,.,,0,,,,3.83,3.14,2.62,4.61,5.39,5.50,5.15,..,anti,.,0.49,0.73,,4.81,,4.52,,4.30,5.88,0.67,5.62,0.44,6.26,39.42,2.85,C2'-endo
17,17,0.14,U,U,U,0,0,0,1,0,.,,0,,,4.96,3.25,5.58,2.62,3.61,3.70,6.20,1.06,..,syn,.,-1.67,1.80,1.14,2.89,2.06,2.19,2.26,1.09,5.92,0.63,5.64,0.45,6.22,37.65,2.90,C2'-endo
18,18,0.15,A,A,A,1,0,0,0,0,.,,0,,,0.44,4.35,3.68,2.49,4.25,5.64,4.90,5.30,..,anti,.,0.63,1.42,3.12,4.42,2.39,4.77,1.83,5.67,5.81,0.67,5.68,0.34,0.07,37.97,2.70,C2'-endo
19,19,0.16,C,C,C,0,1,0,0,0,(,102,1,cWW,cW-W,4.83,3.47,1.14,1.49,3.71,5.06,4.93,3.27,BI,anti,A,4.37,4.46,2.92,3.89,3.72,3.94,3.73,4.42,0.00,5.91,0.58,5.69,0.37,34.75,0.32,C3'-endo
20,20,0.16,U,U,U,0,0,0,1,0,(,101,1,cWW,cW-W,5.10,3.14,0.87,1.47,3.66,4.95,4.99,3.56,BI,anti,.,4.13,4.47,2.91,4.26,3.18,4.06,3.89,4.34,0.02,5.89,0.59,5.69,0.37,35.47,0.30,C3'-endo
21,21,0.17,U,U,U,0,0,0,1,0,(,100,1,cWW,cW-W,1.97,3.57,3.78,1.42,3.85,4.89,5.24,3.31,BI,anti,A,4.55,4.65,2.93,3.07,3.16,3.26,3.81,3.70,0.06,5.83,0.65,5.66,0.36,38.11,0.23,C3'-endo
22,22,0.18,U,U,U,0,0,0,1,0,(,99,1,cWW,cW-W,5.33,2.95,0.85,1.35,3.58,4.87,5.00,3.46,BI,anti,.,4.40,4.54,2.92,4.06,3.14,3.90,3.68,4.37,6.24,5.91,0.63,5.61,0.45,38.98,0.38,C3'-endo
23,23,0.19,G,G,G,0,0,1,0,0,(,"6,98",2,"c.W,cWW","c.-W,cW-W",2.32,3.55,3.43,1.44,4.24,4.76,5.76,3.10,..,anti,A,4.77,4.80,2.91,3.41,3.12,3.59,3.96,4.45,0.16,5.76,0.67,5.69,0.28,38.53,0.10,C3'-endo
24,24,0.20,G,G,G,0,0,1,0,0,.,5,1,cWW,cW-W,5.39,2.78,0.89,1.45,3.91,4.97,5.22,3.42,BI,anti,A,4.52,4.73,2.91,3.92,3.23,3.91,4.25,4.42,0.11,5.80,0.65,5.68,0.31,37.74,0.16,C3'-endo
25,25,0.20,A,A,A,1,0,0,0,0,.,4,1,cWW,cW-W,5.02,2.73,1.20,1.38,3.82,5.01,5.10,3.39,BI,anti,.,4.61,4.76,2.81,3.84,3.15,3.81,4.05,4.17,0.12,5.76,0.70,5.63,0.34,40.80,0.16,C3'-endo
26,26,0.21,G,G,G,0,0,1,0,0,],3,1,cWW,cW-W,5.19,3.23,0.87,1.40,3.88,4.74,5.42,3.24,BI,anti,A,4.59,4.64,3.04,3.66,3.20,3.77,3.79,4.30,0.00,5.88,0.63,5.64,0.41,38.07,0.32,C3'-endo
27,27,0.22,C,C,C,0,1,0,0,0,],2,1,cWW,cW-W,5.49,2.81,0.77,1.41,3.24,4.72,4.80,3.47,BI,anti,A,4.31,4.36,2.90,3.82,3.18,3.75,3.93,4.17,6.27,5.90,0.61,5.65,0.41,37.32,0.34,C3'-endo
28,28,0.23,C,C,C,0,1,0,0,0,],1,1,cWW,cW-W,3.07,3.91,2.60,1.43,3.85,4.87,5.26,3.25,BI,anti,.,4.40,4.47,2.88,4.23,3.15,3.87,3.84,4.94,6.22,5.98,0.54,5.69,0.42,34.30,0.43,C3'-endo
29,29,0.24,A,A,A,1,0,0,0,0,.,,0,,,1.79,3.30,4.03,1.49,4.43,2.42,2.00,0.25,BII,syn,.,-4.34,4.67,2.82,1.34,2.99,1.41,4.47,1.33,0.07,5.86,0.60,5.71,0.32,35.19,0.22,C3'-endo
30,30,0.25,G,G,G,0,0,1,0,0,(,54,1,cWW,cW-W,1.56,3.77,2.95,1.31,1.26,1.40,6.14,3.48,..,anti,.,2.70,2.91,3.41,3.69,3.09,3.57,3.40,3.90,6.27,5.93,0.56,5.69,0.38,34.51,0.35,C3'-endo
31,31,0.25,U,U,U,0,0,0,1,0,(,53,1,cWW,cW-W,0.88,3.40,3.19,1.40,3.99,4.82,5.45,3.65,BI,anti,.,3.95,4.60,2.16,3.31,2.60,3.59,3.21,4.19,6.26,5.92,0.59,5.66,0.41,36.45,0.36,C3'-endo
32,32,0.26,C,C,C,0,1,0,0,0,.,"35,50",2,"cWH,tW.","cW+M,tW-.",5.38,3.04,1.65,2.58,4.55,2.43,2.12,4.22,BII,anti,.,0.87,1.02,4.11,2.75,4.57,1.92,4.75,1.83,5.99,0.58,5.65,0.48,6.16,36.37,3.00,C2'-endo
33,33,0.27,C,C,C,0,1,0,0,0,(,52,1,cWW,cW-W,0.52,3.31,3.43,1.63,4.57,4.67,6.18,2.93,..,anti,.,4.74,4.75,2.23,4.18,1.86,3.95,1.98,4.43,0.31,5.69,0.63,5.81,0.11,36.84,6.12,C2'-exo
34,34,0.28,C,C,C,0,1,0,0,0,(,51,1,cWW,cW-W,2.14,3.29,3.29,1.62,4.23,4.91,5.61,3.69,..,anti,.,3.81,4.78,2.25,3.54,2.69,3.68,3.45,4.21,0.29,5.71,0.63,5.80,0.13,36.45,6.15,C2'-exo
35,35,0.29,A,A,A,1,0,0,0,0,(,"32,50",2,"cHW,cWW","cM+W,cW-W",5.25,2.58,1.06,1.26,3.86,4.82,5.33,3.13,BI,anti,A,4.79,4.75,2.70,3.67,3.13,3.72,3.96,4.26,0.02,5.81,0.73,5.55,0.46,43.77,0.30,C3'-endo
36,36,0.30,G,G,G,0,0,1,0,0,(,48,1,cWW,cW-W,5.45,2.82,1.07,1.44,4.00,5.02,5.27,3.15,BI,anti,.,4.46,4.54,3.25,4.05,3.46,4.06,4.20,4.86,6.26,5.92,0.58,5.67,0.40,35.72,0.36,C3'-endo
37,37,0.30,C,C,C,0,1,0,0,0,(,47,1,cWW,cW-W,5.25,2.90,0.80,1.37,3.61,4.92,4.96,3.46,BI,anti,A,4.45,4.60,2.69,3.59,3.07,3.61,4.29,4.01,0.04,5.83,0.67,5.62,0.39,39.92,0.27,C3'-endo
38,38,0.31,G,G,G,0,0,1,0,0,(,46,1,cWW,cW-W,5.17,3.07,0.92,1.41,3.70,4.86,5.12,3.28,BI,anti,A,4.63,4.66,2.95,3.64,3.10,3.71,3.71,4.21,0.09,5.80,0.68,5.64,0.35,39.58,0.20,C3'-endo
39,39,0.32,A,A,A,1,0,0,0,0,(,45,1,cWW,cW-W,5.29,2.94,0.97,1.50,4.16,4.26,6.19,3.40,..,anti,A,4.41,4.70,3.17,4.20,3.33,4.08,3.96,4.47,0.10,5.84,0.60,5.72,0.29,34.89,0.17,C3'-endo
40,40,0.33,C,C,C,0,1,0,0,0,(,44,1,cWW,cW-W,2.04,4.26,3.26,1.23,1.35,2.03,5.60,3.12,..,anti,.,3.60,3.67,3.62,3.29,3.61,2.89,4.30,1.94,0.11,5.76,0.73,5.61,0.36,42.29,0.18,C3'-endo
41,41,0.34,U,U,U,0,0,0,1,0,.,,0,,,5.43,4.22,3.28,1.37,3.35,0.65,2.70,3.71,..,anti,.,4.08,4.47,1.18,5.50,1.64,5.21,1.10,5.30,6.26,5.90,0.62,5.64,0.42,37.85,0.35,C3'-endo
42,42,0.34,A,A,A,1,0,0,0,0,.,,0,,,1.42,2.44,4.31,2.72,3.82,3.79,0.02,3.81,..,anti,.,1.63,1.65,2.96,2.75,3.69,3.09,4.37,3.69,6.10,0.51,5.66,0.53,6.06,35.69,3.17,C3'-exo
43,43,0.35,U,U,U,0,0,0,1,0,.,,0,,,4.80,2.99,2.45,2.58,4.06,0.94,3.12,4.08,..,anti,.,1.48,1.51,4.93,0.17,4.83,0.03,4.60,0.66,5.95,0.59,5.68,0.43,6.22,35.71,2.91,C2'-endo
44,44,0.36,G,G,G,0,0,1,0,0,),40,1,cWW,cW-W,4.04,2.66,1.49,1.23,1.62,1.31,0.31,3.31,..,anti,A,3.88,3.90,2.77,3.91,3.50,3.70,3.78,3.93,0.16,5.72,0.75,5.62,0.32,42.96,0.11,C3'-endo
45,45,0.37,U,U,U,0,0,0,1,0,),39,1,cWW,cW-W,3.46,2.90,1.28,1.38,3.62,4.99,4.91,3.48,BI,anti,A,4.35,4.53,2.53,3.64,2.94,3.62,3.54,4.14,6.25,5.91,0.62,5.63,0.43,38.05,0.37,C3'-endo
46,46,0.38,C,C,C,0,1,0,0,0,),38,1,cWW,cW-W,5.14,2.92,1.05,1.43,3.44,4.78,4.95,3.53,BI,anti,A,4.24,4.40,2.94,4.02,3.21,3.88,4.00,4.31,6.26,5.93,0.58,5.68,0.40,35.30,0.36,C3'-endo
47,47,0.39,G,G,G,0,0,1,0,0,),37,1,cWW,cW-W,2.79,3.79,2.90,1.47,3.97,4.86,5.39,3.24,BI,anti,.,4.27,4.39,2.91,3.64,3.22,3.65,3.97,4.37,6.20,6.00,0.52,5.70,0.42,33.50,0.46,C3'-endo
48,48,0.39,U,U,U,0,0,0,1,0,),36,1,cWW,cW-W,5.35,2.77,0.82,1.46,4.26,5.04,5.51,3.71,..,anti,.,3.54,4.53,2.97,4.19,3.26,4.29,4.17,4.68,6.24,5.96,0.55,5.69,0.40,34.19,0.40,C3'-endo
49,49,0.40,A,A,A,1,0,0,0,0,.,,0,,,4.53,2.52,2.61,2.59,4.51,2.56,1.95,4.19,BII,anti,.,0.87,0.90,4.51,1.78,4.54,2.00,4.74,1.86,5.90,0.64,5.64,0.44,6.25,38.26,2.87,C2'-endo
50,50,0.41,U,U,U,0,0,0,1,0,),"32,35",2,"t.W,cWW","t.-W,cW-W",2.87,3.68,1.08,1.42,3.84,4.71,5.42,3.53,BI,anti,.,4.33,4.66,2.15,3.65,1.86,3.74,1.85,4.13,0.04,5.86,0.63,5.66,0.37,37.40,0.27,C3'-endo
51,51,0.42,G,G,G,0,0,1,0,0,),34,1,cWW,cW-W,5.48,2.83,0.79,1.41,3.36,4.78,4.87,3.35,BI,anti,A,4.46,4.48,2.96,3.87,3.17,3.77,3.75,4.18,0.02,5.87,0.62,5.65,0.39,37.35,0.30,C3'-endo
52,52,0.43,G,G,G,0,0,1,0,0,),33,1,cWW,cW-W,3.10,3.71,2.58,1.43,4.15,4.93,5.50,3.09,..,anti,A,4.55,4.62,2.87,3.95,3.09,3.95,3.78,4.76,0.01,5.90,0.59,5.68,0.38,35.84,0.32,C3'-endo
53,53,0.43,A,A,A,1,0,0,0,0,),31,1,cWW,cW-W,5.44,2.94,0.63,1.43,3.35,4.76,4.87,3.59,BI,anti,.,4.13,4.36,2.75,3.94,3.15,3.89,4.31,4.58,0.01,5.90,0.59,5.68,0.37,35.34,0.31,C3'-endo
54,54,0.44,C,C,C,0,1,0,0,0,),30,1,cWW,cW-W,2.94,3.94,2.53,1.41,4.67,3.77,0.90,3.47,..,anti,.,3.98,4.64,2.91,4.00,3.18,3.86,4.07,4.19,0.03,5.87,0.62,5.66,0.38,37.11,0.28,C3'-endo
55,55,0.45,G,G,G,0,0,1,0,0,.,,0,,,1.86,4.59,3.05,1.50,3.65,5.20,4.73,3.20,BI,anti,B,4.10,4.29,2.55,3.86,3.07,3.71,3.74,4.43,6.22,5.99,0.52,5.71,0.40,32.74,0.43,C3'-endo
56,56,0.46,A,A,A,1,0,0,0,0,.,,0,,,4.88,3.58,0.81,1.61,4.28,4.62,5.94,4.44,..,anti,.,0.89,4.58,3.16,4.47,3.37,4.32,4.23,4.50,0.12,5.88,0.51,5.83,0.21,29.62,0.09,C3'-endo
57,57,0.47,A,A,A,1,0,0,0,0,.,,0,,,1.48,3.96,4.06,1.57,4.57,3.12,1.45,4.55,BII,anti,.,-0.01,4.51,3.06,1.99,3.22,2.23,3.48,2.72,0.05,5.92,0.52,5.77,0.30,30.89,0.24,C3'-endo
58,58,0.48,G,G,G,0,0,1,0,0,(,95,1,cWW,cW-W,0.99,3.71,5.19,1.56,3.65,5.12,4.81,3.43,BI,anti,A,4.49,4.63,4.23,3.10,3.86,3.36,3.65,4.07,0.18,5.78,0.62,5.75,0.22,35.34,0.04,C3'-endo
59,59,0.48,C,C,C,0,1,0,0,0,(,94,1,cWW,cW-W,4.99,2.95,1.13,1.40,3.70,5.05,4.94,3.44,BI,anti,A,4.49,4.63,2.89,3.79,3.21,3.76,3.97,4.16,0.03,5.86,0.64,5.64,0.39,38.16,0.29,C3'-endo
60,60,0.49,G,G,G,0,0,1,0,0,(,93,1,cWW,cW-W,5.11,2.98,0.96,1.18,1.26,1.38,6.16,3.28,..,anti,.,3.51,3.49,3.30,4.28,3.56,4.02,4.19,4.50,0.01,5.85,0.68,5.59,0.43,40.98,0.31,C3'-endo
61,61,0.50,C,C,C,0,1,0,0,0,.,92,1,cWW,cW-W,0.88,3.52,3.52,1.47,3.77,5.10,4.95,3.06,BI,anti,A,4.32,4.48,2.64,3.68,3.03,3.63,3.91,4.14,0.00,5.91,0.58,5.69,0.37,34.98,0.32,C3'-endo
62,62,0.51,U,U,U,0,0,0,1,0,(,"90,91",2,"cWW,cWW","cW-W,cW-W",3.16,3.17,2.58,1.42,3.95,5.06,5.17,3.16,BI,anti,A,4.57,4.63,2.56,3.69,2.94,3.74,3.71,4.32,0.03,5.87,0.61,5.67,0.37,36.60,0.27,C3'-endo
63,63,0.52,U,U,U,0,0,0,1,0,(,89,1,cWW,cW-W,5.16,3.16,0.78,1.43,3.31,4.62,4.97,3.50,BI,anti,A,4.29,4.40,2.78,3.70,3.12,3.69,3.98,4.13,0.01,5.90,0.60,5.68,0.38,35.89,0.31,C3'-endo
64,64,0.52,A,A,A,1,0,0,0,0,(,88,1,cWW,cW-W,3.16,3.89,2.43,1.47,4.53,4.23,0.29,3.28,..,anti,A,4.40,4.64,2.97,4.20,3.12,3.97,3.69,4.24,0.05,5.87,0.59,5.70,0.34,35.16,0.25,C3'-endo
65,65,0.53,U,U,U,0,0,0,1,0,.,87,1,cWW,cW-W,1.62,4.34,3.59,1.41,4.30,4.46,6.13,3.21,..,anti,A,4.64,4.74,2.88,3.04,3.13,3.20,3.79,3.65,0.07,5.83,0.65,5.66,0.35,38.19,0.22,C3'-endo
66,66,0.54,U,U,U,0,0,0,1,0,(,86,1,cWW,cW-W,5.19,2.75,0.85,1.39,3.92,4.69,5.51,3.29,BI,anti,A,4.71,4.76,2.79,3.71,2.92,3.74,3.45,4.06,0.10,5.79,0.68,5.65,0.34,39.34,0.18,C3'-endo
67,67,0.55,U,U,U,0,0,0,1,0,(,85,1,cWW,cW-W,5.48,2.72,0.90,1.35,3.92,4.88,5.33,3.26,BI,anti,A,4.68,4.73,3.01,3.78,3.19,3.76,3.76,4.32,0.06,5.81,0.69,5.62,0.38,40.52,0.24,C3'-endo
68,68,0.56,A,A,A,1,0,0,0,0,(,84,1,cWW,cW-W,4.86,2.94,1.08,1.39,3.71,5.05,4.95,3.19,BI,anti,A,4.74,4.74,2.68,3.80,2.89,3.83,3.81,4.14,0.14,5.75,0.70,5.65,0.31,40.37,0.12,C3'-endo
69,69,0.57,U,U,U,0,0,0,1,0,(,83,1,cWW,cW-W,5.10,3.26,0.98,1.42,3.83,4.95,5.16,3.39,BI,anti,A,4.54,4.67,3.09,3.81,3.26,3.87,3.78,4.43,0.06,5.84,0.64,5.66,0.35,37.75,0.23,C3'-endo
70,70,0.57,C,C,C,0,1,0,0,0,(,82,1,cWW,cW-W,5.21,2.93,0.94,1.40,3.74,5.13,4.90,3.42,BI,anti,A,4.48,4.62,2.89,3.91,3.15,3.93,3.96,4.30,0.02,5.86,0.64,5.64,0.39,38.30,0.30,C3'-endo
71,71,0.58,G,G,G,0,0,1,0,0,(,81,1,cWW,cW-W,5.10,3.26,0.92,1.37,4.33,5.08,5.53,3.73,..,anti,.,3.49,4.65,3.14,3.83,3.31,3.50,3.82,3.20,6.24,5.92,0.61,5.63,0.44,37.80,0.39,C3'-endo
72,72,0.59,G,G,G,0,0,1,0,0,(,80,1,cWW,cW-W,3.96,1.58,2.23,1.42,,,,3.29,..,anti,-,,,,,,,,,0.07,5.83,0.64,5.67,0.35,37.53,0.22,C3'-endo
73,not resolved,0.60,-,-,-,0,0,0,0,1,,,0,,,,,,,,,,,,,,,,,,,,,,,,,,,,,
74,not resolved,0.61,-,-,-,0,0,0,0,1,,,0,,,,,,,,,,,,,,,,,,,,,,,,,,,,,
75,not resolved,0.61,-,-,-,0,0,0,0,1,,,0,,,,,,,,,,,,,,,,,,,,,,,,,,,,,
76,not resolved,0.62,-,-,-,0,0,0,0,1,,,0,,,,,,,,,,,,,,,,,,,,,,,,,,,,,
77,not resolved,0.63,-,-,-,0,0,0,0,1,,,0,,,,,,,,,,,,,,,,,,,,,,,,,,,,,
78,not resolved,0.64,-,-,-,0,0,0,0,1,,,0,,,,,,,,,,,,,,,,,,,,,,,,,,,,,
79,not resolved,0.65,-,-,-,0,0,0,0,1,,,0,,,,,,,,,,,,,,,,,,,,,,,,,,,,,
80,80,0.66,C,C,C,0,1,0,0,0,),72,1,cWW,cW-W,,3.16,0.70,1.43,4.41,5.14,5.55,3.86,..,anti,.,2.95,4.39,,4.10,,4.13,,4.63,6.16,6.02,0.53,5.67,0.47,34.80,0.53,C3'-endo
81,81,0.66,C,C,C,0,1,0,0,0,),71,1,cWW,cW-W,4.63,1.81,2.41,1.43,3.54,4.85,4.98,3.57,BI,anti,.,4.28,4.51,3.21,2.80,3.50,2.95,4.17,3.40,6.27,5.91,0.60,5.66,0.40,36.31,0.34,C3'-endo
82,82,0.67,G,G,G,0,0,1,0,0,),70,1,cWW,cW-W,5.07,3.09,1.01,1.45,4.05,4.74,5.60,3.34,..,anti,A,4.60,4.75,3.09,3.78,3.17,3.81,3.65,4.18,0.09,5.83,0.63,5.69,0.32,36.61,0.19,C3'-endo
83,83,0.68,A,A,A,1,0,0,0,0,),69,1,cWW,cW-W,4.81,2.80,1.27,1.46,3.55,4.89,4.94,3.23,BI,anti,A,4.55,4.57,2.73,4.04,3.00,3.85,3.66,4.13,0.07,5.85,0.62,5.69,0.33,36.09,0.21,C3'-endo
84,84,0.69,U,U,U,0,0,0,1,0,),68,1,cWW,cW-W,3.24,3.42,2.59,1.45,4.08,4.80,5.56,3.30,..,anti,A,4.61,4.73,2.85,3.63,3.10,3.65,3.73,4.25,0.09,5.83,0.63,5.69,0.31,36.55,0.18,C3'-endo
85,85,0.70,A,A,A,1,0,0,0,0,),67,1,cWW,cW-W,5.03,3.06,0.84,1.48,3.95,4.83,5.41,3.27,BI,anti,A,4.68,4.74,2.79,3.90,2.98,3.96,3.79,4.26,0.12,5.81,0.62,5.72,0.28,35.89,0.13,C3'-endo
86,86,0.70,A,A,A,1,0,0,0,0,),66,1,cWW,cW-W,5.44,2.76,0.92,1.44,3.77,4.96,5.10,3.41,BI,anti,A,4.29,4.44,3.00,3.84,3.30,3.79,3.85,4.21,6.20,5.99,0.54,5.68,0.43,34.35,0.46,C3'-endo
87,87,0.71,G,G,G,0,0,1,0,0,.,65,1,cWW,cW-W,5.23,2.88,0.84,1.34,3.58,4.86,5.00,3.51,BI,anti,A,4.34,4.52,2.77,3.48,3.03,3.48,3.75,3.86,6.21,5.93,0.62,5.60,0.48,39.20,0.44,C3'-endo
88,88,0.72,U,U,U,0,0,0,1,0,),64,1,cWW,cW-W,5.26,2.86,0.97,1.33,4.33,4.08,0.26,3.56,..,anti,.,3.97,4.70,3.10,3.60,3.18,3.75,3.66,4.29,6.27,5.88,0.65,5.61,0.44,39.67,0.35,C3'-endo
89,89,0.73,A,A,A,1,0,0,0,0,),63,1,cWW,cW-W,6.01,2.17,0.56,1.34,3.72,4.71,5.29,3.43,BI,anti,A,4.47,4.63,2.88,3.65,3.08,3.60,3.74,3.82,6.26,5.88,0.65,5.60,0.44,39.66,0.36,C3'-endo
90,90,0.74,A,A,A,1,0,0,0,0,),62,1,cWW,cW-W,5.41,2.79,0.90,1.39,4.06,4.38,5.96,3.45,..,anti,A,4.31,4.64,3.09,3.54,3.18,3.59,3.58,3.72,6.28,5.89,0.62,5.64,0.41,37.57,0.33,C3'-endo
91,91,0.75,A,A,A,1,0,0,0,0,.,62,1,cWW,cW-W,5.58,2.47,0.79,1.40,3.62,4.96,4.95,3.60,BI,anti,A,4.14,4.49,2.87,3.76,3.07,3.68,3.36,4.09,6.24,5.93,0.60,5.64,0.43,37.06,0.39,C3'-endo
92,92,0.75,A,A,A,1,0,0,0,0,.,61,1,cWW,cW-W,5.16,2.89,0.93,1.37,3.71,5.02,4.98,3.55,BI,anti,A,4.31,4.65,2.83,3.75,3.05,3.75,3.77,4.20,0.04,5.84,0.66,5.63,0.39,39.47,0.27,C3'-endo
93,93,0.76,C,C,C,0,1,0,0,0,),60,1,cWW,cW-W,5.15,2.86,1.15,1.34,3.76,4.74,5.30,3.61,BI,anti,A,4.17,4.61,2.98,3.54,3.23,3.55,3.93,3.93,6.25,5.89,0.64,5.61,0.45,39.28,0.37,C3'-endo
94,94,0.77,G,G,G,0,0,1,0,0,),59,1,cWW,cW-W,5.45,2.79,0.88,1.41,3.69,4.96,5.01,3.41,BI,anti,A,4.38,4.52,3.02,3.74,3.20,3.74,3.76,4.19,6.26,5.92,0.60,5.66,0.41,36.54,0.37,C3'-endo
95,95,0.78,C,C,C,0,1,0,0,0,),58,1,cWW,cW-W,5.16,2.99,0.90,1.41,3.64,4.89,5.04,3.55,BI,anti,A,4.29,4.56,2.88,3.62,3.11,3.66,3.81,4.21,6.28,5.89,0.61,5.65,0.40,37.13,0.33,C3'-endo
96,96,0.79,A,A,A,1,0,0,0,0,.,,0,,,5.20,2.87,1.06,1.47,4.20,6.23,4.25,3.55,..,anti,.,4.13,4.73,3.13,5.68,3.30,5.09,3.99,4.37,0.07,5.85,0.61,5.70,0.33,35.74,0.22,C3'-endo
97,97,0.80,U,U,U,0,0,0,1,0,.,,0,,,3.11,3.10,0.88,2.49,4.60,1.27,3.33,3.98,..,anti,.,0.75,0.83,1.13,2.03,2.04,1.71,1.93,1.87,5.84,0.65,5.68,0.36,0.04,37.30,2.74,C2'-endo
98,98,0.80,C,C,C,0,1,0,0,0,),"6,23",2,"tWS,cWW","tW+m,cW-W",2.09,3.98,2.61,1.42,3.83,5.17,4.94,3.62,BI,anti,.,4.02,4.52,2.81,3.68,2.85,3.30,3.00,2.94,6.23,5.95,0.57,5.67,0.42,35.40,0.41,C3'-endo
99,99,0.81,A,A,A,1,0,0,0,0,),"7,22",2,"cHW,cWW","cM+W,cW-W",3.94,1.99,2.62,1.46,3.61,4.93,4.96,3.39,BI,anti,.,4.27,4.40,3.10,3.37,3.00,3.38,2.83,3.85,6.24,5.96,0.54,5.70,0.40,33.77,0.40,C3'-endo
100,100,0.82,A,A,A,1,0,0,0,0,),"8,21",2,"cHW,cWW","cM+W,cW-W",2.51,3.46,3.21,1.45,3.91,4.92,5.27,3.28,BI,anti,A,4.55,4.63,2.81,3.32,3.09,3.41,3.82,3.71,0.03,5.88,0.60,5.68,0.37,36.02,0.28,C3'-endo
101,101,0.83,A,A,A,1,0,0,0,0,),"9,20",2,"cHW,cWW","cM+W,cW-W",5.27,2.95,0.86,1.32,3.63,4.87,5.04,3.54,BI,anti,A,4.31,4.59,2.87,3.48,3.11,3.53,3.58,4.02,6.23,5.89,0.66,5.58,0.48,40.83,0.40,C3'-endo
102,102,0.84,G,G,G,0,0,1,0,0,),19,1,cWW,cW-W,5.21,2.83,1.16,1.43,4.29,3.88,0.41,3.51,..,anti,.,4.13,4.68,3.23,3.33,3.36,2.74,3.93,3.01,0.03,5.87,0.62,5.66,0.38,37.15,0.28,C3'-endo
103,103,0.84,U,U,U,0,0,0,1,0,),0,1,cWW,cW-W,0.96,4.04,0.99,2.49,4.62,2.63,1.99,4.67,BII,anti,.,0.79,0.83,6.25,3.21,0.12,2.71,5.59,3.30,5.81,0.68,5.67,0.35,0.07,38.55,2.71,C2'-endo
104,104,0.85,C,C,C,0,1,0,0,0,),0,1,cWW,cW-W,0.86,4.08,3.50,1.38,3.82,4.74,5.36,3.49,BI,anti,A,4.37,4.64,2.84,3.08,2.64,3.15,3.39,3.52,0.03,5.85,0.66,5.62,0.40,39.36,0.28,C3'-endo
105,105,0.86,C,C,C,0,1,0,0,0,),0,1,cWW,cW-W,5.52,2.81,0.79,1.33,3.85,4.77,5.36,3.32,BI,anti,A,4.56,4.65,3.01,3.66,3.16,3.73,3.65,4.25,6.26,5.87,0.67,5.58,0.46,40.93,0.36,C3'-endo
106,106,0.87,U,U,U,0,0,0,1,0,),0,1,cWW,cW-W,5.50,2.76,0.84,1.38,3.94,4.83,5.40,3.40,BI,anti,A,4.44,4.65,3.03,3.83,3.23,3.86,3.93,4.35,6.28,5.88,0.64,5.62,0.42,38.85,0.33,C3'-endo
107,107,0.88,G,G,G,0,0,1,0,0,),0,1,cWW,cW-W,5.48,2.78,0.76,1.35,3.42,4.35,5.35,3.68,BI,anti,A,4.04,4.42,2.85,3.66,3.14,3.59,3.90,4.11,6.22,5.92,0.62,5.61,0.47,39.00,0.42,C3'-endo
108,108,0.89,C,C,C,0,1,0,0,0,),0,1,cWW,cW-W,2.56,4.15,2.91,1.44,4.19,4.60,5.87,3.38,..,anti,.,4.37,4.67,2.93,3.63,3.15,3.60,3.89,4.11,0.05,5.85,0.62,5.68,0.35,36.88,0.24,C3'-endo
109,109,0.89,A,A,A,1,0,0,0,0,),0,1,cWW,cW-W,5.44,2.46,1.06,1.43,3.81,4.79,5.30,3.44,BI,anti,A,4.42,4.62,2.94,3.77,3.27,3.72,4.07,4.19,0.02,5.88,0.61,5.67,0.37,36.52,0.29,C3'-endo
110,110,0.90,G,G,G,0,0,1,0,0,),0,1,cWW,cW-W,5.47,2.77,0.83,1.41,3.36,4.70,4.95,3.62,BI,anti,A,4.16,4.45,2.95,3.93,3.24,3.83,4.04,4.36,0.06,5.84,0.63,5.67,0.35,37.24,0.23,C3'-endo
111,111,0.91,C,C,C,0,1,0,0,0,),0,1,cWW,cW-W,2.86,3.96,2.68,1.33,4.22,4.64,5.86,3.26,..,anti,A,4.57,4.74,2.81,3.71,3.10,3.66,3.96,4.13,0.06,5.81,0.70,5.60,0.39,41.22,0.25,C3'-endo
112,112,0.92,A,A,A,1,0,0,0,0,),0,1,cWW,cW-W,5.49,2.54,0.84,1.32,3.68,4.83,5.13,3.26,BI,anti,A,4.70,4.70,2.74,3.60,3.02,3.61,3.88,4.02,0.04,5.81,0.71,5.58,0.42,42.02,0.27,C3'-endo
113,113,0.93,G,G,G,0,0,1,0,0,),0,1,cWW,cW-W,5.36,2.99,0.90,1.42,4.13,4.59,5.81,3.26,..,anti,A,4.62,4.74,3.19,3.84,3.29,3.92,3.85,4.29,0.07,5.84,0.64,5.67,0.34,37.46,0.22,C3'-endo
114,114,0.93,A,A,A,1,0,0,0,0,),0,1,cWW,cW-W,5.67,2.57,0.74,1.38,4.44,3.77,0.67,3.35,..,anti,A,4.26,4.58,3.10,3.78,3.29,3.68,3.82,3.93,6.23,5.92,0.62,5.62,0.45,38.48,0.40,C3'-endo
115,115,0.94,A,A,A,1,0,0,0,0,),0,1,cWW,cW-W,1.63,4.49,3.27,1.45,4.26,4.77,5.77,3.14,..,anti,A,4.65,4.71,2.86,3.65,3.03,3.67,3.50,4.28,0.07,5.84,0.62,5.69,0.33,36.44,0.21,C3'-endo
116,116,0.95,A,A,A,1,0,0,0,0,),0,1,cWW,cW-W,5.49,2.60,0.88,1.39,4.13,4.17,6.24,3.37,..,anti,A,4.41,4.63,2.91,3.90,3.27,3.69,4.18,3.91,6.24,5.91,0.62,5.62,0.44,38.17,0.38,C3'-endo
117,117,0.96,A,A,A,1,0,0,0,0,),0,1,cWW,cW-W,1.81,4.04,3.51,1.50,4.43,4.62,6.09,2.95,..,anti,A,4.62,4.66,2.93,3.47,2.99,3.63,3.46,4.16,0.08,5.86,0.59,5.72,0.30,34.35,0.19,C3'-endo
118,118,0.97,U,U,U,0,0,0,1,0,),0,1,cWW,cW-W,5.50,2.59,0.85,1.40,3.82,4.83,5.27,3.38,BI,anti,A,4.27,4.44,2.85,3.76,3.20,3.75,3.92,4.14,6.20,5.96,0.58,5.64,0.46,36.83,0.45,C3'-endo
119,119,0.98,C,C,C,0,1,0,0,0,),0,1,cWW,cW-W,5.35,2.94,0.71,1.41,3.43,4.76,4.95,3.62,BI,anti,A,4.15,4.41,2.83,3.95,3.07,3.83,3.71,4.29,6.24,5.94,0.59,5.65,0.43,36.40,0.40,C3'-endo
120,120,0.98,A,A,A,1,0,0,0,0,),0,1,cWW,cW-W,2.59,3.76,3.10,1.45,3.83,4.69,5.42,3.24,BI,anti,A,4.55,4.60,2.91,3.22,3.20,3.30,3.98,3.68,0.03,5.88,0.60,5.69,0.36,35.66,0.28,C3'-endo
121,121,0.99,A,A,A,1,0,0,0,0,),0,1,cWW,cW-W,5.32,3.01,0.77,1.51,4.47,4.07,0.39,3.64,..,anti,.,3.74,4.72,3.21,3.68,3.28,3.81,3.65,4.19,0.13,5.82,0.60,5.74,0.27,34.76,0.12,C3'-endo
122,122,1.00,A,A,A,1,0,0,0,0,),0,1,cWW,cW-W,5.59,2.06,0.92,1.43,,,,3.76,n/a,anti,-,,,,,,,,,0.01,5.89,0.60,5.67,0.38,36.16,0.30,C3'-endo
