index_chain,old_nt_resnum,nt_position,nt_name,nt_code,nt_align_code,is_A,is_C,is_G,is_U,is_other,dbn,paired,nb_interact,pair_type_LW,pair_type_DSSR,alpha,beta,gamma,delta,epsilon,zeta,epsilon_zeta,chi,bb_type,glyco_bond,form,ssZp,Dp,eta,theta,eta_prime,theta_prime,eta_base,theta_base,v0,v1,v2,v3,v4,amplitude,phase_angle,puckering
1,1,0.06,A,A,A,1,0,0,0,0,.,,0,,,,,1.02,2.48,4.55,2.06,2.48,4.10,..,anti,.,0.66,1.00,,,,,,,5.91,0.58,5.73,0.36,0.01,33.70,2.80,C2'-endo
2,2,0.11,A,A,A,1,0,0,0,0,.,,0,,,4.70,2.71,0.84,2.55,4.58,5.09,5.77,4.43,..,anti,.,0.76,0.79,3.33,5.45,3.52,4.80,3.22,5.24,5.86,0.66,5.66,0.39,0.02,37.99,2.79,C2'-endo
3,3,0.17,A,A,A,1,0,0,0,0,.,,0,,,5.05,3.05,2.80,2.72,4.70,4.54,0.16,4.72,..,anti,.,0.32,0.43,5.47,3.97,6.02,3.73,5.69,3.76,5.94,0.65,5.59,0.51,6.18,40.14,2.97,C2'-endo
4,4,0.22,A,A,A,1,0,0,0,0,.,,0,,,4.66,2.83,3.45,2.60,4.81,1.55,3.26,4.06,..,anti,.,0.29,0.49,5.80,1.09,6.17,1.42,0.11,1.43,5.86,0.68,5.63,0.43,6.28,39.53,2.82,C2'-endo
5,5,0.28,A,A,A,1,0,0,0,0,.,,0,,,2.74,3.25,2.53,2.66,4.62,5.43,5.47,4.12,..,anti,.,0.46,0.61,3.84,5.18,3.62,4.68,3.24,4.93,5.95,0.62,5.63,0.48,6.19,38.15,2.96,C2'-endo
6,6,0.33,U,U,U,0,0,0,1,0,.,,0,,,4.74,3.27,3.28,2.57,4.40,4.44,6.24,5.11,..,anti,.,0.01,1.21,5.45,4.28,6.16,3.77,5.98,4.04,5.97,0.56,5.70,0.41,6.22,34.14,2.92,C2'-endo
7,7,0.39,A,A,A,1,0,0,0,0,.,,0,,,3.04,3.39,4.98,2.58,4.15,2.18,1.97,4.52,..,anti,.,1.17,1.31,5.28,1.24,5.97,1.51,5.86,1.58,5.89,0.65,5.64,0.43,6.26,38.29,2.85,C2'-endo
8,8,0.44,A,A,A,1,0,0,0,0,.,,0,,,4.62,2.67,1.11,2.60,4.62,5.05,5.85,4.41,..,anti,.,0.28,0.81,3.38,5.46,3.58,4.61,3.31,4.59,5.96,0.58,5.68,0.44,6.20,35.46,2.94,C2'-endo
9,9,0.50,C,C,C,0,1,0,0,0,.,,0,,,4.79,3.15,3.25,2.60,4.28,4.43,6.14,4.27,..,anti,.,1.15,1.16,5.45,3.95,6.10,3.58,6.22,3.70,5.87,0.66,5.63,0.43,6.27,39.03,2.84,C2'-endo
10,10,0.56,A,A,A,1,0,0,0,0,.,,0,,,3.18,3.10,4.70,2.66,5.00,1.67,3.33,4.33,..,anti,.,-0.17,0.31,5.50,1.31,6.00,1.39,6.04,1.37,5.97,0.60,5.64,0.49,6.17,37.57,2.99,C2'-endo
11,11,0.61,A,A,A,1,0,0,0,0,.,,0,,,3.16,2.49,2.35,2.59,4.58,5.48,5.39,4.04,..,anti,.,0.87,0.90,3.87,4.86,3.48,4.53,3.21,3.51,5.92,0.62,5.66,0.42,6.24,36.94,2.87,C2'-endo
12,12,0.67,C,C,C,0,1,0,0,0,.,,0,,,4.71,3.43,3.11,2.61,4.50,4.26,0.25,3.56,..,anti,.,1.08,1.08,5.34,4.36,6.16,3.83,1.00,3.95,5.99,0.57,5.67,0.46,6.17,35.69,2.99,C2'-endo
13,13,0.72,A,A,A,1,0,0,0,0,.,,0,,,2.87,3.36,4.86,2.57,5.00,1.50,3.50,4.19,..,anti,.,0.05,0.17,5.31,1.20,5.88,1.51,5.76,1.47,5.91,0.63,5.65,0.44,6.24,37.69,2.88,C2'-endo
14,14,0.78,A,A,A,1,0,0,0,0,.,,0,,,4.15,3.28,1.16,2.68,4.39,4.85,5.83,4.56,..,anti,.,0.22,0.94,3.28,5.65,3.47,4.85,3.15,5.14,6.13,0.54,5.60,0.62,5.98,39.34,3.25,C3'-exo
15,15,0.83,G,G,G,0,0,1,0,0,.,,0,,,0.93,2.82,0.91,2.54,5.00,3.47,1.53,4.39,BII,anti,.,0.61,1.02,4.83,4.54,5.90,3.75,5.77,3.91,6.10,0.45,5.77,0.43,6.12,29.51,3.12,C2'-endo
16,16,0.89,A,A,A,1,0,0,0,0,.,,0,,,2.27,3.46,5.31,2.74,4.80,1.25,3.55,4.42,..,anti,.,-0.04,1.30,5.48,1.16,5.98,1.32,5.84,1.24,5.72,0.84,5.52,0.47,0.05,47.47,2.74,C2'-endo
17,17,0.94,G,G,G,0,0,1,0,0,.,,0,,,4.56,3.09,1.03,2.56,3.84,2.42,1.42,4.39,..,anti,.,1.46,1.51,3.06,2.80,3.41,2.77,2.99,3.60,5.94,0.60,5.65,0.46,6.21,37.09,2.94,C2'-endo
18,18,1.00,G,G,G,0,0,1,0,0,.,,0,,,0.63,2.20,1.15,2.52,,,,4.17,n/a,anti,-,,,,,,,,,5.87,0.64,5.67,0.39,0.01,37.13,2.80,C2'-endo
