index_chain,old_nt_resnum,nt_position,nt_name,nt_code,nt_align_code,is_A,is_C,is_G,is_U,is_other,dbn,paired,nb_interact,pair_type_LW,pair_type_DSSR,alpha,beta,gamma,delta,epsilon,zeta,epsilon_zeta,chi,bb_type,glyco_bond,form,ssZp,Dp,eta,theta,eta_prime,theta_prime,eta_base,theta_base,v0,v1,v2,v3,v4,amplitude,phase_angle,puckering
1,1,0.04,G,G,G,0,0,1,0,0,.,,0,,,,,1.50,2.61,3.56,3.13,0.43,0.89,..,syn,.,-1.77,1.95,,,,,,,5.83,0.69,5.62,0.42,0.01,40.23,2.79,C2'-endo
2,2,0.08,U,U,U,0,0,0,1,0,.,,0,,,3.05,2.18,3.19,2.60,4.47,4.90,5.85,3.96,..,anti,.,0.75,0.84,4.21,3.97,3.33,3.83,3.21,3.90,5.92,0.63,5.64,0.45,6.22,37.76,2.90,C2'-endo
3,3,0.12,G,G,G,0,0,1,0,0,.,,0,,,4.88,3.16,3.16,2.58,4.34,1.86,2.48,4.47,..,anti,.,1.38,1.25,5.56,1.05,6.09,1.24,6.17,1.85,5.83,0.70,5.62,0.41,0.02,40.40,2.78,C2'-endo
4,4,0.15,G,G,G,0,0,1,0,0,.,,0,,,4.90,2.69,0.87,1.45,3.65,5.08,4.85,3.50,BI,anti,A,4.22,4.47,3.14,3.88,3.19,3.85,3.43,4.39,0.02,5.87,0.63,5.65,0.39,37.61,0.30,C3'-endo
5,5,0.19,A,A,A,1,0,0,0,0,.,,0,,,4.99,3.13,0.99,1.43,4.24,4.63,5.90,3.73,..,anti,A,3.64,4.69,3.01,3.86,3.21,3.87,3.96,3.99,0.05,5.83,0.66,5.64,0.37,38.77,0.24,C3'-endo
6,6,0.23,A,A,A,1,0,0,0,0,.,,0,,,5.27,2.63,0.91,1.32,3.91,4.82,5.38,3.49,BI,anti,A,4.15,4.44,2.71,3.78,2.92,3.90,3.22,4.38,6.17,5.95,0.64,5.57,0.52,41.04,0.48,C3'-endo
7,7,0.27,A,A,A,1,0,0,0,0,.,,0,,,5.54,2.96,0.85,2.29,4.32,5.25,5.36,4.17,..,anti,.,1.88,1.77,3.37,5.23,3.72,4.49,4.25,3.58,5.77,0.63,5.78,0.22,0.18,35.29,2.52,C2'-endo
8,8,0.31,G,G,G,0,0,1,0,0,.,,0,,,4.93,3.99,2.84,2.05,4.22,5.30,5.21,3.29,..,anti,.,2.11,2.27,5.43,4.44,6.22,4.27,0.84,4.37,5.94,0.25,6.22,6.15,0.30,19.45,1.76,O4'-endo
9,9,0.35,G,G,G,0,0,1,0,0,.,0,1,cWW,cW-W,4.57,2.83,3.45,1.99,3.79,3.00,0.79,4.24,..,anti,.,2.18,2.46,5.19,1.57,5.46,1.94,5.61,2.28,5.88,0.27,6.24,6.10,0.37,22.91,1.69,O4'-endo
10,10,0.38,C,C,C,0,1,0,0,0,(,0,1,cWW,cW-W,5.89,2.25,0.28,1.85,3.09,4.57,4.80,3.92,BI,anti,.,3.42,3.46,2.87,3.48,2.94,3.38,3.22,3.60,5.95,0.17,0.03,6.06,0.35,20.10,1.47,O4'-endo
11,11,0.42,G,G,G,0,0,1,0,0,(,0,1,cWW,cW-W,5.05,3.22,1.02,1.50,3.80,5.06,5.03,3.86,BI,anti,.,3.54,4.52,3.12,3.98,3.09,4.02,3.38,4.20,0.02,5.90,0.58,5.70,0.36,34.79,0.29,C3'-endo
12,12,0.46,G,G,G,0,0,1,0,0,(,0,1,cWW,cW-W,5.01,3.27,0.78,1.83,3.58,4.67,5.19,4.02,BI,anti,B,3.25,3.87,2.72,3.76,3.03,3.82,3.41,4.14,5.99,0.14,0.05,6.07,0.32,18.34,1.42,O4'-endo
13,13,0.50,G,G,G,0,0,1,0,0,(,0,1,cWW,cW-W,5.37,3.05,0.86,2.22,4.47,4.34,0.13,4.23,..,anti,.,1.88,1.99,3.35,5.16,3.61,4.36,3.94,2.67,5.78,0.57,5.87,0.14,0.23,32.11,2.41,C1'-exo
14,14,0.54,C,C,C,0,1,0,0,0,.,,0,,,1.28,2.43,1.59,2.04,4.26,5.11,5.43,0.67,..,syn,.,-1.78,1.84,5.55,4.35,0.13,4.15,1.57,4.23,5.90,0.27,6.22,6.13,0.33,21.56,1.74,O4'-endo
15,15,0.58,A,A,A,1,0,0,0,0,.,,0,,,4.77,2.42,3.40,2.49,3.73,3.01,0.72,4.58,..,anti,.,1.97,1.96,5.33,1.46,5.55,1.83,5.05,2.59,5.74,0.73,5.66,0.33,0.13,41.13,2.63,C2'-endo
16,16,0.62,G,G,G,0,0,1,0,0,(,0,1,cWW,cW-W,5.10,2.45,0.88,1.48,3.42,4.81,4.90,3.66,BI,anti,.,4.09,4.43,2.94,3.59,2.89,3.52,3.55,3.55,0.05,5.87,0.60,5.70,0.34,35.38,0.25,C3'-endo
17,17,0.65,A,A,A,1,0,0,0,0,.,,0,,,5.02,3.19,0.99,1.48,4.05,4.75,5.59,3.98,..,anti,A,2.95,4.70,3.10,3.97,3.14,3.99,3.29,4.08,0.09,5.83,0.63,5.69,0.32,36.90,0.18,C3'-endo
18,18,0.69,G,G,G,0,0,1,0,0,(,"0,0",2,"cWW,cWW","cW-W,cW-W",5.51,2.80,0.69,1.43,3.69,4.94,5.03,3.77,BI,anti,.,3.63,4.24,2.86,3.69,3.09,3.82,3.37,4.04,6.14,6.04,0.51,5.67,0.48,34.80,0.56,C3'-endo
19,19,0.73,G,G,G,0,0,1,0,0,(,"0,0",2,"cWW,cWW","cW-W,cW-W",5.12,3.16,0.98,2.37,4.23,5.17,5.33,4.29,..,anti,.,1.83,1.82,3.23,5.22,3.57,4.44,3.81,2.61,5.82,0.62,5.76,0.27,0.12,34.63,2.61,C2'-endo
20,20,0.77,C,C,C,0,1,0,0,0,.,,0,,,4.73,4.03,3.12,1.99,4.06,4.83,5.51,5.49,..,anti,.,-0.86,2.38,5.63,4.42,0.01,4.30,1.73,4.73,5.89,0.27,6.24,6.11,0.36,22.46,1.69,O4'-endo
21,21,0.81,G,G,G,0,0,1,0,0,.,0,1,cWS,cW-m,2.39,4.24,4.72,2.56,3.72,2.74,0.97,4.82,..,anti,.,1.64,1.81,5.11,1.59,5.50,1.94,5.18,2.36,5.83,0.70,5.62,0.42,0.01,40.41,2.79,C2'-endo
22,22,0.85,G,G,G,0,0,1,0,0,(,"0,0",2,"cWW,cWW","cW-W,cW-W",5.94,2.26,0.22,1.88,3.21,4.55,4.94,4.05,BI,anti,.,3.04,3.32,2.96,3.53,2.92,3.43,3.27,3.70,5.98,0.18,0.01,6.10,0.31,18.10,1.55,O4'-endo
23,23,0.88,U,U,U,0,0,0,1,0,(,0,1,cWW,cW-W,5.13,3.16,0.85,1.46,4.06,4.61,5.74,3.84,..,anti,.,3.39,4.60,3.06,3.73,3.02,3.83,3.36,4.22,6.28,5.92,0.58,5.68,0.38,35.14,0.33,C3'-endo
24,24,0.92,U,U,U,0,0,0,1,0,(,0,1,cWW,cW-W,5.35,2.82,0.86,1.46,3.97,5.05,5.21,3.59,BI,anti,A,4.08,4.57,3.00,3.90,3.15,3.77,3.60,3.90,6.28,5.92,0.58,5.68,0.38,35.15,0.33,C3'-endo
25,25,0.96,U,U,U,0,0,0,1,0,.,0,1,cWW,cW-W,4.41,2.37,1.95,1.41,3.88,2.34,1.55,3.51,..,anti,.,4.22,4.53,2.79,1.57,3.05,1.94,3.44,4.18,6.22,5.95,0.58,5.66,0.43,36.08,0.42,C3'-endo
26,26,1.00,G,G,G,0,0,1,0,0,.,,0,,,1.17,1.81,1.70,2.51,,,,3.85,..,anti,-,,,,,,,,,5.92,0.59,5.71,0.38,6.27,34.66,2.84,C2'-endo
