index_chain,old_nt_resnum,nt_position,nt_name,nt_code,nt_align_code,is_A,is_C,is_G,is_U,is_other,dbn,paired,nb_interact,pair_type_LW,pair_type_DSSR,alpha,beta,gamma,delta,epsilon,zeta,epsilon_zeta,chi,bb_type,glyco_bond,form,ssZp,Dp,eta,theta,eta_prime,theta_prime,eta_base,theta_base,v0,v1,v2,v3,v4,amplitude,phase_angle,puckering
1,2,0.01,G,G,G,0,0,1,0,0,(,117,1,cWW,cW-W,,,0.94,1.27,3.15,5.12,4.31,3.42,BI,anti,A,4.29,4.36,,,,,,,6.16,5.95,0.62,5.57,0.53,40.36,0.49,C3'-endo
2,3,0.02,C,C,C,0,1,0,0,0,(,116,1,cWW,cW-W,3.08,3.27,2.66,1.55,4.12,4.88,5.52,3.48,..,anti,A,4.39,4.74,2.93,3.70,3.15,3.71,4.11,4.25,0.34,5.66,0.64,5.82,0.08,37.40,6.07,C2'-exo
3,4,0.03,C,C,C,0,1,0,0,0,(,115,1,cWW,cW-W,5.10,2.69,1.13,1.41,3.81,5.07,5.02,3.39,BI,anti,A,4.52,4.64,2.82,3.93,3.17,3.85,4.01,4.14,0.13,5.79,0.64,5.70,0.29,36.90,0.13,C3'-endo
4,5,0.03,U,U,U,0,0,0,1,0,(,114,1,cWW,cW-W,4.97,2.97,1.09,1.35,3.60,5.02,4.87,3.49,BI,anti,.,4.38,4.45,2.79,3.54,3.08,3.49,3.70,3.76,6.25,5.94,0.56,5.69,0.39,34.48,0.37,C3'-endo
5,6,0.04,G,G,G,0,0,1,0,0,(,113,1,cWW,cW-W,4.96,3.00,1.18,1.34,3.65,4.99,4.94,3.43,BI,anti,A,4.43,4.62,2.95,3.55,3.09,3.58,3.56,4.15,0.07,5.81,0.67,5.63,0.37,39.33,0.23,C3'-endo
6,7,0.05,G,G,G,0,0,1,0,0,(,112,1,cWW,cW-W,5.03,2.96,1.09,1.42,3.81,5.07,5.02,3.50,BI,anti,A,4.46,4.66,2.93,3.90,3.16,3.90,3.94,4.58,0.16,5.78,0.62,5.73,0.25,35.74,0.07,C3'-endo
7,8,0.06,C,C,C,0,1,0,0,0,(,111,1,cWW,cW-W,5.15,3.04,0.85,1.38,3.31,5.02,4.58,3.63,BI,anti,.,4.31,4.46,2.84,3.91,3.14,3.71,4.13,3.74,0.07,5.84,0.61,5.68,0.34,36.03,0.22,C3'-endo
8,9,0.07,G,G,G,0,0,1,0,0,(,110,1,cWW,cW-W,2.70,3.26,3.13,1.46,3.73,5.08,4.93,3.28,BI,anti,A,4.83,4.72,2.90,3.27,3.05,3.39,3.39,4.02,0.23,5.67,0.72,5.68,0.24,41.30,0.00,C3'-endo
9,10,0.08,G,G,G,0,0,1,0,0,(,109,1,cWW,cW-W,4.93,3.06,1.16,1.44,4.17,5.23,5.22,3.27,..,anti,.,4.72,4.76,3.06,4.32,3.28,4.38,4.05,5.33,0.23,5.71,0.68,5.72,0.21,38.93,6.27,C2'-exo
10,11,0.08,C,C,C,0,1,0,0,0,.,108,1,c.W,c.-W,5.08,2.88,1.03,1.42,4.05,4.83,5.50,3.53,..,anti,.,4.35,4.70,2.82,4.36,3.32,4.46,4.70,5.49,0.17,5.78,0.61,5.74,0.24,35.12,0.06,C3'-endo
11,12,0.09,C,C,C,0,1,0,0,0,.,,0,,,6.26,2.19,0.34,1.29,0.44,0.96,5.76,3.68,..,anti,.,2.77,3.45,3.21,2.53,3.71,2.43,4.99,2.91,0.06,5.82,0.64,5.65,0.36,37.76,0.23,C3'-endo
12,13,0.10,G,G,G,0,0,1,0,0,.,"15,68",2,"cSS,tSS","cm-m,tm+m",4.56,4.22,1.36,1.09,3.04,4.59,4.74,4.11,BI,anti,.,3.15,4.31,4.55,3.21,4.41,2.73,4.09,3.44,6.15,5.92,0.68,5.50,0.58,44.23,0.50,C3'-endo
13,14,0.11,U,U,U,0,0,0,1,0,.,105,1,tSS,tm+m,2.20,2.93,0.69,2.40,4.37,5.04,5.62,5.23,..,anti,.,0.28,1.67,6.04,5.62,6.17,5.33,5.21,5.64,5.92,0.61,5.68,0.41,6.25,36.14,2.86,C2'-endo
14,15,0.12,A,A,A,1,0,0,0,0,.,,0,,,0.75,2.75,5.04,2.65,4.73,4.98,6.03,0.82,..,syn,.,-0.36,0.95,2.59,5.13,3.37,5.20,3.49,5.89,5.91,0.72,5.52,0.57,6.15,44.46,2.98,C2'-endo
15,16,0.13,G,G,G,0,0,1,0,0,(,"12,67",2,"cSS,cWW","cm-m,cW-W",5.23,3.08,1.14,1.46,3.83,5.15,4.96,3.24,BI,anti,A,4.35,4.65,2.93,4.05,3.74,4.06,3.85,4.85,0.15,5.77,0.66,5.69,0.28,38.13,0.11,C3'-endo
16,17,0.14,C,C,C,0,1,0,0,0,(,"66,107",2,"cWW,tWS","cW-W,tW+m",5.00,2.95,1.10,1.38,3.65,5.06,4.87,3.43,BI,anti,A,4.52,4.57,2.82,3.68,3.19,3.65,4.38,3.90,0.13,5.81,0.62,5.72,0.27,35.63,0.12,C3'-endo
17,18,0.14,G,G,G,0,0,1,0,0,(,64,1,cWW,cW-W,4.97,3.01,1.19,1.40,3.70,5.10,4.88,3.39,BI,anti,A,4.47,4.61,3.01,3.78,3.22,3.80,3.72,4.60,0.10,5.78,0.69,5.64,0.35,40.28,0.19,C3'-endo
18,19,0.15,C,C,C,0,1,0,0,0,(,63,1,cWW,cW-W,5.01,3.01,1.02,1.37,3.92,4.95,5.26,3.55,BI,anti,A,4.31,4.68,2.91,3.80,3.18,3.83,4.26,4.28,0.17,5.74,0.69,5.67,0.28,39.40,0.08,C3'-endo
19,20,0.16,G,G,G,0,0,1,0,0,(,62,1,cWW,cW-W,4.99,2.77,1.23,1.37,3.86,4.97,5.18,3.26,BI,anti,A,4.69,4.72,2.89,3.79,3.12,3.79,3.82,4.22,0.10,5.78,0.68,5.64,0.35,39.62,0.18,C3'-endo
20,21,0.17,G,G,G,0,0,1,0,0,(,61,1,cWW,cW-W,5.02,2.81,1.24,1.40,3.73,5.01,5.01,3.33,BI,anti,A,4.71,4.65,2.92,3.72,3.21,3.71,3.96,4.25,0.10,5.79,0.66,5.66,0.32,38.63,0.17,C3'-endo
21,22,0.18,U,U,U,0,0,0,1,0,(,60,1,cWW,cW-W,5.09,2.93,1.07,1.41,3.45,4.94,4.80,3.57,BI,anti,A,4.48,4.53,2.92,3.57,3.23,3.51,4.07,3.68,0.12,5.81,0.62,5.72,0.28,35.58,0.14,C3'-endo
22,23,0.19,G,G,G,0,0,1,0,0,(,59,1,cWW,cW-W,4.97,3.09,1.04,1.39,4.68,3.96,0.73,3.59,..,anti,.,3.92,4.71,3.16,3.36,3.19,3.63,3.46,3.31,0.18,5.77,0.62,5.74,0.23,35.47,0.04,C3'-endo
23,24,0.19,G,G,G,0,0,1,0,0,.,"26,58",2,"tSW,cWW","tm+W,cW-W",4.97,2.43,1.23,2.40,4.49,2.57,1.92,4.34,BII,anti,.,0.72,1.51,3.33,2.17,3.59,1.74,3.16,1.71,6.04,0.52,5.70,0.46,6.14,33.62,3.06,C2'-endo
24,25,0.20,U,U,U,0,0,0,1,0,.,,0,,,3.11,2.77,0.95,1.37,4.02,5.12,5.19,3.38,BI,anti,.,4.73,4.71,1.98,4.16,1.81,4.29,1.89,5.27,6.19,5.89,0.70,5.52,0.55,44.08,0.44,C3'-endo
25,26,0.21,C,C,C,0,1,0,0,0,.,,0,,,5.34,2.75,0.90,1.39,4.10,5.08,5.30,3.49,..,anti,.,4.29,4.75,2.85,4.14,3.35,4.14,4.67,4.84,0.13,5.74,0.72,5.62,0.34,41.68,0.14,C3'-endo
26,27,0.22,C,C,C,0,1,0,0,0,.,23,1,tWS,tW+m,5.19,2.72,1.05,1.43,3.91,4.91,5.27,3.52,BI,anti,.,4.36,4.62,2.80,3.79,3.23,3.81,4.31,4.57,0.09,5.79,0.69,5.64,0.35,40.34,0.19,C3'-endo
27,28,0.23,C,C,C,0,1,0,0,0,(,55,1,cWW,cW-W,5.20,2.87,0.98,1.37,3.55,5.07,4.76,3.42,BI,anti,A,4.38,4.51,2.89,3.68,3.22,3.67,4.30,3.91,0.13,5.81,0.63,5.70,0.28,36.25,0.13,C3'-endo
28,29,0.24,A,A,A,1,0,0,0,0,(,"54,57",2,"cWW,cSW","cW-W,cm-W",4.90,3.10,1.12,1.41,3.28,4.91,4.65,3.64,BI,anti,A,4.02,4.45,2.86,3.94,3.09,3.82,3.59,4.36,0.04,5.87,0.60,5.70,0.35,35.52,0.25,C3'-endo
29,30,0.25,C,C,C,0,1,0,0,0,(,"51,53,56",3,"c.W,cWW,cSW","c.-W,cW-W,cm-W",2.82,3.63,2.84,1.54,4.22,5.28,5.22,3.43,..,anti,.,4.36,4.75,2.87,4.25,3.21,4.29,4.12,5.13,0.34,5.64,0.69,5.77,0.12,39.93,6.12,C2'-exo
30,31,0.25,C,C,C,0,1,0,0,0,(,"50,52",2,"cWW,c.W","cW-W,c.-W",5.19,2.75,1.14,1.38,3.83,4.95,5.16,3.59,BI,anti,.,4.46,4.68,2.79,3.81,3.43,3.84,4.80,4.13,0.14,5.74,0.69,5.65,0.31,39.83,0.12,C3'-endo
31,32,0.26,U,U,U,0,0,0,1,0,(,49,1,cWW,cW-W,5.08,3.21,0.85,1.37,4.02,4.96,5.34,3.46,BI,anti,A,4.27,4.76,2.97,3.77,3.06,3.82,3.50,4.54,0.20,5.68,0.74,5.64,0.28,42.55,0.06,C3'-endo
32,33,0.27,G,G,G,0,0,1,0,0,(,48,1,cWW,cW-W,5.00,2.78,1.20,1.41,3.71,5.08,4.91,3.29,BI,anti,A,4.56,4.71,2.82,3.78,3.15,3.75,4.17,4.14,0.28,5.68,0.68,5.75,0.17,39.02,6.20,C2'-exo
33,34,0.28,A,A,A,1,0,0,0,0,(,47,1,cWW,cW-W,5.08,3.03,1.05,1.45,4.37,2.64,1.73,3.47,BII,anti,.,3.97,4.65,3.23,2.30,3.43,2.18,4.01,2.05,0.10,5.85,0.58,5.74,0.28,33.89,0.16,C3'-endo
34,35,0.29,C,C,C,0,1,0,0,0,.,,0,,,6.00,2.23,5.20,1.29,3.60,5.43,4.45,3.54,BI,anti,.,4.36,4.67,1.97,3.77,1.68,3.99,1.64,4.76,0.06,5.75,0.78,5.53,0.44,45.87,0.25,C3'-endo
35,36,0.30,C,C,C,0,1,0,0,0,.,,0,,,3.14,3.34,3.02,1.47,4.26,5.15,5.39,3.53,..,anti,.,4.10,4.76,3.22,3.87,3.66,3.93,4.61,4.55,0.11,5.74,0.76,5.59,0.37,44.18,0.18,C3'-endo
36,37,0.31,C,C,C,0,1,0,0,0,.,47,1,cWS,cW-m,5.16,3.27,0.78,1.39,4.22,5.27,5.24,3.48,..,anti,.,4.30,4.66,2.84,4.33,3.21,4.48,4.09,5.42,6.18,5.89,0.71,5.51,0.55,44.96,0.44,C3'-endo
37,38,0.31,C,C,C,0,1,0,0,0,(,43,1,cWW,cW-W,5.12,2.82,1.08,1.34,3.64,5.08,4.84,3.55,BI,anti,A,4.34,4.67,2.68,3.71,3.26,3.70,4.57,3.95,0.06,5.80,0.69,5.60,0.40,40.69,0.24,C3'-endo
38,39,0.32,A,A,A,1,0,0,0,0,.,45,1,cSW,cm-W,5.01,3.03,1.05,1.39,3.79,4.40,5.67,3.66,BI,anti,.,4.07,4.62,2.94,3.25,3.13,3.42,3.58,3.45,0.06,5.83,0.65,5.65,0.36,38.46,0.24,C3'-endo
39,40,0.33,U,U,U,0,0,0,1,0,.,44,1,tSH,tm-M,5.54,2.41,1.19,2.51,4.65,5.49,5.44,4.34,..,anti,.,1.19,0.94,3.49,5.85,3.91,5.31,3.81,5.11,5.97,0.64,5.60,0.53,6.14,39.66,3.00,C2'-endo
40,41,0.34,G,G,G,0,0,1,0,0,.,,0,,,5.47,2.36,2.96,2.69,3.46,0.67,2.80,3.78,..,anti,.,1.48,1.72,5.15,5.85,5.90,5.45,0.04,5.53,6.18,0.53,5.56,0.69,5.91,42.39,3.33,C3'-exo
41,42,0.35,C,C,C,0,1,0,0,0,.,,0,,,1.04,3.30,3.10,1.21,4.07,5.33,5.03,3.59,..,anti,.,3.83,4.72,1.45,3.62,2.11,3.71,2.79,4.37,6.28,5.81,0.74,5.52,0.48,44.81,0.33,C3'-endo
42,43,0.36,C,C,C,0,1,0,0,0,.,,0,,,5.10,3.01,1.28,1.27,4.23,5.24,5.28,3.55,..,anti,.,4.04,4.58,3.05,4.18,3.38,3.97,4.25,4.47,6.19,5.93,0.62,5.59,0.49,39.56,0.46,C3'-endo
43,44,0.36,G,G,G,0,0,1,0,0,),"37,46",2,"cWW,tSW","cW-W,tm+W",5.22,3.44,2.72,2.58,3.94,2.61,1.33,5.05,BII,anti,.,0.69,1.76,5.00,1.87,5.76,1.22,5.48,1.22,6.11,0.53,5.62,0.59,6.02,38.23,3.21,C3'-exo
44,45,0.37,A,A,A,1,0,0,0,0,.,39,1,tHS,tM-m,3.28,2.61,0.91,1.42,4.00,5.15,5.13,3.12,BI,anti,.,4.61,4.68,1.73,4.15,1.72,4.12,1.94,5.03,0.13,5.77,0.67,5.68,0.30,38.41,0.12,C3'-endo
45,46,0.38,A,A,A,1,0,0,0,0,.,38,1,cWS,cW-m,4.89,3.04,1.06,1.43,4.00,5.25,5.03,3.31,BI,anti,.,4.74,4.78,2.75,4.15,3.10,4.20,4.46,4.86,0.25,5.70,0.66,5.75,0.18,37.73,6.22,C2'-exo
46,47,0.39,C,C,C,0,1,0,0,0,.,43,1,tWS,tW+m,4.95,2.92,1.18,1.39,4.15,5.05,5.38,3.43,..,anti,A,4.39,4.68,2.92,4.00,3.31,4.02,4.36,4.72,0.13,5.74,0.72,5.62,0.33,41.93,0.14,C3'-endo
47,48,0.40,U,U,U,0,0,0,1,0,),"33,36",2,"cWW,cSW","cW-W,cm-W",5.10,2.87,0.99,1.31,3.50,4.88,4.91,3.44,BI,anti,A,4.52,4.53,2.71,3.39,3.06,3.41,4.10,3.58,0.02,5.85,0.67,5.60,0.42,40.05,0.30,C3'-endo
48,49,0.41,C,C,C,0,1,0,0,0,),32,1,cWW,cW-W,4.92,2.88,1.27,1.40,3.59,5.02,4.86,3.64,BI,anti,A,4.06,4.53,2.91,3.75,3.06,3.70,3.40,4.17,0.12,5.78,0.67,5.66,0.32,38.58,0.15,C3'-endo
49,50,0.42,A,A,A,1,0,0,0,0,),31,1,cWW,cW-W,4.81,3.03,1.28,1.42,3.51,5.19,4.60,3.39,BI,anti,.,4.55,4.62,2.87,4.41,3.12,4.22,3.91,4.53,0.13,5.77,0.66,5.68,0.31,38.25,0.14,C3'-endo
50,51,0.42,G,G,G,0,0,1,0,0,),30,1,cWW,cW-W,2.07,3.35,4.06,1.67,4.25,5.28,5.25,3.15,..,anti,.,3.85,4.30,3.31,3.77,3.58,3.96,4.31,4.30,0.11,5.94,0.44,5.89,0.18,25.17,0.08,C3'-endo
51,52,0.43,A,A,A,1,0,0,0,0,.,29,1,cW.,cW-.,5.08,3.29,0.58,2.37,5.24,1.68,3.56,3.91,..,anti,.,0.42,0.65,3.03,2.09,3.56,1.73,3.94,1.66,5.67,0.82,5.59,0.37,0.14,45.71,2.63,C2'-endo
52,53,0.44,A,A,A,1,0,0,0,0,.,30,1,cW.,cW-.,3.35,2.92,1.01,1.41,3.83,5.11,5.00,3.38,BI,anti,.,4.63,4.72,2.19,3.86,2.05,3.88,2.17,4.43,0.17,5.68,0.78,5.60,0.32,44.85,0.10,C3'-endo
53,54,0.45,G,G,G,0,0,1,0,0,),29,1,cWW,cW-W,5.06,2.97,1.17,1.40,3.72,5.01,5.00,3.27,BI,anti,.,4.67,4.71,2.91,3.73,3.24,3.73,4.20,4.12,0.16,5.67,0.80,5.57,0.36,46.42,0.12,C3'-endo
54,55,0.46,U,U,U,0,0,0,1,0,),"28,56",2,"cWW,cSH","cW-W,cm+M",5.17,3.16,1.08,1.32,3.39,5.31,4.36,3.35,BI,anti,.,4.60,4.60,3.10,3.84,3.29,3.84,3.93,4.20,0.12,5.74,0.71,5.62,0.34,41.25,0.15,C3'-endo
55,56,0.47,G,G,G,0,0,1,0,0,),"27,58",2,"cWW,tSW","cW-W,tm+W",3.27,2.79,3.02,2.66,4.82,2.15,2.67,4.07,BII,anti,.,1.10,1.04,4.01,1.46,4.01,1.47,4.33,1.51,6.16,0.49,5.65,0.58,5.99,36.90,3.28,C3'-exo
56,57,0.47,A,A,A,1,0,0,0,0,.,"29,54",2,"cWS,cHS","cW-m,cM+m",3.33,3.00,0.94,1.39,3.79,5.05,5.02,3.37,BI,anti,A,4.62,4.72,2.19,3.79,2.02,3.87,2.22,4.45,0.20,5.69,0.73,5.65,0.28,41.79,0.05,C3'-endo
57,58,0.48,A,A,A,1,0,0,0,0,.,28,1,cWS,cW-m,5.00,3.10,1.08,1.44,4.00,5.25,5.04,3.32,BI,anti,.,4.69,4.76,3.04,4.21,3.27,4.25,4.07,5.10,0.21,5.73,0.66,5.73,0.22,37.62,0.01,C3'-endo
58,59,0.49,A,A,A,1,0,0,0,0,.,"23,55",2,"cWW,tWS","cW-W,tW+m",4.88,2.94,1.16,1.42,3.87,5.14,5.01,3.38,BI,anti,.,4.48,4.74,2.78,3.99,3.23,3.98,4.52,4.89,0.15,5.75,0.67,5.68,0.29,38.87,0.10,C3'-endo
59,60,0.50,C,C,C,0,1,0,0,0,),22,1,cWW,cW-W,4.99,2.84,1.09,1.37,3.75,5.03,5.00,3.38,BI,anti,A,4.70,4.71,2.74,3.75,3.14,3.74,4.48,4.08,0.27,5.69,0.66,5.75,0.17,37.86,6.21,C2'-exo
60,61,0.51,G,G,G,0,0,1,0,0,),21,1,cWW,cW-W,4.91,2.95,1.22,1.44,3.92,4.99,5.21,3.33,BI,anti,A,4.55,4.71,2.98,4.00,3.20,4.03,3.82,4.78,0.17,5.74,0.68,5.68,0.28,39.02,0.08,C3'-endo
61,62,0.52,C,C,C,0,1,0,0,0,),20,1,cWW,cW-W,5.05,2.78,1.17,1.39,3.86,4.84,5.30,3.51,BI,anti,A,4.26,4.57,2.85,3.71,3.20,3.66,4.29,3.98,0.05,5.85,0.63,5.67,0.35,37.19,0.24,C3'-endo
62,63,0.53,C,C,C,0,1,0,0,0,),19,1,cWW,cW-W,5.05,2.81,1.06,1.36,3.78,4.95,5.12,3.59,BI,anti,A,4.30,4.61,2.81,3.57,3.01,3.56,3.60,3.88,0.14,5.77,0.67,5.67,0.29,38.56,0.12,C3'-endo
63,64,0.53,G,G,G,0,0,1,0,0,),18,1,cWW,cW-W,4.92,2.86,1.30,1.46,3.80,5.10,4.98,3.34,BI,anti,A,4.62,4.63,3.04,3.93,3.21,3.94,3.72,4.67,0.12,5.82,0.59,5.74,0.27,34.27,0.13,C3'-endo
64,65,0.54,U,U,U,0,0,0,1,0,),17,1,cWW,cW-W,4.92,2.92,1.18,1.44,4.12,4.96,5.44,3.58,..,anti,.,4.08,4.61,2.97,4.01,3.30,4.14,4.31,4.71,0.08,5.84,0.62,5.69,0.33,36.24,0.20,C3'-endo
65,66,0.55,A,A,A,1,0,0,0,0,.,67,1,cSH,cm+M,5.36,3.42,1.41,2.51,4.68,2.55,2.14,4.99,BII,anti,.,-1.09,1.18,4.23,2.31,4.58,1.96,4.78,2.14,6.11,0.49,5.68,0.52,6.06,34.72,3.19,C3'-exo
66,67,0.56,G,G,G,0,0,1,0,0,),16,1,cWW,cW-W,3.02,2.83,0.98,1.43,3.98,5.05,5.21,3.28,BI,anti,A,4.48,4.67,1.97,4.04,1.79,4.05,2.18,4.86,0.09,5.79,0.67,5.64,0.35,39.37,0.19,C3'-endo
67,68,0.57,C,C,C,0,1,0,0,0,),"15,65",2,"cWW,cHS","cW-W,cM+m",5.04,2.84,1.07,1.35,3.59,4.95,4.92,3.50,BI,anti,.,4.46,4.56,2.69,3.53,3.06,3.53,4.27,3.79,0.05,5.83,0.65,5.64,0.37,38.44,0.25,C3'-endo
68,69,0.58,G,G,G,0,0,1,0,0,.,"12,106",2,"tSS,tH.","tm+m,tM-.",5.08,2.99,1.23,1.39,3.99,5.25,5.03,3.31,BI,anti,.,4.55,4.71,3.15,4.09,3.28,4.15,3.71,5.03,0.13,5.72,0.76,5.59,0.36,43.92,0.15,C3'-endo
69,70,0.58,C,C,C,0,1,0,0,0,(,105,1,cWW,cW-W,5.08,2.85,1.19,1.40,3.64,5.09,4.83,3.40,BI,anti,A,4.67,4.64,2.88,3.79,3.37,3.83,4.70,4.41,0.16,5.74,0.68,5.67,0.29,39.30,0.10,C3'-endo
70,71,0.59,C,C,C,0,1,0,0,0,(,104,1,cWW,cW-W,4.97,3.04,1.17,1.43,3.82,5.28,4.83,3.47,BI,anti,.,4.31,4.56,3.05,4.15,3.34,4.15,4.16,5.00,0.16,5.78,0.62,5.74,0.24,35.50,0.06,C3'-endo
71,72,0.60,G,G,G,0,0,1,0,0,.,103,1,tSH,tm-M,5.06,3.10,0.83,1.43,3.66,4.88,5.06,3.56,BI,anti,.,4.53,4.64,2.78,3.02,3.17,2.80,4.41,2.66,0.20,5.76,0.62,5.75,0.21,35.79,0.01,C3'-endo
72,73,0.61,A,A,A,1,0,0,0,0,.,102,1,tHW,tM-W,4.55,1.28,3.08,1.54,4.24,5.39,5.13,3.18,..,anti,.,4.55,4.71,3.71,3.45,3.27,3.80,2.92,4.98,0.20,5.76,0.63,5.76,0.20,36.15,6.28,C2'-exo
73,74,0.62,U,U,U,0,0,0,1,0,.,101,1,t.W,t.-W,5.06,2.91,0.95,1.40,3.97,5.06,5.19,3.69,BI,anti,A,3.95,4.67,2.65,3.92,3.26,3.91,4.70,4.49,0.09,5.80,0.67,5.65,0.35,39.19,0.20,C3'-endo
74,75,0.63,G,G,G,0,0,1,0,0,.,100,1,c.W,c.-W,4.98,2.81,1.11,1.36,3.74,5.10,4.92,3.43,BI,anti,A,4.72,4.68,2.74,3.80,3.06,3.82,3.96,4.62,0.11,5.77,0.68,5.64,0.34,39.71,0.17,C3'-endo
75,76,0.64,G,G,G,0,0,1,0,0,.,99,1,tWH,tW-M,5.15,2.95,1.02,1.45,3.66,5.02,4.93,3.43,BI,anti,A,4.36,4.52,2.91,3.74,3.28,3.71,4.42,4.05,0.14,5.84,0.57,5.78,0.23,32.69,0.09,C3'-endo
76,77,0.64,U,U,U,0,0,0,1,0,.,98,1,tWH,tW-M,5.08,2.94,1.06,1.34,3.74,5.06,4.97,3.56,BI,anti,.,4.21,4.63,2.88,3.79,3.08,3.77,3.70,4.23,0.07,5.77,0.73,5.57,0.40,42.84,0.23,C3'-endo
77,78,0.65,A,A,A,1,0,0,0,0,.,97,1,tHS,tM-m,5.21,3.03,0.84,1.07,0.78,2.19,4.87,3.06,..,anti,.,4.72,4.13,3.33,4.04,3.48,4.24,4.17,5.15,0.13,5.64,0.90,5.45,0.44,52.24,0.18,C3'-endo
78,79,0.66,G,G,G,0,0,1,0,0,(,96,1,cWW,cW-W,4.88,2.03,0.86,1.33,3.61,5.19,4.71,3.72,BI,anti,.,3.98,4.58,2.76,4.01,3.39,3.90,4.59,4.52,6.25,5.88,0.65,5.60,0.46,39.89,0.37,C3'-endo
79,80,0.67,U,U,U,0,0,0,1,0,(,95,1,cWW,cW-W,5.09,2.90,1.05,1.42,3.33,4.74,4.87,3.65,BI,anti,.,4.49,4.30,2.84,3.20,3.22,3.22,4.24,3.45,0.02,5.95,0.49,5.79,0.30,29.28,0.28,C3'-endo
80,81,0.68,G,G,G,0,0,1,0,0,(,94,1,cWW,cW-W,5.09,3.30,0.96,1.44,3.95,5.16,5.07,3.33,BI,anti,A,4.54,4.75,3.23,4.03,3.13,4.10,3.30,4.85,0.21,5.73,0.67,5.72,0.23,38.14,0.01,C3'-endo
81,82,0.69,U,U,U,0,0,0,1,0,(,93,1,cWW,cW-W,5.25,2.99,0.76,1.37,3.78,5.06,5.00,3.52,BI,anti,A,4.53,4.69,2.80,3.77,3.16,3.81,4.24,4.44,0.13,5.75,0.69,5.64,0.32,40.16,0.15,C3'-endo
82,83,0.69,G,G,G,0,0,1,0,0,(,92,1,cWW,cW-W,4.80,2.83,1.34,1.35,3.84,4.96,5.17,3.33,BI,anti,A,4.77,4.72,2.82,3.73,3.10,3.67,4.01,3.99,0.18,5.75,0.65,5.71,0.25,37.12,0.05,C3'-endo
83,84,0.70,G,G,G,0,0,1,0,0,(,91,1,cWW,cW-W,5.03,2.83,1.18,1.36,3.68,5.03,4.94,3.28,BI,anti,A,4.70,4.69,2.86,3.71,3.11,3.71,3.79,4.16,0.14,5.76,0.68,5.67,0.30,38.94,0.11,C3'-endo
84,85,0.71,G,G,G,0,0,1,0,0,(,90,1,cWW,cW-W,5.02,2.95,1.18,1.34,3.64,4.96,4.96,3.32,BI,anti,A,4.48,4.59,2.95,3.61,3.21,3.57,3.97,3.76,0.04,5.85,0.63,5.65,0.37,37.46,0.27,C3'-endo
85,86,0.72,G,G,G,0,0,1,0,0,(,89,1,cWW,cW-W,4.94,2.85,1.32,1.37,4.04,4.57,5.76,3.24,..,anti,.,4.61,4.70,3.01,3.53,3.15,3.08,3.56,1.99,0.07,5.80,0.70,5.60,0.38,41.01,0.23,C3'-endo
86,87,0.73,U,U,U,0,0,0,1,0,.,,0,,,3.65,2.71,1.11,1.38,3.96,5.72,4.53,4.83,..,anti,.,-0.30,4.58,1.47,4.88,1.57,5.00,0.90,5.65,6.28,5.88,0.62,5.65,0.40,37.49,0.32,C3'-endo
87,88,0.74,C,C,C,0,1,0,0,0,.,,0,,,4.25,4.57,1.42,2.44,3.53,2.52,1.01,3.50,..,anti,.,2.10,2.16,3.26,2.33,3.95,1.36,4.04,6.06,6.17,0.43,5.71,0.52,6.02,32.90,3.27,C3'-exo
88,89,0.75,U,U,U,0,0,0,1,0,.,,0,,,2.88,2.89,0.48,2.50,3.96,4.83,5.41,4.31,BI,anti,.,1.68,1.87,0.85,5.37,1.38,5.11,2.59,5.64,6.10,0.49,5.69,0.51,6.08,33.90,3.17,C3'-exo
89,90,0.75,C,C,C,0,1,0,0,0,),85,1,cWW,cW-W,2.74,3.81,2.92,1.47,3.40,4.97,4.72,3.41,BI,anti,A,4.33,4.48,2.62,3.89,3.58,3.64,4.33,3.73,0.30,5.76,0.53,5.90,0.06,31.21,6.05,C2'-exo
90,91,0.76,C,C,C,0,1,0,0,0,),84,1,cWW,cW-W,2.77,3.58,2.98,1.48,3.77,4.96,5.09,3.45,BI,anti,A,4.41,4.63,2.91,3.42,3.22,3.45,3.74,3.91,0.24,5.69,0.70,5.70,0.22,40.10,6.26,C2'-exo
91,92,0.77,C,C,C,0,1,0,0,0,),83,1,cWW,cW-W,5.15,2.87,1.12,1.40,3.88,4.87,5.30,3.43,BI,anti,A,4.28,4.63,3.09,3.71,3.32,3.72,3.95,4.12,0.18,5.77,0.63,5.73,0.23,36.01,0.04,C3'-endo
92,93,0.78,C,C,C,0,1,0,0,0,),82,1,cWW,cW-W,5.14,2.81,1.04,1.35,3.83,4.90,5.22,3.48,BI,anti,A,4.25,4.62,2.95,3.68,3.16,3.69,3.80,4.04,0.13,5.76,0.68,5.65,0.31,39.58,0.14,C3'-endo
93,94,0.79,A,A,A,1,0,0,0,0,),81,1,cWW,cW-W,4.96,3.10,0.99,1.41,3.89,5.07,5.11,3.46,BI,anti,A,4.44,4.73,2.88,3.94,3.00,3.98,3.54,4.77,0.14,5.73,0.72,5.63,0.33,41.40,0.13,C3'-endo
94,95,0.80,U,U,U,0,0,0,1,0,),80,1,cWW,cW-W,5.05,2.84,1.08,1.36,3.59,5.00,4.87,3.47,BI,anti,A,4.59,4.61,2.76,3.61,3.13,3.57,4.29,3.70,0.17,5.75,0.66,5.70,0.26,37.84,0.07,C3'-endo
95,96,0.81,G,G,G,0,0,1,0,0,),79,1,cWW,cW-W,4.87,3.11,1.08,1.38,3.54,5.13,4.69,3.56,BI,anti,.,4.68,4.62,2.82,3.76,2.94,3.80,3.33,4.26,0.14,5.71,0.74,5.60,0.35,42.71,0.14,C3'-endo
96,97,0.81,C,C,C,0,1,0,0,0,),78,1,cWW,cW-W,4.93,3.18,1.23,1.40,3.63,5.34,4.58,3.32,BI,anti,.,4.50,4.51,3.09,3.99,3.32,4.00,4.00,4.89,0.01,5.88,0.61,5.67,0.39,36.57,0.30,C3'-endo
97,98,0.82,G,G,G,0,0,1,0,0,.,77,1,tSH,tm-M,4.82,2.95,1.23,1.52,3.56,3.86,5.99,3.47,..,anti,.,4.53,4.38,2.85,2.92,3.29,2.57,4.56,2.44,0.03,5.95,0.49,5.79,0.30,29.25,0.27,C3'-endo
98,99,0.83,A,A,A,1,0,0,0,0,.,"0,76",2,"tWS,tHW","tW+m,tM-W",1.06,4.33,4.54,1.52,3.92,5.27,4.94,3.28,BI,anti,.,4.66,4.71,3.69,3.21,3.27,3.53,3.00,4.68,0.23,5.79,0.55,5.85,0.14,31.78,6.19,C2'-exo
99,100,0.84,G,G,G,0,0,1,0,0,.,75,1,tHW,tM-W,4.97,2.99,1.03,1.46,3.75,5.27,4.76,3.36,BI,anti,.,4.62,4.66,2.72,4.12,3.23,4.16,4.65,5.13,0.23,5.75,0.61,5.79,0.17,34.84,6.23,C2'-exo
100,101,0.85,A,A,A,1,0,0,0,0,.,74,1,cW.,cW-.,4.93,2.99,1.07,1.44,3.79,5.22,4.86,3.40,BI,anti,A,4.46,4.67,2.81,4.07,3.26,4.04,4.65,4.76,0.21,5.75,0.63,5.76,0.20,35.91,6.27,C2'-exo
101,102,0.86,G,G,G,0,0,1,0,0,.,73,1,tW.,tW-.,4.98,2.98,1.02,1.43,3.67,5.00,4.95,3.40,BI,anti,.,4.63,4.68,2.71,3.73,3.09,3.72,4.30,3.91,0.27,5.65,0.73,5.70,0.20,41.60,6.23,C2'-exo
102,103,0.86,U,U,U,0,0,0,1,0,.,72,1,tWH,tW-M,5.22,3.09,0.97,1.30,3.55,5.03,4.81,3.39,BI,anti,A,4.78,4.60,3.05,3.53,3.23,3.60,3.67,4.04,0.03,5.83,0.67,5.60,0.41,40.23,0.29,C3'-endo
103,104,0.87,A,A,A,1,0,0,0,0,.,71,1,tHS,tM-m,4.98,2.93,1.23,1.37,4.10,5.29,5.09,3.26,..,anti,.,4.69,4.76,3.11,4.28,3.23,4.38,3.81,5.13,0.10,5.75,0.73,5.59,0.38,42.66,0.19,C3'-endo
104,105,0.88,G,G,G,0,0,1,0,0,),70,1,cWW,cW-W,5.03,2.80,1.26,1.38,3.59,5.09,4.79,3.34,BI,anti,.,4.87,4.70,2.80,3.64,3.37,3.60,4.68,3.83,0.16,5.71,0.73,5.63,0.32,42.28,0.10,C3'-endo
105,106,0.89,G,G,G,0,0,1,0,0,),"13,69",2,"tSS,cWW","tm+m,cW-W",5.00,2.96,1.32,1.43,3.93,5.17,5.04,3.25,BI,anti,.,4.86,4.75,3.19,4.03,3.37,4.09,3.86,4.99,0.18,5.71,0.71,5.67,0.28,40.63,0.06,C3'-endo
106,107,0.90,G,G,G,0,0,1,0,0,.,68,1,t.H,t.-M,5.08,2.87,1.08,1.40,3.89,4.66,5.51,3.44,BI,anti,.,4.78,4.76,2.91,3.41,3.35,3.64,4.63,3.79,0.19,5.74,0.67,5.71,0.25,38.30,0.04,C3'-endo
107,108,0.91,A,A,A,1,0,0,0,0,.,16,1,tSW,tm+W,5.40,3.51,1.22,2.61,4.36,0.84,3.51,4.92,..,anti,.,0.86,1.45,4.08,0.97,4.21,0.70,3.92,1.22,6.12,0.53,5.62,0.59,6.01,38.08,3.23,C3'-exo
108,109,0.92,A,A,A,1,0,0,0,0,.,10,1,cW.,cW-.,3.56,2.88,3.04,1.51,3.96,5.01,5.24,3.44,BI,anti,A,4.61,4.77,3.84,3.35,4.13,3.53,4.08,4.31,0.21,5.72,0.67,5.71,0.23,38.68,0.02,C3'-endo
109,110,0.92,C,C,C,0,1,0,0,0,),9,1,cWW,cW-W,5.08,2.77,1.19,1.41,3.77,5.08,4.97,3.45,BI,anti,A,4.49,4.61,2.93,3.87,3.30,3.86,4.28,4.40,0.15,5.77,0.66,5.69,0.28,37.80,0.10,C3'-endo
110,111,0.93,U,U,U,0,0,0,1,0,),8,1,cWW,cW-W,5.01,2.97,1.07,1.43,3.34,4.87,4.75,3.57,BI,anti,.,4.41,4.34,2.85,3.41,3.18,3.37,4.05,3.51,0.01,5.93,0.53,5.74,0.34,31.94,0.32,C3'-endo
111,112,0.94,G,G,G,0,0,1,0,0,),7,1,cWW,cW-W,4.95,3.22,1.06,1.41,3.66,4.99,4.96,3.46,BI,anti,A,4.47,4.55,3.04,3.64,3.08,3.65,3.33,4.01,0.08,5.87,0.56,5.75,0.29,32.77,0.19,C3'-endo
112,113,0.95,C,C,C,0,1,0,0,0,),6,1,cWW,cW-W,5.08,3.03,1.01,1.38,3.76,4.95,5.09,3.60,BI,anti,A,4.12,4.60,3.00,3.69,3.18,3.67,3.71,4.12,0.08,5.85,0.60,5.71,0.32,35.18,0.21,C3'-endo
113,114,0.96,C,C,C,0,1,0,0,0,),5,1,cWW,cW-W,5.02,2.82,1.13,1.38,3.68,5.04,4.91,3.56,BI,anti,A,4.33,4.63,2.78,3.83,3.05,3.76,3.78,4.13,0.14,5.75,0.68,5.66,0.31,39.35,0.12,C3'-endo
114,115,0.97,A,A,A,1,0,0,0,0,),4,1,cWW,cW-W,5.02,3.00,1.09,1.35,3.79,4.91,5.16,3.42,BI,anti,A,4.67,4.67,2.85,3.63,3.10,3.66,3.81,4.10,0.12,5.75,0.72,5.62,0.34,41.80,0.16,C3'-endo
115,116,0.97,G,G,G,0,0,1,0,0,),3,1,cWW,cW-W,5.07,2.88,1.17,1.39,3.97,4.75,5.50,3.31,BI,anti,A,4.89,4.73,3.03,3.62,3.20,3.67,3.85,4.16,0.12,5.78,0.66,5.68,0.30,38.12,0.14,C3'-endo
116,117,0.98,G,G,G,0,0,1,0,0,),2,1,cWW,cW-W,5.09,2.73,1.16,1.44,3.73,4.95,5.07,3.39,BI,anti,A,4.52,4.61,2.97,3.81,3.19,3.78,3.88,4.19,0.11,5.81,0.62,5.70,0.30,36.23,0.16,C3'-endo
117,118,0.99,C,C,C,0,1,0,0,0,),1,1,cWW,cW-W,5.11,2.87,1.04,1.41,3.60,5.29,4.59,3.60,BI,anti,.,4.38,4.58,2.81,4.09,3.08,3.99,3.83,4.13,0.11,5.77,0.68,5.65,0.33,39.36,0.16,C3'-endo
118,119,1.00,A,A,A,1,0,0,0,0,.,,0,,,4.65,3.88,0.47,1.30,,,,3.48,n/a,anti,-,,,,,,,,,6.17,5.93,0.65,5.55,0.53,41.77,0.48,C3'-endo
