index_chain,old_nt_resnum,nt_position,nt_name,nt_code,nt_align_code,is_A,is_C,is_G,is_U,is_other,dbn,paired,nb_interact,pair_type_LW,pair_type_DSSR,alpha,beta,gamma,delta,epsilon,zeta,epsilon_zeta,chi,bb_type,glyco_bond,form,ssZp,Dp,eta,theta,eta_prime,theta_prime,eta_base,theta_base,v0,v1,v2,v3,v4,amplitude,phase_angle,puckering
1,1,0.01,U,U,U,0,0,0,1,0,(,119,1,cWW,cW-W,,,5.18,1.46,3.93,4.26,5.96,3.12,..,anti,.,4.13,4.42,,,,,,,6.27,5.90,0.61,5.64,0.41,37.26,0.34,C3'-endo
2,2,0.02,G,G,G,0,0,1,0,0,(,118,1,cWW,cW-W,5.37,2.43,0.96,1.46,3.92,4.71,5.49,3.38,BI,anti,A,4.57,4.75,2.96,3.80,3.08,3.74,3.51,4.10,0.13,5.78,0.67,5.67,0.31,38.78,0.14,C3'-endo
3,3,0.03,C,C,C,0,1,0,0,0,(,117,1,cWW,cW-W,5.15,2.77,1.07,1.45,3.01,0.76,2.26,3.19,..,anti,.,4.14,4.30,2.82,4.89,3.16,4.38,3.93,4.55,0.13,5.79,0.65,5.68,0.30,37.85,0.14,C3'-endo
4,4,0.03,C,C,C,0,1,0,0,0,(,116,1,cWW,cW-W,5.12,4.57,5.11,1.55,3.99,4.76,5.51,3.62,BI,anti,.,3.99,4.68,2.54,2.74,2.83,3.10,3.54,3.90,0.20,5.76,0.62,5.76,0.21,35.58,0.01,C3'-endo
5,5,0.04,U,U,U,0,0,0,1,0,(,115,1,cWW,cW-W,5.41,2.52,0.91,1.41,3.48,5.10,4.67,3.55,BI,anti,A,4.34,4.52,2.74,3.79,3.14,3.67,4.00,3.90,0.03,5.85,0.65,5.63,0.39,38.75,0.28,C3'-endo
6,6,0.05,G,G,G,0,0,1,0,0,(,114,1,cWW,cW-W,5.11,3.12,0.87,1.38,3.57,4.96,4.89,3.47,BI,anti,A,4.45,4.57,2.90,3.58,3.09,3.62,3.64,4.01,6.27,5.87,0.66,5.60,0.43,39.88,0.34,C3'-endo
7,7,0.06,G,G,G,0,0,1,0,0,(,113,1,cWW,cW-W,5.22,3.01,0.92,1.42,3.72,5.01,4.99,3.44,BI,anti,A,4.40,4.58,3.00,3.79,3.17,3.82,3.74,4.38,0.02,5.86,0.64,5.63,0.40,38.62,0.30,C3'-endo
8,8,0.07,C,C,C,0,1,0,0,0,(,112,1,cWW,cW-W,5.18,2.99,0.91,1.39,3.42,4.94,4.76,3.53,BI,anti,.,4.34,4.49,2.86,3.97,3.15,3.76,3.99,3.87,0.01,5.86,0.65,5.62,0.41,39.21,0.31,C3'-endo
9,9,0.07,G,G,G,0,0,1,0,0,.,111,1,cWW,cW-W,2.68,3.39,3.13,1.44,3.83,4.90,5.21,3.11,BI,anti,A,4.72,4.69,2.90,3.25,3.07,3.38,3.51,3.93,0.08,5.81,0.67,5.64,0.35,39.09,0.21,C3'-endo
10,10,0.08,G,G,G,0,0,1,0,0,(,110,1,cWW,cW-W,5.16,2.89,1.03,1.44,3.65,5.48,4.46,3.15,BI,anti,.,4.51,4.61,2.91,4.25,3.19,4.23,3.97,4.88,0.04,5.84,0.67,5.62,0.40,39.74,0.27,C3'-endo
11,11,0.09,C,C,C,0,1,0,0,0,.,109,1,cWW,cW-W,4.84,3.49,0.93,1.40,3.49,5.26,4.51,3.43,BI,anti,.,4.37,4.47,2.89,4.25,3.28,4.17,4.35,4.95,6.27,5.88,0.64,5.62,0.43,38.98,0.34,C3'-endo
12,12,0.10,C,C,C,0,1,0,0,0,.,15,1,tSW,tm+W,2.85,3.34,3.05,1.45,3.26,4.87,4.68,3.79,BI,anti,.,3.91,4.39,2.99,2.79,3.40,2.68,4.51,2.76,0.04,5.84,0.64,5.65,0.37,38.15,0.26,C3'-endo
13,13,0.11,G,G,G,0,0,1,0,0,.,,0,,,5.11,2.60,3.12,1.44,4.18,4.73,5.73,4.19,..,anti,.,1.93,4.63,5.05,3.50,4.80,3.10,4.49,2.91,0.01,5.87,0.64,5.63,0.40,38.36,0.31,C3'-endo
14,14,0.12,U,U,U,0,0,0,1,0,.,,0,,,1.32,3.31,1.06,2.61,4.08,5.32,5.04,3.66,..,anti,.,1.68,1.65,5.46,5.64,6.18,5.20,6.08,5.64,6.05,0.54,5.67,0.49,6.12,35.25,3.08,C2'-endo
15,15,0.12,A,A,A,1,0,0,0,0,.,12,1,tWS,tW+m,4.22,3.52,1.02,2.59,4.18,5.56,4.90,3.40,..,anti,.,0.95,1.38,2.28,5.80,3.31,5.47,4.05,5.90,5.91,0.64,5.64,0.45,6.23,38.14,2.89,C2'-endo
16,16,0.13,G,G,G,0,0,1,0,0,(,68,1,cWW,cW-W,4.52,3.46,0.98,1.51,3.55,4.59,5.25,3.47,BI,anti,A,4.30,4.50,2.44,4.06,3.29,3.98,3.99,4.52,0.10,5.82,0.62,5.70,0.31,36.26,0.17,C3'-endo
17,17,0.14,C,C,C,0,1,0,0,0,(,67,1,cWW,cW-W,2.60,4.02,2.88,1.44,3.95,4.07,6.16,3.02,..,anti,A,4.73,4.69,2.74,3.61,3.14,3.62,4.09,4.15,0.07,5.83,0.65,5.65,0.35,38.32,0.22,C3'-endo
18,18,0.15,G,G,G,0,0,1,0,0,(,65,1,cWW,cW-W,0.53,2.02,0.03,1.45,3.48,5.30,4.47,3.42,BI,anti,A,4.45,4.53,2.91,4.03,3.09,4.06,3.84,4.70,0.06,5.83,0.65,5.65,0.36,38.21,0.24,C3'-endo
19,19,0.16,C,C,C,0,1,0,0,0,(,64,1,cWW,cW-W,4.93,3.21,1.00,1.42,3.68,4.88,5.08,3.47,BI,anti,A,4.47,4.62,2.90,3.61,3.22,3.61,4.21,3.89,0.03,5.84,0.66,5.62,0.40,39.40,0.28,C3'-endo
20,20,0.17,G,G,G,0,0,1,0,0,(,63,1,cWW,cW-W,4.98,3.00,0.99,1.43,3.50,5.17,4.61,3.35,BI,anti,A,4.60,4.58,2.76,3.79,2.95,3.78,3.48,4.12,0.04,5.84,0.66,5.63,0.39,39.15,0.27,C3'-endo
21,21,0.17,G,G,G,0,0,1,0,0,(,62,1,cWW,cW-W,5.03,3.28,0.96,1.42,3.51,5.18,4.61,3.41,BI,anti,A,4.27,4.44,3.01,3.79,3.23,3.85,3.83,4.61,6.25,5.89,0.64,5.61,0.44,39.03,0.37,C3'-endo
22,22,0.18,U,U,U,0,0,0,1,0,(,61,1,cWW,cW-W,5.16,3.05,0.96,1.44,3.38,4.92,4.74,3.56,BI,anti,.,4.16,4.41,2.97,3.47,3.33,3.44,4.36,3.50,0.04,5.85,0.64,5.65,0.37,37.78,0.26,C3'-endo
23,23,0.19,G,G,G,0,0,1,0,0,(,60,1,cWW,cW-W,5.06,3.18,0.89,1.45,4.17,3.92,0.25,3.57,..,anti,.,3.91,4.66,3.09,3.21,3.11,3.50,3.24,3.40,0.05,5.84,0.64,5.65,0.37,38.17,0.26,C3'-endo
24,24,0.20,G,G,G,0,0,1,0,0,.,"27,59",2,"tSW,cWW","tm+W,cW-W",5.63,2.36,0.94,2.52,3.84,1.27,2.57,4.15,..,anti,.,2.60,1.98,3.04,1.77,3.49,1.42,3.31,1.61,5.88,0.64,5.66,0.41,6.27,37.68,2.83,C2'-endo
25,25,0.21,U,U,U,0,0,0,1,0,.,,0,,,3.13,4.39,1.15,1.49,3.65,5.35,4.58,3.25,BI,anti,.,4.46,4.53,2.56,4.84,2.41,4.71,2.24,5.45,0.06,5.85,0.62,5.68,0.34,36.67,0.23,C3'-endo
26,26,0.22,C,C,C,0,1,0,0,0,.,,0,,,2.64,3.46,3.04,1.46,4.24,5.23,5.29,3.32,..,anti,.,4.30,4.54,2.82,3.95,3.32,4.07,4.59,5.16,0.01,5.88,0.62,5.65,0.40,37.42,0.32,C3'-endo
27,27,0.23,C,C,C,0,1,0,0,0,.,24,1,tWS,tW+m,5.07,2.88,0.95,1.45,3.66,5.07,4.87,3.82,BI,anti,.,3.76,4.54,2.58,3.84,3.17,3.84,4.56,4.44,0.02,5.87,0.63,5.65,0.39,37.79,0.29,C3'-endo
28,28,0.23,C,C,C,0,1,0,0,0,(,56,1,cWW,cW-W,5.09,2.91,1.05,1.43,3.58,4.95,4.92,3.57,BI,anti,A,4.19,4.58,2.86,3.67,3.20,3.62,4.11,3.93,0.06,5.82,0.67,5.63,0.38,39.58,0.24,C3'-endo
29,29,0.24,A,A,A,1,0,0,0,0,(,"55,58",2,"cWW,cSW","cW-W,cm-W",5.01,3.02,0.98,1.47,3.72,5.01,4.99,3.51,BI,anti,A,4.33,4.62,2.86,3.85,3.04,3.86,3.61,4.45,0.07,5.83,0.65,5.66,0.35,38.06,0.22,C3'-endo
30,30,0.25,C,C,C,0,1,0,0,0,(,"52,54",2,"cWW,cWW","cW-W,cW-W",5.20,2.81,1.05,1.46,3.66,5.34,4.60,3.38,BI,anti,.,4.43,4.54,2.91,4.14,3.27,4.17,4.19,4.89,0.02,5.86,0.64,5.63,0.40,38.49,0.30,C3'-endo
31,31,0.26,C,C,C,0,1,0,0,0,(,"51,53",2,"cWW,tSW","cW-W,tm-W",5.00,3.15,1.04,1.52,3.53,5.05,4.77,3.07,BI,anti,.,4.31,4.48,2.94,3.80,3.44,3.83,4.62,4.03,0.12,5.81,0.63,5.70,0.29,36.64,0.14,C3'-endo
32,32,0.27,U,U,U,0,0,0,1,0,(,50,1,cWW,cW-W,4.74,3.58,0.96,1.47,3.79,4.98,5.09,3.51,BI,anti,A,4.35,4.66,3.02,3.81,3.10,3.84,3.45,4.29,0.10,5.81,0.65,5.67,0.33,37.84,0.18,C3'-endo
33,33,0.28,G,G,G,0,0,1,0,0,(,49,1,cWW,cW-W,4.89,2.80,1.22,1.45,3.59,5.21,4.66,3.28,BI,anti,A,4.47,4.55,2.76,3.93,3.07,3.88,3.83,4.33,0.03,5.84,0.66,5.63,0.39,39.11,0.28,C3'-endo
34,34,0.28,A,A,A,1,0,0,0,0,(,"37,48",2,"cSH,cWW","cm+M,cW-W",5.14,3.14,0.97,1.49,4.18,2.83,1.36,3.52,BII,anti,.,3.74,4.26,3.19,2.17,3.45,2.00,4.14,1.67,6.18,5.98,0.58,5.62,0.48,37.52,0.49,C3'-endo
35,35,0.29,C,C,C,0,1,0,0,0,.,,0,,,5.58,2.33,5.37,1.49,3.56,5.22,4.62,3.80,BI,anti,.,3.88,4.58,1.89,3.53,1.68,3.78,1.64,4.61,0.07,5.82,0.66,5.64,0.36,38.97,0.23,C3'-endo
36,36,0.30,C,C,C,0,1,0,0,0,.,,0,,,5.27,2.98,1.03,1.44,3.78,5.33,4.74,3.79,BI,anti,.,3.79,4.63,3.13,4.16,3.50,4.17,4.37,4.64,0.03,5.85,0.65,5.64,0.39,38.66,0.28,C3'-endo
37,37,0.31,C,C,C,0,1,0,0,0,.,"34,48",2,"cHS,cWS","cM+m,cW-m",4.98,3.50,0.79,1.39,4.15,5.28,5.16,3.57,..,anti,.,4.07,4.68,3.01,4.32,3.27,4.51,3.90,5.50,0.01,5.86,0.65,5.62,0.41,39.05,0.30,C3'-endo
38,38,0.32,C,C,C,0,1,0,0,0,(,44,1,cWW,cW-W,5.25,2.92,0.91,1.40,3.57,5.02,4.84,3.87,BI,anti,A,3.69,4.55,2.73,3.68,3.31,3.63,4.58,3.84,0.00,5.87,0.65,5.61,0.42,39.37,0.32,C3'-endo
39,39,0.33,A,A,A,1,0,0,0,0,.,46,1,cSW,cm-W,5.15,2.98,0.90,1.39,3.61,4.16,5.74,3.57,BI,anti,.,4.30,4.54,2.86,2.96,3.05,3.15,3.49,2.90,6.25,5.89,0.65,5.60,0.46,39.89,0.38,C3'-endo
40,40,0.33,U,U,U,0,0,0,1,0,.,45,1,tSH,tm-M,5.56,2.49,1.17,2.58,3.68,0.13,3.55,4.32,..,anti,.,1.80,1.82,3.09,0.03,3.66,5.54,3.26,4.42,5.94,0.61,5.65,0.45,6.21,36.85,2.93,C2'-endo
41,41,0.34,G,G,G,0,0,1,0,0,.,,0,,,4.43,2.86,3.03,1.44,3.61,1.61,2.00,0.37,..,syn,.,-4.30,4.50,4.51,0.02,5.24,5.80,0.45,5.24,0.00,5.88,0.63,5.63,0.41,38.19,0.32,C3'-endo
42,42,0.35,C,C,C,0,1,0,0,0,.,,0,,,0.97,2.78,3.04,1.47,4.56,4.17,0.39,3.63,..,anti,.,3.28,4.10,1.50,2.95,1.95,3.22,2.68,4.12,6.09,6.05,0.55,5.60,0.55,38.69,0.61,C3'-endo
43,43,0.36,C,C,C,0,1,0,0,0,.,,0,,,5.35,2.11,1.00,1.46,3.41,5.45,4.24,3.82,BI,anti,.,3.79,4.44,2.59,4.50,3.03,4.11,4.00,4.71,0.03,5.86,0.63,5.65,0.38,37.68,0.28,C3'-endo
44,44,0.37,G,G,G,0,0,1,0,0,),"38,47",2,"cWW,tSW","cW-W,tm+W",4.14,4.37,2.94,2.61,4.13,1.73,2.40,4.67,..,anti,.,0.92,1.32,4.99,1.69,5.74,1.03,5.08,1.16,5.99,0.59,5.64,0.49,6.16,36.95,3.00,C2'-endo
45,45,0.38,A,A,A,1,0,0,0,0,.,40,1,tHS,tM-m,3.08,3.73,0.95,1.41,3.71,5.37,4.63,3.37,BI,anti,.,4.36,4.45,2.03,4.09,1.90,4.22,1.96,5.33,6.18,5.96,0.61,5.60,0.50,39.31,0.48,C3'-endo
46,46,0.38,A,A,A,1,0,0,0,0,.,39,1,cWS,cW-m,4.95,3.09,0.93,1.47,3.83,5.15,4.96,3.56,BI,anti,.,4.18,4.59,2.78,4.06,3.24,4.11,4.63,5.01,0.04,5.86,0.63,5.66,0.36,37.15,0.26,C3'-endo
47,47,0.39,C,C,C,0,1,0,0,0,.,44,1,tWS,tW+m,5.07,3.02,0.92,1.47,4.04,4.80,5.52,3.78,..,anti,.,3.61,4.64,2.89,3.89,3.25,3.94,4.37,4.49,0.06,5.84,0.63,5.67,0.34,36.83,0.23,C3'-endo
48,48,0.40,U,U,U,0,0,0,1,0,),"34,37",2,"cWW,cSW","cW-W,cm-W",5.13,2.80,0.95,1.45,3.43,5.02,4.69,3.53,BI,anti,A,4.37,4.54,2.70,3.68,3.05,3.60,3.87,3.79,0.09,5.81,0.66,5.65,0.34,38.80,0.20,C3'-endo
49,49,0.41,C,C,C,0,1,0,0,0,),33,1,cWW,cW-W,5.24,3.03,0.93,1.43,3.46,5.13,4.61,3.46,BI,anti,A,4.32,4.46,3.02,3.73,3.23,3.75,3.70,4.19,0.03,5.85,0.64,5.64,0.39,38.36,0.28,C3'-endo
50,50,0.42,A,A,A,1,0,0,0,0,),32,1,cWW,cW-W,4.81,3.46,0.84,1.44,3.41,4.94,4.75,3.68,BI,anti,.,4.13,4.54,2.81,4.09,2.98,4.01,3.64,4.18,0.10,5.81,0.66,5.66,0.33,38.32,0.18,C3'-endo
51,51,0.42,G,G,G,0,0,1,0,0,),31,1,cWW,cW-W,2.48,3.80,3.34,1.44,3.97,4.83,5.42,3.14,BI,anti,.,4.53,4.59,3.18,3.30,3.44,3.46,3.93,4.35,6.28,5.87,0.65,5.62,0.42,39.22,0.33,C3'-endo
52,52,0.43,A,A,A,1,0,0,0,0,.,30,1,cWW,cW-W,5.39,2.51,1.04,1.42,3.72,3.65,0.07,3.31,..,anti,.,4.61,4.65,2.86,2.48,3.30,2.41,4.50,2.04,0.04,5.83,0.68,5.61,0.40,40.18,0.27,C3'-endo
53,53,0.44,A,A,A,1,0,0,0,0,.,31,1,tWS,tW-m,5.09,2.38,0.91,1.44,4.01,5.19,5.11,3.94,BI,anti,.,3.15,4.75,2.85,4.35,2.72,4.31,2.31,4.83,0.07,5.81,0.67,5.64,0.36,39.39,0.22,C3'-endo
54,54,0.45,G,G,G,0,0,1,0,0,),30,1,cWW,cW-W,5.04,3.02,1.05,1.46,3.41,5.06,4.64,3.57,BI,anti,A,4.21,4.45,2.78,3.65,3.27,3.62,4.20,4.05,0.02,5.86,0.64,5.64,0.39,38.12,0.29,C3'-endo
55,55,0.46,U,U,U,0,0,0,1,0,),29,1,cWW,cW-W,5.10,3.07,1.00,1.46,3.61,4.85,5.05,3.54,BI,anti,A,4.20,4.53,3.01,3.62,3.24,3.75,3.89,4.11,0.05,5.85,0.64,5.66,0.36,37.65,0.25,C3'-endo
56,56,0.47,G,G,G,0,0,1,0,0,),"28,58",2,"cWW,cSH","cW-W,cm+M",5.35,2.94,1.08,2.61,4.48,1.95,2.53,4.03,..,anti,.,1.01,0.94,3.42,2.05,3.91,1.51,4.27,1.63,5.95,0.61,5.64,0.47,6.20,37.29,2.95,C2'-endo
57,57,0.47,A,A,A,1,0,0,0,0,.,,0,,,4.36,2.69,0.67,1.35,4.01,5.08,5.21,3.15,BI,anti,.,4.35,4.42,2.55,4.07,2.46,4.13,2.57,5.22,6.07,6.03,0.60,5.54,0.60,42.16,0.61,C3'-endo
58,58,0.48,A,A,A,1,0,0,0,0,.,"29,56",2,"cWS,cHS","cW-m,cM+m",5.03,2.93,0.91,1.46,3.83,5.13,4.99,3.55,BI,anti,.,4.25,4.63,2.67,4.04,3.06,4.08,4.45,4.85,0.05,5.85,0.64,5.66,0.36,37.68,0.25,C3'-endo
59,59,0.49,A,A,A,1,0,0,0,0,.,24,1,cWW,cW-W,5.04,3.07,0.93,1.48,3.68,5.18,4.78,3.47,BI,anti,.,4.32,4.59,2.82,3.99,3.18,4.03,4.26,4.84,0.09,5.82,0.64,5.68,0.32,37.51,0.18,C3'-endo
60,60,0.50,C,C,C,0,1,0,0,0,),23,1,cWW,cW-W,5.17,2.90,0.96,1.47,3.74,5.00,5.02,3.38,BI,anti,A,4.47,4.61,2.89,3.86,3.30,3.83,4.48,4.13,0.08,5.82,0.64,5.67,0.34,37.72,0.21,C3'-endo
61,61,0.51,G,G,G,0,0,1,0,0,),22,1,cWW,cW-W,5.04,2.99,0.98,1.43,3.51,5.15,4.65,3.36,BI,anti,A,4.44,4.48,2.80,3.78,3.08,3.78,3.71,4.46,6.26,5.89,0.64,5.61,0.44,39.14,0.36,C3'-endo
62,62,0.52,C,C,C,0,1,0,0,0,),21,1,cWW,cW-W,5.09,3.05,1.00,1.44,3.62,5.07,4.83,3.37,BI,anti,A,4.49,4.58,2.95,3.80,3.25,3.78,4.25,4.10,0.04,5.84,0.66,5.63,0.39,39.01,0.27,C3'-endo
63,63,0.53,C,C,C,0,1,0,0,0,),20,1,cWW,cW-W,4.84,3.27,0.98,1.40,3.55,4.94,4.89,3.57,BI,anti,A,4.36,4.56,2.81,3.56,3.01,3.58,3.57,3.88,6.28,5.87,0.66,5.61,0.43,39.71,0.33,C3'-endo
64,64,0.53,G,G,G,0,0,1,0,0,),19,1,cWW,cW-W,5.03,3.00,1.03,1.46,3.47,5.16,4.60,3.42,BI,anti,A,4.36,4.46,2.88,3.80,3.08,3.80,3.60,4.44,0.01,5.87,0.63,5.64,0.40,37.98,0.31,C3'-endo
65,65,0.54,U,U,U,0,0,0,1,0,),18,1,cWW,cW-W,5.08,3.08,1.01,1.52,3.86,5.29,4.86,3.48,BI,anti,.,4.14,4.48,3.07,4.17,3.35,4.31,4.24,5.11,0.05,5.87,0.60,5.69,0.35,35.61,0.26,C3'-endo
66,66,0.55,A,A,A,1,0,0,0,0,.,,0,,,5.15,3.88,1.19,1.70,5.27,1.43,3.84,4.84,..,anti,.,-2.03,4.48,4.29,2.32,4.47,1.93,4.78,1.89,0.35,5.68,0.62,5.85,0.06,36.32,6.05,C2'-exo
67,67,0.56,G,G,G,0,0,1,0,0,),17,1,cWW,cW-W,2.27,3.77,0.94,1.39,3.51,4.60,5.19,3.47,BI,anti,A,4.10,4.35,1.56,3.86,1.54,3.83,2.15,4.36,6.18,5.95,0.61,5.59,0.50,39.47,0.47,C3'-endo
68,68,0.57,C,C,C,0,1,0,0,0,),16,1,cWW,cW-W,2.69,3.86,2.97,1.45,3.57,5.08,4.78,3.27,BI,anti,A,4.37,4.45,2.82,3.51,3.17,3.44,3.95,4.06,0.00,5.88,0.62,5.64,0.40,37.55,0.32,C3'-endo
69,69,0.57,G,G,G,0,0,1,0,0,.,107,1,tHS,tM-m,4.89,3.19,1.00,1.49,3.83,5.38,4.74,3.34,BI,anti,.,4.56,4.65,2.91,4.30,3.13,4.42,3.99,5.26,0.09,5.82,0.64,5.67,0.33,37.51,0.20,C3'-endo
70,70,0.58,C,C,C,0,1,0,0,0,(,106,1,cWW,cW-W,5.18,2.89,0.98,1.48,3.50,5.06,4.72,3.26,BI,anti,A,4.50,4.51,2.81,3.76,3.45,3.74,4.84,4.05,0.07,5.83,0.64,5.67,0.34,37.33,0.22,C3'-endo
71,71,0.59,C,C,C,0,1,0,0,0,(,105,1,cWW,cW-W,4.99,3.24,1.00,1.46,3.69,5.29,4.68,3.43,BI,anti,.,4.45,4.60,3.02,4.07,3.20,4.13,3.76,5.03,0.07,5.83,0.65,5.65,0.36,38.34,0.23,C3'-endo
72,72,0.60,G,G,G,0,0,1,0,0,.,104,1,tSH,tm-M,5.10,3.04,0.90,1.42,3.54,4.81,5.01,3.50,BI,anti,.,4.47,4.63,2.80,3.03,3.24,2.76,4.56,2.59,0.09,5.80,0.67,5.64,0.35,39.37,0.19,C3'-endo
73,73,0.61,A,A,A,1,0,0,0,0,.,103,1,tHW,tM-W,4.47,1.62,2.97,1.45,4.15,5.42,5.02,2.79,..,anti,.,4.35,4.61,3.76,3.45,3.29,3.78,2.91,5.07,0.03,5.86,0.64,5.64,0.39,37.97,0.29,C3'-endo
74,74,0.62,U,U,U,0,0,0,1,0,.,102,1,t.W,t.-W,4.87,3.16,0.87,1.43,3.69,5.17,4.80,3.76,BI,anti,.,3.87,4.60,2.52,3.92,3.09,3.97,4.66,4.64,0.05,5.84,0.65,5.64,0.37,38.45,0.26,C3'-endo
75,75,0.62,G,G,G,0,0,1,0,0,.,101,1,cWW,cW-W,5.18,2.99,0.90,1.41,3.68,5.08,4.88,3.44,BI,anti,A,4.54,4.63,2.88,3.83,3.23,3.88,4.19,4.63,0.04,5.84,0.66,5.63,0.39,39.32,0.27,C3'-endo
76,76,0.63,G,G,G,0,0,1,0,0,.,100,1,tWH,tW-M,5.19,2.91,1.00,1.44,3.58,5.08,4.78,3.61,BI,anti,A,4.32,4.62,2.90,3.81,3.26,3.77,4.34,4.19,0.05,5.83,0.67,5.63,0.38,39.52,0.25,C3'-endo
77,77,0.64,U,U,U,0,0,0,1,0,.,99,1,tWH,tW-M,5.12,3.10,0.95,1.42,3.54,5.13,4.69,3.32,BI,anti,A,4.59,4.57,2.94,3.75,3.19,3.77,3.92,4.16,0.04,5.84,0.66,5.62,0.39,39.45,0.27,C3'-endo
78,78,0.65,A,A,A,1,0,0,0,0,.,98,1,tHS,tM-m,5.20,3.12,0.94,1.39,3.69,5.28,4.69,3.37,BI,anti,.,4.55,4.61,3.05,4.00,3.29,4.09,3.93,4.92,6.27,5.87,0.66,5.60,0.44,40.19,0.34,C3'-endo
79,79,0.66,G,G,G,0,0,1,0,0,(,"0,97",2,"tSW,cWW","tm+W,cW-W",5.19,3.03,0.94,1.44,3.65,5.14,4.79,3.40,BI,anti,A,4.54,4.60,2.95,3.90,3.39,3.94,4.58,4.59,0.04,5.84,0.65,5.64,0.38,38.49,0.26,C3'-endo
80,80,0.67,U,U,U,0,0,0,1,0,(,96,1,cWW,cW-W,5.19,3.02,0.96,1.45,3.33,4.76,4.86,3.47,BI,anti,.,4.36,4.41,2.94,3.27,3.32,3.26,4.32,3.30,0.04,5.85,0.63,5.65,0.37,37.58,0.27,C3'-endo
81,81,0.68,G,G,G,0,0,1,0,0,.,95,1,cWW,cW-W,5.02,3.28,0.89,1.43,3.68,5.21,4.75,3.32,BI,anti,A,4.59,4.63,3.02,3.93,2.96,4.00,3.03,4.69,0.07,5.82,0.66,5.65,0.36,38.71,0.23,C3'-endo
82,82,0.68,U,U,U,0,0,0,1,0,(,94,1,cWW,cW-W,4.96,3.27,0.92,1.44,3.59,5.13,4.75,3.52,BI,anti,A,4.41,4.59,2.87,3.80,3.18,3.83,4.13,4.34,0.07,5.82,0.66,5.65,0.36,38.75,0.22,C3'-endo
83,83,0.69,G,G,G,0,0,1,0,0,(,93,1,cWW,cW-W,5.11,3.04,0.95,1.43,3.45,5.16,4.57,3.44,BI,anti,.,4.31,4.46,2.90,4.14,3.20,3.91,3.99,4.18,0.01,5.87,0.64,5.63,0.40,38.34,0.31,C3'-endo
84,84,0.70,G,G,G,0,0,1,0,0,(,92,1,cWW,cW-W,2.82,3.16,2.99,1.46,3.72,5.14,4.87,3.19,BI,anti,A,4.52,4.59,2.80,3.38,3.05,3.50,3.68,4.12,0.07,5.83,0.65,5.66,0.35,37.92,0.22,C3'-endo
85,85,0.71,G,G,G,0,0,1,0,0,(,91,1,cWW,cW-W,5.09,3.14,0.94,1.41,3.59,4.94,4.94,3.48,BI,anti,A,4.40,4.58,2.92,3.61,3.22,3.62,4.05,3.93,0.02,5.85,0.66,5.62,0.40,39.28,0.30,C3'-endo
86,86,0.72,G,G,G,0,0,1,0,0,(,90,1,cWW,cW-W,5.18,2.85,1.10,1.42,3.46,4.67,5.07,3.34,BI,anti,.,4.44,4.45,2.97,3.46,3.23,2.88,3.79,2.00,6.25,5.89,0.64,5.61,0.44,39.25,0.37,C3'-endo
87,87,0.72,U,U,U,0,0,0,1,0,.,,0,,,3.40,2.95,1.04,1.48,4.54,5.00,5.83,3.57,..,anti,.,3.54,4.27,1.51,4.56,1.47,4.83,0.88,5.38,6.16,5.97,0.59,5.61,0.50,38.52,0.50,C3'-endo
88,88,0.73,C,C,C,0,1,0,0,0,.,,0,,,4.74,4.52,1.13,1.53,0.19,1.20,5.28,3.73,..,anti,.,2.07,3.02,4.14,3.15,4.24,3.19,4.15,4.00,0.06,5.85,0.61,5.69,0.34,36.13,0.23,C3'-endo
89,89,0.74,U,U,U,0,0,0,1,0,.,,0,,,3.14,4.48,3.31,1.45,3.31,0.91,2.41,4.18,..,anti,.,2.91,4.45,5.61,5.87,5.53,5.80,4.77,6.11,0.04,5.84,0.66,5.63,0.39,39.01,0.27,C3'-endo
90,90,0.75,C,C,C,0,1,0,0,0,),86,1,cWW,cW-W,1.87,4.07,2.91,1.45,3.63,5.53,4.39,3.53,BI,anti,A,4.29,4.57,2.66,3.97,3.64,3.61,4.38,3.82,0.07,5.83,0.64,5.67,0.34,37.42,0.21,C3'-endo
91,91,0.76,C,C,C,0,1,0,0,0,),85,1,cWW,cW-W,3.78,2.35,2.54,1.50,3.77,5.01,5.05,3.15,BI,anti,A,4.66,4.64,2.96,3.25,3.19,3.37,3.82,3.90,0.17,5.78,0.63,5.73,0.25,36.37,0.07,C3'-endo
92,92,0.77,C,C,C,0,1,0,0,0,),84,1,cWW,cW-W,5.05,3.13,0.95,1.45,3.52,5.05,4.76,3.36,BI,anti,A,4.62,4.60,2.87,3.70,3.15,3.71,3.89,3.98,0.09,5.80,0.67,5.65,0.34,39.23,0.20,C3'-endo
93,93,0.78,C,C,C,0,1,0,0,0,),83,1,cWW,cW-W,5.03,3.25,0.94,1.44,3.46,5.11,4.64,3.38,BI,anti,A,4.49,4.54,2.97,3.69,3.14,3.73,3.65,4.11,0.05,5.83,0.66,5.63,0.38,39.29,0.25,C3'-endo
94,94,0.78,A,A,A,1,0,0,0,0,),82,1,cWW,cW-W,4.90,3.38,0.91,1.45,3.68,5.24,4.72,3.49,BI,anti,A,4.36,4.62,2.95,3.98,3.09,4.05,3.65,4.80,0.08,5.82,0.65,5.66,0.35,38.32,0.21,C3'-endo
95,95,0.79,U,U,U,0,0,0,1,0,.,81,1,cWW,cW-W,5.13,3.05,0.91,1.41,3.67,4.81,5.14,3.55,BI,anti,A,4.34,4.61,2.88,3.55,3.25,3.52,4.31,3.56,0.03,5.84,0.66,5.63,0.39,39.14,0.28,C3'-endo
96,96,0.80,G,G,G,0,0,1,0,0,),80,1,cWW,cW-W,5.08,2.91,0.95,1.39,3.51,5.17,4.63,3.48,BI,anti,A,4.43,4.55,2.78,3.77,2.93,3.75,3.18,4.26,6.27,5.86,0.66,5.60,0.44,40.35,0.34,C3'-endo
97,97,0.81,C,C,C,0,1,0,0,0,),79,1,cWW,cW-W,5.13,3.12,0.94,1.38,3.71,5.26,4.74,3.49,BI,anti,.,4.46,4.64,2.98,3.99,3.22,4.09,4.01,4.87,6.27,5.86,0.67,5.59,0.45,40.87,0.34,C3'-endo
98,98,0.82,G,G,G,0,0,1,0,0,.,78,1,tSH,tm-M,5.25,3.01,0.97,1.41,3.41,4.89,4.80,3.53,BI,anti,.,4.43,4.53,2.96,2.99,3.43,2.68,4.58,2.47,0.05,5.83,0.66,5.63,0.38,39.25,0.26,C3'-endo
99,99,0.82,A,A,A,1,0,0,0,0,.,77,1,tHW,tM-W,4.30,1.63,3.02,1.45,3.96,5.24,5.00,3.01,BI,anti,.,4.46,4.57,3.70,3.08,3.19,3.46,2.77,4.68,0.00,5.88,0.62,5.64,0.40,37.68,0.32,C3'-endo
100,100,0.83,G,G,G,0,0,1,0,0,.,76,1,tHW,tM-W,4.98,3.06,0.92,1.49,3.70,5.26,4.72,3.45,BI,anti,.,4.39,4.62,2.70,4.09,3.17,4.13,4.62,4.87,0.11,5.80,0.65,5.68,0.31,37.78,0.16,C3'-endo
101,101,0.84,A,A,A,1,0,0,0,0,.,75,1,cWW,cW-W,5.11,3.04,0.94,1.44,3.75,5.11,4.92,3.48,BI,anti,.,4.37,4.63,2.90,3.94,3.31,3.98,4.41,4.80,0.05,5.83,0.65,5.64,0.37,38.55,0.25,C3'-endo
102,102,0.85,G,G,G,0,0,1,0,0,.,74,1,tW.,tW-.,5.15,2.83,0.99,1.43,3.54,5.14,4.69,3.42,BI,anti,A,4.55,4.61,2.77,3.82,3.19,3.78,4.43,4.13,0.06,5.81,0.68,5.63,0.38,39.88,0.24,C3'-endo
103,103,0.86,U,U,U,0,0,0,1,0,.,73,1,tWH,tW-M,5.07,3.26,0.93,1.42,3.53,5.00,4.81,3.43,BI,anti,A,4.51,4.55,2.99,3.60,3.21,3.64,3.84,3.97,0.03,5.85,0.65,5.63,0.40,39.01,0.28,C3'-endo
104,104,0.87,A,A,A,1,0,0,0,0,.,72,1,tHS,tM-m,5.02,3.17,0.95,1.42,3.84,5.28,4.84,3.42,BI,anti,.,4.58,4.70,2.97,4.15,3.10,4.28,3.59,5.12,0.04,5.83,0.67,5.62,0.39,39.69,0.27,C3'-endo
105,105,0.88,G,G,G,0,0,1,0,0,),71,1,cWW,cW-W,5.21,2.85,1.02,1.45,3.52,5.05,4.76,3.26,BI,anti,A,4.66,4.59,2.84,3.76,3.42,3.75,4.76,4.11,0.07,5.82,0.66,5.65,0.36,38.61,0.23,C3'-endo
106,106,0.88,G,G,G,0,0,1,0,0,),70,1,cWW,cW-W,5.18,3.03,1.08,1.51,3.63,5.33,4.58,3.31,BI,anti,.,4.27,4.47,3.12,4.13,3.40,4.17,4.06,5.14,0.04,5.86,0.62,5.67,0.36,36.89,0.26,C3'-endo
107,107,0.89,G,G,G,0,0,1,0,0,.,69,1,tSH,tm-M,5.09,2.91,1.07,1.56,4.31,3.50,0.82,3.60,BII,anti,.,3.60,4.41,3.11,3.64,3.57,4.06,4.86,4.56,0.02,5.90,0.58,5.69,0.36,34.86,0.29,C3'-endo
108,108,0.90,A,A,A,1,0,0,0,0,.,,0,,,2.94,4.39,2.82,1.52,4.57,1.41,3.16,4.40,..,anti,.,0.53,4.63,3.55,0.72,3.39,0.51,3.64,0.40,0.11,5.82,0.61,5.71,0.29,35.61,0.15,C3'-endo
109,109,0.91,A,A,A,1,0,0,0,0,.,11,1,cWW,cW-W,2.85,2.73,3.07,1.42,3.76,5.25,4.79,3.35,BI,anti,.,4.59,4.66,3.43,3.32,3.66,3.55,4.17,4.32,0.04,5.84,0.66,5.63,0.39,39.31,0.27,C3'-endo
110,110,0.92,C,C,C,0,1,0,0,0,),10,1,cWW,cW-W,5.22,3.06,0.94,1.41,3.73,5.19,4.83,3.26,BI,anti,.,4.46,4.53,2.99,3.97,3.38,4.04,4.37,5.00,6.24,5.90,0.64,5.60,0.46,39.55,0.39,C3'-endo
111,111,0.93,U,U,U,0,0,0,1,0,.,9,1,cWW,cW-W,5.15,2.98,0.94,1.45,3.63,4.36,5.55,3.53,BI,anti,.,4.24,4.54,2.86,3.11,3.28,3.14,4.57,3.05,0.05,5.85,0.64,5.65,0.37,37.69,0.26,C3'-endo
112,112,0.93,G,G,G,0,0,1,0,0,),8,1,cWW,cW-W,5.07,2.91,0.97,1.43,3.51,5.00,4.79,3.53,BI,anti,A,4.40,4.56,2.92,3.66,2.87,3.63,2.81,3.98,0.05,5.83,0.66,5.63,0.38,39.19,0.26,C3'-endo
113,113,0.94,C,C,C,0,1,0,0,0,),7,1,cWW,cW-W,5.12,3.09,0.95,1.44,3.66,5.03,4.92,3.47,BI,anti,A,4.46,4.61,2.97,3.78,3.15,3.79,3.74,4.25,0.05,5.83,0.66,5.64,0.37,38.90,0.25,C3'-endo
114,114,0.95,C,C,C,0,1,0,0,0,),6,1,cWW,cW-W,5.08,2.99,1.01,1.42,3.45,5.07,4.66,3.43,BI,anti,A,4.49,4.51,2.85,3.66,3.14,3.65,3.92,4.02,0.02,5.85,0.66,5.62,0.41,39.50,0.30,C3'-endo
115,115,0.96,A,A,A,1,0,0,0,0,),5,1,cWW,cW-W,5.09,3.16,0.96,1.47,4.10,3.86,0.24,3.44,..,anti,.,4.17,4.63,3.12,3.75,3.27,3.68,3.81,3.91,0.05,5.85,0.64,5.65,0.37,37.95,0.26,C3'-endo
116,116,0.97,G,G,G,0,0,1,0,0,),4,1,cWW,cW-W,2.12,4.38,2.94,1.47,3.69,5.24,4.74,3.06,BI,anti,.,4.51,4.60,2.56,3.95,2.94,3.72,3.46,3.93,0.08,5.82,0.65,5.66,0.34,37.89,0.21,C3'-endo
117,117,0.97,G,G,G,0,0,1,0,0,),3,1,cWW,cW-W,5.10,3.30,0.94,1.41,3.56,5.21,4.64,3.39,BI,anti,.,4.01,4.31,3.03,3.83,3.33,3.90,3.90,4.96,6.12,5.99,0.60,5.57,0.55,40.41,0.54,C3'-endo
118,118,0.98,C,C,C,0,1,0,0,0,),2,1,cWW,cW-W,5.08,3.02,0.96,1.43,3.72,4.84,5.16,3.79,BI,anti,A,3.79,4.59,2.90,3.65,3.25,3.63,4.55,3.88,0.02,5.86,0.65,5.63,0.40,38.67,0.29,C3'-endo
119,119,0.99,A,A,A,1,0,0,0,0,),1,1,cWW,cW-W,5.25,2.76,0.95,1.35,3.59,5.02,4.86,3.70,BI,anti,.,4.26,4.65,2.82,4.19,3.05,4.00,3.54,4.49,6.25,5.87,0.68,5.56,0.48,41.96,0.37,C3'-endo
120,120,1.00,A,A,A,1,0,0,0,0,.,,0,,,2.82,3.40,3.01,1.38,,,,3.47,n/a,anti,-,,,,,,,,,0.06,5.83,0.65,5.65,0.36,38.31,0.23,C3'-endo
