index_chain,old_nt_resnum,nt_position,nt_name,nt_code,nt_align_code,is_A,is_C,is_G,is_U,is_other,dbn,paired,nb_interact,pair_type_LW,pair_type_DSSR,alpha,beta,gamma,delta,epsilon,zeta,epsilon_zeta,chi,bb_type,glyco_bond,form,ssZp,Dp,eta,theta,eta_prime,theta_prime,eta_base,theta_base,v0,v1,v2,v3,v4,amplitude,phase_angle,puckering
1,1,0.01,U,U,U,0,0,0,1,0,(,120,1,cWW,cW-W,,,1.07,1.48,3.70,4.84,5.14,3.26,BI,anti,.,4.44,4.51,,,,,,,0.03,5.89,0.58,5.70,0.35,34.58,0.27,C3'-endo
2,2,0.02,C,C,C,0,1,0,0,0,(,119,1,cWW,cW-W,5.06,3.07,1.07,1.47,3.67,4.97,4.99,3.41,BI,anti,A,4.42,4.54,3.04,3.76,3.21,3.74,3.68,3.99,0.03,5.88,0.59,5.70,0.35,35.10,0.27,C3'-endo
3,3,0.03,C,C,C,0,1,0,0,0,(,118,1,cWW,cW-W,5.13,3.05,0.94,1.41,3.65,5.03,4.91,3.47,BI,anti,A,4.38,4.54,2.95,3.72,3.14,3.72,3.63,4.12,6.25,5.92,0.60,5.65,0.42,36.84,0.37,C3'-endo
4,4,0.03,C,C,C,0,1,0,0,0,(,117,1,cWW,cW-W,5.03,3.06,0.93,1.37,3.73,5.02,5.00,3.49,BI,anti,A,4.40,4.62,2.83,3.74,3.03,3.78,3.66,4.28,6.28,5.88,0.64,5.62,0.42,38.80,0.33,C3'-endo
5,5,0.04,C,C,C,0,1,0,0,0,(,116,1,cWW,cW-W,5.11,2.87,1.23,1.36,3.65,4.99,4.94,3.41,BI,anti,A,4.48,4.58,2.99,3.66,3.29,3.67,4.04,4.12,6.25,5.90,0.63,5.61,0.44,38.96,0.37,C3'-endo
6,6,0.05,C,C,C,0,1,0,0,0,(,115,1,cWW,cW-W,5.05,3.19,0.97,1.40,3.51,4.87,4.92,3.50,BI,anti,.,4.43,4.57,2.93,4.04,3.13,3.89,3.80,4.19,0.05,5.83,0.66,5.64,0.37,38.82,0.25,C3'-endo
7,7,0.06,G,G,G,0,0,1,0,0,(,114,1,cWW,cW-W,2.42,3.56,3.44,1.51,4.41,4.65,6.04,3.25,..,anti,.,4.55,4.73,3.12,3.93,3.27,3.87,3.88,4.43,0.13,5.82,0.60,5.74,0.27,34.78,0.12,C3'-endo
8,8,0.07,U,U,U,0,0,0,1,0,(,113,1,cWW,cW-W,1.67,3.87,3.83,1.50,4.23,4.27,6.25,3.28,..,anti,A,4.61,4.75,2.75,3.44,3.09,3.39,3.97,3.70,0.12,5.82,0.61,5.72,0.28,35.51,0.13,C3'-endo
9,9,0.07,G,G,G,0,0,1,0,0,(,112,1,cWW,cW-W,1.91,4.14,3.38,1.39,4.01,5.00,5.29,3.11,BI,anti,A,4.81,4.80,2.68,3.53,2.97,3.58,3.53,4.07,0.14,5.75,0.70,5.64,0.31,40.55,0.13,C3'-endo
10,10,0.08,C,C,C,0,1,0,0,0,(,111,1,cWW,cW-W,5.32,3.10,0.86,1.35,3.97,4.88,5.38,3.55,BI,anti,.,4.20,4.67,3.03,3.78,3.27,3.87,3.95,4.41,6.26,5.89,0.64,5.61,0.44,39.25,0.35,C3'-endo
11,11,0.09,C,C,C,0,1,0,0,0,(,110,1,cWW,cW-W,5.34,2.72,1.11,1.31,4.26,5.42,5.12,3.43,..,anti,.,4.32,4.71,3.08,4.51,3.32,4.68,4.02,5.46,6.26,5.87,0.66,5.59,0.45,40.62,0.36,C3'-endo
12,12,0.10,C,C,C,0,1,0,0,0,.,,0,,,4.81,3.10,1.53,2.61,4.50,2.45,2.05,3.87,BII,anti,.,0.85,0.94,3.24,2.88,4.10,2.57,5.05,3.03,5.88,0.65,5.65,0.42,6.27,38.12,2.84,C2'-endo
13,13,0.11,A,A,A,1,0,0,0,0,.,69,1,tWS,tW+m,0.13,2.90,0.37,1.46,3.88,4.15,6.01,3.39,..,anti,.,4.40,4.55,4.52,3.34,4.26,2.76,4.21,2.70,6.26,5.93,0.57,5.68,0.39,34.84,0.36,C3'-endo
14,14,0.12,U,U,U,0,0,0,1,0,.,,0,,,1.09,3.82,1.24,2.52,3.67,0.64,3.03,3.46,..,anti,.,1.16,1.77,5.92,0.22,6.22,5.18,5.86,5.46,5.92,0.60,5.68,0.41,6.25,35.73,2.86,C2'-endo
15,15,0.12,A,A,A,1,0,0,0,0,.,,0,,,2.91,1.30,2.72,1.40,3.13,1.78,1.35,5.36,..,anti,.,-1.58,4.14,2.39,4.88,2.99,5.40,3.71,5.70,6.12,6.03,0.54,5.63,0.52,37.01,0.57,C3'-endo
16,16,0.13,G,G,G,0,0,1,0,0,(,68,1,cWW,cW-W,4.79,2.85,0.36,1.37,3.70,4.85,5.13,3.30,BI,anti,A,4.60,4.63,2.47,3.51,3.13,3.60,3.74,4.01,0.00,5.86,0.65,5.61,0.42,39.35,0.32,C3'-endo
17,17,0.14,C,C,C,0,1,0,0,0,(,"67,109",2,"cWW,cHW","cW-W,cM+W",5.27,2.82,1.08,1.37,4.06,5.12,5.23,3.34,BI,anti,.,4.51,4.67,3.12,4.10,3.27,4.17,3.77,4.93,6.27,5.89,0.63,5.63,0.42,38.53,0.34,C3'-endo
18,18,0.15,G,G,G,0,0,1,0,0,(,65,1,cWW,cW-W,5.20,2.75,1.13,1.37,4.19,4.33,6.15,3.37,..,anti,A,4.44,4.69,2.95,3.98,3.38,3.77,4.48,4.11,6.27,5.88,0.64,5.62,0.42,38.66,0.34,C3'-endo
19,19,0.16,G,G,G,0,0,1,0,0,(,64,1,cWW,cW-W,1.67,4.04,3.66,1.48,4.24,4.77,5.76,3.04,..,anti,A,4.81,4.82,2.85,3.41,2.99,3.59,3.68,4.20,0.21,5.74,0.66,5.72,0.22,37.80,0.02,C3'-endo
20,20,0.17,C,C,C,0,1,0,0,0,(,63,1,cWW,cW-W,5.55,2.86,0.78,1.43,3.88,4.80,5.36,3.54,BI,anti,.,4.26,4.64,3.00,4.26,3.30,4.07,4.04,4.37,0.02,5.88,0.61,5.66,0.38,36.62,0.30,C3'-endo
21,21,0.17,G,G,G,0,0,1,0,0,(,62,1,cWW,cW-W,1.79,3.71,3.93,1.50,3.65,4.94,4.99,3.30,BI,anti,A,4.52,4.57,3.02,3.52,3.21,3.59,3.90,4.31,0.10,5.85,0.58,5.74,0.28,33.84,0.17,C3'-endo
22,22,0.18,U,U,U,0,0,0,1,0,(,61,1,cWW,cW-W,2.85,3.64,2.78,1.41,4.15,4.60,5.83,3.43,..,anti,A,4.37,4.68,2.72,3.47,3.12,3.49,4.06,3.83,0.02,5.88,0.62,5.66,0.38,37.08,0.30,C3'-endo
23,23,0.19,G,G,G,0,0,1,0,0,(,60,1,cWW,cW-W,5.29,2.73,0.86,1.44,4.60,3.94,0.67,3.62,..,anti,.,3.59,4.57,3.06,3.41,3.17,3.57,3.58,3.21,6.27,5.92,0.58,5.68,0.39,35.47,0.34,C3'-endo
24,24,0.20,G,G,G,0,0,1,0,0,.,"27,59",2,"tSW,cWW","tm+W,cW-W",5.19,2.32,0.92,1.71,5.20,1.54,3.65,4.30,..,anti,.,0.66,3.68,3.30,1.95,3.30,1.53,2.90,1.36,6.22,6.08,0.37,5.87,0.30,23.67,0.48,C3'-endo
25,25,0.21,A,A,A,1,0,0,0,0,.,,0,,,2.79,3.39,0.73,1.40,3.36,4.87,4.78,3.13,BI,anti,.,4.28,4.40,1.58,3.89,1.60,3.99,2.08,4.88,6.27,5.91,0.59,5.67,0.40,36.17,0.35,C3'-endo
26,26,0.22,A,A,A,1,0,0,0,0,.,,0,,,3.38,4.07,2.07,1.44,3.65,4.90,5.04,3.28,BI,anti,A,4.36,4.41,2.71,4.36,3.12,4.05,4.24,4.51,6.22,5.98,0.54,5.69,0.41,34.05,0.43,C3'-endo
27,27,0.23,C,C,C,0,1,0,0,0,.,24,1,tWS,tW+m,2.86,3.50,2.76,1.41,4.32,4.88,5.72,3.31,..,anti,.,4.47,4.69,2.69,3.87,3.01,3.93,3.92,4.68,0.03,5.86,0.63,5.66,0.37,37.39,0.27,C3'-endo
28,28,0.23,C,C,C,0,1,0,0,0,(,56,1,cWW,cW-W,5.49,2.69,0.80,1.33,3.75,4.94,5.09,3.55,BI,anti,A,4.29,4.62,2.73,3.69,3.15,3.70,4.22,4.28,6.24,5.90,0.65,5.60,0.46,39.88,0.38,C3'-endo
29,29,0.24,A,A,A,1,0,0,0,0,(,"55,58",2,"cWW,cSW","cW-W,cm-W",5.18,2.84,1.07,1.40,3.75,4.94,5.09,3.33,BI,anti,A,4.55,4.61,2.94,3.72,3.18,3.71,4.01,4.18,0.01,5.88,0.62,5.65,0.39,37.44,0.31,C3'-endo
30,30,0.25,C,C,C,0,1,0,0,0,(,"52,54,57",3,"c.W,cWW,cSW","c.-W,cW-W,cm-W",5.15,2.80,1.11,1.36,3.56,5.04,4.80,3.39,BI,anti,.,4.53,4.60,2.88,4.39,3.18,4.37,3.99,5.17,0.04,5.83,0.68,5.62,0.39,40.11,0.27,C3'-endo
31,31,0.26,C,C,C,0,1,0,0,0,(,"51,53",2,"cWW,cSW","cW-W,cm-W",2.66,4.03,2.98,1.48,4.34,4.16,0.18,3.28,..,anti,.,4.42,4.60,3.05,3.93,3.62,3.96,4.92,4.43,0.03,5.90,0.57,5.71,0.34,34.05,0.28,C3'-endo
32,32,0.27,C,C,C,0,1,0,0,0,(,50,1,cWW,cW-W,0.62,2.12,5.97,1.42,3.43,4.80,4.91,3.49,BI,anti,A,4.36,4.47,2.66,3.94,2.92,3.90,3.65,4.43,0.01,5.89,0.61,5.66,0.39,36.88,0.31,C3'-endo
33,33,0.28,G,G,G,0,0,1,0,0,(,"35,49",2,"cSH,cWW","cm+M,cW-W",2.70,3.72,2.94,1.42,3.96,4.89,5.35,3.24,BI,anti,A,4.63,4.68,2.81,3.58,3.11,3.71,3.90,4.09,0.03,5.88,0.61,5.67,0.37,36.29,0.28,C3'-endo
34,34,0.28,U,U,U,0,0,0,1,0,(,"36,48",2,"cSH,cWW","cm+M,cW-W",5.40,2.97,1.09,2.42,4.67,1.90,2.77,4.15,..,anti,.,1.10,1.11,3.59,2.27,4.01,2.03,4.39,1.93,5.85,0.60,5.74,0.30,0.08,34.35,2.69,C2'-endo
35,35,0.29,U,U,U,0,0,0,1,0,.,33,1,cHS,cM+m,2.89,3.86,1.09,1.42,3.77,5.06,4.99,3.48,BI,anti,.,4.26,4.46,2.32,3.91,2.06,3.98,2.05,4.71,6.19,5.98,0.56,5.66,0.45,35.77,0.47,C3'-endo
36,36,0.30,C,C,C,0,1,0,0,0,.,"34,49",2,"cHS,cWS","cM+m,cW-m",5.13,2.93,0.94,1.34,3.77,4.95,5.11,3.49,BI,anti,A,4.39,4.65,2.82,3.69,3.13,3.72,4.12,4.01,6.28,5.86,0.66,5.60,0.43,40.13,0.33,C3'-endo
37,37,0.31,C,C,C,0,1,0,0,0,.,48,1,cWS,cW-m,5.20,3.22,0.81,1.41,4.01,5.19,5.10,3.54,BI,anti,.,4.18,4.61,3.05,4.11,3.14,4.23,3.53,5.11,6.25,5.92,0.60,5.65,0.42,36.88,0.38,C3'-endo
38,38,0.32,C,C,C,0,1,0,0,0,(,44,1,cWW,cW-W,5.10,2.84,1.07,1.34,3.46,4.77,4.98,3.60,BI,anti,A,4.25,4.52,2.70,3.94,3.22,3.77,4.44,4.21,6.26,5.88,0.65,5.61,0.44,39.48,0.36,C3'-endo
39,39,0.33,A,A,A,1,0,0,0,0,.,46,1,cSW,cm-W,2.60,3.69,3.16,1.45,4.52,4.08,0.43,3.12,..,anti,.,4.73,4.81,3.05,2.89,3.23,3.05,3.98,3.10,0.15,5.78,0.65,5.70,0.27,37.56,0.10,C3'-endo
40,40,0.33,U,U,U,0,0,0,1,0,.,45,1,tSH,tm-M,5.09,1.93,1.67,1.46,3.43,1.66,1.77,3.23,..,anti,.,4.27,4.38,3.02,0.13,3.32,5.87,3.38,4.57,6.27,5.92,0.58,5.68,0.39,35.14,0.34,C3'-endo
41,41,0.34,U,U,U,0,0,0,1,0,.,,0,,,4.50,2.85,2.73,1.39,3.63,1.76,1.87,3.61,..,anti,.,4.24,4.60,4.62,5.99,5.27,5.58,0.35,5.50,0.02,5.87,0.63,5.65,0.38,37.47,0.29,C3'-endo
42,42,0.35,C,C,C,0,1,0,0,0,.,,0,,,5.07,3.53,4.79,1.45,3.41,4.85,4.84,3.57,BI,anti,.,4.25,4.44,1.52,3.27,2.05,3.49,2.92,4.51,0.01,5.89,0.61,5.67,0.38,36.59,0.31,C3'-endo
43,43,0.36,C,C,C,0,1,0,0,0,.,,0,,,2.90,3.94,2.68,1.43,4.46,4.27,0.19,3.38,..,anti,.,4.20,4.58,2.94,4.37,3.30,4.25,4.40,4.54,6.27,5.91,0.59,5.67,0.39,35.89,0.34,C3'-endo
44,44,0.37,G,G,G,0,0,1,0,0,),"38,47",2,"cWW,tSW","cW-W,tm+W",1.01,2.14,1.57,1.64,4.55,2.44,2.10,4.36,BII,anti,.,1.09,3.55,4.93,2.03,5.29,1.53,5.14,1.16,6.01,6.24,0.31,5.81,0.47,28.24,0.89,C4'-exo
45,45,0.38,A,A,A,1,0,0,0,0,.,40,1,tHS,tM-m,1.94,3.36,1.44,1.45,3.91,5.20,4.99,3.13,BI,anti,.,4.71,4.71,1.31,4.15,1.37,4.18,1.74,4.83,0.08,5.83,0.63,5.69,0.32,36.54,0.19,C3'-endo
46,46,0.38,A,A,A,1,0,0,0,0,.,39,1,cWS,cW-m,5.04,3.05,1.06,1.44,3.98,5.19,5.07,3.24,BI,anti,.,4.59,4.64,2.94,4.16,3.33,4.18,4.38,5.15,0.01,5.89,0.61,5.67,0.38,36.45,0.31,C3'-endo
47,47,0.39,C,C,C,0,1,0,0,0,.,44,1,tWS,tW+m,4.88,2.99,1.05,1.42,3.86,5.15,4.99,3.42,BI,anti,A,4.52,4.69,2.67,4.02,3.09,4.02,4.44,4.52,0.04,5.85,0.63,5.66,0.37,37.57,0.26,C3'-endo
48,48,0.40,A,A,A,1,0,0,0,0,),"34,37",2,"cWW,cSW","cW-W,cm-W",5.08,3.08,0.96,1.31,3.80,4.77,5.31,3.35,BI,anti,A,4.57,4.68,2.85,3.47,3.15,3.54,3.99,3.85,0.00,5.85,0.68,5.59,0.43,40.77,0.32,C3'-endo
49,49,0.41,C,C,C,0,1,0,0,0,),"33,36",2,"cWW,cSW","cW-W,cm-W",5.19,2.72,1.19,1.34,3.67,4.95,5.01,3.46,BI,anti,A,4.47,4.64,2.94,3.64,3.15,3.62,3.64,4.05,0.02,5.84,0.67,5.60,0.42,40.27,0.30,C3'-endo
50,50,0.42,G,G,G,0,0,1,0,0,),32,1,cWW,cW-W,5.08,3.19,0.92,1.40,3.60,4.93,4.95,3.44,BI,anti,.,4.53,4.67,2.91,4.21,3.06,4.15,3.73,4.51,0.11,5.78,0.69,5.65,0.33,39.79,0.16,C3'-endo
51,51,0.42,G,G,G,0,0,1,0,0,),31,1,cWW,cW-W,2.75,3.76,3.22,1.49,3.93,4.87,5.34,3.29,BI,anti,.,4.34,4.43,3.21,3.40,3.53,3.56,4.23,4.24,6.21,6.00,0.51,5.71,0.41,32.75,0.45,C3'-endo
52,52,0.43,A,A,A,1,0,0,0,0,.,"30,53",2,"cW.,cSH","cW-.,cm+M",5.19,2.76,1.26,1.72,3.35,3.81,5.82,3.91,..,anti,.,3.12,3.49,3.06,2.60,3.55,2.27,4.36,2.14,6.03,0.02,0.20,5.94,0.38,21.65,1.03,C4'-exo
53,53,0.44,A,A,A,1,0,0,0,0,.,"31,52",2,"cWS,cHS","cW-m,cM+m",5.13,2.76,0.32,1.41,3.79,5.15,4.92,3.24,BI,anti,.,4.70,4.71,2.45,3.87,2.24,3.98,2.27,4.55,0.09,5.81,0.65,5.67,0.33,38.06,0.19,C3'-endo
54,54,0.45,G,G,G,0,0,1,0,0,),30,1,cWW,cW-W,4.94,2.84,1.41,1.40,3.75,5.01,5.02,3.20,BI,anti,A,4.68,4.69,3.00,3.76,3.39,3.75,4.29,4.10,0.08,5.80,0.67,5.64,0.36,39.40,0.21,C3'-endo
55,55,0.46,U,U,U,0,0,0,1,0,),"29,57",2,"cWW,cSH","cW-W,cm+M",5.14,3.11,0.98,1.41,3.85,5.21,4.93,3.49,BI,anti,A,4.39,4.66,3.03,3.78,3.25,3.78,3.84,4.09,0.02,5.87,0.63,5.64,0.39,38.02,0.30,C3'-endo
56,56,0.47,G,G,G,0,0,1,0,0,),"28,59",2,"cWW,tSW","cW-W,tm+W",4.36,2.06,2.60,2.58,4.66,2.06,2.60,3.41,..,anti,.,0.88,0.92,4.33,1.11,4.10,1.48,4.40,1.59,6.01,0.55,5.69,0.45,6.17,34.33,3.00,C2'-endo
57,57,0.47,A,A,A,1,0,0,0,0,.,"30,55",2,"cWS,cHS","cW-m,cM+m",3.03,3.63,1.15,1.42,3.91,5.12,5.08,3.21,BI,anti,A,4.69,4.74,2.41,4.05,2.16,4.12,2.32,4.74,0.11,5.79,0.67,5.66,0.32,38.69,0.16,C3'-endo
58,58,0.48,A,A,A,1,0,0,0,0,.,29,1,cWS,cW-m,5.12,3.27,0.81,1.42,3.93,5.09,5.12,3.33,BI,anti,.,4.63,4.74,2.92,3.96,3.18,4.07,4.06,4.78,0.09,5.82,0.65,5.67,0.34,37.92,0.20,C3'-endo
59,59,0.49,A,A,A,1,0,0,0,0,.,"24,56",2,"cWW,tWS","cW-W,tW+m",5.11,2.86,1.11,1.36,3.85,5.26,4.87,3.24,BI,anti,.,4.73,4.75,2.86,4.09,3.24,4.09,4.30,4.82,0.09,5.78,0.70,5.62,0.36,41.03,0.20,C3'-endo
60,60,0.50,C,C,C,0,1,0,0,0,),23,1,cWW,cW-W,4.78,3.09,1.30,1.36,3.73,5.04,4.97,3.38,BI,anti,A,4.58,4.67,2.84,3.76,3.24,3.76,4.40,4.27,0.04,5.83,0.68,5.61,0.40,40.29,0.27,C3'-endo
61,61,0.51,G,G,G,0,0,1,0,0,),22,1,cWW,cW-W,5.10,3.08,0.99,1.41,3.74,5.04,4.97,3.30,BI,anti,A,4.58,4.62,2.94,3.82,3.17,3.86,3.94,4.41,0.02,5.87,0.62,5.66,0.38,37.20,0.29,C3'-endo
62,62,0.52,C,C,C,0,1,0,0,0,),21,1,cWW,cW-W,5.12,2.98,1.10,1.45,3.55,4.84,4.99,3.65,BI,anti,A,4.05,4.40,3.00,4.08,3.31,3.81,4.09,4.11,6.23,5.96,0.55,5.69,0.41,34.15,0.41,C3'-endo
63,63,0.53,G,G,G,0,0,1,0,0,),20,1,cWW,cW-W,2.44,3.47,3.21,1.45,3.98,4.99,5.28,3.07,BI,anti,A,4.51,4.59,2.77,3.44,2.97,3.54,3.61,4.04,0.01,5.91,0.58,5.69,0.37,34.85,0.31,C3'-endo
64,64,0.53,C,C,C,0,1,0,0,0,),19,1,cWW,cW-W,4.92,2.99,1.10,1.39,3.73,5.05,4.96,3.48,BI,anti,A,4.37,4.58,2.78,3.78,3.08,3.78,3.77,4.10,6.25,5.91,0.62,5.63,0.43,37.88,0.37,C3'-endo
65,65,0.54,C,C,C,0,1,0,0,0,),18,1,cWW,cW-W,5.06,2.99,1.15,1.42,4.03,4.90,5.41,3.46,BI,anti,.,4.02,4.30,3.08,3.92,3.29,4.10,3.79,4.81,6.11,6.06,0.50,5.66,0.50,35.12,0.60,C3'-endo
66,66,0.55,A,A,A,1,0,0,0,0,.,68,1,cSH,cm+M,5.46,3.13,1.17,1.47,2.60,4.73,4.16,4.39,BI,anti,.,2.11,3.81,3.50,2.72,3.98,2.14,4.61,1.81,0.12,5.87,0.55,5.79,0.24,31.47,0.12,C3'-endo
67,67,0.56,G,G,G,0,0,1,0,0,),"17,109",2,"cWW,tHW","cW-W,tM-W",5.30,3.07,6.03,1.45,3.72,5.08,4.92,3.26,BI,anti,A,4.72,4.72,2.05,3.52,1.75,3.71,1.94,4.20,0.15,5.77,0.66,5.69,0.28,37.92,0.10,C3'-endo
68,68,0.57,C,C,C,0,1,0,0,0,),"16,66",2,"cWW,cHS","cW-W,cM+m",4.98,3.03,1.22,1.36,3.78,5.23,4.84,3.43,BI,anti,.,4.51,4.68,3.00,3.99,3.26,4.03,3.82,4.80,0.02,5.85,0.66,5.62,0.41,39.61,0.29,C3'-endo
69,69,0.57,G,G,G,0,0,1,0,0,(,"13,108",2,"tSW,cWW","tm+W,cW-W",4.93,3.07,1.14,1.44,3.82,5.11,4.99,3.20,BI,anti,A,4.68,4.70,2.90,3.98,3.29,4.01,4.44,4.69,0.09,5.82,0.64,5.67,0.33,37.61,0.19,C3'-endo
70,70,0.58,C,C,C,0,1,0,0,0,(,107,1,cWW,cW-W,5.04,3.03,1.05,1.42,3.76,4.90,5.14,3.43,BI,anti,A,4.49,4.64,2.90,3.73,3.24,3.76,4.27,4.24,0.06,5.84,0.65,5.65,0.36,38.10,0.24,C3'-endo
71,71,0.59,C,C,C,0,1,0,0,0,(,106,1,cWW,cW-W,5.19,2.95,1.05,1.43,3.80,5.43,4.65,3.28,BI,anti,.,4.60,4.66,3.03,4.25,3.24,4.24,3.96,5.00,0.06,5.84,0.64,5.66,0.36,37.84,0.23,C3'-endo
72,72,0.60,G,G,G,0,0,1,0,0,.,105,1,tSH,tm-M,4.85,2.99,1.15,1.32,4.08,3.29,0.80,3.25,BII,anti,.,4.64,4.73,2.81,2.67,3.25,2.54,4.48,2.54,0.00,5.85,0.67,5.59,0.43,40.66,0.32,C3'-endo
73,73,0.61,A,A,A,1,0,0,0,0,.,104,1,tHW,tM-W,1.16,4.54,3.79,1.47,4.21,5.18,5.31,3.00,..,anti,.,4.73,4.77,3.50,3.55,3.18,3.74,2.92,4.62,0.14,5.78,0.66,5.69,0.29,37.82,0.12,C3'-endo
74,74,0.62,U,U,U,0,0,0,1,0,.,103,1,tHW,tM-W,5.22,3.02,0.85,1.38,3.88,5.20,4.96,3.55,BI,anti,.,4.21,4.58,2.77,4.04,3.22,4.11,4.38,5.00,6.23,5.93,0.60,5.63,0.45,37.71,0.41,C3'-endo
75,75,0.62,G,G,G,0,0,1,0,0,.,102,1,cW.,cW-.,4.98,2.95,1.06,1.41,3.88,5.00,5.17,3.50,BI,anti,A,4.35,4.69,2.80,3.90,3.20,3.92,4.38,4.58,0.03,5.86,0.64,5.65,0.38,37.94,0.28,C3'-endo
76,76,0.63,G,G,G,0,0,1,0,0,.,101,1,tWH,tW-M,5.25,2.97,0.90,1.39,3.31,4.61,4.99,3.59,BI,anti,A,4.26,4.47,2.87,3.76,3.21,3.66,4.18,3.93,0.03,5.86,0.64,5.64,0.39,38.26,0.28,C3'-endo
77,77,0.64,U,U,U,0,0,0,1,0,.,100,1,tWH,tW-M,2.75,3.94,2.88,1.42,4.11,4.80,5.59,3.36,..,anti,.,4.50,4.71,2.92,3.70,3.17,3.68,3.71,4.16,0.07,5.83,0.64,5.67,0.34,37.60,0.21,C3'-endo
78,78,0.65,A,A,A,1,0,0,0,0,.,99,1,tHS,tM-m,5.38,2.87,0.88,1.37,4.00,5.17,5.11,3.29,BI,anti,.,4.65,4.75,2.98,4.11,3.23,4.21,3.96,5.00,0.07,5.81,0.68,5.63,0.37,39.77,0.23,C3'-endo
79,79,0.66,C,C,C,0,1,0,0,0,(,"0,98",2,"tSH,cWW","tm-M,cW-W",5.13,2.90,1.14,1.37,3.88,5.06,5.10,3.42,BI,anti,A,4.49,4.69,2.91,3.92,3.36,3.94,4.54,4.49,0.05,5.83,0.68,5.62,0.39,40.02,0.26,C3'-endo
80,80,0.67,U,U,U,0,0,0,1,0,(,97,1,cWW,cW-W,5.15,2.83,1.28,1.41,3.82,4.19,5.92,3.53,..,anti,.,4.28,4.58,3.06,3.44,3.40,3.23,4.25,3.58,6.23,5.94,0.58,5.65,0.43,36.31,0.41,C3'-endo
81,81,0.68,G,G,G,0,0,1,0,0,.,96,1,tWW,tW+W,1.11,3.38,4.73,1.50,3.92,5.75,4.45,0.19,..,syn,.,-4.67,4.71,3.02,3.94,2.84,4.19,3.28,4.37,0.15,5.79,0.64,5.71,0.27,36.81,0.10,C3'-endo
82,82,0.68,G,G,G,0,0,1,0,0,(,95,1,cWW,cW-W,4.67,3.27,1.06,1.31,3.74,5.03,5.00,3.36,BI,anti,A,4.59,4.68,2.62,3.68,3.24,3.73,3.67,4.25,0.02,5.83,0.69,5.58,0.43,41.46,0.30,C3'-endo
83,83,0.69,G,G,G,0,0,1,0,0,(,94,1,cWW,cW-W,5.11,2.89,1.12,1.31,3.79,5.15,4.93,3.17,BI,anti,.,4.72,4.71,2.91,3.86,3.16,3.88,3.95,4.30,0.04,5.81,0.71,5.58,0.42,42.06,0.27,C3'-endo
84,84,0.70,C,C,C,0,1,0,0,0,(,93,1,cWW,cW-W,5.04,3.22,1.12,1.33,3.32,4.76,4.84,3.48,BI,anti,A,4.36,4.41,3.00,3.74,3.29,3.56,3.99,3.82,6.21,5.93,0.63,5.60,0.48,39.41,0.43,C3'-endo
85,85,0.71,G,G,G,0,0,1,0,0,(,92,1,cWW,cW-W,2.48,3.55,3.27,1.39,3.97,4.99,5.27,3.13,BI,anti,A,4.78,4.79,2.87,3.44,3.01,3.54,3.60,4.01,0.17,5.74,0.71,5.65,0.29,40.64,0.10,C3'-endo
86,86,0.72,G,G,G,0,0,1,0,0,(,91,1,cWW,cW-W,5.26,3.01,1.00,1.37,3.74,4.96,5.07,3.28,BI,anti,A,4.62,4.67,2.99,3.70,3.26,3.78,3.95,4.35,0.03,5.84,0.66,5.62,0.40,39.55,0.29,C3'-endo
87,87,0.72,G,G,G,0,0,1,0,0,.,90,1,tSH,tm-M,5.15,3.09,1.02,1.44,3.89,5.55,4.62,3.62,BI,anti,.,4.17,4.72,3.08,4.57,3.28,3.72,4.01,2.64,0.09,5.82,0.64,5.67,0.33,37.49,0.20,C3'-endo
88,88,0.73,C,C,C,0,1,0,0,0,.,,0,,,3.10,2.30,0.83,1.43,3.39,4.75,4.93,3.56,BI,anti,.,4.24,4.42,0.10,4.19,0.75,3.98,0.41,4.67,6.28,5.90,0.60,5.67,0.39,36.22,0.33,C3'-endo
89,89,0.74,G,G,G,0,0,1,0,0,.,,0,,,2.84,3.96,2.67,1.37,4.05,4.61,5.73,3.41,..,anti,.,4.49,4.77,2.70,3.71,3.10,3.69,4.25,4.49,0.07,5.82,0.67,5.63,0.37,39.47,0.23,C3'-endo
90,89A,0.75,A,A,A,1,0,0,0,0,.,87,1,tHS,tM-m,5.73,2.56,0.66,1.43,3.83,5.37,4.74,3.53,BI,anti,.,4.35,4.72,2.90,4.95,3.19,4.96,4.30,5.46,0.11,5.80,0.66,5.68,0.31,38.07,0.16,C3'-endo
91,90,0.76,C,C,C,0,1,0,0,0,),86,1,cWW,cW-W,2.60,3.82,3.21,1.46,3.62,5.12,4.78,3.41,BI,anti,A,4.50,4.58,3.01,3.39,3.77,3.38,4.98,3.70,0.06,5.85,0.62,5.68,0.34,36.61,0.23,C3'-endo
92,91,0.77,C,C,C,0,1,0,0,0,),85,1,cWW,cW-W,4.98,3.11,1.14,1.33,3.63,4.88,5.03,3.46,BI,anti,A,4.43,4.59,2.99,3.51,3.22,3.52,3.75,4.04,6.26,5.87,0.66,5.59,0.45,40.37,0.35,C3'-endo
93,92,0.78,G,G,G,0,0,1,0,0,),84,1,cWW,cW-W,5.22,2.88,0.99,1.36,3.82,4.90,5.20,3.25,BI,anti,.,4.71,4.74,2.94,3.71,3.12,3.73,3.86,3.94,0.13,5.75,0.72,5.62,0.34,41.90,0.15,C3'-endo
94,93,0.78,C,C,C,0,1,0,0,0,),83,1,cWW,cW-W,5.26,3.02,1.07,1.33,3.65,4.95,4.98,3.44,BI,anti,A,4.52,4.64,3.07,3.58,3.25,3.63,3.67,3.97,0.02,5.84,0.67,5.60,0.42,40.41,0.30,C3'-endo
95,94,0.79,C,C,C,0,1,0,0,0,),82,1,cWW,cW-W,5.13,3.16,1.00,1.41,3.79,5.09,4.99,3.51,BI,anti,A,4.36,4.63,3.07,3.87,3.20,3.87,3.67,4.32,0.02,5.87,0.63,5.65,0.38,37.47,0.29,C3'-endo
96,95,0.80,U,U,U,0,0,0,1,0,.,81,1,tWW,tW+W,4.97,3.01,1.03,1.34,3.71,5.12,4.87,3.54,BI,anti,A,4.35,4.64,2.75,3.78,3.02,3.76,3.76,4.35,6.28,5.86,0.67,5.59,0.44,40.64,0.33,C3'-endo
97,96,0.81,G,G,G,0,0,1,0,0,),80,1,cWW,cW-W,4.88,3.05,1.07,1.30,3.72,4.89,5.11,3.36,BI,anti,A,4.61,4.71,2.74,3.57,2.98,3.61,3.87,4.07,0.04,5.81,0.71,5.58,0.42,42.00,0.27,C3'-endo
98,97,0.82,G,G,G,0,0,1,0,0,),79,1,cWW,cW-W,5.28,2.86,1.10,1.41,3.88,5.30,4.87,3.22,BI,anti,.,4.58,4.62,3.12,4.19,3.31,4.23,3.95,5.08,6.28,5.89,0.63,5.64,0.41,37.92,0.33,C3'-endo
99,98,0.82,G,G,G,0,0,1,0,0,.,78,1,tSH,tm-M,5.00,3.01,1.06,1.42,3.46,4.56,5.18,3.38,BI,anti,.,4.42,4.47,2.78,2.80,3.29,2.59,4.60,2.47,6.28,5.90,0.60,5.66,0.39,36.36,0.33,C3'-endo
100,99,0.83,A,A,A,1,0,0,0,0,.,77,1,tHW,tM-W,4.51,1.80,2.66,1.42,3.98,5.30,4.96,3.13,BI,anti,.,4.67,4.69,3.63,3.39,3.24,3.60,2.93,4.53,0.04,5.86,0.62,5.67,0.36,36.78,0.26,C3'-endo
101,100,0.84,G,G,G,0,0,1,0,0,.,76,1,tHW,tM-W,5.00,3.09,0.91,1.35,3.83,5.04,5.07,3.36,BI,anti,A,4.55,4.66,2.70,3.81,3.13,3.90,4.36,4.75,6.27,5.87,0.66,5.60,0.44,39.96,0.35,C3'-endo
102,101,0.85,A,A,A,1,0,0,0,0,.,75,1,c.W,c.-W,5.13,2.85,1.09,1.40,3.94,5.23,5.00,3.48,BI,anti,.,4.42,4.76,2.91,4.15,3.23,4.15,4.36,4.88,0.09,5.80,0.67,5.65,0.34,38.90,0.19,C3'-endo
103,102,0.86,G,G,G,0,0,1,0,0,.,74,1,tWH,tW-M,5.01,2.95,1.14,1.36,3.74,5.03,5.00,3.39,BI,anti,A,4.55,4.68,2.80,3.75,3.24,3.74,4.40,4.09,0.02,5.85,0.66,5.61,0.41,39.76,0.30,C3'-endo
104,103,0.87,U,U,U,0,0,0,1,0,.,73,1,tWH,tW-M,5.11,3.04,1.04,1.30,3.75,4.94,5.09,3.46,BI,anti,.,4.48,4.68,2.93,3.64,3.14,3.72,3.74,4.24,6.27,5.86,0.68,5.58,0.45,41.04,0.34,C3'-endo
105,104,0.88,A,A,A,1,0,0,0,0,.,72,1,tHS,tM-m,5.28,2.94,1.11,1.39,3.91,5.01,5.18,3.46,BI,anti,.,4.39,4.64,3.17,4.52,3.39,4.46,4.06,5.19,0.01,5.88,0.63,5.64,0.40,37.88,0.31,C3'-endo
106,105,0.88,G,G,G,0,0,1,0,0,),71,1,cWW,cW-W,2.22,3.85,3.42,1.48,3.81,5.01,5.08,3.20,BI,anti,A,4.71,4.71,2.90,3.35,3.44,3.44,4.75,3.94,0.15,5.79,0.64,5.71,0.27,36.80,0.10,C3'-endo
107,106,0.89,G,G,G,0,0,1,0,0,),70,1,cWW,cW-W,5.20,3.03,0.94,1.41,3.81,4.95,5.14,3.20,BI,anti,A,4.63,4.66,2.98,3.81,3.24,3.85,3.96,4.19,0.04,5.85,0.64,5.65,0.38,38.08,0.27,C3'-endo
108,107,0.90,U,U,U,0,0,0,1,0,),69,1,cWW,cW-W,5.26,2.98,0.97,1.37,3.72,5.22,4.79,3.46,BI,anti,.,4.32,4.52,3.00,3.94,3.24,3.87,3.80,3.87,6.23,5.92,0.62,5.62,0.45,38.34,0.40,C3'-endo
109,108,0.91,C,C,C,0,1,0,0,0,.,"17,67",2,"cWH,tWH","cW+M,tW-M",3.49,2.46,3.42,2.52,4.40,1.24,3.16,4.08,..,anti,.,1.49,1.38,4.17,0.51,4.08,0.86,3.97,1.54,5.89,0.61,5.69,0.38,0.01,35.78,2.80,C2'-endo
110,109,0.92,G,G,G,0,0,1,0,0,),11,1,cWW,cW-W,2.94,3.38,3.28,1.43,3.82,4.99,5.12,3.51,BI,anti,A,4.40,4.72,3.96,3.25,3.87,3.32,3.68,3.64,0.13,5.78,0.66,5.68,0.30,38.27,0.13,C3'-endo
111,110,0.93,G,G,G,0,0,1,0,0,),10,1,cWW,cW-W,5.01,2.95,1.10,1.38,3.72,5.08,4.93,3.41,BI,anti,A,4.50,4.64,2.86,3.80,3.08,3.82,3.57,4.52,0.00,5.87,0.64,5.63,0.41,38.54,0.32,C3'-endo
112,111,0.93,U,U,U,0,0,0,1,0,),9,1,cWW,cW-W,5.09,2.91,1.07,1.41,3.61,4.56,5.32,3.48,BI,anti,.,4.41,4.57,2.88,3.34,3.22,3.35,4.22,3.56,0.03,5.87,0.63,5.66,0.38,37.41,0.29,C3'-endo
113,112,0.94,G,G,G,0,0,1,0,0,),8,1,cWW,cW-W,5.54,2.93,0.72,1.44,3.85,4.94,5.20,3.31,BI,anti,A,4.59,4.69,3.15,3.85,3.15,3.89,3.40,4.22,0.07,5.84,0.63,5.67,0.34,37.12,0.22,C3'-endo
114,113,0.95,C,C,C,0,1,0,0,0,),7,1,cWW,cW-W,5.32,2.86,0.92,1.33,3.79,4.93,5.15,3.51,BI,anti,A,4.35,4.62,2.94,3.70,3.19,3.75,3.77,4.27,6.22,5.92,0.63,5.60,0.47,39.34,0.41,C3'-endo
115,114,0.96,G,G,G,0,0,1,0,0,),6,1,cWW,cW-W,5.27,2.90,0.97,1.35,3.67,4.63,5.32,3.38,BI,anti,A,4.49,4.59,2.95,3.95,3.19,3.79,3.95,4.19,6.26,5.88,0.65,5.60,0.44,39.59,0.35,C3'-endo
116,115,0.97,G,G,G,0,0,1,0,0,),5,1,cWW,cW-W,2.25,3.76,3.45,1.48,4.18,4.77,5.70,3.11,..,anti,A,4.73,4.77,3.00,3.40,3.17,3.52,3.91,4.03,0.14,5.80,0.63,5.72,0.27,36.14,0.11,C3'-endo
117,116,0.97,G,G,G,0,0,1,0,0,),4,1,cWW,cW-W,5.31,2.89,0.78,1.39,3.79,5.02,5.05,3.39,BI,anti,A,4.58,4.71,2.80,3.82,3.06,3.86,3.75,4.24,0.07,5.82,0.66,5.64,0.36,38.78,0.23,C3'-endo
118,117,0.98,G,G,G,0,0,1,0,0,),3,1,cWW,cW-W,5.17,2.94,1.14,1.38,3.56,4.81,5.04,3.51,BI,anti,.,4.37,4.55,3.00,4.05,3.30,3.86,3.94,4.32,6.25,5.91,0.62,5.62,0.44,38.32,0.38,C3'-endo
119,118,0.99,G,G,G,0,0,1,0,0,),2,1,cWW,cW-W,2.41,3.72,3.30,1.40,4.13,5.05,5.36,3.19,..,anti,A,4.70,4.75,2.92,3.63,3.18,3.69,4.00,4.26,0.07,5.83,0.64,5.66,0.35,37.88,0.23,C3'-endo
120,119,1.00,A,A,A,1,0,0,0,0,),1,1,cWW,cW-W,5.22,3.23,0.63,1.38,,,,3.74,n/a,anti,-,,,,,,,,,6.27,5.90,0.61,5.64,0.41,37.28,0.35,C3'-endo
