index_chain,old_nt_resnum,nt_position,nt_name,nt_code,nt_align_code,is_A,is_C,is_G,is_U,is_other,dbn,paired,nb_interact,pair_type_LW,pair_type_DSSR,alpha,beta,gamma,delta,epsilon,zeta,epsilon_zeta,chi,bb_type,glyco_bond,form,ssZp,Dp,eta,theta,eta_prime,theta_prime,eta_base,theta_base,v0,v1,v2,v3,v4,amplitude,phase_angle,puckering
1,97,0.07,U,U,U,0,0,0,1,0,.,,0,,,,,4.99,2.64,0.03,3.21,3.10,4.99,..,anti,.,0.62,1.29,,,,,,,5.93,0.65,5.61,0.49,6.19,39.50,2.94,C2'-endo
2,98,0.14,G,G,G,0,0,1,0,0,.,,0,,,1.50,3.61,2.77,2.38,0.91,3.87,3.33,2.93,..,anti,.,-0.83,0.97,3.95,4.67,3.52,5.61,3.90,5.30,6.00,0.49,5.78,0.35,6.24,29.45,2.89,C2'-endo
3,99,0.21,U,U,U,0,0,0,1,0,.,,0,,,0.94,3.95,3.19,2.35,1.04,1.32,6.00,3.23,..,anti,.,-0.75,1.22,3.65,1.65,2.72,2.37,3.19,1.94,5.96,0.52,5.78,0.33,6.28,30.37,2.82,C2'-endo
4,100,0.29,G,G,G,0,0,1,0,0,.,,0,,,1.87,1.31,2.25,1.41,3.99,2.64,1.35,0.91,BII,syn,.,-2.69,4.56,1.19,1.71,1.69,1.77,1.66,1.88,6.21,5.97,0.56,5.67,0.44,35.26,0.44,C3'-endo
5,101,0.36,G,G,G,0,0,1,0,0,(,0,1,cWW,cW-W,1.76,4.37,3.10,1.57,4.09,4.69,5.68,3.08,..,anti,.,4.77,4.82,3.26,3.55,3.22,3.47,3.00,3.47,0.29,5.71,0.63,5.80,0.13,36.37,6.16,C2'-exo
6,102,0.43,C,C,C,0,1,0,0,0,(,"0,0",2,"cWW,cWW","cW-W,cW-W",5.11,3.07,0.92,1.44,4.16,4.79,5.66,3.40,..,anti,.,4.47,4.73,3.05,3.88,3.16,3.94,3.30,4.61,0.07,5.85,0.61,5.70,0.32,35.67,0.21,C3'-endo
7,103,0.50,A,A,A,1,0,0,0,0,(,0,1,cWW,cW-W,5.00,2.63,1.19,1.45,3.47,5.13,4.62,3.35,BI,anti,A,4.52,4.57,2.66,3.78,3.07,3.65,4.09,3.91,0.13,5.79,0.66,5.68,0.30,37.89,0.14,C3'-endo
8,104,0.57,G,G,G,0,0,1,0,0,(,0,1,cWW,cW-W,4.94,3.37,0.95,1.37,4.04,4.84,5.48,3.44,BI,anti,A,4.40,4.73,3.08,3.76,3.16,3.86,3.64,4.21,0.06,5.83,0.66,5.64,0.37,39.10,0.24,C3'-endo
9,105,0.64,A,A,A,1,0,0,0,0,(,0,1,cWW,cW-W,5.09,2.54,1.33,1.44,3.84,5.00,5.13,3.27,BI,anti,A,4.37,4.46,2.91,3.86,3.24,3.72,3.81,4.15,6.21,5.97,0.55,5.67,0.43,35.09,0.44,C3'-endo
10,106,0.71,G,G,G,0,0,1,0,0,(,0,1,cWW,cW-W,5.31,3.23,0.39,1.36,3.11,4.96,4.43,3.54,BI,anti,A,4.33,4.44,2.68,3.59,2.89,3.61,3.69,3.99,0.09,5.79,0.69,5.63,0.36,40.15,0.20,C3'-endo
11,107,0.79,A,A,A,1,0,0,0,0,(,0,1,cWW,cW-W,2.99,3.67,2.80,1.49,4.07,5.05,5.30,3.13,..,anti,A,4.53,4.61,3.05,3.87,3.27,3.82,3.82,4.38,0.06,5.89,0.56,5.74,0.31,33.08,0.22,C3'-endo
12,108,0.86,G,G,G,0,0,1,0,0,(,0,1,cWW,cW-W,5.02,3.07,0.82,1.40,3.32,5.02,4.58,3.44,BI,anti,A,4.46,4.50,2.60,3.79,2.97,3.78,3.92,4.20,0.04,5.85,0.64,5.64,0.38,38.24,0.27,C3'-endo
13,109,0.93,C,C,C,0,1,0,0,0,(,0,1,cWW,cW-W,3.62,3.57,2.11,1.36,3.86,5.14,5.00,3.41,BI,anti,.,4.55,4.73,2.81,3.93,3.06,3.91,3.72,4.30,0.06,5.82,0.66,5.64,0.37,39.03,0.23,C3'-endo
14,110,1.00,G,G,G,0,0,1,0,0,(,0,1,cWW,cW-W,5.19,3.35,0.96,1.36,,,,3.89,n/a,anti,-,,,,,,,,,6.25,5.90,0.62,5.63,0.43,38.33,0.37,C3'-endo
