index_chain,old_nt_resnum,nt_position,nt_name,nt_code,nt_align_code,is_A,is_C,is_G,is_U,is_other,dbn,paired,nb_interact,pair_type_LW,pair_type_DSSR,alpha,beta,gamma,delta,epsilon,zeta,epsilon_zeta,chi,bb_type,glyco_bond,form,ssZp,Dp,eta,theta,eta_prime,theta_prime,eta_base,theta_base,v0,v1,v2,v3,v4,amplitude,phase_angle,puckering
1,1,0.01,C,C,C,0,1,0,0,0,.,,0,,,,4.24,0.66,1.43,3.82,4.66,5.43,3.43,BI,anti,.,4.38,4.56,,4.19,,4.24,,5.27,6.27,5.92,0.58,5.68,0.39,35.26,0.35,C3'-endo
2,2,0.01,G,G,G,0,0,1,0,0,.,,0,,,2.62,4.03,2.74,1.40,4.20,4.48,6.00,3.13,..,anti,A,4.77,4.79,2.57,3.69,3.08,3.66,4.41,4.04,0.09,5.81,0.66,5.66,0.34,38.42,0.20,C3'-endo
3,3,0.02,A,A,A,1,0,0,0,0,.,,0,,,5.74,2.49,0.79,1.41,3.80,4.97,5.12,3.27,BI,anti,A,4.47,4.51,3.00,3.90,3.26,3.89,3.91,4.54,6.21,5.96,0.57,5.65,0.45,36.23,0.44,C3'-endo
4,4,0.03,C,C,C,0,1,0,0,0,(,0,1,cWW,cW-W,5.22,2.88,0.96,1.40,3.80,5.09,5.00,3.52,BI,anti,A,4.28,4.58,2.94,3.90,3.23,3.92,4.18,4.56,6.27,5.90,0.61,5.65,0.41,37.10,0.34,C3'-endo
5,5,0.03,U,U,U,0,0,0,1,0,(,0,1,cWW,cW-W,5.06,2.94,1.05,1.39,3.85,4.81,5.33,3.52,BI,anti,A,4.30,4.64,2.88,3.70,3.19,3.72,4.10,4.13,6.28,5.88,0.63,5.64,0.41,38.14,0.32,C3'-endo
6,6,0.04,C,C,C,0,1,0,0,0,(,0,1,cWW,cW-W,5.43,2.84,0.75,1.36,3.84,4.56,5.56,3.56,BI,anti,A,4.26,4.66,2.90,3.54,3.09,3.59,3.72,3.75,6.28,5.88,0.64,5.62,0.42,39.06,0.33,C3'-endo
7,7,0.04,U,U,U,0,0,0,1,0,(,0,1,cWW,cW-W,5.75,2.67,0.63,1.36,3.39,4.74,4.93,3.58,BI,anti,A,4.21,4.41,2.98,3.92,3.14,3.79,3.45,4.27,6.22,5.93,0.61,5.62,0.46,37.96,0.42,C3'-endo
8,8,0.05,U,U,U,0,0,0,1,0,(,0,1,cWW,cW-W,2.74,3.80,2.86,1.31,4.32,4.54,6.07,3.38,..,anti,A,4.35,4.71,2.83,3.55,3.06,3.59,3.80,4.23,0.01,5.86,0.67,5.60,0.42,40.14,0.32,C3'-endo
9,9,0.06,A,A,A,1,0,0,0,0,(,0,1,cWW,cW-W,5.60,2.62,0.67,1.37,3.68,4.85,5.12,3.50,BI,anti,A,4.43,4.67,2.79,3.60,3.03,3.58,3.90,3.81,0.07,5.82,0.66,5.64,0.36,38.93,0.22,C3'-endo
10,10,0.06,G,G,G,0,0,1,0,0,(,0,1,cWW,cW-W,5.25,2.89,0.97,1.35,4.02,4.89,5.42,3.24,BI,anti,A,4.67,4.74,3.03,3.85,3.14,3.91,3.55,4.56,0.02,5.85,0.66,5.62,0.40,39.41,0.29,C3'-endo
11,11,0.07,C,C,C,0,1,0,0,0,(,0,1,cWW,cW-W,5.26,2.73,1.03,1.32,3.75,4.99,5.04,3.51,BI,anti,A,4.40,4.67,2.81,3.76,3.14,3.76,4.11,4.27,0.01,5.84,0.69,5.59,0.43,41.39,0.31,C3'-endo
12,12,0.08,G,G,G,0,0,1,0,0,(,0,1,cWW,cW-W,5.19,2.93,1.05,1.39,3.75,5.06,4.97,3.36,BI,anti,A,4.54,4.64,2.96,3.82,3.22,3.78,4.02,4.19,0.02,5.86,0.65,5.62,0.41,39.19,0.30,C3'-endo
13,13,0.08,G,G,G,0,0,1,0,0,(,0,1,cWW,cW-W,4.89,2.85,1.41,1.35,3.81,5.02,5.08,3.13,BI,anti,A,4.61,4.60,2.96,3.77,3.22,3.79,3.94,4.53,6.20,5.93,0.62,5.60,0.48,39.45,0.44,C3'-endo
14,14,0.09,U,U,U,0,0,0,1,0,.,0,1,tWH,tW-M,4.96,2.98,1.16,1.48,3.97,5.01,5.25,3.45,BI,anti,.,4.30,4.58,2.97,4.05,3.26,4.11,4.25,5.12,0.01,5.90,0.59,5.68,0.37,35.46,0.30,C3'-endo
15,15,0.10,G,G,G,0,0,1,0,0,.,0,1,tSH,tm-M,5.26,2.81,0.93,1.52,3.90,4.73,5.46,3.81,BI,anti,B,3.63,4.63,2.87,3.86,3.29,4.00,4.60,4.52,0.07,5.87,0.58,5.73,0.31,34.09,0.20,C3'-endo
16,16,0.10,G,G,G,0,0,1,0,0,.,0,1,tSH,tm-M,5.50,2.63,1.23,2.60,3.56,2.97,0.59,4.53,..,anti,.,2.09,2.01,2.98,2.86,3.87,2.29,4.44,2.78,5.89,0.65,5.64,0.43,6.25,38.31,2.86,C2'-endo
17,17,0.11,A,A,A,1,0,0,0,0,.,0,1,tHS,tM-m,5.09,2.59,0.85,1.42,3.83,5.12,5.00,3.28,BI,anti,.,4.58,4.65,3.06,4.07,2.86,4.09,3.21,4.83,0.01,5.88,0.62,5.65,0.39,37.44,0.30,C3'-endo
18,18,0.11,U,U,U,0,0,0,1,0,.,0,1,cWW,cW-W,5.11,2.93,1.10,1.45,3.87,5.01,5.14,3.46,BI,anti,A,4.35,4.59,2.97,3.94,3.35,3.93,4.47,4.51,0.01,5.90,0.59,5.68,0.37,35.59,0.31,C3'-endo
19,19,0.12,C,C,C,0,1,0,0,0,(,"0,0",2,"cWW,cSS","cW-W,cm-m",5.14,2.85,1.04,1.38,3.83,4.97,5.15,3.65,BI,anti,A,4.07,4.60,2.86,3.80,3.18,3.78,4.06,4.38,6.26,5.90,0.62,5.63,0.43,38.20,0.36,C3'-endo
20,20,0.13,A,A,A,1,0,0,0,0,(,0,1,cWW,cW-W,5.16,2.89,0.86,1.33,3.78,5.08,4.98,3.43,BI,anti,A,4.52,4.74,2.73,3.80,2.98,3.85,3.89,4.36,0.06,5.80,0.71,5.59,0.40,41.73,0.25,C3'-endo
21,21,0.13,C,C,C,0,1,0,0,0,(,0,1,cWW,cW-W,5.01,2.83,1.46,1.38,3.93,5.13,5.09,3.48,BI,anti,.,4.36,4.65,3.13,3.99,3.42,4.08,4.18,4.40,6.25,5.90,0.63,5.62,0.44,38.71,0.37,C3'-endo
22,22,0.14,U,U,U,0,0,0,1,0,.,0,1,tWH,tW-M,5.15,3.29,0.99,2.48,4.40,3.51,0.90,4.64,BII,anti,.,1.17,1.22,3.31,3.81,3.80,2.92,4.20,2.21,5.80,0.67,5.68,0.34,0.08,38.19,2.69,C2'-endo
23,23,0.15,C,C,C,0,1,0,0,0,.,,0,,,1.91,2.69,1.28,2.53,4.67,5.31,5.64,3.93,..,anti,.,0.75,0.83,0.56,5.64,1.23,5.26,1.53,5.80,5.92,0.60,5.69,0.40,6.26,35.37,2.86,C2'-endo
24,24,0.15,G,G,G,0,0,1,0,0,(,"0,0",2,"cWW,tSS","cW-W,tm+m",4.95,3.57,1.09,1.42,3.35,4.74,4.89,3.56,BI,anti,A,4.29,4.46,2.83,3.90,3.60,3.80,3.84,4.12,0.02,5.87,0.64,5.64,0.39,38.21,0.30,C3'-endo
25,25,0.16,G,G,G,0,0,1,0,0,(,0,1,cWW,cW-W,2.64,3.81,3.12,1.46,4.14,4.96,5.47,3.11,..,anti,.,4.62,4.65,3.08,3.75,3.29,3.82,3.91,4.69,0.03,5.88,0.60,5.69,0.35,35.40,0.27,C3'-endo
26,26,0.17,C,C,C,0,1,0,0,0,(,0,1,cWW,cW-W,5.43,2.75,0.77,1.34,3.86,4.78,5.37,3.46,BI,anti,A,4.43,4.69,2.76,3.64,3.17,3.66,4.40,4.02,0.03,5.83,0.69,5.59,0.42,41.26,0.29,C3'-endo
27,27,0.17,U,U,U,0,0,0,1,0,(,0,1,cWW,cW-W,5.26,2.74,1.03,1.38,3.89,4.87,5.31,3.51,BI,anti,A,4.36,4.69,2.94,3.76,3.13,3.74,3.70,4.25,0.04,5.84,0.65,5.64,0.38,38.71,0.26,C3'-endo
28,28,0.18,C,C,C,0,1,0,0,0,(,"0,0",2,"cWW,cSH","cW-W,cm+M",5.21,2.75,1.04,1.32,3.95,4.73,5.50,3.35,BI,anti,A,4.60,4.74,2.86,3.73,3.10,3.75,3.89,4.11,0.03,5.82,0.70,5.59,0.42,41.65,0.28,C3'-endo
29,29,0.18,G,G,G,0,0,1,0,0,(,0,1,cWW,cW-W,5.55,2.64,0.92,1.33,3.70,4.74,5.25,3.35,BI,anti,A,4.54,4.59,2.96,3.55,3.22,3.54,3.86,3.93,6.24,5.90,0.64,5.60,0.46,39.66,0.39,C3'-endo
30,30,0.19,U,U,U,0,0,0,1,0,(,0,1,cWW,cW-W,5.47,2.80,0.92,1.37,3.73,5.04,4.97,3.35,BI,anti,A,4.50,4.58,3.07,3.79,3.23,3.79,3.80,4.33,6.27,5.89,0.63,5.63,0.42,38.26,0.35,C3'-endo
31,31,0.20,G,G,G,0,0,1,0,0,(,0,1,cWW,cW-W,5.09,3.04,0.91,1.36,3.87,4.95,5.20,3.42,BI,anti,A,4.51,4.72,2.85,3.74,3.07,3.78,3.88,4.28,0.05,5.82,0.68,5.61,0.39,40.31,0.26,C3'-endo
32,32,0.20,C,C,C,0,1,0,0,0,(,0,1,cWW,cW-W,4.97,2.64,1.48,1.39,3.72,5.52,4.48,3.38,BI,anti,.,4.49,4.60,2.97,4.21,3.28,4.20,4.05,5.08,6.28,5.88,0.64,5.62,0.42,38.72,0.33,C3'-endo
33,33,0.21,G,G,G,0,0,1,0,0,(,"0,0",2,"cWW,cSW","cW-W,cm-W",4.71,3.00,1.39,1.53,4.44,2.68,1.75,3.51,BII,anti,.,3.90,4.46,3.11,1.93,3.60,1.84,4.85,1.36,6.26,5.97,0.51,5.75,0.36,31.29,0.37,C3'-endo
34,34,0.22,U,U,U,0,0,0,1,0,.,,0,,,4.93,2.60,6.12,2.58,3.84,4.11,6.01,4.34,..,anti,.,1.70,1.74,2.34,3.71,2.46,3.75,2.38,4.10,5.92,0.62,5.66,0.43,6.24,36.89,2.88,C2'-endo
35,35,0.22,C,C,C,0,1,0,0,0,(,0,1,cWW,cW-W,5.27,3.48,1.64,1.41,3.92,5.01,5.19,3.39,BI,anti,A,4.57,4.71,4.38,3.96,4.36,3.95,4.63,4.44,0.07,5.83,0.66,5.65,0.36,38.56,0.23,C3'-endo
36,36,0.23,G,G,G,0,0,1,0,0,.,37,1,cSH,cm+M,5.23,3.01,0.91,1.35,3.77,3.79,6.26,3.27,..,anti,.,4.70,4.71,2.91,2.97,3.18,3.13,4.02,2.50,0.04,5.83,0.68,5.61,0.40,40.19,0.28,C3'-endo
37,37,0.24,A,A,A,1,0,0,0,0,.,"36,105",2,"cHS,cWW","cM+m,cW-W",0.65,2.83,5.49,2.75,3.97,1.16,2.81,4.36,..,anti,.,1.10,1.64,3.26,1.21,3.16,0.36,2.36,5.92,6.20,0.43,5.69,0.56,5.98,34.45,3.32,C3'-exo
38,38,0.24,U,U,U,0,0,0,1,0,.,,0,,,1.16,3.25,1.30,2.53,4.63,5.63,5.27,3.96,..,anti,.,0.78,0.81,0.25,6.03,0.87,5.82,1.39,6.22,5.84,0.67,5.65,0.39,0.03,38.82,2.77,C2'-endo
39,39,0.25,G,G,G,0,0,1,0,0,.,"103,105",2,"tSH,tWW","tm-M,tW+W",4.66,3.82,1.26,2.51,4.13,2.13,1.99,4.44,..,anti,.,1.36,1.66,2.95,2.12,3.83,1.97,3.82,2.53,5.95,0.56,5.72,0.38,6.25,33.18,2.88,C2'-endo
40,40,0.25,A,A,A,1,0,0,0,0,.,104,1,tHH,tM+M,4.83,2.82,0.87,1.56,3.97,4.90,5.35,3.44,BI,anti,.,4.30,4.55,3.28,3.99,3.22,3.95,3.38,4.43,0.05,5.90,0.54,5.76,0.30,31.96,0.23,C3'-endo
41,41,0.26,A,A,A,1,0,0,0,0,.,102,1,tHS,tM-m,4.89,2.79,1.17,1.42,4.12,5.07,5.33,3.43,..,anti,.,4.43,4.75,2.80,4.21,3.07,4.27,3.85,5.05,0.03,5.85,0.64,5.64,0.38,38.36,0.28,C3'-endo
42,42,0.27,G,G,G,0,0,1,0,0,(,101,1,cWW,cW-W,5.33,2.74,0.96,1.37,3.75,4.95,5.08,3.38,BI,anti,A,4.59,4.69,2.78,3.78,3.30,3.76,4.55,4.11,0.05,5.82,0.68,5.62,0.38,39.95,0.25,C3'-endo
43,43,0.27,A,A,A,1,0,0,0,0,(,100,1,cWW,cW-W,5.22,2.86,1.12,1.38,3.71,5.01,4.99,3.30,BI,anti,A,4.50,4.57,3.03,3.74,3.28,3.73,3.92,4.22,6.25,5.90,0.63,5.62,0.43,38.52,0.37,C3'-endo
44,44,0.28,A,A,A,1,0,0,0,0,(,99,1,cWW,cW-W,5.08,2.92,1.09,1.38,3.80,4.98,5.10,3.34,BI,anti,A,4.58,4.66,2.93,3.79,3.18,3.81,3.96,4.62,0.01,5.87,0.64,5.63,0.41,38.75,0.31,C3'-endo
45,45,0.29,C,C,C,0,1,0,0,0,(,58,1,cWW,cW-W,5.14,2.82,1.09,1.40,3.72,5.01,5.00,3.41,BI,anti,A,4.53,4.67,2.86,3.79,3.19,3.75,4.34,4.14,0.10,5.79,0.68,5.64,0.34,39.82,0.18,C3'-endo
46,46,0.29,G,G,G,0,0,1,0,0,(,"57,61",2,"cWW,tSS","cW-W,tm+m",5.04,2.86,1.21,1.40,3.65,4.91,5.02,3.39,BI,anti,A,4.54,4.63,2.92,3.65,3.20,3.63,3.94,3.92,0.06,5.82,0.67,5.63,0.37,39.38,0.24,C3'-endo
47,47,0.30,C,C,C,0,1,0,0,0,(,56,1,cWW,cW-W,5.22,2.93,1.02,1.40,3.81,5.04,5.05,3.51,BI,anti,.,4.32,4.61,3.04,3.74,3.24,3.97,3.76,4.14,6.27,5.89,0.62,5.64,0.41,37.94,0.34,C3'-endo
48,48,0.31,A,A,A,1,0,0,0,0,.,,0,,,5.12,4.01,1.06,2.49,3.96,5.30,4.94,4.80,BI,anti,.,1.13,1.71,3.77,5.55,3.93,4.27,3.91,3.73,5.92,0.59,5.71,0.38,6.27,34.44,2.83,C2'-endo
49,49,0.31,G,G,G,0,0,1,0,0,[,76,1,cWW,cW-W,2.72,2.29,0.93,1.38,4.03,5.02,5.29,3.33,BI,anti,A,4.55,4.68,6.11,3.99,0.93,3.84,1.39,4.31,6.24,5.91,0.62,5.62,0.45,38.62,0.38,C3'-endo
50,50,0.32,C,C,C,0,1,0,0,0,[,75,1,cWW,cW-W,4.55,2.42,1.79,1.34,3.67,0.61,3.06,3.31,..,anti,.,4.63,4.66,2.68,5.94,3.05,5.18,3.98,4.77,0.06,5.81,0.69,5.61,0.39,40.76,0.24,C3'-endo
51,51,0.32,U,U,U,0,0,0,1,0,.,,0,,,1.50,2.28,2.98,2.43,4.00,3.32,0.68,4.51,BII,anti,.,1.69,1.81,1.87,1.60,2.44,1.77,2.89,1.76,5.83,0.64,5.72,0.31,0.09,36.14,2.68,C2'-endo
52,52,0.33,A,A,A,1,0,0,0,0,.,,0,,,3.68,2.63,0.98,1.35,3.86,4.95,5.20,3.29,BI,anti,A,4.70,4.76,2.04,3.85,1.85,3.86,2.01,4.32,0.08,5.79,0.70,5.61,0.37,41.10,0.22,C3'-endo
53,53,0.34,G,G,G,0,0,1,0,0,.,,0,,,5.27,2.78,1.21,1.39,4.05,5.04,5.29,3.24,BI,anti,.,4.61,4.66,3.15,4.03,3.43,4.03,4.19,4.87,6.26,5.90,0.62,5.64,0.42,37.81,0.35,C3'-endo
54,54,0.34,C,C,C,0,1,0,0,0,.,,0,,,5.11,2.78,1.10,1.37,3.94,5.12,5.10,3.43,BI,anti,.,4.41,4.64,2.81,4.02,3.19,4.04,4.39,4.86,6.25,5.90,0.63,5.61,0.45,38.90,0.38,C3'-endo
55,55,0.35,U,U,U,0,0,0,1,0,.,62,1,cWW,cW-W,5.10,2.87,1.03,1.40,3.77,5.09,4.96,3.49,BI,anti,A,4.43,4.66,2.79,3.89,3.20,3.87,4.38,4.44,0.03,5.86,0.63,5.65,0.38,37.70,0.27,C3'-endo
56,56,0.36,G,G,G,0,0,1,0,0,),47,1,cWW,cW-W,5.11,3.00,1.00,1.38,3.39,4.77,4.91,3.38,BI,anti,A,4.39,4.43,2.87,3.95,3.19,3.89,4.09,4.58,6.25,5.92,0.61,5.64,0.43,37.28,0.37,C3'-endo
57,57,0.36,C,C,C,0,1,0,0,0,),46,1,cWW,cW-W,2.75,3.93,2.90,1.45,3.95,4.77,5.46,3.25,BI,anti,A,4.48,4.56,2.93,3.54,3.31,3.64,4.33,3.90,0.01,5.90,0.59,5.68,0.38,35.50,0.31,C3'-endo
58,58,0.37,G,G,G,0,0,1,0,0,),"45,59",2,"cWW,cSW","cW-W,cm-W",5.39,3.07,1.00,2.54,4.74,2.19,2.55,3.98,BII,anti,.,0.59,0.73,3.62,2.91,3.98,2.80,4.21,3.17,5.92,0.60,5.69,0.40,6.26,35.68,2.86,C2'-endo
59,59,0.38,A,A,A,1,0,0,0,0,.,58,1,cWS,cW-m,0.63,2.38,5.15,2.60,4.21,1.42,2.79,0.97,..,syn,.,-1.36,1.34,3.53,1.45,3.31,0.75,3.49,6.16,5.95,0.59,5.67,0.44,6.21,36.02,2.92,C2'-endo
60,60,0.38,G,G,G,0,0,1,0,0,.,96,1,tWS,tW+m,1.07,3.23,1.31,2.60,4.65,4.92,6.01,3.55,..,anti,.,0.10,0.62,0.28,5.35,0.70,5.03,1.37,5.45,5.86,0.68,5.62,0.43,6.27,39.70,2.83,C2'-endo
61,61,0.39,A,A,A,1,0,0,0,0,.,46,1,tSS,tm+m,5.33,3.15,0.90,1.43,3.82,3.54,0.28,3.71,..,anti,.,3.96,4.71,2.92,2.28,3.67,2.79,4.14,2.99,0.08,5.81,0.66,5.66,0.34,38.49,0.20,C3'-endo
62,62,0.39,A,A,A,1,0,0,0,0,.,55,1,cWW,cW-W,5.56,3.31,1.02,2.52,4.64,1.18,3.46,4.67,..,anti,.,-0.04,1.34,4.41,0.97,4.05,0.64,3.26,0.99,6.05,0.49,5.75,0.42,6.16,30.88,3.03,C2'-endo
63,63,0.40,U,U,U,0,0,0,1,0,.,,0,,,3.67,1.95,2.94,1.40,3.70,4.91,5.08,3.44,BI,anti,.,4.42,4.57,3.39,2.70,3.50,3.11,3.60,3.64,6.26,5.91,0.61,5.65,0.41,37.16,0.36,C3'-endo
64,64,0.41,U,U,U,0,0,0,1,0,(,95,1,cWW,cW-W,4.73,3.61,1.10,1.41,3.68,5.14,4.83,3.41,BI,anti,A,4.53,4.62,3.07,3.87,3.11,3.94,3.55,4.58,0.03,5.86,0.64,5.64,0.39,38.13,0.28,C3'-endo
65,65,0.41,A,A,A,1,0,0,0,0,.,93,1,cWW,cW-W,4.97,3.05,1.15,1.44,3.83,5.05,5.06,3.24,BI,anti,.,4.50,4.57,2.98,3.93,3.27,3.97,4.19,4.78,6.28,5.90,0.60,5.67,0.39,36.38,0.32,C3'-endo
66,66,0.42,A,A,A,1,0,0,0,0,(,92,1,cWW,cW-W,5.15,2.94,0.98,1.39,3.94,4.72,5.50,3.66,BI,anti,A,4.02,4.73,2.90,3.74,3.23,3.76,4.34,4.09,0.09,5.79,0.68,5.64,0.35,39.86,0.19,C3'-endo
67,67,0.43,U,U,U,0,0,0,1,0,(,91,1,cWW,cW-W,5.50,2.67,0.85,1.36,3.81,4.90,5.20,3.52,BI,anti,A,4.38,4.67,2.89,3.78,3.12,3.79,3.70,4.45,0.02,5.84,0.67,5.61,0.41,39.97,0.29,C3'-endo
68,68,0.43,G,G,G,0,0,1,0,0,(,90,1,cWW,cW-W,5.33,2.84,0.91,1.40,3.80,5.20,4.88,3.35,BI,anti,A,4.60,4.70,2.93,4.02,3.19,4.05,4.14,4.77,0.06,5.84,0.65,5.65,0.37,38.42,0.24,C3'-endo
69,69,0.44,U,U,U,0,0,0,1,0,.,89,1,cWW,cW-W,5.00,2.92,1.25,1.44,4.09,4.83,5.54,3.43,..,anti,.,4.24,4.55,3.06,3.94,3.41,4.13,4.44,5.11,6.24,5.94,0.58,5.67,0.41,35.69,0.39,C3'-endo
70,70,0.45,G,G,G,0,0,1,0,0,.,88,1,tSH,tm-M,5.40,2.66,1.25,2.51,3.81,3.25,0.55,4.42,..,anti,.,1.89,1.98,3.07,2.94,3.88,2.76,4.94,3.11,5.92,0.58,5.72,0.37,6.28,33.97,2.82,C2'-endo
71,71,0.45,A,A,A,1,0,0,0,0,.,"82,87",2,"tWH,tHS","tW-M,tM-m",4.68,2.78,1.39,2.63,4.54,2.33,2.21,3.74,BII,anti,.,0.62,0.75,3.63,2.69,3.65,2.37,3.75,2.82,5.92,0.63,5.64,0.45,6.22,37.67,2.90,C2'-endo
72,72,0.46,A,A,A,1,0,0,0,0,.,,0,,,5.19,1.96,1.50,1.43,3.70,5.20,4.79,3.20,BI,anti,A,4.66,4.65,3.64,4.07,3.87,3.83,4.30,4.27,0.04,5.85,0.63,5.66,0.37,37.42,0.26,C3'-endo
73,73,0.46,U,U,U,0,0,0,1,0,.,,0,,,4.76,3.27,1.12,1.40,3.86,5.49,4.65,3.38,BI,anti,.,4.54,4.67,2.90,4.34,3.17,4.41,4.03,5.37,0.00,5.87,0.63,5.63,0.41,38.29,0.32,C3'-endo
74,74,0.47,U,U,U,0,0,0,1,0,.,,0,,,4.74,3.13,1.17,1.42,3.18,4.60,4.86,3.66,BI,anti,.,4.10,4.36,2.69,2.98,3.31,2.32,4.72,1.50,0.04,5.87,0.62,5.67,0.36,36.63,0.27,C3'-endo
75,75,0.48,G,G,G,0,0,1,0,0,],50,1,cWW,cW-W,3.56,2.61,0.70,1.36,3.91,4.56,5.63,3.34,BI,anti,A,4.60,4.73,0.98,3.65,0.92,3.69,0.93,3.91,0.06,5.82,0.68,5.62,0.38,39.87,0.24,C3'-endo
76,76,0.48,C,C,C,0,1,0,0,0,],49,1,cWW,cW-W,5.64,2.60,0.88,1.39,3.46,4.79,4.95,3.57,BI,anti,A,4.29,4.49,2.99,4.11,3.21,3.93,3.67,4.42,6.26,5.91,0.61,5.64,0.42,37.66,0.36,C3'-endo
77,77,0.49,A,A,A,1,0,0,0,0,.,,0,,,2.63,3.82,3.05,1.41,4.33,4.67,5.94,3.21,..,anti,.,4.63,4.73,2.96,3.65,3.24,3.74,4.11,4.72,0.04,5.85,0.63,5.66,0.37,37.60,0.26,C3'-endo
78,78,0.50,G,G,G,0,0,1,0,0,.,,0,,,5.47,2.48,0.95,1.49,4.08,4.76,5.60,3.47,..,anti,.,4.33,4.66,2.88,3.92,3.27,3.89,4.50,4.46,0.04,5.89,0.58,5.71,0.34,34.62,0.26,C3'-endo
79,79,0.50,G,G,G,0,0,1,0,0,.,,0,,,5.06,2.55,1.30,1.50,4.70,3.91,0.79,3.74,..,anti,.,3.11,4.51,3.16,3.82,3.38,3.41,4.15,3.91,6.28,5.93,0.56,5.71,0.37,33.85,0.33,C3'-endo
80,80,0.51,A,A,A,1,0,0,0,0,.,,0,,,1.12,4.32,3.37,1.33,4.32,5.72,4.89,1.10,..,syn,.,-1.73,4.64,2.34,4.51,2.44,3.93,3.38,2.56,6.23,5.92,0.62,5.62,0.45,38.52,0.40,C3'-endo
81,81,0.52,C,C,C,0,1,0,0,0,.,,0,,,3.14,1.72,2.79,2.65,4.86,1.86,3.00,3.46,..,anti,.,0.00,0.32,3.02,1.21,3.10,1.11,1.95,0.60,5.90,0.67,5.61,0.47,6.23,39.94,2.89,C2'-endo
82,82,0.52,A,A,A,1,0,0,0,0,.,71,1,tHW,tM-W,0.81,3.86,3.52,1.41,3.29,0.53,2.76,4.28,..,anti,.,2.55,4.42,2.90,4.58,2.50,4.49,2.15,4.95,0.01,5.89,0.60,5.67,0.38,36.29,0.31,C3'-endo
83,83,0.53,C,C,C,0,1,0,0,0,.,,0,,,4.20,3.77,0.13,1.38,3.54,3.50,0.04,3.28,..,anti,.,4.49,4.53,2.08,1.99,2.72,2.10,3.60,4.15,6.27,5.89,0.62,5.64,0.41,37.67,0.34,C3'-endo
84,84,0.54,A,A,A,1,0,0,0,0,.,,0,,,0.84,3.49,0.50,1.39,3.68,2.08,1.59,3.03,..,anti,.,4.70,4.71,5.04,1.51,4.76,1.67,3.12,4.28,0.20,5.70,0.73,5.65,0.27,41.72,0.05,C3'-endo
85,85,0.54,U,U,U,0,0,0,1,0,.,,0,,,0.51,1.23,2.95,1.43,4.19,5.49,4.98,3.49,..,anti,.,4.20,4.63,6.14,3.42,5.63,3.29,2.90,2.28,6.26,5.92,0.59,5.66,0.41,36.42,0.36,C3'-endo
86,86,0.55,U,U,U,0,0,0,1,0,.,,0,,,4.94,3.03,5.55,2.60,3.62,2.55,1.07,4.55,..,anti,.,1.77,2.01,1.04,1.62,1.52,1.13,0.70,0.55,6.01,0.54,5.70,0.44,6.18,33.89,2.99,C2'-endo
87,87,0.55,G,G,G,0,0,1,0,0,.,71,1,tSH,tm-M,4.67,2.27,5.95,2.62,4.30,2.16,2.14,5.20,..,anti,.,0.65,1.13,1.59,2.08,1.71,1.98,1.60,2.65,5.90,0.65,5.63,0.45,6.24,38.52,2.88,C2'-endo
88,88,0.56,A,A,A,1,0,0,0,0,.,70,1,tHS,tM-m,4.15,2.93,1.04,1.49,3.89,5.27,4.90,3.29,BI,anti,.,4.59,4.67,2.86,4.24,2.76,4.26,3.27,5.05,0.09,5.84,0.61,5.71,0.31,35.63,0.18,C3'-endo
89,89,0.57,U,U,U,0,0,0,1,0,.,69,1,cWW,cW-W,4.97,2.95,1.16,1.43,3.68,5.11,4.85,3.50,BI,anti,A,4.34,4.55,2.82,3.87,3.32,3.84,4.57,4.56,0.00,5.89,0.62,5.65,0.40,37.15,0.32,C3'-endo
90,90,0.57,C,C,C,0,1,0,0,0,),68,1,cWW,cW-W,4.94,2.87,1.22,1.40,3.80,4.89,5.19,3.56,BI,anti,A,4.27,4.64,2.88,3.70,3.22,3.64,4.26,4.02,0.03,5.86,0.64,5.65,0.38,37.99,0.28,C3'-endo
91,91,0.58,A,A,A,1,0,0,0,0,),67,1,cWW,cW-W,4.99,2.72,1.26,1.38,3.71,5.04,4.95,3.28,BI,anti,A,4.59,4.63,2.83,3.80,3.09,3.76,3.79,4.35,0.01,5.86,0.65,5.62,0.42,39.34,0.31,C3'-endo
92,92,0.59,U,U,U,0,0,0,1,0,),66,1,cWW,cW-W,5.10,2.90,1.15,1.40,3.88,5.28,4.88,3.31,BI,anti,.,4.58,4.68,2.99,4.17,3.28,4.23,4.20,5.10,0.06,5.83,0.65,5.65,0.37,38.44,0.24,C3'-endo
93,93,0.59,C,C,C,0,1,0,0,0,.,65,1,cWW,cW-W,5.03,2.90,1.25,1.46,3.84,3.92,6.21,3.54,..,anti,.,4.21,4.57,2.96,2.67,3.48,2.26,4.76,1.36,0.01,5.90,0.59,5.68,0.38,35.57,0.31,C3'-endo
94,94,0.60,G,G,G,0,0,1,0,0,.,,0,,,4.80,2.43,0.05,2.55,4.52,4.00,0.52,4.99,..,anti,.,0.50,0.93,1.99,4.28,2.00,4.23,1.65,4.96,5.89,0.63,5.67,0.40,6.28,37.14,2.82,C2'-endo
95,95,0.61,A,A,A,1,0,0,0,0,),64,1,cWW,cW-W,5.44,2.78,0.73,1.41,3.63,4.81,5.11,3.25,BI,anti,A,4.63,4.64,3.16,4.21,3.52,4.12,4.03,4.77,0.06,5.84,0.64,5.67,0.35,37.41,0.23,C3'-endo
96,96,0.61,C,C,C,0,1,0,0,0,.,60,1,tSW,tm+W,2.87,3.83,2.79,1.39,4.23,4.84,5.67,3.34,..,anti,.,4.44,4.68,2.83,3.78,3.21,3.76,4.22,4.51,0.01,5.88,0.63,5.64,0.40,37.85,0.31,C3'-endo
97,97,0.62,A,A,A,1,0,0,0,0,.,,0,,,5.14,2.55,1.17,1.41,3.92,4.95,5.24,3.31,BI,anti,A,4.58,4.68,2.74,3.95,3.13,3.92,4.23,4.56,0.02,5.86,0.64,5.64,0.40,38.26,0.30,C3'-endo
98,98,0.62,C,C,C,0,1,0,0,0,.,,0,,,5.29,2.81,1.06,1.44,4.09,2.87,1.23,3.56,BII,anti,.,4.08,4.57,3.07,1.76,3.38,2.02,4.32,2.56,6.24,5.94,0.57,5.67,0.41,35.34,0.39,C3'-endo
99,99,0.63,U,U,U,0,0,0,1,0,),44,1,cWW,cW-W,4.89,2.97,0.82,1.45,4.02,5.08,5.23,3.23,BI,anti,A,4.51,4.60,3.40,4.10,3.16,4.14,2.71,4.73,0.02,5.89,0.60,5.68,0.37,35.73,0.29,C3'-endo
100,100,0.64,U,U,U,0,0,0,1,0,),43,1,cWW,cW-W,5.06,2.97,1.00,1.38,3.73,5.11,4.90,3.40,BI,anti,A,4.42,4.56,2.78,3.79,3.14,3.76,4.05,4.22,6.23,5.92,0.61,5.63,0.45,38.05,0.40,C3'-endo
101,101,0.64,C,C,C,0,1,0,0,0,),42,1,cWW,cW-W,4.56,2.77,1.69,1.38,3.85,5.33,4.80,3.31,BI,anti,.,4.38,4.52,2.89,4.06,3.18,4.05,3.91,4.97,6.22,5.93,0.60,5.63,0.45,37.79,0.42,C3'-endo
102,102,0.65,G,G,G,0,0,1,0,0,.,41,1,tSH,tm-M,4.89,2.98,1.19,1.45,4.39,4.69,5.99,3.60,..,anti,.,3.69,4.44,3.00,3.97,3.41,3.95,4.63,3.74,6.21,5.97,0.55,5.67,0.43,35.07,0.44,C3'-endo
103,103,0.66,A,A,A,1,0,0,0,0,.,39,1,tHS,tM-m,5.32,3.47,0.02,1.35,3.49,0.53,2.96,4.68,..,anti,.,0.66,4.49,2.47,5.40,2.55,5.23,2.53,5.34,6.23,5.91,0.63,5.61,0.46,39.25,0.40,C3'-endo
104,104,0.66,A,A,A,1,0,0,0,0,.,40,1,tHH,tM+M,1.65,2.85,3.01,2.54,4.82,2.00,2.82,4.22,..,anti,.,0.24,0.40,2.72,1.59,3.23,1.55,3.51,0.80,5.87,0.65,5.66,0.40,0.00,37.91,2.81,C2'-endo
105,105,0.67,C,C,C,0,1,0,0,0,.,"37,39",2,"cWW,tWW","cW-W,tW+W",2.41,3.61,1.33,2.54,4.65,1.40,3.25,3.34,..,anti,.,0.72,0.81,2.18,2.16,2.18,1.44,1.62,0.11,5.96,0.57,5.69,0.42,6.22,34.72,2.92,C2'-endo
106,106,0.68,G,G,G,0,0,1,0,0,(,113,1,cWW,cW-W,1.11,2.69,1.01,1.45,4.05,4.26,6.07,3.13,..,anti,A,4.70,4.72,5.86,3.82,5.85,3.88,0.86,4.31,0.07,5.84,0.63,5.68,0.34,36.95,0.22,C3'-endo
107,107,0.68,C,C,C,0,1,0,0,0,(,112,1,cWW,cW-W,0.03,2.24,0.36,1.35,3.40,4.87,4.81,3.50,BI,anti,A,4.38,4.50,2.89,4.15,3.16,4.05,3.90,4.70,6.26,5.89,0.64,5.62,0.43,38.88,0.35,C3'-endo
108,108,0.69,A,A,A,1,0,0,0,0,.,,0,,,2.91,3.84,2.70,1.37,4.38,4.91,5.75,3.12,..,anti,.,4.75,4.80,2.86,3.90,3.19,3.94,4.22,4.53,0.06,5.82,0.67,5.63,0.38,39.46,0.25,C3'-endo
109,109,0.69,C,C,C,0,1,0,0,0,.,,0,,,5.08,2.04,2.10,1.47,2.94,4.75,4.48,3.16,BI,anti,.,3.35,3.80,3.43,2.33,3.89,1.73,4.87,0.80,6.15,6.05,0.49,5.70,0.46,33.16,0.55,C3'-endo
110,110,0.70,U,U,U,0,0,0,1,0,.,,0,,,3.66,2.21,1.64,1.44,4.39,5.64,5.03,4.47,..,anti,.,0.58,4.37,1.89,5.09,1.75,4.44,1.50,4.22,6.14,6.03,0.52,5.67,0.48,34.80,0.55,C3'-endo
111,111,0.71,U,U,U,0,0,0,1,0,.,,0,,,2.92,2.21,5.47,2.68,3.72,1.51,2.21,3.38,..,anti,.,0.43,1.80,4.54,1.08,5.40,1.06,5.62,1.55,5.87,0.70,5.58,0.49,6.23,41.94,2.88,C2'-endo
112,112,0.71,G,G,G,0,0,1,0,0,),107,1,cWW,cW-W,3.68,3.37,1.27,1.41,3.78,4.99,5.07,3.39,BI,anti,A,4.60,4.73,2.54,3.82,2.68,3.83,2.56,4.18,0.10,5.79,0.68,5.64,0.34,39.55,0.18,C3'-endo
113,113,0.72,C,C,C,0,1,0,0,0,),106,1,cWW,cW-W,4.95,2.97,1.20,1.38,3.84,5.75,4.38,3.56,..,anti,.,4.31,4.69,2.92,4.10,3.15,3.76,3.78,3.46,0.03,5.85,0.65,5.63,0.40,39.11,0.29,C3'-endo
114,114,0.73,G,G,G,0,0,1,0,0,(,136,1,cWW,cW-W,4.11,1.58,3.19,1.37,3.98,4.83,5.43,3.12,BI,anti,A,4.68,4.70,3.38,2.65,3.28,3.08,3.20,3.97,0.02,5.86,0.65,5.63,0.40,38.75,0.29,C3'-endo
115,115,0.73,G,G,G,0,0,1,0,0,(,135,1,cWW,cW-W,5.43,2.91,0.81,1.45,3.92,4.21,5.99,3.52,..,anti,A,4.30,4.68,3.02,3.95,3.27,3.84,4.17,4.07,0.09,5.83,0.63,5.69,0.32,36.64,0.19,C3'-endo
116,116,0.74,C,C,C,0,1,0,0,0,(,134,1,cWW,cW-W,2.27,4.18,3.08,1.38,4.19,4.78,5.69,3.31,..,anti,A,4.58,4.76,2.74,3.70,3.01,3.67,3.55,4.17,0.08,5.81,0.67,5.64,0.35,39.41,0.21,C3'-endo
117,117,0.75,C,C,C,0,1,0,0,0,(,133,1,cWW,cW-W,5.44,2.91,0.72,1.36,3.76,5.06,4.98,3.48,BI,anti,A,4.44,4.68,2.81,3.80,3.07,3.82,3.86,4.24,0.05,5.82,0.68,5.62,0.39,40.06,0.26,C3'-endo
118,118,0.75,C,C,C,0,1,0,0,0,(,132,1,cWW,cW-W,5.06,2.91,1.25,1.32,3.71,4.93,5.07,3.49,BI,anti,A,4.42,4.63,2.97,3.61,3.23,3.61,3.90,4.08,6.23,5.90,0.64,5.59,0.47,39.92,0.40,C3'-endo
119,119,0.76,C,C,C,0,1,0,0,0,(,131,1,cWW,cW-W,5.26,2.85,1.03,1.33,3.47,4.67,5.08,3.47,BI,anti,A,4.43,4.53,2.94,3.73,3.20,3.64,3.93,4.08,6.27,5.87,0.65,5.61,0.43,39.51,0.34,C3'-endo
120,120,0.76,G,G,G,0,0,1,0,0,(,130,1,cWW,cW-W,3.40,3.72,2.09,1.35,4.50,3.84,0.66,3.28,..,anti,A,4.57,4.86,2.72,3.89,2.83,3.78,3.47,3.83,0.11,5.76,0.71,5.62,0.35,41.47,0.17,C3'-endo
121,121,0.77,G,G,G,0,0,1,0,0,.,,0,,,1.69,4.65,3.31,1.43,3.31,0.34,2.97,3.17,..,anti,.,4.51,4.53,2.88,4.81,3.27,3.93,3.71,3.68,0.11,5.80,0.65,5.67,0.32,37.89,0.17,C3'-endo
122,122,0.78,G,G,G,0,0,1,0,0,.,,0,,,2.51,1.85,2.73,1.39,4.21,5.05,5.44,3.81,..,anti,.,3.40,4.74,1.86,3.28,2.40,3.39,2.62,3.80,0.03,5.86,0.63,5.65,0.38,37.48,0.28,C3'-endo
123,123,0.78,U,U,U,0,0,0,1,0,.,,0,,,5.31,3.51,0.02,1.33,3.13,1.79,1.34,3.24,..,anti,.,4.51,4.54,2.44,5.61,2.64,5.23,3.25,4.79,0.09,5.79,0.69,5.63,0.36,40.40,0.20,C3'-endo
124,124,0.79,U,U,U,0,0,0,1,0,.,,0,,,5.85,4.44,0.19,2.57,4.70,4.08,0.63,3.65,..,anti,.,0.80,0.84,4.94,4.16,5.80,4.36,0.22,4.70,5.98,0.57,5.68,0.44,6.19,35.18,2.96,C2'-endo
125,125,0.80,C,C,C,0,1,0,0,0,.,,0,,,4.38,3.43,1.11,2.52,3.92,3.77,0.16,3.89,..,anti,.,1.60,1.66,2.97,4.09,3.38,3.65,3.64,4.04,5.92,0.60,5.69,0.40,6.25,35.27,2.86,C2'-endo
126,126,0.80,C,C,C,0,1,0,0,0,.,,0,,,1.40,4.12,4.42,1.44,4.35,5.62,5.01,1.31,..,syn,.,-0.85,4.36,3.73,4.37,3.64,4.45,4.33,5.50,6.21,5.98,0.54,5.68,0.42,34.48,0.44,C3'-endo
127,127,0.81,U,U,U,0,0,0,1,0,.,,0,,,3.02,3.34,2.40,1.35,3.82,1.00,2.81,3.49,..,anti,.,4.42,4.69,2.05,5.85,2.89,5.68,4.42,4.75,0.06,5.82,0.67,5.63,0.37,39.48,0.24,C3'-endo
128,128,0.82,C,C,C,0,1,0,0,0,.,,0,,,4.24,3.73,1.98,2.68,4.18,3.06,1.12,3.44,BII,anti,.,0.77,1.20,3.86,3.04,5.13,2.03,0.02,0.85,5.95,0.63,5.61,0.50,6.18,39.02,2.97,C2'-endo
129,129,0.82,C,C,C,0,1,0,0,0,.,,0,,,2.20,1.92,1.60,2.44,5.05,3.80,1.25,1.18,..,syn,.,-0.11,0.31,1.79,4.31,1.73,3.69,2.24,3.67,5.89,0.58,5.74,0.33,0.04,33.48,2.75,C2'-endo
130,130,0.83,C,C,C,0,1,0,0,0,),120,1,cWW,cW-W,2.55,3.31,2.26,1.44,3.67,5.01,4.94,3.43,BI,anti,A,4.49,4.62,1.46,3.64,2.51,3.54,2.60,3.99,0.08,5.83,0.64,5.67,0.34,37.63,0.21,C3'-endo
131,131,0.83,G,G,G,0,0,1,0,0,),119,1,cWW,cW-W,5.10,2.92,0.99,1.39,3.74,5.01,5.02,3.45,BI,anti,A,4.50,4.69,2.84,3.78,3.09,3.76,3.86,4.18,0.06,5.83,0.65,5.65,0.36,38.36,0.23,C3'-endo
132,132,0.84,G,G,G,0,0,1,0,0,),118,1,cWW,cW-W,5.17,2.96,0.94,1.33,3.71,4.92,5.07,3.33,BI,anti,A,4.65,4.71,2.87,3.62,3.10,3.65,3.82,4.03,0.03,5.83,0.69,5.59,0.41,41.08,0.28,C3'-endo
133,133,0.85,G,G,G,0,0,1,0,0,),117,1,cWW,cW-W,5.28,2.88,1.06,1.33,3.96,4.90,5.34,3.15,BI,anti,A,4.68,4.69,3.08,3.80,3.26,3.84,3.84,4.33,6.28,5.87,0.66,5.60,0.43,40.05,0.33,C3'-endo
134,134,0.85,G,G,G,0,0,1,0,0,),116,1,cWW,cW-W,5.29,2.84,0.99,1.33,3.79,5.02,5.06,3.37,BI,anti,A,4.54,4.66,2.93,3.77,3.19,3.81,3.96,4.46,6.27,5.87,0.66,5.60,0.44,40.11,0.34,C3'-endo
135,135,0.86,C,C,C,0,1,0,0,0,),115,1,cWW,cW-W,5.13,2.96,1.05,1.40,3.67,4.98,4.98,3.63,BI,anti,A,4.16,4.57,2.92,3.73,3.21,3.71,4.10,4.11,6.25,5.92,0.61,5.64,0.43,37.52,0.38,C3'-endo
136,136,0.87,U,U,U,0,0,0,1,0,),114,1,cWW,cW-W,5.16,2.91,1.04,1.41,4.55,3.93,0.62,3.65,..,anti,.,3.52,4.54,3.18,4.02,3.33,4.21,3.86,4.67,6.23,5.94,0.59,5.65,0.44,36.77,0.41,C3'-endo
137,137,0.87,A,A,A,1,0,0,0,0,.,,0,,,0.93,2.54,0.68,1.42,3.94,4.89,5.34,3.27,BI,anti,A,4.59,4.66,4.30,3.92,4.37,3.93,4.30,4.45,0.01,5.89,0.61,5.66,0.39,36.86,0.31,C3'-endo
138,138,0.88,C,C,C,0,1,0,0,0,(,0,1,cWW,cW-W,5.13,2.73,1.19,1.38,3.97,4.86,5.40,3.48,BI,anti,A,4.32,4.65,2.94,3.79,3.23,3.75,4.05,4.24,6.28,5.88,0.64,5.63,0.42,38.74,0.33,C3'-endo
139,139,0.89,G,G,G,0,0,1,0,0,(,0,1,cWW,cW-W,5.16,2.75,1.04,1.35,3.81,5.14,4.95,3.35,BI,anti,.,4.57,4.68,2.82,3.94,3.07,3.97,3.86,4.76,0.01,5.85,0.67,5.61,0.42,40.05,0.31,C3'-endo
140,140,0.89,C,C,C,0,1,0,0,0,.,0,1,cWW,cW-W,5.09,2.87,1.15,1.37,3.74,4.49,5.53,3.46,BI,anti,.,4.46,4.65,2.90,3.32,3.30,3.30,4.47,3.20,0.03,5.84,0.66,5.62,0.40,39.67,0.28,C3'-endo
141,141,0.90,C,C,C,0,1,0,0,0,(,0,1,cWW,cW-W,5.46,2.78,0.76,1.36,3.77,4.82,5.23,3.53,BI,anti,A,4.32,4.64,2.96,3.63,2.97,3.65,2.97,3.97,0.01,5.85,0.66,5.61,0.42,39.84,0.31,C3'-endo
142,142,0.90,U,U,U,0,0,0,1,0,(,0,1,cWW,cW-W,5.26,2.88,0.90,1.37,3.81,5.09,5.00,3.56,BI,anti,A,4.29,4.67,2.90,3.88,3.06,3.85,3.58,4.50,0.03,5.85,0.66,5.62,0.40,39.32,0.28,C3'-endo
143,143,0.91,G,G,G,0,0,1,0,0,(,0,1,cWW,cW-W,4.93,2.83,1.24,1.34,3.70,5.09,4.89,3.25,BI,anti,A,4.72,4.72,2.78,3.76,3.09,3.76,4.12,4.06,0.06,5.81,0.68,5.62,0.39,40.38,0.25,C3'-endo
144,144,0.92,U,U,U,0,0,0,1,0,(,0,1,cWW,cW-W,5.08,2.97,1.27,1.36,3.91,4.89,5.31,3.41,BI,anti,A,4.40,4.58,3.15,3.74,3.40,3.76,3.95,4.46,6.21,5.94,0.61,5.61,0.47,38.54,0.43,C3'-endo
145,145,0.92,C,C,C,0,1,0,0,0,(,0,1,cWW,cW-W,5.18,2.74,1.04,1.37,3.73,4.99,5.02,3.53,BI,anti,A,4.37,4.64,2.80,3.76,3.10,3.73,4.09,4.24,0.02,5.85,0.65,5.62,0.40,39.16,0.30,C3'-endo
146,146,0.93,U,U,U,0,0,0,1,0,(,0,1,cWW,cW-W,5.12,2.90,1.04,1.36,3.79,5.23,4.84,3.42,BI,anti,.,4.54,4.70,2.87,4.01,3.12,4.09,3.94,4.16,0.04,5.82,0.68,5.61,0.40,40.31,0.26,C3'-endo
147,147,0.94,G,G,G,0,0,1,0,0,(,"0,0",2,"cWW,c.W","cW-W,c.-W",5.04,3.30,1.07,2.46,3.59,3.64,6.24,4.32,..,anti,.,2.66,2.38,2.98,3.28,3.55,3.03,3.81,3.81,5.74,0.75,5.64,0.34,0.13,41.85,2.64,C2'-endo
148,148,0.94,A,A,A,1,0,0,0,0,(,0,1,cWW,cW-W,5.29,2.62,0.72,1.36,4.15,4.53,5.90,3.38,..,anti,A,4.43,4.70,3.04,3.72,2.92,3.78,3.77,4.30,6.27,5.88,0.64,5.61,0.43,39.14,0.35,C3'-endo
149,149,0.95,G,G,G,0,0,1,0,0,(,0,1,cWW,cW-W,5.48,2.63,0.81,1.42,4.18,3.51,0.67,3.68,..,anti,.,3.80,4.67,2.99,3.07,3.15,2.65,3.78,1.95,6.28,5.90,0.61,5.65,0.41,37.08,0.34,C3'-endo
150,150,0.96,C,C,C,0,1,0,0,0,.,,0,,,2.28,3.45,0.72,1.43,4.32,3.37,0.95,3.39,BII,anti,.,4.37,4.70,0.56,2.85,0.54,2.88,0.72,5.65,0.04,5.87,0.61,5.68,0.36,36.22,0.27,C3'-endo
151,151,0.96,G,G,G,0,0,1,0,0,(,0,1,cWW,cW-W,1.60,2.63,0.98,1.48,3.90,4.97,5.21,3.19,BI,anti,A,4.55,4.59,5.87,4.02,5.86,3.95,3.25,4.13,0.03,5.88,0.59,5.69,0.35,35.36,0.27,C3'-endo
152,152,0.97,U,U,U,0,0,0,1,0,(,0,1,cWW,cW-W,5.24,3.04,0.75,1.32,3.78,5.22,4.84,3.56,BI,anti,A,4.29,4.67,2.80,3.85,3.04,3.86,3.56,4.46,6.27,5.87,0.67,5.59,0.45,40.63,0.35,C3'-endo
153,153,0.97,C,C,C,0,1,0,0,0,(,0,1,cWW,cW-W,4.69,2.79,1.61,1.29,3.57,4.87,4.98,3.49,BI,anti,A,4.43,4.57,2.85,3.34,3.19,3.29,4.08,3.59,6.21,5.90,0.66,5.57,0.49,41.25,0.42,C3'-endo
154,154,0.98,G,G,G,0,0,1,0,0,(,0,1,cWW,cW-W,5.21,2.86,1.15,1.37,3.87,4.93,5.23,3.37,BI,anti,A,4.52,4.67,3.11,3.77,3.23,3.79,3.68,4.36,0.01,5.87,0.64,5.63,0.40,38.40,0.30,C3'-endo
155,155,0.99,C,C,C,0,1,0,0,0,(,0,1,cWW,cW-W,5.20,2.93,0.92,1.41,3.79,4.89,5.18,3.59,BI,anti,.,4.25,4.64,2.89,4.29,3.15,4.10,3.95,4.44,0.02,5.87,0.62,5.66,0.38,37.10,0.29,C3'-endo
156,156,0.99,U,U,U,0,0,0,1,0,.,0,1,cWW,cW-W,2.02,3.76,3.77,1.40,4.14,4.79,5.63,3.43,..,anti,.,4.41,4.73,3.04,3.19,3.28,3.42,3.96,4.33,0.02,5.87,0.63,5.65,0.39,37.73,0.29,C3'-endo
157,157,1.00,U,U,U,0,0,0,1,0,.,,0,,,5.32,2.63,1.02,1.42,,,,3.45,..,anti,-,,,,,,,,,0.04,5.87,0.62,5.67,0.36,36.62,0.27,C3'-endo
