index_chain,old_nt_resnum,nt_position,nt_name,nt_code,nt_align_code,is_A,is_C,is_G,is_U,is_other,dbn,paired,nb_interact,pair_type_LW,pair_type_DSSR,alpha,beta,gamma,delta,epsilon,zeta,epsilon_zeta,chi,bb_type,glyco_bond,form,ssZp,Dp,eta,theta,eta_prime,theta_prime,eta_base,theta_base,v0,v1,v2,v3,v4,amplitude,phase_angle,puckering
1,1,0.01,U,U,U,0,0,0,1,0,(,120,1,cWW,cW-W,,,0.91,1.41,3.74,4.86,5.17,3.19,BI,anti,A,4.53,4.60,,,,,,,0.03,5.85,0.65,5.63,0.39,38.91,0.28,C3'-endo
2,2,0.02,C,C,C,0,1,0,0,0,(,119,1,cWW,cW-W,5.11,3.06,1.05,1.44,3.86,4.91,5.24,3.34,BI,anti,A,4.54,4.64,3.07,3.83,3.23,3.83,3.77,4.12,0.05,5.85,0.63,5.67,0.35,37.31,0.24,C3'-endo
3,3,0.03,C,C,C,0,1,0,0,0,(,118,1,cWW,cW-W,5.24,2.94,0.88,1.37,3.66,5.00,4.95,3.45,BI,anti,A,4.39,4.56,2.88,3.67,3.10,3.68,3.66,4.04,6.25,5.89,0.64,5.61,0.44,39.13,0.37,C3'-endo
4,4,0.03,C,C,C,0,1,0,0,0,(,117,1,cWW,cW-W,5.10,3.04,1.00,1.34,3.68,5.09,4.87,3.38,BI,anti,A,4.49,4.59,2.93,3.73,3.11,3.78,3.68,4.37,6.23,5.91,0.64,5.60,0.46,39.47,0.40,C3'-endo
5,5,0.04,C,C,C,0,1,0,0,0,(,116,1,cWW,cW-W,5.00,2.95,1.24,1.37,3.72,5.07,4.93,3.37,BI,anti,A,4.42,4.55,2.99,3.79,3.28,3.77,4.12,4.21,6.23,5.90,0.64,5.59,0.47,40.00,0.39,C3'-endo
6,6,0.05,C,C,C,0,1,0,0,0,(,115,1,cWW,cW-W,4.99,3.08,1.08,1.32,3.86,4.53,5.61,3.48,BI,anti,A,4.33,4.65,2.90,3.89,3.13,3.76,3.83,4.15,6.28,5.84,0.69,5.57,0.45,41.99,0.33,C3'-endo
7,7,0.06,G,G,G,0,0,1,0,0,(,114,1,cWW,cW-W,1.78,3.87,3.92,1.69,4.37,4.73,5.93,3.33,..,anti,.,4.36,4.64,3.25,3.93,3.32,3.91,3.96,4.47,0.24,5.82,0.50,5.90,0.09,29.16,6.13,C2'-exo
8,8,0.07,U,U,U,0,0,0,1,0,(,113,1,cWW,cW-W,1.73,3.90,3.69,1.45,4.24,4.37,6.16,3.36,..,anti,.,4.48,4.74,2.65,3.52,3.07,3.42,3.96,3.65,0.12,5.79,0.66,5.68,0.31,38.04,0.15,C3'-endo
9,9,0.07,G,G,G,0,0,1,0,0,(,112,1,cWW,cW-W,1.84,3.96,3.60,1.43,4.04,4.98,5.34,3.15,BI,anti,A,4.79,4.79,2.76,3.39,2.96,3.53,3.46,4.17,0.16,5.74,0.70,5.65,0.30,40.36,0.11,C3'-endo
10,10,0.08,C,C,C,0,1,0,0,0,(,111,1,cWW,cW-W,5.28,3.00,0.98,1.39,3.80,5.01,5.07,3.46,BI,anti,A,4.38,4.61,2.99,3.80,3.29,3.83,4.12,4.28,6.27,5.89,0.63,5.63,0.42,38.13,0.34,C3'-endo
11,11,0.09,C,C,C,0,1,0,0,0,(,110,1,cWW,cW-W,5.16,2.95,1.10,1.40,4.05,5.88,4.46,3.55,..,anti,.,4.09,4.55,3.08,4.77,3.30,4.77,3.93,5.42,6.21,5.96,0.58,5.64,0.45,36.79,0.44,C3'-endo
12,12,0.10,C,C,C,0,1,0,0,0,.,,0,,,3.69,2.45,2.77,2.62,3.72,3.47,0.25,3.58,..,anti,.,1.03,1.63,3.57,2.40,4.05,2.57,4.93,3.09,5.94,0.61,5.65,0.45,6.21,37.03,2.92,C2'-endo
13,13,0.11,A,A,A,1,0,0,0,0,.,69,1,tWS,tW+m,0.38,3.25,0.39,1.51,3.88,4.13,6.04,3.43,..,anti,.,4.45,4.65,4.53,3.31,4.31,2.80,4.23,3.11,0.09,5.86,0.58,5.74,0.29,33.78,0.18,C3'-endo
14,14,0.12,U,U,U,0,0,0,1,0,.,,0,,,1.14,3.73,1.15,2.48,3.71,0.74,2.97,4.10,..,anti,.,1.80,1.81,5.89,0.26,6.16,5.28,5.44,5.55,5.90,0.60,5.71,0.36,0.01,34.90,2.80,C2'-endo
15,15,0.12,A,A,A,1,0,0,0,0,.,,0,,,2.88,1.35,2.69,1.49,3.23,1.41,1.83,5.38,..,anti,.,-1.48,3.96,2.37,4.71,3.01,5.23,3.54,5.63,6.04,6.15,0.44,5.69,0.53,33.82,0.74,C4'-exo
16,16,0.13,G,G,G,0,0,1,0,0,(,68,1,cWW,cW-W,4.63,3.02,0.52,1.38,3.92,4.79,5.41,3.17,BI,anti,A,4.72,4.73,2.60,3.66,3.31,3.79,3.88,4.20,0.05,5.82,0.67,5.63,0.38,39.52,0.25,C3'-endo
17,17,0.14,C,C,C,0,1,0,0,0,(,"67,109",2,"cWW,cHW","cW-W,cM+W",5.37,2.73,1.07,1.38,3.96,5.12,5.12,3.36,BI,anti,.,4.40,4.57,3.10,4.05,3.32,4.08,3.86,4.88,6.21,5.95,0.59,5.63,0.46,37.50,0.44,C3'-endo
18,18,0.15,G,G,G,0,0,1,0,0,(,65,1,cWW,cW-W,5.13,2.83,1.14,1.44,3.96,4.50,5.74,3.42,..,anti,A,4.15,4.41,2.94,4.04,3.34,3.82,4.46,4.19,6.21,5.97,0.56,5.66,0.44,35.75,0.44,C3'-endo
19,19,0.16,G,G,G,0,0,1,0,0,(,64,1,cWW,cW-W,1.85,3.80,3.60,1.48,4.27,4.82,5.73,3.15,..,anti,A,4.76,4.81,2.80,3.50,2.98,3.67,3.71,4.31,0.19,5.74,0.67,5.70,0.24,38.63,0.04,C3'-endo
20,20,0.17,C,C,C,0,1,0,0,0,(,63,1,cWW,cW-W,5.52,2.77,0.84,1.33,3.64,4.75,5.16,3.56,BI,anti,.,4.30,4.61,2.87,4.01,3.24,3.81,4.09,4.10,6.25,5.89,0.64,5.60,0.45,39.58,0.37,C3'-endo
21,21,0.17,G,G,G,0,0,1,0,0,(,62,1,cWW,cW-W,2.18,3.64,3.58,1.43,4.42,4.17,0.25,3.22,..,anti,A,4.65,4.82,3.00,3.59,3.13,3.64,3.74,4.38,0.15,5.76,0.68,5.67,0.29,39.40,0.10,C3'-endo
22,22,0.18,U,U,U,0,0,0,1,0,(,61,1,cWW,cW-W,1.94,4.35,3.26,1.43,4.28,4.71,5.86,3.21,..,anti,A,4.67,4.77,2.72,3.60,3.14,3.60,4.17,3.94,0.17,5.73,0.70,5.67,0.28,40.15,0.08,C3'-endo
23,23,0.19,G,G,G,0,0,1,0,0,(,60,1,cWW,cW-W,5.18,3.03,0.95,1.48,4.50,4.23,0.27,3.74,..,anti,.,3.35,4.66,3.11,3.58,3.24,3.69,3.68,3.24,0.05,5.87,0.59,5.71,0.33,34.80,0.24,C3'-endo
24,24,0.20,G,G,G,0,0,1,0,0,.,"27,59",2,"tSW,cWW","tm+W,cW-W",4.95,2.49,1.08,1.73,4.91,1.84,3.07,4.29,..,anti,.,0.89,3.75,3.14,2.14,3.18,1.50,2.74,1.22,6.17,6.13,0.33,5.88,0.33,23.11,0.60,C3'-endo
25,25,0.21,A,A,A,1,0,0,0,0,.,,0,,,0.79,3.15,2.78,1.44,4.23,5.06,5.45,2.91,..,anti,.,4.43,4.53,1.62,3.80,1.50,3.91,1.90,4.84,6.25,5.95,0.54,5.70,0.39,33.61,0.38,C3'-endo
26,26,0.22,A,A,A,1,0,0,0,0,.,,0,,,5.20,2.97,0.77,1.44,3.76,4.84,5.20,3.41,BI,anti,A,4.50,4.64,2.67,4.22,3.10,4.11,4.33,4.69,0.06,5.85,0.62,5.68,0.35,36.52,0.24,C3'-endo
27,27,0.23,C,C,C,0,1,0,0,0,.,24,1,tWS,tW+m,2.76,3.57,2.92,1.46,4.31,4.92,5.67,3.33,..,anti,.,4.47,4.73,2.77,3.88,3.12,3.94,4.04,4.77,0.11,5.80,0.65,5.68,0.31,37.81,0.17,C3'-endo
28,28,0.23,C,C,C,0,1,0,0,0,(,56,1,cWW,cW-W,5.43,2.78,0.80,1.38,3.69,5.01,4.96,3.57,BI,anti,A,4.30,4.63,2.71,3.73,3.16,3.70,4.33,4.17,0.01,5.85,0.66,5.62,0.41,39.52,0.30,C3'-endo
29,29,0.24,A,A,A,1,0,0,0,0,(,"55,58",2,"cWW,cSW","cW-W,cm-W",4.96,2.84,1.27,1.37,3.96,4.83,5.41,3.20,BI,anti,A,4.66,4.68,2.95,3.69,3.15,3.69,3.91,4.09,0.03,5.84,0.66,5.62,0.40,39.49,0.29,C3'-endo
30,30,0.25,C,C,C,0,1,0,0,0,(,"52,54,57",3,"c.W,cWW,cSW","c.-W,cW-W,cm-W",5.14,2.62,1.28,1.34,3.64,5.16,4.76,3.25,BI,anti,.,4.55,4.58,2.89,4.47,3.20,4.41,3.94,5.11,0.02,5.83,0.69,5.59,0.42,41.25,0.29,C3'-endo
31,31,0.26,C,C,C,0,1,0,0,0,(,"51,53",2,"cWW,c.W","cW-W,c.-W",2.58,3.83,3.15,1.54,4.28,5.09,5.47,3.10,..,anti,A,4.45,4.52,3.07,3.99,3.64,4.00,4.94,4.47,0.08,5.89,0.54,5.77,0.27,31.55,0.19,C3'-endo
32,32,0.27,C,C,C,0,1,0,0,0,(,50,1,cWW,cW-W,5.22,3.34,0.52,1.51,3.65,4.88,5.05,3.58,BI,anti,A,4.04,4.37,2.70,4.12,3.05,3.99,3.79,4.54,6.24,5.97,0.52,5.72,0.38,32.54,0.40,C3'-endo
33,33,0.28,G,G,G,0,0,1,0,0,(,"35,49",2,"cSH,cWW","cm+M,cW-W",2.19,3.55,3.40,1.50,3.86,5.01,5.13,3.33,BI,anti,A,4.39,4.53,2.79,3.34,3.06,3.58,3.89,3.89,0.03,5.90,0.57,5.71,0.35,34.05,0.28,C3'-endo
34,34,0.28,U,U,U,0,0,0,1,0,(,"36,48",2,"cSH,cWW","cm+M,cW-W",5.21,2.97,1.15,2.49,4.67,1.96,2.72,4.20,..,anti,.,0.99,0.92,3.48,2.23,3.97,2.00,4.23,1.97,5.84,0.65,5.68,0.36,0.05,37.34,2.74,C2'-endo
35,35,0.29,U,U,U,0,0,0,1,0,.,33,1,cHS,cM+m,3.14,3.76,0.91,1.41,3.74,5.13,4.89,3.41,BI,anti,A,4.42,4.56,2.35,3.87,2.06,3.98,2.07,4.72,6.25,5.92,0.60,5.65,0.42,37.02,0.38,C3'-endo
36,36,0.30,C,C,C,0,1,0,0,0,.,"34,49",2,"cHS,cWS","cM+m,cW-m",5.04,2.99,1.05,1.34,3.91,4.91,5.29,3.52,BI,anti,.,4.26,4.66,2.90,3.75,3.20,3.79,4.16,4.10,6.26,5.87,0.67,5.59,0.45,40.78,0.35,C3'-endo
37,37,0.31,C,C,C,0,1,0,0,0,.,48,1,cWS,cW-m,5.27,3.14,0.80,1.35,3.96,5.24,5.00,3.52,BI,anti,.,4.27,4.66,2.99,4.06,3.11,4.20,3.55,5.14,6.23,5.91,0.64,5.60,0.47,39.59,0.40,C3'-endo
38,38,0.32,C,C,C,0,1,0,0,0,(,44,1,cWW,cW-W,5.06,2.86,1.15,1.36,3.55,4.84,4.99,3.60,BI,anti,A,4.22,4.55,2.77,4.00,3.30,3.81,4.57,4.19,0.01,5.86,0.65,5.62,0.41,39.18,0.31,C3'-endo
39,39,0.33,A,A,A,1,0,0,0,0,.,46,1,cSW,cm-W,2.73,3.53,3.07,1.54,4.21,4.09,0.12,3.22,..,anti,.,4.52,4.59,3.00,3.06,3.19,3.31,3.88,3.05,0.05,5.89,0.57,5.73,0.32,33.39,0.25,C3'-endo
40,40,0.33,U,U,U,0,0,0,1,0,.,45,1,tSH,tm-M,5.86,2.45,0.79,2.43,4.25,5.81,4.72,4.25,..,anti,.,1.65,1.58,3.36,5.93,3.72,5.27,3.35,4.63,5.81,0.65,5.72,0.31,0.10,36.62,2.65,C2'-endo
41,41,0.34,U,U,U,0,0,0,1,0,.,,0,,,4.66,3.34,3.29,1.42,3.42,1.95,1.48,3.63,..,anti,.,4.15,4.44,4.96,5.95,5.71,5.51,0.30,5.50,6.26,5.91,0.59,5.66,0.40,36.32,0.35,C3'-endo
42,42,0.35,C,C,C,0,1,0,0,0,.,,0,,,5.49,3.64,4.24,1.41,3.52,4.87,4.94,3.42,BI,anti,A,4.43,4.55,1.44,3.29,2.01,3.49,2.93,4.44,0.10,5.78,0.69,5.63,0.35,40.49,0.19,C3'-endo
43,43,0.36,C,C,C,0,1,0,0,0,.,,0,,,3.10,3.87,2.58,1.42,4.60,4.35,0.25,3.35,..,anti,.,4.25,4.60,3.00,4.41,3.32,4.20,4.35,4.57,0.01,5.88,0.63,5.64,0.40,37.68,0.32,C3'-endo
44,44,0.37,G,G,G,0,0,1,0,0,),"38,47",2,"cWW,tSW","cW-W,tm+W",0.96,2.58,1.27,1.65,4.64,2.30,2.35,4.63,BII,anti,.,-0.11,3.73,4.97,2.18,5.35,1.61,5.10,1.18,6.10,6.15,0.37,5.79,0.43,28.09,0.71,C4'-exo
45,45,0.38,A,A,A,1,0,0,0,0,.,40,1,tHS,tM-m,1.52,3.43,1.64,1.42,3.80,5.25,4.84,3.14,BI,anti,.,4.64,4.64,1.13,4.06,1.21,4.09,1.68,4.80,0.02,5.87,0.62,5.66,0.38,37.15,0.29,C3'-endo
46,46,0.38,A,A,A,1,0,0,0,0,.,39,1,cWS,cW-m,4.91,3.10,1.13,1.48,3.80,5.28,4.80,3.36,BI,anti,.,4.44,4.58,2.92,4.14,3.33,4.12,4.41,4.90,0.03,5.88,0.59,5.70,0.35,34.98,0.27,C3'-endo
47,47,0.39,C,C,C,0,1,0,0,0,.,44,1,tWS,tW+m,4.81,3.09,1.05,1.35,3.85,5.34,4.80,3.43,BI,anti,.,4.47,4.68,2.69,4.12,3.07,4.14,4.26,4.78,0.00,5.86,0.66,5.60,0.43,40.06,0.32,C3'-endo
48,48,0.40,A,A,A,1,0,0,0,0,),"34,37",2,"cWW,cSW","cW-W,cm-W",4.88,3.22,1.13,1.31,3.72,4.83,5.17,3.47,BI,anti,A,4.39,4.61,2.85,3.45,3.22,3.51,4.21,3.90,6.26,5.87,0.67,5.58,0.45,40.80,0.35,C3'-endo
49,49,0.41,C,C,C,0,1,0,0,0,),"33,36",2,"cWW,cSW","cW-W,cm-W",5.16,2.81,1.12,1.35,3.78,4.79,5.27,3.57,BI,anti,A,4.23,4.63,2.92,3.59,3.11,3.60,3.67,4.01,0.04,5.83,0.67,5.62,0.39,39.98,0.27,C3'-endo
50,50,0.42,G,G,G,0,0,1,0,0,),32,1,cWW,cW-W,5.30,2.97,0.89,1.40,3.61,4.96,4.94,3.54,BI,anti,.,4.37,4.64,2.93,4.24,3.09,4.10,3.73,4.49,0.12,5.76,0.70,5.64,0.33,40.41,0.15,C3'-endo
51,51,0.42,G,G,G,0,0,1,0,0,),31,1,cWW,cW-W,2.59,3.60,3.31,1.46,4.53,4.70,6.11,3.29,..,anti,A,4.49,4.75,3.13,3.41,3.39,3.58,4.14,3.90,0.10,5.81,0.65,5.68,0.32,37.68,0.17,C3'-endo
52,52,0.43,A,A,A,1,0,0,0,0,.,"30,53",2,"cW.,cSH","cW-.,cm+M",5.09,1.82,2.13,1.46,3.83,4.21,5.90,3.33,..,anti,.,4.19,4.32,3.33,2.57,3.68,2.49,4.15,2.19,6.14,6.01,0.54,5.64,0.50,36.42,0.54,C3'-endo
53,53,0.44,A,A,A,1,0,0,0,0,.,"31,52",2,"cW.,cHS","cW-.,cM+m",4.01,2.91,1.30,1.39,3.83,5.14,4.98,3.35,BI,anti,.,4.60,4.71,2.34,3.95,2.25,3.96,2.06,4.54,0.10,5.78,0.69,5.64,0.34,40.13,0.18,C3'-endo
54,54,0.45,G,G,G,0,0,1,0,0,),30,1,cWW,cW-W,4.99,2.88,1.37,1.41,3.80,5.10,4.98,3.23,BI,anti,A,4.64,4.68,3.01,3.91,3.40,3.89,4.40,4.32,0.09,5.80,0.67,5.65,0.35,39.29,0.20,C3'-endo
55,55,0.46,U,U,U,0,0,0,1,0,),"29,57",2,"cWW,cSH","cW-W,cm+M",5.11,3.16,0.96,1.36,3.76,5.17,4.88,3.39,BI,anti,A,4.49,4.62,2.96,3.64,3.22,3.63,3.96,3.81,6.26,5.88,0.66,5.60,0.44,40.19,0.35,C3'-endo
56,56,0.47,G,G,G,0,0,1,0,0,),"28,58,59",3,"cWW,cSH,tSW","cW-W,cm+M,tm+W",4.39,2.05,2.62,2.55,4.71,2.06,2.65,3.50,..,anti,.,1.10,1.13,4.36,1.17,4.08,1.53,4.21,1.61,6.02,0.52,5.72,0.43,6.17,32.79,3.01,C2'-endo
57,57,0.47,A,A,A,1,0,0,0,0,.,"30,55",2,"cWS,cHS","cW-m,cM+m",2.93,3.74,1.12,1.43,3.93,5.01,5.20,3.22,BI,anti,A,4.68,4.73,2.36,3.97,2.10,4.07,2.28,4.73,0.12,5.77,0.68,5.66,0.32,39.40,0.15,C3'-endo
58,58,0.48,A,A,A,1,0,0,0,0,.,"29,56",2,"cWS,cHS","cW-m,cM+m",5.21,3.13,0.85,1.45,3.98,5.08,5.17,3.39,BI,anti,.,4.54,4.74,2.99,4.06,3.24,4.15,4.13,4.87,0.13,5.80,0.64,5.70,0.29,37.07,0.13,C3'-endo
59,59,0.49,A,A,A,1,0,0,0,0,.,"24,56",2,"cWW,tWS","cW-W,tW+m",5.14,2.92,1.00,1.41,3.81,5.21,4.88,3.40,BI,anti,.,4.54,4.70,2.82,4.03,3.22,4.05,4.31,4.76,0.11,5.78,0.68,5.65,0.33,39.80,0.17,C3'-endo
60,60,0.50,C,C,C,0,1,0,0,0,),23,1,cWW,cW-W,4.88,2.99,1.30,1.39,3.82,4.98,5.12,3.41,BI,anti,A,4.47,4.64,2.91,3.80,3.29,3.77,4.39,4.15,0.04,5.83,0.66,5.63,0.38,39.40,0.26,C3'-endo
61,61,0.51,G,G,G,0,0,1,0,0,),22,1,cWW,cW-W,5.13,2.91,1.07,1.34,3.84,4.99,5.13,3.26,BI,anti,A,4.56,4.61,2.91,3.77,3.14,3.81,3.82,4.48,6.25,5.88,0.66,5.59,0.46,40.57,0.37,C3'-endo
62,62,0.52,C,C,C,0,1,0,0,0,),21,1,cWW,cW-W,5.02,2.90,1.23,1.41,3.54,4.89,4.94,3.59,BI,anti,A,4.17,4.47,2.91,4.09,3.23,3.85,4.16,4.18,6.23,5.93,0.59,5.65,0.43,36.75,0.40,C3'-endo
63,63,0.53,G,G,G,0,0,1,0,0,),20,1,cWW,cW-W,2.64,3.42,3.12,1.45,4.05,4.97,5.36,3.21,BI,anti,A,4.63,4.70,2.80,3.49,3.03,3.55,3.72,3.93,0.07,5.85,0.61,5.69,0.33,35.98,0.22,C3'-endo
64,64,0.53,C,C,C,0,1,0,0,0,),19,1,cWW,cW-W,4.88,2.85,1.28,1.34,3.81,5.04,5.05,3.53,BI,anti,A,4.29,4.60,2.78,3.78,3.08,3.76,3.67,4.16,6.21,5.93,0.62,5.60,0.48,39.16,0.44,C3'-endo
65,65,0.54,C,C,C,0,1,0,0,0,),18,1,cWW,cW-W,5.00,3.10,1.10,1.43,4.05,4.94,5.38,3.58,..,anti,.,3.94,4.46,3.03,3.93,3.21,4.14,3.79,4.75,6.17,6.00,0.55,5.66,0.47,35.59,0.50,C3'-endo
66,66,0.55,A,A,A,1,0,0,0,0,.,68,1,cSH,cm+M,5.37,3.24,1.43,2.56,4.62,2.32,2.30,4.68,BII,anti,.,0.36,0.94,4.02,2.49,4.50,2.03,4.77,1.93,5.95,0.58,5.68,0.42,6.22,35.22,2.91,C2'-endo
67,67,0.56,G,G,G,0,0,1,0,0,),"17,109",2,"cWW,tHW","cW-W,tM-W",2.90,3.36,0.91,1.41,3.78,4.91,5.15,3.39,BI,anti,A,4.61,4.75,1.87,3.71,1.65,3.78,1.84,4.18,0.11,5.78,0.68,5.65,0.34,39.60,0.17,C3'-endo
68,68,0.57,C,C,C,0,1,0,0,0,),"16,66",2,"cWW,cHS","cW-W,cM+m",5.26,2.92,1.04,1.36,3.81,5.19,4.90,3.42,BI,anti,.,4.51,4.68,3.04,3.97,3.25,4.01,3.84,4.76,0.04,5.83,0.67,5.62,0.39,39.88,0.27,C3'-endo
69,69,0.57,G,G,G,0,0,1,0,0,(,"13,108",2,"tSW,cWW","tm+W,cW-W",4.99,3.02,1.13,1.39,3.78,5.13,4.94,3.26,BI,anti,A,4.69,4.72,2.88,3.92,3.26,3.96,4.39,4.64,0.09,5.79,0.69,5.63,0.36,40.33,0.20,C3'-endo
70,70,0.58,C,C,C,0,1,0,0,0,(,107,1,cWW,cW-W,5.03,3.07,1.09,1.38,3.81,5.06,5.03,3.31,BI,anti,A,4.60,4.67,2.95,3.86,3.26,3.87,4.29,4.24,0.06,5.81,0.69,5.61,0.38,40.61,0.24,C3'-endo
71,71,0.59,C,C,C,0,1,0,0,0,(,106,1,cWW,cW-W,5.08,2.96,1.22,1.36,3.78,5.43,4.64,3.26,BI,anti,.,4.44,4.55,3.05,4.14,3.30,4.15,3.95,5.07,6.25,5.89,0.65,5.60,0.45,39.96,0.37,C3'-endo
72,72,0.60,G,G,G,0,0,1,0,0,.,105,1,tSH,tm-M,4.85,3.02,1.09,1.33,4.06,3.47,0.59,3.38,..,anti,.,4.40,4.67,2.77,2.78,3.21,2.61,4.53,2.57,6.27,5.87,0.66,5.59,0.44,40.34,0.35,C3'-endo
73,73,0.61,A,A,A,1,0,0,0,0,.,104,1,tHW,tM-W,1.08,4.55,3.98,1.48,4.22,5.10,5.40,3.00,..,anti,.,4.58,4.67,3.57,3.35,3.19,3.63,2.92,4.57,0.09,5.83,0.63,5.69,0.32,36.66,0.18,C3'-endo
74,74,0.62,U,U,U,0,0,0,1,0,.,103,1,tHW,tM-W,5.22,2.88,0.94,1.37,3.91,5.34,4.86,3.43,BI,anti,.,4.33,4.57,2.76,4.19,3.22,4.23,4.40,5.13,6.24,5.90,0.64,5.60,0.46,39.46,0.39,C3'-endo
75,75,0.62,G,G,G,0,0,1,0,0,.,102,1,cW.,cW-.,4.92,2.94,1.21,1.35,4.04,4.93,5.38,3.53,BI,anti,A,4.17,4.65,2.85,3.86,3.29,3.88,4.55,4.59,6.25,5.89,0.64,5.61,0.45,39.41,0.37,C3'-endo
76,76,0.63,G,G,G,0,0,1,0,0,.,101,1,tWH,tW-M,5.27,2.79,0.97,1.34,3.34,4.70,4.92,3.58,BI,anti,A,4.25,4.47,2.80,3.81,3.16,3.70,4.18,4.00,6.26,5.89,0.64,5.61,0.44,39.00,0.36,C3'-endo
77,77,0.64,U,U,U,0,0,0,1,0,.,100,1,tWH,tW-M,2.79,3.90,2.86,1.34,4.11,4.74,5.66,3.36,..,anti,.,4.46,4.71,2.89,3.59,3.15,3.61,3.75,4.08,0.04,5.82,0.69,5.60,0.40,40.87,0.27,C3'-endo
78,78,0.65,A,A,A,1,0,0,0,0,.,99,1,tHS,tM-m,5.48,2.78,0.96,1.37,4.07,5.12,5.23,3.29,..,anti,.,4.54,4.69,3.10,4.12,3.31,4.21,3.99,5.08,0.04,5.82,0.69,5.60,0.40,40.73,0.27,C3'-endo
79,79,0.66,C,C,C,0,1,0,0,0,(,"0,98",2,"tSH,cWW","tm-M,cW-W",5.17,2.79,1.13,1.38,3.93,5.11,5.10,3.36,BI,anti,A,4.52,4.67,2.85,4.01,3.32,4.01,4.62,4.46,0.07,5.80,0.69,5.61,0.38,40.86,0.23,C3'-endo
80,80,0.67,U,U,U,0,0,0,1,0,(,97,1,cWW,cW-W,5.10,2.80,1.40,1.40,3.85,4.11,6.02,3.41,..,anti,.,4.32,4.42,3.11,3.32,3.47,3.18,4.25,3.55,6.12,6.03,0.54,5.63,0.51,37.00,0.57,C3'-endo
81,81,0.68,G,G,G,0,0,1,0,0,.,96,1,tWW,tW+W,0.88,3.18,5.03,1.50,3.83,5.78,4.33,0.26,..,syn,.,-4.59,4.66,3.01,3.98,2.83,4.25,3.24,4.52,0.08,5.84,0.62,5.69,0.32,36.23,0.20,C3'-endo
82,82,0.68,G,G,G,0,0,1,0,0,(,95,1,cWW,cW-W,4.53,3.10,1.35,1.35,3.84,4.99,5.13,3.28,BI,anti,A,4.60,4.68,2.68,3.74,3.36,3.74,3.90,4.19,0.04,5.82,0.69,5.60,0.41,41.17,0.27,C3'-endo
83,83,0.69,G,G,G,0,0,1,0,0,(,94,1,cWW,cW-W,5.18,2.92,1.04,1.26,3.87,5.23,4.92,3.27,BI,anti,.,4.64,4.71,2.89,3.94,3.13,3.95,3.90,4.35,0.07,5.76,0.75,5.55,0.41,44.42,0.23,C3'-endo
84,84,0.70,C,C,C,0,1,0,0,0,(,93,1,cWW,cW-W,4.84,3.14,1.45,1.26,3.44,4.79,4.93,3.49,BI,anti,.,4.33,4.46,3.00,3.75,3.32,3.56,4.00,3.86,6.17,5.93,0.65,5.55,0.53,42.02,0.47,C3'-endo
85,85,0.71,G,G,G,0,0,1,0,0,(,92,1,cWW,cW-W,2.36,3.53,3.44,1.39,3.78,5.12,4.95,3.22,BI,anti,A,4.71,4.73,2.89,3.30,3.06,3.41,3.67,3.90,0.15,5.74,0.72,5.63,0.32,41.53,0.12,C3'-endo
86,86,0.72,G,G,G,0,0,1,0,0,(,91,1,cWW,cW-W,5.05,3.18,0.99,1.31,3.73,5.07,4.94,3.33,BI,anti,A,4.61,4.70,2.89,3.69,3.12,3.74,3.81,4.26,0.07,5.78,0.73,5.58,0.40,42.76,0.23,C3'-endo
87,87,0.72,G,G,G,0,0,1,0,0,.,90,1,tSH,tm-M,5.00,2.93,1.32,1.34,4.30,4.94,5.64,3.23,..,anti,.,4.65,4.79,3.13,4.62,3.33,3.80,4.03,2.87,0.04,5.82,0.69,5.60,0.40,40.74,0.27,C3'-endo
88,88,0.73,C,C,C,0,1,0,0,0,.,,0,,,2.68,2.86,1.02,1.44,3.53,4.82,4.99,3.57,BI,anti,.,4.13,4.42,0.01,4.24,0.71,4.18,0.43,4.99,6.26,5.93,0.58,5.67,0.40,35.70,0.36,C3'-endo
89,89,0.74,G,G,G,0,0,1,0,0,.,,0,,,2.80,4.04,2.72,1.39,4.09,4.78,5.60,3.32,..,anti,A,4.53,4.71,2.77,3.79,3.29,3.72,4.51,4.24,0.04,5.85,0.65,5.64,0.38,38.40,0.26,C3'-endo
90,89A,0.75,A,A,A,1,0,0,0,0,.,87,1,tHS,tM-m,5.47,2.76,0.77,1.41,3.81,5.39,4.70,3.54,BI,anti,.,4.31,4.67,2.87,4.87,3.15,4.93,4.00,5.42,0.05,5.84,0.65,5.65,0.37,38.33,0.25,C3'-endo
91,90,0.76,C,C,C,0,1,0,0,0,),86,1,cWW,cW-W,2.45,3.89,3.42,1.45,3.62,5.17,4.73,3.44,BI,anti,A,4.41,4.53,3.20,3.29,3.91,3.35,5.03,3.85,0.00,5.89,0.62,5.65,0.40,37.31,0.32,C3'-endo
92,91,0.77,C,C,C,0,1,0,0,0,),85,1,cWW,cW-W,4.89,3.11,1.11,1.34,3.72,4.81,5.20,3.47,BI,anti,A,4.42,4.63,2.89,3.51,3.14,3.55,3.86,3.97,6.28,5.85,0.67,5.59,0.44,40.80,0.33,C3'-endo
93,92,0.78,G,G,G,0,0,1,0,0,),84,1,cWW,cW-W,5.29,2.80,1.06,1.39,3.73,4.89,5.12,3.23,BI,anti,A,4.58,4.62,3.02,3.66,3.22,3.66,3.83,3.91,0.04,5.84,0.66,5.63,0.39,39.23,0.26,C3'-endo
94,93,0.78,C,C,C,0,1,0,0,0,),83,1,cWW,cW-W,5.21,2.98,1.04,1.37,3.70,4.95,5.03,3.45,BI,anti,A,4.42,4.59,3.03,3.65,3.21,3.68,3.69,4.10,6.28,5.87,0.65,5.61,0.42,39.47,0.33,C3'-endo
95,94,0.79,C,C,C,0,1,0,0,0,),82,1,cWW,cW-W,5.13,3.04,1.06,1.38,3.95,5.00,5.23,3.44,BI,anti,A,4.43,4.70,3.05,3.87,3.21,3.86,3.80,4.26,0.04,5.83,0.67,5.62,0.39,39.58,0.27,C3'-endo
96,95,0.80,U,U,U,0,0,0,1,0,.,81,1,tWW,tW+W,4.91,2.92,1.13,1.33,3.71,5.06,4.93,3.49,BI,anti,A,4.45,4.65,2.69,3.74,2.97,3.70,3.68,4.26,0.00,5.84,0.70,5.57,0.45,42.11,0.32,C3'-endo
97,96,0.81,G,G,G,0,0,1,0,0,),80,1,cWW,cW-W,4.87,3.08,1.09,1.31,3.73,5.02,4.99,3.34,BI,anti,A,4.62,4.71,2.77,3.67,2.97,3.69,3.84,4.11,0.05,5.80,0.71,5.59,0.40,41.86,0.25,C3'-endo
98,97,0.82,G,G,G,0,0,1,0,0,),79,1,cWW,cW-W,5.10,2.90,1.24,1.31,3.89,5.33,4.84,3.29,BI,anti,.,4.58,4.68,3.04,4.10,3.25,4.16,3.91,5.01,0.02,5.82,0.70,5.58,0.43,41.93,0.29,C3'-endo
99,98,0.82,G,G,G,0,0,1,0,0,.,78,1,tSH,tm-M,4.96,3.01,1.18,1.40,3.67,4.62,5.33,3.33,BI,anti,.,4.45,4.55,2.85,2.86,3.34,2.63,4.63,2.48,6.28,5.88,0.63,5.64,0.41,38.10,0.33,C3'-endo
100,99,0.83,A,A,A,1,0,0,0,0,.,"0,77",2,"tWS,tHW","tW+m,tM-W",4.52,1.48,2.85,1.45,3.92,5.40,4.81,3.08,BI,anti,.,4.62,4.67,3.70,3.24,3.24,3.53,2.87,4.53,0.07,5.85,0.62,5.69,0.33,36.27,0.22,C3'-endo
101,100,0.84,G,G,G,0,0,1,0,0,.,76,1,tHW,tM-W,4.79,3.20,0.97,1.35,3.91,5.02,5.17,3.33,BI,anti,.,4.58,4.70,2.64,3.84,3.07,3.94,4.36,4.77,0.05,5.81,0.70,5.60,0.40,41.32,0.26,C3'-endo
102,101,0.85,A,A,A,1,0,0,0,0,.,75,1,c.W,c.-W,5.16,2.83,1.17,1.46,3.98,5.28,4.98,3.33,BI,anti,.,4.55,4.68,3.01,4.26,3.35,4.26,4.44,4.96,0.07,5.85,0.62,5.69,0.33,36.10,0.22,C3'-endo
103,102,0.86,G,G,G,0,0,1,0,0,.,74,1,tWH,tW-M,4.98,2.91,1.20,1.36,3.81,4.94,5.15,3.40,BI,anti,A,4.41,4.59,2.81,3.70,3.31,3.68,4.47,3.99,6.26,5.89,0.65,5.60,0.44,39.64,0.36,C3'-endo
104,103,0.87,U,U,U,0,0,0,1,0,.,73,1,tWH,tW-M,5.23,2.91,0.97,1.28,3.78,4.99,5.07,3.55,BI,anti,.,4.29,4.66,2.88,3.67,3.09,3.72,3.65,4.25,6.26,5.86,0.68,5.57,0.47,41.88,0.36,C3'-endo
105,104,0.88,A,A,A,1,0,0,0,0,.,72,1,tHS,tM-m,5.20,2.95,1.13,1.34,4.03,4.75,5.56,3.36,..,anti,.,4.49,4.70,3.10,4.37,3.30,4.35,4.01,5.11,6.28,5.86,0.67,5.59,0.44,40.59,0.33,C3'-endo
106,105,0.88,G,G,G,0,0,1,0,0,),71,1,cWW,cW-W,2.18,4.03,3.38,1.47,4.10,4.83,5.55,3.13,..,anti,A,4.76,4.78,2.87,3.49,3.39,3.55,4.71,4.00,0.20,5.73,0.68,5.71,0.24,38.72,0.03,C3'-endo
107,106,0.89,G,G,G,0,0,1,0,0,),70,1,cWW,cW-W,5.41,2.85,0.93,1.39,4.00,4.75,5.54,3.27,BI,anti,A,4.64,4.73,3.02,3.80,3.29,3.84,3.96,4.08,0.06,5.83,0.66,5.63,0.37,39.15,0.24,C3'-endo
108,107,0.90,U,U,U,0,0,0,1,0,),69,1,cWW,cW-W,5.53,2.73,0.94,1.35,3.59,4.97,4.90,3.41,BI,anti,.,4.29,4.38,3.03,3.94,3.29,3.87,3.76,4.03,6.16,5.98,0.60,5.59,0.52,39.32,0.51,C3'-endo
109,108,0.91,C,C,C,0,1,0,0,0,.,"17,67",2,"cWH,tWH","cW+M,tW-M",3.35,3.21,3.05,1.59,5.13,1.52,3.62,3.62,..,anti,.,2.59,3.31,3.78,0.88,3.77,1.05,3.95,1.43,6.02,6.20,0.37,5.76,0.50,30.66,0.81,C4'-exo
110,109,0.92,G,G,G,0,0,1,0,0,),11,1,cWW,cW-W,2.83,2.76,3.17,1.39,3.72,5.04,4.96,3.47,BI,anti,A,4.43,4.65,3.74,3.01,3.63,3.20,3.66,3.74,0.06,5.82,0.66,5.64,0.37,39.19,0.24,C3'-endo
111,110,0.93,G,G,G,0,0,1,0,0,),10,1,cWW,cW-W,5.02,2.99,1.10,1.39,3.75,5.20,4.83,3.28,BI,anti,A,4.57,4.62,2.91,3.93,3.14,3.95,3.80,4.60,6.28,5.88,0.63,5.63,0.41,38.27,0.33,C3'-endo
112,111,0.93,U,U,U,0,0,0,1,0,),9,1,cWW,cW-W,4.96,3.01,1.18,1.39,3.58,4.73,5.14,3.52,BI,anti,.,4.29,4.49,2.90,3.37,3.28,3.35,4.25,3.52,6.23,5.93,0.60,5.63,0.44,37.61,0.40,C3'-endo
113,112,0.94,G,G,G,0,0,1,0,0,),8,1,cWW,cW-W,5.30,3.00,0.82,1.37,3.72,4.97,5.03,3.37,BI,anti,A,4.49,4.62,3.00,3.67,3.04,3.72,3.31,4.19,0.01,5.87,0.65,5.62,0.41,38.93,0.31,C3'-endo
114,113,0.95,C,C,C,0,1,0,0,0,),7,1,cWW,cW-W,5.16,2.97,0.95,1.35,3.80,4.98,5.11,3.51,BI,anti,A,4.38,4.67,2.89,3.75,3.10,3.77,3.79,4.20,0.01,5.85,0.67,5.61,0.42,40.08,0.30,C3'-endo
115,114,0.96,G,G,G,0,0,1,0,0,),6,1,cWW,cW-W,5.16,2.87,1.19,1.35,3.78,4.51,5.56,3.41,BI,anti,A,4.42,4.58,3.04,3.90,3.27,3.74,3.93,4.17,6.22,5.92,0.63,5.60,0.47,39.31,0.41,C3'-endo
116,115,0.97,G,G,G,0,0,1,0,0,),5,1,cWW,cW-W,2.24,3.85,3.30,1.42,4.23,4.69,5.83,3.14,..,anti,A,4.78,4.82,2.83,3.43,3.05,3.52,3.83,4.02,0.16,5.74,0.70,5.66,0.30,40.27,0.10,C3'-endo
117,116,0.97,G,G,G,0,0,1,0,0,),4,1,cWW,cW-W,5.48,2.87,0.67,1.34,3.87,5.01,5.15,3.40,BI,anti,A,4.51,4.72,2.84,3.81,3.04,3.88,3.74,4.32,0.11,5.76,0.72,5.60,0.36,42.17,0.18,C3'-endo
118,117,0.98,G,G,G,0,0,1,0,0,),3,1,cWW,cW-W,5.16,2.86,1.19,1.33,3.60,4.74,5.14,3.36,BI,anti,A,4.57,4.65,2.94,3.95,3.25,3.77,4.01,4.13,0.06,5.79,0.72,5.58,0.41,42.47,0.25,C3'-endo
119,118,0.99,G,G,G,0,0,1,0,0,),2,1,cWW,cW-W,2.75,3.55,3.04,1.43,4.01,5.09,5.21,3.19,BI,anti,A,4.73,4.77,2.83,3.69,3.06,3.72,3.79,4.19,0.14,5.77,0.67,5.67,0.29,38.94,0.12,C3'-endo
120,119,1.00,A,A,A,1,0,0,0,0,),1,1,cWW,cW-W,5.20,3.08,0.99,1.33,,,,3.44,n/a,anti,-,,,,,,,,,6.26,5.88,0.65,5.60,0.45,40.00,0.35,C3'-endo
