index_chain,old_nt_resnum,nt_position,nt_name,nt_code,nt_align_code,is_A,is_C,is_G,is_U,is_other,dbn,paired,nb_interact,pair_type_LW,pair_type_DSSR,alpha,beta,gamma,delta,epsilon,zeta,epsilon_zeta,chi,bb_type,glyco_bond,form,ssZp,Dp,eta,theta,eta_prime,theta_prime,eta_base,theta_base,v0,v1,v2,v3,v4,amplitude,phase_angle,puckering
1504,1,0.01,C,C,C,0,1,0,0,0,.,,0,,,,,2.89,1.40,3.69,4.98,4.99,3.37,BI,anti,.,4.56,4.63,,,,,,,0.06,5.83,0.66,5.64,0.37,38.90,0.24,C3'-endo
1505,2,0.03,G,G,G,0,0,1,0,0,(,72,1,cWW,cW-W,4.32,4.20,0.76,1.42,3.30,4.70,4.88,3.30,BI,anti,A,4.32,4.37,2.67,3.61,2.68,3.72,3.11,4.15,0.00,5.90,0.60,5.67,0.38,35.99,0.32,C3'-endo
1506,3,0.04,C,C,C,0,1,0,0,0,(,71,1,cWW,cW-W,3.42,3.80,2.24,1.38,3.84,4.93,5.19,3.30,BI,anti,A,4.55,4.62,2.81,3.82,3.00,3.75,3.53,4.19,6.28,5.88,0.63,5.63,0.41,38.41,0.33,C3'-endo
1507,4,0.05,G,G,G,0,0,1,0,0,(,70,1,cWW,cW-W,5.28,2.96,0.85,1.37,3.72,4.98,5.02,3.31,BI,anti,A,4.60,4.66,2.88,3.70,3.13,3.74,3.92,4.20,0.04,5.83,0.67,5.62,0.39,39.80,0.27,C3'-endo
1508,5,0.06,G,G,G,0,0,1,0,0,(,69,1,cWW,cW-W,5.14,2.92,1.11,1.40,3.72,5.03,4.97,3.32,BI,anti,A,4.60,4.65,2.99,3.78,3.23,3.77,3.95,4.10,0.03,5.85,0.64,5.64,0.38,38.15,0.28,C3'-endo
1509,6,0.08,G,G,G,0,0,1,0,0,(,68,1,cWW,cW-W,5.13,3.00,1.08,1.38,3.30,4.70,4.89,3.41,BI,anti,A,4.32,4.36,2.96,3.69,3.25,3.68,3.88,3.96,6.22,5.94,0.59,5.63,0.45,37.30,0.42,C3'-endo
1510,7,0.09,G,G,G,0,0,1,0,0,(,67,1,cWW,cW-W,2.86,3.60,3.21,2.55,4.62,5.91,4.99,3.56,..,anti,.,1.08,1.07,4.04,5.34,3.97,5.48,4.23,5.96,5.96,0.56,5.70,0.41,6.22,34.12,2.92,C2'-endo
1511,8,0.10,U,U,U,0,0,0,1,0,.,"14,22",2,"tWH,tSW","tW-M,tm+W",4.62,3.57,1.20,1.35,4.43,3.76,0.67,3.57,..,anti,.,3.88,4.69,2.88,3.21,3.52,3.27,3.75,2.96,6.26,5.89,0.63,5.62,0.43,38.74,0.35,C3'-endo
1512,9,0.12,G,G,G,0,0,1,0,0,.,,0,,,0.75,3.77,4.88,2.51,4.43,5.31,5.40,4.49,..,anti,.,0.83,1.14,3.89,5.06,3.55,4.56,2.95,4.72,5.90,0.60,5.71,0.37,0.00,34.77,2.81,C2'-endo
1513,10,0.13,G,G,G,0,0,1,0,0,(,"26,46",2,"cWW,cHS","cW-W,cM+m",3.04,3.29,1.11,1.39,3.67,4.91,5.04,3.19,BI,anti,A,4.63,4.63,0.71,3.60,1.71,3.69,2.38,4.09,0.04,5.85,0.64,5.65,0.38,38.22,0.26,C3'-endo
1514,11,0.14,A,A,A,1,0,0,0,0,(,25,1,cWW,cW-W,5.10,3.27,0.85,1.46,3.87,4.86,5.29,3.41,BI,anti,A,4.54,4.74,3.03,3.78,3.13,3.85,3.63,4.16,0.13,5.78,0.66,5.68,0.30,38.15,0.13,C3'-endo
1515,12,0.16,G,G,G,0,0,1,0,0,(,24,1,cWW,cW-W,5.30,2.93,0.91,1.40,3.62,4.89,5.01,3.57,BI,anti,.,4.27,4.58,2.96,4.17,3.18,4.02,3.70,4.43,0.01,5.88,0.62,5.65,0.39,37.32,0.31,C3'-endo
1516,13,0.17,C,C,C,0,1,0,0,0,(,23,1,cWW,cW-W,2.39,3.64,3.40,1.46,3.87,5.64,4.51,3.45,BI,anti,.,4.35,4.58,2.97,3.65,3.27,3.47,4.03,3.59,0.02,5.89,0.59,5.69,0.36,35.46,0.29,C3'-endo
1517,14,0.18,A,A,A,1,0,0,0,0,.,"8,22",2,"tHW,cWS","tM-W,cW-m",3.90,1.87,2.83,1.41,4.20,5.21,5.28,2.99,..,anti,.,4.77,4.78,3.03,3.46,3.12,3.77,3.47,4.85,0.11,5.80,0.66,5.67,0.32,38.46,0.17,C3'-endo
1518,15,0.19,G,G,G,0,0,1,0,0,.,49,1,tWW,tW+W,5.16,3.02,0.97,1.45,4.37,4.84,5.81,3.52,..,anti,.,4.12,4.78,2.95,4.68,3.42,4.63,4.71,5.14,0.10,5.81,0.64,5.68,0.32,37.49,0.18,C3'-endo
1519,16,0.21,C,C,C,0,1,0,0,0,.,,0,,,4.04,3.80,1.51,1.43,3.52,2.67,0.84,3.59,..,anti,.,4.24,4.51,2.43,1.69,2.90,0.94,3.69,6.11,0.03,5.86,0.63,5.65,0.38,37.41,0.28,C3'-endo
1520,17,0.22,C,C,C,0,1,0,0,0,.,,0,,,2.28,3.33,0.89,1.62,4.83,3.94,0.90,3.37,..,anti,.,3.62,4.05,1.05,4.18,1.43,4.31,2.50,4.59,6.22,6.05,0.43,5.81,0.34,27.38,0.45,C3'-endo
1521,17A,0.23,U,U,U,0,0,0,1,0,.,,0,,,6.00,2.14,0.24,1.38,4.00,4.79,5.50,4.00,BI,anti,.,2.90,4.55,2.64,4.42,2.92,3.66,3.31,3.30,6.19,5.97,0.58,5.64,0.46,36.91,0.46,C3'-endo
1522,18,0.25,G,G,G,0,0,1,0,0,.,56,1,tWS,tW+m,1.58,3.14,1.46,2.65,3.93,3.45,0.48,4.63,..,anti,.,1.00,1.52,5.91,4.11,0.48,3.69,0.18,4.24,6.03,0.54,5.67,0.48,6.14,35.13,3.06,C2'-endo
1523,19,0.26,G,G,G,0,0,1,0,0,{,57,1,cWW,cW-W,1.99,4.11,3.62,2.64,4.60,5.51,5.37,4.15,..,anti,.,0.45,0.62,4.46,5.13,4.20,5.37,4.50,5.84,5.90,0.66,5.61,0.47,6.22,39.89,2.90,C2'-endo
1524,20,0.27,U,U,U,0,0,0,1,0,.,,0,,,2.36,3.72,3.34,1.43,4.49,5.68,5.09,3.78,..,anti,.,3.13,4.44,2.75,4.60,3.39,4.65,3.62,4.75,6.18,6.00,0.54,5.67,0.45,35.18,0.49,C3'-endo
1525,21,0.29,A,A,A,1,0,0,0,0,.,"8,14",2,"tWS,cSW","tW+m,cm-W",3.84,2.89,3.17,1.48,4.59,3.67,0.92,3.38,..,anti,.,4.25,4.70,3.72,2.19,4.21,2.47,4.75,2.60,0.09,5.83,0.62,5.69,0.31,36.37,0.18,C3'-endo
1526,22,0.30,G,G,G,0,0,1,0,0,),"13,47",2,"cWW,tHW","cW-W,tM-W",4.82,2.17,1.21,1.37,3.64,4.89,5.03,3.35,BI,anti,A,4.50,4.58,2.83,3.69,2.85,3.52,2.77,3.58,6.28,5.88,0.64,5.63,0.42,38.64,0.33,C3'-endo
1527,23,0.31,C,C,C,0,1,0,0,0,),12,1,cWW,cW-W,5.17,3.07,0.91,1.35,3.78,4.85,5.22,3.50,BI,anti,A,4.38,4.64,2.97,3.61,3.07,3.67,3.40,4.10,6.26,5.88,0.65,5.61,0.44,39.51,0.35,C3'-endo
1528,24,0.32,U,U,U,0,0,0,1,0,),11,1,cWW,cW-W,5.21,2.90,0.98,1.38,3.79,5.11,4.97,3.49,BI,anti,A,4.39,4.65,2.93,3.88,3.12,3.85,3.72,4.40,0.03,5.85,0.65,5.63,0.39,39.07,0.28,C3'-endo
1529,25,0.34,C,C,C,0,1,0,0,0,),10,1,cWW,cW-W,4.88,2.90,1.25,1.32,3.80,5.15,4.94,3.40,BI,anti,.,4.52,4.66,2.81,3.88,3.10,3.92,3.98,4.76,6.27,5.86,0.68,5.58,0.46,41.41,0.35,C3'-endo
1530,26,0.35,G,G,G,0,0,1,0,0,.,45,1,cWW,cW-W,5.06,2.88,1.19,1.40,3.86,5.04,5.10,3.26,BI,anti,A,4.67,4.72,2.92,3.91,3.31,3.93,4.54,4.35,0.11,5.79,0.68,5.65,0.33,39.55,0.17,C3'-endo
1531,27,0.36,U,U,U,0,0,0,1,0,(,44,1,cWW,cW-W,5.17,3.18,0.93,1.40,3.78,4.98,5.08,3.43,BI,anti,A,4.45,4.64,3.00,3.78,3.23,3.84,3.92,4.37,0.03,5.84,0.66,5.63,0.39,39.06,0.28,C3'-endo
1532,28,0.38,C,C,C,0,1,0,0,0,(,43,1,cWW,cW-W,5.22,3.00,0.93,1.37,3.80,4.87,5.21,3.45,BI,anti,A,4.43,4.65,2.96,3.70,3.18,3.72,3.92,4.20,6.28,5.87,0.64,5.62,0.42,38.87,0.33,C3'-endo
1533,29,0.39,G,G,G,0,0,1,0,0,(,42,1,cWW,cW-W,5.32,2.98,0.70,1.35,3.80,5.01,5.07,3.32,BI,anti,A,4.64,4.72,2.83,3.74,2.99,3.80,3.71,4.20,0.07,5.80,0.70,5.61,0.38,41.01,0.23,C3'-endo
1534,30,0.40,G,G,G,0,0,1,0,0,(,"0,41",2,"tSS,cWW","tm+m,cW-W",5.17,2.96,1.15,1.34,3.48,4.84,4.92,3.35,BI,anti,A,4.50,4.53,3.03,3.92,3.28,3.81,3.93,4.27,6.27,5.87,0.65,5.61,0.43,39.45,0.34,C3'-endo
1535,31,0.42,G,G,G,0,0,1,0,0,(,40,1,cWW,cW-W,2.83,3.60,3.01,1.46,4.25,4.89,5.64,3.14,..,anti,A,4.61,4.66,3.03,3.74,3.25,3.82,4.01,4.50,0.06,5.86,0.61,5.70,0.33,35.63,0.23,C3'-endo
1536,32,0.43,C,C,C,0,1,0,0,0,.,39,1,cWW,cW-W,5.42,2.91,0.70,1.40,3.98,5.20,5.06,3.39,BI,anti,.,4.41,4.63,2.84,4.13,3.16,4.19,4.08,4.83,6.28,5.88,0.63,5.64,0.41,37.94,0.33,C3'-endo
1537,33,0.44,U,U,U,0,0,0,1,0,.,,0,,,5.09,3.16,0.86,1.36,3.94,5.25,4.97,3.53,BI,anti,.,4.26,4.65,2.82,4.32,3.16,3.61,4.05,2.52,6.26,5.90,0.63,5.62,0.43,38.51,0.36,C3'-endo
1538,34,0.45,C,C,C,0,1,0,0,0,[,0,1,cWW,cW-W,3.19,2.71,0.73,1.47,3.99,4.93,5.34,3.37,BI,anti,A,4.46,4.62,0.49,4.00,0.91,3.99,0.41,4.53,0.03,5.89,0.59,5.69,0.36,35.24,0.28,C3'-endo
1539,35,0.47,A,A,A,1,0,0,0,0,[,0,1,cWW,cW-W,5.21,2.84,0.87,1.37,3.71,4.86,5.13,3.35,BI,anti,A,4.59,4.66,2.74,3.60,3.05,3.63,3.95,3.83,0.04,5.84,0.66,5.62,0.39,39.42,0.27,C3'-endo
1540,36,0.48,U,U,U,0,0,0,1,0,[,0,1,cWW,cW-W,5.19,3.00,0.98,1.41,3.75,5.04,4.99,3.58,BI,anti,.,4.24,4.61,3.00,3.83,3.15,3.84,3.51,4.53,6.28,5.88,0.63,5.63,0.41,38.35,0.33,C3'-endo
1541,37,0.49,A,A,A,1,0,0,0,0,.,,0,,,5.10,2.92,1.04,1.39,3.83,5.16,4.95,3.28,BI,anti,.,4.65,4.70,2.89,3.99,3.17,4.04,4.16,4.82,0.06,5.82,0.66,5.64,0.37,39.07,0.23,C3'-endo
1542,38,0.51,A,A,A,1,0,0,0,0,.,33,1,cWW,cW-W,5.04,2.96,1.10,1.43,3.92,5.28,4.93,3.28,BI,anti,.,4.62,4.71,2.92,4.22,3.30,4.24,4.45,5.12,0.09,5.81,0.65,5.66,0.34,38.20,0.20,C3'-endo
1543,39,0.52,C,C,C,0,1,0,0,0,),32,1,cWW,cW-W,4.97,3.05,1.05,1.42,3.80,4.81,5.28,3.50,BI,anti,A,4.34,4.62,2.81,3.69,3.25,3.72,4.56,4.10,0.03,5.86,0.63,5.66,0.38,37.53,0.28,C3'-endo
1544,40,0.53,C,C,C,0,1,0,0,0,),31,1,cWW,cW-W,5.37,2.82,0.92,1.34,3.90,4.86,5.32,3.45,BI,anti,A,4.43,4.69,3.00,3.76,3.20,3.80,3.78,4.23,0.02,5.84,0.68,5.60,0.42,40.76,0.30,C3'-endo
1545,41,0.55,C,C,C,0,1,0,0,0,),"0,30",2,"cSS,cWW","cm-m,cW-W",5.37,2.94,0.88,1.32,3.86,5.09,5.06,3.45,BI,anti,A,4.45,4.68,2.98,3.85,3.17,3.86,3.81,4.24,0.02,5.84,0.68,5.59,0.42,40.94,0.30,C3'-endo
1546,42,0.56,G,G,G,0,0,1,0,0,),29,1,cWW,cW-W,5.02,2.93,1.19,1.29,3.28,4.72,4.84,3.45,BI,anti,A,4.42,4.46,2.81,3.70,3.13,3.61,3.83,4.06,6.21,5.90,0.66,5.56,0.50,41.53,0.42,C3'-endo
1547,43,0.57,A,A,A,1,0,0,0,0,),28,1,cWW,cW-W,2.77,3.82,3.05,1.45,4.15,4.55,5.88,3.16,..,anti,A,4.68,4.71,3.11,3.38,3.31,3.44,4.03,3.93,0.07,5.84,0.62,5.69,0.33,36.40,0.21,C3'-endo
1548,44,0.58,A,A,A,1,0,0,0,0,.,27,1,cWW,cW-W,5.41,2.46,1.06,1.40,4.08,4.95,5.41,3.39,..,anti,.,4.46,4.72,2.99,4.05,3.23,4.06,3.92,4.83,0.05,5.85,0.64,5.66,0.36,37.73,0.25,C3'-endo
1549,45,0.60,G,G,G,0,0,1,0,0,.,10,1,cSH,cm+M,5.29,2.76,1.04,1.47,4.30,4.42,6.16,3.65,..,anti,.,3.78,4.68,3.04,3.75,3.38,3.92,4.45,4.27,0.05,5.87,0.60,5.69,0.34,35.68,0.25,C3'-endo
1550,46,0.61,G,G,G,0,0,1,0,0,.,23,1,tWH,tW-M,5.50,2.96,1.07,1.46,4.32,4.87,5.74,4.19,..,anti,.,1.86,4.56,3.57,3.89,3.63,3.35,3.81,2.73,6.26,5.94,0.57,5.68,0.40,34.88,0.37,C3'-endo
1551,47,0.62,U,U,U,0,0,0,1,0,.,,0,,,5.15,4.33,3.16,1.40,3.78,1.23,2.55,3.50,..,anti,.,4.43,4.68,6.07,5.86,0.31,5.59,0.71,5.16,0.07,5.83,0.65,5.66,0.35,37.98,0.23,C3'-endo
1552,48,0.64,C,C,C,0,1,0,0,0,.,15,1,tWW,tW+W,4.51,3.95,1.26,2.42,3.75,2.09,1.67,3.85,..,anti,.,2.31,2.17,3.67,1.61,4.57,1.01,5.30,4.48,5.89,0.56,5.77,0.30,0.06,32.12,2.71,C2'-endo
1553,49,0.65,G,G,G,0,0,1,0,0,(,66,1,cWW,cW-W,5.69,3.94,1.29,1.47,3.80,4.95,5.13,3.32,BI,anti,A,4.58,4.67,5.13,3.94,5.39,3.96,2.01,4.38,0.11,5.81,0.64,5.69,0.31,37.15,0.16,C3'-endo
1554,50,0.66,U,U,U,0,0,0,1,0,(,65,1,cWW,cW-W,5.22,2.85,1.05,1.40,3.81,4.86,5.23,3.41,BI,anti,A,4.43,4.61,3.00,3.71,3.27,3.71,4.00,4.03,0.01,5.88,0.62,5.65,0.40,37.51,0.31,C3'-endo
1555,51,0.68,C,C,C,0,1,0,0,0,(,64,1,cWW,cW-W,5.28,2.95,0.83,1.38,3.52,4.80,5.01,3.58,BI,anti,A,4.24,4.52,2.87,4.00,3.09,3.83,3.65,4.32,6.28,5.88,0.64,5.63,0.42,38.60,0.33,C3'-endo
1556,52,0.69,G,G,G,0,0,1,0,0,(,63,1,cWW,cW-W,2.48,3.64,3.16,1.42,4.12,4.76,5.65,3.11,..,anti,A,4.80,4.80,2.79,3.49,3.04,3.58,3.90,4.10,0.13,5.78,0.66,5.68,0.30,38.30,0.13,C3'-endo
1557,53,0.70,G,G,G,0,0,1,0,0,(,62,1,cWW,cW-W,5.54,2.71,0.88,1.39,3.74,4.95,5.07,3.31,BI,anti,A,4.51,4.57,2.98,3.77,3.28,3.80,4.02,4.33,6.25,5.91,0.61,5.64,0.43,37.58,0.38,C3'-endo
1558,54,0.71,U,U,U,0,0,0,1,0,.,59,1,tWH,tW-M,5.22,3.05,0.87,1.40,4.05,4.98,5.35,3.39,BI,anti,A,4.48,4.70,3.03,4.03,3.21,4.11,3.94,4.83,0.02,5.86,0.64,5.63,0.40,38.54,0.30,C3'-endo
1559,55,0.73,U,U,U,0,0,0,1,0,.,19,1,tSW,tm+W,5.34,2.77,0.95,1.33,4.09,5.30,5.08,3.52,..,anti,.,4.20,4.68,2.91,4.36,3.25,3.62,4.25,2.61,6.25,5.89,0.65,5.60,0.45,39.82,0.37,C3'-endo
1560,56,0.74,C,C,C,0,1,0,0,0,},20,1,cWW,cW-W,3.43,2.46,0.62,1.44,3.84,5.06,5.07,3.47,BI,anti,.,4.21,4.44,0.44,4.04,0.88,4.04,0.44,4.80,6.19,5.98,0.55,5.66,0.45,35.42,0.46,C3'-endo
1561,57,0.75,A,A,A,1,0,0,0,0,.,,0,,,4.97,3.03,0.98,1.44,3.74,4.99,5.04,3.49,BI,anti,.,4.37,4.63,2.78,3.70,3.10,3.91,4.17,4.26,0.06,5.85,0.63,5.67,0.35,36.88,0.24,C3'-endo
1562,58,0.77,A,A,A,1,0,0,0,0,.,55,1,tHW,tM-W,5.19,3.65,1.47,2.65,4.95,3.53,1.43,4.85,BII,anti,.,0.06,0.19,4.23,4.36,4.56,3.27,4.45,2.74,5.92,0.65,5.61,0.48,6.20,39.48,2.93,C2'-endo
1563,59,0.78,A,A,A,1,0,0,0,0,.,,0,,,0.83,3.66,1.48,1.45,3.96,5.33,4.91,3.14,BI,anti,.,4.48,4.55,0.02,4.35,0.50,4.48,0.96,5.37,6.28,5.90,0.60,5.67,0.39,36.32,0.33,C3'-endo
1564,60,0.79,U,U,U,0,0,0,1,0,.,,0,,,4.98,2.94,1.37,2.36,4.46,5.38,5.37,3.74,..,anti,.,1.43,1.42,3.29,5.41,3.97,5.08,5.13,5.52,5.85,0.58,5.78,0.27,0.10,33.00,2.64,C2'-endo
1565,61,0.81,C,C,C,0,1,0,0,0,),54,1,cWW,cW-W,4.96,3.38,0.39,1.38,3.73,4.91,5.11,3.43,BI,anti,A,4.46,4.60,2.16,3.50,2.87,3.69,3.55,4.34,6.27,5.89,0.63,5.63,0.42,38.35,0.35,C3'-endo
1566,62,0.82,C,C,C,0,1,0,0,0,),53,1,cWW,cW-W,5.28,2.95,0.97,1.42,3.49,4.82,4.95,3.40,BI,anti,A,4.39,4.47,3.01,4.00,3.26,3.80,4.00,4.04,0.00,5.89,0.62,5.64,0.40,37.56,0.32,C3'-endo
1567,63,0.83,G,G,G,0,0,1,0,0,),52,1,cWW,cW-W,2.83,3.51,2.83,1.38,4.18,4.53,5.93,3.22,..,anti,A,4.68,4.78,2.71,3.42,2.93,3.49,3.50,3.90,0.09,5.80,0.67,5.65,0.34,39.08,0.19,C3'-endo
1568,64,0.84,G,G,G,0,0,1,0,0,),51,1,cWW,cW-W,5.65,2.60,0.72,1.37,4.29,4.04,0.25,3.31,..,anti,A,4.46,4.68,3.05,3.94,3.20,3.83,3.72,4.14,6.26,5.89,0.64,5.62,0.43,39.02,0.35,C3'-endo
1569,65,0.86,C,C,C,0,1,0,0,0,),50,1,cWW,cW-W,1.78,4.37,3.36,1.43,3.96,5.22,5.03,3.16,BI,anti,A,4.68,4.71,2.84,3.73,3.09,3.74,3.72,4.30,0.09,5.82,0.65,5.67,0.33,37.92,0.19,C3'-endo
1570,66,0.87,C,C,C,0,1,0,0,0,),7,1,cWW,cW-W,5.07,3.36,0.80,1.40,3.80,4.46,5.63,3.55,BI,anti,A,4.28,4.62,2.87,3.96,3.18,3.91,4.02,4.41,0.01,5.88,0.62,5.65,0.40,37.49,0.32,C3'-endo
1571,67,0.88,C,C,C,0,1,0,0,0,),6,1,cWW,cW-W,2.46,3.95,3.14,1.46,3.92,5.02,5.19,3.29,BI,anti,A,4.54,4.63,2.84,3.64,3.13,3.63,3.88,4.11,0.03,5.88,0.59,5.69,0.35,35.28,0.27,C3'-endo
1572,68,0.90,C,C,C,0,1,0,0,0,),5,1,cWW,cW-W,5.25,3.07,0.73,1.38,3.71,4.85,5.14,3.49,BI,anti,A,4.37,4.60,2.81,3.59,3.09,3.66,3.84,4.12,6.26,5.89,0.63,5.63,0.43,38.40,0.35,C3'-endo
1573,69,0.91,C,C,C,0,1,0,0,0,),4,1,cWW,cW-W,5.34,2.85,0.93,1.35,3.75,4.87,5.16,3.46,BI,anti,A,4.43,4.65,2.97,3.66,3.17,3.69,3.80,4.06,0.02,5.85,0.66,5.61,0.41,39.77,0.30,C3'-endo
1574,70,0.92,G,G,G,0,0,1,0,0,),3,1,cWW,cW-W,5.34,2.85,0.97,1.41,3.52,4.72,5.09,3.43,BI,anti,A,4.40,4.49,2.99,4.02,3.24,3.86,3.85,4.39,6.27,5.91,0.60,5.66,0.40,36.46,0.34,C3'-endo
1575,71,0.94,C,C,C,0,1,0,0,0,),2,1,cWW,cW-W,2.68,3.76,2.94,1.34,4.26,4.59,5.95,3.40,..,anti,A,4.41,4.77,2.78,3.55,3.06,3.60,3.92,4.22,0.06,5.81,0.69,5.61,0.38,40.73,0.24,C3'-endo
1576,72,0.95,A,A,A,1,0,0,0,0,.,,0,,,5.56,2.60,0.83,1.38,3.85,5.01,5.13,3.31,BI,anti,A,4.59,4.66,2.89,3.90,3.15,3.92,3.99,4.53,0.02,5.86,0.65,5.63,0.40,38.81,0.30,C3'-endo
1577,73,0.96,A,A,A,1,0,0,0,0,.,,0,,,5.17,3.02,0.98,1.42,3.97,2.11,1.86,3.78,..,anti,.,3.65,4.69,3.00,0.97,3.24,1.04,4.10,1.51,0.03,5.86,0.63,5.65,0.38,37.49,0.27,C3'-endo
1578,74,0.97,C,C,C,0,1,0,0,0,{,0,1,cWW,cW-W,4.84,2.69,0.52,1.46,3.57,5.03,4.82,3.32,BI,anti,A,4.54,4.58,2.77,3.79,3.12,3.88,3.29,4.05,0.08,5.79,0.70,5.61,0.38,41.19,0.21,C3'-endo
1579,75,0.99,C,C,C,0,1,0,0,0,{,0,1,cWW,cW-W,4.61,3.67,1.03,1.57,4.49,5.63,5.14,3.99,..,anti,.,2.37,4.48,3.24,4.52,3.27,4.33,3.45,3.98,0.01,5.89,0.61,5.66,0.39,36.61,0.32,C3'-endo
1580,76,1.00,A,A,A,1,0,0,0,0,.,0,1,tWS,tW+m,4.49,1.11,3.24,2.46,,,,4.30,..,anti,-,,,,,,,,,5.80,0.67,5.70,0.32,0.10,37.73,2.66,C2'-endo
