index_chain,old_nt_resnum,nt_position,nt_name,nt_code,nt_align_code,is_A,is_C,is_G,is_U,is_other,dbn,paired,nb_interact,pair_type_LW,pair_type_DSSR,alpha,beta,gamma,delta,epsilon,zeta,epsilon_zeta,chi,bb_type,glyco_bond,form,ssZp,Dp,eta,theta,eta_prime,theta_prime,eta_base,theta_base,v0,v1,v2,v3,v4,amplitude,phase_angle,puckering
1,2,0.01,G,G,G,0,0,1,0,0,(,117,1,cWW,cW-W,,3.62,2.85,1.43,3.80,4.98,5.11,3.41,BI,anti,A,4.55,4.71,,3.55,,3.51,,4.00,0.09,5.82,0.64,5.68,0.33,37.26,0.19,C3'-endo
2,3,0.02,C,C,C,0,1,0,0,0,(,116,1,cWW,cW-W,5.18,2.95,0.97,1.39,3.78,4.90,5.16,3.48,BI,anti,A,4.45,4.68,2.91,3.70,3.16,3.71,3.91,4.12,0.04,5.85,0.64,5.65,0.38,37.98,0.27,C3'-endo
3,4,0.03,C,C,C,0,1,0,0,0,(,115,1,cWW,cW-W,5.12,3.05,0.89,1.40,3.59,5.13,4.75,3.46,BI,anti,A,4.49,4.63,2.84,3.76,3.03,3.79,3.67,4.23,0.07,5.83,0.65,5.65,0.36,38.44,0.23,C3'-endo
4,5,0.03,U,U,U,0,0,0,1,0,(,114,1,cWW,cW-W,5.16,3.09,1.00,1.39,3.59,5.04,4.84,3.52,BI,anti,A,4.40,4.62,3.01,3.68,3.28,3.69,3.96,4.17,0.04,5.85,0.64,5.64,0.38,38.30,0.27,C3'-endo
5,6,0.04,G,G,G,0,0,1,0,0,(,113,1,cWW,cW-W,5.20,3.05,0.91,1.40,3.63,4.99,4.93,3.46,BI,anti,A,4.48,4.65,2.96,3.67,3.18,3.69,3.89,4.04,0.06,5.83,0.65,5.66,0.36,38.07,0.23,C3'-endo
6,7,0.05,G,G,G,0,0,1,0,0,(,112,1,cWW,cW-W,5.27,3.02,0.83,1.38,3.64,5.04,4.88,3.46,BI,anti,A,4.49,4.65,2.93,3.70,3.13,3.73,3.72,4.06,0.05,5.83,0.66,5.64,0.37,38.75,0.25,C3'-endo
7,8,0.06,C,C,C,0,1,0,0,0,(,111,1,cWW,cW-W,5.27,3.10,0.88,1.37,3.39,5.30,4.37,3.65,BI,anti,.,4.18,4.49,2.99,4.17,3.22,3.99,3.76,4.35,6.27,5.89,0.63,5.63,0.42,38.12,0.34,C3'-endo
8,9,0.07,G,G,G,0,0,1,0,0,(,110,1,cWW,cW-W,2.70,3.20,3.15,1.40,3.70,4.98,5.00,3.31,BI,anti,A,4.62,4.66,2.86,3.15,3.15,3.29,3.88,3.84,0.05,5.84,0.65,5.65,0.37,38.17,0.25,C3'-endo
9,10,0.08,G,G,G,0,0,1,0,0,(,109,1,cWW,cW-W,5.22,3.04,0.94,1.42,4.06,5.13,5.21,3.30,BI,anti,.,4.61,4.72,3.08,4.15,3.26,4.23,3.90,5.13,0.04,5.86,0.62,5.66,0.37,37.07,0.27,C3'-endo
10,11,0.08,C,C,C,0,1,0,0,0,.,108,1,cWW,cW-W,5.18,2.91,0.94,1.42,3.94,5.13,5.09,3.42,BI,anti,.,4.49,4.70,2.81,4.07,3.23,4.23,4.49,4.86,0.04,5.86,0.62,5.67,0.36,36.96,0.26,C3'-endo
11,12,0.09,C,C,C,0,1,0,0,0,.,,0,,,5.29,3.18,1.06,2.56,4.69,2.49,2.20,4.14,BII,anti,.,0.73,0.74,3.51,2.79,4.07,2.68,4.75,3.23,5.90,0.63,5.66,0.42,6.25,37.30,2.86,C2'-endo
12,13,0.10,G,G,G,0,0,1,0,0,.,"15,68",2,"cSS,tSS","cm-m,tm+m",5.36,2.89,1.11,1.41,4.22,3.76,0.46,3.56,..,anti,.,4.10,4.75,4.32,3.19,4.12,2.61,4.21,2.87,0.04,5.86,0.63,5.66,0.37,37.47,0.26,C3'-endo
13,14,0.11,U,U,U,0,0,0,1,0,.,,0,,,1.08,3.90,0.97,2.57,4.59,4.63,6.24,3.95,..,anti,.,0.88,0.92,6.24,5.52,0.16,5.15,5.73,5.61,5.94,0.60,5.67,0.43,6.22,36.22,2.91,C2'-endo
14,15,0.12,A,A,A,1,0,0,0,0,.,,0,,,0.72,2.93,5.08,2.62,4.60,4.88,6.00,0.52,..,syn,.,-0.65,0.73,2.83,4.81,3.53,5.04,3.98,5.75,5.92,0.64,5.63,0.46,6.22,38.50,2.91,C2'-endo
15,16,0.13,G,G,G,0,0,1,0,0,(,"12,67",2,"cSS,cWW","cm-m,cW-W",5.54,2.54,1.18,1.48,3.83,5.16,4.96,3.08,BI,anti,.,4.70,4.71,2.97,4.50,3.91,4.13,4.10,4.22,0.13,5.80,0.63,5.71,0.28,36.23,0.12,C3'-endo
16,17,0.14,C,C,C,0,1,0,0,0,(,66,1,cWW,cW-W,2.94,2.99,2.98,1.44,4.51,4.84,5.96,3.19,..,anti,.,4.62,4.74,2.77,4.02,3.03,3.99,3.57,4.51,0.08,5.84,0.62,5.69,0.33,36.51,0.21,C3'-endo
17,18,0.14,G,G,G,0,0,1,0,0,.,64,1,cHW,cM-W,1.38,4.17,4.25,1.43,4.00,5.30,4.98,3.19,BI,anti,.,4.71,4.73,3.08,3.32,3.36,3.60,4.22,4.71,0.08,5.83,0.63,5.68,0.33,36.80,0.20,C3'-endo
18,19,0.15,C,C,C,0,1,0,0,0,(,63,1,cWW,cW-W,5.12,3.18,0.75,1.41,3.84,5.00,5.13,3.54,BI,anti,A,4.33,4.70,2.73,3.80,3.15,3.88,4.46,4.45,0.06,5.84,0.64,5.66,0.35,37.61,0.24,C3'-endo
19,20,0.16,G,G,G,0,0,1,0,0,(,62,1,cWW,cW-W,5.19,2.94,0.92,1.38,3.69,4.94,5.03,3.45,BI,anti,A,4.51,4.67,2.84,3.66,3.12,3.68,3.94,4.11,0.05,5.84,0.65,5.64,0.38,38.63,0.26,C3'-endo
20,21,0.17,G,G,G,0,0,1,0,0,(,61,1,cWW,cW-W,5.20,2.95,0.98,1.40,3.64,5.01,4.91,3.40,BI,anti,A,4.55,4.64,2.95,3.74,3.17,3.76,3.84,4.30,0.05,5.85,0.64,5.66,0.37,37.69,0.26,C3'-endo
21,22,0.18,U,U,U,0,0,0,1,0,(,60,1,cWW,cW-W,5.27,2.92,1.03,1.41,3.56,4.97,4.87,3.69,BI,anti,A,4.11,4.60,3.02,3.62,3.32,3.61,4.13,3.94,0.04,5.86,0.63,5.66,0.36,37.20,0.26,C3'-endo
22,23,0.19,G,G,G,0,0,1,0,0,(,59,1,cWW,cW-W,5.20,3.06,0.92,1.43,4.10,4.42,5.96,3.58,..,anti,.,4.13,4.75,3.10,3.47,3.22,3.73,3.70,3.09,0.07,5.84,0.63,5.68,0.34,36.81,0.23,C3'-endo
23,24,0.19,G,G,G,0,0,1,0,0,.,"26,58",2,"tSW,c.W","tm+W,c.-W",5.25,3.07,0.88,2.57,4.08,2.03,2.05,4.79,..,anti,.,1.03,1.50,3.19,2.09,3.44,1.62,2.76,1.52,5.95,0.59,5.67,0.43,6.22,35.95,2.91,C2'-endo
24,25,0.20,U,U,U,0,0,0,1,0,.,,0,,,3.10,3.44,0.82,1.40,3.89,5.14,5.03,3.36,BI,anti,.,4.57,4.70,1.82,3.96,1.68,4.08,1.81,4.88,0.05,5.85,0.63,5.66,0.36,37.40,0.26,C3'-endo
25,26,0.21,C,C,C,0,1,0,0,0,.,,0,,,5.23,3.10,0.81,1.42,3.89,5.11,5.06,3.53,BI,anti,.,4.31,4.68,2.91,4.00,3.23,4.11,4.25,4.89,0.03,5.87,0.62,5.67,0.37,36.62,0.27,C3'-endo
26,27,0.22,C,C,C,0,1,0,0,0,.,23,1,tWS,tW+m,5.29,2.96,0.86,1.42,3.82,5.21,4.89,3.43,BI,anti,.,4.52,4.70,2.90,4.06,3.29,4.11,4.36,4.80,0.07,5.83,0.64,5.67,0.34,37.30,0.21,C3'-endo
27,28,0.23,C,C,C,0,1,0,0,0,(,55,1,cWW,cW-W,5.25,3.07,0.84,1.38,3.77,4.91,5.14,3.36,BI,anti,A,4.61,4.71,2.91,3.69,3.28,3.72,4.33,4.09,0.07,5.82,0.66,5.65,0.36,38.65,0.22,C3'-endo
28,29,0.24,A,A,A,1,0,0,0,0,(,"54,57",2,"cWW,cSW","cW-W,cm-W",5.28,2.87,0.89,1.38,3.80,4.84,5.25,3.46,BI,anti,A,4.46,4.69,2.90,3.66,3.11,3.68,3.70,4.24,0.03,5.86,0.64,5.64,0.39,38.46,0.29,C3'-endo
29,30,0.25,C,C,C,0,1,0,0,0,(,"51,53,56",3,"t.W,cWW,cSH","t.-W,cW-W,cm-M",5.25,2.69,1.06,1.39,3.90,5.30,4.88,3.60,BI,anti,.,4.18,4.71,2.93,4.23,3.17,4.30,3.97,4.99,0.04,5.85,0.64,5.65,0.38,38.22,0.27,C3'-endo
30,31,0.25,C,C,C,0,1,0,0,0,(,"50,52",2,"cWW,c.W","cW-W,c.-W",5.28,2.87,1.12,1.42,3.73,5.11,4.91,3.54,BI,anti,.,4.33,4.65,3.01,3.87,3.58,3.88,4.71,4.22,0.05,5.86,0.62,5.67,0.36,36.89,0.25,C3'-endo
31,32,0.26,U,U,U,0,0,0,1,0,(,49,1,cWW,cW-W,5.09,3.46,0.77,1.41,3.90,5.04,5.14,3.49,BI,anti,A,4.40,4.70,3.05,3.88,3.19,3.99,3.68,4.80,0.05,5.85,0.63,5.67,0.36,37.17,0.25,C3'-endo
32,33,0.27,G,G,G,0,0,1,0,0,(,48,1,cWW,cW-W,5.20,2.90,0.92,1.40,3.68,4.84,5.12,3.39,BI,anti,A,4.58,4.67,2.81,3.61,3.16,3.63,4.22,3.91,0.06,5.84,0.64,5.66,0.36,37.87,0.24,C3'-endo
33,34,0.28,A,A,A,1,0,0,0,0,(,47,1,cWW,cW-W,5.27,2.71,1.26,1.41,3.72,3.64,0.08,3.71,..,anti,.,4.00,4.62,3.14,2.78,3.39,2.20,3.87,1.64,0.01,5.89,0.61,5.66,0.39,36.98,0.31,C3'-endo
34,35,0.29,C,C,C,0,1,0,0,0,.,,0,,,1.21,3.57,3.03,1.42,4.08,5.37,4.99,3.50,..,anti,.,4.34,4.76,1.70,3.96,1.56,4.05,1.47,4.54,0.08,5.83,0.64,5.67,0.34,37.40,0.21,C3'-endo
35,36,0.30,C,C,C,0,1,0,0,0,.,48,1,cWS,cW-m,5.13,3.73,0.81,1.41,3.84,5.17,4.96,3.50,BI,anti,.,4.42,4.72,3.18,3.92,3.50,4.03,4.15,4.45,0.08,5.82,0.65,5.66,0.34,38.12,0.20,C3'-endo
36,37,0.31,C,C,C,0,1,0,0,0,.,47,1,cWS,cW-m,5.21,3.48,0.62,1.38,3.94,5.26,4.96,3.47,BI,anti,.,4.40,4.70,2.98,4.04,3.14,4.22,3.66,5.19,0.00,5.88,0.63,5.64,0.40,37.84,0.32,C3'-endo
37,38,0.31,C,C,C,0,1,0,0,0,(,43,1,cWW,cW-W,5.23,2.98,0.88,1.40,3.68,4.99,4.97,3.48,BI,anti,A,4.46,4.65,2.81,3.72,3.29,3.75,4.55,4.19,0.06,5.84,0.64,5.66,0.36,37.84,0.24,C3'-endo
38,39,0.32,A,A,A,1,0,0,0,0,.,45,1,cSW,cm-W,5.24,2.88,1.05,1.42,3.88,4.32,5.85,3.35,..,anti,.,4.56,4.67,3.05,3.27,3.30,3.45,3.97,3.17,0.02,5.88,0.61,5.66,0.38,36.67,0.30,C3'-endo
39,40,0.33,U,U,U,0,0,0,1,0,.,44,1,tSH,tm-M,5.35,2.67,1.22,2.55,4.77,5.52,5.54,4.18,..,anti,.,0.64,0.66,3.69,5.81,3.91,5.25,3.46,4.83,5.90,0.63,5.66,0.41,6.26,37.01,2.85,C2'-endo
40,41,0.34,G,G,G,0,0,1,0,0,.,,0,,,5.14,2.81,3.32,1.41,3.41,1.55,1.86,4.44,..,anti,.,1.77,4.50,4.97,6.00,5.63,5.51,0.05,5.42,0.02,5.88,0.62,5.66,0.38,36.94,0.29,C3'-endo
41,42,0.35,C,C,C,0,1,0,0,0,.,,0,,,1.09,2.65,3.12,1.42,4.15,5.00,5.43,3.34,..,anti,.,4.53,4.71,1.48,3.36,2.09,3.61,2.78,4.61,0.03,5.88,0.61,5.67,0.37,36.55,0.28,C3'-endo
42,43,0.36,C,C,C,0,1,0,0,0,.,,0,,,5.22,2.75,1.05,1.44,4.42,4.65,6.05,3.37,..,anti,.,4.32,4.67,2.99,4.46,3.37,4.08,4.49,4.46,0.02,5.89,0.59,5.68,0.37,35.53,0.29,C3'-endo
43,44,0.36,G,G,G,0,0,1,0,0,),"37,46",2,"cWW,tSW","cW-W,tm+W",0.93,3.13,1.12,2.56,3.76,1.85,1.91,5.11,..,anti,.,1.11,1.82,4.86,1.94,5.65,1.33,5.30,1.25,5.91,0.62,5.66,0.42,6.25,36.89,2.87,C2'-endo
44,45,0.37,A,A,A,1,0,0,0,0,.,39,1,tHS,tM-m,2.93,3.59,0.96,1.43,3.84,5.22,4.91,3.41,BI,anti,.,4.54,4.71,1.72,4.06,1.70,4.16,1.86,4.95,0.08,5.82,0.64,5.68,0.33,37.36,0.20,C3'-endo
45,46,0.38,A,A,A,1,0,0,0,0,.,38,1,cWS,cW-m,5.21,3.04,0.86,1.41,3.95,5.10,5.13,3.40,BI,anti,.,4.51,4.70,2.91,4.03,3.27,4.09,4.37,4.81,0.04,5.86,0.62,5.67,0.37,36.94,0.27,C3'-endo
46,47,0.39,C,C,C,0,1,0,0,0,.,43,1,tWS,tW+m,5.21,3.12,0.76,1.41,3.76,5.22,4.82,3.35,BI,anti,.,4.59,4.67,2.82,3.96,3.14,4.05,4.15,4.72,0.06,5.84,0.64,5.66,0.36,37.56,0.24,C3'-endo
47,48,0.40,U,U,U,0,0,0,1,0,),"33,36",2,"cWW,cSW","cW-W,cm-W",5.19,3.07,0.94,1.39,3.63,5.01,4.89,3.47,BI,anti,A,4.46,4.61,2.93,3.66,3.30,3.70,4.29,4.12,0.02,5.86,0.64,5.64,0.39,38.03,0.29,C3'-endo
48,49,0.41,C,C,C,0,1,0,0,0,),"32,35",2,"cWW,cSW","cW-W,cm-W",5.18,3.15,0.89,1.40,3.56,5.04,4.81,3.52,BI,anti,A,4.39,4.60,2.97,3.64,3.16,3.67,3.78,4.10,0.04,5.85,0.64,5.65,0.37,37.79,0.27,C3'-endo
49,50,0.42,A,A,A,1,0,0,0,0,),31,1,cWW,cW-W,5.17,2.97,1.04,1.41,3.49,5.45,4.32,3.50,BI,anti,.,4.41,4.56,2.97,4.41,3.23,4.21,3.90,4.75,0.04,5.86,0.63,5.67,0.36,37.11,0.26,C3'-endo
50,51,0.42,G,G,G,0,0,1,0,0,),30,1,cWW,cW-W,2.92,3.15,2.95,1.43,3.84,4.96,5.16,3.37,BI,anti,A,4.58,4.69,2.84,3.31,3.25,3.54,4.25,3.78,0.06,5.84,0.63,5.68,0.34,36.84,0.23,C3'-endo
51,52,0.43,A,A,A,1,0,0,0,0,.,29,1,tW.,tW-.,5.36,3.24,0.97,2.55,4.75,2.22,2.53,4.47,BII,anti,.,0.52,0.69,3.63,2.48,4.01,2.21,4.12,2.27,5.91,0.62,5.67,0.41,6.26,36.46,2.85,C2'-endo
52,53,0.44,A,A,A,1,0,0,0,0,.,30,1,cW.,cW-.,3.10,3.41,1.01,1.40,3.83,5.08,5.04,3.43,BI,anti,.,4.53,4.73,2.27,3.92,2.02,4.03,2.21,4.63,0.08,5.82,0.66,5.66,0.35,38.38,0.21,C3'-endo
53,54,0.45,G,G,G,0,0,1,0,0,),29,1,cWW,cW-W,5.29,2.86,1.13,1.39,3.58,4.95,4.91,3.46,BI,anti,A,4.48,4.61,3.04,3.62,3.44,3.60,4.35,3.90,0.03,5.85,0.64,5.65,0.38,38.06,0.28,C3'-endo
54,55,0.46,U,U,U,0,0,0,1,0,),28,1,cWW,cW-W,5.29,2.98,1.01,1.40,3.35,5.08,4.56,3.40,BI,anti,.,4.44,4.48,3.07,3.96,3.31,3.92,3.86,4.25,0.02,5.88,0.62,5.66,0.38,37.02,0.30,C3'-endo
55,56,0.47,G,G,G,0,0,1,0,0,),27,1,cWW,cW-W,3.09,3.30,3.01,2.58,4.28,2.05,2.22,3.91,..,anti,.,1.27,1.28,3.73,1.26,3.90,1.19,4.30,1.37,5.95,0.60,5.66,0.44,6.21,36.32,2.92,C2'-endo
56,57,0.47,A,A,A,1,0,0,0,0,.,29,1,cHS,cM-m,4.91,2.88,6.24,1.44,4.02,5.09,5.21,3.41,BI,anti,.,4.50,4.74,2.54,3.95,2.38,4.14,2.46,5.03,0.08,5.83,0.63,5.68,0.33,36.87,0.20,C3'-endo
57,58,0.48,A,A,A,1,0,0,0,0,.,28,1,cWS,cW-m,5.24,2.99,0.85,1.44,3.99,5.15,5.12,3.23,BI,anti,.,4.68,4.72,2.88,4.16,3.25,4.26,4.33,5.05,0.08,5.84,0.62,5.69,0.33,36.42,0.21,C3'-endo
58,59,0.49,A,A,A,1,0,0,0,0,.,23,1,cW.,cW-.,5.29,2.90,0.90,1.42,3.93,5.03,5.18,3.27,BI,anti,A,4.66,4.72,2.89,3.98,3.33,4.02,4.53,4.81,0.07,5.84,0.63,5.67,0.34,37.10,0.22,C3'-endo
59,60,0.50,C,C,C,0,1,0,0,0,),22,1,cWW,cW-W,5.18,2.85,1.01,1.40,3.75,5.02,5.01,3.43,BI,anti,A,4.54,4.69,2.84,3.81,3.21,3.78,4.37,4.26,0.07,5.82,0.65,5.65,0.35,38.32,0.22,C3'-endo
60,61,0.51,G,G,G,0,0,1,0,0,),21,1,cWW,cW-W,5.10,2.88,1.04,1.39,3.56,5.13,4.71,3.44,BI,anti,A,4.49,4.61,2.81,3.76,3.11,3.73,3.95,4.19,0.04,5.84,0.65,5.64,0.38,38.60,0.27,C3'-endo
61,62,0.52,C,C,C,0,1,0,0,0,),20,1,cWW,cW-W,5.11,3.16,0.92,1.39,3.61,5.06,4.83,3.43,BI,anti,A,4.50,4.61,2.95,3.69,3.18,3.73,3.91,4.20,0.03,5.86,0.63,5.65,0.38,37.81,0.28,C3'-endo
62,63,0.53,C,C,C,0,1,0,0,0,),19,1,cWW,cW-W,5.16,3.14,0.89,1.39,3.74,5.06,4.96,3.52,BI,anti,A,4.41,4.68,2.97,3.79,3.16,3.84,3.82,4.44,0.05,5.84,0.65,5.65,0.37,38.42,0.25,C3'-endo
63,64,0.53,G,G,G,0,0,1,0,0,),18,1,cWW,cW-W,5.14,2.93,1.01,1.40,3.57,5.06,4.79,3.35,BI,anti,A,4.58,4.61,2.86,3.71,3.18,3.70,4.09,4.10,0.05,5.84,0.64,5.65,0.37,37.97,0.25,C3'-endo
64,65,0.54,U,U,U,0,0,0,1,0,.,17,1,cWH,cW-M,5.10,3.05,1.05,1.43,3.98,4.90,5.36,3.51,BI,anti,.,4.33,4.71,3.07,3.87,3.26,4.06,3.89,4.56,0.05,5.86,0.61,5.68,0.35,36.36,0.25,C3'-endo
65,66,0.55,A,A,A,1,0,0,0,0,.,,0,,,5.39,3.35,1.44,2.62,4.90,2.36,2.54,4.89,BII,anti,.,0.07,0.39,4.20,2.64,4.60,2.13,4.69,2.19,5.95,0.61,5.64,0.47,6.19,37.61,2.95,C2'-endo
66,67,0.56,G,G,G,0,0,1,0,0,),16,1,cWW,cW-W,2.91,3.13,0.96,1.41,3.60,5.30,4.58,3.29,BI,anti,.,4.61,4.62,1.89,4.23,1.71,3.95,2.02,3.93,0.05,5.85,0.63,5.66,0.36,37.38,0.25,C3'-endo
67,68,0.57,C,C,C,0,1,0,0,0,),15,1,cWW,cW-W,2.95,2.79,2.96,1.42,3.70,5.18,4.81,3.55,BI,anti,.,4.35,4.67,2.68,3.29,2.90,3.48,3.21,4.16,0.07,5.83,0.64,5.67,0.34,37.62,0.21,C3'-endo
68,69,0.58,G,G,G,0,0,1,0,0,.,"12,106",2,"tSS,tHS","tm+m,tM-m",5.23,3.00,1.00,1.42,3.97,5.27,4.99,3.19,BI,anti,.,4.70,4.72,3.07,4.24,3.41,4.32,4.29,5.18,0.06,5.85,0.63,5.67,0.35,37.10,0.24,C3'-endo
69,70,0.58,C,C,C,0,1,0,0,0,(,105,1,cWW,cW-W,5.28,2.99,0.85,1.41,3.75,4.93,5.11,3.36,BI,anti,.,4.54,4.63,2.85,3.75,3.34,3.82,4.65,4.30,0.03,5.87,0.61,5.67,0.37,36.56,0.28,C3'-endo
70,71,0.59,C,C,C,0,1,0,0,0,(,104,1,cWW,cW-W,5.40,2.87,0.95,1.41,3.91,5.22,4.97,3.35,BI,anti,.,4.55,4.67,3.11,4.14,3.36,4.18,4.06,5.07,0.02,5.88,0.62,5.66,0.38,36.84,0.29,C3'-endo
71,72,0.60,G,G,G,0,0,1,0,0,.,103,1,tSH,tm-M,5.23,3.09,0.76,1.40,3.72,5.00,5.00,3.67,BI,anti,.,4.11,4.67,2.80,3.13,3.21,2.80,4.45,2.58,0.07,5.83,0.64,5.66,0.35,37.75,0.23,C3'-endo
72,73,0.61,A,A,A,1,0,0,0,0,.,102,1,tHW,tM-W,4.56,1.16,3.12,1.42,4.21,5.23,5.27,3.01,..,anti,.,4.73,4.75,3.58,3.13,3.07,3.52,2.70,4.60,0.06,5.85,0.63,5.68,0.34,36.87,0.23,C3'-endo
73,74,0.62,U,U,U,0,0,0,1,0,.,101,1,tHW,tM-W,5.16,3.11,0.79,1.40,3.99,5.07,5.20,3.56,BI,anti,.,4.23,4.72,2.74,4.01,3.19,4.12,4.46,5.02,0.04,5.85,0.63,5.66,0.37,37.62,0.26,C3'-endo
74,75,0.63,G,G,G,0,0,1,0,0,.,100,1,cW.,cW-.,5.22,2.85,0.96,1.41,3.68,5.13,4.83,3.54,BI,anti,A,4.38,4.68,2.80,3.89,3.23,3.88,4.44,4.42,0.09,5.81,0.65,5.67,0.33,38.10,0.19,C3'-endo
75,76,0.64,G,G,G,0,0,1,0,0,.,99,1,tWH,tW-M,5.24,3.04,0.87,1.40,3.68,5.00,4.96,3.42,BI,anti,A,4.53,4.66,2.93,3.72,3.23,3.76,4.11,4.28,0.06,5.84,0.64,5.65,0.36,38.06,0.24,C3'-endo
76,77,0.64,U,U,U,0,0,0,1,0,.,98,1,tWH,tW-M,5.30,2.91,0.94,1.39,3.71,5.04,4.95,3.53,BI,anti,.,4.38,4.67,2.99,3.80,3.25,3.81,4.02,4.19,0.06,5.84,0.65,5.65,0.36,38.11,0.24,C3'-endo
77,78,0.65,A,A,A,1,0,0,0,0,.,97,1,tHS,tM-m,5.31,3.05,0.91,1.37,3.85,5.13,5.01,3.34,BI,anti,.,4.60,4.69,3.07,3.96,3.29,4.06,3.91,4.98,0.01,5.86,0.65,5.63,0.40,38.74,0.30,C3'-endo
78,79,0.66,G,G,G,0,0,1,0,0,(,96,1,cWW,cW-W,5.31,2.91,0.87,1.45,3.75,5.05,4.98,3.27,BI,anti,A,4.63,4.66,2.89,3.91,3.29,3.95,4.58,4.45,0.08,5.84,0.62,5.69,0.32,36.17,0.20,C3'-endo
79,80,0.67,U,U,U,0,0,0,1,0,(,95,1,cWW,cW-W,5.34,2.91,1.01,1.41,3.67,4.56,5.39,3.49,BI,anti,.,4.41,4.61,3.06,3.31,3.41,3.33,4.22,3.43,0.02,5.88,0.62,5.66,0.38,36.86,0.29,C3'-endo
80,81,0.68,G,G,G,0,0,1,0,0,(,94,1,cWW,cW-W,5.28,3.03,0.78,1.42,3.88,5.02,5.14,3.36,BI,anti,A,4.58,4.70,3.05,3.91,3.01,3.97,3.13,4.66,0.06,5.85,0.63,5.67,0.35,36.92,0.24,C3'-endo
81,82,0.69,U,U,U,0,0,0,1,0,(,93,1,cWW,cW-W,5.26,3.03,0.77,1.40,3.71,5.13,4.86,3.62,BI,anti,A,4.21,4.67,2.83,3.85,3.12,3.88,4.08,4.45,0.06,5.83,0.65,5.65,0.36,38.20,0.24,C3'-endo
82,83,0.69,G,G,G,0,0,1,0,0,(,92,1,cWW,cW-W,5.23,3.04,0.84,1.38,3.74,4.95,5.07,3.39,BI,anti,A,4.57,4.68,2.89,3.67,3.17,3.71,4.01,4.20,0.04,5.84,0.65,5.64,0.38,38.63,0.26,C3'-endo
83,84,0.70,G,G,G,0,0,1,0,0,(,91,1,cWW,cW-W,5.13,2.93,1.01,1.38,3.54,5.10,4.72,3.42,BI,anti,A,4.54,4.62,2.86,3.71,3.11,3.69,3.86,4.03,0.06,5.83,0.66,5.64,0.37,38.97,0.24,C3'-endo
84,85,0.71,G,G,G,0,0,1,0,0,(,90,1,cWW,cW-W,5.16,3.04,1.05,1.37,3.52,5.00,4.81,3.40,BI,anti,A,4.54,4.60,3.01,3.57,3.26,3.55,3.90,3.75,0.03,5.85,0.65,5.63,0.39,38.85,0.28,C3'-endo
85,86,0.72,G,G,G,0,0,1,0,0,(,89,1,cWW,cW-W,5.15,3.14,0.92,1.38,3.62,4.79,5.12,3.49,BI,anti,.,4.45,4.62,3.00,3.41,3.13,3.02,3.51,2.23,0.02,5.86,0.64,5.64,0.39,38.05,0.29,C3'-endo
86,87,0.73,U,U,U,0,0,0,1,0,.,,0,,,5.35,3.26,5.33,2.61,4.56,4.83,6.01,3.82,..,anti,.,0.86,0.86,2.01,4.65,1.88,4.80,1.14,5.35,5.93,0.62,5.64,0.45,6.22,37.52,2.92,C2'-endo
87,88,0.74,C,C,C,0,1,0,0,0,.,,0,,,5.29,3.13,1.28,2.57,4.82,4.41,0.41,3.72,..,anti,.,0.61,0.62,3.66,4.53,4.53,4.07,4.71,4.75,5.93,0.61,5.67,0.43,6.23,36.45,2.90,C2'-endo
88,89,0.75,U,U,U,0,0,0,1,0,.,,0,,,5.24,4.11,1.31,2.56,3.43,6.11,3.60,3.90,..,anti,.,1.91,2.08,4.13,0.04,4.84,5.86,4.45,6.15,5.90,0.63,5.66,0.42,6.26,37.23,2.86,C2'-endo
89,90,0.75,C,C,C,0,1,0,0,0,),85,1,cWW,cW-W,2.45,3.38,2.86,1.42,3.36,5.25,4.40,3.53,BI,anti,.,4.35,4.49,2.52,3.79,3.49,3.62,4.25,3.96,0.05,5.86,0.62,5.67,0.36,36.96,0.26,C3'-endo
90,91,0.76,C,C,C,0,1,0,0,0,),84,1,cWW,cW-W,2.90,3.26,3.00,1.42,3.63,5.03,4.87,3.45,BI,anti,A,4.47,4.61,2.92,3.25,3.23,3.33,3.91,3.82,0.05,5.85,0.63,5.67,0.36,37.11,0.25,C3'-endo
91,92,0.77,C,C,C,0,1,0,0,0,),83,1,cWW,cW-W,5.25,3.07,0.91,1.40,3.68,4.98,4.98,3.40,BI,anti,A,4.54,4.65,3.03,3.70,3.25,3.74,3.89,4.17,0.05,5.85,0.64,5.66,0.36,37.71,0.25,C3'-endo
92,93,0.78,C,C,C,0,1,0,0,0,),82,1,cWW,cW-W,5.24,3.08,0.87,1.39,3.72,5.06,4.94,3.54,BI,anti,A,4.37,4.68,2.99,3.77,3.18,3.80,3.80,4.14,0.06,5.83,0.65,5.65,0.36,38.34,0.24,C3'-endo
93,94,0.79,A,A,A,1,0,0,0,0,),81,1,cWW,cW-W,5.22,3.27,0.64,1.39,3.72,5.04,4.96,3.53,BI,anti,A,4.38,4.68,2.87,3.70,3.03,3.80,3.57,4.44,0.06,5.83,0.65,5.65,0.36,38.20,0.24,C3'-endo
94,95,0.80,U,U,U,0,0,0,1,0,),80,1,cWW,cW-W,5.25,2.98,0.86,1.38,3.69,5.03,4.95,3.53,BI,anti,A,4.40,4.69,2.88,3.73,3.14,3.74,4.00,4.14,0.07,5.82,0.66,5.64,0.36,39.07,0.23,C3'-endo
95,96,0.81,G,G,G,0,0,1,0,0,),79,1,cWW,cW-W,5.18,3.02,0.89,1.37,3.64,5.03,4.89,3.41,BI,anti,A,4.55,4.66,2.87,3.69,3.10,3.71,3.77,4.15,0.04,5.83,0.66,5.63,0.38,39.16,0.26,C3'-endo
96,97,0.81,C,C,C,0,1,0,0,0,),78,1,cWW,cW-W,5.21,3.09,0.90,1.37,3.80,5.32,4.76,3.36,BI,anti,.,4.60,4.70,2.99,4.07,3.17,4.18,3.83,4.93,0.04,5.84,0.66,5.63,0.39,39.16,0.26,C3'-endo
97,98,0.82,G,G,G,0,0,1,0,0,.,77,1,tSH,tm-M,5.19,2.99,1.08,1.40,3.89,3.85,0.04,3.38,..,anti,.,4.55,4.70,3.04,3.04,3.49,2.70,4.61,2.43,0.03,5.86,0.63,5.65,0.38,37.63,0.27,C3'-endo
98,99,0.83,A,A,A,1,0,0,0,0,.,76,1,tHW,tM-W,1.00,4.56,4.38,1.40,3.92,5.29,4.92,3.23,BI,anti,.,4.65,4.68,3.70,3.05,3.24,3.41,2.82,4.50,0.03,5.87,0.63,5.66,0.38,37.36,0.28,C3'-endo
99,100,0.84,G,G,G,0,0,1,0,0,.,75,1,tHW,tM-W,5.10,3.14,0.78,1.41,3.84,5.09,5.03,3.40,BI,anti,.,4.54,4.70,2.74,3.91,3.14,4.00,4.43,4.90,0.05,5.85,0.63,5.66,0.36,37.27,0.25,C3'-endo
100,101,0.85,A,A,A,1,0,0,0,0,.,74,1,c.W,c.-W,5.14,2.85,1.03,1.43,3.87,5.15,5.01,3.39,BI,anti,.,4.57,4.72,2.86,4.07,3.24,4.10,4.46,4.87,0.09,5.82,0.64,5.68,0.33,37.21,0.19,C3'-endo
101,102,0.86,G,G,G,0,0,1,0,0,.,73,1,tWH,tW-M,5.19,2.88,1.01,1.42,3.59,5.14,4.74,3.35,BI,anti,A,4.60,4.64,2.84,3.81,3.30,3.77,4.53,3.99,0.11,5.80,0.66,5.67,0.32,38.11,0.17,C3'-endo
102,103,0.86,U,U,U,0,0,0,1,0,.,72,1,tWH,tW-M,5.13,3.28,0.83,1.37,3.62,4.97,4.93,3.61,BI,anti,A,4.25,4.63,2.97,3.58,3.15,3.65,3.63,4.07,0.03,5.85,0.65,5.64,0.39,38.58,0.28,C3'-endo
103,104,0.87,A,A,A,1,0,0,0,0,.,71,1,tHS,tM-m,5.23,3.04,0.91,1.38,4.04,5.25,5.07,3.40,BI,anti,.,4.52,4.76,3.06,4.23,3.20,4.38,3.73,5.14,0.05,5.83,0.66,5.64,0.37,38.82,0.25,C3'-endo
104,105,0.88,G,G,G,0,0,1,0,0,),70,1,cWW,cW-W,5.30,2.80,1.11,1.40,3.46,5.07,4.68,3.36,BI,anti,A,4.56,4.59,2.89,3.67,3.52,3.62,4.77,3.93,0.06,5.82,0.66,5.64,0.36,38.73,0.23,C3'-endo
105,106,0.89,G,G,G,0,0,1,0,0,),69,1,cWW,cW-W,5.17,2.94,1.18,1.42,3.94,5.21,5.01,3.25,BI,anti,.,4.67,4.71,3.17,4.16,3.40,4.21,3.99,5.13,0.05,5.85,0.63,5.67,0.35,37.13,0.24,C3'-endo
106,107,0.90,G,G,G,0,0,1,0,0,.,68,1,tSH,tm-M,5.17,2.88,1.04,1.43,3.82,4.73,5.38,3.55,BI,anti,.,4.33,4.71,2.87,3.55,3.36,3.75,4.72,3.79,0.08,5.83,0.64,5.67,0.34,37.44,0.21,C3'-endo
107,108,0.91,A,A,A,1,0,0,0,0,.,,0,,,5.40,3.45,1.17,2.53,4.16,0.96,3.20,4.54,..,anti,.,1.38,1.46,3.84,0.89,4.05,0.56,3.85,1.04,5.87,0.65,5.66,0.40,0.01,37.60,2.81,C2'-endo
108,109,0.92,A,A,A,1,0,0,0,0,.,10,1,cWW,cW-W,3.43,2.72,3.29,1.39,3.69,5.10,4.87,3.48,BI,anti,A,4.46,4.67,3.89,3.03,4.11,3.26,3.96,4.07,0.05,5.84,0.65,5.65,0.37,38.38,0.25,C3'-endo
109,110,0.92,C,C,C,0,1,0,0,0,),9,1,cWW,cW-W,5.23,2.96,0.94,1.39,3.76,5.12,4.93,3.43,BI,anti,A,4.51,4.68,2.93,3.89,3.23,3.92,4.18,4.52,0.04,5.84,0.65,5.65,0.37,38.29,0.26,C3'-endo
110,111,0.93,U,U,U,0,0,0,1,0,),8,1,cWW,cW-W,5.24,3.01,0.91,1.38,3.48,4.84,4.92,3.44,BI,anti,.,4.49,4.57,2.90,3.40,3.24,3.40,4.18,3.52,0.02,5.86,0.64,5.64,0.39,38.12,0.29,C3'-endo
111,112,0.94,G,G,G,0,0,1,0,0,),7,1,cWW,cW-W,5.26,3.10,0.87,1.38,3.60,5.02,4.86,3.40,BI,anti,A,4.55,4.63,3.04,3.64,3.11,3.68,3.34,4.05,0.05,5.84,0.65,5.64,0.38,38.76,0.26,C3'-endo
112,113,0.95,C,C,C,0,1,0,0,0,),6,1,cWW,cW-W,5.18,3.23,0.81,1.40,3.63,5.11,4.80,3.49,BI,anti,A,4.45,4.64,2.97,3.74,3.12,3.79,3.66,4.23,0.06,5.84,0.64,5.65,0.36,38.05,0.24,C3'-endo
113,114,0.96,C,C,C,0,1,0,0,0,),5,1,cWW,cW-W,5.22,3.06,0.90,1.37,3.58,5.06,4.81,3.40,BI,anti,A,4.51,4.59,2.95,3.65,3.20,3.69,3.89,4.24,0.00,5.87,0.64,5.63,0.41,38.57,0.32,C3'-endo
114,115,0.97,A,A,A,1,0,0,0,0,),4,1,cWW,cW-W,5.21,3.03,0.91,1.39,3.66,4.94,5.00,3.52,BI,anti,A,4.40,4.66,2.96,3.66,3.19,3.68,3.98,4.06,0.06,5.82,0.66,5.65,0.36,38.72,0.23,C3'-endo
115,116,0.97,G,G,G,0,0,1,0,0,),3,1,cWW,cW-W,5.37,2.90,0.90,1.39,3.68,4.92,5.04,3.45,BI,anti,A,4.49,4.65,3.01,3.67,3.24,3.70,3.85,4.16,0.04,5.85,0.65,5.64,0.38,38.36,0.27,C3'-endo
116,117,0.98,G,G,G,0,0,1,0,0,),2,1,cWW,cW-W,5.33,2.90,0.93,1.42,3.60,4.98,4.91,3.47,BI,anti,A,4.44,4.60,3.01,4.18,3.25,3.97,3.96,4.33,0.05,5.86,0.62,5.67,0.35,36.85,0.25,C3'-endo
117,118,0.99,C,C,C,0,1,0,0,0,),1,1,cWW,cW-W,2.76,3.37,2.96,1.42,3.88,5.18,4.98,3.41,BI,anti,A,4.55,4.75,2.68,3.64,2.99,3.68,3.74,4.29,0.11,5.79,0.66,5.67,0.32,38.28,0.16,C3'-endo
118,119,1.00,A,A,A,1,0,0,0,0,.,,0,,,5.24,3.13,0.79,1.39,,,,3.54,n/a,anti,-,,,,,,,,,6.27,5.89,0.62,5.65,0.41,37.43,0.34,C3'-endo
