index_chain,old_nt_resnum,nt_position,nt_name,nt_code,nt_align_code,is_A,is_C,is_G,is_U,is_other,dbn,paired,nb_interact,pair_type_LW,pair_type_DSSR,alpha,beta,gamma,delta,epsilon,zeta,epsilon_zeta,chi,bb_type,glyco_bond,form,ssZp,Dp,eta,theta,eta_prime,theta_prime,eta_base,theta_base,v0,v1,v2,v3,v4,amplitude,phase_angle,puckering
1,1,0.01,G,G,G,0,0,1,0,0,(,72,1,cWW,cW-W,,2.07,0.36,1.53,4.12,4.80,5.60,3.05,..,anti,A,4.62,4.64,,4.28,,4.27,,4.67,0.08,5.89,0.54,5.77,0.27,31.63,0.18,C3'-endo
2,2,0.03,C,C,C,0,1,0,0,0,(,71,1,cWW,cW-W,5.64,2.88,0.43,1.39,3.37,4.92,4.73,3.52,BI,anti,A,4.38,4.53,2.74,3.91,3.08,3.80,3.96,4.18,0.05,5.84,0.64,5.65,0.37,38.08,0.25,C3'-endo
3,3,0.04,G,G,G,0,0,1,0,0,(,70,1,cWW,cW-W,2.87,3.55,2.76,1.37,4.23,4.67,5.84,3.11,..,anti,A,4.78,4.80,2.74,3.60,2.98,3.64,3.67,4.13,0.11,5.78,0.69,5.64,0.34,39.91,0.18,C3'-endo
4,4,0.05,G,G,G,0,0,1,0,0,(,69,1,cWW,cW-W,5.55,2.78,0.67,1.32,3.71,4.92,5.08,3.33,BI,anti,A,4.63,4.70,2.80,3.63,3.03,3.69,3.79,4.14,0.05,5.81,0.70,5.59,0.40,41.62,0.26,C3'-endo
5,5,0.07,A,A,A,1,0,0,0,0,(,68,1,cWW,cW-W,5.38,2.98,0.92,1.39,3.61,5.06,4.83,3.48,BI,anti,A,4.40,4.59,3.07,3.70,3.26,3.70,3.91,4.12,0.04,5.84,0.65,5.64,0.38,38.69,0.27,C3'-endo
6,6,0.08,A,A,A,1,0,0,0,0,(,67,1,cWW,cW-W,4.96,2.90,1.26,1.41,3.67,5.00,4.95,3.41,BI,anti,A,4.43,4.58,2.94,3.74,3.21,3.82,3.91,4.15,0.04,5.85,0.64,5.65,0.37,37.95,0.26,C3'-endo
7,7,0.09,G,G,G,0,0,1,0,0,(,66,1,cWW,cW-W,5.25,3.10,1.11,2.47,4.32,5.53,5.07,3.96,..,anti,.,2.01,1.72,3.41,5.70,3.84,5.34,4.25,5.77,5.85,0.62,5.73,0.32,0.07,35.02,2.70,C2'-endo
8,8,0.11,U,U,U,0,0,0,1,0,.,"14,20",2,"tWH,tSW","tW-M,tm+W",4.77,3.87,0.78,1.39,3.64,4.43,5.49,3.58,BI,anti,.,4.30,4.65,2.72,2.85,3.40,3.28,3.77,3.10,0.08,5.81,0.66,5.65,0.35,38.75,0.20,C3'-endo
9,9,0.12,A,A,A,1,0,0,0,0,.,22,1,tHH,tM+M,5.39,3.92,0.54,2.19,4.53,3.95,0.58,4.95,..,anti,.,-0.16,2.14,3.96,4.76,3.54,4.19,2.88,4.39,5.89,0.46,5.94,0.13,0.17,25.89,2.44,C1'-exo
10,10,0.13,G,G,G,0,0,1,0,0,(,"24,45",2,"cWW,cHS","cW-W,cM+m",3.00,3.77,1.37,1.53,4.35,4.50,6.14,3.01,..,anti,A,4.56,4.65,1.44,4.01,2.12,4.08,2.43,4.49,0.09,5.85,0.58,5.73,0.29,33.97,0.18,C3'-endo
11,11,0.14,U,U,U,0,0,0,1,0,(,23,1,cWW,cW-W,5.43,2.60,0.79,1.42,3.73,4.92,5.09,3.34,BI,anti,A,4.47,4.57,2.79,3.78,3.08,3.77,3.80,4.12,0.00,5.88,0.62,5.65,0.40,37.29,0.32,C3'-endo
12,12,0.16,U,U,U,0,0,0,1,0,(,22,1,cWW,cW-W,5.34,3.20,0.60,1.40,3.47,5.04,4.71,3.65,BI,anti,.,4.18,4.56,2.91,4.09,3.08,4.02,3.65,4.50,0.07,5.83,0.65,5.66,0.35,37.95,0.22,C3'-endo
13,13,0.17,C,C,C,0,1,0,0,0,(,21,1,cWW,cW-W,2.56,3.59,3.18,1.43,3.66,5.03,4.91,3.22,BI,anti,.,4.66,4.66,2.88,3.27,3.26,3.25,4.13,3.27,0.12,5.80,0.65,5.68,0.30,37.70,0.14,C3'-endo
14,14,0.18,A,A,A,1,0,0,0,0,.,"8,20",2,"tHW,cWS","tM-W,cW-m",5.01,3.07,1.17,1.25,4.04,4.97,5.35,3.22,BI,anti,.,4.65,4.71,3.04,3.86,3.15,4.02,3.29,4.99,6.25,5.86,0.70,5.54,0.49,43.03,0.37,C3'-endo
15,15,0.20,G,G,G,0,0,1,0,0,.,48,1,tWW,tW+W,5.40,2.69,1.09,1.45,3.13,1.11,2.02,3.37,..,anti,.,4.32,4.32,2.93,5.95,3.48,5.57,4.82,5.83,0.03,5.89,0.58,5.70,0.35,34.67,0.28,C3'-endo
16,16,0.21,U,U,U,0,0,0,1,0,.,,0,,,3.69,4.20,0.59,2.64,4.43,1.38,3.05,1.13,..,syn,.,-0.86,0.88,2.70,1.67,3.49,1.61,4.18,1.62,5.92,0.65,5.62,0.47,6.22,39.28,2.91,C2'-endo
17,17,0.22,G,G,G,0,0,1,0,0,.,55,1,tWS,tW+m,2.30,2.59,4.55,2.61,4.07,3.86,0.21,4.36,..,anti,.,1.50,1.48,4.55,2.88,4.31,3.38,4.42,3.90,5.90,0.64,5.66,0.42,6.26,37.31,2.85,C2'-endo
18,18,0.24,G,G,G,0,0,1,0,0,[,56,1,cWW,cW-W,4.88,3.36,0.98,2.61,4.39,1.57,2.81,4.87,..,anti,-,,,3.64,2.43,3.74,2.55,4.07,,6.02,0.54,5.67,0.47,6.15,35.04,3.04,C2'-endo
19,19,0.25,U,U,U,0,0,0,1,0,.,,0,,,0.97,1.76,0.78,1.41,3.18,1.84,1.34,,..,n/a,-,,,4.50,0.06,4.31,4.86,0.00,0.00,0.07,5.83,0.63,5.67,0.34,37.22,0.22,C3'-endo
20,20,0.26,A,A,A,1,0,0,0,0,.,"8,14",2,"tWS,cSW","tW+m,cm-W",4.55,4.57,1.27,2.48,3.62,3.21,0.42,4.74,..,anti,.,2.24,2.29,4.41,3.50,5.97,2.87,,2.78,5.82,0.68,5.66,0.37,0.06,38.71,2.73,C2'-endo
21,21,0.28,G,G,G,0,0,1,0,0,),"13,46",2,"cWW,tHW","cW-W,tM-W",1.38,3.74,3.48,1.39,3.52,4.76,5.04,3.43,BI,anti,A,4.53,4.63,2.61,2.78,2.34,2.90,2.47,3.22,0.08,5.82,0.66,5.65,0.35,38.74,0.22,C3'-endo
22,22,0.29,A,A,A,1,0,0,0,0,),"9,12",2,"tHH,cWW","tM+M,cW-W",5.29,2.94,0.93,1.46,3.64,5.09,4.83,3.42,BI,anti,A,4.50,4.63,3.03,3.85,3.14,3.84,3.51,4.31,0.12,5.80,0.65,5.69,0.30,37.45,0.15,C3'-endo
23,23,0.30,A,A,A,1,0,0,0,0,),11,1,cWW,cW-W,5.01,3.12,1.00,1.42,3.92,4.90,5.30,3.40,BI,anti,A,4.50,4.70,2.95,3.86,3.18,3.88,3.92,4.39,0.07,5.83,0.64,5.66,0.35,37.76,0.22,C3'-endo
24,24,0.32,C,C,C,0,1,0,0,0,),10,1,cWW,cW-W,5.34,2.83,0.83,1.38,3.70,5.29,4.70,3.46,BI,anti,.,4.51,4.68,2.81,4.02,3.09,4.03,3.91,4.70,0.03,5.85,0.65,5.63,0.39,38.69,0.28,C3'-endo
25,25,0.33,A,A,A,1,0,0,0,0,.,44,1,cWW,cW-W,4.96,3.19,1.00,1.39,3.73,5.08,4.93,3.07,BI,anti,A,4.70,4.65,2.89,3.83,3.23,3.90,4.26,4.60,6.26,5.92,0.59,5.66,0.41,36.21,0.36,C3'-endo
26,26,0.34,C,C,C,0,1,0,0,0,(,43,1,cWW,cW-W,4.84,3.19,1.08,1.43,3.46,5.26,4.49,3.15,BI,anti,A,4.48,4.53,2.84,3.94,3.14,3.95,4.15,4.38,0.07,5.84,0.63,5.68,0.34,36.92,0.22,C3'-endo
27,27,0.36,C,C,C,0,1,0,0,0,(,42,1,cWW,cW-W,4.47,3.64,1.12,1.42,3.49,5.02,4.76,3.48,BI,anti,A,4.43,4.54,2.82,3.64,3.06,3.65,3.77,3.97,0.02,5.88,0.62,5.66,0.38,36.94,0.30,C3'-endo
28,28,0.37,A,A,A,1,0,0,0,0,(,41,1,cWW,cW-W,5.13,3.09,0.89,1.43,3.69,4.93,5.04,3.43,BI,anti,A,4.42,4.57,2.94,3.70,3.11,3.73,3.63,4.22,0.03,5.87,0.61,5.67,0.37,36.48,0.28,C3'-endo
29,29,0.38,C,C,C,0,1,0,0,0,(,40,1,cWW,cW-W,5.29,2.89,0.89,1.40,3.58,4.98,4.88,3.41,BI,anti,A,4.52,4.59,2.91,3.66,3.16,3.65,3.91,4.01,0.02,5.87,0.63,5.65,0.38,37.63,0.29,C3'-endo
30,30,0.39,C,C,C,0,1,0,0,0,(,39,1,cWW,cW-W,5.16,3.08,0.94,1.40,,,,3.37,..,anti,-,,,,,,,,,0.02,5.87,0.62,5.66,0.38,37.15,0.29,C3'-endo
31,not resolved,0.41,-,-,-,0,0,0,0,1,,,0,,,,,,,,,,,,,,,,,,,,,,,,,,,,,
32,not resolved,0.42,-,-,-,0,0,0,0,1,,,0,,,,,,,,,,,,,,,,,,,,,,,,,,,,,
33,not resolved,0.43,-,-,-,0,0,0,0,1,,,0,,,,,,,,,,,,,,,,,,,,,,,,,,,,,
34,not resolved,0.45,-,-,-,0,0,0,0,1,,,0,,,,,,,,,,,,,,,,,,,,,,,,,,,,,
35,not resolved,0.46,-,-,-,0,0,0,0,1,,,0,,,,,,,,,,,,,,,,,,,,,,,,,,,,,
36,not resolved,0.47,-,-,-,0,0,0,0,1,,,0,,,,,,,,,,,,,,,,,,,,,,,,,,,,,
37,37,0.49,A,A,A,1,0,0,0,0,.,,0,,,,3.01,1.46,1.44,4.34,4.76,5.87,3.00,..,anti,.,4.58,4.59,,4.07,,4.16,,5.10,6.25,5.94,0.57,5.68,0.41,35.14,0.38,C3'-endo
38,38,0.50,A,A,A,1,0,0,0,0,.,,0,,,5.48,2.66,0.73,1.45,3.14,4.83,4.60,3.38,BI,anti,A,4.40,4.40,2.63,3.95,3.16,3.85,4.55,4.33,0.10,5.83,0.63,5.69,0.31,36.49,0.18,C3'-endo
39,39,0.51,G,G,G,0,0,1,0,0,),30,1,cWW,cW-W,3.13,4.05,2.37,1.35,4.20,4.78,5.70,3.05,..,anti,A,4.74,4.76,2.85,3.98,3.14,3.91,4.00,4.31,0.04,5.84,0.66,5.63,0.39,39.37,0.27,C3'-endo
40,40,0.53,G,G,G,0,0,1,0,0,),29,1,cWW,cW-W,5.42,2.73,0.91,1.34,3.62,4.91,4.99,3.38,BI,anti,A,4.51,4.57,2.84,3.61,3.16,3.59,3.96,4.07,6.24,5.91,0.63,5.61,0.45,38.88,0.39,C3'-endo
41,41,0.54,U,U,U,0,0,0,1,0,),28,1,cWW,cW-W,5.32,2.90,0.89,1.36,4.23,4.34,6.18,3.44,..,anti,A,4.34,4.76,3.08,4.08,3.21,3.94,3.87,4.29,0.02,5.85,0.66,5.62,0.41,39.27,0.30,C3'-endo
42,42,0.55,G,G,G,0,0,1,0,0,),27,1,cWW,cW-W,1.78,4.18,3.55,1.43,3.95,5.02,5.21,3.10,BI,anti,A,4.76,4.76,2.84,3.39,3.08,3.48,3.78,4.00,0.11,5.80,0.65,5.68,0.31,37.92,0.16,C3'-endo
43,43,0.57,G,G,G,0,0,1,0,0,),26,1,cWW,cW-W,5.31,3.09,0.82,1.37,3.69,4.73,5.24,3.42,BI,anti,A,4.49,4.61,2.95,3.52,3.23,3.60,3.96,4.07,6.27,5.89,0.63,5.63,0.42,38.32,0.34,C3'-endo
44,44,0.58,G,G,G,0,0,1,0,0,.,25,1,cWW,cW-W,5.59,2.68,0.83,1.41,3.92,5.13,5.08,3.36,BI,anti,.,4.47,4.63,3.07,4.10,3.28,4.11,3.90,4.90,0.03,5.86,0.63,5.66,0.38,37.35,0.28,C3'-endo
45,45,0.59,G,G,G,0,0,1,0,0,.,10,1,cSH,cm+M,5.18,2.95,1.00,1.37,4.15,4.62,5.81,3.60,..,anti,.,4.02,4.71,2.97,3.68,3.30,3.90,4.40,3.99,0.00,5.88,0.63,5.64,0.41,37.95,0.33,C3'-endo
46,46,0.61,G,G,G,0,0,1,0,0,.,21,1,tWH,tW-M,5.74,3.33,0.84,2.52,3.92,4.99,5.22,4.95,BI,anti,-,,,3.68,4.69,3.94,4.45,3.82,,5.83,0.67,5.67,0.37,0.05,38.44,2.74,C2'-endo
47,47,0.62,U,U,U,0,0,0,1,0,.,,0,,,4.40,2.47,2.98,1.44,3.92,2.80,1.12,,BII,n/a,-,,,4.09,0.94,4.45,1.41,0.00,0.00,0.08,5.84,0.61,5.70,0.32,35.94,0.20,C3'-endo
48,48,0.63,C,C,C,0,1,0,0,0,.,15,1,tWW,tW+W,5.31,2.70,0.62,2.58,3.80,1.21,2.59,3.97,..,anti,.,1.90,1.81,3.18,1.58,3.33,0.77,,5.00,5.94,0.59,5.68,0.42,6.23,35.58,2.89,C2'-endo
49,49,0.64,G,G,G,0,0,1,0,0,(,65,1,cWW,cW-W,0.96,2.84,0.80,1.41,4.06,4.84,5.50,3.13,..,anti,A,4.69,4.70,5.37,3.92,5.71,3.96,1.57,4.59,0.03,5.86,0.63,5.65,0.38,37.62,0.28,C3'-endo
50,50,0.66,C,C,C,0,1,0,0,0,(,64,1,cWW,cW-W,5.40,2.85,0.72,1.35,3.51,5.12,4.67,3.36,BI,anti,A,4.66,4.65,2.76,3.67,3.06,3.68,4.04,4.06,0.06,5.81,0.68,5.62,0.38,40.33,0.24,C3'-endo
51,51,0.67,G,G,G,0,0,1,0,0,(,63,1,cWW,cW-W,5.09,3.17,0.92,1.38,3.72,5.02,4.98,3.34,BI,anti,A,4.61,4.67,2.97,3.73,3.15,3.76,3.76,4.19,0.04,5.85,0.65,5.64,0.38,38.42,0.27,C3'-endo
52,52,0.68,G,G,G,0,0,1,0,0,(,62,1,cWW,cW-W,5.19,2.88,1.03,1.34,3.78,4.93,5.13,3.19,BI,anti,A,4.72,4.71,2.92,3.68,3.16,3.70,3.90,4.21,0.03,5.83,0.68,5.60,0.41,40.56,0.28,C3'-endo
53,53,0.70,G,G,G,0,0,1,0,0,(,61,1,cWW,cW-W,5.15,2.82,1.19,1.38,3.56,5.19,4.66,3.18,BI,anti,A,4.56,4.58,2.95,3.83,3.23,3.81,4.06,4.31,0.03,5.85,0.65,5.63,0.39,38.66,0.29,C3'-endo
54,54,0.71,U,U,U,0,0,0,1,0,.,58,1,tWH,tW-M,4.95,3.39,0.98,1.44,3.89,5.19,4.98,3.47,BI,anti,.,4.32,4.59,3.07,4.09,3.26,4.15,3.98,4.90,0.01,5.89,0.60,5.68,0.37,35.88,0.30,C3'-endo
55,55,0.72,U,U,U,0,0,0,1,0,.,17,1,tSW,tm+W,5.02,3.07,0.92,1.39,3.95,5.15,5.08,3.62,BI,anti,.,4.11,4.71,2.79,4.35,3.14,3.61,4.15,2.48,6.28,5.89,0.62,5.65,0.40,37.50,0.33,C3'-endo
56,56,0.74,C,C,C,0,1,0,0,0,],18,1,cWW,cW-W,3.09,2.82,0.75,1.49,3.92,5.01,5.19,3.28,BI,anti,A,4.63,4.69,0.47,4.07,0.90,4.10,0.45,4.62,0.08,5.85,0.60,5.71,0.31,35.25,0.19,C3'-endo
57,57,0.75,G,G,G,0,0,1,0,0,.,,0,,,5.34,2.85,0.87,1.37,3.68,5.27,4.69,3.37,BI,anti,.,4.60,4.65,2.89,3.85,3.25,4.06,4.16,4.38,6.27,5.88,0.64,5.62,0.42,38.86,0.34,C3'-endo
58,58,0.76,A,A,A,1,0,0,0,0,.,54,1,tHW,tM-W,5.08,3.98,1.17,2.55,4.41,3.38,1.03,4.76,BII,anti,.,0.83,1.15,3.93,4.04,4.24,3.18,4.35,2.57,5.89,0.62,5.68,0.39,6.28,36.48,2.82,C2'-endo
59,59,0.78,A,A,A,1,0,0,0,0,.,,0,,,1.66,3.59,1.16,1.49,3.71,5.32,4.67,3.29,BI,anti,.,4.44,4.50,0.45,4.15,0.66,4.34,0.90,5.33,6.28,5.92,0.57,5.70,0.38,34.42,0.34,C3'-endo
60,60,0.79,U,U,U,0,0,0,1,0,.,,0,,,5.06,3.14,1.14,2.48,4.44,5.19,5.53,4.04,..,anti,.,1.44,1.60,3.31,5.46,3.97,5.03,5.11,5.57,5.95,0.53,5.76,0.34,6.27,31.30,2.84,C2'-endo
61,61,0.80,C,C,C,0,1,0,0,0,),53,1,cWW,cW-W,4.79,3.30,0.59,1.42,3.80,4.74,5.34,3.23,BI,anti,A,4.61,4.63,2.18,3.55,2.89,3.69,3.55,4.26,0.01,5.88,0.61,5.66,0.38,36.75,0.30,C3'-endo
62,62,0.82,C,C,C,0,1,0,0,0,),52,1,cWW,cW-W,5.47,2.90,0.75,1.44,3.63,5.10,4.81,3.30,BI,anti,A,4.61,4.63,2.98,3.83,3.17,3.84,3.85,4.19,0.10,5.82,0.63,5.69,0.31,36.90,0.17,C3'-endo
63,63,0.83,C,C,C,0,1,0,0,0,),51,1,cWW,cW-W,4.89,3.18,1.00,1.41,3.64,4.98,4.94,3.42,BI,anti,A,4.56,4.65,2.83,3.68,3.07,3.71,3.71,4.06,0.06,5.83,0.65,5.65,0.36,38.29,0.24,C3'-endo
64,64,0.84,G,G,G,0,0,1,0,0,),50,1,cWW,cW-W,5.25,3.04,0.94,1.42,3.60,5.18,4.71,3.36,BI,anti,A,4.53,4.57,3.02,3.84,3.23,3.85,3.80,4.54,0.00,5.89,0.61,5.66,0.39,36.57,0.32,C3'-endo
65,65,0.86,U,U,U,0,0,0,1,0,),49,1,cWW,cW-W,4.99,2.99,1.11,1.44,3.54,4.98,4.85,3.36,BI,anti,A,4.53,4.55,2.90,3.63,3.24,3.60,4.27,3.81,0.01,5.90,0.59,5.68,0.38,35.65,0.31,C3'-endo
66,66,0.87,C,C,C,0,1,0,0,0,),7,1,cWW,cW-W,5.22,3.18,0.72,1.39,3.66,4.94,5.00,3.47,BI,anti,A,4.45,4.63,2.95,3.60,3.07,3.65,3.48,4.10,0.03,5.86,0.63,5.65,0.38,37.53,0.28,C3'-endo
67,67,0.88,U,U,U,0,0,0,1,0,),6,1,cWW,cW-W,5.24,2.83,0.96,1.39,3.78,4.89,5.17,3.36,BI,anti,A,4.50,4.63,2.93,3.74,3.15,3.75,3.80,4.24,0.02,5.87,0.63,5.65,0.39,37.66,0.29,C3'-endo
68,68,0.89,U,U,U,0,0,0,1,0,),5,1,cWW,cW-W,5.42,2.95,0.63,1.36,3.88,4.65,5.51,3.36,BI,anti,A,4.59,4.73,2.86,3.61,3.05,3.69,3.81,4.12,0.09,5.79,0.69,5.62,0.36,40.57,0.21,C3'-endo
69,69,0.91,C,C,C,0,1,0,0,0,),4,1,cWW,cW-W,5.65,2.65,0.78,1.33,3.81,4.80,5.29,3.26,BI,anti,A,4.71,4.73,2.98,3.67,3.16,3.69,3.79,4.08,0.04,5.82,0.68,5.60,0.41,40.74,0.27,C3'-endo
70,70,0.92,C,C,C,0,1,0,0,0,),3,1,cWW,cW-W,5.44,3.00,0.67,1.40,3.79,4.92,5.14,3.43,BI,anti,A,4.54,4.71,2.95,3.70,3.09,3.74,3.68,4.09,0.08,5.82,0.65,5.66,0.34,38.23,0.21,C3'-endo
71,71,0.93,G,G,G,0,0,1,0,0,),2,1,cWW,cW-W,5.22,2.88,0.99,1.38,3.68,4.93,5.03,3.24,BI,anti,A,4.65,4.63,2.91,3.66,3.12,3.68,3.72,4.22,0.00,5.89,0.62,5.65,0.40,37.33,0.32,C3'-endo
72,72,0.95,C,C,C,0,1,0,0,0,),1,1,cWW,cW-W,5.26,3.08,0.76,1.41,3.76,4.86,5.18,3.36,BI,anti,A,4.59,4.68,2.93,3.71,3.11,3.77,3.88,4.11,0.08,5.82,0.66,5.66,0.34,38.41,0.21,C3'-endo
73,73,0.96,U,U,U,0,0,0,1,0,[,0,1,cWW,cW-W,5.54,2.87,0.73,1.35,3.41,4.99,4.70,3.41,BI,anti,A,4.45,4.51,2.95,3.95,3.20,3.82,3.79,4.27,0.01,5.86,0.66,5.62,0.41,39.47,0.31,C3'-endo
74,74,0.97,C,C,C,0,1,0,0,0,[,"0,0",2,"cWW,cSW","cW-W,cm-W",2.94,3.41,2.85,1.43,4.06,4.91,5.43,3.10,..,anti,A,4.74,4.74,2.85,3.60,3.08,3.66,3.87,4.08,0.09,5.83,0.63,5.69,0.32,36.74,0.19,C3'-endo
75,75,0.99,C,C,C,0,1,0,0,0,[,"0,0",2,"cWW,cSW","cW-W,cm-W",5.36,3.01,0.74,1.36,3.78,4.92,5.14,3.40,BI,anti,A,4.51,4.67,2.88,3.69,3.13,3.76,3.78,4.24,0.02,5.85,0.66,5.61,0.41,39.80,0.30,C3'-endo
76,76,1.00,A,A,A,1,0,0,0,0,[,0,1,cWW,cW-W,5.36,2.87,0.94,1.41,,,,3.43,..,anti,-,,,,,,,,,6.27,5.90,0.61,5.64,0.41,37.29,0.35,C3'-endo
