index_chain,old_nt_resnum,nt_position,nt_name,nt_code,nt_align_code,is_A,is_C,is_G,is_U,is_other,dbn,paired,nb_interact,pair_type_LW,pair_type_DSSR,alpha,beta,gamma,delta,epsilon,zeta,epsilon_zeta,chi,bb_type,glyco_bond,form,ssZp,Dp,eta,theta,eta_prime,theta_prime,eta_base,theta_base,v0,v1,v2,v3,v4,amplitude,phase_angle,puckering
1,1,0.01,G,G,G,0,0,1,0,0,(,71,1,cWW,cW-W,,3.19,3.11,1.44,4.05,4.20,6.14,2.83,..,anti,A,4.59,4.76,,3.48,,3.69,,4.35,0.11,5.81,0.63,5.69,0.30,36.84,0.16,C3'-endo
2,2,0.03,C,C,C,0,1,0,0,0,(,70,1,cWW,cW-W,0.83,2.07,5.97,1.45,3.17,4.95,4.50,3.59,BI,anti,A,4.26,4.42,2.84,3.80,3.07,3.77,3.85,4.04,0.10,5.82,0.63,5.69,0.32,36.93,0.18,C3'-endo
3,3,0.04,G,G,G,0,0,1,0,0,(,69,1,cWW,cW-W,3.10,3.57,2.64,1.42,3.86,5.06,5.08,3.14,BI,anti,A,4.73,4.72,2.85,3.74,3.10,3.70,3.65,4.19,0.10,5.82,0.64,5.68,0.32,37.37,0.18,C3'-endo
4,4,0.05,G,G,G,0,0,1,0,0,(,68,1,cWW,cW-W,5.15,3.13,0.85,1.38,3.59,5.06,4.81,3.34,BI,anti,A,4.59,4.64,2.85,3.65,3.12,3.68,3.95,4.05,0.06,5.82,0.66,5.64,0.37,39.02,0.23,C3'-endo
5,5,0.07,A,A,A,1,0,0,0,0,(,67,1,cWW,cW-W,5.15,3.08,0.95,1.36,3.77,4.95,5.10,3.35,BI,anti,A,4.61,4.70,2.99,3.68,3.17,3.73,3.75,4.20,0.05,5.83,0.67,5.63,0.39,39.51,0.26,C3'-endo
6,6,0.08,A,A,A,1,0,0,0,0,(,66,1,cWW,cW-W,5.15,2.82,1.15,1.38,3.49,5.11,4.66,3.27,BI,anti,A,4.46,4.51,2.92,3.69,3.22,3.75,3.98,4.16,0.01,5.87,0.64,5.64,0.40,38.31,0.31,C3'-endo
7,7,0.09,G,G,G,0,0,1,0,0,(,65,1,cWW,cW-W,5.12,2.93,1.49,2.56,4.74,5.42,5.60,3.63,..,anti,.,0.47,0.62,3.80,5.66,4.24,5.41,4.68,5.79,5.89,0.65,5.64,0.43,6.26,38.64,2.85,C2'-endo
8,8,0.11,U,U,U,0,0,0,1,0,.,14,1,tWH,tW-M,5.31,3.17,1.02,1.44,4.48,4.84,5.92,3.43,..,anti,.,3.98,4.41,3.08,3.75,3.82,3.75,4.16,3.30,6.19,5.99,0.54,5.68,0.44,34.63,0.47,C3'-endo
9,9,0.12,A,A,A,1,0,0,0,0,.,"11,23",2,"cHH,tHH","cM-M,tM+M",5.58,4.64,5.41,2.70,4.34,4.66,5.96,5.18,..,anti,.,0.35,0.96,3.45,4.64,3.33,4.13,2.81,4.41,5.98,0.62,5.60,0.52,6.14,39.27,3.02,C2'-endo
10,10,0.13,G,G,G,0,0,1,0,0,(,"24,44",2,"cWW,cHS","cW-W,cM+m",3.10,3.55,1.03,1.45,4.01,4.92,5.37,3.00,BI,anti,A,4.67,4.71,0.99,3.94,1.88,4.02,2.46,4.36,0.07,5.85,0.61,5.70,0.32,35.74,0.21,C3'-endo
11,11,0.15,U,U,U,0,0,0,1,0,(,"9,23",2,"cHH,cWW","cM-M,cW-W",5.19,3.12,0.81,1.40,3.59,5.05,4.82,3.45,BI,anti,A,4.46,4.59,2.86,3.66,3.09,3.71,3.66,4.07,0.02,5.87,0.62,5.66,0.38,37.03,0.29,C3'-endo
12,12,0.16,U,U,U,0,0,0,1,0,(,22,1,cWW,cW-W,5.14,3.06,1.03,1.41,3.55,5.17,4.67,3.47,BI,anti,.,4.35,4.48,3.02,4.22,3.25,4.03,3.80,4.63,6.24,5.93,0.59,5.66,0.42,36.20,0.39,C3'-endo
13,13,0.17,C,C,C,0,1,0,0,0,(,21,1,cWW,cW-W,2.92,3.24,2.78,1.42,3.61,4.90,4.99,3.31,BI,anti,.,4.68,4.68,2.61,3.18,3.02,3.19,4.05,3.24,0.13,5.78,0.66,5.67,0.30,38.37,0.14,C3'-endo
14,14,0.19,A,A,A,1,0,0,0,0,.,8,1,tHW,tM-W,4.94,2.83,1.46,1.44,3.99,5.04,5.24,3.32,BI,anti,.,4.52,4.63,3.18,4.01,3.32,4.04,3.47,4.96,6.27,5.92,0.58,5.68,0.39,35.29,0.35,C3'-endo
15,15,0.20,G,G,G,0,0,1,0,0,.,47,1,tWW,tW+W,5.22,2.77,1.02,1.45,2.84,2.43,0.41,3.51,..,anti,.,4.15,4.18,2.75,0.14,3.36,5.41,4.75,6.19,0.09,5.83,0.62,5.70,0.31,35.92,0.18,C3'-endo
16,16,0.21,U,U,U,0,0,0,1,0,.,,0,,,3.11,1.79,1.54,2.49,4.84,1.66,3.18,1.09,..,syn,.,-0.50,0.54,2.20,1.41,3.29,1.20,4.34,1.18,5.83,0.66,5.68,0.36,0.05,37.87,2.73,C2'-endo
17,17,0.23,G,G,G,0,0,1,0,0,.,54,1,tWS,tW+m,4.40,2.62,2.95,2.56,4.31,3.82,0.49,3.86,..,anti,.,1.32,1.31,5.57,3.45,5.24,3.73,5.36,4.36,5.92,0.61,5.67,0.42,6.24,36.37,2.88,C2'-endo
18,18,0.24,G,G,G,0,0,1,0,0,.,55,1,cWW,cW-W,2.85,3.68,2.76,2.52,0.92,3.76,3.45,4.61,..,anti,.,0.10,0.93,6.27,4.53,4.22,1.20,4.34,2.20,6.09,0.46,5.75,0.44,6.12,30.69,3.11,C2'-endo
19,19,0.25,U,U,U,0,0,0,1,0,.,,0,,,0.86,2.34,1.22,2.56,3.96,1.65,2.31,3.78,..,anti,.,1.58,1.68,3.92,1.61,3.86,1.17,3.46,1.85,5.89,0.64,5.66,0.41,6.27,37.52,2.83,C2'-endo
20,20,0.27,A,A,A,1,0,0,0,0,.,,0,,,5.36,3.45,0.98,2.58,3.63,3.70,6.21,4.48,..,anti,.,1.77,1.90,3.93,3.68,4.25,2.93,3.56,2.85,5.97,0.57,5.68,0.44,6.20,35.02,2.95,C2'-endo
21,21,0.28,G,G,G,0,0,1,0,0,),"13,45",2,"cWW,tHW","cW-W,tM-W",0.80,3.83,4.08,1.39,3.40,4.92,4.77,3.35,BI,anti,.,4.50,4.51,2.72,2.50,2.35,2.80,2.46,3.22,0.00,5.88,0.63,5.64,0.40,37.80,0.32,C3'-endo
22,22,0.29,A,A,A,1,0,0,0,0,),12,1,cWW,cW-W,5.02,3.45,0.76,1.42,3.56,5.17,4.67,3.35,BI,anti,A,4.62,4.66,2.97,3.72,2.95,3.81,3.31,4.19,0.15,5.76,0.67,5.69,0.28,38.48,0.10,C3'-endo
23,23,0.31,A,A,A,1,0,0,0,0,),"9,11",2,"tHH,cWW","tM+M,cW-W",4.94,3.15,1.11,1.43,3.57,5.19,4.67,3.32,BI,anti,A,4.53,4.59,2.96,3.84,3.23,3.84,3.84,4.30,0.08,5.83,0.63,5.68,0.33,36.90,0.21,C3'-endo
24,24,0.32,C,C,C,0,1,0,0,0,),10,1,cWW,cW-W,4.99,3.21,0.97,1.42,3.66,5.27,4.67,3.46,BI,anti,.,4.48,4.62,2.93,3.95,3.19,4.00,3.94,4.59,0.05,5.85,0.63,5.67,0.35,37.15,0.24,C3'-endo
25,25,0.33,A,A,A,1,0,0,0,0,.,43,1,cWW,cW-W,5.05,3.13,1.03,1.41,3.85,5.09,5.05,3.07,BI,anti,A,4.59,4.63,3.00,3.93,3.33,3.99,4.24,4.65,0.01,5.88,0.62,5.66,0.38,36.94,0.30,C3'-endo
26,26,0.35,C,C,C,0,1,0,0,0,(,42,1,cWW,cW-W,5.17,3.13,0.86,1.41,3.58,5.18,4.68,3.31,BI,anti,A,4.51,4.57,2.89,3.79,3.20,3.82,4.18,4.37,0.07,5.83,0.64,5.66,0.35,37.61,0.23,C3'-endo
27,27,0.36,C,C,C,0,1,0,0,0,(,41,1,cWW,cW-W,5.04,3.20,0.94,1.38,3.71,5.04,4.96,3.43,BI,anti,A,4.51,4.68,2.94,3.72,3.18,3.75,3.98,4.12,0.08,5.81,0.67,5.64,0.36,39.15,0.21,C3'-endo
28,28,0.37,A,A,A,1,0,0,0,0,(,40,1,cWW,cW-W,5.01,3.15,0.87,1.38,3.62,5.06,4.84,3.42,BI,anti,A,4.55,4.67,2.78,3.68,2.97,3.73,3.59,4.13,0.07,5.82,0.67,5.64,0.36,39.30,0.23,C3'-endo
29,29,0.39,C,C,C,0,1,0,0,0,(,39,1,cWW,cW-W,5.03,3.23,0.92,1.38,3.64,5.08,4.84,3.42,BI,anti,A,4.55,4.66,2.92,3.71,3.09,3.73,3.69,4.11,0.06,5.82,0.66,5.64,0.37,38.97,0.24,C3'-endo
30,30,0.40,C,C,C,0,1,0,0,0,(,38,1,cWW,cW-W,5.17,3.11,0.84,1.28,0.83,2.55,4.57,3.45,..,anti,.,3.09,3.26,3.49,3.95,3.66,3.90,4.14,4.19,0.03,5.82,0.69,5.59,0.41,41.21,0.28,C3'-endo
31,31,0.41,U,U,U,0,0,0,1,0,.,,0,,,3.77,2.11,1.07,1.42,3.32,0.10,3.23,3.88,..,anti,.,3.66,4.38,2.20,4.76,2.80,4.20,3.27,4.44,6.24,5.94,0.57,5.67,0.41,35.36,0.39,C3'-endo
32,32,0.43,U,U,U,0,0,0,1,0,.,36,1,tWH,tW-M,3.41,1.85,2.84,1.46,4.67,5.58,5.37,3.68,..,anti,.,3.42,4.65,2.98,4.52,3.20,3.80,3.83,2.94,0.03,5.88,0.60,5.69,0.36,35.51,0.28,C3'-endo
33,33,0.44,G,G,G,0,0,1,0,0,],0,1,cWW,cW-W,2.87,2.35,0.69,1.42,3.98,4.93,5.34,3.04,BI,anti,A,4.62,4.67,5.90,4.03,0.60,4.01,0.78,4.42,0.04,5.87,0.61,5.68,0.35,35.98,0.26,C3'-endo
34,34,0.45,C,C,C,0,1,0,0,0,],0,1,cWW,cW-W,5.18,3.04,0.84,1.39,3.65,4.97,4.97,3.36,BI,anti,A,4.59,4.64,2.83,3.63,3.08,3.68,3.86,4.10,0.05,5.84,0.65,5.64,0.37,38.54,0.26,C3'-endo
35,35,0.47,C,C,C,0,1,0,0,0,],0,1,cWW,cW-W,5.13,2.93,1.13,1.39,3.71,5.32,4.67,3.32,BI,anti,.,4.64,4.67,3.02,4.05,3.25,4.07,3.89,4.92,0.05,5.84,0.65,5.64,0.37,38.68,0.25,C3'-endo
36,36,0.48,A,A,A,1,0,0,0,0,.,32,1,tHW,tM-W,4.98,3.06,1.03,1.45,3.68,5.15,4.81,3.26,BI,anti,A,4.71,4.68,2.83,3.90,3.27,3.91,4.59,4.40,0.12,5.80,0.64,5.69,0.29,37.21,0.14,C3'-endo
37,37,0.49,A,A,A,1,0,0,0,0,.,,0,,,5.13,3.06,1.03,1.41,3.77,5.35,4.71,3.21,BI,anti,.,4.62,4.64,3.01,4.12,3.30,4.16,4.14,4.97,0.03,5.87,0.62,5.66,0.37,37.11,0.28,C3'-endo
38,38,0.51,G,G,G,0,0,1,0,0,),30,1,cWW,cW-W,5.05,3.18,0.90,1.42,3.38,4.92,4.75,3.36,BI,anti,A,4.43,4.47,2.82,3.87,3.26,3.76,4.49,4.08,0.02,5.89,0.61,5.67,0.38,36.33,0.30,C3'-endo
39,39,0.52,G,G,G,0,0,1,0,0,),29,1,cWW,cW-W,3.13,3.46,2.61,1.42,4.31,4.67,5.92,3.04,..,anti,A,4.67,4.71,2.86,3.63,3.05,3.67,3.62,4.11,0.05,5.86,0.62,5.67,0.35,36.56,0.25,C3'-endo
40,40,0.53,U,U,U,0,0,0,1,0,),28,1,cWW,cW-W,5.08,2.63,1.18,1.42,4.62,4.08,0.53,3.20,..,anti,A,4.36,4.53,3.04,4.09,3.24,3.91,3.82,4.28,6.26,5.91,0.60,5.66,0.41,36.51,0.35,C3'-endo
41,41,0.55,G,G,G,0,0,1,0,0,),27,1,cWW,cW-W,1.45,4.48,3.50,1.49,4.10,4.86,5.52,3.02,..,anti,A,4.51,4.58,2.87,3.35,3.10,3.47,3.81,3.98,0.01,5.93,0.55,5.72,0.35,33.04,0.31,C3'-endo
42,42,0.56,G,G,G,0,0,1,0,0,),26,1,cWW,cW-W,5.20,3.07,0.82,1.47,3.59,4.95,4.92,3.66,BI,anti,.,4.02,4.45,2.87,3.66,3.15,3.71,3.84,4.12,0.02,5.91,0.57,5.71,0.34,33.83,0.28,C3'-endo
43,43,0.57,G,G,G,0,0,1,0,0,.,25,1,cWW,cW-W,5.18,3.00,0.97,1.53,3.74,4.85,5.16,3.94,BI,anti,.,3.27,4.44,3.04,3.80,3.27,3.84,3.81,4.71,0.03,5.93,0.52,5.76,0.31,31.12,0.28,C3'-endo
44,44,0.59,G,G,G,0,0,1,0,0,.,10,1,cSH,cm+M,5.38,2.70,0.91,1.49,4.57,4.69,6.17,4.04,..,anti,.,2.16,4.71,3.19,4.74,3.44,4.64,4.39,4.42,0.11,5.84,0.59,5.73,0.28,34.45,0.15,C3'-endo
45,45,0.60,G,G,G,0,0,1,0,0,.,21,1,tWH,tW-M,1.02,3.10,5.31,2.48,3.98,5.30,4.95,5.16,BI,anti,.,1.35,1.81,3.18,4.13,3.58,4.05,3.46,4.48,5.79,0.70,5.66,0.36,0.08,39.49,2.70,C2'-endo
46,46,0.61,U,U,U,0,0,0,1,0,.,,0,,,3.94,1.59,3.03,2.54,4.82,2.19,2.64,3.86,BII,anti,.,0.54,0.57,4.07,0.87,4.11,1.46,4.39,1.66,5.89,0.63,5.67,0.41,6.27,36.94,2.84,C2'-endo
47,47,0.63,C,C,C,0,1,0,0,0,.,15,1,tWW,tW+W,4.65,3.44,0.46,2.55,3.99,0.96,3.03,4.05,..,anti,.,1.55,1.58,3.42,1.24,3.32,0.80,3.20,4.89,5.88,0.65,5.65,0.42,6.27,38.22,2.83,C2'-endo
48,48,0.64,G,G,G,0,0,1,0,0,(,64,1,cWW,cW-W,0.74,2.60,1.07,1.46,3.76,5.16,4.88,3.08,BI,anti,A,4.44,4.54,5.12,4.03,5.49,3.96,1.64,4.49,0.01,5.91,0.57,5.70,0.36,34.51,0.31,C3'-endo
49,49,0.65,C,C,C,0,1,0,0,0,(,63,1,cWW,cW-W,4.99,3.40,0.70,1.42,3.68,5.03,4.94,3.52,BI,anti,A,4.41,4.68,2.80,3.67,3.03,3.76,3.90,4.11,0.10,5.81,0.65,5.68,0.32,37.65,0.18,C3'-endo
50,50,0.67,G,G,G,0,0,1,0,0,(,62,1,cWW,cW-W,5.23,2.97,0.94,1.34,3.60,5.05,4.83,3.36,BI,anti,A,4.59,4.64,2.93,3.64,3.17,3.64,3.73,4.03,0.03,5.84,0.67,5.61,0.41,40.11,0.29,C3'-endo
51,51,0.68,G,G,G,0,0,1,0,0,(,61,1,cWW,cW-W,5.20,3.02,0.96,1.34,3.73,5.00,5.01,3.31,BI,anti,A,4.65,4.69,2.99,3.70,3.17,3.74,3.81,4.31,0.02,5.85,0.67,5.61,0.41,39.89,0.30,C3'-endo
52,52,0.69,G,G,G,0,0,1,0,0,(,60,1,cWW,cW-W,5.30,3.00,0.89,1.37,3.62,5.06,4.85,3.32,BI,anti,A,4.58,4.63,2.97,3.70,3.21,3.73,4.03,4.09,0.05,5.83,0.66,5.63,0.38,39.00,0.26,C3'-endo
53,53,0.71,U,U,U,0,0,0,1,0,.,57,1,tWH,tW-M,5.20,3.05,1.00,1.40,4.04,5.10,5.22,3.33,BI,anti,.,4.51,4.66,3.12,4.10,3.31,4.19,3.85,5.10,0.01,5.89,0.61,5.66,0.39,36.82,0.31,C3'-endo
54,54,0.72,U,U,U,0,0,0,1,0,.,17,1,tSW,tm+W,5.31,2.88,0.82,1.42,4.09,5.33,5.05,3.44,..,anti,.,4.42,4.74,2.86,4.60,3.26,3.81,4.48,2.70,0.06,5.84,0.63,5.67,0.34,36.94,0.23,C3'-endo
55,55,0.73,C,C,C,0,1,0,0,0,.,18,1,cWW,cW-W,3.12,2.56,0.79,1.42,3.86,5.15,4.99,3.22,BI,anti,.,4.57,4.62,0.27,4.11,0.84,4.12,0.43,4.96,0.02,5.88,0.61,5.67,0.37,36.24,0.29,C3'-endo
56,56,0.75,G,G,G,0,0,1,0,0,.,,0,,,5.17,3.00,0.89,1.46,3.98,4.77,5.49,3.39,BI,anti,.,4.50,4.68,2.91,3.78,3.27,3.98,4.49,4.32,0.06,5.86,0.60,5.70,0.33,35.16,0.22,C3'-endo
57,57,0.76,A,A,A,1,0,0,0,0,.,53,1,tHW,tM-W,5.57,3.19,1.25,2.58,4.89,3.47,1.43,4.60,BII,anti,.,0.12,0.40,4.16,4.25,4.50,3.29,4.50,2.73,5.93,0.61,5.66,0.44,6.23,36.84,2.90,C2'-endo
58,58,0.77,A,A,A,1,0,0,0,0,.,,0,,,1.37,3.74,1.05,1.45,3.38,5.23,4.43,3.06,BI,anti,.,4.21,4.39,0.05,4.20,0.53,4.30,0.98,5.11,0.01,5.91,0.58,5.69,0.37,34.73,0.32,C3'-endo
59,59,0.79,U,U,U,0,0,0,1,0,.,,0,,,3.30,3.56,2.58,2.51,4.05,5.79,4.54,3.48,..,anti,.,1.43,1.66,3.18,5.55,3.85,5.06,4.89,5.47,5.90,0.61,5.69,0.39,6.27,35.70,2.83,C2'-endo
60,60,0.80,C,C,C,0,1,0,0,0,),52,1,cWW,cW-W,4.39,3.47,0.62,1.37,3.69,4.94,5.03,3.34,BI,anti,A,4.54,4.59,2.04,3.51,2.83,3.66,3.65,4.16,6.26,5.90,0.61,5.64,0.42,37.38,0.35,C3'-endo
61,61,0.81,C,C,C,0,1,0,0,0,),51,1,cWW,cW-W,4.91,3.32,0.87,1.43,3.45,5.18,4.55,3.43,BI,anti,A,4.45,4.54,2.83,3.69,2.97,3.73,3.54,4.09,0.09,5.82,0.64,5.68,0.32,37.26,0.18,C3'-endo
62,62,0.83,C,C,C,0,1,0,0,0,),50,1,cWW,cW-W,4.95,3.25,1.01,1.38,3.77,4.85,5.20,3.50,BI,anti,A,4.38,4.67,3.00,3.62,3.18,3.68,3.72,4.05,0.05,5.85,0.64,5.65,0.37,38.12,0.26,C3'-endo
63,63,0.84,G,G,G,0,0,1,0,0,),49,1,cWW,cW-W,5.25,2.80,1.07,1.39,3.73,5.11,4.90,3.34,BI,anti,A,4.57,4.65,3.00,3.89,3.23,3.88,3.79,4.56,0.03,5.86,0.64,5.64,0.39,38.19,0.29,C3'-endo
64,64,0.85,U,U,U,0,0,0,1,0,),48,1,cWW,cW-W,5.16,2.97,0.99,1.42,3.62,5.00,4.91,3.43,BI,anti,A,4.49,4.61,2.91,3.68,3.25,3.69,4.29,4.08,0.05,5.85,0.63,5.67,0.36,37.13,0.25,C3'-endo
65,65,0.87,C,C,C,0,1,0,0,0,),7,1,cWW,cW-W,5.12,3.16,0.93,1.40,3.57,5.14,4.71,3.42,BI,anti,A,4.54,4.62,2.98,3.75,3.16,3.75,3.76,4.12,0.07,5.83,0.65,5.66,0.35,37.95,0.23,C3'-endo
66,66,0.88,U,U,U,0,0,0,1,0,),6,1,cWW,cW-W,5.05,2.99,1.09,1.35,3.65,5.04,4.89,3.49,BI,anti,A,4.45,4.63,2.92,3.68,3.19,3.68,3.85,4.07,0.00,5.86,0.65,5.62,0.42,39.25,0.32,C3'-endo
67,67,0.89,U,U,U,0,0,0,1,0,),5,1,cWW,cW-W,4.93,3.19,0.98,1.39,3.50,5.22,4.56,3.46,BI,anti,A,4.44,4.55,2.84,3.75,3.03,3.75,3.66,4.20,0.04,5.85,0.64,5.65,0.38,38.23,0.26,C3'-endo
68,68,0.91,C,C,C,0,1,0,0,0,),4,1,cWW,cW-W,4.90,3.06,1.19,1.37,3.46,5.10,4.64,3.32,BI,anti,A,4.49,4.51,2.90,3.61,3.21,3.59,3.96,4.01,6.26,5.89,0.63,5.62,0.43,38.55,0.35,C3'-endo
69,69,0.92,C,C,C,0,1,0,0,0,),3,1,cWW,cW-W,4.93,3.42,0.82,1.38,3.79,5.07,5.01,3.44,BI,anti,A,4.54,4.74,2.92,3.71,3.00,3.76,3.60,4.16,0.12,5.77,0.69,5.65,0.33,39.94,0.16,C3'-endo
70,70,0.93,G,G,G,0,0,1,0,0,),2,1,cWW,cW-W,4.67,2.65,1.60,1.41,3.83,4.15,5.97,3.04,..,anti,A,4.74,4.75,2.83,3.66,3.15,3.69,3.86,4.19,0.09,5.80,0.67,5.65,0.34,39.04,0.19,C3'-endo
71,71,0.95,C,C,C,0,1,0,0,0,),1,1,cWW,cW-W,0.71,2.14,6.14,1.43,3.50,5.16,4.63,3.40,BI,anti,A,4.59,4.63,3.01,3.78,3.12,3.86,3.81,4.14,0.13,5.77,0.67,5.67,0.30,38.71,0.13,C3'-endo
72,72,0.96,U,U,U,0,0,0,1,0,),0,1,cWW,cW-W,5.05,3.00,1.32,1.48,4.50,4.47,0.03,3.24,..,anti,.,4.13,4.35,3.41,4.23,3.60,3.98,3.99,4.35,6.23,5.98,0.53,5.71,0.40,33.11,0.42,C3'-endo
73,73,0.97,C,C,C,0,1,0,0,0,),0,1,cWW,cW-W,1.25,4.07,3.84,1.53,3.97,4.89,5.36,3.24,BI,anti,A,4.62,4.71,2.66,3.18,2.88,3.37,3.62,3.91,0.19,5.79,0.60,5.77,0.21,34.61,0.02,C3'-endo
74,74,0.99,C,C,C,0,1,0,0,0,),0,1,cWW,cW-W,5.34,2.88,0.83,1.43,3.67,5.04,4.92,3.44,BI,anti,A,4.41,4.56,2.89,3.79,3.19,3.80,3.89,4.20,0.01,5.90,0.60,5.68,0.38,35.84,0.31,C3'-endo
75,75,1.00,A,A,A,1,0,0,0,0,),0,1,cWW,cW-W,5.22,2.90,1.03,1.38,,,,3.40,n/a,anti,-,,,,,,,,,6.27,5.90,0.62,5.64,0.42,37.60,0.35,C3'-endo
