index_chain,old_nt_resnum,nt_position,nt_name,nt_code,nt_align_code,is_A,is_C,is_G,is_U,is_other,dbn,paired,nb_interact,pair_type_LW,pair_type_DSSR,alpha,beta,gamma,delta,epsilon,zeta,epsilon_zeta,chi,bb_type,glyco_bond,form,ssZp,Dp,eta,theta,eta_prime,theta_prime,eta_base,theta_base,v0,v1,v2,v3,v4,amplitude,phase_angle,puckering
1,1,0.01,G,G,G,0,0,1,0,0,(,88,1,cWW,cW-W,,1.73,1.45,1.41,3.61,5.15,4.75,3.05,BI,anti,A,4.70,4.70,,4.09,,3.78,,4.08,0.13,5.79,0.65,5.69,0.29,37.59,0.13,C3'-endo
2,2,0.02,G,G,G,0,0,1,0,0,(,87,1,cWW,cW-W,4.54,3.45,1.31,1.42,3.76,5.10,4.95,3.35,BI,anti,A,4.61,4.69,2.95,3.88,3.18,3.86,3.92,4.18,0.11,5.80,0.66,5.67,0.31,38.18,0.16,C3'-endo
3,3,0.03,A,A,A,1,0,0,0,0,(,86,1,cWW,cW-W,4.88,2.86,1.37,1.30,3.85,5.05,5.08,3.28,BI,anti,A,4.63,4.72,2.88,3.80,3.18,3.79,3.85,4.39,0.05,5.81,0.70,5.59,0.40,41.48,0.26,C3'-endo
4,4,0.04,G,G,G,0,0,1,0,0,(,85,1,cWW,cW-W,5.02,2.91,1.31,1.33,3.54,4.95,4.87,3.44,BI,anti,A,4.47,4.59,2.95,3.51,3.26,3.49,4.19,3.81,6.27,5.88,0.64,5.61,0.43,39.22,0.34,C3'-endo
5,5,0.06,A,A,A,1,0,0,0,0,.,84,1,cWW,cW-W,5.27,3.08,0.88,1.44,4.11,4.83,5.57,3.55,..,anti,.,4.11,4.66,3.16,3.94,3.26,4.04,3.69,4.85,0.06,5.86,0.61,5.69,0.33,35.84,0.23,C3'-endo
6,6,0.07,G,G,G,0,0,1,0,0,.,37,1,cSH,cm+M,5.37,2.60,0.98,1.41,3.80,4.68,5.40,3.68,BI,anti,.,4.04,4.67,2.82,3.52,3.21,3.65,4.30,3.97,0.06,5.84,0.64,5.66,0.36,37.95,0.24,C3'-endo
7,7,0.08,U,U,U,0,0,0,1,0,.,,0,,,5.18,3.46,1.32,1.34,3.65,5.08,4.85,3.38,BI,anti,A,4.53,4.65,3.63,3.74,3.58,3.78,3.74,4.38,0.08,5.78,0.72,5.60,0.38,41.99,0.21,C3'-endo
8,8,0.09,A,A,A,1,0,0,0,0,.,"44,78",2,"tSS,tHS","tm+m,tM-m",5.15,3.01,1.05,1.34,3.95,4.81,5.42,3.47,BI,anti,.,4.37,4.75,3.00,4.52,3.24,4.56,4.10,5.16,0.06,5.81,0.70,5.61,0.39,40.99,0.24,C3'-endo
9,9,0.10,G,G,G,0,0,1,0,0,(,77,1,cWW,cW-W,2.51,4.20,3.16,1.39,3.93,4.83,5.38,3.10,BI,anti,A,4.75,4.75,2.89,3.49,3.57,3.46,4.76,4.11,0.07,5.83,0.66,5.65,0.36,38.56,0.23,C3'-endo
10,10,0.11,A,A,A,1,0,0,0,0,(,76,1,cWW,cW-W,5.42,3.02,0.79,1.47,3.82,4.91,5.19,3.41,BI,anti,A,4.55,4.72,3.06,3.78,3.26,3.82,4.13,4.23,0.15,5.79,0.63,5.72,0.26,36.26,0.09,C3'-endo
11,11,0.12,U,U,U,0,0,0,1,0,(,75,1,cWW,cW-W,5.35,2.97,0.78,1.35,3.79,4.99,5.09,3.52,BI,anti,A,4.41,4.75,2.89,3.75,3.11,3.79,3.79,4.17,0.13,5.75,0.71,5.63,0.33,41.39,0.14,C3'-endo
12,12,0.13,G,G,G,0,0,1,0,0,(,74,1,cWW,cW-W,5.14,2.93,1.10,1.38,3.59,4.94,4.93,3.40,BI,anti,A,4.61,4.67,2.91,3.62,3.18,3.61,3.84,4.12,0.06,5.83,0.65,5.65,0.36,38.38,0.24,C3'-endo
13,13,0.15,A,A,A,1,0,0,0,0,(,73,1,cWW,cW-W,5.23,2.95,0.93,1.45,4.07,4.59,5.76,3.41,..,anti,A,4.50,4.77,3.05,3.76,3.22,3.79,3.94,4.09,0.09,5.83,0.62,5.69,0.31,36.41,0.18,C3'-endo
14,14,0.16,U,U,U,0,0,0,1,0,(,72,1,cWW,cW-W,5.51,2.47,0.97,1.32,3.70,5.00,4.98,3.37,BI,anti,A,4.58,4.66,2.87,3.77,3.14,3.73,3.73,4.32,6.27,5.86,0.67,5.59,0.44,40.72,0.34,C3'-endo
15,15,0.17,U,U,U,0,0,0,1,0,(,71,1,cWW,cW-W,5.21,3.10,0.84,1.42,3.74,4.96,5.06,3.38,BI,anti,A,4.57,4.67,2.94,3.74,3.13,3.76,4.01,4.14,0.06,5.86,0.61,5.69,0.34,36.13,0.23,C3'-endo
16,16,0.18,C,C,C,0,1,0,0,0,(,70,1,cWW,cW-W,5.22,2.78,1.09,1.37,3.41,5.08,4.61,3.41,BI,anti,.,4.45,4.48,2.90,4.13,3.20,3.90,3.89,4.13,6.24,5.94,0.58,5.66,0.42,36.11,0.39,C3'-endo
17,17,0.19,G,G,G,0,0,1,0,0,(,69,1,cWW,cW-W,2.53,3.45,3.26,1.39,4.03,4.77,5.54,3.08,..,anti,A,4.69,4.70,2.91,3.28,3.16,3.43,3.79,4.18,0.02,5.87,0.63,5.65,0.39,37.59,0.30,C3'-endo
18,18,0.20,C,C,C,0,1,0,0,0,(,67,1,cWW,cW-W,5.51,2.81,0.79,1.40,3.68,5.02,4.95,3.28,BI,anti,A,4.60,4.64,2.96,3.76,3.22,3.79,4.14,4.26,0.03,5.86,0.63,5.65,0.38,37.71,0.28,C3'-endo
19,19,0.21,G,G,G,0,0,1,0,0,(,"22,66",2,"cSW,cWW","cm-W,cW-W",5.23,2.99,0.87,1.40,3.74,5.18,4.85,3.37,BI,anti,A,4.49,4.61,2.94,3.94,3.18,3.97,3.91,4.66,0.02,5.85,0.66,5.62,0.41,39.42,0.30,C3'-endo
20,20,0.22,U,U,U,0,0,0,1,0,(,65,1,cWW,cW-W,4.95,2.96,1.21,1.36,4.19,1.82,2.36,3.51,..,anti,.,4.12,4.64,2.99,1.17,3.29,0.27,4.23,5.37,6.23,5.91,0.64,5.60,0.47,39.59,0.40,C3'-endo
21,21,0.24,U,U,U,0,0,0,1,0,.,,0,,,1.53,2.97,1.04,2.58,4.44,5.52,5.21,3.98,..,anti,.,1.19,1.14,0.29,5.77,1.25,5.45,2.32,5.69,5.93,0.61,5.66,0.43,6.23,36.63,2.90,C2'-endo
22,22,0.25,A,A,A,1,0,0,0,0,.,19,1,cWS,cW-m,5.11,3.52,1.01,2.50,3.65,2.92,0.73,4.92,..,anti,.,2.37,2.27,2.94,2.47,3.94,2.14,4.17,2.51,5.75,0.74,5.64,0.36,0.10,41.49,2.67,C2'-endo
23,23,0.26,A,A,A,1,0,0,0,0,.,"55,67",2,"tHW,tWS","tM-W,tW+m",4.81,2.24,1.11,1.36,3.89,5.29,4.88,3.42,BI,anti,.,4.45,4.67,2.74,4.21,2.67,4.09,3.03,4.90,6.27,5.88,0.64,5.62,0.42,38.80,0.34,C3'-endo
24,24,0.27,G,G,G,0,0,1,0,0,.,54,1,tHW,tM-W,4.73,2.80,1.41,1.33,4.13,5.00,5.42,3.24,..,anti,.,4.76,4.86,2.76,4.07,3.20,4.11,4.56,4.75,0.11,5.77,0.70,5.63,0.34,40.92,0.17,C3'-endo
25,25,0.28,U,U,U,0,0,0,1,0,.,,0,,,5.54,2.90,0.76,1.39,3.75,5.15,4.88,3.38,BI,anti,.,4.64,4.71,2.92,3.92,3.31,3.93,4.37,4.61,0.03,5.85,0.65,5.63,0.39,38.58,0.29,C3'-endo
26,26,0.29,G,G,G,0,0,1,0,0,.,52,1,cWW,cW-W,4.96,2.93,1.15,1.34,3.93,4.99,5.22,3.19,BI,anti,.,4.75,4.76,2.85,3.86,3.15,3.90,4.19,4.44,0.07,5.81,0.68,5.62,0.37,40.26,0.23,C3'-endo
27,27,0.30,U,U,U,0,0,0,1,0,(,51,1,cWW,cW-W,5.26,3.06,0.97,1.33,4.02,4.67,5.63,3.36,..,anti,A,4.54,4.74,3.03,3.66,3.26,3.75,4.06,4.19,0.04,5.83,0.68,5.61,0.40,40.48,0.27,C3'-endo
28,28,0.31,G,G,G,0,0,1,0,0,(,50,1,cWW,cW-W,5.58,2.80,0.72,1.37,3.88,4.84,5.32,3.44,BI,anti,A,4.44,4.68,2.98,3.69,3.15,3.70,3.74,4.16,0.01,5.87,0.64,5.64,0.40,38.30,0.31,C3'-endo
29,29,0.33,U,U,U,0,0,0,1,0,(,49,1,cWW,cW-W,5.16,2.74,1.08,1.34,3.84,4.98,5.14,3.45,BI,anti,A,4.47,4.71,2.87,3.78,3.08,3.77,3.78,4.27,0.05,5.82,0.69,5.61,0.39,40.64,0.26,C3'-endo
30,30,0.34,G,G,G,0,0,1,0,0,(,48,1,cWW,cW-W,5.27,2.90,0.89,1.38,3.68,4.83,5.13,3.33,BI,anti,A,4.62,4.66,2.85,3.58,3.13,3.63,3.95,4.07,0.03,5.86,0.64,5.64,0.39,38.38,0.28,C3'-endo
31,31,0.35,U,U,U,0,0,0,1,0,(,47,1,cWW,cW-W,5.46,2.93,0.85,1.39,3.63,4.71,5.20,3.46,BI,anti,A,4.45,4.64,3.06,4.06,3.26,3.93,3.89,4.26,0.10,5.81,0.65,5.67,0.33,38.16,0.18,C3'-endo
32,32,0.36,G,G,G,0,0,1,0,0,(,46,1,cWW,cW-W,2.45,3.86,3.25,1.44,3.92,4.87,5.33,3.15,BI,anti,A,4.66,4.68,2.97,3.40,3.25,3.46,3.97,4.03,0.04,5.87,0.61,5.68,0.35,36.02,0.26,C3'-endo
33,33,0.37,A,A,A,1,0,0,0,0,(,45,1,cWW,cW-W,5.40,2.91,0.80,1.41,3.58,4.93,4.94,3.55,BI,anti,A,4.35,4.61,2.92,3.61,3.19,3.62,3.98,3.90,0.04,5.86,0.63,5.66,0.37,37.40,0.27,C3'-endo
34,34,0.38,A,A,A,1,0,0,0,0,.,44,1,cWW,cW-W,5.23,2.86,1.06,1.38,3.77,4.83,5.22,3.51,BI,anti,.,4.27,4.58,3.02,4.19,3.23,3.97,3.71,4.14,6.26,5.92,0.60,5.66,0.41,36.58,0.37,C3'-endo
35,35,0.39,U,U,U,0,0,0,1,0,.,42,1,tWH,tW-M,1.98,3.66,3.85,1.50,4.25,4.13,0.12,3.35,..,anti,.,4.39,4.58,3.10,2.23,3.26,2.69,3.73,2.78,6.28,5.93,0.55,5.71,0.37,33.63,0.34,C3'-endo
36,36,0.40,G,G,G,0,0,1,0,0,.,,0,,,3.69,2.30,3.32,2.34,4.45,5.65,5.08,4.27,..,anti,.,1.29,1.34,4.70,4.94,4.01,4.64,3.37,4.88,5.80,0.61,5.78,0.24,0.15,34.18,2.57,C2'-endo
37,37,0.42,G,G,G,0,0,1,0,0,[,"6,83",2,"cHS,cWW","cM+m,cW-W",3.38,3.24,0.87,1.36,3.66,4.84,5.11,3.15,BI,anti,A,4.63,4.62,0.86,3.48,1.76,3.62,2.48,4.09,0.02,5.87,0.63,5.65,0.39,37.51,0.29,C3'-endo
38,38,0.43,G,G,G,0,0,1,0,0,[,82,1,cWW,cW-W,5.22,3.11,0.87,1.41,3.66,5.04,4.90,3.36,BI,anti,A,4.55,4.65,2.97,3.77,3.12,3.81,3.70,4.12,0.10,5.79,0.67,5.65,0.33,39.18,0.18,C3'-endo
39,39,0.44,A,A,A,1,0,0,0,0,[,81,1,cWW,cW-W,5.16,3.20,0.96,1.38,3.58,5.30,4.56,3.54,BI,anti,A,4.37,4.66,3.02,3.91,3.21,3.93,3.74,4.46,0.06,5.83,0.66,5.64,0.37,39.02,0.24,C3'-endo
40,40,0.45,U,U,U,0,0,0,1,0,[,80,1,cWW,cW-W,4.84,3.22,1.08,1.33,3.82,5.14,4.97,3.54,BI,anti,.,4.32,4.69,2.89,3.89,3.16,3.94,3.95,4.51,6.25,5.88,0.66,5.58,0.46,40.78,0.37,C3'-endo
41,41,0.46,G,G,G,0,0,1,0,0,[,79,1,cWW,cW-W,5.25,2.81,1.14,1.27,3.40,4.45,5.23,3.49,BI,anti,.,4.35,4.46,2.96,2.98,3.34,3.07,4.20,2.94,6.15,5.98,0.61,5.58,0.53,40.20,0.52,C3'-endo
42,42,0.47,U,U,U,0,0,0,1,0,.,35,1,tHW,tM-W,5.80,2.96,0.73,2.46,4.24,3.91,0.33,4.12,..,anti,.,1.88,1.73,3.57,4.28,3.70,3.30,3.38,2.52,5.88,0.61,5.71,0.35,0.04,35.16,2.76,C2'-endo
43,43,0.48,C,C,C,0,1,0,0,0,.,,0,,,1.23,3.61,1.97,2.59,4.40,4.95,5.73,4.48,..,anti,.,1.03,1.12,0.65,5.20,1.31,4.75,1.02,5.35,5.90,0.63,5.65,0.43,6.25,37.59,2.87,C2'-endo
44,44,0.49,G,G,G,0,0,1,0,0,.,"8,34",2,"tSS,cWW","tm+m,cW-W",5.12,3.20,0.84,1.37,4.09,4.82,5.56,3.05,..,anti,A,4.75,4.78,2.82,3.90,3.48,4.03,3.95,4.64,0.06,5.82,0.67,5.63,0.37,39.41,0.23,C3'-endo
45,45,0.51,U,U,U,0,0,0,1,0,),33,1,cWW,cW-W,5.55,2.95,0.66,1.37,3.57,5.08,4.78,3.38,BI,anti,A,4.57,4.61,2.89,3.70,3.16,3.74,4.03,4.30,6.28,5.89,0.62,5.64,0.40,37.59,0.33,C3'-endo
46,46,0.52,C,C,C,0,1,0,0,0,),32,1,cWW,cW-W,5.02,2.95,1.23,1.36,3.71,4.93,5.06,3.22,BI,anti,A,4.57,4.61,2.96,3.69,3.23,3.69,4.07,4.13,0.00,5.89,0.62,5.65,0.40,37.63,0.32,C3'-endo
47,47,0.53,A,A,A,1,0,0,0,0,),31,1,cWW,cW-W,5.27,3.06,0.87,1.43,3.71,4.97,5.02,3.52,BI,anti,A,4.38,4.66,2.98,3.75,3.17,3.76,3.84,4.23,0.08,5.84,0.63,5.68,0.33,36.64,0.21,C3'-endo
48,48,0.54,C,C,C,0,1,0,0,0,),30,1,cWW,cW-W,5.23,2.87,0.95,1.34,3.67,4.90,5.05,3.48,BI,anti,A,4.50,4.72,2.88,3.61,3.13,3.64,3.88,4.04,0.05,5.82,0.68,5.61,0.39,40.36,0.25,C3'-endo
49,49,0.55,A,A,A,1,0,0,0,0,),29,1,cWW,cW-W,5.35,3.00,0.81,1.41,3.77,4.99,5.06,3.54,BI,anti,A,4.33,4.66,3.00,3.81,3.17,3.81,3.76,4.38,0.07,5.82,0.66,5.65,0.35,38.53,0.22,C3'-endo
50,50,0.56,C,C,C,0,1,0,0,0,),28,1,cWW,cW-W,5.23,2.89,0.98,1.36,3.74,5.04,4.99,3.34,BI,anti,A,4.68,4.74,2.89,3.77,3.14,3.78,4.02,4.11,0.09,5.80,0.67,5.65,0.35,39.19,0.20,C3'-endo
51,51,0.57,A,A,A,1,0,0,0,0,),27,1,cWW,cW-W,5.21,3.01,0.92,1.36,3.80,4.75,5.34,3.44,BI,anti,A,4.49,4.70,2.95,3.52,3.18,3.53,3.76,3.78,0.02,5.87,0.63,5.65,0.39,37.81,0.30,C3'-endo
52,52,0.58,A,A,A,1,0,0,0,0,.,26,1,cWW,cW-W,5.28,2.64,1.04,1.28,3.95,5.01,5.23,3.35,BI,anti,.,4.61,4.77,2.89,3.84,3.06,3.81,3.52,4.10,0.06,5.79,0.72,5.58,0.41,42.40,0.25,C3'-endo
53,53,0.60,C,C,C,0,1,0,0,0,.,,0,,,5.01,2.79,1.44,1.27,3.82,4.43,5.67,3.45,BI,anti,A,4.47,4.67,3.01,3.59,3.26,3.43,3.83,3.78,6.19,5.93,0.64,5.58,0.50,40.57,0.45,C3'-endo
54,54,0.61,G,G,G,0,0,1,0,0,.,24,1,tWH,tW-M,1.49,3.65,4.21,1.72,4.07,4.95,5.41,3.41,..,anti,.,4.50,4.78,3.11,3.48,3.14,3.69,3.69,3.56,0.40,5.68,0.57,5.92,6.26,34.76,5.92,C2'-exo
55,55,0.62,A,A,A,1,0,0,0,0,.,23,1,tWH,tW-M,5.61,2.98,0.80,2.22,4.39,4.16,0.22,4.04,..,anti,.,2.09,1.76,3.40,4.54,3.78,3.62,3.62,3.08,5.74,0.63,5.81,0.17,0.23,35.46,2.44,C1'-exo
56,56,0.63,A,A,A,1,0,0,0,0,.,65,1,t.S,t.+m,1.64,3.61,1.06,2.66,5.10,1.49,3.61,4.12,..,anti,.,0.27,0.12,0.14,3.04,1.03,2.71,1.05,3.24,5.91,0.66,5.60,0.49,6.21,40.22,2.92,C2'-endo
57,57,0.64,G,G,G,0,0,1,0,0,(,64,1,cWW,cW-W,1.53,4.41,3.41,1.40,3.53,5.21,4.60,3.47,BI,anti,.,4.41,4.59,3.90,3.81,3.96,3.60,4.61,3.91,0.08,5.81,0.67,5.64,0.35,39.26,0.21,C3'-endo
58,58,0.65,C,C,C,0,1,0,0,0,(,63,1,cWW,cW-W,2.52,3.37,3.35,1.42,4.04,4.83,5.49,3.20,BI,anti,A,4.73,4.76,2.95,3.21,3.25,3.36,3.97,3.75,0.07,5.83,0.65,5.66,0.35,37.96,0.22,C3'-endo
59,59,0.66,G,G,G,0,0,1,0,0,.,62,1,tWH,tW-M,5.18,2.91,0.96,1.41,4.06,4.91,5.44,3.45,..,anti,.,4.45,4.72,2.95,4.40,3.15,3.61,3.62,2.60,6.26,5.89,0.62,5.63,0.42,37.98,0.35,C3'-endo
60,60,0.67,A,A,A,1,0,0,0,0,.,,0,,,2.62,2.92,1.13,1.52,3.95,5.06,5.17,3.43,BI,anti,.,4.30,4.57,0.31,4.09,0.83,4.09,0.49,4.92,0.08,5.88,0.56,5.75,0.29,32.87,0.20,C3'-endo
61,61,0.69,G,G,G,0,0,1,0,0,.,,0,,,4.86,2.70,1.40,1.54,3.84,4.62,5.50,3.54,BI,anti,.,4.13,4.51,2.83,3.63,3.30,3.54,4.51,3.69,0.08,5.87,0.57,5.74,0.30,33.52,0.20,C3'-endo
62,62,0.70,A,A,A,1,0,0,0,0,.,59,1,tHW,tM-W,5.30,2.84,0.81,1.45,3.78,5.30,4.77,3.78,BI,anti,.,3.78,4.64,2.91,4.90,3.04,5.03,3.40,5.33,0.04,5.87,0.61,5.68,0.36,36.02,0.27,C3'-endo
63,63,0.71,G,G,G,0,0,1,0,0,),58,1,cWW,cW-W,2.42,4.14,3.38,1.46,3.81,4.90,5.19,3.25,BI,anti,A,4.58,4.65,3.28,3.31,4.09,3.33,5.06,3.67,0.09,5.85,0.60,5.72,0.31,34.95,0.19,C3'-endo
64,64,0.72,C,C,C,0,1,0,0,0,),57,1,cWW,cW-W,5.43,2.97,0.76,1.37,3.65,4.63,5.30,3.51,BI,anti,.,4.29,4.58,2.96,3.97,3.18,3.89,3.72,4.33,0.02,5.85,0.67,5.61,0.41,39.92,0.30,C3'-endo
65,65,0.73,G,G,G,0,0,1,0,0,),"20,56",2,"cWW,tS.","cW-W,tm+.",2.45,3.87,3.26,1.39,4.32,4.72,5.88,3.04,..,anti,A,4.75,4.79,3.00,3.59,3.23,3.70,4.00,4.52,0.11,5.79,0.68,5.65,0.33,39.30,0.17,C3'-endo
66,66,0.74,C,C,C,0,1,0,0,0,),19,1,cWW,cW-W,5.59,2.55,0.87,1.31,3.70,5.22,4.76,3.28,BI,anti,A,4.49,4.62,2.83,3.93,3.22,4.04,4.37,4.40,0.00,5.84,0.69,5.58,0.44,41.77,0.32,C3'-endo
67,67,0.75,G,G,G,0,0,1,0,0,),"18,23",2,"cWW,tSW","cW-W,tm+W",4.97,3.48,1.06,2.64,4.80,4.83,6.26,4.22,..,anti,.,0.98,0.67,3.44,5.47,3.91,5.03,4.35,4.83,5.86,0.69,5.61,0.45,6.27,40.48,2.84,C2'-endo
68,68,0.76,G,G,G,0,0,1,0,0,.,,0,,,5.46,2.24,3.18,1.41,3.13,2.12,1.02,4.79,..,anti,.,0.66,4.18,5.09,5.80,5.58,6.20,6.12,0.88,6.20,5.97,0.56,5.66,0.45,35.68,0.46,C3'-endo
69,69,0.78,U,U,U,0,0,0,1,0,),17,1,cWW,cW-W,5.65,2.83,0.75,1.48,3.95,4.52,5.71,3.17,..,anti,.,4.40,4.52,3.75,3.54,4.07,3.64,3.52,3.82,6.28,5.92,0.58,5.68,0.38,35.22,0.34,C3'-endo
70,70,0.79,G,G,G,0,0,1,0,0,),16,1,cWW,cW-W,5.15,3.02,0.83,1.39,3.77,4.92,5.13,3.47,BI,anti,A,4.46,4.71,2.94,3.71,2.97,3.73,3.24,4.16,0.09,5.79,0.69,5.63,0.35,40.21,0.19,C3'-endo
71,71,0.80,A,A,A,1,0,0,0,0,),15,1,cWW,cW-W,5.31,2.85,1.00,1.36,3.79,4.91,5.16,3.54,BI,anti,A,4.38,4.75,3.00,3.70,3.22,3.73,3.89,4.18,0.09,5.79,0.68,5.64,0.35,39.89,0.19,C3'-endo
72,72,0.81,A,A,A,1,0,0,0,0,),14,1,cWW,cW-W,5.29,2.91,0.91,1.43,3.60,5.12,4.76,3.52,BI,anti,A,4.44,4.66,2.93,3.83,3.19,3.81,3.90,4.10,0.10,5.82,0.63,5.69,0.31,36.72,0.17,C3'-endo
73,73,0.82,U,U,U,0,0,0,1,0,),13,1,cWW,cW-W,5.07,3.18,0.90,1.36,3.60,5.02,4.86,3.47,BI,anti,A,4.50,4.64,2.89,3.64,3.11,3.67,3.69,4.38,0.03,5.85,0.65,5.64,0.39,38.49,0.28,C3'-endo
74,74,0.83,C,C,C,0,1,0,0,0,),12,1,cWW,cW-W,5.05,2.84,1.18,1.45,3.81,4.92,5.18,3.58,BI,anti,A,4.28,4.65,2.93,3.81,3.20,3.75,4.14,4.21,0.04,5.88,0.60,5.69,0.35,35.48,0.26,C3'-endo
75,75,0.84,A,A,A,1,0,0,0,0,),11,1,cWW,cW-W,5.20,2.78,0.96,1.35,3.97,4.68,5.58,3.26,BI,anti,A,4.68,4.74,2.85,3.63,3.09,3.66,3.86,4.18,0.01,5.86,0.66,5.61,0.42,39.80,0.32,C3'-endo
76,76,0.85,U,U,U,0,0,0,1,0,),10,1,cWW,cW-W,5.21,2.78,0.91,1.37,3.90,4.98,5.20,3.37,BI,anti,A,4.59,4.76,2.81,3.94,2.98,3.99,3.74,4.52,0.13,5.76,0.70,5.64,0.32,40.58,0.14,C3'-endo
77,77,0.87,U,U,U,0,0,0,1,0,),9,1,cWW,cW-W,5.40,2.85,1.06,1.36,3.81,5.02,5.07,3.55,BI,anti,A,4.23,4.61,3.07,3.86,3.40,3.83,4.24,4.35,6.26,5.88,0.64,5.61,0.43,39.16,0.35,C3'-endo
78,78,0.88,G,G,G,0,0,1,0,0,.,8,1,tSH,tm-M,5.29,2.80,1.01,1.30,3.79,3.88,6.20,3.39,..,anti,.,4.47,4.61,2.89,2.92,3.18,2.95,4.01,2.76,6.19,5.94,0.62,5.59,0.49,39.65,0.45,C3'-endo
79,79,0.89,C,C,C,0,1,0,0,0,],41,1,cWW,cW-W,0.97,3.39,5.44,2.43,4.33,3.49,0.84,4.52,BII,anti,.,1.68,1.43,4.08,2.67,3.73,2.85,3.04,3.54,5.73,0.72,5.68,0.31,0.15,40.46,2.60,C2'-endo
80,80,0.90,A,A,A,1,0,0,0,0,],40,1,cWW,cW-W,4.75,2.68,0.42,1.44,3.67,5.06,4.89,3.60,BI,anti,A,4.27,4.63,2.52,3.83,2.44,3.84,3.26,4.20,0.05,5.87,0.60,5.70,0.33,35.34,0.24,C3'-endo
81,81,0.91,U,U,U,0,0,0,1,0,],39,1,cWW,cW-W,4.81,3.19,1.05,1.36,3.89,4.78,5.39,3.40,BI,anti,A,4.58,4.75,2.80,3.71,2.98,3.75,3.57,4.09,0.04,5.85,0.65,5.64,0.38,38.36,0.26,C3'-endo
82,82,0.92,C,C,C,0,1,0,0,0,],38,1,cWW,cW-W,5.54,2.78,0.79,1.34,3.60,5.21,4.67,3.50,BI,anti,A,4.42,4.60,2.90,3.84,3.14,3.80,3.72,4.42,6.24,5.90,0.64,5.60,0.46,39.84,0.38,C3'-endo
83,83,0.93,C,C,C,0,1,0,0,0,],37,1,cWW,cW-W,4.52,3.02,1.49,1.32,3.79,5.08,4.99,3.29,BI,anti,A,4.69,4.73,2.78,3.79,3.07,3.80,4.04,4.34,0.04,5.81,0.70,5.60,0.40,41.31,0.27,C3'-endo
84,84,0.94,G,G,G,0,0,1,0,0,.,5,1,cWW,cW-W,5.16,3.01,1.08,1.35,3.85,4.91,5.23,3.24,BI,anti,A,4.65,4.70,3.01,3.77,3.30,3.83,4.15,4.44,0.04,5.83,0.68,5.61,0.40,40.26,0.27,C3'-endo
85,85,0.96,C,C,C,0,1,0,0,0,),4,1,cWW,cW-W,5.51,2.90,0.85,1.43,3.85,5.04,5.10,3.38,BI,anti,A,4.49,4.64,3.10,3.91,3.35,3.92,4.19,4.41,0.02,5.88,0.61,5.67,0.37,36.48,0.29,C3'-endo
86,86,0.97,U,U,U,0,0,0,1,0,),3,1,cWW,cW-W,5.07,3.04,0.94,1.38,3.91,4.86,5.33,3.31,BI,anti,A,4.62,4.68,2.85,3.70,3.10,3.75,3.86,4.41,6.27,5.89,0.62,5.63,0.42,37.99,0.35,C3'-endo
87,87,0.98,C,C,C,0,1,0,0,0,),2,1,cWW,cW-W,5.07,2.71,1.18,1.37,3.98,4.53,5.73,3.42,..,anti,A,4.45,4.70,2.87,3.73,3.13,3.73,4.02,4.12,0.01,5.88,0.62,5.65,0.39,37.28,0.30,C3'-endo
88,88,0.99,C,C,C,0,1,0,0,0,),1,1,cWW,cW-W,5.94,2.55,0.49,1.32,3.78,5.05,5.01,3.43,BI,anti,A,4.49,4.68,2.92,3.83,3.13,3.86,3.79,4.43,0.00,5.84,0.69,5.58,0.44,41.41,0.32,C3'-endo
89,89,1.00,A,A,A,1,0,0,0,0,.,,0,,,5.21,2.89,1.09,1.31,,,,3.51,n/a,anti,-,,,,,,,,,0.02,5.84,0.67,5.61,0.41,40.06,0.29,C3'-endo
