index_chain,old_nt_resnum,nt_position,nt_name,nt_code,nt_align_code,is_A,is_C,is_G,is_U,is_other,dbn,paired,nb_interact,pair_type_LW,pair_type_DSSR,alpha,beta,gamma,delta,epsilon,zeta,epsilon_zeta,chi,bb_type,glyco_bond,form,ssZp,Dp,eta,theta,eta_prime,theta_prime,eta_base,theta_base,v0,v1,v2,v3,v4,amplitude,phase_angle,puckering
1,1,0.01,C,C,C,0,1,0,0,0,.,73,1,cWW,cW-W,,4.18,1.01,1.50,3.55,4.92,4.92,3.25,BI,anti,.,4.46,4.49,,3.71,,3.76,,3.90,0.04,5.88,0.59,5.71,0.33,34.76,0.25,C3'-endo
2,2,0.03,G,G,G,0,0,1,0,0,(,72,1,cWW,cW-W,4.60,3.19,1.21,1.46,3.21,4.70,4.79,3.38,BI,anti,A,4.41,4.42,2.76,3.80,2.97,3.70,3.36,3.96,0.08,5.84,0.62,5.70,0.32,36.02,0.20,C3'-endo
3,3,0.04,C,C,C,0,1,0,0,0,(,71,1,cWW,cW-W,3.02,3.89,2.69,1.51,4.02,4.24,6.07,3.19,..,anti,.,4.47,4.56,2.98,3.95,3.23,4.04,3.78,4.47,0.02,5.91,0.56,5.72,0.34,33.50,0.29,C3'-endo
4,4,0.05,G,G,G,0,0,1,0,0,(,70,1,cWW,cW-W,0.72,2.11,6.21,2.61,3.51,4.24,5.55,4.11,BI,anti,.,2.26,2.06,2.82,4.04,3.36,3.72,4.05,4.10,5.95,0.61,5.64,0.46,6.20,37.40,2.93,C2'-endo
5,5,0.06,G,G,G,0,0,1,0,0,(,69,1,cWW,cW-W,5.32,2.84,0.50,1.36,3.45,4.92,4.81,3.59,BI,anti,A,4.17,4.34,2.69,3.34,2.80,3.36,3.48,3.84,6.10,6.04,0.55,5.61,0.54,38.31,0.60,C3'-endo
6,6,0.08,G,G,G,0,0,1,0,0,(,68,1,cWW,cW-W,4.82,2.61,1.73,1.44,4.66,4.20,0.46,3.13,..,anti,.,3.90,4.12,3.40,3.96,3.44,3.93,3.95,4.38,6.14,6.03,0.52,5.67,0.48,35.18,0.55,C3'-endo
7,7,0.09,G,G,G,0,0,1,0,0,(,67,1,cWW,cW-W,1.27,4.52,3.89,2.66,3.84,0.47,3.37,3.42,..,anti,.,0.63,1.44,4.04,5.05,3.93,5.52,4.48,6.01,5.92,0.63,5.63,0.46,6.21,38.20,2.92,C2'-endo
8,8,0.10,U,U,U,0,0,0,1,0,.,"14,22",2,"tWH,tSW","tW-M,tm+W",4.22,3.39,1.14,1.42,4.52,3.51,1.00,3.65,BII,anti,.,3.54,4.62,2.84,3.19,3.47,3.50,3.71,3.14,6.25,5.92,0.60,5.65,0.42,36.65,0.37,C3'-endo
9,9,0.12,G,G,G,0,0,1,0,0,.,24,1,tHH,tM+M,0.42,2.93,5.58,2.68,4.65,4.86,6.07,5.21,..,anti,.,0.16,0.64,3.69,5.32,3.49,4.34,2.92,4.49,5.93,0.65,5.61,0.49,6.20,39.29,2.94,C2'-endo
10,10,0.13,G,G,G,0,0,1,0,0,(,26,1,cWW,cW-W,3.34,2.78,0.86,1.49,4.36,4.55,6.09,3.02,..,anti,A,4.70,4.74,0.71,3.96,1.82,4.02,2.33,4.28,0.14,5.80,0.63,5.72,0.27,36.14,0.10,C3'-endo
11,11,0.14,A,A,A,1,0,0,0,0,(,25,1,cWW,cW-W,5.34,2.57,0.99,1.44,3.78,4.96,5.10,3.29,BI,anti,A,4.44,4.54,2.85,3.87,3.15,3.82,3.71,4.27,6.27,5.92,0.58,5.68,0.39,35.56,0.34,C3'-endo
12,12,0.16,G,G,G,0,0,1,0,0,(,24,1,cWW,cW-W,5.19,3.03,0.82,1.48,3.59,4.99,4.88,3.54,BI,anti,.,4.24,4.50,2.86,4.26,3.13,4.10,3.88,4.53,0.03,5.89,0.57,5.71,0.34,34.03,0.27,C3'-endo
13,13,0.17,C,C,C,0,1,0,0,0,(,23,1,cWW,cW-W,2.36,3.59,3.45,1.46,3.92,4.50,5.70,3.33,..,anti,.,4.38,4.52,3.04,3.27,3.32,3.16,4.09,3.16,6.26,5.94,0.56,5.69,0.39,34.55,0.37,C3'-endo
14,14,0.18,A,A,A,1,0,0,0,0,.,"8,22",2,"tHW,tWS","tM-W,tW-m",1.46,3.89,4.18,1.44,4.89,5.81,5.37,3.17,..,anti,.,4.64,4.81,3.22,4.16,3.18,4.37,3.27,4.96,0.13,5.79,0.65,5.69,0.29,37.82,0.13,C3'-endo
15,15,0.19,G,G,G,0,0,1,0,0,.,"49,60",2,"tWW,tWS","tW+W,tW+m",4.69,1.43,3.15,1.67,3.83,5.53,4.58,3.31,BI,anti,.,4.53,4.57,3.61,3.23,3.97,3.65,4.94,4.66,0.28,5.74,0.58,5.84,0.11,33.84,6.13,C2'-exo
16,16,0.21,C,C,C,0,1,0,0,0,.,,0,,,4.86,3.11,0.96,1.54,4.02,5.22,5.08,3.46,BI,anti,.,4.32,4.59,2.78,4.49,3.33,4.77,4.58,5.30,0.14,5.81,0.61,5.73,0.26,35.31,0.10,C3'-endo
17,17,0.22,C,C,C,0,1,0,0,0,.,18,1,cSH,cm+M,4.38,4.33,1.64,2.63,3.69,3.29,0.40,5.38,..,anti,.,0.58,1.59,3.23,2.69,3.86,1.94,4.32,1.87,6.02,0.58,5.63,0.52,6.12,37.46,3.06,C2'-endo
18,17A,0.23,U,U,U,0,0,0,1,0,.,17,1,cHS,cM+m,4.25,1.06,2.44,2.35,6.24,1.17,5.07,3.72,..,anti,.,-0.80,0.85,4.84,0.84,3.63,1.86,3.34,2.85,5.80,0.66,5.70,0.32,0.10,37.35,2.66,C2'-endo
19,18,0.25,G,G,G,0,0,1,0,0,.,56,1,tWS,tW+m,3.93,2.98,2.02,2.79,4.12,5.35,5.05,2.97,..,anti,.,1.08,1.39,3.95,5.84,4.48,5.02,5.10,5.16,0.08,0.34,5.68,0.66,5.82,38.09,3.58,C3'-exo
20,19,0.26,G,G,G,0,0,1,0,0,{,57,1,cWW,cW-W,2.70,3.03,3.03,2.59,4.72,5.34,5.66,4.49,..,anti,.,-0.36,1.05,3.22,5.24,3.82,5.21,4.23,5.55,6.08,0.49,5.71,0.47,6.11,32.70,3.12,C2'-endo
21,20,0.27,U,U,U,0,0,0,1,0,.,,0,,,1.96,3.57,3.80,1.31,4.42,6.03,4.68,3.85,..,anti,.,3.03,4.61,2.57,4.86,3.16,4.76,3.32,4.81,6.17,5.95,0.62,5.58,0.51,40.11,0.48,C3'-endo
22,21,0.29,A,A,A,1,0,0,0,0,.,"8,14",2,"tWS,tSW","tW+m,tm-W",2.48,2.41,4.62,1.43,3.69,5.18,4.80,3.82,BI,anti,.,3.70,4.61,3.40,2.77,3.93,2.72,4.51,2.53,0.04,5.86,0.62,5.67,0.36,36.62,0.27,C3'-endo
23,22,0.30,G,G,G,0,0,1,0,0,),"13,47",2,"cWW,tHW","cW-W,tM-W",4.17,1.83,2.62,1.43,3.62,4.96,4.94,3.23,BI,anti,A,4.30,4.35,3.23,2.76,3.00,3.02,2.67,3.46,6.19,5.99,0.54,5.67,0.45,35.00,0.48,C3'-endo
24,23,0.31,C,C,C,0,1,0,0,0,),"9,12",2,"tHH,cWW","tM+M,cW-W",5.05,3.30,0.72,1.36,3.70,4.80,5.18,3.45,BI,anti,A,4.51,4.65,2.83,3.49,2.94,3.61,3.47,4.09,0.03,5.84,0.67,5.62,0.40,39.91,0.28,C3'-endo
25,24,0.32,U,U,U,0,0,0,1,0,),11,1,cWW,cW-W,5.39,2.88,0.90,1.40,3.89,5.14,5.04,3.47,BI,anti,A,4.31,4.63,3.04,3.98,3.20,3.94,3.77,4.52,0.06,5.83,0.66,5.65,0.37,38.82,0.24,C3'-endo
26,25,0.34,C,C,C,0,1,0,0,0,),10,1,cWW,cW-W,4.82,2.74,1.40,1.35,3.83,5.27,4.84,3.30,BI,anti,.,4.64,4.69,2.78,3.98,3.12,3.97,4.08,4.66,0.02,5.84,0.67,5.61,0.42,40.40,0.30,C3'-endo
27,26,0.35,G,G,G,0,0,1,0,0,.,46,1,cWW,cW-W,4.93,2.84,1.32,1.35,3.86,5.44,4.70,3.03,BI,anti,.,4.67,4.71,2.88,4.23,3.32,4.20,4.50,4.77,0.04,5.82,0.69,5.60,0.40,40.81,0.27,C3'-endo
28,27,0.36,U,U,U,0,0,0,1,0,(,44,1,cWW,cW-W,4.91,3.28,1.11,1.27,3.87,4.85,5.30,3.34,BI,anti,A,4.28,4.47,2.95,3.62,3.33,3.69,4.30,4.32,6.17,5.95,0.63,5.57,0.53,40.98,0.49,C3'-endo
29,28,0.38,C,C,C,0,1,0,0,0,(,43,1,cWW,cW-W,5.43,2.83,0.67,1.27,3.77,4.94,5.11,3.45,BI,anti,A,4.43,4.65,2.74,3.64,2.96,3.67,3.80,4.24,6.28,5.84,0.70,5.56,0.46,42.47,0.33,C3'-endo
30,29,0.39,G,G,G,0,0,1,0,0,(,42,1,cWW,cW-W,5.24,2.97,0.82,1.29,3.78,4.98,5.08,3.27,BI,anti,A,4.68,4.72,2.78,3.66,2.94,3.72,3.77,4.18,0.09,5.75,0.74,5.58,0.38,43.35,0.20,C3'-endo
31,30,0.40,G,G,G,0,0,1,0,0,(,"0,41",2,"tSS,cWW","tm+m,cW-W",5.13,2.83,1.34,1.42,3.81,5.08,5.02,3.22,BI,anti,A,4.64,4.68,3.13,3.87,3.38,3.84,4.07,4.26,0.07,5.82,0.65,5.66,0.35,38.01,0.21,C3'-endo
32,31,0.42,G,G,G,0,0,1,0,0,(,40,1,cWW,cW-W,5.14,3.04,0.92,1.37,3.92,5.04,5.16,3.28,BI,anti,.,4.60,4.66,2.92,3.89,3.18,3.97,3.92,4.70,6.26,5.89,0.64,5.61,0.44,39.16,0.36,C3'-endo
33,32,0.43,C,C,C,0,1,0,0,0,.,39,1,cWW,cW-W,5.19,2.85,1.16,1.34,4.15,5.09,5.35,3.04,..,anti,A,4.65,4.69,3.07,4.13,3.35,4.20,4.36,4.96,0.01,5.84,0.68,5.59,0.43,41.04,0.31,C3'-endo
34,33,0.44,U,U,U,0,0,0,1,0,.,,0,,,5.31,3.01,0.76,1.39,3.82,5.26,4.85,3.48,BI,anti,.,4.32,4.59,2.80,4.50,3.19,3.71,4.29,2.59,6.27,5.90,0.62,5.64,0.42,37.65,0.35,C3'-endo
35,34,0.45,C,C,C,0,1,0,0,0,[,0,1,cWW,cW-W,2.47,2.64,1.21,1.53,4.36,4.85,5.79,2.98,..,anti,.,4.40,4.51,0.25,4.25,0.78,4.21,0.41,4.71,0.06,5.88,0.57,5.73,0.32,33.76,0.23,C3'-endo
36,35,0.47,A,A,A,1,0,0,0,0,[,0,1,cWW,cW-W,5.13,2.84,0.86,1.47,3.59,4.95,4.92,3.38,BI,anti,A,4.49,4.56,2.58,3.69,3.02,3.65,3.97,3.74,0.06,5.86,0.60,5.69,0.34,35.65,0.24,C3'-endo
37,36,0.48,U,U,U,0,0,0,1,0,[,0,1,cWW,cW-W,5.11,2.95,1.11,1.38,3.63,5.04,4.87,3.54,BI,anti,.,4.27,4.53,3.01,4.23,3.20,4.02,3.53,4.57,6.25,5.91,0.62,5.63,0.44,38.19,0.38,C3'-endo
38,37,0.49,A,A,A,1,0,0,0,0,.,,0,,,2.02,3.45,3.77,1.48,4.33,5.07,5.54,3.08,..,anti,.,4.75,4.77,2.96,3.65,3.19,3.87,4.14,4.98,0.13,5.81,0.63,5.72,0.28,36.12,0.12,C3'-endo
39,38,0.51,A,A,A,1,0,0,0,0,.,33,1,cWW,cW-W,5.22,2.73,0.91,1.40,3.99,4.86,5.41,3.22,BI,anti,.,4.67,4.72,2.64,3.96,3.16,4.00,4.56,4.82,0.06,5.82,0.67,5.63,0.37,39.44,0.24,C3'-endo
40,39,0.52,C,C,C,0,1,0,0,0,),32,1,cWW,cW-W,5.47,2.76,0.82,1.41,3.82,4.87,5.23,3.34,BI,anti,A,4.58,4.68,2.92,3.76,3.25,3.79,4.42,4.19,0.07,5.82,0.67,5.65,0.35,39.06,0.22,C3'-endo
41,40,0.53,C,C,C,0,1,0,0,0,),31,1,cWW,cW-W,5.30,2.98,0.85,1.43,3.73,4.92,5.09,3.36,BI,anti,A,4.52,4.62,2.97,3.71,3.17,3.76,3.82,4.12,0.07,5.81,0.67,5.64,0.36,39.15,0.22,C3'-endo
42,41,0.55,C,C,C,0,1,0,0,0,),"0,30",2,"cSS,cWW","cm-m,cW-W",5.09,3.14,0.95,1.44,3.66,4.95,4.99,3.44,BI,anti,A,4.50,4.63,2.95,3.68,3.13,3.67,3.68,4.04,0.05,5.84,0.65,5.65,0.37,38.43,0.25,C3'-endo
43,42,0.56,G,G,G,0,0,1,0,0,),29,1,cWW,cW-W,4.66,3.02,1.31,1.45,4.49,3.70,0.79,3.36,..,anti,A,4.41,4.79,3.02,3.83,3.10,3.85,3.60,4.27,0.09,5.81,0.65,5.67,0.33,38.17,0.19,C3'-endo
44,43,0.57,A,A,A,1,0,0,0,0,),28,1,cWW,cW-W,1.73,4.74,3.15,1.56,4.18,4.56,5.90,3.42,..,anti,.,4.12,4.46,3.04,3.55,3.35,3.52,3.99,4.27,0.03,5.95,0.50,5.79,0.30,29.60,0.27,C3'-endo
45,44,0.58,A,A,A,1,0,0,0,0,.,,0,,,5.48,2.53,0.83,1.54,3.87,4.25,5.90,3.94,..,anti,.,3.29,4.58,2.86,3.75,3.22,3.81,4.21,4.54,0.10,5.85,0.58,5.74,0.28,33.78,0.16,C3'-endo
46,45,0.60,G,G,G,0,0,1,0,0,.,27,1,cWW,cW-W,6.17,2.27,0.65,1.45,4.31,4.53,6.06,4.48,..,anti,.,0.57,4.69,3.34,4.06,3.51,4.15,4.24,4.33,0.05,5.88,0.58,5.71,0.33,34.31,0.25,C3'-endo
47,46,0.61,G,G,G,0,0,1,0,0,.,23,1,tWH,tW-M,5.61,2.97,0.76,1.46,4.32,4.92,5.68,4.24,..,anti,.,1.72,4.63,3.31,3.88,3.43,3.27,3.51,2.59,0.01,5.89,0.60,5.67,0.38,36.15,0.30,C3'-endo
48,47,0.62,U,U,U,0,0,0,1,0,.,,0,,,5.46,4.38,3.08,1.44,3.78,0.93,2.86,3.25,..,anti,.,4.69,4.71,0.03,5.77,0.56,5.42,0.89,4.81,0.13,5.79,0.66,5.68,0.30,38.17,0.14,C3'-endo
49,48,0.64,C,C,C,0,1,0,0,0,.,15,1,tWW,tW+W,4.28,4.06,1.66,2.44,3.64,1.59,2.05,3.66,..,anti,.,2.10,2.17,3.64,1.78,4.71,0.98,5.58,4.59,5.87,0.59,5.74,0.31,0.06,33.98,2.72,C2'-endo
50,49,0.65,G,G,G,0,0,1,0,0,(,66,1,cWW,cW-W,0.74,3.04,0.83,1.43,3.73,4.17,5.85,3.30,..,anti,A,4.28,4.43,5.29,3.78,5.55,3.74,1.98,3.93,6.25,5.93,0.58,5.66,0.41,35.96,0.37,C3'-endo
51,50,0.66,U,U,U,0,0,0,1,0,.,65,1,cWW,cW-W,2.69,4.13,2.81,1.41,4.28,4.96,5.61,3.25,..,anti,.,4.32,4.50,2.84,4.03,3.02,3.97,3.37,4.72,6.21,5.95,0.58,5.65,0.44,36.67,0.43,C3'-endo
52,51,0.68,C,C,C,0,1,0,0,0,(,"64,65",2,"tWH,cWW","tW-M,cW-W",5.30,2.60,0.98,1.35,3.03,4.85,4.46,3.53,BI,anti,A,4.20,4.24,2.59,3.63,3.16,3.77,4.36,4.01,6.17,5.97,0.59,5.61,0.50,38.50,0.49,C3'-endo
53,52,0.69,G,G,G,0,0,1,0,0,(,63,1,cWW,cW-W,3.77,4.40,1.63,2.33,3.46,4.29,5.46,4.00,BI,anti,.,3.08,2.68,2.81,4.11,3.16,3.68,3.58,4.20,5.72,0.70,5.73,0.24,0.20,39.10,2.52,C2'-endo
54,53,0.70,G,G,G,0,0,1,0,0,(,62,1,cWW,cW-W,5.63,2.98,0.34,1.44,3.88,4.19,5.97,3.63,..,anti,.,3.83,4.24,3.00,3.22,3.05,3.27,3.85,3.17,6.07,6.09,0.49,5.66,0.53,35.31,0.66,C4'-exo
55,54,0.71,5MU,t,U,0,0,0,0,1,.,59,1,tHH,tM-M,5.96,2.53,0.13,1.41,3.49,5.44,4.34,3.93,BI,anti,.,3.44,4.39,2.81,3.99,2.81,4.18,2.72,4.95,6.05,6.09,0.50,5.63,0.57,37.20,0.68,C4'-exo
56,55,0.73,U,U,U,0,0,0,1,0,.,19,1,tSW,tm+W,4.82,2.97,1.38,1.47,4.37,5.48,5.18,3.56,..,anti,.,3.85,4.53,3.21,4.78,3.68,3.92,4.61,2.85,6.26,5.94,0.56,5.70,0.38,34.19,0.36,C3'-endo
57,56,0.74,C,C,C,0,1,0,0,0,},20,1,cWW,cW-W,3.44,2.23,0.60,1.48,3.77,5.15,4.90,3.33,BI,anti,A,4.38,4.43,0.18,4.15,0.88,4.09,0.60,4.59,6.22,5.98,0.54,5.69,0.41,33.78,0.43,C3'-endo
58,57,0.75,A,A,A,1,0,0,0,0,.,,0,,,4.97,2.95,1.02,1.42,3.74,4.94,5.08,3.36,BI,anti,.,4.44,4.55,2.78,3.66,3.14,3.86,4.07,4.26,6.25,5.92,0.60,5.65,0.42,37.13,0.37,C3'-endo
59,58,0.77,A,A,A,1,0,0,0,0,.,55,1,tHH,tM-M,5.24,3.50,1.39,2.54,4.30,3.86,0.44,4.61,..,anti,.,1.12,1.38,3.92,4.19,4.25,3.12,4.38,2.30,5.90,0.61,5.69,0.40,6.27,35.94,2.83,C2'-endo
60,59,0.78,A,A,A,1,0,0,0,0,.,15,1,tSW,tm+W,0.82,3.83,1.89,1.56,3.82,5.11,5.00,3.82,BI,anti,.,3.66,4.58,0.30,4.17,0.63,4.17,0.69,4.61,0.06,5.90,0.54,5.77,0.29,31.53,0.22,C3'-endo
61,60,0.79,U,U,U,0,0,0,1,0,.,,0,,,5.15,3.01,1.22,2.37,4.66,5.21,5.74,3.90,..,anti,.,1.05,1.32,3.55,5.37,4.01,5.04,4.57,5.61,5.91,0.54,5.79,0.29,0.05,31.00,2.73,C2'-endo
62,61,0.81,C,C,C,0,1,0,0,0,),54,1,cWW,cW-W,4.85,3.08,0.62,1.39,3.58,4.94,4.92,3.26,BI,anti,A,4.67,4.62,2.00,3.53,2.79,3.66,3.51,4.16,0.02,5.86,0.65,5.64,0.39,38.61,0.29,C3'-endo
63,62,0.82,C,C,C,0,1,0,0,0,),53,1,cWW,cW-W,5.21,3.13,0.95,1.39,4.40,4.53,6.15,3.26,..,anti,.,4.58,4.78,3.25,4.19,3.35,3.96,3.86,3.56,0.09,5.80,0.68,5.64,0.35,39.81,0.20,C3'-endo
64,63,0.83,G,G,G,0,0,1,0,0,.,52,1,tHW,tM-W,1.24,4.32,4.38,1.40,4.31,5.34,5.25,2.99,..,anti,.,4.41,4.49,3.29,3.37,3.23,3.63,3.04,4.90,6.21,5.96,0.59,5.64,0.46,37.12,0.44,C3'-endo
65,64,0.84,G,G,G,0,0,1,0,0,),"51,52",2,"cWW,cWW","cW-W,cW-W",4.64,2.52,1.54,1.39,3.42,4.85,4.85,3.20,BI,anti,A,4.37,4.46,2.41,3.73,3.10,3.65,4.74,4.29,6.28,5.88,0.64,5.63,0.42,38.59,0.33,C3'-endo
66,65,0.86,C,C,C,0,1,0,0,0,),50,1,cWW,cW-W,3.77,3.75,1.87,1.46,3.69,4.90,5.07,3.35,BI,anti,A,4.53,4.58,2.80,3.79,3.04,3.72,3.97,3.87,0.07,5.85,0.62,5.69,0.33,36.43,0.22,C3'-endo
67,66,0.87,C,C,C,0,1,0,0,0,),7,1,cWW,cW-W,5.05,3.19,0.93,1.44,3.27,4.73,4.82,3.43,BI,anti,A,4.34,4.39,2.89,3.87,3.09,3.83,3.55,4.32,0.04,5.87,0.61,5.68,0.36,36.21,0.26,C3'-endo
68,67,0.88,C,C,C,0,1,0,0,0,),6,1,cWW,cW-W,3.18,4.00,2.40,1.33,3.79,5.07,5.00,3.29,BI,anti,A,4.49,4.58,2.76,3.88,3.05,3.78,3.84,4.27,6.24,5.90,0.64,5.61,0.45,39.38,0.38,C3'-endo
69,68,0.90,C,C,C,0,1,0,0,0,),5,1,cWW,cW-W,5.12,3.03,0.87,1.34,3.67,4.93,5.02,3.43,BI,anti,A,4.50,4.64,2.76,3.59,3.04,3.63,3.92,4.13,0.02,5.85,0.67,5.61,0.41,40.08,0.30,C3'-endo
70,69,0.91,C,C,C,0,1,0,0,0,),4,1,cWW,cW-W,5.16,2.93,1.08,1.35,3.85,4.65,5.48,3.31,BI,anti,A,4.62,4.71,2.99,3.58,3.17,3.65,3.87,4.21,0.06,5.80,0.70,5.60,0.39,41.24,0.24,C3'-endo
71,70,0.92,G,G,G,0,0,1,0,0,),3,1,cWW,cW-W,5.53,2.70,0.86,1.47,3.86,4.76,5.39,3.38,BI,anti,.,4.61,4.75,3.05,4.26,3.26,3.99,4.02,3.86,0.15,5.77,0.65,5.70,0.27,37.48,0.09,C3'-endo
72,71,0.94,C,C,C,0,1,0,0,0,),2,1,cWW,cW-W,1.72,3.70,4.05,1.42,4.53,4.46,0.07,3.32,..,anti,.,4.49,4.82,3.04,3.51,3.15,3.47,3.42,3.79,0.14,5.76,0.70,5.65,0.31,40.27,0.13,C3'-endo
73,72,0.95,A,A,A,1,0,0,0,0,.,1,1,cWW,cW-W,1.43,4.21,3.86,1.43,4.17,5.35,5.11,3.07,..,anti,.,4.84,4.83,2.84,3.69,3.02,3.88,3.56,4.95,0.18,5.73,0.70,5.67,0.27,40.18,0.07,C3'-endo
74,73,0.96,A,A,A,1,0,0,0,0,.,,0,,,4.85,3.30,0.99,1.50,3.70,2.18,1.52,3.55,..,anti,.,4.29,4.60,2.71,0.92,3.21,0.94,4.59,1.39,0.06,5.86,0.59,5.70,0.33,35.01,0.23,C3'-endo
75,74,0.97,C,C,C,0,1,0,0,0,{,0,1,cWW,cW-W,4.87,2.49,0.63,1.42,3.83,4.26,5.86,3.27,..,anti,A,4.62,4.66,2.64,3.75,3.05,3.84,3.29,4.13,0.04,5.85,0.64,5.65,0.37,38.17,0.26,C3'-endo
76,75,0.99,C,C,C,0,1,0,0,0,{,0,1,cWW,cW-W,0.24,2.35,0.30,1.46,4.45,5.72,5.01,3.68,..,anti,.,3.43,4.50,3.42,4.66,3.50,4.49,3.80,4.45,6.25,5.94,0.58,5.67,0.41,35.50,0.38,C3'-endo
77,76,1.00,A,A,A,1,0,0,0,0,.,,0,,,4.40,1.28,3.34,2.54,,,,4.53,..,anti,-,,,,,,,,,5.81,0.71,5.63,0.39,0.05,40.43,2.75,C2'-endo
