index_chain,old_nt_resnum,nt_position,nt_name,nt_code,nt_align_code,is_A,is_C,is_G,is_U,is_other,dbn,paired,nb_interact,pair_type_LW,pair_type_DSSR,alpha,beta,gamma,delta,epsilon,zeta,epsilon_zeta,chi,bb_type,glyco_bond,form,ssZp,Dp,eta,theta,eta_prime,theta_prime,eta_base,theta_base,v0,v1,v2,v3,v4,amplitude,phase_angle,puckering
11,1,0.10,U,U,U,0,0,0,1,0,.,,0,,,,3.35,2.69,1.50,4.34,4.81,5.81,1.30,..,syn,.,-0.67,4.28,,3.80,,3.98,,3.48,6.11,6.05,0.53,5.64,0.51,36.20,0.59,C3'-endo
12,2,0.20,U,U,U,0,0,0,1,0,.,,0,,,5.26,3.03,1.15,2.35,4.37,2.64,1.73,3.93,BII,anti,.,1.38,1.39,3.35,2.44,3.84,2.50,3.39,2.60,5.70,0.70,5.74,0.22,0.23,39.39,2.48,C1'-exo
13,3,0.30,U,U,U,0,0,0,1,0,.,,0,,,4.90,2.89,0.75,2.61,5.35,3.64,1.70,4.19,..,anti,.,-0.29,0.18,3.77,5.33,3.81,3.59,3.58,3.00,5.93,0.62,5.64,0.45,6.22,37.57,2.91,C2'-endo
14,4,0.40,U,U,U,0,0,0,1,0,.,,0,,,1.34,2.89,1.54,2.46,4.59,2.75,1.84,3.46,BII,anti,.,0.51,0.99,6.01,2.93,1.33,2.48,1.83,2.26,5.68,0.75,5.67,0.29,0.19,42.46,2.56,C2'-endo
15,5,0.50,U,U,U,0,0,0,1,0,.,,0,,,0.54,2.95,3.89,1.69,3.89,5.26,4.91,3.41,BI,anti,A,4.52,4.72,2.34,3.45,2.03,3.64,1.99,4.38,0.39,5.65,0.63,5.86,0.02,37.47,5.99,C2'-exo
16,6,0.60,U,U,U,0,0,0,1,0,.,,0,,,4.68,2.89,1.36,1.34,3.70,5.16,4.81,3.53,BI,anti,A,4.32,4.64,2.68,3.82,3.15,3.80,4.10,4.40,6.27,5.84,0.71,5.55,0.47,43.11,0.34,C3'-endo
17,7,0.70,U,U,U,0,0,0,1,0,.,,0,,,4.91,3.02,1.23,1.38,3.35,4.76,4.87,3.51,BI,anti,.,4.39,4.51,2.86,3.23,3.23,3.14,4.19,2.86,6.27,5.84,0.71,5.56,0.46,42.77,0.33,C3'-endo
18,8,0.80,U,U,U,0,0,0,1,0,.,,0,,,4.99,2.96,1.19,1.48,3.82,4.50,5.61,3.56,BI,anti,.,4.14,4.50,3.07,3.39,3.08,3.46,2.88,2.82,6.20,5.94,0.61,5.61,0.48,38.92,0.44,C3'-endo
19,9,0.90,U,U,U,0,0,0,1,0,.,,0,,,5.21,3.02,0.81,2.43,3.73,3.67,0.06,4.38,..,anti,.,2.20,2.11,2.93,3.88,3.18,3.61,2.58,3.86,5.71,0.73,5.68,0.29,0.18,41.03,2.57,C2'-endo
20,10,1.00,U,U,U,0,0,0,1,0,.,,0,,,0.98,2.66,0.74,1.49,,,,0.78,n/a,syn,-,,,,,,,,,6.14,6.01,0.56,5.63,0.50,37.17,0.54,C3'-endo
