index_chain,old_nt_resnum,nt_position,nt_name,nt_code,nt_align_code,is_A,is_C,is_G,is_U,is_other,dbn,paired,nb_interact,pair_type_LW,pair_type_DSSR,alpha,beta,gamma,delta,epsilon,zeta,epsilon_zeta,chi,bb_type,glyco_bond,form,ssZp,Dp,eta,theta,eta_prime,theta_prime,eta_base,theta_base,v0,v1,v2,v3,v4,amplitude,phase_angle,puckering
1,1,0.01,U,U,U,0,0,0,1,0,.,,0,,,,2.73,0.95,1.42,3.84,5.12,5.00,3.39,BI,anti,.,4.47,4.62,,4.05,,4.08,,4.87,0.00,5.89,0.60,5.67,0.39,36.46,0.32,C3'-endo
2,2,0.03,U,U,U,0,0,0,1,0,.,,0,,,5.14,2.87,1.07,1.46,4.00,5.02,5.26,3.59,BI,anti,.,4.09,4.58,2.97,4.10,3.36,4.11,4.47,4.78,6.27,5.93,0.56,5.70,0.38,34.35,0.35,C3'-endo
3,3,0.04,U,U,U,0,0,0,1,0,.,,0,,,5.32,2.86,0.88,1.41,4.07,5.17,5.18,4.01,..,anti,.,2.78,4.43,2.95,4.20,3.29,4.39,4.18,4.78,6.14,6.03,0.53,5.66,0.49,35.45,0.56,C3'-endo
4,4,0.06,U,U,U,0,0,0,1,0,.,,0,,,4.96,3.68,1.02,2.55,4.57,5.27,5.58,4.01,..,anti,.,0.82,0.88,3.44,5.64,3.91,5.39,4.21,5.86,5.93,0.60,5.68,0.41,6.25,35.73,2.87,C2'-endo
5,5,0.07,U,U,U,0,0,0,1,0,.,,0,,,5.09,3.35,1.16,1.39,3.77,5.24,4.81,3.30,BI,anti,.,4.63,4.67,2.99,4.04,3.75,4.11,4.07,4.90,0.02,5.86,0.65,5.63,0.40,38.77,0.30,C3'-endo
6,6,0.09,U,U,U,0,0,0,1,0,.,,0,,,5.03,2.91,1.19,1.40,3.94,5.02,5.20,3.35,BI,anti,.,4.51,4.64,2.97,4.00,3.38,4.05,4.53,4.85,0.00,5.89,0.62,5.65,0.40,37.25,0.32,C3'-endo
7,7,0.10,U,U,U,0,0,0,1,0,.,,0,,,5.30,2.80,0.99,1.44,3.98,5.04,5.23,3.56,BI,anti,.,4.15,4.59,2.97,4.09,3.35,4.11,4.45,4.79,6.26,5.93,0.57,5.68,0.39,35.10,0.36,C3'-endo
8,8,0.12,U,U,U,0,0,0,1,0,.,,0,,,5.31,2.88,0.89,1.40,4.06,5.18,5.16,3.96,..,anti,.,2.97,4.46,2.96,4.20,3.30,4.39,4.19,4.79,6.15,6.02,0.53,5.65,0.48,35.73,0.54,C3'-endo
9,9,0.13,U,U,U,0,0,0,1,0,.,,0,,,4.96,3.70,1.03,2.54,4.53,5.31,5.51,4.01,..,anti,.,0.81,0.91,3.44,5.64,3.91,5.39,4.23,5.85,5.93,0.60,5.68,0.41,6.25,35.65,2.87,C2'-endo
10,10,0.14,U,U,U,0,0,0,1,0,.,,0,,,5.14,3.39,1.12,1.38,3.43,4.97,4.75,3.35,BI,anti,.,4.47,4.49,3.02,4.19,3.81,4.15,4.13,4.95,6.27,5.90,0.61,5.65,0.41,37.42,0.35,C3'-endo
11,11,0.16,U,U,U,0,0,0,1,0,.,,0,,,2.81,3.90,2.75,1.35,4.26,4.83,5.72,3.20,..,anti,.,4.59,4.68,2.86,3.94,3.28,4.00,4.47,4.83,0.00,5.88,0.63,5.63,0.41,38.26,0.32,C3'-endo
12,12,0.17,U,U,U,0,0,0,1,0,.,,0,,,5.60,2.60,0.84,1.41,4.01,4.97,5.32,3.55,BI,anti,.,4.14,4.58,2.93,4.08,3.34,4.10,4.47,4.77,6.22,5.95,0.58,5.65,0.44,36.32,0.42,C3'-endo
13,13,0.19,U,U,U,0,0,0,1,0,.,,0,,,5.38,2.82,0.85,1.39,4.07,5.15,5.20,3.99,..,anti,.,2.83,4.46,2.96,4.18,3.28,4.38,4.17,4.77,6.14,6.03,0.54,5.65,0.49,36.20,0.55,C3'-endo
14,14,0.20,U,U,U,0,0,0,1,0,.,,0,,,4.96,3.67,1.05,2.54,4.58,5.27,5.59,4.00,..,anti,.,0.81,0.86,3.46,5.64,3.91,5.39,4.22,5.87,5.92,0.61,5.68,0.41,6.25,36.15,2.86,C2'-endo
15,15,0.22,U,U,U,0,0,0,1,0,.,,0,,,5.12,3.35,1.13,1.38,3.77,5.22,4.84,3.30,BI,anti,.,4.64,4.67,2.98,4.02,3.74,4.10,4.06,4.89,0.02,5.85,0.65,5.63,0.40,38.89,0.29,C3'-endo
16,16,0.23,U,U,U,0,0,0,1,0,.,,0,,,5.07,2.91,1.16,1.40,3.94,5.03,5.19,3.35,BI,anti,.,4.51,4.65,2.98,4.02,3.38,4.07,4.51,4.85,0.01,5.88,0.62,5.65,0.39,37.39,0.31,C3'-endo
17,17,0.25,U,U,U,0,0,0,1,0,.,,0,,,5.31,2.80,1.00,1.45,4.00,5.02,5.26,3.55,BI,anti,.,4.15,4.58,2.99,4.10,3.37,4.12,4.46,4.80,6.25,5.94,0.56,5.69,0.39,34.52,0.37,C3'-endo
18,18,0.26,U,U,U,0,0,0,1,0,.,,0,,,5.33,2.86,0.88,1.40,4.03,5.20,5.11,3.99,BI,anti,.,2.86,4.42,2.95,4.21,3.30,4.39,4.20,4.78,6.13,6.04,0.52,5.66,0.49,35.43,0.57,C3'-endo
19,19,0.28,U,U,U,0,0,0,1,0,.,,0,,,4.91,3.73,1.03,2.54,4.58,5.23,5.63,4.01,..,anti,.,0.76,0.84,3.45,5.61,3.91,5.37,4.22,5.85,5.93,0.60,5.68,0.41,6.24,35.89,2.88,C2'-endo
20,20,0.29,U,U,U,0,0,0,1,0,.,,0,,,5.13,3.34,1.13,1.39,3.78,5.23,4.83,3.31,BI,anti,.,4.63,4.68,3.01,4.04,3.76,4.11,4.07,4.87,0.03,5.85,0.65,5.64,0.39,38.65,0.28,C3'-endo
21,21,0.30,U,U,U,0,0,0,1,0,.,,0,,,5.05,2.92,1.18,1.39,3.93,5.05,5.16,3.36,BI,anti,.,4.52,4.67,2.97,4.01,3.37,4.07,4.50,4.85,0.00,5.88,0.63,5.64,0.40,38.03,0.32,C3'-endo
22,22,0.32,U,U,U,0,0,0,1,0,.,,0,,,5.29,2.82,1.01,1.45,4.00,5.03,5.25,3.54,BI,anti,.,4.17,4.57,3.00,4.11,3.39,4.13,4.47,4.82,6.25,5.94,0.56,5.69,0.39,34.64,0.37,C3'-endo
23,23,0.33,U,U,U,0,0,0,1,0,.,,0,,,5.31,2.88,0.88,1.40,4.01,5.19,5.11,4.02,BI,anti,.,2.78,4.42,2.94,4.17,3.29,4.37,4.20,4.77,6.13,6.04,0.52,5.66,0.49,35.52,0.57,C3'-endo
24,24,0.35,U,U,U,0,0,0,1,0,.,,0,,,4.92,3.72,1.05,2.54,4.57,5.25,5.61,4.01,..,anti,.,0.78,0.88,3.46,5.63,3.91,5.38,4.22,5.87,5.94,0.59,5.68,0.42,6.23,35.43,2.90,C2'-endo
25,25,0.36,U,U,U,0,0,0,1,0,.,,0,,,5.13,3.35,1.11,1.40,3.76,5.23,4.82,3.32,BI,anti,.,4.63,4.67,2.99,4.03,3.75,4.11,4.05,4.87,0.03,5.85,0.65,5.64,0.38,38.41,0.27,C3'-endo
26,26,0.38,U,U,U,0,0,0,1,0,.,,0,,,5.04,2.92,1.18,1.40,3.94,5.01,5.22,3.37,BI,anti,.,4.51,4.66,2.97,4.01,3.37,4.07,4.49,4.86,0.01,5.88,0.63,5.65,0.39,37.66,0.30,C3'-endo
27,27,0.39,U,U,U,0,0,0,1,0,.,,0,,,5.33,2.80,0.99,1.46,3.99,5.02,5.26,3.56,BI,anti,.,4.11,4.56,3.01,4.11,3.39,4.12,4.48,4.80,6.26,5.94,0.56,5.69,0.38,34.39,0.36,C3'-endo
28,28,0.41,U,U,U,0,0,0,1,0,.,,0,,,5.31,2.88,0.87,1.41,4.02,5.21,5.09,4.00,BI,anti,.,2.84,4.44,2.94,4.21,3.28,4.38,4.18,5.30,6.14,6.03,0.52,5.67,0.48,35.05,0.55,C3'-endo
29,29,0.42,U,U,U,0,0,0,1,0,.,,0,,,4.93,3.73,1.03,2.53,4.59,5.23,5.64,0.87,..,syn,.,-0.69,0.86,3.46,5.61,3.92,5.38,4.55,6.00,5.84,0.67,5.66,0.39,0.03,38.59,2.77,C2'-endo
30,30,0.43,U,U,U,0,0,0,1,0,.,,0,,,5.15,3.33,1.11,1.38,3.77,5.23,4.82,3.31,BI,anti,.,4.65,4.69,3.00,4.02,3.76,4.11,3.85,4.89,0.03,5.84,0.66,5.63,0.39,39.25,0.27,C3'-endo
31,31,0.45,U,U,U,0,0,0,1,0,.,,0,,,5.05,2.91,1.18,1.40,3.95,5.01,5.23,3.37,BI,anti,.,4.51,4.67,2.97,4.02,3.38,4.07,4.52,4.86,0.02,5.87,0.63,5.65,0.39,37.71,0.30,C3'-endo
32,32,0.46,U,U,U,0,0,0,1,0,.,,0,,,5.35,2.78,0.99,1.46,4.01,5.02,5.27,3.53,BI,anti,.,4.16,4.55,3.02,4.12,3.40,4.14,4.48,4.82,6.26,5.94,0.56,5.70,0.39,34.20,0.37,C3'-endo
33,33,0.48,U,U,U,0,0,0,1,0,.,,0,,,5.33,2.86,0.85,1.39,3.99,5.17,5.11,4.02,BI,anti,.,2.80,4.44,2.91,4.14,3.26,4.35,4.18,4.75,6.13,6.03,0.53,5.65,0.49,35.89,0.56,C3'-endo
34,34,0.49,U,U,U,0,0,0,1,0,.,,0,,,4.90,3.72,1.08,2.56,4.57,5.28,5.57,3.99,..,anti,.,0.74,0.83,3.47,5.67,3.92,5.41,4.22,5.87,5.93,0.60,5.67,0.43,6.23,36.23,2.89,C2'-endo
35,35,0.51,U,U,U,0,0,0,1,0,.,,0,,,5.12,3.35,1.12,1.37,3.79,5.21,4.87,3.30,BI,anti,.,4.64,4.68,2.98,4.00,3.74,4.09,4.06,4.88,0.02,5.85,0.66,5.62,0.40,39.38,0.29,C3'-endo
36,36,0.52,U,U,U,0,0,0,1,0,.,,0,,,5.08,2.90,1.17,1.41,3.93,5.04,5.17,3.36,BI,anti,.,4.51,4.65,2.98,4.02,3.38,4.07,4.51,4.88,0.01,5.88,0.62,5.65,0.39,37.41,0.31,C3'-endo
37,37,0.54,U,U,U,0,0,0,1,0,.,,0,,,5.29,2.82,1.00,1.47,4.01,5.01,5.28,3.54,BI,anti,.,4.16,4.57,3.00,4.12,3.39,4.14,4.50,4.80,6.28,5.93,0.55,5.71,0.37,33.64,0.34,C3'-endo
38,38,0.55,U,U,U,0,0,0,1,0,.,,0,,,5.32,2.85,0.88,1.40,4.04,5.16,5.17,4.01,BI,anti,.,2.77,4.41,2.94,4.17,3.28,4.36,4.17,4.76,6.13,6.04,0.52,5.66,0.49,35.58,0.57,C3'-endo
39,39,0.57,U,U,U,0,0,0,1,0,.,,0,,,4.94,3.69,1.04,2.55,4.60,5.25,5.64,3.99,..,anti,.,0.75,0.82,3.46,5.65,3.91,5.40,4.21,5.87,5.93,0.60,5.68,0.42,6.24,35.76,2.89,C2'-endo
40,40,0.58,U,U,U,0,0,0,1,0,.,,0,,,5.15,3.32,1.11,1.37,3.79,5.22,4.86,3.30,BI,anti,.,4.65,4.69,2.99,4.01,3.75,4.10,4.06,4.87,0.02,5.85,0.66,5.63,0.40,39.28,0.29,C3'-endo
41,41,0.59,U,U,U,0,0,0,1,0,.,,0,,,5.07,2.90,1.18,1.39,3.98,5.00,5.26,3.33,BI,anti,.,4.55,4.67,2.99,4.01,3.38,4.08,4.51,4.88,0.01,5.87,0.63,5.64,0.39,37.97,0.30,C3'-endo
42,42,0.61,U,U,U,0,0,0,1,0,.,,0,,,5.36,2.78,0.97,1.45,4.00,5.01,5.27,3.50,BI,anti,.,4.25,4.59,3.00,4.10,3.38,4.12,4.49,4.79,6.28,5.92,0.57,5.69,0.38,34.57,0.34,C3'-endo
43,43,0.62,U,U,U,0,0,0,1,0,.,,0,,,5.33,2.86,0.87,1.41,4.03,5.18,5.14,4.01,BI,anti,.,2.81,4.44,2.95,4.19,3.29,4.38,4.19,4.78,6.14,6.03,0.53,5.66,0.48,35.51,0.55,C3'-endo
44,44,0.64,U,U,U,0,0,0,1,0,.,,0,,,4.95,3.71,1.03,2.55,4.54,5.30,5.52,4.00,..,anti,.,0.77,0.90,3.46,5.65,3.91,5.40,4.23,5.86,5.95,0.59,5.68,0.42,6.23,35.46,2.91,C2'-endo
45,45,0.65,U,U,U,0,0,0,1,0,.,,0,,,5.07,3.40,1.16,1.38,3.76,5.25,4.80,3.31,BI,anti,.,4.62,4.67,3.00,4.02,3.76,4.10,4.07,4.89,0.02,5.86,0.65,5.63,0.40,38.89,0.30,C3'-endo
46,46,0.67,U,U,U,0,0,0,1,0,.,,0,,,5.02,2.91,1.20,1.39,3.94,5.05,5.18,3.34,BI,anti,.,4.51,4.64,2.97,4.02,3.38,4.07,4.52,4.87,0.00,5.88,0.63,5.64,0.40,37.80,0.32,C3'-endo
47,47,0.68,U,U,U,0,0,0,1,0,.,,0,,,5.28,2.82,1.02,1.46,4.01,5.00,5.29,3.52,BI,anti,.,4.18,4.56,3.00,4.10,3.39,4.13,4.49,4.83,6.26,5.94,0.56,5.70,0.38,34.28,0.36,C3'-endo
48,48,0.70,U,U,U,0,0,0,1,0,.,,0,,,5.34,2.84,0.87,1.41,4.01,5.20,5.09,4.01,BI,anti,.,2.83,4.44,2.93,4.20,3.29,4.38,4.22,4.77,6.15,6.03,0.53,5.66,0.48,35.43,0.55,C3'-endo
49,49,0.71,U,U,U,0,0,0,1,0,.,,0,,,4.93,3.72,1.03,2.55,4.52,5.32,5.48,4.00,..,anti,.,0.84,0.92,3.43,5.65,3.89,5.41,4.21,5.85,5.93,0.60,5.67,0.42,6.23,35.99,2.89,C2'-endo
50,50,0.72,U,U,U,0,0,0,1,0,.,,0,,,5.16,3.41,1.07,1.37,3.39,4.91,4.76,3.37,BI,anti,.,4.48,4.50,3.00,4.12,3.79,4.12,4.13,4.93,6.28,5.88,0.63,5.63,0.41,38.38,0.33,C3'-endo
51,51,0.74,U,U,U,0,0,0,1,0,.,,0,,,2.86,4.04,2.67,1.31,4.23,4.87,5.65,3.17,..,anti,.,4.61,4.67,2.87,4.00,3.29,4.02,4.47,4.81,6.27,5.88,0.65,5.61,0.43,39.58,0.35,C3'-endo
52,52,0.75,U,U,U,0,0,0,1,0,.,,0,,,5.56,2.67,0.87,1.42,4.01,4.98,5.32,3.52,BI,anti,.,4.18,4.56,2.96,4.08,3.35,4.12,4.47,4.87,6.22,5.96,0.57,5.66,0.43,35.85,0.42,C3'-endo
53,53,0.77,U,U,U,0,0,0,1,0,.,,0,,,5.37,2.85,0.85,1.41,4.00,5.17,5.11,4.05,BI,anti,.,2.71,4.44,2.95,4.16,3.29,4.35,4.25,4.74,6.15,6.02,0.53,5.66,0.48,35.35,0.54,C3'-endo
54,54,0.78,U,U,U,0,0,0,1,0,.,,0,,,4.94,3.71,1.04,2.57,4.55,5.28,5.55,4.00,..,anti,.,0.75,0.86,3.46,5.65,3.91,5.39,4.21,5.84,5.95,0.59,5.67,0.44,6.21,36.02,2.92,C2'-endo
55,55,0.80,U,U,U,0,0,0,1,0,.,,0,,,5.13,3.37,1.11,1.38,3.77,5.24,4.81,3.34,BI,anti,.,4.62,4.68,3.00,4.03,3.76,4.11,4.08,4.90,0.02,5.85,0.65,5.63,0.40,39.12,0.29,C3'-endo
56,56,0.81,U,U,U,0,0,0,1,0,.,,0,,,5.03,2.91,1.20,1.40,3.94,5.05,5.17,3.35,BI,anti,.,4.53,4.65,2.97,4.03,3.38,4.07,4.53,4.84,0.00,5.88,0.63,5.64,0.40,37.84,0.32,C3'-endo
57,57,0.83,U,U,U,0,0,0,1,0,.,,0,,,5.29,2.82,1.01,1.44,4.01,5.02,5.28,3.53,BI,anti,.,4.17,4.56,3.00,4.09,3.38,4.12,4.46,4.86,6.25,5.95,0.56,5.69,0.40,34.66,0.38,C3'-endo
58,58,0.84,U,U,U,0,0,0,1,0,.,,0,,,5.31,2.84,0.90,1.41,4.09,5.15,5.23,4.01,..,anti,.,2.73,4.44,2.95,4.19,3.30,4.38,4.26,4.78,6.14,6.03,0.53,5.66,0.48,35.47,0.55,C3'-endo
59,59,0.86,U,U,U,0,0,0,1,0,.,,0,,,5.01,3.67,1.00,2.56,4.58,5.25,5.61,3.98,..,anti,.,0.76,0.86,3.46,5.61,3.91,5.37,4.22,5.83,5.95,0.59,5.68,0.43,6.22,35.54,2.92,C2'-endo
60,60,0.87,U,U,U,0,0,0,1,0,.,,0,,,5.15,3.35,1.12,1.38,3.76,5.26,4.78,3.33,BI,anti,.,4.63,4.68,3.02,4.03,3.78,4.11,4.09,4.90,0.03,5.84,0.66,5.63,0.39,39.22,0.28,C3'-endo
61,61,0.88,U,U,U,0,0,0,1,0,.,,0,,,5.01,2.93,1.21,1.39,3.99,4.99,5.27,3.35,BI,anti,.,4.52,4.67,2.98,4.01,3.39,4.07,4.53,4.83,0.01,5.87,0.63,5.64,0.40,38.05,0.31,C3'-endo
62,62,0.90,U,U,U,0,0,0,1,0,.,,0,,,5.36,2.77,0.98,1.44,4.00,5.03,5.26,3.52,BI,anti,.,4.20,4.57,3.00,4.10,3.38,4.13,4.44,4.88,6.25,5.94,0.57,5.68,0.40,35.05,0.38,C3'-endo
63,63,0.91,U,U,U,0,0,0,1,0,.,,0,,,5.30,2.87,0.90,1.42,4.05,5.16,5.18,3.99,BI,anti,.,2.88,4.46,2.94,4.20,3.30,4.38,4.27,4.77,6.16,6.02,0.53,5.67,0.47,35.03,0.52,C3'-endo
64,64,0.93,U,U,U,0,0,0,1,0,.,,0,,,4.94,3.70,1.04,2.54,4.56,5.27,5.57,4.00,..,anti,.,0.76,0.88,3.46,5.62,3.90,5.37,4.21,5.83,5.95,0.59,5.68,0.42,6.23,35.34,2.91,C2'-endo
65,65,0.94,U,U,U,0,0,0,1,0,.,,0,,,5.12,3.37,1.13,1.37,3.76,5.28,4.76,3.33,BI,anti,.,4.64,4.69,3.01,4.05,3.76,4.13,4.08,4.93,0.02,5.85,0.66,5.62,0.41,39.76,0.29,C3'-endo
66,66,0.96,U,U,U,0,0,0,1,0,.,,0,,,5.00,2.92,1.23,1.39,3.99,5.01,5.27,3.35,BI,anti,.,4.52,4.66,2.99,4.03,3.41,4.08,4.57,4.84,0.01,5.88,0.63,5.64,0.40,38.06,0.32,C3'-endo
67,67,0.97,U,U,U,0,0,0,1,0,.,,0,,,5.36,2.76,0.99,1.42,4.01,5.02,5.27,3.51,BI,anti,.,4.19,4.55,3.00,4.08,3.38,4.11,4.44,4.88,6.23,5.95,0.57,5.67,0.42,35.44,0.41,C3'-endo
68,68,0.99,U,U,U,0,0,0,1,0,.,,0,,,5.30,2.83,0.93,1.41,3.96,5.18,5.06,3.98,BI,anti,.,3.00,4.44,2.92,4.38,3.29,4.41,4.28,4.81,6.15,6.02,0.53,5.66,0.48,35.47,0.54,C3'-endo
69,69,1.00,U,U,U,0,0,0,1,0,.,,0,,,4.35,4.05,0.87,1.47,,,,3.75,n/a,anti,-,,,,,,,,,6.26,5.95,0.55,5.70,0.38,33.69,0.37,C3'-endo
