index_chain,old_nt_resnum,nt_position,nt_name,nt_code,nt_align_code,is_A,is_C,is_G,is_U,is_other,dbn,paired,nb_interact,pair_type_LW,pair_type_DSSR,alpha,beta,gamma,delta,epsilon,zeta,epsilon_zeta,chi,bb_type,glyco_bond,form,ssZp,Dp,eta,theta,eta_prime,theta_prime,eta_base,theta_base,v0,v1,v2,v3,v4,amplitude,phase_angle,puckering
1,5,0.10,G,G,G,0,0,1,0,0,.,,0,,,,4.03,2.78,2.72,4.92,3.94,0.98,1.28,..,syn,.,0.28,0.84,,3.45,,3.68,,3.83,6.11,0.50,5.66,0.54,6.05,35.49,3.20,C3'-exo
2,6,0.20,C,C,C,0,1,0,0,0,),0,1,cWW,cW-W,4.64,3.02,1.19,1.49,3.48,5.07,4.69,3.73,BI,anti,A,3.93,4.43,3.12,3.73,3.42,3.64,3.21,4.07,0.03,5.89,0.58,5.71,0.34,34.30,0.27,C3'-endo
3,7,0.30,G,G,G,0,0,1,0,0,),0,1,cWW,cW-W,5.08,2.91,1.06,1.41,3.15,4.75,4.68,3.54,BI,anti,A,4.25,4.35,2.87,3.76,3.20,3.63,3.97,4.02,0.02,5.88,0.62,5.66,0.38,36.95,0.30,C3'-endo
4,8,0.40,A,A,A,1,0,0,0,0,),0,1,cWW,cW-W,3.07,3.89,2.51,1.45,4.40,4.56,6.12,3.06,..,anti,A,4.57,4.61,2.95,3.83,3.15,3.80,3.79,4.25,6.28,5.91,0.59,5.67,0.39,35.91,0.33,C3'-endo
5,9,0.50,U,U,U,0,0,0,1,0,),0,1,cWW,cW-W,5.31,2.53,0.97,1.41,3.68,4.92,5.05,3.34,BI,anti,A,4.48,4.52,2.74,3.74,3.07,3.68,3.85,4.08,6.22,5.95,0.58,5.65,0.44,36.34,0.42,C3'-endo
6,10,0.60,G,G,G,0,0,1,0,0,),0,1,cWW,cW-W,5.31,2.80,0.98,1.42,3.74,4.88,5.14,3.30,BI,anti,A,4.43,4.47,3.01,3.69,3.26,3.69,3.95,4.15,6.19,5.98,0.56,5.65,0.45,35.94,0.46,C3'-endo
7,11,0.70,U,U,U,0,0,0,1,0,),0,1,cWW,cW-W,5.29,2.87,0.87,1.43,3.76,5.00,5.04,3.37,BI,anti,A,4.41,4.50,2.93,3.78,3.16,3.77,3.87,4.27,6.23,5.94,0.59,5.65,0.44,36.70,0.41,C3'-endo
8,12,0.80,G,G,G,0,0,1,0,0,),0,1,cWW,cW-W,4.94,2.81,1.20,1.42,3.50,4.97,4.82,3.30,BI,anti,A,4.47,4.47,2.78,3.60,3.11,3.55,3.93,3.90,6.23,5.93,0.60,5.64,0.44,37.23,0.40,C3'-endo
9,13,0.90,U,U,U,0,0,0,1,0,),0,1,cWW,cW-W,5.05,3.05,1.08,1.48,4.34,4.90,5.72,3.34,..,anti,A,4.21,4.47,3.20,3.98,3.32,3.88,3.80,4.17,6.22,5.97,0.55,5.68,0.41,34.51,0.42,C3'-endo
10,14,1.00,G,G,G,0,0,1,0,0,),0,1,cWW,cW-W,4.62,2.14,1.80,1.33,,,,3.18,n/a,anti,-,,,,,,,,,6.26,5.87,0.66,5.59,0.45,40.40,0.35,C3'-endo
