index_chain,old_nt_resnum,nt_position,nt_name,nt_code,nt_align_code,is_A,is_C,is_G,is_U,is_other,dbn,paired,nb_interact,pair_type_LW,pair_type_DSSR,alpha,beta,gamma,delta,epsilon,zeta,epsilon_zeta,chi,bb_type,glyco_bond,form,ssZp,Dp,eta,theta,eta_prime,theta_prime,eta_base,theta_base,v0,v1,v2,v3,v4,amplitude,phase_angle,puckering
1,2,0.09,G,G,G,0,0,1,0,0,(,0,1,cWW,cW-W,,3.72,5.27,1.44,3.83,4.94,5.18,3.20,BI,anti,A,4.68,4.70,,2.97,,3.29,,4.06,0.09,5.82,0.63,5.69,0.32,36.83,0.18,C3'-endo
2,3,0.18,C,C,C,0,1,0,0,0,(,0,1,cWW,cW-W,5.17,3.06,0.91,1.42,3.64,5.13,4.80,3.36,BI,anti,A,4.57,4.65,2.93,3.82,3.17,3.83,3.87,4.26,0.11,5.80,0.66,5.67,0.31,38.09,0.16,C3'-endo
3,4,0.27,C,C,C,0,1,0,0,0,(,0,1,cWW,cW-W,5.13,3.15,0.90,1.39,3.63,5.08,4.84,3.46,BI,anti,A,4.47,4.62,2.92,3.71,3.16,3.74,3.87,4.06,0.06,5.83,0.65,5.65,0.36,38.47,0.24,C3'-endo
4,5,0.36,U,U,U,0,0,0,1,0,(,0,1,cWW,cW-W,5.19,3.09,0.97,1.36,3.72,4.83,5.17,3.48,BI,anti,.,4.29,4.54,3.03,3.52,3.23,3.67,3.74,4.94,0.00,5.88,0.64,5.63,0.41,38.46,0.32,C3'-endo
5,6,0.45,G,G,G,0,0,1,0,0,.,,0,,,5.45,3.12,0.95,2.44,4.42,1.89,2.53,1.05,..,syn,.,-1.41,1.30,3.55,2.35,3.83,1.81,4.93,0.43,5.80,0.68,5.69,0.33,0.09,38.19,2.68,C2'-endo
6,7,0.55,C,C,C,0,1,0,0,0,.,,0,,,0.88,2.56,1.50,1.36,4.18,5.29,5.17,3.30,..,anti,.,4.62,4.75,6.03,4.31,5.97,4.04,1.07,3.60,0.03,5.86,0.65,5.63,0.39,38.67,0.29,C3'-endo
7,8,0.64,U,U,U,0,0,0,1,0,.,,0,,,5.11,3.21,3.21,1.38,4.42,4.92,5.78,3.30,..,anti,.,4.47,4.69,5.24,3.56,5.47,3.87,5.48,4.07,6.28,5.89,0.63,5.64,0.41,38.04,0.33,C3'-endo
8,9,0.73,U,U,U,0,0,0,1,0,.,,0,,,5.22,3.86,0.79,2.47,4.91,4.26,0.65,4.45,..,anti,.,0.38,0.42,3.75,4.75,3.98,4.69,4.05,5.21,5.83,0.67,5.67,0.37,0.05,38.12,2.74,C2'-endo
9,10,0.82,U,U,U,0,0,0,1,0,.,,0,,,4.76,3.06,1.21,2.52,4.01,1.49,2.52,3.84,..,anti,.,1.67,1.66,2.95,2.00,3.71,1.84,4.00,2.52,5.93,0.58,5.70,0.40,6.25,34.77,2.87,C2'-endo
10,11,0.91,U,U,U,0,0,0,1,0,.,,0,,,0.57,2.21,0.21,1.39,3.29,5.12,4.45,3.32,BI,anti,.,3.84,4.04,3.98,4.19,3.80,4.28,3.39,5.46,6.11,6.06,0.51,5.66,0.51,35.59,0.60,C3'-endo
11,12,1.00,G,G,G,0,0,1,0,0,.,,0,,,2.98,3.68,2.75,2.61,,,,3.87,..,anti,-,,,,,,,,,5.98,0.57,5.67,0.46,6.18,35.67,2.98,C2'-endo
