index_chain,old_nt_resnum,nt_position,nt_name,nt_code,nt_align_code,is_A,is_C,is_G,is_U,is_other,dbn,paired,nb_interact,pair_type_LW,pair_type_DSSR,alpha,beta,gamma,delta,epsilon,zeta,epsilon_zeta,chi,bb_type,glyco_bond,form,ssZp,Dp,eta,theta,eta_prime,theta_prime,eta_base,theta_base,v0,v1,v2,v3,v4,amplitude,phase_angle,puckering
1,2,0.03,G,G,G,0,0,1,0,0,(,0,1,cWW,cW-W,,2.89,0.27,1.42,3.99,4.82,5.45,3.03,BI,anti,A,4.81,4.79,,3.78,,3.94,,4.50,0.11,5.80,0.65,5.68,0.31,37.61,0.15,C3'-endo
2,3,0.05,U,U,U,0,0,0,1,0,.,,0,,,5.43,2.88,0.92,1.41,3.53,5.10,4.71,3.17,BI,anti,.,4.51,4.57,3.00,3.71,3.30,3.71,4.08,3.86,0.05,5.84,0.64,5.66,0.36,37.83,0.24,C3'-endo
3,4,0.08,U,U,U,0,0,0,1,0,(,0,1,cWW,cW-W,5.11,3.44,0.78,1.43,3.73,4.80,5.21,3.51,BI,anti,A,4.30,4.56,3.08,3.59,3.18,3.65,3.47,3.94,0.01,5.90,0.59,5.68,0.37,35.46,0.31,C3'-endo
4,5,0.11,A,A,A,1,0,0,0,0,(,0,1,cWW,cW-W,5.45,2.79,0.71,1.29,1.16,1.60,5.85,3.52,..,anti,.,2.90,3.03,3.33,4.44,3.55,4.10,3.93,4.65,6.28,5.88,0.64,5.62,0.42,38.74,0.33,C3'-endo
5,6,0.13,A,A,A,1,0,0,0,0,(,0,1,cWW,cW-W,0.71,3.65,3.22,1.40,4.24,3.65,0.59,3.57,..,anti,.,4.06,4.77,2.22,3.05,2.73,3.08,3.63,2.88,0.05,5.85,0.64,5.65,0.37,38.15,0.26,C3'-endo
6,7,0.16,G,G,G,0,0,1,0,0,(,0,1,cWW,cW-W,1.42,5.11,4.08,1.47,3.75,5.03,5.00,3.38,BI,anti,A,4.39,4.53,4.48,2.54,4.15,2.99,3.88,3.77,0.02,5.90,0.58,5.70,0.36,34.65,0.30,C3'-endo
7,8,0.18,U,U,U,0,0,0,1,0,(,0,1,cWW,cW-W,5.23,2.95,0.80,1.37,3.73,4.89,5.12,3.58,BI,anti,A,4.26,4.66,2.81,3.66,3.10,3.70,4.00,4.22,0.02,5.85,0.66,5.62,0.41,39.37,0.30,C3'-endo
8,9,0.21,C,C,C,0,1,0,0,0,(,0,1,cWW,cW-W,5.34,3.01,0.77,1.40,3.80,4.96,5.12,3.18,BI,anti,A,4.66,4.67,2.96,3.77,3.11,3.85,3.82,4.22,0.03,5.86,0.63,5.65,0.38,37.77,0.28,C3'-endo
9,10,0.24,U,U,U,0,0,0,1,0,(,0,1,cWW,cW-W,5.26,3.10,0.86,1.44,4.03,4.82,5.49,3.31,BI,anti,.,4.42,4.54,3.09,3.87,3.26,4.09,3.78,4.89,6.24,5.94,0.57,5.67,0.41,35.47,0.39,C3'-endo
10,11,0.26,G,G,G,0,0,1,0,0,.,,0,,,5.33,2.82,1.13,2.51,3.57,2.15,1.42,3.96,..,anti,.,2.34,2.21,2.92,2.27,3.66,1.62,4.60,1.82,5.94,0.56,5.73,0.37,6.26,33.15,2.85,C2'-endo
11,12,0.29,G,G,G,0,0,1,0,0,(,0,1,cWW,cW-W,1.08,4.00,5.03,1.54,3.02,4.94,4.36,4.11,BI,anti,.,2.90,3.73,4.49,2.79,4.07,2.84,3.65,3.14,6.18,6.06,0.45,5.76,0.40,29.68,0.53,C3'-endo
12,13,0.32,U,U,U,0,0,0,1,0,(,0,1,cWW,cW-W,2.53,3.40,3.02,1.43,3.90,4.71,5.48,3.35,BI,anti,A,4.47,4.59,2.72,3.34,2.81,3.41,3.25,3.86,6.26,5.92,0.59,5.66,0.41,36.39,0.36,C3'-endo
13,14,0.34,U,U,U,0,0,0,1,0,(,0,1,cWW,cW-W,5.79,2.75,0.36,1.34,3.21,4.81,4.68,3.57,BI,anti,A,4.24,4.39,2.77,3.71,3.03,3.69,3.71,4.07,6.26,5.89,0.65,5.61,0.44,39.56,0.36,C3'-endo
14,15,0.37,U,U,U,0,0,0,1,0,(,0,1,cWW,cW-W,3.07,3.79,2.64,1.39,4.43,4.37,0.06,3.31,..,anti,B,4.25,4.52,3.03,3.69,3.19,3.75,3.71,4.50,6.23,5.94,0.58,5.66,0.42,36.12,0.40,C3'-endo
15,16,0.39,C,C,C,0,1,0,0,0,(,0,1,cWW,cW-W,5.73,2.33,0.70,1.35,4.24,4.94,5.59,3.69,..,anti,.,3.68,4.68,2.89,4.20,3.16,4.34,4.07,4.43,6.24,5.90,0.64,5.61,0.45,39.24,0.38,C3'-endo
16,17,0.42,C,C,C,0,1,0,0,0,.,,0,,,5.12,3.46,0.87,2.55,3.71,2.41,1.30,4.48,..,anti,.,1.92,1.90,2.96,1.64,3.45,1.26,3.68,1.45,5.86,0.65,5.66,0.40,0.01,37.92,2.80,C2'-endo
17,18,0.45,C,C,C,0,1,0,0,0,(,0,1,cWW,cW-W,4.55,1.19,2.99,1.34,3.65,5.15,4.78,3.47,BI,anti,A,4.43,4.62,4.06,2.53,3.76,2.97,3.62,3.52,6.27,5.87,0.66,5.60,0.44,39.97,0.34,C3'-endo
18,19,0.47,U,U,U,0,0,0,1,0,(,0,1,cWW,cW-W,4.88,3.44,0.77,1.39,3.59,5.06,4.81,3.43,BI,anti,A,4.49,4.60,2.79,3.64,2.94,3.72,3.56,4.20,0.01,5.87,0.64,5.63,0.41,38.47,0.31,C3'-endo
19,20,0.50,C,C,C,0,1,0,0,0,(,0,1,cWW,cW-W,5.16,3.08,0.90,1.38,3.63,5.08,4.83,3.46,BI,anti,A,4.38,4.55,2.93,3.72,3.15,3.75,3.80,4.22,6.27,5.89,0.63,5.63,0.41,38.08,0.34,C3'-endo
20,21,0.53,C,C,C,0,1,0,0,0,(,0,1,cWW,cW-W,5.11,3.11,0.90,1.38,3.74,4.96,5.06,3.62,BI,anti,A,4.13,4.61,2.91,3.70,3.12,3.74,3.80,4.33,0.02,5.86,0.64,5.63,0.40,38.59,0.29,C3'-endo
21,22,0.55,A,A,A,1,0,0,0,0,(,0,1,cWW,cW-W,5.22,2.86,0.93,1.36,4.38,4.98,5.69,3.60,..,anti,.,3.88,4.84,3.00,4.34,3.19,4.50,3.94,4.84,0.07,5.80,0.69,5.61,0.38,40.67,0.23,C3'-endo
22,23,0.58,G,G,G,0,0,1,0,0,.,,0,,,4.84,3.44,1.15,2.58,4.02,2.08,1.94,4.19,..,anti,.,1.53,1.55,2.95,1.53,3.54,1.12,4.01,1.33,5.89,0.64,5.66,0.41,6.27,37.40,2.83,C2'-endo
23,24,0.61,G,G,G,0,0,1,0,0,(,0,1,cWW,cW-W,4.30,1.42,3.00,1.41,3.62,5.04,4.86,3.38,BI,anti,A,4.53,4.59,4.05,2.52,3.86,2.93,3.79,3.35,0.02,5.88,0.61,5.66,0.38,36.69,0.30,C3'-endo
24,25,0.63,G,G,G,0,0,1,0,0,(,0,1,cWW,cW-W,4.88,3.23,0.98,1.43,3.63,5.14,4.77,3.46,BI,anti,A,4.41,4.55,2.85,3.83,3.03,3.85,3.51,4.53,0.00,5.90,0.60,5.67,0.39,36.34,0.32,C3'-endo
25,26,0.66,U,U,U,0,0,0,1,0,(,0,1,cWW,cW-W,4.92,3.05,1.07,1.38,3.89,4.33,5.84,3.44,..,anti,A,4.50,4.74,2.84,3.68,3.12,3.72,4.09,3.94,0.08,5.80,0.68,5.63,0.36,39.81,0.21,C3'-endo
26,27,0.68,A,A,A,1,0,0,0,0,(,0,1,cWW,cW-W,0.18,2.40,0.07,1.39,3.55,5.03,4.80,3.71,BI,anti,A,4.01,4.54,2.92,3.65,3.05,3.71,3.43,4.16,6.28,5.88,0.63,5.63,0.41,38.20,0.33,C3'-endo
27,28,0.71,U,U,U,0,0,0,1,0,(,0,1,cWW,cW-W,5.01,2.87,1.21,1.42,4.34,5.10,5.52,3.50,..,anti,.,4.12,4.64,3.12,4.37,3.29,4.52,3.86,5.22,6.26,5.92,0.60,5.65,0.41,36.65,0.37,C3'-endo
28,29,0.74,C,C,C,0,1,0,0,0,.,,0,,,5.13,3.23,1.02,2.56,3.55,2.32,1.23,4.29,..,anti,.,2.14,2.10,2.78,1.65,3.57,1.19,4.45,1.28,5.95,0.57,5.70,0.40,6.24,34.23,2.89,C2'-endo
29,30,0.76,U,U,U,0,0,0,1,0,(,0,1,cWW,cW-W,4.79,1.15,3.23,1.48,4.13,4.60,5.81,3.26,..,anti,.,4.36,4.49,4.38,2.82,4.15,3.00,4.05,3.27,6.25,5.96,0.53,5.71,0.38,33.03,0.39,C3'-endo
30,31,0.79,A,A,A,1,0,0,0,0,(,0,1,cWW,cW-W,1.34,3.76,4.15,1.62,3.83,5.27,4.85,3.37,BI,anti,.,4.34,4.52,2.86,3.44,3.01,3.66,3.42,4.56,0.15,5.86,0.52,5.83,0.20,29.98,0.05,C3'-endo
31,32,0.82,A,A,A,1,0,0,0,0,(,0,1,cWW,cW-W,4.78,2.98,1.27,1.47,3.48,5.39,4.37,3.52,BI,anti,.,4.21,4.39,2.73,4.55,3.27,4.23,4.42,3.94,6.25,5.94,0.57,5.68,0.40,35.28,0.38,C3'-endo
32,33,0.84,G,G,G,0,0,1,0,0,(,0,1,cWW,cW-W,1.88,2.86,4.09,2.48,,,,4.35,n/a,anti,-,,,,,,,,,5.80,0.69,5.67,0.35,0.08,38.98,2.69,C2'-endo
33,not resolved,0.87,-,-,-,0,0,0,0,1,,,0,,,,,,,,,,,,,,,,,,,,,,,,,,,,,
34,not resolved,0.89,-,-,-,0,0,0,0,1,,,0,,,,,,,,,,,,,,,,,,,,,,,,,,,,,
35,36,0.92,U,U,U,0,0,0,1,0,(,0,1,cWW,cW-W,,,3.42,1.39,3.48,5.01,4.76,3.46,BI,anti,A,4.45,4.55,,,,,,,0.02,5.86,0.65,5.63,0.40,39.00,0.30,C3'-endo
36,37,0.95,U,U,U,0,0,0,1,0,(,0,1,cWW,cW-W,4.64,3.46,1.07,1.43,3.36,4.96,4.68,3.54,BI,anti,.,4.33,4.48,2.84,4.03,2.96,3.87,3.38,4.14,0.04,5.86,0.63,5.66,0.36,37.19,0.26,C3'-endo
37,38,0.97,G,G,G,0,0,1,0,0,(,0,1,cWW,cW-W,2.70,3.56,3.01,1.38,4.23,3.98,0.25,3.15,..,anti,A,4.67,4.73,2.87,3.54,3.10,3.66,3.69,4.18,0.03,5.85,0.65,5.64,0.39,38.50,0.28,C3'-endo
38,39,1.00,A,A,A,1,0,0,0,0,(,0,1,cWW,cW-W,1.99,4.55,3.48,2.56,,,,3.38,n/a,anti,-,,,,,,,,,5.89,0.64,5.65,0.42,6.26,37.84,2.85,C2'-endo
