index_chain,old_nt_resnum,nt_position,nt_name,nt_code,nt_align_code,is_A,is_C,is_G,is_U,is_other,dbn,paired,nb_interact,pair_type_LW,pair_type_DSSR,alpha,beta,gamma,delta,epsilon,zeta,epsilon_zeta,chi,bb_type,glyco_bond,form,ssZp,Dp,eta,theta,eta_prime,theta_prime,eta_base,theta_base,v0,v1,v2,v3,v4,amplitude,phase_angle,puckering
1,1,0.01,G,G,G,0,0,1,0,0,(,124,1,cWW,cW-W,,2.98,0.87,1.42,3.81,5.11,4.98,3.19,BI,anti,A,4.72,4.72,,3.92,,3.96,,4.14,0.11,5.80,0.65,5.68,0.31,37.89,0.16,C3'-endo
2,2,0.02,G,G,G,0,0,1,0,0,(,123,1,cWW,cW-W,5.02,3.52,0.67,1.48,3.38,4.95,4.71,3.79,BI,anti,.,3.88,4.43,2.83,3.44,3.03,3.51,3.43,4.15,0.06,5.87,0.59,5.71,0.32,34.74,0.22,C3'-endo
3,3,0.02,U,U,U,0,0,0,1,0,(,122,1,cWW,cW-W,5.28,2.79,1.10,1.49,5.71,3.23,2.48,3.84,BII,anti,.,1.95,3.97,3.71,4.22,3.77,3.49,4.37,3.37,0.08,5.86,0.59,5.73,0.30,34.31,0.19,C3'-endo
4,4,0.03,A,A,A,1,0,0,0,0,.,22,1,tWS,tW+m,1.32,3.88,0.59,2.48,4.73,4.05,0.67,4.93,..,anti,.,0.21,1.05,6.21,4.82,0.64,4.67,0.34,5.95,5.93,0.56,5.74,0.36,6.28,32.92,2.83,C2'-endo
5,5,0.04,C,C,C,0,1,0,0,0,(,121,1,cWW,cW-W,3.72,3.60,3.02,1.47,4.10,4.93,5.45,3.06,..,anti,.,4.69,4.72,3.87,3.64,4.19,3.71,3.48,4.00,0.10,5.84,0.60,5.72,0.29,35.09,0.16,C3'-endo
6,6,0.05,G,G,G,0,0,1,0,0,(,120,1,cWW,cW-W,5.08,2.72,1.38,1.35,4.01,4.50,5.79,3.18,..,anti,A,4.56,4.62,3.03,3.46,3.37,3.48,3.91,3.87,6.23,5.92,0.62,5.61,0.46,38.79,0.41,C3'-endo
7,7,0.06,G,G,G,0,0,1,0,0,(,119,1,cWW,cW-W,5.41,2.75,0.83,1.38,3.72,5.02,4.99,3.43,BI,anti,A,4.46,4.62,2.95,3.78,3.06,3.77,3.61,4.22,0.04,5.84,0.66,5.63,0.39,39.25,0.27,C3'-endo
8,8,0.06,C,C,C,0,1,0,0,0,(,118,1,cWW,cW-W,5.38,3.04,0.80,1.33,3.66,5.77,4.17,3.52,BI,anti,.,4.36,4.63,2.97,4.22,3.19,4.06,3.90,4.23,0.05,5.82,0.68,5.62,0.39,40.01,0.25,C3'-endo
9,9,0.07,G,G,G,0,0,1,0,0,(,117,1,cWW,cW-W,3.66,2.29,2.85,1.38,3.91,4.84,5.35,3.13,BI,anti,A,4.74,4.73,3.09,2.95,3.31,3.20,3.83,3.78,0.07,5.81,0.67,5.64,0.37,39.39,0.23,C3'-endo
10,10,0.08,G,G,G,0,0,1,0,0,(,116,1,cWW,cW-W,5.19,2.99,1.03,1.41,3.90,5.03,5.16,3.35,BI,anti,A,4.51,4.64,3.03,3.93,3.22,3.91,3.85,4.36,0.02,5.87,0.63,5.65,0.39,37.70,0.29,C3'-endo
11,11,0.09,C,C,C,0,1,0,0,0,(,115,1,cWW,cW-W,5.03,2.88,1.16,1.28,4.11,5.64,4.75,3.44,..,anti,.,4.36,4.70,2.90,4.58,3.15,4.71,3.86,5.45,6.24,5.89,0.66,5.57,0.48,41.15,0.39,C3'-endo
12,12,0.10,C,C,C,0,1,0,0,0,.,,0,,,4.30,2.98,2.04,2.49,4.58,3.11,1.47,3.88,BII,anti,.,0.91,0.97,3.51,2.49,4.17,2.63,5.08,3.27,5.81,0.69,5.65,0.37,0.06,39.33,2.73,C2'-endo
13,13,0.10,A,A,A,1,0,0,0,0,.,69,1,tSS,tm+m,5.28,3.59,1.18,1.44,3.89,3.99,6.18,3.48,..,anti,.,4.36,4.64,4.70,3.20,4.37,2.69,4.21,3.25,0.03,5.88,0.60,5.68,0.36,35.75,0.28,C3'-endo
14,14,0.11,U,U,U,0,0,0,1,0,.,,0,,,1.00,3.87,0.95,2.48,4.73,4.94,6.08,4.56,..,anti,.,0.44,0.79,6.11,5.55,6.19,5.23,5.20,5.58,5.89,0.62,5.69,0.38,0.00,36.03,2.81,C2'-endo
15,15,0.12,A,A,A,1,0,0,0,0,.,,0,,,4.67,3.38,0.82,2.66,4.34,5.15,5.48,3.82,..,anti,.,0.64,1.00,2.37,5.40,3.36,5.18,3.59,5.63,5.92,0.66,5.59,0.50,6.20,40.53,2.93,C2'-endo
16,16,0.13,G,G,G,0,0,1,0,0,(,68,1,cWW,cW-W,5.29,3.08,0.73,1.39,3.95,4.96,5.28,3.14,BI,anti,A,4.75,4.76,2.74,3.83,3.52,3.91,4.23,4.28,0.12,5.78,0.67,5.66,0.31,38.90,0.15,C3'-endo
17,17,0.14,C,C,C,0,1,0,0,0,(,"67,114",2,"cWW,cHW","cW-W,cM+W",5.02,3.02,1.24,1.33,3.81,5.32,4.78,3.34,BI,anti,.,4.53,4.64,3.04,4.02,3.24,4.08,3.80,4.90,6.27,5.88,0.65,5.61,0.43,39.41,0.34,C3'-endo
18,18,0.14,G,G,G,0,0,1,0,0,(,65,1,cWW,cW-W,5.09,3.00,1.01,1.39,3.62,5.19,4.71,3.40,BI,anti,A,4.51,4.59,2.82,3.84,3.28,3.82,4.51,4.22,0.03,5.86,0.63,5.65,0.38,37.77,0.28,C3'-endo
19,19,0.15,G,G,G,0,0,1,0,0,(,64,1,cWW,cW-W,5.10,3.17,0.87,1.25,3.70,4.83,5.16,3.47,BI,anti,A,4.46,4.70,2.86,3.46,3.09,3.54,3.78,3.90,0.01,5.82,0.72,5.54,0.46,43.63,0.31,C3'-endo
20,20,0.16,C,C,C,0,1,0,0,0,(,63,1,cWW,cW-W,5.40,2.65,1.21,1.35,3.81,4.94,5.15,3.28,BI,anti,A,4.55,4.60,3.14,3.72,3.35,3.66,3.86,3.99,6.22,5.92,0.62,5.61,0.46,38.89,0.42,C3'-endo
21,21,0.17,G,G,G,0,0,1,0,0,(,62,1,cWW,cW-W,4.88,3.05,1.09,1.32,3.69,5.10,4.87,3.43,BI,anti,A,4.49,4.63,2.79,3.73,2.97,3.76,3.56,4.23,6.27,5.87,0.66,5.60,0.44,40.03,0.35,C3'-endo
22,22,0.18,G,G,G,0,0,1,0,0,(,"4,61",2,"tSW,cWW","tm+W,cW-W",4.95,2.90,1.36,1.36,3.41,5.32,4.38,3.36,BI,anti,A,4.40,4.44,2.95,3.77,3.29,3.71,4.07,4.05,6.23,5.92,0.62,5.62,0.46,38.54,0.41,C3'-endo
23,23,0.18,G,G,G,0,0,1,0,0,(,60,1,cWW,cW-W,4.91,3.64,0.74,1.37,3.36,4.82,4.82,3.84,BI,anti,A,3.79,4.48,2.94,3.26,3.10,3.45,3.65,3.58,0.01,5.88,0.63,5.64,0.40,38.09,0.32,C3'-endo
24,24,0.19,G,G,G,0,0,1,0,0,.,"28,59",2,"tWW,cW.","tW+W,cW-.",5.47,2.79,1.21,2.49,4.53,3.53,1.00,4.09,BII,anti,.,1.19,1.11,3.66,4.72,4.02,3.74,3.98,2.83,5.86,0.63,5.69,0.36,0.03,36.41,2.76,C2'-endo
25,25,0.20,C,C,C,0,1,0,0,0,.,,0,,,1.31,1.69,2.11,1.44,3.94,6.04,4.18,3.09,..,anti,.,4.73,4.76,5.34,4.57,6.24,4.49,1.03,5.23,0.16,5.75,0.68,5.68,0.28,39.20,0.09,C3'-endo
26,26,0.21,C,C,C,0,1,0,0,0,.,,0,,,4.82,3.44,0.75,1.39,4.06,4.77,5.58,3.79,..,anti,.,3.57,4.72,2.71,4.46,3.38,4.52,4.73,5.29,0.01,5.89,0.61,5.66,0.39,36.72,0.31,C3'-endo
27,27,0.22,A,A,A,1,0,0,0,0,.,,0,,,2.77,3.94,2.92,1.47,4.08,5.04,5.32,3.53,..,anti,A,4.25,4.70,2.76,3.98,3.35,3.90,4.38,4.19,0.07,5.86,0.60,5.71,0.32,35.04,0.21,C3'-endo
28,28,0.22,C,C,C,0,1,0,0,0,.,"24,59",2,"tWW,cWW","tW+W,cW-W",4.69,3.51,0.84,1.54,3.00,5.19,4.10,3.92,BI,anti,.,3.47,4.03,2.57,3.97,2.93,3.90,3.51,4.49,6.27,5.98,0.48,5.78,0.32,29.21,0.35,C3'-endo
29,29,0.23,A,A,A,1,0,0,0,0,(,"56,58",2,"cWW,cSW","cW-W,cm-W",2.95,3.57,2.76,1.53,4.66,4.53,0.13,3.64,..,anti,B,3.30,4.33,3.19,3.61,3.45,3.60,4.22,4.06,6.27,5.97,0.49,5.76,0.34,30.16,0.35,C3'-endo
30,30,0.24,C,C,C,0,1,0,0,0,.,57,1,tSH,tm-M,5.00,2.05,1.44,1.37,4.19,5.38,5.09,3.76,..,anti,.,3.56,4.67,2.63,4.49,2.99,4.41,3.64,4.93,6.25,5.91,0.61,5.64,0.43,37.49,0.37,C3'-endo
31,31,0.25,C,C,C,0,1,0,0,0,(,"51,53",2,"cWW,tSH","cW-W,tm-M",5.05,3.39,0.95,1.48,2.87,5.28,3.88,3.38,BI,anti,.,3.46,3.76,2.87,3.72,3.47,3.79,4.38,4.14,6.21,6.01,0.50,5.73,0.39,31.59,0.45,C3'-endo
32,32,0.26,C,C,C,0,1,0,0,0,(,50,1,cWW,cW-W,4.00,4.21,1.15,1.37,3.42,5.21,4.49,3.79,BI,anti,A,3.88,4.47,2.84,3.77,2.95,3.75,3.43,4.15,0.01,5.87,0.64,5.63,0.41,38.59,0.31,C3'-endo
33,33,0.26,G,G,G,0,0,1,0,0,(,49,1,cWW,cW-W,5.09,2.83,1.18,1.33,3.66,4.29,5.66,3.35,BI,anti,A,4.51,4.58,2.95,3.75,3.23,3.65,3.94,4.11,6.28,5.87,0.65,5.61,0.43,39.62,0.33,C3'-endo
34,34,0.27,G,G,G,0,0,1,0,0,(,"37,48",2,"cWH,cWW","cW+M,cW-W",2.33,4.31,3.11,1.40,4.49,3.17,1.32,2.81,BII,anti,.,4.50,4.60,3.07,2.28,3.26,2.26,4.00,1.86,6.25,5.92,0.60,5.65,0.42,36.88,0.37,C3'-endo
35,35,0.28,U,U,U,0,0,0,1,0,.,,0,,,5.53,2.37,6.06,1.54,3.01,5.19,4.11,3.68,BI,anti,.,3.66,3.73,2.48,4.02,2.33,4.08,1.92,4.98,6.08,6.17,0.36,5.80,0.44,27.95,0.74,C4'-exo
36,36,0.29,C,C,C,0,1,0,0,0,.,,0,,,3.18,3.87,2.31,1.42,4.12,5.03,5.37,3.49,..,anti,.,4.06,4.41,2.87,4.12,3.32,4.01,4.43,4.31,6.13,6.05,0.50,5.68,0.48,34.46,0.57,C3'-endo
37,37,0.30,U,U,U,0,0,0,1,0,.,"34,48",2,"cHW,cWS","cM+W,cW-m",5.02,3.49,0.43,1.40,3.45,5.80,3.93,3.93,BI,anti,.,3.51,4.49,2.53,4.20,2.76,4.36,3.35,5.10,6.27,5.91,0.60,5.66,0.40,36.31,0.34,C3'-endo
38,38,0.30,C,C,C,0,1,0,0,0,.,,0,,,4.43,3.94,0.83,1.45,3.27,5.35,4.20,3.30,BI,anti,.,4.46,4.46,2.78,3.68,3.25,3.69,4.18,4.08,0.11,5.82,0.62,5.71,0.29,36.06,0.15,C3'-endo
39,39,0.31,G,G,G,0,0,1,0,0,.,,0,,,4.66,2.82,2.03,1.25,3.76,5.39,4.66,4.62,BI,anti,.,0.39,4.66,3.39,3.45,3.61,3.11,4.13,2.27,6.24,5.88,0.67,5.57,0.48,41.44,0.38,C3'-endo
40,40,0.32,U,U,U,0,0,0,1,0,.,,0,,,4.12,1.79,2.53,1.48,3.08,1.77,1.31,4.38,..,anti,.,2.16,4.14,3.21,5.92,3.01,5.87,2.41,5.52,0.01,5.94,0.53,5.75,0.33,31.68,0.31,C3'-endo
41,41,0.33,U,U,U,0,0,0,1,0,.,,0,,,1.52,3.96,4.97,1.41,3.05,3.20,6.14,4.35,..,anti,.,2.32,4.24,4.64,6.19,4.88,5.59,5.44,5.34,6.26,5.92,0.59,5.66,0.41,36.33,0.37,C3'-endo
42,42,0.34,U,U,U,0,0,0,1,0,.,,0,,,5.54,4.80,3.40,1.44,4.06,4.68,5.66,4.65,..,anti,.,0.09,4.47,1.47,3.71,2.18,3.59,2.82,3.83,6.18,6.01,0.52,5.69,0.44,34.05,0.49,C3'-endo
43,43,0.34,C,C,C,0,1,0,0,0,.,,0,,,3.14,3.45,2.58,1.45,4.33,5.00,5.61,3.04,..,anti,.,4.54,4.58,2.64,4.03,2.99,3.80,3.34,4.28,6.28,5.93,0.56,5.70,0.37,33.94,0.34,C3'-endo
44,44,0.35,G,G,G,0,0,1,0,0,.,47,1,tSW,tm+W,5.06,3.53,2.89,2.48,3.59,2.22,1.37,4.95,..,anti,.,1.73,2.19,5.04,1.44,5.67,0.88,5.22,1.12,5.84,0.66,5.68,0.37,0.04,37.66,2.75,C2'-endo
45,45,0.36,A,A,A,1,0,0,0,0,.,,0,,,5.25,3.13,5.18,1.44,4.23,5.06,5.45,2.91,..,anti,.,4.93,4.89,1.77,3.62,1.65,3.93,1.92,4.92,0.30,5.65,0.71,5.73,0.16,40.82,6.18,C2'-exo
46,46,0.37,C,C,C,0,1,0,0,0,.,,0,,,5.43,3.13,0.92,1.47,3.74,5.06,4.95,3.11,BI,anti,.,4.70,4.71,3.11,4.49,3.51,4.41,4.56,5.25,0.16,5.78,0.63,5.73,0.25,36.24,0.08,C3'-endo
47,47,0.38,C,C,C,0,1,0,0,0,.,44,1,tWS,tW+m,3.00,3.75,2.49,1.40,3.96,5.09,5.15,3.01,BI,anti,A,4.69,4.72,2.49,3.98,3.08,3.91,4.53,4.56,0.08,5.83,0.64,5.68,0.33,37.32,0.20,C3'-endo
48,48,0.38,C,C,C,0,1,0,0,0,),"34,37",2,"cWW,cSW","cW-W,cm-W",4.79,3.24,1.08,1.45,3.26,5.33,4.22,3.37,BI,anti,A,4.41,4.42,2.71,3.80,3.07,3.78,4.16,4.19,0.06,5.87,0.59,5.71,0.33,34.97,0.24,C3'-endo
49,49,0.39,C,C,C,0,1,0,0,0,),33,1,cWW,cW-W,4.48,3.34,1.43,1.41,3.68,5.17,4.80,3.42,BI,anti,A,4.34,4.53,2.99,3.90,3.25,3.87,3.94,3.93,6.28,5.90,0.60,5.67,0.39,36.03,0.33,C3'-endo
50,50,0.40,G,G,G,0,0,1,0,0,),32,1,cWW,cW-W,4.74,3.46,0.95,1.34,2.87,5.53,3.62,4.26,BI,anti,.,2.75,4.14,2.81,3.86,3.07,3.75,3.35,4.27,6.25,5.90,0.62,5.63,0.43,38.16,0.37,C3'-endo
51,51,0.41,G,G,G,0,0,1,0,0,),31,1,cWW,cW-W,2.85,3.17,3.07,1.50,4.14,5.28,5.15,3.91,..,anti,.,3.20,4.75,3.21,3.50,3.41,3.51,4.12,3.80,0.13,5.80,0.62,5.72,0.27,35.87,0.11,C3'-endo
52,52,0.42,A,A,A,1,0,0,0,0,.,,0,,,4.60,1.84,2.45,1.41,3.57,4.32,5.53,3.72,BI,anti,.,4.01,4.59,3.23,2.23,3.49,2.36,4.00,2.09,0.08,5.82,0.65,5.66,0.35,38.34,0.22,C3'-endo
53,53,0.42,A,A,A,1,0,0,0,0,.,31,1,tHS,tM-m,5.15,3.25,0.32,1.49,3.78,5.32,4.74,3.51,BI,anti,.,4.33,4.61,2.70,4.00,2.44,4.18,2.13,4.95,0.09,5.85,0.58,5.74,0.29,33.95,0.17,C3'-endo
54,54,0.43,G,G,G,0,0,1,0,0,.,,0,,,5.14,3.52,0.77,1.46,3.56,4.94,4.90,4.08,BI,anti,.,3.11,4.64,3.05,3.56,3.38,3.58,4.22,3.41,0.17,5.76,0.66,5.71,0.26,37.70,0.07,C3'-endo
55,55,0.44,U,U,U,0,0,0,1,0,.,,0,,,5.18,2.95,0.94,1.38,3.50,4.83,4.95,4.27,BI,anti,.,2.30,4.58,2.91,3.47,3.08,3.48,3.04,3.83,0.04,5.86,0.64,5.65,0.38,37.86,0.27,C3'-endo
56,56,0.45,U,U,U,0,0,0,1,0,),"29,57",2,"cWW,cSH","cW-W,cm+M",5.52,2.69,1.28,1.35,2.37,5.00,3.65,4.21,..,anti,.,2.77,3.79,3.44,2.64,3.83,2.11,4.21,1.92,0.00,5.88,0.63,5.64,0.40,37.91,0.32,C3'-endo
57,57,0.46,A,A,A,1,0,0,0,0,.,"30,56",2,"tHS,cHS","tM-m,cM+m",5.25,3.20,0.34,1.38,3.57,5.36,4.50,3.29,BI,anti,.,4.40,4.45,2.58,4.15,2.32,4.06,2.38,5.01,6.20,5.96,0.57,5.65,0.45,36.57,0.45,C3'-endo
58,58,0.46,A,A,A,1,0,0,0,0,.,29,1,cWS,cW-m,2.91,3.04,2.73,1.41,4.32,4.82,5.78,3.09,..,anti,A,4.88,4.88,2.53,3.63,2.92,3.74,4.24,4.47,0.22,5.71,0.70,5.69,0.24,40.10,0.02,C3'-endo
59,59,0.47,G,G,G,0,0,1,0,0,.,"24,28",2,"c.W,cWW","c.-W,cW-W",5.19,2.75,1.08,1.38,3.95,5.44,4.80,2.99,BI,anti,.,4.76,4.78,2.81,4.39,3.14,4.38,4.18,5.29,0.12,5.77,0.68,5.65,0.32,39.63,0.15,C3'-endo
60,60,0.48,C,C,C,0,1,0,0,0,),23,1,cWW,cW-W,4.69,3.32,1.18,1.46,3.73,5.24,4.77,3.38,BI,anti,A,4.48,4.61,2.79,4.00,3.27,4.02,4.69,4.56,0.10,5.83,0.61,5.71,0.30,35.62,0.17,C3'-endo
61,61,0.49,C,C,C,0,1,0,0,0,),22,1,cWW,cW-W,4.94,3.12,1.06,1.43,3.75,4.96,5.07,3.46,BI,anti,A,4.38,4.59,2.87,3.75,3.22,3.76,4.09,4.10,0.03,5.87,0.61,5.67,0.37,36.60,0.28,C3'-endo
62,62,0.50,C,C,C,0,1,0,0,0,),21,1,cWW,cW-W,4.87,3.15,1.04,1.35,3.67,5.14,4.81,3.55,BI,anti,A,4.32,4.64,2.81,3.81,3.00,3.82,3.55,4.18,0.03,5.85,0.66,5.62,0.40,39.45,0.29,C3'-endo
63,63,0.50,G,G,G,0,0,1,0,0,),20,1,cWW,cW-W,5.25,3.11,0.81,1.30,3.63,4.94,4.97,3.47,BI,anti,A,4.45,4.63,2.90,3.56,3.14,3.64,3.76,4.04,6.26,5.86,0.68,5.57,0.47,41.60,0.36,C3'-endo
64,64,0.51,C,C,C,0,1,0,0,0,),19,1,cWW,cW-W,5.39,2.78,1.18,1.42,3.49,5.25,4.53,3.43,BI,anti,.,4.14,4.27,3.16,3.84,3.45,3.74,4.01,4.02,6.15,6.02,0.53,5.67,0.47,34.98,0.53,C3'-endo
65,65,0.52,C,C,C,0,1,0,0,0,),18,1,cWW,cW-W,4.79,3.16,1.28,1.41,3.86,5.13,5.01,3.50,BI,anti,.,3.85,4.06,3.06,3.91,3.28,4.13,3.78,4.73,6.00,6.17,0.43,5.68,0.56,35.06,0.79,C4'-exo
66,66,0.53,A,A,A,1,0,0,0,0,.,,0,,,5.19,3.43,1.27,2.71,4.43,2.03,2.40,4.76,..,anti,.,0.47,0.71,3.69,2.42,4.32,1.86,4.70,1.95,5.98,0.63,5.59,0.54,6.13,40.15,3.03,C2'-endo
67,67,0.54,G,G,G,0,0,1,0,0,),"17,114",2,"cWW,tHW","cW-W,tM-W",2.96,3.44,1.09,1.38,4.19,4.59,5.88,3.00,..,anti,A,4.81,4.80,2.07,3.72,1.84,3.85,2.02,4.31,0.07,5.82,0.66,5.64,0.36,39.05,0.23,C3'-endo
68,68,0.54,C,C,C,0,1,0,0,0,),16,1,cWW,cW-W,5.25,2.71,1.12,1.34,3.84,5.10,5.02,3.20,BI,anti,A,4.65,4.66,2.98,3.93,3.18,3.91,3.82,4.55,6.27,5.87,0.66,5.59,0.45,40.33,0.35,C3'-endo
69,69,0.55,G,G,G,0,0,1,0,0,.,13,1,tSS,tm+m,5.04,3.09,0.97,1.36,3.58,5.19,4.68,3.35,BI,anti,A,4.56,4.61,2.81,3.77,3.12,3.80,4.13,4.21,0.05,5.83,0.66,5.64,0.38,38.91,0.25,C3'-endo
70,70,0.56,U,U,U,0,0,0,1,0,.,,0,,,5.02,3.17,1.09,1.39,3.63,5.10,4.81,3.49,BI,anti,A,4.36,4.55,3.01,3.75,3.27,3.76,3.93,4.29,0.00,5.88,0.63,5.64,0.40,38.05,0.32,C3'-endo
71,71,0.57,U,U,U,0,0,0,1,0,(,112,1,cWW,cW-W,5.23,3.13,0.80,1.40,3.44,5.20,4.52,3.60,BI,anti,A,4.26,4.53,2.90,3.66,3.15,3.64,3.95,3.95,0.07,5.82,0.66,5.64,0.36,39.08,0.23,C3'-endo
72,72,0.58,C,C,C,0,1,0,0,0,(,111,1,cWW,cW-W,4.75,3.15,1.18,1.32,3.62,4.98,4.92,3.40,BI,anti,A,4.56,4.65,2.83,3.55,3.03,3.55,3.59,3.85,0.03,5.83,0.68,5.60,0.41,40.71,0.28,C3'-endo
73,73,0.58,C,C,C,0,1,0,0,0,(,110,1,cWW,cW-W,5.10,2.90,1.23,1.29,3.54,5.20,4.63,3.22,BI,anti,A,4.57,4.59,2.98,3.75,3.20,3.75,3.75,4.17,0.00,5.83,0.70,5.57,0.45,42.37,0.31,C3'-endo
74,74,0.59,C,C,C,0,1,0,0,0,(,109,1,cWW,cW-W,4.70,3.56,0.98,1.33,3.71,5.01,4.98,3.48,BI,anti,A,4.47,4.70,2.86,3.63,3.01,3.67,3.66,4.03,0.05,5.81,0.70,5.60,0.40,41.34,0.25,C3'-endo
75,75,0.60,G,G,G,0,0,1,0,0,(,108,1,cWW,cW-W,4.93,2.92,1.22,1.29,3.85,5.03,5.10,3.28,BI,anti,A,4.69,4.75,2.86,3.75,3.04,3.79,3.61,4.17,0.06,5.80,0.71,5.59,0.40,41.95,0.25,C3'-endo
76,76,0.61,G,G,G,0,0,1,0,0,(,107,1,cWW,cW-W,5.10,2.80,1.43,1.36,3.78,5.36,4.70,3.21,BI,anti,.,4.40,4.50,3.11,4.06,3.42,4.06,4.09,5.11,6.22,5.93,0.61,5.62,0.46,38.31,0.42,C3'-endo
77,77,0.62,G,G,G,0,0,1,0,0,.,106,1,tSH,tm-M,5.06,3.21,0.84,1.43,3.68,0.57,3.10,3.77,..,anti,.,3.89,4.61,2.82,5.78,3.24,5.14,4.66,4.45,0.13,5.79,0.66,5.69,0.30,37.86,0.13,C3'-endo
78,78,0.62,U,U,U,0,0,0,1,0,.,105,1,tHH,tM+M,2.57,2.88,1.18,2.56,4.95,1.93,3.02,3.95,..,anti,.,-0.12,0.27,1.22,2.94,2.25,2.42,2.13,2.72,5.86,0.67,5.63,0.42,6.28,39.26,2.82,C2'-endo
79,79,0.63,G,G,G,0,0,1,0,0,.,80,1,cSH,cm+M,1.04,4.40,4.60,2.52,3.31,2.77,0.54,4.45,..,anti,.,2.52,2.42,5.23,0.77,4.72,1.20,4.64,1.76,5.76,0.74,5.62,0.38,0.08,42.12,2.70,C2'-endo
80,80,0.64,U,U,U,0,0,0,1,0,.,"79,104",2,"cHS,tWH","cM+m,tW-M",4.88,2.59,0.93,1.35,4.38,4.63,6.04,2.93,..,anti,A,4.79,4.80,3.00,3.99,2.76,4.07,2.75,4.55,0.09,5.79,0.69,5.63,0.35,40.00,0.19,C3'-endo
81,81,0.65,A,A,A,1,0,0,0,0,.,103,1,tHS,tM-m,5.47,2.63,0.93,1.37,4.15,5.05,5.38,3.15,..,anti,.,4.61,4.68,2.96,4.16,3.25,4.17,4.03,5.02,0.01,5.87,0.64,5.63,0.41,38.76,0.32,C3'-endo
82,82,0.66,C,C,C,0,1,0,0,0,(,102,1,cWW,cW-W,5.18,2.89,0.99,1.37,3.67,5.25,4.70,3.38,BI,anti,.,4.57,4.66,2.76,3.93,3.16,3.95,4.45,4.35,0.05,5.82,0.66,5.63,0.38,39.28,0.25,C3'-endo
83,83,0.66,U,U,U,0,0,0,1,0,(,101,1,cWW,cW-W,5.17,3.01,1.20,1.40,3.65,4.65,5.28,3.35,BI,anti,.,4.29,4.37,3.15,3.33,3.52,3.39,4.24,3.71,6.16,6.01,0.54,5.66,0.47,35.41,0.52,C3'-endo
84,84,0.67,G,G,G,0,0,1,0,0,(,100,1,cWW,cW-W,4.73,3.17,1.12,1.47,3.93,4.97,5.24,3.33,BI,anti,A,4.56,4.67,2.93,3.94,2.95,3.94,3.32,4.39,0.09,5.84,0.61,5.72,0.30,35.32,0.17,C3'-endo
85,85,0.68,C,C,C,0,1,0,0,0,(,99,1,cWW,cW-W,5.05,2.95,1.07,1.35,3.80,5.04,5.04,3.48,BI,anti,A,4.38,4.63,2.85,3.76,3.12,3.76,3.86,4.20,0.01,5.87,0.64,5.64,0.40,38.38,0.31,C3'-endo
86,86,0.69,C,C,C,0,1,0,0,0,(,98,1,cWW,cW-W,5.08,2.97,1.07,1.31,3.74,5.11,4.91,3.51,BI,anti,A,4.35,4.64,2.89,3.76,3.13,3.77,3.82,4.18,0.02,5.84,0.68,5.60,0.42,40.72,0.30,C3'-endo
87,87,0.70,C,C,C,0,1,0,0,0,(,97,1,cWW,cW-W,5.03,2.99,1.23,1.31,4.28,3.89,0.39,3.58,..,anti,.,3.93,4.62,3.14,3.38,3.33,2.93,3.89,3.11,6.22,5.91,0.64,5.59,0.48,39.95,0.42,C3'-endo
88,88,0.70,U,U,U,0,0,0,1,0,.,0,1,t.S,t.-m,1.28,3.62,0.91,2.36,4.33,2.68,1.64,3.97,BII,anti,.,1.45,1.46,6.05,2.06,6.24,1.49,5.67,1.13,5.83,0.62,5.74,0.30,0.09,34.85,2.66,C2'-endo
89,89,0.71,C,C,C,0,1,0,0,0,(,96,1,cWW,cW-W,4.98,4.02,3.61,1.48,3.74,5.03,4.99,3.17,BI,anti,A,4.45,4.52,0.99,3.20,0.97,3.34,1.30,3.74,0.02,5.90,0.58,5.71,0.35,34.38,0.29,C3'-endo
90,90,0.72,C,C,C,0,1,0,0,0,(,95,1,cWW,cW-W,5.08,3.19,0.97,1.41,3.74,5.26,4.76,3.49,BI,anti,.,4.23,4.48,3.02,3.98,3.23,4.02,3.74,4.76,6.28,5.90,0.60,5.67,0.40,36.27,0.33,C3'-endo
91,91,0.73,G,G,G,0,0,1,0,0,.,94,1,tSH,tm-M,5.15,3.07,0.80,1.36,3.84,5.03,5.10,3.58,BI,anti,.,4.25,4.70,2.80,4.20,3.14,3.47,4.17,2.51,0.01,5.87,0.64,5.63,0.40,38.32,0.31,C3'-endo
92,92,0.74,A,A,A,1,0,0,0,0,.,,0,,,2.73,2.77,1.07,1.53,4.07,5.00,5.35,3.39,..,anti,.,4.32,4.56,0.37,4.10,0.81,4.11,0.47,4.84,0.08,5.87,0.56,5.75,0.29,32.88,0.19,C3'-endo
93,93,0.74,G,G,G,0,0,1,0,0,.,,0,,,4.97,2.62,1.36,1.53,3.30,5.30,4.29,3.53,BI,anti,.,4.12,4.25,2.74,4.03,3.32,3.81,4.47,4.56,0.01,5.95,0.50,5.77,0.32,30.30,0.30,C3'-endo
94,94,0.75,A,A,A,1,0,0,0,0,.,91,1,tHS,tM-m,4.03,3.36,1.61,1.46,4.25,5.31,5.23,3.56,..,anti,.,4.10,4.72,2.87,4.44,3.14,4.62,4.20,5.20,0.07,5.86,0.60,5.70,0.32,35.27,0.22,C3'-endo
95,95,0.76,G,G,G,0,0,1,0,0,),90,1,cWW,cW-W,5.19,2.36,1.69,1.44,3.35,4.98,4.65,3.42,BI,anti,.,4.40,4.43,2.96,3.98,3.85,3.66,5.00,4.01,0.01,5.89,0.60,5.67,0.38,36.18,0.31,C3'-endo
96,96,0.77,G,G,G,0,0,1,0,0,),89,1,cWW,cW-W,2.88,3.57,2.84,1.41,3.84,4.97,5.14,3.11,BI,anti,A,4.73,4.73,2.81,3.56,3.17,3.60,3.99,4.21,0.09,5.81,0.66,5.66,0.34,38.44,0.20,C3'-endo
97,97,0.78,G,G,G,0,0,1,0,0,),87,1,cWW,cW-W,5.15,3.03,1.14,1.49,3.82,4.89,5.22,3.34,BI,anti,A,4.38,4.51,3.10,3.79,3.38,3.76,4.21,4.12,0.01,5.93,0.54,5.74,0.34,32.56,0.30,C3'-endo
98,98,0.78,G,G,G,0,0,1,0,0,),86,1,cWW,cW-W,5.08,2.89,1.08,1.37,3.93,4.80,5.42,3.38,BI,anti,A,4.41,4.59,2.92,3.70,3.13,3.73,3.73,4.19,0.00,5.86,0.65,5.62,0.42,39.09,0.32,C3'-endo
99,99,0.79,G,G,G,0,0,1,0,0,),85,1,cWW,cW-W,5.23,2.85,0.93,1.41,3.84,4.91,5.21,3.47,BI,anti,A,4.40,4.61,2.89,3.78,3.10,3.77,3.77,4.20,0.03,5.87,0.62,5.67,0.36,36.61,0.27,C3'-endo
100,100,0.80,C,C,C,0,1,0,0,0,),84,1,cWW,cW-W,5.34,2.94,0.84,1.35,3.66,5.51,4.43,3.59,BI,anti,.,4.19,4.55,2.93,4.14,3.14,4.02,3.81,4.35,6.26,5.90,0.62,5.64,0.42,37.64,0.36,C3'-endo
101,101,0.81,G,G,G,0,0,1,0,0,),83,1,cWW,cW-W,3.67,2.68,2.50,1.40,3.93,4.68,5.53,3.22,BI,anti,.,4.49,4.57,2.88,3.75,3.19,3.63,3.84,4.13,6.26,5.91,0.60,5.65,0.41,36.69,0.36,C3'-endo
102,102,0.82,G,G,G,0,0,1,0,0,),82,1,cWW,cW-W,2.44,3.63,3.23,1.43,3.89,5.37,4.81,3.17,BI,anti,.,4.64,4.67,2.72,3.81,3.04,3.91,3.87,4.82,0.09,5.82,0.64,5.68,0.33,37.36,0.19,C3'-endo
103,103,0.82,G,G,G,0,0,1,0,0,.,81,1,tSH,tm-M,5.05,3.18,0.91,1.41,3.50,4.83,4.95,3.58,BI,anti,.,4.25,4.49,2.78,2.99,3.28,2.73,4.57,2.52,0.05,5.85,0.62,5.67,0.35,36.84,0.25,C3'-endo
104,104,0.83,A,A,A,1,0,0,0,0,.,80,1,tHW,tM-W,4.39,1.67,3.01,1.37,3.77,5.25,4.80,3.10,BI,anti,.,4.37,4.46,3.74,2.97,3.24,3.32,2.83,4.41,6.18,5.98,0.56,5.65,0.47,36.26,0.48,C3'-endo
105,105,0.84,A,A,A,1,0,0,0,0,.,78,1,tHH,tM+M,4.69,3.32,0.99,1.37,3.59,5.13,4.75,3.53,BI,anti,A,4.38,4.62,2.61,3.71,2.97,3.74,4.29,4.00,0.11,5.77,0.70,5.63,0.34,40.84,0.17,C3'-endo
106,106,0.85,A,A,A,1,0,0,0,0,.,77,1,tHS,tM-m,5.05,2.99,1.27,1.39,4.05,5.14,5.19,3.36,BI,anti,.,4.51,4.69,3.15,4.12,3.36,4.21,3.81,5.07,0.01,5.88,0.62,5.66,0.39,37.02,0.30,C3'-endo
107,107,0.86,C,C,C,0,1,0,0,0,),76,1,cWW,cW-W,5.30,2.79,0.95,1.40,3.77,4.95,5.10,3.32,BI,anti,A,4.59,4.66,2.81,3.78,3.32,3.74,4.62,3.95,0.06,5.84,0.64,5.66,0.35,37.68,0.23,C3'-endo
108,108,0.86,C,C,C,0,1,0,0,0,),75,1,cWW,cW-W,5.25,3.00,0.93,1.31,3.86,4.88,5.27,3.34,BI,anti,A,4.56,4.66,2.98,3.66,3.14,3.71,3.60,4.16,6.25,5.89,0.64,5.61,0.45,39.44,0.37,C3'-endo
109,109,0.87,G,G,G,0,0,1,0,0,),74,1,cWW,cW-W,5.33,2.90,0.79,1.30,3.70,5.03,4.95,3.40,BI,anti,A,4.56,4.68,2.82,3.71,3.03,3.75,3.70,4.12,0.01,5.84,0.68,5.59,0.43,40.99,0.31,C3'-endo
110,110,0.88,G,G,G,0,0,1,0,0,),73,1,cWW,cW-W,5.42,2.96,0.96,1.34,3.36,5.45,4.19,3.45,BI,anti,.,4.34,4.39,3.09,4.05,3.35,3.84,3.96,4.22,6.19,5.96,0.59,5.63,0.47,37.68,0.46,C3'-endo
111,111,0.89,G,G,G,0,0,1,0,0,),72,1,cWW,cW-W,3.09,2.83,2.90,1.41,4.17,4.85,5.60,3.29,..,anti,A,4.49,4.65,2.89,3.35,3.08,3.50,3.75,4.08,0.03,5.87,0.61,5.68,0.36,36.16,0.27,C3'-endo
112,112,0.90,A,A,A,1,0,0,0,0,),71,1,cWW,cW-W,5.27,2.60,1.13,1.35,3.77,5.30,4.76,3.33,BI,anti,.,4.49,4.56,2.82,4.07,3.19,4.06,3.98,4.98,6.23,5.92,0.62,5.62,0.46,38.58,0.41,C3'-endo
113,113,0.90,A,A,A,1,0,0,0,0,.,,0,,,4.92,3.14,0.99,1.41,4.00,4.79,5.49,3.55,BI,anti,.,4.26,4.74,2.83,3.67,3.21,3.87,4.48,3.77,0.08,5.81,0.66,5.65,0.35,38.66,0.21,C3'-endo
114,114,0.91,C,C,C,0,1,0,0,0,.,"17,67",2,"cWH,tWH","cW+M,tW-M",5.33,3.69,0.91,2.36,4.25,1.49,2.76,4.59,..,anti,.,1.53,1.53,3.79,1.13,3.85,1.06,3.55,1.56,5.77,0.68,5.71,0.29,0.14,38.26,2.61,C2'-endo
115,115,0.92,G,G,G,0,0,1,0,0,),11,1,cWW,cW-W,3.57,2.58,3.05,1.43,3.47,5.08,4.66,3.33,BI,anti,A,4.42,4.46,4.00,2.96,3.98,3.16,3.81,3.79,0.02,5.89,0.60,5.67,0.37,36.14,0.30,C3'-endo
116,116,0.93,C,C,C,0,1,0,0,0,),10,1,cWW,cW-W,4.13,3.23,1.73,1.43,3.74,5.16,4.86,3.31,BI,anti,A,4.57,4.63,2.82,3.89,3.05,3.84,3.81,4.21,0.08,5.84,0.62,5.70,0.32,36.06,0.20,C3'-endo
117,117,0.94,C,C,C,0,1,0,0,0,),9,1,cWW,cW-W,5.24,3.23,0.74,1.36,3.11,5.21,4.18,3.55,BI,anti,.,4.28,4.37,2.89,3.71,3.19,3.64,3.92,3.79,0.01,5.87,0.64,5.63,0.40,38.57,0.31,C3'-endo
118,118,0.94,G,G,G,0,0,1,0,0,),8,1,cWW,cW-W,3.27,3.28,2.74,1.39,4.21,4.83,5.67,3.10,..,anti,A,4.55,4.64,3.12,3.58,3.26,3.64,3.60,4.14,6.28,5.89,0.62,5.65,0.40,37.26,0.33,C3'-endo
119,119,0.95,C,C,C,0,1,0,0,0,),7,1,cWW,cW-W,5.01,2.87,1.04,1.34,3.72,4.99,5.02,3.47,BI,anti,A,4.44,4.63,2.69,3.72,2.97,3.73,3.71,4.22,0.00,5.86,0.66,5.61,0.42,39.57,0.32,C3'-endo
120,120,0.96,C,C,C,0,1,0,0,0,),6,1,cWW,cW-W,5.32,2.91,1.01,1.36,3.80,5.66,4.42,3.49,BI,anti,.,4.36,4.61,3.08,4.01,3.30,3.81,4.02,3.93,6.26,5.90,0.62,5.63,0.43,38.15,0.36,C3'-endo
121,121,0.97,G,G,G,0,0,1,0,0,),5,1,cWW,cW-W,4.18,1.75,2.91,1.50,4.17,4.96,5.49,3.12,..,anti,A,4.56,4.65,3.40,3.08,3.42,3.36,3.81,4.16,0.11,5.84,0.59,5.74,0.28,34.07,0.15,C3'-endo
122,122,0.98,G,G,G,0,0,1,0,0,),3,1,cWW,cW-W,5.16,2.90,0.86,1.38,4.00,4.71,5.58,3.40,BI,anti,A,4.56,4.79,2.73,3.72,3.07,3.82,4.03,4.45,0.14,5.75,0.70,5.65,0.31,40.46,0.13,C3'-endo
123,123,0.98,C,C,C,0,1,0,0,0,),2,1,cWW,cW-W,5.44,2.59,1.00,1.48,3.81,4.94,5.16,3.30,BI,anti,A,4.64,4.70,2.95,3.87,3.27,3.75,4.19,3.94,0.15,5.78,0.64,5.72,0.26,36.62,0.09,C3'-endo
124,124,0.99,C,C,C,0,1,0,0,0,),1,1,cWW,cW-W,4.60,2.87,1.50,1.39,4.13,5.19,5.22,3.14,..,anti,.,4.76,4.78,2.89,4.24,3.07,4.21,3.59,5.04,0.07,5.82,0.66,5.65,0.36,38.50,0.22,C3'-endo
125,125,1.00,A,A,A,1,0,0,0,0,.,,0,,,4.95,3.43,0.62,1.49,,,,3.40,n/a,anti,-,,,,,,,,,0.16,5.79,0.62,5.74,0.24,35.37,0.07,C3'-endo
