index_chain,old_nt_resnum,nt_position,nt_name,nt_code,nt_align_code,is_A,is_C,is_G,is_U,is_other,dbn,paired,nb_interact,pair_type_LW,pair_type_DSSR,alpha,beta,gamma,delta,epsilon,zeta,epsilon_zeta,chi,bb_type,glyco_bond,form,ssZp,Dp,eta,theta,eta_prime,theta_prime,eta_base,theta_base,v0,v1,v2,v3,v4,amplitude,phase_angle,puckering
1,1,0.01,G,G,G,0,0,1,0,0,(,120,1,cWW,cW-W,,3.07,3.00,1.43,3.58,5.08,4.79,3.25,BI,anti,A,4.65,4.66,,3.17,,3.29,,3.69,0.14,5.77,0.67,5.67,0.30,38.78,0.12,C3'-endo
2,2,0.02,G,G,G,0,0,1,0,0,(,"24,119",2,"tSW,cWW","tm+W,cW-W",5.11,3.22,0.99,1.42,3.67,5.27,4.68,3.26,BI,anti,A,4.57,4.62,3.07,3.96,3.26,4.00,3.76,4.57,0.07,5.83,0.63,5.67,0.34,37.22,0.21,C3'-endo
3,3,0.02,U,U,U,0,0,0,1,0,(,118,1,cWW,cW-W,5.06,3.29,0.82,1.37,3.55,5.08,4.75,3.45,BI,anti,A,4.47,4.61,2.86,3.60,3.17,3.64,4.07,3.93,0.08,5.80,0.68,5.63,0.36,39.94,0.21,C3'-endo
4,4,0.03,U,U,U,0,0,0,1,0,(,117,1,cWW,cW-W,5.16,3.07,1.02,1.35,3.67,5.04,4.91,3.40,BI,anti,A,4.46,4.60,3.03,3.67,3.21,3.68,3.68,4.16,0.03,5.84,0.66,5.62,0.40,39.44,0.28,C3'-endo
5,5,0.04,G,G,G,0,0,1,0,0,(,116,1,cWW,cW-W,5.23,3.13,0.76,1.36,3.74,5.14,4.88,3.44,BI,anti,A,4.47,4.67,2.89,3.79,3.06,3.87,3.76,4.44,0.06,5.82,0.67,5.63,0.38,39.53,0.24,C3'-endo
6,6,0.05,C,C,C,0,1,0,0,0,(,115,1,cWW,cW-W,5.23,3.13,0.87,1.35,3.74,5.88,4.14,3.51,..,anti,.,4.40,4.68,2.96,4.26,3.22,4.08,4.00,4.11,0.03,5.84,0.66,5.63,0.39,39.22,0.28,C3'-endo
7,7,0.06,G,G,G,0,0,1,0,0,(,114,1,cWW,cW-W,3.86,2.02,2.94,1.35,3.72,5.10,4.90,3.16,BI,anti,A,4.53,4.58,3.24,2.83,3.38,3.14,3.72,3.81,6.26,5.89,0.64,5.62,0.43,38.88,0.36,C3'-endo
8,8,0.07,G,G,G,0,0,1,0,0,(,113,1,cWW,cW-W,5.16,3.42,0.70,1.47,3.55,5.30,4.53,3.55,BI,anti,A,4.24,4.49,2.96,3.85,3.13,3.89,3.85,4.41,0.08,5.85,0.60,5.71,0.31,35.07,0.20,C3'-endo
9,9,0.07,C,C,C,0,1,0,0,0,(,112,1,cWW,cW-W,4.89,3.23,0.95,1.34,4.05,5.43,4.90,3.56,..,anti,.,4.19,4.76,2.87,4.30,3.10,4.55,3.82,5.46,0.00,5.86,0.66,5.61,0.42,39.65,0.32,C3'-endo
10,10,0.08,C,C,C,0,1,0,0,0,.,13,1,tSW,tm+W,4.95,2.90,1.61,2.56,4.13,3.26,0.87,4.04,BII,anti,.,1.39,1.45,3.26,3.14,4.18,2.81,5.20,3.29,5.87,0.66,5.65,0.42,6.28,38.37,2.82,C2'-endo
11,11,0.09,A,A,A,1,0,0,0,0,.,67,1,tWS,tW+m,6.18,3.39,0.84,1.50,3.76,4.08,5.97,3.36,..,anti,.,4.44,4.55,4.80,3.32,4.57,2.76,4.47,2.87,0.05,5.90,0.55,5.74,0.31,32.64,0.24,C3'-endo
12,12,0.10,U,U,U,0,0,0,1,0,.,,0,,,1.30,3.75,0.97,2.45,4.70,4.97,6.01,3.72,..,anti,.,0.99,1.02,6.28,5.38,0.08,5.15,5.70,5.53,5.91,0.58,5.72,0.36,0.00,33.87,2.81,C2'-endo
13,13,0.11,A,A,A,1,0,0,0,0,.,10,1,tWS,tW+m,4.82,3.11,0.89,2.51,4.26,5.38,5.17,3.69,..,anti,.,1.21,1.35,2.48,5.42,3.43,5.18,3.91,5.64,5.88,0.63,5.68,0.39,0.01,36.72,2.80,C2'-endo
14,14,0.12,U,U,U,0,0,0,1,0,(,66,1,cWW,cW-W,4.94,3.26,0.90,1.41,3.76,5.12,4.92,3.24,BI,anti,A,4.63,4.64,2.65,3.85,3.43,3.92,4.14,4.56,0.07,5.83,0.64,5.67,0.34,37.59,0.21,C3'-endo
15,15,0.12,C,C,C,0,1,0,0,0,(,65,1,cWW,cW-W,5.23,3.10,0.89,1.42,3.80,5.03,5.05,3.39,BI,anti,A,4.46,4.62,3.01,3.80,3.28,3.83,4.15,4.17,0.07,5.84,0.62,5.68,0.33,36.55,0.22,C3'-endo
16,16,0.13,U,U,U,0,0,0,1,0,(,63,1,cWW,cW-W,5.32,3.08,0.74,1.35,3.72,5.00,5.01,3.50,BI,anti,A,4.27,4.57,2.92,3.65,3.13,3.71,3.69,4.19,0.02,5.86,0.65,5.62,0.41,39.25,0.30,C3'-endo
17,17,0.14,A,A,A,1,0,0,0,0,(,62,1,cWW,cW-W,5.33,3.06,0.75,1.42,3.40,5.01,4.67,3.57,BI,anti,A,4.12,4.36,2.93,4.01,3.15,3.85,3.80,4.24,6.25,5.94,0.57,5.68,0.40,34.91,0.37,C3'-endo
18,18,0.15,C,C,C,0,1,0,0,0,(,61,1,cWW,cW-W,2.44,3.35,3.25,1.52,3.85,5.01,5.12,3.27,BI,anti,A,4.62,4.70,2.82,3.39,3.07,3.50,3.81,4.03,0.20,5.77,0.62,5.76,0.21,35.56,0.01,C3'-endo
19,19,0.16,C,C,C,0,1,0,0,0,(,60,1,cWW,cW-W,5.35,3.07,0.71,1.38,3.67,5.00,4.96,3.45,BI,anti,A,4.50,4.69,2.90,3.66,3.17,3.70,3.90,4.01,0.12,5.77,0.69,5.65,0.33,39.82,0.16,C3'-endo
20,20,0.17,A,A,A,1,0,0,0,0,(,59,1,cWW,cW-W,5.32,2.95,0.88,1.35,3.66,5.03,4.91,3.38,BI,anti,A,4.58,4.67,2.96,3.69,3.17,3.72,3.72,4.20,0.05,5.82,0.67,5.62,0.38,39.82,0.25,C3'-endo
21,21,0.17,G,G,G,0,0,1,0,0,(,58,1,cWW,cW-W,5.28,2.95,0.99,1.39,3.36,3.38,6.27,3.35,..,anti,.,4.48,4.50,2.98,1.86,3.28,1.97,4.06,2.28,0.05,5.84,0.64,5.65,0.37,38.06,0.25,C3'-endo
22,22,0.18,A,A,A,1,0,0,0,0,.,,0,,,5.26,2.88,0.62,1.42,4.07,4.98,5.38,3.13,..,anti,.,4.50,4.58,3.11,4.02,2.82,4.12,2.35,5.10,6.26,5.93,0.58,5.67,0.40,35.57,0.37,C3'-endo
23,23,0.19,A,A,A,1,0,0,0,0,.,,0,,,5.33,2.81,0.83,1.44,4.08,4.75,5.61,3.46,..,anti,.,4.28,4.63,2.87,3.86,3.23,3.91,4.46,4.58,0.04,5.87,0.60,5.68,0.35,35.88,0.26,C3'-endo
24,24,0.20,A,A,A,1,0,0,0,0,.,2,1,tWS,tW+m,5.32,2.57,0.97,1.40,3.67,5.07,4.88,3.54,BI,anti,A,4.34,4.62,2.76,3.87,3.12,3.86,4.10,4.54,0.05,5.84,0.64,5.65,0.37,38.04,0.25,C3'-endo
25,25,0.21,G,G,G,0,0,1,0,0,.,,0,,,5.27,2.94,1.02,1.49,3.43,5.15,4.56,3.59,BI,anti,A,4.14,4.39,3.04,4.27,3.40,3.99,4.41,4.30,0.06,5.89,0.56,5.74,0.31,33.06,0.23,C3'-endo
26,26,0.21,C,C,C,0,1,0,0,0,.,"54,57",2,"cWW,cWW","cW-W,cW-W",2.35,3.24,3.34,1.45,4.17,5.23,5.23,3.29,..,anti,.,4.65,4.79,2.74,3.73,3.00,3.92,3.74,4.77,0.20,5.74,0.67,5.71,0.24,38.31,0.03,C3'-endo
27,27,0.22,A,A,A,1,0,0,0,0,(,"53,56",2,"cWW,cSW","cW-W,cm-W",5.33,2.82,1.01,1.30,3.90,4.79,5.39,3.31,BI,anti,A,4.65,4.75,2.86,3.57,3.37,3.61,4.57,4.07,0.02,5.83,0.70,5.58,0.44,41.79,0.30,C3'-endo
28,28,0.23,C,C,C,0,1,0,0,0,(,"52,55",2,"cWW,cSW","cW-W,cm-W",5.18,2.62,1.24,1.38,3.94,5.56,4.66,3.35,BI,anti,.,4.56,4.71,2.99,4.41,3.22,4.47,3.90,5.23,0.05,5.83,0.66,5.64,0.38,39.06,0.25,C3'-endo
29,29,0.24,C,C,C,0,1,0,0,0,(,"49,51",2,"cWW,cSW","cW-W,cm-W",5.03,2.89,1.26,1.36,4.06,4.82,5.53,3.50,..,anti,.,4.30,4.72,2.97,3.78,3.59,3.82,4.90,4.33,6.27,5.89,0.63,5.63,0.42,38.26,0.34,C3'-endo
30,30,0.25,G,G,G,0,0,1,0,0,(,47,1,cWW,cW-W,5.31,3.13,0.66,1.42,3.78,4.96,5.10,3.21,BI,anti,A,4.70,4.71,2.89,3.71,3.06,3.80,3.76,4.13,0.11,5.80,0.65,5.68,0.31,37.76,0.16,C3'-endo
31,31,0.26,U,U,U,0,0,0,1,0,(,46,1,cWW,cW-W,5.32,3.02,0.90,1.40,3.51,5.21,4.58,3.34,BI,anti,A,4.42,4.51,3.00,3.76,3.25,3.87,3.78,4.29,0.02,5.86,0.64,5.64,0.39,38.00,0.29,C3'-endo
32,32,0.26,U,U,U,0,0,0,1,0,(,45,1,cWW,cW-W,5.01,3.22,1.31,2.44,4.59,3.42,1.17,3.90,BII,anti,.,1.12,1.06,3.61,2.81,4.00,2.40,4.45,1.85,5.84,0.64,5.70,0.34,0.07,36.60,2.71,C2'-endo
33,33,0.27,U,U,U,0,0,0,1,0,.,,0,,,3.58,2.17,0.81,1.40,3.54,5.13,4.70,3.64,BI,anti,A,4.07,4.47,1.73,3.94,1.70,3.79,1.56,4.30,6.27,5.91,0.60,5.65,0.41,36.89,0.35,C3'-endo
34,34,0.28,C,C,C,0,1,0,0,0,.,,0,,,5.09,2.97,1.07,1.36,4.53,4.37,0.16,3.71,..,anti,.,3.40,4.73,3.17,3.75,3.34,3.89,4.10,4.30,0.01,5.86,0.65,5.62,0.41,39.02,0.31,C3'-endo
35,35,0.29,C,C,C,0,1,0,0,0,.,45,1,cWS,cW-m,5.31,2.62,0.90,1.34,3.94,5.35,4.88,3.25,BI,anti,.,4.67,4.71,2.83,4.24,3.01,4.27,3.52,5.09,0.03,5.83,0.67,5.61,0.40,39.99,0.28,C3'-endo
36,36,0.30,C,C,C,0,1,0,0,0,(,41,1,cWW,cW-W,5.14,3.06,0.99,1.34,3.67,4.89,5.06,3.42,BI,anti,A,4.50,4.65,2.86,3.55,3.33,3.59,4.63,3.64,0.04,5.83,0.67,5.62,0.40,39.94,0.27,C3'-endo
37,37,0.31,G,G,G,0,0,1,0,0,.,43,1,cSW,cm-W,5.40,2.94,0.88,1.42,3.51,4.70,5.09,3.89,BI,anti,.,3.58,4.44,3.06,3.85,3.24,3.56,3.43,3.40,6.26,5.92,0.58,5.67,0.41,35.78,0.37,C3'-endo
38,38,0.31,U,U,U,0,0,0,1,0,.,42,1,tSH,tm-M,1.89,3.67,3.69,1.47,4.13,5.21,5.20,3.66,..,anti,.,3.91,4.74,2.92,4.04,2.95,3.38,3.04,2.54,0.09,5.83,0.62,5.70,0.31,36.13,0.18,C3'-endo
39,39,0.32,C,C,C,0,1,0,0,0,.,,0,,,2.77,2.77,0.88,1.46,4.14,4.99,5.44,3.16,..,anti,.,4.28,4.38,0.15,4.13,0.73,4.17,0.46,4.94,6.18,6.01,0.51,5.70,0.43,33.39,0.49,C3'-endo
40,40,0.33,C,C,C,0,1,0,0,0,.,,0,,,5.09,2.79,1.08,1.47,4.52,4.54,6.27,3.51,..,anti,.,3.70,4.30,2.99,4.45,3.33,4.19,4.33,4.69,6.15,6.04,0.49,5.70,0.45,33.06,0.55,C3'-endo
41,41,0.34,G,G,G,0,0,1,0,0,),"36,44",2,"cWW,tSW","cW-W,tm+W",0.67,2.96,1.29,2.53,3.82,1.75,2.06,5.06,..,anti,.,1.32,1.82,4.68,1.83,5.50,1.17,5.19,1.19,5.87,0.65,5.66,0.40,0.01,37.63,2.81,C2'-endo
42,42,0.35,A,A,A,1,0,0,0,0,.,38,1,tHS,tM-m,2.98,3.60,0.84,1.39,3.86,5.15,4.99,3.08,BI,anti,.,4.74,4.72,1.67,3.94,1.67,4.08,1.84,4.67,0.07,5.82,0.65,5.66,0.35,38.22,0.22,C3'-endo
43,43,0.36,U,U,U,0,0,0,1,0,.,37,1,cWS,cW-m,5.23,3.13,0.97,1.38,3.97,5.37,4.89,3.13,BI,anti,.,4.62,4.65,3.09,4.24,3.38,4.29,4.20,5.18,0.00,5.88,0.63,5.64,0.40,37.97,0.32,C3'-endo
44,44,0.36,C,C,C,0,1,0,0,0,.,41,1,tWS,tW+m,5.09,3.13,0.78,1.30,3.72,5.15,4.85,3.28,BI,anti,A,4.71,4.71,2.64,3.73,3.08,3.84,4.43,4.62,0.06,5.80,0.71,5.59,0.40,41.80,0.25,C3'-endo
45,45,0.37,A,A,A,1,0,0,0,0,),"32,35",2,"cWW,cSW","cW-W,cm-W",5.22,3.18,0.89,1.40,3.86,4.92,5.23,3.25,BI,anti,A,4.67,4.73,3.05,3.75,3.29,3.84,4.29,4.26,0.12,5.78,0.67,5.67,0.31,38.89,0.15,C3'-endo
46,46,0.38,A,A,A,1,0,0,0,0,),31,1,cWW,cW-W,5.30,2.89,0.94,1.43,3.65,5.20,4.73,3.30,BI,anti,A,4.54,4.60,2.95,3.91,3.22,3.90,3.90,4.31,0.06,5.84,0.63,5.67,0.35,37.11,0.23,C3'-endo
47,47,0.39,C,C,C,0,1,0,0,0,),30,1,cWW,cW-W,5.09,3.24,0.87,1.36,3.52,5.15,4.65,3.42,BI,anti,A,4.47,4.55,2.90,3.64,3.17,3.69,3.91,4.13,0.01,5.86,0.65,5.62,0.41,39.14,0.31,C3'-endo
48,48,0.40,U,U,U,0,0,0,1,0,.,,0,,,5.03,3.22,0.96,1.37,3.86,4.99,5.16,3.53,BI,anti,.,4.32,4.69,3.00,3.79,3.17,3.96,3.75,3.96,0.01,5.88,0.63,5.64,0.40,38.15,0.32,C3'-endo
49,49,0.40,G,G,G,0,0,1,0,0,),29,1,cWW,cW-W,5.37,3.06,0.97,2.47,4.78,1.38,3.40,4.48,..,anti,.,0.63,0.64,3.57,2.09,3.95,1.40,3.90,1.24,5.81,0.68,5.67,0.36,0.07,38.68,2.71,C2'-endo
50,50,0.41,U,U,U,0,0,0,1,0,.,,0,,,1.24,3.39,3.20,1.41,3.88,5.25,4.91,3.59,BI,anti,.,4.23,4.74,2.42,3.58,2.18,3.66,2.13,4.24,0.09,5.82,0.65,5.67,0.34,38.03,0.20,C3'-endo
51,51,0.42,A,A,A,1,0,0,0,0,.,29,1,cWS,cW-m,5.05,3.64,0.59,1.44,3.83,5.24,4.87,3.09,BI,anti,.,4.54,4.59,2.88,4.36,3.08,4.21,3.80,4.86,0.03,5.89,0.58,5.70,0.35,34.81,0.28,C3'-endo
52,52,0.43,G,G,G,0,0,1,0,0,),28,1,cWW,cW-W,2.74,2.96,3.00,1.34,2.00,0.89,1.11,3.19,..,anti,.,4.02,4.00,3.02,3.41,3.27,3.62,4.23,4.02,0.24,5.68,0.73,5.67,0.24,41.60,0.00,C3'-endo
53,53,0.44,U,U,U,0,0,0,1,0,),"27,55",2,"cWW,cSH","cW-W,cm+M",3.74,3.29,1.09,1.40,3.79,5.18,4.89,3.41,BI,anti,.,4.33,4.47,2.76,3.51,3.18,3.43,3.78,3.05,6.18,5.99,0.55,5.65,0.46,35.83,0.49,C3'-endo
54,54,0.45,U,U,U,0,0,0,1,0,.,26,1,cWW,cW-W,4.46,1.64,2.86,2.57,4.77,2.07,2.70,3.48,..,anti,Z,0.62,0.67,4.46,1.35,4.05,1.76,3.58,1.47,5.91,0.63,5.66,0.43,6.25,37.25,2.87,C2'-endo
55,55,0.45,A,A,A,1,0,0,0,0,.,"28,53",2,"cWS,cHS","cW-m,cM+m",2.61,4.26,0.91,1.41,3.52,5.14,4.66,3.44,BI,anti,A,4.51,4.62,2.12,3.75,1.84,3.82,1.69,4.20,0.09,5.81,0.66,5.65,0.34,38.83,0.20,C3'-endo
56,56,0.46,A,A,A,1,0,0,0,0,.,27,1,cWS,cW-m,5.04,2.97,1.16,1.35,3.82,5.12,4.98,3.23,BI,anti,.,4.75,4.74,3.01,3.89,3.26,3.95,3.89,4.65,0.07,5.80,0.69,5.62,0.37,40.26,0.22,C3'-endo
57,57,0.47,G,G,G,0,0,1,0,0,.,26,1,cWW,cW-W,5.21,3.04,0.99,1.44,4.03,5.38,4.93,3.15,BI,anti,.,4.77,4.76,3.06,4.38,3.37,4.45,4.39,5.34,0.11,5.81,0.64,5.69,0.30,36.86,0.16,C3'-endo
58,58,0.48,C,C,C,0,1,0,0,0,),21,1,cWW,cW-W,5.10,3.20,0.82,1.46,3.74,5.08,4.94,3.34,BI,anti,A,4.62,4.69,2.78,3.85,3.28,3.90,4.66,4.27,0.18,5.76,0.65,5.72,0.25,37.30,0.06,C3'-endo
59,59,0.49,U,U,U,0,0,0,1,0,),20,1,cWW,cW-W,5.23,3.09,0.81,1.37,3.67,5.15,4.80,3.42,BI,anti,A,4.53,4.66,2.89,3.78,3.15,3.82,3.81,4.33,0.08,5.80,0.68,5.63,0.36,39.79,0.22,C3'-endo
60,60,0.50,G,G,G,0,0,1,0,0,),19,1,cWW,cW-W,5.15,3.02,0.99,1.37,3.49,5.13,4.64,3.42,BI,anti,A,4.47,4.56,2.91,3.65,3.21,3.65,4.02,4.12,0.02,5.85,0.65,5.62,0.40,39.14,0.29,C3'-endo
61,61,0.50,G,G,G,0,0,1,0,0,),18,1,cWW,cW-W,5.03,3.15,1.02,1.40,3.58,5.12,4.74,3.48,BI,anti,A,4.43,4.60,2.97,3.72,3.19,3.75,3.89,4.15,0.04,5.85,0.64,5.65,0.37,37.85,0.26,C3'-endo
62,62,0.51,U,U,U,0,0,0,1,0,),17,1,cWW,cW-W,5.11,3.00,1.15,1.42,3.86,5.09,5.05,3.49,BI,anti,A,4.35,4.63,3.10,3.95,3.36,4.09,3.97,4.45,0.01,5.89,0.60,5.67,0.38,36.35,0.31,C3'-endo
63,63,0.52,A,A,A,1,0,0,0,0,),16,1,cWW,cW-W,5.28,3.20,0.98,2.58,4.51,5.40,5.39,4.44,..,anti,.,0.93,0.94,3.40,5.69,3.93,5.03,4.33,4.39,5.86,0.67,5.63,0.43,6.27,39.28,2.83,C2'-endo
64,64,0.53,A,A,A,1,0,0,0,0,.,,0,,,4.94,3.15,3.36,1.43,3.40,1.49,1.91,4.10,..,anti,.,3.08,4.45,5.09,5.97,5.83,5.87,0.43,5.50,0.00,5.90,0.60,5.67,0.38,36.08,0.32,C3'-endo
65,65,0.54,G,G,G,0,0,1,0,0,),15,1,cWW,cW-W,0.81,3.17,5.12,1.40,3.71,4.93,5.06,3.22,BI,anti,A,4.69,4.69,3.44,2.96,3.88,3.25,4.80,3.97,0.10,5.80,0.67,5.66,0.33,38.84,0.18,C3'-endo
66,66,0.55,A,A,A,1,0,0,0,0,),14,1,cWW,cW-W,5.13,3.24,0.84,1.44,3.86,5.28,4.87,3.35,BI,anti,.,4.65,4.76,3.01,4.12,3.12,4.23,3.69,4.94,0.16,5.76,0.66,5.70,0.27,38.17,0.09,C3'-endo
67,67,0.55,G,G,G,0,0,1,0,0,(,"11,111",2,"tSW,cWW","tm+W,cW-W",5.15,3.02,1.05,1.41,3.66,5.29,4.65,3.39,BI,anti,A,4.59,4.69,2.93,3.98,3.40,4.00,4.53,4.66,0.13,5.77,0.68,5.66,0.31,39.52,0.14,C3'-endo
68,68,0.56,C,C,C,0,1,0,0,0,(,110,1,cWW,cW-W,5.06,3.12,1.02,1.43,3.62,5.16,4.74,3.35,BI,anti,A,4.58,4.63,2.93,3.83,3.31,3.83,4.39,4.18,0.13,5.78,0.66,5.68,0.30,38.35,0.13,C3'-endo
69,69,0.57,C,C,C,0,1,0,0,0,(,109,1,cWW,cW-W,5.10,3.20,0.93,1.40,3.52,5.21,4.59,3.42,BI,anti,A,4.42,4.52,2.96,3.75,3.21,3.75,3.84,4.15,0.03,5.86,0.63,5.65,0.38,37.62,0.28,C3'-endo
70,70,0.58,U,U,U,0,0,0,1,0,(,108,1,cWW,cW-W,5.00,3.17,0.97,1.32,3.64,5.02,4.90,3.48,BI,anti,A,4.43,4.63,2.89,3.62,3.12,3.67,3.78,4.12,0.00,5.86,0.67,5.60,0.43,40.47,0.32,C3'-endo
71,71,0.59,G,G,G,0,0,1,0,0,(,107,1,cWW,cW-W,5.25,2.96,0.98,1.40,3.37,5.18,4.47,3.46,BI,anti,A,4.25,4.36,2.97,3.68,3.23,3.67,3.90,4.09,6.24,5.94,0.59,5.65,0.43,36.54,0.40,C3'-endo
72,72,0.60,A,A,A,1,0,0,0,0,(,106,1,cWW,cW-W,4.84,3.32,1.04,1.44,3.94,3.91,0.03,3.60,..,anti,.,4.11,4.62,3.04,3.37,3.19,2.79,3.77,2.03,6.28,5.91,0.59,5.68,0.39,35.68,0.34,C3'-endo
73,73,0.60,C,C,C,0,1,0,0,0,.,,0,,,1.75,3.71,1.29,1.38,3.21,3.23,6.26,3.47,..,anti,.,4.41,4.44,0.29,2.01,0.40,1.46,0.45,6.05,0.01,5.87,0.64,5.63,0.40,38.52,0.31,C3'-endo
74,74,0.61,C,C,C,0,1,0,0,0,.,105,1,cWW,cW-W,2.56,3.20,0.87,1.48,3.38,5.28,4.38,3.87,BI,anti,.,3.65,4.39,0.54,3.81,0.79,3.83,2.46,4.60,0.04,5.88,0.58,5.71,0.33,34.59,0.25,C3'-endo
75,75,0.62,G,G,G,0,0,1,0,0,.,104,1,tSH,tm-M,4.85,3.06,1.20,1.49,3.83,5.57,4.53,3.95,BI,anti,.,3.24,4.57,3.01,5.08,3.33,4.63,4.30,3.89,0.07,5.87,0.58,5.73,0.31,33.95,0.21,C3'-endo
76,76,0.63,A,A,A,1,0,0,0,0,.,103,1,tHH,tM+M,3.22,3.94,0.65,2.51,4.60,2.40,2.20,3.83,BII,anti,.,0.68,0.97,1.45,3.07,2.19,2.74,1.89,2.96,5.79,0.71,5.65,0.37,0.07,40.15,2.71,C2'-endo
77,77,0.64,G,G,G,0,0,1,0,0,.,78,1,cSH,cm+M,0.87,4.53,4.79,2.65,3.40,2.50,0.90,4.81,..,anti,.,1.98,2.04,5.17,0.75,4.70,1.08,4.50,1.58,5.88,0.69,5.59,0.48,6.24,41.10,2.88,C2'-endo
78,78,0.64,U,U,U,0,0,0,1,0,.,"77,102",2,"cHS,tWH","cM+m,tW-M",5.08,2.54,0.67,1.38,3.92,5.02,5.19,3.15,BI,anti,A,4.56,4.61,2.86,3.99,2.72,4.03,2.81,4.62,0.00,5.89,0.61,5.66,0.40,36.91,0.32,C3'-endo
79,79,0.65,A,A,A,1,0,0,0,0,.,101,1,tHS,tM-m,5.31,2.94,0.87,1.40,3.92,5.29,4.92,3.33,BI,anti,.,4.47,4.62,2.94,4.16,3.25,4.23,4.17,5.15,0.01,5.88,0.63,5.64,0.40,37.77,0.31,C3'-endo
80,80,0.66,G,G,G,0,0,1,0,0,(,"100,0",2,"cWW,tSS","cW-W,tm+m",5.15,2.94,0.99,1.38,3.69,5.24,4.73,3.43,BI,anti,A,4.51,4.64,2.79,3.91,3.28,3.93,4.63,4.45,0.07,5.83,0.65,5.65,0.36,38.53,0.23,C3'-endo
81,81,0.67,U,U,U,0,0,0,1,0,(,99,1,cWW,cW-W,5.14,3.04,1.06,1.35,3.68,4.67,5.30,3.41,BI,anti,.,4.50,4.61,3.00,3.31,3.34,3.36,4.18,3.56,6.27,5.89,0.63,5.63,0.43,38.58,0.35,C3'-endo
82,82,0.68,G,G,G,0,0,1,0,0,(,98,1,cWW,cW-W,5.16,3.06,0.89,1.42,3.84,5.13,4.99,3.40,BI,anti,A,4.52,4.67,3.03,3.93,3.03,3.97,3.26,4.52,0.07,5.84,0.62,5.68,0.34,36.62,0.22,C3'-endo
83,83,0.69,U,U,U,0,0,0,1,0,(,97,1,cWW,cW-W,5.24,3.03,0.82,1.36,3.54,5.30,4.52,3.43,BI,anti,A,4.51,4.61,2.80,3.81,3.15,3.82,4.04,4.23,0.07,5.80,0.69,5.62,0.38,40.41,0.23,C3'-endo
84,84,0.69,A,A,A,1,0,0,0,0,(,96,1,cWW,cW-W,4.99,3.48,0.82,1.31,3.61,4.80,5.09,3.69,BI,anti,A,4.04,4.59,2.95,3.36,3.13,3.45,3.73,3.63,6.27,5.87,0.65,5.61,0.44,39.74,0.34,C3'-endo
85,85,0.70,G,G,G,0,0,1,0,0,.,95,1,cWW,cW-W,5.39,2.84,0.90,1.43,4.38,3.99,0.39,3.81,..,anti,.,3.24,4.65,3.21,3.78,3.28,3.25,3.43,3.19,6.27,5.91,0.60,5.67,0.40,36.19,0.34,C3'-endo
86,86,0.71,U,U,U,0,0,0,1,0,.,0,1,t.S,t.-m,1.49,3.68,0.74,2.41,3.79,1.48,2.31,3.94,..,anti,.,2.02,1.99,5.83,1.70,6.16,1.27,5.84,1.18,5.88,0.59,5.75,0.32,0.05,33.58,2.73,C2'-endo
87,87,0.72,G,G,G,0,0,1,0,0,(,94,1,cWW,cW-W,0.92,1.98,3.56,1.39,3.73,5.02,5.00,3.20,BI,anti,A,4.64,4.66,1.34,2.67,1.11,3.05,1.23,3.73,0.08,5.81,0.66,5.65,0.35,38.84,0.21,C3'-endo
88,88,0.73,G,G,G,0,0,1,0,0,(,93,1,cWW,cW-W,5.25,3.13,0.92,1.49,3.80,5.18,4.91,3.43,BI,anti,.,4.34,4.53,3.11,4.02,3.32,4.06,3.92,4.87,0.06,5.88,0.57,5.73,0.32,33.67,0.23,C3'-endo
89,89,0.74,G,G,G,0,0,1,0,0,.,92,1,tSH,tm-M,5.07,2.99,0.95,1.45,4.10,5.01,5.38,3.55,..,anti,.,4.20,4.72,2.89,4.56,3.23,3.79,4.32,2.87,0.07,5.85,0.61,5.70,0.33,35.73,0.21,C3'-endo
90,90,0.74,U,U,U,0,0,0,1,0,.,,0,,,2.62,2.86,1.09,1.38,3.47,5.57,4.19,3.39,BI,anti,.,4.40,4.47,0.10,4.30,0.71,4.21,0.50,5.18,6.25,5.91,0.60,5.65,0.42,37.14,0.37,C3'-endo
91,91,0.75,G,G,G,0,0,1,0,0,.,,0,,,3.61,3.11,2.15,1.51,3.75,5.17,4.86,3.30,BI,anti,A,4.57,4.64,2.68,3.86,3.26,3.82,4.76,4.52,0.14,5.80,0.62,5.73,0.26,35.48,0.10,C3'-endo
92,92,0.76,A,A,A,1,0,0,0,0,.,89,1,tHS,tM-m,5.14,3.08,0.94,1.53,3.63,5.35,4.56,3.49,BI,anti,.,4.30,4.49,2.94,4.75,3.33,4.76,4.38,5.39,0.08,5.89,0.54,5.77,0.27,31.41,0.19,C3'-endo
93,93,0.77,C,C,C,0,1,0,0,0,),88,1,cWW,cW-W,2.51,3.84,3.11,1.39,3.53,5.12,4.69,3.46,BI,anti,A,4.49,4.62,2.84,3.37,3.65,3.32,4.94,3.70,0.10,5.79,0.68,5.64,0.34,39.59,0.19,C3'-endo
94,94,0.78,C,C,C,0,1,0,0,0,),87,1,cWW,cW-W,5.13,3.09,1.07,1.36,3.46,5.17,4.57,3.43,BI,anti,A,4.49,4.57,3.05,3.63,3.29,3.58,3.92,3.76,0.08,5.81,0.67,5.64,0.36,39.24,0.22,C3'-endo
95,95,0.79,A,A,A,1,0,0,0,0,.,85,1,cWW,cW-W,4.36,2.91,1.76,1.36,4.18,4.89,5.57,3.17,..,anti,A,4.74,4.79,2.99,3.80,3.14,3.83,3.55,4.38,0.08,5.81,0.67,5.64,0.36,39.25,0.22,C3'-endo
96,96,0.79,U,U,U,0,0,0,1,0,),84,1,cWW,cW-W,5.14,2.62,1.30,1.37,3.89,5.02,5.16,3.16,BI,anti,A,4.65,4.66,2.92,3.83,3.27,3.79,4.16,4.26,0.03,5.85,0.65,5.64,0.38,38.41,0.27,C3'-endo
97,97,0.80,A,A,A,1,0,0,0,0,),83,1,cWW,cW-W,5.35,3.27,0.51,1.44,3.80,4.87,5.21,3.43,BI,anti,A,4.49,4.67,2.89,3.60,3.06,3.73,3.79,4.11,0.10,5.83,0.62,5.70,0.31,36.20,0.18,C3'-endo
98,98,0.81,C,C,C,0,1,0,0,0,),82,1,cWW,cW-W,5.40,3.05,0.70,1.46,3.66,5.11,4.83,3.68,BI,anti,.,4.06,4.54,2.99,4.35,3.17,4.13,3.63,4.39,0.04,5.89,0.57,5.72,0.33,34.00,0.26,C3'-endo
99,99,0.82,G,G,G,0,0,1,0,0,),81,1,cWW,cW-W,2.08,3.35,3.61,1.43,3.64,5.14,4.79,3.27,BI,anti,A,4.66,4.66,2.73,3.11,3.03,3.29,3.70,3.82,0.11,5.79,0.66,5.66,0.32,38.57,0.17,C3'-endo
100,100,0.83,C,C,C,0,1,0,0,0,),80,1,cWW,cW-W,5.11,3.25,0.96,1.39,3.54,5.53,4.29,3.49,BI,anti,.,4.38,4.54,3.02,4.06,3.24,4.15,3.87,5.01,0.03,5.86,0.64,5.65,0.38,37.84,0.28,C3'-endo
101,101,0.83,G,G,G,0,0,1,0,0,.,79,1,tSH,tm-M,4.82,3.18,1.19,1.43,3.82,4.09,6.01,3.56,..,anti,.,4.26,4.65,2.99,3.15,3.46,2.79,4.65,2.55,0.07,5.84,0.62,5.68,0.34,36.69,0.22,C3'-endo
102,102,0.84,A,A,A,1,0,0,0,0,.,78,1,tHW,tM-W,0.90,4.15,4.56,1.41,3.62,5.26,4.64,3.31,BI,anti,A,4.51,4.57,3.37,2.89,2.96,3.24,2.65,4.15,0.03,5.87,0.62,5.66,0.37,36.95,0.28,C3'-endo
103,103,0.85,A,A,A,1,0,0,0,0,.,76,1,tHH,tM+M,4.99,3.21,0.94,1.41,3.63,5.23,4.69,3.46,BI,anti,A,4.46,4.63,2.86,3.85,3.19,3.86,4.22,4.35,0.10,5.80,0.66,5.66,0.33,38.57,0.18,C3'-endo
104,104,0.86,A,A,A,1,0,0,0,0,.,75,1,tHS,tM-m,4.68,2.94,1.49,1.35,4.06,5.18,5.16,3.26,BI,anti,.,4.67,4.76,2.96,4.12,3.24,4.18,4.04,4.91,0.06,5.82,0.67,5.62,0.38,39.80,0.24,C3'-endo
105,105,0.87,C,C,C,0,1,0,0,0,.,74,1,cWW,cW-W,5.35,2.93,0.98,1.38,3.94,5.15,5.08,3.32,BI,anti,.,4.55,4.67,3.00,4.05,3.45,4.10,4.59,4.85,0.03,5.86,0.64,5.65,0.39,38.02,0.29,C3'-endo
106,106,0.88,U,U,U,0,0,0,1,0,),72,1,cWW,cW-W,5.29,3.04,0.79,1.34,3.69,5.02,4.95,3.54,BI,anti,A,4.33,4.66,2.83,3.68,3.19,3.73,4.29,4.30,0.04,5.83,0.67,5.61,0.40,40.17,0.27,C3'-endo
107,107,0.88,C,C,C,0,1,0,0,0,),71,1,cWW,cW-W,5.34,2.95,0.86,1.33,3.71,5.03,4.96,3.58,BI,anti,A,4.29,4.69,2.95,3.69,3.18,3.70,3.98,4.09,0.06,5.81,0.69,5.61,0.39,40.73,0.24,C3'-endo
108,108,0.89,A,A,A,1,0,0,0,0,),70,1,cWW,cW-W,5.30,2.97,0.84,1.34,3.69,5.01,4.96,3.39,BI,anti,A,4.56,4.67,2.92,3.66,3.13,3.69,3.77,4.10,0.05,5.81,0.68,5.61,0.39,40.45,0.25,C3'-endo
109,109,0.90,G,G,G,0,0,1,0,0,),69,1,cWW,cW-W,5.31,2.99,0.84,1.35,3.64,5.10,4.82,3.35,BI,anti,A,4.60,4.66,2.92,3.72,3.14,3.76,3.81,4.21,0.06,5.81,0.68,5.62,0.38,40.21,0.24,C3'-endo
110,110,0.91,G,G,G,0,0,1,0,0,),68,1,cWW,cW-W,5.20,3.04,1.05,1.41,3.62,5.16,4.75,3.31,BI,anti,A,4.39,4.49,3.07,3.80,3.33,3.93,4.02,4.37,6.27,5.90,0.61,5.65,0.41,36.87,0.35,C3'-endo
111,111,0.92,U,U,U,0,0,0,1,0,),67,1,cWW,cW-W,5.07,3.29,1.16,2.48,3.43,2.66,0.76,3.89,..,anti,.,2.15,2.20,3.05,2.02,3.64,1.68,4.25,1.98,5.86,0.63,5.69,0.37,0.03,36.54,2.77,C2'-endo
112,112,0.93,G,G,G,0,0,1,0,0,),9,1,cWW,cW-W,4.79,1.70,2.88,1.41,3.39,5.17,4.50,3.57,BI,anti,A,4.30,4.50,4.59,2.55,4.17,2.89,3.81,3.40,0.07,5.82,0.66,5.65,0.35,38.45,0.22,C3'-endo
113,113,0.93,C,C,C,0,1,0,0,0,),8,1,cWW,cW-W,4.93,3.20,1.05,1.39,3.51,5.45,4.35,3.57,BI,anti,A,4.30,4.57,2.94,3.98,3.13,4.01,3.73,4.66,0.06,5.83,0.65,5.65,0.36,38.26,0.23,C3'-endo
114,114,0.94,U,U,U,0,0,0,1,0,),7,1,cWW,cW-W,4.87,3.17,1.06,1.36,3.32,4.96,4.64,3.45,BI,anti,.,4.47,4.52,2.81,3.35,3.25,3.35,4.31,3.44,0.04,5.83,0.67,5.62,0.39,39.61,0.26,C3'-endo
115,115,0.95,G,G,G,0,0,1,0,0,),6,1,cWW,cW-W,5.05,3.31,0.98,1.39,3.58,5.03,4.84,3.31,BI,anti,A,4.50,4.55,3.09,3.62,3.10,3.67,3.26,4.05,0.01,5.87,0.63,5.65,0.39,37.72,0.30,C3'-endo
116,116,0.96,C,C,C,0,1,0,0,0,),5,1,cWW,cW-W,5.07,3.32,0.82,1.42,3.60,5.14,4.74,3.50,BI,anti,A,4.40,4.61,2.95,3.73,3.07,3.78,3.60,4.22,0.10,5.81,0.65,5.68,0.32,37.59,0.17,C3'-endo
117,117,0.97,A,A,A,1,0,0,0,0,),4,1,cWW,cW-W,5.05,3.04,0.99,1.37,3.59,5.20,4.67,3.45,BI,anti,A,4.48,4.63,2.86,3.80,3.13,3.82,3.83,4.24,0.05,5.83,0.67,5.62,0.39,39.82,0.26,C3'-endo
118,118,0.98,A,A,A,1,0,0,0,0,),3,1,cWW,cW-W,5.10,3.07,1.13,1.38,3.57,5.26,4.59,3.48,BI,anti,A,4.36,4.51,3.04,3.85,3.35,3.84,4.04,4.52,6.26,5.90,0.62,5.63,0.43,38.05,0.36,C3'-endo
119,119,0.98,U,U,U,0,0,0,1,0,),2,1,cWW,cW-W,4.97,3.14,1.03,1.40,3.27,5.17,4.39,3.61,BI,anti,A,4.20,4.41,2.86,3.57,3.21,3.52,4.22,3.80,6.27,5.89,0.62,5.64,0.41,37.46,0.34,C3'-endo
120,120,0.99,C,C,C,0,1,0,0,0,),1,1,cWW,cW-W,4.53,3.16,1.47,1.40,4.58,3.77,0.81,3.49,..,anti,.,3.98,4.65,3.18,3.71,3.26,3.60,3.62,3.65,6.28,5.89,0.61,5.65,0.40,37.20,0.33,C3'-endo
121,121,1.00,U,U,U,0,0,0,1,0,.,,0,,,1.39,4.64,4.90,2.55,,,,4.74,..,anti,-,,,,,,,,,5.89,0.63,5.67,0.41,6.27,37.07,2.84,C2'-endo
