index_chain,old_nt_resnum,nt_position,nt_name,nt_code,nt_align_code,is_A,is_C,is_G,is_U,is_other,dbn,paired,nb_interact,pair_type_LW,pair_type_DSSR,alpha,beta,gamma,delta,epsilon,zeta,epsilon_zeta,chi,bb_type,glyco_bond,form,ssZp,Dp,eta,theta,eta_prime,theta_prime,eta_base,theta_base,v0,v1,v2,v3,v4,amplitude,phase_angle,puckering
1,1,0.05,A,A,A,1,0,0,0,0,.,,0,,,,,3.25,1.65,3.93,4.98,5.23,3.35,BI,anti,A,4.49,4.69,,,,,,,0.33,5.68,0.62,5.84,0.07,36.31,6.07,C2'-exo
2,2,0.11,A,A,A,1,0,0,0,0,(,19,1,cWW,cW-W,5.18,2.91,0.93,1.43,3.66,5.04,4.91,3.53,BI,anti,A,4.26,4.64,2.83,3.78,3.19,3.79,4.09,4.26,0.14,5.73,0.74,5.61,0.33,42.73,0.13,C3'-endo
3,3,0.16,U,U,U,0,0,0,1,0,(,18,1,cWW,cW-W,5.11,2.94,0.95,1.47,3.93,4.82,5.40,3.55,BI,anti,A,4.20,4.68,2.93,3.78,3.19,3.73,3.91,4.10,0.10,5.75,0.74,5.58,0.38,43.08,0.20,C3'-endo
4,4,0.21,C,C,C,0,1,0,0,0,(,17,1,cWW,cW-W,4.98,2.65,1.16,1.37,3.68,4.97,4.99,3.34,BI,anti,A,4.64,4.64,2.74,3.71,2.99,3.67,3.67,4.06,6.22,5.86,0.72,5.51,0.53,44.52,0.40,C3'-endo
5,5,0.26,C,C,C,0,1,0,0,0,(,16,1,cWW,cW-W,5.17,3.05,0.89,1.34,3.62,5.15,4.76,3.47,BI,anti,A,4.52,4.68,2.94,3.77,3.12,3.83,3.78,4.48,6.23,5.88,0.69,5.55,0.50,42.71,0.39,C3'-endo
6,6,0.32,A,A,A,1,0,0,0,0,.,,0,,,4.95,3.06,1.05,1.40,3.65,5.15,4.78,3.28,BI,anti,A,4.76,4.70,2.89,3.84,3.19,3.86,4.13,4.42,0.06,5.79,0.72,5.58,0.41,42.77,0.25,C3'-endo
7,7,0.37,U,U,U,0,0,0,1,0,.,9,1,c.W,c.-W,4.99,3.09,1.05,1.42,3.76,4.94,5.11,3.51,BI,anti,.,4.42,4.70,2.98,3.61,3.24,3.84,4.08,4.04,0.01,5.82,0.70,5.56,0.44,42.36,0.31,C3'-endo
8,8,0.42,U,U,U,0,0,0,1,0,.,,0,,,5.14,3.94,1.07,2.37,4.86,1.33,3.53,3.91,..,anti,.,1.24,0.95,4.09,1.80,4.14,1.51,4.08,1.13,5.74,0.68,5.73,0.26,0.18,38.23,2.55,C2'-endo
9,9,0.47,G,G,G,0,0,1,0,0,.,7,1,cW.,cW-.,3.87,3.03,0.97,1.62,3.76,5.08,4.96,4.68,BI,anti,.,0.43,4.55,2.45,3.86,2.56,4.00,2.32,4.30,0.02,5.86,0.62,5.65,0.38,37.32,0.29,C3'-endo
10,10,0.53,C,C,C,0,1,0,0,0,.,,0,,,5.20,4.27,1.15,2.60,4.17,2.19,1.98,4.23,..,anti,.,1.99,1.52,4.20,2.44,4.40,2.11,4.08,2.49,5.76,0.77,5.57,0.43,0.06,44.36,2.74,C2'-endo
11,11,0.58,A,A,A,1,0,0,0,0,.,,0,,,5.02,2.48,0.80,1.48,3.78,4.87,5.19,3.36,BI,anti,A,4.59,4.67,3.14,3.82,3.10,3.80,3.31,4.33,0.03,5.84,0.66,5.62,0.40,39.31,0.29,C3'-endo
12,12,0.63,C,C,C,0,1,0,0,0,.,,0,,,5.18,2.81,0.98,1.52,,,,3.55,n/a,anti,-,,,,,,,,,0.04,5.82,0.69,5.60,0.40,41.06,0.27,C3'-endo
13,not resolved,0.68,-,-,-,0,0,0,0,1,,,0,,,,,,,,,,,,,,,,,,,,,,,,,,,,,
14,not resolved,0.74,-,-,-,0,0,0,0,1,,,0,,,,,,,,,,,,,,,,,,,,,,,,,,,,,
15,not resolved,0.79,-,-,-,0,0,0,0,1,,,0,,,,,,,,,,,,,,,,,,,,,,,,,,,,,
16,16,0.84,G,G,G,0,0,1,0,0,),5,1,cWW,cW-W,,2.40,1.13,1.42,3.86,4.74,5.40,3.15,BI,anti,A,4.84,4.80,,3.68,,3.63,,3.97,0.13,5.71,0.77,5.57,0.36,44.67,0.15,C3'-endo
17,17,0.89,G,G,G,0,0,1,0,0,),4,1,cWW,cW-W,5.47,3.03,0.61,1.45,3.50,5.20,4.58,3.26,BI,anti,A,4.71,4.69,3.03,3.76,3.22,3.85,3.83,4.35,0.17,5.74,0.68,5.67,0.28,39.19,0.09,C3'-endo
18,18,0.95,A,A,A,1,0,0,0,0,),3,1,cWW,cW-W,5.04,3.26,0.91,1.44,3.26,4.92,4.62,3.54,BI,anti,A,4.41,4.50,2.95,3.79,3.25,3.75,4.00,4.10,0.13,5.78,0.67,5.68,0.30,38.46,0.13,C3'-endo
19,19,1.00,U,U,U,0,0,0,1,0,),2,1,cWW,cW-W,3.57,3.68,2.04,1.08,,,,3.38,n/a,anti,-,,,,,,,,,0.06,5.82,0.65,5.65,0.37,38.38,0.23,C3'-endo
