index_chain,old_nt_resnum,nt_position,nt_name,nt_code,nt_align_code,is_A,is_C,is_G,is_U,is_other,dbn,paired,nb_interact,pair_type_LW,pair_type_DSSR,alpha,beta,gamma,delta,epsilon,zeta,epsilon_zeta,chi,bb_type,glyco_bond,form,ssZp,Dp,eta,theta,eta_prime,theta_prime,eta_base,theta_base,v0,v1,v2,v3,v4,amplitude,phase_angle,puckering
1,43,0.02,A,A,A,1,0,0,0,0,(,58,1,cWW,cW-W,,3.81,2.99,1.44,3.76,5.10,4.94,3.32,BI,anti,A,4.51,4.65,,3.65,,3.60,,3.99,0.13,5.79,0.66,5.68,0.30,38.28,0.14,C3'-endo
2,44,0.03,A,A,A,1,0,0,0,0,(,57,1,cWW,cW-W,5.05,3.11,1.09,1.37,3.80,5.10,4.98,3.48,BI,anti,A,4.28,4.57,2.97,3.88,3.24,3.88,3.90,4.63,0.00,5.85,0.67,5.60,0.43,40.37,0.32,C3'-endo
3,45,0.05,C,C,C,0,1,0,0,0,(,16,1,cWW,cW-W,4.98,2.86,1.23,1.36,3.24,4.80,4.73,3.43,BI,anti,A,4.36,4.41,2.77,3.87,3.18,3.76,4.32,4.33,6.26,5.87,0.66,5.59,0.45,40.58,0.35,C3'-endo
4,46,0.07,G,G,G,0,0,1,0,0,(,"15,19",2,"cWW,tSW","cW-W,tm+W",3.05,3.97,2.58,1.37,3.90,4.83,5.35,3.20,BI,anti,A,4.44,4.55,2.84,3.71,3.16,3.66,4.08,4.05,6.25,5.91,0.61,5.64,0.43,37.56,0.37,C3'-endo
5,47,0.09,C,C,C,0,1,0,0,0,(,14,1,cWW,cW-W,5.29,3.02,0.86,1.44,3.66,4.19,5.75,3.52,BI,anti,.,4.24,4.49,2.97,3.66,3.17,3.91,3.80,3.93,6.25,5.92,0.60,5.65,0.42,36.91,0.37,C3'-endo
6,48,0.10,A,A,A,1,0,0,0,0,.,,0,,,1.35,2.36,6.07,2.58,4.62,4.44,0.18,4.98,..,anti,.,0.42,0.88,4.00,5.34,4.08,4.29,3.84,3.79,5.92,0.62,5.66,0.43,6.24,36.93,2.89,C2'-endo
7,49,0.12,G,G,G,0,0,1,0,0,[,34,1,cWW,cW-W,1.32,3.42,1.74,1.43,3.75,5.10,4.94,3.29,BI,anti,A,4.63,4.69,6.08,3.92,0.77,3.89,1.39,4.27,0.10,5.80,0.66,5.66,0.33,38.66,0.19,C3'-endo
8,50,0.14,C,C,C,0,1,0,0,0,[,33,1,cWW,cW-W,5.05,3.10,1.08,1.40,3.55,0.49,3.06,3.43,..,anti,.,4.47,4.57,2.95,5.88,3.25,5.04,3.99,5.59,6.28,5.88,0.64,5.63,0.42,38.60,0.33,C3'-endo
9,51,0.16,U,U,U,0,0,0,1,0,.,,0,,,1.90,1.78,3.01,2.37,3.90,3.42,0.48,1.00,..,syn,.,-1.87,2.10,1.98,2.07,2.52,1.97,3.73,1.67,5.95,0.47,5.86,0.25,0.05,26.99,2.71,C2'-endo
10,52,0.17,A,A,A,1,0,0,0,0,.,,0,,,1.11,3.66,3.15,1.38,4.02,4.90,5.40,3.11,BI,anti,A,4.83,4.81,1.89,3.50,1.77,3.58,2.09,4.17,0.16,5.73,0.72,5.63,0.31,41.73,0.11,C3'-endo
11,53,0.19,G,G,G,0,0,1,0,0,.,,0,,,5.38,2.94,0.93,1.38,4.03,4.95,5.37,3.27,BI,anti,A,4.62,4.73,3.07,3.93,3.31,3.99,4.11,4.69,0.07,5.81,0.69,5.62,0.38,40.33,0.23,C3'-endo
12,54,0.21,C,C,C,0,1,0,0,0,.,,0,,,5.16,2.82,1.10,1.39,3.77,5.45,4.61,3.25,BI,anti,.,4.61,4.66,2.86,4.23,3.19,4.22,4.23,4.95,0.04,5.83,0.67,5.63,0.38,39.42,0.26,C3'-endo
13,55,0.22,U,U,U,0,0,0,1,0,.,20,1,cWH,cW+M,4.82,3.07,1.25,1.34,3.83,5.09,5.02,3.30,BI,anti,A,4.48,4.58,2.87,3.83,3.34,3.85,4.54,4.55,6.25,5.90,0.64,5.61,0.44,39.31,0.37,C3'-endo
14,56,0.24,G,G,G,0,0,1,0,0,),5,1,cWW,cW-W,4.94,2.88,1.22,1.36,3.84,5.02,5.11,3.30,BI,anti,A,4.57,4.65,2.83,3.82,3.15,3.84,4.17,4.43,0.01,5.85,0.67,5.61,0.42,40.05,0.31,C3'-endo
15,57,0.26,C,C,C,0,1,0,0,0,),4,1,cWW,cW-W,4.99,2.85,1.33,1.41,3.55,4.99,4.84,3.43,BI,anti,A,4.33,4.46,2.92,3.66,3.29,3.71,4.21,4.00,6.27,5.88,0.64,5.61,0.43,39.24,0.35,C3'-endo
16,58,0.28,G,G,G,0,0,1,0,0,),"3,17",2,"cWW,cSW","cW-W,cm-W",5.05,3.17,1.41,2.52,4.57,2.29,2.28,4.00,BII,anti,.,0.80,0.87,3.70,2.84,4.04,2.75,4.29,3.05,5.85,0.65,5.67,0.37,0.03,37.56,2.76,C2'-endo
17,59,0.29,A,A,A,1,0,0,0,0,.,16,1,cWS,cW-m,0.62,2.39,5.27,2.60,4.55,1.77,2.78,0.90,..,syn,.,-0.85,0.90,3.68,1.39,3.44,0.67,3.51,6.23,5.93,0.62,5.66,0.43,6.23,36.92,2.89,C2'-endo
18,60,0.31,G,G,G,0,0,1,0,0,.,54,1,tWS,tW+m,3.24,2.21,5.93,2.67,5.07,3.86,1.21,3.85,..,anti,.,-0.18,0.10,0.44,4.94,0.91,4.83,1.42,5.30,5.92,0.64,5.62,0.47,6.21,39.02,2.92,C2'-endo
19,61,0.33,A,A,A,1,0,0,0,0,.,4,1,tWS,tW+m,5.86,2.32,0.93,1.38,3.90,2.91,0.99,3.55,BII,anti,.,4.23,4.68,3.24,2.28,3.91,2.69,4.32,3.22,0.03,5.84,0.67,5.61,0.41,40.09,0.29,C3'-endo
20,62,0.34,A,A,A,1,0,0,0,0,.,13,1,cHW,cM+W,2.41,3.69,3.87,2.55,4.58,1.14,3.44,0.83,..,syn,.,-0.79,0.82,4.88,0.69,4.00,0.75,3.25,0.88,5.91,0.61,5.68,0.41,6.26,36.03,2.86,C2'-endo
21,63,0.36,U,U,U,0,0,0,1,0,.,,0,,,1.77,3.27,3.86,1.39,3.54,4.90,4.93,3.46,BI,anti,.,4.45,4.53,3.40,2.70,3.20,3.03,3.79,3.62,6.26,5.91,0.61,5.64,0.42,37.55,0.36,C3'-endo
22,64,0.38,U,U,U,0,0,0,1,0,(,53,1,cWW,cW-W,4.92,3.51,0.88,1.42,3.70,5.06,4.93,3.16,BI,anti,A,4.65,4.65,3.04,3.79,3.04,3.91,3.53,4.53,0.06,5.83,0.65,5.65,0.36,38.50,0.24,C3'-endo
23,65,0.40,A,A,A,1,0,0,0,0,.,51,1,cWW,cW-W,5.12,3.02,1.08,1.49,3.83,5.01,5.10,3.24,BI,anti,A,4.52,4.59,3.07,3.94,3.35,3.95,4.19,4.65,0.03,5.89,0.59,5.70,0.35,35.09,0.28,C3'-endo
24,66,0.41,A,A,A,1,0,0,0,0,(,50,1,cWW,cW-W,5.10,2.93,0.97,1.43,3.72,5.08,4.93,3.34,BI,anti,A,4.44,4.58,2.84,3.87,3.17,3.87,4.22,4.23,0.05,5.85,0.64,5.66,0.37,37.70,0.25,C3'-endo
25,67,0.43,U,U,U,0,0,0,1,0,(,49,1,cWW,cW-W,5.11,3.18,0.83,1.38,3.37,4.66,5.00,3.51,BI,anti,A,4.29,4.43,2.86,3.79,3.11,3.75,3.75,4.22,6.28,5.88,0.64,5.62,0.42,38.93,0.33,C3'-endo
26,68,0.45,G,G,G,0,0,1,0,0,(,48,1,cWW,cW-W,2.85,3.88,2.85,1.42,4.29,4.98,5.60,3.07,..,anti,.,4.52,4.57,3.01,3.99,3.21,4.02,3.89,4.89,6.27,5.92,0.59,5.66,0.40,36.25,0.35,C3'-endo
27,69,0.47,U,U,U,0,0,0,1,0,.,47,1,cWW,cW-W,5.36,2.71,0.93,1.44,4.09,4.63,5.75,3.49,..,anti,.,3.98,4.41,2.86,3.90,3.30,4.09,4.51,5.01,6.20,5.97,0.57,5.65,0.45,36.45,0.45,C3'-endo
28,70,0.48,G,G,G,0,0,1,0,0,.,46,1,tSH,tm-M,5.73,2.50,0.96,2.44,4.03,3.07,0.95,4.21,BII,anti,.,2.07,2.03,3.12,2.99,3.81,2.85,4.81,3.13,5.92,0.56,5.76,0.32,0.02,32.04,2.77,C2'-endo
29,71,0.50,A,A,A,1,0,0,0,0,.,45,1,tHS,tM-m,5.19,2.63,1.02,2.56,4.26,2.03,2.23,4.02,..,anti,.,0.93,1.09,3.56,2.86,3.70,2.46,3.76,2.78,5.90,0.63,5.66,0.42,6.26,37.01,2.85,C2'-endo
30,72,0.52,A,A,A,1,0,0,0,0,.,37,1,cWW,cW-W,1.42,4.71,3.51,1.50,3.96,5.22,5.02,2.92,BI,anti,A,4.63,4.72,4.01,3.57,3.85,3.67,4.20,4.34,0.14,5.80,0.63,5.72,0.27,36.36,0.11,C3'-endo
31,73,0.53,U,U,U,0,0,0,1,0,.,,0,,,4.74,3.29,1.13,1.44,3.81,5.47,4.62,3.29,BI,anti,.,4.48,4.58,2.83,4.32,3.21,4.37,4.19,5.22,0.02,5.87,0.63,5.65,0.39,37.50,0.30,C3'-endo
32,74,0.55,U,U,U,0,0,0,1,0,.,,0,,,4.77,3.11,1.16,1.43,3.22,4.65,4.85,3.51,BI,anti,.,4.16,4.27,2.72,3.12,3.31,2.47,4.63,1.68,6.23,5.95,0.57,5.66,0.43,35.85,0.41,C3'-endo
33,75,0.57,G,G,G,0,0,1,0,0,],8,1,cWW,cW-W,3.40,2.66,0.87,1.38,3.64,4.99,4.94,3.31,BI,anti,A,4.55,4.60,0.93,3.76,0.94,3.74,0.83,4.17,0.04,5.84,0.66,5.62,0.39,39.55,0.27,C3'-endo
34,76,0.59,C,C,C,0,1,0,0,0,],7,1,cWW,cW-W,5.13,3.13,0.98,1.33,3.82,5.19,4.92,3.38,BI,anti,.,4.56,4.69,2.98,3.90,3.13,3.92,3.83,4.42,0.06,5.80,0.71,5.60,0.39,41.69,0.24,C3'-endo
35,77,0.60,A,A,A,1,0,0,0,0,.,,0,,,4.89,2.79,1.57,1.36,3.73,5.00,5.01,3.47,BI,anti,.,4.36,4.58,3.03,3.67,3.38,3.68,4.18,4.58,6.24,5.91,0.63,5.62,0.45,38.83,0.38,C3'-endo
36,78,0.62,G,G,G,0,0,1,0,0,.,,0,,,5.21,2.89,0.96,1.49,3.75,4.87,5.16,3.62,BI,anti,.,4.13,4.61,2.93,3.81,3.26,3.81,4.42,4.47,0.09,5.84,0.62,5.70,0.31,36.10,0.19,C3'-endo
37,79,0.64,G,G,G,0,0,1,0,0,.,30,1,cWW,cW-W,5.31,2.87,0.88,1.46,3.17,4.67,4.78,3.71,BI,anti,.,4.05,4.41,2.88,3.76,3.22,3.54,4.18,4.52,0.12,5.81,0.64,5.70,0.30,36.87,0.14,C3'-endo
38,80,0.66,A,A,A,1,0,0,0,0,.,,0,,,2.72,3.83,3.05,1.40,4.12,5.08,5.32,0.02,..,syn,.,-4.51,4.54,3.06,3.89,3.16,3.97,4.41,3.80,6.21,5.96,0.58,5.65,0.45,36.58,0.44,C3'-endo
39,81,0.67,C,C,C,0,1,0,0,0,.,,0,,,5.39,2.82,0.68,1.34,4.61,3.68,0.93,3.60,..,anti,.,3.73,4.78,2.84,4.51,3.27,4.00,3.42,3.29,0.08,5.80,0.68,5.63,0.36,39.94,0.21,C3'-endo
40,82,0.69,A,A,A,1,0,0,0,0,.,,0,,,3.08,4.43,5.82,1.48,3.80,0.91,2.89,2.91,..,anti,.,4.55,4.72,5.85,5.09,6.16,4.57,0.17,4.20,0.25,5.68,0.71,5.70,0.21,40.87,6.25,C2'-exo
41,83,0.71,C,C,C,0,1,0,0,0,.,,0,,,3.17,2.53,5.58,2.76,4.80,4.11,0.69,3.75,..,anti,.,0.26,0.41,6.19,4.36,0.88,3.86,1.01,3.73,5.96,0.64,5.59,0.53,6.15,40.30,3.00,C2'-endo
42,84,0.72,A,A,A,1,0,0,0,0,.,,0,,,4.50,3.55,5.58,2.58,3.74,1.40,2.34,3.17,..,anti,.,1.35,1.94,1.58,1.46,2.05,1.56,2.35,1.74,6.01,0.54,5.69,0.45,6.17,34.07,3.00,C2'-endo
43,85,0.74,U,U,U,0,0,0,1,0,.,,0,,,1.74,5.03,4.25,1.35,3.50,4.51,5.28,3.37,BI,anti,.,4.55,4.59,5.36,1.13,4.78,1.26,4.53,1.03,0.05,5.82,0.69,5.61,0.40,40.72,0.26,C3'-endo
44,86,0.76,U,U,U,0,0,0,1,0,.,45,1,cSH,cm+M,5.70,5.01,4.65,2.54,5.23,3.63,1.60,4.29,..,anti,.,-0.41,1.01,3.69,3.02,3.07,2.78,2.52,2.23,6.07,0.48,5.74,0.44,6.14,31.31,3.07,C2'-endo
45,87,0.78,G,G,G,0,0,1,0,0,.,"29,44",2,"tSH,cHS","tm-M,cM+m",0.34,3.97,3.08,2.54,4.67,2.02,2.65,4.20,..,anti,.,0.87,0.86,2.26,1.55,2.46,2.02,2.18,2.67,5.88,0.63,5.67,0.39,0.00,36.98,2.81,C2'-endo
46,88,0.79,A,A,A,1,0,0,0,0,.,28,1,tHS,tM-m,3.00,4.05,1.66,1.46,3.76,5.31,4.74,3.32,BI,anti,.,4.44,4.56,3.07,4.32,2.80,4.31,3.16,5.11,0.04,5.86,0.62,5.67,0.37,36.84,0.27,C3'-endo
47,89,0.81,U,U,U,0,0,0,1,0,.,27,1,cWW,cW-W,4.91,2.94,1.22,1.50,4.09,4.75,5.62,3.47,..,anti,.,4.04,4.45,2.97,3.83,3.43,3.80,4.66,4.30,6.28,5.93,0.57,5.70,0.37,34.30,0.34,C3'-endo
48,90,0.83,C,C,C,0,1,0,0,0,),26,1,cWW,cW-W,5.08,2.55,1.19,1.37,3.69,4.97,5.01,3.53,BI,anti,A,4.31,4.58,2.73,3.69,3.05,3.61,3.86,4.03,0.01,5.86,0.65,5.62,0.42,39.43,0.32,C3'-endo
49,91,0.84,A,A,A,1,0,0,0,0,),25,1,cWW,cW-W,4.99,2.84,1.26,1.36,3.87,5.04,5.11,3.36,BI,anti,A,4.58,4.73,2.94,3.88,3.16,3.89,3.90,4.39,0.06,5.81,0.69,5.61,0.39,40.66,0.24,C3'-endo
50,92,0.86,U,U,U,0,0,0,1,0,),24,1,cWW,cW-W,5.20,2.75,1.30,1.40,3.94,5.23,4.99,3.36,BI,anti,.,4.43,4.60,3.11,4.13,3.46,4.17,4.29,5.06,6.27,5.89,0.62,5.64,0.42,37.96,0.34,C3'-endo
51,93,0.88,C,C,C,0,1,0,0,0,.,23,1,cWW,cW-W,5.10,2.95,1.03,1.40,3.05,4.60,4.74,3.61,BI,anti,.,4.14,4.29,2.79,2.80,3.36,2.23,4.67,1.28,0.01,5.88,0.62,5.65,0.40,37.57,0.31,C3'-endo
52,94,0.90,G,G,G,0,0,1,0,0,.,,0,,,4.18,2.66,0.83,2.43,4.77,4.17,0.60,4.87,..,anti,.,0.54,0.69,2.13,4.39,2.07,4.27,1.64,5.02,5.78,0.69,5.69,0.32,0.11,38.79,2.65,C2'-endo
53,95,0.91,A,A,A,1,0,0,0,0,),22,1,cWW,cW-W,5.16,2.69,0.86,1.38,3.94,4.95,5.28,3.21,BI,anti,A,4.60,4.67,2.85,3.92,3.35,3.95,3.87,4.68,0.03,5.84,0.66,5.62,0.40,39.62,0.28,C3'-endo
54,96,0.93,C,C,C,0,1,0,0,0,.,18,1,tSW,tm+W,5.23,2.90,0.91,1.46,3.57,5.13,4.72,3.44,BI,anti,A,4.48,4.58,2.80,3.86,3.14,3.86,4.24,4.62,0.05,5.85,0.63,5.67,0.36,37.00,0.25,C3'-endo
55,97,0.95,A,A,A,1,0,0,0,0,.,,0,,,4.89,2.94,1.28,1.51,3.80,5.09,5.00,3.45,BI,anti,.,4.32,4.53,2.98,3.99,3.31,3.97,4.40,4.58,0.02,5.91,0.57,5.72,0.34,33.82,0.29,C3'-endo
56,98,0.97,C,C,C,0,1,0,0,0,.,,0,,,4.98,2.95,1.17,1.49,4.34,2.88,1.46,3.67,BII,anti,.,3.68,4.62,3.07,1.81,3.38,2.13,4.23,2.52,0.00,5.92,0.57,5.70,0.37,34.60,0.32,C3'-endo
57,99,0.98,U,U,U,0,0,0,1,0,),2,1,cWW,cW-W,4.37,3.16,0.88,1.46,3.73,5.17,4.84,3.36,BI,anti,A,4.45,4.56,3.16,3.94,2.87,3.99,2.54,4.49,0.02,5.89,0.59,5.69,0.37,35.49,0.30,C3'-endo
58,100,1.00,U,U,U,0,0,0,1,0,),1,1,cWW,cW-W,4.90,3.23,1.01,1.40,,,,3.58,n/a,anti,-,,,,,,,,,0.01,5.89,0.61,5.66,0.39,36.91,0.32,C3'-endo
