index_chain,old_nt_resnum,nt_position,nt_name,nt_code,nt_align_code,is_A,is_C,is_G,is_U,is_other,dbn,paired,nb_interact,pair_type_LW,pair_type_DSSR,alpha,beta,gamma,delta,epsilon,zeta,epsilon_zeta,chi,bb_type,glyco_bond,form,ssZp,Dp,eta,theta,eta_prime,theta_prime,eta_base,theta_base,v0,v1,v2,v3,v4,amplitude,phase_angle,puckering
1,4,0.07,A,A,A,1,0,0,0,0,.,,0,,,,3.28,0.95,1.40,3.66,4.93,5.01,3.24,BI,anti,A,4.66,4.66,,3.63,,3.71,,4.14,0.06,5.84,0.64,5.66,0.36,37.90,0.24,C3'-endo
2,5,0.14,C,C,C,0,1,0,0,0,.,,0,,,5.18,3.03,1.04,1.44,3.91,5.16,5.03,3.29,BI,anti,.,4.57,4.65,3.12,4.09,3.29,4.13,3.87,4.94,0.04,5.87,0.61,5.67,0.36,36.50,0.27,C3'-endo
3,6,0.21,C,C,C,0,1,0,0,0,),0,1,cWW,cW-W,5.10,2.92,1.00,1.40,3.69,4.92,5.05,3.35,BI,anti,A,4.57,4.63,2.79,3.68,3.21,3.68,4.43,3.98,0.04,5.85,0.64,5.65,0.38,38.07,0.27,C3'-endo
4,7,0.29,U,U,U,0,0,0,1,0,),0,1,cWW,cW-W,5.23,2.95,0.99,1.38,3.85,4.90,5.23,3.34,BI,anti,A,4.53,4.64,3.02,3.76,3.20,3.80,3.72,4.32,0.01,5.87,0.64,5.63,0.40,38.54,0.31,C3'-endo
5,8,0.36,C,C,C,0,1,0,0,0,),0,1,cWW,cW-W,5.29,2.84,0.98,1.38,3.82,4.88,5.23,3.37,BI,anti,A,4.44,4.59,2.95,3.77,3.20,3.81,3.97,4.27,6.27,5.89,0.63,5.63,0.42,38.40,0.34,C3'-endo
6,9,0.43,U,U,U,0,0,0,1,0,),0,1,cWW,cW-W,5.41,2.84,0.93,1.46,3.78,4.80,5.25,3.55,BI,anti,.,3.87,4.26,3.06,3.68,3.33,3.77,3.98,5.01,6.19,6.01,0.51,5.70,0.42,33.16,0.48,C3'-endo
7,10,0.50,G,G,G,0,0,1,0,0,.,,0,,,5.36,3.17,0.71,2.42,4.43,1.84,2.59,1.28,..,syn,.,-1.42,1.33,3.30,2.27,3.57,1.68,4.78,0.40,5.81,0.64,5.73,0.30,0.11,35.98,2.65,C2'-endo
8,11,0.57,C,C,C,0,1,0,0,0,.,,0,,,0.84,2.90,1.29,1.37,3.92,4.88,5.32,3.56,BI,anti,.,4.19,4.61,6.01,3.72,5.95,3.87,0.90,4.07,6.24,5.92,0.61,5.63,0.43,37.53,0.39,C3'-endo
9,12,0.64,U,U,U,0,0,0,1,0,.,,0,,,5.10,3.38,0.97,2.50,4.81,2.09,2.72,3.82,..,anti,.,0.58,0.62,3.51,2.80,3.78,2.32,3.96,2.85,5.89,0.61,5.70,0.37,0.01,35.34,2.79,C2'-endo
10,13,0.71,U,U,U,0,0,0,1,0,.,,0,,,0.75,2.60,1.14,2.51,4.61,5.21,5.68,4.07,..,anti,.,0.90,0.88,5.98,5.58,6.10,4.98,5.49,5.46,5.87,0.64,5.68,0.38,0.02,36.76,2.78,C2'-endo
11,14,0.79,C,C,C,0,1,0,0,0,.,,0,,,4.54,3.15,0.67,1.43,3.71,3.81,6.19,3.56,..,anti,.,4.26,4.55,1.85,2.53,2.68,2.88,3.31,2.97,6.27,5.92,0.59,5.67,0.39,35.65,0.35,C3'-endo
12,15,0.86,U,U,U,0,0,0,1,0,.,,0,,,5.57,3.07,0.71,2.49,3.70,2.08,1.62,3.61,..,anti,.,1.46,1.88,3.46,1.72,3.39,1.61,3.00,2.03,5.87,0.63,5.69,0.38,0.02,36.59,2.78,C2'-endo
13,16,0.93,G,G,G,0,0,1,0,0,.,,0,,,5.12,2.85,0.60,1.45,3.39,4.82,4.85,3.47,BI,anti,A,4.31,4.44,3.10,3.99,3.08,3.92,2.90,4.46,0.05,5.87,0.60,5.70,0.34,35.47,0.24,C3'-endo
14,17,1.00,C,C,C,0,1,0,0,0,.,,0,,,3.11,3.82,2.45,1.38,,,,3.38,n/a,anti,-,,,,,,,,,6.28,5.88,0.63,5.64,0.40,37.80,0.33,C3'-endo
