index_chain,old_nt_resnum,nt_position,nt_name,nt_code,nt_align_code,is_A,is_C,is_G,is_U,is_other,dbn,paired,nb_interact,pair_type_LW,pair_type_DSSR,alpha,beta,gamma,delta,epsilon,zeta,epsilon_zeta,chi,bb_type,glyco_bond,form,ssZp,Dp,eta,theta,eta_prime,theta_prime,eta_base,theta_base,v0,v1,v2,v3,v4,amplitude,phase_angle,puckering
1,143,0.01,G,G,G,0,0,1,0,0,.,,0,,,,4.51,4.75,2.58,4.02,4.75,5.55,1.14,..,syn,.,-1.78,1.66,,3.45,,3.81,,4.39,5.88,0.65,5.65,0.41,6.27,38.00,2.83,C2'-endo
2,144,0.02,G,G,G,0,0,1,0,0,(,106,1,cWW,cW-W,4.75,3.46,1.17,1.39,3.58,5.11,4.76,3.21,BI,anti,A,4.72,4.69,3.04,3.77,3.54,3.82,3.76,4.28,0.09,5.80,0.67,5.65,0.34,39.13,0.20,C3'-endo
3,145,0.03,G,G,G,0,0,1,0,0,(,105,1,cWW,cW-W,4.81,3.18,1.25,1.42,3.92,4.82,5.38,3.25,BI,anti,A,4.68,4.74,3.03,3.78,3.24,3.81,3.94,4.16,0.12,5.80,0.65,5.69,0.30,37.56,0.15,C3'-endo
4,146,0.04,U,U,U,0,0,0,1,0,(,104,1,cWW,cW-W,5.36,2.92,0.88,1.43,3.64,5.05,4.88,3.50,BI,anti,A,4.39,4.59,2.97,3.75,3.20,3.74,3.79,4.18,0.04,5.87,0.60,5.69,0.35,35.77,0.26,C3'-endo
5,147,0.05,C,C,C,0,1,0,0,0,(,103,1,cWW,cW-W,4.69,3.01,1.36,1.41,3.75,4.93,5.10,3.47,BI,anti,A,4.43,4.66,2.87,3.74,3.11,3.72,3.81,4.19,0.04,5.86,0.63,5.66,0.37,37.38,0.27,C3'-endo
6,148,0.06,U,U,U,0,0,0,1,0,(,102,1,cWW,cW-W,5.15,2.98,0.92,1.38,3.68,4.98,4.99,3.49,BI,anti,A,4.47,4.70,2.85,3.72,3.09,3.71,3.83,4.28,0.09,5.82,0.65,5.66,0.34,38.19,0.20,C3'-endo
7,149,0.07,C,C,C,0,1,0,0,0,(,101,1,cWW,cW-W,5.15,2.81,1.10,1.36,3.86,4.83,5.32,3.38,BI,anti,A,4.58,4.74,2.92,3.69,3.16,3.68,4.04,3.91,0.08,5.80,0.68,5.63,0.36,39.99,0.21,C3'-endo
8,150,0.08,G,G,G,0,0,1,0,0,(,100,1,cWW,cW-W,5.26,2.92,0.95,1.36,3.79,4.98,5.09,3.32,BI,anti,A,4.59,4.69,2.95,3.79,3.13,3.81,3.60,4.41,0.04,5.84,0.67,5.62,0.39,39.58,0.27,C3'-endo
9,151,0.08,C,C,C,0,1,0,0,0,(,99,1,cWW,cW-W,5.44,3.02,0.72,1.33,3.38,4.83,4.83,3.48,BI,anti,A,4.52,4.61,2.92,3.86,3.19,3.79,4.09,4.16,0.05,5.83,0.67,5.63,0.38,39.52,0.26,C3'-endo
10,152,0.09,G,G,G,0,0,1,0,0,(,98,1,cWW,cW-W,2.68,3.67,3.09,1.47,4.10,4.81,5.58,3.15,..,anti,A,4.62,4.70,3.00,3.58,3.23,3.66,3.89,4.15,0.12,5.81,0.63,5.70,0.29,36.35,0.14,C3'-endo
11,153,0.10,G,G,G,0,0,1,0,0,(,97,1,cWW,cW-W,5.58,2.89,0.76,1.49,4.82,3.44,1.38,3.61,BII,anti,.,3.34,4.40,3.37,5.22,3.57,3.59,4.11,3.69,6.25,5.96,0.54,5.70,0.39,33.61,0.39,C3'-endo
12,154,0.11,A,A,A,1,0,0,0,0,.,"31,85",2,"cWS,cHS","cW-m,cM+m",1.96,1.50,3.16,1.43,3.76,5.04,5.01,3.19,BI,anti,.,4.60,4.63,6.06,2.58,1.14,2.99,0.93,3.48,0.04,5.87,0.61,5.68,0.36,36.44,0.26,C3'-endo
13,155,0.12,A,A,A,1,0,0,0,0,.,"30,86",2,"cWS,cHW","cW-m,cM+W",5.26,3.28,0.72,1.38,3.76,5.03,5.02,3.39,BI,anti,A,4.49,4.63,3.02,3.76,3.17,3.86,3.63,4.61,6.28,5.88,0.63,5.63,0.41,38.19,0.33,C3'-endo
14,156,0.13,C,C,C,0,1,0,0,0,(,29,1,cWW,cW-W,5.37,2.89,0.85,1.37,3.77,4.85,5.20,3.46,BI,anti,A,4.48,4.68,2.95,3.65,3.24,3.68,4.23,3.95,0.07,5.83,0.65,5.66,0.35,37.98,0.22,C3'-endo
15,157,0.14,C,C,C,0,1,0,0,0,(,28,1,cWW,cW-W,5.43,2.98,0.79,1.37,3.63,4.61,5.31,3.45,BI,anti,.,4.40,4.55,3.02,3.81,3.19,3.59,3.62,3.59,6.28,5.89,0.62,5.65,0.40,37.47,0.33,C3'-endo
16,158,0.15,G,G,G,0,0,1,0,0,(,27,1,cWW,cW-W,1.90,3.61,3.69,1.51,4.14,4.92,5.50,3.15,..,anti,.,4.83,4.84,2.85,3.44,2.92,3.62,3.21,4.26,0.27,5.70,0.67,5.75,0.17,38.41,6.21,C2'-exo
17,159,0.16,G,G,G,0,0,1,0,0,(,26,1,cWW,cW-W,5.44,2.74,1.02,1.34,3.69,4.87,5.10,3.19,BI,anti,A,4.69,4.67,2.94,3.59,3.34,3.61,4.26,3.95,0.01,5.86,0.65,5.62,0.41,39.12,0.32,C3'-endo
18,160,0.17,U,U,U,0,0,0,1,0,(,25,1,cWW,cW-W,5.43,3.19,0.66,1.39,3.74,5.08,4.95,3.44,BI,anti,A,4.47,4.67,3.08,3.76,3.17,3.78,3.64,4.11,0.06,5.84,0.65,5.65,0.36,38.24,0.24,C3'-endo
19,161,0.18,G,G,G,0,0,1,0,0,(,24,1,cWW,cW-W,4.49,2.80,1.68,1.37,3.93,5.03,5.18,3.21,BI,anti,A,4.63,4.68,2.82,3.86,3.09,3.82,3.67,4.35,0.03,5.85,0.66,5.62,0.40,39.32,0.29,C3'-endo
20,162,0.19,A,A,A,1,0,0,0,0,.,,0,,,5.29,2.88,1.02,1.34,3.54,5.21,4.61,3.34,BI,anti,.,4.46,4.51,2.93,3.78,3.27,3.93,4.18,4.80,6.22,5.92,0.63,5.60,0.47,39.17,0.41,C3'-endo
21,163,0.20,G,G,G,0,0,1,0,0,.,22,1,cSS,cm-m,4.99,3.26,1.29,2.56,4.64,3.20,1.45,4.24,BII,anti,.,0.85,0.85,3.57,3.16,4.08,2.78,4.93,2.99,5.90,0.62,5.68,0.39,6.27,36.20,2.83,C2'-endo
22,164,0.21,U,U,U,0,0,0,1,0,.,21,1,cSS,cm-m,4.92,1.03,3.00,1.32,3.81,5.29,4.81,3.40,BI,anti,.,4.50,4.67,4.44,2.84,4.02,3.32,4.27,4.39,6.27,5.88,0.64,5.62,0.42,38.99,0.34,C3'-endo
23,165,0.22,A,A,A,1,0,0,0,0,.,88,1,cSS,cm-m,5.02,2.98,1.12,1.44,4.63,1.55,3.08,3.46,..,anti,.,4.14,4.76,3.11,1.45,3.51,1.11,4.72,1.11,0.04,5.86,0.62,5.67,0.36,36.83,0.26,C3'-endo
24,166,0.23,C,C,C,0,1,0,0,0,),19,1,cWW,cW-W,1.14,3.31,3.31,1.37,3.57,5.10,4.76,3.48,BI,anti,A,4.52,4.66,2.42,3.07,2.55,3.21,2.99,3.66,0.05,5.83,0.67,5.63,0.39,39.50,0.26,C3'-endo
25,167,0.24,A,A,A,1,0,0,0,0,),18,1,cWW,cW-W,5.20,3.22,0.82,1.34,3.65,4.92,5.01,3.54,BI,anti,.,4.40,4.68,2.98,4.11,3.15,4.01,3.72,4.48,0.05,5.83,0.67,5.62,0.39,39.58,0.26,C3'-endo
26,168,0.25,C,C,C,0,1,0,0,0,),17,1,cWW,cW-W,2.31,3.59,3.54,1.43,3.97,4.86,5.40,3.36,BI,anti,A,4.63,4.79,3.02,3.24,3.28,3.40,4.07,3.88,0.11,5.80,0.65,5.68,0.31,37.66,0.16,C3'-endo
27,169,0.25,C,C,C,0,1,0,0,0,),16,1,cWW,cW-W,5.45,2.99,0.68,1.37,3.48,5.12,4.65,3.46,BI,anti,A,4.46,4.57,2.90,3.60,3.14,3.57,3.75,3.73,0.05,5.84,0.64,5.65,0.37,38.06,0.25,C3'-endo
28,170,0.26,G,G,G,0,0,1,0,0,),15,1,cWW,cW-W,5.03,3.05,0.96,1.32,3.38,4.73,4.93,3.35,BI,anti,.,4.57,4.57,2.80,3.76,3.01,3.68,3.46,3.96,0.03,5.83,0.68,5.60,0.41,40.62,0.28,C3'-endo
29,171,0.27,G,G,G,0,0,1,0,0,),14,1,cWW,cW-W,2.71,3.77,3.12,1.46,4.41,5.23,5.46,2.91,..,anti,.,4.77,4.80,3.16,4.18,3.33,4.38,3.89,5.24,0.15,5.78,0.65,5.70,0.27,37.26,0.10,C3'-endo
30,172,0.28,A,A,A,1,0,0,0,0,(,"13,85",2,"cSW,cWW","cm-W,cW-W",5.34,2.60,1.23,1.43,3.92,4.80,5.41,3.29,BI,anti,.,4.41,4.55,2.88,3.81,3.62,3.76,5.04,4.34,0.00,5.90,0.59,5.68,0.38,35.60,0.32,C3'-endo
31,173,0.29,A,A,A,1,0,0,0,0,(,"12,84",2,"cSW,cWW","cm-W,cW-W",5.23,2.76,0.95,1.40,3.56,5.13,4.71,3.51,BI,anti,A,4.37,4.59,2.82,3.81,3.10,3.78,4.01,4.18,0.07,5.82,0.65,5.66,0.35,38.32,0.22,C3'-endo
32,174,0.30,U,U,U,0,0,0,1,0,(,83,1,cWW,cW-W,4.98,3.17,1.00,1.43,3.77,5.03,5.02,3.48,BI,anti,A,4.47,4.67,2.95,3.86,3.17,3.88,3.85,4.50,0.06,5.85,0.63,5.67,0.35,36.94,0.24,C3'-endo
33,not resolved,0.31,-,-,-,0,0,0,0,1,,,0,,,,,,,,,,,,,,,,,,,,,,,,,,,,,
34,not resolved,0.32,-,-,-,0,0,0,0,1,,,0,,,,,,,,,,,,,,,,,,,,,,,,,,,,,
35,177,0.33,C,C,C,0,1,0,0,0,(,80,1,cWW,cW-W,5.18,2.93,0.93,1.37,3.68,4.94,5.03,3.47,BI,anti,A,4.53,4.68,2.82,3.68,3.12,3.67,4.06,4.05,0.05,5.84,0.65,5.64,0.38,38.73,0.26,C3'-endo
36,178,0.34,C,C,C,0,1,0,0,0,(,79,1,cWW,cW-W,5.33,2.90,0.84,1.36,3.73,4.92,5.09,3.47,BI,anti,A,4.53,4.70,2.88,3.68,3.09,3.70,3.76,4.25,0.07,5.82,0.67,5.64,0.37,39.42,0.23,C3'-endo
37,179,0.35,A,A,A,1,0,0,0,0,(,78,1,cWW,cW-W,5.28,2.88,0.97,1.40,3.71,4.89,5.11,3.42,BI,anti,A,4.56,4.68,2.95,3.67,3.18,3.66,3.99,3.97,0.08,5.81,0.66,5.66,0.34,38.41,0.20,C3'-endo
38,180,0.36,G,G,G,0,0,1,0,0,(,77,1,cWW,cW-W,5.26,2.91,0.90,1.42,3.76,4.88,5.16,3.47,BI,anti,A,4.42,4.62,2.96,3.74,3.16,3.78,3.70,4.44,0.05,5.84,0.64,5.66,0.36,37.52,0.24,C3'-endo
39,not resolved,0.37,-,-,-,0,0,0,0,1,,,0,,,,,,,,,,,,,,,,,,,,,,,,,,,,,
40,not resolved,0.38,-,-,-,0,0,0,0,1,,,0,,,,,,,,,,,,,,,,,,,,,,,,,,,,,
41,not resolved,0.39,-,-,-,0,0,0,0,1,,,0,,,,,,,,,,,,,,,,,,,,,,,,,,,,,
42,not resolved,0.40,-,-,-,0,0,0,0,1,,,0,,,,,,,,,,,,,,,,,,,,,,,,,,,,,
43,not resolved,0.41,-,-,-,0,0,0,0,1,,,0,,,,,,,,,,,,,,,,,,,,,,,,,,,,,
44,not resolved,0.42,-,-,-,0,0,0,0,1,,,0,,,,,,,,,,,,,,,,,,,,,,,,,,,,,
45,not resolved,0.42,-,-,-,0,0,0,0,1,,,0,,,,,,,,,,,,,,,,,,,,,,,,,,,,,
46,not resolved,0.43,-,-,-,0,0,0,0,1,,,0,,,,,,,,,,,,,,,,,,,,,,,,,,,,,
47,not resolved,0.44,-,-,-,0,0,0,0,1,,,0,,,,,,,,,,,,,,,,,,,,,,,,,,,,,
48,not resolved,0.45,-,-,-,0,0,0,0,1,,,0,,,,,,,,,,,,,,,,,,,,,,,,,,,,,
49,not resolved,0.46,-,-,-,0,0,0,0,1,,,0,,,,,,,,,,,,,,,,,,,,,,,,,,,,,
50,not resolved,0.47,-,-,-,0,0,0,0,1,,,0,,,,,,,,,,,,,,,,,,,,,,,,,,,,,
51,not resolved,0.48,-,-,-,0,0,0,0,1,,,0,,,,,,,,,,,,,,,,,,,,,,,,,,,,,
52,not resolved,0.49,-,-,-,0,0,0,0,1,,,0,,,,,,,,,,,,,,,,,,,,,,,,,,,,,
53,not resolved,0.50,-,-,-,0,0,0,0,1,,,0,,,,,,,,,,,,,,,,,,,,,,,,,,,,,
54,not resolved,0.51,-,-,-,0,0,0,0,1,,,0,,,,,,,,,,,,,,,,,,,,,,,,,,,,,
55,not resolved,0.52,-,-,-,0,0,0,0,1,,,0,,,,,,,,,,,,,,,,,,,,,,,,,,,,,
56,198,0.53,G,G,G,0,0,1,0,0,.,,0,,,5.35,2.91,0.79,1.39,3.97,5.21,5.05,3.58,BI,anti,.,4.22,4.77,2.97,4.34,3.17,3.57,4.04,2.56,0.09,5.80,0.67,5.64,0.35,39.16,0.20,C3'-endo
57,199,0.54,A,A,A,1,0,0,0,0,.,,0,,,3.13,2.49,0.80,1.47,3.92,4.97,5.23,3.24,BI,anti,.,4.47,4.53,0.32,4.05,0.78,4.06,0.43,4.94,6.25,5.95,0.55,5.70,0.38,33.61,0.37,C3'-endo
58,200,0.55,A,A,A,1,0,0,0,0,.,,0,,,5.22,2.72,1.06,1.46,3.49,5.23,4.53,3.57,BI,anti,A,4.37,4.62,2.80,3.92,3.27,3.83,4.60,4.23,0.08,5.84,0.61,5.71,0.32,35.62,0.19,C3'-endo
59,201,0.56,A,A,A,1,0,0,0,0,.,,0,,,5.11,3.12,0.91,1.43,3.93,5.68,4.54,3.54,..,anti,.,4.27,4.66,3.03,4.49,3.28,4.74,3.99,5.34,6.27,5.90,0.60,5.66,0.40,36.66,0.34,C3'-endo
60,not resolved,0.57,-,-,-,0,0,0,0,1,,,0,,,,,,,,,,,,,,,,,,,,,,,,,,,,,
61,not resolved,0.58,-,-,-,0,0,0,0,1,,,0,,,,,,,,,,,,,,,,,,,,,,,,,,,,,
62,not resolved,0.58,-,-,-,0,0,0,0,1,,,0,,,,,,,,,,,,,,,,,,,,,,,,,,,,,
63,not resolved,0.59,-,-,-,0,0,0,0,1,,,0,,,,,,,,,,,,,,,,,,,,,,,,,,,,,
64,not resolved,0.60,-,-,-,0,0,0,0,1,,,0,,,,,,,,,,,,,,,,,,,,,,,,,,,,,
65,not resolved,0.61,-,-,-,0,0,0,0,1,,,0,,,,,,,,,,,,,,,,,,,,,,,,,,,,,
66,not resolved,0.62,-,-,-,0,0,0,0,1,,,0,,,,,,,,,,,,,,,,,,,,,,,,,,,,,
67,not resolved,0.63,-,-,-,0,0,0,0,1,,,0,,,,,,,,,,,,,,,,,,,,,,,,,,,,,
68,not resolved,0.64,-,-,-,0,0,0,0,1,,,0,,,,,,,,,,,,,,,,,,,,,,,,,,,,,
69,not resolved,0.65,-,-,-,0,0,0,0,1,,,0,,,,,,,,,,,,,,,,,,,,,,,,,,,,,
70,not resolved,0.66,-,-,-,0,0,0,0,1,,,0,,,,,,,,,,,,,,,,,,,,,,,,,,,,,
71,not resolved,0.67,-,-,-,0,0,0,0,1,,,0,,,,,,,,,,,,,,,,,,,,,,,,,,,,,
72,not resolved,0.68,-,-,-,0,0,0,0,1,,,0,,,,,,,,,,,,,,,,,,,,,,,,,,,,,
73,not resolved,0.69,-,-,-,0,0,0,0,1,,,0,,,,,,,,,,,,,,,,,,,,,,,,,,,,,
74,not resolved,0.70,-,-,-,0,0,0,0,1,,,0,,,,,,,,,,,,,,,,,,,,,,,,,,,,,
75,not resolved,0.71,-,-,-,0,0,0,0,1,,,0,,,,,,,,,,,,,,,,,,,,,,,,,,,,,
76,not resolved,0.72,-,-,-,0,0,0,0,1,,,0,,,,,,,,,,,,,,,,,,,,,,,,,,,,,
77,219,0.73,C,C,C,0,1,0,0,0,),38,1,cWW,cW-W,4.81,2.42,1.85,1.44,3.80,4.87,5.21,3.34,BI,anti,A,4.64,4.72,2.99,3.61,3.88,3.47,5.12,3.68,0.10,5.82,0.64,5.69,0.31,37.04,0.17,C3'-endo
78,220,0.74,U,U,U,0,0,0,1,0,),37,1,cWW,cW-W,5.49,2.96,0.70,1.38,3.56,4.58,5.26,3.44,BI,anti,A,4.52,4.63,2.95,3.84,3.16,3.76,3.69,4.04,0.06,5.82,0.67,5.64,0.37,39.24,0.24,C3'-endo
79,221,0.75,G,G,G,0,0,1,0,0,),36,1,cWW,cW-W,2.55,3.85,3.14,1.45,4.31,4.53,6.07,3.07,..,anti,A,4.75,4.78,3.02,3.50,3.20,3.59,3.74,4.22,0.13,5.81,0.63,5.71,0.27,36.22,0.12,C3'-endo
80,222,0.75,G,G,G,0,0,1,0,0,),35,1,cWW,cW-W,5.64,2.60,0.69,1.35,3.78,4.84,5.22,3.44,BI,anti,A,4.51,4.71,2.84,3.68,3.12,3.68,3.98,4.08,0.08,5.80,0.67,5.64,0.35,39.48,0.21,C3'-endo
81,not resolved,0.76,-,-,-,0,0,0,0,1,,,0,,,,,,,,,,,,,,,,,,,,,,,,,,,,,
82,not resolved,0.77,-,-,-,0,0,0,0,1,,,0,,,,,,,,,,,,,,,,,,,,,,,,,,,,,
83,225,0.78,A,A,A,1,0,0,0,0,),32,1,cWW,cW-W,5.30,2.85,0.94,1.36,3.73,5.08,4.93,3.41,BI,anti,A,4.57,4.71,2.93,3.81,3.12,3.81,3.78,4.14,0.10,5.78,0.69,5.63,0.34,40.13,0.18,C3'-endo
84,226,0.79,U,U,U,0,0,0,1,0,),31,1,cWW,cW-W,5.03,2.88,1.30,1.35,3.72,5.03,4.97,3.34,BI,anti,A,4.53,4.62,3.01,3.76,3.30,3.75,3.94,4.33,0.01,5.87,0.65,5.63,0.41,38.84,0.31,C3'-endo
85,227,0.80,U,U,U,0,0,0,1,0,),"12,30",2,"cSH,cWW","cm+M,cW-W",5.25,2.95,0.91,1.39,3.63,4.30,5.61,3.62,BI,anti,.,4.14,4.57,2.92,3.03,3.20,3.18,4.06,2.61,0.03,5.86,0.63,5.65,0.38,37.77,0.28,C3'-endo
86,228,0.81,U,U,U,0,0,0,1,0,.,13,1,cWH,cW+M,5.38,2.95,0.88,2.41,4.30,4.93,5.65,4.45,..,anti,.,1.60,1.66,3.36,5.74,3.40,4.93,2.72,3.69,5.86,0.60,5.74,0.31,0.07,34.46,2.70,C2'-endo
87,229,0.82,G,G,G,0,0,1,0,0,(,96,1,cWW,cW-W,1.42,2.42,0.98,1.33,3.81,4.89,5.20,3.24,BI,anti,A,4.80,4.80,4.62,3.81,5.65,3.80,0.82,4.20,0.08,5.77,0.72,5.59,0.38,42.03,0.22,C3'-endo
88,230,0.83,G,G,G,0,0,1,0,0,(,"23,95",2,"cSS,cWW","cm-m,cW-W",5.27,2.72,1.18,1.40,3.62,4.94,4.96,3.25,BI,anti,A,4.64,4.65,3.03,3.68,3.35,3.64,4.14,3.88,0.05,5.84,0.66,5.64,0.38,38.98,0.26,C3'-endo
89,231,0.84,G,G,G,0,0,1,0,0,(,94,1,cWW,cW-W,5.13,3.12,1.00,1.44,4.12,4.84,5.56,3.47,..,anti,.,4.34,4.74,3.17,3.94,3.28,3.98,3.68,4.70,0.05,5.85,0.62,5.67,0.35,36.71,0.25,C3'-endo
90,232,0.85,C,C,C,0,1,0,0,0,(,93,1,cWW,cW-W,5.16,2.62,1.08,1.42,3.60,5.22,4.66,3.52,BI,anti,.,4.42,4.61,2.71,3.93,3.09,3.57,4.14,3.78,6.27,5.91,0.61,5.65,0.41,36.91,0.35,C3'-endo
91,233,0.86,G,G,G,0,0,1,0,0,.,,0,,,5.02,3.45,3.03,2.65,4.24,2.37,1.86,4.25,BII,anti,.,0.78,1.05,5.84,1.75,5.97,1.59,5.45,1.17,5.98,0.60,5.63,0.49,6.16,37.75,3.00,C2'-endo
92,234,0.87,U,U,U,0,0,0,1,0,.,,0,,,2.93,3.48,1.01,2.60,4.67,1.88,2.79,3.87,..,anti,.,1.08,0.87,2.13,2.02,2.13,1.70,1.90,1.11,5.90,0.64,5.64,0.44,6.25,38.12,2.87,C2'-endo
93,235,0.88,G,G,G,0,0,1,0,0,),90,1,cWW,cW-W,3.90,2.33,1.73,2.56,3.45,4.21,5.53,4.90,BI,anti,B,1.91,2.03,2.42,3.73,3.29,2.54,2.67,3.21,5.85,0.68,5.63,0.42,0.00,39.43,2.81,C2'-endo
94,236,0.89,C,C,C,0,1,0,0,0,),89,1,cWW,cW-W,4.45,2.06,1.87,1.25,3.58,5.04,4.83,3.40,BI,anti,A,4.45,4.55,2.72,3.41,2.70,3.31,3.45,3.93,6.20,5.90,0.67,5.54,0.52,42.64,0.44,C3'-endo
95,237,0.90,C,C,C,0,1,0,0,0,),88,1,cWW,cW-W,5.19,2.92,1.02,1.37,3.57,4.96,4.90,3.48,BI,anti,A,4.38,4.53,2.96,3.60,3.21,3.59,4.09,4.06,6.27,5.89,0.63,5.63,0.42,38.36,0.34,C3'-endo
96,238,0.91,C,C,C,0,1,0,0,0,),87,1,cWW,cW-W,5.11,3.02,0.97,1.36,3.86,4.99,5.16,3.35,BI,anti,A,4.59,4.72,2.94,3.83,3.09,3.90,3.78,4.66,0.04,5.84,0.65,5.64,0.38,38.35,0.26,C3'-endo
97,239,0.92,C,C,C,0,1,0,0,0,),11,1,cWW,cW-W,5.28,2.84,0.99,1.37,3.81,4.89,5.20,3.53,BI,anti,A,4.32,4.69,2.92,3.73,3.24,3.74,4.29,4.26,0.03,5.85,0.65,5.64,0.39,38.58,0.28,C3'-endo
98,240,0.92,C,C,C,0,1,0,0,0,),10,1,cWW,cW-W,5.32,2.93,0.83,1.43,3.68,4.97,4.99,3.44,BI,anti,A,4.54,4.70,2.89,3.72,3.12,3.73,3.91,4.04,0.10,5.80,0.65,5.67,0.32,38.10,0.18,C3'-endo
99,241,0.93,G,G,G,0,0,1,0,0,),9,1,cWW,cW-W,5.27,2.98,0.89,1.39,3.78,4.90,5.16,3.34,BI,anti,A,4.55,4.66,2.97,3.71,3.18,3.73,3.75,4.15,0.05,5.84,0.66,5.64,0.38,38.85,0.26,C3'-endo
100,242,0.94,C,C,C,0,1,0,0,0,),8,1,cWW,cW-W,5.19,2.96,0.89,1.37,3.56,5.05,4.80,3.48,BI,anti,A,4.48,4.65,2.83,3.67,3.05,3.70,3.74,4.14,0.09,5.78,0.71,5.61,0.37,41.47,0.20,C3'-endo
101,243,0.95,G,G,G,0,0,1,0,0,),7,1,cWW,cW-W,5.20,3.09,0.97,1.43,3.71,5.01,4.98,3.38,BI,anti,A,4.54,4.66,3.05,3.75,3.26,3.74,3.93,4.21,0.06,5.84,0.64,5.66,0.36,37.59,0.24,C3'-endo
102,244,0.96,A,A,A,1,0,0,0,0,),6,1,cWW,cW-W,5.15,3.06,0.89,1.41,3.62,5.03,4.88,3.44,BI,anti,A,4.57,4.68,2.90,3.67,3.12,3.69,3.87,4.19,0.09,5.80,0.67,5.64,0.35,39.09,0.20,C3'-endo
103,245,0.97,G,G,G,0,0,1,0,0,),5,1,cWW,cW-W,5.06,3.08,0.97,1.37,3.56,5.12,4.72,3.46,BI,anti,A,4.49,4.65,2.88,3.71,3.10,3.73,3.86,4.04,0.10,5.78,0.69,5.63,0.34,40.37,0.18,C3'-endo
104,246,0.98,A,A,A,1,0,0,0,0,),4,1,cWW,cW-W,4.91,3.02,1.20,1.38,3.79,4.96,5.11,3.42,BI,anti,A,4.54,4.73,2.91,3.79,3.17,3.80,3.78,4.32,0.11,5.78,0.69,5.63,0.34,40.35,0.18,C3'-endo
105,247,0.99,C,C,C,0,1,0,0,0,),3,1,cWW,cW-W,5.34,3.00,0.91,1.42,3.74,5.37,4.66,3.68,BI,anti,A,4.12,4.69,3.02,4.06,3.26,3.94,4.02,4.29,0.09,5.82,0.64,5.68,0.32,37.36,0.18,C3'-endo
106,248,1.00,C,C,C,0,1,0,0,0,),2,1,cWW,cW-W,3.97,2.55,2.34,1.43,,,,3.38,n/a,anti,-,,,,,,,,,0.06,5.86,0.61,5.70,0.33,35.60,0.23,C3'-endo
