index_chain,old_nt_resnum,nt_position,nt_name,nt_code,nt_align_code,is_A,is_C,is_G,is_U,is_other,dbn,paired,nb_interact,pair_type_LW,pair_type_DSSR,alpha,beta,gamma,delta,epsilon,zeta,epsilon_zeta,chi,bb_type,glyco_bond,form,ssZp,Dp,eta,theta,eta_prime,theta_prime,eta_base,theta_base,v0,v1,v2,v3,v4,amplitude,phase_angle,puckering
1,1,0.02,A,A,A,1,0,0,0,0,(,"0,16",2,"cHW,cWW","cM+W,cW-W",,,0.76,1.57,4.21,4.92,5.57,3.38,..,anti,A,4.46,4.70,,,,,,,0.15,5.90,0.46,5.90,0.14,26.25,6.27,C2'-exo
2,2,0.04,C,C,C,0,1,0,0,0,(,15,1,cWW,cW-W,5.33,2.72,0.95,1.39,3.80,4.75,5.34,3.41,BI,anti,A,4.49,4.61,2.78,3.59,3.20,3.59,4.20,3.90,6.28,5.88,0.63,5.64,0.41,37.94,0.33,C3'-endo
3,3,0.06,U,U,U,0,0,0,1,0,(,14,1,cWW,cW-W,5.37,2.80,0.87,1.45,3.61,5.11,4.79,3.50,BI,anti,A,4.28,4.48,2.96,3.81,3.17,3.74,3.69,4.15,0.04,5.89,0.59,5.70,0.35,34.83,0.27,C3'-endo
4,4,0.08,C,C,C,0,1,0,0,0,(,"13,20,21",3,"cWW,cSH,tSW","cW-W,cm+M,tm+W",5.00,2.95,1.06,1.35,3.68,4.80,5.16,3.46,BI,anti,A,4.47,4.62,2.83,3.49,3.08,3.55,3.82,3.79,6.28,5.87,0.65,5.61,0.43,39.54,0.33,C3'-endo
5,5,0.10,G,G,G,0,0,1,0,0,(,"12,24",2,"cWW,tSS","cW-W,tm+m",5.36,3.17,0.61,1.43,3.39,2.25,1.13,3.67,..,anti,.,4.17,4.51,2.94,0.50,3.05,6.03,3.41,4.19,0.06,5.85,0.62,5.68,0.35,36.59,0.24,C3'-endo
6,6,0.12,U,U,U,0,0,0,1,0,[,39,1,cWW,cW-W,5.35,3.72,1.60,1.46,3.56,5.17,4.68,3.33,BI,anti,A,4.63,4.60,4.85,3.92,5.85,3.90,1.41,4.09,0.07,5.86,0.60,5.71,0.32,35.16,0.22,C3'-endo
7,7,0.14,U,U,U,0,0,0,1,0,[,38,1,cWW,cW-W,4.92,3.40,0.96,1.42,3.87,4.93,5.22,3.42,BI,anti,A,4.37,4.59,3.06,3.79,3.22,3.84,3.65,4.13,6.25,5.91,0.61,5.64,0.43,37.53,0.38,C3'-endo
8,8,0.16,U,U,U,0,0,0,1,0,[,37,1,cWW,cW-W,5.14,3.13,0.67,1.39,3.66,5.12,4.82,3.69,BI,anti,A,4.09,4.65,2.70,3.76,2.88,3.81,3.37,4.43,0.02,5.86,0.64,5.64,0.39,38.34,0.29,C3'-endo
9,9,0.18,G,G,G,0,0,1,0,0,[,36,1,cWW,cW-W,4.96,3.06,1.05,1.36,3.67,5.08,4.88,3.59,BI,anti,A,4.27,4.66,2.82,3.75,3.08,3.75,3.93,4.31,0.02,5.85,0.66,5.62,0.40,39.35,0.29,C3'-endo
10,10,0.20,A,A,A,1,0,0,0,0,[,35,1,cWW,cW-W,5.13,2.98,0.94,1.35,3.90,4.82,5.36,3.39,BI,anti,A,4.61,4.78,2.85,3.69,3.09,3.73,3.95,4.15,0.12,5.75,0.72,5.62,0.35,41.56,0.16,C3'-endo
11,11,0.22,G,G,G,0,0,1,0,0,[,34,1,cWW,cW-W,5.39,2.73,1.05,1.32,3.70,5.05,4.94,3.38,BI,anti,A,4.52,4.65,2.98,3.79,3.23,3.80,3.90,4.67,6.28,5.85,0.68,5.58,0.44,41.32,0.33,C3'-endo
12,12,0.24,C,C,C,0,1,0,0,0,),5,1,cWW,cW-W,5.22,2.97,0.85,1.39,3.65,5.15,4.78,3.47,BI,anti,A,4.49,4.68,2.84,3.87,3.14,3.85,4.34,4.22,0.06,5.82,0.67,5.63,0.37,39.33,0.24,C3'-endo
13,13,0.26,G,G,G,0,0,1,0,0,),"4,21",2,"cWW,cSW","cW-W,cm-W",4.97,3.02,1.15,1.34,3.61,4.96,4.93,3.32,BI,anti,A,4.63,4.64,2.92,3.63,3.18,3.65,3.88,4.05,6.28,5.85,0.68,5.59,0.44,40.94,0.33,C3'-endo
14,14,0.28,A,A,A,1,0,0,0,0,),"3,20",2,"cWW,cSW","cW-W,cm-W",5.29,2.89,1.03,1.37,3.66,4.88,5.07,3.39,BI,anti,A,4.50,4.59,3.07,3.59,3.31,3.59,3.94,4.05,6.27,5.87,0.65,5.60,0.44,39.91,0.35,C3'-endo
15,15,0.30,G,G,G,0,0,1,0,0,),"2,19",2,"cWW,cSW","cW-W,cm-W",5.13,2.76,1.17,1.44,3.63,5.04,4.87,3.41,BI,anti,A,4.41,4.55,2.98,3.79,3.23,3.86,3.95,4.13,0.05,5.84,0.64,5.65,0.37,37.96,0.25,C3'-endo
16,16,0.32,U,U,U,0,0,0,1,0,),1,1,cWW,cW-W,5.16,3.21,1.10,2.54,4.12,1.88,2.24,4.05,..,anti,.,1.64,1.54,3.32,2.47,3.80,2.18,4.17,2.09,5.89,0.63,5.68,0.39,0.00,36.57,2.81,C2'-endo
17,17,0.34,A,A,A,1,0,0,0,0,.,,0,,,1.81,4.11,3.00,2.59,4.69,2.24,2.45,3.91,BII,anti,.,0.65,0.66,3.93,2.02,3.63,1.60,3.34,0.76,5.93,0.62,5.64,0.46,6.21,37.84,2.92,C2'-endo
18,18,0.36,U,U,U,0,0,0,1,0,.,,0,,,0.86,3.77,3.29,1.45,3.86,4.93,5.22,4.61,BI,anti,.,0.46,4.47,2.55,3.33,2.23,3.47,1.60,2.90,6.19,5.99,0.53,5.68,0.44,34.43,0.47,C3'-endo
19,19,0.38,A,A,A,1,0,0,0,0,.,15,1,cWS,cW-m,5.29,2.99,0.79,2.38,4.97,1.82,3.15,5.32,..,anti,.,0.78,0.78,3.35,2.69,3.70,2.16,3.10,3.02,5.74,0.68,5.73,0.25,0.18,38.11,2.55,C2'-endo
20,20,0.40,A,A,A,1,0,0,0,0,.,"4,14",2,"cHS,cWS","cM+m,cW-m",1.06,3.90,3.48,1.46,3.76,5.16,4.88,3.41,BI,anti,B,4.15,4.34,3.19,3.34,2.88,3.61,3.78,4.52,6.22,5.98,0.53,5.70,0.41,33.46,0.43,C3'-endo
21,21,0.42,A,A,A,1,0,0,0,0,.,"4,13",2,"tWS,cWS","tW+m,cW-m",5.23,3.33,0.77,2.54,3.86,3.41,0.44,4.34,..,anti,.,1.85,2.09,3.06,3.60,3.60,2.79,4.56,2.12,6.01,0.51,5.74,0.39,6.20,31.38,2.96,C2'-endo
22,22,0.44,C,C,C,0,1,0,0,0,.,,0,,,2.10,3.22,1.19,2.55,4.79,4.81,6.26,4.33,..,anti,.,0.13,0.63,0.89,5.35,1.18,5.04,1.19,5.72,5.91,0.59,5.70,0.38,6.27,34.78,2.83,C2'-endo
23,23,0.46,A,A,A,1,0,0,0,0,.,,0,,,5.43,3.25,0.66,1.54,3.78,5.09,4.98,3.44,BI,anti,.,4.41,4.57,2.87,4.00,3.56,4.08,3.72,4.94,0.08,5.87,0.56,5.75,0.28,32.80,0.18,C3'-endo
24,24,0.48,G,G,G,0,0,1,0,0,.,5,1,tSS,tm+m,5.17,2.94,0.94,1.42,3.78,1.15,2.63,3.76,..,anti,.,3.88,4.69,2.88,0.51,3.24,6.16,4.36,4.34,0.06,5.84,0.63,5.67,0.35,37.36,0.24,C3'-endo
25,25,0.50,C,C,C,0,1,0,0,0,(,0,1,cWW,cW-W,1.01,2.31,0.78,1.44,3.49,5.15,4.63,3.48,BI,anti,A,4.21,4.40,4.83,3.93,5.76,3.80,1.25,4.23,6.25,5.94,0.57,5.68,0.40,35.14,0.37,C3'-endo
26,26,0.52,U,U,U,0,0,0,1,0,(,0,1,cWW,cW-W,4.94,3.03,1.07,1.43,3.69,4.94,5.03,3.49,BI,anti,A,4.33,4.54,2.88,3.73,3.14,3.72,3.93,4.30,6.25,5.92,0.60,5.64,0.42,37.21,0.37,C3'-endo
27,27,0.54,G,G,G,0,0,1,0,0,(,0,1,cWW,cW-W,5.26,2.99,0.71,1.37,3.62,5.12,4.78,3.58,BI,anti,A,4.32,4.67,2.78,3.74,3.01,3.74,3.87,3.90,0.08,5.80,0.70,5.61,0.37,40.89,0.22,C3'-endo
28,28,0.56,G,G,G,0,0,1,0,0,(,0,1,cWW,cW-W,5.06,2.87,1.26,1.32,3.78,5.06,5.01,3.32,BI,anti,.,4.61,4.66,3.00,3.80,3.24,3.85,3.67,4.73,6.28,5.85,0.69,5.58,0.45,41.68,0.33,C3'-endo
29,29,0.58,U,U,U,0,0,0,1,0,.,0,1,cWW,cW-W,5.30,2.86,0.97,1.38,3.80,4.91,5.18,3.41,BI,anti,A,4.46,4.61,2.98,3.76,3.32,3.74,4.51,4.12,6.27,5.89,0.64,5.62,0.42,38.80,0.34,C3'-endo
30,30,0.60,U,U,U,0,0,0,1,0,.,,0,,,5.29,2.95,0.74,1.36,3.69,5.52,4.45,3.58,BI,anti,.,4.35,4.68,2.81,4.19,3.00,3.40,3.64,2.32,0.00,5.88,0.64,5.63,0.41,38.38,0.32,C3'-endo
31,31,0.62,A,A,A,1,0,0,0,0,.,43,1,cWS,cW-m,3.24,2.23,0.86,1.42,4.06,4.94,5.40,3.25,BI,anti,A,4.44,4.60,0.47,4.13,0.86,4.06,0.39,4.66,6.25,5.92,0.60,5.64,0.42,37.13,0.38,C3'-endo
32,32,0.64,A,A,A,1,0,0,0,0,.,,0,,,5.12,2.74,1.22,1.44,3.62,3.04,0.58,3.53,..,anti,.,4.18,4.41,2.90,1.86,3.28,1.92,4.26,2.10,6.17,6.01,0.53,5.67,0.47,35.03,0.51,C3'-endo
33,33,0.66,G,G,G,0,0,1,0,0,(,"40,41",2,"...,cWW","....,cW-W",5.36,2.36,0.97,1.45,3.26,1.91,1.35,3.92,..,anti,.,3.58,4.27,3.11,0.38,3.20,5.59,3.00,4.25,6.24,5.94,0.57,5.67,0.41,35.17,0.39,C3'-endo
34,34,0.68,C,C,C,0,1,0,0,0,],11,1,cWW,cW-W,5.41,3.55,2.16,1.45,3.68,5.06,4.90,3.60,BI,anti,A,4.26,4.66,5.27,3.80,0.15,3.71,1.35,3.93,0.11,5.81,0.65,5.68,0.31,37.56,0.16,C3'-endo
35,35,0.70,U,U,U,0,0,0,1,0,],10,1,cWW,cW-W,5.15,3.33,0.75,1.43,3.40,5.16,4.52,3.46,BI,anti,A,4.43,4.51,2.97,3.68,3.14,3.73,3.63,4.19,0.04,5.85,0.64,5.65,0.38,38.00,0.27,C3'-endo
36,36,0.72,C,C,C,0,1,0,0,0,],9,1,cWW,cW-W,4.92,3.25,0.93,1.45,3.59,4.97,4.90,3.54,BI,anti,A,4.34,4.56,2.91,3.67,3.12,3.69,3.77,4.13,0.01,5.89,0.60,5.67,0.37,36.21,0.30,C3'-endo
37,37,0.74,A,A,A,1,0,0,0,0,],8,1,cWW,cW-W,4.82,3.26,0.94,1.40,3.88,5.03,5.14,3.45,BI,anti,A,4.50,4.75,2.80,3.86,2.91,3.93,3.53,4.49,0.11,5.79,0.67,5.66,0.32,39.06,0.16,C3'-endo
38,38,0.76,A,A,A,1,0,0,0,0,],7,1,cWW,cW-W,4.96,2.72,1.41,1.41,3.93,5.24,4.98,3.37,BI,anti,.,4.56,4.72,2.93,4.05,3.29,3.92,4.17,4.15,0.06,5.82,0.66,5.64,0.36,38.98,0.23,C3'-endo
39,39,0.78,A,A,A,1,0,0,0,0,],6,1,cWW,cW-W,4.42,2.56,2.15,1.44,4.13,5.26,5.15,3.18,..,anti,.,4.28,4.36,3.16,4.00,3.43,4.24,4.01,5.35,6.14,6.05,0.50,5.69,0.46,33.67,0.56,C3'-endo
40,40,0.80,G,G,G,0,0,1,0,0,.,"33,41,42",3,"...,cSH,cSH","....,cm+M,cm+M",5.23,3.00,1.04,2.66,4.60,2.23,2.37,4.38,BII,anti,.,0.70,0.87,3.13,2.53,4.02,2.23,5.23,2.51,5.97,0.59,5.66,0.46,6.19,36.25,2.96,C2'-endo
41,41,0.82,C,C,C,0,1,0,0,0,),"33,40",2,"cWW,cHS","cW-W,cM+m",3.51,3.54,0.79,1.43,3.83,4.98,5.13,3.22,BI,anti,A,4.72,4.72,2.48,3.85,2.18,3.94,2.50,4.56,0.11,5.79,0.67,5.66,0.32,38.82,0.17,C3'-endo
42,42,0.84,G,G,G,0,0,1,0,0,.,"40,0",2,"cHS,tHS","cM+m,tM-m",5.34,3.08,0.75,1.40,3.86,5.13,5.02,3.45,BI,anti,.,4.46,4.74,2.93,3.99,3.14,4.12,4.01,4.65,0.11,5.78,0.69,5.63,0.34,40.37,0.18,C3'-endo
43,43,0.86,G,G,G,0,0,1,0,0,(,"31,0",2,"cSW,cWW","cm-W,cW-W",5.30,2.98,1.06,1.38,3.83,4.91,5.21,3.11,BI,anti,A,4.87,4.80,3.08,3.75,3.47,3.81,4.37,4.32,0.09,5.79,0.69,5.63,0.35,40.38,0.19,C3'-endo
44,44,0.88,A,A,A,1,0,0,0,0,(,0,1,cWW,cW-W,5.10,3.02,1.07,1.40,3.86,4.82,5.33,3.34,BI,anti,A,4.57,4.69,3.02,3.75,3.23,3.76,3.98,4.19,0.08,5.82,0.66,5.65,0.35,38.81,0.22,C3'-endo
45,45,0.90,G,G,G,0,0,1,0,0,(,0,1,cWW,cW-W,5.40,2.81,0.89,1.34,3.75,4.99,5.04,3.41,BI,anti,A,4.58,4.72,2.95,3.78,3.16,3.79,3.87,4.10,0.02,5.84,0.67,5.60,0.42,40.37,0.30,C3'-endo
46,46,0.92,A,A,A,1,0,0,0,0,(,0,1,cWW,cW-W,5.31,2.91,0.89,1.33,3.79,5.02,5.05,3.48,BI,anti,A,4.46,4.71,2.95,3.80,3.18,3.82,3.75,4.34,6.25,5.89,0.65,5.59,0.46,40.27,0.38,C3'-endo
47,47,0.94,G,G,G,0,0,1,0,0,(,0,1,cWW,cW-W,5.32,2.87,0.92,1.30,3.67,5.13,4.82,3.48,BI,anti,A,4.45,4.63,2.90,3.73,3.18,3.72,3.97,4.34,6.25,5.89,0.66,5.59,0.46,40.45,0.37,C3'-endo
48,48,0.96,C,C,C,0,1,0,0,0,(,0,1,cWW,cW-W,5.12,2.90,1.10,1.31,3.65,4.92,5.01,3.40,BI,anti,A,4.64,4.67,2.90,3.55,3.18,3.53,4.10,3.87,6.26,5.87,0.67,5.58,0.46,40.77,0.36,C3'-endo
49,49,0.98,A,A,A,1,0,0,0,0,(,0,1,cWW,cW-W,5.28,2.91,0.88,1.32,3.45,5.04,4.70,3.43,BI,anti,A,4.51,4.59,2.88,3.53,3.10,3.57,3.70,4.07,0.03,5.82,0.69,5.58,0.42,41.53,0.29,C3'-endo
50,50,1.00,G,G,G,0,0,1,0,0,(,0,1,cWW,cW-W,4.74,3.23,1.22,1.43,,,,3.49,n/a,anti,-,,,,,,,,,0.08,5.83,0.64,5.67,0.34,37.44,0.21,C3'-endo
