index_chain,old_nt_resnum,nt_position,nt_name,nt_code,nt_align_code,is_A,is_C,is_G,is_U,is_other,dbn,paired,nb_interact,pair_type_LW,pair_type_DSSR,alpha,beta,gamma,delta,epsilon,zeta,epsilon_zeta,chi,bb_type,glyco_bond,form,ssZp,Dp,eta,theta,eta_prime,theta_prime,eta_base,theta_base,v0,v1,v2,v3,v4,amplitude,phase_angle,puckering
1,1,0.01,U,U,U,0,0,0,1,0,(,119,1,cWW,cW-W,,,0.93,1.41,3.63,4.95,4.97,3.36,BI,anti,A,4.58,4.64,,,,,,,0.07,5.83,0.64,5.66,0.35,37.91,0.22,C3'-endo
2,2,0.02,G,G,G,0,0,1,0,0,(,118,1,cWW,cW-W,5.17,2.97,0.98,1.42,3.72,4.94,5.07,3.29,BI,anti,A,4.62,4.66,2.96,3.73,3.15,3.76,3.80,4.20,0.07,5.84,0.63,5.67,0.34,37.23,0.23,C3'-endo
3,3,0.03,C,C,C,0,1,0,0,0,(,117,1,cWW,cW-W,5.24,2.99,0.92,1.42,3.73,5.00,5.01,3.36,BI,anti,A,4.57,4.64,2.99,3.79,3.21,3.81,3.90,4.26,0.05,5.85,0.63,5.66,0.36,37.30,0.25,C3'-endo
4,4,0.03,C,C,C,0,1,0,0,0,(,116,1,cWW,cW-W,5.18,2.97,0.98,1.40,3.67,5.06,4.89,3.35,BI,anti,A,4.55,4.61,2.93,3.78,3.18,3.78,3.91,4.16,0.02,5.87,0.63,5.64,0.39,37.88,0.30,C3'-endo
5,5,0.04,U,U,U,0,0,0,1,0,(,115,1,cWW,cW-W,5.10,3.08,0.97,1.38,3.60,4.91,4.97,3.40,BI,anti,A,4.48,4.56,2.92,3.56,3.15,3.57,3.80,3.95,6.27,5.89,0.63,5.63,0.42,38.09,0.34,C3'-endo
6,6,0.05,G,G,G,0,0,1,0,0,(,114,1,cWW,cW-W,5.25,2.95,0.91,1.39,3.76,4.88,5.16,3.35,BI,anti,A,4.55,4.64,2.97,3.69,3.13,3.70,3.71,4.12,0.01,5.87,0.63,5.65,0.39,37.54,0.30,C3'-endo
7,7,0.06,G,G,G,0,0,1,0,0,(,113,1,cWW,cW-W,5.29,2.89,0.85,1.36,3.83,4.90,5.21,3.35,BI,anti,A,4.61,4.71,2.89,3.74,3.09,3.79,3.75,4.24,0.04,5.84,0.66,5.62,0.39,39.44,0.27,C3'-endo
8,8,0.07,C,C,C,0,1,0,0,0,(,112,1,cWW,cW-W,5.32,2.88,1.05,1.36,3.72,5.46,4.54,3.43,BI,anti,.,4.50,4.63,3.06,4.07,3.30,3.84,3.97,3.96,6.27,5.88,0.64,5.62,0.43,38.87,0.34,C3'-endo
9,9,0.07,G,G,G,0,0,1,0,0,(,111,1,cWW,cW-W,3.72,2.37,2.51,1.44,4.00,4.86,5.43,3.26,BI,anti,A,4.65,4.71,2.83,3.32,3.03,3.42,3.47,3.96,0.05,5.85,0.62,5.68,0.35,36.62,0.24,C3'-endo
10,10,0.08,G,G,G,0,0,1,0,0,(,110,1,cWW,cW-W,4.51,3.17,1.29,1.45,3.33,4.86,4.76,3.66,BI,anti,.,4.18,4.49,2.62,4.11,2.92,4.01,3.65,4.72,0.09,5.82,0.64,5.68,0.32,37.03,0.19,C3'-endo
11,11,0.09,C,C,C,0,1,0,0,0,.,,0,,,2.78,4.00,2.84,1.42,4.48,0.01,4.47,3.53,..,anti,.,3.96,4.68,3.04,5.06,3.41,4.70,4.46,5.13,0.03,5.88,0.61,5.67,0.37,36.49,0.28,C3'-endo
12,12,0.10,C,C,C,0,1,0,0,0,.,,0,,,3.71,1.66,3.11,1.40,4.32,5.17,5.43,3.99,..,anti,.,2.62,4.57,2.83,2.89,3.20,3.00,4.03,3.40,6.21,5.96,0.57,5.65,0.45,36.31,0.44,C3'-endo
13,13,0.11,G,G,G,0,0,1,0,0,.,,0,,,4.17,1.76,3.99,2.52,4.55,4.00,0.55,5.27,..,anti,.,0.07,1.01,4.84,2.59,4.77,2.83,4.58,5.35,5.90,0.61,5.69,0.39,6.27,35.94,2.83,C2'-endo
14,14,0.12,U,U,U,0,0,0,1,0,.,,0,,,5.30,4.18,1.43,2.59,3.98,0.40,3.58,3.62,..,anti,.,1.33,1.55,5.02,0.56,5.33,5.49,3.12,4.98,5.93,0.61,5.66,0.44,6.22,36.97,2.90,C2'-endo
15,15,0.12,A,A,A,1,0,0,0,0,.,,0,,,2.93,2.21,0.83,1.39,4.25,2.57,1.68,3.61,BII,anti,.,3.96,4.75,0.31,1.40,1.40,0.46,2.05,5.51,0.02,5.86,0.64,5.64,0.39,38.05,0.29,C3'-endo
16,16,0.13,G,G,G,0,0,1,0,0,(,68,1,cWW,cW-W,5.07,3.98,2.99,1.45,3.30,4.85,4.74,3.58,BI,anti,A,4.18,4.35,0.13,3.69,0.99,3.38,2.34,3.66,6.28,5.92,0.58,5.68,0.38,35.15,0.34,C3'-endo
17,17,0.14,C,C,C,0,1,0,0,0,(,67,1,cWW,cW-W,2.63,3.57,3.12,1.43,3.81,4.80,5.29,3.19,BI,anti,.,4.61,4.64,2.90,3.87,3.11,3.80,3.75,4.52,0.06,5.85,0.62,5.68,0.34,36.51,0.23,C3'-endo
18,18,0.15,G,G,G,0,0,1,0,0,.,,0,,,2.91,3.74,2.69,1.42,3.86,5.22,4.93,3.05,BI,anti,.,4.71,4.73,2.58,3.93,3.08,3.85,4.23,4.19,0.11,5.79,0.66,5.67,0.32,38.39,0.16,C3'-endo
19,19,0.16,C,C,C,0,1,0,0,0,(,"64,65",2,"cWW,cWW","cW-W,cW-W",5.05,3.55,0.74,1.40,4.47,4.15,0.31,3.47,..,anti,.,4.06,4.62,3.15,4.09,3.31,4.04,3.83,4.64,6.26,5.91,0.61,5.65,0.41,37.03,0.35,C3'-endo
20,20,0.17,G,G,G,0,0,1,0,0,(,63,1,cWW,cW-W,1.71,4.33,3.33,1.43,4.08,4.64,5.73,3.05,..,anti,A,4.78,4.77,2.63,3.35,2.97,3.39,3.84,3.82,0.10,5.81,0.64,5.68,0.32,37.49,0.17,C3'-endo
21,21,0.17,G,G,G,0,0,1,0,0,(,62,1,cWW,cW-W,5.51,2.72,0.82,1.43,3.85,4.91,5.23,3.25,BI,anti,A,4.59,4.64,2.99,3.87,3.21,3.90,3.85,4.40,0.03,5.87,0.61,5.67,0.37,36.55,0.28,C3'-endo
22,22,0.18,U,U,U,0,0,0,1,0,(,61,1,cWW,cW-W,5.35,2.96,0.84,1.43,3.75,4.75,5.28,3.42,BI,anti,A,4.41,4.56,2.98,3.58,3.23,3.62,4.00,3.91,6.28,5.90,0.59,5.67,0.39,35.90,0.33,C3'-endo
23,23,0.19,G,G,G,0,0,1,0,0,(,60,1,cWW,cW-W,5.30,2.95,0.80,1.45,4.59,3.52,1.08,3.54,BII,anti,.,3.85,4.66,3.18,3.07,3.24,3.44,3.57,3.45,0.04,5.87,0.60,5.69,0.35,35.70,0.26,C3'-endo
24,24,0.20,G,G,G,0,0,1,0,0,.,"26,59",2,"tSW,cWW","tm+W,cW-W",5.41,1.98,1.34,2.54,4.67,3.42,1.25,4.54,BII,anti,.,0.56,0.85,3.68,2.81,4.03,1.86,3.68,1.57,5.92,0.60,5.68,0.41,6.25,35.67,2.87,C2'-endo
25,25,0.21,U,U,U,0,0,0,1,0,.,,0,,,5.16,4.49,3.53,1.41,3.38,0.57,2.80,3.88,..,anti,.,3.71,4.43,1.67,4.82,1.55,4.84,1.64,5.45,6.25,5.92,0.59,5.66,0.41,36.47,0.37,C3'-endo
26,26,0.22,C,C,C,0,1,0,0,0,.,24,1,tWS,tW+m,3.38,3.22,1.71,1.43,3.83,4.97,5.14,3.65,BI,anti,.,4.12,4.65,2.39,3.85,3.32,3.59,4.36,3.40,0.03,5.87,0.61,5.67,0.37,36.64,0.28,C3'-endo
27,27,0.23,C,C,C,0,1,0,0,0,.,,0,,,3.69,2.74,2.08,1.46,3.75,5.22,4.81,3.34,BI,anti,A,4.54,4.63,2.45,3.79,2.68,3.77,2.82,4.53,0.06,5.85,0.62,5.68,0.34,36.34,0.23,C3'-endo
28,28,0.23,C,C,C,0,1,0,0,0,(,"56,58",2,"cWW,cSW","cW-W,cm-W",5.00,2.93,1.13,1.43,3.66,4.97,4.98,3.38,BI,anti,.,4.49,4.57,2.86,3.73,3.28,3.72,4.44,4.20,0.02,5.88,0.61,5.67,0.38,36.42,0.30,C3'-endo
29,29,0.24,A,A,A,1,0,0,0,0,.,54,1,cWW,cW-W,5.15,2.97,1.03,1.44,3.93,5.19,5.02,3.05,BI,anti,.,4.55,4.62,3.05,4.16,3.26,4.21,3.99,5.12,0.01,5.89,0.60,5.68,0.37,35.78,0.30,C3'-endo
30,30,0.25,C,C,C,0,1,0,0,0,.,53,1,cWW,cW-W,5.02,3.10,0.95,1.51,3.51,4.94,4.86,3.43,BI,anti,.,4.28,4.41,2.77,3.63,3.23,3.64,4.53,3.74,0.04,5.90,0.56,5.73,0.33,33.19,0.26,C3'-endo
31,31,0.26,C,C,C,0,1,0,0,0,.,52,1,cWW,cW-W,5.04,3.30,0.82,1.49,4.21,4.15,0.07,3.68,..,anti,.,3.70,4.61,3.11,3.54,3.15,3.73,3.32,4.20,0.04,5.90,0.57,5.72,0.33,33.65,0.27,C3'-endo
32,32,0.27,U,U,U,0,0,0,1,0,(,50,1,cWW,cW-W,5.72,2.23,0.89,1.39,4.04,4.71,5.61,3.53,..,anti,A,4.25,4.70,3.07,3.93,3.27,3.87,3.76,4.25,0.03,5.86,0.63,5.65,0.38,37.68,0.29,C3'-endo
33,33,0.28,G,G,G,0,0,1,0,0,(,49,1,cWW,cW-W,5.48,2.71,0.73,1.39,4.46,5.69,5.05,3.42,..,anti,.,4.18,4.62,3.01,4.52,3.18,4.33,3.80,4.40,6.26,5.90,0.61,5.64,0.42,37.57,0.35,C3'-endo
34,34,0.28,A,A,A,1,0,0,0,0,(,48,1,cWW,cW-W,4.57,1.39,3.14,1.45,4.43,2.66,1.78,3.20,BII,anti,.,4.11,4.24,3.45,0.85,3.51,1.01,3.82,0.97,6.12,6.05,0.51,5.67,0.49,34.92,0.59,C3'-endo
35,35,0.29,C,C,C,0,1,0,0,0,.,,0,,,5.55,2.58,5.14,1.41,3.85,5.12,5.01,3.39,BI,anti,.,4.55,4.69,1.86,3.40,1.62,3.73,1.62,4.44,0.04,5.85,0.63,5.66,0.37,37.53,0.26,C3'-endo
36,36,0.30,C,C,C,0,1,0,0,0,.,,0,,,5.17,3.26,1.24,1.42,4.23,5.16,5.35,3.53,..,anti,.,4.15,4.70,3.47,4.32,3.72,4.36,4.24,4.86,0.02,5.87,0.62,5.66,0.38,36.97,0.29,C3'-endo
37,37,0.31,C,C,C,0,1,0,0,0,.,48,1,cWS,cW-m,5.08,3.76,0.51,1.42,3.91,5.15,5.04,3.26,BI,anti,.,4.64,4.70,2.83,3.89,3.06,4.09,3.71,5.10,0.06,5.84,0.64,5.66,0.36,37.53,0.24,C3'-endo
38,38,0.32,C,C,C,0,1,0,0,0,(,44,1,cWW,cW-W,5.13,2.89,1.02,1.42,3.70,5.05,4.93,3.31,BI,anti,A,4.61,4.65,2.81,3.83,3.25,3.83,4.51,4.37,0.05,5.84,0.64,5.66,0.36,37.86,0.24,C3'-endo
39,39,0.33,A,A,A,1,0,0,0,0,.,46,1,cSW,cm-W,5.12,2.89,1.10,1.42,3.51,4.69,5.11,3.34,BI,anti,.,4.54,4.58,2.91,3.36,3.26,3.45,4.18,3.22,0.07,5.84,0.63,5.67,0.34,37.29,0.22,C3'-endo
40,40,0.33,U,U,U,0,0,0,1,0,.,,0,,,5.42,3.05,1.16,2.55,4.31,5.85,4.74,4.13,..,anti,.,1.31,1.27,3.64,5.89,3.92,5.45,3.56,5.12,5.90,0.63,5.67,0.41,6.26,36.92,2.84,C2'-endo
41,41,0.34,G,G,G,0,0,1,0,0,.,,0,,,4.70,2.84,3.11,1.43,2.96,2.65,0.31,3.69,..,anti,.,4.06,4.27,4.64,0.29,5.32,5.98,6.00,5.52,0.06,5.85,0.63,5.67,0.35,36.88,0.24,C3'-endo
42,42,0.35,C,C,C,0,1,0,0,0,.,,0,,,0.67,3.63,2.78,1.45,3.74,5.09,4.94,3.53,BI,anti,.,4.20,4.47,0.99,3.62,1.66,3.55,2.63,4.21,6.24,5.95,0.56,5.69,0.40,34.56,0.39,C3'-endo
43,43,0.36,C,C,C,0,1,0,0,0,.,,0,,,4.83,2.79,1.35,1.39,3.65,5.39,4.53,3.44,BI,anti,.,4.48,4.61,2.80,4.72,3.17,4.69,4.15,4.80,0.02,5.87,0.63,5.64,0.39,37.88,0.30,C3'-endo
44,44,0.37,G,G,G,0,0,1,0,0,),"38,47,48",3,"cWW,tSW,tSW","cW-W,tm+W,tm+W",3.67,4.51,2.92,1.57,4.50,2.57,1.93,3.86,BII,anti,.,2.72,4.08,4.36,1.83,4.80,1.49,5.08,1.33,6.15,6.08,0.43,5.76,0.41,29.41,0.58,C3'-endo
45,45,0.38,A,A,A,1,0,0,0,0,.,,0,,,5.28,2.64,5.24,1.48,3.91,5.30,4.89,2.94,BI,anti,.,4.76,4.79,1.82,3.76,1.63,4.03,1.93,5.07,0.18,5.76,0.65,5.72,0.25,37.37,0.06,C3'-endo
46,46,0.38,A,A,A,1,0,0,0,0,.,39,1,cWS,cW-m,4.80,3.33,1.08,1.48,3.78,5.05,5.01,3.17,BI,anti,A,4.60,4.63,2.86,3.93,3.27,3.98,4.40,4.58,0.08,5.85,0.60,5.71,0.31,34.97,0.20,C3'-endo
47,47,0.39,C,C,C,0,1,0,0,0,.,44,1,tWS,tW+m,4.93,3.17,1.02,1.50,3.71,5.34,4.65,3.37,BI,anti,.,4.46,4.56,2.90,4.17,3.18,4.19,4.05,5.00,0.05,5.88,0.58,5.72,0.32,34.26,0.24,C3'-endo
48,48,0.40,U,U,U,0,0,0,1,0,),"34,37,44",3,"cWW,cSW,tWS","cW-W,cm-W,tW+m",4.84,3.11,1.05,1.45,4.17,4.36,6.09,3.57,..,anti,.,4.07,4.66,2.88,3.56,3.27,3.66,4.40,4.12,0.02,5.89,0.60,5.68,0.37,35.84,0.30,C3'-endo
49,49,0.41,C,C,C,0,1,0,0,0,),33,1,cWW,cW-W,5.39,2.30,1.15,1.43,3.79,4.19,5.88,3.57,..,anti,.,4.26,4.63,2.93,3.88,3.19,3.64,3.80,3.77,0.02,5.88,0.61,5.67,0.38,36.36,0.30,C3'-endo
50,50,0.42,A,A,A,1,0,0,0,0,),32,1,cWW,cW-W,2.70,3.95,2.65,1.50,4.25,4.67,5.87,3.29,..,anti,.,4.62,4.79,2.62,4.39,2.84,4.14,3.30,4.74,0.13,5.81,0.62,5.72,0.27,35.80,0.12,C3'-endo
51,51,0.42,G,G,G,0,0,1,0,0,.,,0,,,3.21,3.38,2.77,1.45,2.76,0.60,2.16,4.70,..,anti,B,1.08,4.12,2.84,4.02,3.31,3.58,4.18,3.63,0.13,5.82,0.60,5.74,0.27,34.89,0.12,C3'-endo
52,52,0.43,A,A,A,1,0,0,0,0,.,31,1,cWW,cW-W,3.27,1.55,2.71,1.37,0.83,1.09,6.03,4.49,..,anti,.,0.55,3.08,3.69,1.96,3.53,2.42,3.66,2.37,0.07,5.86,0.60,5.70,0.32,35.29,0.22,C3'-endo
53,53,0.44,A,A,A,1,0,0,0,0,.,30,1,cWW,cW-W,3.10,3.58,0.98,1.39,3.66,4.99,4.96,4.57,BI,anti,.,0.94,4.59,2.46,3.64,2.51,3.71,2.58,4.08,6.28,5.89,0.62,5.65,0.40,37.42,0.33,C3'-endo
54,54,0.45,G,G,G,0,0,1,0,0,.,29,1,cWW,cW-W,5.03,2.87,1.11,1.42,3.39,4.80,4.88,3.89,BI,anti,.,3.69,4.53,2.80,4.07,3.11,3.95,3.64,4.51,0.06,5.84,0.63,5.67,0.35,37.39,0.24,C3'-endo
55,55,0.46,U,U,U,0,0,0,1,0,.,,0,,,2.69,3.98,3.02,1.42,4.07,4.41,5.94,3.69,..,anti,.,3.83,4.68,3.02,3.27,3.40,3.34,4.27,2.95,0.02,5.88,0.61,5.67,0.37,36.61,0.29,C3'-endo
56,56,0.47,G,G,G,0,0,1,0,0,),"28,57",2,"cWW,cSH","cW-W,cm+M",5.50,2.53,0.98,2.42,4.23,2.28,1.95,4.27,BII,anti,.,1.71,1.62,3.16,2.37,3.57,1.90,3.21,2.17,5.84,0.63,5.73,0.31,0.08,35.51,2.69,C2'-endo
57,57,0.47,A,A,A,1,0,0,0,0,.,56,1,cHS,cM+m,5.36,2.65,5.92,1.43,3.92,4.96,5.25,3.09,BI,anti,A,4.81,4.78,2.54,3.69,2.30,3.91,2.59,4.66,0.12,5.79,0.66,5.67,0.31,38.45,0.15,C3'-endo
58,58,0.48,A,A,A,1,0,0,0,0,.,28,1,cWS,cW-m,5.21,2.90,1.10,1.46,3.53,5.02,4.79,3.13,BI,anti,.,4.47,4.55,2.98,4.35,3.34,4.25,4.26,5.24,0.07,5.85,0.61,5.69,0.33,35.90,0.22,C3'-endo
59,59,0.49,A,A,A,1,0,0,0,0,.,24,1,cWW,cW-W,3.28,3.97,2.07,1.43,3.97,4.96,5.29,3.32,BI,anti,.,4.55,4.68,2.57,4.10,3.08,4.07,4.55,4.76,0.04,5.87,0.61,5.68,0.36,36.23,0.27,C3'-endo
60,60,0.50,C,C,C,0,1,0,0,0,),23,1,cWW,cW-W,5.35,2.78,0.95,1.42,4.00,4.86,5.43,3.52,BI,anti,A,4.28,4.69,2.97,3.90,3.33,3.89,4.42,4.22,0.03,5.87,0.62,5.67,0.37,36.86,0.28,C3'-endo
61,61,0.51,G,G,G,0,0,1,0,0,),22,1,cWW,cW-W,5.25,2.89,0.82,1.38,3.64,4.93,4.99,3.42,BI,anti,A,4.45,4.56,2.76,3.62,3.01,3.64,3.64,4.13,6.25,5.91,0.61,5.63,0.43,37.69,0.38,C3'-endo
62,62,0.52,C,C,C,0,1,0,0,0,),21,1,cWW,cW-W,5.19,2.90,1.02,1.41,3.63,5.00,4.91,3.49,BI,anti,A,4.38,4.55,2.96,3.71,3.18,3.71,3.89,4.14,6.27,5.91,0.60,5.66,0.41,36.72,0.35,C3'-endo
63,63,0.53,C,C,C,0,1,0,0,0,),20,1,cWW,cW-W,5.15,2.99,1.05,1.38,3.82,4.19,5.92,3.52,..,anti,.,4.34,4.64,3.03,3.71,3.24,3.62,3.90,3.78,6.28,5.89,0.62,5.64,0.41,37.86,0.33,C3'-endo
64,64,0.53,G,G,G,0,0,1,0,0,),19,1,cWW,cW-W,2.89,3.84,2.46,1.44,3.79,5.09,4.99,3.22,BI,anti,A,4.71,4.73,2.41,3.92,2.65,3.81,3.07,4.08,0.13,5.79,0.65,5.69,0.30,37.64,0.14,C3'-endo
65,65,0.54,U,U,U,0,0,0,1,0,.,19,1,cWW,cW-W,5.13,3.12,1.02,1.42,4.17,4.33,6.12,3.48,..,anti,.,4.22,4.63,3.12,3.72,3.35,4.01,3.91,5.05,6.26,5.92,0.59,5.66,0.41,36.26,0.36,C3'-endo
66,66,0.55,A,A,A,1,0,0,0,0,.,,0,,,5.89,2.25,1.25,2.59,4.35,2.61,1.74,4.72,BII,anti,.,0.75,1.16,3.50,3.21,4.25,2.69,5.08,2.99,5.94,0.60,5.67,0.43,6.22,36.16,2.91,C2'-endo
67,67,0.56,G,G,G,0,0,1,0,0,),17,1,cWW,cW-W,2.66,4.16,1.40,1.40,3.67,4.87,5.08,3.52,BI,anti,A,4.40,4.65,2.29,3.77,2.08,3.78,2.50,4.12,0.04,5.84,0.65,5.64,0.38,38.64,0.26,C3'-endo
68,68,0.57,C,C,C,0,1,0,0,0,),16,1,cWW,cW-W,5.26,2.85,1.13,1.40,3.69,6.07,3.90,3.53,..,anti,.,4.36,4.63,3.09,4.44,3.31,4.08,3.89,4.23,0.03,5.86,0.63,5.65,0.38,37.73,0.28,C3'-endo
69,69,0.57,G,G,G,0,0,1,0,0,.,107,1,tHW,tM-W,3.70,1.73,2.95,1.41,3.93,5.79,4.43,2.98,..,anti,.,4.74,4.76,3.01,3.67,3.14,4.01,3.72,5.10,0.10,5.80,0.66,5.66,0.33,38.65,0.17,C3'-endo
70,70,0.58,C,C,C,0,1,0,0,0,(,106,1,cWW,cW-W,4.67,3.28,1.03,1.43,3.64,4.99,4.93,3.37,BI,anti,A,4.50,4.58,2.61,3.72,3.30,3.76,4.85,4.23,0.03,5.87,0.62,5.67,0.37,36.70,0.28,C3'-endo
71,71,0.59,C,C,C,0,1,0,0,0,(,105,1,cWW,cW-W,5.17,2.92,1.08,1.41,3.83,5.10,5.01,3.32,BI,anti,.,4.49,4.61,3.03,3.97,3.28,4.00,3.98,4.91,0.02,5.87,0.62,5.65,0.39,37.40,0.30,C3'-endo
72,72,0.60,G,G,G,0,0,1,0,0,.,104,1,tSH,tm-M,5.17,2.89,0.91,1.44,3.80,4.96,5.12,3.40,BI,anti,.,4.55,4.70,2.80,3.28,3.19,2.96,4.48,2.74,0.10,5.82,0.64,5.69,0.31,37.09,0.18,C3'-endo
73,73,0.61,A,A,A,1,0,0,0,0,.,103,1,tHW,tM-W,4.58,1.29,3.15,1.46,4.35,5.26,5.38,2.80,..,anti,.,4.62,4.74,3.72,3.34,3.26,3.69,2.90,4.87,0.10,5.83,0.62,5.70,0.31,35.96,0.17,C3'-endo
74,74,0.62,U,U,U,0,0,0,1,0,.,"102,103",2,"c.W,cWW","c.-W,cW-W",5.04,3.04,0.84,1.43,3.81,5.19,4.91,3.39,BI,anti,.,4.51,4.65,2.53,4.03,3.08,4.09,4.54,4.89,0.05,5.85,0.63,5.66,0.36,37.40,0.25,C3'-endo
75,75,0.62,G,G,G,0,0,1,0,0,.,101,1,cWW,cW-W,5.09,2.92,1.08,1.39,3.82,4.90,5.20,3.39,BI,anti,A,4.54,4.68,2.89,3.75,3.29,3.77,4.45,4.29,0.03,5.85,0.64,5.64,0.38,38.25,0.28,C3'-endo
76,76,0.63,G,G,G,0,0,1,0,0,.,100,1,tWH,tW-M,5.28,2.78,0.98,1.38,3.81,4.89,5.21,3.33,BI,anti,A,4.65,4.73,2.91,3.77,3.19,3.79,4.01,4.34,0.07,5.81,0.67,5.64,0.36,39.41,0.22,C3'-endo
77,77,0.64,U,U,U,0,0,0,1,0,.,99,1,tWH,tW-M,5.37,2.83,0.95,1.39,3.81,4.89,5.20,3.32,BI,anti,A,4.64,4.71,3.01,3.76,3.27,3.78,4.11,4.13,0.06,5.82,0.66,5.64,0.36,39.10,0.23,C3'-endo
78,78,0.65,A,A,A,1,0,0,0,0,.,98,1,tHS,tM-m,5.31,2.83,1.03,1.34,3.91,5.19,5.00,3.30,BI,anti,.,4.67,4.75,3.02,4.05,3.25,4.09,3.89,4.82,0.05,5.82,0.68,5.61,0.39,40.54,0.25,C3'-endo
79,79,0.66,G,G,G,0,0,1,0,0,(,"97,0",2,"cWW,tS.","cW-W,tm+.",5.13,2.87,1.21,1.35,3.88,4.96,5.21,3.28,BI,anti,A,4.66,4.70,2.97,3.82,3.39,3.86,4.53,4.50,0.01,5.86,0.65,5.62,0.41,39.19,0.31,C3'-endo
80,80,0.67,U,U,U,0,0,0,1,0,(,96,1,cWW,cW-W,5.32,2.83,1.00,1.41,3.51,4.78,5.02,3.36,BI,anti,.,4.51,4.54,2.94,3.40,3.30,3.36,4.27,3.37,0.02,5.88,0.62,5.65,0.39,37.22,0.30,C3'-endo
81,81,0.68,G,G,G,0,0,1,0,0,(,95,1,cWW,cW-W,5.18,3.22,0.75,1.41,3.88,5.02,5.15,3.26,BI,anti,A,4.61,4.66,3.01,3.87,2.97,3.97,3.05,4.67,0.02,5.88,0.61,5.66,0.38,36.80,0.30,C3'-endo
82,82,0.68,U,U,U,0,0,0,1,0,(,94,1,cWW,cW-W,5.24,2.99,0.85,1.39,3.73,4.99,5.03,3.36,BI,anti,A,4.56,4.64,2.87,3.75,3.17,3.78,4.12,4.29,0.03,5.86,0.64,5.64,0.39,38.33,0.29,C3'-endo
83,83,0.69,G,G,G,0,0,1,0,0,(,93,1,cWW,cW-W,5.22,3.00,0.88,1.41,3.46,4.85,4.89,3.41,BI,anti,A,4.42,4.49,2.88,3.98,3.14,3.84,3.92,4.20,0.01,5.89,0.61,5.66,0.39,36.90,0.32,C3'-endo
84,84,0.70,G,G,G,0,0,1,0,0,(,92,1,cWW,cW-W,2.78,3.58,2.93,1.41,3.99,4.86,5.41,3.15,BI,anti,A,4.70,4.72,2.80,3.54,3.06,3.59,3.78,4.03,0.06,5.84,0.63,5.67,0.35,37.26,0.23,C3'-endo
85,85,0.71,G,G,G,0,0,1,0,0,(,91,1,cWW,cW-W,5.41,2.85,0.88,1.37,3.66,4.85,5.10,3.38,BI,anti,A,4.52,4.60,2.94,3.58,3.23,3.60,3.93,3.91,6.27,5.89,0.63,5.62,0.43,38.50,0.35,C3'-endo
86,86,0.72,G,G,G,0,0,1,0,0,(,90,1,cWW,cW-W,5.33,2.89,0.97,1.38,3.74,4.22,5.81,3.47,..,anti,.,4.42,4.61,3.06,3.63,3.23,3.11,3.72,2.12,6.26,5.90,0.62,5.63,0.42,37.78,0.36,C3'-endo
87,87,0.72,U,U,U,0,0,0,1,0,.,,0,,,2.92,3.76,1.20,2.55,3.98,5.28,4.98,3.67,BI,anti,.,1.50,1.63,1.26,5.42,1.60,5.13,0.99,5.41,5.92,0.61,5.68,0.41,6.25,36.07,2.87,C2'-endo
88,88,0.73,C,C,C,0,1,0,0,0,.,90,1,cSW,cm-W,4.50,4.17,1.12,2.53,4.71,3.86,0.85,3.85,..,anti,.,0.79,0.84,3.36,3.69,4.10,3.64,4.39,5.36,5.93,0.59,5.69,0.40,6.25,35.09,2.87,C2'-endo
89,89,0.74,U,U,U,0,0,0,1,0,.,,0,,,5.09,4.04,1.57,2.48,3.74,6.07,3.95,1.00,..,syn,.,-1.88,1.95,4.94,0.17,5.11,5.97,3.74,6.21,5.81,0.67,5.67,0.35,0.07,38.41,2.71,C2'-endo
90,90,0.75,C,C,C,0,1,0,0,0,),"86,88",2,"cWW,cWS","cW-W,cW-m",2.47,3.46,2.90,1.41,3.68,4.99,4.97,3.51,BI,anti,A,4.39,4.62,2.50,3.36,3.39,3.37,4.06,3.75,0.04,5.86,0.63,5.65,0.37,37.67,0.27,C3'-endo
91,91,0.76,C,C,C,0,1,0,0,0,),85,1,cWW,cW-W,5.12,2.85,1.24,1.38,3.54,4.96,4.86,3.42,BI,anti,A,4.45,4.53,3.02,3.57,3.30,3.54,3.92,3.90,6.26,5.89,0.62,5.63,0.42,38.10,0.35,C3'-endo
92,92,0.77,C,C,C,0,1,0,0,0,),84,1,cWW,cW-W,5.14,3.00,1.06,1.42,3.62,4.99,4.91,3.40,BI,anti,A,4.46,4.57,3.02,3.70,3.22,3.71,3.81,4.12,0.01,5.88,0.62,5.66,0.39,37.07,0.31,C3'-endo
93,93,0.78,C,C,C,0,1,0,0,0,),83,1,cWW,cW-W,5.16,2.99,1.02,1.41,3.86,4.94,5.20,3.46,BI,anti,A,4.41,4.65,3.04,3.82,3.25,3.83,3.88,4.19,0.02,5.87,0.62,5.66,0.38,37.18,0.30,C3'-endo
94,94,0.78,A,A,A,1,0,0,0,0,),82,1,cWW,cW-W,4.98,3.23,0.77,1.43,3.70,4.99,4.99,3.47,BI,anti,A,4.41,4.61,2.73,3.73,2.90,3.80,3.48,4.38,0.05,5.86,0.62,5.67,0.36,36.78,0.26,C3'-endo
95,95,0.79,U,U,U,0,0,0,1,0,),81,1,cWW,cW-W,5.19,2.90,0.96,1.40,3.68,4.94,5.03,3.55,BI,anti,A,4.33,4.63,2.89,3.69,3.17,3.65,3.99,3.92,0.04,5.85,0.64,5.65,0.37,37.78,0.26,C3'-endo
96,96,0.80,G,G,G,0,0,1,0,0,),80,1,cWW,cW-W,5.20,2.96,0.90,1.35,3.67,5.03,4.92,3.25,BI,anti,A,4.61,4.62,2.87,3.69,3.04,3.71,3.58,4.21,6.28,5.87,0.65,5.61,0.42,39.32,0.33,C3'-endo
97,97,0.81,C,C,C,0,1,0,0,0,),79,1,cWW,cW-W,5.16,3.07,0.96,1.34,3.82,5.27,4.84,3.37,BI,anti,.,4.59,4.70,2.98,4.01,3.16,4.10,3.89,4.91,0.01,5.85,0.67,5.60,0.42,40.32,0.31,C3'-endo
98,98,0.82,G,G,G,0,0,1,0,0,.,78,1,tSH,tm-M,5.01,2.90,1.22,1.39,3.57,4.83,5.02,3.27,BI,anti,.,4.61,4.62,2.87,3.02,3.36,2.67,4.59,2.46,0.05,5.84,0.65,5.65,0.37,38.42,0.25,C3'-endo
99,99,0.82,A,A,A,1,0,0,0,0,.,77,1,tHW,tM-W,4.66,1.44,3.08,1.44,4.27,5.13,5.43,2.87,..,anti,.,4.70,4.76,3.85,3.20,3.38,3.53,2.97,4.66,0.09,5.82,0.64,5.68,0.32,37.03,0.18,C3'-endo
100,100,0.83,G,G,G,0,0,1,0,0,.,76,1,tHW,tM-W,4.99,2.98,0.98,1.44,3.86,5.27,4.88,3.24,BI,anti,.,4.66,4.68,2.63,4.16,3.10,4.21,4.48,5.13,0.06,5.85,0.62,5.68,0.34,36.64,0.23,C3'-endo
101,101,0.84,A,A,A,1,0,0,0,0,.,75,1,cWW,cW-W,5.04,2.98,1.05,1.44,4.01,4.71,5.59,3.31,..,anti,A,4.51,4.65,2.89,3.79,3.33,3.84,4.65,4.40,0.05,5.86,0.61,5.68,0.35,36.20,0.25,C3'-endo
102,102,0.85,G,G,G,0,0,1,0,0,.,74,1,cW.,cW-.,5.41,2.65,0.87,1.44,3.71,4.94,5.05,3.45,BI,anti,A,4.44,4.61,2.85,3.80,3.15,3.76,3.99,4.11,0.05,5.86,0.62,5.68,0.35,36.53,0.25,C3'-endo
103,103,0.86,U,U,U,0,0,0,1,0,.,"73,74",2,"tWH,cWW","tW-M,cW-W",5.26,2.90,0.93,1.39,3.94,4.68,5.54,3.53,BI,anti,.,4.28,4.68,2.99,3.63,3.20,3.70,3.81,4.11,0.01,5.88,0.63,5.64,0.40,37.81,0.31,C3'-endo
104,104,0.87,A,A,A,1,0,0,0,0,.,72,1,tHS,tM-m,5.30,2.86,0.93,1.40,4.00,5.27,5.02,3.29,BI,anti,.,4.67,4.76,3.03,4.25,3.16,4.35,3.70,5.10,0.06,5.83,0.65,5.64,0.37,38.53,0.24,C3'-endo
105,105,0.88,G,G,G,0,0,1,0,0,),71,1,cWW,cW-W,5.13,2.86,1.21,1.40,3.76,4.87,5.17,3.35,BI,anti,A,4.53,4.62,2.93,3.69,3.47,3.70,4.70,4.10,0.01,5.88,0.62,5.65,0.39,37.33,0.31,C3'-endo
106,106,0.88,G,G,G,0,0,1,0,0,),70,1,cWW,cW-W,5.35,2.98,0.88,1.43,3.35,4.78,4.85,3.64,BI,anti,.,4.15,4.43,3.01,4.03,3.26,4.00,3.89,4.59,0.02,5.89,0.60,5.68,0.37,35.98,0.30,C3'-endo
107,107,0.89,G,G,G,0,0,1,0,0,.,69,1,tWH,tW-M,2.80,4.06,2.85,1.46,4.54,2.40,2.14,3.37,BII,anti,.,4.23,4.59,3.16,2.22,3.49,2.52,4.34,3.21,6.28,5.92,0.58,5.69,0.38,35.00,0.34,C3'-endo
108,108,0.90,A,A,A,1,0,0,0,0,.,,0,,,6.24,1.62,0.87,1.44,3.47,2.90,0.58,5.13,..,anti,.,-1.38,4.51,3.60,2.09,3.72,1.94,3.60,2.18,0.03,5.88,0.60,5.68,0.36,35.90,0.28,C3'-endo
109,109,0.91,A,A,A,1,0,0,0,0,.,,0,,,5.51,2.16,0.97,1.39,4.17,5.88,4.57,3.51,..,anti,.,4.26,4.79,3.26,4.58,3.27,4.20,3.35,3.98,0.08,5.81,0.66,5.65,0.35,38.79,0.21,C3'-endo
110,110,0.92,C,C,C,0,1,0,0,0,),10,1,cWW,cW-W,4.32,1.43,3.28,1.40,3.90,4.92,5.26,3.26,BI,anti,A,4.60,4.66,3.45,2.61,3.47,3.05,3.67,3.92,0.02,5.87,0.62,5.65,0.39,37.28,0.30,C3'-endo
111,111,0.93,U,U,U,0,0,0,1,0,),9,1,cWW,cW-W,5.37,2.80,0.92,1.44,4.48,4.40,0.08,3.38,..,anti,.,4.26,4.64,3.14,4.26,3.40,4.00,4.25,4.15,0.02,5.89,0.60,5.68,0.37,35.99,0.30,C3'-endo
112,112,0.93,G,G,G,0,0,1,0,0,),8,1,cWW,cW-W,1.39,4.08,3.77,1.47,3.99,4.79,5.48,3.07,BI,anti,A,4.69,4.71,2.68,3.09,2.85,3.30,3.36,3.81,0.10,5.83,0.61,5.71,0.30,35.64,0.17,C3'-endo
113,113,0.94,C,C,C,0,1,0,0,0,),7,1,cWW,cW-W,5.40,2.99,0.74,1.44,3.77,4.92,5.13,3.39,BI,anti,A,4.49,4.62,2.97,3.76,3.17,3.80,3.76,4.20,0.04,5.86,0.62,5.68,0.36,36.51,0.26,C3'-endo
114,114,0.95,C,C,C,0,1,0,0,0,),6,1,cWW,cW-W,5.31,2.90,0.85,1.38,3.65,4.97,4.96,3.44,BI,anti,A,4.44,4.58,2.89,3.68,3.13,3.68,3.77,4.14,6.27,5.89,0.63,5.63,0.42,38.25,0.34,C3'-endo
115,115,0.96,A,A,A,1,0,0,0,0,),5,1,cWW,cW-W,5.22,2.90,0.93,1.35,3.82,4.73,5.37,3.36,BI,anti,A,4.60,4.71,2.91,3.58,3.12,3.61,3.83,3.97,0.03,5.84,0.67,5.62,0.40,39.71,0.28,C3'-endo
116,116,0.97,G,G,G,0,0,1,0,0,),4,1,cWW,cW-W,5.44,2.80,0.83,1.39,3.75,4.80,5.23,3.25,BI,anti,A,4.60,4.63,2.98,3.62,3.14,3.65,3.69,4.05,0.01,5.88,0.62,5.65,0.40,37.59,0.31,C3'-endo
117,117,0.97,G,G,G,0,0,1,0,0,),3,1,cWW,cW-W,5.33,2.91,0.85,1.42,3.69,4.96,5.01,3.34,BI,anti,A,4.58,4.64,2.96,3.73,3.14,3.75,3.75,4.21,0.05,5.85,0.63,5.67,0.36,37.01,0.25,C3'-endo
118,118,0.98,C,C,C,0,1,0,0,0,),2,1,cWW,cW-W,5.19,2.95,1.01,1.42,3.65,5.02,4.90,3.40,BI,anti,A,4.50,4.60,2.98,3.75,3.22,3.75,3.94,4.21,0.03,5.87,0.62,5.66,0.37,36.98,0.27,C3'-endo
119,119,0.99,A,A,A,1,0,0,0,0,),1,1,cWW,cW-W,5.11,2.97,1.04,1.41,3.93,5.43,4.78,3.37,BI,anti,.,4.56,4.72,2.98,4.67,3.21,4.25,3.93,4.28,0.06,5.84,0.63,5.66,0.36,37.46,0.24,C3'-endo
120,120,1.00,A,A,A,1,0,0,0,0,.,,0,,,2.80,2.61,2.90,1.41,,,,3.52,n/a,anti,-,,,,,,,,,0.04,5.86,0.63,5.66,0.37,37.42,0.27,C3'-endo
