index_chain,old_nt_resnum,nt_position,nt_name,nt_code,nt_align_code,is_A,is_C,is_G,is_U,is_other,dbn,paired,nb_interact,pair_type_LW,pair_type_DSSR,alpha,beta,gamma,delta,epsilon,zeta,epsilon_zeta,chi,bb_type,glyco_bond,form,ssZp,Dp,eta,theta,eta_prime,theta_prime,eta_base,theta_base,v0,v1,v2,v3,v4,amplitude,phase_angle,puckering
1,1,0.01,G,G,G,0,0,1,0,0,.,,0,,,,,0.93,1.43,3.56,4.85,4.99,3.28,BI,anti,.,4.49,4.53,,,,,,,0.02,5.89,0.60,5.68,0.37,35.76,0.30,C3'-endo
2,2,0.03,C,C,C,0,1,0,0,0,.,72,1,cWW,cW-W,5.19,3.12,0.96,1.47,4.09,4.84,5.53,3.39,..,anti,.,4.43,4.66,3.21,3.99,3.28,4.11,3.62,4.86,0.04,5.88,0.59,5.70,0.34,34.98,0.26,C3'-endo
3,3,0.04,C,C,C,0,1,0,0,0,.,71,1,cWW,cW-W,5.41,2.66,1.00,1.46,3.60,4.99,4.89,3.49,BI,anti,.,4.39,4.56,2.90,4.17,3.34,3.90,4.40,3.99,0.05,5.87,0.60,5.70,0.34,35.41,0.25,C3'-endo
4,4,0.05,C,C,C,0,1,0,0,0,(,69,1,cWW,cW-W,2.96,3.14,2.94,1.42,3.98,4.85,5.41,3.31,BI,anti,A,4.61,4.72,2.80,3.34,3.01,3.44,3.45,4.07,0.07,5.84,0.63,5.67,0.34,37.19,0.22,C3'-endo
5,5,0.07,G,G,G,0,0,1,0,0,(,68,1,cWW,cW-W,5.24,2.94,0.80,1.40,3.83,4.89,5.22,3.28,BI,anti,A,4.71,4.74,2.81,3.76,3.04,3.80,3.85,4.22,0.09,5.80,0.66,5.66,0.33,38.52,0.19,C3'-endo
6,6,0.08,G,G,G,0,0,1,0,0,(,67,1,cWW,cW-W,5.26,2.82,1.04,1.40,3.60,4.87,5.01,3.27,BI,anti,A,4.57,4.59,2.95,3.60,3.22,3.71,3.94,4.15,0.02,5.87,0.63,5.65,0.38,37.46,0.29,C3'-endo
7,7,0.09,A,A,A,1,0,0,0,0,(,66,1,cWW,cW-W,5.30,2.86,1.33,2.57,4.71,5.60,5.40,3.70,..,anti,.,0.73,0.75,3.73,5.91,4.15,5.61,4.56,6.11,5.94,0.60,5.67,0.43,6.23,36.09,2.90,C2'-endo
8,8,0.11,U,U,U,0,0,0,1,0,.,"14,21",2,"tWH,tSW","tW-M,tm+W",4.88,3.25,1.17,1.39,3.88,4.12,6.04,3.38,..,anti,.,4.57,4.71,2.67,2.71,3.45,3.35,3.83,3.21,0.05,5.84,0.65,5.65,0.37,38.33,0.25,C3'-endo
9,9,0.12,A,A,A,1,0,0,0,0,.,23,1,tHH,tM+M,5.17,3.85,1.00,2.51,4.54,4.57,6.25,4.96,..,anti,.,0.36,0.99,4.23,5.59,3.76,4.58,3.07,4.60,5.90,0.60,5.70,0.38,6.28,35.45,2.83,C2'-endo
10,10,0.13,G,G,G,0,0,1,0,0,(,"25,44",2,"cWW,cHW","cW-W,cM+W",2.75,3.52,1.13,1.51,3.76,4.90,5.15,3.14,BI,anti,A,4.58,4.62,0.58,3.81,1.59,3.87,2.15,4.26,0.11,5.84,0.59,5.73,0.28,34.41,0.15,C3'-endo
11,11,0.14,C,C,C,0,1,0,0,0,(,24,1,cWW,cW-W,5.17,3.07,0.97,1.50,3.63,5.01,4.90,3.40,BI,anti,A,4.36,4.49,3.03,3.80,3.26,3.82,3.86,4.19,0.05,5.89,0.56,5.73,0.31,33.28,0.24,C3'-endo
12,12,0.16,U,U,U,0,0,0,1,0,(,23,1,cWW,cW-W,5.13,3.16,0.88,1.47,3.71,4.86,5.13,3.62,BI,anti,.,4.11,4.54,3.00,4.28,3.21,4.15,3.77,4.58,0.04,5.89,0.58,5.71,0.33,34.26,0.26,C3'-endo
13,13,0.17,C,C,C,0,1,0,0,0,(,22,1,cWW,cW-W,2.18,3.80,3.54,1.44,3.38,4.84,4.83,3.28,BI,anti,.,4.43,4.46,3.06,3.29,3.39,3.24,4.23,3.33,0.04,5.87,0.61,5.68,0.36,36.05,0.27,C3'-endo
14,14,0.18,A,A,A,1,0,0,0,0,.,"8,21",2,"tHW,cWS","tM-W,cW-m",2.62,3.55,3.24,1.43,4.26,4.92,5.63,2.95,..,anti,.,4.63,4.68,3.07,3.67,3.20,3.82,3.47,4.97,0.03,5.87,0.61,5.67,0.36,36.34,0.27,C3'-endo
15,15,0.20,G,G,G,0,0,1,0,0,.,"20,48",2,"cSW,tWW","cm-W,tW+W",5.46,2.80,0.66,1.45,3.84,4.63,5.49,3.42,BI,anti,.,4.47,4.67,2.72,3.61,3.15,3.65,4.58,3.70,0.08,5.84,0.62,5.69,0.32,36.20,0.20,C3'-endo
16,16,0.21,U,U,U,0,0,0,1,0,.,59,1,tWW,tW+W,5.46,2.84,0.71,1.40,4.45,3.40,1.05,3.54,BII,anti,.,3.98,4.74,3.13,3.21,3.18,2.65,3.29,1.72,0.04,5.85,0.63,5.66,0.37,37.59,0.26,C3'-endo
17,17,0.22,C,C,C,0,1,0,0,0,.,,0,,,1.54,4.11,1.75,2.56,4.37,4.43,6.22,3.68,..,anti,.,1.14,1.19,1.15,5.26,1.54,3.94,1.31,3.32,5.91,0.62,5.67,0.42,6.25,36.63,2.86,C2'-endo
18,18,0.24,G,G,G,0,0,1,0,0,.,55,1,tWS,tW+m,1.10,3.43,1.48,2.63,4.09,3.22,0.87,4.97,BII,anti,.,0.71,1.41,5.79,3.78,0.62,3.63,0.66,4.06,5.98,0.58,5.66,0.47,6.17,36.31,2.99,C2'-endo
19,19,0.25,G,G,G,0,0,1,0,0,{,56,1,cWW,cW-W,0.37,2.40,6.15,2.67,5.07,5.73,5.63,5.18,..,anti,.,-0.53,0.43,3.77,6.22,3.94,5.67,4.09,6.25,6.02,0.57,5.64,0.51,6.13,37.15,3.05,C2'-endo
20,20,0.26,U,U,U,0,0,0,1,0,.,"15,59",2,"cWS,tHW","cW-m,tM-W",4.04,1.85,2.99,1.40,3.86,6.23,3.92,4.39,..,anti,.,1.47,4.63,2.92,3.94,3.49,4.11,3.41,4.20,6.27,5.91,0.60,5.66,0.40,36.45,0.34,C3'-endo
21,21,0.28,A,A,A,1,0,0,0,0,.,"8,14",2,"tWS,cSW","tW+m,cm-W",3.59,2.46,3.35,1.42,4.50,3.46,1.04,3.30,BII,anti,.,4.37,4.61,3.65,2.44,4.09,2.55,4.48,2.63,6.26,5.91,0.60,5.66,0.41,36.42,0.35,C3'-endo
22,22,0.29,G,G,G,0,0,1,0,0,),"13,46",2,"cWW,tHW","cW-W,tM-W",1.43,4.38,3.39,1.47,4.63,3.90,0.73,2.95,..,anti,A,4.46,4.52,3.12,3.50,3.00,3.39,2.90,3.60,0.00,5.91,0.57,5.70,0.37,34.65,0.32,C3'-endo
23,23,0.30,A,A,A,1,0,0,0,0,),"9,12",2,"tHH,cWW","tM+M,cW-W",1.78,4.21,3.22,1.45,4.44,4.46,6.26,3.01,..,anti,A,4.68,4.72,2.65,3.51,2.89,3.58,3.32,4.20,0.08,5.84,0.62,5.70,0.32,36.02,0.20,C3'-endo
24,24,0.32,G,G,G,0,0,1,0,0,),11,1,cWW,cW-W,5.52,2.41,0.83,1.39,3.84,4.99,5.13,3.32,BI,anti,A,4.58,4.67,2.75,3.97,3.08,3.93,3.98,4.52,0.03,5.86,0.64,5.64,0.39,38.00,0.29,C3'-endo
25,25,0.33,C,C,C,0,1,0,0,0,),10,1,cWW,cW-W,5.25,2.81,1.02,1.37,4.04,6.08,4.25,3.45,..,anti,.,4.41,4.72,2.96,4.52,3.25,4.30,4.20,4.36,0.02,5.86,0.65,5.63,0.40,38.63,0.30,C3'-endo
26,26,0.34,A,A,A,1,0,0,0,0,.,,0,,,4.20,1.49,3.30,1.41,4.33,5.16,5.45,2.83,..,anti,.,4.75,4.80,3.39,3.21,3.53,3.55,4.03,4.75,0.09,5.81,0.65,5.67,0.33,38.18,0.19,C3'-endo
27,27,0.36,G,G,G,0,0,1,0,0,(,43,1,cWW,cW-W,4.97,3.04,0.99,1.44,3.59,4.99,4.88,3.42,BI,anti,A,4.36,4.50,2.59,3.69,3.10,3.70,4.51,4.22,0.01,5.90,0.60,5.68,0.38,35.90,0.31,C3'-endo
28,28,0.37,G,G,G,0,0,1,0,0,(,42,1,cWW,cW-W,5.14,2.95,0.99,1.46,4.06,5.48,4.86,3.48,..,anti,A,4.24,4.60,3.03,4.22,3.24,4.04,3.95,4.27,0.02,5.90,0.59,5.70,0.36,34.98,0.29,C3'-endo
29,29,0.38,G,G,G,0,0,1,0,0,(,41,1,cWW,cW-W,4.23,1.97,2.49,1.45,4.64,4.17,0.48,3.07,..,anti,A,4.33,4.43,3.11,3.51,3.26,3.48,3.78,4.08,6.24,5.95,0.56,5.68,0.41,34.66,0.39,C3'-endo
30,30,0.39,G,G,G,0,0,1,0,0,(,"40,0",2,"cWW,tSS","cW-W,tm+m",1.56,4.37,3.44,1.46,4.43,4.65,6.06,2.97,..,anti,A,4.66,4.69,2.73,3.58,3.02,3.67,3.88,4.20,0.06,5.86,0.60,5.70,0.33,35.52,0.22,C3'-endo
31,31,0.41,A,A,A,1,0,0,0,0,(,39,1,cWW,cW-W,5.68,2.76,0.43,1.41,3.85,4.69,5.44,3.49,BI,anti,A,4.30,4.56,2.73,3.63,3.03,3.74,3.80,4.34,6.23,5.94,0.58,5.66,0.43,36.12,0.41,C3'-endo
32,32,0.42,U,U,U,0,0,0,1,0,.,38,1,cWW,cW-W,5.49,2.68,0.87,1.42,4.25,4.97,5.56,3.59,..,anti,.,3.97,4.69,3.11,4.24,3.29,4.28,3.99,4.83,0.02,5.88,0.61,5.67,0.37,36.44,0.29,C3'-endo
33,33,0.43,U,U,U,0,0,0,1,0,.,36,1,tWH,tW-M,5.35,3.05,0.70,1.37,3.99,5.44,4.83,3.59,BI,anti,.,4.15,4.71,2.82,4.47,3.15,3.69,3.96,2.53,0.02,5.87,0.64,5.64,0.40,38.12,0.30,C3'-endo
34,34,0.45,G,G,G,0,0,1,0,0,[,0,1,cWW,cW-W,3.13,2.39,0.80,1.50,4.10,4.65,5.74,3.19,..,anti,A,4.59,4.67,0.32,4.01,0.86,4.00,0.42,4.37,0.09,5.86,0.58,5.74,0.29,33.61,0.18,C3'-endo
35,35,0.46,A,A,A,1,0,0,0,0,[,0,1,cWW,cW-W,5.57,2.68,0.72,1.41,3.41,4.70,4.99,3.40,BI,anti,A,4.46,4.51,2.84,3.98,3.16,3.86,3.94,4.25,0.04,5.86,0.62,5.66,0.37,37.05,0.27,C3'-endo
36,36,0.47,A,A,A,1,0,0,0,0,[,"33,0",2,"tHW,cWW","tM-W,cW-W",2.75,3.90,2.93,1.44,4.35,4.74,5.89,2.97,..,anti,.,4.60,4.66,3.02,4.22,3.27,3.97,4.00,4.26,0.02,5.89,0.60,5.68,0.36,35.66,0.29,C3'-endo
37,37,0.49,A,A,A,1,0,0,0,0,.,,0,,,1.56,3.74,4.08,1.46,3.87,4.80,5.36,3.12,BI,anti,.,4.61,4.64,2.82,3.65,3.07,3.78,3.80,4.97,0.06,5.86,0.60,5.70,0.33,35.18,0.23,C3'-endo
38,38,0.50,A,A,A,1,0,0,0,0,.,32,1,cWW,cW-W,2.67,4.03,2.66,1.40,4.17,4.97,5.49,2.98,..,anti,.,4.72,4.74,2.50,4.06,3.09,4.02,4.64,4.74,0.05,5.85,0.64,5.65,0.37,37.80,0.25,C3'-endo
39,39,0.51,U,U,U,0,0,0,1,0,),31,1,cWW,cW-W,5.38,2.88,0.84,1.43,3.67,5.01,4.95,3.30,BI,anti,A,4.53,4.57,2.84,3.77,3.25,3.79,4.43,4.20,0.03,5.88,0.61,5.67,0.37,36.24,0.28,C3'-endo
40,40,0.53,C,C,C,0,1,0,0,0,),30,1,cWW,cW-W,5.13,3.16,0.89,1.45,3.64,4.96,4.97,3.48,BI,anti,A,4.30,4.50,2.97,3.70,3.17,3.74,3.80,4.09,0.01,5.90,0.58,5.69,0.36,34.92,0.30,C3'-endo
41,41,0.54,C,C,C,0,1,0,0,0,),29,1,cWW,cW-W,5.21,3.06,0.82,1.45,3.24,4.71,4.81,3.70,BI,anti,A,3.95,4.28,2.89,3.83,3.14,3.74,3.71,4.06,6.28,5.92,0.56,5.70,0.37,34.10,0.33,C3'-endo
42,42,0.55,C,C,C,0,1,0,0,0,),28,1,cWW,cW-W,2.82,3.91,2.82,1.46,4.68,3.86,0.82,3.34,..,anti,B,3.95,4.33,3.14,3.81,3.30,3.70,3.80,4.24,6.22,5.98,0.54,5.69,0.41,33.99,0.43,C3'-endo
43,43,0.57,C,C,C,0,1,0,0,0,),27,1,cWW,cW-W,1.59,4.57,3.24,1.46,4.59,4.33,0.27,3.26,..,anti,.,4.39,4.63,2.86,3.59,3.14,3.66,3.90,4.27,0.05,5.87,0.60,5.69,0.34,35.62,0.25,C3'-endo
44,44,0.58,G,G,G,0,0,1,0,0,.,10,1,cWH,cW+M,5.79,2.42,0.54,1.44,4.19,4.29,6.19,2.97,..,anti,B,4.20,4.38,2.87,4.28,3.14,4.40,3.93,5.38,6.18,6.01,0.53,5.68,0.45,34.54,0.50,C3'-endo
45,45,0.59,U,U,U,0,0,0,1,0,.,,0,,,0.44,1.88,0.02,1.38,4.08,2.38,1.70,3.92,BII,anti,.,3.10,4.59,2.78,2.29,3.13,2.55,4.36,2.73,6.20,5.96,0.59,5.63,0.46,37.42,0.45,C3'-endo
46,46,0.61,G,G,G,0,0,1,0,0,.,22,1,tWH,tW-M,1.61,4.66,3.21,2.60,4.33,4.92,5.69,4.24,..,anti,.,1.05,1.22,4.58,4.45,4.05,4.23,3.67,4.27,5.98,0.58,5.67,0.45,6.19,35.77,2.96,C2'-endo
47,47,0.62,U,U,U,0,0,0,1,0,.,,0,,,2.59,3.44,5.14,2.56,4.66,5.18,5.76,4.16,..,anti,.,0.74,0.78,5.07,5.08,5.80,4.21,5.98,2.58,5.90,0.63,5.66,0.41,6.26,37.00,2.85,C2'-endo
48,48,0.63,C,C,C,0,1,0,0,0,.,15,1,tWW,tW+W,4.69,3.97,3.00,2.61,3.80,1.57,2.23,3.76,..,anti,.,1.60,1.70,4.83,1.45,0.25,0.56,1.87,4.56,5.96,0.60,5.65,0.46,6.19,36.74,2.95,C2'-endo
49,49,0.64,C,C,C,0,1,0,0,0,(,65,1,cWW,cW-W,0.72,3.10,0.86,1.45,3.79,5.04,5.04,3.26,BI,anti,A,4.68,4.70,5.38,3.89,5.57,3.94,1.75,4.42,0.11,5.81,0.64,5.69,0.30,37.18,0.16,C3'-endo
50,50,0.66,U,U,U,0,0,0,1,0,(,64,1,cWW,cW-W,5.11,2.95,1.06,1.42,3.62,5.02,4.88,3.33,BI,anti,A,4.57,4.61,2.90,3.74,3.22,3.74,4.04,4.16,0.05,5.85,0.63,5.66,0.36,37.25,0.25,C3'-endo
51,51,0.67,U,U,U,0,0,0,1,0,.,63,1,cWW,cW-W,5.13,3.00,1.08,1.44,3.68,5.13,4.84,3.38,BI,anti,.,4.46,4.56,3.04,4.35,3.29,4.09,3.97,4.47,0.02,5.89,0.60,5.68,0.37,35.75,0.29,C3'-endo
52,52,0.68,G,G,G,0,0,1,0,0,(,62,1,cWW,cW-W,2.82,3.21,2.85,1.42,3.65,4.93,5.00,3.42,BI,anti,A,4.51,4.62,2.55,3.23,2.93,3.28,3.74,3.72,0.05,5.85,0.63,5.67,0.36,37.03,0.25,C3'-endo
53,53,0.70,G,G,G,0,0,1,0,0,(,61,1,cWW,cW-W,5.27,2.92,0.95,1.41,4.28,4.51,6.05,3.23,..,anti,.,4.56,4.67,3.13,3.82,3.28,3.94,3.82,4.61,0.00,5.89,0.61,5.66,0.39,36.80,0.32,C3'-endo
54,54,0.71,U,U,U,0,0,0,1,0,.,58,1,tWH,tW-M,5.51,2.57,0.83,1.43,4.28,4.47,6.10,3.41,..,anti,.,4.35,4.69,3.01,3.86,3.23,3.94,4.04,4.49,0.03,5.87,0.61,5.68,0.36,36.23,0.27,C3'-endo
55,55,0.72,U,U,U,0,0,0,1,0,.,18,1,tSW,tm+W,5.47,2.41,1.01,1.44,4.02,4.76,5.55,3.40,..,anti,.,4.47,4.67,2.96,4.38,3.25,3.65,4.03,2.59,0.02,5.88,0.60,5.68,0.37,35.93,0.29,C3'-endo
56,56,0.74,C,C,C,0,1,0,0,0,},19,1,cWW,cW-W,3.14,3.30,0.62,1.41,3.53,5.07,4.75,3.30,BI,anti,.,4.46,4.50,0.55,4.20,0.90,4.23,0.53,5.17,6.26,5.92,0.59,5.67,0.40,36.08,0.35,C3'-endo
57,57,0.75,G,G,G,0,0,1,0,0,.,,0,,,2.97,3.79,2.58,1.43,4.44,4.45,6.27,3.20,..,anti,.,4.51,4.65,2.82,3.58,3.29,3.93,4.55,4.09,0.02,5.88,0.61,5.67,0.37,36.35,0.29,C3'-endo
58,58,0.76,A,A,A,1,0,0,0,0,.,54,1,tHW,tM-W,5.18,3.52,1.26,2.57,3.96,3.13,0.83,5.05,BII,anti,.,0.92,1.65,3.69,3.55,3.87,2.69,3.82,2.15,5.93,0.61,5.67,0.42,6.24,36.14,2.88,C2'-endo
59,59,0.78,U,U,U,0,0,0,1,0,.,"16,20",2,"tWW,tWH","tW+W,tW-M",1.99,3.69,1.07,1.47,3.79,5.10,4.98,3.32,BI,anti,.,4.26,4.37,0.78,3.96,0.71,4.19,0.88,5.15,6.19,6.00,0.52,5.70,0.43,33.51,0.47,C3'-endo
60,60,0.79,U,U,U,0,0,0,1,0,.,,0,,,5.09,2.80,1.40,2.60,3.66,6.13,3.81,3.94,..,anti,.,1.71,1.82,2.95,0.15,3.90,5.47,5.00,5.68,5.93,0.61,5.65,0.44,6.22,37.09,2.91,C2'-endo
61,61,0.80,C,C,C,0,1,0,0,0,),53,1,cWW,cW-W,3.34,3.72,0.80,1.41,3.29,4.72,4.85,3.62,BI,anti,A,4.12,4.34,1.44,3.67,2.32,3.70,3.07,4.22,6.24,5.94,0.58,5.66,0.42,35.99,0.39,C3'-endo
62,62,0.82,C,C,C,0,1,0,0,0,),52,1,cWW,cW-W,3.06,3.76,2.65,1.42,3.80,4.81,5.28,3.41,BI,anti,.,4.51,4.66,2.83,3.54,3.11,3.47,3.81,3.77,0.04,5.86,0.62,5.67,0.36,36.66,0.26,C3'-endo
63,63,0.83,G,G,G,0,0,1,0,0,.,51,1,cWW,cW-W,5.25,3.03,0.86,1.40,3.86,4.90,5.25,3.21,BI,anti,A,4.69,4.70,3.00,3.76,3.12,3.82,3.62,4.49,0.05,5.85,0.64,5.65,0.37,37.91,0.26,C3'-endo
64,64,0.84,A,A,A,1,0,0,0,0,),50,1,cWW,cW-W,5.19,2.84,1.01,1.43,3.74,4.85,5.18,3.24,BI,anti,A,4.66,4.67,2.89,3.68,3.17,3.68,4.13,4.04,0.08,5.83,0.63,5.68,0.33,37.04,0.21,C3'-endo
65,65,0.86,G,G,G,0,0,1,0,0,),49,1,cWW,cW-W,5.18,2.92,1.01,1.45,3.72,4.89,5.11,3.22,BI,anti,A,4.62,4.64,2.97,3.70,3.17,3.72,3.80,4.03,0.07,5.84,0.62,5.69,0.33,36.30,0.21,C3'-endo
66,66,0.87,U,U,U,0,0,0,1,0,),7,1,cWW,cW-W,5.07,3.12,0.94,1.43,3.71,5.04,4.95,3.37,BI,anti,A,4.59,4.66,2.94,3.82,3.09,3.84,3.63,4.34,0.08,5.83,0.63,5.68,0.33,37.06,0.20,C3'-endo
67,67,0.88,C,C,C,0,1,0,0,0,),6,1,cWW,cW-W,5.08,3.02,0.99,1.41,3.61,5.00,4.90,3.37,BI,anti,A,4.57,4.62,2.87,3.68,3.13,3.69,3.94,4.06,0.04,5.85,0.63,5.66,0.37,37.61,0.26,C3'-endo
68,68,0.89,C,C,C,0,1,0,0,0,),5,1,cWW,cW-W,5.10,3.08,0.99,1.43,3.35,4.78,4.85,3.36,BI,anti,A,4.41,4.44,2.94,3.80,3.18,3.70,3.81,4.08,0.03,5.87,0.61,5.67,0.36,36.43,0.28,C3'-endo
69,69,0.91,G,G,G,0,0,1,0,0,),4,1,cWW,cW-W,3.23,3.66,2.39,1.45,4.65,3.84,0.81,3.11,..,anti,A,4.55,4.66,2.93,3.92,3.07,3.79,3.65,3.96,0.06,5.86,0.60,5.70,0.33,35.45,0.22,C3'-endo
70,70,0.92,G,G,G,0,0,1,0,0,.,,0,,,1.66,4.58,3.25,1.46,4.48,4.39,0.08,2.91,..,anti,.,4.39,4.50,2.90,3.40,3.14,3.45,3.60,3.77,6.26,5.93,0.57,5.69,0.39,34.62,0.36,C3'-endo
71,71,0.93,G,G,G,0,0,1,0,0,.,3,1,cWW,cW-W,5.37,2.67,0.68,1.45,3.69,5.09,4.89,3.53,BI,anti,.,4.28,4.54,2.71,4.46,2.95,4.31,3.46,4.82,0.02,5.90,0.58,5.70,0.35,34.80,0.29,C3'-endo
72,72,0.95,C,C,C,0,1,0,0,0,.,2,1,cWW,cW-W,2.79,3.49,3.04,1.42,4.45,2.30,2.15,3.51,BII,anti,.,4.05,4.70,2.94,1.42,3.30,1.62,4.17,2.05,0.02,5.87,0.62,5.66,0.38,37.09,0.29,C3'-endo
73,73,0.96,A,A,A,1,0,0,0,0,.,,0,,,0.43,2.96,5.33,2.63,4.60,3.16,1.43,3.46,BII,anti,.,0.76,0.82,3.98,2.67,3.79,2.87,3.25,2.94,5.99,0.58,5.65,0.47,6.17,36.55,2.99,C2'-endo
74,74,0.97,C,C,C,0,1,0,0,0,<,0,1,cWW,cW-W,4.44,2.69,0.87,1.50,3.58,4.62,5.25,4.13,BI,anti,.,2.78,4.41,2.90,3.49,2.81,3.43,2.87,3.61,0.01,5.94,0.53,5.74,0.34,32.09,0.31,C3'-endo
75,75,0.99,C,C,C,0,1,0,0,0,.,0,1,cWW,cW-W,5.39,2.68,0.95,1.48,4.33,3.31,1.02,4.07,BII,anti,.,2.29,4.55,3.19,3.31,3.27,3.43,3.51,3.47,6.28,5.93,0.55,5.71,0.36,33.37,0.33,C3'-endo
76,76,1.00,A,A,A,1,0,0,0,0,.,,0,,,1.53,4.76,3.31,2.60,,,,4.05,n/a,anti,-,,,,,,,,,5.96,0.59,5.66,0.45,6.20,36.33,2.94,C2'-endo
