index_chain,old_nt_resnum,nt_position,nt_name,nt_code,nt_align_code,is_A,is_C,is_G,is_U,is_other,dbn,paired,nb_interact,pair_type_LW,pair_type_DSSR,alpha,beta,gamma,delta,epsilon,zeta,epsilon_zeta,chi,bb_type,glyco_bond,form,ssZp,Dp,eta,theta,eta_prime,theta_prime,eta_base,theta_base,v0,v1,v2,v3,v4,amplitude,phase_angle,puckering
1,1,0.01,C,C,C,0,1,0,0,0,.,73,1,cWW,cW-W,,,3.21,1.43,3.59,5.10,4.77,3.84,BI,anti,.,3.73,4.58,,,,,,,0.05,5.84,0.65,5.64,0.37,38.60,0.25,C3'-endo
2,2,0.03,G,G,G,0,0,1,0,0,(,72,1,cWW,cW-W,5.10,3.14,0.93,1.42,3.64,5.17,4.75,3.21,BI,anti,A,4.54,4.56,2.96,3.87,3.19,3.92,3.83,4.56,0.01,5.87,0.65,5.62,0.41,38.93,0.32,C3'-endo
3,3,0.04,C,C,C,0,1,0,0,0,(,71,1,cWW,cW-W,5.07,3.24,0.90,1.41,3.66,4.92,5.03,3.66,BI,anti,A,4.12,4.59,2.96,3.62,3.23,3.65,4.10,3.99,0.03,5.85,0.65,5.63,0.39,38.80,0.29,C3'-endo
4,4,0.05,G,G,G,0,0,1,0,0,(,70,1,cWW,cW-W,5.03,2.96,0.97,1.43,3.53,5.11,4.70,3.50,BI,anti,A,4.42,4.56,2.80,3.75,3.01,3.72,3.57,4.04,0.03,5.84,0.66,5.63,0.39,39.17,0.28,C3'-endo
5,5,0.06,G,G,G,0,0,1,0,0,(,69,1,cWW,cW-W,5.02,3.15,0.95,1.40,3.51,5.03,4.76,3.51,BI,anti,A,4.39,4.53,2.89,3.64,3.11,3.66,3.70,4.13,6.28,5.87,0.65,5.61,0.43,39.58,0.33,C3'-endo
6,6,0.08,G,G,G,0,0,1,0,0,(,68,1,cWW,cW-W,5.22,2.92,1.05,1.43,3.42,5.01,4.69,3.44,BI,anti,A,4.31,4.42,3.01,3.58,3.31,3.67,4.02,3.89,6.28,5.87,0.64,5.62,0.42,38.81,0.33,C3'-endo
7,7,0.09,G,G,G,0,0,1,0,0,(,67,1,cWW,cW-W,5.29,3.22,1.02,2.58,4.51,5.61,5.19,4.02,..,anti,.,1.01,0.96,3.54,5.92,3.93,5.58,4.14,6.03,5.92,0.63,5.64,0.45,6.23,37.97,2.90,C2'-endo
8,8,0.10,U,U,U,0,0,0,1,0,.,"14,22",2,"tWH,tSW","tW-M,tm+W",5.00,3.61,0.88,1.42,3.85,5.03,5.11,3.79,BI,anti,.,3.71,4.61,2.87,3.55,3.58,3.48,3.81,3.09,0.01,5.87,0.64,5.63,0.41,38.44,0.31,C3'-endo
9,9,0.12,G,G,G,0,0,1,0,0,.,,0,,,3.43,1.63,3.27,2.55,4.65,5.35,5.59,4.30,..,anti,.,0.73,0.81,3.85,4.80,3.41,4.49,2.81,4.61,5.93,0.61,5.66,0.43,6.23,36.48,2.90,C2'-endo
10,10,0.13,G,G,G,0,0,1,0,0,(,"26,46",2,"cWW,cHS","cW-W,cM+m",3.17,3.36,1.01,1.45,3.55,5.10,4.73,3.35,BI,anti,A,4.55,4.57,0.74,3.76,1.73,3.80,2.36,4.21,0.07,5.82,0.66,5.65,0.36,38.68,0.22,C3'-endo
11,11,0.14,A,A,A,1,0,0,0,0,(,25,1,cWW,cW-W,5.07,3.23,0.91,1.44,3.58,5.16,4.70,3.46,BI,anti,A,4.40,4.56,2.98,3.82,3.19,3.85,3.83,4.29,0.05,5.84,0.64,5.65,0.36,38.03,0.25,C3'-endo
12,12,0.16,G,G,G,0,0,1,0,0,(,24,1,cWW,cW-W,5.06,3.20,0.87,1.41,3.43,4.96,4.75,3.60,BI,anti,A,4.21,4.46,2.88,4.05,3.14,3.96,3.83,4.59,0.00,5.87,0.64,5.62,0.42,38.81,0.32,C3'-endo
13,13,0.17,C,C,C,0,1,0,0,0,(,23,1,cWW,cW-W,2.70,3.64,2.98,1.45,3.48,5.14,4.62,3.39,BI,anti,.,4.48,4.49,2.83,3.68,3.23,3.47,4.22,3.55,0.06,5.84,0.64,5.66,0.36,37.71,0.24,C3'-endo
14,14,0.18,A,A,A,1,0,0,0,0,.,"8,22",2,"tHW,cWS","tM-W,cW-m",3.10,2.97,3.05,1.46,4.28,5.21,5.35,2.96,..,anti,.,4.67,4.68,3.12,3.80,3.21,4.01,3.50,5.22,0.05,5.84,0.64,5.65,0.37,38.00,0.25,C3'-endo
15,15,0.19,G,G,G,0,0,1,0,0,.,49,1,tWW,tW+W,5.13,2.80,0.96,1.44,4.02,5.28,5.03,3.52,BI,anti,.,4.32,4.72,2.66,4.28,3.23,4.42,4.75,4.70,0.06,5.83,0.66,5.64,0.37,38.77,0.25,C3'-endo
16,16,0.21,C,C,C,0,1,0,0,0,.,,0,,,5.04,3.92,0.82,2.55,4.16,5.14,5.30,4.04,..,anti,.,1.34,1.37,3.35,5.19,3.76,5.12,4.15,5.78,5.95,0.61,5.65,0.46,6.20,37.08,2.94,C2'-endo
17,17,0.22,C,C,C,0,1,0,0,0,.,,0,,,5.19,2.84,0.98,1.41,3.67,1.00,2.66,4.19,..,anti,.,2.52,4.49,2.75,6.10,3.58,5.26,4.31,4.48,6.26,5.89,0.63,5.62,0.43,38.69,0.36,C3'-endo
18,17A,0.23,U,U,U,0,0,0,1,0,.,,0,,,2.62,2.58,0.99,2.56,4.05,5.04,5.30,4.18,..,anti,.,1.46,1.41,0.55,5.45,1.90,4.64,1.94,4.17,5.90,0.64,5.64,0.44,6.24,38.28,2.88,C2'-endo
19,18,0.25,G,G,G,0,0,1,0,0,.,,0,,,4.17,3.81,3.04,2.57,3.83,5.03,5.09,3.51,BI,anti,.,1.46,1.72,4.62,4.65,5.55,4.23,6.20,4.65,5.96,0.60,5.65,0.46,6.19,36.94,2.95,C2'-endo
20,19,0.26,G,G,G,0,0,1,0,0,{,57,1,cWW,cW-W,3.09,2.91,3.03,2.59,4.57,5.29,5.56,3.92,..,anti,.,0.75,0.79,3.68,5.13,4.07,5.01,4.57,5.42,5.93,0.63,5.64,0.46,6.21,38.03,2.92,C2'-endo
21,20,0.27,U,U,U,0,0,0,1,0,.,,0,,,2.33,3.44,2.90,1.47,4.36,4.52,6.12,4.10,..,anti,.,2.12,4.57,2.04,4.26,2.83,4.34,3.37,4.63,0.04,5.87,0.61,5.67,0.36,36.26,0.27,C3'-endo
22,21,0.29,A,A,A,1,0,0,0,0,.,"8,14",2,"tWS,cSW","tW+m,cm-W",1.04,2.16,0.96,1.44,3.70,3.79,6.18,3.63,..,anti,.,4.18,4.61,4.02,2.78,4.60,2.68,4.74,2.56,0.03,5.85,0.65,5.63,0.39,38.84,0.28,C3'-endo
23,22,0.30,G,G,G,0,0,1,0,0,),"13,47",2,"cWW,tHW","cW-W,tM-W",5.22,2.50,1.00,1.43,3.47,4.97,4.78,3.47,BI,anti,A,4.38,4.50,2.97,3.66,2.91,3.55,2.77,3.66,0.02,5.86,0.65,5.63,0.40,38.87,0.30,C3'-endo
24,23,0.31,C,C,C,0,1,0,0,0,),12,1,cWW,cW-W,5.01,3.23,0.90,1.41,3.64,4.98,4.95,3.64,BI,anti,A,4.23,4.63,2.94,3.67,3.04,3.70,3.38,3.97,0.05,5.82,0.67,5.63,0.38,39.48,0.25,C3'-endo
25,24,0.32,U,U,U,0,0,0,1,0,),11,1,cWW,cW-W,5.02,3.06,0.97,1.42,3.59,5.10,4.77,3.62,BI,anti,A,4.24,4.57,2.86,3.77,3.05,3.77,3.52,4.39,0.03,5.84,0.66,5.62,0.40,39.30,0.28,C3'-endo
26,25,0.34,C,C,C,0,1,0,0,0,),10,1,cWW,cW-W,5.05,2.99,0.97,1.42,3.62,5.26,4.65,3.43,BI,anti,.,4.59,4.64,2.83,3.96,3.12,3.99,4.05,4.54,0.05,5.82,0.67,5.62,0.39,39.86,0.26,C3'-endo
27,26,0.35,G,G,G,0,0,1,0,0,.,45,1,cWW,cW-W,5.13,3.18,0.94,1.41,3.66,5.25,4.70,3.13,BI,anti,A,4.64,4.60,3.00,3.94,3.33,4.01,4.25,4.66,0.02,5.85,0.66,5.62,0.41,39.47,0.30,C3'-endo
28,27,0.36,U,U,U,0,0,0,1,0,(,44,1,cWW,cW-W,5.14,3.23,0.89,1.43,3.61,5.12,4.78,3.46,BI,anti,A,4.33,4.52,3.02,3.79,3.34,3.84,4.27,4.51,0.03,5.86,0.64,5.64,0.39,38.10,0.28,C3'-endo
29,28,0.38,C,C,C,0,1,0,0,0,(,43,1,cWW,cW-W,5.10,3.10,0.87,1.42,3.82,4.95,5.16,3.54,BI,anti,A,4.31,4.64,2.91,3.79,3.16,3.81,4.04,4.24,0.05,5.84,0.65,5.64,0.37,38.44,0.25,C3'-endo
30,29,0.39,G,G,G,0,0,1,0,0,(,42,1,cWW,cW-W,4.98,3.01,0.94,1.40,3.52,4.99,4.81,3.40,BI,anti,A,4.57,4.59,2.71,3.60,2.95,3.59,3.65,3.88,0.03,5.84,0.67,5.62,0.40,39.78,0.28,C3'-endo
31,30,0.40,G,G,G,0,0,1,0,0,(,"0,41",2,"tSS,cWW","tm+m,cW-W",5.12,3.11,0.93,1.41,3.59,5.14,4.72,3.30,BI,anti,A,4.62,4.61,2.96,3.81,3.12,3.87,3.64,4.38,0.03,5.84,0.66,5.62,0.40,39.56,0.28,C3'-endo
32,31,0.42,G,G,G,0,0,1,0,0,(,40,1,cWW,cW-W,5.26,3.03,1.01,1.43,3.75,5.06,4.98,3.39,BI,anti,.,4.37,4.53,3.13,3.87,3.44,3.91,4.21,4.58,6.27,5.89,0.62,5.63,0.42,38.07,0.35,C3'-endo
33,32,0.43,C,C,C,0,1,0,0,0,.,39,1,cWW,cW-W,5.10,3.03,0.97,1.47,4.01,5.24,5.06,3.45,BI,anti,.,4.30,4.58,2.99,4.29,3.26,4.29,4.15,5.10,0.03,5.86,0.63,5.66,0.38,37.37,0.28,C3'-endo
34,33,0.44,U,U,U,0,0,0,1,0,.,37,1,tWH,tW-M,4.88,3.15,0.91,1.40,3.80,5.33,4.75,4.04,BI,anti,.,3.01,4.60,2.64,4.34,3.04,3.54,4.15,2.50,6.28,5.87,0.65,5.61,0.42,39.25,0.33,C3'-endo
35,34,0.45,C,C,C,0,1,0,0,0,[,0,1,cWW,cW-W,2.96,2.49,0.93,1.51,3.99,5.03,5.24,3.25,BI,anti,A,4.60,4.67,0.35,4.21,0.87,4.13,0.61,4.70,0.13,5.80,0.63,5.71,0.29,36.50,0.13,C3'-endo
36,35,0.47,A,A,A,1,0,0,0,0,[,0,1,cWW,cW-W,4.87,3.09,0.96,1.45,3.54,4.95,4.87,3.40,BI,anti,A,4.54,4.58,2.64,3.63,2.99,3.61,4.02,3.71,0.07,5.82,0.66,5.65,0.35,38.46,0.22,C3'-endo
37,36,0.48,U,U,U,0,0,0,1,0,[,"34,0",2,"tHW,cWW","tM-W,cW-W",5.03,3.12,0.96,1.41,3.55,5.18,4.65,3.56,BI,anti,A,4.41,4.60,2.91,3.81,3.06,3.83,3.37,4.33,0.04,5.83,0.67,5.62,0.39,39.89,0.27,C3'-endo
38,37,0.49,A,A,A,1,0,0,0,0,.,,0,,,5.14,3.11,0.96,1.43,3.71,5.15,4.84,3.41,BI,anti,.,4.49,4.57,3.02,3.92,3.29,3.99,4.05,4.92,6.28,5.88,0.64,5.62,0.42,38.74,0.34,C3'-endo
39,38,0.51,A,A,A,1,0,0,0,0,.,33,1,cWW,cW-W,5.09,3.00,0.97,1.47,3.77,5.25,4.80,3.58,BI,anti,.,4.28,4.66,2.89,4.14,3.27,4.18,4.49,4.94,0.08,5.82,0.64,5.67,0.34,37.72,0.20,C3'-endo
40,39,0.52,C,C,C,0,1,0,0,0,),32,1,cWW,cW-W,5.14,2.99,0.97,1.45,3.52,5.12,4.68,3.53,BI,anti,A,4.37,4.56,2.86,3.79,3.34,3.77,4.49,4.14,0.08,5.82,0.66,5.65,0.35,38.72,0.22,C3'-endo
41,40,0.53,C,C,C,0,1,0,0,0,),31,1,cWW,cW-W,5.04,3.25,0.91,1.42,3.66,5.25,4.69,3.58,BI,anti,A,4.30,4.62,2.97,3.95,3.17,4.00,3.76,4.58,0.04,5.83,0.66,5.63,0.39,39.32,0.26,C3'-endo
42,41,0.55,C,C,C,0,1,0,0,0,),30,1,cWW,cW-W,5.13,3.16,0.91,1.39,3.53,5.02,4.80,3.68,BI,anti,A,4.12,4.50,2.93,3.60,3.27,3.60,4.11,4.04,6.25,5.89,0.65,5.60,0.45,39.95,0.37,C3'-endo
43,42,0.56,G,G,G,0,0,1,0,0,),29,1,cWW,cW-W,5.05,3.00,0.95,1.41,3.51,4.99,4.80,3.50,BI,anti,A,4.39,4.53,2.83,3.62,3.05,3.61,3.71,3.99,0.01,5.86,0.65,5.62,0.41,39.07,0.31,C3'-endo
44,43,0.57,A,A,A,1,0,0,0,0,),28,1,cWW,cW-W,5.14,2.94,1.02,1.42,3.37,4.90,4.75,3.44,BI,anti,A,4.42,4.49,2.92,3.46,3.19,3.43,3.85,3.65,0.02,5.85,0.66,5.62,0.40,39.54,0.29,C3'-endo
45,44,0.58,A,A,A,1,0,0,0,0,.,27,1,cWW,cW-W,5.24,2.98,1.04,1.47,3.65,5.24,4.69,3.42,BI,anti,.,4.40,4.58,3.13,4.02,3.28,4.04,3.67,4.79,0.06,5.83,0.65,5.66,0.36,38.05,0.23,C3'-endo
46,45,0.60,G,G,G,0,0,1,0,0,.,10,1,cSH,cm+M,5.14,3.07,0.97,1.45,3.92,4.95,5.26,3.76,BI,anti,.,3.76,4.65,3.03,3.87,3.39,3.99,4.43,4.24,0.03,5.85,0.64,5.65,0.38,37.97,0.27,C3'-endo
47,46,0.61,G,G,G,0,0,1,0,0,.,23,1,tWH,tW-M,5.10,3.59,0.92,1.41,4.14,4.76,5.66,4.37,..,anti,.,1.26,4.54,3.37,3.39,3.41,2.84,3.58,2.00,6.23,5.92,0.62,5.61,0.46,38.84,0.41,C3'-endo
48,47,0.62,U,U,U,0,0,0,1,0,.,,0,,,5.51,4.48,3.07,1.48,3.44,1.29,2.15,4.04,..,anti,.,3.21,4.46,0.27,5.89,0.76,5.52,1.25,5.44,0.08,5.83,0.63,5.68,0.33,36.90,0.21,C3'-endo
49,48,0.64,C,C,C,0,1,0,0,0,.,15,1,tWW,tW+W,4.95,3.56,0.97,2.61,3.70,1.36,2.34,3.94,..,anti,.,1.75,1.82,3.54,1.60,4.57,0.85,5.01,4.76,5.95,0.62,5.64,0.47,6.20,37.74,2.94,C2'-endo
50,49,0.65,G,G,G,0,0,1,0,0,(,66,1,cWW,cW-W,0.93,2.83,0.89,1.44,3.90,5.09,5.10,3.26,BI,anti,.,4.49,4.58,5.41,4.05,5.76,4.07,1.95,4.89,0.02,5.87,0.63,5.65,0.39,37.58,0.29,C3'-endo
51,50,0.66,U,U,U,0,0,0,1,0,(,65,1,cWW,cW-W,5.06,3.01,0.91,1.43,3.57,5.01,4.85,3.59,BI,anti,A,4.28,4.58,2.74,3.69,3.11,3.67,4.28,3.87,0.07,5.82,0.66,5.65,0.36,38.55,0.23,C3'-endo
52,51,0.68,C,C,C,0,1,0,0,0,(,64,1,cWW,cW-W,5.04,3.12,0.91,1.40,3.57,4.96,4.89,3.66,BI,anti,A,4.17,4.57,2.86,3.60,3.03,3.61,3.45,3.99,0.02,5.85,0.66,5.62,0.40,39.38,0.29,C3'-endo
53,52,0.69,G,G,G,0,0,1,0,0,(,63,1,cWW,cW-W,5.15,2.90,1.02,1.43,3.52,5.07,4.73,3.38,BI,anti,A,4.52,4.54,2.92,3.73,3.16,3.72,3.78,4.17,0.02,5.85,0.65,5.62,0.41,39.24,0.30,C3'-endo
54,53,0.70,G,G,G,0,0,1,0,0,(,62,1,cWW,cW-W,5.20,3.00,1.02,1.45,3.56,5.13,4.71,3.43,BI,anti,A,4.32,4.47,3.05,3.82,3.33,3.81,4.06,4.42,0.01,5.87,0.63,5.64,0.39,37.88,0.30,C3'-endo
55,54,0.71,U,U,U,0,0,0,1,0,.,59,1,tWH,tW-M,4.99,3.17,0.94,1.46,3.73,5.17,4.85,3.74,BI,anti,.,3.88,4.59,2.93,3.98,3.18,4.01,4.01,5.30,0.06,5.84,0.64,5.66,0.35,37.54,0.24,C3'-endo
56,55,0.73,U,U,U,0,0,0,1,0,.,,0,,,5.16,3.00,0.93,1.40,3.85,5.21,4.93,0.69,BI,syn,.,-3.59,4.49,2.92,4.45,3.24,3.71,4.74,2.55,6.20,5.93,0.63,5.59,0.49,39.76,0.44,C3'-endo
57,56,0.74,C,C,C,0,1,0,0,0,},20,1,cWW,cW-W,2.82,2.87,0.95,1.42,3.97,5.13,5.12,3.78,BI,anti,.,3.61,4.56,0.40,4.11,0.86,4.16,0.35,4.92,6.27,5.89,0.63,5.63,0.42,38.15,0.35,C3'-endo
58,57,0.75,A,A,A,1,0,0,0,0,.,,0,,,5.12,2.87,1.08,1.45,3.79,5.23,4.85,3.85,BI,anti,.,3.56,4.54,2.87,3.99,3.31,4.12,4.31,4.38,6.26,5.89,0.63,5.62,0.43,38.59,0.36,C3'-endo
59,58,0.77,A,A,A,1,0,0,0,0,.,55,1,tHW,tM-W,5.24,3.80,1.01,2.57,4.00,3.16,0.84,4.91,BII,anti,.,1.28,1.50,3.64,3.43,4.06,2.80,4.19,2.33,5.90,0.65,5.64,0.44,6.25,38.55,2.87,C2'-endo
60,59,0.78,A,A,A,1,0,0,0,0,.,,0,,,2.43,3.49,0.87,1.42,3.96,5.16,5.08,3.36,BI,anti,.,4.28,4.47,0.98,4.12,0.87,4.41,1.02,5.46,6.20,5.94,0.61,5.61,0.47,38.58,0.44,C3'-endo
61,60,0.79,U,U,U,0,0,0,1,0,.,,0,,,5.38,2.89,1.02,2.59,3.95,5.23,5.01,4.10,BI,anti,.,1.62,1.57,3.00,5.77,3.89,5.08,5.05,5.54,5.95,0.61,5.65,0.46,6.20,37.30,2.94,C2'-endo
62,61,0.81,C,C,C,0,1,0,0,0,),54,1,cWW,cW-W,3.76,3.93,1.03,1.45,3.49,5.12,4.65,3.60,BI,anti,A,4.24,4.52,1.93,3.76,2.75,3.79,3.45,4.14,0.06,5.83,0.65,5.65,0.36,38.31,0.24,C3'-endo
63,62,0.82,C,C,C,0,1,0,0,0,),53,1,cWW,cW-W,5.02,3.16,0.92,1.41,3.51,4.95,4.84,3.58,BI,anti,A,4.28,4.52,2.89,3.54,3.11,3.55,3.67,3.83,0.02,5.85,0.65,5.62,0.40,39.04,0.30,C3'-endo
64,63,0.83,G,G,G,0,0,1,0,0,),52,1,cWW,cW-W,5.08,3.09,0.95,1.42,3.54,5.09,4.73,3.52,BI,anti,A,4.40,4.56,2.94,3.72,3.09,3.71,3.54,4.00,0.03,5.85,0.66,5.63,0.39,39.09,0.28,C3'-endo
65,64,0.84,G,G,G,0,0,1,0,0,),51,1,cWW,cW-W,5.10,3.13,0.92,1.40,3.54,5.13,4.70,3.41,BI,anti,A,4.42,4.50,2.94,3.73,3.14,3.78,3.68,4.51,6.25,5.89,0.64,5.60,0.45,39.53,0.37,C3'-endo
66,65,0.86,C,C,C,0,1,0,0,0,),50,1,cWW,cW-W,5.13,3.07,0.94,1.44,3.57,5.13,4.73,3.52,BI,anti,A,4.36,4.57,2.95,3.80,3.24,3.81,4.22,4.25,0.06,5.83,0.65,5.64,0.37,38.54,0.24,C3'-endo
67,66,0.87,C,C,C,0,1,0,0,0,),7,1,cWW,cW-W,5.04,3.21,0.89,1.42,3.61,5.04,4.85,3.64,BI,anti,A,4.17,4.57,2.91,3.72,3.14,3.74,3.81,4.17,0.04,5.84,0.65,5.64,0.38,38.50,0.27,C3'-endo
68,67,0.88,C,C,C,0,1,0,0,0,),6,1,cWW,cW-W,5.13,2.99,0.93,1.40,3.48,4.96,4.79,3.65,BI,anti,A,4.21,4.53,2.86,3.55,3.12,3.52,3.79,3.72,0.02,5.85,0.66,5.62,0.41,39.50,0.30,C3'-endo
69,68,0.90,C,C,C,0,1,0,0,0,),5,1,cWW,cW-W,5.12,3.05,0.92,1.41,3.53,5.10,4.72,3.59,BI,anti,A,4.32,4.56,2.92,3.71,3.08,3.71,3.48,4.06,0.02,5.85,0.66,5.62,0.40,39.43,0.29,C3'-endo
70,69,0.91,C,C,C,0,1,0,0,0,),4,1,cWW,cW-W,5.06,3.22,0.87,1.40,3.63,4.94,4.97,3.61,BI,anti,A,4.27,4.59,2.93,3.61,3.11,3.65,3.66,4.08,0.02,5.85,0.65,5.62,0.41,39.19,0.30,C3'-endo
71,70,0.92,G,G,G,0,0,1,0,0,),3,1,cWW,cW-W,5.11,2.93,1.01,1.43,3.55,5.18,4.65,3.30,BI,anti,A,4.54,4.55,2.90,3.85,3.13,3.84,3.79,4.37,0.03,5.85,0.65,5.63,0.40,39.08,0.29,C3'-endo
72,71,0.94,C,C,C,0,1,0,0,0,),2,1,cWW,cW-W,5.03,3.24,0.94,1.42,3.65,5.18,4.75,3.58,BI,anti,A,4.29,4.59,2.97,3.88,3.22,3.93,4.02,4.64,0.03,5.85,0.65,5.63,0.39,38.93,0.28,C3'-endo
73,72,0.95,A,A,A,1,0,0,0,0,.,1,1,cWW,cW-W,5.11,2.97,1.00,1.43,3.59,5.18,4.69,3.46,BI,anti,A,4.47,4.57,2.88,3.88,3.25,3.89,4.26,4.62,0.01,5.86,0.65,5.62,0.41,39.12,0.31,C3'-endo
74,73,0.96,A,A,A,1,0,0,0,0,.,,0,,,5.14,3.00,0.98,1.44,3.48,2.05,1.43,3.50,..,anti,.,4.43,4.55,2.91,0.67,3.29,0.75,4.38,1.29,0.05,5.83,0.66,5.64,0.37,38.83,0.25,C3'-endo
75,74,0.97,C,C,C,0,1,0,0,0,>,0,1,cWW,cW-W,5.04,2.47,1.01,1.45,3.54,4.90,4.92,3.57,BI,anti,A,4.24,4.52,3.07,3.67,3.64,3.60,3.61,3.70,0.06,5.84,0.64,5.66,0.36,37.65,0.24,C3'-endo
76,75,0.99,C,C,C,0,1,0,0,0,>,0,1,cWW,cW-W,5.05,3.18,1.03,1.59,3.91,4.94,5.25,3.77,BI,anti,.,3.46,4.38,3.18,4.44,3.28,4.45,3.52,5.16,0.04,5.89,0.57,5.72,0.33,33.80,0.26,C3'-endo
77,76,1.00,A,A,A,1,0,0,0,0,.,,0,,,1.11,3.15,5.13,2.59,,,,4.93,n/a,anti,-,,,,,,,,,0.26,0.09,5.90,0.55,5.77,31.81,3.95,C4'-endo
