index_chain,old_nt_resnum,nt_position,nt_name,nt_code,nt_align_code,is_A,is_C,is_G,is_U,is_other,dbn,paired,nb_interact,pair_type_LW,pair_type_DSSR,alpha,beta,gamma,delta,epsilon,zeta,epsilon_zeta,chi,bb_type,glyco_bond,form,ssZp,Dp,eta,theta,eta_prime,theta_prime,eta_base,theta_base,v0,v1,v2,v3,v4,amplitude,phase_angle,puckering
1,1,0.01,C,C,C,0,1,0,0,0,.,74,1,cWW,cW-W,,,3.18,1.44,3.88,5.09,5.07,3.96,BI,anti,.,3.14,4.54,,,,,,,6.28,5.88,0.63,5.63,0.42,38.33,0.34,C3'-endo
2,2,0.03,G,G,G,0,0,1,0,0,(,72,1,cWW,cW-W,4.95,3.15,0.94,1.43,3.55,5.05,4.78,3.37,BI,anti,A,4.44,4.53,2.77,3.69,3.10,3.71,3.87,4.05,0.04,5.85,0.64,5.64,0.38,38.15,0.27,C3'-endo
3,3,0.04,C,C,C,0,1,0,0,0,(,71,1,cWW,cW-W,5.07,3.13,0.96,1.40,3.53,5.02,4.79,3.63,BI,anti,A,4.25,4.57,2.94,3.63,3.15,3.64,3.72,4.00,0.02,5.85,0.67,5.61,0.41,39.90,0.30,C3'-endo
4,4,0.05,G,G,G,0,0,1,0,0,(,70,1,cWW,cW-W,5.17,2.99,1.00,1.43,3.72,5.17,4.82,3.35,BI,anti,A,4.47,4.56,3.02,3.94,3.23,4.07,3.80,4.48,0.00,5.87,0.64,5.63,0.41,38.68,0.32,C3'-endo
5,5,0.06,G,G,G,0,0,1,0,0,(,69,1,cWW,cW-W,5.24,3.27,0.94,2.57,3.57,5.18,4.68,4.14,BI,anti,.,1.94,2.04,3.03,4.41,3.66,3.69,4.24,4.13,5.84,0.70,5.61,0.43,6.28,40.69,2.81,C2'-endo
6,6,0.08,G,G,G,0,0,1,0,0,(,68,1,cWW,cW-W,3.88,1.47,2.69,1.41,3.54,4.98,4.84,3.30,BI,anti,A,4.28,4.38,2.99,2.52,2.93,3.01,3.61,3.47,6.23,5.92,0.61,5.63,0.44,37.80,0.40,C3'-endo
7,7,0.09,G,G,G,0,0,1,0,0,(,67,1,cWW,cW-W,5.25,3.32,0.97,2.56,4.63,5.59,5.33,3.93,..,anti,.,0.77,0.87,3.57,5.99,3.91,5.71,4.21,6.22,5.95,0.60,5.66,0.45,6.21,36.54,2.93,C2'-endo
8,8,0.10,U,U,U,0,0,0,1,0,.,14,1,tWH,tW-M,4.87,3.45,0.99,1.45,3.88,3.30,0.58,3.58,..,anti,.,4.24,4.66,2.68,2.18,3.43,2.65,3.70,2.82,0.05,5.83,0.66,5.64,0.38,38.89,0.26,C3'-endo
9,9,0.12,G,G,G,0,0,1,0,0,.,24,1,tHH,tM+M,5.46,2.93,1.07,2.55,4.30,5.28,5.30,4.45,..,anti,.,1.20,1.28,3.99,5.93,3.86,4.87,3.17,4.86,5.90,0.63,5.66,0.43,6.25,37.44,2.86,C2'-endo
10,10,0.13,G,G,G,0,0,1,0,0,(,"26,46",2,"cWW,cHS","cW-W,cM+m",3.04,3.33,0.89,1.41,3.77,4.93,5.12,3.35,BI,anti,A,4.55,4.62,0.61,3.69,1.57,3.82,2.18,4.16,0.01,5.86,0.65,5.62,0.41,39.00,0.31,C3'-endo
11,11,0.14,A,A,A,1,0,0,0,0,(,25,1,cWW,cW-W,4.95,3.34,0.96,1.44,3.62,5.00,4.90,3.88,BI,anti,A,3.58,4.53,2.99,3.68,3.13,3.70,3.54,4.11,0.04,5.85,0.63,5.65,0.38,37.77,0.27,C3'-endo
12,12,0.16,G,G,G,0,0,1,0,0,(,24,1,cWW,cW-W,5.05,2.93,1.02,1.42,3.54,5.07,4.76,3.69,BI,anti,A,4.10,4.54,2.84,3.72,3.10,3.69,3.71,4.20,0.02,5.86,0.65,5.63,0.40,38.82,0.30,C3'-endo
13,13,0.17,C,C,C,0,1,0,0,0,(,23,1,cWW,cW-W,5.08,2.93,1.07,1.44,3.45,5.08,4.65,3.50,BI,anti,.,4.36,4.48,2.90,3.67,3.21,3.62,4.02,3.84,0.03,5.86,0.64,5.64,0.39,38.40,0.29,C3'-endo
14,14,0.18,A,A,A,1,0,0,0,0,.,8,1,tHW,tM-W,5.04,3.23,0.98,1.40,3.78,5.33,4.73,3.42,BI,anti,.,4.50,4.63,3.06,4.10,3.20,4.19,3.61,5.03,6.27,5.87,0.66,5.60,0.44,39.92,0.34,C3'-endo
15,15,0.19,G,G,G,0,0,1,0,0,.,49,1,tWW,tW+W,5.07,2.98,1.00,1.41,3.78,5.66,4.40,3.35,BI,anti,.,4.64,4.66,2.84,4.86,3.31,4.85,4.55,5.13,0.02,5.84,0.67,5.60,0.42,40.32,0.30,C3'-endo
16,16,0.21,C,C,C,0,1,0,0,0,.,,0,,,4.01,4.45,0.81,2.53,4.23,5.39,5.12,4.13,..,anti,.,1.34,1.33,2.65,5.56,3.28,5.46,3.98,5.95,5.87,0.67,5.64,0.42,6.28,38.85,2.82,C2'-endo
17,17,0.22,C,C,C,0,1,0,0,0,.,,0,,,5.09,3.17,1.04,1.50,4.61,5.28,5.61,4.15,..,anti,.,1.65,4.28,3.14,5.30,3.89,4.75,4.27,4.18,6.19,5.95,0.60,5.61,0.48,38.45,0.45,C3'-endo
18,17A,0.23,U,U,U,0,0,0,1,0,.,,0,,,3.45,3.23,1.01,1.37,3.02,0.53,2.49,4.10,..,anti,.,3.09,4.04,0.94,5.00,1.75,4.05,1.74,3.32,6.16,5.96,0.61,5.58,0.52,39.92,0.50,C3'-endo
19,18,0.25,G,G,G,0,0,1,0,0,.,,0,,,3.94,4.47,3.10,2.58,3.97,4.79,5.47,3.76,BI,anti,.,1.48,1.63,5.63,4.64,0.64,4.03,0.93,4.40,5.91,0.64,5.64,0.45,6.23,38.35,2.89,C2'-endo
20,19,0.26,G,G,G,0,0,1,0,0,[,57,1,cWW,cW-W,2.94,2.90,3.06,2.64,4.76,5.54,5.51,4.24,..,anti,.,0.48,0.53,3.59,5.45,3.92,5.37,4.28,5.72,5.89,0.66,5.62,0.46,6.24,39.44,2.88,C2'-endo
21,20,0.27,U,U,U,0,0,0,1,0,.,,0,,,2.82,3.18,2.86,1.51,4.53,5.31,5.50,4.09,..,anti,.,1.99,4.39,2.39,4.11,3.03,4.13,3.24,4.52,6.27,5.91,0.59,5.66,0.40,36.09,0.34,C3'-endo
22,21,0.29,A,A,A,1,0,0,0,0,.,,0,,,5.26,4.32,1.23,1.47,3.42,3.38,0.04,4.39,..,anti,.,2.02,3.65,4.06,2.03,4.43,1.93,4.32,2.06,5.90,6.22,0.46,5.59,0.68,40.99,0.88,C4'-exo
23,22,0.30,G,G,G,0,0,1,0,0,),"13,47",2,"cWW,tHW","cW-W,tM-W",4.90,2.21,1.01,1.38,3.42,5.04,4.67,3.55,BI,anti,A,4.22,4.43,2.49,3.74,2.58,3.58,2.76,3.85,6.23,5.90,0.65,5.59,0.47,40.12,0.40,C3'-endo
24,23,0.31,C,C,C,0,1,0,0,0,),"9,12",2,"tHH,cWW","tM+M,cW-W",5.09,3.14,1.00,1.43,3.77,4.91,5.15,3.95,BI,anti,.,3.28,4.55,3.08,3.72,3.23,3.74,3.73,4.03,0.01,5.87,0.63,5.64,0.40,38.14,0.31,C3'-endo
25,24,0.32,U,U,U,0,0,0,1,0,),11,1,cWW,cW-W,4.90,3.07,0.96,1.43,3.66,4.98,4.97,3.78,BI,anti,A,3.86,4.61,2.76,3.73,2.95,3.71,3.40,4.14,0.06,5.84,0.65,5.65,0.36,38.25,0.24,C3'-endo
26,25,0.34,C,C,C,0,1,0,0,0,),10,1,cWW,cW-W,5.08,2.87,1.03,1.41,3.67,5.22,4.72,3.62,BI,anti,.,4.29,4.63,2.83,3.97,3.09,3.97,3.77,4.47,0.02,5.85,0.67,5.61,0.41,39.98,0.30,C3'-endo
27,26,0.35,G,G,G,0,0,1,0,0,.,45,1,cWW,cW-W,5.12,3.20,0.96,1.41,3.64,5.16,4.76,3.21,BI,anti,A,4.49,4.54,3.02,3.83,3.34,3.90,4.15,4.45,0.01,5.87,0.63,5.63,0.41,38.23,0.32,C3'-endo
28,27,0.36,U,U,U,0,0,0,1,0,(,44,1,cWW,cW-W,4.97,3.35,0.92,1.43,3.63,5.10,4.82,3.64,BI,anti,A,4.13,4.56,2.98,3.78,3.21,3.85,3.93,4.38,0.04,5.85,0.64,5.64,0.38,38.17,0.27,C3'-endo
29,28,0.38,C,C,C,0,1,0,0,0,(,43,1,cWW,cW-W,5.12,3.12,0.92,1.42,3.61,5.00,4.89,3.72,BI,anti,A,3.93,4.51,2.96,3.70,3.22,3.72,3.92,4.20,0.02,5.86,0.64,5.64,0.40,38.17,0.30,C3'-endo
30,29,0.39,G,G,G,0,0,1,0,0,(,42,1,cWW,cW-W,5.15,2.95,0.94,1.43,3.58,5.09,4.78,3.64,BI,anti,A,4.12,4.52,2.89,3.77,3.15,3.75,3.85,4.21,0.03,5.85,0.64,5.64,0.38,38.31,0.28,C3'-endo
31,30,0.40,G,G,G,0,0,1,0,0,(,41,1,cWW,cW-W,5.14,2.99,0.94,1.40,3.55,5.06,4.78,3.58,BI,anti,A,4.25,4.53,2.89,3.69,3.16,3.68,3.90,4.08,0.01,5.86,0.65,5.62,0.42,39.36,0.31,C3'-endo
32,31,0.42,G,G,G,0,0,1,0,0,(,40,1,cWW,cW-W,5.12,3.08,0.91,1.41,3.87,5.23,4.92,3.57,BI,anti,.,4.18,4.60,2.97,4.09,3.16,4.14,3.74,4.97,0.01,5.87,0.64,5.63,0.41,38.71,0.31,C3'-endo
33,32,0.43,C,C,C,0,1,0,0,0,.,39,1,cWW,cW-W,4.96,3.19,0.88,1.40,3.68,4.93,5.04,4.06,BI,anti,.,2.97,4.53,2.75,3.65,3.10,3.69,4.16,4.01,6.28,5.88,0.64,5.62,0.42,38.61,0.33,C3'-endo
34,33,0.44,U,U,U,0,0,0,1,0,.,38,1,tWH,tW-M,5.14,2.91,0.96,1.44,4.10,5.13,5.26,3.94,..,anti,.,3.05,4.63,2.98,4.64,3.15,3.84,3.57,3.00,0.00,5.87,0.64,5.63,0.41,38.54,0.32,C3'-endo
35,34,0.45,C,C,C,0,1,0,0,0,.,0,1,t.W,t.-W,2.82,2.75,0.91,1.39,3.90,5.26,4.92,4.01,BI,anti,.,2.95,4.59,0.16,4.19,0.76,4.28,0.60,5.00,6.25,5.89,0.65,5.60,0.45,39.84,0.37,C3'-endo
36,35,0.47,A,A,A,1,0,0,0,0,.,0,1,cWW,cW-W,5.27,3.02,0.98,1.41,3.65,4.61,5.33,4.02,BI,anti,.,3.14,4.62,2.99,3.30,3.49,3.20,4.42,2.58,0.05,5.83,0.66,5.63,0.38,39.18,0.26,C3'-endo
37,36,0.48,U,U,U,0,0,0,1,0,.,,0,,,4.74,2.95,0.93,1.39,3.90,5.21,4.97,4.08,BI,anti,.,2.76,4.58,2.61,4.11,2.53,4.24,2.08,4.89,6.22,5.91,0.64,5.59,0.47,39.96,0.41,C3'-endo
38,37,0.49,A,A,A,1,0,0,0,0,.,34,1,tHW,tM-W,5.29,2.90,1.06,1.45,3.73,5.30,4.71,3.68,BI,anti,.,4.06,4.59,3.03,4.12,3.54,4.15,4.41,4.95,0.03,5.85,0.64,5.64,0.39,38.37,0.28,C3'-endo
39,38,0.51,A,A,A,1,0,0,0,0,.,33,1,cWW,cW-W,5.06,3.11,1.01,1.46,3.79,5.17,4.91,3.92,BI,anti,.,3.36,4.62,2.98,4.03,3.40,4.06,4.47,4.56,0.06,5.84,0.64,5.66,0.36,37.61,0.24,C3'-endo
40,39,0.52,C,C,C,0,1,0,0,0,),32,1,cWW,cW-W,4.98,3.19,0.96,1.41,3.55,5.08,4.75,3.67,BI,anti,A,4.11,4.53,2.85,3.70,3.18,3.72,3.90,4.15,0.02,5.86,0.65,5.63,0.40,38.87,0.30,C3'-endo
41,40,0.53,C,C,C,0,1,0,0,0,),31,1,cWW,cW-W,5.13,3.06,0.94,1.40,3.55,5.02,4.81,3.71,BI,anti,A,4.00,4.51,2.95,3.64,3.19,3.65,3.82,3.99,0.01,5.87,0.64,5.63,0.41,38.71,0.31,C3'-endo
42,41,0.55,C,C,C,0,1,0,0,0,),30,1,cWW,cW-W,5.14,3.10,0.91,1.42,3.58,5.03,4.83,3.70,BI,anti,A,3.98,4.51,2.98,3.68,3.17,3.67,3.67,4.06,0.01,5.86,0.64,5.63,0.40,38.58,0.31,C3'-endo
43,42,0.56,G,G,G,0,0,1,0,0,),29,1,cWW,cW-W,5.10,2.98,0.95,1.41,3.63,4.95,4.97,3.59,BI,anti,A,4.23,4.56,2.87,3.66,3.10,3.66,3.71,4.08,0.02,5.86,0.65,5.63,0.40,38.86,0.30,C3'-endo
44,43,0.57,A,A,A,1,0,0,0,0,),28,1,cWW,cW-W,5.13,2.94,1.01,1.44,3.48,4.94,4.82,3.48,BI,anti,A,4.32,4.48,2.91,3.57,3.17,3.56,3.82,3.82,0.02,5.86,0.64,5.64,0.39,38.03,0.29,C3'-endo
45,44,0.58,A,A,A,1,0,0,0,0,.,27,1,cWW,cW-W,5.14,3.09,1.00,1.45,3.75,5.28,4.76,3.65,BI,anti,.,4.08,4.61,3.10,4.10,3.24,4.14,3.65,4.90,0.05,5.84,0.64,5.65,0.37,38.10,0.25,C3'-endo
46,45,0.60,G,G,G,0,0,1,0,0,.,10,1,cSH,cm+M,5.00,3.19,0.92,1.46,4.04,4.65,5.67,3.77,..,anti,.,3.60,4.65,2.94,3.66,3.29,3.90,4.27,4.25,0.06,5.84,0.63,5.66,0.36,37.46,0.24,C3'-endo
47,46,0.61,G,G,G,0,0,1,0,0,.,23,1,tWH,tW-M,5.18,3.43,1.01,1.50,4.34,4.69,5.94,4.29,..,anti,.,1.32,4.61,3.58,3.81,3.53,3.39,3.62,2.89,0.06,5.85,0.62,5.67,0.35,36.79,0.23,C3'-endo
48,47,0.62,U,U,U,0,0,0,1,0,.,,0,,,5.43,4.00,3.26,1.44,3.38,1.64,1.74,3.94,..,anti,.,3.50,4.37,0.09,5.95,0.37,5.82,0.59,5.65,6.28,5.88,0.63,5.63,0.41,38.26,0.33,C3'-endo
49,48,0.64,C,C,C,0,1,0,0,0,.,15,1,tWW,tW+W,5.33,3.24,1.05,2.57,3.70,1.09,2.61,3.85,..,anti,.,1.66,1.88,3.81,1.30,4.79,0.30,5.24,4.97,5.91,0.64,5.64,0.44,6.24,37.96,2.88,C2'-endo
50,49,0.65,G,G,G,0,0,1,0,0,(,66,1,cWW,cW-W,1.07,2.95,0.90,1.39,3.62,5.18,4.73,3.34,BI,anti,A,4.59,4.62,5.48,3.86,6.09,3.90,1.58,4.48,0.03,5.84,0.68,5.61,0.41,40.35,0.29,C3'-endo
51,50,0.66,U,U,U,0,0,0,1,0,(,65,1,cWW,cW-W,5.12,3.19,0.98,1.43,3.63,4.79,5.12,3.70,BI,anti,.,3.98,4.53,3.05,3.48,3.33,3.49,4.15,3.60,0.02,5.86,0.63,5.64,0.39,37.96,0.29,C3'-endo
52,51,0.68,C,C,C,0,1,0,0,0,(,64,1,cWW,cW-W,4.89,3.06,0.97,1.44,3.63,5.09,4.81,3.70,BI,anti,A,4.07,4.62,2.78,3.83,2.88,3.83,3.14,4.32,0.07,5.82,0.66,5.65,0.36,38.77,0.22,C3'-endo
53,52,0.69,G,G,G,0,0,1,0,0,(,63,1,cWW,cW-W,5.18,2.88,1.05,1.42,3.47,5.04,4.72,3.47,BI,anti,A,4.39,4.51,2.92,3.65,3.27,3.60,4.09,3.93,0.02,5.86,0.65,5.62,0.41,39.06,0.30,C3'-endo
54,53,0.70,G,G,G,0,0,1,0,0,(,62,1,cWW,cW-W,5.13,3.04,1.00,1.41,3.64,5.14,4.79,3.38,BI,anti,A,4.47,4.58,3.00,3.83,3.20,3.85,3.79,4.28,0.02,5.86,0.65,5.62,0.41,39.15,0.30,C3'-endo
55,54,0.71,U,U,U,0,0,0,1,0,.,59,1,tWH,tW-M,4.96,3.29,0.93,1.41,3.91,5.17,5.03,3.86,BI,anti,.,3.49,4.62,2.98,4.07,3.17,4.19,3.77,5.07,6.28,5.87,0.64,5.62,0.42,38.94,0.33,C3'-endo
56,55,0.73,U,U,U,0,0,0,1,0,.,,0,,,5.20,2.90,1.04,1.44,3.56,5.10,4.74,4.09,BI,anti,.,3.02,4.49,2.90,4.12,3.38,3.37,4.45,2.54,0.00,5.87,0.64,5.63,0.41,38.62,0.32,C3'-endo
57,56,0.74,C,C,C,0,1,0,0,0,],20,1,cWW,cW-W,2.88,2.89,0.93,1.39,3.65,5.17,4.77,3.90,BI,anti,.,3.38,4.34,0.48,3.87,0.77,3.93,0.49,4.72,6.12,5.99,0.60,5.57,0.55,40.59,0.55,C3'-endo
58,57,0.75,A,A,A,1,0,0,0,0,.,,0,,,5.04,3.11,0.95,1.45,3.85,5.11,5.03,3.97,BI,anti,.,3.15,4.63,2.95,3.95,3.27,4.05,4.21,4.37,0.06,5.84,0.64,5.66,0.36,37.70,0.23,C3'-endo
59,58,0.77,A,A,A,1,0,0,0,0,.,55,1,tHW,tM-W,5.25,3.63,0.93,1.42,3.12,4.96,4.45,4.44,BI,anti,.,1.99,4.11,3.41,3.35,3.62,2.72,3.86,1.95,6.25,5.92,0.60,5.64,0.43,37.17,0.38,C3'-endo
60,59,0.78,A,A,A,1,0,0,0,0,.,,0,,,3.32,2.70,0.95,1.39,3.83,5.37,4.75,3.28,BI,anti,.,4.65,4.68,0.99,4.21,0.99,4.30,0.93,4.76,0.01,5.85,0.67,5.60,0.42,40.15,0.31,C3'-endo
61,60,0.79,U,U,U,0,0,0,1,0,.,,0,,,5.18,3.52,0.92,2.55,3.78,5.23,4.83,3.76,BI,anti,.,1.55,1.85,3.18,5.39,3.79,4.98,4.53,5.48,5.87,0.67,5.63,0.43,6.27,39.10,2.83,C2'-endo
62,61,0.81,C,C,C,0,1,0,0,0,),54,1,cWW,cW-W,3.96,3.86,0.98,1.44,3.69,5.20,4.77,3.52,BI,anti,A,4.30,4.57,2.21,3.97,2.94,4.05,3.76,4.63,0.03,5.85,0.64,5.64,0.38,38.31,0.28,C3'-endo
63,62,0.82,C,C,C,0,1,0,0,0,),53,1,cWW,cW-W,5.14,3.10,0.91,1.38,3.54,4.77,5.06,3.67,BI,anti,.,4.04,4.45,2.91,3.37,3.23,3.38,4.05,3.57,6.22,5.92,0.63,5.60,0.47,39.55,0.41,C3'-endo
64,63,0.83,G,G,G,0,0,1,0,0,),52,1,cWW,cW-W,5.11,2.97,0.93,1.40,3.62,5.04,4.86,3.53,BI,anti,A,4.37,4.60,2.89,3.73,2.97,3.72,3.29,4.08,0.04,5.84,0.66,5.63,0.39,39.16,0.27,C3'-endo
65,64,0.84,G,G,G,0,0,1,0,0,),51,1,cWW,cW-W,5.10,3.08,0.90,1.38,3.77,5.21,4.84,3.41,BI,anti,.,4.51,4.64,2.90,3.98,3.09,4.05,3.69,4.75,0.01,5.86,0.66,5.61,0.42,39.73,0.32,C3'-endo
66,65,0.86,C,C,C,0,1,0,0,0,),50,1,cWW,cW-W,5.23,2.98,0.99,1.38,3.46,4.86,4.89,3.62,BI,anti,.,4.11,4.37,2.96,3.40,3.36,3.43,4.36,3.75,6.16,5.95,0.63,5.57,0.52,40.63,0.49,C3'-endo
67,66,0.87,C,C,C,0,1,0,0,0,),7,1,cWW,cW-W,4.99,3.21,0.92,1.44,3.70,5.09,4.89,3.64,BI,anti,A,4.13,4.63,2.96,3.87,3.02,3.92,3.43,4.49,0.09,5.81,0.66,5.66,0.34,38.30,0.20,C3'-endo
68,67,0.88,C,C,C,0,1,0,0,0,),6,1,cWW,cW-W,5.25,2.94,0.95,1.40,3.57,5.05,4.80,3.61,BI,anti,A,4.17,4.54,2.94,3.73,3.27,3.73,4.10,4.13,0.02,5.86,0.65,5.63,0.40,38.92,0.30,C3'-endo
69,68,0.90,C,C,C,0,1,0,0,0,),5,1,cWW,cW-W,5.26,2.96,0.97,1.39,3.49,5.04,4.73,3.65,BI,anti,A,4.14,4.46,3.00,3.61,3.27,3.59,3.92,3.87,6.25,5.89,0.64,5.61,0.44,39.25,0.37,C3'-endo
70,69,0.91,C,C,C,0,1,0,0,0,),4,1,cWW,cW-W,5.09,3.12,0.88,1.39,3.57,5.05,4.80,3.65,BI,anti,A,4.15,4.54,2.91,3.67,3.07,3.68,3.55,4.09,6.28,5.87,0.65,5.61,0.43,39.51,0.33,C3'-endo
71,70,0.92,G,G,G,0,0,1,0,0,),3,1,cWW,cW-W,5.12,3.06,0.89,1.38,3.67,5.18,4.78,3.50,BI,anti,A,4.35,4.59,2.89,3.87,3.09,3.89,3.70,4.35,6.28,5.87,0.65,5.61,0.42,39.51,0.33,C3'-endo
72,71,0.94,C,C,C,0,1,0,0,0,),2,1,cWW,cW-W,5.21,3.03,0.92,1.34,4.14,3.89,0.25,3.73,..,anti,.,3.62,4.55,3.04,2.90,3.28,3.01,3.93,3.02,6.08,6.00,0.64,5.51,0.62,44.16,0.58,C3'-endo
73,72,0.95,A,A,A,1,0,0,0,0,.,,0,,,5.26,2.10,1.01,1.43,3.65,5.25,4.68,3.85,BI,anti,.,3.71,4.63,2.74,4.19,2.86,4.02,2.92,4.50,0.04,5.83,0.67,5.62,0.39,39.74,0.27,C3'-endo
74,73,0.96,A,A,A,1,0,0,0,0,.,1,1,cWW,cW-W,5.14,2.97,1.02,1.40,3.71,5.35,4.65,3.63,BI,anti,.,4.18,4.60,2.94,4.10,3.32,4.11,4.23,4.68,6.27,5.87,0.66,5.60,0.44,39.87,0.34,C3'-endo
75,74,0.97,C,C,C,0,1,0,0,0,.,,0,,,4.85,3.45,0.86,1.41,4.15,3.52,0.64,4.03,..,anti,.,2.64,4.54,2.93,2.89,3.20,2.33,3.96,1.77,6.23,5.91,0.63,5.61,0.46,39.07,0.40,C3'-endo
76,75,0.99,C,C,C,0,1,0,0,0,.,,0,,,1.20,3.91,1.07,2.61,3.90,2.96,0.94,3.97,BII,anti,.,1.68,1.69,6.27,3.16,0.28,2.49,0.55,2.63,5.98,0.59,5.65,0.47,6.18,36.54,2.98,C2'-endo
77,76,1.00,A,A,A,1,0,0,0,0,.,0,1,cSW,cm-W,0.78,3.62,0.90,1.35,,,,4.14,n/a,anti,-,,,,,,,,,6.28,5.88,0.63,5.63,0.41,38.39,0.33,C3'-endo
