index_chain,old_nt_resnum,nt_position,nt_name,nt_code,nt_align_code,is_A,is_C,is_G,is_U,is_other,dbn,paired,nb_interact,pair_type_LW,pair_type_DSSR,alpha,beta,gamma,delta,epsilon,zeta,epsilon_zeta,chi,bb_type,glyco_bond,form,ssZp,Dp,eta,theta,eta_prime,theta_prime,eta_base,theta_base,v0,v1,v2,v3,v4,amplitude,phase_angle,puckering
1,1,0.01,G,G,G,0,0,1,0,0,(,79,1,cWW,cW-W,,,,1.41,3.69,5.00,4.97,3.35,BI,anti,A,4.60,4.66,,,,,,,0.08,5.82,0.65,5.66,0.34,38.26,0.20,C3'-endo
2,2,0.02,G,G,G,0,0,1,0,0,(,78,1,cWW,cW-W,5.18,3.12,0.86,1.41,3.46,5.18,4.56,3.51,BI,anti,A,4.43,4.57,2.91,3.74,3.12,3.78,3.77,4.26,0.05,5.80,0.70,5.59,0.41,41.49,0.26,C3'-endo
3,3,0.03,U,U,U,0,0,0,1,0,(,77,1,cWW,cW-W,4.67,3.15,1.30,1.41,3.14,5.38,4.04,3.58,BI,anti,A,4.22,4.37,2.88,3.76,3.19,3.68,3.92,4.08,0.02,5.85,0.66,5.62,0.41,39.56,0.30,C3'-endo
4,4,0.03,C,C,C,0,1,0,0,0,(,76,1,cWW,cW-W,4.51,3.17,1.39,1.38,3.18,4.05,5.42,3.46,BI,anti,.,4.38,4.42,2.88,2.96,3.21,3.01,3.96,2.78,0.05,5.83,0.66,5.64,0.37,38.98,0.25,C3'-endo
5,5,0.04,A,A,A,1,0,0,0,0,.,76,1,tWW,tW+W,1.15,2.84,5.74,2.70,4.30,1.23,3.07,0.72,..,syn,.,-1.30,1.30,3.89,1.03,3.72,0.01,3.10,5.69,5.98,0.62,5.59,0.53,6.14,39.71,3.03,C2'-endo
6,6,0.05,U,U,U,0,0,0,1,0,.,,0,,,2.70,1.97,0.89,1.34,4.18,2.26,1.93,3.56,..,anti,.,4.11,4.75,0.32,1.99,1.16,1.44,1.55,5.91,0.01,5.85,0.66,5.62,0.41,39.51,0.31,C3'-endo
7,7,0.06,G,G,G,0,0,1,0,0,.,,0,,,0.50,2.36,2.24,1.37,3.71,5.59,4.41,2.84,BI,anti,.,4.43,4.67,6.21,3.93,0.11,4.13,1.98,5.41,0.02,5.86,0.65,5.63,0.40,38.73,0.30,C3'-endo
8,8,0.07,A,A,A,1,0,0,0,0,.,,0,,,4.63,3.45,1.30,2.75,6.02,3.14,2.88,4.25,..,anti,.,-0.67,0.68,3.11,4.42,4.41,3.16,5.71,2.91,6.14,0.50,5.65,0.57,6.01,36.59,3.24,C3'-exo
9,9,0.08,G,G,G,0,0,1,0,0,(,38,1,cWW,cW-W,4.74,3.09,4.12,1.34,4.16,5.57,4.87,4.24,..,anti,.,1.76,4.77,0.84,3.74,0.98,3.85,1.36,3.69,0.02,5.83,0.68,5.60,0.42,40.77,0.29,C3'-endo
10,10,0.08,U,U,U,0,0,0,1,0,.,,0,,,5.25,2.70,3.21,1.32,4.06,3.89,0.17,3.59,..,anti,.,4.07,4.69,5.00,2.53,5.34,2.33,5.39,2.04,6.21,5.92,0.64,5.58,0.49,40.30,0.43,C3'-endo
11,11,0.09,G,G,G,0,0,1,0,0,(,37,1,cWW,cW-W,2.04,3.00,2.52,1.41,3.60,5.10,4.79,3.35,BI,anti,A,4.58,4.62,1.45,3.40,1.54,3.41,1.35,3.91,0.08,5.82,0.65,5.66,0.34,38.35,0.21,C3'-endo
12,12,0.10,C,C,C,0,1,0,0,0,(,36,1,cWW,cW-W,4.97,3.13,1.04,1.39,3.60,5.07,4.81,3.44,BI,anti,A,4.51,4.61,2.91,3.71,3.15,3.72,3.88,4.14,0.07,5.82,0.66,5.65,0.35,38.86,0.22,C3'-endo
13,13,0.11,C,C,C,0,1,0,0,0,(,35,1,cWW,cW-W,5.09,3.08,0.97,1.39,3.59,5.04,4.83,3.45,BI,anti,A,4.49,4.61,2.93,3.67,3.15,3.68,3.83,4.09,0.05,5.83,0.66,5.64,0.37,39.08,0.25,C3'-endo
14,14,0.12,A,A,A,1,0,0,0,0,(,34,1,cWW,cW-W,5.11,3.05,0.98,1.39,3.60,5.06,4.82,3.42,BI,anti,A,4.53,4.61,2.93,3.71,3.15,3.72,3.80,4.18,0.05,5.83,0.66,5.63,0.37,39.03,0.25,C3'-endo
15,15,0.13,G,G,G,0,0,1,0,0,(,33,1,cWW,cW-W,5.11,3.03,1.00,1.39,3.62,5.05,4.85,3.39,BI,anti,A,4.55,4.62,2.94,3.72,3.18,3.73,3.91,4.21,0.05,5.83,0.66,5.64,0.37,39.02,0.25,C3'-endo
16,16,0.13,C,C,C,0,1,0,0,0,(,32,1,cWW,cW-W,5.09,3.05,1.00,1.39,3.61,5.27,4.63,3.46,BI,anti,A,4.49,4.61,2.92,3.91,3.16,3.89,3.91,4.39,0.06,5.83,0.66,5.64,0.36,38.97,0.24,C3'-endo
17,17,0.14,G,G,G,0,0,1,0,0,.,20,1,cSW,cm-W,5.10,3.06,1.01,1.32,3.54,4.86,4.96,3.39,BI,anti,A,4.49,4.57,2.91,3.43,3.23,3.46,4.06,3.78,6.14,5.92,0.70,5.49,0.59,45.43,0.49,C3'-endo
18,18,0.15,U,U,U,0,0,0,1,0,.,,0,,,5.22,2.85,1.08,1.41,3.53,4.04,5.77,3.45,..,anti,.,4.47,4.56,3.00,2.81,3.19,2.78,3.70,2.80,6.28,5.85,0.68,5.58,0.44,41.35,0.33,C3'-endo
19,19,0.16,C,C,C,0,1,0,0,0,.,,0,,,5.48,1.99,1.54,1.43,0.64,0.58,0.06,3.43,..,anti,.,2.59,2.83,4.35,1.72,3.98,1.42,3.76,1.25,0.06,5.86,0.61,5.69,0.34,36.08,0.23,C3'-endo
20,20,0.17,A,A,A,1,0,0,0,0,.,17,1,cWS,cW-m,3.08,2.06,2.37,1.43,4.31,5.17,5.42,3.47,..,anti,.,4.23,4.74,2.78,3.77,2.42,3.97,2.54,4.94,0.02,5.88,0.62,5.66,0.38,36.85,0.30,C3'-endo
21,21,0.18,A,A,A,1,0,0,0,0,(,30,1,cWW,cW-W,5.21,2.53,1.19,1.41,3.60,5.08,4.81,3.39,BI,anti,A,4.56,4.62,2.63,3.81,3.35,3.70,4.78,4.04,0.09,5.82,0.65,5.66,0.34,38.20,0.20,C3'-endo
22,22,0.18,G,G,G,0,0,1,0,0,(,29,1,cWW,cW-W,5.00,3.12,1.03,1.40,3.73,2.80,0.94,3.37,..,anti,.,4.58,4.66,2.94,1.36,3.15,1.72,3.82,3.20,0.06,5.83,0.66,5.64,0.36,38.81,0.23,C3'-endo
23,23,0.19,C,C,C,0,1,0,0,0,.,,0,,,3.14,2.84,3.32,1.47,2.83,2.78,0.05,3.31,..,anti,.,3.99,4.03,4.31,6.19,3.76,4.65,2.27,4.72,0.04,5.91,0.56,5.74,0.31,33.16,0.25,C3'-endo
24,24,0.20,C,C,C,0,1,0,0,0,[,71,1,cWW,cW-W,2.86,2.27,0.53,1.41,3.57,5.11,4.74,3.42,BI,anti,A,4.53,4.62,0.25,3.92,2.14,3.86,3.00,4.19,0.09,5.81,0.66,5.66,0.33,38.30,0.19,C3'-endo
25,25,0.21,C,C,C,0,1,0,0,0,[,70,1,cWW,cW-W,4.97,3.15,1.03,1.39,3.59,5.06,4.81,3.43,BI,anti,A,4.52,4.61,2.91,3.70,3.14,3.71,3.82,4.14,0.06,5.83,0.66,5.64,0.36,38.85,0.23,C3'-endo
26,26,0.22,C,C,C,0,1,0,0,0,[,69,1,cWW,cW-W,5.09,3.08,0.99,1.38,3.58,5.05,4.81,3.44,BI,anti,A,4.50,4.60,2.94,3.68,3.16,3.69,3.85,4.10,0.05,5.84,0.66,5.64,0.37,38.87,0.25,C3'-endo
27,27,0.23,G,G,G,0,0,1,0,0,[,68,1,cWW,cW-W,5.10,3.04,0.99,1.39,3.60,5.06,4.82,3.40,BI,anti,A,4.54,4.61,2.94,3.71,3.16,3.72,3.83,4.18,0.05,5.83,0.66,5.64,0.37,38.99,0.25,C3'-endo
28,28,0.24,G,G,G,0,0,1,0,0,[,67,1,cWW,cW-W,5.11,3.04,1.00,1.39,3.19,5.10,4.37,3.40,BI,anti,.,4.40,4.41,2.90,4.17,3.20,4.13,3.97,5.08,0.05,5.83,0.66,5.64,0.37,38.94,0.25,C3'-endo
29,29,0.24,C,C,C,0,1,0,0,0,),22,1,cWW,cW-W,2.94,3.98,2.57,1.43,3.65,5.04,4.90,3.42,BI,anti,A,4.55,4.66,2.70,3.78,3.32,3.60,4.78,3.93,0.13,5.79,0.66,5.68,0.30,38.14,0.13,C3'-endo
30,30,0.25,U,U,U,0,0,0,1,0,),21,1,cWW,cW-W,5.12,3.08,0.95,1.41,2.80,4.54,4.54,3.42,BI,anti,.,4.18,4.18,2.90,3.07,3.25,2.32,3.99,1.53,0.10,5.81,0.66,5.67,0.32,38.14,0.18,C3'-endo
31,31,0.26,U,U,U,0,0,0,1,0,.,,0,,,2.74,3.11,1.03,1.41,4.35,3.09,1.27,3.49,BII,anti,.,4.19,4.75,0.76,1.77,0.60,1.64,0.52,1.45,0.05,5.83,0.67,5.62,0.39,39.53,0.26,C3'-endo
32,32,0.27,G,G,G,0,0,1,0,0,),16,1,cWW,cW-W,3.76,2.58,0.32,1.42,3.67,4.96,5.00,3.35,BI,anti,A,4.61,4.66,1.74,3.71,1.76,3.76,1.96,4.21,0.11,5.80,0.66,5.67,0.32,38.30,0.16,C3'-endo
33,33,0.28,C,C,C,0,1,0,0,0,),15,1,cWW,cW-W,5.10,3.04,0.99,1.43,3.66,4.96,4.99,3.43,BI,anti,A,4.54,4.66,2.94,3.69,3.14,3.70,3.82,4.05,0.12,5.79,0.66,5.68,0.30,38.07,0.14,C3'-endo
34,34,0.29,U,U,U,0,0,0,1,0,),14,1,cWW,cW-W,5.08,3.07,0.97,1.43,3.68,4.96,5.01,3.43,BI,anti,A,4.54,4.68,2.93,3.70,3.12,3.72,3.71,4.13,0.13,5.79,0.66,5.68,0.30,38.44,0.14,C3'-endo
35,35,0.29,G,G,G,0,0,1,0,0,),13,1,cWW,cW-W,5.09,3.02,0.99,1.42,3.67,4.96,4.99,3.35,BI,anti,A,4.61,4.67,2.92,3.70,3.13,3.71,3.80,4.11,0.11,5.80,0.66,5.67,0.32,38.57,0.16,C3'-endo
36,36,0.30,G,G,G,0,0,1,0,0,),12,1,cWW,cW-W,5.10,3.03,0.99,1.42,3.65,5.00,4.94,3.34,BI,anti,A,4.61,4.66,2.94,3.72,3.15,3.73,3.81,4.18,0.11,5.80,0.66,5.67,0.32,38.48,0.16,C3'-endo
37,37,0.31,C,C,C,0,1,0,0,0,),11,1,cWW,cW-W,5.12,3.04,0.98,1.42,3.91,5.09,5.11,3.42,BI,anti,.,4.53,4.73,3.00,4.49,3.19,4.26,3.87,4.25,0.11,5.80,0.66,5.68,0.31,38.04,0.16,C3'-endo
38,38,0.32,C,C,C,0,1,0,0,0,),9,1,cWW,cW-W,1.74,3.62,4.27,1.24,4.15,4.69,5.75,3.20,..,anti,.,4.52,4.63,3.05,2.92,3.25,3.26,3.58,4.48,6.02,5.99,0.70,5.42,0.70,49.49,0.62,C3'-endo
39,39,0.33,G,G,G,0,0,1,0,0,(,66,1,cWW,cW-W,5.51,2.30,1.03,1.41,3.59,5.08,4.79,3.35,BI,anti,A,4.58,4.62,2.73,3.89,3.19,3.74,4.61,4.05,0.08,5.82,0.66,5.66,0.34,38.37,0.20,C3'-endo
40,40,0.34,G,G,G,0,0,1,0,0,(,65,1,cWW,cW-W,5.03,3.11,1.03,1.39,3.55,5.06,4.77,3.39,BI,anti,.,4.53,4.58,2.93,4.28,3.17,4.10,3.86,4.45,0.06,5.83,0.66,5.64,0.36,38.93,0.24,C3'-endo
41,41,0.34,C,C,C,0,1,0,0,0,(,64,1,cWW,cW-W,2.24,3.58,3.65,1.42,4.23,4.88,5.63,3.08,..,anti,.,4.76,4.77,3.06,3.32,3.31,3.52,4.07,4.66,0.06,5.84,0.63,5.67,0.35,37.23,0.23,C3'-endo
42,42,0.35,A,A,A,1,0,0,0,0,.,,0,,,5.04,2.53,1.27,1.51,3.41,3.78,5.92,3.35,..,anti,.,4.53,4.55,2.62,3.27,3.17,2.93,4.64,2.26,0.14,5.78,0.66,5.69,0.29,38.06,0.12,C3'-endo
43,43,0.36,A,A,A,1,0,0,0,0,.,,0,,,2.51,4.06,2.79,1.49,3.82,5.19,4.92,3.36,BI,anti,.,4.51,4.60,2.59,4.02,2.57,3.90,2.12,4.51,6.23,5.91,0.63,5.62,0.46,38.87,0.39,C3'-endo
44,44,0.37,C,C,C,0,1,0,0,0,(,62,1,cWW,cW-W,4.89,3.37,0.85,1.41,3.58,5.11,4.74,3.42,BI,anti,A,4.53,4.62,2.76,3.71,3.11,3.77,4.10,4.23,0.09,5.81,0.66,5.66,0.33,38.30,0.19,C3'-endo
45,45,0.38,C,C,C,0,1,0,0,0,(,61,1,cWW,cW-W,4.97,3.15,1.03,1.39,3.59,5.06,4.81,3.43,BI,anti,A,4.52,4.61,2.91,3.70,3.14,3.71,3.82,4.15,0.06,5.83,0.66,5.64,0.37,39.04,0.24,C3'-endo
46,46,0.39,C,C,C,0,1,0,0,0,(,60,1,cWW,cW-W,5.10,3.07,0.99,1.38,4.01,4.78,5.51,3.44,BI,anti,A,4.45,4.72,3.02,3.76,3.20,3.80,3.83,4.55,0.05,5.83,0.66,5.64,0.37,39.01,0.25,C3'-endo
47,47,0.39,U,U,U,0,0,0,1,0,.,59,1,cWW,cW-W,5.25,2.62,1.00,1.39,3.73,4.91,5.11,3.51,BI,anti,.,4.39,4.70,2.76,4.28,3.06,4.02,4.10,3.96,0.05,5.78,0.74,5.57,0.42,43.52,0.25,C3'-endo
48,48,0.40,C,C,C,0,1,0,0,0,(,57,1,cWW,cW-W,1.80,3.29,4.72,1.41,3.57,5.11,4.74,3.42,BI,anti,A,4.53,4.61,3.44,2.94,3.56,3.21,3.80,3.87,0.09,5.81,0.66,5.66,0.33,38.26,0.19,C3'-endo
49,49,0.41,C,C,C,0,1,0,0,0,(,56,1,cWW,cW-W,4.97,3.15,1.03,1.39,3.71,1.34,2.36,3.43,..,anti,.,4.52,4.65,2.93,6.24,3.14,0.02,3.81,5.97,0.06,5.83,0.66,5.64,0.36,38.98,0.24,C3'-endo
50,50,0.42,A,A,A,1,0,0,0,0,.,,0,,,4.74,3.10,1.12,1.41,3.54,4.18,5.65,3.24,BI,anti,.,4.63,4.63,3.21,3.22,4.00,2.97,5.05,3.32,0.03,5.80,0.72,5.56,0.44,42.82,0.29,C3'-endo
51,51,0.43,A,A,A,1,0,0,0,0,.,118,1,tHS,tM-m,1.12,3.30,0.65,1.41,2.45,0.63,1.82,3.32,..,anti,.,3.86,3.91,5.14,4.58,5.14,4.52,4.66,5.37,0.09,5.77,0.70,5.60,0.37,41.17,0.20,C3'-endo
52,52,0.44,C,C,C,0,1,0,0,0,{,116,1,cWW,cW-W,3.77,3.41,0.89,1.41,3.60,5.08,4.80,3.42,BI,anti,A,4.53,4.63,2.47,3.70,3.12,3.77,4.49,4.22,0.09,5.81,0.66,5.66,0.33,38.27,0.19,C3'-endo
53,53,0.45,C,C,C,0,1,0,0,0,{,115,1,cWW,cW-W,4.99,3.14,1.02,1.39,3.58,5.04,4.83,3.43,BI,anti,A,4.51,4.61,2.91,3.67,3.14,3.69,3.81,4.09,0.06,5.83,0.66,5.64,0.36,38.82,0.23,C3'-endo
54,54,0.45,G,G,G,0,0,1,0,0,{,114,1,cWW,cW-W,5.12,3.04,1.00,1.39,3.62,5.05,4.85,3.40,BI,anti,A,4.55,4.62,2.96,3.72,3.18,3.73,3.83,4.22,0.05,5.83,0.66,5.64,0.37,39.01,0.25,C3'-endo
55,55,0.46,C,C,C,0,1,0,0,0,{,113,1,cWW,cW-W,5.10,3.05,0.99,1.39,3.87,5.01,5.15,3.46,BI,anti,.,4.46,4.69,2.97,3.88,3.18,3.93,3.91,4.82,0.07,5.82,0.66,5.64,0.36,38.95,0.23,C3'-endo
56,56,0.47,G,G,G,0,0,1,0,0,),49,1,cWW,cW-W,5.16,2.58,1.16,1.42,3.66,5.00,4.94,3.33,BI,anti,A,4.62,4.66,2.77,3.79,3.20,3.70,4.47,4.04,0.11,5.79,0.66,5.67,0.31,38.55,0.16,C3'-endo
57,57,0.48,G,G,G,0,0,1,0,0,),48,1,cWW,cW-W,5.12,3.06,0.98,1.41,3.49,0.09,3.40,3.33,..,anti,.,4.56,4.57,2.92,4.31,3.16,3.82,3.87,3.28,0.09,5.81,0.66,5.67,0.33,38.29,0.18,C3'-endo
58,58,0.49,U,U,U,0,0,0,1,0,.,,0,,,3.87,1.00,3.52,1.44,3.79,5.03,5.04,3.44,BI,anti,A,4.46,4.62,3.33,2.43,3.18,2.92,2.77,3.87,0.02,5.90,0.59,5.69,0.36,35.29,0.30,C3'-endo
59,59,0.50,G,G,G,0,0,1,0,0,.,47,1,cWW,cW-W,5.14,2.84,1.02,1.39,3.65,4.82,5.11,3.44,BI,anti,A,4.51,4.64,2.82,3.53,3.17,3.51,4.26,3.72,0.07,5.83,0.65,5.66,0.35,38.12,0.21,C3'-endo
60,60,0.50,G,G,G,0,0,1,0,0,),46,1,cWW,cW-W,4.94,2.91,1.17,1.42,3.68,4.95,5.01,3.33,BI,anti,A,4.62,4.68,2.90,3.71,3.06,3.68,3.50,4.05,0.12,5.79,0.66,5.67,0.31,38.51,0.15,C3'-endo
61,61,0.51,G,G,G,0,0,1,0,0,),45,1,cWW,cW-W,5.10,3.03,1.00,1.42,3.66,5.00,4.94,3.33,BI,anti,A,4.62,4.66,2.93,3.73,3.14,3.74,3.80,4.15,0.12,5.79,0.67,5.67,0.31,38.67,0.15,C3'-endo
62,62,0.52,G,G,G,0,0,1,0,0,),44,1,cWW,cW-W,5.12,3.06,0.98,1.42,4.08,4.62,5.75,3.33,..,anti,.,4.60,4.75,3.03,4.28,3.20,4.06,3.83,4.32,0.09,5.81,0.66,5.67,0.33,38.36,0.18,C3'-endo
63,63,0.53,U,U,U,0,0,0,1,0,.,,0,,,1.88,3.78,3.69,1.51,4.13,4.98,5.44,3.65,..,anti,.,4.06,4.76,2.79,3.46,3.01,3.66,3.58,4.35,0.19,5.74,0.68,5.68,0.26,39.23,0.06,C3'-endo
64,64,0.54,G,G,G,0,0,1,0,0,),41,1,cWW,cW-W,5.34,2.89,0.91,1.46,3.52,5.14,4.66,3.34,BI,anti,A,4.66,4.58,2.88,3.83,3.33,3.84,4.26,4.29,0.03,5.85,0.65,5.63,0.39,39.01,0.28,C3'-endo
65,65,0.55,C,C,C,0,1,0,0,0,),40,1,cWW,cW-W,4.74,3.48,0.86,1.43,3.67,5.00,4.95,3.43,BI,anti,A,4.54,4.66,2.82,3.68,2.97,3.76,3.64,4.24,0.13,5.79,0.66,5.69,0.29,37.95,0.13,C3'-endo
66,66,0.55,C,C,C,0,1,0,0,0,),39,1,cWW,cW-W,5.12,3.03,0.98,1.42,0.46,2.53,4.21,3.42,..,anti,.,2.81,3.12,3.66,2.60,3.79,3.11,4.29,3.90,0.11,5.80,0.65,5.68,0.31,37.98,0.16,C3'-endo
67,67,0.56,C,C,C,0,1,0,0,0,],28,1,cWW,cW-W,2.12,2.34,4.75,1.44,3.68,4.95,5.01,3.44,BI,anti,A,4.53,4.67,5.73,2.96,5.04,3.24,4.34,3.95,0.13,5.79,0.66,5.69,0.30,38.07,0.13,C3'-endo
68,68,0.57,C,C,C,0,1,0,0,0,],27,1,cWW,cW-W,5.08,3.04,0.98,1.43,3.70,4.94,5.04,3.43,BI,anti,A,4.54,4.68,2.93,3.70,3.12,3.71,3.76,4.09,0.13,5.79,0.66,5.68,0.30,38.35,0.13,C3'-endo
69,69,0.58,G,G,G,0,0,1,0,0,],26,1,cWW,cW-W,5.08,3.02,1.00,1.42,3.68,4.96,5.00,3.34,BI,anti,A,4.62,4.67,2.92,3.70,3.12,3.71,3.76,4.10,0.12,5.79,0.67,5.67,0.31,38.66,0.15,C3'-endo
70,70,0.59,G,G,G,0,0,1,0,0,],25,1,cWW,cW-W,5.10,3.03,1.00,1.42,3.66,5.00,4.94,3.33,BI,anti,A,4.62,4.66,2.93,3.73,3.14,3.74,3.80,4.15,0.11,5.79,0.67,5.67,0.31,38.59,0.15,C3'-endo
71,71,0.60,G,G,G,0,0,1,0,0,],24,1,cWW,cW-W,5.11,3.06,0.98,1.41,3.72,5.26,4.75,3.33,BI,anti,.,4.62,4.67,2.96,4.00,3.17,4.05,3.84,4.86,0.10,5.81,0.66,5.67,0.33,38.35,0.18,C3'-endo
72,72,0.61,U,U,U,0,0,0,1,0,.,,0,,,5.06,3.01,1.08,1.46,3.41,4.74,4.95,3.53,BI,anti,.,4.36,4.49,2.88,3.34,3.34,3.41,4.55,2.75,0.01,5.87,0.63,5.64,0.40,38.10,0.31,C3'-endo
73,73,0.61,G,G,G,0,0,1,0,0,.,75,1,cSH,cm+M,5.22,3.07,1.09,2.57,3.80,3.61,0.19,4.44,..,anti,.,1.92,2.08,3.14,3.54,3.52,3.37,2.88,4.20,5.91,0.61,5.68,0.40,6.27,36.32,2.84,C2'-endo
74,74,0.62,A,A,A,1,0,0,0,0,.,75,1,cSH,cm+M,5.32,2.47,1.11,2.61,4.59,2.55,2.05,4.71,BII,anti,.,0.83,1.10,3.45,2.40,3.83,1.77,4.51,1.82,5.85,0.67,5.65,0.40,0.01,38.74,2.79,C2'-endo
75,75,0.63,U,U,U,0,0,0,1,0,.,"73,74",2,"cHS,cHS","cM+m,cM+m",3.53,2.38,1.13,1.39,4.41,5.25,5.44,3.50,..,anti,.,4.16,4.75,2.35,4.61,2.18,4.60,2.25,5.32,0.08,5.80,0.67,5.63,0.37,39.52,0.22,C3'-endo
76,76,0.64,G,G,G,0,0,1,0,0,),"4,5",2,"cWW,tWW","cW-W,tW+W",5.04,2.98,0.99,1.43,3.61,4.92,4.97,3.37,BI,anti,A,4.58,4.64,2.57,3.65,3.19,3.66,4.44,4.12,0.11,5.80,0.66,5.67,0.32,38.34,0.16,C3'-endo
77,77,0.65,A,A,A,1,0,0,0,0,),3,1,cWW,cW-W,5.31,2.69,1.14,1.44,4.25,4.24,0.02,3.31,..,anti,A,4.59,4.79,3.18,3.74,3.42,3.79,4.12,4.20,0.13,5.79,0.65,5.69,0.30,37.85,0.14,C3'-endo
78,78,0.66,C,C,C,0,1,0,0,0,),2,1,cWW,cW-W,5.89,2.41,0.46,1.43,3.62,4.93,4.97,3.35,BI,anti,A,4.54,4.59,2.76,3.78,2.94,3.79,3.62,4.21,0.06,5.79,0.71,5.59,0.40,41.92,0.24,C3'-endo
79,79,0.66,C,C,C,0,1,0,0,0,),1,1,cWW,cW-W,5.29,2.95,0.96,1.42,3.73,4.80,5.21,3.42,BI,anti,A,4.54,4.67,3.00,3.64,3.20,3.64,3.90,3.98,0.11,5.80,0.65,5.68,0.32,38.04,0.17,C3'-endo
80,80,0.67,A,A,A,1,0,0,0,0,.,,0,,,5.39,2.79,0.95,1.40,3.94,0.99,2.94,3.38,..,anti,.,4.56,4.72,3.06,0.54,3.24,5.87,3.78,5.28,0.05,5.84,0.64,5.65,0.37,38.01,0.25,C3'-endo
81,81,0.68,G,G,G,0,0,1,0,0,.,84,1,tWH,tW-M,1.69,1.45,3.23,1.30,4.32,5.76,4.85,3.17,..,anti,.,4.67,4.74,1.16,3.97,1.79,3.36,2.63,2.57,6.27,5.86,0.67,5.58,0.45,40.95,0.34,C3'-endo
82,82,0.69,G,G,G,0,0,1,0,0,(,108,1,cWW,cW-W,2.92,2.23,0.44,1.41,3.68,5.15,4.82,3.36,BI,anti,A,4.59,4.65,5.71,4.03,0.35,4.01,0.40,4.57,0.07,5.83,0.65,5.66,0.35,38.15,0.22,C3'-endo
83,83,0.70,U,U,U,0,0,0,1,0,(,107,1,cWW,cW-W,5.06,3.08,0.98,1.41,3.63,5.02,4.90,3.44,BI,anti,A,4.51,4.63,2.89,3.71,3.20,3.72,4.15,4.20,0.08,5.82,0.65,5.66,0.34,38.29,0.20,C3'-endo
84,84,0.71,U,U,U,0,0,0,1,0,(,"81,106",2,"tHW,cWW","tM-W,cW-W",5.12,2.94,1.05,1.41,3.54,4.97,4.86,3.46,BI,anti,A,4.49,4.60,2.92,3.61,3.20,3.57,3.97,3.79,0.10,5.81,0.66,5.66,0.33,38.61,0.18,C3'-endo
85,85,0.71,G,G,G,0,0,1,0,0,(,105,1,cWW,cW-W,5.07,3.01,1.04,1.39,3.89,4.63,5.54,3.44,BI,anti,A,4.49,4.70,3.00,3.54,3.14,3.57,3.58,4.05,0.06,5.83,0.66,5.64,0.36,39.02,0.23,C3'-endo
86,86,0.72,A,A,A,1,0,0,0,0,.,104,1,cWW,cW-W,5.32,2.41,1.17,1.39,3.61,5.14,4.75,3.36,BI,anti,A,4.58,4.63,2.85,3.91,3.16,3.78,3.93,4.11,0.09,5.80,0.67,5.64,0.35,39.40,0.20,C3'-endo
87,87,0.73,G,G,G,0,0,1,0,0,(,103,1,cWW,cW-W,5.43,3.32,0.47,1.45,3.66,5.13,4.81,3.65,BI,anti,A,4.21,4.67,2.97,3.73,3.14,3.83,3.77,4.40,0.17,5.76,0.67,5.70,0.26,38.20,0.07,C3'-endo
88,88,0.74,U,U,U,0,0,0,1,0,(,102,1,cWW,cW-W,5.14,2.96,0.96,1.38,3.60,5.03,4.86,3.52,BI,anti,A,4.41,4.61,2.86,3.69,3.17,3.68,3.97,4.15,0.04,5.84,0.66,5.63,0.38,39.06,0.26,C3'-endo
89,89,0.75,A,A,A,1,0,0,0,0,(,101,1,cWW,cW-W,5.12,3.01,0.97,1.39,3.63,5.03,4.89,3.46,BI,anti,A,4.48,4.62,2.91,3.70,3.14,3.71,3.86,4.15,0.05,5.84,0.66,5.64,0.37,38.77,0.25,C3'-endo
90,90,0.76,G,G,G,0,0,1,0,0,(,100,1,cWW,cW-W,5.09,3.05,0.99,1.39,3.62,5.05,4.85,3.39,BI,anti,A,4.55,4.62,2.93,3.72,3.15,3.73,3.84,4.21,0.05,5.83,0.66,5.64,0.37,38.89,0.24,C3'-endo
91,91,0.76,C,C,C,0,1,0,0,0,(,99,1,cWW,cW-W,5.09,3.06,0.99,1.39,3.56,5.17,4.67,3.45,BI,anti,A,4.49,4.60,2.93,3.78,3.16,3.76,3.90,4.20,0.06,5.83,0.66,5.64,0.36,38.84,0.24,C3'-endo
92,92,0.77,C,C,C,0,1,0,0,0,(,98,1,cWW,cW-W,4.83,2.98,1.32,1.37,3.36,5.13,4.52,3.41,BI,anti,.,4.40,4.42,2.90,4.16,3.23,4.07,3.99,5.12,6.22,5.93,0.62,5.61,0.46,38.73,0.42,C3'-endo
93,93,0.78,G,G,G,0,0,1,0,0,.,97,1,tSH,tm-M,3.06,3.71,2.44,1.53,3.50,1.46,2.04,3.30,..,anti,.,4.56,4.57,2.56,6.07,3.21,5.15,4.82,3.88,0.19,5.80,0.59,5.79,0.19,33.66,0.01,C3'-endo
94,94,0.79,U,U,U,0,0,0,1,0,.,,0,,,5.20,4.00,1.63,1.39,4.25,5.16,5.37,3.21,..,anti,.,4.60,4.66,5.01,4.48,5.96,4.46,0.45,5.36,6.26,5.91,0.61,5.64,0.42,37.41,0.37,C3'-endo
95,95,0.80,G,G,G,0,0,1,0,0,.,,0,,,4.97,2.95,0.95,1.37,4.08,5.03,5.34,3.42,..,anti,.,4.47,4.76,2.61,4.05,3.05,4.14,4.38,5.16,0.03,5.84,0.66,5.62,0.40,39.38,0.28,C3'-endo
96,96,0.81,A,A,A,1,0,0,0,0,.,,0,,,5.21,2.74,0.99,1.46,3.90,5.02,5.16,3.42,BI,anti,A,4.54,4.76,2.77,4.02,3.21,4.01,4.60,4.68,0.16,5.77,0.66,5.70,0.27,38.07,0.09,C3'-endo
97,97,0.82,C,C,C,0,1,0,0,0,.,93,1,tHS,tM-m,5.22,2.76,1.03,1.38,3.91,5.27,4.92,3.37,BI,anti,.,4.60,4.75,2.87,4.18,3.24,4.24,4.34,5.10,0.09,5.79,0.68,5.64,0.34,39.58,0.19,C3'-endo
98,98,0.82,G,G,G,0,0,1,0,0,),92,1,cWW,cW-W,5.22,2.86,0.98,1.39,3.70,4.94,5.04,3.37,BI,anti,A,4.63,4.72,2.83,3.72,3.35,3.72,4.74,4.01,0.15,5.75,0.70,5.65,0.31,40.50,0.12,C3'-endo
99,99,0.83,G,G,G,0,0,1,0,0,),91,1,cWW,cW-W,5.33,2.99,0.84,1.43,3.67,4.96,4.99,3.35,BI,anti,A,4.61,4.66,2.99,3.69,3.19,3.72,3.76,4.16,0.11,5.80,0.66,5.67,0.31,38.41,0.16,C3'-endo
100,100,0.84,C,C,C,0,1,0,0,0,),90,1,cWW,cW-W,5.12,3.03,0.99,1.43,3.67,5.00,4.95,3.43,BI,anti,A,4.53,4.66,2.95,3.74,3.16,3.75,3.84,4.13,0.12,5.79,0.65,5.68,0.30,37.90,0.14,C3'-endo
101,101,0.85,U,U,U,0,0,0,1,0,),89,1,cWW,cW-W,5.12,3.12,0.92,1.42,3.67,4.97,4.98,3.44,BI,anti,A,4.52,4.66,2.95,3.68,3.15,3.71,3.76,4.08,0.10,5.81,0.65,5.67,0.32,38.02,0.17,C3'-endo
102,102,0.86,A,A,A,1,0,0,0,0,),88,1,cWW,cW-W,5.10,3.12,0.91,1.42,3.58,4.90,4.96,3.49,BI,anti,A,4.45,4.62,2.91,3.55,3.09,3.59,3.67,3.98,0.08,5.82,0.65,5.67,0.34,38.02,0.20,C3'-endo
103,103,0.87,C,C,C,0,1,0,0,0,),87,1,cWW,cW-W,5.15,3.01,1.03,1.46,4.13,4.82,5.59,3.50,..,anti,A,4.33,4.78,3.14,3.79,3.26,3.74,3.75,4.13,0.15,5.78,0.64,5.71,0.27,37.01,0.10,C3'-endo
104,104,0.87,G,G,G,0,0,1,0,0,.,86,1,cWW,cW-W,4.72,2.32,1.59,1.52,3.69,5.06,4.91,3.33,BI,anti,A,4.57,4.61,2.63,3.90,3.02,3.71,3.77,4.12,0.12,5.84,0.59,5.75,0.26,33.90,0.13,C3'-endo
105,105,0.88,C,C,C,0,1,0,0,0,),85,1,cWW,cW-W,5.05,3.18,0.80,1.44,3.60,4.94,4.94,3.43,BI,anti,.,4.54,4.65,2.80,3.59,3.04,3.64,3.83,3.91,0.15,5.77,0.66,5.70,0.27,38.16,0.10,C3'-endo
106,106,0.89,G,G,G,0,0,1,0,0,),84,1,cWW,cW-W,5.10,3.13,0.96,1.40,3.61,5.04,4.85,3.30,BI,anti,A,4.63,4.64,2.98,3.69,3.12,3.72,3.57,4.12,0.09,5.80,0.67,5.65,0.34,39.30,0.19,C3'-endo
107,107,0.90,G,G,G,0,0,1,0,0,),83,1,cWW,cW-W,5.14,3.15,0.93,1.40,3.74,5.04,4.98,3.30,BI,anti,A,4.64,4.67,3.02,3.80,3.20,3.86,3.81,4.50,0.07,5.82,0.66,5.65,0.35,38.73,0.22,C3'-endo
108,108,0.91,C,C,C,0,1,0,0,0,),82,1,cWW,cW-W,5.13,3.05,0.95,1.42,3.65,4.87,5.06,3.40,BI,anti,.,4.55,4.65,2.92,3.97,3.19,3.76,4.11,3.62,0.11,5.80,0.65,5.68,0.31,37.95,0.17,C3'-endo
109,109,0.92,A,A,A,1,0,0,0,0,.,,0,,,2.98,3.09,2.95,1.45,2.70,1.00,1.70,3.36,..,anti,.,4.05,4.07,3.00,4.71,3.12,4.64,3.24,4.77,0.07,5.83,0.64,5.66,0.35,37.90,0.23,C3'-endo
110,110,0.92,A,A,A,1,0,0,0,0,.,,0,,,3.66,4.10,1.32,1.39,3.38,5.23,4.43,3.52,BI,anti,A,4.32,4.43,3.12,3.80,3.83,3.77,4.51,4.30,6.21,5.94,0.60,5.62,0.47,38.09,0.44,C3'-endo
111,111,0.93,G,G,G,0,0,1,0,0,.,,0,,,4.59,2.89,1.62,1.39,3.30,5.58,3.99,3.56,BI,anti,.,4.35,4.49,2.92,3.89,3.29,3.63,4.17,3.55,0.09,5.80,0.68,5.64,0.35,39.48,0.20,C3'-endo
112,112,0.94,C,C,C,0,1,0,0,0,.,,0,,,3.90,2.61,2.57,1.32,3.10,3.23,6.15,3.29,..,anti,.,4.32,4.33,3.32,1.38,3.49,1.35,3.78,1.42,6.24,5.91,0.62,5.63,0.44,38.05,0.38,C3'-endo
113,113,0.95,G,G,G,0,0,1,0,0,},55,1,cWW,cW-W,2.35,3.27,2.65,1.42,3.66,4.95,4.99,3.35,BI,anti,A,4.61,4.66,2.06,3.36,1.95,3.36,1.78,3.81,0.11,5.80,0.66,5.67,0.32,38.45,0.16,C3'-endo
114,114,0.96,C,C,C,0,1,0,0,0,},54,1,cWW,cW-W,5.10,3.05,0.98,1.43,3.69,4.95,5.03,3.43,BI,anti,A,4.54,4.68,2.95,3.71,3.14,3.72,3.80,4.10,0.13,5.78,0.66,5.69,0.29,38.14,0.12,C3'-endo
115,115,0.97,G,G,G,0,0,1,0,0,},53,1,cWW,cW-W,5.09,3.01,1.01,1.42,3.67,4.99,4.96,3.33,BI,anti,A,4.62,4.67,2.92,3.72,3.14,3.73,3.78,4.14,0.11,5.80,0.66,5.67,0.32,38.60,0.17,C3'-endo
116,116,0.97,G,G,G,0,0,1,0,0,},52,1,cWW,cW-W,5.12,3.05,0.97,1.42,4.03,4.83,5.48,3.33,BI,anti,.,4.62,4.75,3.02,3.85,3.19,3.92,3.82,4.93,0.10,5.80,0.66,5.67,0.32,38.42,0.18,C3'-endo
117,117,0.98,G,G,G,0,0,1,0,0,.,,0,,,5.27,2.54,1.08,1.46,4.22,5.12,5.38,3.40,..,anti,.,4.50,4.86,2.91,4.14,3.26,4.03,4.57,4.04,0.21,5.72,0.69,5.70,0.23,39.51,0.02,C3'-endo
118,118,0.99,U,U,U,0,0,0,1,0,.,51,1,tSH,tm-M,4.78,2.07,2.20,1.33,3.57,5.05,4.80,3.34,BI,anti,A,4.56,4.60,3.11,3.21,3.47,3.21,3.95,4.00,6.26,5.87,0.67,5.58,0.46,41.20,0.36,C3'-endo
119,119,1.00,C,C,C,0,1,0,0,0,.,,0,,,5.06,2.86,1.17,1.43,,,,3.62,n/a,anti,-,,,,,,,,,0.08,5.82,0.64,5.67,0.33,37.65,0.20,C3'-endo
