index_chain,old_nt_resnum,nt_position,nt_name,nt_code,nt_align_code,is_A,is_C,is_G,is_U,is_other,dbn,paired,nb_interact,pair_type_LW,pair_type_DSSR,alpha,beta,gamma,delta,epsilon,zeta,epsilon_zeta,chi,bb_type,glyco_bond,form,ssZp,Dp,eta,theta,eta_prime,theta_prime,eta_base,theta_base,v0,v1,v2,v3,v4,amplitude,phase_angle,puckering
1,-4,0.00,G,G,G,0,0,1,0,0,.,231,1,cWH,cW+M,,,,1.39,4.09,4.68,5.69,3.38,..,anti,.,4.54,4.78,,,,,,,0.07,5.81,0.68,5.63,0.37,39.81,0.22,C3'-endo
2,-3,0.01,G,G,G,0,0,1,0,0,.,144,1,cWW,cW-W,4.95,3.04,0.93,1.41,3.81,4.87,5.23,3.04,BI,anti,A,4.61,4.65,2.78,3.79,2.87,3.88,3.35,4.23,0.02,5.85,0.65,5.63,0.40,38.74,0.29,C3'-endo
3,-2,0.01,U,U,U,0,0,0,1,0,(,143,1,cWW,cW-W,4.51,3.61,1.04,1.41,3.61,5.08,4.82,3.42,BI,anti,A,4.54,4.63,2.75,3.73,2.85,3.79,3.36,4.25,0.08,5.82,0.66,5.66,0.34,38.36,0.20,C3'-endo
4,-1,0.02,C,C,C,0,1,0,0,0,(,142,1,cWW,cW-W,4.94,3.15,1.05,1.39,3.58,5.08,4.79,3.42,BI,anti,A,4.52,4.61,2.89,3.71,3.12,3.71,3.81,4.14,0.07,5.82,0.66,5.64,0.36,39.06,0.23,C3'-endo
5,0,0.02,C,C,C,0,1,0,0,0,(,141,1,cWW,cW-W,5.10,3.05,1.00,1.38,3.62,5.37,4.53,3.45,BI,anti,.,4.49,4.61,2.94,4.00,3.17,4.02,3.86,4.93,0.05,5.84,0.66,5.63,0.38,39.12,0.26,C3'-endo
6,1,0.03,G,G,G,0,0,1,0,0,.,140,1,cSW,cm-W,4.91,3.11,1.04,1.40,3.59,4.89,4.99,3.47,BI,anti,.,4.49,4.67,2.82,3.52,3.22,3.66,4.53,3.45,0.07,5.79,0.71,5.60,0.39,41.48,0.23,C3'-endo
7,2,0.03,U,U,U,0,0,0,1,0,.,,0,,,5.26,3.33,0.99,2.56,3.51,1.13,2.38,4.11,..,anti,.,2.29,2.32,3.14,0.65,3.52,5.97,3.34,5.73,5.80,0.71,5.64,0.38,0.06,40.08,2.72,C2'-endo
8,3,0.03,U,U,U,0,0,0,1,0,.,,0,,,3.30,2.48,0.67,2.63,4.49,5.24,5.54,3.69,..,anti,.,1.05,1.14,1.07,5.70,2.27,5.56,2.83,6.14,5.85,0.70,5.60,0.45,6.26,41.02,2.84,C2'-endo
9,4,0.04,G,G,G,0,0,1,0,0,.,,0,,,5.34,2.45,1.38,2.60,3.61,3.07,0.54,4.24,..,anti,.,2.17,2.18,2.53,3.22,4.15,2.53,4.66,3.17,5.89,0.64,5.65,0.42,6.26,37.90,2.84,C2'-endo
10,5,0.04,A,A,A,1,0,0,0,0,.,"138,139",2,"tHS,tHS","tM-m,tM-m",5.49,2.01,0.94,1.40,4.01,4.78,5.51,3.39,BI,anti,A,4.51,4.76,3.06,3.97,3.01,3.82,3.65,4.00,0.05,5.84,0.65,5.65,0.37,38.36,0.25,C3'-endo
11,6,0.05,A,A,A,1,0,0,0,0,.,138,1,tHS,tM-m,5.14,2.67,1.13,1.40,3.96,5.20,5.04,3.29,BI,anti,.,4.59,4.64,2.88,4.18,3.11,4.21,3.68,5.10,6.23,5.89,0.66,5.58,0.48,40.67,0.39,C3'-endo
12,7,0.05,G,G,G,0,0,1,0,0,(,137,1,cWW,cW-W,5.22,2.88,0.90,1.39,3.66,5.15,4.79,3.35,BI,anti,A,4.59,4.64,2.75,3.86,3.26,3.86,4.63,4.45,0.05,5.84,0.65,5.65,0.37,38.51,0.25,C3'-endo
13,8,0.06,A,A,A,1,0,0,0,0,(,136,1,cWW,cW-W,4.97,3.13,1.00,1.40,3.64,5.05,4.88,3.40,BI,anti,A,4.55,4.63,2.86,3.73,3.14,3.75,4.04,4.23,0.07,5.83,0.66,5.65,0.36,38.60,0.23,C3'-endo
14,9,0.06,C,C,C,0,1,0,0,0,(,135,1,cWW,cW-W,5.09,3.06,0.98,1.39,3.60,5.05,4.83,3.45,BI,anti,A,4.50,4.61,2.92,3.70,3.16,3.71,3.89,4.11,0.06,5.83,0.66,5.65,0.36,38.74,0.23,C3'-endo
15,10,0.06,U,U,U,0,0,0,1,0,(,134,1,cWW,cW-W,5.11,3.02,1.01,1.38,3.55,5.00,4.84,3.44,BI,anti,A,4.50,4.60,2.93,3.61,3.18,3.60,3.85,3.86,0.06,5.83,0.66,5.64,0.37,39.21,0.24,C3'-endo
16,11,0.07,G,G,G,0,0,1,0,0,(,133,1,cWW,cW-W,5.09,3.13,0.95,1.37,3.68,5.12,4.84,3.40,BI,anti,A,4.54,4.63,2.97,3.80,3.11,3.84,3.57,4.54,0.03,5.85,0.66,5.62,0.39,39.31,0.28,C3'-endo
17,12,0.07,C,C,C,0,1,0,0,0,(,132,1,cWW,cW-W,5.09,3.06,0.96,1.39,3.62,5.04,4.86,3.45,BI,anti,A,4.49,4.62,2.88,3.70,3.17,3.71,4.16,4.14,0.06,5.83,0.65,5.65,0.36,38.61,0.24,C3'-endo
18,13,0.08,A,A,A,1,0,0,0,0,(,131,1,cWW,cW-W,5.10,3.04,0.97,1.39,3.61,5.05,4.84,3.42,BI,anti,A,4.53,4.62,2.92,3.71,3.14,3.72,3.82,4.17,0.06,5.83,0.66,5.64,0.36,38.74,0.24,C3'-endo
19,14,0.08,G,G,G,0,0,1,0,0,(,"130,207",2,"cWW,tS.","cW-W,tm+.",5.10,3.05,0.99,1.39,3.85,5.14,4.99,3.39,BI,anti,.,4.55,4.69,2.98,3.97,3.18,4.02,3.86,5.00,0.05,5.83,0.66,5.64,0.37,38.87,0.25,C3'-endo
20,15,0.09,G,G,G,0,0,1,0,0,.,129,1,tSH,tm-M,4.99,2.90,1.11,1.43,3.25,4.63,4.90,3.46,BI,anti,.,4.42,4.49,2.72,3.15,3.20,3.07,4.60,3.10,0.10,5.82,0.65,5.68,0.32,37.65,0.18,C3'-endo
21,16,0.09,A,A,A,1,0,0,0,0,.,128,1,tHS,tM-m,5.43,3.01,1.27,1.35,4.53,4.54,6.28,3.07,..,anti,B,4.46,4.50,3.75,3.94,3.60,4.01,3.39,4.90,6.12,6.04,0.53,5.64,0.51,36.52,0.58,C3'-endo
22,17,0.10,G,G,G,0,0,1,0,0,.,"67,127",2,"cSS,cW.","cm-m,cW-.",5.24,2.65,0.72,1.48,4.21,4.32,6.17,3.51,..,anti,.,4.23,4.76,2.64,3.71,2.92,3.75,4.00,4.25,0.09,5.82,0.64,5.68,0.32,37.14,0.19,C3'-endo
23,18,0.10,A,A,A,1,0,0,0,0,.,87,1,tSS,tm+m,5.58,2.18,0.98,1.39,4.64,3.93,0.71,3.58,..,anti,.,3.78,4.76,3.09,2.77,3.27,2.88,3.91,2.50,0.09,5.78,0.69,5.63,0.36,40.09,0.19,C3'-endo
24,19,0.10,G,G,G,0,0,1,0,0,(,64,1,cWW,cW-W,3.37,2.27,1.58,1.48,4.75,3.84,0.91,3.76,..,anti,.,2.79,4.43,2.58,3.86,2.26,3.24,1.91,3.04,6.05,6.05,0.59,5.57,0.61,41.62,0.63,C4'-exo
25,20,0.11,U,U,U,0,0,0,1,0,.,,0,,,1.67,3.68,0.59,2.36,4.89,4.30,0.59,3.94,..,anti,.,0.75,0.75,6.20,5.47,0.34,5.05,0.11,3.63,5.74,0.71,5.67,0.32,0.13,40.22,2.62,C2'-endo
26,21,0.11,G,G,G,0,0,1,0,0,(,63,1,cWW,cW-W,1.11,2.65,0.49,1.41,3.57,5.10,4.75,3.35,BI,anti,A,4.58,4.61,3.94,3.77,4.78,3.79,0.29,4.22,0.08,5.82,0.65,5.66,0.34,38.29,0.21,C3'-endo
27,22,0.12,G,G,G,0,0,1,0,0,(,62,1,cWW,cW-W,5.00,3.11,1.04,1.39,3.62,5.07,4.83,3.38,BI,anti,A,4.56,4.62,2.93,3.73,3.17,3.75,3.88,4.21,0.06,5.83,0.66,5.65,0.36,38.77,0.23,C3'-endo
28,23,0.12,U,U,U,0,0,0,1,0,(,61,1,cWW,cW-W,5.12,3.04,1.00,1.38,3.60,5.05,4.83,3.45,BI,anti,A,4.50,4.61,2.94,3.69,3.20,3.70,3.93,4.13,0.06,5.83,0.66,5.64,0.37,38.91,0.24,C3'-endo
29,24,0.13,U,U,U,0,0,0,1,0,(,60,1,cWW,cW-W,5.10,3.02,1.01,1.38,3.55,5.00,4.83,3.46,BI,anti,A,4.49,4.59,2.92,3.60,3.17,3.59,3.87,3.84,0.06,5.83,0.66,5.64,0.37,39.12,0.24,C3'-endo
30,25,0.13,G,G,G,0,0,1,0,0,(,59,1,cWW,cW-W,5.08,3.14,0.94,1.37,3.68,5.11,4.86,3.42,BI,anti,A,4.52,4.63,2.96,3.79,3.09,3.84,3.53,4.50,0.02,5.85,0.66,5.62,0.40,39.39,0.29,C3'-endo
31,26,0.13,U,U,U,0,0,0,1,0,(,58,1,cWW,cW-W,5.12,3.04,0.96,1.39,3.63,5.05,4.86,3.45,BI,anti,A,4.50,4.62,2.89,3.71,3.18,3.73,4.12,4.19,0.06,5.83,0.66,5.64,0.37,38.78,0.24,C3'-endo
32,27,0.14,U,U,U,0,0,0,1,0,(,57,1,cWW,cW-W,5.13,3.03,0.98,1.39,3.91,4.57,5.62,3.45,BI,anti,.,4.47,4.70,2.99,3.43,3.19,3.52,3.87,3.75,0.06,5.83,0.66,5.64,0.37,38.94,0.24,C3'-endo
33,28,0.14,A,A,A,1,0,0,0,0,.,"55,56",2,"tHW,tWH","tM-W,tW-M",4.95,3.09,0.94,1.42,3.72,4.95,5.05,3.21,BI,anti,A,4.65,4.66,2.88,3.71,2.87,3.80,3.17,4.57,0.03,5.87,0.62,5.67,0.37,37.01,0.27,C3'-endo
34,29,0.15,A,A,A,1,0,0,0,0,.,53,1,cWW,cW-W,5.16,2.90,1.05,1.57,3.62,5.13,4.77,3.45,BI,anti,A,4.51,4.65,2.95,3.97,3.29,3.87,4.35,4.09,0.20,5.78,0.60,5.79,0.19,34.37,6.27,C2'-exo
35,30,0.15,C,C,C,0,1,0,0,0,.,52,1,cWW,cW-W,4.81,3.20,1.09,1.36,4.17,4.98,5.47,3.34,..,anti,.,4.54,4.77,2.95,4.09,3.14,4.16,3.66,4.82,0.02,5.81,0.71,5.57,0.44,42.28,0.30,C3'-endo
36,31,0.16,C,C,C,0,1,0,0,0,(,51,1,cWW,cW-W,4.87,3.22,0.92,1.41,3.58,5.08,4.79,3.42,BI,anti,A,4.52,4.62,2.65,3.70,2.97,3.73,3.91,4.13,0.09,5.81,0.65,5.67,0.33,38.20,0.19,C3'-endo
37,32,0.16,A,A,A,1,0,0,0,0,(,50,1,cWW,cW-W,5.01,3.12,1.01,1.39,3.61,5.06,4.83,3.39,BI,anti,A,4.55,4.62,2.92,3.71,3.14,3.72,3.77,4.17,0.06,5.83,0.66,5.64,0.36,38.85,0.23,C3'-endo
38,33,0.16,G,G,G,0,0,1,0,0,(,49,1,cWW,cW-W,5.09,3.06,1.00,1.39,3.62,5.05,4.85,3.40,BI,anti,A,4.54,4.62,2.94,3.72,3.17,3.72,3.88,4.17,0.06,5.83,0.66,5.64,0.37,38.86,0.24,C3'-endo
39,34,0.17,A,A,A,1,0,0,0,0,(,48,1,cWW,cW-W,5.09,3.06,0.98,1.39,3.62,5.04,4.86,3.42,BI,anti,A,4.52,4.62,2.92,3.71,3.15,3.72,3.86,4.17,0.05,5.84,0.66,5.64,0.37,38.85,0.25,C3'-endo
40,35,0.17,U,U,U,0,0,0,1,0,(,47,1,cWW,cW-W,5.12,3.02,0.99,1.39,3.91,5.06,5.14,3.45,BI,anti,.,4.46,4.71,2.99,3.95,3.19,3.99,3.87,4.90,0.06,5.83,0.66,5.64,0.36,39.00,0.24,C3'-endo
41,36,0.18,U,U,U,0,0,0,1,0,.,"42,46",2,"cSH,cWW","cm+M,cW-W",5.14,2.88,0.99,1.38,4.08,4.75,5.62,3.58,..,anti,.,4.17,4.80,2.88,3.83,3.20,3.72,4.38,3.14,0.11,5.77,0.69,5.64,0.34,40.26,0.17,C3'-endo
42,37,0.18,U,U,U,0,0,0,1,0,.,"41,45",2,"cHS,tWH","cM+m,tW-M",4.25,3.05,1.25,1.39,4.20,5.20,5.29,3.76,..,anti,.,3.59,4.67,2.42,4.75,2.53,4.06,2.16,2.96,6.27,5.88,0.64,5.62,0.43,38.75,0.35,C3'-endo
43,38,0.19,U,U,U,0,0,0,1,0,.,,0,,,3.09,3.15,0.93,1.49,3.39,4.59,5.08,3.53,BI,anti,A,4.25,4.40,0.58,3.92,1.21,3.77,0.79,4.26,6.27,5.96,0.52,5.74,0.36,31.98,0.35,C3'-endo
44,39,0.19,A,A,A,1,0,0,0,0,.,,0,,,2.84,3.91,2.59,1.41,3.69,5.16,4.82,3.35,BI,anti,A,4.60,4.68,2.49,3.87,2.87,3.74,3.73,4.33,0.08,5.81,0.67,5.65,0.35,38.99,0.21,C3'-endo
45,40,0.19,A,A,A,1,0,0,0,0,.,42,1,tHW,tM-W,5.05,3.05,1.04,1.50,3.85,5.48,4.65,3.27,BI,anti,.,4.65,4.68,2.96,4.39,3.28,4.44,4.27,5.39,0.10,5.83,0.62,5.70,0.31,36.19,0.18,C3'-endo
46,41,0.20,C,C,C,0,1,0,0,0,.,41,1,cWW,cW-W,4.85,3.17,0.98,1.56,4.29,5.07,5.50,3.37,..,anti,.,4.49,4.77,2.87,4.41,3.38,4.45,4.77,5.22,0.17,5.81,0.59,5.78,0.22,33.78,0.04,C3'-endo
47,42,0.20,A,A,A,1,0,0,0,0,),40,1,cWW,cW-W,5.12,2.96,0.82,1.42,3.67,4.96,5.00,3.39,BI,anti,A,4.58,4.67,2.57,3.70,3.07,3.72,4.27,4.13,0.11,5.80,0.66,5.68,0.31,38.22,0.15,C3'-endo
48,43,0.21,U,U,U,0,0,0,1,0,),39,1,cWW,cW-W,5.10,3.07,0.97,1.43,3.69,4.94,5.03,3.43,BI,anti,A,4.54,4.68,2.94,3.69,3.14,3.71,3.77,4.13,0.13,5.79,0.66,5.68,0.30,38.16,0.13,C3'-endo
49,44,0.21,C,C,C,0,1,0,0,0,),38,1,cWW,cW-W,5.08,3.00,1.01,1.43,3.66,4.97,4.97,3.44,BI,anti,A,4.53,4.66,2.91,3.70,3.13,3.70,3.80,4.05,0.12,5.79,0.66,5.68,0.30,38.17,0.14,C3'-endo
50,45,0.22,U,U,U,0,0,0,1,0,),37,1,cWW,cW-W,5.09,3.07,0.96,1.42,3.65,5.02,4.92,3.43,BI,anti,A,4.54,4.66,2.93,3.73,3.12,3.75,3.73,4.17,0.13,5.79,0.66,5.68,0.30,38.43,0.14,C3'-endo
51,46,0.22,G,G,G,0,0,1,0,0,),36,1,cWW,cW-W,5.12,3.03,0.99,1.41,3.75,4.94,5.09,3.33,BI,anti,A,4.62,4.68,2.96,3.77,3.18,3.80,3.87,4.50,0.09,5.81,0.66,5.66,0.33,38.52,0.19,C3'-endo
52,47,0.23,A,A,A,1,0,0,0,0,.,35,1,cWW,cW-W,5.38,2.84,0.88,1.51,3.86,4.95,5.19,3.43,BI,anti,A,4.52,4.72,2.99,3.92,3.27,3.88,4.26,4.05,0.10,5.78,0.69,5.64,0.35,40.04,0.18,C3'-endo
53,48,0.23,G,G,G,0,0,1,0,0,.,34,1,cWW,cW-W,5.15,3.18,0.66,1.43,3.30,1.41,1.89,3.61,..,anti,.,4.22,4.45,2.72,5.98,2.95,5.60,3.42,4.56,6.24,5.89,0.65,5.60,0.46,39.94,0.38,C3'-endo
54,49,0.23,C,C,C,0,1,0,0,0,.,,0,,,5.37,3.47,1.50,1.35,3.60,0.84,2.76,3.54,..,anti,.,4.33,4.58,4.49,0.08,5.39,6.16,0.32,4.43,6.23,5.89,0.65,5.58,0.47,40.53,0.39,C3'-endo
55,50,0.24,C,C,C,0,1,0,0,0,.,33,1,tWH,tW-M,0.61,2.26,0.44,1.36,3.25,4.70,4.83,3.36,BI,anti,.,4.48,4.50,4.02,3.22,4.81,3.15,0.50,3.07,0.05,5.82,0.67,5.62,0.38,39.86,0.25,C3'-endo
56,51,0.24,A,A,A,1,0,0,0,0,.,33,1,tHW,tM-W,5.23,3.17,0.84,1.42,4.07,5.45,4.90,3.10,..,anti,.,4.69,4.69,3.16,4.44,3.02,4.59,2.90,5.61,0.01,5.82,0.72,5.54,0.46,43.18,0.32,C3'-endo
57,52,0.25,A,A,A,1,0,0,0,0,),32,1,cWW,cW-W,5.17,3.00,0.81,1.42,3.65,4.99,4.94,3.39,BI,anti,A,4.57,4.66,2.65,3.69,3.29,3.72,4.85,4.11,0.11,5.80,0.66,5.67,0.32,38.23,0.17,C3'-endo
58,53,0.25,A,A,A,1,0,0,0,0,),31,1,cWW,cW-W,5.11,3.11,0.94,1.42,3.73,5.00,5.02,3.40,BI,anti,A,4.56,4.67,2.96,3.76,3.14,3.81,3.74,4.42,0.10,5.81,0.66,5.67,0.33,38.16,0.18,C3'-endo
59,54,0.26,U,U,U,0,0,0,1,0,),30,1,cWW,cW-W,5.12,2.98,0.99,1.44,3.70,4.84,5.14,3.46,BI,anti,A,4.51,4.68,2.90,3.61,3.17,3.60,4.06,3.84,0.15,5.78,0.66,5.70,0.28,37.77,0.10,C3'-endo
60,55,0.26,A,A,A,1,0,0,0,0,),29,1,cWW,cW-W,5.04,2.97,1.02,1.44,3.62,5.01,4.89,3.45,BI,anti,A,4.52,4.66,2.87,3.73,3.04,3.71,3.53,4.09,0.15,5.77,0.67,5.69,0.28,38.32,0.10,C3'-endo
61,56,0.26,A,A,A,1,0,0,0,0,),28,1,cWW,cW-W,5.11,3.04,0.98,1.43,3.67,4.94,5.02,3.39,BI,anti,A,4.57,4.67,2.94,3.68,3.16,3.69,3.82,4.12,0.11,5.80,0.66,5.68,0.31,38.27,0.15,C3'-endo
62,57,0.27,C,C,C,0,1,0,0,0,),27,1,cWW,cW-W,5.10,3.00,1.02,1.44,3.66,5.01,4.94,3.43,BI,anti,A,4.54,4.67,2.94,3.75,3.15,3.75,3.82,4.15,0.13,5.79,0.66,5.69,0.29,38.02,0.13,C3'-endo
63,58,0.27,C,C,C,0,1,0,0,0,),26,1,cWW,cW-W,5.11,3.04,0.98,1.42,3.80,4.97,5.11,3.42,BI,anti,A,4.53,4.68,2.96,3.83,3.17,3.85,3.83,4.41,0.10,5.81,0.66,5.67,0.32,38.17,0.17,C3'-endo
64,59,0.28,C,C,C,0,1,0,0,0,),24,1,cWW,cW-W,5.14,2.88,1.03,1.43,3.72,4.84,5.16,3.28,BI,anti,.,4.64,4.67,2.89,3.64,3.15,3.65,4.00,3.87,0.06,5.82,0.67,5.63,0.37,39.34,0.24,C3'-endo
65,60,0.28,G,G,G,0,0,1,0,0,(,88,1,cWW,cW-W,5.04,3.10,1.04,1.39,3.67,5.17,4.78,3.34,BI,anti,A,4.59,4.64,2.98,3.86,3.12,3.88,3.53,4.54,0.05,5.84,0.65,5.64,0.37,38.60,0.25,C3'-endo
66,61,0.29,C,C,C,0,1,0,0,0,(,87,1,cWW,cW-W,4.94,3.13,1.03,1.39,3.61,5.06,4.84,3.44,BI,anti,A,4.51,4.62,2.84,3.71,3.14,3.72,4.12,4.16,0.07,5.82,0.66,5.65,0.36,38.85,0.23,C3'-endo
67,62,0.29,C,C,C,0,1,0,0,0,(,"22,86",2,"cSS,cWW","cm-m,cW-W",5.08,3.07,0.99,1.38,3.75,5.27,4.76,3.44,BI,anti,.,4.50,4.66,2.95,4.01,3.16,4.19,3.83,5.13,0.05,5.83,0.66,5.64,0.37,39.01,0.25,C3'-endo
68,63,0.29,G,G,G,0,0,1,0,0,.,85,1,tSH,tm-M,5.12,3.15,1.31,2.57,3.96,2.42,1.54,4.33,..,anti,.,1.70,1.81,3.25,2.20,3.99,1.72,5.01,1.43,5.94,0.62,5.64,0.46,6.20,37.85,2.93,C2'-endo
69,64,0.30,A,A,A,1,0,0,0,0,.,,0,,,5.28,3.45,5.48,2.56,4.52,4.12,0.40,1.20,..,syn,.,-0.99,1.22,2.89,4.38,2.64,4.56,2.44,5.09,5.93,0.62,5.64,0.46,6.21,37.63,2.92,C2'-endo
70,65,0.30,A,A,A,1,0,0,0,0,.,84,1,cWW,cW-W,0.07,2.15,0.17,1.39,3.44,5.61,4.11,3.34,BI,anti,.,4.53,4.54,2.62,4.67,3.30,4.43,3.61,4.89,0.04,5.85,0.64,5.65,0.38,38.01,0.27,C3'-endo
71,66,0.31,G,G,G,0,0,1,0,0,(,83,1,cWW,cW-W,2.50,3.02,3.31,1.39,3.66,5.15,4.79,3.35,BI,anti,A,4.59,4.63,2.79,3.14,3.17,3.33,4.14,4.07,0.05,5.84,0.65,5.65,0.37,38.47,0.25,C3'-endo
72,67,0.31,A,A,A,1,0,0,0,0,(,82,1,cWW,cW-W,4.95,3.14,1.01,1.40,3.62,5.04,4.87,3.40,BI,anti,A,4.55,4.62,2.85,3.71,3.13,3.73,4.03,4.17,0.07,5.83,0.66,5.65,0.36,38.62,0.23,C3'-endo
73,68,0.32,A,A,A,1,0,0,0,0,(,81,1,cWW,cW-W,5.10,3.05,0.99,1.39,3.61,5.05,4.84,3.41,BI,anti,A,4.53,4.62,2.93,3.71,3.16,3.72,3.86,4.16,0.06,5.83,0.66,5.65,0.36,38.64,0.24,C3'-endo
74,69,0.32,G,G,G,0,0,1,0,0,(,80,1,cWW,cW-W,5.10,3.05,0.99,1.39,3.66,5.42,4.52,3.39,BI,anti,.,4.55,4.63,2.94,4.09,3.17,4.16,3.87,5.14,0.05,5.84,0.66,5.64,0.37,38.94,0.25,C3'-endo
75,70,0.32,U,U,U,0,0,0,1,0,.,,0,,,4.94,3.08,1.07,1.46,4.68,4.42,0.26,3.46,..,anti,.,4.07,4.79,3.13,4.73,3.52,3.94,4.80,3.03,0.16,5.77,0.65,5.71,0.26,37.29,0.07,C3'-endo
76,71,0.33,A,A,A,1,0,0,0,0,.,149,1,cWS,cW+m,2.86,3.33,0.82,1.50,3.42,0.50,2.93,3.17,..,anti,.,4.49,4.50,0.19,5.58,0.91,4.02,0.80,2.74,0.08,5.86,0.58,5.73,0.30,34.06,0.19,C3'-endo
77,72,0.33,A,A,A,1,0,0,0,0,.,,0,,,2.54,0.98,1.95,2.66,4.06,5.02,5.32,4.25,BI,anti,.,1.66,1.68,4.23,0.74,2.21,4.12,1.47,5.04,5.91,0.65,5.63,0.46,6.23,38.72,2.90,C2'-endo
78,73,0.34,A,A,A,1,0,0,0,0,.,226,1,cWS,cW-m,4.86,2.82,0.89,1.49,3.85,5.00,5.13,3.55,BI,anti,A,4.32,4.65,2.41,3.98,3.20,3.98,4.15,4.54,0.07,5.85,0.61,5.70,0.32,35.73,0.21,C3'-endo
79,74,0.34,U,U,U,0,0,0,1,0,.,150,1,tWS,tW+m,5.28,2.70,1.08,1.39,3.60,5.76,4.13,3.26,BI,anti,.,4.45,4.45,2.88,4.44,3.28,4.43,4.23,5.52,6.17,5.99,0.56,5.64,0.48,36.71,0.50,C3'-endo
80,75,0.35,C,C,C,0,1,0,0,0,),74,1,cWW,cW-W,4.57,3.14,1.02,1.43,3.66,4.99,4.95,3.42,BI,anti,A,4.54,4.66,2.52,3.71,3.16,3.73,4.84,4.11,0.12,5.79,0.66,5.68,0.30,38.10,0.14,C3'-endo
81,76,0.35,U,U,U,0,0,0,1,0,),73,1,cWW,cW-W,5.11,3.07,0.96,1.42,3.65,5.00,4.93,3.43,BI,anti,A,4.54,4.66,2.94,3.71,3.15,3.72,3.77,4.12,0.11,5.80,0.66,5.68,0.31,38.20,0.16,C3'-endo
82,77,0.35,U,U,U,0,0,0,1,0,),72,1,cWW,cW-W,5.11,3.06,0.96,1.42,3.70,5.08,4.90,3.44,BI,anti,A,4.52,4.66,2.94,3.82,3.15,3.86,3.79,4.54,0.10,5.81,0.66,5.67,0.33,38.16,0.18,C3'-endo
83,78,0.36,U,U,U,0,0,0,1,0,),71,1,cWW,cW-W,5.16,2.93,1.01,1.44,3.47,4.77,4.98,3.43,BI,anti,.,4.50,4.56,2.88,3.43,3.24,3.39,4.27,3.50,0.12,5.80,0.65,5.69,0.30,37.48,0.14,C3'-endo
84,79,0.36,C,C,C,0,1,0,0,0,.,70,1,cWW,cW-W,5.26,2.96,0.86,1.37,3.70,5.11,4.87,3.39,BI,anti,A,4.59,4.73,2.98,3.84,3.02,3.86,3.29,4.30,0.13,5.76,0.70,5.65,0.32,40.37,0.14,C3'-endo
85,80,0.37,A,A,A,1,0,0,0,0,.,68,1,tHS,tM-m,5.28,2.95,0.95,1.42,4.09,5.07,5.31,3.20,..,anti,.,4.67,4.72,3.07,4.17,3.32,4.28,4.04,5.31,6.28,5.88,0.63,5.63,0.42,38.45,0.33,C3'-endo
86,81,0.37,G,G,G,0,0,1,0,0,),67,1,cWW,cW-W,5.33,2.67,0.90,1.42,3.66,4.99,4.96,3.34,BI,anti,A,4.62,4.66,2.68,3.77,3.24,3.74,4.76,4.10,0.11,5.80,0.66,5.67,0.31,38.35,0.16,C3'-endo
87,82,0.38,G,G,G,0,0,1,0,0,),"23,66",2,"tSS,cWW","tm+m,cW-W",5.12,3.05,0.98,1.42,3.71,5.06,4.94,3.36,BI,anti,A,4.60,4.67,2.96,3.82,3.16,3.86,3.82,4.54,0.10,5.81,0.66,5.67,0.33,38.29,0.18,C3'-endo
88,83,0.38,U,U,U,0,0,0,1,0,),65,1,cWW,cW-W,5.15,2.95,1.00,1.44,4.74,4.44,0.29,3.43,..,anti,.,4.08,4.71,3.21,5.98,3.42,0.14,4.28,1.25,0.13,5.79,0.65,5.70,0.29,37.46,0.13,C3'-endo
89,84,0.39,G,G,G,0,0,1,0,0,(,124,1,cWW,cW-W,2.29,0.88,1.53,1.41,3.60,5.09,4.79,3.35,BI,anti,A,4.58,4.62,3.21,4.37,3.86,3.69,3.15,3.84,0.08,5.82,0.65,5.66,0.34,38.31,0.21,C3'-endo
90,85,0.39,C,C,C,0,1,0,0,0,(,123,1,cWW,cW-W,4.97,3.13,1.04,1.40,2.84,2.18,0.66,3.44,..,anti,.,4.19,4.19,2.87,4.91,3.21,3.86,4.01,3.89,0.07,5.82,0.66,5.65,0.35,38.92,0.22,C3'-endo
91,86,0.39,A,A,A,1,0,0,0,0,.,,0,,,3.15,6.28,2.37,1.46,3.66,4.87,5.07,3.42,BI,anti,A,4.54,4.66,0.76,4.28,2.70,3.22,3.02,3.32,0.15,5.79,0.64,5.72,0.26,36.59,0.10,C3'-endo
92,87,0.40,U,U,U,0,0,0,1,0,(,122,1,cWW,cW-W,5.35,2.86,0.90,1.41,3.58,5.11,4.75,3.41,BI,anti,A,4.54,4.62,2.96,3.77,3.19,3.76,3.72,4.16,0.08,5.82,0.66,5.66,0.34,38.34,0.20,C3'-endo
93,88,0.40,U,U,U,0,0,0,1,0,(,121,1,cWW,cW-W,5.00,3.16,1.01,1.39,3.63,5.03,4.88,3.45,BI,anti,A,4.50,4.62,2.93,3.69,3.16,3.71,3.83,4.13,0.07,5.83,0.66,5.65,0.36,38.80,0.23,C3'-endo
94,89,0.41,A,A,A,1,0,0,0,0,(,120,1,cWW,cW-W,5.09,3.06,0.97,1.39,3.61,5.05,4.85,3.43,BI,anti,A,4.51,4.61,2.90,3.71,3.12,3.72,3.79,4.18,0.05,5.84,0.66,5.64,0.37,38.88,0.25,C3'-endo
95,90,0.41,U,U,U,0,0,0,1,0,(,119,1,cWW,cW-W,5.13,3.01,0.99,1.38,3.60,5.05,4.84,3.46,BI,anti,A,4.48,4.61,2.93,3.70,3.18,3.70,3.90,4.14,0.05,5.83,0.66,5.64,0.37,39.03,0.25,C3'-endo
96,91,0.42,U,U,U,0,0,0,1,0,(,118,1,cWW,cW-W,5.13,3.03,0.98,1.38,3.61,5.05,4.84,3.46,BI,anti,A,4.49,4.62,2.94,3.71,3.17,3.72,3.87,4.19,0.05,5.83,0.66,5.64,0.37,39.06,0.25,C3'-endo
97,92,0.42,C,C,C,0,1,0,0,0,(,117,1,cWW,cW-W,5.07,3.06,0.99,1.38,3.56,5.04,4.81,3.45,BI,anti,A,4.49,4.59,2.91,3.66,3.14,3.66,3.88,4.07,0.05,5.83,0.66,5.64,0.37,38.98,0.25,C3'-endo
98,93,0.42,U,U,U,0,0,0,1,0,.,116,1,cWW,cW-W,5.21,2.89,1.07,1.38,3.91,4.76,5.43,3.44,BI,anti,.,4.46,4.68,3.05,3.67,3.27,3.70,3.91,4.50,0.00,5.87,0.64,5.63,0.41,38.61,0.32,C3'-endo
99,94,0.43,U,U,U,0,0,0,1,0,(,115,1,cWW,cW-W,5.28,2.51,1.13,1.49,4.21,4.65,5.84,3.49,..,anti,.,4.29,4.73,2.99,4.05,3.26,4.08,4.30,4.99,0.13,5.80,0.63,5.71,0.28,36.57,0.13,C3'-endo
100,95,0.43,A,A,A,1,0,0,0,0,.,,0,,,5.58,2.28,0.95,1.48,3.53,4.64,5.17,3.45,BI,anti,.,4.50,4.64,2.69,3.47,3.25,3.30,4.63,2.95,0.17,5.75,0.67,5.70,0.26,38.74,0.07,C3'-endo
101,96,0.44,G,G,G,0,0,1,0,0,(,113,1,cWW,cW-W,4.82,3.08,1.09,1.41,3.60,5.10,4.79,3.35,BI,anti,A,4.58,4.62,2.86,3.76,2.84,3.75,2.72,4.20,0.08,5.82,0.65,5.66,0.34,38.27,0.21,C3'-endo
102,97,0.44,C,C,C,0,1,0,0,0,(,112,1,cWW,cW-W,4.97,3.13,1.04,1.39,3.60,5.07,4.82,3.44,BI,anti,A,4.51,4.62,2.91,3.71,3.15,3.72,3.88,4.14,0.07,5.82,0.66,5.65,0.35,38.89,0.22,C3'-endo
103,98,0.45,C,C,C,0,1,0,0,0,(,111,1,cWW,cW-W,5.09,3.08,0.97,1.39,3.59,5.04,4.83,3.45,BI,anti,A,4.49,4.61,2.93,3.67,3.15,3.68,3.83,4.09,0.05,5.83,0.66,5.64,0.37,38.98,0.25,C3'-endo
104,99,0.45,A,A,A,1,0,0,0,0,(,110,1,cWW,cW-W,5.11,3.04,0.99,1.39,3.78,5.10,4.96,3.42,BI,anti,.,4.53,4.67,2.96,4.37,3.16,4.14,3.80,4.75,0.05,5.84,0.66,5.64,0.37,38.95,0.25,C3'-endo
105,100,0.45,U,U,U,0,0,0,1,0,.,109,1,cWW,cW-W,2.73,3.23,2.95,1.44,3.96,5.37,4.88,3.33,BI,anti,.,4.64,4.76,2.56,3.84,2.93,3.98,3.95,4.97,0.13,5.79,0.66,5.69,0.29,37.88,0.13,C3'-endo
106,101,0.46,A,A,A,1,0,0,0,0,.,,0,,,5.04,3.02,1.01,1.52,3.19,5.00,4.47,3.42,BI,anti,.,4.37,4.38,2.70,3.34,3.35,2.56,4.81,1.67,0.11,5.82,0.61,5.72,0.29,35.57,0.15,C3'-endo
107,102,0.46,U,U,U,0,0,0,1,0,.,,0,,,3.32,1.99,0.90,1.42,4.06,5.07,5.28,3.35,BI,anti,.,4.58,4.74,0.57,4.33,0.75,4.27,0.77,5.03,0.06,5.79,0.71,5.59,0.40,41.89,0.24,C3'-endo
108,103,0.47,A,A,A,1,0,0,0,0,.,,0,,,5.21,2.67,1.12,1.43,3.93,5.25,4.96,3.36,BI,anti,.,4.64,4.79,2.84,4.24,3.34,4.30,4.70,4.96,0.13,5.74,0.72,5.63,0.33,41.63,0.14,C3'-endo
109,104,0.47,U,U,U,0,0,0,1,0,.,105,1,cWW,cW-W,5.29,2.82,1.15,1.44,3.84,4.75,5.38,3.41,BI,anti,A,4.51,4.71,3.03,3.67,3.59,3.66,4.77,4.06,0.07,5.84,0.63,5.68,0.34,36.88,0.22,C3'-endo
110,105,0.48,U,U,U,0,0,0,1,0,),104,1,cWW,cW-W,5.26,2.69,1.03,1.43,3.69,4.96,5.01,3.42,BI,anti,A,4.55,4.68,2.89,3.77,3.15,3.71,3.86,4.07,0.14,5.78,0.66,5.69,0.29,38.38,0.12,C3'-endo
111,106,0.48,G,G,G,0,0,1,0,0,),103,1,cWW,cW-W,5.09,3.02,1.00,1.42,3.67,4.96,4.99,3.35,BI,anti,A,4.61,4.67,2.92,3.70,3.13,3.71,3.80,4.11,0.11,5.80,0.66,5.67,0.32,38.59,0.16,C3'-endo
112,107,0.48,G,G,G,0,0,1,0,0,),102,1,cWW,cW-W,5.10,3.03,0.99,1.42,3.65,5.00,4.94,3.34,BI,anti,A,4.62,4.66,2.94,3.72,3.15,3.73,3.81,4.18,0.11,5.80,0.66,5.67,0.32,38.49,0.16,C3'-endo
113,108,0.49,C,C,C,0,1,0,0,0,),101,1,cWW,cW-W,5.12,3.04,0.98,1.42,3.75,5.00,5.04,3.42,BI,anti,A,4.54,4.68,2.97,3.80,3.18,3.81,3.88,4.36,0.11,5.80,0.66,5.68,0.31,38.04,0.16,C3'-endo
114,109,0.49,A,A,A,1,0,0,0,0,.,,0,,,5.22,2.90,0.95,1.37,3.62,5.06,4.85,3.37,BI,anti,A,4.60,4.67,2.88,3.74,3.16,3.73,4.03,4.07,0.07,5.79,0.70,5.61,0.38,41.00,0.23,C3'-endo
115,110,0.50,A,A,A,1,0,0,0,0,),99,1,cWW,cW-W,5.27,2.92,1.00,1.31,3.61,5.06,4.83,3.50,BI,anti,A,4.44,4.65,2.99,3.67,3.24,3.67,3.87,4.13,0.00,5.83,0.70,5.57,0.45,42.21,0.32,C3'-endo
116,111,0.50,C,C,C,0,1,0,0,0,.,98,1,cWW,cW-W,5.20,3.04,0.91,1.34,4.07,4.63,5.72,3.44,..,anti,A,4.42,4.79,3.02,3.60,3.18,3.68,3.84,4.28,0.02,5.80,0.73,5.55,0.46,43.70,0.30,C3'-endo
117,112,0.51,G,G,G,0,0,1,0,0,),97,1,cWW,cW-W,5.19,2.49,1.10,1.42,3.66,4.97,4.98,3.36,BI,anti,A,4.60,4.66,2.73,3.78,3.03,3.68,3.89,3.99,0.11,5.80,0.66,5.67,0.32,38.26,0.17,C3'-endo
118,113,0.51,A,A,A,1,0,0,0,0,),96,1,cWW,cW-W,5.11,3.07,0.96,1.43,3.65,4.98,4.96,3.40,BI,anti,A,4.57,4.66,2.94,3.70,3.14,3.72,3.78,4.10,0.12,5.80,0.66,5.68,0.31,38.18,0.15,C3'-endo
119,114,0.52,A,A,A,1,0,0,0,0,),95,1,cWW,cW-W,5.11,3.06,0.97,1.42,3.67,4.93,5.03,3.40,BI,anti,A,4.57,4.67,2.94,3.66,3.14,3.69,3.78,4.06,0.11,5.80,0.66,5.67,0.32,38.19,0.16,C3'-endo
120,115,0.52,U,U,U,0,0,0,1,0,),94,1,cWW,cW-W,5.09,3.06,0.97,1.43,3.68,4.97,4.99,3.44,BI,anti,A,4.53,4.68,2.94,3.71,3.12,3.72,3.71,4.14,0.13,5.79,0.66,5.69,0.29,37.98,0.13,C3'-endo
121,116,0.52,A,A,A,1,0,0,0,0,),93,1,cWW,cW-W,5.09,3.00,1.00,1.43,3.65,5.01,4.92,3.39,BI,anti,A,4.58,4.66,2.91,3.74,3.13,3.74,3.82,4.16,0.12,5.79,0.66,5.68,0.31,38.38,0.15,C3'-endo
122,117,0.53,A,A,A,1,0,0,0,0,),92,1,cWW,cW-W,5.11,3.06,0.96,1.42,4.05,4.68,5.65,3.37,..,anti,.,4.55,4.74,3.02,3.88,3.20,3.99,3.84,4.51,0.10,5.80,0.66,5.67,0.32,38.33,0.17,C3'-endo
123,118,0.53,G,G,G,0,0,1,0,0,),90,1,cWW,cW-W,5.82,2.85,0.56,1.42,3.65,5.00,4.94,3.34,BI,anti,A,4.61,4.66,3.05,3.71,3.28,3.75,4.00,4.23,0.11,5.80,0.66,5.67,0.32,38.50,0.16,C3'-endo
124,119,0.54,C,C,C,0,1,0,0,0,),89,1,cWW,cW-W,5.12,3.04,0.98,1.43,3.63,5.08,4.83,3.42,BI,anti,A,4.54,4.64,2.94,3.77,3.17,3.78,3.89,4.30,0.11,5.80,0.66,5.68,0.31,38.08,0.16,C3'-endo
125,120,0.54,G,G,G,0,0,1,0,0,.,,0,,,4.98,3.03,1.11,1.45,3.90,4.22,5.97,3.34,..,anti,A,4.62,4.70,2.97,3.59,3.21,3.65,4.01,3.88,0.09,5.84,0.62,5.69,0.32,36.24,0.19,C3'-endo
126,121,0.55,A,A,A,1,0,0,0,0,.,,0,,,0.04,2.39,0.17,1.46,3.92,4.01,6.19,3.68,..,anti,.,4.09,4.66,3.03,3.74,3.12,3.88,3.47,4.59,0.10,5.82,0.63,5.69,0.31,36.62,0.18,C3'-endo
127,122,0.55,G,G,G,0,0,1,0,0,.,22,1,c.W,c.-W,0.32,1.68,0.40,1.13,3.25,4.98,4.55,3.65,BI,anti,.,4.16,4.59,2.79,4.12,3.05,3.96,3.99,4.27,6.19,5.81,0.83,5.39,0.64,52.12,0.42,C3'-endo
128,123,0.55,G,G,G,0,0,1,0,0,.,21,1,tSH,tm-M,2.60,3.81,3.19,1.44,0.55,2.93,3.91,3.15,..,anti,.,2.82,2.85,4.13,1.94,3.99,2.94,4.58,3.23,0.06,5.84,0.63,5.66,0.36,37.46,0.25,C3'-endo
129,124,0.56,A,A,A,1,0,0,0,0,.,20,1,tHS,tM-m,3.01,2.28,1.14,1.57,4.33,4.96,5.66,3.23,..,anti,.,4.62,4.71,3.16,4.40,2.70,4.39,2.68,5.16,0.10,5.82,0.62,5.71,0.30,35.81,0.16,C3'-endo
130,125,0.56,C,C,C,0,1,0,0,0,),19,1,cWW,cW-W,5.29,2.45,1.22,1.43,3.65,4.99,4.94,3.43,BI,anti,A,4.54,4.65,2.72,3.80,3.40,3.67,4.79,3.95,0.12,5.79,0.66,5.68,0.30,38.15,0.14,C3'-endo
131,126,0.57,U,U,U,0,0,0,1,0,),18,1,cWW,cW-W,5.11,3.08,0.95,1.42,3.66,4.98,4.96,3.43,BI,anti,A,4.54,4.66,2.94,3.70,3.14,3.72,3.76,4.13,0.11,5.80,0.66,5.68,0.31,38.28,0.15,C3'-endo
132,127,0.57,G,G,G,0,0,1,0,0,),"17,184",2,"cWW,tSW","cW-W,tm+W",5.10,3.06,0.97,1.41,3.74,4.99,5.03,3.39,BI,anti,A,4.57,4.68,2.94,3.77,3.14,3.81,3.78,4.44,0.10,5.81,0.66,5.67,0.33,38.25,0.18,C3'-endo
133,128,0.58,U,U,U,0,0,0,1,0,),16,1,cWW,cW-W,5.11,2.97,0.99,1.45,3.69,4.84,5.14,3.45,BI,anti,A,4.52,4.68,2.89,3.61,3.16,3.60,4.08,3.84,0.15,5.77,0.66,5.70,0.27,37.89,0.09,C3'-endo
134,129,0.58,A,A,A,1,0,0,0,0,),15,1,cWW,cW-W,5.03,2.98,1.02,1.44,3.63,5.01,4.91,3.43,BI,anti,A,4.55,4.67,2.88,3.74,3.04,3.72,3.52,4.09,0.15,5.77,0.67,5.69,0.28,38.48,0.10,C3'-endo
135,130,0.58,G,G,G,0,0,1,0,0,),14,1,cWW,cW-W,5.11,3.04,0.99,1.42,3.65,4.99,4.95,3.35,BI,anti,A,4.61,4.65,2.94,3.70,3.17,3.72,3.82,4.11,0.11,5.80,0.66,5.67,0.32,38.31,0.17,C3'-endo
136,131,0.59,U,U,U,0,0,0,1,0,),13,1,cWW,cW-W,5.11,3.09,0.95,1.43,3.70,5.08,4.90,3.43,BI,anti,A,4.53,4.67,2.96,3.84,3.16,3.87,3.78,4.55,0.11,5.80,0.65,5.68,0.31,37.90,0.16,C3'-endo
137,132,0.59,U,U,U,0,0,0,1,0,),12,1,cWW,cW-W,5.16,2.93,1.01,1.44,3.71,5.04,4.95,3.43,BI,anti,.,4.54,4.67,2.92,3.87,3.25,3.91,4.25,4.86,0.12,5.80,0.65,5.69,0.30,37.55,0.14,C3'-endo
138,133,0.60,G,G,G,0,0,1,0,0,.,"10,11",2,"tSH,tSH","tm-M,tm-M",5.32,2.88,0.94,1.58,4.20,4.20,0.00,3.66,..,anti,.,3.88,4.78,3.12,3.79,3.45,4.05,4.65,5.05,0.17,5.81,0.59,5.78,0.21,33.70,0.04,C3'-endo
139,134,0.60,G,G,G,0,0,1,0,0,.,10,1,tSH,tm-M,5.91,2.07,1.38,2.73,5.15,4.16,0.99,4.67,..,anti,.,-0.37,0.71,4.15,2.19,4.65,2.58,5.29,3.09,6.12,0.51,5.65,0.56,6.03,36.43,3.21,C3'-exo
140,135,0.61,A,A,A,1,0,0,0,0,.,6,1,cWS,cW-m,3.44,0.84,2.55,1.47,3.53,5.13,4.69,3.43,BI,anti,.,4.44,4.50,4.15,2.70,3.13,2.96,3.42,3.30,6.24,5.91,0.62,5.62,0.45,38.30,0.39,C3'-endo
141,136,0.61,G,G,G,0,0,1,0,0,),5,1,cWW,cW-W,4.85,2.43,1.97,1.42,3.68,4.94,5.03,3.35,BI,anti,A,4.62,4.67,3.29,3.45,3.66,3.38,4.25,3.76,0.11,5.80,0.66,5.67,0.32,38.51,0.16,C3'-endo
142,137,0.61,G,G,G,0,0,1,0,0,),4,1,cWW,cW-W,5.10,3.01,1.00,1.42,3.65,5.01,4.93,3.34,BI,anti,A,4.61,4.66,2.93,3.74,3.14,3.74,3.78,4.17,0.12,5.79,0.66,5.67,0.31,38.47,0.15,C3'-endo
143,138,0.62,A,A,A,1,0,0,0,0,),3,1,cWW,cW-W,5.12,3.05,0.97,1.42,3.85,4.80,5.33,3.37,BI,anti,A,4.58,4.70,2.98,3.74,3.18,3.78,3.86,4.28,0.10,5.80,0.66,5.67,0.32,38.23,0.17,C3'-endo
144,139,0.62,A,A,A,1,0,0,0,0,.,"2,231",2,"cWW,cWW","cW-W,cW-W",5.35,2.70,0.96,1.37,4.12,4.75,5.66,3.43,..,anti,.,4.48,4.80,2.98,3.84,3.18,3.87,3.88,4.33,0.06,5.77,0.73,5.56,0.42,43.28,0.25,C3'-endo
145,140,0.63,C,C,C,0,1,0,0,0,(,230,1,cWW,cW-W,5.15,2.92,0.95,1.35,1.98,2.67,5.59,3.36,..,anti,.,3.72,3.74,2.95,4.49,3.33,3.95,4.09,4.27,0.09,5.70,0.79,5.51,0.43,46.62,0.22,C3'-endo
146,141,0.63,C,C,C,0,1,0,0,0,(,229,1,cWW,cW-W,3.07,1.08,1.56,1.36,3.75,4.95,5.08,3.46,BI,anti,A,4.40,4.59,1.80,4.11,2.73,3.60,3.36,3.83,6.24,5.87,0.68,5.56,0.49,42.12,0.38,C3'-endo
147,142,0.64,U,U,U,0,0,0,1,0,(,228,1,cWW,cW-W,5.13,3.13,0.81,1.40,3.74,4.94,5.08,3.48,BI,anti,A,4.39,4.62,2.88,3.67,3.05,3.72,3.71,4.12,0.06,5.81,0.69,5.61,0.39,40.82,0.25,C3'-endo
148,143,0.64,C,C,C,0,1,0,0,0,(,227,1,cWW,cW-W,5.07,3.02,1.00,1.39,3.80,5.01,5.07,3.52,BI,anti,A,4.35,4.66,2.90,3.82,3.08,3.84,3.66,4.37,0.03,5.81,0.71,5.57,0.43,42.25,0.28,C3'-endo
149,144,0.65,U,U,U,0,0,0,1,0,(,"76,226",2,"cSW,cWW","cm+W,cW-W",5.12,2.95,1.02,1.34,3.78,4.73,5.33,3.48,BI,anti,A,4.44,4.69,2.90,3.45,3.16,3.49,3.95,3.77,0.04,5.78,0.75,5.54,0.45,44.40,0.27,C3'-endo
150,145,0.65,G,G,G,0,0,1,0,0,(,"79,225",2,"tSW,cWW","tm+W,cW-W",5.03,2.97,1.02,1.42,3.91,5.19,5.00,3.45,BI,anti,.,4.51,4.77,2.94,4.09,3.02,4.14,3.42,4.96,0.15,5.70,0.77,5.58,0.35,44.28,0.14,C3'-endo
151,146,0.65,G,G,G,0,0,1,0,0,.,224,1,tSH,tm-M,5.05,3.02,1.06,1.47,4.27,3.25,1.02,3.54,BII,anti,.,4.12,4.74,3.03,2.41,3.38,2.66,4.50,2.96,0.10,5.79,0.67,5.66,0.33,38.92,0.17,C3'-endo
152,147,0.66,A,A,A,1,0,0,0,0,.,223,1,tHS,tM-m,5.14,2.44,0.98,1.48,3.72,4.96,5.04,3.50,BI,anti,A,4.42,4.67,3.30,3.90,3.20,3.83,3.03,4.31,0.19,5.74,0.67,5.71,0.25,38.51,0.05,C3'-endo
153,148,0.66,G,G,G,0,0,1,0,0,.,222,1,t.W,t.-W,5.23,2.92,0.93,1.53,4.40,4.37,0.03,3.76,..,anti,.,3.33,4.62,3.20,3.83,3.42,3.92,4.12,4.30,0.09,5.83,0.62,5.70,0.31,36.05,0.18,C3'-endo
154,149,0.67,A,A,A,1,0,0,0,0,.,216,1,tSS,tm+m,5.34,2.40,0.95,1.51,3.50,5.21,4.57,4.06,BI,anti,.,3.05,4.35,2.79,4.63,3.13,3.70,3.67,2.88,6.18,6.01,0.52,5.69,0.44,33.85,0.49,C3'-endo
155,150,0.67,G,G,G,0,0,1,0,0,(,171,1,cWW,cW-W,2.29,1.62,2.82,1.43,3.91,4.82,5.37,4.61,BI,anti,.,0.34,4.52,1.13,3.37,1.42,3.23,1.27,3.26,6.28,5.89,0.63,5.64,0.41,37.92,0.33,C3'-endo
156,151,0.68,A,A,A,1,0,0,0,0,.,,0,,,3.35,4.00,4.99,2.56,4.57,5.20,5.65,4.24,..,anti,.,0.79,0.86,6.19,5.40,0.08,5.15,5.99,2.58,5.95,0.61,5.64,0.47,6.19,37.79,2.95,C2'-endo
157,152,0.68,A,A,A,1,0,0,0,0,(,170,1,cWW,cW-W,1.82,1.98,0.61,1.40,3.64,4.88,5.04,3.35,BI,anti,A,4.50,4.56,4.20,3.88,5.12,3.81,1.73,4.23,6.24,5.88,0.67,5.57,0.48,41.40,0.39,C3'-endo
158,153,0.68,C,C,C,0,1,0,0,0,(,169,1,cWW,cW-W,5.19,2.97,0.91,1.43,3.72,4.97,5.04,3.55,BI,anti,A,4.31,4.60,2.91,3.77,3.12,3.77,3.88,4.13,0.06,5.82,0.68,5.62,0.38,39.92,0.24,C3'-endo
159,154,0.69,C,C,C,0,1,0,0,0,(,168,1,cWW,cW-W,4.97,3.11,1.05,1.35,3.81,5.08,5.02,3.46,BI,anti,A,4.45,4.68,2.89,3.85,3.06,3.88,3.65,4.33,0.05,5.79,0.72,5.57,0.42,42.96,0.26,C3'-endo
160,155,0.69,G,G,G,0,0,1,0,0,(,167,1,cWW,cW-W,5.02,3.07,1.10,1.35,3.68,5.17,4.79,3.57,BI,anti,A,4.28,4.60,2.92,3.83,3.18,3.85,3.87,4.59,6.24,5.87,0.69,5.55,0.49,42.48,0.38,C3'-endo
161,156,0.70,U,U,U,0,0,0,1,0,.,166,1,cWW,cW-W,5.07,2.91,1.05,1.37,3.90,5.26,4.92,3.50,BI,anti,.,4.35,4.67,2.89,4.13,3.20,4.21,4.22,5.07,6.24,5.88,0.68,5.56,0.48,41.84,0.38,C3'-endo
162,157,0.70,U,U,U,0,0,0,1,0,.,,0,,,5.20,2.86,0.98,1.41,3.82,5.26,4.85,3.46,BI,anti,.,4.40,4.71,2.83,4.63,3.34,3.93,4.59,3.40,6.16,5.88,0.74,5.47,0.60,47.63,0.46,C3'-endo
163,158,0.71,U,U,U,0,0,0,1,0,.,,0,,,1.57,2.94,1.04,2.66,4.14,5.11,5.31,3.69,..,anti,.,1.55,1.57,5.48,5.29,0.09,4.88,6.26,5.57,6.02,0.57,5.65,0.50,6.13,36.32,3.05,C2'-endo
164,159,0.71,A,A,A,1,0,0,0,0,.,,0,,,4.81,2.81,0.89,2.49,3.93,5.30,4.91,5.07,BI,anti,.,1.20,1.99,2.26,4.80,3.32,4.24,4.26,4.79,5.81,0.68,5.67,0.36,0.06,38.71,2.72,C2'-endo
165,160,0.71,A,A,A,1,0,0,0,0,.,,0,,,4.01,1.63,2.39,1.45,4.17,5.11,5.34,3.29,..,anti,.,4.60,4.73,2.66,3.52,3.11,3.65,3.78,4.75,0.06,5.85,0.63,5.67,0.35,37.28,0.24,C3'-endo
166,161,0.72,U,U,U,0,0,0,1,0,.,161,1,cWW,cW-W,5.00,2.68,1.19,1.45,4.56,4.22,0.34,3.39,..,anti,.,4.32,4.79,2.88,3.74,3.32,3.78,4.72,4.50,0.14,5.79,0.65,5.71,0.28,37.30,0.11,C3'-endo
167,162,0.72,C,C,C,0,1,0,0,0,),160,1,cWW,cW-W,5.49,1.85,1.16,1.33,3.80,4.85,5.24,3.48,BI,anti,A,4.42,4.69,2.66,3.86,3.08,3.65,4.14,3.81,0.06,5.77,0.75,5.55,0.43,44.31,0.25,C3'-endo
168,163,0.73,G,G,G,0,0,1,0,0,),159,1,cWW,cW-W,5.38,3.06,0.66,1.36,3.56,4.86,4.98,3.53,BI,anti,A,4.41,4.66,2.91,3.96,3.04,3.86,3.56,4.36,0.09,5.76,0.74,5.58,0.39,43.38,0.21,C3'-endo
169,164,0.73,G,G,G,0,0,1,0,0,),158,1,cWW,cW-W,2.27,3.47,3.46,1.58,4.31,4.91,5.68,3.06,..,anti,A,4.84,4.84,2.97,3.62,3.17,3.75,3.99,4.31,0.40,5.60,0.70,5.80,0.05,41.30,6.03,C2'-exo
170,165,0.74,U,U,U,0,0,0,1,0,),157,1,cWW,cW-W,5.27,2.82,1.01,1.35,4.19,5.33,5.15,3.61,..,anti,.,4.01,4.72,2.93,3.97,3.25,3.78,3.97,3.80,0.01,5.81,0.72,5.55,0.45,43.19,0.31,C3'-endo
171,166,0.74,C,C,C,0,1,0,0,0,),155,1,cWW,cW-W,4.44,1.64,2.53,1.38,4.07,4.96,5.39,3.34,..,anti,A,4.56,4.73,2.97,3.19,3.08,3.32,3.36,3.85,0.14,5.74,0.73,5.62,0.33,42.38,0.14,C3'-endo
172,167,0.74,G,G,G,0,0,1,0,0,(,217,1,cWW,cW-W,5.19,2.86,1.04,1.30,3.87,5.62,4.53,3.32,BI,anti,.,4.63,4.72,2.87,4.06,3.13,3.88,3.88,4.28,0.00,5.79,0.76,5.51,0.49,45.73,0.32,C3'-endo
173,168,0.75,C,C,C,0,1,0,0,0,(,216,1,cWW,cW-W,3.98,1.92,2.72,1.56,3.87,5.09,5.06,3.23,BI,anti,A,4.64,4.65,3.12,3.17,3.26,3.40,3.98,3.92,0.25,5.73,0.64,5.77,0.16,36.91,6.21,C2'-exo
174,169,0.75,C,C,C,0,1,0,0,0,(,215,1,cWW,cW-W,5.03,3.26,0.92,1.45,3.48,5.02,4.74,3.48,BI,anti,.,4.27,4.41,2.94,3.62,3.23,3.74,3.86,5.13,6.27,5.87,0.65,5.62,0.43,39.29,0.34,C3'-endo
175,170,0.76,G,G,G,0,0,1,0,0,.,214,1,cHW,cM+W,5.08,3.18,1.14,2.40,3.70,3.39,0.30,0.99,..,syn,.,-2.30,2.35,3.12,3.53,3.55,2.46,4.98,1.51,5.62,0.84,5.60,0.31,0.22,47.04,2.54,C2'-endo
176,171,0.76,A,A,A,1,0,0,0,0,.,,0,,,1.41,3.98,1.47,2.64,4.75,3.01,1.74,3.94,BII,anti,.,0.51,0.52,0.74,3.43,0.98,3.08,1.10,3.44,5.93,0.65,5.61,0.49,6.20,39.53,2.94,C2'-endo
177,172,0.77,A,A,A,1,0,0,0,0,.,214,1,tHS,tM-m,5.55,3.49,1.01,1.44,4.04,5.28,5.05,3.36,BI,anti,.,4.63,4.83,4.76,4.31,4.55,4.46,4.57,5.19,0.18,5.70,0.73,5.63,0.30,42.23,0.09,C3'-endo
178,173,0.77,G,G,G,0,0,1,0,0,(,213,1,cWW,cW-W,5.11,2.77,1.19,1.37,4.23,4.99,5.53,3.10,..,anti,.,4.87,4.87,2.95,4.14,3.47,4.19,4.70,4.88,0.19,5.69,0.76,5.61,0.31,43.67,0.08,C3'-endo
179,174,0.77,G,G,G,0,0,1,0,0,(,211,1,cWW,cW-W,5.30,2.73,1.09,1.42,3.73,5.04,4.98,3.21,BI,anti,A,4.60,4.60,2.92,3.82,3.36,3.82,4.50,4.53,0.01,5.86,0.66,5.62,0.42,39.51,0.31,C3'-endo
180,175,0.78,A,A,A,1,0,0,0,0,(,210,1,cWW,cW-W,5.05,3.06,0.92,1.44,3.65,4.93,5.00,3.42,BI,anti,A,4.54,4.67,2.86,3.65,3.14,3.71,4.18,4.06,0.15,5.74,0.71,5.64,0.31,41.02,0.12,C3'-endo
181,176,0.78,G,G,G,0,0,1,0,0,(,209,1,cWW,cW-W,5.17,3.22,0.88,1.54,3.80,4.82,5.27,3.52,BI,anti,A,4.33,4.62,3.13,3.75,3.26,3.89,3.73,3.76,0.22,5.74,0.64,5.75,0.20,36.79,6.27,C2'-exo
182,177,0.79,C,C,C,0,1,0,0,0,.,207,1,tWH,tW-M,5.27,2.89,1.18,2.36,3.77,3.66,0.11,4.19,..,anti,.,2.23,2.18,3.17,3.81,3.67,3.50,3.61,4.11,5.76,0.69,5.71,0.29,0.15,38.57,2.60,C2'-endo
183,178,0.79,A,A,A,1,0,0,0,0,.,,0,,,0.60,2.75,5.36,1.75,3.64,5.09,4.83,3.66,BI,anti,.,4.15,4.55,3.01,3.60,3.01,3.75,3.76,4.53,0.30,5.72,0.60,5.85,0.09,34.94,6.10,C2'-exo
184,179,0.80,A,A,A,1,0,0,0,0,.,"132,205",2,"tWS,tHS","tW+m,tM-m",4.89,2.92,1.11,1.50,3.78,5.21,4.85,3.66,BI,anti,.,4.11,4.67,2.84,4.11,3.19,4.14,4.11,4.96,0.10,5.80,0.66,5.67,0.33,38.43,0.17,C3'-endo
185,180,0.80,G,G,G,0,0,1,0,0,(,204,1,cWW,cW-W,5.06,2.92,1.02,1.53,3.81,4.93,5.16,3.46,BI,anti,A,4.41,4.62,2.86,3.89,3.34,3.87,4.55,4.42,0.22,5.72,0.68,5.72,0.22,38.75,0.00,C3'-endo
186,181,0.81,C,C,C,0,1,0,0,0,(,203,1,cWW,cW-W,5.14,2.85,1.03,1.45,3.82,5.01,5.09,3.46,BI,anti,A,4.43,4.65,2.92,3.87,3.21,3.84,4.08,4.15,0.10,5.79,0.68,5.64,0.34,39.66,0.18,C3'-endo
187,182,0.81,U,U,U,0,0,0,1,0,(,202,1,cWW,cW-W,5.09,2.96,1.05,1.39,3.77,4.98,5.08,3.33,BI,anti,A,4.49,4.56,2.94,3.69,3.17,3.72,3.78,4.38,6.22,5.91,0.65,5.58,0.48,40.54,0.41,C3'-endo
188,183,0.81,C,C,C,0,1,0,0,0,(,201,1,cWW,cW-W,4.99,2.89,1.19,1.42,3.69,4.98,5.00,3.32,BI,anti,A,4.54,4.59,2.93,3.69,3.19,3.68,4.11,4.03,0.05,5.82,0.67,5.62,0.39,39.84,0.26,C3'-endo
189,184,0.82,U,U,U,0,0,0,1,0,(,200,1,cWW,cW-W,5.14,3.21,0.73,1.47,3.70,4.92,5.06,3.48,BI,anti,A,4.41,4.61,2.88,3.67,3.06,3.72,3.65,4.12,0.15,5.74,0.70,5.65,0.30,40.47,0.11,C3'-endo
190,185,0.82,G,G,G,0,0,1,0,0,(,199,1,cWW,cW-W,5.23,2.99,0.85,1.43,3.82,4.90,5.20,3.43,BI,anti,A,4.47,4.65,2.92,3.78,3.10,3.83,3.69,4.34,0.06,5.82,0.67,5.63,0.37,39.36,0.24,C3'-endo
191,186,0.83,C,C,C,0,1,0,0,0,(,198,1,cWW,cW-W,5.25,2.85,0.93,1.27,3.80,4.91,5.16,3.54,BI,anti,A,4.28,4.67,2.83,3.69,3.08,3.72,3.87,4.08,0.04,5.75,0.79,5.50,0.47,47.19,0.27,C3'-endo
192,187,0.83,G,G,G,0,0,1,0,0,(,"196,197",2,"tWH,cWW","tW-M,cW-W",5.21,2.91,1.11,1.34,3.46,5.01,4.73,3.45,BI,anti,A,4.41,4.52,2.97,3.56,3.21,3.52,3.80,4.02,6.24,5.84,0.74,5.51,0.51,45.22,0.37,C3'-endo
193,188,0.84,C,C,C,0,1,0,0,0,.,196,1,tSH,tm-M,5.16,2.91,1.02,1.51,3.68,5.06,4.90,3.49,BI,anti,.,4.49,4.64,2.96,3.90,3.19,3.91,3.97,4.76,0.12,5.72,0.77,5.56,0.39,44.58,0.18,C3'-endo
194,189,0.84,A,A,A,1,0,0,0,0,.,,0,,,5.21,2.88,1.00,1.50,3.94,4.27,5.96,3.42,..,anti,.,4.51,4.75,3.00,3.63,3.36,2.96,4.57,3.01,0.14,5.80,0.63,5.72,0.27,36.40,0.10,C3'-endo
195,190,0.84,U,U,U,0,0,0,1,0,.,,0,,,1.14,3.73,1.17,2.56,4.49,4.96,5.82,3.91,..,anti,.,1.25,1.27,6.06,5.35,0.04,5.02,5.64,5.26,5.95,0.59,5.68,0.43,6.22,35.43,2.92,C2'-endo
196,191,0.85,A,A,A,1,0,0,0,0,.,"192,193",2,"tHW,tHS","tM-W,tM-m",5.31,3.34,1.05,1.34,3.17,0.67,2.50,3.51,..,anti,.,4.29,4.38,3.13,4.82,3.86,4.73,4.37,4.99,6.12,5.92,0.71,5.46,0.62,46.86,0.51,C3'-endo
197,192,0.85,U,U,U,0,0,0,1,0,),192,1,cWW,cW-W,3.79,1.93,3.28,1.42,3.46,4.75,4.99,3.67,BI,anti,A,4.22,4.46,4.01,2.23,4.40,2.58,5.18,2.86,0.04,5.84,0.64,5.62,0.39,38.31,0.28,C3'-endo
198,193,0.86,G,G,G,0,0,1,0,0,),191,1,cWW,cW-W,4.94,2.86,1.12,1.43,3.84,4.82,5.31,3.46,BI,anti,A,4.45,4.70,2.89,3.72,2.95,3.70,3.19,4.18,0.03,5.83,0.67,5.61,0.41,40.28,0.28,C3'-endo
199,194,0.86,C,C,C,0,1,0,0,0,),190,1,cWW,cW-W,5.22,2.80,0.92,1.34,3.93,4.81,5.40,3.59,BI,anti,A,4.23,4.77,2.86,3.69,3.07,3.70,3.82,4.07,0.12,5.71,0.77,5.56,0.38,44.90,0.17,C3'-endo
200,195,0.87,A,A,A,1,0,0,0,0,),189,1,cWW,cW-W,5.16,2.80,1.06,1.38,3.99,5.33,4.95,3.42,BI,anti,A,4.54,4.80,2.92,3.94,3.10,3.77,3.68,4.05,0.09,5.77,0.72,5.60,0.37,41.84,0.20,C3'-endo
201,196,0.87,G,G,G,0,0,1,0,0,),188,1,cWW,cW-W,4.30,1.86,2.43,1.63,4.63,4.32,0.31,3.02,..,anti,A,4.75,4.76,3.22,3.76,3.29,3.70,3.86,4.34,0.36,5.66,0.64,5.84,0.06,37.86,6.04,C2'-exo
202,197,0.87,A,A,A,1,0,0,0,0,),187,1,cWW,cW-W,1.79,4.05,3.35,1.55,4.28,5.00,5.57,3.03,..,anti,A,4.85,4.84,2.55,3.67,2.98,3.67,4.00,4.10,0.32,5.65,0.69,5.76,0.13,39.84,6.14,C2'-exo
203,198,0.88,G,G,G,0,0,1,0,0,),186,1,cWW,cW-W,4.70,2.59,1.63,1.39,4.22,4.67,5.83,3.09,..,anti,A,4.73,4.74,2.86,3.72,3.20,3.75,3.95,4.56,0.07,5.80,0.69,5.61,0.38,40.73,0.24,C3'-endo
204,199,0.88,U,U,U,0,0,0,1,0,),185,1,cWW,cW-W,5.33,2.61,0.93,1.39,4.04,5.04,5.29,3.38,BI,anti,.,4.49,4.70,2.85,4.09,3.14,4.10,4.23,4.88,0.14,5.73,0.74,5.61,0.33,42.55,0.14,C3'-endo
205,200,0.89,G,G,G,0,0,1,0,0,.,184,1,tSH,tm-M,5.21,2.79,1.00,1.27,4.20,3.47,0.73,3.55,..,anti,.,4.07,4.81,2.82,2.54,3.17,2.80,4.33,2.92,0.10,5.69,0.83,5.49,0.44,48.87,0.21,C3'-endo
206,201,0.89,A,A,A,1,0,0,0,0,.,,0,,,5.45,2.51,0.76,1.34,3.57,4.94,4.92,3.61,BI,anti,A,4.20,4.59,3.22,3.63,3.01,3.58,2.70,3.93,6.28,5.82,0.73,5.54,0.47,43.90,0.33,C3'-endo
207,202,0.90,A,A,A,1,0,0,0,0,.,"19,182",2,"t.S,tHW","t.+m,tM-W",5.10,2.91,1.07,1.43,3.88,4.14,6.02,3.65,..,anti,.,4.07,4.71,3.02,3.65,3.18,2.99,3.75,2.01,0.12,5.74,0.74,5.60,0.36,42.88,0.17,C3'-endo
208,203,0.90,A,A,A,1,0,0,0,0,.,,0,,,2.53,3.73,1.20,1.78,0.78,2.63,4.43,4.03,..,anti,.,1.15,1.52,1.33,5.46,1.62,5.08,1.10,5.73,6.20,6.23,0.16,6.07,0.18,11.96,0.70,C4'-exo
209,204,0.90,C,C,C,0,1,0,0,0,),181,1,cWW,cW-W,5.48,2.41,0.11,1.56,3.74,5.26,4.76,3.21,BI,anti,A,4.58,4.58,2.58,4.20,3.38,4.25,3.72,4.99,0.17,5.78,0.63,5.74,0.24,36.03,0.05,C3'-endo
210,205,0.91,U,U,U,0,0,0,1,0,),180,1,cWW,cW-W,4.86,3.20,0.90,1.41,3.70,4.87,5.12,3.46,BI,anti,A,4.47,4.65,2.73,3.68,3.12,3.74,4.25,4.05,0.02,5.83,0.68,5.60,0.41,40.54,0.29,C3'-endo
211,206,0.91,C,C,C,0,1,0,0,0,),179,1,cWW,cW-W,5.29,2.95,0.99,1.43,3.94,5.13,5.09,3.43,BI,anti,.,4.21,4.42,3.15,4.12,3.31,4.31,3.75,5.22,6.19,5.96,0.60,5.62,0.48,38.15,0.46,C3'-endo
212,207,0.92,U,U,U,0,0,0,1,0,.,213,1,cSH,cm+M,5.22,2.86,1.30,2.41,4.72,2.51,2.22,4.23,BII,anti,.,0.92,0.92,3.51,2.40,4.14,2.14,5.10,2.37,5.85,0.63,5.70,0.35,0.05,36.19,2.73,C2'-endo
213,208,0.92,C,C,C,0,1,0,0,0,),"178,212",2,"cWW,cHS","cW-W,cM+m",3.95,3.14,0.39,1.49,3.97,5.00,5.26,3.19,BI,anti,.,4.79,4.79,2.43,3.94,2.18,4.11,2.48,4.90,0.25,5.68,0.70,5.71,0.20,40.37,6.25,C2'-exo
214,209,0.93,A,A,A,1,0,0,0,0,.,"175,177",2,"cWH,tSH","cW+M,tm-M",5.29,2.82,1.02,1.46,4.01,5.15,5.14,3.19,BI,anti,.,4.75,4.76,3.00,4.19,3.38,4.21,4.44,4.98,0.17,5.73,0.70,5.66,0.29,40.50,0.09,C3'-endo
215,210,0.93,G,G,G,0,0,1,0,0,),174,1,cWW,cW-W,5.04,2.86,1.08,1.38,3.71,5.03,4.96,3.24,BI,anti,A,4.70,4.71,2.74,3.78,3.20,3.81,4.49,4.39,0.12,5.72,0.77,5.58,0.37,44.50,0.17,C3'-endo
216,211,0.94,G,G,G,0,0,1,0,0,),"154,173",2,"tSS,cWW","tm+m,cW-W",5.18,3.00,1.06,1.48,3.61,5.04,4.86,3.27,BI,anti,.,4.57,4.59,3.04,3.79,3.34,3.78,4.25,3.86,0.16,5.73,0.71,5.65,0.31,41.05,0.11,C3'-endo
217,212,0.94,C,C,C,0,1,0,0,0,),172,1,cWW,cW-W,5.05,3.41,0.87,1.50,4.68,3.53,1.14,3.68,BII,anti,.,3.19,4.31,3.38,2.70,3.43,3.13,3.56,4.54,6.24,5.91,0.63,5.61,0.46,38.89,0.39,C3'-endo
218,213,0.94,A,A,A,1,0,0,0,0,.,,0,,,5.50,3.75,1.08,1.43,3.80,5.21,4.87,3.21,BI,anti,.,4.77,4.78,4.78,4.07,4.38,4.18,3.31,4.97,0.19,5.66,0.80,5.58,0.33,45.75,0.09,C3'-endo
219,214,0.95,A,A,A,1,0,0,0,0,.,,0,,,5.04,3.13,1.01,1.45,3.85,5.24,4.90,3.31,BI,anti,.,4.68,4.75,2.98,4.14,3.34,4.20,4.48,4.91,0.21,5.69,0.74,5.64,0.27,42.38,0.05,C3'-endo
220,215,0.95,A,A,A,1,0,0,0,0,.,,0,,,5.05,2.96,1.09,1.36,3.97,5.21,5.04,3.28,BI,anti,.,4.67,4.76,2.92,4.10,3.33,4.13,4.46,4.94,0.06,5.78,0.73,5.57,0.41,43.20,0.24,C3'-endo
221,216,0.96,A,A,A,1,0,0,0,0,.,,0,,,4.90,2.88,1.22,1.40,3.94,5.13,5.09,3.25,BI,anti,.,4.76,4.82,2.83,4.01,3.23,4.06,4.46,4.90,0.12,5.74,0.73,5.60,0.36,42.42,0.16,C3'-endo
222,217,0.96,G,G,G,0,0,1,0,0,.,153,1,tW.,tW-.,5.06,2.86,1.13,1.49,3.99,5.11,5.16,3.29,BI,anti,.,4.60,4.69,2.93,4.16,3.35,4.18,4.58,5.04,0.20,5.72,0.70,5.69,0.25,39.98,0.04,C3'-endo
223,218,0.97,G,G,G,0,0,1,0,0,.,152,1,tSH,tm-M,5.13,2.92,0.97,1.39,4.34,3.40,0.95,3.60,BII,anti,.,3.89,4.79,2.93,2.59,3.31,2.79,4.50,3.01,0.09,5.76,0.74,5.58,0.39,43.16,0.21,C3'-endo
224,219,0.97,A,A,A,1,0,0,0,0,.,151,1,tHS,tM-m,5.14,2.26,0.93,1.42,4.25,5.16,5.37,3.30,..,anti,.,4.64,4.83,3.18,4.47,3.04,4.49,2.90,5.26,0.16,5.70,0.76,5.60,0.33,43.88,0.11,C3'-endo
225,220,0.97,C,C,C,0,1,0,0,0,),150,1,cWW,cW-W,5.17,2.57,1.21,1.41,3.75,5.03,5.00,3.36,BI,anti,A,4.58,4.66,2.73,3.90,3.37,3.83,4.79,4.33,0.08,5.76,0.74,5.57,0.40,43.72,0.22,C3'-endo
226,221,0.98,A,A,A,1,0,0,0,0,),"78,149",2,"cSW,cWW","cm-W,cW-W",5.17,3.04,0.94,1.39,3.85,4.77,5.36,3.33,BI,anti,A,4.59,4.68,2.96,3.58,3.22,3.62,4.08,3.90,0.04,5.80,0.73,5.56,0.43,43.17,0.27,C3'-endo
227,222,0.98,G,G,G,0,0,1,0,0,),148,1,cWW,cW-W,4.86,2.92,1.22,1.40,3.80,5.11,4.97,3.36,BI,anti,A,4.60,4.71,2.89,3.88,3.03,3.83,3.49,4.16,0.12,5.73,0.76,5.58,0.38,43.95,0.17,C3'-endo
228,223,0.99,A,A,A,1,0,0,0,0,),147,1,cWW,cW-W,4.98,3.02,1.11,1.26,3.77,4.58,5.47,3.45,BI,anti,A,4.46,4.71,2.88,3.83,3.12,3.71,3.77,4.24,6.25,5.82,0.76,5.48,0.53,46.67,0.37,C3'-endo
229,224,0.99,G,G,G,0,0,1,0,0,),146,1,cWW,cW-W,2.23,3.69,3.35,1.57,4.44,4.41,0.03,3.22,..,anti,A,4.75,4.89,2.95,3.33,3.11,3.47,3.92,4.08,0.38,5.60,0.72,5.76,0.09,42.23,6.08,C2'-exo
230,225,1.00,G,G,G,0,0,1,0,0,),145,1,cWW,cW-W,5.40,2.36,0.98,1.45,3.65,5.09,4.84,3.35,BI,anti,.,4.61,4.67,2.73,3.98,3.09,3.99,3.93,4.73,0.10,5.79,0.67,5.65,0.34,39.34,0.19,C3'-endo
231,226,1.00,A,A,A,1,0,0,0,0,.,"1,144",2,"cHW,cWW","cM+W,cW-W",5.23,3.02,1.28,2.57,,,,4.05,n/a,anti,-,,,,,,,,,6.10,0.47,5.73,0.47,6.11,31.85,3.13,C2'-endo
