index_chain,old_nt_resnum,nt_position,nt_name,nt_code,nt_align_code,is_A,is_C,is_G,is_U,is_other,dbn,paired,nb_interact,pair_type_LW,pair_type_DSSR,alpha,beta,gamma,delta,epsilon,zeta,epsilon_zeta,chi,bb_type,glyco_bond,form,ssZp,Dp,eta,theta,eta_prime,theta_prime,eta_base,theta_base,v0,v1,v2,v3,v4,amplitude,phase_angle,puckering
1,1,0.10,C,C,C,0,1,0,0,0,),0,1,cWW,cW-W,,,1.01,1.41,3.69,4.97,5.00,3.55,BI,anti,A,4.37,4.69,,,,,,,0.08,5.82,0.65,5.66,0.34,38.13,0.20,C3'-endo
2,2,0.20,C,C,C,0,1,0,0,0,),0,1,cWW,cW-W,5.15,3.11,0.80,1.39,3.72,4.99,5.02,3.52,BI,anti,A,4.44,4.72,2.85,3.70,3.02,3.71,3.62,4.04,0.11,5.78,0.68,5.65,0.33,39.65,0.17,C3'-endo
3,3,0.30,G,G,G,0,0,1,0,0,),0,1,cWW,cW-W,5.10,3.05,0.94,1.34,3.61,5.09,4.80,3.35,BI,anti,A,4.65,4.70,2.83,3.68,3.02,3.71,3.61,4.08,0.08,5.79,0.70,5.61,0.38,41.19,0.22,C3'-endo
4,4,0.40,G,G,G,0,0,1,0,0,),0,1,cWW,cW-W,5.13,3.03,1.15,1.37,3.70,4.95,5.04,3.33,BI,anti,A,4.57,4.63,3.09,3.66,3.33,3.67,3.93,4.18,0.01,5.87,0.64,5.63,0.40,38.37,0.31,C3'-endo
5,5,0.50,B8T,c,C,0,0,0,0,1,),0,1,cWW,cW-W,5.18,2.97,0.96,1.38,3.68,5.00,4.97,3.45,BI,anti,A,4.50,4.68,2.92,3.71,3.14,3.71,3.91,4.08,0.07,5.81,0.67,5.64,0.36,39.36,0.22,C3'-endo
6,6,0.60,G,G,G,0,0,1,0,0,),0,1,cWW,cW-W,5.04,2.97,1.09,1.39,3.77,4.94,5.11,3.43,BI,anti,A,4.51,4.68,2.92,3.75,3.13,3.76,3.75,4.40,0.04,5.85,0.65,5.64,0.38,38.56,0.27,C3'-endo
7,7,0.70,C,C,C,0,1,0,0,0,),0,1,cWW,cW-W,5.25,2.79,1.02,1.38,3.70,5.00,4.98,3.41,BI,anti,A,4.51,4.64,2.91,3.75,3.21,3.73,4.15,4.07,0.03,5.85,0.65,5.64,0.39,38.62,0.28,C3'-endo
8,8,0.80,C,C,C,0,1,0,0,0,),0,1,cWW,cW-W,5.12,3.06,0.94,1.36,3.62,5.01,4.89,3.51,BI,anti,A,4.41,4.64,2.88,3.67,3.09,3.69,3.71,4.11,0.04,5.82,0.69,5.60,0.40,40.76,0.27,C3'-endo
9,9,0.90,G,G,G,0,0,1,0,0,),0,1,cWW,cW-W,5.20,3.05,0.90,1.38,3.69,5.01,4.96,3.43,BI,anti,A,4.52,4.65,2.95,3.73,3.15,3.76,3.79,4.25,0.05,5.83,0.66,5.63,0.38,39.31,0.26,C3'-endo
10,10,1.00,G,G,G,0,0,1,0,0,),0,1,cWW,cW-W,5.22,3.08,0.83,1.40,,,,3.55,n/a,anti,-,,,,,,,,,0.06,5.83,0.65,5.65,0.36,38.37,0.24,C3'-endo
