index_chain,old_nt_resnum,nt_position,nt_name,nt_code,nt_align_code,is_A,is_C,is_G,is_U,is_other,dbn,paired,nb_interact,pair_type_LW,pair_type_DSSR,alpha,beta,gamma,delta,epsilon,zeta,epsilon_zeta,chi,bb_type,glyco_bond,form,ssZp,Dp,eta,theta,eta_prime,theta_prime,eta_base,theta_base,v0,v1,v2,v3,v4,amplitude,phase_angle,puckering
1,1,0.01,A,A,A,1,0,0,0,0,(,67,1,cWW,cW-W,,,3.07,1.42,3.88,4.72,5.45,3.24,BI,anti,A,4.67,4.71,,,,,,,0.07,5.84,0.63,5.67,0.35,37.27,0.23,C3'-endo
2,2,0.03,G,G,G,0,0,1,0,0,(,66,1,cWW,cW-W,5.25,2.76,1.02,1.44,3.73,4.94,5.08,3.24,BI,anti,A,4.63,4.65,2.94,3.79,3.15,3.77,3.79,4.23,0.07,5.84,0.62,5.68,0.34,36.67,0.22,C3'-endo
3,3,0.04,U,U,U,0,0,0,1,0,(,65,1,cWW,cW-W,5.19,2.99,0.97,1.45,4.02,4.89,5.41,3.36,BI,anti,A,4.53,4.70,3.05,3.93,3.25,3.95,3.96,4.46,0.06,5.86,0.61,5.69,0.33,35.85,0.23,C3'-endo
4,4,0.06,A,A,A,1,0,0,0,0,(,64,1,cWW,cW-W,5.06,3.09,0.78,1.46,3.42,4.76,4.95,3.58,BI,anti,.,4.22,4.46,2.68,3.36,2.95,3.36,3.73,3.41,0.06,5.86,0.60,5.70,0.33,35.25,0.23,C3'-endo
5,5,0.07,A,A,A,1,0,0,0,0,.,63,1,cWW,cW-W,5.33,2.89,0.94,1.47,3.65,6.19,3.75,3.49,..,anti,.,4.28,4.48,3.09,4.53,3.19,4.25,3.34,4.40,0.01,5.92,0.57,5.70,0.36,34.12,0.31,C3'-endo
6,6,0.08,G,G,G,0,0,1,0,0,(,62,1,cWW,cW-W,3.86,1.68,3.08,1.46,3.66,5.12,4.83,3.01,BI,anti,A,4.32,4.51,3.35,2.67,3.49,3.22,4.06,3.93,0.02,5.90,0.58,5.70,0.36,34.80,0.30,C3'-endo
7,7,0.10,G,G,G,0,0,1,0,0,(,61,1,cWW,cW-W,5.12,3.50,1.09,2.59,4.73,5.45,5.57,4.10,..,anti,.,0.47,0.94,3.67,5.83,4.07,5.45,4.52,5.78,6.02,0.53,5.69,0.45,6.16,33.94,3.03,C2'-endo
8,8,0.11,U,U,U,0,0,0,1,0,.,,0,,,5.22,4.16,0.76,2.50,4.29,4.53,6.04,4.40,..,anti,.,1.20,1.32,3.49,3.96,4.25,3.59,4.17,4.02,5.88,0.62,5.69,0.37,0.02,36.17,2.79,C2'-endo
9,9,0.13,C,C,C,0,1,0,0,0,.,12,1,cWH,cW+M,5.48,4.79,4.80,2.52,4.59,5.28,5.59,0.92,..,syn,Z,-0.88,0.89,3.37,4.80,3.14,4.33,3.53,3.83,5.89,0.62,5.68,0.39,6.28,36.42,2.82,C2'-endo
10,10,0.14,A,A,A,1,0,0,0,0,(,"22,42",2,"cWW,cHS","cW-W,cM+m",2.92,3.22,1.11,1.49,3.56,5.21,4.63,3.19,BI,anti,A,4.54,4.58,0.49,3.90,1.57,3.93,1.60,4.13,0.12,5.82,0.61,5.72,0.28,35.47,0.13,C3'-endo
11,11,0.15,G,G,G,0,0,1,0,0,(,21,1,cWW,cW-W,4.88,3.77,0.70,1.46,3.17,4.83,4.62,3.68,BI,anti,A,4.07,4.34,2.97,3.79,3.12,3.78,3.53,4.21,0.08,5.85,0.61,5.71,0.31,35.36,0.20,C3'-endo
12,12,0.17,C,C,C,0,1,0,0,0,(,"9,20",2,"cHW,cWW","cM+W,cW-W",2.82,3.86,2.84,1.45,3.96,4.44,5.80,3.19,..,anti,.,4.50,4.57,2.95,3.95,3.25,3.78,3.92,4.19,0.00,5.91,0.57,5.69,0.37,34.71,0.32,C3'-endo
13,13,0.18,U,U,U,0,0,0,1,0,(,19,1,cWW,cW-W,2.71,3.87,2.86,1.41,4.60,4.30,0.30,3.18,..,anti,.,4.63,4.78,2.82,3.96,3.10,3.75,3.80,3.66,0.09,5.81,0.65,5.66,0.34,38.23,0.20,C3'-endo
14,14,0.20,A,A,A,1,0,0,0,0,.,,0,,,1.38,4.45,3.90,1.43,3.82,5.42,4.69,2.99,BI,anti,.,4.46,4.59,3.13,3.35,3.24,3.75,3.48,4.64,6.28,5.90,0.60,5.66,0.39,36.35,0.33,C3'-endo
15,15,0.21,A,A,A,1,0,0,0,0,.,44,1,tWW,tW+W,4.97,3.37,1.19,2.62,3.44,3.95,5.77,4.18,..,anti,.,2.07,2.06,2.92,4.07,3.80,3.59,4.84,4.90,5.90,0.66,5.62,0.46,6.23,39.35,2.88,C2'-endo
16,16,0.23,A,A,A,1,0,0,0,0,.,,0,,,0.56,3.06,5.39,2.57,4.76,2.61,2.16,1.12,BII,syn,.,-0.53,0.59,3.55,2.14,3.58,1.59,4.92,0.99,5.91,0.62,5.67,0.42,6.25,36.81,2.87,C2'-endo
17,17,0.24,U,U,U,0,0,0,1,0,.,,0,,,5.47,3.96,3.11,1.43,3.37,0.67,2.71,3.47,..,anti,.,4.44,4.52,0.80,5.28,0.81,5.02,1.57,4.58,0.07,5.84,0.63,5.67,0.34,37.00,0.23,C3'-endo
18,18,0.25,A,A,A,1,0,0,0,0,.,,0,,,3.36,3.20,3.16,1.41,4.15,3.20,0.95,3.34,BII,anti,.,4.60,4.81,3.98,1.73,4.67,1.98,5.57,2.29,0.11,5.80,0.66,5.66,0.33,38.59,0.17,C3'-endo
19,19,0.27,A,A,A,1,0,0,0,0,),"13,43",2,"cWW,tHW","cW-W,tM-W",5.29,2.19,0.88,1.44,3.55,5.05,4.79,3.29,BI,anti,A,4.50,4.54,3.01,3.90,3.00,3.76,2.81,3.93,0.04,5.87,0.61,5.68,0.35,36.10,0.26,C3'-endo
20,20,0.28,G,G,G,0,0,1,0,0,),12,1,cWW,cW-W,5.14,3.34,0.77,1.44,3.24,4.67,4.85,3.71,BI,anti,A,4.06,4.42,2.98,3.73,3.16,3.73,3.65,4.13,0.08,5.84,0.61,5.70,0.32,35.94,0.20,C3'-endo
21,21,0.30,C,C,C,0,1,0,0,0,),11,1,cWW,cW-W,2.96,3.94,2.69,1.44,3.81,5.02,5.07,3.39,BI,anti,A,4.50,4.64,2.87,4.31,3.18,3.94,3.82,4.24,0.05,5.86,0.61,5.69,0.34,36.00,0.24,C3'-endo
22,22,0.31,U,U,U,0,0,0,1,0,),10,1,cWW,cW-W,2.76,3.31,2.91,1.41,3.96,5.12,5.13,3.34,BI,anti,.,4.62,4.74,2.54,3.64,2.92,3.73,3.69,4.49,0.07,5.83,0.65,5.66,0.35,37.92,0.22,C3'-endo
23,23,0.32,A,A,A,1,0,0,0,0,.,41,1,cWW,cW-W,5.24,2.98,0.89,1.40,3.86,5.16,4.98,3.02,BI,anti,A,4.67,4.70,2.88,4.01,3.25,4.06,4.34,4.61,0.05,5.85,0.64,5.65,0.37,38.05,0.26,C3'-endo
24,24,0.34,U,U,U,0,0,0,1,0,(,40,1,cWW,cW-W,5.16,3.26,0.82,1.38,3.61,5.02,4.87,3.39,BI,anti,A,4.51,4.58,2.90,3.63,3.20,3.70,4.06,4.29,0.00,5.88,0.63,5.64,0.41,38.01,0.32,C3'-endo
25,25,0.35,C,C,C,0,1,0,0,0,(,39,1,cWW,cW-W,5.19,2.93,0.98,1.40,3.67,5.12,4.84,3.37,BI,anti,A,4.54,4.61,2.94,3.83,3.19,3.82,4.01,4.21,0.02,5.87,0.63,5.65,0.39,37.47,0.30,C3'-endo
26,26,0.37,G,G,G,0,0,1,0,0,(,38,1,cWW,cW-W,5.07,3.31,0.70,1.43,3.31,4.90,4.70,3.59,BI,anti,A,4.21,4.41,2.80,3.89,3.02,3.77,3.68,4.12,0.02,5.89,0.59,5.68,0.37,35.60,0.30,C3'-endo
27,27,0.38,G,G,G,0,0,1,0,0,(,37,1,cWW,cW-W,2.59,3.63,3.09,1.42,4.25,4.65,5.88,3.06,..,anti,A,4.73,4.74,2.92,3.48,3.13,3.57,3.76,4.04,0.06,5.84,0.63,5.67,0.34,36.97,0.23,C3'-endo
28,28,0.39,G,G,G,0,0,1,0,0,(,36,1,cWW,cW-W,5.48,2.85,0.64,1.42,3.80,4.77,5.32,3.45,BI,anti,A,4.39,4.58,2.84,3.68,3.06,3.76,3.68,4.33,6.27,5.91,0.59,5.67,0.39,36.11,0.34,C3'-endo
29,29,0.41,C,C,C,0,1,0,0,0,.,35,1,cWW,cW-W,5.53,2.82,0.77,1.44,4.47,4.84,5.91,3.57,..,anti,.,3.86,4.68,3.22,4.32,3.38,4.39,4.01,5.03,0.02,5.88,0.60,5.68,0.37,36.05,0.29,C3'-endo
30,30,0.42,C,C,C,0,1,0,0,0,.,,0,,,5.25,2.95,0.80,1.41,4.16,5.33,5.12,3.47,..,anti,.,4.34,4.75,2.78,4.36,3.13,3.60,3.96,2.42,0.05,5.84,0.64,5.66,0.36,37.57,0.25,C3'-endo
31,31,0.44,C,C,C,0,1,0,0,0,{,0,1,cWW,cW-W,3.64,2.25,0.55,1.48,3.82,4.92,5.18,3.26,BI,anti,A,4.44,4.53,0.48,4.00,0.91,3.98,0.41,4.32,0.01,5.92,0.56,5.71,0.35,33.64,0.30,C3'-endo
32,32,0.45,A,A,A,1,0,0,0,0,{,0,1,cWW,cW-W,5.22,3.12,0.75,1.48,3.26,4.80,4.74,3.66,BI,anti,A,4.06,4.34,2.86,3.86,3.13,3.74,3.79,4.00,0.06,5.88,0.58,5.72,0.32,34.08,0.23,C3'-endo
33,33,0.46,U,U,U,0,0,0,1,0,{,0,1,cWW,cW-W,2.90,3.74,2.69,1.41,4.21,4.88,5.61,3.42,..,anti,.,4.39,4.74,2.82,3.88,3.05,3.89,3.58,4.56,0.05,5.86,0.63,5.67,0.36,37.10,0.26,C3'-endo
34,34,0.48,A,A,A,1,0,0,0,0,.,,0,,,5.36,2.76,0.88,1.40,3.90,4.95,5.23,3.17,BI,anti,A,4.67,4.68,2.82,3.89,3.19,3.93,4.21,4.67,0.02,5.87,0.62,5.65,0.38,37.37,0.29,C3'-endo
35,35,0.49,C,C,C,0,1,0,0,0,.,29,1,cWW,cW-W,5.28,2.88,0.91,1.43,3.87,5.18,4.97,3.36,BI,anti,.,4.57,4.69,2.93,4.10,3.23,4.16,4.28,4.96,0.05,5.85,0.63,5.67,0.35,36.98,0.25,C3'-endo
36,36,0.51,C,C,C,0,1,0,0,0,),28,1,cWW,cW-W,5.19,2.86,1.05,1.42,3.80,5.01,5.08,3.40,BI,anti,A,4.53,4.66,2.91,3.86,3.36,3.85,4.57,4.26,0.04,5.86,0.62,5.67,0.36,36.97,0.26,C3'-endo
37,37,0.52,C,C,C,0,1,0,0,0,),27,1,cWW,cW-W,5.24,3.14,0.74,1.40,3.47,4.82,4.93,3.50,BI,anti,A,4.39,4.53,2.86,3.89,3.10,3.78,3.79,4.02,0.02,5.87,0.62,5.66,0.38,37.23,0.29,C3'-endo
38,38,0.54,C,C,C,0,1,0,0,0,),26,1,cWW,cW-W,2.88,3.53,2.86,1.42,3.99,4.74,5.53,3.42,BI,anti,A,4.47,4.70,2.81,3.44,3.04,3.47,3.52,3.98,0.05,5.86,0.62,5.68,0.35,36.53,0.25,C3'-endo
39,39,0.55,G,G,G,0,0,1,0,0,),25,1,cWW,cW-W,5.39,2.87,0.71,1.41,3.73,4.82,5.20,3.26,BI,anti,A,4.67,4.68,2.84,3.66,3.05,3.72,3.77,4.18,0.06,5.83,0.64,5.66,0.35,37.83,0.23,C3'-endo
40,40,0.56,A,A,A,1,0,0,0,0,),24,1,cWW,cW-W,5.46,2.84,0.85,1.42,3.94,4.60,5.62,3.32,BI,anti,A,4.58,4.69,3.08,3.65,3.27,3.70,3.92,4.08,0.05,5.85,0.62,5.67,0.35,36.85,0.24,C3'-endo
41,41,0.58,A,A,A,1,0,0,0,0,.,23,1,cWW,cW-W,5.47,2.55,0.93,1.42,3.89,5.05,5.12,3.30,BI,anti,.,4.58,4.67,2.96,4.05,3.18,4.04,3.80,4.94,0.03,5.87,0.62,5.66,0.37,37.03,0.28,C3'-endo
42,42,0.59,A,A,A,1,0,0,0,0,.,10,1,cSH,cm+M,5.29,2.80,0.88,1.42,4.42,3.41,1.01,3.37,BII,anti,.,4.42,4.80,2.98,3.01,3.32,3.80,4.56,3.64,0.10,5.81,0.65,5.67,0.32,37.97,0.17,C3'-endo
43,43,0.61,A,A,A,1,0,0,0,0,.,19,1,tWH,tW-M,3.04,3.77,3.09,2.56,3.79,5.15,4.92,4.54,BI,anti,.,1.65,1.83,4.09,3.98,3.63,3.54,3.14,3.95,5.93,0.60,5.68,0.42,6.24,35.86,2.88,C2'-endo
44,44,0.62,U,U,U,0,0,0,1,0,.,15,1,tWW,tW+W,3.83,1.56,3.11,2.54,4.29,2.06,2.24,4.01,..,anti,.,1.26,1.26,3.98,0.23,3.88,0.38,4.17,3.22,5.89,0.63,5.67,0.40,6.27,36.82,2.83,C2'-endo
45,45,0.63,G,G,G,0,0,1,0,0,(,"60,61",2,"cWW,cWW","cW-W,cW-W",5.32,4.21,1.38,1.43,3.70,4.80,5.18,3.50,BI,anti,.,4.42,4.65,5.13,4.43,5.22,4.34,2.67,5.01,0.07,5.84,0.63,5.68,0.34,36.96,0.22,C3'-endo
46,46,0.65,U,U,U,0,0,0,1,0,.,"59,60",2,"cWW,cWW","cW-W,cW-W",2.93,3.85,2.67,1.42,3.89,5.04,5.14,3.47,BI,anti,.,4.42,4.70,2.67,3.80,3.15,3.72,4.27,4.05,0.05,5.85,0.63,5.67,0.36,37.07,0.25,C3'-endo
47,47,0.66,U,U,U,0,0,0,1,0,.,58,1,cWW,cW-W,5.14,3.48,0.56,1.40,3.75,4.97,5.06,3.40,BI,anti,A,4.54,4.67,2.85,3.63,2.98,3.77,3.53,4.45,0.05,5.85,0.64,5.66,0.36,37.57,0.25,C3'-endo
48,48,0.68,G,G,G,0,0,1,0,0,(,57,1,cWW,cW-W,5.30,2.96,0.86,1.41,3.60,4.72,5.17,3.83,BI,anti,.,3.75,4.59,2.92,3.44,3.18,3.44,3.98,3.70,0.03,5.86,0.63,5.66,0.38,37.41,0.28,C3'-endo
49,49,0.69,G,G,G,0,0,1,0,0,(,"56,57",2,"cWW,cWW","cW-W,cW-W",5.35,2.65,0.97,1.43,4.28,5.68,4.89,3.66,..,anti,.,3.80,4.76,3.08,4.50,3.20,4.19,3.57,4.12,0.07,5.84,0.63,5.68,0.34,37.03,0.22,C3'-endo
50,50,0.70,U,U,U,0,0,0,1,0,.,,0,,,4.09,1.62,2.99,1.45,4.02,4.28,6.03,3.58,..,anti,.,4.07,4.59,3.16,3.02,3.24,3.31,3.43,3.97,6.27,5.92,0.57,5.69,0.38,34.78,0.34,C3'-endo
51,51,0.72,U,U,U,0,0,0,1,0,.,,0,,,2.35,4.27,3.15,1.43,4.45,5.62,5.12,3.39,..,anti,.,4.32,4.73,3.02,4.79,3.35,3.75,4.12,2.37,0.05,5.85,0.62,5.67,0.35,36.91,0.25,C3'-endo
52,52,0.73,A,A,A,1,0,0,0,0,.,,0,,,3.07,2.04,0.98,1.43,3.99,4.69,5.58,5.21,BI,anti,.,-2.48,4.74,6.19,4.50,0.90,4.16,0.65,4.64,0.07,5.84,0.63,5.67,0.34,37.02,0.22,C3'-endo
53,53,0.75,U,U,U,0,0,0,1,0,.,,0,,,3.04,3.55,2.60,1.44,4.33,3.90,0.43,0.67,..,syn,.,-3.20,4.53,2.61,3.77,2.94,3.80,3.68,3.09,6.25,5.94,0.56,5.68,0.40,34.67,0.38,C3'-endo
54,54,0.76,A,A,A,1,0,0,0,0,.,,0,,,1.87,4.77,3.14,1.43,3.98,4.52,5.74,3.42,..,anti,.,4.51,4.76,2.88,3.75,3.40,2.93,3.10,1.86,0.09,5.82,0.64,5.67,0.33,37.60,0.19,C3'-endo
55,55,0.77,C,C,C,0,1,0,0,0,.,,0,,,1.36,3.29,3.10,1.41,4.37,4.24,0.13,3.58,..,anti,.,3.94,4.74,1.47,3.96,1.50,4.34,0.85,5.09,0.04,5.85,0.63,5.66,0.37,37.46,0.26,C3'-endo
56,56,0.79,C,C,C,0,1,0,0,0,),49,1,cWW,cW-W,2.39,1.81,0.08,1.44,3.93,4.63,5.58,3.67,BI,anti,.,3.97,4.63,4.26,3.84,4.07,3.86,3.64,4.15,0.02,5.89,0.60,5.68,0.37,35.66,0.29,C3'-endo
57,57,0.80,C,C,C,0,1,0,0,0,),"48,49",2,"cWW,cWW","cW-W,cW-W",5.30,2.40,1.17,1.44,3.24,4.82,4.70,3.57,BI,anti,.,4.16,4.34,2.80,3.94,3.20,3.74,3.82,4.26,0.00,5.91,0.59,5.68,0.38,35.47,0.32,C3'-endo
58,58,0.82,U,U,U,0,0,0,1,0,.,47,1,cWW,cW-W,3.28,3.83,2.36,1.42,4.02,4.63,5.67,3.31,..,anti,A,4.61,4.73,2.87,3.66,3.14,3.60,4.00,3.87,0.07,5.84,0.63,5.68,0.34,36.84,0.22,C3'-endo
59,59,0.83,U,U,U,0,0,0,1,0,.,46,1,cWW,cW-W,5.25,2.76,0.97,1.43,3.54,5.03,4.79,3.35,BI,anti,A,4.53,4.57,2.87,3.98,3.09,4.05,3.65,4.35,0.05,5.86,0.62,5.67,0.36,36.62,0.25,C3'-endo
60,60,0.85,C,C,C,0,1,0,0,0,),"45,46",2,"cWW,cWW","cW-W,cW-W",4.18,4.22,1.01,1.45,3.13,4.68,4.73,3.88,BI,anti,.,3.68,4.29,2.77,3.82,2.88,3.76,3.39,4.12,0.05,5.87,0.60,5.70,0.34,35.29,0.25,C3'-endo
61,61,0.86,C,C,C,0,1,0,0,0,),"7,45",2,"cWW,cWW","cW-W,cW-W",2.81,4.02,2.69,1.47,3.20,5.01,4.47,3.43,BI,anti,.,4.19,4.29,2.69,3.79,3.16,3.60,3.86,4.18,0.02,5.91,0.56,5.72,0.35,33.72,0.29,C3'-endo
62,62,0.87,C,C,C,0,1,0,0,0,),6,1,cWW,cW-W,3.87,3.87,1.67,1.47,4.47,3.56,0.91,3.57,BII,anti,.,3.89,4.70,3.10,3.81,3.22,3.77,3.93,3.80,0.07,5.86,0.61,5.70,0.33,35.62,0.22,C3'-endo
63,63,0.89,G,G,G,0,0,1,0,0,.,5,1,cWW,cW-W,1.66,4.74,3.12,1.44,4.58,5.77,5.09,3.31,..,anti,.,4.35,4.66,3.07,4.32,3.23,4.02,3.45,4.26,0.03,5.88,0.60,5.69,0.36,35.73,0.27,C3'-endo
64,64,0.90,U,U,U,0,0,0,1,0,),4,1,cWW,cW-W,4.48,1.37,3.08,1.45,4.76,3.99,0.77,3.26,..,anti,.,4.30,4.60,3.22,3.28,3.39,3.32,4.01,3.98,0.04,5.88,0.60,5.69,0.35,35.55,0.26,C3'-endo
65,65,0.92,A,A,A,1,0,0,0,0,),3,1,cWW,cW-W,2.23,4.11,2.77,1.43,4.04,4.74,5.58,3.11,..,anti,A,4.68,4.70,2.12,3.72,2.66,3.63,3.51,4.05,0.05,5.85,0.62,5.68,0.35,36.57,0.24,C3'-endo
66,66,0.93,C,C,C,0,1,0,0,0,),2,1,cWW,cW-W,5.33,2.83,0.86,1.42,3.65,5.04,4.90,3.40,BI,anti,A,4.50,4.60,2.86,3.79,3.12,3.78,3.87,4.21,0.04,5.86,0.62,5.67,0.36,36.81,0.26,C3'-endo
67,67,0.94,U,U,U,0,0,0,1,0,),1,1,cWW,cW-W,5.20,3.02,0.89,1.39,3.96,5.03,5.21,3.47,BI,anti,A,4.42,4.72,2.98,3.97,3.19,4.03,3.87,4.78,0.04,5.85,0.64,5.65,0.38,37.92,0.27,C3'-endo
68,68,0.96,A,A,A,1,0,0,0,0,.,,0,,,5.26,2.90,0.88,1.40,3.86,2.08,1.77,3.43,..,anti,.,4.49,4.68,2.85,0.85,3.18,0.87,4.22,1.19,0.03,5.86,0.63,5.65,0.38,37.52,0.28,C3'-endo
69,69,0.97,C,C,C,0,1,0,0,0,[,0,1,cWW,cW-W,4.80,2.64,0.51,1.48,3.49,5.06,4.71,3.53,BI,anti,.,4.13,4.34,2.62,3.74,3.05,3.78,3.30,4.09,6.27,5.95,0.54,5.72,0.37,32.89,0.35,C3'-endo
70,70,0.99,C,C,C,0,1,0,0,0,[,0,1,cWW,cW-W,4.97,3.44,0.81,1.50,4.70,3.63,1.07,4.01,BII,anti,.,2.16,4.59,3.29,3.36,3.35,3.62,3.66,4.09,0.07,5.87,0.58,5.73,0.30,33.82,0.21,C3'-endo
71,71,1.00,A,A,A,1,0,0,0,0,.,,0,,,5.48,1.83,1.01,1.42,,,,4.19,..,anti,-,,,,,,,,,0.07,5.84,0.63,5.68,0.33,36.70,0.21,C3'-endo
