index_chain,old_nt_resnum,nt_position,nt_name,nt_code,nt_align_code,is_A,is_C,is_G,is_U,is_other,dbn,paired,nb_interact,pair_type_LW,pair_type_DSSR,alpha,beta,gamma,delta,epsilon,zeta,epsilon_zeta,chi,bb_type,glyco_bond,form,ssZp,Dp,eta,theta,eta_prime,theta_prime,eta_base,theta_base,v0,v1,v2,v3,v4,amplitude,phase_angle,puckering
1,7,0.04,G,G,G,0,0,1,0,0,(,26,1,cWW,cW-W,,,1.27,1.43,3.85,4.78,5.36,3.17,BI,anti,A,4.66,4.69,,,,,,,0.10,5.81,0.65,5.68,0.32,37.59,0.18,C3'-endo
2,8,0.08,G,G,G,0,0,1,0,0,(,25,1,cWW,cW-W,5.57,2.87,0.70,1.42,3.63,5.06,4.85,3.38,BI,anti,A,4.49,4.59,3.00,3.78,3.23,3.82,3.92,4.31,0.07,5.83,0.64,5.66,0.34,37.81,0.22,C3'-endo
3,9,0.12,U,U,U,0,0,0,1,0,(,24,1,cWW,cW-W,5.17,2.94,1.11,1.46,,,,3.40,..,anti,-,,,,,,,,,6.27,5.93,0.57,5.69,0.38,34.63,0.35,C3'-endo
4,not resolved,0.15,-,-,-,0,0,0,0,1,,,0,,,,,,,,,,,,,,,,,,,,,,,,,,,,,
5,11,0.19,A,A,A,1,0,0,0,0,(,22,1,cWW,cW-W,,3.21,1.25,1.45,4.14,4.63,5.80,3.31,..,anti,.,4.40,4.58,,4.28,,4.10,,4.42,0.01,5.89,0.60,5.67,0.38,36.16,0.31,C3'-endo
6,12,0.23,C,C,C,0,1,0,0,0,(,21,1,cWW,cW-W,1.70,4.00,3.81,1.44,3.96,5.22,5.02,3.25,BI,anti,.,4.60,4.67,2.92,3.46,3.15,3.71,3.84,4.80,0.06,5.84,0.63,5.67,0.34,36.94,0.23,C3'-endo
7,13,0.27,A,A,A,1,0,0,0,0,.,20,1,tSH,tm-M,5.25,2.90,0.93,1.46,3.43,4.24,5.48,3.59,BI,anti,.,4.27,4.50,2.82,2.87,3.37,2.98,4.77,3.11,0.06,5.86,0.60,5.70,0.33,35.58,0.23,C3'-endo
8,14,0.31,A,A,A,1,0,0,0,0,.,"19,0",2,"tHS,tWW","tM-m,tW+W",5.45,3.14,0.79,1.53,4.01,5.26,5.03,3.55,BI,anti,.,4.16,4.67,3.44,4.31,3.22,4.43,3.01,5.25,0.14,5.82,0.60,5.75,0.25,34.44,0.10,C3'-endo
9,15,0.35,C,C,C,0,1,0,0,0,(,18,1,cWW,cW-W,5.20,2.86,1.02,1.44,4.24,4.79,5.73,3.67,..,anti,.,3.72,4.66,2.98,3.82,3.47,4.07,4.58,4.06,6.22,5.96,0.56,5.67,0.43,35.24,0.43,C3'-endo
10,16,0.38,G,G,G,0,0,1,0,0,.,"15,0",2,"...,cWH","....,cW+M",5.36,3.94,0.70,2.53,3.88,4.97,5.20,5.01,BI,anti,.,1.08,1.69,3.68,5.03,3.78,4.04,3.61,3.56,5.88,0.64,5.67,0.40,0.00,37.16,2.81,C2'-endo
11,17,0.42,G,G,G,0,0,1,0,0,[,0,1,cWW,cW-W,2.87,2.77,0.78,1.52,3.93,4.93,5.28,3.20,BI,anti,A,4.22,4.43,0.30,4.01,1.10,4.01,1.42,4.50,0.08,5.87,0.57,5.75,0.29,33.01,0.19,C3'-endo
12,18,0.46,C,C,C,0,1,0,0,0,[,0,1,cWW,cW-W,5.21,2.89,0.86,1.41,3.68,4.92,5.04,3.41,BI,anti,A,4.29,4.46,2.80,3.66,3.11,3.81,3.92,4.02,6.20,5.96,0.58,5.64,0.46,36.99,0.44,C3'-endo
13,19,0.50,U,U,U,0,0,0,1,0,[,0,1,cWW,cW-W,5.22,3.23,0.99,2.56,4.60,4.19,0.41,4.08,..,anti,.,0.85,0.86,3.49,5.01,3.84,3.99,4.03,3.45,5.92,0.62,5.66,0.43,6.24,36.97,2.89,C2'-endo
14,20,0.54,U,U,U,0,0,0,1,0,.,,0,,,1.00,2.99,1.21,2.61,4.39,5.34,5.34,4.44,..,anti,.,0.92,1.11,5.25,5.61,0.17,5.14,0.60,5.85,5.96,0.60,5.66,0.46,6.20,36.65,2.95,C2'-endo
15,21,0.58,C,C,C,0,1,0,0,0,[,"10,0",2,"...,cWW","....,cW-W",4.98,3.78,0.95,1.38,3.62,5.15,4.75,3.14,BI,anti,A,4.63,4.64,3.03,3.79,3.71,3.91,3.80,4.40,0.06,5.82,0.66,5.64,0.36,38.78,0.23,C3'-endo
16,22,0.62,C,C,C,0,1,0,0,0,[,0,1,cWW,cW-W,4.99,3.31,0.99,1.41,3.66,5.02,4.92,3.38,BI,anti,A,4.50,4.61,3.01,3.74,3.22,3.78,3.89,4.24,0.07,5.84,0.64,5.66,0.35,37.53,0.23,C3'-endo
17,23,0.65,U,U,U,0,0,0,1,0,.,0,1,tWH,tW-M,5.30,3.02,0.80,1.39,3.69,5.13,4.85,3.48,BI,anti,A,4.43,4.64,2.95,3.82,3.18,3.85,3.87,4.31,0.04,5.84,0.66,5.63,0.38,38.93,0.27,C3'-endo
18,24,0.69,G,G,G,0,0,1,0,0,),"9,0",2,"cWW,cSW","cW-W,cm-W",5.02,2.99,1.06,1.34,3.94,4.94,5.29,3.30,BI,anti,.,4.50,4.62,2.91,3.88,3.15,4.07,3.87,4.91,6.23,5.91,0.64,5.59,0.47,39.97,0.41,C3'-endo
19,25,0.73,G,G,G,0,0,1,0,0,.,8,1,tSH,tm-M,5.48,2.89,1.08,2.54,3.78,3.11,0.66,4.00,..,anti,.,1.94,1.90,3.14,2.82,3.84,2.63,4.81,3.07,5.92,0.61,5.68,0.41,6.25,36.12,2.86,C2'-endo
20,26,0.77,C,C,C,0,1,0,0,0,.,7,1,tHS,tM-m,4.83,2.90,0.92,1.42,4.24,5.19,5.34,3.22,..,anti,.,4.67,4.77,3.27,4.42,2.95,4.53,3.16,5.30,0.10,5.80,0.66,5.66,0.33,38.59,0.18,C3'-endo
21,27,0.81,G,G,G,0,0,1,0,0,),6,1,cWW,cW-W,5.36,2.78,0.95,1.34,3.53,5.02,4.79,3.34,BI,anti,A,4.60,4.63,2.73,3.60,3.33,3.57,4.69,3.79,0.07,5.80,0.68,5.62,0.37,40.25,0.23,C3'-endo
22,28,0.85,U,U,U,0,0,0,1,0,),5,1,cWW,cW-W,5.23,3.13,0.88,1.36,3.48,5.12,4.64,3.44,BI,anti,A,4.53,4.61,3.00,3.61,3.15,3.64,3.60,4.11,0.10,5.79,0.68,5.65,0.34,39.40,0.19,C3'-endo
23,29,0.88,G,G,G,0,0,1,0,0,{,0,1,cWW,cW-W,4.98,3.24,0.96,1.41,3.65,4.99,4.94,3.32,BI,anti,A,4.59,4.64,2.94,3.67,3.11,3.70,3.79,4.08,0.05,5.84,0.65,5.65,0.37,38.34,0.26,C3'-endo
24,30,0.92,A,A,A,1,0,0,0,0,),3,1,cWW,cW-W,5.05,2.97,1.11,1.42,3.87,4.73,5.42,3.37,BI,anti,A,4.51,4.64,2.99,3.69,3.20,3.69,3.79,4.13,0.05,5.85,0.63,5.66,0.36,37.48,0.25,C3'-endo
25,31,0.96,C,C,C,0,1,0,0,0,),2,1,cWW,cW-W,5.43,2.74,0.85,1.38,3.63,5.05,4.87,3.47,BI,anti,A,4.45,4.62,2.89,3.76,3.12,3.75,3.82,4.16,0.04,5.84,0.65,5.63,0.38,38.75,0.27,C3'-endo
26,32,1.00,C,C,C,0,1,0,0,0,),1,1,cWW,cW-W,5.17,3.01,1.04,1.39,,,,3.50,n/a,anti,-,,,,,,,,,0.01,5.87,0.63,5.64,0.40,37.95,0.31,C3'-endo
