index_chain,old_nt_resnum,nt_position,nt_name,nt_code,nt_align_code,is_A,is_C,is_G,is_U,is_other,dbn,paired,nb_interact,pair_type_LW,pair_type_DSSR,alpha,beta,gamma,delta,epsilon,zeta,epsilon_zeta,chi,bb_type,glyco_bond,form,ssZp,Dp,eta,theta,eta_prime,theta_prime,eta_base,theta_base,v0,v1,v2,v3,v4,amplitude,phase_angle,puckering
1,1,0.06,U,U,U,0,0,0,1,0,(,0,1,cWW,cW-W,,2.59,5.37,1.69,3.98,5.17,5.09,3.08,BI,anti,A,4.61,4.67,,3.94,,4.15,,4.98,0.36,5.70,0.57,5.90,0.02,34.30,5.99,C2'-exo
2,2,0.12,U,U,U,0,0,0,1,0,(,0,1,cWW,cW-W,5.10,3.12,0.81,1.44,3.70,4.99,4.99,3.41,BI,anti,A,4.55,4.66,2.77,3.74,3.19,3.76,4.19,4.13,0.10,5.80,0.67,5.66,0.33,38.77,0.18,C3'-endo
3,3,0.19,A,A,A,1,0,0,0,0,(,0,1,cWW,cW-W,5.05,2.79,1.20,1.37,3.60,5.04,4.84,3.54,BI,anti,A,4.33,4.57,2.90,3.68,3.19,3.59,3.84,3.75,6.27,5.87,0.66,5.60,0.44,40.19,0.34,C3'-endo
4,4,0.25,G,G,G,0,0,1,0,0,(,0,1,cWW,cW-W,4.98,2.99,1.16,1.36,3.64,5.05,4.88,3.33,BI,anti,A,4.37,4.42,2.95,3.69,3.14,3.70,3.54,4.37,6.10,6.02,0.58,5.58,0.56,40.07,0.59,C3'-endo
5,5,0.31,U,U,U,0,0,0,1,0,(,0,1,cWW,cW-W,4.96,2.96,1.12,1.36,3.58,5.06,4.81,3.58,BI,anti,A,4.25,4.56,2.85,3.68,3.13,3.63,4.06,3.95,6.25,5.88,0.66,5.59,0.46,40.28,0.37,C3'-endo
6,6,0.38,A,A,A,1,0,0,0,0,(,0,1,cWW,cW-W,4.98,3.10,0.97,1.36,3.48,4.91,4.85,3.66,BI,anti,.,4.15,4.55,2.81,3.97,3.02,3.75,3.59,4.04,6.28,5.86,0.67,5.60,0.43,40.33,0.33,C3'-endo
7,7,0.44,G,G,G,0,0,1,0,0,(,0,1,cWW,cW-W,2.17,3.47,3.52,1.51,3.87,5.00,5.16,3.16,BI,anti,A,4.79,4.78,2.90,3.28,3.07,3.45,3.73,4.03,0.30,5.66,0.69,5.74,0.15,40.04,6.18,C2'-exo
8,8,0.50,U,U,U,0,0,0,1,0,.,0,1,cWW,cW-W,5.31,3.07,0.87,1.44,3.36,4.28,5.37,3.28,BI,anti,.,4.55,4.54,2.95,2.47,3.28,1.74,4.08,0.85,0.14,5.76,0.68,5.67,0.30,39.34,0.12,C3'-endo
9,9,0.56,A,A,A,1,0,0,0,0,.,,0,,,6.02,4.50,3.53,2.55,3.57,3.28,0.28,3.79,..,anti,.,1.55,1.96,2.36,1.27,1.83,1.56,2.00,1.01,5.86,0.67,5.63,0.43,6.28,39.45,2.82,C2'-endo
10,10,0.62,C,C,C,0,1,0,0,0,.,,0,,,3.99,2.61,1.13,2.35,4.21,2.77,1.43,4.14,BII,anti,.,1.57,1.68,2.35,2.64,2.34,2.33,1.82,2.70,5.78,0.64,5.75,0.25,0.16,36.20,2.57,C2'-endo
11,11,0.69,A,A,A,1,0,0,0,0,.,,0,,,5.04,2.55,0.52,1.37,3.61,4.92,4.96,3.33,BI,anti,A,4.49,4.53,2.94,3.60,2.79,3.62,3.13,3.87,6.25,5.89,0.64,5.60,0.45,39.53,0.37,C3'-endo
12,12,0.75,C,C,C,0,1,0,0,0,.,,0,,,5.19,2.87,1.19,1.38,4.07,5.51,4.84,3.71,..,anti,.,3.70,4.60,3.21,4.46,3.36,4.56,3.73,5.30,6.21,5.93,0.62,5.60,0.47,39.19,0.42,C3'-endo
13,13,0.81,U,U,U,0,0,0,1,0,.,,0,,,4.94,2.86,1.36,1.38,4.30,2.08,2.22,3.65,..,anti,.,3.69,4.56,2.98,1.00,3.58,1.09,4.65,0.96,6.16,5.97,0.60,5.59,0.51,39.35,0.50,C3'-endo
14,14,0.88,A,A,A,1,0,0,0,0,.,,0,,,3.76,2.77,1.36,2.50,4.39,5.16,5.51,4.96,..,anti,.,0.26,1.36,2.81,5.57,3.37,4.11,3.36,3.48,6.03,0.53,5.69,0.46,6.15,33.97,3.04,C2'-endo
15,15,0.94,C,C,C,0,1,0,0,0,.,,0,,,3.05,2.51,0.40,1.57,3.91,5.13,5.06,3.82,BI,anti,.,3.62,4.61,6.03,4.24,0.85,4.33,1.37,4.57,0.14,5.83,0.58,5.77,0.23,33.07,0.08,C3'-endo
16,16,1.00,U,U,U,0,0,0,1,0,.,,0,,,4.99,3.09,1.44,2.25,,,,3.46,n/a,anti,-,,,,,,,,,5.66,0.72,5.74,0.20,0.26,40.52,2.44,C1'-exo
