index_chain,old_nt_resnum,nt_position,nt_name,nt_code,nt_align_code,is_A,is_C,is_G,is_U,is_other,dbn,paired,nb_interact,pair_type_LW,pair_type_DSSR,alpha,beta,gamma,delta,epsilon,zeta,epsilon_zeta,chi,bb_type,glyco_bond,form,ssZp,Dp,eta,theta,eta_prime,theta_prime,eta_base,theta_base,v0,v1,v2,v3,v4,amplitude,phase_angle,puckering
1,1,0.01,U,U,U,0,0,0,1,0,(,71,1,cWW,cW-W,,2.98,1.19,1.40,3.66,4.89,5.06,3.34,BI,anti,A,4.58,4.63,,3.63,,3.62,,3.90,0.06,5.83,0.66,5.65,0.37,38.66,0.24,C3'-endo
2,2,0.03,C,C,C,0,1,0,0,0,(,70,1,cWW,cW-W,5.27,3.03,0.93,1.38,3.79,4.88,5.19,3.40,BI,anti,A,4.52,4.65,3.07,3.69,3.21,3.73,3.67,4.15,0.03,5.85,0.65,5.64,0.39,38.68,0.28,C3'-endo
3,3,0.04,C,C,C,0,1,0,0,0,(,69,1,cWW,cW-W,5.29,2.89,0.92,1.39,3.79,4.99,5.09,3.45,BI,anti,A,4.42,4.62,2.96,3.81,3.17,3.78,3.79,4.21,0.00,5.88,0.63,5.64,0.41,38.13,0.32,C3'-endo
4,4,0.05,G,G,G,0,0,1,0,0,(,68,1,cWW,cW-W,5.21,2.90,0.85,1.31,3.72,4.77,5.24,3.37,BI,anti,A,4.59,4.70,2.75,3.50,2.99,3.54,3.74,3.97,0.03,5.82,0.70,5.58,0.43,41.93,0.29,C3'-endo
5,5,0.07,A,A,A,1,0,0,0,0,(,67,1,cWW,cW-W,5.41,2.79,0.94,1.39,3.90,4.84,5.34,3.24,BI,anti,A,4.65,4.70,3.06,3.80,3.20,3.83,3.79,4.27,0.03,5.85,0.64,5.64,0.38,38.26,0.28,C3'-endo
6,6,0.08,U,U,U,0,0,0,1,0,(,66,1,cWW,cW-W,5.42,2.88,0.83,1.37,3.65,4.73,5.20,3.40,BI,anti,A,4.49,4.59,2.95,3.49,3.19,3.63,3.89,3.97,6.28,5.88,0.64,5.62,0.42,38.63,0.34,C3'-endo
7,7,0.09,A,A,A,1,0,0,0,0,(,65,1,cWW,cW-W,5.44,2.75,1.27,2.47,4.26,5.96,4.58,3.77,..,anti,.,1.57,1.54,3.53,6.05,3.95,5.62,4.25,5.97,5.91,0.58,5.73,0.35,0.01,33.52,2.80,C2'-endo
8,8,0.11,U,U,U,0,0,0,1,0,.,"14,21",2,"tWH,tSW","tW-M,tm+W",4.47,3.71,0.90,1.36,4.07,3.83,0.24,3.53,..,anti,.,4.25,4.71,2.55,3.18,3.25,3.33,3.64,2.97,6.27,5.89,0.63,5.62,0.42,38.64,0.34,C3'-endo
9,9,0.12,A,A,A,1,0,0,0,0,.,23,1,tHH,tM+M,1.26,3.30,4.81,2.59,4.66,4.49,0.17,4.85,..,anti,.,0.36,0.78,3.91,5.05,3.59,4.43,2.88,4.56,5.93,0.61,5.66,0.44,6.23,36.73,2.90,C2'-endo
10,10,0.13,G,G,G,0,0,1,0,0,(,"25,45",2,"cWW,cHW","cW-W,cM+W",2.94,4.00,0.95,1.44,3.97,4.20,6.05,3.31,..,anti,A,4.66,4.77,0.80,3.69,1.77,3.87,2.25,4.24,0.12,5.79,0.66,5.68,0.31,38.09,0.15,C3'-endo
11,11,0.15,C,C,C,0,1,0,0,0,.,24,1,cWW,cW-W,0.07,2.23,0.38,1.35,3.70,4.97,5.00,3.45,BI,anti,A,4.44,4.61,3.02,3.81,3.19,3.81,3.66,4.34,6.27,5.88,0.65,5.61,0.44,39.50,0.35,C3'-endo
12,12,0.16,G,G,G,0,0,1,0,0,(,23,1,cWW,cW-W,5.10,2.85,1.07,1.40,3.93,5.00,5.21,3.40,BI,anti,.,4.50,4.71,2.91,3.96,3.14,4.01,3.97,4.70,0.06,5.83,0.65,5.65,0.36,38.36,0.23,C3'-endo
13,13,0.17,U,U,U,0,0,0,1,0,.,22,1,cWW,cW-W,5.30,2.80,1.06,1.40,3.66,4.72,5.23,3.49,BI,anti,.,4.39,4.60,2.96,3.50,3.36,3.42,4.39,3.45,0.02,5.87,0.63,5.65,0.39,37.88,0.29,C3'-endo
14,14,0.19,A,A,A,1,0,0,0,0,.,"8,21",2,"tHW,cWS","tM-W,cW-m",5.44,2.94,0.64,1.33,3.65,4.83,5.10,3.24,BI,anti,A,4.62,4.62,2.89,3.47,2.94,3.67,3.17,4.27,6.26,5.88,0.66,5.60,0.45,40.13,0.36,C3'-endo
15,15,0.20,A,A,A,1,0,0,0,0,.,47,1,tWW,tW+W,5.33,2.74,1.41,2.53,3.83,6.04,4.08,3.57,..,anti,.,1.74,1.82,3.31,6.26,3.94,4.40,4.54,3.25,5.93,0.59,5.69,0.41,6.25,35.40,2.87,C2'-endo
16,16,0.21,C,C,C,0,1,0,0,0,.,,0,,,2.44,1.88,0.45,2.55,4.20,3.94,0.26,3.61,..,anti,.,1.18,1.36,5.07,4.92,0.68,3.97,1.38,3.49,5.88,0.65,5.65,0.42,6.27,38.12,2.84,C2'-endo
17,17,0.23,G,G,G,0,0,1,0,0,.,54,1,tWS,tW+m,0.23,2.12,3.53,2.61,3.69,4.46,5.52,4.30,BI,anti,.,1.82,1.84,0.69,3.13,0.85,3.57,0.70,3.82,5.91,0.64,5.64,0.45,6.23,38.30,2.89,C2'-endo
18,18,0.24,G,G,G,0,0,1,0,0,[,55,1,cWW,cW-W,4.30,4.00,1.02,2.53,4.41,1.79,2.62,5.21,..,anti,.,0.07,1.12,3.14,1.63,3.43,0.81,3.70,5.26,5.92,0.61,5.68,0.40,6.26,35.89,2.86,C2'-endo
19,19,0.25,C,C,C,0,1,0,0,0,.,,0,,,4.68,4.07,2.99,2.58,3.70,3.37,0.33,4.68,..,anti,.,1.75,1.87,5.89,3.77,0.56,2.94,2.33,2.77,5.89,0.64,5.65,0.42,6.26,37.70,2.85,C2'-endo
20,20,0.27,U,U,U,0,0,0,1,0,.,,0,,,0.73,1.82,3.00,1.44,3.64,3.26,0.39,3.56,..,anti,.,4.24,4.50,0.21,0.85,6.23,1.11,0.14,1.31,6.25,5.94,0.56,5.69,0.39,34.42,0.37,C3'-endo
21,21,0.28,A,A,A,1,0,0,0,0,.,"8,14",2,"tWS,cSW","tW+m,cm-W",5.05,2.42,0.39,1.48,4.36,3.37,0.98,2.90,BII,anti,.,4.63,4.70,2.62,2.80,2.48,3.07,2.37,3.05,0.09,5.85,0.59,5.73,0.30,34.50,0.18,C3'-endo
22,22,0.29,U,U,U,0,0,0,1,0,.,"13,46",2,"cWW,tHW","cW-W,tM-W",5.39,2.45,0.87,1.45,3.28,4.80,4.77,3.58,BI,anti,.,4.08,4.28,3.26,4.08,3.19,3.91,2.83,4.65,6.26,5.94,0.56,5.69,0.39,34.57,0.36,C3'-endo
23,23,0.31,C,C,C,0,1,0,0,0,),"9,12",2,"tHH,cWW","tM+M,cW-W",3.06,3.99,2.40,1.39,4.59,4.29,0.30,3.50,..,anti,.,3.92,4.61,2.90,3.68,3.18,3.68,4.21,3.91,6.26,5.91,0.61,5.65,0.41,36.98,0.35,C3'-endo
24,24,0.32,A,A,A,1,0,0,0,0,.,11,1,cWW,cW-W,5.08,2.37,1.04,1.48,3.62,5.00,4.90,3.65,BI,anti,A,4.12,4.54,2.57,3.89,2.87,3.72,3.35,4.03,0.04,5.88,0.60,5.69,0.35,35.36,0.26,C3'-endo
25,25,0.33,C,C,C,0,1,0,0,0,),10,1,cWW,cW-W,5.10,2.88,1.02,1.40,4.18,4.79,5.67,3.67,..,anti,.,3.83,4.68,2.97,3.92,3.17,3.94,3.79,4.54,6.28,5.89,0.62,5.65,0.40,37.24,0.32,C3'-endo
26,26,0.35,A,A,A,1,0,0,0,0,.,45,1,cWW,cW-W,5.13,2.90,0.87,1.39,3.66,5.24,4.71,2.96,BI,anti,.,4.35,4.57,2.68,3.93,2.94,4.07,3.82,4.25,6.28,5.89,0.62,5.64,0.41,37.90,0.33,C3'-endo
27,27,0.36,U,U,U,0,0,0,1,0,(,"43,44",2,"cWW,cWW","cW-W,cW-W",4.88,3.56,1.12,2.53,3.55,4.44,5.39,4.03,BI,anti,.,2.36,2.26,3.04,4.18,3.58,3.80,3.94,4.40,5.81,0.70,5.64,0.39,0.04,40.16,2.75,C2'-endo
28,28,0.37,C,C,C,0,1,0,0,0,(,42,1,cWW,cW-W,4.28,3.42,0.81,1.34,3.57,4.98,4.87,3.43,BI,anti,A,4.49,4.56,2.31,3.46,2.45,3.56,3.40,4.07,6.25,5.90,0.63,5.62,0.44,38.62,0.38,C3'-endo
29,29,0.39,A,A,A,1,0,0,0,0,(,41,1,cWW,cW-W,5.01,2.96,1.14,1.42,3.66,4.88,5.07,3.34,BI,anti,A,4.56,4.62,2.93,3.65,3.15,3.67,3.81,4.10,0.05,5.85,0.63,5.66,0.36,37.44,0.25,C3'-endo
30,30,0.40,C,C,C,0,1,0,0,0,(,40,1,cWW,cW-W,5.20,2.94,1.07,1.50,3.40,4.70,4.98,3.55,BI,anti,.,4.12,4.33,3.03,4.05,3.30,3.98,3.96,4.43,0.03,5.91,0.55,5.73,0.33,32.93,0.28,C3'-endo
31,31,0.41,G,G,G,0,0,1,0,0,(,39,1,cWW,cW-W,3.14,4.04,2.42,1.44,4.25,4.59,5.95,3.57,..,anti,.,4.00,4.64,2.87,4.44,3.21,4.26,3.92,4.58,6.27,5.91,0.60,5.66,0.40,36.55,0.35,C3'-endo
32,32,0.43,C,C,C,0,1,0,0,0,.,,0,,,1.71,4.48,4.05,1.35,3.43,1.72,1.71,3.47,..,anti,.,4.42,4.52,3.70,4.92,3.87,4.26,4.61,3.95,6.26,5.89,0.64,5.61,0.44,38.99,0.36,C3'-endo
33,33,0.44,U,U,U,0,0,0,1,0,.,36,1,tWH,tW-M,4.98,4.44,3.08,1.50,4.23,5.33,5.18,3.55,..,anti,.,4.20,4.77,0.33,4.54,1.46,3.59,2.01,2.00,0.15,5.80,0.61,5.74,0.25,35.33,0.09,C3'-endo
34,34,0.45,U,U,U,0,0,0,1,0,.,,0,,,3.19,2.62,0.79,1.39,4.58,4.05,0.53,0.88,..,syn,.,-2.29,4.31,0.53,3.63,1.05,3.90,0.41,2.80,6.16,6.01,0.55,5.65,0.48,36.08,0.52,C3'-endo
35,35,0.47,U,U,U,0,0,0,1,0,.,,0,,,5.52,2.33,0.94,2.30,1.09,1.35,6.02,4.40,..,anti,.,0.92,1.45,2.07,5.41,3.82,3.62,2.70,4.64,5.89,0.56,5.77,0.30,0.05,32.26,2.72,C2'-endo
36,36,0.48,C,C,C,0,1,0,0,0,.,33,1,tHW,tM-W,3.84,3.38,0.03,1.29,3.42,1.28,2.14,3.67,..,anti,.,4.25,4.61,2.18,5.10,2.49,4.75,3.79,4.83,6.28,5.86,0.67,5.60,0.44,40.44,0.33,C3'-endo
37,37,0.49,A,A,A,1,0,0,0,0,.,,0,,,4.74,4.73,4.66,2.69,4.68,3.17,1.51,5.26,BII,anti,.,0.80,0.78,2.83,2.37,3.25,2.33,3.55,3.32,5.86,0.71,5.58,0.48,6.25,42.16,2.86,C2'-endo
38,38,0.51,C,C,C,0,1,0,0,0,.,,0,,,0.55,4.39,3.58,1.36,3.36,0.36,3.00,3.59,..,anti,.,4.28,4.50,2.79,4.43,2.71,4.52,3.85,5.23,0.00,5.87,0.65,5.62,0.42,39.28,0.32,C3'-endo
39,39,0.52,C,C,C,0,1,0,0,0,),31,1,cWW,cW-W,4.18,3.36,0.88,1.37,3.76,4.76,5.28,3.61,BI,anti,A,4.14,4.55,2.45,3.42,3.24,3.47,4.47,3.79,6.21,5.94,0.60,5.62,0.47,38.07,0.44,C3'-endo
40,40,0.53,G,G,G,0,0,1,0,0,),30,1,cWW,cW-W,4.98,2.67,1.27,1.39,3.59,4.95,4.92,3.39,BI,anti,A,4.45,4.55,2.85,3.63,3.04,3.56,3.51,3.98,6.27,5.89,0.63,5.63,0.42,38.11,0.34,C3'-endo
41,41,0.55,U,U,U,0,0,0,1,0,),29,1,cWW,cW-W,5.18,2.98,0.97,1.41,3.65,4.30,5.63,3.52,BI,anti,A,4.33,4.57,2.97,3.83,3.18,3.74,3.84,4.18,0.01,5.88,0.62,5.65,0.39,37.39,0.30,C3'-endo
42,42,0.56,G,G,G,0,0,1,0,0,),28,1,cWW,cW-W,2.59,4.10,2.87,1.46,4.37,5.50,5.15,3.05,..,anti,.,4.78,4.77,2.87,4.69,3.08,4.13,3.79,4.09,0.09,5.82,0.63,5.69,0.32,36.82,0.19,C3'-endo
43,43,0.57,G,G,G,0,0,1,0,0,.,27,1,cWW,cW-W,3.27,2.15,2.75,1.46,3.66,5.00,4.94,3.54,BI,anti,.,4.31,4.58,2.34,2.93,2.74,3.16,3.14,3.96,0.05,5.86,0.61,5.69,0.34,35.75,0.24,C3'-endo
44,44,0.59,A,A,A,1,0,0,0,0,),27,1,cWW,cW-W,5.13,2.90,1.02,1.47,4.47,5.54,5.21,3.61,..,anti,.,3.83,4.76,3.12,4.44,3.33,4.19,4.18,3.98,0.11,5.82,0.63,5.70,0.30,36.31,0.16,C3'-endo
45,45,0.60,G,G,G,0,0,1,0,0,.,"10,26",2,"cWH,cWW","cW+M,cW-W",4.52,1.38,2.98,1.38,2.99,2.63,0.36,3.33,..,anti,.,4.20,4.23,3.70,5.09,3.55,4.74,3.62,4.88,6.24,5.92,0.61,5.63,0.44,37.88,0.39,C3'-endo
46,46,0.61,A,A,A,1,0,0,0,0,.,22,1,tWH,tW-M,5.33,4.65,3.56,1.43,3.69,5.12,4.86,4.17,BI,anti,.,2.65,4.60,1.49,3.02,2.40,3.10,3.35,3.18,0.04,5.86,0.62,5.67,0.36,36.68,0.26,C3'-endo
47,47,0.63,C,C,C,0,1,0,0,0,.,15,1,tWW,tW+W,4.55,2.37,2.82,2.58,3.56,1.58,1.98,4.14,..,anti,.,2.01,2.04,4.53,0.22,4.47,5.71,4.32,3.69,5.86,0.68,5.63,0.43,6.28,39.62,2.82,C2'-endo
48,48,0.64,C,C,C,0,1,0,0,0,(,64,1,cWW,cW-W,2.28,2.38,5.85,1.39,3.69,4.84,5.13,3.51,BI,anti,A,4.39,4.61,5.18,3.41,6.05,3.57,2.18,4.07,6.28,5.88,0.63,5.64,0.41,37.99,0.33,C3'-endo
49,49,0.65,G,G,G,0,0,1,0,0,(,63,1,cWW,cW-W,5.29,2.88,0.94,1.38,3.81,4.85,5.25,3.34,BI,anti,A,4.57,4.65,2.99,3.68,3.16,3.68,3.71,4.05,0.01,5.88,0.63,5.64,0.40,37.94,0.31,C3'-endo
50,50,0.67,G,G,G,0,0,1,0,0,(,62,1,cWW,cW-W,5.26,2.85,0.91,1.37,3.23,4.74,4.78,3.29,BI,anti,A,4.44,4.44,2.82,3.72,3.09,3.70,3.78,4.21,6.28,5.88,0.63,5.63,0.41,38.38,0.33,C3'-endo
51,51,0.68,G,G,G,0,0,1,0,0,(,61,1,cWW,cW-W,3.40,3.97,2.16,1.37,4.04,4.75,5.57,3.17,..,anti,A,4.70,4.71,2.84,3.86,3.02,3.81,3.76,4.21,0.01,5.87,0.64,5.64,0.40,38.33,0.30,C3'-endo
52,52,0.69,G,G,G,0,0,1,0,0,(,60,1,cWW,cW-W,5.32,2.70,0.98,1.39,3.62,4.96,4.95,3.24,BI,anti,A,4.59,4.59,2.85,3.68,3.14,3.67,3.93,4.02,6.27,5.89,0.63,5.63,0.41,38.01,0.34,C3'-endo
53,53,0.71,U,U,U,0,0,0,1,0,.,"57,60",2,"tWH,cWW","tW-M,cW-W",5.11,3.15,0.97,1.44,4.34,4.58,6.04,3.46,..,anti,.,4.18,4.64,3.19,3.96,3.28,4.12,3.75,4.98,0.01,5.89,0.60,5.68,0.37,35.87,0.31,C3'-endo
54,54,0.72,U,U,U,0,0,0,1,0,.,17,1,tSW,tm+W,5.54,2.39,0.95,1.45,4.30,4.73,5.86,3.59,..,anti,.,3.94,4.68,2.96,4.55,3.32,3.72,4.34,2.69,0.03,5.89,0.60,5.68,0.36,35.71,0.28,C3'-endo
55,55,0.73,C,C,C,0,1,0,0,0,],18,1,cWW,cW-W,3.04,3.02,0.61,1.45,3.88,5.32,4.85,3.18,BI,anti,.,4.66,4.68,0.25,4.22,0.76,4.32,0.60,5.15,0.07,5.84,0.62,5.68,0.33,36.61,0.21,C3'-endo
56,56,0.75,G,G,G,0,0,1,0,0,.,,0,,,4.92,3.17,1.02,1.46,4.22,4.32,6.18,3.40,..,anti,.,4.42,4.72,2.94,3.54,3.34,3.86,4.47,4.09,0.07,5.85,0.61,5.70,0.33,35.68,0.22,C3'-endo
57,57,0.76,A,A,A,1,0,0,0,0,.,53,1,tHW,tM-W,5.51,3.03,1.33,2.56,4.70,3.34,1.36,4.67,BII,anti,.,0.45,0.77,4.15,3.86,4.30,3.02,4.09,2.55,5.91,0.62,5.67,0.42,6.25,36.54,2.86,C2'-endo
58,58,0.77,C,C,C,0,1,0,0,0,.,,0,,,1.99,3.42,0.84,1.39,4.01,5.51,4.78,3.50,..,anti,.,4.34,4.70,0.44,4.42,0.72,4.66,1.06,5.59,0.01,5.87,0.64,5.64,0.40,38.25,0.31,C3'-endo
59,59,0.79,U,U,U,0,0,0,1,0,.,,0,,,4.87,3.07,1.48,2.47,4.44,5.38,5.34,4.22,..,anti,.,1.26,1.23,3.34,5.50,4.12,5.03,5.16,5.54,5.85,0.64,5.70,0.35,0.05,36.41,2.74,C2'-endo
60,60,0.80,C,C,C,0,1,0,0,0,),"52,53",2,"cWW,cWW","cW-W,cW-W",4.72,3.32,0.48,1.37,3.60,4.95,4.93,3.36,BI,anti,A,4.54,4.58,1.95,3.42,2.72,3.56,3.37,4.07,6.28,5.88,0.64,5.63,0.41,38.42,0.32,C3'-endo
61,61,0.81,C,C,C,0,1,0,0,0,),51,1,cWW,cW-W,4.96,3.00,1.23,1.45,3.63,5.08,4.84,3.28,BI,anti,A,4.52,4.54,3.01,3.81,3.21,3.80,3.81,4.25,0.02,5.89,0.59,5.68,0.37,35.52,0.30,C3'-endo
62,62,0.83,C,C,C,0,1,0,0,0,),50,1,cWW,cW-W,4.97,3.22,0.93,1.45,3.71,5.04,4.95,3.45,BI,anti,A,4.43,4.59,2.90,3.82,3.13,3.83,3.84,4.28,0.04,5.87,0.61,5.68,0.36,36.08,0.27,C3'-endo
63,63,0.84,C,C,C,0,1,0,0,0,),49,1,cWW,cW-W,5.10,2.95,1.00,1.36,3.67,4.96,4.99,3.42,BI,anti,A,4.48,4.60,2.85,3.67,3.12,3.69,3.84,4.11,6.27,5.89,0.64,5.62,0.43,38.88,0.35,C3'-endo
64,64,0.85,G,G,G,0,0,1,0,0,),48,1,cWW,cW-W,5.19,2.87,1.06,1.41,3.66,4.95,4.99,3.33,BI,anti,A,4.50,4.55,2.96,3.70,3.22,3.67,3.90,3.96,6.28,5.90,0.61,5.66,0.40,36.88,0.33,C3'-endo
65,65,0.87,U,U,U,0,0,0,1,0,),7,1,cWW,cW-W,5.20,3.06,0.85,1.34,3.96,4.74,5.50,3.52,BI,anti,A,4.30,4.68,2.97,3.69,3.10,3.78,3.59,4.35,6.27,5.89,0.64,5.62,0.43,38.96,0.35,C3'-endo
66,66,0.88,A,A,A,1,0,0,0,0,),6,1,cWW,cW-W,5.51,2.72,0.77,1.38,3.72,4.77,5.23,3.26,BI,anti,A,4.60,4.61,2.88,3.59,3.12,3.63,3.91,3.96,6.27,5.89,0.63,5.63,0.41,38.12,0.34,C3'-endo
67,67,0.89,U,U,U,0,0,0,1,0,),5,1,cWW,cW-W,5.39,2.99,0.79,1.42,3.74,4.97,5.06,3.41,BI,anti,A,4.49,4.61,3.04,3.76,3.17,3.77,3.64,4.16,0.02,5.87,0.62,5.65,0.38,37.37,0.29,C3'-endo
68,68,0.91,C,C,C,0,1,0,0,0,),4,1,cWW,cW-W,5.22,2.94,0.94,1.33,3.66,4.80,5.14,3.39,BI,anti,A,4.52,4.60,2.90,3.50,3.12,3.52,3.77,3.85,6.25,5.88,0.65,5.60,0.45,40.08,0.37,C3'-endo
69,69,0.92,G,G,G,0,0,1,0,0,),3,1,cWW,cW-W,5.39,2.86,0.85,1.37,3.98,4.74,5.52,3.37,BI,anti,A,4.46,4.66,3.04,3.73,3.16,3.77,3.63,4.19,0.01,5.87,0.64,5.63,0.41,38.60,0.31,C3'-endo
70,70,0.93,G,G,G,0,0,1,0,0,),2,1,cWW,cW-W,5.45,2.68,0.83,1.37,3.33,4.77,4.84,3.39,BI,anti,A,4.42,4.44,2.82,3.93,3.11,3.85,3.82,4.33,6.26,5.90,0.62,5.64,0.42,37.81,0.35,C3'-endo
71,71,0.95,A,A,A,1,0,0,0,0,),1,1,cWW,cW-W,2.81,3.94,2.91,1.47,4.67,4.19,0.48,3.04,..,anti,.,4.13,4.26,3.23,4.04,3.45,3.82,4.19,4.27,6.20,5.99,0.54,5.68,0.43,34.28,0.46,C3'-endo
72,72,0.96,G,G,G,0,0,1,0,0,.,,0,,,1.60,4.24,3.44,1.40,4.21,4.70,5.79,3.04,..,anti,A,4.62,4.67,2.54,3.46,2.88,3.65,3.68,4.08,0.01,5.88,0.63,5.65,0.39,37.77,0.30,C3'-endo
73,73,0.97,C,C,C,0,1,0,0,0,.,,0,,,5.72,2.85,0.87,2.40,4.83,3.90,0.93,4.01,..,anti,.,0.93,0.83,3.63,4.81,4.03,3.90,4.44,2.93,5.82,0.63,5.74,0.29,0.10,35.42,2.65,C2'-endo
74,74,0.99,C,C,C,0,1,0,0,0,.,,0,,,1.11,2.84,1.02,1.47,4.03,4.88,5.43,3.71,BI,anti,.,3.79,4.58,5.03,3.93,5.93,3.86,0.63,3.67,6.26,5.92,0.59,5.67,0.40,35.90,0.36,C3'-endo
75,75,1.00,A,A,A,1,0,0,0,0,.,0,1,cSW,cm-W,5.10,2.45,2.91,1.40,,,,3.14,n/a,anti,-,,,,,,,,,0.10,5.80,0.67,5.66,0.33,38.91,0.18,C3'-endo
