index_chain,old_nt_resnum,nt_position,nt_name,nt_code,nt_align_code,is_A,is_C,is_G,is_U,is_other,dbn,paired,nb_interact,pair_type_LW,pair_type_DSSR,alpha,beta,gamma,delta,epsilon,zeta,epsilon_zeta,chi,bb_type,glyco_bond,form,ssZp,Dp,eta,theta,eta_prime,theta_prime,eta_base,theta_base,v0,v1,v2,v3,v4,amplitude,phase_angle,puckering
1,1,0.00,A,A,A,1,0,0,0,0,(,335,1,cWW,cW-W,,3.26,0.90,1.44,3.79,4.78,5.30,3.15,BI,anti,.,4.66,4.67,,3.60,,3.70,,4.02,0.07,5.84,0.62,5.69,0.33,36.38,0.21,C3'-endo
2,2,0.01,A,A,A,1,0,0,0,0,(,334,1,cWW,cW-W,5.19,3.07,0.90,1.44,3.80,4.96,5.12,3.20,BI,anti,A,4.67,4.68,3.02,3.82,3.13,3.87,3.57,4.38,0.07,5.84,0.62,5.68,0.33,36.54,0.21,C3'-endo
3,3,0.01,U,U,U,0,0,0,1,0,(,333,1,cWW,cW-W,5.22,3.00,0.91,1.42,3.64,5.01,4.92,3.36,BI,anti,A,4.56,4.63,2.92,3.73,3.18,3.74,3.97,4.19,0.06,5.84,0.63,5.67,0.35,37.26,0.24,C3'-endo
4,4,0.01,C,C,C,0,1,0,0,0,(,332,1,cWW,cW-W,5.20,2.98,0.94,1.39,3.66,4.96,4.99,3.37,BI,anti,A,4.58,4.66,2.94,3.68,3.18,3.69,3.91,4.10,0.05,5.84,0.65,5.65,0.37,38.33,0.26,C3'-endo
5,5,0.01,C,C,C,0,1,0,0,0,(,331,1,cWW,cW-W,5.25,2.92,0.99,1.37,3.95,4.88,5.35,3.30,BI,anti,A,4.69,4.77,3.02,3.78,3.22,3.79,3.87,4.14,0.06,5.82,0.67,5.63,0.37,39.48,0.24,C3'-endo
6,6,0.02,A,A,A,1,0,0,0,0,(,330,1,cWW,cW-W,4.94,2.98,1.04,1.39,3.56,4.97,4.87,3.37,BI,anti,A,4.56,4.61,2.73,3.61,2.95,3.61,3.59,3.95,0.03,5.86,0.64,5.64,0.38,38.19,0.28,C3'-endo
7,7,0.02,U,U,U,0,0,0,1,0,(,329,1,cWW,cW-W,5.18,3.00,1.04,1.41,3.70,5.00,4.99,3.38,BI,anti,A,4.54,4.63,3.05,3.76,3.24,3.78,3.81,4.39,0.03,5.87,0.63,5.66,0.38,37.31,0.28,C3'-endo
8,8,0.02,G,G,G,0,0,1,0,0,(,327,1,cWW,cW-W,5.15,2.89,1.03,1.43,3.70,4.95,5.03,3.23,BI,anti,A,4.64,4.65,2.91,3.74,3.21,3.73,4.15,4.15,0.07,5.84,0.63,5.68,0.34,36.77,0.22,C3'-endo
9,9,0.03,A,A,A,1,0,0,0,0,(,326,1,cWW,cW-W,5.08,3.02,0.99,1.43,3.74,5.00,5.03,3.26,BI,anti,A,4.65,4.68,2.92,3.80,3.13,3.82,3.84,4.37,0.08,5.83,0.63,5.68,0.33,37.08,0.21,C3'-endo
10,10,0.03,C,C,C,0,1,0,0,0,(,325,1,cWW,cW-W,5.10,2.97,1.02,1.42,3.55,4.97,4.86,3.29,BI,anti,A,4.61,4.62,2.88,3.62,3.16,3.60,4.06,3.79,0.08,5.82,0.64,5.67,0.34,37.74,0.21,C3'-endo
11,11,0.03,C,C,C,0,1,0,0,0,(,324,1,cWW,cW-W,5.08,3.11,1.00,1.40,3.66,5.09,4.85,3.26,BI,anti,A,4.66,4.66,2.99,3.78,3.13,3.81,3.56,4.39,0.06,5.84,0.65,5.65,0.36,38.14,0.24,C3'-endo
12,12,0.04,A,A,A,1,0,0,0,0,(,323,1,cWW,cW-W,5.00,3.02,1.08,1.43,3.71,4.86,5.13,3.18,BI,anti,A,4.66,4.66,2.90,3.64,3.18,3.66,4.08,3.94,0.06,5.85,0.63,5.67,0.35,36.90,0.23,C3'-endo
13,13,0.04,A,A,A,1,0,0,0,0,(,322,1,cWW,cW-W,5.01,3.03,1.12,1.46,3.96,4.75,5.50,3.18,BI,anti,A,4.62,4.65,3.06,3.76,3.19,3.79,3.64,4.21,0.03,5.89,0.59,5.70,0.35,34.99,0.28,C3'-endo
14,14,0.04,A,A,A,1,0,0,0,0,(,317,1,cWW,cW-W,5.13,2.69,1.21,1.50,3.39,5.16,4.51,3.23,BI,anti,.,3.97,4.16,2.90,3.86,3.25,3.93,3.96,4.73,6.21,6.01,0.49,5.73,0.39,31.51,0.45,C3'-endo
15,15,0.04,G,G,G,0,0,1,0,0,(,"300,316",2,"tSW,cWW","tm+W,cW-W",4.57,3.58,1.33,2.58,0.04,5.18,1.15,4.24,..,anti,.,-0.45,0.56,3.12,1.87,4.17,0.94,4.90,2.08,6.04,0.51,5.71,0.45,6.15,32.88,3.05,C2'-endo
16,16,0.05,A,A,A,1,0,0,0,0,(,275,1,cWW,cW-W,2.88,2.98,5.23,1.51,3.49,5.09,4.69,3.58,BI,anti,A,4.35,4.61,4.48,3.15,4.26,3.35,3.60,3.97,0.16,5.78,0.63,5.73,0.25,36.19,0.08,C3'-endo
17,17,0.05,A,A,A,1,0,0,0,0,(,274,1,cWW,cW-W,4.90,2.85,1.29,1.46,3.52,5.05,4.75,3.47,BI,anti,.,4.49,4.62,2.89,3.71,3.22,3.62,3.94,3.88,0.11,5.81,0.64,5.69,0.30,37.02,0.15,C3'-endo
18,18,0.05,U,U,U,0,0,0,1,0,(,273,1,cWW,cW-W,5.08,3.21,0.95,1.41,3.60,4.99,4.89,3.21,BI,anti,A,4.63,4.63,3.00,3.65,3.17,3.69,3.70,4.01,0.06,5.84,0.64,5.66,0.35,37.64,0.23,C3'-endo
19,19,0.06,C,C,C,0,1,0,0,0,(,272,1,cWW,cW-W,5.14,3.15,0.95,1.41,3.58,4.98,4.88,3.31,BI,anti,A,4.57,4.60,3.01,3.62,3.19,3.64,3.70,3.99,0.04,5.85,0.63,5.66,0.37,37.34,0.26,C3'-endo
20,20,0.06,G,G,G,0,0,1,0,0,(,271,1,cWW,cW-W,5.17,3.02,0.95,1.42,3.65,4.97,4.96,3.31,BI,anti,A,4.59,4.62,2.97,3.70,3.17,3.72,3.74,4.13,0.04,5.86,0.62,5.67,0.36,36.93,0.26,C3'-endo
21,21,0.06,U,U,U,0,0,0,1,0,(,270,1,cWW,cW-W,5.20,3.05,0.93,1.42,3.77,4.73,5.32,3.41,BI,anti,.,4.54,4.67,3.01,3.57,3.21,3.63,3.83,3.96,0.05,5.85,0.63,5.67,0.35,37.24,0.24,C3'-endo
22,22,0.07,C,C,C,0,1,0,0,0,(,269,1,cWW,cW-W,5.31,2.88,1.02,1.39,3.67,2.96,0.71,3.48,..,anti,.,4.48,4.67,3.06,1.48,3.23,1.90,3.70,2.92,0.06,5.83,0.65,5.65,0.36,38.35,0.24,C3'-endo
23,23,0.07,A,A,A,1,0,0,0,0,.,,0,,,4.97,3.33,1.01,1.45,3.76,4.84,5.20,3.28,BI,anti,A,4.62,4.66,3.71,3.67,3.32,3.74,2.28,4.11,0.08,5.84,0.62,5.69,0.32,36.11,0.20,C3'-endo
24,24,0.07,C,C,C,0,1,0,0,0,.,,0,,,5.20,2.97,0.97,1.42,0.53,2.83,3.98,3.42,..,anti,.,2.75,3.05,3.68,5.05,3.79,4.05,4.19,3.87,0.07,5.84,0.63,5.68,0.34,36.76,0.22,C3'-endo
25,25,0.07,A,A,A,1,0,0,0,0,.,,0,,,0.52,3.34,0.56,1.32,1.08,5.25,2.12,4.50,..,anti,.,0.90,3.00,5.15,1.26,0.01,1.15,6.26,1.45,0.01,5.89,0.61,5.66,0.39,36.74,0.31,C3'-endo
26,26,0.08,A,A,A,1,0,0,0,0,.,,0,,,4.36,2.41,2.97,1.42,3.65,4.69,5.25,3.70,BI,anti,.,4.03,4.58,3.70,2.65,3.60,2.91,3.86,3.49,0.01,5.89,0.61,5.67,0.38,36.34,0.30,C3'-endo
27,27,0.08,A,A,A,1,0,0,0,0,.,,0,,,5.43,2.68,0.99,1.46,3.73,4.69,5.32,3.61,BI,anti,.,4.22,4.66,3.07,3.64,3.27,3.62,3.87,3.89,0.09,5.83,0.62,5.70,0.31,36.05,0.19,C3'-endo
28,28,0.08,U,U,U,0,0,0,1,0,.,,0,,,5.46,2.68,1.00,1.44,4.08,4.89,5.47,3.55,..,anti,.,4.20,4.72,3.17,4.41,3.35,3.68,3.79,2.56,0.05,5.86,0.62,5.68,0.35,36.37,0.24,C3'-endo
29,29,0.09,C,C,C,0,1,0,0,0,(,78,1,cWW,cW-W,3.10,3.10,0.83,1.42,3.67,5.70,4.25,3.44,BI,anti,.,4.50,4.65,0.58,4.38,1.01,4.13,0.59,4.33,0.06,5.84,0.64,5.67,0.35,37.34,0.23,C3'-endo
30,30,0.09,G,G,G,0,0,1,0,0,.,,0,,,3.38,2.38,2.76,1.42,3.75,4.96,5.08,3.30,BI,anti,A,4.63,4.67,2.80,3.03,3.06,3.23,3.63,3.87,0.05,5.85,0.63,5.67,0.35,37.16,0.24,C3'-endo
31,31,0.09,A,A,A,1,0,0,0,0,(,76,1,cWW,cW-W,5.27,2.96,0.93,1.43,3.88,4.64,5.52,3.26,BI,anti,A,4.62,4.67,3.02,3.61,3.26,3.67,4.01,4.06,0.04,5.87,0.61,5.68,0.36,36.23,0.27,C3'-endo
32,32,0.10,A,A,A,1,0,0,0,0,(,"75,76",2,"cWW,cWW","cW-W,cW-W",5.36,2.73,0.96,1.45,3.77,4.86,5.20,3.36,BI,anti,A,4.54,4.64,3.00,3.78,3.20,3.77,3.77,4.27,0.05,5.86,0.61,5.69,0.34,35.88,0.24,C3'-endo
33,33,0.10,G,G,G,0,0,1,0,0,(,"74,75",2,"cWW,cWW","cW-W,cW-W",5.31,2.83,0.94,1.44,3.67,4.83,5.12,3.44,BI,anti,A,4.48,4.63,2.95,3.65,3.22,3.65,4.01,3.93,0.07,5.85,0.62,5.69,0.33,36.33,0.22,C3'-endo
34,34,0.10,C,C,C,0,1,0,0,0,(,73,1,cWW,cW-W,5.31,2.88,0.96,1.42,3.74,1.19,2.55,3.50,..,anti,.,4.41,4.65,3.04,0.61,3.23,5.98,3.73,5.37,0.04,5.86,0.62,5.67,0.36,36.95,0.26,C3'-endo
35,35,0.10,U,U,U,0,0,0,1,0,.,,0,,,1.33,1.84,3.02,1.41,4.02,4.45,5.85,3.56,..,anti,.,4.21,4.71,1.08,2.32,1.70,2.65,2.61,3.03,0.03,5.87,0.63,5.66,0.38,37.33,0.28,C3'-endo
36,36,0.11,U,U,U,0,0,0,1,0,.,,0,,,4.93,2.42,3.05,2.53,4.06,2.34,1.72,4.36,..,anti,.,1.51,1.56,5.35,0.85,5.00,1.50,4.53,2.30,5.89,0.62,5.68,0.40,6.28,36.56,2.83,C2'-endo
37,37,0.11,A,A,A,1,0,0,0,0,.,,0,,,4.70,3.60,1.08,1.46,4.36,4.68,5.97,3.82,..,anti,.,3.25,4.74,4.02,4.02,3.56,4.25,3.23,4.70,0.07,5.85,0.61,5.70,0.33,35.77,0.21,C3'-endo
38,38,0.11,C,C,C,0,1,0,0,0,.,,0,,,5.31,3.36,1.12,1.43,3.70,4.07,5.91,3.47,..,anti,.,4.45,4.64,3.46,3.20,3.60,2.83,3.88,2.17,0.05,5.85,0.62,5.67,0.35,36.85,0.25,C3'-endo
39,39,0.12,A,A,A,1,0,0,0,0,.,,0,,,3.22,3.41,0.95,2.53,4.19,4.51,5.97,4.99,..,anti,.,0.83,1.40,1.43,5.37,1.59,4.75,1.10,3.93,5.89,0.63,5.67,0.40,6.28,36.79,2.82,C2'-endo
40,40,0.12,A,A,A,1,0,0,0,0,.,,0,,,2.70,4.05,4.89,1.40,3.37,4.33,5.33,0.76,BI,syn,.,-3.68,4.46,4.86,2.14,5.35,1.98,0.29,4.64,6.28,5.89,0.61,5.66,0.40,36.89,0.33,C3'-endo
41,41,0.12,A,A,A,1,0,0,0,0,.,,0,,,2.56,2.48,0.66,2.55,4.02,1.61,2.41,4.12,..,anti,.,1.53,1.55,5.96,2.05,0.14,1.34,3.56,2.79,5.91,0.62,5.67,0.41,6.26,36.73,2.85,C2'-endo
42,42,0.13,A,A,A,1,0,0,0,0,.,,0,,,0.69,2.95,0.88,2.55,4.36,3.58,0.79,4.17,BII,anti,.,1.11,1.16,5.48,3.93,5.75,3.17,4.27,2.60,5.91,0.62,5.67,0.41,6.26,36.73,2.86,C2'-endo
43,43,0.13,U,U,U,0,0,0,1,0,.,,0,,,0.84,3.46,1.07,1.42,3.58,1.05,2.53,3.47,..,anti,.,4.46,4.60,5.70,5.80,5.92,4.84,0.05,3.79,0.05,5.85,0.62,5.67,0.36,36.94,0.25,C3'-endo
44,44,0.13,G,G,G,0,0,1,0,0,.,,0,,,4.32,4.31,3.14,1.42,3.81,3.27,0.54,4.26,..,anti,.,2.13,4.65,5.62,1.53,0.56,1.34,1.04,1.84,0.03,5.87,0.62,5.67,0.37,36.73,0.28,C3'-endo
45,45,0.13,G,G,G,0,0,1,0,0,(,64,1,cWW,cW-W,5.81,4.08,5.52,1.43,3.75,4.84,5.19,3.30,BI,anti,A,4.60,4.65,3.26,2.78,2.89,3.11,2.45,3.87,0.05,5.86,0.62,5.67,0.35,36.71,0.25,C3'-endo
46,46,0.14,A,A,A,1,0,0,0,0,(,63,1,cWW,cW-W,5.31,2.90,0.92,1.43,3.74,5.05,4.98,3.36,BI,anti,.,4.59,4.68,3.01,4.33,3.22,4.14,3.88,4.46,0.08,5.83,0.64,5.67,0.34,37.20,0.21,C3'-endo
47,47,0.14,G,G,G,0,0,1,0,0,(,62,1,cWW,cW-W,2.89,3.31,2.95,1.42,3.57,4.92,4.93,3.49,BI,anti,A,4.42,4.59,2.73,3.14,3.11,3.18,3.83,3.54,0.04,5.86,0.63,5.66,0.37,37.17,0.26,C3'-endo
48,48,0.14,U,U,U,0,0,0,1,0,(,61,1,cWW,cW-W,5.20,2.89,1.03,1.41,3.92,4.91,5.29,3.55,BI,anti,A,4.27,4.70,3.03,3.84,3.20,3.83,3.69,4.36,0.04,5.86,0.63,5.66,0.37,37.23,0.27,C3'-endo
49,49,0.15,A,A,A,1,0,0,0,0,(,60,1,cWW,cW-W,5.06,3.06,0.85,1.43,3.82,4.69,5.41,3.15,BI,anti,A,4.62,4.64,2.78,3.55,2.98,3.63,3.76,3.89,0.03,5.88,0.60,5.68,0.36,35.92,0.27,C3'-endo
50,50,0.15,A,A,A,1,0,0,0,0,.,59,1,cWW,cW-W,5.16,2.95,0.97,1.45,3.72,4.77,5.24,3.32,BI,anti,A,4.56,4.62,2.97,3.60,3.10,3.61,3.50,3.85,0.06,5.86,0.61,5.69,0.33,35.70,0.23,C3'-endo
51,51,0.15,A,A,A,1,0,0,0,0,(,"58,59",2,"cWW,cWW","cW-W,cW-W",5.21,2.86,1.01,1.46,4.18,4.56,5.90,3.36,..,anti,.,4.43,4.66,3.10,3.82,3.22,3.89,3.60,4.69,0.04,5.88,0.59,5.70,0.35,35.02,0.27,C3'-endo
52,52,0.16,A,A,A,1,0,0,0,0,.,57,1,cWW,cW-W,5.41,2.41,1.01,1.48,3.82,4.98,5.12,3.45,BI,anti,A,4.46,4.67,2.84,4.01,3.21,3.94,4.29,4.48,0.09,5.84,0.61,5.71,0.30,35.49,0.18,C3'-endo
53,53,0.16,U,U,U,0,0,0,1,0,.,,0,,,5.28,2.81,0.98,1.42,3.94,5.42,4.80,3.45,BI,anti,.,4.48,4.74,2.96,5.01,3.29,4.31,4.22,3.43,0.08,5.83,0.64,5.67,0.33,37.44,0.20,C3'-endo
54,54,0.16,U,U,U,0,0,0,1,0,.,,0,,,1.80,2.45,1.08,1.39,2.87,2.38,0.49,3.40,..,anti,.,4.29,4.29,5.20,1.16,6.17,4.21,0.17,4.10,0.08,5.81,0.66,5.65,0.35,38.72,0.21,C3'-endo
55,55,0.16,U,U,U,0,0,0,1,0,.,,0,,,2.16,1.46,1.54,1.39,2.99,0.45,2.54,3.89,..,anti,.,3.73,4.28,5.32,5.16,2.71,4.30,3.00,4.65,0.02,5.87,0.63,5.65,0.38,37.40,0.29,C3'-endo
56,56,0.17,U,U,U,0,0,0,1,0,.,,0,,,3.22,2.25,2.64,1.43,4.44,5.61,5.11,3.30,..,anti,.,4.46,4.69,2.94,4.22,3.41,4.46,4.35,5.40,0.02,5.88,0.60,5.68,0.37,35.91,0.29,C3'-endo
57,57,0.17,G,G,G,0,0,1,0,0,.,52,1,cWW,cW-W,4.87,3.02,1.03,1.49,3.68,5.08,4.88,3.31,BI,anti,A,4.49,4.56,2.46,3.91,3.26,3.91,4.64,4.44,0.06,5.87,0.58,5.72,0.32,34.15,0.23,C3'-endo
58,58,0.17,U,U,U,0,0,0,1,0,.,51,1,cWW,cW-W,5.14,3.08,0.91,1.49,3.62,4.80,5.10,3.55,BI,anti,.,4.17,4.45,2.95,3.57,3.25,3.60,4.06,3.80,0.01,5.92,0.55,5.72,0.34,33.18,0.30,C3'-endo
59,59,0.18,U,U,U,0,0,0,1,0,),"50,51",2,"cWW,cWW","cW-W,cW-W",5.29,3.07,0.77,1.48,3.41,4.64,5.05,3.79,BI,anti,.,3.85,4.42,2.98,3.93,3.13,3.89,3.46,4.35,0.04,5.89,0.58,5.72,0.33,34.02,0.25,C3'-endo
60,60,0.18,U,U,U,0,0,0,1,0,),49,1,cWW,cW-W,2.83,3.98,2.82,1.42,4.23,4.79,5.72,3.46,..,anti,A,4.31,4.74,2.96,3.83,3.26,3.77,3.94,4.28,0.05,5.86,0.62,5.67,0.36,36.87,0.25,C3'-endo
61,61,0.18,A,A,A,1,0,0,0,0,),48,1,cWW,cW-W,5.26,2.95,0.69,1.41,3.42,4.95,4.76,3.39,BI,anti,.,4.46,4.51,2.65,3.99,2.95,3.84,3.79,4.02,0.03,5.87,0.62,5.66,0.37,36.94,0.27,C3'-endo
62,62,0.19,C,C,C,0,1,0,0,0,),47,1,cWW,cW-W,2.75,3.43,3.14,1.43,3.66,4.96,4.98,3.17,BI,anti,A,4.55,4.59,2.96,3.19,3.18,3.30,3.69,3.60,0.04,5.87,0.61,5.67,0.36,36.49,0.27,C3'-endo
63,63,0.19,U,U,U,0,0,0,1,0,),46,1,cWW,cW-W,5.16,3.23,0.85,1.44,3.68,4.94,5.02,3.45,BI,anti,A,4.42,4.59,3.03,3.69,3.17,3.75,3.56,4.29,0.04,5.88,0.60,5.68,0.36,35.88,0.27,C3'-endo
64,64,0.19,C,C,C,0,1,0,0,0,),45,1,cWW,cW-W,5.26,2.94,0.92,1.42,4.53,4.08,0.45,3.53,..,anti,.,3.97,4.72,3.19,3.54,3.34,3.78,3.97,4.17,0.04,5.86,0.62,5.67,0.36,36.94,0.26,C3'-endo
65,65,0.19,A,A,A,1,0,0,0,0,.,,0,,,5.36,2.56,1.09,1.42,3.93,2.46,1.46,3.59,..,anti,.,4.20,4.73,3.20,1.00,3.28,0.14,3.57,5.49,0.07,5.84,0.64,5.67,0.35,37.42,0.23,C3'-endo
66,66,0.20,G,G,G,0,0,1,0,0,.,,0,,,3.30,2.27,0.28,2.54,6.22,5.25,0.97,4.55,..,anti,.,-0.22,0.91,0.88,1.78,2.30,0.38,2.93,0.04,5.90,0.63,5.66,0.42,6.26,36.99,2.86,C2'-endo
67,67,0.20,U,U,U,0,0,0,1,0,.,,0,,,3.00,3.28,1.20,1.40,3.17,0.61,2.57,3.49,..,anti,.,4.36,4.41,0.60,5.45,0.94,5.31,1.27,5.40,0.03,5.86,0.63,5.65,0.38,37.63,0.28,C3'-endo
68,68,0.20,A,A,A,1,0,0,0,0,.,,0,,,3.68,4.42,1.38,1.53,4.74,3.25,1.49,3.69,BII,anti,.,3.10,4.22,3.62,3.90,4.19,3.91,4.62,4.18,6.22,6.00,0.49,5.74,0.38,31.19,0.44,C3'-endo
69,69,0.21,A,A,A,1,0,0,0,0,.,,0,,,1.73,4.61,2.79,1.50,3.73,4.76,5.25,3.71,BI,anti,.,3.90,4.49,2.54,4.44,2.97,4.04,3.44,4.46,0.04,5.92,0.54,5.75,0.32,32.16,0.26,C3'-endo
70,70,0.21,U,U,U,0,0,0,1,0,.,,0,,,2.64,3.96,3.03,1.43,4.45,2.62,1.83,3.50,BII,anti,.,4.07,4.70,3.01,1.38,3.42,1.51,4.27,1.17,0.03,5.87,0.62,5.67,0.37,36.78,0.28,C3'-endo
71,71,0.21,A,A,A,1,0,0,0,0,.,,0,,,3.36,3.31,1.05,2.55,4.23,1.67,2.56,4.15,..,anti,.,1.31,1.34,2.54,2.08,2.62,1.77,2.53,1.90,5.91,0.61,5.67,0.41,6.25,36.44,2.86,C2'-endo
72,72,0.21,U,U,U,0,0,0,1,0,.,,0,,,0.78,3.13,5.15,2.55,4.02,1.69,2.33,4.19,..,anti,.,1.57,1.58,3.97,1.47,3.76,1.32,3.47,1.48,5.91,0.62,5.67,0.41,6.26,36.66,2.86,C2'-endo
73,73,0.22,G,G,G,0,0,1,0,0,),34,1,cWW,cW-W,1.68,3.89,2.91,1.46,4.04,4.87,5.45,3.36,..,anti,.,4.44,4.61,2.68,3.72,2.64,3.73,2.72,4.60,0.01,5.91,0.58,5.69,0.37,34.74,0.31,C3'-endo
74,74,0.22,C,C,C,0,1,0,0,0,),33,1,cWW,cW-W,5.35,2.67,0.95,1.44,4.15,4.54,5.89,3.52,..,anti,.,4.25,4.74,2.93,3.70,3.29,3.71,4.43,3.66,0.06,5.85,0.62,5.68,0.34,36.49,0.23,C3'-endo
75,75,0.22,U,U,U,0,0,0,1,0,),"32,33",2,"cWW,cWW","cW-W,cW-W",5.07,2.89,0.86,1.48,3.56,4.95,4.89,3.67,BI,anti,A,4.07,4.50,2.74,3.68,2.87,3.67,3.02,4.07,0.04,5.89,0.58,5.71,0.33,34.22,0.26,C3'-endo
76,76,0.23,U,U,U,0,0,0,1,0,),"31,32",2,"cWW,cWW","cW-W,cW-W",5.14,2.92,1.03,1.46,4.39,4.32,0.07,3.66,..,anti,.,3.68,4.67,3.15,3.54,3.31,3.61,3.84,4.14,0.04,5.88,0.60,5.70,0.34,35.28,0.26,C3'-endo
77,77,0.23,U,U,U,0,0,0,1,0,.,,0,,,5.06,2.04,1.42,1.57,3.87,4.78,5.37,3.44,BI,anti,.,4.48,4.69,2.78,3.91,3.14,3.72,3.86,3.94,0.21,5.74,0.64,5.75,0.20,36.53,6.27,C2'-exo
78,78,0.23,G,G,G,0,0,1,0,0,),"29,267",2,"cWW,tSW","cW-W,tm+W",5.63,3.15,0.59,1.57,4.56,3.70,0.86,3.62,..,anti,.,3.70,4.70,3.46,3.46,3.57,3.48,3.92,3.60,0.18,5.77,0.63,5.74,0.23,36.08,0.04,C3'-endo
79,79,0.24,G,G,G,0,0,1,0,0,.,,0,,,1.02,3.89,4.53,1.73,4.49,3.64,0.85,3.83,..,anti,.,3.10,4.78,3.58,1.60,3.33,2.86,3.16,3.58,0.39,5.67,0.59,5.90,6.28,35.85,5.95,C2'-exo
80,80,0.24,G,G,G,0,0,1,0,0,{,302,1,cWW,cW-W,4.90,3.98,1.09,1.69,3.21,2.74,0.47,4.56,..,anti,.,1.41,4.39,4.40,1.51,3.51,1.22,2.87,0.43,0.37,5.67,0.61,5.87,0.03,36.31,6.00,C2'-exo
81,81,0.24,U,U,U,0,0,0,1,0,.,263,1,cWH,cW+M,5.58,2.86,5.47,2.62,4.13,6.04,4.38,5.51,..,...,.,-0.58,1.63,2.29,5.71,2.48,4.97,2.90,4.37,6.06,0.50,5.71,0.46,6.13,33.02,3.08,C2'-endo
82,82,0.24,U,U,U,0,0,0,1,0,.,,0,,,4.58,3.87,3.23,2.57,4.41,1.95,2.46,4.25,..,anti,.,1.04,1.09,5.89,0.89,0.47,1.09,0.98,1.38,5.91,0.62,5.66,0.42,6.25,36.95,2.87,C2'-endo
83,83,0.25,G,G,G,0,0,1,0,0,.,"302,315",2,"cWW,t.W","cW-W,t.+W",2.35,1.31,3.68,2.59,3.55,4.11,5.72,3.54,BI,anti,.,1.32,1.93,3.32,2.22,2.73,2.46,2.42,2.37,5.92,0.63,5.65,0.44,6.23,37.61,2.89,C2'-endo
84,84,0.25,A,A,A,1,0,0,0,0,.,314,1,tHW,tM-W,5.14,1.75,3.11,1.42,3.55,4.79,5.04,3.33,BI,anti,.,4.58,4.61,4.80,2.71,4.49,2.59,4.36,1.73,0.07,5.84,0.64,5.67,0.34,37.32,0.22,C3'-endo
85,85,0.25,A,A,A,1,0,0,0,0,.,303,1,tWS,tW+m,2.49,2.69,2.82,1.42,3.45,0.64,2.81,4.38,..,anti,.,1.99,4.53,1.99,4.92,2.03,4.99,1.30,5.51,0.04,5.86,0.62,5.67,0.36,36.79,0.26,C3'-endo
86,86,0.26,A,A,A,1,0,0,0,0,[,313,1,cWW,cW-W,3.85,3.57,1.03,1.44,4.18,4.78,5.68,3.10,..,anti,.,4.71,4.73,2.56,3.97,3.34,4.12,4.14,4.86,0.05,5.85,0.62,5.68,0.35,36.44,0.24,C3'-endo
87,87,0.26,G,G,G,0,0,1,0,0,.,,0,,,5.35,2.84,0.88,1.43,4.34,3.68,0.66,3.46,..,anti,.,4.29,4.79,3.04,3.39,3.30,2.92,4.19,2.39,0.09,5.82,0.64,5.68,0.33,37.29,0.19,C3'-endo
88,88,0.26,U,U,U,0,0,0,1,0,.,0,1,tWW,tW+W,2.59,3.47,0.87,2.55,4.82,4.37,0.44,3.90,..,anti,.,0.56,0.60,1.08,5.63,1.39,5.04,1.10,5.32,5.92,0.61,5.68,0.42,6.25,36.10,2.87,C2'-endo
89,89,0.27,C,C,C,0,1,0,0,0,[,311,1,cWW,cW-W,1.40,2.73,5.21,1.42,3.69,4.96,5.02,3.27,BI,anti,A,4.65,4.66,2.76,3.12,3.42,3.38,3.80,4.01,0.06,5.84,0.64,5.67,0.35,37.42,0.23,C3'-endo
90,90,0.27,U,U,U,0,0,0,1,0,[,310,1,cWW,cW-W,5.05,3.11,1.00,1.43,3.63,5.09,4.83,3.28,BI,anti,A,4.59,4.61,2.95,3.79,3.14,3.81,3.70,4.36,0.05,5.85,0.62,5.67,0.35,36.88,0.25,C3'-endo
91,91,0.27,C,C,C,0,1,0,0,0,[,309,1,cWW,cW-W,5.02,3.09,1.03,1.44,3.44,4.92,4.80,3.35,BI,anti,.,4.46,4.50,2.90,3.49,3.20,3.48,4.06,3.54,0.04,5.87,0.61,5.68,0.35,36.16,0.26,C3'-endo
92,92,0.27,C,C,C,0,1,0,0,0,[,308,1,cWW,cW-W,5.08,3.18,0.97,1.44,3.85,5.06,5.08,3.41,BI,anti,.,4.46,4.62,3.09,3.95,3.15,4.03,3.31,4.88,0.01,5.89,0.60,5.68,0.37,35.79,0.30,C3'-endo
93,93,0.28,C,C,C,0,1,0,0,0,.,,0,,,5.22,2.84,0.99,1.43,4.33,1.86,2.47,3.47,..,anti,.,4.27,4.77,3.02,1.05,3.36,0.50,4.45,5.07,0.08,5.83,0.63,5.68,0.33,37.00,0.21,C3'-endo
94,94,0.28,A,A,A,1,0,0,0,0,(,230,1,cWW,cW-W,3.65,3.96,3.94,1.42,3.83,4.78,5.33,3.34,BI,anti,A,4.63,4.72,6.03,2.85,0.15,3.09,1.97,3.66,0.08,5.82,0.64,5.67,0.34,37.62,0.20,C3'-endo
95,95,0.28,C,C,C,0,1,0,0,0,(,229,1,cWW,cW-W,5.28,2.74,1.10,1.41,3.69,5.04,4.94,3.30,BI,anti,A,4.65,4.68,2.99,3.82,3.24,3.78,3.92,4.21,0.07,5.83,0.65,5.66,0.35,38.03,0.22,C3'-endo
96,96,0.29,C,C,C,0,1,0,0,0,(,228,1,cWW,cW-W,5.13,2.96,1.09,1.40,0.63,2.64,4.26,3.32,..,anti,.,2.79,2.91,3.67,5.02,3.86,4.27,4.47,4.24,0.03,5.87,0.62,5.67,0.37,36.82,0.28,C3'-endo
97,97,0.29,A,A,A,1,0,0,0,0,.,,0,,,1.12,3.61,5.56,2.60,3.89,1.96,1.93,3.72,..,anti,Z,1.44,1.64,4.49,1.52,5.40,1.28,5.38,1.11,5.93,0.62,5.65,0.45,6.22,37.23,2.91,C2'-endo
98,98,0.29,A,A,A,1,0,0,0,0,(,187,1,cWW,cW-W,1.21,3.42,3.31,2.56,4.04,4.36,5.97,1.10,..,syn,.,-1.52,1.53,2.90,3.14,2.67,2.89,2.58,1.91,5.91,0.62,5.67,0.42,6.25,36.79,2.86,C2'-endo
99,99,0.30,U,U,U,0,0,0,1,0,.,,0,,,4.96,3.97,3.01,1.43,3.49,1.57,1.92,3.45,..,anti,.,4.47,4.57,5.74,0.16,6.13,5.93,0.66,5.66,0.06,5.85,0.63,5.67,0.35,37.03,0.24,C3'-endo
100,100,0.30,U,U,U,0,0,0,1,0,.,,0,,,3.15,3.62,0.84,2.54,4.74,5.21,5.82,3.98,..,anti,.,0.61,0.66,2.10,5.65,2.91,5.21,3.63,4.71,5.90,0.62,5.67,0.41,6.26,36.60,2.85,C2'-endo
101,101,0.30,C,C,C,0,1,0,0,0,.,,0,,,4.82,2.92,3.18,1.38,0.57,2.95,3.90,3.55,..,anti,.,2.65,3.09,5.37,4.54,5.80,3.74,0.18,3.11,0.05,5.85,0.64,5.65,0.37,37.98,0.25,C3'-endo
102,102,0.30,G,G,G,0,0,1,0,0,.,,0,,,0.80,3.45,0.43,1.39,4.09,3.19,0.91,3.64,BII,anti,.,3.98,4.71,4.68,2.41,5.86,1.91,0.21,1.35,0.01,5.88,0.62,5.65,0.39,37.33,0.31,C3'-endo
103,103,0.31,U,U,U,0,0,0,1,0,.,,0,,,1.35,3.94,0.99,2.54,4.59,2.74,1.84,3.99,BII,anti,.,0.88,0.87,0.50,3.28,0.69,2.81,0.96,2.27,5.89,0.63,5.66,0.41,6.27,37.21,2.83,C2'-endo
104,104,0.31,A,A,A,1,0,0,0,0,.,,0,,,0.94,2.83,1.07,1.42,0.50,2.94,3.84,3.55,..,anti,.,2.62,3.17,0.25,4.69,0.15,4.71,0.49,5.65,0.09,5.82,0.64,5.68,0.32,37.19,0.19,C3'-endo
105,105,0.31,U,U,U,0,0,0,1,0,.,,0,,,5.07,2.46,0.90,2.50,3.63,1.63,1.99,1.21,..,syn,.,-1.97,1.97,2.69,1.86,3.68,1.03,4.12,5.07,5.87,0.63,5.69,0.37,0.02,36.64,2.78,C2'-endo
106,106,0.32,G,G,G,0,0,1,0,0,(,116,1,cWW,cW-W,0.76,2.96,0.89,1.45,3.92,4.77,5.43,3.23,BI,anti,A,4.63,4.67,5.35,3.75,5.52,3.82,1.28,4.32,0.05,5.87,0.60,5.69,0.34,35.58,0.25,C3'-endo
107,107,0.32,C,C,C,0,1,0,0,0,(,115,1,cWW,cW-W,5.27,2.90,0.93,1.44,3.89,4.88,5.29,3.46,BI,anti,A,4.44,4.70,2.99,3.84,3.20,3.86,3.88,4.35,0.07,5.84,0.62,5.69,0.33,36.50,0.21,C3'-endo
108,108,0.32,G,G,G,0,0,1,0,0,(,"112,114",2,"tWH,cWW","tW-M,cW-W",5.19,2.97,0.89,1.43,3.97,5.07,5.18,3.15,BI,anti,.,4.71,4.72,2.92,4.06,3.13,4.12,3.86,4.94,0.06,5.85,0.63,5.67,0.35,36.85,0.23,C3'-endo
109,109,0.33,G,G,G,0,0,1,0,0,.,112,1,tSH,tm-M,5.15,2.96,0.94,1.42,3.81,5.21,4.88,3.35,BI,anti,.,4.62,4.71,2.82,4.19,3.20,3.37,4.40,2.44,0.08,5.83,0.64,5.67,0.34,37.69,0.21,C3'-endo
110,110,0.33,A,A,A,1,0,0,0,0,.,,0,,,3.03,2.27,0.90,1.46,4.18,4.47,5.99,3.32,..,anti,.,4.41,4.59,0.30,3.85,0.76,3.85,0.42,4.46,6.28,5.92,0.57,5.70,0.38,34.44,0.34,C3'-endo
111,111,0.33,A,A,A,1,0,0,0,0,.,,0,,,5.44,2.45,0.95,1.48,4.03,4.71,5.60,3.53,..,anti,.,4.24,4.65,2.94,3.96,3.21,3.97,4.08,4.63,0.05,5.88,0.58,5.71,0.33,34.48,0.24,C3'-endo
112,112,0.33,A,A,A,1,0,0,0,0,.,"108,109",2,"tHW,tHS","tM-W,tM-m",5.48,2.58,0.96,1.46,4.18,3.42,0.76,3.59,BII,anti,.,4.07,4.78,3.06,3.22,3.38,2.83,4.30,2.82,0.11,5.82,0.63,5.70,0.30,36.63,0.16,C3'-endo
113,113,0.34,A,A,A,1,0,0,0,0,.,,0,,,2.73,4.01,0.31,2.52,3.86,1.74,2.12,5.44,..,anti,.,0.43,1.77,0.82,0.88,0.85,0.31,0.15,0.39,5.89,0.62,5.68,0.39,6.28,36.25,2.82,C2'-endo
114,114,0.34,C,C,C,0,1,0,0,0,),108,1,cWW,cW-W,4.91,4.18,4.55,1.43,3.66,4.73,5.21,3.53,BI,anti,.,4.36,4.60,1.65,2.41,1.88,2.78,2.01,3.21,0.03,5.88,0.61,5.67,0.37,36.26,0.28,C3'-endo
115,115,0.34,G,G,G,0,0,1,0,0,),107,1,cWW,cW-W,4.93,3.13,1.01,1.48,4.05,4.69,5.65,3.39,..,anti,.,4.51,4.73,3.01,3.83,3.03,3.93,3.31,4.50,0.10,5.84,0.61,5.71,0.30,35.36,0.17,C3'-endo
116,116,0.35,U,U,U,0,0,0,1,0,),106,1,cWW,cW-W,5.43,2.57,1.02,1.44,3.59,4.82,5.06,3.47,BI,anti,.,4.46,4.61,2.92,3.61,3.29,3.54,4.15,3.72,0.07,5.84,0.62,5.68,0.34,36.62,0.22,C3'-endo
117,117,0.35,A,A,A,1,0,0,0,0,(,157,1,cWW,cW-W,5.22,3.02,0.96,1.43,3.88,4.73,5.43,3.34,BI,anti,A,4.62,4.72,3.10,3.63,3.20,3.67,3.57,3.80,0.08,5.83,0.64,5.67,0.34,37.34,0.21,C3'-endo
118,118,0.35,A,A,A,1,0,0,0,0,(,156,1,cWW,cW-W,5.06,3.07,0.87,1.42,3.82,4.80,5.31,3.43,BI,anti,A,4.50,4.68,2.87,3.66,2.95,3.73,3.23,4.17,0.05,5.85,0.62,5.67,0.35,36.89,0.24,C3'-endo
119,119,0.36,U,U,U,0,0,0,1,0,(,155,1,cWW,cW-W,5.28,2.79,1.03,1.42,3.79,4.86,5.22,3.50,BI,anti,A,4.41,4.67,2.99,3.71,3.22,3.67,3.86,3.89,0.05,5.85,0.63,5.67,0.36,37.11,0.25,C3'-endo
120,120,0.36,G,G,G,0,0,1,0,0,(,154,1,cWW,cW-W,5.09,2.96,0.91,1.42,3.72,4.83,5.18,3.59,BI,anti,.,4.25,4.64,2.81,3.65,2.98,3.70,3.45,4.20,0.04,5.86,0.62,5.67,0.36,36.75,0.27,C3'-endo
121,121,0.36,A,A,A,1,0,0,0,0,(,153,1,cWW,cW-W,5.33,2.76,1.07,1.44,3.69,4.84,5.13,3.54,BI,anti,A,4.36,4.65,3.05,3.69,3.32,3.67,4.03,4.05,0.08,5.84,0.63,5.68,0.33,36.70,0.21,C3'-endo
122,122,0.36,G,G,G,0,0,1,0,0,(,"128,152",2,"tSW,cWW","tm+W,cW-W",5.34,2.80,1.02,1.44,4.03,3.72,0.31,3.48,..,anti,.,4.39,4.75,3.12,3.36,3.33,3.62,3.93,3.17,0.08,5.83,0.63,5.68,0.33,37.03,0.20,C3'-endo
123,123,0.37,A,A,A,1,0,0,0,0,.,144,1,tWW,tW+W,0.33,2.14,0.32,2.54,4.75,2.14,2.61,4.46,..,anti,.,0.58,0.65,3.50,2.63,3.72,2.59,3.17,3.05,5.88,0.64,5.66,0.40,6.28,37.34,2.82,C2'-endo
124,124,0.37,U,U,U,0,0,0,1,0,.,,0,,,3.13,3.34,3.16,1.43,4.02,1.92,2.09,3.49,..,anti,.,4.35,4.71,4.46,0.18,4.01,6.02,4.08,5.35,0.04,5.86,0.62,5.67,0.36,36.60,0.26,C3'-endo
125,125,0.37,U,U,U,0,0,0,1,0,.,,0,,,4.73,3.39,4.65,2.57,4.47,4.82,5.93,4.25,..,anti,.,0.95,1.00,1.57,5.06,1.97,5.08,2.66,5.67,5.91,0.62,5.66,0.42,6.25,36.99,2.87,C2'-endo
126,126,0.38,U,U,U,0,0,0,1,0,.,,0,,,2.97,3.99,2.84,1.42,4.10,5.50,4.89,3.47,..,anti,.,4.37,4.75,2.68,4.64,3.55,3.66,3.84,2.55,0.06,5.84,0.63,5.67,0.35,37.04,0.23,C3'-endo
127,127,0.38,A,A,A,1,0,0,0,0,.,153,1,cWS,cW-m,2.96,2.42,0.77,1.44,4.19,4.67,5.81,3.27,..,anti,.,4.56,4.68,0.08,3.97,0.74,4.00,0.41,4.67,0.03,5.88,0.60,5.69,0.36,35.61,0.28,C3'-endo
128,128,0.38,A,A,A,1,0,0,0,0,.,122,1,tWS,tW+m,5.30,2.50,1.08,1.43,4.00,4.37,5.91,3.36,..,anti,.,4.58,4.75,2.86,3.88,3.20,3.72,4.22,2.74,0.08,5.83,0.64,5.67,0.34,37.28,0.21,C3'-endo
129,129,0.39,A,A,A,1,0,0,0,0,.,152,1,cWS,cW-m,1.01,3.12,4.99,2.60,4.65,4.66,6.28,4.85,..,anti,.,0.27,0.79,3.46,4.45,3.46,4.54,2.52,4.89,5.95,0.60,5.66,0.45,6.20,36.46,2.94,C2'-endo
130,130,0.39,A,A,A,1,0,0,0,0,.,145,1,tW.,tW+.,4.85,3.00,0.96,2.55,4.22,4.52,5.98,4.81,..,anti,.,0.91,1.34,2.63,4.56,3.55,3.61,3.72,2.94,5.91,0.62,5.67,0.41,6.25,36.43,2.86,C2'-endo
131,131,0.39,A,A,A,1,0,0,0,0,.,,0,,,3.30,2.39,1.26,2.57,,,,4.52,..,anti,-,,,,,,,,,5.93,0.61,5.67,0.43,6.23,36.33,2.89,C2'-endo
132,not resolved,0.39,-,-,-,0,0,0,0,1,,,0,,,,,,,,,,,,,,,,,,,,,,,,,,,,,
133,not resolved,0.40,-,-,-,0,0,0,0,1,,,0,,,,,,,,,,,,,,,,,,,,,,,,,,,,,
134,not resolved,0.40,-,-,-,0,0,0,0,1,,,0,,,,,,,,,,,,,,,,,,,,,,,,,,,,,
135,not resolved,0.40,-,-,-,0,0,0,0,1,,,0,,,,,,,,,,,,,,,,,,,,,,,,,,,,,
136,not resolved,0.41,-,-,-,0,0,0,0,1,,,0,,,,,,,,,,,,,,,,,,,,,,,,,,,,,
137,137,0.41,A,A,A,1,0,0,0,0,.,,0,,,,2.70,5.23,1.43,3.85,4.92,5.22,3.10,BI,anti,A,4.66,4.68,,3.27,,3.55,,4.34,0.05,5.86,0.62,5.68,0.35,36.45,0.24,C3'-endo
138,138,0.41,A,A,A,1,0,0,0,0,.,,0,,,5.24,3.01,0.93,1.47,3.92,4.82,5.39,3.36,BI,anti,.,4.43,4.58,3.04,3.86,3.26,3.93,3.96,4.63,0.02,5.91,0.57,5.70,0.36,34.33,0.30,C3'-endo
139,139,0.41,U,U,U,0,0,0,1,0,.,,0,,,5.43,2.76,0.83,1.47,4.34,4.15,0.19,3.59,..,anti,.,3.89,4.64,3.08,3.67,3.33,3.81,4.21,4.37,0.03,5.89,0.58,5.70,0.35,34.65,0.28,C3'-endo
140,140,0.42,U,U,U,0,0,0,1,0,.,,0,,,5.67,2.13,1.00,1.42,4.38,4.86,5.80,3.69,..,anti,.,3.63,4.70,3.15,4.50,3.37,3.50,3.98,2.60,0.01,5.89,0.61,5.67,0.38,36.52,0.30,C3'-endo
141,141,0.42,G,G,G,0,0,1,0,0,.,,0,,,3.13,2.26,0.69,1.42,3.79,5.03,5.04,3.42,BI,anti,A,4.48,4.63,6.25,4.04,0.70,4.00,0.76,4.50,0.02,5.88,0.62,5.66,0.38,36.87,0.29,C3'-endo
142,142,0.42,U,U,U,0,0,0,1,0,.,,0,,,5.20,2.86,1.12,1.43,4.53,5.55,5.27,3.49,..,anti,.,4.03,4.63,3.22,4.94,3.47,5.14,4.25,5.82,6.28,5.91,0.59,5.67,0.39,36.09,0.34,C3'-endo
143,143,0.43,U,U,U,0,0,0,1,0,.,,0,,,5.11,2.85,1.59,1.44,0.55,2.87,3.97,4.40,..,anti,.,0.46,2.81,3.94,4.60,4.54,4.23,5.33,4.64,0.03,5.89,0.59,5.69,0.36,35.19,0.28,C3'-endo
144,144,0.43,U,U,U,0,0,0,1,0,.,"123,151",2,"tWW,cSS","tW+W,cm-m",5.89,3.12,5.38,1.41,3.84,4.84,5.29,3.46,BI,anti,A,4.48,4.71,2.32,3.11,2.90,3.39,3.00,4.21,0.06,5.83,0.64,5.66,0.35,37.85,0.23,C3'-endo
145,145,0.43,A,A,A,1,0,0,0,0,.,130,1,t.W,t.+W,5.23,2.71,1.12,1.44,3.84,5.05,5.07,3.43,BI,anti,.,4.49,4.67,2.98,3.99,3.26,4.00,4.06,4.71,0.06,5.85,0.62,5.68,0.34,36.34,0.24,C3'-endo
146,146,0.44,A,A,A,1,0,0,0,0,.,,0,,,5.25,2.84,1.03,1.44,4.33,2.36,1.98,3.48,BII,anti,.,4.25,4.78,3.10,1.50,3.44,1.12,4.45,5.97,0.09,5.83,0.63,5.69,0.32,36.79,0.19,C3'-endo
147,147,0.44,A,A,A,1,0,0,0,0,.,,0,,,3.34,3.47,5.01,1.42,3.86,5.29,4.86,3.19,BI,anti,.,4.77,4.77,0.16,3.35,0.23,3.66,1.83,4.67,0.12,5.78,0.67,5.67,0.31,38.79,0.15,C3'-endo
148,148,0.44,U,U,U,0,0,0,1,0,.,,0,,,5.00,3.10,1.11,1.40,3.54,5.14,4.69,3.29,BI,anti,.,4.62,4.62,2.88,4.32,3.34,4.20,4.51,4.94,0.07,5.83,0.65,5.66,0.35,38.24,0.22,C3'-endo
149,149,0.44,C,C,C,0,1,0,0,0,.,,0,,,2.87,3.58,2.79,1.43,4.11,5.22,5.17,2.97,..,anti,.,4.82,4.82,2.75,4.03,3.22,4.04,4.53,4.88,0.14,5.77,0.67,5.68,0.29,38.47,0.11,C3'-endo
150,150,0.45,A,A,A,1,0,0,0,0,.,,0,,,4.88,3.02,1.14,1.44,3.72,5.18,4.82,3.09,BI,anti,A,4.64,4.67,2.70,3.99,3.19,3.99,4.55,4.67,0.08,5.83,0.63,5.68,0.33,36.87,0.20,C3'-endo
151,151,0.45,A,A,A,1,0,0,0,0,.,144,1,cSS,cm-m,4.80,3.29,1.06,1.47,3.56,4.99,4.85,3.31,BI,anti,A,4.53,4.57,2.84,3.68,3.16,3.70,4.21,3.94,0.08,5.85,0.61,5.71,0.31,35.37,0.19,C3'-endo
152,152,0.45,C,C,C,0,1,0,0,0,),"122,129",2,"cWW,cSW","cW-W,cm-W",5.06,3.19,0.96,1.45,3.62,5.02,4.88,3.44,BI,anti,A,4.42,4.55,3.00,3.74,3.16,3.76,3.59,4.18,0.04,5.87,0.60,5.69,0.34,35.49,0.26,C3'-endo
153,153,0.46,U,U,U,0,0,0,1,0,),"121,127",2,"cWW,cSW","cW-W,cm-W",5.14,3.02,0.94,1.44,3.96,4.63,5.61,3.53,BI,anti,.,4.25,4.66,2.99,3.67,3.20,3.76,3.81,4.31,0.03,5.88,0.60,5.68,0.36,35.78,0.28,C3'-endo
154,154,0.46,C,C,C,0,1,0,0,0,),120,1,cWW,cW-W,5.41,2.56,1.07,1.43,3.70,4.98,5.01,3.53,BI,anti,A,4.36,4.63,2.98,3.82,3.28,3.73,4.03,4.09,0.05,5.86,0.62,5.67,0.35,36.69,0.25,C3'-endo
155,155,0.46,A,A,A,1,0,0,0,0,),119,1,cWW,cW-W,5.12,3.15,0.81,1.44,3.50,4.77,5.02,3.20,BI,anti,A,4.46,4.51,2.86,3.89,3.06,3.86,3.74,4.22,0.04,5.88,0.60,5.69,0.35,35.69,0.27,C3'-endo
156,156,0.47,U,U,U,0,0,0,1,0,),118,1,cWW,cW-W,3.22,3.62,2.53,1.44,3.88,4.97,5.20,3.19,BI,anti,A,4.58,4.63,2.81,3.75,3.08,3.72,3.71,4.27,0.03,5.88,0.59,5.69,0.35,35.35,0.27,C3'-endo
157,157,0.47,U,U,U,0,0,0,1,0,),117,1,cWW,cW-W,5.21,3.02,0.86,1.44,4.58,4.28,0.31,3.47,..,anti,.,4.07,4.70,3.12,4.55,3.32,4.33,4.05,4.01,0.05,5.86,0.61,5.68,0.35,36.27,0.25,C3'-endo
158,158,0.47,A,A,A,1,0,0,0,0,.,,0,,,1.20,2.56,1.23,1.42,3.93,4.53,5.69,3.31,..,anti,.,4.64,4.73,4.82,3.50,5.32,3.47,5.63,3.63,0.07,5.84,0.63,5.67,0.34,37.27,0.22,C3'-endo
159,159,0.47,A,A,A,1,0,0,0,0,(,184,1,cWW,cW-W,5.12,2.91,0.93,1.43,3.95,4.81,5.42,3.12,BI,anti,A,4.72,4.72,2.95,3.79,2.98,3.83,3.28,4.36,0.07,5.84,0.63,5.68,0.34,36.81,0.22,C3'-endo
160,160,0.48,G,G,G,0,0,1,0,0,(,183,1,cWW,cW-W,5.12,2.84,1.05,1.43,3.74,4.85,5.17,3.22,BI,anti,A,4.70,4.70,2.86,3.68,3.12,3.66,3.96,3.99,0.10,5.81,0.64,5.68,0.32,37.41,0.18,C3'-endo
161,161,0.48,G,G,G,0,0,1,0,0,.,182,1,cWW,cW-W,5.09,2.94,1.05,1.42,3.78,4.94,5.13,3.08,BI,anti,A,4.74,4.73,2.94,3.77,3.12,3.79,3.74,4.18,0.11,5.80,0.66,5.67,0.32,38.20,0.17,C3'-endo
162,162,0.48,A,A,A,1,0,0,0,0,(,181,1,cWW,cW-W,5.02,3.08,1.10,1.43,3.67,4.93,5.02,3.15,BI,anti,A,4.67,4.67,2.97,3.67,3.18,3.70,3.87,3.99,0.09,5.82,0.64,5.68,0.33,37.30,0.20,C3'-endo
163,163,0.49,G,G,G,0,0,1,0,0,(,180,1,cWW,cW-W,4.99,3.16,1.05,1.44,3.64,5.01,4.91,3.25,BI,anti,A,4.61,4.63,2.98,3.72,3.14,3.74,3.66,4.10,0.07,5.84,0.63,5.68,0.34,36.72,0.22,C3'-endo
164,164,0.49,G,G,G,0,0,1,0,0,.,179,1,cWW,cW-W,5.05,3.11,0.99,1.44,3.59,5.03,4.84,3.33,BI,anti,A,4.52,4.56,2.94,3.72,3.16,3.73,3.77,4.19,0.04,5.87,0.61,5.68,0.35,35.97,0.26,C3'-endo
165,165,0.49,A,A,A,1,0,0,0,0,(,178,1,cWW,cW-W,5.10,3.13,0.89,1.43,3.73,4.86,5.15,3.46,BI,anti,A,4.47,4.66,2.94,3.67,3.13,3.72,3.83,4.13,0.07,5.84,0.62,5.68,0.33,36.61,0.22,C3'-endo
166,166,0.50,U,U,U,0,0,0,1,0,(,177,1,cWW,cW-W,5.33,2.84,0.96,1.41,3.87,4.85,5.30,3.44,BI,anti,A,4.50,4.72,3.03,3.76,3.25,3.75,3.85,4.17,0.06,5.83,0.64,5.66,0.35,37.85,0.23,C3'-endo
167,167,0.50,G,G,G,0,0,1,0,0,.,176,1,cWW,cW-W,5.12,2.99,0.86,1.41,3.76,4.87,5.18,3.13,BI,anti,A,4.67,4.67,2.81,3.65,2.98,3.72,3.68,4.13,0.04,5.85,0.63,5.66,0.37,37.39,0.26,C3'-endo
168,168,0.50,C,C,C,0,1,0,0,0,(,175,1,cWW,cW-W,5.12,3.07,0.98,1.44,3.78,4.83,5.23,3.29,BI,anti,A,4.62,4.66,3.00,3.66,3.16,3.70,3.74,3.88,0.06,5.85,0.62,5.68,0.34,36.43,0.23,C3'-endo
169,169,0.50,C,C,C,0,1,0,0,0,(,174,1,cWW,cW-W,4.91,3.11,1.07,1.48,3.76,5.55,4.49,3.35,BI,anti,.,4.38,4.50,2.93,4.37,3.06,4.45,3.40,5.53,0.00,5.92,0.56,5.71,0.36,33.92,0.32,C3'-endo
170,170,0.51,C,C,C,0,1,0,0,0,.,174,1,cSW,cm-W,4.84,2.99,1.07,1.48,3.93,5.15,5.06,3.64,BI,anti,.,4.03,4.62,2.74,4.00,3.35,4.06,4.86,4.40,0.05,5.88,0.58,5.72,0.32,34.21,0.24,C3'-endo
171,171,0.51,U,U,U,0,0,0,1,0,.,,0,,,4.59,2.43,2.44,2.57,4.74,3.22,1.51,3.85,BII,anti,.,0.65,0.68,4.51,2.83,4.48,2.52,4.76,1.44,5.93,0.61,5.66,0.43,6.23,36.61,2.89,C2'-endo
172,172,0.51,U,U,U,0,0,0,1,0,.,,0,,,1.56,2.03,1.22,1.43,4.17,5.50,4.95,3.46,..,anti,.,4.36,4.73,5.68,4.72,0.07,4.75,1.25,5.31,0.04,5.86,0.62,5.67,0.36,36.95,0.27,C3'-endo
173,173,0.52,G,G,G,0,0,1,0,0,.,,0,,,5.12,2.69,1.26,1.46,3.77,4.94,5.11,3.24,BI,anti,A,4.68,4.70,2.79,3.84,3.63,3.77,4.96,4.19,0.11,5.82,0.63,5.70,0.30,36.63,0.16,C3'-endo
174,174,0.52,G,G,G,0,0,1,0,0,),"169,170",2,"cWW,cWS","cW-W,cW-m",5.21,2.88,1.01,1.44,3.62,4.97,4.94,3.25,BI,anti,A,4.60,4.62,2.93,3.71,3.22,3.70,4.04,4.03,0.07,5.85,0.62,5.68,0.34,36.43,0.22,C3'-endo
175,175,0.52,G,G,G,0,0,1,0,0,),168,1,cWW,cW-W,5.14,3.09,0.92,1.43,3.87,4.75,5.40,3.35,BI,anti,A,4.59,4.71,3.01,3.66,3.17,3.74,3.74,4.12,0.07,5.84,0.63,5.68,0.34,36.75,0.22,C3'-endo
176,176,0.53,U,U,U,0,0,0,1,0,.,167,1,cWW,cW-W,5.27,2.81,1.03,1.43,3.81,4.92,5.17,3.48,BI,anti,A,4.44,4.68,3.01,3.80,3.22,3.78,3.78,4.22,0.05,5.85,0.62,5.67,0.35,36.88,0.25,C3'-endo
177,177,0.53,A,A,A,1,0,0,0,0,),166,1,cWW,cW-W,5.07,3.09,0.88,1.44,3.67,4.88,5.07,3.42,BI,anti,A,4.50,4.63,2.85,3.64,3.04,3.68,3.73,4.04,0.06,5.85,0.62,5.68,0.34,36.45,0.23,C3'-endo
178,178,0.53,U,U,U,0,0,0,1,0,),165,1,cWW,cW-W,5.25,2.92,0.97,1.43,3.98,4.74,5.53,3.47,BI,anti,A,4.41,4.72,3.06,3.74,3.24,3.76,3.76,4.19,0.06,5.85,0.63,5.68,0.34,36.84,0.23,C3'-endo
179,179,0.53,U,U,U,0,0,0,1,0,.,164,1,cWW,cW-W,5.18,2.68,1.07,1.42,3.81,4.71,5.38,3.52,BI,anti,.,4.37,4.68,2.85,3.59,3.10,3.58,3.78,3.84,0.05,5.85,0.63,5.66,0.36,37.19,0.26,C3'-endo
180,180,0.54,C,C,C,0,1,0,0,0,),163,1,cWW,cW-W,5.03,3.08,0.95,1.44,3.60,4.89,5.00,3.24,BI,anti,A,4.59,4.60,2.89,3.58,2.98,3.62,3.43,3.82,0.06,5.85,0.62,5.68,0.34,36.43,0.23,C3'-endo
181,181,0.54,U,U,U,0,0,0,1,0,),162,1,cWW,cW-W,5.06,3.04,1.12,1.48,4.16,4.93,5.51,3.29,..,anti,.,4.48,4.63,3.18,4.16,3.29,4.27,3.59,5.30,0.03,5.90,0.57,5.71,0.35,34.26,0.28,C3'-endo
182,182,0.54,G,G,G,0,0,1,0,0,.,161,1,cWW,cW-W,5.35,2.60,0.99,1.54,3.78,4.28,5.79,3.49,..,anti,.,4.38,4.62,2.79,3.29,3.35,3.25,4.76,3.08,0.12,5.84,0.58,5.76,0.25,33.32,0.12,C3'-endo
183,183,0.55,C,C,C,0,1,0,0,0,),160,1,cWW,cW-W,5.23,2.65,1.08,1.50,3.59,5.05,4.82,3.53,BI,anti,.,4.20,4.43,3.05,3.86,3.10,3.79,3.03,4.27,0.02,5.92,0.55,5.73,0.34,32.67,0.30,C3'-endo
184,184,0.55,U,U,U,0,0,0,1,0,),159,1,cWW,cW-W,5.05,3.09,0.96,1.49,3.39,4.88,4.79,3.72,BI,anti,.,3.97,4.41,2.90,4.17,3.21,4.15,3.99,4.77,0.05,5.89,0.57,5.73,0.32,33.47,0.24,C3'-endo
185,185,0.55,U,U,U,0,0,0,1,0,.,,0,,,2.99,3.98,2.67,1.45,4.84,5.88,5.24,3.50,..,anti,.,3.76,4.58,3.19,5.60,3.53,5.22,4.38,5.22,0.03,5.88,0.60,5.68,0.36,35.80,0.27,C3'-endo
186,186,0.56,C,C,C,0,1,0,0,0,.,,0,,,2.96,2.12,3.34,2.56,4.98,3.88,1.10,3.92,..,anti,.,0.34,0.38,3.24,3.82,3.61,3.12,4.03,2.48,5.92,0.62,5.67,0.42,6.25,36.56,2.87,C2'-endo
187,187,0.56,U,U,U,0,0,0,1,0,),98,1,cWW,cW-W,1.17,3.20,1.06,2.55,4.45,4.84,5.90,3.82,..,anti,.,1.02,1.04,5.56,5.00,0.53,3.99,1.06,3.15,5.90,0.62,5.67,0.41,6.26,36.88,2.85,C2'-endo
188,188,0.56,U,U,U,0,0,0,1,0,.,,0,,,5.08,3.92,2.87,1.41,0.58,2.89,3.98,3.52,..,anti,.,2.60,3.00,0.02,4.50,0.54,4.64,1.14,4.98,0.06,5.85,0.62,5.68,0.35,36.60,0.24,C3'-endo
189,189,0.56,G,G,G,0,0,1,0,0,.,,0,,,5.73,2.44,1.23,1.43,3.63,4.98,4.93,3.21,BI,anti,.,4.63,4.63,3.50,4.09,4.23,3.57,4.43,3.09,0.07,5.84,0.63,5.67,0.34,37.21,0.22,C3'-endo
190,190,0.57,A,A,A,1,0,0,0,0,(,221,1,cWW,cW-W,3.12,3.04,5.21,1.45,4.13,4.96,5.46,3.05,..,anti,.,4.87,4.84,5.16,3.47,5.20,3.76,5.07,4.89,0.16,5.76,0.66,5.70,0.27,37.99,0.08,C3'-endo
191,191,0.57,C,C,C,0,1,0,0,0,(,219,1,cWW,cW-W,5.21,2.79,1.06,1.43,3.77,5.20,4.86,3.24,BI,anti,.,4.70,4.70,2.83,4.04,3.25,4.04,4.47,4.76,0.09,5.82,0.65,5.67,0.33,37.74,0.19,C3'-endo
192,192,0.57,C,C,C,0,1,0,0,0,(,217,1,cWW,cW-W,5.02,2.99,1.09,1.43,3.50,4.98,4.81,3.21,BI,anti,.,4.57,4.58,2.84,3.61,3.27,3.58,4.48,3.64,0.08,5.82,0.64,5.68,0.33,37.31,0.20,C3'-endo
193,193,0.58,U,U,U,0,0,0,1,0,.,216,1,cWW,cW-W,5.07,3.26,0.97,1.41,3.58,5.07,4.79,3.29,BI,anti,A,4.54,4.57,3.06,3.70,3.16,3.73,3.40,4.27,0.02,5.88,0.62,5.66,0.38,36.81,0.29,C3'-endo
194,194,0.58,G,G,G,0,0,1,0,0,.,215,1,cWW,cW-W,5.04,3.11,0.95,1.44,3.61,4.96,4.93,3.36,BI,anti,A,4.52,4.58,2.90,3.66,3.13,3.68,3.91,4.04,0.05,5.86,0.61,5.68,0.35,36.07,0.25,C3'-endo
195,195,0.58,G,G,G,0,0,1,0,0,(,214,1,cWW,cW-W,5.16,3.07,0.90,1.44,3.78,4.81,5.26,3.47,BI,anti,A,4.44,4.66,2.98,3.67,3.15,3.74,3.70,4.18,0.06,5.86,0.61,5.68,0.34,36.25,0.24,C3'-endo
196,196,0.59,U,U,U,0,0,0,1,0,(,213,1,cWW,cW-W,5.34,2.78,0.99,1.42,3.89,4.90,5.28,3.48,BI,anti,A,4.42,4.70,3.04,3.83,3.27,3.82,3.90,4.33,0.06,5.85,0.63,5.67,0.35,37.16,0.24,C3'-endo
197,197,0.59,A,A,A,1,0,0,0,0,(,212,1,cWW,cW-W,5.12,3.02,0.85,1.42,3.80,4.77,5.31,3.15,BI,anti,A,4.71,4.70,2.82,3.60,3.02,3.67,3.82,4.03,0.07,5.83,0.64,5.67,0.34,37.47,0.22,C3'-endo
198,198,0.59,C,C,C,0,1,0,0,0,(,211,1,cWW,cW-W,5.19,2.93,1.01,1.43,3.65,4.97,4.96,3.25,BI,anti,A,4.64,4.65,2.98,3.70,3.15,3.70,3.71,4.03,0.08,5.83,0.64,5.67,0.34,37.40,0.21,C3'-endo
199,199,0.59,C,C,C,0,1,0,0,0,(,210,1,cWW,cW-W,5.03,3.06,1.06,1.43,3.57,4.99,4.86,3.26,BI,anti,A,4.60,4.60,2.94,3.65,3.15,3.65,3.76,3.88,0.07,5.84,0.63,5.67,0.34,37.11,0.22,C3'-endo
200,200,0.60,U,U,U,0,0,0,1,0,.,209,1,cWW,cW-W,4.94,3.14,1.11,1.44,3.51,5.07,4.72,3.28,BI,anti,A,4.52,4.54,2.96,3.69,3.15,3.68,3.62,3.95,0.04,5.86,0.61,5.68,0.35,36.38,0.26,C3'-endo
201,201,0.60,C,C,C,0,1,0,0,0,.,208,1,cWW,cW-W,4.97,3.27,0.96,1.43,3.65,5.08,4.84,3.44,BI,anti,A,4.43,4.56,2.98,3.79,3.13,3.83,3.61,4.44,0.02,5.89,0.60,5.68,0.37,35.89,0.29,C3'-endo
202,202,0.60,U,U,U,0,0,0,1,0,.,,0,,,5.07,3.01,0.98,1.41,3.66,0.03,3.63,3.48,..,anti,.,4.46,4.64,2.86,5.75,3.15,5.82,4.04,4.82,0.06,5.84,0.64,5.66,0.36,37.65,0.24,C3'-endo
203,203,0.61,A,A,A,1,0,0,0,0,.,,0,,,2.77,4.36,3.12,1.42,3.91,3.40,0.51,1.39,..,syn,.,-0.84,4.60,3.67,2.53,4.58,2.75,6.19,4.53,6.27,5.91,0.59,5.67,0.39,36.12,0.34,C3'-endo
204,204,0.61,U,U,U,0,0,0,1,0,.,,0,,,1.54,2.50,0.91,1.44,3.83,5.01,5.11,3.02,BI,anti,A,4.70,4.74,5.45,3.99,5.05,3.95,3.25,4.30,0.13,5.79,0.65,5.69,0.29,37.53,0.13,C3'-endo
205,205,0.61,U,U,U,0,0,0,1,0,.,,0,,,4.93,3.18,1.06,1.32,1.54,1.35,0.20,3.20,..,anti,A,3.42,3.46,3.21,4.16,3.55,3.91,4.23,4.13,0.11,5.79,0.68,5.65,0.33,39.32,0.17,C3'-endo
206,206,0.61,G,G,G,0,0,1,0,0,.,,0,,,3.14,3.02,1.27,1.41,3.94,5.26,4.96,3.44,BI,anti,.,4.39,4.62,2.38,4.17,2.78,4.27,3.34,5.15,6.27,5.91,0.60,5.66,0.40,36.44,0.35,C3'-endo
207,207,0.62,C,C,C,0,1,0,0,0,.,,0,,,5.15,2.80,1.13,1.44,3.71,5.01,4.98,3.51,BI,anti,.,4.40,4.64,2.85,3.82,3.44,3.77,4.75,4.25,0.06,5.85,0.62,5.68,0.34,36.44,0.23,C3'-endo
208,208,0.62,A,A,A,1,0,0,0,0,.,201,1,cWW,cW-W,5.11,3.24,0.78,1.43,4.11,4.64,5.75,2.92,..,anti,A,4.66,4.73,2.99,3.71,3.11,3.85,3.81,4.29,0.06,5.85,0.62,5.68,0.34,36.38,0.23,C3'-endo
209,209,0.62,G,G,G,0,0,1,0,0,.,200,1,cWW,cW-W,5.19,2.88,0.98,1.46,3.63,4.94,4.98,3.23,BI,anti,A,4.55,4.58,2.92,3.70,3.13,3.70,3.71,3.98,0.05,5.87,0.60,5.70,0.34,35.45,0.24,C3'-endo
210,210,0.63,G,G,G,0,0,1,0,0,),199,1,cWW,cW-W,5.08,3.17,0.91,1.47,3.64,4.91,5.02,3.42,BI,anti,A,4.45,4.57,2.98,3.66,3.14,3.69,3.64,4.08,0.06,5.87,0.60,5.71,0.33,35.06,0.23,C3'-endo
211,211,0.63,G,G,G,0,0,1,0,0,),198,1,cWW,cW-W,5.22,2.97,0.90,1.46,4.03,4.50,5.81,3.51,..,anti,.,4.31,4.70,3.03,3.64,3.19,3.74,3.74,4.20,0.06,5.86,0.61,5.70,0.33,35.64,0.23,C3'-endo
212,212,0.63,U,U,U,0,0,0,1,0,),197,1,cWW,cW-W,5.48,2.46,1.04,1.43,4.03,4.75,5.56,3.50,..,anti,A,4.33,4.72,3.06,3.86,3.29,3.79,3.90,4.02,0.06,5.85,0.62,5.68,0.35,36.70,0.24,C3'-endo
213,213,0.64,A,A,A,1,0,0,0,0,),196,1,cWW,cW-W,5.06,3.06,0.75,1.44,3.82,4.76,5.35,3.36,BI,anti,A,4.53,4.64,2.73,3.65,2.86,3.73,3.35,4.17,0.04,5.87,0.60,5.69,0.35,35.82,0.26,C3'-endo
214,214,0.64,C,C,C,0,1,0,0,0,),195,1,cWW,cW-W,5.35,2.83,0.91,1.44,3.88,4.55,5.61,3.50,BI,anti,.,4.35,4.67,3.03,3.56,3.22,3.61,3.80,3.91,0.04,5.87,0.61,5.68,0.35,36.21,0.26,C3'-endo
215,215,0.64,U,U,U,0,0,0,1,0,.,194,1,cWW,cW-W,5.42,2.60,1.03,1.43,3.90,4.88,5.31,3.50,BI,anti,A,4.38,4.70,3.07,3.86,3.25,3.82,3.70,4.22,0.05,5.86,0.62,5.67,0.36,36.83,0.25,C3'-endo
216,216,0.64,G,G,G,0,0,1,0,0,.,193,1,cWW,cW-W,5.14,3.04,0.82,1.44,3.93,4.55,5.66,3.51,BI,anti,.,4.34,4.69,2.86,3.56,3.04,3.65,3.69,4.12,0.05,5.86,0.61,5.68,0.35,36.25,0.24,C3'-endo
217,217,0.65,G,G,G,0,0,1,0,0,),192,1,cWW,cW-W,5.42,2.54,1.02,1.43,3.69,4.69,5.28,3.48,BI,anti,.,4.46,4.67,2.96,3.58,3.21,3.61,3.86,3.81,0.08,5.83,0.64,5.68,0.33,37.17,0.20,C3'-endo
218,218,0.65,U,U,U,0,0,0,1,0,.,221,1,cWH,cW+M,5.45,2.98,1.83,2.56,4.77,2.29,2.48,4.00,BII,anti,.,0.58,0.60,4.68,2.44,4.77,2.03,4.54,1.51,5.90,0.63,5.66,0.42,6.26,37.23,2.85,C2'-endo
219,219,0.65,G,G,G,0,0,1,0,0,),191,1,cWW,cW-W,5.36,2.50,5.64,2.60,4.46,4.15,0.31,3.66,..,anti,.,0.93,0.99,2.65,4.79,2.53,4.58,2.08,4.84,5.93,0.62,5.65,0.44,6.22,37.29,2.90,C2'-endo
220,220,0.66,U,U,U,0,0,0,1,0,.,,0,,,0.60,2.56,0.96,2.55,4.17,2.20,1.97,3.83,..,anti,.,1.35,1.39,4.24,2.10,5.20,1.37,5.28,1.09,5.92,0.61,5.67,0.42,6.25,36.45,2.87,C2'-endo
221,221,0.66,U,U,U,0,0,0,1,0,),"190,218",2,"cWW,cHW","cW-W,cM+W",4.72,3.34,4.93,1.40,3.95,3.02,0.92,3.60,BII,anti,.,4.17,4.73,1.27,1.45,1.01,1.60,1.12,3.92,0.05,5.85,0.64,5.66,0.36,37.60,0.25,C3'-endo
222,222,0.66,U,U,U,0,0,0,1,0,.,,0,,,1.11,3.06,0.77,2.52,3.97,2.07,1.90,3.93,..,anti,.,1.63,1.66,5.57,2.25,5.65,1.42,3.47,0.58,5.89,0.63,5.68,0.39,6.28,36.66,2.82,C2'-endo
223,223,0.67,U,U,U,0,0,0,1,0,.,,0,,,1.43,3.24,1.13,1.43,4.20,5.15,5.33,3.50,..,anti,.,4.24,4.73,0.31,4.34,0.33,4.03,0.97,4.20,0.04,5.86,0.62,5.67,0.36,36.73,0.26,C3'-endo
224,224,0.67,C,C,C,0,1,0,0,0,.,,0,,,3.31,2.14,4.92,2.52,3.94,2.48,1.46,4.68,..,anti,.,1.47,1.70,4.72,2.13,4.99,2.48,4.69,3.20,5.88,0.63,5.68,0.39,0.01,36.80,2.80,C2'-endo
225,225,0.67,U,U,U,0,0,0,1,0,.,,0,,,0.45,2.66,0.73,2.53,4.66,3.34,1.32,4.11,BII,anti,.,0.77,0.82,4.98,3.38,4.82,3.45,4.47,3.93,5.90,0.62,5.68,0.40,6.27,36.37,2.83,C2'-endo
226,226,0.67,U,U,U,0,0,0,1,0,.,0,1,tWW,tW+W,4.95,2.96,0.85,2.54,4.44,5.11,5.61,4.00,..,anti,.,1.09,1.10,3.69,5.36,3.77,5.01,4.06,5.56,5.91,0.61,5.68,0.40,6.26,36.28,2.85,C2'-endo
227,227,0.68,C,C,C,0,1,0,0,0,.,,0,,,4.91,3.14,0.74,1.40,0.56,2.91,3.93,3.52,..,anti,.,2.58,2.98,3.01,5.02,3.74,4.93,4.26,5.46,0.04,5.86,0.62,5.67,0.37,36.93,0.27,C3'-endo
228,228,0.68,G,G,G,0,0,1,0,0,),96,1,cWW,cW-W,5.43,2.68,0.83,1.43,3.95,4.76,5.48,3.01,BI,anti,A,4.68,4.71,3.26,3.79,3.84,3.84,3.96,4.24,0.05,5.86,0.62,5.68,0.35,36.44,0.24,C3'-endo
229,229,0.68,G,G,G,0,0,1,0,0,),95,1,cWW,cW-W,5.19,2.91,1.01,1.47,3.93,4.77,5.45,3.22,BI,anti,A,4.55,4.62,3.02,3.77,3.21,3.78,3.85,4.10,0.04,5.88,0.59,5.71,0.34,34.67,0.26,C3'-endo
230,230,0.69,U,U,U,0,0,0,1,0,),94,1,cWW,cW-W,5.15,2.90,0.96,1.44,3.61,5.02,4.87,3.42,BI,anti,A,4.44,4.55,2.86,3.74,3.08,3.71,3.65,4.18,0.03,5.88,0.60,5.69,0.36,35.62,0.28,C3'-endo
231,231,0.69,A,A,A,1,0,0,0,0,.,,0,,,5.07,3.00,0.96,1.41,4.24,4.17,0.06,3.42,..,anti,.,4.42,4.79,2.99,3.89,3.16,3.53,3.85,3.45,0.07,5.83,0.65,5.66,0.35,38.08,0.23,C3'-endo
232,232,0.69,C,C,C,0,1,0,0,0,.,,0,,,1.50,3.07,0.90,1.43,3.60,4.65,5.23,3.53,BI,anti,.,4.35,4.56,5.41,3.31,5.66,2.68,5.48,2.44,0.01,5.89,0.60,5.68,0.38,35.86,0.31,C3'-endo
233,233,0.70,U,U,U,0,0,0,1,0,.,,0,,,3.31,2.42,0.25,2.54,4.24,2.55,1.69,3.95,BII,anti,.,1.28,1.31,0.28,3.11,0.65,3.09,0.28,3.69,5.89,0.63,5.67,0.41,6.27,37.00,2.83,C2'-endo
234,234,0.70,G,G,G,0,0,1,0,0,(,255,1,cWW,cW-W,0.71,2.38,0.80,1.42,3.83,4.92,5.20,3.14,BI,anti,A,4.72,4.72,4.89,3.91,4.62,3.86,4.39,4.23,0.08,5.82,0.64,5.67,0.34,37.65,0.21,C3'-endo
235,235,0.70,G,G,G,0,0,1,0,0,(,254,1,cWW,cW-W,5.15,2.95,1.02,1.41,3.58,4.93,4.93,3.24,BI,anti,A,4.62,4.62,2.91,3.60,3.17,3.61,3.94,3.85,0.06,5.84,0.64,5.66,0.35,37.66,0.24,C3'-endo
236,236,0.70,A,A,A,1,0,0,0,0,(,253,1,cWW,cW-W,5.17,3.14,0.95,1.42,3.90,4.76,5.42,3.37,BI,anti,A,4.58,4.71,3.10,3.70,3.21,3.78,3.60,4.27,0.06,5.84,0.63,5.67,0.35,37.08,0.23,C3'-endo
237,237,0.71,U,U,U,0,0,0,1,0,(,252,1,cWW,cW-W,5.30,2.71,1.10,1.42,3.57,4.93,4.92,3.37,BI,anti,A,4.56,4.62,2.97,3.66,3.27,3.59,4.01,3.82,0.06,5.84,0.64,5.66,0.35,37.55,0.23,C3'-endo
238,238,0.71,U,U,U,0,0,0,1,0,(,251,1,cWW,cW-W,5.20,2.95,1.04,1.41,3.57,4.98,4.87,3.33,BI,anti,A,4.56,4.59,3.02,3.65,3.23,3.65,3.75,3.95,0.04,5.86,0.63,5.66,0.37,37.20,0.26,C3'-endo
239,239,0.71,C,C,C,0,1,0,0,0,(,250,1,cWW,cW-W,5.18,3.12,0.95,1.41,3.82,4.95,5.15,3.44,BI,anti,A,4.48,4.66,3.08,3.80,3.22,3.87,3.71,4.46,0.03,5.87,0.62,5.66,0.37,37.12,0.28,C3'-endo
240,240,0.72,C,C,C,0,1,0,0,0,(,249,1,cWW,cW-W,5.27,2.90,0.97,1.41,3.71,4.83,5.16,3.51,BI,anti,A,4.40,4.64,2.97,3.61,3.26,3.61,4.09,3.80,0.04,5.86,0.63,5.66,0.37,37.23,0.27,C3'-endo
241,241,0.72,G,G,G,0,0,1,0,0,(,248,1,cWW,cW-W,5.16,3.03,0.86,1.41,3.81,4.85,5.24,3.46,BI,anti,.,4.46,4.68,2.92,3.71,3.03,3.80,3.41,4.30,0.04,5.86,0.63,5.66,0.36,37.13,0.26,C3'-endo
242,242,0.72,U,U,U,0,0,0,1,0,.,,0,,,5.35,2.80,1.05,1.42,3.93,3.82,0.11,3.49,..,anti,.,4.38,4.70,3.11,2.88,3.36,3.14,4.04,3.61,0.04,5.86,0.62,5.67,0.36,36.95,0.26,C3'-endo
243,243,0.73,U,U,U,0,0,0,1,0,.,,0,,,5.87,2.94,1.08,1.42,4.38,2.41,1.97,3.50,BII,anti,.,4.14,4.74,4.20,1.96,3.88,1.35,3.51,0.30,0.04,5.86,0.62,5.67,0.36,36.93,0.26,C3'-endo
244,244,0.73,U,U,U,0,0,0,1,0,.,,0,,,1.35,3.49,1.14,1.42,3.90,4.80,5.38,3.49,BI,anti,A,4.39,4.69,0.48,3.71,0.67,3.77,1.64,4.18,0.04,5.86,0.62,5.66,0.37,37.06,0.26,C3'-endo
245,245,0.73,G,G,G,0,0,1,0,0,.,,0,,,5.09,3.09,0.84,1.43,3.82,4.77,5.33,3.34,BI,anti,A,4.58,4.67,2.87,3.65,2.99,3.74,3.54,4.13,0.06,5.85,0.62,5.68,0.34,36.43,0.24,C3'-endo
246,246,0.73,U,U,U,0,0,0,1,0,.,,0,,,5.34,2.88,0.96,1.43,4.02,5.41,4.89,3.48,BI,anti,.,4.38,4.72,3.11,4.67,3.28,4.59,3.79,5.41,0.05,5.85,0.63,5.67,0.35,36.93,0.24,C3'-endo
247,247,0.74,A,A,A,1,0,0,0,0,.,,0,,,3.30,2.88,3.22,2.57,4.47,3.17,1.30,0.88,BII,syn,.,-1.00,0.99,3.93,1.76,4.18,1.84,5.03,2.05,5.92,0.62,5.66,0.43,6.24,36.95,2.88,C2'-endo
248,248,0.74,U,U,U,0,0,0,1,0,),241,1,cWW,cW-W,4.50,1.14,2.69,1.39,3.85,4.55,5.59,3.51,BI,anti,A,4.36,4.67,3.93,2.38,3.48,2.71,3.90,3.04,0.01,5.88,0.62,5.65,0.39,37.22,0.30,C3'-endo
249,249,0.74,G,G,G,0,0,1,0,0,),240,1,cWW,cW-W,5.23,2.66,1.07,1.42,3.63,4.95,4.97,3.48,BI,anti,A,4.46,4.64,2.92,3.70,3.07,3.64,3.47,3.83,0.07,5.84,0.64,5.67,0.35,37.50,0.23,C3'-endo
250,250,0.75,G,G,G,0,0,1,0,0,),239,1,cWW,cW-W,5.14,3.19,0.86,1.42,3.89,4.74,5.44,3.42,BI,anti,A,4.48,4.68,3.02,3.63,3.12,3.73,3.51,4.30,0.03,5.87,0.62,5.67,0.37,36.83,0.27,C3'-endo
251,251,0.75,A,A,A,1,0,0,0,0,),238,1,cWW,cW-W,5.27,2.62,1.10,1.43,3.56,4.89,4.95,3.36,BI,anti,.,4.58,4.62,2.88,3.65,3.20,3.57,4.03,3.83,0.08,5.83,0.64,5.67,0.34,37.52,0.21,C3'-endo
252,252,0.75,A,A,A,1,0,0,0,0,),237,1,cWW,cW-W,5.30,2.92,1.04,1.42,3.91,4.72,5.47,3.01,BI,anti,A,4.69,4.72,3.16,3.66,3.32,3.73,3.84,4.05,0.06,5.84,0.63,5.67,0.35,37.26,0.23,C3'-endo
253,253,0.76,U,U,U,0,0,0,1,0,),236,1,cWW,cW-W,5.21,3.02,0.94,1.44,3.68,5.02,4.95,3.27,BI,anti,A,4.62,4.64,3.01,3.77,3.16,3.79,3.66,4.23,0.08,5.83,0.63,5.68,0.33,36.89,0.21,C3'-endo
254,254,0.76,C,C,C,0,1,0,0,0,),235,1,cWW,cW-W,5.10,3.08,0.96,1.42,3.60,4.97,4.92,3.33,BI,anti,A,4.58,4.61,2.92,3.65,3.16,3.66,3.89,3.91,0.06,5.85,0.63,5.67,0.35,37.13,0.24,C3'-endo
255,255,0.76,U,U,U,0,0,0,1,0,),234,1,cWW,cW-W,5.13,2.98,1.07,1.43,3.56,5.03,4.82,3.31,BI,anti,A,4.45,4.51,3.00,3.71,3.22,3.82,3.71,4.43,0.00,5.90,0.60,5.67,0.39,36.19,0.32,C3'-endo
256,256,0.76,A,A,A,1,0,0,0,0,.,,0,,,5.20,2.90,1.30,2.61,4.44,3.08,1.35,3.77,BII,anti,.,1.00,1.04,3.46,3.25,4.04,3.00,4.72,3.84,5.92,0.63,5.64,0.45,6.23,37.96,2.90,C2'-endo
257,257,0.77,A,A,A,1,0,0,0,0,.,,0,,,5.13,2.02,1.10,1.43,3.63,4.96,4.95,3.58,BI,anti,A,4.29,4.61,3.06,3.91,3.31,3.71,4.27,4.05,0.05,5.86,0.62,5.68,0.35,36.63,0.25,C3'-endo
258,258,0.77,A,A,A,1,0,0,0,0,.,,0,,,5.22,2.88,1.06,1.43,3.67,0.95,2.73,3.51,..,anti,.,4.41,4.66,3.02,0.25,3.29,5.79,4.03,5.31,0.08,5.83,0.63,5.68,0.33,37.08,0.20,C3'-endo
259,259,0.77,C,C,C,0,1,0,0,0,.,,0,,,1.14,2.37,2.94,2.58,4.67,2.08,2.59,3.91,..,anti,.,0.66,0.69,1.94,0.97,2.39,1.09,2.96,1.19,5.90,0.63,5.65,0.43,6.25,37.56,2.86,C2'-endo
260,260,0.78,C,C,C,0,1,0,0,0,.,,0,,,4.18,2.40,1.09,1.40,3.94,4.49,5.74,3.83,..,anti,.,3.54,4.68,2.62,3.78,2.61,3.72,2.68,3.22,0.00,5.89,0.62,5.65,0.40,37.22,0.32,C3'-endo
261,261,0.78,A,A,A,1,0,0,0,0,.,265,1,cHH,cM-M,3.16,2.97,3.04,2.57,5.00,3.71,1.29,4.47,..,anti,.,0.20,0.37,4.03,4.32,3.70,4.15,3.13,3.38,5.92,0.62,5.67,0.42,6.25,36.72,2.87,C2'-endo
262,262,0.78,U,U,U,0,0,0,1,0,.,,0,,,0.74,1.54,2.63,1.40,4.04,3.10,0.94,3.47,BII,anti,.,4.37,4.71,5.27,0.95,5.86,0.71,0.64,5.05,0.02,5.87,0.62,5.66,0.38,37.28,0.29,C3'-endo
263,263,0.79,A,A,A,1,0,0,0,0,.,"81,267",2,"cHW,cSW","cM+W,cm-W",5.49,3.50,2.88,1.45,4.08,4.73,5.63,3.11,..,anti,.,4.43,4.51,0.06,3.55,0.21,3.79,2.32,4.82,6.24,5.96,0.55,5.68,0.41,34.54,0.40,C3'-endo
264,264,0.79,G,G,G,0,0,1,0,0,.,306,1,tSS,tm+m,5.61,2.57,1.09,2.58,4.49,3.11,1.38,4.02,BII,anti,.,0.99,1.02,3.35,3.18,4.07,3.07,5.12,3.51,5.94,0.60,5.67,0.43,6.23,36.24,2.90,C2'-endo
265,265,0.79,U,U,U,0,0,0,1,0,.,261,1,cHH,cM-M,4.99,2.79,0.94,2.54,4.58,2.38,2.20,4.01,BII,anti,.,0.89,0.91,3.74,2.52,3.83,2.40,4.04,3.02,5.91,0.62,5.68,0.40,6.26,36.38,2.85,C2'-endo
266,266,0.79,U,U,U,0,0,0,1,0,.,,0,,,5.29,3.14,1.30,2.58,4.01,0.43,3.58,4.01,..,anti,.,1.55,1.55,4.46,0.45,4.55,0.04,4.30,0.61,5.92,0.62,5.66,0.43,6.24,36.93,2.88,C2'-endo
267,267,0.80,A,A,A,1,0,0,0,0,.,"78,263,306",3,"tWS,cWS,tHW","tW+m,cW-m,tM-W",4.19,3.66,1.00,1.44,3.93,5.03,5.18,3.31,BI,anti,.,4.57,4.65,2.65,3.99,3.23,4.12,3.27,5.01,0.02,5.89,0.60,5.68,0.37,35.73,0.29,C3'-endo
268,268,0.80,U,U,U,0,0,0,1,0,.,305,1,tWH,tW-M,5.25,2.82,0.96,1.43,4.27,1.43,2.84,3.42,..,anti,.,4.40,4.78,2.99,1.11,3.34,1.05,4.47,1.40,0.08,5.83,0.64,5.68,0.33,37.22,0.20,C3'-endo
269,269,0.80,G,G,G,0,0,1,0,0,),22,1,cWW,cW-W,1.96,3.63,3.02,1.44,4.51,4.51,0.00,2.76,..,anti,A,4.57,4.70,3.06,3.59,3.31,3.70,3.51,4.36,0.06,5.85,0.61,5.69,0.34,36.03,0.23,C3'-endo
270,270,0.81,A,A,A,1,0,0,0,0,),21,1,cWW,cW-W,5.37,2.62,0.83,1.46,4.73,3.78,0.95,3.24,..,anti,.,4.31,4.57,3.03,4.02,3.25,3.89,3.99,4.09,0.02,5.89,0.59,5.69,0.36,35.38,0.29,C3'-endo
271,271,0.81,C,C,C,0,1,0,0,0,),20,1,cWW,cW-W,1.47,4.54,3.30,1.43,3.84,4.92,5.20,3.07,BI,anti,A,4.70,4.71,2.67,3.43,3.00,3.36,3.54,3.75,0.09,5.82,0.64,5.68,0.32,37.39,0.18,C3'-endo
272,272,0.81,G,G,G,0,0,1,0,0,),19,1,cWW,cW-W,5.19,3.04,0.90,1.43,3.78,4.95,5.11,3.21,BI,anti,A,4.68,4.68,2.94,3.77,3.15,3.81,3.81,4.32,0.07,5.84,0.63,5.67,0.34,37.20,0.22,C3'-endo
273,273,0.81,A,A,A,1,0,0,0,0,),18,1,cWW,cW-W,5.20,2.95,0.96,1.43,3.63,4.97,4.94,3.24,BI,anti,A,4.59,4.60,2.92,3.69,3.19,3.70,3.99,4.00,0.05,5.86,0.62,5.68,0.35,36.54,0.25,C3'-endo
274,274,0.82,U,U,U,0,0,0,1,0,),17,1,cWW,cW-W,5.13,3.17,0.90,1.43,3.62,4.88,5.02,3.41,BI,anti,A,4.49,4.59,2.99,3.57,3.16,3.60,3.66,3.85,0.05,5.85,0.62,5.68,0.35,36.58,0.24,C3'-endo
275,275,0.82,U,U,U,0,0,0,1,0,),16,1,cWW,cW-W,5.18,2.94,1.00,1.43,3.67,5.07,4.88,3.41,BI,anti,A,4.48,4.59,2.98,3.83,3.16,3.84,3.59,4.56,0.03,5.88,0.61,5.67,0.37,36.49,0.28,C3'-endo
276,276,0.82,G,G,G,0,0,1,0,0,.,299,1,cWW,cW-W,5.13,2.92,1.01,1.44,3.79,4.83,5.24,3.40,BI,anti,A,4.53,4.67,2.92,3.73,3.23,3.76,4.27,4.17,0.07,5.85,0.62,5.69,0.33,36.22,0.22,C3'-endo
277,277,0.83,C,C,C,0,1,0,0,0,(,298,1,cWW,cW-W,5.30,2.87,1.00,1.43,4.12,4.75,5.66,3.49,..,anti,.,4.31,4.73,3.12,3.87,3.31,3.88,3.91,4.00,0.05,5.85,0.62,5.67,0.35,36.79,0.24,C3'-endo
278,278,0.83,U,U,U,0,0,0,1,0,(,297,1,cWW,cW-W,4.92,3.16,0.81,1.44,3.78,4.61,5.45,3.53,BI,anti,.,4.28,4.57,2.69,3.45,2.82,3.54,3.13,3.89,0.01,5.90,0.59,5.68,0.37,35.31,0.32,C3'-endo
279,279,0.83,C,C,C,0,1,0,0,0,(,296,1,cWW,cW-W,5.31,2.72,1.02,1.45,3.81,4.82,5.28,3.55,BI,anti,.,4.28,4.63,3.04,3.77,3.19,3.78,3.63,4.26,0.04,5.88,0.60,5.69,0.35,35.64,0.27,C3'-endo
280,280,0.84,U,U,U,0,0,0,1,0,.,,0,,,5.32,2.72,1.06,1.44,3.87,4.79,5.36,3.53,BI,anti,.,4.34,4.68,3.03,3.74,3.31,3.71,4.06,3.75,0.06,5.85,0.62,5.68,0.34,36.35,0.24,C3'-endo
281,281,0.84,U,U,U,0,0,0,1,0,.,295,1,cWW,cW-W,4.84,3.28,0.83,1.45,3.61,5.19,4.71,3.55,BI,anti,.,4.30,4.57,2.72,4.19,2.81,4.07,3.05,4.31,0.05,5.87,0.60,5.70,0.34,35.34,0.25,C3'-endo
282,282,0.84,U,U,U,0,0,0,1,0,(,293,1,cWW,cW-W,3.13,3.07,2.95,1.43,4.20,4.59,5.89,3.49,..,anti,A,4.25,4.73,3.01,3.21,3.24,3.35,3.71,3.77,0.05,5.86,0.62,5.67,0.36,36.60,0.26,C3'-endo
283,283,0.84,C,C,C,0,1,0,0,0,(,292,1,cWW,cW-W,5.20,2.90,0.77,1.43,3.61,4.80,5.09,3.40,BI,anti,A,4.45,4.54,2.74,3.53,2.91,3.56,3.42,3.77,0.02,5.89,0.60,5.68,0.37,35.74,0.29,C3'-endo
284,284,0.85,C,C,C,0,1,0,0,0,(,291,1,cWW,cW-W,5.27,3.01,0.90,1.44,3.76,4.55,5.49,3.51,BI,anti,.,4.35,4.62,3.06,3.42,3.17,3.47,3.50,3.67,0.04,5.87,0.60,5.69,0.35,35.81,0.26,C3'-endo
285,285,0.85,C,C,C,0,1,0,0,0,.,,0,,,5.38,2.73,0.96,1.42,4.12,5.36,5.04,3.53,..,anti,.,4.23,4.74,3.13,4.98,3.19,4.20,3.44,2.97,0.05,5.85,0.63,5.67,0.36,37.20,0.25,C3'-endo
286,286,0.85,G,G,G,0,0,1,0,0,.,287,1,cSH,cm+M,2.37,3.24,0.98,1.44,0.46,0.83,5.91,3.73,..,anti,.,2.28,3.21,0.70,2.64,1.23,2.52,0.62,2.55,0.09,5.83,0.62,5.70,0.31,36.07,0.18,C3'-endo
287,287,0.86,U,U,U,0,0,0,1,0,.,286,1,cHS,cM+m,3.64,3.73,0.38,1.38,3.69,5.52,4.45,3.30,BI,anti,.,4.62,4.64,2.45,3.95,2.25,4.19,2.47,5.20,0.01,5.87,0.63,5.64,0.40,37.91,0.31,C3'-endo
288,288,0.86,G,G,G,0,0,1,0,0,.,,0,,,4.73,3.14,1.26,1.45,3.68,5.13,4.84,3.38,BI,anti,A,4.51,4.60,2.88,3.90,3.43,3.90,4.70,4.62,0.04,5.87,0.61,5.68,0.35,36.01,0.26,C3'-endo
289,289,0.86,C,C,C,0,1,0,0,0,.,,0,,,5.08,2.99,1.01,1.42,0.57,2.85,4.01,3.46,..,anti,.,2.67,3.00,3.58,5.65,3.84,4.38,4.74,3.73,0.06,5.85,0.62,5.68,0.34,36.60,0.23,C3'-endo
290,290,0.87,U,U,U,0,0,0,1,0,.,,0,,,1.80,3.84,6.03,1.39,0.64,2.90,4.02,3.51,..,anti,.,2.61,2.93,5.68,5.56,0.66,4.69,1.05,3.80,0.03,5.87,0.62,5.66,0.37,37.01,0.28,C3'-endo
291,291,0.87,G,G,G,0,0,1,0,0,),284,1,cWW,cW-W,1.29,3.18,5.66,1.44,3.98,4.65,5.62,3.06,..,anti,A,4.74,4.75,3.66,3.16,4.75,3.44,5.99,4.10,0.09,5.82,0.64,5.68,0.32,37.07,0.19,C3'-endo
292,292,0.87,G,G,G,0,0,1,0,0,),283,1,cWW,cW-W,5.30,2.79,0.98,1.44,3.79,4.75,5.33,3.24,BI,anti,A,4.64,4.66,3.00,3.64,3.19,3.65,3.73,3.93,0.06,5.85,0.62,5.69,0.34,36.27,0.23,C3'-endo
293,293,0.87,A,A,A,1,0,0,0,0,),282,1,cWW,cW-W,5.20,2.91,0.98,1.44,3.73,5.33,4.68,3.36,BI,anti,.,4.60,4.68,2.98,3.88,3.14,3.62,3.64,3.23,0.09,5.83,0.63,5.68,0.33,37.04,0.19,C3'-endo
294,294,0.88,U,U,U,0,0,0,1,0,.,,0,,,3.88,2.09,2.73,1.41,2.84,0.55,2.28,3.40,..,anti,.,4.22,4.23,3.46,3.93,3.32,4.04,3.12,4.70,0.08,5.83,0.64,5.67,0.33,37.27,0.20,C3'-endo
295,295,0.88,C,C,C,0,1,0,0,0,.,281,1,cWW,cW-W,3.87,3.89,0.28,1.39,3.40,4.99,4.69,3.41,BI,anti,.,4.50,4.54,2.11,3.73,2.68,3.77,3.78,4.37,0.04,5.85,0.64,5.65,0.38,38.00,0.27,C3'-endo
296,296,0.88,G,G,G,0,0,1,0,0,),279,1,cWW,cW-W,2.59,3.60,3.16,1.42,3.98,4.76,5.51,2.96,BI,anti,A,4.74,4.76,2.92,3.29,3.22,3.40,4.05,3.89,0.09,5.81,0.65,5.67,0.33,37.82,0.19,C3'-endo
297,297,0.89,A,A,A,1,0,0,0,0,),278,1,cWW,cW-W,5.18,3.00,0.94,1.43,3.90,4.84,5.34,3.13,BI,anti,A,4.76,4.75,2.98,3.77,3.14,3.82,3.76,4.26,0.10,5.81,0.65,5.68,0.32,37.63,0.18,C3'-endo
298,298,0.89,G,G,G,0,0,1,0,0,),277,1,cWW,cW-W,5.17,2.86,1.06,1.43,3.60,5.15,4.73,3.12,BI,anti,.,4.55,4.60,2.91,3.82,3.18,3.81,3.93,3.99,0.05,5.85,0.63,5.67,0.35,37.19,0.24,C3'-endo
299,299,0.89,U,U,U,0,0,0,1,0,.,276,1,cWW,cW-W,5.05,3.58,0.72,1.32,1.10,5.26,2.12,3.60,..,anti,.,2.88,3.11,3.50,1.54,3.66,1.62,3.93,2.15,0.03,5.86,0.63,5.66,0.37,37.30,0.28,C3'-endo
300,300,0.90,A,A,A,1,0,0,0,0,.,15,1,tWS,tW+m,4.88,3.31,1.66,1.53,4.30,4.37,6.21,3.21,..,anti,.,4.46,4.57,3.49,3.76,3.53,3.85,3.55,4.61,0.03,5.92,0.54,5.74,0.33,32.31,0.28,C3'-endo
301,301,0.90,A,A,A,1,0,0,0,0,.,316,1,cSS,cm-m,5.47,2.47,0.89,1.59,3.74,4.78,5.24,3.67,BI,anti,.,3.97,4.47,2.91,3.89,3.23,3.82,4.19,4.23,0.10,5.89,0.52,5.81,0.24,29.92,0.13,C3'-endo
302,302,0.90,C,C,C,0,1,0,0,0,},"80,83,315",3,"cWW,cWW,cSW","cW-W,cW-W,cm-W",5.38,2.89,0.78,1.53,4.57,5.54,5.31,3.94,..,anti,.,2.64,4.66,3.22,4.72,3.38,4.74,3.94,5.01,0.10,5.86,0.57,5.76,0.27,32.88,0.15,C3'-endo
303,303,0.90,C,C,C,0,1,0,0,0,.,85,1,tSW,tm+W,4.78,1.71,2.82,1.41,4.28,5.13,5.44,3.55,..,anti,.,4.05,4.70,3.48,3.10,3.83,3.24,4.42,3.69,0.01,5.89,0.61,5.66,0.38,36.67,0.31,C3'-endo
304,304,0.91,C,C,C,0,1,0,0,0,.,,0,,,4.32,2.12,2.39,1.42,4.55,3.70,0.85,3.95,..,anti,.,2.53,4.72,3.13,2.65,3.28,2.64,3.78,2.35,0.05,5.86,0.62,5.67,0.36,36.89,0.25,C3'-endo
305,305,0.91,A,A,A,1,0,0,0,0,.,268,1,tHW,tM-W,0.79,4.40,4.50,2.57,4.27,5.01,5.54,4.34,..,anti,.,1.18,1.29,4.24,4.42,3.83,4.53,3.29,4.96,5.92,0.61,5.67,0.42,6.24,36.48,2.88,C2'-endo
306,306,0.91,A,A,A,1,0,0,0,0,.,"264,267",2,"tSS,tWH","tm+m,tW-M",2.27,3.50,3.04,2.56,4.88,1.67,3.21,4.93,..,anti,.,0.15,0.48,3.07,1.61,3.65,1.53,3.94,1.35,5.91,0.62,5.66,0.42,6.25,36.94,2.86,C2'-endo
307,307,0.92,U,U,U,0,0,0,1,0,.,,0,,,0.83,2.52,1.04,1.42,3.55,4.92,4.91,3.47,BI,anti,.,4.46,4.59,5.54,3.67,5.50,3.56,6.02,3.82,0.05,5.85,0.63,5.67,0.35,37.09,0.24,C3'-endo
308,308,0.92,G,G,G,0,0,1,0,0,],92,1,cWW,cW-W,5.20,3.09,0.88,1.41,3.78,4.81,5.25,3.11,BI,anti,A,4.68,4.68,3.01,3.62,3.12,3.69,3.65,4.03,0.05,5.85,0.63,5.67,0.35,37.18,0.24,C3'-endo
309,309,0.92,G,G,G,0,0,1,0,0,],91,1,cWW,cW-W,5.23,3.00,0.94,1.43,3.67,4.90,5.06,3.24,BI,anti,A,4.62,4.63,3.01,3.65,3.17,3.67,3.68,3.96,0.06,5.85,0.62,5.68,0.35,36.67,0.24,C3'-endo
310,310,0.93,A,A,A,1,0,0,0,0,],90,1,cWW,cW-W,5.21,3.03,0.91,1.43,3.64,4.96,4.97,3.29,BI,anti,A,4.58,4.61,2.97,3.68,3.15,3.70,3.67,4.03,0.05,5.86,0.62,5.67,0.36,36.70,0.25,C3'-endo
311,311,0.93,G,G,G,0,0,1,0,0,],89,1,cWW,cW-W,5.23,3.05,0.87,1.41,3.79,4.89,5.19,3.35,BI,anti,A,4.56,4.65,2.99,3.73,3.17,3.79,3.71,4.39,0.02,5.87,0.62,5.66,0.38,36.84,0.29,C3'-endo
312,312,0.93,C,C,C,0,1,0,0,0,.,,0,,,5.31,2.87,0.94,1.43,3.85,4.74,5.39,3.49,BI,anti,A,4.39,4.67,3.01,3.70,3.25,3.75,4.05,4.23,0.04,5.86,0.62,5.68,0.36,36.47,0.26,C3'-endo
313,313,0.93,U,U,U,0,0,0,1,0,],86,1,cWW,cW-W,5.40,2.66,1.02,1.43,3.80,4.95,5.13,3.46,BI,anti,.,4.46,4.67,3.02,3.88,3.29,3.88,4.01,4.42,0.05,5.85,0.62,5.67,0.35,36.88,0.24,C3'-endo
314,314,0.94,U,U,U,0,0,0,1,0,.,84,1,tWH,tW-M,5.34,2.81,1.03,1.42,3.58,5.00,4.86,3.46,BI,anti,.,4.46,4.60,2.99,4.12,3.35,3.85,4.24,3.98,0.05,5.85,0.63,5.67,0.36,37.09,0.25,C3'-endo
315,315,0.94,A,A,A,1,0,0,0,0,.,"83,302",2,"tW.,cWS","tW+.,cW-m",2.91,3.17,2.93,1.44,4.45,4.71,6.03,2.87,..,anti,.,4.51,4.61,2.84,3.99,2.98,3.86,3.42,4.18,0.00,5.91,0.59,5.68,0.38,35.37,0.32,C3'-endo
316,316,0.94,C,C,C,0,1,0,0,0,),"15,301",2,"cWW,cSS","cW-W,cm-m",1.40,3.69,4.26,1.48,4.25,4.38,6.15,3.27,..,anti,.,4.50,4.65,2.78,2.83,3.01,3.15,3.59,3.80,0.05,5.88,0.58,5.71,0.33,34.44,0.25,C3'-endo
317,317,0.95,U,U,U,0,0,0,1,0,),14,1,cWW,cW-W,5.46,2.49,0.91,1.44,4.34,2.66,1.69,3.50,BII,anti,.,4.18,4.74,3.06,2.02,3.23,1.30,3.76,0.07,0.06,5.85,0.62,5.68,0.34,36.55,0.23,C3'-endo
318,318,0.95,A,A,A,1,0,0,0,0,.,,0,,,1.86,2.75,1.07,1.41,0.59,2.82,4.05,3.29,..,anti,.,2.91,3.03,1.11,3.87,1.51,3.40,2.71,3.15,0.06,5.84,0.63,5.67,0.35,37.04,0.23,C3'-endo
319,319,0.95,U,U,U,0,0,0,1,0,.,,0,,,2.83,2.62,0.66,1.40,3.42,0.69,2.73,3.47,..,anti,.,4.46,4.57,1.39,0.08,1.98,5.51,1.97,5.07,0.06,5.84,0.64,5.66,0.35,37.69,0.23,C3'-endo
320,320,0.96,U,U,U,0,0,0,1,0,.,,0,,,1.17,1.67,3.18,1.41,4.38,3.02,1.37,3.48,BII,anti,.,4.19,4.74,0.78,1.27,1.41,1.64,2.16,2.35,0.03,5.86,0.63,5.65,0.38,37.53,0.28,C3'-endo
321,321,0.96,C,C,C,0,1,0,0,0,.,,0,,,0.61,3.47,5.34,1.44,3.18,0.42,2.76,3.55,..,anti,.,4.28,4.40,3.90,4.23,3.49,4.27,2.94,4.97,0.08,5.84,0.63,5.68,0.33,36.70,0.21,C3'-endo
322,322,0.96,U,U,U,0,0,0,1,0,),13,1,cWW,cW-W,3.09,2.33,2.80,1.44,3.84,4.87,5.26,3.36,BI,anti,A,4.54,4.65,2.92,3.00,3.46,3.23,4.47,3.87,0.04,5.87,0.61,5.68,0.35,35.88,0.26,C3'-endo
323,323,0.96,U,U,U,0,0,0,1,0,),12,1,cWW,cW-W,5.29,2.88,0.96,1.43,3.89,4.74,5.43,3.47,BI,anti,A,4.42,4.70,3.01,3.68,3.25,3.69,3.98,3.94,0.05,5.85,0.62,5.67,0.35,36.86,0.24,C3'-endo
324,324,0.97,G,G,G,0,0,1,0,0,),11,1,cWW,cW-W,5.13,2.95,0.91,1.43,3.76,4.76,5.29,3.50,BI,anti,A,4.39,4.65,2.87,3.61,3.01,3.65,3.44,4.09,0.05,5.86,0.62,5.67,0.35,36.57,0.25,C3'-endo
325,325,0.97,G,G,G,0,0,1,0,0,),10,1,cWW,cW-W,5.30,2.70,1.06,1.44,3.61,4.93,4.97,3.45,BI,anti,A,4.49,4.62,2.96,3.70,3.22,3.65,3.90,3.92,0.07,5.84,0.63,5.68,0.33,36.77,0.21,C3'-endo
326,326,0.97,U,U,U,0,0,0,1,0,),9,1,cWW,cW-W,5.26,2.93,1.00,1.42,3.77,4.89,5.17,3.45,BI,anti,A,4.46,4.65,3.06,3.76,3.27,3.80,3.79,4.31,0.04,5.86,0.62,5.67,0.36,36.72,0.27,C3'-endo
327,327,0.98,C,C,C,0,1,0,0,0,),"8,329",2,"cWW,cWH","cW-W,cW+M",5.36,2.84,0.99,1.43,4.06,3.64,0.41,3.50,..,anti,.,4.30,4.71,3.13,2.73,3.36,2.46,4.07,1.88,0.04,5.87,0.62,5.67,0.36,36.64,0.27,C3'-endo
328,328,0.98,C,C,C,0,1,0,0,0,.,,0,,,3.02,3.06,0.26,1.40,3.99,3.17,0.82,3.47,BII,anti,.,4.41,4.72,0.68,1.72,0.58,1.41,0.79,5.66,0.04,5.85,0.63,5.65,0.37,37.67,0.27,C3'-endo
329,329,0.98,A,A,A,1,0,0,0,0,),"7,327",2,"cWW,cHW","cW-W,cM+W",5.36,3.50,3.17,1.44,4.23,4.28,6.23,3.46,..,anti,.,4.28,4.69,0.25,3.06,0.34,3.24,2.51,3.83,0.03,5.88,0.60,5.68,0.37,36.04,0.29,C3'-endo
330,330,0.99,U,U,U,0,0,0,1,0,),6,1,cWW,cW-W,5.51,2.25,1.01,1.42,3.73,4.97,5.04,3.58,BI,anti,A,4.28,4.65,2.87,3.90,3.16,3.75,3.86,4.09,0.05,5.85,0.63,5.67,0.36,37.13,0.25,C3'-endo
331,331,0.99,G,G,G,0,0,1,0,0,),5,1,cWW,cW-W,5.16,3.18,0.73,1.42,3.96,4.65,5.60,3.08,BI,anti,A,4.67,4.69,2.91,3.58,3.03,3.70,3.68,4.12,0.03,5.87,0.62,5.67,0.37,36.77,0.27,C3'-endo
332,332,0.99,G,G,G,0,0,1,0,0,),4,1,cWW,cW-W,5.28,2.82,0.93,1.43,3.76,4.90,5.15,3.19,BI,anti,A,4.63,4.64,2.95,3.75,3.11,3.76,3.66,4.12,0.05,5.86,0.62,5.68,0.35,36.39,0.25,C3'-endo
333,333,0.99,A,A,A,1,0,0,0,0,),3,1,cWW,cW-W,5.16,3.03,0.93,1.44,3.59,4.89,4.98,3.32,BI,anti,A,4.51,4.56,2.92,3.58,3.14,3.60,3.77,3.81,0.04,5.87,0.60,5.68,0.35,35.86,0.26,C3'-endo
334,334,1.00,U,U,U,0,0,0,1,0,),2,1,cWW,cW-W,5.13,3.11,0.94,1.45,3.68,4.98,4.99,3.46,BI,anti,A,4.42,4.59,3.01,3.75,3.14,3.78,3.50,4.34,0.04,5.87,0.60,5.69,0.35,35.72,0.26,C3'-endo
335,335,1.00,U,U,U,0,0,0,1,0,),1,1,cWW,cW-W,5.18,2.94,0.96,1.43,,,,3.51,n/a,anti,-,,,,,,,,,0.07,5.84,0.63,5.68,0.34,36.86,0.22,C3'-endo
