index_chain,old_nt_resnum,nt_position,nt_name,nt_code,nt_align_code,is_A,is_C,is_G,is_U,is_other,dbn,paired,nb_interact,pair_type_LW,pair_type_DSSR,alpha,beta,gamma,delta,epsilon,zeta,epsilon_zeta,chi,bb_type,glyco_bond,form,ssZp,Dp,eta,theta,eta_prime,theta_prime,eta_base,theta_base,v0,v1,v2,v3,v4,amplitude,phase_angle,puckering
1,1,0.02,GTP,g,G,0,0,0,0,1,.,,0,,,,,3.50,2.05,0.69,3.96,3.01,2.76,..,anti,.,1.55,1.71,,,,,,,6.26,6.24,0.08,6.19,0.07,5.40,0.53,C3'-endo
2,2,0.04,G,G,G,0,0,1,0,0,(,42,1,cWW,cW-W,5.14,3.53,1.10,1.43,3.70,4.96,5.02,3.26,BI,anti,A,4.66,4.67,3.10,3.74,3.32,3.80,3.23,4.21,0.09,5.82,0.64,5.68,0.33,37.33,0.20,C3'-endo
3,3,0.06,A,A,A,1,0,0,0,0,(,41,1,cWW,cW-W,5.22,2.99,0.99,1.42,3.67,4.95,5.01,3.47,BI,anti,A,4.46,4.64,3.01,3.71,3.25,3.71,3.89,4.19,0.06,5.84,0.63,5.67,0.35,37.30,0.24,C3'-endo
4,4,0.08,A,A,A,1,0,0,0,0,(,40,1,cWW,cW-W,5.23,2.90,0.97,1.42,3.70,4.95,5.04,3.46,BI,anti,A,4.49,4.67,2.95,3.74,3.20,3.74,3.94,4.21,0.07,5.83,0.64,5.67,0.34,37.68,0.22,C3'-endo
5,5,0.10,C,C,C,0,1,0,0,0,(,39,1,cWW,cW-W,5.25,2.85,1.02,1.42,3.69,5.02,4.95,3.50,BI,anti,A,4.42,4.64,2.97,3.80,3.24,3.79,3.99,4.24,0.04,5.86,0.63,5.66,0.36,37.21,0.26,C3'-endo
6,6,0.12,U,U,U,0,0,0,1,0,(,38,1,cWW,cW-W,5.25,3.00,0.87,1.40,3.87,5.08,5.07,3.56,BI,anti,.,4.25,4.67,2.97,4.18,3.20,3.37,3.91,2.97,0.03,5.87,0.62,5.66,0.38,37.22,0.28,C3'-endo
7,7,0.14,A,A,A,1,0,0,0,0,.,"0,26",2,"tHW,tWS","tM-W,tW+m",2.97,2.47,0.58,2.58,3.96,4.25,5.99,4.28,..,anti,.,1.47,1.52,6.15,4.28,0.67,4.08,0.29,4.68,5.89,0.64,5.65,0.43,6.26,37.97,2.85,C2'-endo
8,8,0.16,G,G,G,0,0,1,0,0,{,27,1,cWW,cW-W,5.15,3.02,0.99,2.55,4.51,4.97,5.83,4.63,..,anti,.,0.83,0.94,3.47,5.27,3.93,4.94,4.46,5.69,5.87,0.65,5.65,0.40,0.00,38.10,2.81,C2'-endo
9,9,0.18,C,C,C,0,1,0,0,0,(,36,1,cWW,cW-W,5.05,3.08,0.67,1.46,4.06,5.12,5.22,3.18,BI,anti,A,4.66,4.71,2.49,4.18,3.22,4.25,3.68,5.06,0.09,5.84,0.61,5.70,0.31,35.75,0.19,C3'-endo
10,10,0.20,U,U,U,0,0,0,1,0,(,35,1,cWW,cW-W,5.09,2.99,0.91,1.39,3.59,4.88,4.99,3.46,BI,anti,A,4.49,4.62,2.69,3.54,3.11,3.53,4.30,3.71,0.05,5.84,0.64,5.65,0.37,38.15,0.26,C3'-endo
11,11,0.22,C,C,C,0,1,0,0,0,(,34,1,cWW,cW-W,5.19,2.88,1.01,1.38,3.67,4.99,4.96,3.53,BI,anti,A,4.39,4.65,2.94,3.73,3.11,3.72,3.50,4.21,0.03,5.85,0.65,5.64,0.39,38.62,0.28,C3'-endo
12,12,0.24,A,A,A,1,0,0,0,0,(,33,1,cWW,cW-W,5.29,2.89,0.96,1.39,3.68,4.88,5.08,3.43,BI,anti,A,4.49,4.63,2.97,3.65,3.23,3.66,4.00,4.01,0.03,5.86,0.63,5.65,0.38,37.78,0.29,C3'-endo
13,13,0.25,G,G,G,0,0,1,0,0,(,31,1,cWW,cW-W,5.36,2.90,0.90,1.41,3.89,4.85,5.32,3.53,BI,anti,A,4.28,4.65,3.06,3.81,3.24,3.98,3.78,4.39,0.01,5.89,0.61,5.66,0.39,36.62,0.31,C3'-endo
14,14,0.27,C,C,C,0,1,0,0,0,(,30,1,cWW,cW-W,5.52,2.95,0.92,2.52,4.31,5.39,5.20,4.28,..,anti,.,1.33,1.33,3.36,5.46,3.85,4.30,4.29,3.47,5.87,0.63,5.68,0.38,0.01,36.76,2.79,C2'-endo
15,15,0.29,A,A,A,1,0,0,0,0,.,,0,,,5.10,3.93,3.09,2.63,4.35,5.34,5.29,3.86,..,anti,.,0.99,1.06,6.12,4.78,0.80,4.38,1.38,4.34,5.93,0.63,5.64,0.46,6.21,37.99,2.92,C2'-endo
16,16,0.31,U,U,U,0,0,0,1,0,.,,0,,,4.95,3.29,2.82,2.58,4.72,1.41,3.32,4.48,..,anti,.,0.38,0.78,5.42,1.33,6.06,0.89,6.22,1.00,5.96,0.58,5.68,0.44,6.21,35.56,2.93,C2'-endo
17,17,0.33,A,A,A,1,0,0,0,0,.,,0,,,1.08,2.79,1.06,2.58,4.28,1.81,2.47,4.00,..,anti,.,1.20,1.22,6.03,2.29,0.04,1.27,6.24,0.90,5.91,0.63,5.66,0.43,6.24,37.28,2.87,C2'-endo
18,18,0.35,C,C,C,0,1,0,0,0,.,,0,,,0.89,3.20,1.21,2.58,4.66,5.40,5.54,3.98,..,anti,.,0.75,0.76,0.11,5.79,0.34,5.52,0.48,6.12,5.92,0.62,5.66,0.43,6.24,36.92,2.89,C2'-endo
19,19,0.37,A,A,A,1,0,0,0,0,],0,1,cWW,cW-W,5.15,3.26,1.15,1.45,3.84,4.92,5.20,3.42,BI,anti,A,4.53,4.72,2.96,3.85,3.76,3.87,3.98,4.27,0.11,5.81,0.64,5.69,0.31,37.20,0.16,C3'-endo
20,20,0.39,C,C,C,0,1,0,0,0,],0,1,cWW,cW-W,5.36,2.94,0.82,1.37,3.80,4.86,5.22,3.56,BI,anti,A,4.30,4.69,2.94,3.67,3.18,3.70,3.84,4.08,0.03,5.85,0.65,5.64,0.39,38.68,0.28,C3'-endo
21,21,0.41,G,G,G,0,0,1,0,0,],0,1,cWW,cW-W,5.29,2.90,0.83,1.36,3.73,5.02,5.00,3.36,BI,anti,A,4.61,4.70,2.85,3.74,3.04,3.76,3.65,4.22,0.04,5.83,0.67,5.62,0.39,39.63,0.27,C3'-endo
22,22,0.43,A,A,A,1,0,0,0,0,],0,1,cWW,cW-W,5.14,2.98,1.00,1.35,3.63,5.05,4.87,3.31,BI,anti,A,4.64,4.66,2.88,3.69,3.12,3.69,3.88,4.00,0.03,5.84,0.67,5.61,0.40,39.78,0.29,C3'-endo
23,23,0.45,G,G,G,0,0,1,0,0,],0,1,cWW,cW-W,5.19,3.02,1.04,1.34,3.71,5.01,4.99,3.35,BI,anti,A,4.56,4.63,3.03,3.71,3.23,3.76,3.78,4.51,6.25,5.89,0.64,5.61,0.44,39.25,0.36,C3'-endo
24,24,0.47,U,U,U,0,0,0,1,0,.,32,1,tWW,tW+W,5.27,2.91,0.94,1.39,3.81,4.76,5.34,3.53,BI,anti,A,4.36,4.70,2.95,3.63,3.22,3.63,4.22,3.65,0.04,5.84,0.65,5.64,0.38,38.45,0.26,C3'-endo
25,25,0.49,U,U,U,0,0,0,1,0,.,"0,29",2,"cSS,tWH","cm-m,tW-M",5.38,2.94,0.69,1.40,3.81,4.94,5.16,3.67,BI,anti,.,4.04,4.61,2.90,3.76,3.01,3.81,3.19,4.57,6.26,5.91,0.60,5.66,0.41,36.64,0.36,C3'-endo
26,26,0.51,G,G,G,0,0,1,0,0,.,7,1,tSW,tm+W,5.24,2.81,0.92,1.37,3.77,5.14,4.92,3.72,BI,anti,.,3.94,4.70,2.82,4.20,3.10,3.43,4.09,2.35,0.05,5.84,0.66,5.63,0.38,38.96,0.26,C3'-endo
27,27,0.53,C,C,C,0,1,0,0,0,},8,1,cWW,cW-W,3.03,2.74,0.93,1.45,3.90,4.99,5.19,3.45,BI,anti,.,4.43,4.67,0.53,3.99,0.89,4.03,0.47,4.70,0.05,5.86,0.61,5.68,0.35,36.10,0.25,C3'-endo
28,28,0.55,A,A,A,1,0,0,0,0,.,,0,,,5.27,2.85,1.00,1.46,4.21,4.91,5.58,3.51,..,anti,.,4.20,4.68,3.06,4.06,3.38,4.21,4.32,4.32,0.03,5.88,0.59,5.70,0.35,35.12,0.27,C3'-endo
29,29,0.57,A,A,A,1,0,0,0,0,.,"0,25",2,"tWS,tHW","tW+m,tM-W",5.44,3.58,0.86,2.50,4.83,3.80,1.02,4.90,..,anti,.,0.30,0.58,3.86,4.50,4.15,3.65,4.13,2.98,5.87,0.63,5.69,0.37,0.02,36.64,2.78,C2'-endo
30,30,0.59,G,G,G,0,0,1,0,0,),14,1,cWW,cW-W,0.97,3.54,1.10,1.46,3.94,5.00,5.22,3.20,BI,anti,A,4.43,4.50,5.77,3.98,0.08,4.16,0.79,4.56,6.24,5.96,0.55,5.70,0.39,33.85,0.39,C3'-endo
31,31,0.61,C,C,C,0,1,0,0,0,),13,1,cWW,cW-W,5.22,3.22,0.92,2.55,4.41,5.51,5.19,4.25,..,anti,.,1.13,1.12,3.28,5.41,3.77,5.23,4.21,5.89,5.88,0.64,5.66,0.41,6.27,37.37,2.83,C2'-endo
32,32,0.63,A,A,A,1,0,0,0,0,.,24,1,tWW,tW+W,4.79,2.07,2.95,2.53,4.42,1.34,3.08,5.22,..,anti,.,0.19,1.12,4.67,6.24,5.13,0.48,5.24,1.43,5.91,0.61,5.68,0.40,6.26,35.88,2.85,C2'-endo
33,33,0.65,U,U,U,0,0,0,1,0,),12,1,cWW,cW-W,4.62,4.00,0.92,1.42,3.74,4.83,5.19,3.32,BI,anti,A,4.58,4.64,3.61,3.63,3.60,3.75,3.40,4.25,0.05,5.86,0.62,5.67,0.35,36.68,0.25,C3'-endo
34,34,0.67,G,G,G,0,0,1,0,0,),11,1,cWW,cW-W,5.20,2.96,0.93,1.41,3.80,4.97,5.11,3.27,BI,anti,A,4.71,4.74,2.95,3.80,3.12,3.81,3.77,4.02,0.11,5.79,0.67,5.66,0.32,38.75,0.16,C3'-endo
35,35,0.69,G,G,G,0,0,1,0,0,),10,1,cWW,cW-W,5.19,2.94,1.06,1.34,3.64,5.10,4.83,3.32,BI,anti,A,4.61,4.63,2.97,3.74,3.21,3.77,3.71,4.47,6.27,5.87,0.65,5.61,0.43,39.63,0.34,C3'-endo
36,36,0.71,G,G,G,0,0,1,0,0,),9,1,cWW,cW-W,5.10,3.01,1.07,1.41,3.80,4.39,5.69,3.49,BI,anti,.,4.42,4.67,3.00,3.18,3.27,2.70,4.24,2.13,0.04,5.86,0.62,5.66,0.37,37.10,0.27,C3'-endo
37,37,0.73,A,A,A,1,0,0,0,0,.,,0,,,5.03,2.84,5.46,2.70,4.82,4.69,0.13,4.74,..,anti,.,0.05,0.43,1.69,5.05,1.59,4.87,0.94,5.72,6.00,0.59,5.63,0.51,6.14,37.91,3.03,C2'-endo
38,38,0.75,A,A,A,1,0,0,0,0,),6,1,cWW,cW-W,4.96,3.55,0.97,1.45,3.79,4.90,5.18,3.23,BI,anti,A,4.58,4.61,2.94,3.74,3.57,3.83,3.47,4.40,0.04,5.88,0.60,5.69,0.35,35.50,0.27,C3'-endo
39,39,0.76,G,G,G,0,0,1,0,0,),5,1,cWW,cW-W,5.24,2.95,0.88,1.42,3.84,4.98,5.15,3.37,BI,anti,A,4.58,4.71,2.94,3.88,3.16,3.92,3.93,4.56,0.07,5.83,0.64,5.67,0.34,37.42,0.22,C3'-endo
40,40,0.78,U,U,U,0,0,0,1,0,),4,1,cWW,cW-W,5.30,2.88,0.90,1.40,3.73,4.96,5.05,3.42,BI,anti,A,4.54,4.68,2.89,3.75,3.20,3.76,4.16,4.19,0.06,5.83,0.65,5.65,0.36,38.18,0.24,C3'-endo
41,41,0.80,U,U,U,0,0,0,1,0,),3,1,cWW,cW-W,5.23,2.89,0.96,1.39,3.63,5.02,4.88,3.45,BI,anti,A,4.49,4.63,2.90,3.72,3.16,3.71,3.89,4.18,0.03,5.85,0.64,5.64,0.38,38.27,0.28,C3'-endo
42,42,0.82,C,C,C,0,1,0,0,0,),2,1,cWW,cW-W,5.19,2.91,1.05,1.39,3.67,5.03,4.92,3.42,BI,anti,A,4.52,4.63,2.97,3.76,3.23,3.75,3.99,4.22,0.02,5.87,0.64,5.64,0.39,38.17,0.30,C3'-endo
43,43,0.84,A,A,A,1,0,0,0,0,.,,0,,,5.28,2.88,1.01,1.38,4.53,3.46,1.07,3.50,BII,anti,.,4.00,4.68,3.21,3.16,3.41,2.94,4.06,2.00,0.00,5.88,0.63,5.64,0.41,38.16,0.32,C3'-endo
44,44,0.86,A,A,A,1,0,0,0,0,.,"0,0",2,"tWH,cSS","tW-M,cm-m",1.36,2.81,1.14,1.47,3.89,5.14,5.03,3.33,BI,anti,.,4.66,4.75,5.83,4.14,6.01,4.13,0.66,4.85,0.13,5.79,0.65,5.69,0.29,37.34,0.13,C3'-endo
45,45,0.88,G,G,G,0,0,1,0,0,.,0,1,tSW,tm+W,5.21,2.88,1.01,1.45,4.09,4.88,5.49,3.30,..,anti,.,4.60,4.72,2.97,4.01,3.36,4.18,4.52,4.86,0.06,5.86,0.61,5.69,0.34,36.09,0.24,C3'-endo
46,46,0.90,C,C,C,0,1,0,0,0,.,,0,,,5.31,2.91,1.12,2.57,4.74,1.33,3.41,4.14,..,anti,.,0.65,0.67,3.45,1.16,4.00,0.70,4.74,0.95,5.91,0.62,5.66,0.42,6.26,36.94,2.86,C2'-endo
47,47,0.92,C,C,C,0,1,0,0,0,],0,1,cWW,cW-W,3.71,1.79,3.15,1.39,3.80,4.97,5.12,3.40,BI,anti,A,4.53,4.68,3.61,2.67,3.55,3.03,3.57,3.61,0.04,5.85,0.64,5.65,0.38,38.01,0.27,C3'-endo
48,48,0.94,U,U,U,0,0,0,1,0,],0,1,cWW,cW-W,5.23,3.17,0.77,1.39,3.71,4.93,5.06,3.43,BI,anti,A,4.51,4.65,2.93,3.63,3.11,3.69,3.71,4.10,0.04,5.85,0.64,5.64,0.38,38.17,0.27,C3'-endo
49,49,0.96,C,C,C,0,1,0,0,0,],0,1,cWW,cW-W,5.24,2.98,0.86,1.36,3.67,4.99,4.96,3.46,BI,anti,A,4.49,4.66,2.89,3.67,3.08,3.69,3.70,4.04,0.04,5.84,0.66,5.63,0.39,39.11,0.27,C3'-endo
50,50,0.98,G,G,G,0,0,1,0,0,],0,1,cWW,cW-W,5.19,2.91,1.05,1.38,3.89,4.89,5.28,3.35,BI,anti,A,4.55,4.67,3.02,3.77,3.22,3.83,3.78,4.15,6.27,5.89,0.63,5.63,0.42,38.17,0.35,C3'-endo
51,51,1.00,U23,u,U,0,0,0,0,1,],0,1,cWW,cW-W,5.24,2.67,1.35,1.77,,,,3.48,n/a,anti,-,,,,,,,,,5.74,0.25,0.12,5.84,0.62,35.06,1.38,O4'-endo
